8.460000000000000000e+02,8.376547322380001788e+02,8.365969820193156465e+02,8.362210380808900254e+02,8.360825623563146110e+02,8.360287719420359736e+02,8.360062394954811680e+02,8.359958278091843340e+02,8.359904443511750287e+02,8.359873327770970945e+02,8.359853520665412816e+02,8.359839914833795547e+02,8.359830014464643000e+02,8.359822487365927373e+02,8.359816563209175229e+02,8.359811765736125153e+02,8.359807784367343402e+02,8.359804407903553738e+02,8.359801487878588659e+02,8.359798917080514684e+02,8.359796616337563364e+02,8.359794526060676390e+02,8.359792600652052670e+02,8.359790804707273537e+02,8.359789110375843393e+02,8.359787495489991898e+02,8.359785942214755323e+02,8.359784436058827168e+02,8.359782965139522730e+02,8.359781519629563036e+02,8.359780091335842371e+02,8.359778673375202516e+02,8.359777259922423127e+02,8.359775846012497595e+02,8.359774427384182900e+02,8.359773000355183967e+02,8.359771561721832995e+02,8.359770108677849976e+02,8.359768638748125795e+02,8.359767149734365148e+02,8.359765639670196151e+02,8.359764106783867419e+02,8.359762549467043300e+02,8.359760966248569503e+02,8.359759355772254139e+02,8.359757716777969563e+02,8.359756048085440625e+02,8.359754348580291889e+02,8.359752617201928615e+02,8.359750852932953649e+02,8.359749054789866705e+02,8.359747221814817522e+02,8.359745353068249187e+02,8.359743447622278154e+02,8.359741504554692710e+02,8.359739522943455086e+02,8.359737501861635565e+02,8.359735440372689936e+02,8.359733337526026844e+02,8.359731192352803646e+02,8.359729003861895080e+02,8.359726771036021091e+02,8.359724492827962194e+02,8.359722168156851012e+02,8.359719795904509283e+02,8.359717374911791694e+02,8.359714903974934259e+02,8.359712381841857223e+02,8.359709807208427037e+02,8.359707178714642168e+02,8.359704494940730228e+02,8.359701754403143923e+02,8.359698955550422852e+02,8.359696096758923431e+02,8.359693176328387381e+02,8.359690192477341952e+02,8.359687143338302349e+02,8.359684026952782006e+02,8.359680841266073230e+02,8.359677584121790233e+02,8.359674253256164320e+02,8.359670846292069655e+02,8.359667360732757970e+02,8.359663793955294295e+02,8.359660143203673215e+02,8.359656405581600893e+02,8.359652578044921256e+02,8.359648657393669282e+02,8.359644640263746851e+02,8.359640523118188185e+02,8.359636302238001235e+02,8.359631973712589570e+02,8.359627533429702453e+02,8.359622977064930183e+02,8.359618300070724217e+02,8.359613497664911392e+02,8.359608564818712466e+02,8.359603496244250209e+02,8.359598286381526577e+02,8.359592929384882609e+02,8.359587419108921722e+02,8.359581749093905501e+02,8.359575912550626526e+02,8.359569902344753700e+02,8.359563710980676206e+02,8.359557330584846113e+02,8.359550752888654870e+02,8.359543969210855039e+02,8.359536970439565948e+02,8.359529747013892802e+02,8.359522288905207006e+02,8.359514585598134317e+02,8.359506626071294022e+02,8.359498398777858483e+02,8.359489891625994460e+02,8.359481091959248715e+02,8.359471986536944996e+02,8.359462561514686740e+02,8.359452802425009850e+02,8.359442694158283302e+02,8.359432220943911034e+02,8.359421366331915806e+02,8.359410113174941444e+02,8.359398443610733693e+02,8.359386339045116756e+02,8.359373780135476864e+02,8.359360746774738118e+02,8.359347218075773753e+02,8.359333172356173236e+02,8.359318587123248108e+02,8.359303439059083303e+02,8.359287704005427031e+02,8.359271356948116818e+02,8.359254372000694957e+02,8.359236722386780229e+02,8.359218380420687708e+02,8.359199317485695246e+02,8.359179504009281345e+02,8.359158909434532916e+02,8.359137502186820257e+02,8.359115249634755855e+02,8.359092118044277413e+02,8.359068072524607942e+02,8.359043076964692318e+02,8.359017093958553914e+02,8.358990084717848958e+02,8.358962008969724593e+02,8.358932824837856970e+02,8.358902488704339930e+02,8.358870955049794702e+02,8.358838176268799316e+02,8.358804102457319232e+02,8.358768681168455714e+02,8.358731857132243022e+02,8.358693571934699094e+02,8.358653763650518158e+02,8.358612366422975128e+02,8.358569309983508901e+02,8.358524519102165868e+02,8.358477912958508114e+02,8.358429404420652418e+02,8.358378899217740354e+02,8.358326294988230529e+02,8.358271480182796722e+02,8.358214332796100052e+02,8.358154718896161057e+02,8.358092490912946460e+02,8.358027485638955341e+02,8.357959521883211664e+02,8.357888397705619354e+02,8.357813887139884628e+02,8.357735736288894941e+02,8.357653658644483130e+02,8.357567329441233142e+02,8.357476378797443886e+02,8.357380383319995190e+02,8.357278855745436204e+02,8.357171232045299121e+02,8.357056855221142087e+02,8.356934954726967817e+02,8.356804620040587679e+02,8.356664766293562252e+02,8.356514088951724943e+02,8.356351003131661628e+02,8.356173560928190227e+02,8.355979336554354404e+02,8.355765263123598743e+02,8.355527394532389280e+02,8.355260547063768399e+02,8.354957739319037273e+02,8.354609276218899367e+02,8.354201166294196810e+02,8.353712204648088573e+02,8.353108193989331767e+02,8.352329600004783288e+02,8.351263202305141249e+02,8.349672687371369193e+02,8.347019520332016782e+02,8.341981232115089142e+02,8.331115202775569060e+02,8.414519273185808288e+02,8.434654530773423176e+02,8.451604891141126927e+02,8.466448824136703024e+02,8.479816518081495360e+02,8.492098099248050858e+02,8.503548295307534772e+02,8.514341494318108516e+02,8.524602080833202535e+02,8.534421928844503782e+02,8.543870936457353764e+02,8.553003631148778823e+02,8.561863465972734275e+02,8.570485707278661494e+02,8.578899433207129732e+02,8.587128952953798944e+02,8.595194837936936665e+02,8.603114686269740332e+02,8.610903699761196322e+02,8.618575126429677766e+02,8.626140604761026225e+02,8.633610434990577005e+02,8.640993795371655324e+02,8.648298916407137540e+02,8.655533222561202820e+02,8.662703448528052377e+02,8.669815735386539473e+02,8.676875710700278432e+02,8.683888555688912447e+02,8.690859061900911229e+02,8.697791679294848564e+02,8.704690557238002384e+02,8.711559579625385368e+02,8.718402395085381613e+02,8.725222443053021379e+02,8.732022976346059977e+02,8.738807080763218664e+02,8.745577692131367940e+02,8.752337611153872103e+02,8.759089516351872362e+02,8.765835975340978621e+02,8.772579454645319856e+02,8.779322328217431277e+02,8.786066884804590700e+02,8.792815334278880073e+02,8.799569813028571161e+02,8.806332388491681513e+02,8.813105062898248434e+02,8.819889776275440454e+02,8.826688408758836886e+02,8.833502782243624551e+02,8.840334661400914911e+02,8.847185754076593867e+02,8.854057711082911055e+02,8.860952125386176021e+02,8.867870530687346218e+02,8.874814399385650177e+02,8.881785139908701012e+02,8.888784093385337428e+02,8.895812529629707797e+02,8.902871642396341940e+02,8.909962543855914419e+02,8.917086258229509212e+02,8.924243714504906393e+02,8.931435738140838794e+02,8.938663041643338829e+02,8.945926213870715173e+02,8.953225707888612988e+02,8.960561827151395846e+02,8.967934709727433074e+02,8.975344310209125069e+02,8.982790378847272450e+02,8.990272437314904437e+02,8.997789750325441673e+02,9.005341292086675367e+02,9.012925706240220052e+02,9.020541257479435444e+02,9.028185772403705869e+02,9.035856566273473618e+02,9.043550351057518810e+02,9.051263118325465484e+02,9.058989987842367100e+02,9.066725008702318291e+02,9.074460893733637477e+02,9.082188658450387493e+02,9.089897120845145082e+02,9.097572194012254840e+02,9.105195863100943825e+02,9.112744668693529775e+02,9.120187396030172522e+02,9.127481445494780701e+02,9.134566936577907654e+02,9.141356769655100152e+02,9.147719192781034963e+02,9.153445904694053752e+02,9.158191108321769889e+02,9.161349913073926245e+02,9.161805381799413226e+02,9.157381338285263155e+02,9.143615739940968297e+02,9.110922370202789580e+02,1.092400000000000091e+03
8.352822275696628367e+02,8.352478489827271915e+02,8.357286445366747785e+02,8.358995281450499988e+02,8.359624716562206004e+02,8.359869218445290926e+02,8.359971638656903679e+02,8.360018964503707366e+02,8.360043434767386543e+02,8.360057578285922091e+02,8.360066581515720827e+02,8.360072765984638181e+02,8.360077266152435413e+02,8.360080687560941897e+02,8.360083380359465082e+02,8.360085561029034125e+02,8.360087370742116946e+02,8.360088905498384975e+02,8.360090232782459907e+02,8.360091401327039193e+02,8.360092447119290000e+02,8.360093397245146889e+02,8.360094272430885667e+02,8.360095088769421636e+02,8.360095858920070668e+02,8.360096592959095005e+02,8.360097298993292725e+02,8.360097983609623498e+02,8.360098652209308057e+02,8.360099309259289839e+02,8.360099958483708633e+02,8.360100603011271687e+02,8.360101245489807980e+02,8.360101888176137663e+02,8.360102533007190004e+02,8.360103181656734250e+02,8.360103835580985105e+02,8.360104496055522532e+02,8.360105164205397159e+02,8.360105841029834437e+02,8.360106527422638010e+02,8.360107224189151793e+02,8.360107932060434450e+02,8.360108651705195371e+02,8.360109383739884379e+02,8.360110128737286459e+02,8.360110887233890935e+02,8.360111659736230649e+02,8.360112446726395774e+02,8.360113248666839354e+02,8.360114066004606457e+02,8.360114899175083565e+02,8.360115748605340968e+02,8.360116614717146604e+02,8.360117497929685442e+02,8.360118398662066284e+02,8.360119317335620508e+02,8.360120254376050752e+02,8.360121210215442034e+02,8.360122185294180781e+02,8.360123180062774964e+02,8.360124194983626467e+02,8.360125230532744354e+02,8.360126287201430841e+02,8.360127365497950223e+02,8.360128465949185284e+02,8.360129589102302816e+02,8.360130735526428225e+02,8.360131905814350830e+02,8.360133100584254180e+02,8.360134320481486156e+02,8.360135566180389333e+02,8.360136838386171121e+02,8.360138137836852366e+02,8.360139465305278463e+02,8.360140821601208927e+02,8.360142207573499036e+02,8.360143624112371299e+02,8.360145072151784689e+02,8.360146552671914151e+02,8.360148066701743801e+02,8.360149615321786314e+02,8.360151199666928505e+02,8.360152820929412201e+02,8.360154480361966307e+02,8.360156179281090090e+02,8.360157919070489925e+02,8.360159701184695678e+02,8.360161527152841927e+02,8.360163398582642458e+02,8.360165317164544376e+02,8.360167284676095960e+02,8.360169302986498678e+02,8.360171374061395682e+02,8.360173499967852422e+02,8.360175682879586248e+02,8.360177925082404045e+02,8.360180228979886579e+02,8.360182597099305895e+02,8.360185032097780322e+02,8.360187536768671634e+02,8.360190114048224359e+02,8.360192767022442695e+02,8.360195498934202760e+02,8.360198313190602448e+02,8.360201213370525011e+02,8.360204203232430018e+02,8.360207286722338722e+02,8.360210467982014961e+02,8.360213751357321144e+02,8.360217141406724295e+02,8.360220642909938533e+02,8.360224260876684639e+02,8.360228000555518975e+02,8.360231867442729481e+02,8.360235867291250997e+02,8.360240006119570353e+02,8.360244290220597350e+02,8.360248726170450482e+02,8.360253320837143747e+02,8.360258081389131348e+02,8.360263015303675047e+02,8.360268130375026203e+02,8.360273434722394086e+02,8.360278936797674305e+02,8.360284645392964649e+02,8.360290569647846723e+02,8.360296719056466372e+02,8.360303103474466297e+02,8.360309733125795901e+02,8.360316618609507486e+02,8.360323770906624077e+02,8.360331201387219835e+02,8.360338921817866549e+02,8.360346944369645144e+02,8.360355281626959822e+02,8.360363946597411768e+02,8.360372952723054141e+02,8.360382313893394439e+02,8.360392044460536454e+02,8.360402159256929053e+02,8.360412673616237953e+02,8.360423603397905481e+02,8.360434965016048636e+02,8.360446775473384378e+02,8.360459052400977953e+02,8.360471814104670329e+02,8.360485079619155613e+02,8.360498868770754370e+02,8.360513202250093627e+02,8.360528101696000931e+02,8.360543589792127932e+02,8.360559690377974675e+02,8.360576428576252965e+02,8.360593830938772726e+02,8.360611925613400217e+02,8.360630742535010995e+02,8.360650313643859590e+02,8.360670673135379047e+02,8.360691857746132882e+02,8.360713907081521938e+02,8.360736863991936616e+02,8.360760775005350069e+02,8.360785690826002110e+02,8.360811666910863096e+02,8.360838764138109127e+02,8.360867049585024233e+02,8.360896597436837965e+02,8.360927490053085194e+02,8.360959819224718785e+02,8.360993687663689116e+02,8.361029210777775234e+02,8.361066518797962317e+02,8.361105759344894750e+02,8.361147100546616002e+02,8.361190734854548054e+02,8.361236883752073936e+02,8.361285803615772920e+02,8.361337793081298742e+02,8.361393202396832294e+02,8.361452445436096923e+02,8.361516015321108171e+02,8.361584505021943414e+02,8.361658634940154116e+02,8.361739290487186054e+02,8.361827574293474754e+02,8.361924880398364621e+02,8.362033002485277393e+02,8.362154296789195769e+02,8.362291936673165083e+02,8.362450328991409378e+02,8.362635833502637297e+02,8.362858088796323273e+02,8.363132639095758805e+02,8.363486545452370819e+02,8.363971271679481561e+02,8.364694233013013900e+02,8.365900218030901669e+02,8.368190349038595741e+02,8.373129453283831936e+02,8.414297884463917399e+02,8.434559739762986510e+02,8.451562498329834625e+02,8.466428860463990986e+02,8.479806548870665210e+02,8.492092796629390250e+02,8.503545288686226513e+02,8.514339682390277630e+02,8.524600926953106637e+02,8.534421157918372955e+02,8.543870400015001678e+02,8.553003244943141681e+02,8.561863179904777326e+02,8.570485490261906989e+02,8.578899265210607155e+02,8.587128820636471573e+02,8.595194732153714767e+02,8.603114600592386978e+02,8.610903629570786961e+02,8.618575068342503300e+02,8.626140556255378442e+02,8.633610394158152985e+02,8.640993760748336854e+02,8.648298886855527599e+02,8.655533197187648966e+02,8.662703426623094174e+02,8.669815716381538095e+02,8.676875694135418371e+02,8.683888541189303396e+02,8.690859049158528933e+02,8.697791668054759384e+02,8.704690547287747222e+02,8.711559570786718041e+02,8.718402387207795528e+02,8.725222436008626801e+02,8.732022970025507220e+02,8.738807075072425050e+02,8.745577686988872301e+02,8.752337606488679285e+02,8.759089512101694481e+02,8.765835971450778743e+02,8.772579451066106913e+02,8.779322324905249388e+02,8.786066881719669937e+02,8.792815331384921365e+02,8.799569810292122156e+02,8.806332385881612481e+02,8.813105060385282741e+02,8.819889773831749835e+02,8.826688406357671965e+02,8.833502779858985150e+02,8.840334659007240816e+02,8.847185751648473797e+02,8.854057708594798441e+02,8.860952122812107064e+02,8.867870528000646573e+02,8.874814396558632552e+02,8.881785136912322969e+02,8.888784090188823939e+02,8.895812526200107868e+02,8.902871638698013612e+02,8.909962539849886980e+02,8.917086253872712405e+02,8.924243709749197251e+02,8.931435732931774965e+02,8.938663035918602873e+02,8.945926207558089800e+02,8.953225700903332154e+02,8.960561819392665939e+02,8.967934701073826318e+02,8.975344300512422251e+02,8.982790367924170596e+02,8.990272424935729987e+02,8.997789736198656101e+02,9.005341275837367903e+02,9.012925687379885176e+02,9.020541235362968564e+02,9.028185746167307570e+02,9.035856534743531938e+02,9.043550312614489712e+02,9.051263070696373916e+02,9.058989927777280400e+02,9.066724931456901686e+02,9.074460792217569178e+02,9.082188521780344672e+02,9.089896931797433126e+02,9.097571924361977835e+02,9.105195464736514168e+02,9.112744055941321903e+02,9.120186408965288365e+02,9.127479770588170140e+02,9.134563928359482361e+02,9.141351035784985015e+02,9.147707598737169974e+02,9.153421122561142056e+02,9.158135443276382830e+02,9.161219458213039388e+02,9.161488697197610236e+02,9.156590241954496605e+02,9.141593391909328830e+02,9.105655454435433285e+02,9.529308980212128972e+02
8.355783333764489953e+02,8.355651396469589827e+02,8.357734727619733803e+02,8.358866832137313168e+02,8.359479950546148075e+02,8.359818764732389127e+02,8.360012766904025057e+02,8.360128952927732371e+02,8.360202038184104367e+02,8.360250321766432080e+02,8.360283721313412570e+02,8.360307802261439747e+02,8.360325810618256810e+02,8.360339716047440106e+02,8.360350760501696641e+02,8.360359755564419402e+02,8.360367249006105794e+02,8.360373621318323103e+02,8.360379143577641798e+02,8.360384013259333642e+02,8.360388377072906678e+02,8.360392345923554558e+02,8.360396004958436151e+02,8.360399420463355682e+02,8.360402644692392187e+02,8.360405719311144139e+02,8.360408677891665548e+02,8.360411547747055465e+02,8.360414351298674092e+02,8.360417107107650736e+02,8.360419830661963942e+02,8.360422534983299556e+02,8.360425231099521852e+02,8.360427928415858787e+02,8.360430635008968920e+02,8.360433357861801369e+02,8.360436103052558110e+02,8.360438875907834699e+02,8.360441681127568927e+02,8.360444522887659105e+02,8.360447404924781267e+02,8.360450330606922762e+02,8.360453302992394811e+02,8.360456324879501153e+02,8.360459398848599903e+02,8.360462527297920587e+02,8.360465712474273232e+02,8.360468956499526030e+02,8.360472261393582585e+02,8.360475629094464693e+02,8.360479061475979279e+02,8.360482560363370794e+02,8.360486127547301294e+02,8.360489764796429881e+02,8.360493473868831416e+02,8.360497256522435237e+02,8.360501114524677178e+02,8.360505049661475141e+02,8.360509063745670346e+02,8.360513158625041115e+02,8.360517336189956268e+02,8.360521598380773867e+02,8.360525947195039862e+02,8.360530384694557142e+02,8.360534913012365905e+02,8.360539534359709251e+02,8.360544251033004457e+02,8.360549065420879060e+02,8.360553980011306976e+02,8.360558997398879910e+02,8.360564120292242478e+02,8.360569351521745602e+02,8.360574694047320463e+02,8.360580150966634392e+02,8.360585725523541214e+02,8.360591421116854463e+02,8.360597241309495757e+02,8.360603189838021763e+02,8.360609270622577469e+02,8.360615487777300814e+02,8.360621845621211605e+02,8.360628348689612039e+02,8.360635001746037460e+02,8.360641809794775554e+02,8.360648778094006275e+02,8.360655912169573867e+02,8.360663217829441010e+02,8.360670701178839863e+02,8.360678368636167761e+02,8.360686226949654838e+02,8.360694283214830875e+02,8.360702544892820924e+02,8.360711019829506085e+02,8.360719716275582414e+02,8.360728642907517951e+02,8.360737808849470412e+02,8.360747223696155288e+02,8.360756897536697352e+02,8.360766840979482595e+02,8.360777065178014027e+02,8.360787581857778150e+02,8.360798403344127792e+02,8.360809542591172203e+02,8.360821013211657373e+02,8.360832829507828592e+02,8.360845006503226386e+02,8.360857559975396498e+02,8.360870506489463878e+02,8.360883863432497947e+02,8.360897649048622498e+02,8.360911882474772483e+02,8.360926583777019232e+02,8.360941773987364058e+02,8.360957475140876340e+02,8.360973710313071479e+02,8.360990503657384352e+02,8.361007880442622309e+02,8.361025867090229440e+02,8.361044491211246168e+02,8.361063781642810682e+02,8.361083768484063512e+02,8.361104483131344978e+02,8.361125958312560442e+02,8.361148228120647445e+02,8.361171328046069675e+02,8.361195295008341191e+02,8.361220167386595676e+02,8.361245985049309866e+02,8.361272789383316422e+02,8.361300623322363208e+02,8.361329531375534998e+02,8.361359559655971907e+02,8.361390755910437065e+02,8.361423169550399734e+02,8.361456851685460379e+02,8.361491855160074920e+02,8.361528234594721880e+02,8.361566046432827761e+02,8.361605348994944507e+02,8.361646202541892308e+02,8.361688669348794747e+02,8.361732813792153820e+02,8.361778702452379548e+02,8.361826404234426491e+02,8.361875990509514622e+02,8.361927535281195105e+02,8.361981115379387575e+02,8.362036810686410035e+02,8.362094704399456759e+02,8.362154883334490023e+02,8.362217438277104975e+02,8.362282464386623815e+02,8.362350061660463325e+02,8.362420335466820234e+02,8.362493397154840977e+02,8.362569364752863521e+02,8.362648363766941202e+02,8.362730528093932207e+02,8.362816001065838236e+02,8.362904936645096541e+02,8.362997500794152756e+02,8.363093873047117768e+02,8.363194248316807489e+02,8.363298838977275409e+02,8.363407877270389008e+02,8.363521618095536496e+02,8.363640342254805091e+02,8.363764360242680596e+02,8.363894016690564968e+02,8.364029695603583150e+02,8.364171826562210299e+02,8.364320892106762813e+02,8.364477436582415066e+02,8.364642076801251278e+02,8.364815514982982450e+02,8.364998554577789491e+02,8.365192119767961003e+02,8.365397279711563669e+02,8.365615278963741730e+02,8.365847576038754596e+02,8.366095892834374581e+02,8.366362278749066945e+02,8.366649194972303576e+02,8.366959626931866296e+02,8.367297236762242392e+02,8.367666573813510240e+02,8.368073371232890167e+02,8.368524973386212196e+02,8.369030967674405019e+02,8.369604145334917575e+02,8.370262009117019488e+02,8.371029221565479475e+02,8.371941728877225160e+02,8.373053975318429138e+02,8.374452009679298499e+02,8.376278162800005020e+02,8.378779014893049180e+02,8.382401083839382636e+02,8.387985191177303932e+02,8.397164379077106560e+02,8.421032119440886845e+02,8.438453591863875545e+02,8.454000566488438153e+02,8.468068949148085949e+02,8.480978574109822148e+02,8.492972088032681768e+02,8.504230664303888716e+02,8.514890087393802105e+02,8.525053409461525007e+02,8.534800111302650976e+02,8.544192546061040048e+02,8.553280448367539748e+02,8.562104109409403918e+02,8.570696639304496784e+02,8.579085602609990246e+02,8.587294218940375004e+02,8.595342257904570715e+02,8.603246716067297939e+02,8.611022336174575003e+02,8.618682010577343817e+02,8.626237098455159185e+02,8.633697678029641338e+02,8.641072749142535940e+02,8.648370397499389810e+02,8.655597928987966725e+02,8.662761980401292021e+02,8.669868611381925803e+02,8.676923381289904000e+02,8.683931413867378524e+02,8.690897451949163042e+02,8.697825903994616965e+02,8.704720883853061650e+02,8.711586244894083393e+02,8.718425609415104418e+02,8.725242394066500538e+02,8.732039831898313196e+02,8.738820991523969042e+02,8.745588793809199615e+02,8.752346026423854255e+02,8.759095356536965937e+02,8.765839341888502076e+02,8.772580440432559499e+02,8.779321018714722413e+02,8.786063359119584675e+02,8.792809666101977655e+02,8.799562071496484350e+02,8.806322638983663182e+02,8.813093367777519234e+02,8.819876195586786025e+02,8.826673000892023992e+02,8.833485604571310432e+02,8.840315770898902201e+02,8.847165207933736610e+02,8.854035567307552128e+02,8.860928443415834863e+02,8.867845372008301865e+02,8.874787828169293107e+02,8.881757223671886550e+02,8.888754903682676058e+02,8.895782142786673603e+02,8.902840140293477589e+02,8.909930014776278995e+02,8.917052797784029963e+02,8.924209426653638957e+02,8.931400736332612951e+02,8.938627450102138710e+02,8.945890169065037298e+02,8.953189360230467173e+02,8.960525342985672523e+02,8.967898273691201894e+02,8.975308128066031941e+02,8.982754680937094918e+02,8.990237482806347771e+02,8.997755832527017219e+02,9.005308745164094262e+02,9.012894913821595537e+02,9.020512663820477428e+02,9.028159897063119388e+02,9.035834023659785998e+02,9.043531876826307325e+02,9.051249605551128070e+02,9.058982537363779102e+02,9.066725000394574181e+02,9.074470089301626103e+02,9.082209352785423562e+02,9.089932370109066824e+02,9.097626168415390566e+02,9.105274408788395704e+02,9.112856232643863450e+02,9.120344605262546338e+02,9.127703913679110883e+02,9.134886470352731749e+02,9.141827465836120155e+02,9.148437915457077452e+02,9.154595648013051914e+02,9.160136610764797069e+02,9.164856345989081774e+02,9.168554942819656617e+02,9.171228092018625375e+02,9.173707078715367516e+02,9.179621538382125436e+02,9.336596845165267951e+02
8.357520681856336751e+02,8.357469106595042376e+02,8.358416469947285350e+02,8.359124965641989320e+02,8.359610082773048134e+02,8.359932711989567906e+02,8.360146976019450449e+02,8.360291230818638724e+02,8.360390516324747523e+02,8.360460670587051482e+02,8.360511638936427516e+02,8.360549706561255334e+02,8.360578903428418016e+02,8.360601863293395581e+02,8.360620344648353921e+02,8.360635547836232035e+02,8.360648310231047162e+02,8.360659228248964610e+02,8.360668735011724948e+02,8.360677150744697883e+02,8.360684716127719867e+02,8.360691614792538076e+02,8.360697988780947298e+02,8.360703949352731570e+02,8.360709584666573164e+02,8.360714965322183616e+02,8.360720148416015718e+02,8.360725180548249682e+02,8.360730100079466638e+02,8.360734938843384043e+02,8.360739723460463892e+02,8.360744476355305324e+02,8.360749216551831751e+02,8.360753960300177141e+02,8.360758721574876517e+02,8.360763512473828314e+02,8.360768343540100886e+02,8.360773224023305374e+02,8.360778162093299670e+02,8.360783165016016483e+02,8.360788239299045017e+02,8.360793390812879124e+02,8.360798624892522639e+02,8.360803946423111483e+02,8.360809359912516356e+02,8.360814869553249764e+02,8.360820479275597563e+02,8.360826192793473410e+02,8.360832013644270546e+02,8.360837945223712495e+02,8.360843990816541691e+02,8.360850153623740653e+02,8.360856436786867789e+02,8.360862843409965990e+02,8.360869376579465779e+02,8.360876039382408180e+02,8.360882834923290829e+02,8.360889766339753351e+02,8.360896836817349822e+02,8.360904049603545900e+02,8.360911408021146372e+02,8.360918915481236127e+02,8.360926575495811903e+02,8.360934391690162784e+02,8.360942367815131320e+02,8.360950507759324637e+02,8.360958815561358506e+02,8.360967295422213965e+02,8.360975951717767884e+02,8.360984789011563407e+02,8.360993812067886211e+02,8.361003025865201153e+02,8.361012435610001603e+02,8.361022046751144217e+02,8.361031864994696434e+02,8.361041896319378566e+02,8.361052146992634562e+02,8.361062623587394000e+02,8.361073332999574177e+02,8.361084282466376862e+02,8.361095479585446810e+02,8.361106932334920430e+02,8.361118649094444208e+02,8.361130638667210633e+02,8.361142910303065037e+02,8.361155473722740226e+02,8.361168339143287085e+02,8.361181517304739828e+02,8.361195019498088641e+02,8.361208857594606343e+02,8.361223044076597262e+02,8.361237592069601305e+02,8.361252515376124848e+02,8.361267828510946174e+02,8.361283546738029600e+02,8.361299686109102822e+02,8.361316263503940718e+02,8.361333296672371489e+02,8.361350804278051783e+02,8.361368805944011910e+02,8.361387322299997322e+02,8.361406375031605194e+02,8.361425986931189982e+02,8.361446181950544769e+02,8.361466985255291320e+02,8.361488423280959523e+02,8.361510523790661864e+02,8.361533315934307211e+02,8.361556830309223187e+02,8.361581099022099579e+02,8.361606155752081122e+02,8.361632035814886876e+02,8.361658776227732233e+02,8.361686415774912575e+02,8.361714995073778027e+02,8.361744556640913970e+02,8.361775144958261308e+02,8.361806806538935462e+02,8.361839589992486026e+02,8.361873546089345837e+02,8.361908727824222751e+02,8.361945190478224958e+02,8.361982991679493580e+02,8.362022191462219780e+02,8.362062852323911102e+02,8.362105039280889969e+02,8.362148819922061875e+02,8.362194264461101056e+02,8.362241445787321936e+02,8.362290439515634262e+02,8.362341324036163996e+02,8.362394180564265298e+02,8.362449093191894463e+02,8.362506148941507718e+02,8.362565437823917591e+02,8.362627052901796105e+02,8.362691090360815451e+02,8.362757649590721485e+02,8.362826833278979848e+02,8.362898747519990366e+02,8.362973501943241672e+02,8.363051209864181601e+02,8.363131988462021127e+02,8.363215958989159162e+02,8.363303247017390731e+02,8.363393982726649938e+02,8.363488301242614398e+02,8.363586343030201533e+02,8.363688254350730631e+02,8.363794187791426111e+02,8.363904302876942438e+02,8.364018766773783682e+02,8.364137755099898186e+02,8.364261452853382934e+02,8.364390055476226280e+02,8.364523770071413082e+02,8.364662816794550508e+02,8.364807430444691363e+02,8.364957862283189343e+02,8.365114382114574028e+02,8.365277280669648690e+02,8.365446872338685580e+02,8.365623498311958883e+02,8.365807530196491371e+02,8.365999374192240339e+02,8.366199475928907532e+02,8.366408326086974512e+02,8.366626466954872967e+02,8.366854500110051731e+02,8.367093095457455547e+02,8.367343001917711263e+02,8.367605060133438428e+02,8.367880217661403321e+02,8.368169547248924118e+02,8.368474268966466525e+02,8.368795777200996326e+02,8.369135673829766802e+02,8.369495809325567279e+02,8.369878334142181302e+02,8.370285763566915875e+02,8.370721060418596835e+02,8.371187741686896970e+02,8.371690017722584116e+02,8.372232976326123435e+02,8.372822829734599281e+02,8.373467251205811408e+02,8.374175841528875708e+02,8.374960787540634328e+02,8.375837810058364994e+02,8.376827557005788094e+02,8.377957695369588009e+02,8.379266121598252539e+02,8.380805993327360284e+02,8.382653767891990810e+02,8.384922242980388774e+02,8.387781903085394788e+02,8.391495813323158472e+02,8.396475590444925956e+02,8.403366645346067116e+02,8.413162259628629727e+02,8.429408648791336418e+02,8.444061102825605758e+02,8.457901668145918848e+02,8.470889962043887635e+02,8.483093332739044854e+02,8.494608710610082198e+02,8.505532263249109519e+02,8.515949223060740678e+02,8.525931835236144707e+02,8.535540286770195735e+02,8.544824499979008579e+02,8.553825972486685032e+02,8.562579388855624529e+02,8.571113946004335276e+02,8.579454413488730324e+02,8.587621972249638702e+02,8.595634876392191472e+02,8.603508976437987030e+02,8.611258135002735798e+02,8.618894559042018955e+02,8.626429067224821665e+02,8.633871306626879232e+02,8.641229929594618397e+02,8.648512739100085582e+02,8.655726808996865884e+02,8.662878584143634271e+02,8.669973964267658175e+02,8.677018374607107489e+02,8.684016825732511506e+02,8.690973964455629357e+02,8.697894117352296917e+02,8.704781328127828601e+02,8.711639389819471262e+02,8.718471872645235408e+02,8.725282148161170426e+02,8.732073410271220837e+02,8.738848693538814132e+02,8.745610889172443194e+02,8.752362758994764818e+02,8.759106947653410771e+02,8.765845993289350417e+02,8.772582336843555595e+02,8.779318330153472516e+02,8.786056242966255923e+02,8.792798268975038809e+02,8.799546530966899809e+02,8.806303085156175712e+02,8.813069924763782410e+02,8.819848982891957121e+02,8.826642134733925786e+02,8.833451199149252488e+02,8.840277939627729893e+02,8.847124064657504050e+02,8.853991227506469386e+02,8.860881025419689649e+02,8.867794998229536532e+02,8.874734626369222497e+02,8.881701328274334628e+02,8.888696457150565493e+02,8.895721297079013539e+02,8.902777058422834671e+02,8.909864872490425114e+02,8.916985785400332816e+02,8.924140751081213239e+02,8.931330623325803799e+02,8.938556146800291344e+02,8.945817946888561210e+02,8.953116518223280309e+02,8.960452211720892137e+02,8.967825219892987434e+02,8.975235560149096727e+02,8.982683055731589548e+02,8.990167313826544842e+02,8.997687700267667879e+02,9.005243310083467350e+02,9.012832932917306152e+02,9.020455012056756914e+02,9.028107595417579887e+02,9.035788276303647990e+02,9.043494121060275575e+02,9.051221579791531440e+02,9.058966375039784680e+02,9.066723361625338384e+02,9.074486348600175916e+02,9.082247871384598739e+02,9.089998898634967190e+02,9.097728454565849461e+02,9.105423134510275531e+02,9.113066492748154133e+02,9.120638295364728947e+02,9.128113677008940385e+02,9.135462365315428315e+02,9.142648446925734333e+02,9.149631885888011311e+02,9.156374709859892391e+02,9.162858649697730016e+02,9.169129659740779061e+02,9.175403688222294249e+02,9.182308576539256819e+02,9.191420447599748513e+02,9.206414643626326324e+02,9.271714801412917950e+02
8.358655634600797839e+02,8.358635007924631282e+02,8.359091248370126550e+02,8.359529315709287403e+02,8.359885286725926790e+02,8.360155752455357288e+02,8.360355754565498501e+02,8.360502673456978755e+02,8.360611144133168864e+02,8.360692189538661978e+02,8.360753714284982152e+02,8.360801268878775545e+02,8.360838727764704572e+02,8.360868803318591063e+02,8.360893410063350757e+02,8.360913914766333619e+02,8.360931305933884232e+02,8.360946308379260472e+02,8.360959460957354850e+02,8.360971169719225600e+02,8.360981744631045558e+02,8.360991425234464032e+02,8.361000398799561708e+02,8.361008813327238158e+02,8.361016786977470474e+02,8.361024414988009994e+02,8.361031774810084016e+02,8.361038929962568318e+02,8.361045932954630189e+02,8.361052827523910764e+02,8.361059650366569258e+02,8.361066432486369422e+02,8.361073200255503934e+02,8.361079976255333577e+02,8.361086779947736431e+02,8.361093628215020317e+02,8.361100535797095290e+02,8.361107515647795481e+02,8.361114579227120203e+02,8.361121736742391022e+02,8.361128997348445182e+02,8.361136369314792773e+02,8.361143860165988144e+02,8.361151476800200726e+02,8.361159225589926791e+02,8.361167112468064033e+02,8.361175143001871675e+02,8.361183322456948872e+02,8.361191655852903750e+02,8.361200148012117097e+02,8.361208803602758053e+02,8.361217627176980614e+02,8.361226623205121768e+02,8.361235796106540192e+02,8.361245150277654830e+02,8.361254690117660857e+02,8.361264420052318656e+02,8.361274344556146616e+02,8.361284468173319055e+02,8.361294795537520486e+02,8.361305331390973379e+02,8.361316080602825878e+02,8.361327048187089304e+02,8.361338239320248249e+02,8.361349659358697863e+02,8.361361313856134529e+02,8.361373208580990877e+02,8.361385349534043598e+02,8.361397742966275928e+02,8.361410395397089133e+02,8.361423313632949430e+02,8.361436504786561272e+02,8.361449976296637487e+02,8.361463735948343583e+02,8.361477791894512848e+02,8.361492152677677723e+02,8.361506827253028860e+02,8.361521825012345062e+02,8.361537155808998705e+02,8.361552829984093478e+02,8.361568858393820847e+02,8.361585252438117095e+02,8.361602024090694840e+02,8.361619185930524054e+02,8.361636751174862638e+02,8.361654733713892256e+02,8.361673148147068559e+02,8.361692009821242664e+02,8.361711334870653900e+02,8.361731140258867754e+02,8.361751443822741976e+02,8.361772264318492489e+02,8.361793621469945492e+02,8.361815536019041701e+02,8.361838029778659802e+02,8.361861125687827325e+02,8.361884847869375790e+02,8.361909221690078766e+02,8.361934273823327430e+02,8.361960032314365208e+02,8.361986526648099698e+02,8.362013787819490744e+02,8.362041848406514646e+02,8.362070742645661312e+02,8.362100506509925708e+02,8.362131177789214007e+02,8.362162796173083734e+02,8.362195403335684887e+02,8.362229043022773567e+02,8.362263761140615088e+02,8.362299605846585564e+02,8.362336627641238920e+02,8.362374879461589217e+02,8.362414416775313839e+02,8.362455297675583097e+02,8.362497582976168360e+02,8.362541336306493349e+02,8.362586624206245460e+02,8.362633516219189005e+02,8.362682084985799520e+02,8.362732406334371262e+02,8.362784559370243187e+02,8.362838626562867148e+02,8.362894693830460255e+02,8.362952850622078813e+02,8.363013189997036534e+02,8.363075808701707956e+02,8.363140807243909194e+02,8.363208289965205040e+02,8.363278365111690391e+02,8.363351144904041803e+02,8.363426745607868042e+02,8.363505287605702279e+02,8.363586895472275273e+02,8.363671698055101160e+02,8.363759828562757548e+02,8.363851424663688476e+02,8.363946628598781672e+02,8.364045587311479721e+02,8.364148452599674783e+02,8.364255381294185554e+02,8.364366535469196151e+02,8.364482082690645939e+02,8.364602196309217561e+02,8.364727055805284408e+02,8.364856847193950671e+02,8.364991763499161834e+02,8.365132005306818428e+02,8.365277781407888824e+02,8.365429309543756062e+02,8.365586817267414972e+02,8.365750542935815020e+02,8.365920736850569028e+02,8.366097662566551207e+02,8.366281598390656882e+02,8.366472839096275038e+02,8.366671697882998160e+02,8.366878508615848204e+02,8.367093628384105841e+02,8.367317440426827488e+02,8.367550357480715775e+02,8.367792825616450045e+02,8.368045328642424465e+02,8.368308393170627824e+02,8.368582594458940775e+02,8.368868563168390438e+02,8.369166993204200935e+02,8.369478650847510153e+02,8.369804385432661320e+02,8.370145141885948306e+02,8.370501975519740654e+02,8.370876069576320333e+02,8.371268756146027954e+02,8.371681541254603189e+02,8.372116135138942354e+02,8.372574489028714879e+02,8.373058840151229560e+02,8.373571767218512605e+02,8.374116259396151918e+02,8.374695802777030167e+02,8.375314489813005139e+02,8.375977159177914473e+02,8.376689576422808159e+02,8.377458669959420376e+02,8.378292843014626214e+02,8.379202391229841851e+02,8.380200069070602922e+02,8.381301868535900894e+02,8.382528104449825150e+02,8.383904947338639886e+02,8.385466615405578068e+02,8.387258541789279889e+02,8.389341983165264764e+02,8.391800734558692056e+02,8.394750834714116081e+02,8.398354258643742014e+02,8.402837199240212840e+02,8.408511548660022754e+02,8.415791855262719992e+02,8.425182808821064100e+02,8.437733621228491074e+02,8.450251814939501855e+02,8.462563015746354722e+02,8.474463828930297495e+02,8.485888986340517022e+02,8.496839606371833042e+02,8.507345907980271704e+02,8.517448550593715026e+02,8.527189727181931858e+02,8.536609228529606526e+02,8.545742968487826374e+02,8.554622679264834915e+02,8.563276125853504936e+02,8.571727519262918804e+02,8.579997976562822259e+02,8.588105960153753813e+02,8.596067670098328790e+02,8.603897382988576510e+02,8.611607739566928785e+02,8.619209986717838774e+02,8.626714180312951612e+02,8.634129355130575050e+02,8.641463667369379209e+02,8.648724514463684727e+02,8.655918636128978960e+02,8.663052199877789690e+02,8.670130873661910300e+02,8.677159887812405259e+02,8.684144088052162260e+02,8.691087981032986818e+02,8.697995773587690564e+02,8.704871406675649723e+02,8.711718584828503253e+02,8.718540801763044783e+02,8.725341362714722209e+02,8.732123403952193712e+02,8.738889909857267639e+02,8.745643727891799699e+02,8.752387581721300194e+02,8.759124082721947389e+02,8.765855740061846291e+02,8.772584969517279205e+02,8.779314101159371830e+02,8.786045386025219841e+02,8.792781001869232114e+02,8.799523058074872779e+02,8.806273599793545372e+02,8.813034611365666251e+02,8.819808019068793783e+02,8.826595693228678101e+02,8.833399449721056271e+02,8.840221050884824763e+02,8.847062205860574977e+02,8.853924570362401028e+02,8.860809745885095481e+02,8.867719278343299720e+02,8.874654656133759545e+02,8.881617307606300074e+02,8.888608597923546313e+02,8.895629825283361924e+02,8.902682216471528136e+02,8.909766921704905371e+02,8.916885008717041501e+02,8.924037456028605675e+02,8.931225145333564797e+02,8.938448852918276089e+02,8.945709240013903809e+02,8.953006841961876034e+02,8.960342056046347352e+02,8.967715127815512233e+02,8.975126135673127692e+02,8.982574973470601662e+02,8.990061330765576031e+02,8.997584670331480083e+02,9.005144202399837923e+02,9.012738854988022013e+02,9.020367239504254258e+02,9.028027610623512373e+02,9.035717819189129614e+02,9.043435256617109417e+02,9.051176788977971910e+02,9.058938678645605478e+02,9.066716491231225064e+02,9.074504985671177337e+02,9.082297986238129397e+02,9.090088237755412592e+02,9.097867251114574856e+02,9.105625158664446417e+02,9.113350624666848034e+02,9.121030907432171944e+02,9.128652271304770238e+02,9.136201144842391386e+02,9.143666803727219303e+02,9.151047083586900044e+02,9.158359981830033121e+02,9.165666452791447227e+02,9.173113892082428720e+02,9.181016324813563187e+02,9.189995383457694516e+02,9.201209149380838426e+02,9.216667389433429207e+02,9.249207904389012356e+02
8.359476605632545443e+02,8.359468119621971027e+02,8.359702582355110962e+02,8.359976329578177001e+02,8.360230395809923039e+02,8.360444737200480176e+02,8.360617475989407694e+02,8.360753775020069725e+02,8.360860566462138195e+02,8.360944375236597352e+02,8.361010618910704579e+02,8.361063539385004333e+02,8.361106362295155350e+02,8.361141507400807313e+02,8.361170782028224266e+02,8.361195537890736205e+02,8.361216790929811395e+02,8.361235310181237992e+02,8.361251682701465597e+02,8.361266360724470132e+02,8.361279695901168907e+02,8.361291964240235757e+02,8.361303384376020631e+02,8.361314131042119016e+02,8.361324345086663925e+02,8.361334140978671030e+02,8.361343612481616674e+02,8.361352836978056757e+02,8.361361878793495634e+02,8.361370791771880704e+02,8.361379621286921520e+02,8.361388405824762913e+02,8.361397178238480592e+02,8.361405966749424579e+02,8.361414795751906013e+02,8.361423686464064531e+02,8.361432657457612549e+02,8.361441725091623312e+02,8.361450903869844069e+02,8.361460206736696819e+02,8.361469645323892337e+02,8.361479230157020766e+02,8.361488970829587970e+02,8.361498876150440083e+02,8.361508954269334026e+02,8.361519212784504589e+02,8.361529658835353302e+02,8.361540299182784111e+02,8.361551140279271976e+02,8.361562188330369736e+02,8.361573449349066323e+02,8.361584929204166201e+02,8.361596633663672264e+02,8.361608568433978235e+02,8.361620739195584520e+02,8.361633151635888908e+02,8.361645811479578470e+02,8.361658724517028531e+02,8.361671896631079335e+02,8.361685333822516668e+02,8.361699042234507715e+02,8.361713028176270655e+02,8.361727298146154226e+02,8.361741858854342127e+02,8.361756717245355048e+02,8.361771880520491322e+02,8.361787356160358513e+02,8.361803151947628976e+02,8.361819275990146707e+02,8.361835736744486667e+02,8.361852543040101864e+02,8.361869704104137782e+02,8.361887229587043748e+02,8.361905129589068792e+02,8.361923414687738614e+02,8.361942095966426223e+02,8.361961185044102649e+02,8.361980694106375722e+02,8.362000635937906736e+02,8.362021023956316412e+02,8.362041872247667698e+02,8.362063195603642498e+02,8.362085009560506705e+02,8.362107330439962425e+02,8.362130175392013598e+02,8.362153562439929146e+02,8.362177510527417326e+02,8.362202039568138616e+02,8.362227170497624229e+02,8.362252925327751427e+02,8.362279327203847288e+02,8.362306400464544822e+02,8.362334170704476719e+02,8.362362664839916988e+02,8.362391911177447810e+02,8.362421939485752773e+02,8.362452781070583114e+02,8.362484468853003818e+02,8.362517037450935504e+02,8.362550523264055755e+02,8.362584964562081495e+02,8.362620401576431277e+02,8.362656876595264066e+02,8.362694434061859283e+02,8.362733120676257386e+02,8.362772985500114373e+02,8.362814080064599693e+02,8.362856458481229538e+02,8.362900177555426353e+02,8.362945296902596510e+02,8.362991879066453293e+02,8.363039989639303258e+02,8.363089697383950352e+02,8.363141074356851732e+02,8.363194196032110312e+02,8.363249141425874313e+02,8.363305993220669734e+02,8.363364837889180308e+02,8.363425765816978128e+02,8.363488871423699038e+02,8.363554253282179616e+02,8.363622014235097595e+02,8.363692261508685988e+02,8.363765106823192355e+02,8.363840666499817189e+02,8.363919061563998412e+02,8.364000417845052198e+02,8.364084866072379327e+02,8.364172541968632686e+02,8.364263586340537131e+02,8.364358145168307601e+02,8.364456369694995601e+02,8.364558416517414798e+02,8.364664447680777357e+02,8.364774630779587596e+02,8.364889139067868200e+02,8.365008151582342180e+02,8.365131853282756538e+02,8.365260435214179324e+02,8.365394094696762295e+02,8.365533035549148053e+02,8.365677468352455435e+02,8.365827610762584072e+02,8.365983687879376021e+02,8.366145932682132980e+02,8.366314586541916469e+02,8.366489899822172447e+02,8.366672132580390553e+02,8.366861555384847406e+02,8.367058450262037468e+02,8.367263111792118480e+02,8.367475848371764187e+02,8.367696983666244250e+02,8.367926858275365021e+02,8.368165831641348404e+02,8.368414284230743760e+02,8.368672620027408584e+02,8.368941269379439518e+02,8.369220692250086131e+02,8.369511381931279175e+02,8.369813869288943806e+02,8.370128727621998905e+02,8.370456578232628999e+02,8.370798096824588583e+02,8.371154020869938677e+02,8.371525158113907992e+02,8.371912396423884957e+02,8.372316715234040885e+02,8.372739198894053061e+02,8.373181052302489888e+02,8.373643619296874476e+02,8.374128404389382467e+02,8.374637098587554647e+02,8.375171610234200443e+02,8.375734102054761934e+02,8.376327035934166361e+02,8.376953227387087964e+02,8.377615912274847005e+02,8.378318829114638220e+02,8.379066321400468951e+02,8.379863465821712225e+02,8.380716234283256654e+02,8.381631700428137037e+02,8.382618305263955563e+02,8.383686201960307471e+02,8.384847707564803159e+02,8.386117900171823294e+02,8.387515415143145674e+02,8.389063514736574234e+02,8.390791533333780308e+02,8.392736835877879003e+02,8.394947467540877142e+02,8.397485707071822389e+02,8.400432733576972169e+02,8.403894500092033013e+02,8.408008503744478048e+02,8.412950081509222855e+02,8.418934397246064236e+02,8.426205019411086141e+02,8.434989550423679248e+02,8.445535095046019478e+02,8.456497066042636561e+02,8.467551664097018147e+02,8.478471175664603834e+02,8.489139500077881166e+02,8.499506906164316433e+02,8.509561158043057958e+02,8.519310034602910946e+02,8.528771138477919749e+02,8.537966147683064264e+02,8.546917689784357890e+02,8.555647727253042376e+02,8.564176794739521483e+02,8.572523704890083991e+02,8.580705503206771709e+02,8.588737548101214543e+02,8.596633647439272181e+02,8.604406214356324654e+02,8.612066422925107645e+02,8.619624354207207944e+02,8.627089128687202901e+02,8.634469024014249499e+02,8.641771578471223165e+02,8.649003681291254679e+02,8.656171651207411060e+02,8.663281304658110002e+02,8.670338014993814113e+02,8.677346763903240117e+02,8.684312186134268359e+02,8.691238608443725298e+02,8.698130083579872007e+02,8.704990419985043673e+02,8.711823207804342246e+02,8.718631841698622793e+02,8.725419540885212655e+02,8.732189366766033345e+02,8.738944238448760871e+02,8.745686946420837558e+02,8.752420164597241410e+02,8.759146460929948717e+02,8.765868306738923366e+02,8.772588084900548893e+02,8.779308097008878349e+02,8.786030569607537473e+02,8.792757659574882609e+02,8.799491458731907869e+02,8.806233997730893179e+02,8.812987249272774761e+02,8.819753130692319019e+02,8.826533505942315969e+02,8.833330187000910882e+02,8.840144934719805860e+02,8.846979459125152516e+02,8.853835419177544281e+02,8.860714421992366852e+02,8.867618021516873341e+02,8.874547716655590648e+02,8.881504948830947797e+02,8.888491098961236503e+02,8.895507483833096103e+02,8.902555351840495632e+02,8.909635878056592446e+02,8.916750158598630378e+02,8.923899204239123719e+02,8.931083933208611825e+02,8.938305163126110529e+02,8.945563601982584032e+02,8.952859838090103040e+02,8.960194328894224327e+02,8.967567388529303116e+02,8.974979173975265212e+02,8.982429669649638981e+02,8.989918670240151641e+02,8.997445761551382475e+02,9.005010299105204012e+02,9.012611384202302816e+02,9.020247837127604953e+02,9.027918167178445401e+02,9.035620539234031412e+02,9.043352736709209694e+02,9.051112121018061316e+02,9.058895588241513224e+02,9.066699524772326413e+02,9.074519765691850353e+02,9.082351563197707947e+02,9.090189578737055172e+02,9.098027923667135610e+02,9.105860292827605917e+02,9.113680269484237897e+02,9.121481939056182000e+02,9.129261050065990730e+02,9.137017131400664312e+02,9.144757256746840994e+02,9.152502595402879706e+02,9.160299557600611706e+02,9.168238221641929613e+02,9.176481551992961840e+02,9.185308636929919430e+02,9.195170673297320718e+02,9.206741490874242118e+02,9.220895140842735600e+02,9.241021933686571401e+02
8.360123749207112951e+02,8.360120134516131429e+02,8.360249251639115755e+02,8.360424347992527601e+02,8.360604823359650482e+02,8.360770539145662497e+02,8.360913940109228406e+02,8.361034148214872630e+02,8.361133315009778926e+02,8.361214626407715969e+02,8.361281326575930279e+02,8.361336307743511043e+02,8.361381987635061250e+02,8.361420318828957079e+02,8.361452849181674765e+02,8.361480794466004909e+02,8.361505106467697033e+02,8.361526530700598414e+02,8.361545652888345330e+02,8.361562935368532408e+02,8.361578745172830622e+02,8.361593375521910048e+02,8.361607062234060095e+02,8.361619996256455352e+02,8.361632333259807410e+02,8.361644201013892825e+02,8.361655705085139516e+02,8.361666933262322345e+02,8.361677959014500630e+02,8.361688844209201079e+02,8.361699641262206342e+02,8.361710394848211081e+02,8.361721143270284529e+02,8.361731919562726034e+02,8.361742752384391224e+02,8.361753666746432145e+02,8.361764684608477864e+02,8.361775825369682025e+02,8.361787106275384076e+02,8.361798542755664130e+02,8.361810148708671022e+02,8.361821936738989507e+02,8.361833918359214977e+02,8.361846104161331823e+02,8.361858503963188696e+02,8.361871126934387348e+02,8.361883981705076394e+02,8.361897076460529661e+02,8.361910419023869281e+02,8.361924016928870742e+02,8.361937877484473347e+02,8.361952007832340996e+02,8.361966414998599930e+02,8.361981105940690213e+02,8.361996087590144953e+02,8.362011366891972557e+02,8.362026950841210464e+02,8.362042846517159660e+02,8.362059061115724035e+02,8.362075601980227475e+02,8.362092476631032696e+02,8.362109692794247167e+02,8.362127258429777612e+02,8.362145181758947956e+02,8.362163471291895576e+02,8.362182135854933449e+02,8.362201184618036223e+02,8.362220627122627548e+02,8.362240473309799427e+02,8.362260733549126144e+02,8.362281418668180777e+02,8.362302539982908911e+02,8.362324109328968689e+02,8.362346139094172486e+02,8.362368642252141626e+02,8.362391632397300327e+02,8.362415123781336206e+02,8.362439131351230799e+02,8.362463670789001071e+02,8.362488758553265598e+02,8.362514411922753652e+02,8.362540649041898178e+02,8.362567488968627458e+02,8.362594951724489647e+02,8.362623058347238612e+02,8.362651830946018663e+02,8.362681292759267535e+02,8.362711468215492232e+02,8.362742382997029154e+02,8.362774064106935157e+02,8.362806539939136883e+02,8.362839840351969087e+02,8.362873996745220211e+02,8.362909042140823885e+02,8.362945011267280506e+02,8.362981940647949841e+02,8.363019868693288572e+02,8.363058835797124857e+02,8.363098884437036986e+02,8.363140059278900935e+02,8.363182407285632962e+02,8.363225977830138618e+02,8.363270822812469305e+02,8.363316996781130683e+02,8.363364557058494029e+02,8.363413563870180951e+02,8.363464080478297547e+02,8.363516173318334950e+02,8.363569912139503231e+02,8.363625370148231468e+02,8.363682624154519090e+02,8.363741754720772406e+02,8.363802846312703423e+02,8.363865987451836190e+02,8.363931270869113632e+02,8.363998793659036437e+02,8.364068657433771250e+02,8.364140968476585840e+02,8.364215837893991647e+02,8.364293381765937738e+02,8.364373721293443396e+02,8.364456982943031562e+02,8.364543298587443587e+02,8.364632805642139601e+02,8.364725647197219587e+02,8.364821972144546862e+02,8.364921935300006908e+02,8.365025697521107304e+02,8.365133425820316688e+02,8.365245293474927166e+02,8.365361480134524754e+02,8.365482171927616264e+02,8.365607561569378277e+02,8.365737848473055465e+02,8.365873238868078943e+02,8.366013945928600606e+02,8.366160189916838590e+02,8.366312198346291780e+02,8.366470206170732808e+02,8.366634456005614311e+02,8.366805198389448606e+02,8.366982692093600917e+02,8.367167204489899177e+02,8.367359011986467294e+02,8.367558400543306334e+02,8.367765666280279220e+02,8.367981116191452884e+02,8.368205068981146724e+02,8.368437856038613063e+02,8.368679822570055649e+02,8.368931328908745400e+02,8.369192752026362996e+02,8.369464487271509370e+02,8.369746950364602753e+02,8.370040579682327007e+02,8.370345838869471891e+02,8.370663219821658458e+02,8.370993246089176409e+02,8.371336476760382084e+02,8.371693510892924905e+02,8.372064992573107247e+02,8.372451616698155021e+02,8.372854135593975116e+02,8.373273366602568331e+02,8.373710200799882841e+02,8.374165613037537241e+02,8.374640673542298828e+02,8.375136561357290930e+02,8.375654579971518388e+02,8.376196175562585040e+02,8.376762958376241386e+02,8.377356727891331047e+02,8.377979502577754829e+02,8.378633555258738852e+02,8.379321455350732322e+02,8.380046119593590674e+02,8.380810873325305010e+02,8.381619524933604453e+02,8.382476456877126338e+02,8.383386737673818061e+02,8.384356260587562701e+02,8.385391916517874051e+02,8.386501810960044168e+02,8.387695538045237527e+02,8.388984528827792246e+02,8.390382496429947423e+02,8.391906007639262270e+02,8.393575219204376481e+02,8.395414827098544492e+02,8.397455287107890172e+02,8.399734371693061803e+02,8.402299122940522693e+02,8.405208227096064775e+02,8.408534737693387342e+02,8.412368845132277784e+02,8.416819910881386022e+02,8.422016053282671919e+02,8.428097888814278349e+02,8.435200247737792552e+02,8.443411689674286436e+02,8.452738085434810955e+02,8.462565797482162679e+02,8.472617572081335311e+02,8.482693473115180041e+02,8.492669714616062038e+02,8.502475722154379127e+02,8.512075934811369962e+02,8.521456802801127424e+02,8.530618033970221177e+02,8.539566927061132446e+02,8.548314810015823468e+02,8.556874859300244225e+02,8.565260801915583215e+02,8.573486170706128178e+02,8.581563900769706379e+02,8.589506132631822766e+02,8.597324138208322211e+02,8.605028317609862825e+02,8.612628234980077195e+02,8.620132674121230139e+02,8.627549702448314974e+02,8.634886736611537117e+02,8.642150606064692511e+02,8.649347612638588316e+02,8.656483585244702681e+02,8.663563929458586017e+02,8.670593672085781236e+02,8.677577501000922666e+02,8.684519800639179721e+02,8.691424683548840449e+02,8.698296018409866974e+02,8.705137454901047249e+02,8.711952445767180961e+02,8.718744266403259644e+02,8.725516032237920854e+02,8.732270714165395020e+02,8.739011152244628420e+02,8.745740067856527276e+02,8.752460074485518362e+02,8.759173687269529864e+02,8.765883331443108091e+02,8.772591349781158669e+02,8.779300009135776008e+02,8.786011506145282510e+02,8.792727972182891563e+02,8.799451477602050318e+02,8.806184035326317598e+02,8.812927603823445679e+02,8.819684089495984836e+02,8.826455348514177786e+02,8.833243188110841402e+02,8.840049367352545460e+02,8.846875597396325475e+02,8.853723541236479377e+02,8.860594812941649252e+02,8.867490976378192045e+02,8.874413543411899354e+02,8.881363971576236054e+02,8.888343661191515821e+02,8.895353951915653852e+02,8.902396118703395587e+02,8.909471367147082219e+02,8.916580828168115431e+02,8.923725552024229728e+02,8.930906501593539133e+02,8.938124544891960568e+02,8.945380446776314329e+02,8.952674859781002397e+02,8.960008314032234011e+02,8.967381206180511981e+02,8.974793787290582259e+02,8.982246149629454521e+02,8.989738212299938596e+02,8.997269705683002030e+02,9.004840154683311084e+02,9.012448860828329771e+02,9.020094883368092269e+02,9.027777019685286177e+02,9.035493785594196652e+02,9.043243396546860140e+02,9.051023751479580142e+02,9.058832422189359477e+02,9.066666652995770619e+02,9.074523378448718631e+02,9.082399271673393741e+02,9.090290843692698672e+02,9.098194626454521767e+02,9.106107491980842497e+02,9.114027191069008040e+02,9.121953243119874060e+02,9.129888381697962814e+02,9.137840867123541102e+02,9.145828123510298155e+02,9.153882334037903092e+02,9.162058780824859241e+02,9.170447676456691397e+02,9.179189572645717590e+02,9.188492159374269477e+02,9.198640303145325561e+02,9.209977513489251351e+02,9.222808922921058183e+02,9.237822684097011461e+02
8.360668658900115133e+02,8.360667053337707557e+02,8.360743231141992737e+02,8.360858658815191120e+02,8.360987865350218726e+02,8.361114984282493197e+02,8.361231729908747639e+02,8.361334792220084182e+02,8.361423735497493226e+02,8.361499580735151085e+02,8.361563949468247756e+02,8.361618592855335237e+02,8.361665159212998333e+02,8.361705098066076971e+02,8.361739636657840720e+02,8.361769791395503262e+02,8.361796393545664614e+02,8.361820118501830166e+02,8.361841513587989994e+02,8.361861022384804301e+02,8.361879005089497241e+02,8.361895755124340894e+02,8.361911512482452054e+02,8.361926474361014243e+02,8.361940803597456124e+02,8.361954635353481535e+02,8.361968082414183527e+02,8.361981239397611034e+02,8.361994186108744316e+02,8.362006990221461820e+02,8.362019709431918955e+02,8.362032393195067925e+02,8.362045084131447084e+02,8.362057819172167683e+02,8.362070630495255728e+02,8.362083546295020824e+02,8.362096591417243872e+02,8.362109787886097365e+02,8.362123155343329017e+02,8.362136711416071648e+02,8.362150472026349917e+02,8.362164451652790831e+02,8.362178663552986109e+02,8.362193119953385576e+02,8.362207832212260428e+02,8.362222810960321340e+02,8.362238066222685120e+02,8.362253607525295820e+02,8.362269443988295734e+02,8.362285584408496106e+02,8.362302037332664213e+02,8.362318811123118394e+02,8.362335914016850893e+02,8.362353354179235794e+02,8.362371139753180387e+02,8.362389278904502135e+02,8.362407779864148551e+02,8.362426650967829573e+02,8.362445900693544445e+02,8.362465537697405580e+02,8.362485570848142515e+02,8.362506009260604287e+02,8.362526862328541029e+02,8.362548139756937644e+02,8.362569851594123520e+02,8.362592008263865182e+02,8.362614620597664725e+02,8.362637699867411811e+02,8.362661257818593867e+02,8.362685306704208870e+02,8.362709859319535326e+02,8.362734929037931124e+02,8.362760529847782891e+02,8.362786676390768434e+02,8.362813384001565282e+02,8.362840668749157658e+02,8.362868547479869221e+02,8.362897037862280740e+02,8.362926158434160016e+02,8.362955928651570048e+02,8.362986368940279363e+02,8.363017500749638202e+02,8.363049346609078611e+02,8.363081930187366879e+02,8.363115276354789103e+02,8.363149411248419938e+02,8.363184362340623466e+02,8.363220158510956708e+02,8.363256830121637222e+02,8.363294409096725985e+02,8.363332929005188134e+02,8.363372425147989588e+02,8.363412934649379622e+02,8.363454496552502633e+02,8.363497151919492580e+02,8.363540943936153553e+02,8.363585918021386760e+02,8.363632121941424202e+02,8.363679605928996352e+02,8.363728422807485003e+02,8.363778628120115854e+02,8.363830280264211297e+02,8.363883440630497716e+02,8.363938173747426390e+02,8.363994547430443163e+02,8.364052632936063674e+02,8.364112505120619971e+02,8.364174242603453422e+02,8.364237927934293566e+02,8.364303647764503467e+02,8.364371493021824335e+02,8.364441559088171516e+02,8.364513945979995242e+02,8.364588758530646828e+02,8.364666106574138666e+02,8.364746105129618172e+02,8.364828874585853100e+02,8.364914540884958569e+02,8.365003235704583631e+02,8.365095096637754750e+02,8.365190267369576986e+02,8.365288897850023204e+02,8.365391144462097373e+02,8.365497170184723927e+02,8.365607144749870940e+02,8.365721244793519418e+02,8.365839654000368455e+02,8.365962563242345595e+02,8.366090170711356677e+02,8.366222682047041417e+02,8.366360310460756864e+02,8.366503276857458786e+02,8.366651809957739943e+02,8.366806146422892425e+02,8.366966530986511543e+02,8.367133216596953389e+02,8.367306464575710834e+02,8.367486544797648094e+02,8.367673735899968506e+02,8.367868325527721254e+02,8.368070610624677101e+02,8.368280897779496854e+02,8.368499503638186070e+02,8.368726755395067585e+02,8.368962991375688034e+02,8.369208561726477456e+02,8.369463829227375982e+02,8.369729170245237810e+02,8.370004975847604101e+02,8.370291653098391862e+02,8.370589626559325325e+02,8.370899340023589730e+02,8.371221258511219503e+02,8.371555870559406003e+02,8.371903690845194888e+02,8.372265263183193156e+02,8.372641163947072300e+02,8.373032005971027729e+02,8.373438442996286994e+02,8.373861174738455020e+02,8.374300952664466422e+02,8.374758586583579927e+02,8.375234952175896979e+02,8.375730999604979843e+02,8.376247763389376360e+02,8.376786373742348815e+02,8.377348069631393628e+02,8.377934213861333319e+02,8.378546310549162399e+02,8.379186025438879142e+02,8.379855209604211268e+02,8.380555927211968310e+02,8.381290488175540077e+02,8.382061486725871191e+02,8.382871847177799509e+02,8.383724878487955721e+02,8.384624339606323247e+02,8.385574518142030911e+02,8.386580325527547757e+02,8.387647412714625261e+02,8.388782311520135409e+02,8.389992608119520128e+02,8.391287156924772717e+02,8.392676345244134382e+02,8.394172421737224568e+02,8.395789904714480372e+02,8.397546089579793716e+02,8.399461677632629062e+02,8.401561549813332022e+02,8.403875706321634880e+02,8.406440381631651917e+02,8.409299315606097025e+02,8.412505099986582309e+02,8.416120400101893892e+02,8.420218634313861230e+02,8.424883321825128633e+02,8.430204716882195726e+02,8.436271495812421790e+02,8.443154256307041123e+02,8.450876961554316722e+02,8.459384691883244614e+02,8.468368447897800024e+02,8.477623234212920806e+02,8.486988659612135280e+02,8.496351920963417115e+02,8.505638628934242433e+02,8.514802947073550285e+02,8.523819161961913551e+02,8.532675190351077390e+02,8.541367867944370573e+02,8.549899660851777980e+02,8.558276433044584337e+02,8.566505964066274146e+02,8.574596984746559656e+02,8.582558563475371329e+02,8.590399726158457270e+02,8.598129229980171431e+02,8.605755437171599169e+02,8.613286252918526316e+02,8.620729103692302715e+02,8.628090940430322462e+02,8.635378256413636109e+02,8.642597113279834957e+02,8.649753170978261778e+02,8.656851719031986931e+02,8.663897707490550602e+02,8.670895776621330242e+02,8.677850284816292969e+02,8.684765334464822217e+02,8.691644795715183136e+02,8.698492328152152595e+02,8.705311400479619124e+02,8.712105308329877289e+02,8.718877190336207832e+02,8.725630042608792110e+02,8.732366731750526014e+02,8.739090006541756566e+02,8.745802508413290752e+02,8.752506780816346463e+02,8.759205277587263936e+02,8.765900370394199399e+02,8.772594355342879453e+02,8.779289458809088273e+02,8.785987842556763781e+02,8.792691608192537842e+02,8.799402801000169347e+02,8.806123413191561440e+02,8.812855386604854857e+02,8.819600614874453868e+02,8.826360945092596921e+02,8.833138178977317239e+02,8.839934073557190004e+02,8.846750341379141673e+02,8.853588650241778168e+02,8.860450622453080314e+02,8.867337833607983839e+02,8.874251810878184870e+02,8.881194030803580972e+02,8.888165916572012293e+02,8.895168834771434376e+02,8.902204091596365743e+02,8.909272928488471734e+02,8.916376517189536344e+02,8.923515954183948224e+02,8.930692254507397365e+02,8.937906344898973430e+02,8.945159056275712146e+02,8.952451115512385513e+02,8.959783136515835622e+02,8.967155610593714528e+02,8.974568896133883982e+02,8.982023207635817243e+02,8.989518604173133554e+02,8.997054977423142645e+02,9.004632039484081361e+02,9.012249310827496629e+02,9.019906108922673411e+02,9.027601538353575279e+02,9.035334483673756267e+02,9.043103606882622216e+02,9.050907352365534280e+02,9.058743963583162895e+02,9.066611517966973679e+02,9.074507989741758820e+02,9.082431355288716759e+02,9.090379762957386447e+02,9.098351800014694390e+02,9.106346905124879640e+02,9.114365997129983725e+02,9.122412421660841346e+02,9.130493356923833517e+02,9.138621866007752033e+02,9.146819823269802328e+02,9.155121944246732255e+02,9.163581036776283781e+02,9.172274207638696453e+02,9.181308798924034136e+02,9.190824753222511845e+02,9.200986083672321456e+02,9.211947169573699057e+02,9.223769467786320320e+02,9.236441549480273352e+02
8.361149867602192671e+02,8.361149118689054376e+02,8.361197060920823105e+02,8.361275720382192276e+02,8.361369614198248428e+02,8.361467327331826027e+02,8.361561654321563992e+02,8.361648706569454816e+02,8.361726861114775602e+02,8.361795885592285913e+02,8.361856312777014182e+02,8.361909034849049931e+02,8.361955060282704153e+02,8.361995379820623384e+02,8.362030900632804560e+02,8.362062420540336234e+02,8.362090624259409424e+02,8.362116090693704109e+02,8.362139304928061847e+02,8.362160671450022846e+02,8.362180526836934860e+02,8.362199151124085574e+02,8.362216777602063758e+02,8.362233601063687729e+02,8.362249784645308637e+02,8.362265465451806676e+02,8.362280759157915782e+02,8.362295763762780325e+02,8.362310562651522332e+02,8.362325227093380136e+02,8.362339818283400064e+02,8.362354389014936942e+02,8.362368985053574306e+02,8.362383646269399833e+02,8.362398407573336954e+02,8.362413299694318312e+02,8.362428349826794829e+02,8.362443582172367087e+02,8.362459018394665691e+02,8.362474678002988639e+02,8.362490578677197846e+02,8.362506736544087289e+02,8.362523166413520812e+02,8.362539881981118697e+02,8.362556896003071643e+02,8.362574220447662583e+02,8.362591866627287800e+02,8.362609845314105996e+02,8.362628166841943766e+02,8.362646841196616379e+02,8.362665878096509005e+02,8.362685287064948625e+02,8.362705077495660362e+02,8.362725258712416689e+02,8.362745840023819710e+02,8.362766830774000937e+02,8.362788240389953671e+02,8.362810078426082327e+02,8.362832354606475747e+02,8.362855078865383121e+02,8.362878261386271106e+02,8.362901912639827060e+02,8.362926043421215354e+02,8.362950664886882350e+02,8.362975788591161290e+02,8.363001426522914699e+02,8.363027591142437132e+02,8.363054295418820629e+02,8.363081552867973869e+02,8.363109377591482598e+02,8.363137784316490979e+02,8.363166788436761863e+02,8.363196406055097896e+02,8.363226654027283757e+02,8.363257550007705277e+02,8.363289112496818234e+02,8.363321360890624874e+02,8.363354315532319561e+02,8.363387997766276385e+02,8.363422429994541289e+02,8.363457635735993563e+02,8.363493639688369967e+02,8.363530467793292473e+02,8.363568147304520153e+02,8.363606706859562792e+02,8.363646176554875638e+02,8.363686588024800130e+02,8.363727974524441606e+02,8.363770371016679519e+02,8.363813814263479571e+02,8.363858342921719213e+02,8.363903997643687944e+02,8.363950821182457958e+02,8.363998858502288840e+02,8.364048156894244812e+02,8.364098766097170028e+02,8.364150738424173142e+02,8.364204128894758696e+02,8.364258995372694017e+02,8.364315398709732108e+02,8.364373402895228082e+02,8.364433075211702544e+02,8.364494486396349657e+02,8.364557710808442152e+02,8.364622826602577561e+02,8.364689915907612203e+02,8.364759065011129451e+02,8.364830364549191017e+02,8.364903909701076827e+02,8.364979800388655349e+02,8.365058141479954656e+02,8.365139042996414673e+02,8.365222620323263527e+02,8.365308994422359774e+02,8.365398292046762663e+02,8.365490645956266462e+02,8.365586195133005276e+02,8.365685084996256364e+02,8.365787467615463129e+02,8.365893501920502331e+02,8.366003353908230338e+02,8.366117196844315913e+02,8.366235211459469383e+02,8.366357586139224622e+02,8.366484517106578096e+02,8.366616208596955175e+02,8.366752873025196777e+02,8.366894731144562911e+02,8.367042012198070324e+02,8.367194954062914576e+02,8.367353803389229370e+02,8.367518815734953250e+02,8.367690255699260433e+02,8.367868397057711718e+02,8.368053522903039720e+02,8.368245925796404663e+02,8.368445907934834622e+02,8.368653781341602098e+02,8.368869868087319901e+02,8.369094500550675093e+02,8.369328021728888416e+02,8.369570785609188306e+02,8.369823157613893727e+02,8.370085515133006311e+02,8.370358248159626555e+02,8.370641760044965167e+02,8.370936468391356584e+02,8.371242806103338125e+02,8.371561222618798865e+02,8.371892185344331665e+02,8.372236181321299000e+02,8.372593719151971072e+02,8.372965331218284746e+02,8.373351576229666762e+02,8.373753042140837124e+02,8.374170349485979159e+02,8.374604155182080376e+02,8.375055156862007379e+02,8.375524097807187900e+02,8.376011772560917734e+02,8.376519033316759533e+02,8.377046797192692793e+02,8.377596054521193309e+02,8.378167878309036496e+02,8.378763435049195323e+02,8.379383997101888326e+02,8.380030956904078039e+02,8.380705843318212374e+02,8.381410340494023785e+02,8.382146309694597903e+02,8.382915814633032596e+02,8.383721150983486723e+02,8.384564880875622066e+02,8.385449873361386608e+02,8.386379352066393267e+02,8.387356951515426999e+02,8.388386783965704581e+02,8.389473519007794948e+02,8.390622478719924402e+02,8.391839751805501919e+02,8.393132330923568816e+02,8.394508278348856720e+02,8.395976926167463716e+02,8.397549118387000817e+02,8.399237503510344141e+02,8.401056887059880864e+02,8.403024653792382423e+02,8.405161268077954446e+02,8.407490856649103534e+02,8.410041868126673990e+02,8.412847784221120264e+02,8.415947821669224140e+02,8.419387501839767083e+02,8.423218862679526637e+02,8.427499928539097027e+02,8.432292823225195662e+02,8.437659614715181533e+02,8.443654677659345680e+02,8.450312251779320150e+02,8.457628452001451933e+02,8.465542189540130948e+02,8.473880446741148944e+02,8.482496997252313804e+02,8.491267690422570240e+02,8.500096560128067722e+02,8.508913775061020033e+02,8.517671139243973357e+02,8.526337207199368322e+02,8.534892929249771214e+02,8.543328122738412276e+02,8.551638768895620615e+02,8.559825017204150299e+02,8.567889750195254237e+02,8.575837571830792285e+02,8.583674106420975249e+02,8.591405520466416874e+02,8.599038202113898706e+02,8.606578550751833063e+02,8.614032842819711959e+02,8.621407149873670051e+02,8.628707292133061628e+02,8.635938815837865832e+02,8.643106986341008451e+02,8.650216791374550667e+02,8.657272950680537633e+02,8.664279929413850141e+02,8.671241953567208611e+02,8.678163026250879284e+02,8.685046944061080012e+02,8.691897313046869158e+02,8.698717563973699498e+02,8.705510966709776994e+02,8.712280643647251281e+02,8.719029582127084268e+02,8.725760645873207295e+02,8.732476585464467007e+02,8.739180047886286502e+02,8.745873585210958936e+02,8.752559662458129424e+02,8.759240664686840319e+02,8.765918903368407200e+02,8.772596622086232401e+02,8.779276001604724797e+02,8.785959164345314321e+02,8.792648178303119266e+02,8.799345060433510071e+02,8.806051779533507897e+02,8.812770258638848873e+02,8.819502376953580551e+02,8.826249971325325987e+02,8.833014837275756008e+02,8.839798729592488371e+02,8.846603362485443540e+02,8.853430409307713944e+02,8.860281501838294389e+02,8.867158229121396289e+02,8.874062135854846929e+02,8.880994720317959263e+02,8.887957431827595656e+02,8.894951667709742651e+02,8.901978769773137401e+02,8.909040020271158937e+02,8.916136637338818218e+02,8.923269769893257717e+02,8.930440491989193106e+02,8.937649796625610179e+02,8.944898589007490273e+02,8.952187679277210464e+02,8.959517774745967245e+02,8.966889471677800429e+02,8.974303246710202302e+02,8.981759448039454128e+02,8.989258286560983606e+02,8.996799827242534775e+02,9.004383981131412611e+02,9.012010498571818289e+02,9.019678964456170434e+02,9.027388796687073409e+02,9.035139249529464678e+02,9.042929424250856982e+02,9.050758290473993384e+02,9.058624723132073768e+02,9.066527562004399670e+02,9.074465703768723870e+02,9.082438240663116176e+02,9.090444665611560140e+02,9.098485171487351408e+02,9.106561082457404837e+02,9.114675468123010660e+02,9.122834005564266135e+02,9.131046167365186648e+02,9.139326817720461804e+02,9.147698277616573250e+02,9.156192841975434931e+02,9.164855538323749897e+02,9.173746509770675175e+02,9.182941636086117114e+02,9.192528689923409502e+02,9.202594333670820106e+02,9.213194840631178977e+02,9.224302009120107186e+02,9.235769946536694306e+02
8.361589228887344234e+02,8.361588859890825915e+02,8.361620819673557889e+02,8.361676252319094829e+02,8.361745780127012040e+02,8.361821502835225601e+02,8.361897715048753525e+02,8.361970780105848462e+02,8.362038687628947855e+02,8.362100570583922945e+02,8.362156297012448931e+02,8.362206166062441071e+02,8.362250699902577935e+02,8.362290510641837500e+02,8.362326220752398740e+02,8.362358419270000240e+02,8.362387640676079172e+02,8.362414357431104008e+02,8.362438980238904378e+02,8.362461862322898014e+02,8.362483305472613893e+02,8.362503566571831470e+02,8.362522863913211495e+02,8.362541382961928775e+02,8.362559281438171865e+02,8.362576693702887951e+02,8.362593734489788631e+02,8.362610502052610855e+02,8.362627080804421666e+02,8.362643543523802236e+02,8.362659953196197193e+02,8.362676364550351309e+02,8.362692825341233629e+02,8.362709377422745547e+02,8.362726057646424351e+02,8.362742898616138518e+02,8.362759929323580081e+02,8.362777175684966551e+02,8.362794660995780305e+02,8.362812406317370915e+02,8.362830430806832283e+02,8.362848751999537171e+02,8.362867386052092797e+02,8.362886347952148753e+02,8.362905651700367571e+02,8.362925310469001943e+02,8.362945336740749553e+02,8.362965742430991440e+02,8.362986538995991168e+02,8.363007737529220549e+02,8.363029348847666142e+02,8.363051383569656991e+02,8.363073852185538044e+02,8.363096765122314764e+02,8.363120132803234128e+02,8.363143965703129652e+02,8.363168274400250084e+02,8.363193069625193630e+02,8.363218362307484313e+02,8.363244163620288418e+02,8.363270485023666652e+02,8.363297338306755364e+02,8.363324735629219049e+02,8.363352689562260593e+02,8.363381213129481466e+02,8.363410319847854453e+02,8.363440023769028357e+02,8.363470339521202277e+02,8.363501282351777490e+02,8.363532868170992742e+02,8.363565113596725951e+02,8.363598036000666980e+02,8.363631653556042238e+02,8.363665985287063904e+02,8.363701051120301599e+02,8.363736871938156128e+02,8.363773469634602407e+02,8.363810867173413044e+02,8.363849088649021724e+02,8.363888159350234446e+02,8.363928105826978481e+02,8.363968955960275480e+02,8.364010739035653614e+02,8.364053485820181777e+02,8.364097228643350945e+02,8.364142001482007345e+02,8.364187840049539773e+02,8.364234781889548458e+02,8.364282866474206912e+02,8.364332135307525959e+02,8.364382632033754135e+02,8.364434402551104313e+02,8.364487495131036212e+02,8.364541960543293726e+02,8.364597852186884666e+02,8.364655226227201865e+02,8.364714141739458455e+02,8.364774660858574862e+02,8.364836848935684657e+02,8.364900774701347927e+02,8.364966510435568807e+02,8.365034132144668320e+02,8.365103719745019362e+02,8.365175357253631319e+02,8.365249132985497909e+02,8.365325139757567285e+02,8.365403475099171828e+02,8.365484241468635673e+02,8.365567546475742802e+02,8.365653503109663234e+02,8.365742229971851884e+02,8.365833851513339141e+02,8.365928498275773109e+02,8.366026307135452953e+02,8.366127421549510927e+02,8.366231991803339270e+02,8.366340175258242198e+02,8.366452136598242078e+02,8.366568048074906301e+02,8.366688089749025039e+02,8.366812449727927969e+02,8.366941324397275821e+02,8.367074918646151218e+02,8.367213446084417683e+02,8.367357129251371362e+02,8.367506199814974934e+02,8.367660898761117778e+02,8.367821476572735264e+02,8.367988193398955445e+02,8.368161319214917739e+02,8.368341133973457318e+02,8.368527927750493518e+02,8.368722000886664318e+02,8.368923664128577684e+02,8.369133238773940775e+02,8.369351056825847763e+02,8.369577461162518830e+02,8.369812805729978891e+02,8.370057455766357180e+02,8.370311788067738235e+02,8.370576191306859073e+02,8.370851066417301354e+02,8.371136827057240453e+02,8.371433900168321998e+02,8.371742726646722303e+02,8.372063762145099872e+02,8.372397478025785631e+02,8.372744362487434273e+02,8.373104921889288335e+02,8.373479682299461047e+02,8.373869191296075769e+02,8.374274020053017011e+02,8.374694765745296081e+02,8.375132054312988430e+02,8.375586543627268838e+02,8.376058927107555974e+02,8.376549937845351224e+02,8.377060353298115842e+02,8.377591000625942570e+02,8.378142762754955584e+02,8.378716585264800187e+02,8.379313484213681704e+02,8.379934555033679544e+02,8.380580982652237481e+02,8.381254053023507140e+02,8.381955166286687700e+02,8.382685851808795405e+02,8.383447785417877185e+02,8.384242809191460992e+02,8.385072954236092073e+02,8.385940466979895973e+02,8.386847839604553201e+02,8.387797845369566403e+02,8.388793579735078083e+02,8.389838508374821231e+02,8.390936523394092319e+02,8.392092009334962768e+02,8.393309920868163090e+02,8.394595874442044305e+02,8.395956256583677941e+02,8.397398352016717809e+02,8.398930495250502872e+02,8.400562249752454136e+02,8.402304619139845272e+02,8.404170294836142148e+02,8.406173944018244129e+02,8.408332539912715902e+02,8.410665732736403015e+02,8.413196252491493397e+02,8.415950322396211050e+02,8.418958041016087464e+02,8.422253658120745285e+02,8.425875618918199734e+02,8.429866178536605048e+02,8.434270290987826684e+02,8.439133360891102029e+02,8.444497340520939588e+02,8.450394633888473663e+02,8.456839493108647048e+02,8.463817355516845282e+02,8.471275117708541984e+02,8.479105740803901199e+02,8.487204604009172044e+02,8.495476569184899063e+02,8.503842559944419008e+02,8.512240642961369304e+02,8.520624571149869553e+02,8.528961291223407670e+02,8.537228266374465875e+02,8.545411031038721603e+02,8.553501137835105510e+02,8.561494520105433139e+02,8.569390230060462272e+02,8.577189489942912815e+02,8.584894991679269651e+02,8.592510387637302074e+02,8.600039925181768012e+02,8.607488187749419239e+02,8.614859913911598142e+02,8.622159873013711149e+02,8.629392781543538149e+02,8.636563248611397512e+02,8.643675742086646778e+02,8.650734569268659016e+02,8.657743867678569814e+02,8.664707602801324811e+02,8.671629570508662255e+02,8.678513402545140707e+02,8.685362573929212431e+02,8.692180411459810330e+02,8.698970102762273200e+02,8.705734705482079789e+02,8.712477156359884702e+02,8.719200280010541064e+02,8.725906797292132069e+02,8.732599333195615827e+02,8.739280424216860865e+02,8.745952525194238660e+02,8.752618015609323265e+02,8.759279205357609044e+02,8.765938340001911229e+02,8.772597605524242681e+02,8.779259132593324466e+02,8.785925000364943571e+02,8.792597239831512752e+02,8.799277836735750498e+02,8.805968734061568739e+02,8.812671834113139084e+02,8.819389000190865318e+02,8.826122057870675235e+02,8.832872795890725683e+02,8.839642966647320463e+02,8.846434286299631822e+02,8.853248434480721016e+02,8.860087053610386647e+02,8.866951747803652779e+02,8.873844081367170702e+02,8.880765576874632643e+02,8.887717712811547699e+02,8.894701920779426700e+02,8.901719582249902487e+02,8.908772024860577403e+02,8.915860518246882975e+02,8.922986269408172575e+02,8.930150417612252340e+02,8.937354028851090106e+02,8.944598089872525861e+02,8.951883501829471470e+02,8.959211073610977110e+02,8.966581514950762539e+02,8.973995429451305199e+02,8.981453307719282293e+02,8.988955520886732984e+02,8.996502314899165640e+02,9.004093806097652077e+02,9.011729978821131226e+02,9.019410686027711108e+02,9.027135654307182904e+02,9.034904495168682388e+02,9.042716725188040527e+02,9.050571798556105705e+02,9.058469156869355174e+02,9.066408302756385638e+02,9.074388906265803598e+02,9.082410955984801149e+02,9.090474970712772347e+02,9.098582292166616980e+02,9.106735484351659125e+02,9.114938870014964323e+02,9.123199236984679601e+02,9.131526743081032009e+02,9.139936029953573779e+02,9.148447510117682668e+02,9.157088695417480722e+02,9.165895255656280369e+02,9.174911189041496300e+02,9.184187007669736431e+02,9.193774186521568481e+02,9.203713425348613555e+02,9.214014014005307445e+02,9.224623022543397610e+02,9.235402261305392813e+02
8.361999775376598336e+02,8.361999582668771609e+02,8.362021972383707862e+02,8.362062319533555410e+02,8.362114878832119302e+02,8.362174259266320178e+02,8.362236141021030562e+02,8.362297434683069923e+02,8.362356153295648937e+02,8.362411177312451400e+02,8.362462011295677939e+02,8.362508576280778243e+02,8.362551050384815881e+02,8.362589755018465212e+02,8.362625078289390785e+02,8.362657426246494197e+02,8.362687193761511253e+02,8.362714748620007867e+02,8.362740424121681144e+02,8.362764516917434321e+02,8.362787287891609367e+02,8.362808964671631884e+02,8.362829744879483087e+02,8.362849799593792568e+02,8.362869276720693961e+02,8.362888304116061136e+02,8.362906992389843026e+02,8.362925437375121192e+02,8.362943722273222420e+02,8.362961919500933163e+02,8.362980092271897092e+02,8.362998295945500331e+02,8.363016579175066454e+02,8.363034984884388905e+02,8.363053551098319076e+02,8.363072311649787025e+02,8.363091296782458812e+02,8.363110533665391131e+02,8.363130046833507549e+02,8.363149858565560635e+02,8.363169989209395681e+02,8.363190457462740142e+02,8.363211280616440035e+02,8.363232474765958386e+02,8.363254054995992419e+02,8.363276035542342015e+02,8.363298429934469596e+02,8.363321251121692512e+02,8.363344511585456758e+02,8.363368223439813391e+02,8.363392398521867790e+02,8.363417048473721707e+02,8.363442184817221232e+02,8.363467819022616823e+02,8.363493962572111968e+02,8.363520627019112226e+02,8.363547824043929495e+02,8.363575565506552039e+02,8.363603863497038446e+02,8.363632730384039178e+02,8.363662178861873144e+02,8.363692221996552689e+02,8.363722873271100298e+02,8.363754146630506057e+02,8.363786056526579387e+02,8.363818617963001998e+02,8.363851846540817405e+02,8.363885758504603700e+02,8.363920370789550134e+02,8.363955701069670567e+02,8.363991767807339102e+02,8.364028590304391173e+02,8.364066188754953828e+02,8.364104584300234819e+02,8.364143799085460387e+02,8.364183856319161805e+02,8.364224780335014202e+02,8.364266596656435695e+02,8.364309332064145792e+02,8.364353014666909303e+02,8.364397673975657881e+02,8.364443340981235906e+02,8.364490048235968516e+02,8.364537829939296216e+02,8.364586722027703445e+02,8.364636762269174142e+02,8.364687990362418759e+02,8.364740448041115997e+02,8.364794179183410279e+02,8.364849229926916223e+02,8.364905648789472252e+02,8.364963486795893459e+02,8.365022797610961334e+02,8.365083637678893638e+02,8.365146066369504751e+02,8.365210146131306601e+02,8.365275942651722971e+02,8.365343525024621840e+02,8.365412965925326034e+02,8.365484341793249996e+02,8.365557733022260436e+02,8.365633224158843859e+02,8.365710904108115074e+02,8.365790866347642805e+02,8.365873209149038985e+02,8.365958035807162787e+02,8.366045454876764325e+02,8.366135580416282664e+02,8.366228532238444586e+02,8.366324436167236627e+02,8.366423424300700162e+02,8.366525635278926529e+02,8.366631214556501845e+02,8.366740314678573895e+02,8.366853095559563371e+02,8.366969724763487193e+02,8.367090377784710427e+02,8.367215238327896714e+02,8.367344498585798647e+02,8.367478359513515898e+02,8.367617031097773861e+02,8.367760732619775581e+02,8.367909692910216108e+02,8.368064150595104138e+02,8.368224354331176755e+02,8.368390563029851137e+02,8.368563046068939002e+02,8.368742083491654284e+02,8.368927966192874237e+02,8.369120996093117810e+02,8.369321486301288360e+02,8.369529761267982622e+02,8.369746156931904579e+02,8.369971020862918749e+02,8.370204712406226690e+02,8.370447602833310157e+02,8.370700075506476878e+02,8.370962526065131897e+02,8.371235362643292319e+02,8.371519006129263971e+02,8.371813890479900238e+02,8.372120463103395878e+02,8.372439185326142024e+02,8.372770532960755645e+02,8.373114996994071362e+02,8.373473084415570611e+02,8.373845319208493265e+02,8.374232243527759465e+02,8.374634419090830306e+02,8.375052428809860885e+02,8.375486878695973019e+02,8.375938400069278487e+02,8.376407652111563493e+02,8.376895324802367213e+02,8.377402142283680178e+02,8.377928866703882704e+02,8.378476302597900940e+02,8.379045301868227398e+02,8.379636769440517128e+02,8.380251669678359576e+02,8.380891033654788771e+02,8.381555967393497895e+02,8.382247661211141576e+02,8.382967400313937105e+02,8.383716576827841891e+02,8.384496703472515264e+02,8.385309429126150462e+02,8.386156556572124146e+02,8.387040062770578288e+02,8.387962122060175716e+02,8.388925132768980575e+02,8.389931747800901576e+02,8.390984909867424903e+02,8.392087892155906275e+02,8.393244345367384085e+02,8.394458352220473216e+02,8.395734490703533766e+02,8.397077907562850214e+02,8.398494403733398030e+02,8.399990533636879491e+02,8.401573720462374695e+02,8.403252389661788584e+02,8.405036122856569136e+02,8.406935834036482902e+02,8.408963969132646525e+02,8.411134728451531828e+02,8.413464308589358325e+02,8.415971155608747267e+02,8.418676213460181543e+02,8.421603139527121584e+02,8.424778441075195587e+02,8.428231460420765870e+02,8.431994101276792435e+02,8.436100144050196832e+02,8.440583948048721368e+02,8.445478296575265631e+02,8.450811136130326986e+02,8.456601050077849777e+02,8.462851585689371632e+02,8.469545158002164271e+02,8.476638535491813400e+02,8.484059759314300209e+02,8.491732575179833020e+02,8.499583839978139395e+02,8.507549248518065497e+02,8.515575471729328001e+02,8.523620241682128835e+02,8.531651327373623417e+02,8.539645040462171437e+02,8.547584654377925517e+02,8.555458939065858885e+02,8.563260898671181849e+02,8.570986733213333082e+02,8.578635011097010192e+02,8.586206024536704717e+02,8.593701296054449585e+02,8.601123205783197818e+02,8.608474713231705664e+02,8.615759151731562042e+02,8.622980078145069456e+02,8.630141164206379472e+02,8.637246119000825502e+02,8.644298634589358699e+02,8.651302348739332047e+02,8.658260820226232681e+02,8.665177513315181841e+02,8.672055788895273736e+02,8.678898900389192477e+02,8.685709993046666568e+02,8.692492105593249789e+02,8.699248173476374859e+02,8.705981033151924748e+02,8.712693427004129489e+02,8.719388008602644504e+02,8.726067348082971193e+02,8.732733937497207535e+02,8.739390196027022739e+02,8.746038474983672586e+02,8.752681062543928192e+02,8.759320188188211205e+02,8.765958026819677116e+02,8.772596702551702492e+02,8.779238292157276646e+02,8.785884828177668169e+02,8.792538301690178741e+02,8.799200664736015369e+02,8.805873832409786246e+02,8.812559684611881039e+02,8.819260067464422264e+02,8.825976794390485338e+02,8.832711646855209437e+02,8.839466374766085437e+02,8.846242696528496481e+02,8.853042298751227008e+02,8.859866835595544217e+02,8.866717927760391831e+02,8.873597161095490264e+02,8.880506084833705245e+02,8.887446209434106095e+02,8.894419004027811297e+02,8.901425893460190082e+02,8.908468254925621750e+02,8.915547414194954854e+02,8.922664641441641606e+02,8.929821146680784523e+02,8.937018074846622540e+02,8.944256500549489601e+02,8.951537422574061793e+02,8.958861758208547599e+02,8.966230337531630994e+02,8.973643897833264873e+02,8.981103078410942544e+02,8.988608416069914711e+02,8.996160341771087587e+02,9.003759179023113575e+02,9.011405144817897508e+02,9.019098354177215242e+02,9.026838829733335388e+02,9.034626518234912282e+02,9.042461316483929750e+02,9.050343110009380325e+02,9.058271828812233935e+02,9.066247525816077086e+02,9.074270485255926815e+02,9.082341370120194597e+02,9.090461419822449898e+02,9.098632711235719626e+02,9.106858497456015584e+02,9.115143637978864035e+02,9.123495129217162685e+02,9.131922731793329149e+02,9.140439664913492379e+02,9.149063289536009052e+02,9.157815618908018678e+02,9.166723363379981038e+02,9.175817025749413460e+02,9.185128321107400780e+02,9.194684957931333429e+02,9.204501751121960069e+02,9.214567517723434094e+02,9.224828944480561859e+02,9.235180334057356504e+02
8.362389648274366891e+02,8.362389541566990374e+02,8.362405902742999615e+02,8.362436170825369572e+02,8.362476755226608702e+02,8.362523979381206800e+02,8.362574641413417567e+02,8.362626241806113967e+02,8.362676999362652168e+02,8.362725758642648088e+02,8.362771858258068960e+02,8.362814999360175534e+02,8.362855132615007960e+02,8.362892369333033002e+02,8.362926915855925927e+02,8.362959027530240519e+02,8.362988977920635989e+02,8.363017039245780779e+02,8.363043470731187199e+02,8.363068512341208134e+02,8.363092382033346439e+02,8.363115275225369487e+02,8.363137365579965490e+02,8.363158806512208230e+02,8.363179733036506605e+02,8.363200263714369385e+02,8.363220502561225658e+02,8.363240540833784280e+02,8.363260458659796086e+02,8.363280326497001624e+02,8.363300206422861720e+02,8.363320153264875216e+02,8.363340215585385522e+02,8.363360436536282805e+02,8.363380854599050735e+02,8.363401504224774499e+02,8.363422416387458043e+02,8.363443619062619518e+02,8.363465137641697993e+02,8.363486995291419817e+02,8.363509213266088409e+02,8.363531811179612987e+02,8.363554807243124287e+02,8.363578218473196557e+02,8.363602060874953850e+02,8.363626349603712242e+02,8.363651099108274138e+02,8.363676323258556522e+02,8.363702035459832587e+02,8.363728248755526238e+02,8.363754975920269317e+02,8.363782229544642632e+02,8.363810022112860452e+02,8.363838366074471651e+02,8.363867273911025677e+02,8.363896758198505950e+02,8.363926831666254884e+02,8.363957507253020367e+02,8.363988798160677334e+02,8.364020717906108757e+02,8.364053280371713299e+02,8.364086499854910244e+02,8.364120391117015743e+02,8.364154969431828022e+02,8.364190250634211452e+02,8.364226251168971658e+02,8.364262988140288826e+02,8.364300479361954785e+02,8.364338743408662822e+02,8.364377799668577609e+02,8.364417668397413763e+02,8.364458370774236755e+02,8.364499928959221506e+02,8.364542366153566491e+02,8.364585706661800941e+02,8.364629975956678436e+02,8.364675200746910377e+02,8.364721409047929228e+02,8.364768630255937296e+02,8.364816895225455937e+02,8.364866236350618465e+02,8.364916687650447784e+02,8.364968284858363177e+02,8.365021065516181125e+02,8.365075069072851193e+02,8.365130336988198678e+02,8.365186912841949152e+02,8.365244842448295230e+02,8.365304173976287530e+02,8.365364958076326047e+02,8.365427248013036206e+02,8.365491099804795567e+02,8.365556572370200001e+02,8.365623727681734181e+02,8.365692630926910169e+02,8.365763350677126482e+02,8.365835959064489771e+02,8.365910531966823100e+02,8.365987149201047259e+02,8.366065894725128373e+02,8.366146856848713469e+02,8.366230128452567669e+02,8.366315807216860776e+02,8.366403995858319149e+02,8.366494802376180360e+02,8.366588340306839200e+02,8.366684728986972459e+02,8.366784093824880983e+02,8.366886566579676128e+02,8.366992285647820609e+02,8.367101396356466694e+02,8.367214051262884595e+02,8.367330410459170480e+02,8.367450641881283673e+02,8.367574921621350086e+02,8.367703434242034746e+02,8.367836373091645328e+02,8.367973940618539928e+02,8.368116348683271326e+02,8.368263818866847714e+02,8.368416582773387518e+02,8.368574882325438011e+02,8.368738970050226271e+02,8.368909109355146256e+02,8.369085574790929059e+02,8.369268652301069551e+02,8.369458639456407809e+02,8.369655845674024022e+02,8.369860592420105831e+02,8.370073213396964320e+02,8.370294054715019456e+02,8.370523475051378455e+02,8.370761845797510432e+02,8.371009551199517773e+02,8.371266988495684700e+02,8.371534568057203387e+02,8.371812713539349033e+02,8.372101862051811167e+02,8.372402464358472116e+02,8.372714985118450386e+02,8.373039903181961563e+02,8.373377711956179610e+02,8.373728919858027666e+02,8.374094050872577100e+02,8.374473645237445680e+02,8.374868260275407010e+02,8.375278471399230966e+02,8.375704873314633687e+02,8.376148081449255187e+02,8.376608733637697242e+02,8.377087492095043899e+02,8.377585045713990439e+02,8.378102112723760229e+02,8.378639443752658735e+02,8.379197825340318104e+02,8.379778083950795917e+02,8.380381090543701248e+02,8.381007765767719775e+02,8.381659085849487383e+02,8.382336089260940071e+02,8.383039884260346071e+02,8.383771657416591552e+02,8.384532683243105566e+02,8.385324335087830150e+02,8.386148097449012084e+02,8.387005579914156215e+02,8.387898532951777497e+02,8.388828865823336400e+02,8.389798666926869828e+02,8.390810226935105902e+02,8.391866065150315990e+02,8.392968959566452440e+02,8.394121981207192675e+02,8.395328533396179864e+02,8.396592396712850359e+02,8.397917780491376334e+02,8.399309381827537209e+02,8.400772453160481064e+02,8.402312879579893661e+02,8.403937267051270510e+02,8.405653042716802474e+02,8.407468568260737811e+02,8.409393266940375042e+02,8.411437764149467284e+02,8.413614040112868224e+02,8.415935591242698592e+02,8.418417593446348519e+02,8.421077055769183062e+02,8.423932945552080582e+02,8.427006256057186420e+02,8.430319973551048633e+02,8.433898882713389185e+02,8.437769127408130316e+02,8.441957420670859165e+02,8.446489779259650277e+02,8.451389656604926586e+02,8.456675385447322242e+02,8.462356952438861981e+02,8.468432357818250011e+02,8.474884209350274205e+02,8.481677821039781975e+02,8.488761632157087433e+02,8.496078725648255840e+02,8.503572298234495292e+02,8.511190203034540218e+02,8.518887195578911360e+02,8.526625691629557195e+02,8.534375572016697333e+02,8.542113462125727210e+02,8.549821784187831781e+02,8.557487768982316538e+02,8.565102531086386080e+02,8.572660256693342262e+02,8.580157519220181257e+02,8.587592719039654412e+02,8.594965634431484887e+02,8.602277067418822298e+02,8.609528567965038519e+02,8.616722221430565014e+02,8.623860486267140004e+02,8.630946071123723868e+02,8.637981842585377308e+02,8.644970756549332691e+02,8.651915807732709709e+02,8.658819993018470313e+02,8.665686285313889812e+02,8.672517615358239027e+02,8.679316859511383200e+02,8.686086832016268318e+02,8.692830280584015554e+02,8.699549884423879575e+02,8.706248254049995694e+02,8.712927932357316649e+02,8.719591396581831759e+02,8.726241060853740237e+02,8.732879279123691276e+02,8.739508348296533313e+02,8.746130511448363904e+02,8.752747961034008313e+02,8.759362842015797241e+02,8.765977254862283417e+02,8.772593258378983592e+02,8.779212872343046001e+02,8.785838079921052213e+02,8.792470829854344174e+02,8.799113038399957532e+02,8.805766591017652445e+02,8.812433343795134988e+02,8.819115124604363700e+02,8.825813733982196254e+02,8.832530945728578899e+02,8.839268507215199406e+02,8.846028139397017185e+02,8.852811536518637467e+02,8.859620365506922326e+02,8.866456265040939115e+02,8.873320844290154810e+02,8.880215681312012066e+02,8.887142321100774325e+02,8.894102273280858526e+02,8.901097009440245529e+02,8.908127960103031455e+02,8.915196511345257022e+02,8.922304001065267585e+02,8.929451714929573427e+02,8.936640882028331134e+02,8.943872670292067824e+02,8.951148181744476915e+02,8.958468447696601515e+02,8.965834424027634668e+02,8.973246986749685448e+02,8.980706928121626333e+02,8.988214953665104758e+02,8.995771680549796656e+02,9.003377637962212248e+02,9.011033270261971211e+02,9.018738943972791731e+02,9.026494959965606313e+02,9.034301572583723328e+02,9.042159017950667703e+02,9.050067554304790747e+02,9.058027517928637735e+02,9.066039399077156986e+02,9.074103943216044854e+02,9.082222283758039794e+02,9.090396113121327062e+02,9.098627898941289232e+02,9.106921150965424658e+02,9.115280740427181172e+02,9.123713265756719011e+02,9.132227443703388872e+02,9.140834479644913699e+02,9.149548330455260157e+02,9.158385713133736772e+02,9.167365630131654370e+02,9.176508083390583579e+02,9.185831557352126993e+02,9.195348827047314444e+02,9.205060814472526545e+02,9.214948790032291299e+02,9.224966505016634528e+02,9.235037112087882178e+02
8.362764148745653756e+02,8.362764086272112536e+02,8.362776478686696464e+02,8.362799826624424213e+02,8.362831830867744429e+02,8.362869965647339541e+02,8.362911877085662127e+02,8.362955594786049005e+02,8.362999602074540917e+02,8.363042818313972475e+02,8.363084536784882630e+02,8.363124347506163758e+02,8.363162062032257609e+02,8.363197648438625720e+02,8.363231179195838649e+02,8.363262791609832902e+02,8.363292659116635832e+02,8.363320971291848309e+02,8.363347920509374944e+02,8.363373693477462893e+02,8.363398466234552870e+02,8.363422401523686176e+02,8.363445647749457521e+02,8.363468338948217706e+02,8.363490595374603345e+02,8.363512524434316902e+02,8.363534221784125293e+02,8.363555772483977080e+02,8.363577252130100987e+02,8.363598727927712844e+02,8.363620259681546258e+02,8.363641900695140521e+02,8.363663698577685182e+02,8.363685695961951296e+02,8.363707931139441598e+02,8.363730438620116274e+02,8.363753249624454611e+02,8.363776392515444513e+02,8.363799893177672402e+02,8.363823775350120968e+02,8.363848060918584224e+02,8.363872770173010167e+02,8.363897922034439034e+02,8.363923534255621917e+02,8.363949623598900871e+02,8.363976205994472366e+02,8.364003296681709116e+02,8.364030910335924318e+02,8.364059061182571213e+02,8.364087763100687880e+02,8.364117029717075411e+02,8.364146874492580537e+02,8.364177310801625254e+02,8.364208352006003224e+02,8.364240011523833118e+02,8.364272302894449922e+02,8.364305239839923161e+02,8.364338836323815940e+02,8.364373106607725958e+02,8.364408065306095068e+02,8.364443727439733038e+02,8.364480108488445467e+02,8.364517224443133045e+02,8.364555091857699836e+02,8.364593727901080911e+02,8.364633150409677000e+02,8.364673377940468981e+02,8.364714429825089610e+02,8.364756326225083285e+02,8.364799088188611904e+02,8.364842737708838740e+02,8.364887297784238172e+02,8.364932792481038177e+02,8.364979246998053668e+02,8.365026687734138022e+02,8.365075142358473386e+02,8.365124639883958935e+02,8.365175210743927892e+02,8.365226886872437717e+02,8.365279701788398370e+02,8.365333690683788745e+02,8.365388890516221636e+02,8.365445340106142567e+02,8.365503080238923985e+02,8.365562153772154943e+02,8.365622605748407068e+02,8.365684483513774694e+02,8.365747836842497236e+02,8.365812718067966216e+02,8.365879182220427310e+02,8.365947287171693461e+02,8.366017093787182830e+02,8.366088666085584009e+02,8.366162071406467931e+02,8.366237380586147765e+02,8.366314668142071014e+02,8.366394012466020058e+02,8.366475496026397423e+02,8.366559205579814034e+02,8.366645232392208982e+02,8.366733672469661087e+02,8.366824626799037787e+02,8.366918201598566611e+02,8.367014508578366758e+02,8.367113665210895306e+02,8.367215795011223918e+02,8.367321027826947102e+02,8.367429500137437799e+02,8.367541355362081958e+02,8.367656744176990742e+02,8.367775824839570760e+02,8.367898763520204284e+02,8.368025734640158362e+02,8.368156921214673503e+02,8.368292515200050730e+02,8.368432717843393220e+02,8.368577740033496184e+02,8.368727802651259253e+02,8.368883136917805814e+02,8.369043984738431163e+02,8.369210599040362695e+02,8.369383244102247090e+02,8.369562195873290875e+02,8.369747742279953400e+02,8.369940183518219783e+02,8.370139832329622323e+02,8.370347014259416483e+02,8.370562067895687051e+02,8.370785345088578424e+02,8.371017211149456898e+02,8.371258045030466519e+02,8.371508239485825698e+02,8.371768201217150818e+02,8.372038351006257244e+02,8.372319123840104567e+02,8.372610969033992205e+02,8.372914350360590561e+02,8.373229746194054997e+02,8.373557649680163877e+02,8.373898568945212446e+02,8.374253027358237205e+02,8.374621563863015581e+02,8.375004733398130838e+02,8.375403107425288454e+02,8.375817274587918746e+02,8.376247841523918396e+02,8.376695433858247952e+02,8.377160697402955520e+02,8.377644299594101085e+02,8.378146931197094318e+02,8.378669308314163118e+02,8.379212174730101879e+02,8.379776304635299766e+02,8.380362505768270012e+02,8.380971623023812072e+02,8.381604542577515531e+02,8.382262196582779552e+02,8.382945568503097320e+02,8.383655699150116334e+02,8.384393693507209946e+02,8.385160728429223127e+02,8.385958061321837249e+02,8.386787039919007611e+02,8.387649113294422705e+02,8.388545844263186382e+02,8.389478923353379969e+02,8.390450184554164252e+02,8.391461623077906324e+02,8.392515415409018260e+02,8.393613941951819015e+02,8.394759812634066520e+02,8.395955895871594521e+02,8.397205351352074558e+02,8.398511667150924040e+02,8.399878701747089735e+02,8.401310731556361588e+02,8.402812504637719258e+02,8.404389301242479178e+02,8.406047001849217395e+02,8.407792163233283418e+02,8.409632102919611043e+02,8.411574992005374725e+02,8.413629955735386829e+02,8.415807180256790616e+02,8.418118022519404349e+02,8.420575118124295386e+02,8.423192478802782261e+02,8.425985566830258904e+02,8.428971327722839533e+02,8.432168154757550838e+02,8.435595749119969469e+02,8.439274828198073237e+02,8.443226623000758764e+02,8.447472096788485487e+02,8.452030816252212162e+02,8.456919423174259691e+02,8.462149702218134735e+02,8.467726337027506816e+02,8.473644609288890024e+02,8.479888527596569929e+02,8.486430152850903141e+02,8.493230757869141598e+02,8.500246821652762037e+02,8.507433642554944981e+02,8.514748802372381533e+02,8.522154153174805060e+02,8.529616787641858764e+02,8.537109269237896569e+02,8.544609386152105799e+02,8.552099639595223834e+02,8.559566616285751479e+02,8.567000342012745477e+02,8.574393672814936735e+02,8.581741752249004094e+02,8.589041545142508767e+02,8.596291447480084571e+02,8.603490966320119924e+02,8.610640461082515458e+02,8.617740936905282751e+02,8.624793881181667530e+02,8.631801135316366071e+02,8.638764794852621662e+02,8.645687132238098229e+02,8.652570537522741461e+02,8.659417473177002194e+02,8.666230439974999626e+02,8.673011951511850839e+02,8.679764515432236749e+02,8.686490619855436535e+02,8.693192723807392213e+02,8.699873250728057883e+02,8.706534584325480637e+02,8.713179066207774213e+02,8.719808994849290684e+02,8.726426625545326488e+02,8.733034171086152355e+02,8.739633802940944634e+02,8.746227652788710429e+02,8.752817814269535575e+02,8.759406344857637805e+02,8.765995267779504729e+02,8.772586573917318447e+02,8.779182223650776677e+02,8.785784148600445178e+02,8.792394253243226103e+02,8.799014416376304553e+02,8.805646492410031669e+02,8.812292312473331322e+02,8.818953685317321742e+02,8.825632398004314609e+02,8.832330216370285143e+02,8.839048885249447949e+02,8.845790128449875738e+02,8.852555648469216294e+02,8.859347125939673333e+02,8.866166218791593110e+02,8.873014561125353339e+02,8.879893761781954709e+02,8.886805402603910125e+02,8.893751036379902644e+02,8.900732184469521826e+02,8.907750334108415018e+02,8.914806935399892609e+02,8.921903398006776342e+02,8.929041087567702562e+02,8.936221321876037109e+02,8.943445366877766673e+02,8.950714432568669281e+02,8.958029668901946252e+02,8.965392161857471365e+02,8.972802929874987967e+02,8.980262920919059297e+02,8.987773010526728967e+02,8.995334001294147583e+02,9.002946624390837087e+02,9.010611543855707168e+02,9.018329364633848400e+02,9.026100645563888065e+02,9.033925918827700343e+02,9.041805717729844218e+02,9.049740615078753763e+02,9.057731274878461818e+02,9.065778520468588795e+02,9.073883422593850128e+02,9.082047411002447461e+02,9.090272412829023096e+02,9.098561019830121950e+02,9.106916683917222599e+02,9.115343935500138741e+02,9.123848610688834242e+02,9.132438059816373652e+02,9.141121289215195702e+02,9.149908959086827736e+02,9.158813122306224841e+02,9.167846545161712584e+02,9.177021411637549591e+02,9.186347201404985299e+02,9.195827592846630978e+02,9.205456449120453044e+02,9.215213396344413468e+02,9.225060290656502957e+02,9.234941234550813078e+02
8.363126856142649785e+02,8.363126817665015551e+02,8.363136497827850917e+02,8.363154973167933122e+02,8.363180732497168037e+02,8.363212019792431420e+02,8.363247105201928662e+02,8.363284455787897969e+02,8.363322817208913875e+02,8.363361231160175748e+02,8.363399013659339971e+02,8.363435713979273487e+02,8.363471067634028486e+02,8.363504951333464987e+02,8.363537343831674207e+02,8.363568294023529006e+02,8.363597896169478645e+02,8.363626271403674082e+02,8.363653554419278180e+02,8.363679884222314058e+02,8.363705397968558373e+02,8.363730227066797625e+02,8.363754494902930219e+02,8.363778315692090928e+02,8.363801794092819364e+02,8.363825025317725022e+02,8.363848095552111772e+02,8.363871082549424045e+02,8.363894056314417185e+02,8.363917079815070110e+02,8.363940209685572427e+02,8.363963496897478080e+02,8.363986987386209648e+02,8.364010722626836696e+02,8.364034740157431997e+02,8.364059074051073139e+02,8.364083755339197523e+02,8.364108812389898731e+02,8.364134271245177388e+02,8.364160155921213118e+02,8.364186488675615010e+02,8.364213290245393182e+02,8.364240580059091599e+02,8.364268376426197165e+02,8.364296696706672947e+02,8.364325557463090490e+02,8.364354974597634964e+02,8.364384963475921495e+02,8.364415539039405303e+02,8.364446715907888574e+02,8.364478508473495140e+02,8.364510930987319171e+02,8.364543997639763120e+02,8.364577722635538066e+02,8.364612120264113173e+02,8.364647204966371419e+02,8.364682991398099148e+02,8.364719494490911984e+02,8.364756729511123012e+02,8.364794712117035260e+02,8.364833458415083669e+02,8.364872985015215363e+02,8.364913309085878836e+02,8.364954448408942653e+02,8.364996421434868807e+02,8.365039247338428368e+02,8.365082946075247037e+02,8.365127538439443242e+02,8.365173046122617961e+02,8.365219491774458902e+02,8.365266899065201187e+02,8.365315292750192384e+02,8.365364698736802893e+02,8.365415144153940901e+02,8.365466657424408368e+02,8.365519268340350436e+02,8.365573008142062008e+02,8.365627909600395924e+02,8.365684007103060367e+02,8.365741336745057879e+02,8.365799936423555891e+02,8.365859845937479804e+02,8.365921107092112834e+02,8.365983763809011862e+02,8.366047862241554185e+02,8.366113450896423274e+02,8.366180580761375722e+02,8.366249305439606587e+02,8.366319681291058714e+02,8.366391767581030763e+02,8.366465626636414754e+02,8.366541324009924665e+02,8.366618928652665090e+02,8.366698513095387852e+02,8.366780153638771935e+02,8.366863930553073487e+02,8.366949928287457396e+02,8.367038235689318526e+02,8.367128946233870010e+02,8.367222158264262362e+02,8.367317975242436887e+02,8.367416506010907824e+02,8.367517865065585738e+02,8.367622172839719497e+02,8.367729555998956812e+02,8.367840147747438095e+02,8.367954088144761045e+02,8.368071524433549939e+02,8.368192611377237426e+02,8.368317511607560846e+02,8.368446395981120531e+02,8.368579443944212244e+02,8.368716843904967391e+02,8.368858793611684632e+02,8.369005500536042064e+02,8.369157182259704086e+02,8.369314066862643813e+02,8.369476393311321090e+02,8.369644411844683418e+02,8.369818384355787657e+02,8.369998584766708518e+02,8.370185299394279355e+02,8.370378827304156175e+02,8.370579480650667392e+02,8.370787584999984574e+02,8.371003479634249516e+02,8.371227517834553282e+02,8.371460067140959609e+02,8.371701509588265253e+02,8.371952241916737876e+02,8.372212675757848501e+02,8.372483237795903506e+02,8.372764369907534956e+02,8.373056529282252995e+02,8.373360188528653225e+02,8.373675835772409073e+02,8.374003974753900366e+02,8.374345124935110789e+02,8.374699821627368692e+02,8.375068616153503172e+02,8.375452076059999627e+02,8.375850785396814899e+02,8.376265345084557339e+02,8.376696373390700501e+02,8.377144506538506903e+02,8.377610399474190217e+02,8.378094726819680318e+02,8.378598184040167780e+02,8.379121488857382474e+02,8.379665382941400367e+02,8.380230633915703038e+02,8.380818037712355135e+02,8.381428421316580852e+02,8.382062645942808103e+02,8.382721610687590328e+02,8.383406256708791489e+02,8.384117571985150335e+02,8.384856596716086869e+02,8.385624429428360145e+02,8.386422233864269629e+02,8.387251246735548875e+02,8.388112786438117610e+02,8.389008262835700407e+02,8.389939188234965286e+02,8.390907189691687336e+02,8.391914022806342928e+02,8.392961587188933663e+02,8.394051943796443993e+02,8.395187334372319583e+02,8.396370203245328412e+02,8.397603221774675148e+02,8.398889315758231078e+02,8.400231696149668323e+02,8.401633893455439193e+02,8.403099796200040146e+02,8.404633693851585576e+02,8.406240324580727474e+02,8.407924928171139527e+02,8.409693304290872220e+02,8.411551876144490052e+02,8.413507759219924083e+02,8.415568834371759976e+02,8.417743823777881289e+02,8.420042367282588884e+02,8.422475095187069201e+02,8.425053691536040787e+02,8.427790939230305867e+02,8.430700734725070333e+02,8.433798055552570077e+02,8.437098858452332024e+02,8.440619879766685472e+02,8.444378303675352981e+02,8.448391259257608681e+02,8.452675106870295849e+02,8.457244482048159853e+02,8.462111087012458484e+02,8.467282263361216792e+02,8.472759451884267037e+02,8.478536749448176124e+02,8.484599897985693815e+02,8.490926152402682874e+02,8.497485394231019882e+02,8.504243595798049000e+02,8.511165073504296288e+02,8.518215103167254938e+02,8.525361552210630407e+02,8.532575840995637009e+02,8.539833360355858076e+02,8.547113497456780351e+02,8.554399409125525153e+02,8.561677653431383987e+02,8.568937759554070226e+02,8.576171789066029305e+02,8.583373920786926874e+02,8.590540076311284565e+02,8.597667593219031232e+02,8.604754946672692313e+02,8.611801516490684207e+02,8.618807394978642833e+02,8.625773230139151337e+02,8.632700098900139665e+02,8.639589405392341632e+02,8.646442799867835447e+02,8.653262114464196202e+02,8.660049312613742813e+02,8.666806449439581002e+02,8.673535640955193458e+02,8.680239040289405921e+02,8.686918819497675486e+02,8.693577155800612672e+02,8.700216221319499255e+02,8.706838175564254243e+02,8.713445160079073730e+02,8.720039294771313507e+02,8.726622675545535230e+02,8.733197372941579033e+02,8.739765431536910683e+02,8.746328869922259628e+02,8.752889681098431538e+02,8.759449833172898252e+02,8.766011270259207322e+02,8.772575913501503919e+02,8.779145662161671453e+02,8.785722394718553687e+02,8.792307969938036649e+02,8.798904227880090048e+02,8.805512990814415843e+02,8.812136064020705817e+02,8.818775236452684112e+02,8.825432281247574338e+02,8.832108956064339509e+02,8.838807003235348247e+02,8.845528149717024462e+02,8.852274106825719855e+02,8.859046569745628403e+02,8.865847216796138355e+02,8.872677708446771021e+02,8.879539686068831088e+02,8.886434770414391551e+02,8.893364559815345274e+02,8.900330628098275838e+02,8.907334522215116976e+02,8.914377759595374755e+02,8.921461825233438958e+02,8.928588168534978422e+02,8.935758199959997228e+02,8.942973287518005918e+02,8.950234753193742563e+02,8.957543869411344986e+02,8.964901855682418272e+02,8.972309875630828628e+02,8.979769034646556065e+02,8.987280378495013338e+02,8.994844893299779187e+02,9.002463507428542471e+02,9.010137095947305852e+02,9.017866488468569059e+02,9.025652481406347079e+02,9.033495855862206554e+02,9.041397402594620871e+02,9.049357955752424232e+02,9.057378437250697516e+02,9.065459913779729959e+02,9.073603668375003508e+02,9.081811288096586168e+02,9.090084768454181585e+02,9.098426633453582326e+02,9.106840067089439117e+02,9.115329047183079183e+02,9.123898464949190839e+02,9.132554202815103963e+02,9.141303128238231466e+02,9.150152942658127131e+02,9.159111803906532714e+02,9.168187622003724755e+02,9.177386922041631578e+02,9.186713191269602703e+02,9.196164707800940050e+02,9.205732021252889581e+02,9.215395554639633247e+02,9.225124222502624889e+02,9.234876482881181801e+02
8.363480263786616433e+02,8.363480239009287516e+02,8.363488006836199702e+02,8.363502972611457835e+02,8.363524116866592522e+02,8.363550200959502945e+02,8.363579947925966280e+02,8.363612171585039050e+02,8.363645851622238752e+02,8.363680164425441035e+02,8.363714483067943775e+02,8.363748358855829110e+02,8.363781494033185027e+02,8.363813712155949815e+02,8.363844930034862273e+02,8.363875133227676315e+02,8.363904355791455600e+02,8.363932664250008884e+02,8.363960145338562597e+02,8.363986896928749957e+02,8.364013021515949049e+02,8.364038621702452474e+02,8.364063797192411585e+02,8.364088642904016524e+02,8.364113247888154774e+02,8.364137694815187842e+02,8.364162059851098547e+02,8.364186412791445946e+02,8.364210817358135728e+02,8.364235331591620479e+02,8.364260008291691975e+02,8.364284895475085477e+02,8.364310036828975399e+02,8.364335472147148494e+02,8.364361237741110244e+02,8.364387366822049898e+02,8.364413889852163493e+02,8.364440834865433771e+02,8.364468227759073216e+02,8.364496092557367319e+02,8.364524451650074752e+02,8.364553326007592204e+02,8.364582735375151969e+02,8.364612698448216861e+02,8.364643233031116552e+02,8.364674356180830728e+02,8.364706084337666425e+02,8.364738433444392740e+02,8.364771419055285833e+02,8.364805056436352970e+02,8.364839360657898624e+02,8.364874346680459212e+02,8.364910029435039860e+02,8.364946423898466037e+02,8.364983545164603811e+02,8.365021408512119478e+02,8.365060029469356095e+02,8.365099423876898754e+02,8.365139607948295861e+02,8.365180598329397981e+02,8.365222412156729206e+02,8.365265067115257125e+02,8.365308581495926319e+02,8.365352974253278262e+02,8.365398265063473673e+02,8.365444474383014040e+02,8.365491623508430621e+02,8.365539734637239917e+02,8.365588830930412314e+02,8.365638936576615379e+02,8.365690076858503517e+02,8.365742278221299557e+02,8.365795568343922923e+02,8.365849976212934962e+02,8.365905532199550407e+02,8.365962268139992375e+02,8.366020217419446681e+02,8.366079415059911071e+02,8.366139897812213349e+02,8.366201704252482614e+02,8.366264874883398761e+02,8.366329452240502178e+02,8.366395481003901295e+02,8.366463008115695175e+02,8.366532082903461287e+02,8.366602757210139316e+02,8.366675085530680462e+02,8.366749125155821503e+02,8.366824936323363318e+02,8.366902582377322233e+02,8.366982129935350940e+02,8.367063649064807578e+02,8.367147213467884512e+02,8.367232900676157215e+02,8.367320792254965909e+02,8.367410974018004026e+02,8.367503536252469303e+02,8.367598573955150414e+02,8.367696187079762922e+02,8.367796480795852858e+02,8.367899565759518055e+02,8.368005558396201877e+02,8.368114581195704886e+02,8.368226763019545160e+02,8.368342239420708211e+02,8.368461152975738742e+02,8.368583653629040100e+02,8.368709899049138130e+02,8.368840054996526305e+02,8.368974295702599875e+02,8.369112804259002587e+02,8.369255773016565172e+02,8.369403403992814674e+02,8.369555909286851829e+02,8.369713511500182221e+02,8.369876444161858444e+02,8.370044952156085856e+02,8.370219292150205774e+02,8.370399733020752819e+02,8.370586556275079602e+02,8.370780056465836196e+02,8.370980541595444038e+02,8.371188333507591324e+02,8.371403768262670155e+02,8.371627196494139298e+02,8.371858983742830560e+02,8.372099510766445292e+02,8.372349173821769455e+02,8.372608384917606372e+02,8.372877572037024265e+02,8.373157179328267148e+02,8.373447667264672418e+02,8.373749512775046924e+02,8.374063209347299335e+02,8.374389267109695538e+02,8.374728212895762454e+02,8.375080590300794938e+02,8.375446959739937256e+02,8.375827898519946757e+02,8.376224000938993868e+02,8.376635878431102356e+02,8.377064159774112113e+02,8.377509491382284068e+02,8.377972537706806406e+02,8.378453981769528127e+02,8.378954525857175213e+02,8.379474892405124820e+02,8.380015825101487508e+02,8.380578090243903944e+02,8.381162478382979089e+02,8.381769806287942401e+02,8.382400919271783550e+02,8.383056693915033293e+02,8.383738041229598821e+02,8.384445910306681071e+02,8.385181292496033620e+02,8.385945226167693818e+02,8.386738802112049598e+02,8.387563169639720400e+02,8.388419543449456341e+02,8.389309211340117827e+02,8.390233542851897255e+02,8.391193998932387785e+02,8.392192142734869549e+02,8.393229651669349778e+02,8.394308330841288353e+02,8.395430128028638137e+02,8.396597150364306117e+02,8.397811682908285320e+02,8.399076209310572949e+02,8.400393434781813085e+02,8.401766311601592179e+02,8.403198067402383913e+02,8.404692236466871691e+02,8.406252694263035892e+02,8.407883695408310132e+02,8.409589915191885439e+02,8.411376494680066571e+02,8.413249089265799512e+02,8.415213920276764838e+02,8.417277828895739731e+02,8.419448331132323347e+02,8.421733671866559234e+02,8.424142875001713264e+02,8.426685785445854435e+02,8.429373096916867780e+02,8.432216357368249646e+02,8.435227941130058298e+02,8.438420973687510696e+02,8.441809191549767775e+02,8.445406716292507099e+02,8.449227719349262316e+02,8.453285953759193490e+02,8.457594132821243420e+02,8.462163146202140069e+02,8.467001124881488749e+02,8.472112400758289823e+02,8.477496456543678960e+02,8.483147023789590548e+02,8.489051548996906149e+02,8.495191282312633803e+02,8.501542175014033091e+02,8.508077092874971186e+02,8.514767146414729950e+02,8.521583681467467386e+02,8.528499573270911469e+02,8.535490086525469451e+02,8.542533348802883211e+02,8.549610518887836861e+02,8.556705737169486383e+02,8.563805935431823855e+02,8.570900567536800736e+02,8.577981305987183305e+02,8.585041734886171980e+02,8.592077058342214286e+02,8.599083834916634714e+02,8.606059742858923300e+02,8.613003377063851076e+02,8.619914076378009895e+02,8.626791778627718941e+02,8.633636900182742693e+02,8.640450236752493538e+02,8.647232882252230866e+02,8.653986162854555459e+02,8.660711583678070156e+02,8.667410785912557003e+02,8.674085512510966964e+02,8.680737580878989093e+02,8.687368861257151593e+02,8.693981259717718331e+02,8.700576704891062718e+02,8.707157137697223561e+02,8.713724503491865789e+02,8.720280746145840567e+02,8.726827803667687249e+02,8.733367605051940927e+02,8.739902068095975665e+02,8.746433097976639601e+02,8.752962586417266948e+02,8.759492411307426210e+02,8.766024436663382176e+02,8.772560512837895885e+02,8.779102476904565719e+02,8.785652153155193673e+02,8.792211353659262159e+02,8.798781878843076356e+02,8.805365518052751668e+02,8.811964050070539543e+02,8.818579243558028793e+02,8.825212857402945019e+02,8.831866640948716167e+02,8.838542334087787822e+02,8.845241667201123619e+02,8.851966360927408459e+02,8.858718125746420355e+02,8.865498661361879158e+02,8.872309655870051301e+02,8.879152784701517476e+02,8.886029709325058548e+02,8.892942075704730769e+02,8.899891512504096909e+02,8.906879629035606740e+02,8.913908012958537483e+02,8.920978227736167128e+02,8.928091809872493059e+02,8.935250265961369678e+02,8.942455069597215243e+02,8.949707658217276958e+02,8.957009429971886902e+02,8.964361740752397054e+02,8.971765901547883004e+02,8.979223176352747942e+02,8.986734780909644087e+02,8.994301882647023376e+02,9.001925602259450443e+02,9.009607017481903313e+02,9.017347169725890126e+02,9.025147074372076759e+02,9.033007735644191598e+02,9.040930167109236208e+02,9.048915418936853712e+02,9.056964613069789038e+02,9.065078987351080286e+02,9.073259949337015087e+02,9.081509139875043957e+02,9.089828505370993526e+02,9.098220375780758786e+02,9.106687542449512875e+02,9.115233325654032797e+02,9.123861615755515686e+02,9.132576864037589530e+02,9.141383989724370167e+02,9.150288159203212217e+02,9.159294384281083694e+02,9.168406882668116396e+02,9.177628153144721637e+02,9.186957751076843124e+02,9.196390821296520244e+02,9.205916568575883048e+02,9.215517024407787403e+02,9.225166675634305875e+02,9.234833683789694305e+02
8.363826155172064318e+02,8.363826138594497479e+02,8.363832522734653594e+02,8.363844909730908057e+02,8.363862594469945861e+02,8.363884689523704310e+02,8.363910245215122359e+02,8.363938344096203537e+02,8.363968163550708823e+02,8.363999009040054489e+02,8.364030324511450090e+02,8.364061687291158478e+02,8.364092793893290718e+02,8.364123441640567762e+02,8.364153509429065707e+02,8.364182939657921452e+02,8.364211722370694133e+02,8.364239881996729764e+02,8.364267466676295726e+02,8.364294539932610633e+02,8.364321174356279016e+02,8.364347446945898810e+02,8.364373435769343814e+02,8.364399217651293839e+02,8.364424866640515575e+02,8.364450453057390860e+02,8.364476042964347471e+02,8.364501697937782865e+02,8.364527475049385430e+02,8.364553426988270530e+02,8.364579602273511227e+02,8.364606045520748694e+02,8.364632797737066312e+02,8.364659896626226327e+02,8.364687376892201200e+02,8.364715270533090461e+02,8.364743607120597062e+02,8.364772414062369990e+02,8.364801716845986448e+02,8.364831539264380353e+02,8.364861903623202579e+02,8.364892830930986065e+02,8.364924341073261758e+02,8.364956452971897534e+02,8.364989184730956140e+02,8.365022553770382956e+02,8.365056576948767315e+02,8.365091270676366548e+02,8.365126651019494375e+02,8.365162733797301371e+02,8.365199534671891115e+02,8.365237069232622389e+02,8.365275353075390967e+02,8.365314401877608361e+02,8.365354231469508477e+02,8.365394857902407466e+02,8.365436297514427224e+02,8.365478566994196399e+02,8.365521683442981384e+02,8.365565664435653161e+02,8.365610528080903805e+02,8.365656293081052581e+02,8.365702978791795204e+02,8.365750605282208880e+02,8.365799193395329212e+02,8.365848764809583145e+02,8.365899342101364482e+02,8.365950948809027068e+02,8.366003609498568494e+02,8.366057349831262400e+02,8.366112196633513349e+02,8.366168177969201452e+02,8.366225323214765695e+02,8.366283663137318172e+02,8.366343229976049543e+02,8.366404057527206533e+02,8.366466181232933650e+02,8.366529638274262197e+02,8.366594467668563766e+02,8.366660710371756977e+02,8.366728409385618761e+02,8.366797609870495762e+02,8.366868359263792172e+02,8.366940707404563682e+02,8.367014706664590449e+02,8.367090412086307651e+02,8.367167881527976760e+02,8.367247175816496565e+02,8.367328358908259816e+02,8.367411498058474990e+02,8.367496663999377233e+02,8.367583931127752521e+02,8.367673377702229800e+02,8.367765086050743548e+02,8.367859142788643112e+02,8.367955639047837622e+02,8.368054670717434647e+02,8.368156338696254579e+02,8.368260749157615237e+02,8.368368013826753895e+02,8.368478250271203933e+02,8.368591582204419410e+02,8.368708139802866981e+02,8.368828060036776151e+02,8.368951487014622899e+02,8.369078572341362587e+02,8.369209475490318937e+02,8.369344364188518739e+02,8.369483414815124434e+02,8.369626812812466596e+02,8.369774753109020367e+02,8.369927440553466340e+02,8.370085090358788875e+02,8.370247928555114640e+02,8.370416192449796426e+02,8.370590131092955062e+02,8.370770005746437619e+02,8.370956090353910213e+02,8.371148672009467191e+02,8.371348051421945229e+02,8.371554543371819364e+02,8.371768477157372672e+02,8.371990197026618716e+02,8.372220062591344458e+02,8.372458449219567456e+02,8.372705748402726158e+02,8.372962368094080148e+02,8.373228733015047283e+02,8.373505284926636705e+02,8.373792482863730129e+02,8.374090803330769859e+02,8.374400740458391965e+02,8.374722806121774283e+02,8.375057530022940000e+02,8.375405459740900369e+02,8.375767160755459599e+02,8.376143216452582010e+02,8.376534228121488468e+02,8.376940814956079748e+02,8.377363614075768510e+02,8.377803280583337937e+02,8.378260487679980315e+02,8.378735926860103973e+02,8.379230308210863996e+02,8.379744360843509412e+02,8.380278833485648420e+02,8.380834495265290798e+02,8.381412136719126238e+02,8.382012571058842241e+02,8.382636635730601711e+02,8.383285194303924754e+02,8.383959138727457230e+02,8.384659391990356880e+02,8.385386911229601310e+02,8.386142691325308078e+02,8.386927769028532111e+02,8.387743227668851205e+02,8.388590202492681556e+02,8.389469886687610369e+02,8.390383538153321297e+02,8.391332487085845742e+02,8.392318144448993280e+02,8.393342011414832768e+02,8.394405689863980342e+02,8.395510894045993382e+02,8.396659463510235355e+02,8.397853377427787791e+02,8.399094770434882093e+02,8.400385950137251712e+02,8.401729416421777614e+02,8.403127882725469817e+02,8.404584299410378208e+02,8.406101879383681990e+02,8.407684126081518343e+02,8.409334863898086496e+02,8.411058271081466273e+02,8.412858915025728948e+02,8.414741789753372814e+02,8.416712355187809180e+02,8.418776577543095527e+02,8.420940969783034689e+02,8.423212630594873644e+02,8.425599279649796927e+02,8.428109286045901172e+02,8.430751685712457402e+02,8.433536182168244295e+02,8.436473123363564355e+02,8.439573445429500680e+02,8.442848572117286494e+02,8.446310256764157884e+02,8.449970352179793736e+02,8.453840493572965897e+02,8.457931681518042524e+02,8.462253757339211688e+02,8.466814773803988601e+02,8.471620281329005593e+02,8.476672575071013398e+02,8.481969980595845300e+02,8.487506290976735954e+02,8.493270495913665172e+02,8.499246945884195839e+02,8.505416038615717298e+02,8.511755764541095459e+02,8.518242420506726376e+02,8.524852154909572164e+02,8.531561977100741387e+02,8.538350489020958776e+02,8.545198347216925185e+02,8.552088494917719572e+02,8.559006215999202141e+02,8.565939062474532193e+02,8.572876700431977497e+02,8.579810710123045965e+02,8.586734366602380533e+02,8.593642419164430066e+02,8.600530881268718986e+02,8.607396837712180968e+02,8.614238272294829812e+02,8.621053916858126058e+02,8.627843121077467003e+02,8.634605741519962976e+02,8.641342048042000670e+02,8.648052645450266027e+02,8.654738408377644419e+02,8.661400427456492253e+02,8.668039965055506855e+02,8.674658419050024349e+02,8.681257293298841660e+02,8.687838173691852717e+02,8.694402708806146620e+02,8.700952594361234560e+02,8.707489560796788055e+02,8.714015363409714610e+02,8.720531774583465676e+02,8.727040577723064416e+02,8.733543562576683144e+02,8.740042521680417167e+02,8.746539247709180245e+02,8.753035531554708086e+02,8.759533160983027074e+02,8.766033919749424967e+02,8.772539587070020843e+02,8.779051937366185712e+02,8.785572740212073768e+02,8.792103760426871304e+02,8.798646758262547110e+02,8.805203489645325590e+02,8.811775706434998483e+02,8.818365156670930673e+02,8.824973584777351334e+02,8.831602731703455902e+02,8.838254334976118116e+02,8.844930128644795104e+02,8.851631843099652315e+02,8.858361204745024224e+02,8.865119935511386302e+02,8.871909752190020981e+02,8.878732365575647236e+02,8.885589479403736277e+02,8.892482789071071920e+02,8.899413980130635764e+02,8.906384726555351108e+02,8.913396688769864795e+02,8.920451511455764830e+02,8.927550821143877329e+02,8.934696223618008162e+02,8.941889301168350812e+02,8.949131609750432972e+02,8.956424676127666089e+02,8.963769995103226620e+02,8.971169026980959416e+02,8.978623195436097149e+02,8.986133886025728543e+02,8.993702445626278177e+02,9.001330183150847688e+02,9.009018371971724264e+02,9.016768254549774610e+02,9.024581049847328131e+02,9.032457964164816531e+02,9.040400206078608107e+02,9.048409006144272553e+02,9.056485641930644306e+02,9.064631468714590028e+02,9.072847955723439100e+02,9.081136727066431149e+02,9.089499605326327583e+02,9.097938654040593747e+02,9.106456212828030630e+02,9.115054915566265663e+02,9.123737677727287974e+02,9.132507633839164782e+02,9.141368000517777546e+02,9.150321835656855001e+02,9.159371662161718177e+02,9.168518928334821112e+02,9.177763291467698537e+02,9.187101742463333949e+02,9.196527643494829363e+02,9.206029830508286977e+02,9.215592030492956610e+02,9.225192931902793134e+02,9.234807268682920949e+02
8.364165834961155497e+02,8.364165823502449939e+02,8.364171184846454707e+02,8.364181643984226184e+02,8.364196701772891629e+02,8.364215712275106398e+02,8.364237962723859710e+02,8.364262741575105338e+02,8.364289388177373894e+02,8.364317323452517030e+02,8.364346064318953040e+02,8.364375225911969665e+02,8.364404515691331881e+02,8.364433722901769670e+02,8.364462705999425225e+02,8.364491379827928768e+02,8.364519703637729435e+02,8.364547670524929117e+02,8.364575298509562344e+02,8.364602623248149484e+02,8.364629692247514186e+02,8.364656560386041519e+02,8.364683286530774922e+02,8.364709931046238580e+02,8.364736554011620910e+02,8.364763213989131145e+02,8.364789967213216642e+02,8.364816867095373709e+02,8.364843963961219515e+02,8.364871304955045161e+02,8.364898934062200624e+02,8.364926892211854010e+02,8.364955217432221843e+02,8.364983945037785134e+02,8.365013107833726735e+02,8.365042736327111470e+02,8.365072858937566025e+02,8.365103502202621257e+02,8.365134690974633713e+02,8.365166448607451457e+02,8.365198797131930633e+02,8.365231757420031045e+02,8.365265349337626049e+02,8.365299591886506505e+02,8.365334503336184753e+02,8.365370101346239835e+02,8.365406403079995243e+02,8.365443425310312477e+02,8.365481184518314421e+02,8.365519696985777500e+02,8.365558978881927032e+02,8.365599046345329270e+02,8.365639915561498583e+02,8.365681602836840511e+02,8.365724124669462753e+02,8.365767497817381582e+02,8.365811739364598907e+02,8.365856866785478587e+02,8.365902898007863087e+02,8.365949851475282912e+02,8.365997746208653325e+02,8.366046601867766412e+02,8.366096438812942324e+02,8.366147278167107970e+02,8.366199141878632872e+02,8.366252052785196156e+02,8.366306034678960941e+02,8.366361112373344895e+02,8.366417311771642744e+02,8.366474659937789511e+02,8.366533185169513445e+02,8.366592917074168554e+02,8.366653886647513900e+02,8.366716126355717051e+02,8.366779670220869320e+02,8.366844553910309514e+02,8.366910814830049503e+02,8.366978492222608565e+02,8.367047627269583927e+02,8.367118263199280364e+02,8.367190445399737655e+02,8.367264221537521962e+02,8.367339641682622187e+02,8.367416758439857176e+02,8.367495627087164394e+02,8.367576305721182734e+02,8.367658855410553542e+02,8.367743340357354782e+02,8.367829828067126527e+02,8.367918389527937961e+02,8.368009099398959734e+02,8.368102036209008929e+02,8.368197282565565729e+02,8.368294925374729019e+02,8.368395056072602074e+02,8.368497770868606267e+02,8.368603171001178680e+02,8.368711363006339070e+02,8.368822458999570699e+02,8.368936576971434533e+02,8.369053841097316990e+02,8.369174382061664801e+02,8.369298337396995748e+02,8.369425851837941082e+02,8.369557077690469669e+02,8.369692175216359828e+02,8.369831313032902926e+02,8.369974668527656831e+02,8.370122428287969569e+02,8.370274788544787725e+02,8.370431955630122047e+02,8.370594146447295998e+02,8.370761588952912007e+02,8.370934522649188239e+02,8.371113199085065162e+02,8.371297882364183351e+02,8.371488849657512219e+02,8.371686391718112645e+02,8.371890813395151554e+02,8.372102434143979508e+02,8.372321588528747043e+02,8.372548626713746671e+02,8.372783914939376473e+02,8.373027835978436997e+02,8.373280789568293585e+02,8.373543192814431677e+02,8.373815480560940614e+02,8.374098105723719527e+02,8.374391539582558153e+02,8.374696272028808153e+02,8.375012811766174536e+02,8.375341686463175392e+02,8.375683442857135788e+02,8.376038646811125545e+02,8.376407883327102581e+02,8.376791756520618719e+02,8.377190889564798226e+02,8.377605924613822026e+02,8.378037522718907439e+02,8.378486363752550687e+02,8.378953146359692710e+02,8.379438587957282607e+02,8.379943424806441499e+02,8.380468412183994360e+02,8.381014324682437291e+02,8.381581956669481315e+02,8.382172122940025929e+02,8.382785659594840126e+02,8.383423425181379116e+02,8.384086302133011941e+02,8.384775198543625265e+02,8.385491050315151824e+02,8.386234823716137043e+02,8.387007518390159930e+02,8.387810170853847467e+02,8.388643858525534824e+02,8.389509704327399504e+02,8.390408881906289480e+02,8.391342621521508818e+02,8.392312216651572498e+02,8.393319031376440762e+02,8.394364508596880796e+02,8.395450179158297033e+02,8.396577671952494484e+02,8.397748725077035488e+02,8.398965198137872221e+02,8.400229085786236283e+02,8.401542532584716128e+02,8.402907849299263034e+02,8.404327530712263297e+02,8.405804275045487657e+02,8.407341005068379900e+02,8.408940890944345483e+02,8.410607374831662355e+02,8.412344197201769020e+02,8.414155424759893549e+02,8.416045479743346505e+02,8.418019170221605236e+02,8.420081720817025825e+02,8.422238802991025750e+02,8.424496563680273766e+02,8.426861650601281326e+02,8.429341231949539406e+02,8.431943007482209396e+02,8.434675207078985295e+02,8.437546571825442925e+02,8.440566311483429445e+02,8.443744030972632117e+02,8.447089617320370962e+02,8.450613077671961264e+02,8.454324318749344229e+02,8.458232859118375018e+02,8.462347468466334703e+02,8.466675733636059249e+02,8.471223560275335558e+02,8.475994632271299452e+02,8.480989868573478816e+02,8.486206937047044221e+02,8.491639903728549825e+02,8.497279106083076385e+02,8.503111330048377567e+02,8.509120328706958389e+02,8.515287985256582033e+02,8.521594610577466256e+02,8.528020175254457627e+02,8.534545092480211679e+02,8.541150824110203530e+02,8.547820300770351878e+02,8.554538172116268697e+02,8.561290916335033216e+02,8.568066842022527680e+02,8.574856014001658195e+02,8.581650130159405307e+02,8.588442370840343756e+02,8.595227236876540928e+02,8.602000387547694800e+02,8.608758485876397799e+02,8.615499055682489598e+02,8.622220352647567552e+02,8.628921250132987097e+02,8.635601139504265120e+02,8.642259844108764355e+02,8.648897545722048790e+02,8.655514722134594194e+02,8.662112094530090189e+02,8.668690583361970994e+02,8.675251271533356885e+02,8.681795373804724250e+02,8.688324211478941379e+02,8.694839191535675127e+02,8.701341789501509538e+02,8.707833535445637381e+02,8.714316002582863803e+02,8.720790798045816246e+02,8.727259555457467286e+02,8.733723928994153312e+02,8.740185588679506736e+02,8.746646216692032567e+02,8.753107504504622511e+02,8.759571150704067577e+02,8.766038859363424081e+02,8.772512338860706222e+02,8.778993301054490530e+02,8.785483460741102135e+02,8.791984535329747814e+02,8.798498244681438791e+02,8.805026311065425944e+02,8.811570459193153511e+02,8.818132416294889708e+02,8.824713912208322881e+02,8.831316679451648497e+02,8.837942453256274575e+02,8.844592971536280857e+02,8.851269974773369995e+02,8.857975205797263243e+02,8.864710409442574246e+02,8.871477332064083612e+02,8.878277720893303240e+02,8.885113323220319899e+02,8.891985885386284281e+02,8.898897151573803512e+02,8.905848862385067832e+02,8.912842753201051664e+02,8.919880552319868912e+02,8.926963978878696935e+02,8.934094740571983948e+02,8.941274531189403660e+02,8.948505028010673641e+02,8.955787889111537652e+02,8.963124750656371589e+02,8.970517224278580670e+02,8.977966894680561154e+02,8.985475317620630449e+02,8.993044018494598504e+02,9.000674491763573997e+02,9.008368201524785945e+02,9.016126583564796420e+02,9.023951049267794815e+02,9.031842991765688566e+02,9.039803794696072146e+02,9.047834843857242504e+02,9.055937541885454038e+02,9.064113325787643589e+02,9.072363686689145652e+02,9.080690190434233955e+02,9.089094496630900721e+02,9.097578372279872383e+02,9.106143694204905614e+02,9.114792432083077074e+02,9.123526601031504697e+02,9.132348169685460562e+02,9.141258907033610512e+02,9.150260149918516390e+02,9.159352474601579388e+02,9.168535262338773464e+02,9.177806163305577911e+02,9.187160488319015030e+02,9.196590595348094439e+02,9.206085385963611998e+02,9.215630076542216784e+02,9.225206439109066423e+02,9.234793682022295798e+02
8.364500275676830370e+02,8.364500267533792339e+02,8.364504859452011942e+02,8.364513855998551435e+02,8.364526896250732761e+02,8.364543502716469447e+02,8.364563135036871699e+02,8.364585238714824982e+02,8.364609283476696646e+02,8.364634789575563900e+02,8.364661342817648801e+02,8.364688600383393577e+02,8.364716289921431098e+02,8.364744204256111288e+02,8.364772193643825631e+02,8.364800157027913201e+02,8.364828033285073161e+02,8.364855793078012312e+02,8.364883431643128233e+02,8.364910962641887409e+02,8.364938413074894470e+02,8.364965819181447841e+02,8.364993223208880408e+02,8.365020670922526733e+02,8.365048209729083055e+02,8.365075887296669634e+02,8.365103750569411432e+02,8.365131845090039633e+02,8.365160214559118685e+02,8.365188900573117508e+02,8.365217942495404486e+02,8.365247377424143451e+02,8.365277240229218023e+02,8.365307563636920349e+02,8.365338378346317540e+02,8.365369713165358689e+02,8.365401595157936754e+02,8.365434049795572946e+02,8.365467101109275063e+02,8.365500771838493392e+02,8.365535083575183535e+02,8.365570056901732414e+02,8.365605711522088086e+02,8.365642066385828457e+02,8.365679139805205295e+02,8.365716949565389768e+02,8.365755513028266250e+02,8.365794847230234836e+02,8.365834968974495496e+02,8.365875894918333415e+02,8.365917641655919397e+02,8.365960225797138037e+02,8.366003664042937089e+02,8.366047973257673220e+02,8.366093170538908907e+02,8.366139273285098170e+02,8.366186299261557906e+02,8.366234266665120458e+02,8.366283194187835761e+02,8.366333101080070946e+02,8.366384007213325731e+02,8.366435933143112607e+02,8.366488900172171270e+02,8.366542930414339025e+02,8.366598046859354554e+02,8.366654273438869041e+02,8.366711635093955692e+02,8.366770157844371170e+02,8.366829868859863382e+02,8.366890796533776893e+02,8.366952970559241294e+02,8.367016422008216523e+02,8.367081183413682766e+02,8.367147288855248917e+02,8.367214774048491108e+02,8.367283676438319162e+02,8.367354035296668826e+02,8.367425891824874498e+02,8.367499289261022568e+02,8.367574272992657143e+02,8.367650890675187156e+02,8.367729192356367776e+02,8.367809230607253994e+02,8.367891060660008407e+02,8.367974740553011088e+02,8.368060331283678579e+02,8.368147896969454678e+02,8.368237505017434614e+02,8.368329226303108044e+02,8.368423135358694935e+02,8.368519310571613232e+02,8.368617834393567136e+02,8.368718793560803988e+02,8.368822279326070657e+02,8.368928387702811733e+02,8.369037219722152940e+02,8.369148881703208644e+02,8.369263485537256884e+02,8.369381148986283279e+02,8.369501995996412234e+02,8.369626157026668807e+02,8.369753769393532821e+02,8.369884977631642187e+02,8.370019933870966042e+02,8.370158798230706907e+02,8.370301739230062594e+02,8.370448934215902455e+02,8.370600569807262445e+02,8.370756842356425977e+02,8.370917958426171026e+02,8.371084135282587795e+02,8.371255601402614275e+02,8.371432596995208542e+02,8.371615374534804914e+02,8.371804199305347538e+02,8.371999349952920966e+02,8.372201119044589177e+02,8.372409813630688404e+02,8.372625755807434871e+02,8.372849283276283359e+02,8.373080749896057569e+02,8.373320526223531033e+02,8.373569000037693968e+02,8.373826576842699296e+02,8.374093680344186623e+02,8.374370752893536292e+02,8.374658255894593140e+02,8.374956670167482571e+02,8.375266496264500802e+02,8.375588254733529538e+02,8.375922486325237060e+02,8.376269752141391791e+02,8.376630633722925268e+02,8.377005733078126468e+02,8.377395672653298107e+02,8.377801095250562184e+02,8.378222663900112366e+02,8.378661061697069954e+02,8.379116991616205041e+02,8.379591176320959676e+02,8.380084357986493160e+02,8.380597298159644879e+02,8.381130777681810287e+02,8.381685596703524652e+02,8.382262574822086663e+02,8.382862551375661724e+02,8.383486385929045355e+02,8.384134958987475557e+02,8.384809172975744787e+02,8.385509953520269164e+02,8.386238251071873719e+02,8.386995042906911522e+02,8.387781335544079866e+02,8.388598167614043177e+02,8.389446613218852917e+02,8.390327785818356006e+02,8.391242842681346019e+02,8.392192989940307370e+02,8.393179488290277277e+02,8.394203659374629751e+02,8.395266892903383678e+02,8.396370654552971473e+02,8.397516494699941632e+02,8.398706058044665497e+02,8.399941094184381427e+02,8.401223469197351505e+02,8.402555178300945045e+02,8.403938359645425180e+02,8.405375309300982281e+02,8.406868497487101877e+02,8.408420586078979113e+02,8.410034447403431841e+02,8.411713184304041988e+02,8.413460151408791035e+02,8.415278977469010897e+02,8.417173588550871273e+02,8.419148231743382667e+02,8.421207498892237027e+02,8.423356349667475342e+02,8.425600133014543189e+02,8.427944605711546728e+02,8.430395946349100313e+02,8.432960762553785798e+02,8.435646088686950179e+02,8.438459370571315503e+02,8.441408433048153483e+02,8.444501425391281373e+02,8.447746738881340889e+02,8.451152890306530026e+02,8.454728365003946919e+02,8.458481413571130361e+02,8.462419797931368066e+02,8.466550485474333527e+02,8.470879294984030139e+02,8.475410505385161741e+02,8.480146448066334415e+02,8.485087115142204084e+02,8.490229827942539487e+02,8.495569019269142927e+02,8.501096184912299805e+02,8.506800048801667344e+02,8.512666956292214309e+02,8.518681805147319892e+02,8.524828055472903543e+02,8.531088742671271348e+02,8.537447085022475903e+02,8.543886978863846480e+02,8.550393366229729963e+02,8.556952478549109173e+02,8.563551971447354845e+02,8.570180971071814611e+02,8.576830053404964929e+02,8.583491176404138514e+02,8.590157581825568514e+02,8.596823680162636947e+02,8.603484928813325041e+02,8.610137710684177819e+02,8.616779218052851093e+02,8.623407344654210647e+02,8.630020587573658304e+02,8.636617959548285626e+02,8.643198911610004416e+02,8.649763265579341578e+02,8.656311155670092603e+02,8.662842978341610660e+02,8.669359349497409539e+02,8.675861068145820809e+02,8.682349085689282902e+02,8.688824480078063743e+02,8.695288434141559719e+02,8.701742217488965707e+02,8.708187171446852517e+02,8.714624696571576123e+02,8.721056242338304401e+02,8.727483298665249549e+02,8.733907388981683653e+02,8.740330064591689734e+02,8.746752900123044583e+02,8.753177489882694999e+02,8.759605444967571657e+02,8.766038391002663275e+02,8.772477966397765385e+02,8.778925821030827592e+02,8.785383615279541800e+02,8.791853019334350847e+02,8.798335712735614607e+02,8.804833384085580974e+02,8.811347730892350683e+02,8.817880459508290869e+02,8.824433285129746309e+02,8.831007931828270330e+02,8.837606132586414560e+02,8.844229629313176702e+02,8.850880172815921014e+02,8.857559522706754933e+02,8.864269447222343388e+02,8.871011722936839305e+02,8.877788134348249969e+02,8.884600473319178491e+02,8.891450538353631146e+02,8.898340133692616973e+02,8.905271068212687169e+02,8.912245154113670651e+02,8.919264205384753268e+02,8.926330036042081701e+02,8.933444458136519870e+02,8.940609279537263774e+02,8.947826301506265736e+02,8.955097316089958213e+02,8.962424103369030490e+02,8.969808428624172620e+02,8.977252039495749614e+02,8.984756663238013061e+02,8.992324004193001201e+02,8.999955741633995103e+02,9.007653528150854072e+02,9.015418988765291033e+02,9.023253720966880564e+02,9.031159295840823233e+02,9.039137260402995935e+02,9.047189141148417093e+02,9.055316448632127049e+02,9.063520682606258561e+02,9.071803336797163411e+02,9.080165901781027742e+02,9.088609863564181524e+02,9.097136694363639435e+02,9.105747830707433650e+02,9.114444632376980735e+02,9.123228314028564228e+02,9.132099839832852695e+02,9.141059770641480782e+02,9.150108053780720638e+02,9.159243748648875680e+02,9.168464688197216219e+02,9.177767088523492021e+02,9.187145137216809871e+02,9.196590615459535911e+02,9.206092636161355358e+02,9.215637602936883468e+02,9.225209498759097642e+02,9.234790579427319699e+02
8.364830213729809429e+02,8.364830207804229758e+02,8.364834212550842949e+02,8.364842085755728931e+02,8.364853561371257911e+02,8.364868281167690611e+02,8.364885831212941412e+02,8.364905776771639694e+02,8.364927691511981038e+02,8.364951179165834674e+02,8.364975887506390109e+02,8.365001515570488664e+02,8.365027815549349270e+02,8.365054590865649971e+02,8.365081691809732547e+02,8.365109009850588109e+02,8.365136471454036382e+02,8.365164031980198160e+02,8.365191670017560455e+02,8.365219382347357850e+02,8.365247179615677169e+02,8.365275082713801567e+02,8.365303119820588336e+02,8.365331324035961416e+02,8.365359731524730478e+02,8.365388380089641487e+02,8.365417308097902378e+02,8.365446553693567466e+02,8.365476154237499031e+02,8.365506145925805868e+02,8.365536563546319258e+02,8.365567440340259964e+02,8.365598807942830035e+02,8.365630696381983853e+02,8.365663134119162123e+02,8.365696148119473037e+02,8.365729763941751571e+02,8.365764005841294875e+02,8.365798896879895210e+02,8.365834459039238027e+02,8.365870713334843458e+02,8.365907679928583320e+02,8.365945378238434387e+02,8.365983827044645977e+02,8.366023044591827329e+02,8.366063048686750108e+02,8.366103856791852422e+02,8.366145486114560299e+02,8.366187953692635801e+02,8.366231276475845107e+02,8.366275471404259179e+02,8.366320555483523549e+02,8.366366545857472374e+02,8.366413459878431240e+02,8.366461315175563414e+02,8.366510129721621070e+02,8.366559921898432322e+02,8.366610710561454880e+02,8.366662515103720352e+02,8.366715355519478408e+02,8.366769252467832985e+02,8.366824227336677495e+02,8.366880302307201873e+02,8.366937500419253411e+02,8.366995845637820821e+02,8.367055362920933703e+02,8.367116078289208190e+02,8.367178018897352558e+02,8.367241213107865860e+02,8.367305690567221745e+02,8.367371482284812600e+02,8.367438620714926856e+02,8.367507139842052766e+02,8.367577075269812212e+02,8.367648464313801924e+02,8.367721346098693402e+02,8.367795761659881464e+02,8.367871754050042910e+02,8.367949368450933889e+02,8.368028652290815899e+02,8.368109655367857158e+02,8.368192429979930012e+02,8.368277031061199978e+02,8.368363516325939599e+02,8.368451946420005925e+02,8.368542385080457962e+02,8.368634899303769998e+02,8.368729559523167154e+02,8.368826439795584520e+02,8.368925617998781945e+02,8.369027176039178357e+02,8.369131200070955856e+02,8.369237780727022482e+02,8.369347013362432790e+02,8.369458998310849438e+02,8.369573841154665388e+02,8.369691653009394940e+02,8.369812550822927051e+02,8.369936657690258244e+02,8.370064103184253099e+02,8.370195023703023480e+02,8.370329562834409671e+02,8.370467871738061376e+02,8.370610109545523301e+02,8.370756443778665243e+02,8.370907050786698846e+02,8.371062116201933350e+02,8.371221835414253292e+02,8.371386414064190831e+02,8.371556068554231160e+02,8.371731026577825787e+02,8.371911527665321273e+02,8.372097823745721143e+02,8.372290179722941730e+02,8.372488874064803213e+02,8.372694199402694721e+02,8.372906463139371454e+02,8.373125988061949556e+02,8.373353112956652922e+02,8.373588193221398797e+02,8.373831601471807744e+02,8.374083728135689171e+02,8.374344982030635265e+02,8.374615790918850280e+02,8.374896602033002182e+02,8.375187882566589224e+02,8.375490120122141207e+02,8.375803823110603616e+02,8.376129521095410837e+02,8.376467765075260559e+02,8.376819127700263152e+02,8.377184203417263006e+02,8.377563608541472604e+02,8.377957981253401840e+02,8.378367981522204673e+02,8.378794290959165210e+02,8.379237612607944357e+02,8.379698670681506201e+02,8.380178210259095977e+02,8.380676996960369252e+02,8.381195816617459968e+02,8.381735474969497091e+02,8.382296797407520899e+02,8.382880628800996874e+02,8.383487833439834276e+02,8.384119295128134581e+02,8.384775917467527506e+02,8.385458624369082372e+02,8.386168360833214592e+02,8.386906094036958166e+02,8.387672814767375939e+02,8.388469539238911921e+02,8.389297311331285982e+02,8.390157205283179565e+02,8.391050328875701325e+02,8.391977827138545081e+02,8.392940886611027054e+02,8.393940740189948428e+02,8.394978672596488423e+02,8.396056026495174365e+02,8.397174209299253107e+02,8.398334700698389952e+02,8.399539060946374320e+02,8.400788939947885865e+02,8.402086087184196685e+02,8.403432362517132788e+02,8.404829747908252102e+02,8.406280360084991798e+02,8.407786464176730306e+02,8.409350488329826021e+02,8.410975039290459563e+02,8.412662918915544878e+02,8.414417141532711639e+02,8.416240952017732297e+02,8.418137844388056692e+02,8.420111580620221048e+02,8.422166209281851934e+02,8.424306083419974129e+02,8.426535876960109590e+02,8.428860598638646024e+02,8.431285602207916554e+02,8.433816591314757716e+02,8.436459617057383866e+02,8.439221065776607702e+02,8.442107634149400610e+02,8.445126288153866199e+02,8.448284202014067432e+02,8.451588672888909741e+02,8.455047006956589257e+02,8.458666372824363862e+02,8.462453619069488013e+02,8.466415054438090237e+02,8.470556192057902081e+02,8.474881463184542554e+02,8.479393911596297357e+02,8.484094886604342491e+02,8.488983760119838280e+02,8.494057700020071024e+02,8.499311536087786862e+02,8.504737753254011068e+02,8.510326636792564159e+02,8.516066573501452694e+02,8.521944835778321021e+02,8.527947386570511981e+02,8.534059739102539197e+02,8.540267430409787721e+02,8.546556423430571385e+02,8.552913421778470138e+02,8.559326094686507531e+02,8.565783218833595356e+02,8.572274749048664262e+02,8.578791832043187924e+02,8.585326777300110734e+02,8.591872997906535829e+02,8.598424932127134070e+02,8.604977954339177586e+02,8.611528281875150697e+02,8.618072882498033778e+02,8.624609385728138022e+02,8.631136000051726569e+02,8.637651437141687438e+02,8.644154843565883084e+02,8.650645740002670436e+02,8.657123967681437762e+02,8.663589641580450689e+02,8.670043109813179854e+02,8.676484918592581153e+02,8.682915782161167044e+02,8.689336557098907861e+02,8.695748220460577613e+02,8.702151851241770828e+02,8.708548614723478067e+02,8.714939749295482443e+02,8.721326555406939178e+02,8.727710386336989359e+02,8.734092640518762209e+02,8.740474755186223774e+02,8.746858201145298608e+02,8.753244478498629633e+02,8.759635113177616859e+02,8.766031654156295190e+02,8.772435671239618387e+02,8.778848753334020785e+02,8.785272507121215995e+02,8.791708556067188738e+02,8.798158539707646923e+02,8.804624113158984073e+02,8.811106946810257341e+02,8.817608726157027377e+02,8.824131151742273005e+02,8.830675939173088409e+02,8.837244819184654716e+02,8.843839537725115179e+02,8.850461856036591826e+02,8.857113550708694447e+02,8.863796413681636750e+02,8.870512252176508809e+02,8.877262888530436840e+02,8.884050159914385176e+02,8.890875917911359920e+02,8.897742027932721385e+02,8.904650368450478481e+02,8.911602830023832666e+02,8.918601314099096271e+02,8.925647731563519756e+02,8.932744001035823658e+02,8.939892046879383543e+02,8.947093796928432994e+02,8.954351179923384052e+02,8.961666122658499489e+02,8.969040546853858586e+02,8.976476365773388579e+02,8.983975480621405723e+02,8.991539776760532732e+02,8.999171119802393832e+02,9.006871351626667774e+02,9.014642286379854568e+02,9.022485706487024117e+02,9.030403358670077978e+02,9.038396949894084855e+02,9.046468143045591432e+02,9.054618551966419773e+02,9.062849735203377577e+02,9.071163187466597719e+02,9.079560327295766911e+02,9.088042478798917045e+02,9.096610844551810260e+02,9.105266465853675300e+02,9.114010165600384425e+02,9.122842468204393072e+02,9.131763490509531493e+02,9.140772797898810040e+02,9.149869221306922782e+02,9.159050634296160069e+02,9.168313695460739154e+02,9.177653570773752563e+02,9.187063663153513744e+02,9.196535391478006431e+02,9.206058075639145954e+02,9.215618992539324381e+02,9.225203661965722404e+02,9.234796391514327070e+02
8.365156214008641200e+02,8.365156209607624760e+02,8.365159761081528131e+02,8.365166762805972667e+02,8.365177015236680518e+02,8.365190245852164708e+02,8.365206134261965190e+02,8.365224337303980064e+02,8.365244511133162177e+02,8.365266328648638137e+02,8.365289491754738265e+02,8.365313738757603232e+02,8.365338847659893418e+02,8.365364636299318590e+02,8.365390960270506184e+02,8.365417709454690112e+02,8.365444803819203798e+02,8.365472188979474595e+02,8.365499831863384088e+02,8.365527716691997284e+02,8.365555841394037770e+02,8.365584214501957376e+02,8.365612852530492773e+02,8.365641777809348696e+02,8.365671016725453910e+02,8.365700598323112445e+02,8.365730553209330083e+02,8.365760912714205233e+02,8.365791708260909445e+02,8.365822970905404645e+02,8.365854731011719423e+02,8.365887018034165976e+02,8.365919860382829256e+02,8.365953285353053843e+02,8.365987319103428490e+02,8.366021986669904891e+02,8.366057312006339544e+02,8.366093318043842828e+02,8.366130026763091792e+02,8.366167459275121701e+02,8.366205635907232363e+02,8.366244576291494468e+02,8.366284299454040365e+02,8.366324823903848937e+02,8.366366167720128715e+02,8.366408348637728523e+02,8.366451384130247106e+02,8.366495291490674617e+02,8.366540087909543217e+02,8.366585790550661841e+02,8.366632416624577218e+02,8.366679983459938512e+02,8.366728508573020235e+02,8.366778009735620572e+02,8.366828505041619337e+02,8.366880012972447958e+02,8.366932552461765908e+02,8.366986142959592598e+02,8.367040804496182318e+02,8.367096557745919654e+02,8.367153424091475244e+02,8.367211425688518602e+02,8.367270585531231291e+02,8.367330927518881936e+02,8.367392476523735922e+02,8.367455258460545338e+02,8.367519300357889733e+02,8.367584630431633741e+02,8.367651278160751644e+02,8.367719274365815636e+02,8.367788651290408097e+02,8.367859442685745535e+02,8.367931683898804067e+02,8.368005411964261384e+02,8.368080665700543932e+02,8.368157485810324943e+02,8.368235914985789350e+02,8.368315998019037352e+02,8.368397781917960856e+02,8.368481316027999810e+02,8.368566652160155854e+02,8.368653844725693034e+02,8.368742950877935982e+02,8.368834030661636234e+02,8.368927147170368244e+02,8.369022366712448502e+02,8.369119758985891622e+02,8.369219397262926350e+02,8.369321358584647896e+02,8.369425723966352280e+02,8.369532578614175691e+02,8.369642012153636870e+02,8.369754118870721413e+02,8.369868997966154893e+02,8.369986753823530989e+02,8.370107496291971074e+02,8.370231340983981454e+02,8.370358409589216535e+02,8.370488830204801616e+02,8.370622737682903107e+02,8.370760273996177148e+02,8.370901588621740075e+02,8.371046838944208730e+02,8.371196190678372204e+02,8.371349818311903164e+02,8.371507905568521437e+02,8.371670645891819049e+02,8.371838242949897904e+02,8.372010911160774640e+02,8.372188876238310513e+02,8.372372375758228600e+02,8.372561659743506652e+02,8.372756991268130378e+02,8.372958647077875867e+02,8.373166918226380631e+02,8.373382110724356835e+02,8.373604546199334209e+02,8.373834562562776682e+02,8.374072514680897257e+02,8.374318775044904442e+02,8.374573734435768984e+02,8.374837802578032324e+02,8.375111408776513144e+02,8.375395002529195381e+02,8.375689054109060407e+02,8.375994055107142913e+02,8.376310518928786450e+02,8.376638981234916628e+02,8.376980000320196496e+02,8.377334157420265228e+02,8.377702056940905777e+02,8.378084326603009231e+02,8.378481617498624701e+02,8.378894604055284390e+02,8.379323983908159335e+02,8.379770477682412775e+02,8.380234828691442317e+02,8.380717802560371865e+02,8.381220186788198134e+02,8.381742790266229122e+02,8.382286442774793613e+02,8.382851994484464058e+02,8.383440315492064201e+02,8.384052295425414059e+02,8.384688843153845710e+02,8.385350886643985859e+02,8.386039373002017783e+02,8.386755268744516343e+02,8.387499560340047537e+02,8.388273255063062379e+02,8.389077382200246120e+02,8.389912994647579580e+02,8.390781170934031934e+02,8.391683017705242946e+02,8.392619672697958322e+02,8.393592308233529593e+02,8.394602135256662905e+02,8.395650407943929849e+02,8.396738428905453020e+02,8.397867555002609379e+02,8.399039203804489944e+02,8.400254860706068030e+02,8.401516086731171526e+02,8.402824527043140961e+02,8.404181920184836372e+02,8.405590108066894572e+02,8.407051046718128191e+02,8.408566817803691720e+02,8.410139640904392309e+02,8.411771886532850431e+02,8.413466089837992286e+02,8.415224964916809540e+02,8.417051419609520053e+02,8.418948570598912511e+02,8.420919758563942423e+02,8.422968563048452779e+02,8.425098816594598929e+02,8.427314617553380458e+02,8.429620340817765509e+02,8.432020645523834901e+02,8.434520478529965430e+02,8.437125072213179919e+02,8.439839934819212885e+02,8.442670831278242076e+02,8.445623752069958527e+02,8.448704867420642586e+02,8.451920463888415043e+02,8.455276860309268159e+02,8.458780300228721671e+02,8.462436818451245699e+02,8.466252080343540456e+02,8.470231194181307046e+02,8.474378499270383145e+02,8.478697335881671506e+02,8.483189807169404730e+02,8.487856547932290141e+02,8.492696519749154049e+02,8.497706855697086894e+02,8.502882779157671393e+02,8.508217618509861495e+02,8.513702931374721175e+02,8.519328738065315747e+02,8.525084209877254580e+02,8.530957322937292702e+02,8.536935610676606530e+02,8.543006535246572639e+02,8.549157813513832025e+02,8.555377683240023998e+02,8.561655104363875353e+02,8.567979897363392183e+02,8.574342825282682270e+02,8.580735628451222965e+02,8.587151021704241884e+02,8.593582663561131767e+02,8.600025105795176614e+02,8.606473730486370641e+02,8.612924680235165624e+02,8.619374785881370826e+02,8.625821494901196047e+02,8.632262802679422293e+02,8.638697188074190763e+02,8.645123554092469931e+02,8.651541174049714300e+02,8.657949643270086426e+02,8.664348836167442869e+02,8.670738868408571989e+02,8.677120063779286738e+02,8.683492925334716119e+02,8.689858110405116349e+02,8.696216409038039501e+02,8.702568725479602563e+02,8.708916062326687779e+02,8.715259507014595783e+02,8.721600220338211784e+02,8.727939426737757458e+02,8.734278406111346840e+02,8.740618486945486438e+02,8.746961040580893041e+02,8.753307476454567677e+02,8.759659238179950762e+02,8.766017800345393880e+02,8.772384665927222613e+02,8.778761364227600552e+02,8.785149449259439507e+02,8.791550498510873695e+02,8.797966112030617296e+02,8.804397911782980373e+02,8.810847541227507236e+02,8.817316665083461658e+02,8.823806969243612457e+02,8.830320160805218848e+02,8.836857968188835457e+02,8.843422141317616934e+02,8.850014451831259521e+02,8.856636693309694692e+02,8.863290681482089894e+02,8.869978254396803550e+02,8.876701272527591300e+02,8.883461618790743159e+02,8.890261198446862636e+02,8.897101938859897245e+02,8.903985789084691760e+02,8.910914719252926943e+02,8.917890719725935469e+02,8.924915799981495184e+02,8.931991987200576659e+02,8.939121324519088603e+02,8.946305868909090577e+02,8.953547688653752630e+02,8.960848860380488077e+02,8.968211465617077920e+02,8.975637586835922548e+02,8.983129302951219870e+02,8.990688684232015930e+02,8.998317786589191201e+02,9.006018645184354909e+02,9.013793267290313906e+02,9.021643624301892714e+02,9.029571642746744828e+02,9.037579194071071242e+02,9.045668082865885253e+02,9.053840033045107702e+02,9.062096671276187863e+02,9.070439506686790310e+02,9.078869905520433576e+02,9.087389058991230968e+02,9.095997942109147516e+02,9.104697260753406454e+02,9.113487383840689517e+02,9.122368257196700370e+02,9.131339295890967378e+02,9.140399252607908238e+02,9.149546061444979159e+02,9.158776659729701350e+02,9.168086795361020904e+02,9.177470833929930905e+02,9.186921588128274152e+02,9.196430200596693112e+02,9.205986118145410728e+02,9.215577196638910209e+02,9.225189967192478662e+02,9.234810071432392533e+02
8.365478714389920469e+02,8.365478711062514776e+02,8.365481909476328610e+02,8.365488229773626472e+02,8.365497519932753221e+02,8.365509569925820870e+02,8.365524129242591016e+02,8.365540925057924824e+02,8.365559678907112584e+02,8.365580120521384515e+02,8.365601998224063891e+02,8.365625085870373141e+02,8.365649186695104618e+02,8.365674134631001380e+02,8.365699793720043544e+02,8.365726056207336114e+02,8.365752839824128841e+02,8.365780084663114167e+02,8.365807749945722662e+02,8.365835810888916058e+02,8.365864255803118112e+02,8.365893083494253233e+02,8.365922301000174457e+02,8.365951921662361883e+02,8.365981963515084772e+02,8.366012447963369141e+02,8.366043398716103638e+02,8.366074840939306796e+02,8.366106800595886170e+02,8.366139303940813079e+02,8.366172377144082475e+02,8.366206046017418885e+02,8.366240335824215890e+02,8.366275271155556084e+02,8.366310875858054033e+02,8.366347173001890951e+02,8.366384184879625536e+02,8.366421933028203739e+02,8.366460438268157986e+02,8.366499720755297176e+02,8.366539800041161925e+02,8.366580695139432464e+02,8.366622424596108658e+02,8.366665006561846667e+02,8.366708458865247167e+02,8.366752799086249297e+02,8.366798044629017568e+02,8.366844212793954512e+02,8.366891320848592386e+02,8.366939386097265015e+02,8.366988425949538168e+02,8.367038457987464426e+02,8.367089500031754596e+02,8.367141570207028280e+02,8.367194687006300455e+02,8.367248869354915541e+02,8.367304136674123356e+02,8.367360508944531148e+02,8.367418006769635213e+02,8.367476651439694706e+02,8.367536464996148879e+02,8.367597470296840356e+02,8.367659691082275231e+02,8.367723152043151913e+02,8.367787878889432704e+02,8.367853898421167287e+02,8.367921238601359164e+02,8.367989928631106977e+02,8.368059999027291269e+02,8.368131481703080681e+02,8.368204410051532705e+02,8.368278819032562978e+02,8.368354745263605992e+02,8.368432227114237776e+02,8.368511304805115287e+02,8.368592020511531473e+02,8.368674418471954368e+02,8.368758545101899244e+02,8.368844449113514656e+02,8.368932181641268926e+02,8.369021796374170208e+02,8.369113349694919179e+02,8.369206900826485480e+02,8.369302511986546733e+02,8.369400248550308561e+02,8.369500179222225142e+02,8.369602376217147821e+02,8.369706915451484974e+02,8.369813876744959771e+02,8.369923344033577450e+02,8.370035405594454687e+02,8.370150154283165875e+02,8.370267687784297550e+02,8.370388108875923763e+02,8.370511525708719773e+02,8.370638052100481445e+02,8.370767807846779078e+02,8.370900919048540345e+02,8.371037518457310398e+02,8.371177745838978126e+02,8.371321748356697299e+02,8.371469680973752929e+02,8.371621706877069755e+02,8.371777997922001759e+02,8.371938735098996176e+02,8.372104109022637886e+02,8.372274320443453917e+02,8.372449580782763405e+02,8.372630112690650321e+02,8.372816150626998706e+02,8.373007941465234580e+02,8.373205745118217465e+02,8.373409835185345855e+02,8.373620499619615885e+02,8.373838041412943767e+02,8.374062779297578345e+02,8.374295048460930957e+02,8.374535201270522293e+02,8.374783608005162705e+02,8.375040657587721853e+02,8.375306758314184208e+02,8.375582338572861545e+02,8.375867847546915073e+02,8.376163755892503104e+02,8.376470556384232395e+02,8.376788764518835251e+02,8.377118919067564775e+02,8.377461582567340201e+02,8.377817341740620805e+02,8.378186807834082401e+02,8.378570616866721821e+02,8.378969429778935591e+02,8.379383932475564052e+02,8.379814835757833862e+02,8.380262875141704626e+02,8.380728810563221032e+02,8.381213425975203108e+02,8.381717528843811351e+02,8.382241949558165288e+02,8.382787540771154227e+02,8.383355176694657303e+02,8.383945752377371718e+02,8.384560182998253595e+02,8.385199403212764082e+02,8.385864366592739998e+02,8.386556045203425356e+02,8.387275429362942987e+02,8.388023527630239187e+02,8.388801367067193269e+02,8.389609993819245801e+02,8.390450474056646044e+02,8.391323895315424579e+02,8.392231368273548924e+02,8.393174028993785214e+02,8.394153041660648569e+02,8.395169601834851392e+02,8.396224940244997015e+02,8.397320327133088540e+02,8.398457077167967100e+02,8.399636554938881545e+02,8.400860181040152384e+02,8.402129438756924174e+02,8.403445881361064949e+02,8.404811140024843326e+02,8.406226932357511714e+02,8.407695071565617582e+02,8.409217476231060573e+02,8.410796180690647361e+02,8.412433345986308950e+02,8.414131271335137399e+02,8.415892406041822369e+02,8.417719361741510511e+02,8.419614924817138899e+02,8.421582068779963492e+02,8.423623966333445878e+02,8.425744000756627656e+02,8.427945776141311853e+02,8.430233125895564399e+02,8.432610118782503150e+02,8.435081061596926020e+02,8.437650497393751721e+02,8.440323197974339564e+02,8.443104149116476265e+02,8.445998526813178842e+02,8.449011662584221085e+02,8.452148995771852924e+02,8.455416010670072637e+02,8.458818156420846890e+02,8.462360747911440058e+02,8.466048846508404040e+02,8.469887120456846787e+02,8.473879686244050617e+02,8.478029934232906726e+02,8.482340344411258002e+02,8.486812301071834099e+02,8.491445918370601476e+02,8.496239891541177940e+02,8.501191390375690844e+02,8.506296011541768394e+02,8.511547803487354713e+02,8.516939371469696880e+02,8.522462060754597815e+02,8.528106581441589924e+02,8.533862546988381155e+02,8.539719151676384854e+02,8.545665464114208589e+02,8.551690691887092726e+02,8.557784405153721536e+02,8.563936713388478665e+02,8.570138394714265360e+02,8.576380981038506661e+02,8.582656804526433234e+02,8.588959012053505830e+02,8.595281554479405486e+02,8.601619157180194861e+02,8.607967277518022229e+02,8.614322054012824310e+02,8.620680251042216469e+02,8.627039202018133892e+02,8.633396753217302830e+02,8.639751209795333580e+02,8.646101284991844977e+02,8.652446053126650440e+02,8.658784906679768483e+02,8.665117517524164441e+02,8.671443802223557213e+02,8.677763891203572939e+02,8.684078101540494572e+02,8.690386913077425106e+02,8.696690947564521821e+02,8.702990950521567584e+02,8.709287775532611704e+02,8.715582370699909234e+02,8.721875767005402622e+02,8.728169068350413227e+02,8.734463443066898662e+02,8.740760116715526920e+02,8.747060366006553522e+02,8.753365513698613540e+02,8.759676924347929798e+02,8.765996000796154703e+02,8.772324181298952226e+02,8.778662937209800248e+02,8.785013771144228940e+02,8.791378215559144564e+02,8.797757831689943941e+02,8.804154208795093837e+02,8.810568963663723707e+02,8.817003740346702898e+02,8.823460210075758141e+02,8.829940071338463667e+02,8.836445050079499879e+02,8.842976900000503520e+02,8.849537402932078294e+02,8.856128369252307948e+02,8.862751638326196826e+02,8.869409078940166182e+02,8.876102589704794354e+02,8.882834099397639420e+02,8.889605567216110558e+02,8.896418982907975987e+02,8.903276366744294137e+02,8.910179769296266841e+02,8.917131270973723076e+02,8.924132981278803527e+02,8.931187037723723279e+02,8.938295604356426338e+02,8.945460869832390927e+02,8.952685044964728149e+02,8.959970359678063687e+02,8.967319059284104696e+02,8.974733399988207339e+02,8.982215643525941005e+02,8.989768050816049936e+02,8.997392874500159223e+02,9.005092350218468482e+02,9.012868686442673152e+02,9.020724052649369469e+02,9.028660565566074183e+02,9.036680273153299368e+02,9.044785135895233452e+02,9.052977004853609060e+02,9.061257595790132200e+02,9.069628458480614199e+02,9.078090940131404523e+02,9.086646141576720765e+02,9.095294864707951774e+02,9.104037549405895788e+02,9.112874198183873204e+02,9.121804286906436801e+02,9.130826660466118483e+02,9.139939413356032674e+02,9.149139756866512698e+02,9.158423877339910177e+02,9.167786793633664502e+02,9.177222226566591416e+02,9.186722498211070160e+02,9.196278483488360962e+02,9.205879639037524385e+02,9.215514132583133460e+02,9.225169087647808510e+02,9.234830941832202598e+02
8.365798057081847219e+02,8.365798054526467240e+02,8.365800976118591734e+02,8.365806760529117128e+02,8.365815290297762203e+02,8.365826401598629900e+02,8.365839896644288274e+02,8.365855556943399733e+02,8.365873155907003138e+02,8.365892469754268177e+02,8.365913286147747385e+02,8.365935410396442649e+02,8.365958669361160673e+02,8.365982913377284831e+02,8.366008016593219736e+02,8.366033876134416687e+02,8.366060410468865030e+02,8.366087557291938310e+02,8.366115271182018205e+02,8.366143521213751910e+02,8.366172288658807474e+02,8.366201564857066160e+02,8.366231349304691776e+02,8.366261647978642486e+02,8.366292471898398162e+02,8.366323835913437961e+02,8.366355757697721174e+02,8.366388256928771625e+02,8.366421354627807432e+02,8.366455072637886587e+02,8.366489433218590648e+02,8.366524458737789018e+02,8.366560171443398986e+02,8.366596593300322411e+02,8.366633745879978505e+02,8.366671650291856395e+02,8.366710327148300621e+02,8.366749796555325247e+02,8.366790078123563035e+02,8.366831190994613507e+02,8.366873153878998437e+02,8.366915985102691593e+02,8.366959702659870572e+02,8.367004324270053530e+02,8.367049867438184947e+02,8.367096349516632472e+02,8.367143787768275160e+02,8.367192199430123765e+02,8.367241601777083133e+02,8.367292012185586145e+02,8.367343448196952522e+02,8.367395927580420221e+02,8.367449468395843724e+02,8.367504089056109251e+02,8.367559808389369209e+02,8.367616645701230027e+02,8.367674620837011616e+02,8.367733754244291049e+02,8.367794067035864600e+02,8.367855581053364631e+02,8.367918318931699559e+02,8.367982304164551124e+02,8.368047561171131292e+02,8.368114115364434156e+02,8.368181993221199946e+02,8.368251222353840149e+02,8.368321831584553365e+02,8.368393851021903629e+02,8.368467312140085141e+02,8.368542247861176975e+02,8.368618692640641257e+02,8.368696682556351334e+02,8.368776255401461412e+02,8.368857450781420084e+02,8.368940310215438103e+02,8.369024877242782168e+02,8.369111197534209623e+02,8.369199319008940847e+02,8.369289291957556998e+02,8.369381169171209649e+02,8.369475006077598209e+02,8.369570860884145986e+02,8.369668794728856938e+02,8.369768871839345366e+02,8.369871159700561520e+02,8.369975729231755395e+02,8.370082654973267609e+02,8.370192015283729461e+02,8.370303892548314479e+02,8.370418373398699714e+02,8.370535548945416622e+02,8.370655515023315729e+02,8.370778372450888583e+02,8.370904227304207552e+02,8.371033191206298625e+02,8.371165381632745266e+02,8.371300922234389645e+02,8.371439943177962277e+02,8.371582581505522285e+02,8.371728981513585950e+02,8.371879295152798477e+02,8.372033682449006164e+02,8.372192311946587324e+02,8.372355361174790005e+02,8.372523017137855277e+02,8.372695476829561585e+02,8.372872947772764292e+02,8.373055648584355595e+02,8.373243809565941547e+02,8.373437673320295289e+02,8.373637495393461450e+02,8.373843544942066046e+02,8.374056105425077021e+02,8.374275475318859208e+02,8.374501968853930975e+02,8.374735916771302300e+02,8.374977667095688503e+02,8.375227585922235676e+02,8.375486058212669604e+02,8.375753488595966019e+02,8.376030302167775972e+02,8.376316945281930657e+02,8.376613886326381362e+02,8.376921616474953680e+02,8.377240650405356064e+02,8.377571526972972151e+02,8.377914809829172782e+02,8.378271087972264013e+02,8.378640976218779315e+02,8.379025115582770695e+02,8.379424173551043395e+02,8.379838844243109861e+02,8.380269848445979051e+02,8.380717933515940103e+02,8.381183873142192624e+02,8.381668466970625104e+02,8.382172540090208486e+02,8.382696942389287642e+02,8.383242547794490065e+02,8.383810253410727000e+02,8.384400978586817246e+02,8.385015663937215322e+02,8.385655270355966877e+02,8.386320778064083470e+02,8.387013185735709158e+02,8.387733509751602696e+02,8.388482783630328186e+02,8.389262057688110872e+02,8.390072398977554258e+02,8.390914891553271673e+02,8.391790637109259023e+02,8.392700756028469868e+02,8.393646388880022187e+02,8.394628698393792092e+02,8.395648871936332398e+02,8.396708124506308195e+02,8.397807702262241492e+02,8.398948886590661687e+02,8.400132998718798945e+02,8.401361404872967569e+02,8.402635521981452484e+02,8.403956823919070303e+02,8.405326848288931387e+02,8.406747203734934146e+02,8.408219577775383868e+02,8.409745745143084150e+02,8.411327576609503467e+02,8.412967048259295098e+02,8.414666251165601807e+02,8.416427401395426386e+02,8.418252850246751677e+02,8.420145094584192975e+02,8.422106787096435028e+02,8.424140746245541322e+02,8.426249965613855011e+02,8.428437622277594983e+02,8.430707083745917316e+02,8.433061912899433992e+02,8.435505870242556057e+02,8.438042912650294056e+02,8.440677187644683954e+02,8.443413022083580017e+02,8.446254903993263952e+02,8.449207456139040460e+02,8.452275399823205362e+02,8.455463507353580326e+02,8.458776541672280018e+02,8.462219181816659557e+02,8.465795933253322119e+02,8.469511022737409576e+02,8.473368278256981512e+02,8.477370995867514694e+02,8.481521796815586640e+02,8.485822480252768401e+02,8.490273878929141347e+02,8.494875727302188579e+02,8.499626553146747483e+02,8.504523604533127354e+02,8.509562823415700450e+02,8.514738874561860484e+02,8.520045233925930006e+02,8.525474334120344793e+02,8.531018147069440829e+02,8.536667631438086801e+02,8.542413357909524620e+02,8.548245742968877039e+02,8.554155264418274101e+02,8.560132648646011830e+02,8.566169024034528547e+02,8.572256038721171763e+02,8.578385943892631076e+02,8.584551645820588419e+02,8.590746731014875195e+02,8.596965469344870598e+02,8.603202799946919868e+02,8.609454304369901365e+02,8.615716170857599536e+02,8.621985153034597715e+02,8.628258525627693416e+02,8.634534039265025740e+02,8.640809875875826265e+02,8.647084605775537511e+02,8.653357147163922036e+02,8.659626728481888449e+02,8.665892853856827287e+02,8.672155271706104713e+02,8.678413946453667904e+02,8.684669033236310725e+02,8.690920855425714535e+02,8.697169884763212622e+02,8.703416723890649109e+02,8.709662091058247597e+02,8.715906806795720740e+02,8.722151782343149762e+02,8.728398009651560869e+02,8.734646552778148134e+02,8.740898540516685671e+02,8.747155160119185666e+02,8.753417651979734728e+02,8.759687305165415410e+02,8.765965453692181200e+02,8.772253473455267567e+02,8.778552779734384330e+02,8.784864825203311511e+02,8.791191098381915481e+02,8.797533122475889513e+02,8.803892454555834775e+02,8.810270685032754727e+02,8.816669437391569772e+02,8.823090368148100424e+02,8.829535166997990245e+02,8.836005557128427199e+02,8.842503295665225096e+02,8.849030174228893202e+02,8.855588019573752945e+02,8.862178694283996947e+02,8.868804097499760246e+02,8.875466165644807006e+02,8.882166873125340771e+02,8.888908232966577998e+02,8.895692297350200306e+02,8.902521158011418265e+02,8.909396946449201096e+02,8.916321833897144415e+02,8.923298030995358658e+02,8.930327787095686745e+02,8.937413389123304341e+02,8.944557159907271853e+02,8.951761455880772473e+02,8.959028664038398801e+02,8.966361198022764256e+02,8.973761493195626144e+02,8.981232000529273591e+02,8.988775179131702089e+02,8.996393487193423653e+02,9.004089371113860807e+02,9.011865252530201360e+02,9.019723512930132756e+02,9.027666475480694999e+02,9.035696383647431276e+02,9.043815376109847648e+02,9.052025457400891355e+02,9.060328463611009511e+02,9.068726022405459162e+02,9.077219506515825742e+02,9.085809979798636959e+02,9.094498134931252480e+02,9.103284221876547235e+02,9.112167966448528205e+02,9.121148478724533106e+02,9.130224151766568639e+02,9.139392552235340190e+02,9.148650306098637657e+02,9.157992984805296146e+02,9.167414999982581776e+02,9.176909517726926424e+02,9.186468406467456589e+02,9.196082234456116566e+02,9.205740333127464510e+02,9.215430939623165614e+02,9.225141424564892532e+02,9.234858599302995117e+02
8.366114511127394735e+02,8.366114509137480582e+02,8.366117212757934567e+02,8.366122574230818145e+02,8.366130501636345116e+02,8.366140865755631921e+02,8.366153508973239923e+02,8.366168255038567168e+02,8.366184918629539879e+02,8.366203313922380858e+02,8.366223261674667810e+02,8.366244594609403293e+02,8.366267161109177550e+02,8.366290827380398696e+02,8.366315478332569455e+02,8.366341017449783521e+02,8.366367365926299726e+02,8.366394461309643020e+02,8.366422255854726018e+02,8.366450714749221333e+02,8.366479814329334204e+02,8.366509540369060005e+02,8.366539886496359486e+02,8.366570852766423059e+02,8.366602444404919652e+02,8.366634670721855400e+02,8.366667544188535430e+02,8.366701079665109546e+02,8.366735293763564414e+02,8.366770204330035767e+02,8.366805830030474453e+02,8.366842190024583488e+02,8.366879303714218850e+02,8.366917190553931505e+02,8.366955869912862909e+02,8.366995360978703502e+02,8.367035682695787955e+02,8.367076853730688981e+02,8.367118892459748167e+02,8.367161816973980422e+02,8.367205645097590150e+02,8.367250394417061443e+02,8.367296082318378012e+02,8.367342726030400399e+02,8.367390342672870247e+02,8.367438949307819485e+02,8.367488562993452206e+02,8.367539200839801197e+02,8.367590880065621377e+02,8.367643618056147261e+02,8.367697432421463191e+02,8.367752341055307852e+02,8.367808362194248275e+02,8.367865514477175566e+02,8.367923817005167848e+02,8.367983289401773845e+02,8.368043951873803508e+02,8.368105825272774609e+02,8.368168931157116504e+02,8.368233291855325433e+02,8.368298930530220332e+02,8.368365871244495793e+02,8.368434139027754100e+02,8.368503759945244838e+02,8.368574761168492842e+02,8.368647171048072551e+02,8.368721019188736818e+02,8.368796336527153699e+02,8.368873155412502456e+02,8.368951509690190278e+02,8.369031434788955721e+02,8.369112967811671524e+02,8.369196147630104861e+02,8.369281014983987461e+02,8.369367612584698009e+02,8.369455985223914922e+02,8.369546179887589687e+02,8.369638245875631810e+02,8.369732234927695345e+02,8.369828201355497868e+02,8.369926202182101633e+02,8.370026297288634396e+02,8.370128549568936478e+02,8.370233025092655907e+02,8.370339793277324816e+02,8.370448927070012815e+02,8.370560503139138291e+02,8.370674602077084501e+02,8.370791308614295758e+02,8.370910711845527885e+02,8.371032905469024854e+02,8.371157988039348083e+02,8.371286063234690573e+02,8.371417240139502383e+02,8.371551633543281241e+02,8.371689364256451427e+02,8.371830559444230175e+02,8.371975352979460467e+02,8.372123885815356061e+02,8.372276306379166044e+02,8.372432770987746835e+02,8.372593444286028443e+02,8.372758499709361786e+02,8.372928119970700891e+02,8.373102497573522669e+02,8.373281835351330074e+02,8.373466347034498085e+02,8.373656257845102573e+02,8.373851805120209519e+02,8.374053238963950889e+02,8.374260822928420112e+02,8.374474834723208687e+02,8.374695566952990475e+02,8.374923327882216881e+02,8.375158442225456383e+02,8.375401251961387743e+02,8.375652117167809365e+02,8.375911416874258748e+02,8.376179549928069719e+02,8.376456935868715163e+02,8.376744015804317769e+02,8.377041253283078959e+02,8.377349135151242763e+02,8.377668172387985805e+02,8.377998900906403605e+02,8.378341882308578761e+02,8.378697704581583139e+02,8.379066982720332817e+02,8.379450359262471011e+02,8.379848504720054052e+02,8.380262117892880269e+02,8.380691926048845062e+02,8.381138684957994656e+02,8.381603178768920088e+02,8.382086219719020619e+02,8.382588647673908326e+02,8.383111329495930022e+02,8.383655158247308918e+02,8.384221052239714709e+02,8.384809953948979455e+02,8.385422828820801442e+02,8.386060664000525549e+02,8.386724467026853063e+02,8.387415264535476354e+02,8.388134101023642870e+02,8.388882037730338652e+02,8.389660151688890437e+02,8.390469535009214042e+02,8.391311294445634985e+02,8.392186551303254873e+02,8.393096441731322557e+02,8.394042117446316524e+02,8.395024746920519192e+02,8.396045517064397927e+02,8.397105635423140484e+02,8.398206332899975450e+02,8.399348867011530047e+02,8.400534525674059978e+02,8.401764631513955237e+02,8.403040546691835289e+02,8.404363678226518459e+02,8.405735483803091483e+02,8.407157478047588484e+02,8.408631239248885549e+02,8.410158416505369132e+02,8.411740737269005876e+02,8.413380015251613031e+02,8.415078158646587099e+02,8.416837178603242364e+02,8.418659197869528725e+02,8.420546459491380347e+02,8.422501335422751936e+02,8.424526334858667269e+02,8.426624112053689259e+02,8.428797473329503873e+02,8.431049382907024210e+02,8.433382967120493277e+02,8.435801516483273872e+02,8.438308484978352908e+02,8.440907485842758433e+02,8.443602283007496681e+02,8.446396777248895660e+02,8.449294986011623223e+02,8.452301015790411611e+02,8.455419025922902847e+02,8.458653182671740751e+02,8.462007602586759276e+02,8.465486284369549139e+02,8.469093028847635196e+02,8.472831347238484341e+02,8.476704358673042634e+02,8.480714678967804048e+02,8.484864303869836704e+02,8.489154491394810975e+02,8.493585649320471020e+02,8.498157235203308346e+02,8.502867677198277079e+02,8.507714324167903897e+02,8.512693432747947782e+02,8.517800196948367102e+02,8.523028822467339296e+02,8.528372643471830088e+02,8.533824677588377199e+02,8.539376998962037533e+02,8.545021327678819034e+02,8.550749217476776494e+02,8.556552231980233501e+02,8.562422101451699064e+02,8.568350855023296617e+02,8.574330926134058473e+02,8.580355231181603131e+02,8.586417223082418104e+02,8.592510922529286290e+02,8.598630930314236593e+02,8.604772424260506796e+02,8.610931144192079500e+02,8.617103368067899964e+02,8.623285882004447558e+02,8.629475946468133998e+02,8.635671260482084790e+02,8.641869925287724072e+02,8.648070408545404462e+02,8.654271509855958584e+02,8.660472328136590932e+02,8.666672231186174713e+02,8.672870827621010221e+02,8.679067941245974680e+02,8.685263587841210438e+02,8.691457954284993548e+02,8.697651379893829926e+02,8.703844339836565496e+02,8.710037430466582009e+02,8.716231356411855131e+02,8.722426919264380558e+02,8.728625007716299251e+02,8.734826588998525949e+02,8.741032701487710028e+02,8.747244448358156887e+02,8.753462992166280401e+02,8.759689550265964044e+02,8.765925390963417385e+02,8.772171830329789373e+02,8.778430229598623100e+02,8.784701993083336902e+02,8.790988566557114154e+02,8.797291436044093871e+02,8.803612126976322543e+02,8.809952203675910596e+02,8.816313269125930674e+02,8.822696964997128362e+02,8.829104971900256942e+02,8.835539009836023752e+02,8.842000838816097712e+02,8.848492259629473438e+02,8.855015114728637400e+02,8.861571289209495035e+02,8.868162711857733029e+02,8.874791356232329917e+02,8.881459241754052982e+02,8.888168434763041432e+02,8.894921049504882831e+02,8.901719248998696230e+02,8.908565245733789197e+02,8.915461302133006711e+02,8.922409730711119664e+02,8.929412893845067174e+02,8.936473203059613297e+02,8.943593117716692404e+02,8.950775142979294969e+02,8.958021826900919677e+02,8.965335756469223725e+02,8.972719552407397714e+02,8.980175862508611999e+02,8.987707353247706124e+02,8.995316699379793590e+02,9.003006571197673793e+02,9.010779619079048643e+02,9.018638454910681048e+02,9.026585629930715413e+02,9.034623608483501584e+02,9.042754737135776395e+02,9.050981208562337770e+02,9.059305019579187501e+02,9.067727922690710329e+02,9.076251370537465846e+02,9.084876452699957099e+02,9.093603824455811946e+02,9.102433627334833091e+02,9.111365401708542322e+02,9.120397992234819640e+02,9.129529447803439552e+02,9.138756918738105242e+02,9.148076555426569030e+02,9.157483414249702491e+02,9.166971378562540167e+02,9.176533104330783317e+02,9.186160001480575374e+02,9.195842262549111865e+02,9.205568949169397683e+02,9.215328143612114218e+02,9.225107166594548289e+02,9.234892853994590496e+02
8.366428288843754899e+02,8.366428287274818558e+02,8.366430818947317221e+02,8.366435846206780980e+02,8.366443296284271582e+02,8.366453066202566333e+02,8.366465029251504575e+02,8.366479042242491460e+02,8.366494952799538396e+02,8.366512606090943791e+02,8.366531850596338700e+02,8.366552542693916621e+02,8.366574550014126999e+02,8.366597753625940186e+02,8.366622049198588229e+02,8.366647347320767949e+02,8.366673573169326801e+02,8.366700665709472560e+02,8.366728576586664303e+02,8.366757268842854955e+02,8.366786715561298706e+02,8.366816898517424761e+02,8.366847806890046968e+02,8.366879436068015821e+02,8.366911786572300116e+02,8.366944863102139607e+02,8.366978673705791607e+02,8.367013229070823854e+02,8.367048541925488507e+02,8.367084626540777208e+02,8.367121498321937452e+02,8.367159173478268031e+02,8.367197668760443321e+02,8.367237001255455198e+02,8.367277188230224283e+02,8.367318247015923589e+02,8.367360194926122858e+02,8.367403049202763441e+02,8.367446826984931931e+02,8.367491545296109052e+02,8.367537221046368359e+02,8.367583871046516606e+02,8.367631512031780403e+02,8.367680160693014386e+02,8.367729833713855214e+02,8.367780547812508303e+02,8.367832319787156621e+02,8.367885166564186648e+02,8.367939105248609621e+02,8.367994153176221062e+02,8.368050327967138173e+02,8.368107647580484354e+02,8.368166130370065048e+02,8.368225795140924674e+02,8.368286661206780082e+02,8.368348748448302103e+02,8.368412077372329350e+02,8.368476669172067659e+02,8.368542545788387770e+02,8.368609729972346258e+02,8.368678245349068447e+02,8.368748116483168360e+02,8.368819368945851238e+02,8.368892029383919180e+02,8.368966125590851561e+02,8.369041686580183068e+02,8.369118742661411261e+02,8.369197325518640582e+02,8.369277468292236790e+02,8.369359205663737384e+02,8.369442573944286323e+02,8.369527611166881798e+02,8.369614357182742879e+02,8.369702853762097448e+02,8.369793144699727918e+02,8.369885275925630594e+02,8.369979295621141091e+02,8.370075254340936226e+02,8.370173205141288690e+02,8.370273203715046293e+02,8.370375308533753014e+02,8.370479580997425728e+02,8.370586085592469772e+02,8.370694890058294959e+02,8.370806065563170932e+02,8.370919686889959621e+02,8.371035832632314850e+02,8.371154585402053954e+02,8.371276032048381239e+02,8.371400263889717053e+02,8.371527376958908917e+02,8.371657472262639885e+02,8.371790656055903810e+02,8.371927040132433149e+02,8.372066742132030868e+02,8.372209885865784145e+02,8.372356601660160322e+02,8.372507026721059447e+02,8.372661305518895460e+02,8.372819590195799719e+02,8.372982040996110982e+02,8.373148826721251226e+02,8.373320125210170772e+02,8.373496123846452974e+02,8.373677020093210785e+02,8.373863022056801810e+02,8.374054349080370230e+02,8.374251232368053479e+02,8.374453915640635842e+02,8.374662655823169644e+02,8.374877723764941493e+02,8.375099404991801748e+02,8.375328000490591194e+02,8.375563827524946419e+02,8.375807220481271997e+02,8.376058531743090043e+02,8.376318132591244421e+02,8.376586414126687714e+02,8.376863788211602468e+02,8.377150688423602105e+02,8.377447571016579104e+02,8.377754915880478848e+02,8.378073227490892805e+02,8.378403035837885682e+02,8.378744897321942062e+02,8.379099395603353742e+02,8.379467142389885339e+02,8.379848778146186987e+02,8.380244972707248508e+02,8.380656425777391405e+02,8.381083867295934624e+02,8.381528057650937171e+02,8.381989787723412064e+02,8.382469878746371705e+02,8.382969181965987673e+02,8.383488578096234960e+02,8.384028976563655533e+02,8.384591314545251635e+02,8.385176555809897536e+02,8.385785689381878001e+02,8.386419728053805329e+02,8.387079706784915061e+02,8.387766681029075926e+02,8.388481725044338191e+02,8.389225930241959759e+02,8.390000403637320687e+02,8.390806266467566275e+02,8.391644653041124684e+02,8.392516709882440864e+02,8.393423595231226955e+02,8.394366478949716566e+02,8.395346542883747816e+02,8.396364981714647229e+02,8.397423004328952629e+02,8.398521835722771129e+02,8.399662719447319432e+02,8.400846920592583729e+02,8.402075729297631597e+02,8.403350464769125665e+02,8.404672479784438792e+02,8.406043165652339439e+02,8.407463957602207074e+02,8.408936340571607388e+02,8.410461855360977097e+02,8.412042105122168323e+02,8.413678762143546237e+02,8.415373574887368022e+02,8.417128375224210686e+02,8.418945085793633325e+02,8.420825727399343350e+02,8.422772426320468639e+02,8.424787421387749191e+02,8.426873070634158012e+02,8.429031857283564477e+02,8.431266394788309526e+02,8.433579430567078816e+02,8.435973848028529574e+02,8.438452666394497328e+02,8.441019037760797801e+02,8.443676240756002471e+02,8.446427670083020303e+02,8.449276821160465261e+02,8.452227269028512637e+02,8.455282640657951561e+02,8.458446579815197310e+02,8.461722703707159781e+02,8.465114550778157536e+02,8.468625519278713227e+02,8.472258796595530157e+02,8.476017279842624248e+02,8.479903488877421296e+02,8.483919473719722646e+02,8.488066719290791298e+02,8.492346051397308884e+02,8.496757548864031833e+02,8.501300467529177922e+02,8.505973182277822389e+02,8.510773153199754688e+02,8.515696921133411479e+02,8.520740136183558207e+02,8.525897620308500109e+02,8.531163462004514031e+02,8.536531553796174876e+02,8.541994902679023198e+02,8.547546195523074175e+02,8.553177950972590224e+02,8.558882664242207738e+02,8.564652938450516331e+02,8.570481598151560547e+02,8.576361782709069530e+02,8.582287018887953991e+02,8.588251273398215062e+02,8.594248987087722753e+02,8.600275093069644754e+02,8.606325021347313395e+02,8.612394692536063303e+02,8.618480503149291962e+02,8.624579304677305345e+02,8.630688378392605955e+02,8.636805407502035905e+02,8.642928447960433687e+02,8.649055898978784853e+02,8.655186474011178461e+02,8.661319172792665313e+02,8.667453254824479245e+02,8.673588214561303857e+02,8.679723758443975612e+02,8.685859783835784356e+02,8.691996359857230345e+02,8.698133710068690334e+02,8.704272196919337148e+02,8.710412307860718784e+02,8.716554643012085535e+02,8.722699904259613959e+02,8.728848885671419566e+02,8.735002465113320795e+02,8.741161596955586219e+02,8.747327305767588541e+02,8.753500680904762703e+02,8.759682871900074588e+02,8.765875084579994336e+02,8.772078577832589872e+02,8.778294660962493481e+02,8.784524691574238204e+02,8.790770073931577144e+02,8.797032257745975130e+02,8.803312737352409840e+02,8.809613051234960039e+02,8.815934781868395476e+02,8.822279555845094592e+02,8.828649044259160519e+02,8.835044963321458908e+02,8.841469075180599475e+02,8.847923188925481099e+02,8.854409161744940775e+02,8.860928900219224715e+02,8.867484361716390140e+02,8.874077555864230362e+02,8.880710546064850632e+02,8.887385451014442879e+02,8.894104446185026518e+02,8.900869765217715894e+02,8.907683701168369907e+02,8.914548607535946303e+02,8.921466898991453718e+02,8.928441051710661895e+02,8.935473603196619479e+02,8.942567151458143826e+02,8.949724353387608744e+02,8.956947922155285369e+02,8.964240623408029478e+02,8.971605270027052939e+02,8.979044715162888224e+02,8.986561843225517805e+02,8.994159558464381234e+02,9.001840770727177414e+02,9.009608377939176762e+02,9.017465244797805326e+02,9.025414177133035309e+02,9.033457891346099586e+02,9.041598978312244981e+02,9.049839861124207800e+02,9.058182746070871190e+02,9.066629566301713794e+02,9.075181917737061212e+02,9.083840986965282127e+02,9.092607471142906661e+02,9.101481490307422746e+02,9.110462493051834372e+02,9.119549157219926201e+02,9.128739288179365303e+02,9.138029718318109644e+02,9.147416212661765940e+02,9.156893386854928849e+02,9.166454645055235915e+02,9.176092146342784872e+02,9.185796808750984610e+02,9.195558359604945053e+02,9.205365439112058539e+02,9.215205760763342369e+02,9.225066326985649994e+02,9.234933691983983408e+02
8.366739558021608900e+02,8.366739556770677382e+02,8.366741952913608884e+02,8.366746716428040145e+02,8.366753789096370610e+02,8.366763088068718162e+02,8.366774510633142654e+02,8.366787939658131563e+02,8.366803249183210482e+02,8.366820309714761379e+02,8.366838992903138887e+02,8.366859175404870257e+02,8.366880741849523702e+02,8.366903586923050398e+02,8.366927616644280761e+02,8.366952748949973966e+02,8.366978913720890887e+02,8.367006052382159851e+02,8.367034117201149002e+02,8.367063070389807535e+02,8.367092883099509208e+02,8.367123534377395799e+02,8.367155010135593329e+02,8.367187302169432996e+02,8.367220407248129277e+02,8.367254326291428015e+02,8.367289063638102107e+02,8.367324626406689276e+02,8.367361023945074976e+02,8.367398267363067816e+02,8.367436369140727948e+02,8.367475342804553975e+02,8.367515202663574883e+02,8.367555963597610571e+02,8.367597640890518278e+02,8.367640250101843549e+02,8.367683806970981095e+02,8.367728327348673929e+02,8.367773827151319210e+02,8.367820322334212051e+02,8.367867828880406478e+02,8.367916362802395724e+02,8.367965940154281270e+02,8.368016577052451339e+02,8.368068289703203391e+02,8.368121094435948635e+02,8.368175007740975389e+02,8.368230046310870875e+02,8.368286227084965958e+02,8.368343567296233232e+02,8.368402084520258768e+02,8.368461796725965769e+02,8.368522722327892325e+02,8.368584880239850463e+02,8.368648289929917610e+02,8.368712971476688836e+02,8.368778945626819450e+02,8.368846233853888634e+02,8.368914858418660287e+02,8.368984842430830895e+02,8.369056209912383792e+02,8.369128985862694208e+02,8.369203196325521503e+02,8.369278868458083025e+02,8.369356030602372130e+02,8.369434712358926163e+02,8.369514944663262668e+02,8.369596759865199829e+02,8.369680191811306713e+02,8.369765275930734560e+02,8.369852049324690597e+02,8.369940550859848827e+02,8.370030821265988834e+02,8.370122903238182062e+02,8.370216841543845021e+02,8.370312683135042562e+02,8.370410477266375437e+02,8.370510275618880769e+02,8.370612132430339898e+02,8.370716104632442693e+02,8.370822251995282386e+02,8.370930637279664097e+02,8.371041326397765943e+02,8.371154388582690444e+02,8.371269896567516753e+02,8.371387926774460766e+02,8.371508559514813896e+02,8.371631879200344883e+02,8.371757974566930898e+02,8.371886938911165998e+02,8.372018870340800731e+02,8.372153872039866656e+02,8.372292052549405525e+02,8.372433526064776288e+02,8.372578412750540338e+02,8.372726839073994825e+02,8.372878938158456776e+02,8.373034850157456503e+02,8.373194722651033999e+02,8.373358711065380930e+02,8.373526979117091287e+02,8.373699699283334894e+02,8.373877053299257796e+02,8.374059232683935079e+02,8.374246439296196058e+02,8.374438885921600786e+02,8.374636796891799122e+02,8.374840408737417192e+02,8.375049970875520557e+02,8.375265746332491972e+02,8.375488012503024038e+02,8.375717061945589421e+02,8.375953203214445466e+02,8.376196761727811690e+02,8.376448080671336811e+02,8.376707521935330760e+02,8.376975467083556168e+02,8.377252318350442692e+02,8.377538499662603044e+02,8.377834457679385878e+02,8.378140662845825091e+02,8.378457610449895583e+02,8.378785821674359795e+02,8.379125844631641939e+02,8.379478255368371720e+02,8.379843658824180466e+02,8.380222689727461329e+02,8.380616013408841809e+02,8.381024326511486606e+02,8.381448357575937962e+02,8.381888867476345695e+02,8.382346649684710655e+02,8.382822530340416733e+02,8.383317368104075058e+02,8.383832053777614419e+02,8.384367509676997088e+02,8.384924688749722463e+02,8.385504573436679721e+02,8.386108174286578105e+02,8.386736528341026542e+02,8.387390697318855928e+02,8.388071765639012938e+02,8.388780838331711038e+02,8.389519038896745542e+02,8.390287507175578412e+02,8.391087397309167955e+02,8.391919875856555109e+02,8.392786120149401086e+02,8.393687316955227971e+02,8.394624661516965034e+02,8.395599357028871736e+02,8.396612614599179096e+02,8.397665653738406490e+02,8.398759703399663294e+02,8.399896003583974107e+02,8.401075807510557070e+02,8.402300384339584980e+02,8.403571022424196144e+02,8.404889033059816938e+02,8.406255754692701885e+02,8.407672557545995460e+02,8.409140848620276074e+02,8.410662077025759800e+02,8.412237739604049693e+02,8.413869386797297238e+02,8.415558628720555134e+02,8.417307141387782394e+02,8.419116673032431208e+02,8.420989050448995386e+02,8.422926185262084573e+02,8.424930080004032789e+02,8.427002833851022388e+02,8.429146647831036034e+02,8.431363829275144326e+02,8.433656795236803418e+02,8.436028074552701810e+02,8.438480308163930204e+02,8.441016247259157126e+02,8.443638748743842370e+02,8.446350767484126436e+02,8.449155344724614451e+02,8.452055592041174350e+02,8.455054670170117106e+02,8.458155762062598342e+02,8.461362039558900960e+02,8.464676623174295855e+02,8.468102534650854523e+02,8.471642642172680553e+02,8.475299598478879943e+02,8.479075772548540044e+02,8.482973176076575328e+02,8.486993386597598601e+02,8.491137469818378349e+02,8.495405904436524906e+02,8.499798513376007350e+02,8.504314405855051291e+02,8.508951934895529803e+02,8.513708674657824531e+02,8.518581421237016684e+02,8.523566219240307191e+02,8.528658414637014857e+02,8.533852732217715129e+02,8.539143802871195703e+02,8.544525419799872452e+02,8.549991088595995734e+02,8.555534151081270693e+02,8.561147904865823648e+02,8.566825713598057064e+02,8.572561104254800739e+02,8.578347849242176153e+02,8.584180032376764302e+02,8.590052098893718266e+02,8.595958890441090716e+02,8.601895666568264005e+02,8.607858114529975637e+02,8.613842349348741436e+02,8.619844906054925104e+02,8.625862725899864927e+02,8.631893138152004212e+02,8.637933838869355441e+02,8.643982867816948783e+02,8.650038584480760164e+02,8.656099643930189131e+02,8.662164973104735282e+02,8.668233747949315102e+02,8.674305371696580096e+02,8.680379454491967408e+02,8.686455794475672292e+02,8.692534360372554829e+02,8.698615275593321030e+02,8.704698803815393831e+02,8.710785335987494591e+02,8.716875378685656415e+02,8.722969543738601033e+02,8.729068539035512231e+02,8.735173160427938228e+02,8.741284284638966255e+02,8.747402863096018564e+02,8.753529916608079020e+02,8.759666530813348118e+02,8.765813852328938083e+02,8.771973085539885915e+02,8.778145489970432891e+02,8.784332378185870311e+02,8.790535114178405820e+02,8.796755112195128277e+02,8.802993835970474947e+02,8.809252798329349616e+02,8.815533561130361022e+02,8.821837735521429522e+02,8.828166982482242702e+02,8.834523013629705019e+02,8.840907592263623656e+02,8.847322534630269502e+02,8.853769711381186198e+02,8.860251049203561706e+02,8.866768532596545356e+02,8.873324205765029546e+02,8.879920174598366884e+02,8.886558608696280999e+02,8.893241743397475148e+02,8.899971881758132213e+02,8.906751396417207616e+02,8.913582731273037325e+02,8.920468402880887879e+02,8.927411001463474349e+02,8.934413191405644739e+02,8.941477711080294739e+02,8.948607371824479060e+02,8.955805055852622445e+02,8.963073712857243436e+02,8.970416355006717595e+02,8.977836050004259505e+02,8.985335911822933213e+02,8.992919088678698927e+02,9.000588747748538481e+02,9.008348056085479811e+02,9.016200157129597983e+02,9.024148142167900915e+02,9.032195016061754131e+02,9.040343656545439899e+02,9.048596766412990746e+02,9.056956817964263564e+02,9.065425989189942584e+02,9.074006091355608987e+02,9.082698487916720751e+02,9.091504005079839317e+02,9.100422834840976520e+02,9.109454431996423409e+02,9.118597407443842258e+02,9.127849421066705418e+02,9.137207078596031806e+02,9.146665838010193283e+02,9.156219932164683541e+02,9.165862315285919522e+02,9.175584641509749417e+02,9.185377283543398335e+02,9.195229398507814267e+02,9.205129045837873036e+02,9.215063358659396044e+02,9.225018765425703577e+02,9.234981253214712069e+02
8.367048451107101528e+02,8.367048450099550791e+02,8.367050739839380640e+02,8.367055296145371130e+02,8.367062071990933418e+02,8.367071000129070626e+02,8.367081996649010307e+02,8.367094965097541035e+02,8.367109800792846954e+02,8.367126395002377421e+02,8.367144638730217139e+02,8.367164425944662298e+02,8.367185656158852680e+02,8.367208236346785952e+02,8.367232082229658090e+02,8.367257119002372292e+02,8.367283281589312764e+02,8.367310514524967857e+02,8.367338771552415437e+02,8.367368015023997714e+02,8.367398215176677922e+02,8.367429349341427951e+02,8.367461401133118670e+02,8.367494359655556764e+02,8.367528218746122093e+02,8.367562976275960409e+02,8.367598633514994617e+02,8.367635194565830261e+02,8.367672665866854231e+02,8.367711055762189289e+02,8.367750374134421918e+02,8.367790632094986449e+02,8.367831841726585935e+02,8.367874015871915390e+02,8.367917167963086058e+02,8.367961311886471094e+02,8.368006461878093205e+02,8.368052632445162544e+02,8.368099838309846064e+02,8.368148094371831576e+02,8.368197415686687464e+02,8.368247817457452129e+02,8.368299315037253336e+02,8.368351923941107771e+02,8.368405659865329653e+02,8.368460538713258074e+02,8.368516576626227561e+02,8.368573790018906493e+02,8.368632195618279184e+02,8.368691810505723652e+02,8.368752652161714423e+02,8.368814738512821805e+02,8.368878087980727969e+02,8.368942719533094987e+02,8.369008652736142722e+02,8.369075907808872898e+02,8.369144505678900714e+02,8.369214468039922394e+02,8.369285817410833488e+02,8.369358577196592250e+02,8.369432771750912252e+02,8.369508426440895619e+02,8.369585567713751288e+02,8.369664223165743806e+02,8.369744421613559098e+02,8.369826193168244117e+02,8.369909569311955693e+02,8.369994582977709570e+02,8.370081268632374076e+02,8.370169662363156249e+02,8.370259801967833937e+02,8.370351727049028341e+02,8.370445479112800058e+02,8.370541101671892648e+02,8.370638640353955680e+02,8.370738143015101969e+02,8.370839659859174162e+02,8.370943243563121996e+02,8.371048949408916542e+02,8.371156835422440281e+02,8.371266962519854360e+02,8.371379394661912556e+02,8.371494199016807443e+02,8.371611446132085348e+02,8.371731210116245165e+02,8.371853568830689483e+02,8.371978604092679461e+02,8.372106401890051757e+02,8.372237052608453496e+02,8.372370651271919542e+02,8.372507297797661749e+02,8.372647097265993352e+02,8.372790160206352539e+02,8.372936602900473417e+02,8.373086547703762790e+02,8.373240123386050300e+02,8.373397465492905667e+02,8.373558716728776972e+02,8.373724027363275582e+02,8.373893555661970822e+02,8.374067468343135943e+02,8.374245941061877829e+02,8.374429158923198884e+02,8.374617317025488319e+02,8.374810621036008342e+02,8.375009287799909998e+02,8.375213545984286156e+02,8.375423636758728207e+02,8.375639814513743886e+02,8.375862347618276544e+02,8.376091519217359291e+02,8.376327628070714582e+02,8.376570989432761962e+02,8.376821935974102189e+02,8.377080818744027511e+02,8.377348008172967866e+02,8.377623895113026720e+02,8.377908891913829166e+02,8.378203433529804443e+02,8.378507978653767623e+02,8.378823010870148664e+02,8.379149039819540121e+02,8.379486602364344208e+02,8.379836263743153495e+02,8.380198618699225790e+02,8.380574292566000167e+02,8.380963942290030673e+02,8.381368257369274488e+02,8.381787960682253242e+02,8.382223809181554088e+02,8.382676594423558072e+02,8.383147142905356759e+02,8.383636316179985215e+02,8.384145010722382949e+02,8.384674157521365032e+02,8.385224721377463766e+02,8.385797699892985975e+02,8.386394122149041550e+02,8.387015047074592076e+02,8.387661561524384979e+02,8.388334778095537558e+02,8.389035832725896853e+02,8.389765882130164982e+02,8.390526101141493882e+02,8.391317680035792819e+02,8.392141821922848521e+02,8.392999740291969601e+02,8.393892656800099985e+02,8.394821799387166266e+02,8.395788400796928954e+02,8.396793697572057908e+02,8.397838929580002514e+02,8.398925340111748028e+02,8.400054176579587875e+02,8.401226691823156898e+02,8.402444146016159721e+02,8.403707809150484991e+02,8.405018964060691360e+02,8.406378909941038273e+02,8.407788966300124684e+02,8.409250477294657458e+02,8.410764816383962170e+02,8.412333391249304668e+02,8.413957648925842250e+02,8.415639081098202041e+02,8.417379229511664107e+02,8.419179691448312042e+02,8.421042125209979758e+02,8.422968255536933384e+02,8.424959878872573427e+02,8.427018868360164561e+02,8.429147178428140705e+02,8.431346848786334931e+02,8.433620007617312240e+02,8.435968873705552369e+02,8.438395757203513767e+02,8.440903058688724059e+02,8.443493266121477063e+02,8.446168949270479516e+02,8.448932751136554771e+02,8.451787375875857151e+02,8.454735572708622158e+02,8.457780115303228285e+02,8.460923776155372025e+02,8.464169295547086449e+02,8.467519344779448147e+02,8.470976483536069281e+02,8.474543111460908449e+02,8.478221414330804464e+02,8.482013305572928630e+02,8.485920364316127689e+02,8.489943771658369087e+02,8.494084247352718648e+02,8.498341989617968011e+02,8.502716621206899390e+02,8.507207145140258717e+02,8.511811913554666944e+02,8.516528612839013022e+02,8.521354267590202198e+02,8.526285264894784177e+02,8.531317399094984921e+02,8.536445935664128228e+02,8.541666133603256412e+02,8.546972453495827722e+02,8.552359098724843989e+02,8.557820117143387506e+02,8.563349500287678211e+02,8.568941276160246616e+02,8.574589592554572164e+02,8.580288788910310132e+02,8.586033455658804314e+02,8.591818480860640648e+02,8.597639084606821598e+02,8.603490842141006851e+02,8.609369696972236170e+02,8.615271965409756376e+02,8.621194333993940973e+02,8.627133851250885073e+02,8.633087915091545028e+02,8.639054257033316162e+02,8.645030924261888003e+02,8.651016260388064438e+02,8.657008885597998642e+02,8.663007676751956296e+02,8.669011747859802881e+02,8.675020431252152093e+02,8.681033259674373994e+02,8.687049949455430351e+02,8.693070384843130114e+02,8.699094603550066722e+02,8.705122783518289680e+02,8.711155230883827016e+02,8.717192369102939438e+02,8.723234729188750407e+02,8.729282940998647291e+02,8.735337725508228459e+02,8.741399888005896628e+02,8.747470312142588682e+02,8.753549954773043282e+02,8.759639841527978206e+02,8.765741063060219176e+02,8.771854771911822581e+02,8.777982179953469313e+02,8.784124556351612227e+02,8.790283226022969529e+02,8.796459568539835345e+02,8.802655017453280379e+02,8.808871060004597666e+02,8.815109237198225856e+02,8.821371144211831279e+02,8.827658431121259355e+02,8.833972803919500620e+02,8.840316025809783014e+02,8.846689918753171469e+02,8.853096365250664803e+02,8.859537310338554335e+02,8.866014763773742970e+02,8.872530802382499360e+02,8.879087572541834561e+02,8.885687292756829265e+02,8.892332256289920451e+02,8.899024833788778324e+02,8.905767475847987953e+02,8.912562715425639226e+02,8.919413170019063273e+02,8.926321543483618370e+02,8.933290627354433582e+02,8.940323301502763798e+02,8.947422533925689550e+02,8.954591379429946301e+02,8.961832976927312302e+02,8.969150545010102178e+02,8.976547375420932440e+02,8.984026823971510112e+02,8.991592298401568542e+02,8.999247242602958750e+02,9.006995116567644573e+02,9.014839371355798221e+02,9.022783418326398532e+02,9.030830591834867391e+02,9.038984104589509343e+02,9.047246994882671061e+02,9.055622064988167494e+02,9.064111810160834466e+02,9.072718337906909483e+02,9.081443277536442338e+02,9.090287680482429096e+02,9.099251912494091812e+02,9.108335539595462933e+02,9.117537210644430843e+02,9.126854540411865173e+02,9.136283998277710907e+02,9.145820808827830888e+02,9.155458871705094452e+02,9.165190708848267604e+02,9.175007447529267210e+02,9.184898847137060329e+02,9.194853376231495758e+02,9.204858343847413380e+02,9.214900085354580597e+02,9.224964198578758214e+02,9.235035820848825097e+02
8.367355072202365136e+02,8.367355071383298082e+02,8.367357278242031953e+02,8.367361673120952901e+02,8.367368217695828889e+02,8.367376856935393334e+02,8.367387521783315378e+02,8.367400132307645890e+02,8.367414601051403906e+02,8.367430836340615770e+02,8.367448745351686057e+02,8.367468236796677274e+02,8.367489223142912351e+02,8.367511622334943695e+02,8.367535359028390758e+02,8.367560365375053379e+02,8.367586581417369871e+02,8.367613955159437182e+02,8.367642442383515800e+02,8.367672006277334731e+02,8.367702616930612294e+02,8.367734250750595493e+02,8.367766889837241706e+02,8.367800521349818155e+02,8.367835136888672878e+02,8.367870731908983544e+02,8.367907305177504895e+02,8.367944858278767697e+02,8.367983395173586132e+02,8.368022921810114667e+02,8.368063445785817294e+02,8.368104976057460362e+02,8.368147522695475118e+02,8.368191096678644953e+02,8.368235709724941671e+02,8.368281374154391870e+02,8.368328102780094468e+02,8.368375908823709324e+02,8.368424805852147301e+02,8.368474807732450245e+02,8.368525928602249451e+02,8.368578182853473209e+02,8.368631585127305925e+02,8.368686150318668524e+02,8.368741893588744460e+02,8.368798830384308758e+02,8.368856976462809598e+02,8.368916347922327077e+02,8.368976961235698582e+02,8.369038833288213937e+02,8.369101981418417608e+02,8.369166423461634849e+02,8.369232177795939833e+02,8.369299263390345232e+02,8.369367699855049523e+02,8.369437507493666999e+02,8.369508707357339290e+02,8.369581321300762511e+02,8.369655372040107295e+02,8.369730883212897652e+02,8.369807879439920271e+02,8.369886386389266590e+02,8.369966430842605405e+02,8.370048040763858808e+02,8.370131245370407669e+02,8.370216075207018775e+02,8.370302562222676670e+02,8.370390739850538466e+02,8.370480643091220827e+02,8.370572308599673761e+02,8.370665774775897034e+02,8.370761081859769774e+02,8.370858272030293392e+02,8.370957389509559334e+02,8.371058480671778170e+02,8.371161594157722448e+02,8.371266780994967576e+02,8.371374094724322958e+02,8.371483591532901301e+02,8.371595330394259236e+02,8.371709373216117456e+02,8.371825784996159427e+02,8.371944633986472581e+02,8.372065991867219736e+02,8.372189933930147845e+02,8.372316539272633236e+02,8.372445891002929557e+02,8.372578076457421048e+02,8.372713187430646258e+02,8.372851320418964178e+02,8.372992576878788213e+02,8.373137063500321347e+02,8.373284892497857754e+02,8.373436181917713839e+02,8.373591055964973293e+02,8.373749645350244464e+02,8.373912087657747634e+02,8.374078527736088517e+02,8.374249118113161785e+02,8.374424019436684148e+02,8.374603400941957716e+02,8.374787440948473431e+02,8.374976327387104220e+02,8.375170258359594300e+02,8.375369442732185234e+02,8.375574100765169305e+02,8.375784464780201688e+02,8.376000779867179062e+02,8.376223304632418376e+02,8.376452311989788768e+02,8.376688089996285953e+02,8.376930942733317806e+02,8.377181191234715243e+02,8.377439174462026585e+02,8.377705250327231852e+02,8.377979796762323303e+02,8.378263212834458500e+02,8.378555919904392795e+02,8.378858362824790902e+02,8.379171011173568786e+02,8.379494360515828930e+02,8.379828933686044365e+02,8.380175282079932231e+02,8.380533986943032687e+02,8.380905660640243013e+02,8.381290947887596303e+02,8.381690526924404594e+02,8.382105110600643911e+02,8.382535447351262974e+02,8.382982322026105066e+02,8.383446556541624659e+02,8.383929010318770452e+02,8.384430580470722134e+02,8.384952201704833215e+02,8.385494845905678858e+02,8.386059521370742686e+02,8.386647271677359186e+02,8.387259174169139442e+02,8.387896338062258792e+02,8.388559902186273121e+02,8.389251032390083083e+02,8.389970918660334291e+02,8.390720772015856710e+02,8.391501821256581479e+02,8.392315309657556099e+02,8.393162491707274739e+02,8.394044629994123170e+02,8.394962992344941313e+02,8.395918849315725083e+02,8.396913472126351508e+02,8.397948131119387654e+02,8.399024094807834899e+02,8.400142629558645240e+02,8.401304999938694209e+02,8.402512469728563929e+02,8.403766303588085975e+02,8.405067769337445043e+02,8.406418140800238916e+02,8.407818701141496831e+02,8.409270746625225001e+02,8.410775590713188876e+02,8.412334568428743751e+02,8.413949040915756541e+02,8.415620400130799226e+02,8.417350073614892381e+02,8.419139529296501223e+02,8.420990280278584805e+02,8.422903889557760522e+02,8.424881974612579825e+02,8.426926211780404401e+02,8.429038340319034432e+02,8.431220166020827946e+02,8.433473564214613134e+02,8.435800481955412806e+02,8.438202939164987129e+02,8.440683028448678442e+02,8.443242913277521211e+02,8.445884824190389963e+02,8.448611052641422248e+02,8.451423942095160555e+02,8.454325875959279983e+02,8.457319261946075812e+02,8.460406512473946350e+02,8.463590020764456767e+02,8.466872132365391508e+02,8.470255111942207122e+02,8.473741105335573138e+02,8.477332097086658678e+02,8.481029863887047213e+02,8.484835924715659985e+02,8.488751488773623350e+02,8.492777402704942915e+02,8.496914098971408293e+02,8.501161547599438109e+02,8.505519213788776369e+02,8.509986024015190651e+02,8.514560343216223828e+02,8.519239965372876213e+02,8.524022119262360775e+02,8.528903490362988578e+02,8.533880258892048687e+02,8.538948152851569375e+02,8.544102969520021134e+02,8.549339739777950626e+02,8.554653265345070849e+02,8.560038202789847901e+02,8.565489146256308004e+02,8.571000705766047076e+02,8.576567578602969206e+02,8.582184612018310190e+02,8.587846856216955302e+02,8.593549607238879844e+02,8.599288439892728775e+02,8.605059231315162833e+02,8.610858176019731900e+02,8.616681793474593860e+02,8.622526929327484595e+02,8.628390751399889496e+02,8.634270741520779211e+02,8.640164684181841039e+02,8.646070652886332937e+02,8.651986994944439857e+02,8.657912315348364700e+02,8.663845460246440098e+02,8.669785500431262335e+02,8.675731715164312163e+02,8.681683576579558803e+02,8.687640734841045287e+02,8.693603004173635327e+02,8.699570349840981862e+02,8.705542876108968358e+02,8.711520815205249164e+02,8.717504517264563901e+02,8.723494441234346368e+02,8.729491146704485800e+02,8.735495286618137243e+02,8.741507600816465811e+02,8.747528910368343986e+02,8.753560112635921087e+02,8.759602177028101551e+02,8.765656141395938903e+02,8.771723109026582961e+02,8.777804246195356654e+02,8.783900780238716379e+02,8.790013998114040987e+02,8.796145245415364116e+02,8.802295925817159059e+02,8.808467500921092324e+02,8.814661490483163107e+02,8.820879473000842381e+02,8.827123086641626060e+02,8.833394030495736615e+02,8.839694066136593165e+02,8.846025019472871236e+02,8.852388782875557354e+02,8.858787317562174621e+02,8.865222656218174961e+02,8.871696905832267248e+02,8.878212250717871257e+02,8.884770955686881280e+02,8.891375369334043626e+02,8.898027927380335314e+02,8.904731156011337134e+02,8.911487675131289734e+02,8.918300201434956307e+02,8.925171551176891853e+02,8.932104642490911601e+02,8.939102497080650664e+02,8.946168241064724498e+02,8.953305104716450842e+02,8.960516420788009100e+02,8.967805621051891194e+02,8.975176230628621852e+02,8.982631859599216568e+02,8.990176191324758292e+02,8.997812966815472464e+02,9.005545964410652005e+02,9.013378973952924298e+02,9.021315764571852469e+02,9.029360045140890634e+02,9.037515416449386976e+02,9.045785314151634111e+02,9.054172941635213192e+02,9.062681192111689370e+02,9.071312559497445136e+02,9.080069038046044625e+02,9.088952011240564843e+02,9.097962131175412424e+02,9.107099190564117634e+02,9.116361990599051524e+02,9.125748209133697628e+02,9.135254274998353594e+02,9.144875255593949532e+02,9.154604766086097243e+02,9.164434909342783158e+02,9.174356255984764630e+02,9.184357873291786518e+02,9.194427410001567296e+02,9.204551241112571915e+02,9.214714672683512617e+02,9.224902201580985093e+02,9.235097819718041592e+02
8.367659502465872947e+02,8.367659501794349808e+02,8.367661644937853680e+02,8.367665915779829220e+02,8.367672282832065775e+02,8.367680700715403646e+02,8.367691112203759758e+02,8.367703450652116999e+02,8.367717642616423745e+02,8.367733610484062865e+02,8.367751274961460695e+02,8.367770557303059604e+02,8.367791381206330925e+02,8.367813674335490077e+02,8.367837369468758197e+02,8.367862405288617538e+02,8.367888726851430192e+02,8.367916285782620207e+02,8.367945040247606130e+02,8.367974954748269738e+02,8.368005999791211025e+02,8.368038151468723527e+02,8.368071390987140603e+02,8.368105704170753825e+02,8.368141080963359855e+02,8.368177514943953383e+02,8.368215002868282681e+02,8.368253544244008708e+02,8.368293140943999333e+02,8.368333796859811855e+02,8.368375517595549127e+02,8.368418310200925134e+02,8.368462182941474339e+02,8.368507145103280891e+02,8.368553206829255942e+02,8.368600378983913970e+02,8.368648673043604731e+02,8.368698101009274524e+02,8.368748675339039664e+02,8.368800408898034675e+02,8.368853314923283051e+02,8.368907407001548791e+02,8.368962699058367889e+02,8.369019205356703424e+02,8.369076940503842934e+02,8.369135919465395546e+02,8.369196157585362243e+02,8.369257670611448248e+02,8.369320474724925134e+02,8.369384586574424247e+02,8.369450023313219162e+02,8.369516802639579964e+02,8.369584942839904897e+02,8.369654462834396327e+02,8.369725382225094563e+02,8.369797721346150183e+02,8.369871501316258673e+02,8.369946744093217603e+02,8.370023472530604067e+02,8.370101710436600797e+02,8.370181482635027805e+02,8.370262815028662544e+02,8.370345734664947486e+02,8.370430269804219279e+02,8.370516449990590218e+02,8.370604306125667335e+02,8.370693870545264872e+02,8.370785177099329530e+02,8.370878261235286573e+02,8.370973160085046629e+02,8.371069912555921064e+02,8.371168559425715330e+02,8.371269143442309542e+02,8.371371709428012764e+02,8.371476304389038887e+02,8.371582977630461073e+02,8.371691780877018800e+02,8.371802768400177683e+02,8.371915997151891133e+02,8.372031526905507235e+02,8.372149420404324474e+02,8.372269743518317000e+02,8.372392565409594454e+02,8.372517958707193202e+02,8.372645999691834504e+02,8.372776768491340817e+02,8.372910349287444660e+02,8.373046830534744913e+02,8.373186305192677992e+02,8.373328870971367905e+02,8.373474630592311314e+02,8.373623692064918487e+02,8.373776168979983368e+02,8.373932180821234397e+02,8.374091853296196177e+02,8.374255318687681893e+02,8.374422716227270485e+02,8.374594192492286311e+02,8.374769901827804688e+02,8.374950006795355648e+02,8.375134678650053957e+02,8.375324097847992562e+02,8.375518454585799191e+02,8.375717949374354703e+02,8.375922793648736615e+02,8.376133210416509201e+02,8.376349434946509973e+02,8.376571715500330129e+02,8.376800314108636485e+02,8.377035507394457454e+02,8.377277587445431664e+02,8.377526862736860949e+02,8.377783659107162748e+02,8.378048320786956538e+02,8.378321211482577837e+02,8.378602715514206238e+02,8.378893239007990132e+02,8.379193211140627682e+02,8.379503085433625529e+02,8.379823341093001545e+02,8.380154484388414176e+02,8.380497050063643201e+02,8.380851602767834265e+02,8.381218738494120544e+02,8.381599086009009625e+02,8.381993308252331190e+02,8.382402103683671157e+02,8.382826207547047943e+02,8.383266393021419844e+02,8.383723472220468693e+02,8.384198297001365745e+02,8.384691759539231271e+02,8.385204792622087098e+02,8.385738369620833055e+02,8.386293504090641591e+02,8.386871248964631604e+02,8.387472695308248376e+02,8.388098970613676784e+02,8.388751236627927028e+02,8.389430686725586384e+02,8.390138542857060884e+02,8.390876052124124271e+02,8.391644483055503088e+02,8.392445121674210213e+02,8.393279267463989299e+02,8.394148229353178294e+02,8.395053321840024410e+02,8.395995861383727288e+02,8.396977163180449679e+02,8.397998538433540716e+02,8.399061292212614944e+02,8.400166721977377620e+02,8.401316116819788249e+02,8.402510757452904500e+02,8.403751916947855989e+02,8.405040862193079647e+02,8.406378856024109609e+02,8.407767159949893312e+02,8.409207037384622936e+02,8.410699757284182851e+02,8.412246598084249172e+02,8.413848851842521981e+02,8.415507828499094103e+02,8.417224860183847568e+02,8.419001305514699425e+02,8.420838553842347665e+02,8.422738029403186601e+02,8.424701195340777531e+02,8.426729557547063223e+02,8.428824668257764188e+02,8.430988129313151376e+02,8.433221594967084229e+02,8.435526774095451401e+02,8.437905431621495609e+02,8.440359388941700445e+02,8.442890523103178566e+02,8.445500764453604461e+02,8.448192092459028117e+02,8.450966529365356337e+02,8.453826131367904964e+02,8.456772976952910312e+02,8.459809152088217843e+02,8.462936731971298059e+02,8.466157759095299298e+02,8.469474217472384225e+02,8.472888002962524752e+02,8.476400889798806020e+02,8.480014493579623149e+02,8.483730231213970683e+02,8.487549278555019328e+02,8.491472526731282642e+02,8.495500538470039373e+02,8.499633505983529176e+02,8.503871212227201113e+02,8.508212997507224600e+02,8.512657733474414954e+02,8.517203806457705468e+02,8.521849111833756751e+02,8.526591060687745767e+02,8.531426599405014031e+02,8.536352242085495163e+02,8.541364114864903740e+02,8.546458479516250009e+02,8.551630857304991196e+02,8.556876565977172504e+02,8.562190789582722346e+02,8.567568647767998300e+02,8.573005262045929840e+02,8.578495817001289652e+02,8.584035614913805148e+02,8.589620122820631423e+02,8.595245011543349847e+02,8.600906186640179385e+02,8.606599811593814593e+02,8.612322323804189637e+02,8.618070444128046574e+02,8.623841180803653970e+02,8.629631828632994939e+02,8.635439964279369178e+02,8.641263438489402233e+02,8.647100365976725698e+02,8.652949113620202297e+02,8.658808287540094852e+02,8.664676719526893294e+02,8.670553453213523198e+02,8.676437730304819524e+02,8.682328977109951893e+02,8.688226791564262612e+02,8.694130930876780212e+02,8.700041299897873159e+02,8.705957940267471713e+02,8.711881020377020377e+02,8.717810826157062820e+02,8.723747752686086869e+02,8.729692296604255262e+02,8.735645049307084946e+02,8.741606690888427238e+02,8.747577984798582520e+02,8.753559773181699484e+02,8.759552972856192810e+02,8.765558571902607810e+02,8.771577626824687286e+02,8.777611260251359226e+02,8.783660659149578578e+02,8.789727073520367640e+02,8.795811815552964390e+02,8.801916259214422098e+02,8.808041840254403496e+02,8.814190056607129691e+02,8.820362469174386888e+02,8.826560702975186814e+02,8.832786448648915894e+02,8.839041464299680229e+02,8.845327577669830816e+02,8.851646688630282824e+02,8.858000771974144527e+02,8.864391880498100136e+02,8.870822148352838212e+02,8.877293794639356292e+02,8.883809127221880999e+02,8.890370546720206448e+02,8.896980550634040128e+02,8.903641737539034011e+02,8.910356811278152236e+02,8.917128585052230392e+02,8.923959985289463930e+02,8.930854055144452559e+02,8.937813957442502897e+02,8.944842976843524411e+02,8.951944520951155937e+02,8.959122120036174692e+02,8.966379424978081261e+02,8.973720202954892784e+02,8.981148330328559268e+02,8.988667782082957274e+02,8.996282617074544987e+02,9.003996958255479512e+02,9.011814966929634920e+02,9.019740810010112000e+02,9.027778619171705259e+02,9.035932440745727945e+02,9.044206175203797784e+02,9.052603505141784126e+02,9.061127810829661939e+02,9.069782072665816486e+02,9.078568760296258233e+02,9.087489708761662541e+02,9.096545982845949538e+02,9.105737731837796218e+02,9.115064038182686090e+02,9.124522764971967490e+02,9.134110408822723457e+02,9.143821966332723150e+02,9.153650823773721186e+02,9.163588680775873172e+02,9.173625519164687603e+02,9.183749627521714274e+02,9.193947690157491479e+02,9.204204945818294163e+02,9.214505416603149115e+02,9.224832201547376371e+02,9.235167822797359349e+02
8.367961804323334718e+02,8.367961803768442905e+02,8.367963898941834486e+02,8.367968076526126424e+02,8.367974310453220141e+02,8.367982563035726571e+02,8.367992786540382895e+02,8.368004925075750862e+02,8.368018916654498298e+02,8.368034695294776384e+02,8.368052193042135514e+02,8.368071341818322253e+02,8.368092075031535160e+02,8.368114328910495487e+02,8.368138043549289478e+02,8.368163163669803453e+02,8.368189639123165762e+02,8.368217425161099072e+02,8.368246482513089859e+02,8.368276777306721215e+02,8.368308280867261146e+02,8.368340969429566485e+02,8.368374823791286872e+02,8.368409828931771699e+02,8.368445973616539959e+02,8.368483250002811928e+02,8.368521653257746493e+02,8.368561181197678707e+02,8.368601833953846381e+02,8.368643613667852605e+02,8.368686524218339855e+02,8.368730570979032564e+02,8.368775760607298935e+02,8.368822100861762010e+02,8.368869600447019366e+02,8.368918268883311384e+02,8.368968116398859820e+02,8.369019153842613150e+02,8.369071392615203422e+02,8.369124844616037535e+02,8.369179522204616433e+02,8.369235438174324599e+02,8.369292605737118720e+02,8.369351038517722827e+02,8.369410750556081666e+02,8.369471756317027484e+02,8.369534070706189368e+02,8.369597709091383422e+02,8.369662687328791435e+02,8.369729021793352786e+02,8.369796729412911418e+02,8.369865827705707488e+02,8.369936334820929460e+02,8.370008269582043567e+02,8.370081651532742626e+02,8.370156500985348202e+02,8.370232839071603621e+02,8.370310687795765716e+02,8.370390070090016934e+02,8.370471009872177319e+02,8.370553532105783461e+02,8.370637662862583284e+02,8.370723429387550141e+02,8.370810860166523071e+02,8.370899984996606236e+02,8.370990835059488973e+02,8.371083442997843349e+02,8.371177842995007268e+02,8.371274070858150935e+02,8.371372164105160891e+02,8.371472162055483750e+02,8.371574105925197955e+02,8.371678038926611407e+02,8.371784006372669182e+02,8.371892055786529454e+02,8.372002237016638446e+02,8.372114602357703461e+02,8.372229206677943694e+02,8.372346107553090633e+02,8.372465365407557556e+02,8.372587043663313580e+02,8.372711208896965900e+02,8.372837931005643668e+02,8.372967283382261030e+02,8.373099343100843726e+02,8.373234191112596818e+02,8.373371912453462755e+02,8.373512596463982618e+02,8.373656337022300704e+02,8.373803232791251503e+02,8.373953387480490846e+02,8.374106910124748993e+02,8.374263915379316359e+02,8.374424523833987450e+02,8.374588862346743099e+02,8.374757064398564808e+02,8.374929270470850042e+02,8.375105628447021218e+02,8.375286294039995028e+02,8.375471431247311784e+02,8.375661212835818787e+02,8.375855820857930212e+02,8.376055447201571269e+02,8.376260294176070147e+02,8.376470575136305570e+02,8.376686515147588352e+02,8.376908351693757595e+02,8.377136335431124508e+02,8.377370730990847960e+02,8.377611817832406587e+02,8.377859891150726526e+02,8.378115262839453408e+02,8.378378262512667334e+02,8.378649238587047421e+02,8.378928559426099127e+02,8.379216614547506197e+02,8.379513815893928950e+02,8.379820599166620241e+02,8.380137425220029854e+02,8.380464781514016295e+02,8.380803183618469347e+02,8.381153176762823023e+02,8.381515337420250944e+02,8.381890274913117764e+02,8.382278633022554004e+02,8.382681091580772090e+02,8.383098368020021098e+02,8.383531218846917454e+02,8.383980441005488728e+02,8.384446873086707228e+02,8.384931396337025262e+02,8.385434935413770745e+02,8.385958458831710232e+02,8.386502979043360710e+02,8.387069552096346570e+02,8.387659276815003295e+02,8.388273293461229514e+02,8.388912781841787591e+02,8.389578958846052501e+02,8.390273075419329416e+02,8.390996413001628298e+02,8.391750279488563820e+02,8.392536004797958640e+02,8.393354936150443564e+02,8.394208433192540042e+02,8.395097863104682574e+02,8.396024595843740599e+02,8.396989999669771123e+02,8.397995437100404388e+02,8.399042261423983291e+02,8.400131813884789835e+02,8.401265421630778292e+02,8.402444396486840787e+02,8.403670034585228450e+02,8.404943616850839589e+02,8.406266410304154988e+02,8.407639670111184387e+02,8.409064642280709450e+02,8.410542566887186240e+02,8.412074681685584210e+02,8.413662225983533745e+02,8.415306444646396358e+02,8.417008592130173383e+02,8.418769936461669658e+02,8.420591763110280681e+02,8.422475378716206933e+02,8.424422114652597884e+02,8.426433330401745252e+02,8.428510416717948601e+02,8.430654798532714267e+02,8.432867937533504801e+02,8.435151334317534975e+02,8.437506529989351520e+02,8.439935107037553053e+02,8.442438689293661582e+02,8.445018940746851968e+02,8.447677562963242508e+02,8.450416290839377780e+02,8.453236886407834163e+02,8.456141130410230744e+02,8.459130811361412725e+02,8.462207711850309124e+02,8.465373591860812894e+02,8.468630168952552140e+02,8.471979095219685405e+02,8.475421931048349506e+02,8.478960115821940917e+02,8.482594935878581737e+02,8.486327490205439972e+02,8.490158654555621069e+02,8.494089044887305135e+02,8.498118981239250616e+02,8.502248453355045967e+02,8.506477089529053046e+02,8.510804130245503529e+02,8.515228408192879215e+02,8.519748336135334057e+02,8.524361903895229489e+02,8.529066685341716720e+02,8.533859855802494394e+02,8.538738219752297027e+02,8.543698248033999789e+02,8.548736605894673630e+02,8.553849238770702641e+02,8.559031911920845914e+02,8.564280268760622903e+02,8.569589889141591357e+02,8.574956345592823936e+02,8.580375255854048646e+02,8.585842330408954695e+02,8.591353414128697068e+02,8.596904521523158564e+02,8.602491865444003452e+02,8.608111879372896738e+02,8.613761233653041245e+02,8.619436846182842373e+02,8.625135888191973663e+02,8.630855785770969533e+02,8.636594217835300924e+02,8.642349111183526702e+02,8.648118633265771678e+02,8.653901183221317979e+02,8.659695381679046022e+02,8.665500059746869965e+02,8.671314247549983065e+02,8.677137162615111947e+02,8.682968198340868184e+02,8.688806912743414159e+02,8.694653017622428024e+02,8.700506368254640392e+02,8.706366953690662740e+02,8.712234887704951234e+02,8.718110400427884770e+02,8.723993830672482090e+02,8.729885618955606787e+02,8.735786301204038864e+02,8.741696503128943050e+02,8.747616935247585843e+02,8.753548388528281521e+02,8.759491730632983035e+02,8.765447902731539216e+02,8.771417916862037600e+02,8.777402853812651529e+02,8.783403861501949450e+02,8.789422153836336520e+02,8.795459010025291491e+02,8.801515774337125322e+02,8.807593856279989950e+02,8.813694731194868837e+02,8.819819941249074873e+02,8.825971096820376260e+02,8.832149878263177243e+02,8.838358038049095740e+02,8.844597403274700582e+02,8.850869878529076686e+02,8.857177449112961085e+02,8.863522184599491993e+02,8.869906242723733385e+02,8.876331873584023242e+02,8.882801424132405828e+02,8.889317342923703791e+02,8.895882185082723481e+02,8.902498617436201584e+02,8.909169423739801914e+02,8.915897509910141707e+02,8.922685909146780432e+02,8.929537786798359775e+02,8.936456444789957914e+02,8.943445325383993350e+02,8.950508013993913892e+02,8.957648240707210334e+02,8.964869880101310855e+02,8.972176948851738416e+02,8.979573600536408549e+02,8.987064116933255491e+02,8.994652894991658059e+02,9.002344428533901919e+02,9.010143283615186647e+02,9.018054066346124955e+02,9.026081381869689721e+02,9.034229783098550115e+02,9.042503707776542115e+02,9.050907402452803581e+02,9.059444832077750789e+02,9.068119574181203006e+02,9.076934697013870164e+02,9.085892621666419018e+02,9.094994969066058275e+02,9.104242393922421570e+02,9.113634409168473667e+02,9.123169206205021737e+02,9.132843478250382532e+02,9.142652256199139629e+02,9.152588768406239979e+02,9.162644337447254657e+02,9.172808327789796294e+02,9.183068158013425091e+02,9.193409389304807746e+02,9.203815898099574042e+02,9.214270134846008204e+02,9.224753463222339178e+02,9.235246565559075407e+02
8.368262024783596189e+02,8.368262024321730905e+02,8.368264084558580862e+02,8.368268194409367879e+02,8.368274332140363185e+02,8.368282466242401370e+02,8.368292556653407246e+02,8.368304556237964107e+02,8.368318412421380117e+02,8.368334068876578158e+02,8.368351467172150251e+02,8.368370548306382943e+02,8.368391254071725598e+02,8.368413528214389316e+02,8.368437317372413418e+02,8.368462571791289974e+02,8.368489245828506000e+02,8.368517298266925764e+02,8.368546692462198280e+02,8.368577396351785183e+02,8.368609382353379260e+02,8.368642627179032161e+02,8.368677111588840489e+02,8.368712820104910861e+02,8.368749740703025282e+02,8.368787864496130169e+02,8.368827185420703927e+02,8.368867699934309030e+02,8.368909406730265346e+02,8.368952306473403269e+02,8.368996401559235210e+02,8.369041695897635691e+02,8.369088194721138052e+02,8.369135904417261145e+02,8.369184832383758703e+02,8.369234986905399865e+02,8.369286377050650572e+02,8.369339012586559647e+02,8.369392903910168116e+02,8.369448061994743284e+02,8.369504498349293726e+02,8.369562224989871311e+02,8.369621254421313097e+02,8.369681599628219146e+02,8.369743274074043029e+02,8.369806291707358241e+02,8.369870666974417190e+02,8.369936414837300163e+02,8.370003550796983518e+02,8.370072090920809842e+02,8.370142051873895070e+02,8.370213450954082646e+02,8.370286306130151388e+02,8.370360636083007648e+02,8.370436460249680977e+02,8.370513798869961875e+02,8.370592673035594089e+02,8.370673104741939596e+02,8.370755116942096947e+02,8.370838733603474111e+02,8.370923979766831735e+02,8.371010881607877536e+02,8.371099466501467532e+02,8.371189763088525524e+02,8.371281801345804752e+02,8.371375612658640648e+02,8.371471229896845898e+02,8.371568687493931975e+02,8.371668021529876569e+02,8.371769269817630175e+02,8.371872471993630143e+02,8.371977669612558657e+02,8.372084906246643641e+02,8.372194227589800448e+02,8.372305681566940621e+02,8.372419318448799004e+02,8.372535190972655528e+02,8.372653354469356373e+02,8.372773866997071082e+02,8.372896789482242639e+02,8.373022185868236420e+02,8.373150123272220071e+02,8.373280672150843884e+02,8.373413906475344675e+02,8.373549903916729136e+02,8.373688746041736977e+02,8.373830518520368287e+02,8.373975311345767523e+02,8.374123219067353148e+02,8.374274341038146758e+02,8.374428781677304414e+02,8.374586650748938155e+02,8.374748063658421415e+02,8.374913141767416391e+02,8.375082012728989866e+02,8.375254810844284066e+02,8.375431677442276168e+02,8.375612761284342014e+02,8.375798218995396383e+02,8.375988215523547069e+02,8.376182924630318212e+02,8.376382529413656357e+02,8.376587222866031652e+02,8.376797208470156875e+02,8.377012700834924317e+02,8.377233926374346993e+02,8.377461124032413409e+02,8.377694546056865192e+02,8.377934458825042157e+02,8.378181143724978028e+02,8.378434898094969867e+02,8.378696036224835098e+02,8.378964890421927976e+02,8.379241812144853156e+02,8.379527173207438864e+02,8.379821367055100154e+02,8.380124810115071341e+02,8.380437943221049863e+02,8.380761233111670663e+02,8.381095174000677162e+02,8.381440289214731365e+02,8.381797132892428408e+02,8.382166291735104551e+02,8.382548386796518116e+02,8.382944075294211643e+02,8.383354052420486369e+02,8.383779053125257406e+02,8.384219853836732455e+02,8.384677274079040217e+02,8.385152177938660998e+02,8.385645475324276958e+02,8.386158122957862133e+02,8.386691125029024079e+02,8.387245533440764120e+02,8.387822447573664704e+02,8.388423013498274941e+02,8.389048422573031303e+02,8.389699909378382472e+02,8.390378748957385824e+02,8.391086253358785143e+02,8.391823767509648633e+02,8.392592664479076348e+02,8.393394340229674526e+02,8.394230207985824563e+02,8.395101692374231561e+02,8.396010223509906609e+02,8.396957231209391921e+02,8.397944139512813990e+02,8.398972361688303181e+02,8.400043295877286482e+02,8.401158321517667673e+02,8.402318796654368498e+02,8.403526056213253241e+02,8.404781411275827168e+02,8.406086149349252992e+02,8.407441535581488097e+02,8.408848814827651950e+02,8.410309214435201284e+02,8.411823947586408394e+02,8.413394217021080976e+02,8.415021218963007641e+02,8.416706147090549166e+02,8.418450196422413683e+02,8.420254567028213160e+02,8.422120467512506821e+02,8.424049118253628876e+02,8.426041754399694810e+02,8.428099628631395035e+02,8.430224013694474934e+02,8.432416204686140873e+02,8.434677521051827398e+02,8.437009308215399415e+02,8.439412938730059750e+02,8.441889812801996413e+02,8.444441358006404243e+02,8.447069027987894287e+02,8.449774299915792426e+02,8.452558670450772524e+02,8.455423649973679403e+02,8.458370754831519207e+02,8.461401497370725338e+02,8.464517373555488575e+02,8.467719848010841588e+02,8.471010336388075075e+02,8.474390185025665687e+02,8.477860647973386676e+02,8.481422861561320587e+02,8.485077816828428467e+02,8.488826330274748670e+02,8.492669013562746159e+02,8.496606242959377369e+02,8.500638129470822832e+02,8.504764490762997866e+02,8.508984826066933920e+02,8.513298295321070555e+02,8.517703703785014113e+02,8.522199493256590586e+02,8.526783740827172551e+02,8.531454165819621949e+02,8.536208145180896736e+02,8.541042737172911075e+02,8.545954712757917378e+02,8.550941089892392029e+02,8.555998183001995585e+02,8.561122147537920455e+02,8.566309028931015064e+02,8.571554811785460970e+02,8.576855467728286158e+02,8.582207000548759197e+02,8.587605487536224018e+02,8.593047116224739739e+02,8.598528216050470974e+02,8.604045284702197023e+02,8.609595009182088461e+02,8.615174281785538142e+02,8.620780211353165896e+02,8.626410130247166990e+02,8.632061597562770885e+02,8.637732399110190045e+02,8.643420544699822585e+02,8.649124263240695427e+02,8.654841996125130663e+02,8.660572389326861185e+02,8.666314284589535646e+02,8.672066710031194816e+02,8.677828870440175706e+02,8.683600137490944917e+02,8.689380040065396997e+02,8.695168254826953671e+02,8.700964597161441816e+02,8.706769012570198356e+02,8.712581568576870268e+02,8.718402447189564555e+02,8.724231937943985713e+02,8.730070431540424352e+02,8.735918414077591478e+02,8.741776461878821465e+02,8.747645236900741565e+02,8.753525482710771257e+02,8.759418021017452247e+02,8.765323748736374228e+02,8.771243635574107884e+02,8.777178722112851119e+02,8.783130118379409623e+02,8.789099002883320964e+02,8.795086622110489998e+02,8.801094290460384855e+02,8.807123390616620782e+02,8.813175374342577015e+02,8.819251763695399404e+02,8.825354152653377469e+02,8.831484209153056781e+02,8.837643677533546906e+02,8.843834381386230916e+02,8.850058226808230302e+02,8.856317206057595968e+02,8.862613401606897696e+02,8.868948990589640289e+02,8.875326249630381881e+02,8.881747560044301508e+02,8.888215413384953081e+02,8.894732417309454604e+02,8.901301301718066270e+02,8.907924925109224432e+02,8.914606281070966816e+02,8.921348504804446975e+02,8.928154879543905054e+02,8.935028842698926610e+02,8.941973991497875431e+02,8.948994087854705413e+02,8.956093062113513952e+02,8.963275015244869337e+02,8.970544218973817578e+02,8.977905113210548507e+02,8.985362300030504912e+02,8.992920533311472582e+02,9.000584702982540648e+02,9.008359812676900447e+02,9.016250949413257558e+02,9.024263243768112943e+02,9.032401818856993714e+02,9.040671726335802987e+02,9.049077867589668358e+02,9.057624898329353300e+02,9.066317115006528411e+02,9.075158321839164728e+02,9.084151677864217618e+02,9.093299524367022286e+02,9.102603194332716612e+02,9.112062807267629978e+02,9.121677054861645502e+02,9.131442985469046789e+02,9.141355798162061319e+02,9.151408659940922234e+02,9.161592562221436538e+02,9.171896234481542933e+02,9.182306133326334248e+02,9.192806523561888525e+02,9.203379663554957233e+02,9.214006099867854118e+02,9.224665066088241474e+02,9.235334968892136658e+02
8.368560198073497531e+02,8.368560197686438187e+02,8.368562233852353529e+02,8.368566297281828383e+02,8.368572369734631593e+02,8.368580424700602407e+02,8.368590428357924793e+02,8.368602340741767875e+02,8.368616117047465650e+02,8.368631708991420055e+02,8.368649066158806136e+02,8.368668137277949199e+02,8.368688871374934024e+02,8.368711218776674059e+02,8.368735131944731620e+02,8.368760566134517376e+02,8.368787479884612139e+02,8.368815835348385690e+02,8.368845598485160053e+02,8.368876739130987517e+02,8.368909230970108410e+02,8.368943051427806950e+02,8.368978181503975975e+02,8.369014605564721023e+02,8.369052311107019477e+02,8.369091288508953994e+02,8.369131530775728152e+02,8.369173033289411023e+02,8.369215793568420168e+02,8.369259811041048351e+02,8.369305086835901193e+02,8.369351623590977169e+02,8.369399425282183529e+02,8.369448497071373367e+02,8.369498845173495738e+02,8.369550476742024330e+02,8.369603399771639261e+02,8.369657623016948946e+02,8.369713155925973069e+02,8.369770008587096299e+02,8.369828191688241077e+02,8.369887716487020271e+02,8.369948594790770358e+02,8.370010838945390788e+02,8.370074461832050474e+02,8.370139476870905355e+02,8.370205898031056222e+02,8.370273739846081753e+02,8.370343017434558988e+02,8.370413746525068746e+02,8.370485943485239204e+02,8.370559625354485433e+02,8.370634809880128842e+02,8.370711515556645281e+02,8.370789761667861058e+02,8.370869568331933124e+02,8.370950956549004331e+02,8.371033948251475749e+02,8.371118566356833526e+02,8.371204834823047349e+02,8.371292778706535955e+02,8.371382424222771306e+02,8.371473798809564641e+02,8.371566931193152641e+02,8.371661851457171224e+02,8.371758591114680712e+02,8.371857183183365123e+02,8.371957662264113651e+02,8.372060064623142353e+02,8.372164428277903880e+02,8.372270793086991034e+02,8.372379200844313800e+02,8.372489695377793169e+02,8.372602322652910516e+02,8.372717130881399044e+02,8.372834170635439932e+02,8.372953494967737242e+02,8.373075159537866057e+02,8.373199222745325869e+02,8.373325745869772163e+02,8.373454793218899113e+02,8.373586432284547527e+02,8.373720733907570093e+02,8.373857772452099653e+02,8.373997625989889002e+02,8.374140376495412283e+02,8.374286110052523782e+02,8.374434917073497218e+02,8.374586892531336844e+02,8.374742136206320993e+02,8.374900752947843330e+02,8.375062852952632966e+02,8.375228552060603988e+02,8.375397972069617936e+02,8.375571241070574615e+02,8.375748493804363761e+02,8.375929872042299849e+02,8.376115524991828352e+02,8.376305609729413391e+02,8.376500291662654263e+02,8.376699745023852302e+02,8.376904153397413211e+02,8.377113710283631463e+02,8.377328619701601156e+02,8.377549096834175089e+02,8.377775368718077971e+02,8.378007674982491153e+02,8.378246268639575192e+02,8.378491416930596642e+02,8.378743402231457367e+02,8.379002523021553088e+02,8.379269094919951613e+02,8.379543451792890210e+02,8.379825946936508672e+02,8.380116954338556070e+02,8.380416870022423836e+02,8.380726113476373484e+02,8.381045129169997381e+02,8.381374388158897091e+02,8.381714389777089309e+02,8.382065663414733763e+02,8.382428770376334342e+02,8.382804305811445147e+02,8.383192900706070532e+02,8.383595223918254078e+02,8.384011984235756927e+02,8.384443932427088839e+02,8.384891863249587232e+02,8.385356617369732248e+02,8.385839083141576111e+02,8.386340198179537992e+02,8.386860950652156816e+02,8.387402380214654158e+02,8.387965578491167662e+02,8.388551689013611394e+02,8.389161906524692540e+02,8.389797475559214490e+02,8.390459688231844666e+02,8.391149881182095669e+02,8.391869431658550411e+02,8.392619752763581573e+02,8.393402287924548091e+02,8.394218504703850385e+02,8.395069888103391804e+02,8.395957933553720522e+02,8.396884139800467892e+02,8.397850001910610445e+02,8.398857004619842428e+02,8.399906616231822909e+02,8.401000283261681716e+02,8.402139425990603741e+02,8.403325435065645479e+02,8.404559669238883544e+02,8.405843454292623846e+02,8.407178083143680851e+02,8.408564817062009524e+02,8.410004887881339073e+02,8.411499501027385577e+02,8.413049839149480249e+02,8.414657066120156514e+02,8.416322331169249082e+02,8.418046772945341445e+02,8.419831523344462312e+02,8.421677711005124820e+02,8.423586464428504996e+02,8.425558914731855111e+02,8.427596198075267466e+02,8.429699457813862864e+02,8.431869846420091790e+02,8.434108527197712419e+02,8.436416675774798932e+02,8.438795481322953265e+02,8.441246147408204479e+02,8.443769892339694252e+02,8.446367948847841944e+02,8.449041562896264850e+02,8.451791991412400193e+02,8.454620498711561822e+02,8.457528351388461942e+02,8.460516811459757491e+02,8.463587127561492025e+02,8.466740524037235218e+02,8.469978187797024702e+02,8.473301252884988344e+02,8.476710782765227350e+02,8.480207750421838000e+02,8.483793016469292070e+02,8.487467305582661083e+02,8.491231181680575446e+02,8.495085022423000964e+02,8.499028993714467788e+02,8.503063025022811416e+02,8.507186786423233116e+02,8.511399668345550253e+02,8.515700765026277850e+02,8.520088862634793259e+02,8.524562432945165256e+02,8.529119633257757869e+02,8.533758313039955965e+02,8.538476027463893843e+02,8.543270057690468775e+02,8.548137437410255188e+02,8.553075494851369740e+02,8.558080867215156786e+02,8.563150051979125692e+02,8.568279448130155060e+02,8.573465397813748723e+02,8.578704227129169340e+02,8.583992284952774980e+02,8.589325978871355574e+02,8.594701807531455415e+02,8.600116388939285343e+02,8.605566484462254948e+02,8.611049018475649746e+02,8.616561093759096366e+02,8.622100002874117308e+02,8.627663235846449652e+02,8.633248484537266449e+02,8.638853644120174522e+02,8.644476812090549629e+02,8.650116285225392403e+02,8.655770554890169706e+02,8.661438301058319666e+02,8.667118385372708644e+02,8.672809843539408803e+02,8.678511877304823656e+02,8.684223846229161836e+02,8.689945259433658293e+02,8.695675767466465231e+02,8.701415154403176757e+02,8.707163330272685471e+02,8.712920323877278861e+02,8.718686276057611622e+02,8.724461433437961659e+02,8.730246142674801604e+02,8.736040845221858717e+02,8.741846072617116761e+02,8.747662442291373281e+02,8.753490653893732087e+02,8.759331486126467325e+02,8.765185794079876587e+02,8.771054507056794591e+02,8.776938626876261651e+02,8.782839226646195812e+02,8.788757449995764546e+02,8.794694510759314880e+02,8.800651693105168079e+02,8.806630352104175472e+02,8.812631914734658949e+02,8.818657881322060348e+02,8.824709827413338417e+02,8.830789406087744737e+02,8.836898350706953806e+02,8.843038478108667277e+02,8.849211692248464942e+02,8.855419988294871700e+02,8.861665457182023147e+02,8.867950290622895864e+02,8.874276786583410512e+02,8.880647355213657193e+02,8.887064525226516025e+02,8.893530950705683154e+02,8.900049418313979004e+02,8.906622854858062510e+02,8.913254335146633593e+02,8.919947090054740784e+02,8.926704514675974451e+02,8.933530176405627117e+02,8.940427822750023097e+02,8.947401388598308358e+02,8.954455002621319863e+02,8.961592992375717586e+02,8.968819887588282427e+02,8.976140420973353002e+02,8.983559525794131559e+02,8.991082329215030313e+02,8.998714140307444040e+02,9.006460431367111141e+02,9.014326810981627887e+02,9.022318987059674100e+02,9.030442717811512239e+02,9.038703748472574944e+02,9.047107731415754870e+02,9.055660127241096689e+02,9.064366084513510486e+02,9.073230296102984767e+02,9.082256830643668764e+02,9.091448938555324730e+02,9.100808833455182594e+02,9.110337451716147825e+02,9.120034195459653574e+02,9.129896667417064009e+02,9.139920409771433469e+02,9.150098663085675526e+02,9.160422165334621241e+02,9.170879014266367903e+02,9.181454617972831329e+02,9.192131757624824786e+02,9.202890781773634217e+02,9.213709942649071536e+02,9.224565871384929778e+02,9.235434172139554221e+02
8.368856347749052702e+02,8.368856347422604358e+02,8.368858368636061869e+02,8.368862403554660432e+02,8.368868436774395150e+02,8.368876445857522413e+02,8.368886402089909780e+02,8.368898271410935195e+02,8.368912015459316081e+02,8.368927592676567428e+02,8.368944959413017841e+02,8.368964070988411095e+02,8.368984882668634100e+02,8.369007350530707754e+02,8.369031432198759148e+02,8.369057087443311502e+02,8.369084278644346568e+02,8.369112971125001650e+02,8.369143133367322207e+02,8.369174737124405965e+02,8.369207757444711433e+02,8.369242172624633440e+02,8.369277964104800276e+02,8.369315116324406745e+02,8.369353616546275134e+02,8.369393454663597822e+02,8.369434622997513316e+02,8.369477116092919005e+02,8.369520930518327759e+02,8.369566064674158952e+02,8.369612518612607346e+02,8.369660293871216936e+02,8.369709393321425068e+02,8.369759821032685068e+02,8.369811582152228766e+02,8.369864682800167657e+02,8.369919129979338095e+02,8.369974931499084505e+02,8.370032095912107479e+02,8.370090632463382008e+02,8.370150551050174954e+02,8.370211862192199987e+02,8.370274577010957273e+02,8.370338707217409819e+02,8.370404265107146102e+02,8.370471263562322974e+02,8.370539716059690818e+02,8.370609636684105226e+02,8.370681040147004524e+02,8.370753941809381331e+02,8.370828357708843441e+02,8.370904304590429774e+02,8.370981799940898327e+02,8.371060862026228051e+02,8.371141509932168674e+02,8.371223763607669071e+02,8.371307643911083005e+02,8.371393172659073798e+02,8.371480372678169033e+02,8.371569267858960757e+02,8.371659883212954583e+02,8.371752244932102940e+02,8.371846380451103187e+02,8.371942318512512884e+02,8.372040089234823199e+02,8.372139724183585940e+02,8.372241256445762474e+02,8.372344720707442320e+02,8.372450153335134928e+02,8.372557592460830165e+02,8.372667078071045808e+02,8.372778652100138288e+02,8.372892358528104069e+02,8.373008243483201340e+02,8.373126355349681944e+02,8.373246744880989354e+02,8.373369465318775156e+02,8.373494572518146697e+02,8.373622125079558600e+02,8.373752184487809700e+02,8.373884815258649041e+02,8.374020085093507078e+02,8.374158065042946646e+02,8.374298829679424898e+02,8.374442457280063081e+02,8.374589030020116525e+02,8.374738634177941776e+02,8.374891360352283982e+02,8.375047303692798550e+02,8.375206564144782533e+02,8.375369246709180970e+02,8.375535461719005070e+02,8.375705325133411634e+02,8.375878958850787512e+02,8.376056491042288599e+02,8.376238056507424972e+02,8.376423797053395219e+02,8.376613861900028724e+02,8.376808408112351572e+02,8.377007601062945241e+02,8.377211614926480934e+02,8.377420633208953404e+02,8.377634849314412122e+02,8.377854467152147890e+02,8.378079701787549993e+02,8.378310780140109273e+02,8.378547941732249456e+02,8.378791439492948712e+02,8.379041540620369233e+02,8.379298527507925201e+02,8.379562698738467361e+02,8.379834370151439771e+02,8.380113875987980236e+02,8.380401570119055350e+02,8.380697827361595955e+02,8.381003044887501119e+02,8.381317643729960309e+02,8.381642070390944355e+02,8.381976798552798300e+02,8.382322330895567575e+02,8.382679201019822131e+02,8.383047975472383087e+02,8.383429255869141343e+02,8.383823681105138803e+02,8.384231929636982841e+02,8.384654721816402798e+02,8.385092822246208470e+02,8.385547042120922470e+02,8.386018241504021944e+02,8.386507331482052905e+02,8.387015276123249805e+02,8.387543094155153085e+02,8.388091860262915134e+02,8.388662705898785816e+02,8.389256819485101460e+02,8.389875445890165793e+02,8.390519885060647312e+02,8.391191489708128302e+02,8.391891661972767906e+02,8.392621849024965286e+02,8.393383537615530940e+02,8.394178247643567374e+02,8.395007524873466309e+02,8.395872932990785102e+02,8.396776045233218611e+02,8.397718435860389263e+02,8.398701671736569097e+02,8.399727304296708326e+02,8.400796862151876212e+02,8.401911844567816843e+02,8.403073716020442134e+02,8.404283901994347161e+02,8.405543786143356328e+02,8.406854708874938069e+02,8.408217967353145923e+02,8.409634816840180065e+02,8.411106473219684858e+02,8.412634116473402628e+02,8.414218894826591395e+02,8.415861929246831323e+02,8.417564317983585624e+02,8.419327140875125224e+02,8.421151463220614914e+02,8.423038339105255545e+02,8.424988814156206445e+02,8.427003927779612695e+02,8.429084714975089128e+02,8.431232207840133697e+02,8.433447436866124463e+02,8.435731432095595892e+02,8.438085224165266709e+02,8.440509845207867556e+02,8.443006329534657652e+02,8.445575713974174050e+02,8.448219037704334369e+02,8.450937341386465960e+02,8.453731665391776460e+02,8.456603046903707082e+02,8.459552515683172942e+02,8.462581088297977203e+02,8.465689760642424062e+02,8.468879498608465610e+02,8.472151226815739165e+02,8.475505815364671207e+02,8.478944064644639411e+02,8.482466688307549703e+02,8.486074294605410842e+02,8.489767366386897720e+02,8.493546240149784126e+02,8.497411084649512532e+02,8.501361879663675154e+02,8.505398395600888080e+02,8.509520174712425842e+02,8.513726514707087745e+02,8.518016455575307191e+02,8.522388770389410411e+02,8.526841960757831202e+02,8.531374257470017710e+02,8.535983626678983001e+02,8.540667781739011843e+02,8.545424200561756152e+02,8.550250148094623910e+02,8.555143227229109470e+02,8.560100359085261061e+02,8.565118342547197017e+02,8.570193889089341610e+02,8.575323658118488765e+02,8.580504291808946391e+02,8.585732448514985435e+02,8.591004833990239149e+02,8.596318229811654419e+02,8.601669518581250031e+02,8.607055705649295305e+02,8.612473937258151864e+02,8.617921515140121755e+02,8.623395907711990276e+02,8.628894758092441180e+02,8.634415889227266234e+02,8.639957306443639027e+02,8.645517197771924884e+02,8.651093932374968745e+02,8.656686057414234483e+02,8.662292293662723068e+02,8.667911530149260670e+02,8.673542818089973707e+02,8.679185364332471408e+02,8.684838524508066939e+02,8.690501796058283617e+02,8.696174811274776175e+02,8.701857330467097427e+02,8.707549235350679737e+02,8.713250522728084206e+02,8.718961298519986940e+02,8.724681772188272362e+02,8.730412251581965393e+02,8.736153138227125510e+02,8.741904923074235967e+02,8.747668182710629026e+02,8.753443576040984908e+02,8.759231841435665729e+02,8.765033794344445823e+02,8.770850325371847021e+02,8.776682398809731467e+02,8.782531051622818268e+02,8.788397392883292696e+02,8.794282603651652153e+02,8.800187937302147247e+02,8.806114720292687252e+02,8.812064353380777675e+02,8.818038313288839163e+02,8.824038154824120284e+02,8.830065513460270950e+02,8.836122108389408822e+02,8.842209746055100368e+02,8.848330324178014052e+02,8.854485836286913809e+02,8.860678376768061071e+02,8.866910146445676446e+02,8.873183458704752411e+02,8.879500746164827660e+02,8.885864567908930667e+02,8.892277617265407343e+02,8.898742730131018561e+02,8.905262893811000140e+02,8.911841256334662376e+02,8.918481136182676892e+02,8.925186032333060666e+02,8.931959634495580076e+02,8.938805833357091615e+02,8.945728730601082361e+02,8.952732648391061048e+02,8.959822137916823976e+02,8.967001986492055039e+02,8.974277222558181393e+02,8.981653117789871885e+02,8.989135185309321514e+02,8.996729172797439560e+02,9.004441049039655809e+02,9.012276982163824641e+02,9.020243307522613350e+02,9.028346482853133921e+02,9.036593028029557217e+02,9.044989446437558627e+02,9.053542124782657083e+02,9.062257208054553530e+02,9.071140446482544348e+02,9.080197011731181647e+02,9.089431280421239308e+02,9.098846584457903646e+02,9.108444929753954966e+02,9.118226687886684658e+02,9.128190269113866862e+02,9.138331789990101015e+02,9.148644754396781309e+02,9.159119772702130149e+02,9.169744349238505947e+02,9.180502772159594542e+02,9.191376140470587188e+02,9.202342558829720929e+02,9.213377519967909848e+02,9.224454476446808258e+02,9.235545578861539298e+02
8.369150488400075574e+02,8.369150488123075320e+02,8.369152502084282332e+02,8.369156523635682561e+02,8.369162539691292295e+02,8.369170531151827390e+02,8.369180473507948363e+02,8.369192337585387804e+02,8.369206090389404835e+02,8.369221696003993429e+02,8.369239116502978959e+02,8.369258312834720073e+02,8.369279245648760934e+02,8.369301876040435673e+02,8.369326166197345174e+02,8.369352079939071700e+02,8.369379583148006532e+02,8.369408644094509100e+02,8.369439233663616733e+02,8.369471325493353788e+02,8.369504896036263517e+02,8.369539924556518145e+02,8.369576393074872840e+02,8.369614286273107382e+02,8.369653591368578418e+02,8.369694297968301271e+02,8.369736397910618280e+02,8.369779885101180525e+02,8.369824755348706731e+02,8.369871006204793957e+02,8.369918636810998578e+02,8.369967647755554481e+02,8.370018040941273512e+02,8.370069819465596765e+02,8.370122987513245789e+02,8.370177550261537363e+02,8.370233513798136755e+02,8.370290885050795850e+02,8.370349671728490648e+02,8.370409882273277162e+02,8.370471525822122203e+02,8.370534612177959843e+02,8.370599151789238022e+02,8.370665155737214036e+02,8.370732635730340689e+02,8.370801604105091656e+02,8.370872073832658771e+02,8.370944058530978964e+02,8.371017572481626985e+02,8.371092630651160107e+02,8.371169248716538505e+02,8.371247443094316623e+02,8.371327230973321321e+02,8.371408630350618978e+02,8.371491660070557828e+02,8.371576339866767285e+02,8.371662690406983529e+02,8.371750733340636543e+02,8.371840491349150852e+02,8.371931988198932686e+02,8.372025248797059476e+02,8.372120299249701247e+02,8.372217166923318246e+02,8.372315880508730288e+02,8.372416470088139704e+02,8.372518967205234048e+02,8.372623404938495923e+02,8.372729817977900666e+02,8.372838242705148559e+02,8.372948717277660080e+02,8.373061281716522899e+02,8.373175977998658936e+02,8.373292850153445670e+02,8.373411944364096371e+02,8.373533309074088038e+02,8.373656995098994003e+02,8.373783055744047488e+02,8.373911546927860172e+02,8.374042527312685706e+02,8.374176058441703390e+02,8.374312204883791537e+02,8.374451034386328274e+02,8.374592618036590466e+02,8.374737030432352185e+02,8.374884349862356885e+02,8.375034658497388591e+02,8.375188042592689044e+02,8.375344592702598447e+02,8.375504403908303175e+02,8.375667576059687462e+02,8.375834214032365708e+02,8.376004428001037923e+02,8.376178333730467784e+02,8.376356052885410008e+02,8.376537713361027500e+02,8.376723449635391034e+02,8.376913403145844086e+02,8.377107722691170011e+02,8.377306564861647757e+02,8.377510094499292563e+02,8.377718485190785032e+02,8.377931919795785234e+02,8.378150591013607027e+02,8.378374701991469919e+02,8.378604466977806169e+02,8.378840112024435030e+02,8.379081875741694603e+02,8.379330010110967351e+02,8.379584781359374119e+02,8.379846470901734392e+02,8.380115376355250874e+02,8.380391812632691426e+02,8.380676113120111950e+02,8.380968630945428686e+02,8.381269740344278034e+02,8.381579838129638347e+02,8.381899345271551738e+02,8.382228708592925841e+02,8.382568402586684897e+02,8.382918931358515238e+02,8.383280830697799502e+02,8.383654670277092009e+02,8.384041055977418182e+02,8.384440632332535870e+02,8.384854085079996366e+02,8.385282143800014865e+02,8.385725584614733634e+02,8.386185232910069089e+02,8.386661966030040958e+02,8.387156715879099238e+02,8.387670471351808601e+02,8.388204280491728468e+02,8.388759252263339476e+02,8.389336557803781034e+02,8.389937431006959514e+02,8.390563168283864570e+02,8.391215127342964024e+02,8.391894724846625877e+02,8.392603432827193046e+02,8.393342773791547415e+02,8.394114314506144865e+02,8.394919658532122639e+02,8.395760437664955589e+02,8.396638302513637200e+02,8.397554912517776984e+02,8.398511925733546377e+02,8.399510988727963650e+02,8.400553726911889498e+02,8.401641735622026772e+02,8.402776572234829473e+02,8.403959749561477111e+02,8.405192730730909716e+02,8.406476925714513300e+02,8.407813689578258618e+02,8.409204322464900088e+02,8.410650071212276089e+02,8.412152132410067225e+02,8.413711656597350839e+02,8.415329753221640203e+02,8.417007495932980419e+02,8.418745927788108929e+02,8.420546065996696825e+02,8.422408905948661868e+02,8.424335424398873329e+02,8.426326581820261481e+02,8.428383324041707283e+02,8.430506583350377241e+02,8.432697279256847196e+02,8.434956319101730742e+02,8.437284598635108068e+02,8.439683002636757010e+02,8.442152405576704268e+02,8.444693672250191412e+02,8.447307658264722932e+02,8.449995210212462098e+02,8.452757165330500584e+02,8.455594350434455464e+02,8.458507579906776073e+02,8.461497652529158131e+02,8.464565346967506230e+02,8.467711415747007777e+02,8.470936577593563470e+02,8.474241508065292692e+02,8.477626828453974213e+02,8.481093093000373528e+02,8.484640774538930827e+02,8.488270248765082897e+02,8.491981777400851570e+02,8.495775490618727872e+02,8.499651369166921313e+02,8.503609226716180274e+02,8.507648693014268702e+02,8.511769198482714955e+02,8.515969960915008414e+02,8.520249974929932932e+02,8.524608004792912652e+02,8.529042581138900232e+02,8.533552002012146431e+02,8.538134338484453565e+02,8.542787444931653908e+02,8.547508973849487575e+02,8.552296394889241355e+02,8.557147555655908491e+02,8.562059628420657873e+02,8.567029679125602115e+02,8.572054696849453421e+02,8.577131623839662780e+02,8.582257385284401607e+02,8.587428918072801025e+02,8.592643197898084964e+02,8.597897264184323376e+02,8.603188242452515624e+02,8.608513363875626965e+02,8.613869981897466914e+02,8.619255585901157701e+02,8.624667812006034637e+02,8.630104451145803068e+02,8.635563454635571361e+02,8.641042937472462881e+02,8.646541179635772778e+02,8.652056625660626423e+02,8.657587882756372437e+02,8.663133717730032686e+02,8.668693052958374210e+02,8.674264961631545248e+02,8.679848662468473321e+02,8.685443514080646992e+02,8.691049009137608437e+02,8.696664768465216184e+02,8.702290535186932630e+02,8.707926168999557603e+02,8.713571640657938815e+02,8.719227026728403871e+02,8.724892504657965446e+02,8.730568348195498629e+02,8.736254923192142314e+02,8.741952683800819841e+02,8.747662169088873725e+02,8.753384000073286870e+02,8.759118877184500889e+02,8.764867578162425161e+02,8.770630956386656862e+02,8.776409939642088602e+02,8.782205529320867754e+02,8.788018800061976208e+02,8.793850899830484877e+02,8.799703050439683238e+02,8.805576548520718916e+02,8.811472766946151296e+02,8.817393156715726263e+02,8.823339249314782364e+02,8.829312659557884899e+02,8.835315088932539993e+02,8.841348329460004152e+02,8.847414268092339853e+02,8.853514891666691256e+02,8.859652292439249095e+02,8.865828674222331074e+02,8.872046359148176862e+02,8.878307795082137091e+02,8.884615563705671093e+02,8.890972389285313966e+02,8.897381148137121727e+02,8.903844878786214849e+02,8.910366792807043339e+02,8.916950286310774345e+02,8.923598952020381603e+02,8.930316591839870171e+02,8.937107229779620639e+02,8.943975125042582022e+02,8.950924785003159059e+02,8.957960977718628328e+02,8.965088743498027952e+02,8.972313404911184307e+02,8.979640574446285655e+02,8.987076158813075608e+02,8.994626358635731549e+02,9.002297661980727526e+02,9.010096829818137394e+02,9.018030871120581651e+02,9.026107004867924388e+02,9.034332605760922661e+02,9.042715129977563038e+02,9.051262016871220339e+02,9.059980562170876510e+02,9.068877758087784287e+02,9.077960095881201141e+02,9.087233327046968725e+02,9.096702180565021081e+02,9.106370035807103704e+02,9.116238554010604958e+02,9.126307275891975905e+02,9.136573199139011194e+02,9.147030357131981191e+02,9.157669428920778500e+02,9.168477419359926444e+02,9.179437455855506869e+02,9.190528752147376963e+02,9.201726787031898311e+02,9.213003733824402843e+02,9.224329152354021062e+02,9.235670919355960677e+02
8.369442627036296471e+02,8.369442626799893787e+02,8.369444640050013504e+02,8.369448661112980972e+02,8.369454678808937160e+02,8.369462676791287095e+02,8.369472634030707923e+02,8.369484525416256702e+02,8.369498322441263554e+02,8.369513993939752936e+02,8.369531506839904296e+02,8.369550826903973757e+02,8.369571919428697129e+02,8.369594749885779947e+02,8.369619284487934010e+02,8.369645490671686048e+02,8.369673337493384224e+02,8.369702795939165298e+02,8.369733839153187773e+02,8.369766442590903353e+02,8.369800584105851158e+02,8.369836243979324308e+02,8.369873404902529046e+02,8.369912051920616705e+02,8.369952172347398118e+02,8.369993755658687178e+02,8.370036793371316435e+02,8.370081278913786491e+02,8.370127207493594597e+02,8.370174575965244230e+02,8.370223382702154140e+02,8.370273627474867908e+02,8.370325311337290941e+02,8.370378436522175889e+02,8.370433006346545426e+02,8.370489025127410514e+02,8.370546498107842126e+02,8.370605431393222489e+02,8.370665831897348426e+02,8.370727707297928646e+02,8.370791066000974752e+02,8.370855917113501619e+02,8.370922270423975533e+02,8.370990136389925738e+02,8.371059526132170276e+02,8.371130451435114992e+02,8.371202924752642502e+02,8.371276959219129594e+02,8.371352568665175795e+02,8.371429767637689565e+02,8.371508571423977401e+02,8.371588996079581193e+02,8.371671058459586447e+02,8.371754776253219461e+02,8.371840168021543604e+02,8.371927253238130788e+02,8.372016052332592153e+02,8.372106586736895224e+02,8.372198878934424329e+02,8.372292952511754720e+02,8.372388832213152909e+02,8.372486543997822537e+02,8.372586115099938979e+02,8.372687574091567058e+02,8.372790950948517548e+02,8.372896277119280057e+02,8.373003585597159599e+02,8.373112910995744187e+02,8.373224289627902408e+02,8.373337759588484914e+02,8.373453360840936739e+02,8.373571135308054636e+02,8.373691126967149785e+02,8.373813381949872792e+02,8.373937948647010217e+02,8.374064877818582318e+02,8.374194222709577389e+02,8.374326039171705816e+02,8.374460385791599037e+02,8.374597324025874059e+02,8.374736918343555772e+02,8.374879236376376639e+02,8.375024349077503985e+02,8.375172330889308796e+02,8.375323259920830878e+02,8.375477218135653175e+02,8.375634291550945818e+02,8.375794570448535978e+02,8.375958149598894806e+02,8.376125128499031689e+02,8.376295611625383799e+02,8.376469708702857133e+02,8.376647534991298016e+02,8.376829211590793420e+02,8.377014865767312131e+02,8.377204631300348865e+02,8.377398648854392604e+02,8.377597066376200701e+02,8.377800039520050177e+02,8.378007732103360468e+02,8.378220316595291024e+02,8.378437974641165056e+02,8.378660897625876487e+02,8.378889287279688460e+02,8.379123356330202341e+02,8.379363329204591082e+02,8.379609442786600084e+02,8.379861947233204091e+02,8.380121106856264532e+02,8.380387201074941004e+02,8.380660525445133544e+02,8.380941392772657537e+02,8.381230134317337388e+02,8.381527101095653052e+02,8.381832665289924762e+02,8.382147221772340799e+02,8.382471189752279770e+02,8.382805014555322032e+02,8.383149169542031132e+02,8.383504158173835776e+02,8.383870516232130967e+02,8.384248814194775150e+02,8.384639659771311244e+02,8.385043700594325173e+02,8.385461627058942895e+02,8.385894175295385367e+02,8.386342130250260425e+02,8.386806328840715423e+02,8.387287663131146473e+02,8.387787083464943407e+02,8.388305601463493986e+02,8.388844292781869854e+02,8.389404299485995580e+02,8.389986831891191059e+02,8.390593169679101493e+02,8.391224662092604376e+02,8.391882727000696605e+02,8.392568848632873824e+02,8.393284573810543634e+02,8.394031506556133309e+02,8.394811301040508624e+02,8.395625652933202900e+02,8.396476289337693970e+02,8.397364957608047007e+02,8.398293413432495527e+02,8.399263408604815595e+02,8.400276678905803465e+02,8.401334932497269392e+02,8.402439839201484801e+02,8.403593021005848414e+02,8.404796044095992329e+02,8.406050412676615906e+02,8.407357564781559631e+02,8.408718870196881880e+02,8.410135630518919925e+02,8.411609081244441768e+02,8.413140395649170387e+02,8.414730690068980721e+02,8.416381030076463503e+02,8.418092436970234758e+02,8.419865893989683627e+02,8.421702351748483579e+02,8.423602732541188516e+02,8.425567933388506390e+02,8.427598827889780750e+02,8.429696267102331149e+02,8.431861079751284933e+02,8.434094072090164218e+02,8.436396027694967188e+02,8.438767707400832023e+02,8.441209849499060738e+02,8.443723170218412406e+02,8.446308364429341964e+02,8.448966106439643227e+02,8.451697050698011253e+02,8.454501832188752815e+02,8.457381066285122415e+02,8.460335347828685144e+02,8.463365249215376025e+02,8.466471317293642187e+02,8.469654068914292111e+02,8.472913985014160971e+02,8.476251503165276517e+02,8.479667008577035858e+02,8.483160823600209142e+02,8.486733195847342586e+02,8.490384285113364058e+02,8.494114149351057677e+02,8.497922730026466525e+02,8.501809837246385086e+02,8.505775135110153542e+02,8.509818127787006006e+02,8.513938146853519129e+02,8.518134340438614345e+02,8.522405664711819782e+02,8.526750878210750670e+02,8.531168539434171407e+02,8.535657008028225619e+02,8.540214449768350278e+02,8.544838845394207283e+02,8.549528003198335000e+02,8.554279575111868326e+02,8.559091628240018963e+02,8.563961558323892405e+02,8.568886669268775904e+02,8.573864198086838542e+02,8.578891340426275747e+02,8.583965276016448342e+02,8.589083193411089496e+02,8.594242313489335174e+02,8.599439911269137156e+02,8.604673335691305738e+02,8.609940027137591869e+02,8.615237532546697139e+02,8.620563518083138206e+02,8.625915779392473723e+02,8.631292249540802004e+02,8.636691004786314352e+02,8.642110268366542414e+02,8.647548412507999274e+02,8.653003958876884099e+02,8.658475577692222487e+02,8.663962085718158050e+02,8.669462443341910785e+02,8.674975750929796732e+02,8.680501244637098353e+02,8.686038291829606806e+02,8.691586386256343530e+02,8.697145143094966215e+02,8.702714293974216844e+02,8.708293682061870413e+02,8.713883257292145572e+02,8.719483071793639510e+02,8.725093275567516002e+02,8.730714112455910936e+02,8.736345916432228478e+02,8.741989108238130939e+02,8.747644192386388795e+02,8.753311754544304222e+02,8.758992459309006335e+02,8.764687048383356114e+02,8.770396339159569834e+02,8.776121223716614850e+02,8.781862668237104117e+02,8.787621712849618234e+02,8.793399471903026097e+02,8.799197134680492809e+02,8.805015966562382346e+02,8.810857310649026886e+02,8.816722589856499326e+02,8.822613309500885634e+02,8.828531060389175309e+02,8.834477522437623520e+02,8.840454468841397784e+02,8.846463770822240349e+02,8.852507402983823113e+02,8.858587449307262887e+02,8.864706109821785276e+02,8.870865707987513815e+02,8.877068698828679771e+02,8.883317677855752663e+02,8.889615390813695512e+02,8.895964744290247381e+02,8.902368817212002341e+02,8.908830873246313331e+02,8.915354374112454252e+02,8.921942993784637110e+02,8.928600633540581839e+02,8.935331437770073535e+02,8.942139810405647040e+02,8.949030431768693461e+02,8.956008275534850327e+02,8.963078625407534901e+02,8.970247090942207251e+02,8.977519621779546242e+02,8.984902519315897962e+02,8.992402444555765442e+02,9.000026420545652854e+02,9.007781827373496526e+02,9.015676387227572377e+02,9.023718136441357274e+02,9.031915380811714158e+02,9.040276629783379576e+02,9.048810504377055395e+02,9.057525613060029173e+02,9.066430389211101328e+02,9.075532883555248418e+02,9.084840505135916828e+02,9.094359705319820932e+02,9.104095601327721852e+02,9.114051539253388228e+02,9.124228601895968040e+02,9.134625074364846569e+02,9.145235890517277539e+02,9.156052095671888083e+02,9.167060374856856697e+02,9.178242709257640399e+02,9.189576233386478634e+02,9.201033367266908272e+02,9.212582286064152868e+02,9.224187758861543216e+02,9.235812336026141338e+02
8.369732764221854495e+02,8.369732764018975786e+02,8.369734782146138059e+02,8.369738813734245468e+02,8.369744849179696757e+02,8.369752874417695239e+02,8.369762871313319010e+02,8.369774818149553539e+02,8.369788690187592692e+02,8.369804460272927145e+02,8.369822099460920981e+02,8.369841577637431556e+02,8.369862864113204068e+02,8.369885928174800256e+02,8.369910739579215715e+02,8.369937268983762806e+02,8.369965488306864927e+02,8.369995371019047070e+02,8.370026892366278162e+02,8.370060029530143311e+02,8.370094761730841810e+02,8.370131070280046970e+02,8.370168938591060623e+02,8.370208352153775877e+02,8.370249298481633105e+02,8.370291767037265345e+02,8.370335749142842587e+02,8.370381237880387744e+02,8.370428227986560614e+02,8.370476715745667207e+02,8.370526698883913923e+02,8.370578176467314506e+02,8.370631148805043722e+02,8.370685617359579282e+02,8.370741584664510810e+02,8.370799054250574045e+02,8.370858030580184277e+02,8.370918518990501980e+02,8.370980525644928321e+02,8.371044057492755428e+02,8.371109122236656503e+02,8.371175728307601958e+02,8.371243884846779792e+02,8.371313601694076851e+02,8.371384889382661640e+02,8.371457759139254904e+02,8.371532222889667310e+02,8.371608293269209753e+02,8.371685983637640902e+02,8.371765308098313199e+02,8.371846281521226274e+02,8.371928919569749041e+02,8.372013238730767171e+02,8.372099256348092240e+02,8.372186990658942705e+02,8.372276460833393230e+02,8.372367687016692344e+02,8.372460690374354044e+02,8.372555493140004046e+02,8.372652118665939724e+02,8.372750591476407180e+02,8.372850937323629523e+02,8.372953183246612525e+02,8.373057357632807225e+02,8.373163490282704515e+02,8.373271612477466306e+02,8.373381757049721728e+02,8.373493958457659119e+02,8.373608252862586596e+02,8.373724678210131742e+02,8.373843274315286180e+02,8.373964082951509909e+02,8.374087147944151184e+02,8.374212515268418429e+02,8.374340233152231576e+02,8.374470352184222293e+02,8.374602925427254831e+02,8.374738008537825635e+02,8.374875659891731630e+02,8.375015940716444902e+02,8.375158915230666707e+02,8.375304650791556469e+02,8.375453218050187161e+02,8.375604691115820515e+02,8.375759147729656888e+02,8.375916669448731682e+02,8.376077341840757526e+02,8.376241254690702362e+02,8.376408502220022001e+02,8.376579183319529420e+02,8.376753401796963772e+02,8.376931266640420972e+02,8.377112892298948736e+02,8.377298398981665741e+02,8.377487912976981761e+02,8.377681566993556999e+02,8.377879500524870764e+02,8.378081860239428806e+02,8.378288800398815965e+02,8.378500483306080469e+02,8.378717079787122657e+02,8.378938769708100835e+02,8.379165742532102286e+02,8.379398197918741289e+02,8.379636346370650699e+02,8.379880409931279246e+02,8.380130622938854685e+02,8.380387232841841296e+02,8.380650501081761377e+02,8.380920704049824508e+02,8.381198134124410899e+02,8.381483100797071302e+02,8.381775931895415397e+02,8.382076974911861953e+02,8.382386598447943697e+02,8.382705193784399853e+02,8.383033176587840671e+02,8.383370988765118454e+02,8.383719100476646418e+02,8.384078012319680511e+02,8.384448257691877870e+02,8.384830405344031306e+02,8.385225062128549780e+02,8.385632875946770355e+02,8.386054538893032486e+02,8.386490790586393587e+02,8.386942421671218426e+02,8.387410277455288679e+02,8.387895261637826252e+02,8.388398340059584370e+02,8.388920544382465323e+02,8.389462975577127963e+02,8.390026807064233481e+02,8.390613287319786195e+02,8.391223741720190219e+02,8.391859573372148589e+02,8.392522262652524887e+02,8.393213365181226209e+02,8.393934507974985308e+02,8.394687383589903220e+02,8.395473742161282189e+02,8.396295381389205659e+02,8.397154134685082454e+02,8.398051857860692735e+02,8.398990414873700274e+02,8.399971663173035950e+02,8.400997439171061387e+02,8.402069544328725215e+02,8.403189732295430758e+02,8.404359697505541362e+02,8.405581065597332326e+02,8.406855385979633866e+02,8.408184126814561523e+02,8.409568672599718866e+02,8.411010324411431611e+02,8.412510302709691814e+02,8.414069752413305423e+02,8.415689749749552675e+02,8.417371310198078618e+02,8.419115396724455422e+02,8.420922927477283793e+02,8.422794782233836486e+02,8.424731807122353757e+02,8.426734817480167976e+02,8.428804599015476242e+02,8.430941907655106888e+02,8.433147468567195801e+02,8.435421974852258700e+02,8.437766086325052584e+02,8.440180428692924579e+02,8.442665593302439220e+02,8.445222137496142523e+02,8.447850585509190751e+02,8.450551429748230703e+02,8.453325132234423336e+02,8.456172125957414210e+02,8.459092815874363396e+02,8.462087579293936415e+02,8.465156765405783972e+02,8.468300693748053618e+02,8.471519651446271837e+02,8.474813889104407281e+02,8.478183615281433276e+02,8.481628989543225998e+02,8.485150114139001971e+02,8.488747024412913333e+02,8.492419678123620770e+02,8.496167943906367555e+02,8.499991589171369242e+02,8.503890267786900949e+02,8.507863507942680599e+02,8.511910700625604704e+02,8.516031089162530634e+02,8.520223760289985648e+02,8.524487637195805974e+02,8.528821474940369853e+02,8.533223858604746965e+02,8.537693204430368041e+02,8.542227764112574278e+02,8.546825632293542867e+02,8.551484757175093137e+02,8.556202954047022331e+02,8.560978488308812757e+02,8.565808955778303471e+02,8.570691873667366281e+02,8.575624701675239976e+02,8.580604863669930182e+02,8.585629769412190626e+02,8.590696835813251937e+02,8.595803507274222284e+02,8.600947274726385103e+02,8.606125693071196565e+02,8.611336396801259525e+02,8.616577113663805676e+02,8.621845676302656329e+02,8.627140031880352353e+02,8.632458249737569531e+02,8.637798527191421272e+02,8.643159193607779116e+02,8.648538712906046158e+02,8.653935684668999784e+02,8.659348844036589981e+02,8.664777060562412316e+02,8.670219336206366734e+02,8.675674802627924009e+02,8.681142717932831374e+02,8.686622463012773778e+02,8.692113537603415807e+02,8.697615556172019069e+02,8.703128243731912335e+02,8.708651431667941551e+02,8.714185053644768004e+02,8.719729141658825711e+02,8.725283822284822008e+02,8.730849313159017129e+02,8.736425919734006129e+02,8.742014032333453315e+02,8.747614123529932613e+02,8.753226745864840268e+02,8.758852529925978843e+02,8.764492182795966073e+02,8.770146486882848649e+02,8.775816299143299375e+02,8.781502550708307808e+02,8.787206246921427919e+02,8.792928467800272756e+02,8.798670368933080681e+02,8.804433182823707966e+02,8.810218220700361371e+02,8.816026874805761508e+02,8.821860621189094900e+02,8.827721023023192402e+02,8.833609734473757271e+02,8.839528505151102991e+02,8.845479185178824082e+02,8.851463730917913608e+02,8.857484211389112261e+02,8.863542815440531513e+02,8.869641859711724692e+02,8.875783797449186068e+02,8.881971228231464011e+02,8.888206908664251387e+02,8.894493764106614435e+02,8.900834901488062769e+02,8.907233623271885108e+02,8.913693442611627233e+02,8.920218099733652934e+02,8.926811579557296454e+02,8.933478130532951127e+02,8.940222284634445487e+02,8.947048878381501709e+02,8.953963074686092796e+02,8.960970385207290292e+02,8.968076692755408885e+02,8.975288273099311027e+02,8.982611815290053983e+02,8.990054439307896246e+02,8.997623709454417167e+02,9.005327641432802466e+02,9.013174700473045959e+02,9.021173787152705472e+02,9.029334206730784445e+02,9.037665616855542794e+02,9.046177947446418557e+02,9.054881285433669973e+02,9.063785715955659725e+02,9.072901110711266028e+02,9.082236853673085761e+02,9.091801494619307960e+02,9.101602322396923910e+02,9.111644853077992821e+02,9.121932233921247644e+02,9.132464573056844301e+02,9.143238217720456760e+02,9.154245020942140627e+02,9.165471657301601454e+02,9.176899070743320408e+02,9.188502157450345749e+02,9.200249797678314962e+02,9.212105342849216640e+02,9.224027627503276108e+02,9.235972500803725325e+02
8.370020895009419064e+02,8.370020894834369756e+02,8.370022922638634100e+02,8.370026974221027558e+02,8.370033041288112372e+02,8.370041111675787988e+02,8.370051169667368640e+02,8.370063196392238751e+02,8.370077170286114097e+02,8.370093067592287071e+02,8.370110862883119580e+02,8.370130529582203280e+02,8.370152040469781696e+02,8.370175368156945979e+02,8.370200485517403877e+02,8.370227366068979791e+02,8.370255984300282535e+02,8.370286315940820714e+02,8.370318338175367217e+02,8.370352029805274015e+02,8.370387371360944826e+02,8.370424345170627021e+02,8.370462935391240080e+02,8.370503128007172791e+02,8.370544910802890399e+02,8.370588273314897378e+02,8.370633206768158061e+02,8.370679704001571508e+02,8.370727759386452362e+02,8.370777368741464670e+02,8.370828529246804237e+02,8.370881239359946449e+02,8.370935498734764906e+02,8.370991308145390803e+02,8.371048669415828272e+02,8.371107585356006666e+02,8.371168059704698408e+02,8.371230097079509278e+02,8.371293702933985514e+02,8.371358883521747885e+02,8.371425645867460617e+02,8.371493997744390754e+02,8.371563947658233928e+02,8.371635504836898463e+02,8.371708679225885135e+02,8.371783481488931784e+02,8.371859923013582829e+02,8.371938015921352871e+02,8.372017773082205849e+02,8.372099208133054162e+02,8.372182335500035606e+02,8.372267170424339611e+02,8.372353728991388380e+02,8.372442028163204668e+02,8.372532085813816138e+02,8.372623920767586014e+02,8.372717552840381359e+02,8.372813002883492572e+02,8.372910292830285925e+02,8.373009445745549328e+02,8.373110485877526799e+02,8.373213438712683683e+02,8.373318331033220829e+02,8.373425190977395687e+02,8.373534048102753786e+02,8.373644933452335408e+02,8.373757879623990448e+02,8.373872920842932217e+02,8.373990093037683664e+02,8.374109433919570620e+02,8.374230983065982628e+02,8.374354782007579843e+02,8.374480874319702934e+02,8.374609305718212227e+02,8.374740124160063033e+02,8.374873379948884349e+02,8.375009125845922426e+02,8.375147417186663006e+02,8.375288312003553983e+02,8.375431871155224144e+02,8.375578158462650435e+02,8.375727240852774003e+02,8.375879188510084532e+02,8.376034075036759532e+02,8.376191977621988372e+02,8.376352977221145011e+02,8.376517158745574534e+02,8.376684611263793840e+02,8.376855428214988706e+02,8.377029707635767863e+02,8.377207552401246176e+02,8.377389070481589215e+02,8.377574375215310738e+02,8.377763585600696388e+02,8.377956826606888399e+02,8.378154229506321826e+02,8.378355932230361987e+02,8.378562079750189469e+02,8.378772824485199635e+02,8.378988326741426818e+02,8.379208755182738741e+02,8.379434287337907108e+02,8.379665110146927418e+02,8.379901420550382909e+02,8.380143426126053328e+02,8.380391345777403558e+02,8.380645410479147586e+02,8.380905864085617623e+02,8.381172964208310532e+02,8.381446983169669238e+02,8.381728209040919637e+02,8.382016946772563415e+02,8.382313519427051460e+02,8.382618269524035668e+02,8.382931560509565543e+02,8.383253778361564628e+02,8.383585333344847186e+02,8.383926661929780266e+02,8.384278228889377260e+02,8.384640529590044480e+02,8.385014092491164774e+02,8.385399481868113298e+02,8.385797300771743039e+02,8.386208194234707207e+02,8.386632852730521108e+02,8.387072015884692746e+02,8.387526476427751732e+02,8.387997084366891158e+02,8.388484751335255396e+02,8.388990455054924951e+02,8.389515243820362684e+02,8.390060240873160637e+02,8.390626648496346434e+02,8.391215751608278879e+02,8.391828920585081732e+02,8.392467612991199530e+02,8.393133373857895094e+02,8.393827834129962184e+02,8.394552706915292219e+02,8.395309781235157516e+02,8.396100913097421881e+02,8.396928013904190493e+02,8.397793036446012138e+02,8.398697958985530931e+02,8.399644768145274156e+02,8.400635441313185083e+02,8.401671929223430197e+02,8.402756139290879673e+02,8.403889920209362572e+02,8.405075048277398082e+02,8.406313215886058288e+02,8.407606022576451323e+02,8.408954969028688993e+02,8.410361454259056018e+02,8.411826776160836516e+02,8.413352135319057652e+02,8.414938641766513001e+02,8.416587324052283066e+02,8.418299139709528163e+02,8.420074986000148556e+02,8.421915709752682915e+02,8.423822115257318046e+02,8.425794969550815949e+02,8.427835004956555167e+02,8.429942919221031161e+02,8.432119373887579741e+02,8.434364991674616476e+02,8.436680353597768089e+02,8.439065996443783888e+02,8.441522411018473804e+02,8.444050041393849142e+02,8.446649285199539463e+02,8.449320494856945061e+02,8.452063979547333474e+02,8.454880007636623986e+02,8.457768809245358170e+02,8.460730578646060849e+02,8.463765476185539001e+02,8.466873629460708344e+02,8.470055133518663979e+02,8.473310049901145931e+02,8.476638404407601683e+02,8.480040183507818483e+02,8.483515329393309230e+02,8.487063733715189073e+02,8.490685230114435171e+02,8.494379585707168872e+02,8.498146491741941873e+02,8.501985553696456464e+02,8.505896281126032363e+02,8.509878077613402638e+02,8.513930231196718523e+02,8.518051905667633719e+02,8.522242133131624087e+02,8.526499808206457374e+02,8.530823684200619255e+02,8.535212371561258351e+02,8.539664338811876405e+02,8.544177916115831977e+02,8.548751301506651998e+02,8.553382569725218900e+02,8.558069683503281340e+02,8.562811088756743629e+02,8.567604561636242124e+02,8.572447811785081058e+02,8.577338500127112866e+02,8.582274257234122388e+02,8.587252701827803776e+02,8.592271458996780211e+02,8.597328177750586065e+02,8.602420547585930990e+02,8.607546313801644828e+02,8.612703291363015978e+02,8.617889377180235897e+02,8.623102560726060801e+02,8.628340932972444079e+02,8.633602693673078647e+02,8.638886157057889932e+02,8.644189756036114431e+02,8.649512045027200884e+02,8.654851701553868679e+02,8.660207526740184676e+02,8.665578444860527725e+02,8.670963502083700405e+02,8.676361864551431609e+02,8.681772815922787458e+02,8.687195754506606136e+02,8.692630190093518650e+02,8.698075740588162716e+02,8.703532128531126091e+02,8.708999177589473675e+02,8.714476809084586648e+02,8.719965038616663833e+02,8.725463972836747644e+02,8.730973806409580220e+02,8.736494819203942370e+02,8.742027373741459542e+02,8.747571912930064855e+02,8.753128958104359754e+02,8.758699107392011456e+02,8.764283034422901437e+02,8.769881487396096418e+02,8.775495288518637835e+02,8.781125333829709234e+02,8.786772593423885382e+02,8.792438112087777426e+02,8.798123010365571872e+02,8.803828486070603958e+02,8.809555816262209191e+02,8.815306359709709341e+02,8.821081559868453041e+02,8.826882948396329311e+02,8.832712149243243402e+02,8.838570883350452050e+02,8.844460974001643763e+02,8.850384352873054468e+02,8.856343066835669333e+02,8.862339285568813239e+02,8.868375310050845428e+02,8.874453581999296148e+02,8.880576694339342794e+02,8.886747402785729264e+02,8.892968638628732378e+02,8.899243522819003829e+02,8.905575381448267080e+02,8.911967762722044881e+02,8.918424455515288400e+02,8.924949509590385333e+02,8.931547257536950610e+02,8.938222338461090430e+02,8.944979723404370588e+02,8.951824742404182871e+02,8.958763113011087853e+02,8.965800969946222949e+02,8.972944895402623615e+02,8.980201949254758347e+02,8.987579698124878860e+02,8.995086241843491734e+02,9.002730235312139939e+02,9.010520903104928720e+02,9.018468043304778803e+02,9.026582016036799132e+02,9.034873710916390337e+02,9.043354486169723714e+02,9.052036070531506766e+02,9.060930417246324851e+02,9.070049497731658903e+02,9.079405020943182762e+02,9.089008063601710319e+02,9.098868596775124615e+02,9.108994896673021913e+02,9.119392832980403227e+02,9.130065037928711718e+02,9.141009974961920079e+02,9.152220948447682076e+02,9.163685125715560389e+02,9.175382678283101541e+02,9.187286185830133718e+02,9.199360475026530821e+02,9.211563070668836417e+02,9.223845398977613286e+02,9.236154778730689259e+02
8.370307009713565094e+02,8.370307009561728364e+02,8.370309051188141893e+02,8.370313130948734397e+02,8.370319241644124304e+02,8.370327372700470505e+02,8.370337510429803842e+02,8.370349638357614594e+02,8.370363737602959873e+02,8.370379787294984908e+02,8.370397765009421391e+02,8.370417647209327470e+02,8.370439409675835805e+02,8.370463027916756573e+02,8.370488477543378849e+02,8.370515734608347884e+02,8.370544775900077639e+02,8.370575579191483939e+02,8.370608123442855231e+02,8.370642388960380913e+02,8.370678357513123728e+02,8.370716012412201508e+02,8.370755338556510878e+02,8.370796322449616582e+02,8.370838952192541456e+02,8.370883217456980674e+02,8.370929109443267180e+02,8.370976620827002534e+02,8.371025745697836555e+02,8.371076479493473244e+02,8.371128818931459818e+02,8.371182761940949604e+02,8.371238307596165669e+02,8.371295456052954478e+02,8.371354208489491384e+02,8.371414567051904214e+02,8.371476534805335632e+02,8.371540115690801258e+02,8.371605314487986789e+02,8.371672136784030727e+02,8.371740588948224513e+02,8.371810678112499318e+02,8.371882412157492581e+02,8.371955799703963521e+02,8.372030850109316589e+02,8.372107573468944111e+02,8.372185980622147099e+02,8.372266083162356836e+02,8.372347893451417349e+02,8.372431424637690043e+02,8.372516690677771294e+02,8.372603706361627474e+02,8.372692487340976868e+02,8.372783050160761604e+02,8.372875412293590216e+02,8.372969592177042841e+02,8.373065609253758339e+02,8.373163484014229425e+02,8.373263238042279681e+02,8.373364894063196289e+02,8.373468475994511664e+02,8.373574008999455600e+02,8.373681519543116565e+02,8.373791035451363314e+02,8.373902585972595034e+02,8.374016201842417786e+02,8.374131915351348425e+02,8.374249760415673336e+02,8.374369772651604080e+02,8.374491989452890266e+02,8.374616450072070393e+02,8.374743195705556218e+02,8.374872269582778017e+02,8.375003717059615838e+02,8.375137585716399826e+02,8.375273925460739974e+02,8.375412788635526340e+02,8.375554230132407838e+02,8.375698307511139546e+02,8.375845081125189608e+02,8.375994614254036605e+02,8.376146973242634886e+02,8.376302227648550343e+02,8.376460450397332806e+02,8.376621717946728722e+02,8.376786110460379859e+02,8.376953711991757245e+02,8.377124610679082934e+02,8.377298898952118407e+02,8.377476673751760927e+02,8.377658036763467635e+02,8.377843094665643093e+02,8.378031959394246542e+02,8.378224748424968311e+02,8.378421585074507902e+02,8.378622598822606733e+02,8.378827925656696607e+02,8.379037708441195491e+02,8.379252097313735703e+02,8.379471250110835854e+02,8.379695332825821197e+02,8.379924520102136967e+02,8.380158995765510781e+02,8.380398953398881758e+02,8.380644596964423272e+02,8.380896141477543324e+02,8.381153813738275176e+02,8.381417853126159798e+02,8.381688512465433405e+02,8.381966058968123434e+02,8.382250775263585183e+02,8.382542960523981037e+02,8.382842931696316100e+02,8.383151024852813862e+02,8.383467596672713853e+02,8.383793026069926100e+02,8.384127715982376685e+02,8.384472095340317992e+02,8.384826621232238040e+02,8.385191781288181119e+02,8.385568096301262813e+02,8.385956123108528573e+02,8.386356457751994640e+02,8.386769738939174204e+02,8.387196651819275530e+02,8.387637932085763168e+02,8.388094370407376346e+02,8.388566817176904351e+02,8.389056187548738990e+02,8.389563466711150568e+02,8.390089715305770142e+02,8.390636074863623435e+02,8.391203773073345928e+02,8.391794128633114269e+02,8.392408555365341272e+02,8.393048565197353810e+02,8.393715769541164491e+02,8.394411878555733892e+02,8.395138697766140012e+02,8.395898121570947978e+02,8.396692123317047844e+02,8.397522741876229020e+02,8.398392065010696115e+02,8.399302210205025858e+02,8.400255304016993705e+02,8.401253460899818037e+02,8.402298762312244662e+02,8.403393236785094587e+02,8.404538841508208407e+02,8.405737445951256177e+02,8.406990818022533176e+02,8.408300613274283251e+02,8.409668367647223022e+02,8.411095494176012153e+02,8.412583283922203918e+02,8.414132911143668707e+02,8.415745442350836356e+02,8.417421848468698045e+02,8.419163018881025664e+02,8.420969775776605957e+02,8.422842887070229381e+02,8.424783076353807019e+02,8.426791028894352849e+02,8.428867393582049772e+02,8.431012781478310671e+02,8.433227762018752856e+02,8.435512858058229995e+02,8.437868540844409608e+02,8.440295225770045136e+02,8.442793269459723433e+02,8.445362968458233581e+02,8.448004559540303262e+02,8.450718221472849336e+02,8.453504077933049530e+02,8.456362201212633636e+02,8.459292616310823405e+02,8.462295305024465506e+02,8.465370209674288162e+02,8.468517236152468968e+02,8.471736256032608026e+02,8.475027107544023011e+02,8.478389595274990143e+02,8.481823488531988460e+02,8.485328518342986399e+02,8.488904373151539176e+02,8.492550693304284550e+02,8.496267064486917207e+02,8.500053010312060451e+02,8.503907984305824357e+02,8.507831361577021880e+02,8.511822430482610571e+02,8.515880384623316104e+02,8.520004315512962876e+02,8.524193206262178819e+02,8.528445926600679741e+02,8.532761229531562321e+02,8.537137749865927390e+02,8.541574004827751878e+02,8.546068396849121882e+02,8.550619218597714735e+02,8.555224660195727893e+02,8.559882818506806643e+02,8.564592305152110612e+02,8.569351060007270462e+02,8.574156967522304740e+02,8.579007871644830630e+02,8.583901591309377181e+02,8.588835936129287347e+02,8.593808721945182469e+02,8.598817785914044407e+02,8.603861000862827950e+02,8.608936288677039101e+02,8.614041632544679032e+02,8.619175087926545302e+02,8.624334792172737707e+02,8.629518972750148578e+02,8.634725954085664625e+02,8.639954163063653141e+02,8.645202133243842582e+02,8.650468507886932912e+02,8.655752041890491455e+02,8.661051602747529614e+02,8.666366170645261491e+02,8.671694837822678892e+02,8.677036807303570640e+02,8.682391391117059811e+02,8.687758008111458139e+02,8.693136181459723275e+02,8.698525535946579339e+02,8.703925795118815358e+02,8.709336778371839500e+02,8.714758398037288316e+02,8.720190656528783393e+02,8.725633643595757576e+02,8.731087533728782546e+02,8.736552583754051966e+02,8.742029130649684703e+02,8.747517589612160691e+02,8.753018452397669762e+02,8.758532285960225181e+02,8.764059731406215406e+02,8.769601503283410011e+02,8.775158389221510333e+02,8.780731249940845373e+02,8.786321019646035211e+02,8.791928706822046706e+02,8.797555395451335016e+02,8.803202246672498177e+02,8.808870500903157108e+02,8.814561480452624664e+02,8.820276592653329999e+02,8.826017333543990162e+02,8.831785292142160415e+02,8.837582155349061850e+02,8.843409713535603487e+02,8.849269866865207632e+02,8.855164632416474433e+02,8.861096152176945679e+02,8.867066701988126169e+02,8.873078701531560455e+02,8.879134725455958232e+02,8.885237515756025459e+02,8.891389995524443748e+02,8.897595284209065767e+02,8.903856714517160071e+02,8.910177851116718557e+02,8.916562511290195516e+02,8.923014787697029533e+02,8.929539073395634432e+02,8.936140089260219384e+02,8.942822913898838806e+02,8.949593016130902470e+02,8.956456290007965890e+02,8.963419092251385791e+02,8.970488281822207455e+02,8.977671261116475989e+02,8.984976017973057196e+02,8.992411167265710219e+02,8.999985990295617739e+02,9.007710469467832581e+02,9.015595314782133300e+02,9.023651977448529351e+02,9.031892644402406631e+02,9.040330205603162312e+02,9.048978183731803711e+02,9.057850613276146987e+02,9.066961853098401889e+02,9.076326313629941751e+02,9.085958077227963940e+02,9.095870388624293810e+02,9.106074992832207045e+02,9.116581301852411343e+02,9.127395381054417385e+02,9.138518763686537341e+02,9.149947130233459802e+02,9.161668930386476859e+02,9.173664079374434550e+02,9.185902923286020041e+02,9.198345728397775929e+02,9.210942985042486271e+02,9.223636793204278774e+02,9.236363459750094762e+02
8.370591094554287110e+02,8.370591094421896514e+02,8.370593153468545324e+02,8.370597268516855820e+02,8.370603433284858284e+02,8.370611638534526264e+02,8.370621872286135385e+02,8.370634120088967620e+02,8.370648365336885490e+02,8.370664589616067133e+02,8.370682773071854399e+02,8.370702894782017438e+02,8.370724933124777181e+02,8.370748866131442583e+02,8.370774671815338479e+02,8.370802328470704197e+02,8.370831814937218951e+02,8.370863110827682476e+02,8.370896196718085776e+02,8.370931054300701817e+02,8.370967666501995836e+02,8.371006017568000743e+02,8.371046093120406795e+02,8.371087880186956909e+02,8.371131367209904965e+02,8.371176544036255791e+02,8.371223401893369100e+02,8.371271933353264103e+02,8.371322132288659077e+02,8.371373993823442561e+02,8.371427514279905608e+02,8.371482691124742814e+02,8.371539522915463749e+02,8.371598009248567678e+02,8.371658150710541122e+02,8.371719948832495675e+02,8.371783406049042924e+02,8.371848525661822578e+02,8.371915311807939588e+02,8.371983769433453517e+02,8.372053904271934925e+02,8.372125722828069456e+02,8.372199232366181150e+02,8.372274440903544246e+02,8.372351357208286800e+02,8.372429990801717850e+02,8.372510351964846222e+02,8.372592451748903386e+02,8.372676301989661170e+02,8.372761915325361315e+02,8.372849305218064728e+02,8.372938485978264680e+02,8.373029472792616161e+02,8.373122281754649521e+02,8.373216929898347871e+02,8.373313435234517783e+02,8.373411816789846398e+02,8.373512094648625634e+02,8.373614289997070728e+02,8.373718425170241062e+02,8.373824523701548515e+02,8.373932610374868091e+02,8.374042711279290643e+02,8.374154853866564281e+02,8.374269067011283596e+02,8.374385381073927874e+02,8.374503827966824474e+02,8.374624441223171516e+02,8.374747256069247214e+02,8.374872309499949097e+02,8.374999640357851831e+02,8.375129289415939411e+02,8.375261299464249305e+02,8.375395715400630934e+02,8.375532584325883363e+02,8.375671955643529145e+02,8.375813881164526720e+02,8.375958415217236279e+02,8.376105614762997220e+02,8.376255539517686657e+02,8.376408252079669410e+02,8.376563818064603311e+02,8.376722306247567076e+02,8.376883788713058721e+02,8.377048341013432946e+02,8.377216042336408464e+02,8.377386975682348975e+02,8.377561228052052229e+02,8.377738890645891843e+02,8.377920059075200925e+02,8.378104833586913855e+02,8.378293319302546251e+02,8.378485626472722743e+02,8.378681870748605434e+02,8.378882173471666874e+02,8.379086661983476461e+02,8.379295469957294245e+02,8.379508737753500327e+02,8.379726612801107422e+02,8.379949250007862247e+02,8.380176812201752909e+02,8.380409470607045250e+02,8.380647405358383821e+02,8.380890806056901283e+02,8.381139872372783657e+02,8.381394814699287963e+02,8.381655854863849981e+02,8.381923226902638362e+02,8.382197177905707122e+02,8.382477968940852406e+02,8.382765876065298016e+02,8.383061191435506316e+02,8.383364224526745829e+02,8.383675303475490637e+02,8.383994776559361526e+02,8.384323013831118487e+02,8.384660408925125239e+02,8.385007381056774420e+02,8.385364377237526696e+02,8.385731874730349773e+02,8.386110383772390833e+02,8.386500450593489404e+02,8.386902660760302979e+02,8.387317642876096215e+02,8.387746072664983785e+02,8.388188677465977889e+02,8.388646241155479402e+02,8.389119609505569315e+02,8.389609695968015330e+02,8.390117487848048086e+02,8.390644052795523749e+02,8.391190545491297144e+02,8.391758214341238045e+02,8.392348407907765022e+02,8.392962580709448730e+02,8.393602297907208367e+02,8.394269238280749050e+02,8.394965194799459596e+02,8.395692072037126081e+02,8.396451879709881041e+02,8.397246721779517884e+02,8.398078780901655591e+02,8.398950298521172044e+02,8.399863551539365289e+02,8.400820827221947411e+02,8.401824397632869932e+02,8.402876494591868095e+02,8.403979285888133290e+02,8.405134853325804443e+02,8.406345173130800958e+02,8.407612099282529243e+02,8.408937350400768764e+02,8.410322500863422874e+02,8.411768976800409519e+02,8.413278057454081136e+02,8.414850882081944974e+02,8.416488462092548843e+02,8.418191697477467415e+02,8.419961395911095678e+02,8.421798292278117515e+02,8.423703066062635116e+02,8.425676354226930016e+02,8.427718758057826562e+02,8.429830843999312719e+02,8.432013139683695044e+02,8.434266126883569541e+02,8.436590233205824916e+02,8.438985824098872399e+02,8.441453196330171522e+02,8.443992573628642049e+02,8.446604104768891830e+02,8.449287864040064733e+02,8.452043853806753759e+02,8.454872008724694297e+02,8.457772201105117347e+02,8.460744246909744106e+02,8.463787911886463462e+02,8.466902917409161091e+02,8.470088945653109249e+02,8.473345643811687751e+02,8.476672627135757239e+02,8.480069480650578271e+02,8.483535759474599445e+02,8.487070987729250646e+02,8.490674656088278880e+02,8.494346218069446195e+02,8.498085085220254769e+02,8.501890621392697085e+02,8.505762136339461676e+02,8.509698878894897689e+02,8.513700030027492858e+02,8.517764696065700036e+02,8.521891902404508983e+02,8.526080587995309088e+02,8.530329600905516827e+02,8.534637695206857870e+02,8.539003529412252647e+02,8.543425666631815147e+02,8.547902576560078387e+02,8.552432639341444656e+02,8.557014151291874668e+02,8.561645332385405709e+02,8.566324947735594151e+02,8.571051087057520590e+02,8.575821794802780005e+02,8.580635082576428658e+02,8.585488942105012029e+02,8.590381358458629393e+02,8.595310323242026698e+02,8.600273847491289416e+02,8.605269974042122385e+02,8.610296789170631655e+02,8.615352433345934742e+02,8.620435110973573956e+02,8.625543099047765736e+02,8.630674754667293200e+02,8.635828521403266222e+02,8.641002934536068096e+02,8.646196625203203894e+02,8.651408323519362966e+02,8.656636860744822570e+02,8.661881170588758323e+02,8.667140289740590333e+02,8.672413357725538390e+02,8.677699616180876774e+02,8.682998407647378372e+02,8.688309173966665639e+02,8.693631454370191705e+02,8.698964883339735934e+02,8.704309188312915921e+02,8.709664187300727463e+02,8.715029786477591642e+02,8.720405977798149024e+02,8.725792836689118985e+02,8.731190519859094366e+02,8.736599263264201909e+02,8.742019380263217272e+02,8.747451259991895540e+02,8.752895365983108604e+02,8.758352235056750033e+02,8.763822476501326264e+02,8.769306771567673877e+02,8.774805873294343428e+02,8.780320606683794722e+02,8.785851869248724597e+02,8.791400631948595219e+02,8.796967940537679169e+02,8.802554917347794117e+02,8.808162763531356632e+02,8.813792761793449699e+02,8.819446279645339928e+02,8.825124773216336962e+02,8.830829791666146775e+02,8.836562982245927742e+02,8.842326096063274008e+02,8.848120994614322399e+02,8.853949657155272916e+02,8.859814188995810582e+02,8.865716830808387385e+02,8.871659969060033291e+02,8.877646147687437406e+02,8.883678081151382457e+02,8.889758669023144648e+02,8.895891012273108345e+02,8.902078431450053131e+02,8.908324486958028956e+02,8.914633001655373619e+02,8.921008086016173593e+02,8.927454166106264211e+02,8.933976014631256248e+02,8.940578785309154455e+02,8.947268050799814318e+02,8.954049844380505192e+02,8.960930705481490577e+02,8.967917729074525823e+02,8.975018618722867814e+02,8.982241742830373141e+02,8.989596193238854767e+02,8.997091844777770575e+02,9.004739413618401613e+02,9.012550511264148554e+02,9.020537689645192359e+02,9.028714470993934356e+02,9.037095353865565812e+02,9.045695783748323038e+02,9.054532073117500204e+02,9.063621251524364197e+02,9.072980821492291170e+02,9.082628390943652903e+02,9.092581148266559694e+02,9.102855143129777389e+02,9.113464336676382800e+02,9.124419391634150998e+02,9.135726190135865181e+02,9.147384099608699444e+02,9.159384060282284281e+02,9.171706645659049855e+02,9.184320348978130824e+02,9.197180463212292807e+02,9.210229019618075199e+02,9.223396277631795783e+02,9.236604094080230425e+02
8.370873132194894879e+02,8.370873132078854724e+02,8.370875211685180375e+02,8.370879368228926296e+02,8.370885596200258760e+02,8.370893887487180791e+02,8.370904231553058708e+02,8.370916615661556079e+02,8.370931025139952908e+02,8.370947443670811481e+02,8.370965853601538811e+02,8.370986236261595650e+02,8.371008572277787607e+02,8.371032841879159605e+02,8.371059025184382563e+02,8.371087102466066199e+02,8.371117054387930239e+02,8.371148862212355652e+02,8.371182507977130172e+02,8.371217974641465389e+02,8.371255246202307490e+02,8.371294307782791293e+02,8.371335145695190931e+02,8.371377747481162714e+02,8.371422101932214446e+02,8.371468199093427529e+02,8.371516030253402505e+02,8.371565587923221301e+02,8.371616865807063732e+02,8.371669858766792913e+02,8.371724562782648036e+02,8.371780974911803241e+02,8.371839093246377388e+02,8.371898916872141854e+02,8.371960445828982529e+02,8.372023681073947046e+02,8.372088624447486609e+02,8.372155278643392649e+02,8.372223647182725017e+02,8.372293734391956832e+02,8.372365545385433734e+02,8.372439086052180528e+02,8.372514363047034749e+02,8.372591383786009374e+02,8.372670156445791463e+02,8.372750689967230073e+02,8.372832994062669059e+02,8.372917079226962187e+02,8.373002956752030741e+02,8.373090638744776015e+02,8.373180138148237575e+02,8.373271468765826739e+02,8.373364645288538668e+02,8.373459683325008882e+02,8.373556599434333521e+02,8.373655411161558959e+02,8.373756137075794186e+02,8.373858796810872036e+02,8.373963411108545642e+02,8.374070001864199639e+02,8.374178592175060203e+02,8.374289206390939171e+02,8.374401870167525885e+02,8.374516610522280189e+02,8.374633455892987968e+02,8.374752436199044041e+02,8.374873582905574949e+02,8.374996929090484628e+02,8.375122509514563944e+02,8.375250360694801657e+02,8.375380520981040036e+02,8.375513030636169560e+02,8.375647931920033216e+02,8.375785269177267764e+02,8.375925088929310505e+02,8.376067439970811392e+02,8.376212373470749526e+02,8.376359943078531387e+02,8.376510205035414174e+02,8.376663218291603243e+02,8.376819044629412474e+02,8.376977748792913872e+02,8.377139398624525484e+02,8.377304065209053761e+02,8.377471823025720141e+02,8.377642750108792598e+02,8.377816928217445138e+02,8.377994443015595607e+02,8.378175384262469834e+02,8.378359846014798222e+02,8.378547926841554272e+02,8.378739730052313917e+02,8.378935363940374828e+02,8.379134942041930572e+02,8.379338583412716162e+02,8.379546412923705248e+02,8.379758561577625642e+02,8.379975166848256549e+02,8.380196373044695974e+02,8.380422331703075542e+02,8.380653202008481912e+02,8.380889151250185023e+02,8.381130355313683822e+02,8.381376999213534873e+02,8.381629277671405589e+02,8.381887395744454352e+02,8.382151569509751425e+02,8.382422026811273099e+02,8.382699008076892824e+02,8.382982767213800344e+02,8.383273572591963330e+02,8.383571708126585236e+02,8.383877474472043332e+02,8.384191190341527999e+02,8.384513193968572295e+02,8.384843844728901558e+02,8.385183524943482780e+02,8.385532641886452438e+02,8.385891630024572123e+02,8.386260953518111592e+02,8.386641109016418341e+02,8.387032628784809276e+02,8.387436084202549864e+02,8.387852089674287299e+02,8.388281306998707123e+02,8.388724450237809833e+02,8.389182291126682003e+02,8.389655665055677218e+02,8.390145477642132619e+02,8.390652711884614519e+02,8.391178435855468933e+02,8.391723810833119614e+02,8.392290099699422399e+02,8.392878675325104041e+02,8.393491028535086116e+02,8.394128775086375072e+02,8.394793660912373525e+02,8.395487564709736716e+02,8.396212496805557066e+02,8.396970593205459181e+02,8.397764103871245425e+02,8.398595374703891139e+02,8.399466823481078563e+02,8.400380910994555279e+02,8.401340110281367970e+02,8.402346875668899884e+02,8.403403612808129992e+02,8.404512650412539188e+02,8.405676214197563922e+02,8.406896403495837831e+02,8.408175171142564750e+02,8.409514307404830333e+02,8.410915428886174823e+02,8.412379973392355623e+02,8.413909201619501346e+02,8.415504206158752822e+02,8.417165927666948164e+02,8.418895177145932394e+02,8.420692662195075400e+02,8.422559014050829092e+02,8.424494811538371550e+02,8.426500598180984980e+02,8.428576889969158401e+02,8.430724174110420108e+02,8.432942901025160154e+02,8.435233472386724998e+02,8.437596227982053279e+02,8.440031433626757007e+02,8.442539271661308931e+02,8.445119834837362305e+02,8.447773123811090272e+02,8.450499048021017643e+02,8.453297429448266485e+02,8.456168008607617139e+02,8.459110452069634221e+02,8.462124360834349091e+02,8.465209278941108550e+02,8.468364701786751993e+02,8.471590083721944211e+02,8.474884844593907474e+02,8.478248374997715473e+02,8.481680040084654593e+02,8.485179181853939099e+02,8.488745119922924687e+02,8.492377150831495101e+02,8.496074545989014268e+02,8.499836548417719087e+02,8.503662368485177012e+02,8.507551178850510496e+02,8.511502108874511805e+02,8.515514238762007153e+02,8.519586593715619074e+02,8.523718138382520237e+02,8.527907771869618045e+02,8.532154323587161571e+02,8.536456550156181038e+02,8.540813133581480088e+02,8.545222680849917651e+02,8.549683725064531927e+02,8.554194728170164126e+02,8.558754085267681830e+02,8.563360130453826287e+02,8.568011772425122672e+02,8.572707239237647627e+02,8.577444723008256915e+02,8.582222390117623263e+02,8.587038391949270135e+02,8.591890875922628084e+02,8.596777996586489508e+02,8.601697926554414835e+02,8.606648867084558105e+02,8.611629058132022010e+02,8.616636787730668630e+02,8.621670400591875705e+02,8.626728305838582855e+02,8.631808983822728578e+02,8.636910992001887735e+02,8.642032969875755271e+02,8.647173643004522319e+02,8.652331826149036260e+02,8.657506425586745991e+02,8.662696440668129299e+02,8.667900964685629788e+02,8.673119185131727136e+02,8.678350383424750589e+02,8.683593934181076293e+02,8.688849304110642606e+02,8.694116050609852664e+02,8.699393820122023726e+02,8.704682346331123881e+02,8.709981448249725418e+02,8.715291028257114476e+02,8.720611070138604646e+02,8.725941637172333003e+02,8.731282870305333290e+02,8.736634986456542720e+02,8.741998276980672244e+02,8.747373106323582306e+02,8.752759910896982092e+02,8.758159198197917021e+02,8.763571546196694726e+02,8.768997603015520781e+02,8.774438086919288935e+02,8.779893786639659083e+02,8.785365562053736994e+02,8.790854345239449685e+02,8.796361141931005250e+02,8.801887033399768825e+02,8.807433178788455734e+02,8.813000817929784034e+02,8.818591274684781638e+02,8.824205960840771468e+02,8.829846380614836789e+02,8.835514135815386680e+02,8.841210931722331452e+02,8.846938583755628542e+02,8.852699025012532275e+02,8.858494314766089701e+02,8.864326648031341165e+02,8.870198366321501453e+02,8.876111969734339482e+02,8.882070130529092467e+02,8.888075708376794637e+02,8.894131767491811615e+02,8.900241595879764418e+02,8.906408726966527638e+02,8.912636963904401455e+02,8.918930406883903288e+02,8.925293483811831265e+02,8.931730984746146760e+02,8.938248100502922853e+02,8.944850465865565639e+02,8.951544207825216972e+02,8.958335999254461512e+02,8.965233118351037547e+02,8.972243514065872887e+02,8.979375877525217220e+02,8.986639719135482665e+02,8.994045450575084715e+02,9.001604470168454100e+02,9.009329249122528154e+02,9.017233414681867316e+02,9.025331824295672050e+02,9.033640622232987880e+02,9.042177266554128892e+02,9.050960509763328901e+02,9.060010310672041669e+02,9.069347647923834757e+02,9.078994197395372794e+02,9.088971826787759483e+02,9.099301852289560202e+02,9.110003996373077371e+02,9.121094986230353925e+02,9.132586744762209037e+02,9.144484158555576414e+02,9.156782470395370410e+02,9.169464448869742910e+02,9.182497642554317281e+02,9.195832227076349454e+02,9.209400167400904138e+02,9.223116577431012502e+02,9.236883989692597652e+02
8.371153102193460427e+02,8.371153102091216169e+02,8.371155205010643385e+02,8.371159408497877621e+02,8.371165707695034826e+02,8.371174095442199814e+02,8.371184562425265767e+02,8.371197097363834700e+02,8.371211687232031409e+02,8.371228317504248935e+02,8.371246972417441157e+02,8.371267635241651988e+02,8.371290288550903824e+02,8.371314914487378473e+02,8.371341495012833320e+02,8.371370012142364203e+02,8.371400448156828134e+02,8.371432785791473634e+02,8.371467008399424685e+02,8.371503100089668123e+02,8.371541045840065181e+02,8.371580831586571776e+02,8.371622444290395606e+02,8.371665871985176182e+02,8.371711103806514984e+02,8.371758130006265901e+02,8.371806941954034755e+02,8.371857532128221919e+02,8.371909894098849918e+02,8.371964022504211016e+02,8.372019913023174240e+02,8.372077562344784383e+02,8.372136968136563837e+02,8.372198129012710979e+02,8.372261044503187577e+02,8.372325715024518331e+02,8.372392141852940313e+02,8.372460327100394579e+02,8.372530273693736262e+02,8.372601985357415515e+02,8.372675466599794163e+02,8.372750722703194697e+02,8.372827759717696381e+02,8.372906584458671659e+02,8.372987204507994647e+02,8.373069628218848948e+02,8.373153864724021105e+02,8.373239923947571697e+02,8.373327816619769237e+02,8.373417554295149330e+02,8.373509149373604714e+02,8.373602615124373187e+02,8.373697965712832456e+02,8.373795216230006417e+02,8.373894382724699881e+02,8.373995482238183286e+02,8.374098532841396718e+02,8.374203553674590239e+02,8.374310564989417571e+02,8.374419588193426307e+02,8.374530645896971919e+02,8.374643761962553299e+02,8.374758961556606209e+02,8.374876271203785336e+02,8.374995718843802024e+02,8.375117333890874534e+02,8.375241147295889732e+02,8.375367191611354656e+02,8.375495501059269827e+02,8.375626111602043693e+02,8.375759061016586884e+02,8.375894388971763647e+02,8.376032137109351652e+02,8.376172349128735277e+02,8.376315070875519950e+02,8.376460350434316524e+02,8.376608238225953755e+02,8.376758787109376954e+02,8.376912052488570453e+02,8.377068092424798351e+02,8.377226967754550060e+02,8.377388742213574915e+02,8.377553482567428773e+02,8.377721258749006665e+02,8.377892144003569683e+02,8.378066215041823170e+02,8.378243552201658986e+02,8.378424239619230320e+02,8.378608365410095757e+02,8.378796021861246572e+02,8.378987305634905169e+02,8.379182317985093960e+02,8.379381164988053570e+02,8.379583957787738200e+02,8.379790812857733044e+02,8.380001852281098991e+02,8.380217204049823749e+02,8.380437002385775713e+02,8.380661388085250110e+02,8.380890508889510784e+02,8.381124519883990160e+02,8.381363583929177139e+02,8.381607872126635357e+02,8.381857564324019449e+02,8.382112849663537872e+02,8.382373927178881559e+02,8.382641006446390293e+02,8.382914308297009711e+02,8.383194065596610471e+02,8.383480524103266589e+02,8.383773943411465552e+02,8.384074597994618898e+02,8.384382778359043868e+02,8.384698792324534224e+02,8.385022966448933630e+02,8.385355647616820534e+02,8.385697204815378427e+02,8.386048031124065574e+02,8.386408545948553410e+02,8.386779197533821844e+02,8.387160465796154085e+02,8.387552865518969156e+02,8.387956949962955377e+02,8.388373314946376240e+02,8.388802603456424549e+02,8.389245510856231931e+02,8.389702790753585759e+02,8.390175261594721405e+02,8.390663814037437760e+02,8.391169419138660714e+02,8.391693137357686965e+02,8.392236128321675324e+02,8.392799661216661207e+02,8.393385125547077905e+02,8.393994041840841192e+02,8.394628071660238220e+02,8.395289026013284683e+02,8.395978870964167982e+02,8.396699728960184075e+02,8.397453874212852725e+02,8.398243720531801273e+02,8.399071800499383471e+02,8.399940735994522356e+02,8.400853201611232635e+02,8.401811886501482149e+02,8.402819456814009982e+02,8.403878519994102589e+02,8.404991591463226541e+02,8.406161063913122007e+02,8.407389179506856181e+02,8.408678005555178743e+02,8.410029414607053013e+02,8.411445070241164785e+02,8.412926420056194274e+02,8.414474697318833023e+02,8.416090932333465844e+02,8.417775973766256357e+02,8.419530518867391038e+02,8.421355149868664967e+02,8.423250372036285398e+02,8.425216647447449532e+02,8.427254418371027214e+02,8.429364115864619862e+02,8.431546154665379618e+02,8.433800918671993259e+02,8.436128741532642152e+02,8.438529886543012708e+02,8.441004528960439757e+02,8.443552742666114455e+02,8.446174492011414259e+02,8.448869628870585302e+02,8.451637894366822366e+02,8.454478924433758493e+02,8.457392258246571828e+02,8.460377348558481572e+02,8.463433573055515353e+02,8.466560245962299405e+02,8.469756629267463950e+02,8.473021943074261344e+02,8.476355374710409478e+02,8.479756086346700386e+02,8.483223220974709875e+02,8.486755906680251655e+02,8.490353259222119959e+02,8.494014382986665623e+02,8.497738370439435585e+02,8.501524300236898171e+02,8.505371234195220040e+02,8.509278213339930517e+02,8.513244253280525982e+02,8.517268339167666227e+02,8.521349420497530218e+02,8.525486406027853263e+02,8.529678159062929126e+02,8.533923493350231411e+02,8.538221169809371531e+02,8.542569894284991960e+02,8.546968316479609484e+02,8.551415030180795611e+02,8.555908574850609511e+02,8.560447438594545702e+02,8.565030062473700809e+02,8.569655490924219521e+02,8.574322080958842207e+02,8.579028162205638637e+02,8.583772045136327051e+02,8.588552029815416518e+02,8.593366414975168937e+02,8.598213507227327455e+02,8.603091630232356692e+02,8.607999133660702000e+02,8.612934401798272575e+02,8.617895861669010174e+02,8.622881990570319886e+02,8.627891322940978398e+02,8.632922456504913953e+02,8.637974057657060030e+02,8.643044866078470250e+02,8.648133698586641458e+02,8.653239452243047936e+02,8.658361106753249032e+02,8.663497726205508798e+02,8.668648460201798116e+02,8.673812544440617103e+02,8.678989300814483840e+02,8.684178137086490779e+02,8.689378546210405148e+02,8.694590105357585799e+02,8.699812474711849291e+02,8.705045396090615668e+02,8.710288691447321980e+02,8.715542261306500222e+02,8.720806083179237476e+02,8.726080210002967306e+02,8.731364768645985350e+02,8.736659958513675974e+02,8.741966050290294561e+02,8.747283384847346497e+02,8.752612372347128940e+02,8.757953491567941455e+02,8.763307289475810649e+02,8.768674381066332444e+02,8.774055449499500128e+02,8.779451246550042924e+02,8.784862593396098873e+02,8.790290381769713122e+02,8.795735575494067007e+02,8.801199212434236188e+02,8.806682406890965922e+02,8.812186352470311022e+02,8.817712325466218317e+02,8.823261688798305613e+02,8.828835896553259772e+02,8.834436499185718503e+02,8.840065149443192922e+02,8.845723609089894808e+02,8.851413756516305966e+02,8.857137595335331071e+02,8.862897264082077982e+02,8.868695047153104269e+02,8.874533387142556649e+02,8.880414898757520632e+02,8.886342384523287592e+02,8.892318852521625558e+02,8.898347536441797274e+02,8.904431918265238437e+02,8.910575753950708986e+02,8.916783102537193599e+02,8.923058359136459785e+02,8.929406292344959866e+02,8.935832086663766631e+02,8.942341390572402133e+02,8.948940370952627745e+02,8.955635774593874885e+02,8.962434997521301057e+02,8.969346162853462374e+02,8.976378207794330137e+02,8.983540980158471712e+02,8.990845344468294797e+02,8.998303297078304013e+02,9.005928088876761421e+02,9.013734352758959858e+02,9.021738231084378867e+02,9.029957495495440298e+02,9.038411647503515951e+02,9.047121982794971018e+02,9.056111594893491201e+02,9.065405284259767313e+02,9.075029326855249110e+02,9.085011041695902350e+02,9.095378080688968794e+02,9.106157348020561813e+02,9.117373444560035978e+02,9.129046532427601051e+02,9.141189537927606352e+02,9.153804675219635101e+02,9.166879401930548283e+02,9.180382137362698813e+02,9.194258401569612715e+02,9.208428449535174423e+02,9.222787932344106139e+02,9.237212972188933691e+02
8.371430981383095968e+02,8.371430981292521665e+02,8.371433109952541827e+02,8.371437365189389084e+02,8.371443742697135804e+02,8.371452236122914883e+02,8.371462837190719029e+02,8.371475535859159436e+02,8.371490320507546130e+02,8.371507178143879173e+02,8.371526094628000010e+02,8.371547054903132903e+02,8.371570043229337443e+02,8.371595043412960422e+02,8.371622039026941593e+02,8.371651013617700983e+02,8.371681950895322188e+02,8.371714834904666986e+02,8.371749650176006980e+02,8.371786381854560659e+02,8.371825015809079105e+02,8.371865538720195445e+02,8.371907938149759048e+02,8.371952202592708545e+02,8.371998321513275414e+02,8.372046285367456449e+02,8.372096085613740115e+02,8.372147714714034237e+02,8.372201166126674252e+02,8.372256434293287839e+02,8.372313514621104105e+02,8.372372403462170496e+02,8.372433098090750718e+02,8.372495596680000745e+02,8.372559898278874471e+02,8.372626002790013899e+02,8.372693910949295741e+02,8.372763624307511918e+02,8.372835145214585282e+02,8.372908476806620683e+02,8.372983622995981250e+02,8.373060588464536522e+02,8.373139378660149532e+02,8.373219999796425554e+02,8.373302458855722534e+02,8.373386763595368620e+02,8.373472922557031097e+02,8.373560945079160547e+02,8.373650841312418152e+02,8.373742622238000877e+02,8.373836299688769031e+02,8.373931886373095494e+02,8.374029395901337693e+02,8.374128842814869813e+02,8.374230242617599060e+02,8.374333611809913691e+02,8.374438967925005954e+02,8.374546329567536986e+02,8.374655716454626599e+02,8.374767149459137272e+02,8.374880650655269392e+02,8.374996243366471163e+02,8.375113952215677955e+02,8.375233803177944765e+02,8.375355823635485422e+02,8.375480042435212908e+02,8.375606489948835360e+02,8.375735198135606652e+02,8.375866200607832752e+02,8.375999532699241854e+02,8.376135231536364927e+02,8.376273336113056303e+02,8.376413887368323685e+02,8.376556928267649482e+02,8.376702503887985358e+02,8.376850661506650795e+02,8.377001450694352798e+02,8.377154923412600738e+02,8.377311134115772120e+02,8.377470139858152152e+02,8.377632000406262023e+02,8.377796778356854475e+02,8.377964539260941592e+02,8.378135351754316389e+02,8.378309287695009289e+02,8.378486422308205874e+02,8.378666834339196612e+02,8.378850606214945174e+02,8.379037824215000683e+02,8.379228578652454189e+02,8.379422964065806809e+02,8.379621079422644243e+02,8.379823028336131756e+02,8.380028919295473315e+02,8.380238865911580888e+02,8.380452987179378397e+02,8.380671407758291025e+02,8.380894258272720663e+02,8.381121675634481107e+02,8.381353803389461063e+02,8.381590792091050162e+02,8.381832799703238379e+02,8.382079992036657359e+02,8.382332543221352807e+02,8.382590636220539864e+02,8.382854463390293631e+02,8.383124227090809200e+02,8.383400140355724943e+02,8.383682427627021525e+02,8.383971325564166364e+02,8.384267083937511416e+02,8.384569966617616501e+02,8.384880252673987115e+02,8.385198237598974629e+02,8.385524234675144726e+02,8.385858576507469024e+02,8.386201616745236151e+02,8.386553732022747454e+02,8.386915324152641915e+02,8.387286822611333719e+02,8.387668687362371429e+02,8.388061412070874212e+02,8.388465527770227936e+02,8.388881607051150695e+02,8.389310268852434547e+02,8.389752183941922112e+02,8.390208081184266575e+02,8.390678754697423756e+02,8.391165071999756719e+02,8.391667983240391777e+02,8.392188531581036841e+02,8.392727864749665514e+02,8.393287247704012088e+02,8.393868076211268772e+02,8.394471890952765989e+02,8.395100391481537372e+02,8.395755448985074736e+02,8.396439116340520741e+02,8.397153633436605560e+02,8.397901425283419030e+02,8.398685090247485050e+02,8.399507376178564755e+02,8.400371143734873840e+02,8.401279318274079060e+02,8.402234841917830863e+02,8.403240627976886117e+02,8.404299518807524692e+02,8.405414247037529094e+02,8.406587399816237394e+02,8.407821385985680536e+02,8.409118406619883217e+02,8.410480430057532431e+02,8.411909173204797980e+02,8.413406091361656536e+02,8.414972378968350313e+02,8.416608983309710084e+02,8.418316632196572300e+02,8.420095874863524159e+02,8.421947132791287913e+02,8.423870754118219111e+02,8.425867062481223684e+02,8.427936390041381856e+02,8.430079086390611565e+02,8.432295506292989558e+02,8.434585984606093234e+02,8.436950805550908399e+02,8.439390172639292587e+02,8.441904183433832713e+02,8.444492811434424766e+02,8.447155895742880602e+02,8.449893138093511880e+02,8.452704106176621508e+02,8.455588241902551090e+02,8.458544873196401568e+02,8.461573228012778145e+02,8.464672449428637719e+02,8.467841610874422713e+02,8.471079730764129181e+02,8.474385785971851419e+02,8.477758723765932700e+02,8.481197471951404623e+02,8.484700947086801079e+02,8.488268060735571225e+02,8.491897723787834593e+02,8.495588848948270879e+02,8.499340351533304556e+02,8.503151148757698365e+02,8.507020157719111921e+02,8.510946292310427452e+02,8.514928459304505850e+02,8.518965553865077709e+02,8.523056454740703884e+02,8.527200019396440211e+02,8.531395079329599866e+02,8.535640435802193906e+02,8.539934856203025220e+02,8.544277071227477336e+02,8.548665773032987545e+02,8.553099614493489753e+02,8.557577209636808675e+02,8.562097135305131133e+02,8.566657934029570924e+02,8.571258780014798049e+02,8.575898151735577812e+02,8.580574508124382191e+02,8.585286295020968055e+02,8.590031952125759744e+02,8.594809920304670641e+02,8.599618649096854597e+02,8.604456604281385808e+02,8.609322275365905170e+02,8.614214182870622381e+02,8.619130885294575819e+02,8.624070985667250397e+02,8.629033137606531909e+02,8.634016050822673378e+02,8.639018496026518505e+02,8.644039309217974960e+02,8.649077395347052288e+02,8.654131731354337944e+02,8.659201368610267764e+02,8.664285434782972288e+02,8.669383135172764696e+02,8.674493753557642322e+02,8.679616652598692781e+02,8.684751273857104934e+02,8.689897137476015132e+02,8.695053841580630660e+02,8.700221061449464059e+02,8.705398548508031809e+02,8.710586129194409750e+02,8.715783703743626347e+02,8.720991244935252098e+02,8.726208796845734241e+02,8.731436473644270109e+02,8.736674458468268085e+02,8.741923002411839434e+02,8.747182423658432526e+02,8.752453106786516628e+02,8.757735502275469344e+02,8.763030126237247259e+02,8.768337560398363166e+02,8.773658452355905411e+02,8.778993516131117758e+02,8.784343533044196874e+02,8.789709352934746676e+02,8.795091895753571407e+02,8.800492153553474282e+02,8.805911192909317151e+02,8.811350157801075511e+02,8.816810272997929587e+02,8.822292847986761899e+02,8.827799281494962997e+02,8.833331066665271010e+02,8.838889796949702031e+02,8.844477172800803828e+02,8.850095009251573401e+02,8.855745244490924506e+02,8.861429949559787929e+02,8.867151339314342522e+02,8.872911784827841757e+02,8.878713827431695336e+02,8.884560194630475962e+02,8.890453818164945687e+02,8.896397854542968844e+02,8.902395708410859925e+02,8.908451059198314397e+02,8.914567891539167022e+02,8.920750530048491100e+02,8.927003679124258042e+02,8.933332468538600324e+02,8.939742505688520851e+02,8.946239935486001968e+02,8.952831508977873227e+02,8.959524661888158334e+02,8.966327604356337133e+02,8.973249423182560349e+02,8.980300197853076725e+02,8.987491131456929452e+02,8.994834697246618589e+02,9.002344800936217553e+02,9.010036957720301416e+02,9.017928481224248571e+02,9.026038678866796090e+02,9.034389044029695697e+02,9.043003429459052995e+02,9.051908177797736244e+02,9.061132173264616085e+02,9.070706762382963007e+02,9.080665470551551834e+02,9.091043414859771019e+02,9.101876282766469330e+02,9.113198714400537028e+02,9.125041901012573362e+02,9.137430208564011309e+02,9.150376679796711414e+02,9.163877401516034524e+02,9.177905003551289838e+02,9.192402047633913753e+02,9.207275796376193284e+02,9.222396933620855179e+02,9.237604585986842949e+02
8.371706744193268150e+02,8.371706744112590286e+02,8.371708900664748398e+02,8.371713211913470332e+02,8.371719674021134097e+02,8.371728281320362157e+02,8.371739026418232470e+02,8.371751900329406908e+02,8.371766892633692123e+02,8.371783991652857821e+02,8.371803184641275948e+02,8.371824457984815808e+02,8.371847797402676861e+02,8.371873188147196743e+02,8.371900615197263278e+02,8.371930063441647007e+02,8.371961517849288157e+02,8.371994963624377988e+02,8.372030386344778208e+02,8.372067772083041746e+02,8.372107107509904154e+02,8.372148379980616255e+02,8.372191577604952499e+02,8.372236689302020523e+02,8.372283704841262306e+02,8.372332614871160104e+02,8.372383410937256940e+02,8.372436085491109452e+02,8.372490631891743078e+02,8.372547044401114817e+02,8.372605318174994409e+02,8.372665449250517895e+02,8.372727434531575454e+02,8.372791271773030530e+02,8.372856959564637691e+02,8.372924497315406143e+02,8.372993885239010297e+02,8.373065124340765806e+02,8.373138216406554193e+02,8.373213163994030310e+02,8.373289970426318405e+02,8.373368639788382097e+02,8.373449176926161499e+02,8.373531587448562732e+02,8.373615877732283934e+02,8.373702054929517544e+02,8.373790126978467470e+02,8.373880102616639078e+02,8.373971991396864496e+02,8.374065803705969984e+02,8.374161550786041062e+02,8.374259244758204659e+02,8.374358898648858940e+02,8.374460526418299651e+02,8.374564142991681592e+02,8.374669764292265199e+02,8.374777407276905024e+02,8.374887089973760794e+02,8.374998831522195815e+02,8.375112652214857007e+02,8.375228573541942296e+02,8.375346618237648499e+02,8.375466810328842939e+02,8.375589175185968998e+02,8.375713739576248145e+02,8.375840531719217097e+02,8.375969581344685366e+02,8.376100919753168910e+02,8.376234579878916975e+02,8.376370596355613998e+02,8.376509005584888428e+02,8.376649845807751262e+02,8.376793157179110949e+02,8.376938981845529497e+02,8.377087364026384648e+02,8.377238350098640467e+02,8.377391988685436672e+02,8.377548330748712715e+02,8.377707429686140586e+02,8.377869341432610781e+02,8.378034124566598848e+02,8.378201840421711495e+02,8.378372553203780626e+02,8.378546330113889553e+02,8.378723241477749752e+02,8.378903360881897697e+02,8.379086765317217669e+02,8.379273535330338518e+02,8.379463755183544436e+02,8.379657513023839783e+02,8.379854901061961527e+02,8.380056015762133939e+02,8.380260958043506889e+02,8.380469833494307750e+02,8.380682752599855121e+02,8.380899830985712242e+02,8.381121189677444363e+02,8.381346955378603525e+02,8.381577260768776796e+02,8.381812244823797755e+02,8.382052053160483638e+02,8.382296838408610711e+02,8.382546760613209926e+02,8.382801987670733297e+02,8.383062695803156430e+02,8.383329070074712490e+02,8.383601304956669082e+02,8.383879604946441759e+02,8.384164185248322383e+02,8.384455272524307929e+02,8.384753105724951183e+02,8.385057937011787317e+02,8.385370032784933301e+02,8.385689674831779712e+02,8.386017161615545774e+02,8.386352809725792667e+02,8.386696955516997605e+02,8.387049956966033051e+02,8.387412195785060476e+02,8.387784079833028272e+02,8.388166045876930639e+02,8.388558562763289501e+02,8.388962135071245712e+02,8.389377307331202474e+02,8.389804668907191854e+02,8.390244859656858125e+02,8.390698576499397632e+02,8.391166581037965670e+02,8.391649708396321330e+02,8.392148877436184193e+02,8.392665102515215949e+02,8.393199506915905204e+02,8.393753338007780940e+02,8.394327984078074678e+02,8.394924992550305660e+02,8.395546088970986602e+02,8.396193195643909348e+02,8.396868448102726461e+02,8.397574206747319749e+02,8.398313060029759072e+02,8.399087814836714188e+02,8.399901469739191953e+02,8.400757168670162400e+02,8.401658134057206553e+02,8.402607605850828350e+02,8.403608786509824995e+02,8.404664792109340397e+02,8.405778608195572588e+02,8.406953048934991557e+02,8.408190718739580234e+02,8.409493976555617110e+02,8.410864904150375878e+02,8.412305280840173509e+02,8.413816568002175700e+02,8.415399907195112519e+02,8.417056135526050866e+02,8.418785820761484047e+02,8.420589316338761137e+02,8.422466832708835227e+02,8.424418516378543700e+02,8.426444522489071005e+02,8.428545063419321650e+02,8.430720416455425266e+02,8.432970898173258547e+02,8.435296822201806890e+02,8.437698451333873209e+02,8.440175953334650103e+02,8.442729365744893357e+02,8.445358572118965412e+02,8.448063289720387274e+02,8.450843067428769473e+02,8.453697291894533237e+02,8.456625199836419142e+02,8.459625894468759952e+02,8.462698364317037658e+02,8.465841502985609850e+02,8.469054128758696152e+02,8.472335003197506467e+02,8.475682848142847661e+02,8.479096360734253039e+02,8.482574226220460787e+02,8.486115128464127793e+02,8.489717758143033279e+02,8.493380818725289600e+02,8.497103030352527639e+02,8.500883131806734809e+02,8.504719880766737106e+02,8.508612052581912621e+02,8.512558437805413405e+02,8.516557838738231112e+02,8.520609065239589199e+02,8.524710930058776057e+02,8.528862243938791607e+02,8.533061810733127004e+02,8.537308422763690032e+02,8.541600856630570888e+02,8.545937869663122228e+02,8.550318197177200545e+02,8.554740550675284112e+02,8.559203617094333367e+02,8.563706059169213631e+02,8.568246516934644887e+02,8.572824290100757025e+02,8.577437972811511600e+02,8.582086146850616615e+02,8.586767386471898362e+02,8.591480263710989220e+02,8.596223354069198876e+02,8.600995242460724057e+02,8.605794529312279337e+02,8.610619836703882584e+02,8.615469814442511733e+02,8.620343145967248120e+02,8.625238553994737458e+02,8.630154805826608708e+02,8.635090718254887179e+02,8.640045162016476752e+02,8.645017065762839366e+02,8.650005419525314210e+02,8.655009277669715857e+02,8.660027761345654653e+02,8.665060060446244279e+02,8.670105435102364027e+02,8.675163216742638497e+02,8.680232808755603173e+02,8.685313686794510204e+02,8.690405398767873066e+02,8.695507564560365381e+02,8.700619875529328056e+02,8.705742093821852450e+02,8.710874051556637596e+02,8.716015649913448442e+02,8.721166858171283138e+02,8.726327712734482702e+02,8.731498316183856332e+02,8.736678836387825413e+02,8.741869505706443988e+02,8.747070620319193495e+02,8.752282539705537374e+02,8.757505686305679546e+02,8.762740545387491693e+02,8.767987665144619314e+02,8.773247657049975032e+02,8.778521196488569558e+02,8.783809023693746667e+02,8.789111945011528633e+02,8.794430834518977917e+02,8.799766636024313584e+02,8.805120365479093607e+02,8.810493113836101884e+02,8.815886050390951141e+02,8.821300426650738018e+02,8.826737580779739574e+02,8.832198942680215623e+02,8.837686039776115194e+02,8.843200503579188307e+02,8.848744077130996857e+02,8.854318623430992830e+02,8.859926134980634060e+02,8.865568744597003388e+02,8.871248737677228746e+02,8.876968566127906115e+02,8.882730864212566075e+02,8.888538466616132609e+02,8.894394429079243309e+02,8.900302052018912491e+02,8.906264907626509739e+02,8.912286871021296975e+02,8.918372156139545268e+02,8.924525357157335748e+02,8.930751496381270726e+02,8.937056079696920960e+02,8.943445160840316248e+02,8.949925415952441199e+02,8.956504230086991356e+02,8.963189797560215766e+02,8.969991238244408578e+02,8.976918732089195601e+02,8.983983674267211654e+02,8.991198853319032196e+02,8.998578654416487552e+02,9.006139289221105173e+02,9.013899052555325397e+02,9.021878603887771533e+02,9.030101267964241742e+02,9.038593343085314018e+02,9.047384396554078876e+02,9.056507513366657349e+02,9.065999444591884640e+02,9.075900574062359283e+02,9.086254583894841517e+02,9.097107649505981044e+02,9.108506933781662838e+02,9.120498083317312421e+02,9.133121372282562334e+02,9.146406124150742016e+02,9.160363129545652328e+02,9.174975073191474166e+02,9.190185639129523452e+02,9.205889113767259460e+02,9.221924638491452697e+02,9.238078070466996223e+02
8.371980362922024597e+02,8.371980362849751600e+02,8.371982549211461446e+02,8.371986920272587440e+02,8.371993472593453589e+02,8.372002201089759410e+02,8.372013099120731567e+02,8.372026158602042187e+02,8.372041370139838818e+02,8.372058723181750111e+02,8.372078206180403868e+02,8.372099806764930463e+02,8.372123511916030338e+02,8.372149308140460562e+02,8.372177181641216066e+02,8.372207118480233703e+02,8.372239104730983854e+02,8.372273126618971446e+02,8.372309170648737791e+02,8.372347223716536746e+02,8.372387273208387342e+02,8.372429307083629055e+02,8.372473313944504980e+02,8.372519283092576643e+02,8.372567204573031177e+02,8.372617069208044995e+02,8.372668868620519333e+02,8.372722595249490496e+02,8.372778242358541547e+02,8.372835804038486458e+02,8.372895275205538610e+02,8.372956651596069833e+02,8.373019929758979742e+02,8.373085107046586018e+02,8.373152181604817770e+02,8.373221152363418014e+02,8.373292019026728212e+02,8.373364782065539202e+02,8.373439442710421190e+02,8.373516002946836352e+02,8.373594465512290981e+02,8.373674833895713618e+02,8.373757112339185369e+02,8.373841305842116753e+02,8.373927420167923401e+02,8.374015461853218767e+02,8.374105438219522739e+02,8.374197357387469083e+02,8.374291228293474205e+02,8.374387060708826311e+02,8.374484865261143796e+02,8.374584653458163075e+02,8.374686437713787655e+02,8.374790231376362044e+02,8.374896048759123914e+02,8.375003905172791292e+02,8.375113816960255235e+02,8.375225801533342747e+02,8.375339877411647649e+02,8.375456064263404414e+02,8.375574382948410630e+02,8.375694855563004921e+02,8.375817505487124208e+02,8.375942357433450525e+02,8.376069437498711068e+02,8.376198773217156486e+02,8.376330393616285619e+02,8.376464329274883767e+02,8.376600612383460884e+02,8.376739276807167016e+02,8.376880358151299788e+02,8.377023893829517647e+02,8.377169923134874807e+02,8.377318487313840478e+02,8.377469629643430835e+02,8.377623395511651552e+02,8.377779832501407782e+02,8.377938990478107826e+02,8.378100921681168529e+02,8.378265680819667978e+02,8.378433325172410377e+02,8.378603914692673698e+02,8.378777512117978858e+02,8.378954183085201066e+02,8.379133996251393910e+02,8.379317023420762780e+02,8.379503339678192333e+02,8.379693023529860056e+02,8.379886157051455484e+02,8.380082826044611011e+02,8.380283120202208238e+02,8.380487133283293133e+02,8.380694963298416269e+02,8.380906712706325834e+02,8.381122488623007030e+02,8.381342403044253615e+02,8.381566573083033518e+02,8.381795121223120759e+02,8.382028175590659202e+02,8.382265870245521455e+02,8.382508345494627520e+02,8.382755748229677693e+02,8.383008232292114599e+02,8.383265958868578309e+02,8.383529096920603934e+02,8.383797823652913621e+02,8.384072325025371129e+02,8.384352796314490206e+02,8.384639442731395320e+02,8.384932480104322394e+02,8.385232135635164923e+02,8.385538648741264751e+02,8.385852271995698857e+02,8.386173272181754328e+02,8.386501931480244139e+02,8.386838548811867895e+02,8.387183441361158884e+02,8.387536946313736053e+02,8.387899422844943729e+02,8.388271254405608488e+02,8.388652851359955775e+02,8.389044654041992999e+02,8.389447136310283213e+02,8.389860809697399873e+02,8.390286228269840194e+02,8.390723994337150771e+02,8.391174765175426273e+02,8.391639260959842659e+02,8.392118274131923954e+02,8.392612680456779799e+02,8.393123452047608453e+02,8.393651672638687842e+02,8.394198555356451834e+02,8.394765463142878161e+02,8.395353931783952248e+02,8.395965695127789559e+02,8.396602711462697926e+02,8.397267189075289480e+02,8.397961607652799785e+02,8.398688730455138511e+02,8.399451600327090546e+02,8.400253511433564881e+02,8.401097950379767099e+02,8.401988495639312760e+02,8.402928739554258755e+02,8.403922222982013182e+02,8.404972380383478594e+02,8.406082491366406657e+02,8.407255635340258095e+02,8.408494647324021116e+02,8.409802074666451972e+02,8.411180136254339459e+02,8.412630687540111012e+02,8.414155196252426094e+02,8.415754734719084809e+02,8.417429994966956883e+02,8.419181331711960183e+02,8.421008835520041202e+02,8.422912433224039432e+02,8.424892004510569450e+02,8.426947493010379731e+02,8.429078981642110193e+02,8.431286695008079732e+02,8.433570948407473225e+02,8.435932077775739799e+02,8.438370365917718345e+02,8.440885978691865148e+02,8.443478917146834419e+02,8.446148987656542886e+02,8.448895788583121202e+02,8.451718710766650702e+02,8.454616948471712021e+02,8.457589517642669534e+02,8.460635278672664299e+02,8.463752961448029737e+02,8.466941190920966847e+02,8.470198511934138423e+02,8.473523412395512651e+02,8.476914344214612811e+02,8.480369741648838726e+02,8.483888036893320077e+02,8.487467672883045680e+02,8.491107113375686595e+02,8.494804850453583640e+02,8.498559409632232473e+02,8.502369352795138866e+02,8.506233279196051171e+02,8.510149824782380392e+02,8.514117660100428111e+02,8.518135487045515220e+02,8.522202034718925461e+02,8.526316054649330454e+02,8.530476315629181272e+02,8.534681598406453986e+02,8.538930690459301331e+02,8.543222381065781974e+02,8.547555456863276504e+02,8.551928698072907764e+02,8.556340875543390894e+02,8.560790748745698693e+02,8.565277064822171269e+02,8.569798558755956037e+02,8.574354653056172992e+02,8.578944053282391451e+02,8.583565459210284416e+02,8.588217568167980289e+02,8.592899078820555587e+02,8.597608695344372336e+02,8.602345131924826092e+02,8.607107117498887874e+02,8.611893400654151947e+02,8.616702754591202620e+02,8.621533982056596415e+02,8.626385920158700173e+02,8.631257444987166991e+02,8.636147475967729861e+02,8.641054979896305213e+02,8.645978974609244005e+02,8.650918532259344147e+02,8.655872782179413889e+02,8.660840913326420605e+02,8.665822176309342240e+02,8.670815885012640365e+02,8.675821417834748672e+02,8.680838218567103013e+02,8.685865796944121939e+02,8.690903728898248346e+02,8.695951656556794660e+02,8.701009288019010910e+02,8.706076396952655614e+02,8.711152822049517681e+02,8.716238466378932799e+02,8.721333296677449880e+02,8.726437342611627628e+02,8.731550696049440603e+02,8.736673510374195075e+02,8.741805999873132578e+02,8.746948439231251768e+02,8.752101163159219368e+02,8.757264566182802810e+02,8.762439102619927098e+02,8.767625286770439743e+02,8.772823693342901379e+02,8.778034958142339974e+02,8.783259779042896298e+02,8.788498917269828326e+02,8.793753199016296094e+02,8.799023517422085661e+02,8.804310834943719328e+02,8.809616186148663246e+02,8.814940680970412359e+02,8.820285508466569127e+02,8.825651941128504632e+02,8.831041339799328398e+02,8.836455159266672581e+02,8.841894954608808348e+02,8.847362388386984549e+02,8.852859238794268322e+02,8.858387408892006079e+02,8.863948937089958235e+02,8.869546009056106186e+02,8.875180971277803792e+02,8.880856346538701018e+02,8.886574851626888858e+02,8.892339417650662199e+02,8.898153213411123943e+02,8.904019672367708154e+02,8.909942523836374448e+02,8.915925829183737505e+02,8.921974023927274402e+02,8.928091966826144699e+02,8.934284997253191705e+02,8.940559002381180562e+02,8.946920495999355580e+02,8.953376711103506977e+02,8.959935708775232115e+02,8.966606506281116253e+02,8.973399227770024709e+02,8.980325281404068392e+02,8.987397567182447347e+02,8.994630720030547764e+02,9.002041392798940933e+02,9.009648583434345710e+02,9.017474009404413664e+02,9.025542529941791372e+02,9.033882611989978386e+02,9.042526827629710624e+02,9.051512357387708789e+02,9.060881452525292161e+02,9.070681776517928938e+02,9.080966496734404245e+02,9.091793926267714596e+02,9.103226417750690871e+02,9.115328083852984946e+02,9.128160770624193674e+02,9.141777569709195177e+02,9.156213097365405247e+02,9.171469946974945060e+02,9.187501428610393077e+02,9.204192219750285631e+02,9.221343389988954868e+02,9.238661764061341728e+02
8.372251807967101058e+02,8.372251807901972143e+02,8.372254025791686445e+02,8.372258460073147717e+02,8.372265107645155240e+02,8.372273963919745938e+02,8.372285022897161753e+02,8.372298277262079864e+02,8.372313718498171511e+02,8.372331337017628812e+02,8.372351122302011390e+02,8.372373063050694100e+02,8.372397147333239218e+02,8.372423362742230211e+02,8.372451696543383832e+02,8.372482135820225722e+02,8.372514667610980723e+02,8.372549279035912377e+02,8.372585957413750748e+02,8.372624690366371851e+02,8.372665465911305773e+02,8.372708272542035957e+02,8.372753099296371602e+02,8.372799935813478669e+02,8.372848772380311857e+02,8.372899599968395705e+02,8.372952410261956402e+02,8.373007195678496828e+02,8.373063949382909641e+02,8.373122665296177729e+02,8.373183338099730690e+02,8.373245963236386160e+02,8.373310536908810491e+02,8.373377056076267309e+02,8.373445518450407690e+02,8.373515922490723824e+02,8.373588267400208451e+02,8.373662553121686187e+02,8.373738780335215779e+02,8.373816950456867971e+02,8.373897065639137054e+02,8.373979128773183902e+02,8.374063143493075358e+02,8.374149114182092717e+02,8.374237045981226402e+02,8.374326944799862531e+02,8.374418817328706837e+02,8.374512671054924340e+02,8.374608514279509563e+02,8.374706356136830436e+02,8.374806206616343616e+02,8.374908076586427796e+02,8.375011977820298625e+02,8.375117923023981348e+02,8.375225925866292300e+02,8.375336001010795144e+02,8.375448164149719332e+02,8.375562432039811256e+02,8.375678822540086230e+02,8.375797354651509750e+02,8.375918048558562532e+02,8.376040925672732556e+02,8.376166008677923855e+02,8.376293321577817323e+02,8.376422889745213070e+02,8.376554739973389587e+02,8.376688900529535431e+02,8.376825401210307973e+02,8.376964273399587455e+02,8.377105550128505911e+02,8.377249266137845325e+02,8.377395457942878920e+02,8.377544163900810190e+02,8.377695424280877887e+02,8.377849281337303182e+02,8.378005779385201777e+02,8.378164964879629224e+02,8.378326886497929991e+02,8.378491595225583524e+02,8.378659144445749689e+02,8.378829590032747774e+02,8.379002990449699837e+02,8.379179406850624900e+02,8.379358903187259102e+02,8.379541546320929228e+02,8.379727406139832055e+02,8.379916555682093531e+02,8.380109071265035254e+02,8.380305032621116652e+02,8.380504523041045104e+02,8.380707629524655431e+02,8.380914442940144227e+02,8.381125058192407096e+02,8.381339574401221171e+02,8.381558095090182405e+02,8.381780728387363979e+02,8.382007587238824726e+02,8.382238789636226102e+02,8.382474458859995821e+02,8.382714723739670717e+02,8.382959718933317390e+02,8.383209585228153173e+02,8.383464469864901503e+02,8.383724526888724995e+02,8.383989917530110461e+02,8.384260810619604172e+02,8.384537383040951681e+02,8.384819820228020717e+02,8.385108316711796306e+02,8.385403076724904849e+02,8.385704314872484701e+02,8.386012256879890856e+02,8.386327140429731344e+02,8.386649216103162416e+02,8.386978748443385712e+02,8.387316017162883099e+02,8.387661318520440545e+02,8.388014966899431784e+02,8.388377296625664030e+02,8.388748664071367784e+02,8.389129450102311694e+02,8.389520062937807552e+02,8.389920941509377599e+02,8.390332559423601424e+02,8.390755429659269566e+02,8.391190110159271853e+02,8.391637210514718390e+02,8.392097399983466630e+02,8.392571417137778553e+02,8.393060081495095801e+02,8.393564307548282386e+02,8.394085121668481406e+02,8.394623682387855297e+02,8.395181304549538481e+02,8.395759487683926636e+02,8.396359948645301756e+02,8.396984657884480612e+02,8.397635877548875669e+02,8.398316197654039570e+02,8.399028563649827674e+02,8.399776284832723832e+02,8.400563009006723405e+02,8.401392649361706617e+02,8.402269216867650812e+02,8.403196722144060686e+02,8.404179100839055536e+02,8.405220155670635904e+02,8.406323506507355887e+02,8.407492542262135657e+02,8.408730371049667838e+02,8.410039767791269014e+02,8.411423121141060619e+02,8.412882384207217683e+02,8.414419035967522404e+02,8.416034062281984234e+02,8.417727966496834142e+02,8.419500819132745164e+02,8.421352353260239170e+02,8.423282105596946394e+02,8.425289590824261268e+02,8.427374476989422192e+02,8.429536710105660404e+02,8.431776501143608584e+02,8.434094225775228324e+02,8.436490309642925922e+02,8.438965115967497468e+02,8.441518855279460922e+02,8.444151522324442567e+02,8.446862860756658620e+02,8.449652351036360187e+02,8.452519216505263557e+02,8.455462442127169425e+02,8.458480801408779826e+02,8.461572887747154255e+02,8.464737147464082909e+02,8.467971912495953575e+02,8.471275431376527649e+02,8.474645897612167573e+02,8.478081474930482955e+02,8.481580319143946554e+02,8.485140596568641058e+02,8.488760499069813932e+02,8.492438255898613306e+02,8.496172142541585117e+02,8.499960486840371914e+02,8.503801672657747304e+02,8.507694141374845458e+02,8.511636391505857091e+02,8.515626976714014518e+02,8.519664502507393991e+02,8.523747621886179786e+02,8.527875030204596669e+02,8.532045459500964171e+02,8.536257672538071120e+02,8.540510456783443942e+02,8.544802618545381847e+02,8.549132977466399552e+02,8.553500361561972340e+02,8.557903602979849893e+02,8.562341534643837804e+02,8.566812987933348040e+02,8.571316791528295198e+02,8.575852489422447889e+02,8.580418895728274720e+02,8.585014824817814088e+02,8.589639093249137431e+02,8.594290522092278479e+02,8.598967939664734104e+02,8.603670184658591324e+02,8.608396109612414193e+02,8.613144584658846270e+02,8.617914501465412513e+02,8.622704777280281405e+02,8.627514358995351813e+02,8.632342227144255276e+02,8.637187399761219240e+02,8.642048936037043632e+02,8.646925939719803864e+02,8.651817562219583806e+02,8.656723005388013235e+02,8.661641523954342574e+02,8.666572427609872875e+02,8.671515082741673268e+02,8.676468913824509173e+02,8.681433404486797372e+02,8.686408098272108873e+02,8.691392599122408456e+02,8.696386571612795251e+02,8.701389740970208777e+02,8.706401892910320157e+02,8.711422873327926482e+02,8.716452587876535745e+02,8.721491001472710423e+02,8.726538137760142035e+02,8.731594078567497945e+02,8.736658963392911801e+02,8.741732988946631622e+02,8.746816408781899099e+02,8.751909533042698968e+02,8.757012728355613262e+02,8.762126417891757910e+02,8.767251081623696791e+02,8.772387256801358717e+02,8.777535538670497317e+02,8.782696581457033744e+02,8.787871099640882449e+02,8.793059869543675404e+02,8.798263731256145093e+02,8.803483590932993366e+02,8.808720423485983702e+02,8.813975275709775588e+02,8.819249269879987878e+02,8.824543607869223933e+02,8.829859575834565248e+02,8.835198549539688884e+02,8.840562000386564705e+02,8.845951502246073233e+02,8.851368739194399495e+02,8.856815514283241555e+02,8.862293759497546262e+02,8.867805547085436046e+02,8.873353102482464010e+02,8.878938819097500073e+02,8.884565275282162702e+02,8.890235253871675241e+02,8.895951764764828340e+02,8.901718071107279684e+02,8.907537719759349102e+02,8.913414576871208510e+02,8.919352869560119643e+02,8.925357234892679799e+02,8.931432777627351243e+02,8.937585138477975306e+02,8.943820575027713176e+02,8.950146057866595584e+02,8.956569385056818646e+02,8.963099318660313202e+02,8.969745747802703590e+02,8.976519883600348066e+02,8.983434492234068784e+02,8.990504173481812131e+02,8.997745693047448867e+02,9.005178377894834512e+02,9.012824584239917840e+02,9.020710247386572291e+02,9.028865520392813551e+02,9.037325503263173232e+02,9.046131053776757653e+02,9.055329651697356894e+02,9.064976254613314950e+02,9.075134028068633825e+02,9.085874743715198747e+02,9.097278502173929837e+02,9.109432235274255163e+02,9.122426161751341169e+02,9.136347016018042950e+02,9.151266495620690193e+02,9.167223155700796724e+02,9.184196368305838405e+02,9.202072194154713998e+02,9.220611213262111505e+02,9.239399280707211801e+02
8.372521048022422292e+02,8.372521047963368801e+02,8.372523298930306055e+02,8.372527799505945723e+02,8.372534546877019466e+02,8.372543536878091572e+02,8.372554764055622627e+02,8.372568221750383373e+02,8.372583902195832479e+02,8.372601796629711544e+02,8.372621895415875315e+02,8.372644188173287603e+02,8.372668663909120141e+02,8.372695311153033799e+02,8.372724118089967078e+02,8.372755072689047893e+02,8.372788162826614098e+02,8.372823376401711357e+02,8.372860701442818936e+02,8.372900126204983735e+02,8.372941639256843018e+02,8.372985229557397133e+02,8.373030886522661831e+02,8.373078600082542380e+02,8.373128360728517237e+02,8.373180159552819077e+02,8.373233988279916957e+02,8.373289839291180670e+02,8.373347705643620884e+02,8.373407581083599780e+02,8.373469460056400067e+02,8.373533337712474349e+02,8.373599209911169510e+02,8.373667073222633235e+02,8.373736924928557528e+02,8.373808763022328776e+02,8.373882586209103920e+02,8.373958393906228821e+02,8.374036186244391047e+02,8.374115964069802658e+02,8.374197728947667656e+02,8.374281483167150100e+02,8.374367229747990677e+02,8.374454972448888839e+02,8.374544715777757347e+02,8.374636465003892454e+02,8.374730226172096081e+02,8.374826006118773876e+02,8.374923812490018236e+02,8.375023653761646756e+02,8.375125539261196081e+02,8.375229479191847304e+02,8.375335484658244241e+02,8.375443567694190961e+02,8.375553741292195582e+02,8.375666019434830787e+02,8.375780417127897408e+02,8.375896950435364943e+02,8.376015636516077620e+02,8.376136493662220346e+02,8.376259541339539965e+02,8.376384800229319580e+02,8.376512292272130935e+02,8.376642040713369397e+02,8.376774070150596572e+02,8.376908406582740554e+02,8.377045077461166329e+02,8.377184111742686810e+02,8.377325539944561115e+02,8.377469394201549449e+02,8.377615708325088235e+02,8.377764517864673053e+02,8.377915860171556233e+02,8.378069774464821649e+02,8.378226301899991313e+02,8.378385485640253592e+02,8.378547370930463103e+02,8.378712005174046453e+02,8.378879438012982064e+02,8.379049721411010978e+02,8.379222909740287832e+02,8.379399059871645932e+02,8.379578231268724267e+02,8.379760486086178162e+02,8.379945889272247541e+02,8.380134508675961342e+02,8.380326415159298676e+02,8.380521682714652343e+02,8.380720388587961907e+02,8.380922613407954032e+02,8.381128441321937999e+02,8.381337960138678227e+02,8.381551261478908827e+02,8.381768440934151840e+02,8.381989598234526966e+02,8.382214837426390659e+02,8.382444267060704988e+02,8.382678000393185584e+02,8.382916155597412171e+02,8.383158855992260214e+02,8.383406230285224865e+02,8.383658412833433431e+02,8.383915543924451867e+02,8.384177770079318179e+02,8.384445244380655140e+02,8.384718126829210405e+02,8.384996584732758720e+02,8.385280793132033068e+02,8.385570935269184929e+02,8.385867203105375438e+02,8.386169797895307738e+02,8.386478930828143348e+02,8.386794823746062093e+02,8.387117709954150087e+02,8.387447835138084429e+02,8.387785458409722423e+02,8.388130853505037976e+02,8.388484310164390081e+02,8.388846135731934055e+02,8.389216657019646846e+02,8.389596222492265269e+02,8.389985204843252404e+02,8.390384004049421947e+02,8.390793051014235289e+02,8.391212811938493132e+02,8.391643793593906366e+02,8.392086549722173459e+02,8.392541688842243275e+02,8.393009883824274766e+02,8.393491883682804655e+02,8.393988528154839059e+02,8.394500765758334637e+02,8.395029676161902898e+02,8.395576497811347281e+02,8.396142661796575339e+02,8.396729832795737138e+02,8.397339957406851454e+02,8.397975318941062142e+02,8.398638595292002265e+02,8.399332912105639934e+02,8.400061876406082320e+02,8.400829566031945888e+02,8.401640448798922307e+02,8.402499068714239456e+02,8.403409932530204287e+02,8.404377432329414432e+02,8.405405791903866657e+02,8.406499021190555823e+02,8.407660868836220516e+02,8.408894767514931345e+02,8.410203770595487640e+02,8.411590482434089608e+02,8.413056988152642361e+02,8.414604792361667478e+02,8.416234779712411864e+02,8.417947212787433955e+02,8.419741783749248043e+02,8.421617734397616459e+02,8.423574052618249652e+02,8.425609735635268862e+02,8.427724075606138285e+02,8.429916882023493372e+02,8.432188428003624949e+02,8.434539251756942804e+02,8.436969972021286139e+02,8.439481119016728599e+02,8.442073010346821320e+02,8.444745671292133693e+02,8.447498797142676494e+02,8.450331746861988904e+02,8.453243559741540594e+02,8.456232986347756651e+02,8.459298527791601146e+02,8.462438478465304570e+02,8.465650969145259523e+02,8.468934008238353499e+02,8.472285519875787259e+02,8.475703378059864690e+02,8.479185436519521772e+02,8.482729554181951244e+02,8.486333616369896617e+02,8.489995551943073906e+02,8.493713346678646303e+02,8.497485053219072597e+02,8.501308797932186962e+02,8.505182785027159298e+02,8.509105298262550150e+02,8.513074700569897004e+02,8.517089431902791148e+02,8.521148005607471987e+02,8.525249003597843966e+02,8.529391070605131517e+02,8.533572907759985355e+02,8.537793265752347907e+02,8.542050937801635655e+02,8.546344752657237223e+02,8.550673567837793598e+02,8.555036263309103788e+02,8.559431735797098781e+02,8.563858893936508139e+02,8.568316654468062552e+02,8.572803939710884151e+02,8.577320414994750308e+02,8.581865001368870480e+02,8.586436625770874116e+02,8.591034221561317281e+02,8.595656729396735045e+02,8.600303098548572507e+02,8.604972288705221217e+02,8.609663272238562968e+02,8.614375036878416267e+02,8.619106588715906128e+02,8.623856955446099164e+02,8.628625189757872249e+02,8.633410372782252580e+02,8.638211617517415561e+02,8.643028072157768520e+02,8.647858923265067688e+02,8.652703398730676554e+02,8.657560770489229753e+02,8.662430356954885156e+02,8.667311525161638883e+02,8.672203692598671978e+02,8.677106328740329673e+02,8.682018956277885309e+02,8.686941152066840459e+02,8.691872547808991385e+02,8.696812830493048523e+02,8.701761742621082476e+02,8.706719082250768906e+02,8.711684702885229399e+02,8.716658513243354491e+02,8.721640476944027114e+02,8.726630612137548724e+02,8.731628991117156602e+02,8.736635739942607870e+02,8.741651038106782607e+02,8.746675118274949909e+02,8.751708266125031059e+02,8.756750820315788815e+02,8.761803172608600789e+02,8.766865768167281203e+02,8.771939106059402320e+02,8.777023739981854078e+02,8.782120279232956364e+02,8.787229389953392911e+02,8.792351796658700778e+02,8.797488284087028205e+02,8.802639699387535757e+02,8.807806954677224667e+02,8.812991029997347141e+02,8.818192976704918919e+02,8.823413921340617208e+02,8.828655070021534357e+02,8.833917713416335573e+02,8.839203232371588683e+02,8.844513104271931070e+02,8.849848910233682773e+02,8.855212343252406981e+02,8.860605217450253122e+02,8.866029478599954246e+02,8.871487216140083092e+02,8.876980676942191621e+02,8.882512281146618989e+02,8.888084640452226495e+02,8.893700579329116636e+02,8.899363159725926380e+02,8.905075709969053150e+02,8.910841858705693994e+02,8.916665574932827667e+02,8.922551215388756418e+02,8.928503580873538112e+02,8.934527983422746047e+02,8.940630326702215598e+02,8.946817202540049720e+02,8.953096007190740693e+02,8.959475081764362585e+02,8.965963882285382169e+02,8.972573186108783148e+02,8.979315342954585049e+02,8.986204580659001522e+02,8.993257377896359230e+02,9.000492918572588223e+02,9.007933645212200418e+02,9.015605931171078282e+02,9.023540893309498188e+02,9.031775366702851215e+02,9.040353058931142414e+02,9.049325889720054192e+02,9.058755495733023508e+02,9.068714829336225876e+02,9.079289686669524144e+02,9.090579837138234325e+02,9.102699153479327379e+02,9.115773704726191227e+02,9.129936114343327063e+02,9.145313563651930053e+02,9.162005722204193034e+02,9.180048150843074382e+02,9.199355391772453459e+02,9.219661462903692382e+02,9.240361372892763256e+02
8.372788050245321756e+02,8.372788050191430784e+02,8.372790335640839885e+02,8.372794905300169148e+02,8.372801756600920271e+02,8.372810885737048920e+02,8.372822287719993710e+02,8.372835956449589503e+02,8.372851884798952824e+02,8.372870064711058831e+02,8.372890487304575799e+02,8.372913142986408275e+02,8.372938021568387512e+02,8.372965112385654720e+02,8.372994404414474729e+02,8.373025886387392802e+02,8.373059546904001991e+02,8.373095374535841984e+02,8.373133357924295979e+02,8.373173485870659079e+02,8.373215747417874582e+02,8.373260131923675544e+02,8.373306629125152085e+02,8.373355229194958156e+02,8.373405922789553415e+02,8.373458701089997476e+02,8.373513555835926354e+02,8.373570479353429619e+02,8.373629464577521730e+02,8.373690505070001109e+02,8.373753595033397232e+02,8.373818729321757246e+02,8.373885903448920089e+02,8.373955113594926161e+02,8.374026356611140045e+02,8.374099630024601311e+02,8.374174932042062665e+02,8.374252261554132701e+02,8.374331618139863167e+02,8.374413002072079735e+02,8.374496414323704130e+02,8.374581856575275651e+02,8.374669331223825566e+02,8.374758841393245348e+02,8.374850390946238576e+02,8.374943984497929250e+02,8.375039627431169720e+02,8.375137325913595987e+02,8.375237086916419003e+02,8.375338918234983794e+02,8.375442828511060043e+02,8.375548827256885716e+02,8.375656924880911447e+02,8.375767132715257048e+02,8.375879463044838076e+02,8.375993929138149952e+02,8.376110545279697135e+02,8.376229326804041193e+02,8.376350290131462089e+02,8.376473452805214492e+02,8.376598833530398451e+02,8.376726452214412575e+02,8.376856330009023850e+02,8.376988489354049534e+02,8.377122954022685235e+02,8.377259749168481449e+02,8.377398901374023126e+02,8.377540438701331595e+02,8.377684390744040002e+02,8.377830788681396825e+02,8.377979665334148649e+02,8.378131055222363557e+02,8.378284994625284980e+02,8.378441521643273973e+02,8.378600676261944500e+02,8.378762500418581567e+02,8.378927038070943354e+02,8.379094335268570148e+02,8.379264440226726265e+02,8.379437403403089775e+02,8.379613277577366262e+02,8.379792117933958480e+02,8.379973982147885181e+02,8.380158930474116232e+02,8.380347025840546848e+02,8.380538333944813303e+02,8.380732923355211597e+02,8.380930865615968060e+02,8.381132235357152922e+02,8.381337110409574507e+02,8.381545571924981459e+02,8.381757704501980015e+02,8.381973596318109685e+02,8.382193339268536647e+02,8.382417029111942384e+02,8.382644765624207821e+02,8.382876652760597835e+02,8.383112798827230563e+02,8.383353316662766019e+02,8.383598323831341759e+02,8.383847942827969746e+02,8.384102301297817803e+02,8.384361532270997941e+02,8.384625774414801072e+02,8.384895172305650703e+02,8.385169876723442712e+02,8.385450044971485113e+02,8.385735841225813374e+02,8.386027436918450348e+02,8.386325011160060967e+02,8.386628751208589847e+02,8.386938852991845579e+02,8.387255521693704168e+02,8.387578972415707312e+02,8.387909430928460779e+02,8.388247134530535050e+02,8.388592333036674518e+02,8.388945289922305619e+02,8.389306283657939503e+02,8.389675609275401484e+02,8.390053580218591378e+02,8.390440530545281490e+02,8.390836817564462535e+02,8.391242825017280893e+02,8.391658966940547089e+02,8.392085692392950023e+02,8.392523491278735719e+02,8.392972901576687264e+02,8.393434518379534666e+02,8.393909005278075028e+02,8.394397108793575626e+02,8.394899676779839410e+02,8.395417681986933758e+02,8.395952252295433027e+02,8.396504709458357638e+02,8.397076618432638497e+02,8.397669849324806819e+02,8.398286653165774851e+02,8.398929750304929485e+02,8.399602424651501451e+02,8.400308605869486200e+02,8.401052902254509718e+02,8.401840551318948656e+02,8.402676762370904271e+02,8.403566625376475940e+02,8.404515050089463557e+02,8.405526732018053053e+02,8.406606121397733205e+02,8.407757382050267552e+02,8.408984333419185759e+02,8.410290374101457473e+02,8.411678389707188899e+02,8.413150652416018147e+02,8.414708724608113926e+02,8.416353384404865210e+02,8.418084596056928604e+02,8.419901551782209026e+02,8.421802813504508549e+02,8.423786580379568250e+02,8.425851087701173583e+02,8.427995084902829603e+02,8.430218266826171885e+02,8.432521115541514973e+02,8.434904500032480428e+02,8.437369389080211022e+02,8.439916601343001048e+02,8.442546642100747931e+02,8.445259608740652766e+02,8.448055158561456892e+02,8.450932516313666838e+02,8.453890509351721221e+02,8.456927616953626057e+02,8.460042026741286918e+02,8.463231692134038440e+02,8.466494387823581746e+02,8.469827761016330214e+02,8.473229377500524606e+02,8.476696761985393778e+02,8.480227432697018912e+02,8.483818930387072896e+02,8.487468842112272114e+02,8.491174820195346911e+02,8.494934596831487852e+02,8.498745994797534422e+02,8.502606934712773636e+02,8.506515439270983734e+02,8.510469634836631485e+02,8.514467750767569214e+02,8.518508116800938978e+02,8.522589158815393375e+02,8.526709393263507764e+02,8.530867420551273881e+02,8.535061917626925378e+02,8.539291630027429392e+02,8.543555363617848570e+02,8.547851976246234926e+02,8.552180369526406594e+02,8.556539480955602812e+02,8.560928276578773648e+02,8.565345744433614072e+02,8.569790889059332812e+02,8.574262727433732607e+02,8.578761046844108478e+02,8.583284874763437529e+02,8.587833249976901016e+02,8.592405221613194044e+02,8.596999848474184773e+02,8.601616198899221217e+02,8.606253351254129029e+02,8.610910395041481706e+02,8.615586432574164064e+02,8.620280581125475692e+02,8.624991975456302953e+02,8.629719770617168706e+02,8.634463144926157838e+02,8.639221303030760737e+02,8.643993478970737669e+02,8.648778939169690148e+02,8.653576985294000679e+02,8.658386956929216467e+02,8.663208234034977977e+02,8.668040239150375328e+02,8.672882439331624482e+02,8.677734347813267277e+02,8.682595525392424634e+02,8.687465581543063990e+02,8.692344175273589144e+02,8.697231015746427829e+02,8.702125862682676143e+02,8.707028526578250194e+02,8.711938868760579453e+02,8.716856801316552037e+02,8.721782286923476022e+02,8.726715338615202882e+02,8.731656019515392018e+02,8.736604442569350795e+02,8.741560770304942025e+02,8.746525214651911710e+02,8.751498036847644926e+02,8.756479547455954844e+02,8.761470106524094490e+02,8.766470123901845000e+02,8.771480059745305198e+02,8.776500425226992093e+02,8.781531783473160431e+02,8.786574750748778797e+02,8.791629997910689553e+02,8.796698252149928976e+02,8.801780299045344691e+02,8.806876984952457406e+02,8.811989219754168516e+02,8.817117980003680486e+02,8.822264312494806973e+02,8.827429338301309372e+02,8.832614257334956847e+02,8.837820353482238716e+02,8.843049000392468315e+02,8.848301668005824467e+02,8.853579929929536547e+02,8.858885471794540081e+02,8.864220100754719169e+02,8.869585756327371655e+02,8.874984522818530195e+02,8.880418643632073099e+02,8.885890537829696996e+02,8.891402819392934589e+02,8.896958319742362846e+02,8.902560114198099654e+02,8.908211553225919488e+02,8.913916299513097101e+02,8.919678372167942371e+02,8.925502199650218245e+02,8.931392683433740558e+02,8.937355274899572350e+02,8.943396068586846468e+02,8.949521915725371173e+02,8.955740562986442228e+02,8.962060822676057796e+02,8.968492782233519165e+02,8.975048062982912143e+02,8.981740140730544226e+02,8.988584744142921181e+02,8.995600351025250347e+02,9.002808807786364014e+02,9.010236103599772832e+02,9.017913337954397548e+02,9.025877927950922412e+02,9.034175108533476077e+02,9.042859781963200021e+02,9.051998766287728131e+02,9.061673464884427176e+02,9.071982908970195467e+02,9.083046973892230653e+02,9.095009271484898363e+02,9.108038662641523615e+02,9.122327344252682906e+02,9.138081784270946173e+02,9.155500154551295964e+02,9.174726759674138066e+02,9.195763635460048135e+02,9.218382720089520035e+02,9.241670123256660645e+02
8.373052780398855930e+02,8.373052780349346449e+02,8.373055101564081042e+02,8.373059742854809429e+02,8.373066701860752801e+02,8.373075975080997750e+02,8.373087557921990083e+02,8.373101444758864318e+02,8.373117629009019538e+02,8.373136103216087349e+02,8.373156859142278563e+02,8.373179887866963327e+02,8.373205179889382634e+02,8.373232725233389147e+02,8.373262513552296014e+02,8.373294534232047681e+02,8.373328776491182452e+02,8.373365229476273726e+02,8.373403882351818766e+02,8.373444724383789435e+02,8.373487745016316239e+02,8.373532933941219198e+02,8.373580281160300274e+02,8.373629777040499675e+02,8.373681412362183210e+02,8.373735178360943792e+02,8.373791066763395747e+02,8.373849069817523514e+02,8.373909180318170229e+02,8.373971391628291485e+02,8.374035697696593843e+02,8.374102093072158368e+02,8.374170572916659694e+02,8.374241133014694469e+02,8.374313769782763757e+02,8.374388480277353892e+02,8.374465262202546683e+02,8.374544113917522736e+02,8.374625034444289895e+02,8.374708023475913024e+02,8.374793081385479354e+02,8.374880209236008568e+02,8.374969408791463366e+02,8.375060682528993539e+02,8.375154033652515864e+02,8.375249466107708258e+02,8.375346984598479594e+02,8.375446594604948132e+02,8.375548302402961554e+02,8.375652115085154037e+02,8.375758040583568800e+02,8.375866087693818827e+02,8.375976266100790326e+02,8.376088586405861633e+02,8.376203060155645517e+02,8.376319699872212823e+02,8.376438519084797463e+02,8.376559532362969094e+02,8.376682755351250762e+02,8.376808204805183777e+02,8.376935898628827317e+02,8.377065855913699579e+02,8.377198096979141155e+02,8.377332643414141558e+02,8.377469518120603880e+02,8.377608745358090800e+02,8.377750350790062157e+02,8.377894361531624554e+02,8.378040806198839618e+02,8.378189714959614776e+02,8.378341119586227705e+02,8.378495053509515174e+02,8.378651551874812640e+02,8.378810651599663970e+02,8.378972391433397888e+02,8.379136812018621185e+02,8.379303955954719640e+02,8.379473867863441683e+02,8.379646594456656885e+02,8.379822184606393876e+02,8.380000689417245212e+02,8.380182162301279050e+02,8.380366659055551963e+02,8.380554237942371856e+02,8.380744959772451921e+02,8.380938887991097772e+02,8.381136088767613046e+02,8.381336631088089462e+02,8.381540586851778016e+02,8.381748030971277785e+02,8.381959041476753782e+02,8.382173699624466963e+02,8.382392090009898311e+02,8.382614300685791022e+02,8.382840423285476845e+02,8.383070553151909508e+02,8.383304789472847460e+02,8.383543235422736188e+02,8.383785998311907406e+02,8.384033189743784078e+02,8.384284925780940512e+02,8.384541327120963388e+02,8.384802519283284710e+02,8.385068632808302027e+02,8.385339803470443485e+02,8.385616172507076271e+02,8.385897886865598139e+02,8.386185099471525746e+02,8.386477969520971101e+02,8.386776662801659086e+02,8.387081352047534892e+02,8.387392217333156168e+02,8.387709446515484615e+02,8.388033235732467574e+02,8.388363789970030666e+02,8.388701323711939040e+02,8.389046061690564784e+02,8.389398239761145533e+02,8.389758105927999168e+02,8.390125921558687878e+02,8.390501962831906440e+02,8.390886522477737799e+02,8.391279911885818592e+02,8.391682463679635475e+02,8.392094534885731036e+02,8.392516510868318846e+02,8.392948810257375953e+02,8.393391891178242759e+02,8.393846259202579176e+02,8.394312477597281941e+02,8.394791180667589288e+02,8.395283091296950033e+02,8.395789044209170697e+02,8.396310017051144996e+02,8.396847172142604450e+02,8.397401912648532516e+02,8.397975957869431340e+02,8.398571442895117798e+02,8.399191046962637301e+02,8.399838150083089658e+02,8.400517003834409024e+02,8.401232871937066875e+02,8.401992163321493763e+02,8.402800919629008831e+02,8.403664898157750258e+02,8.404589574041967808e+02,8.405580153182286267e+02,8.406641571087220655e+02,8.407778465732374116e+02,8.408995118387637149e+02,8.410295361242878016e+02,8.411682455344987375e+02,8.413158947482039594e+02,8.414726521166353450e+02,8.416385865058290392e+02,8.418136590857651527e+02,8.419977240659746940e+02,8.421905433578242537e+02,8.423918213591617814e+02,8.426012649038752897e+02,8.428186648937994505e+02,8.430439870158061240e+02,8.432773291638134197e+02,8.435188387382110022e+02,8.437686710989459016e+02,8.440269534535782441e+02,8.442937649602243937e+02,8.445691266191794284e+02,8.448530002666852852e+02,8.451452920404431097e+02,8.454458589486397386e+02,8.457545164420190531e+02,8.460710463644574020e+02,8.463952045270646067e+02,8.467267277249942481e+02,8.470653399816825413e+02,8.474107580138202138e+02,8.477626958973754654e+02,8.481208689888497929e+02,8.484849971489787777e+02,8.488548073394975972e+02,8.492300356568487132e+02,8.496104288703928660e+02,8.499957455252795171e+02,8.503857566667444416e+02,8.507802462357153672e+02,8.511790111808631991e+02,8.515818613269788102e+02,8.519886190357573241e+02,8.523991186916691731e+02,8.528132060431418040e+02,8.532307374272114657e+02,8.536515789041854987e+02,8.540756053273663611e+02,8.545026993714808441e+02,8.549327505420685611e+02,8.553656541868567729e+02,8.558013105294602383e+02,8.562396237464233764e+02,8.566805011121734879e+02,8.571238522454412987e+02,8.575695885090922275e+02,8.580177008846943636e+02,8.584681028095268402e+02,8.589207094104594944e+02,8.593754372193579911e+02,8.598322039278148168e+02,8.602909282172370240e+02,8.607515296749442086e+02,8.612139287939511405e+02,8.616780470479077394e+02,8.621438070300224581e+02,8.626111326439558979e+02,8.630799493347755060e+02,8.635501843486440521e+02,8.640217670107745107e+02,8.644946290121966967e+02,8.649687046969874018e+02,8.654439313427743627e+02,8.659202494284975273e+02,8.663976028845781912e+02,8.668759393217760589e+02,8.673552102360954450e+02,8.678353711881051140e+02,8.683163819559589456e+02,8.687982066622311095e+02,8.692808138754038509e+02,8.697641766874638733e+02,8.702482727695808080e+02,8.707330844082530348e+02,8.712185985246222799e+02,8.717048066798852233e+02,8.721917050698772300e+02,8.726792945119715341e+02,8.731675804274563006e+02,8.736565728225011753e+02,8.741462862707512613e+02,8.746367399004641356e+02,8.751279573889697758e+02,8.756199669670825187e+02,8.761128014359292138e+02,8.766064981985063014e+02,8.771010993081226843e+02,8.775966515357542903e+02,8.780932064582194698e+02,8.785908205690019486e+02,8.790895554134950771e+02,8.795894777504358899e+02,8.800906597413453483e+02,8.805931791698956204e+02,8.810971196933145393e+02,8.816025711282135262e+02,8.821096297736086171e+02,8.826183987744302613e+02,8.831289885294917212e+02,8.836415171487692533e+02,8.841561109659559179e+02,8.846729051136569524e+02,8.851920441703510960e+02,8.857136828904313006e+02,8.862379870313582160e+02,8.867651342953389531e+02,8.872953154071271911e+02,8.878287353547416387e+02,8.883656148263512478e+02,8.889061918846107346e+02,8.894507239297566912e+02,8.899994900153174058e+02,8.905527935960432160e+02,8.911109658075159814e+02,8.916743694020125304e+02,8.922434034971038272e+02,8.928185093341743368e+02,8.934001772961976258e+02,8.939889555012013034e+02,8.945854603745688109e+02,8.951903897158643986e+02,8.958045389225434292e+02,8.964288212248814034e+02,8.970642930386418357e+02,8.977121858745246072e+02,8.983739466829683806e+02,8.990512890950003566e+02,8.997462587902781479e+02,9.004613172404805255e+02,9.011994494069259645e+02,9.019643026866058335e+02,9.027603665440810801e+02,9.035932048036611377e+02,9.044697552467537207e+02,9.053987132287903705e+02,9.063910157093207545e+02,9.074604354803184378e+02,9.086242744304867074e+02,9.099040928723380830e+02,9.113262985845968842e+02,9.129221819989056712e+02,9.147265262578235934e+02,9.167732699077794223e+02,9.190831047450035385e+02,9.216577725492604714e+02,9.243551331156661490e+02
8.373315202972841007e+02,8.373315202927036580e+02,8.373317561086074647e+02,8.373322276350641005e+02,8.373329346535717832e+02,8.373338768398654111e+02,8.373350537680355501e+02,8.373364649158590964e+02,8.373381096712073486e+02,8.373399873393805137e+02,8.373420971512005053e+02,8.373444382716841119e+02,8.373470098091189584e+02,8.373498108243660454e+02,8.373528403402220874e+02,8.373560973506922664e+02,8.373595808300343606e+02,8.373632897414615854e+02,8.373672230454092187e+02,8.373713797072907710e+02,8.373757587046924300e+02,8.373803590339740595e+02,8.373851797162614048e+02,8.373902198028328030e+02,8.373954783799149482e+02,8.374009545729171577e+02,8.374066475501379045e+02,8.374125565259894302e+02,8.374186807637863694e+02,8.374250195781501134e+02,8.374315723370801834e+02,8.374383384637446852e+02,8.374453174380390692e+02,8.374525087979620821e+02,8.374599121408524525e+02,8.374675271245288286e+02,8.374753534683699172e+02,8.374833909543692698e+02,8.374916394281932526e+02,8.375000988002700524e+02,8.375087690469313202e+02,8.375176502116248685e+02,8.375267424062158170e+02,8.375360458123883518e+02,8.375455606831584419e+02,8.375552873445066098e+02,8.375652261971357575e+02,8.375753777183600732e+02,8.375857424641269517e+02,8.375963210711739748e+02,8.376071142593229979e+02,8.376181228339103200e+02,8.376293476883521407e+02,8.376407898068467830e+02,8.376524502672101562e+02,8.376643302438436649e+02,8.376764310108345626e+02,8.376887539451857947e+02,8.377013005301754447e+02,8.377140723588433957e+02,8.377270711376058898e+02,8.377402986899960524e+02,8.377537569605312910e+02,8.377674480187071140e+02,8.377813740631174824e+02,8.377955374257030599e+02,8.378099405761280423e+02,8.378245861262879544e+02,8.378394768349487549e+02,8.378546156125212292e+02,8.378700055259718056e+02,8.378856498038745713e+02,8.379015518416058512e+02,8.379177152066864664e+02,8.379341436442761051e+02,8.379508410828231035e+02,8.379678116398749808e+02,8.379850596280556374e+02,8.380025895612139948e+02,8.380204061607502126e+02,8.380385143621260795e+02,8.380569193215661699e+02,8.380756264229565886e+02,8.380946412849492617e+02,8.381139697682800715e+02,8.381336179833081133e+02,8.381535922977859627e+02,8.381738993448714155e+02,8.381945460313885405e+02,8.382155395463518062e+02,8.382368873697633944e+02,8.382585972816974618e+02,8.382806773716849875e+02,8.383031360484156949e+02,8.383259820497739838e+02,8.383492244532285440e+02,8.383728726865972476e+02,8.383969365392148347e+02,8.384214261735307900e+02,8.384463521371744719e+02,8.384717253755271713e+02,8.384975572448521461e+02,8.385238595260423153e+02,8.385506444390584875e+02,8.385779246581489588e+02,8.386057133279596201e+02,8.386340240806734982e+02,8.386628710543479883e+02,8.386922689126619161e+02,8.387222328663366397e+02,8.387527786965603127e+02,8.387839227808289024e+02,8.388156821217220340e+02,8.388480743792669045e+02,8.388811179077137012e+02,8.389148317977643501e+02,8.389492359255792735e+02,8.389843510102457458e+02,8.390201986818651676e+02,8.390568015630244645e+02,8.390941833672210350e+02,8.391323690188766022e+02,8.391713848009945877e+02,8.392112585384575141e+02,8.392520198276253041e+02,8.392937003266453075e+02,8.393363341262173662e+02,8.393799582282747451e+02,8.394246131713118757e+02,8.394703438577148518e+02,8.395172006631322574e+02,8.395652409447513946e+02,8.396145311204759309e+02,8.396651495736659854e+02,8.397171907614892916e+02,8.397707710861053556e+02,8.398260373439040904e+02,8.398831789009847171e+02,8.399424450963417712e+02,8.400041695177231986e+02,8.400688020474113955e+02,8.401369468651894294e+02,8.402094451405052951e+02,8.402870020366500512e+02,8.403702645327464325e+02,8.404598374165030918e+02,8.405562933356875419e+02,8.406601774785295902e+02,8.407720070561389321e+02,8.408922654311057840e+02,8.410213909262843117e+02,8.411597607096446154e+02,8.413076706397033604e+02,8.414653127429994584e+02,8.416327531646250009e+02,8.418099147481023010e+02,8.419965696634604910e+02,8.421923498397957246e+02,8.423967879583635749e+02,8.426094049666299952e+02,8.428298504181794897e+02,8.430581075801187581e+02,8.432943816730615936e+02,8.435389243649591435e+02,8.437919838175866971e+02,8.440537538672869005e+02,8.443243533365431404e+02,8.446038171232326022e+02,8.448921006722880520e+02,8.451890880949729308e+02,8.454946035592334965e+02,8.458084224280163426e+02,8.461302822056579771e+02,8.464598922530796017e+02,8.467969424739911801e+02,8.471411107362996518e+02,8.474920692105746411e+02,8.478494896327144943e+02,8.482130476384522808e+02,8.485824262463568175e+02,8.489573186093026607e+02,8.493374301208287989e+02,8.497224799705467149e+02,8.501122022228830701e+02,8.505063464893180480e+02,8.509046782511456968e+02,8.513069788836148746e+02,8.517130454240123072e+02,8.521226901215927683e+02,8.525357398026326337e+02,8.529520350812013021e+02,8.533714294438723300e+02,8.537937882350573773e+02,8.542189875680898012e+02,8.546469131857337516e+02,8.550774592920396344e+02,8.555105273756078077e+02,8.559460250425299819e+02,8.563838648765857897e+02,8.568239633466783971e+02,8.572662397915773909e+02,8.577106155388584057e+02,8.581570936857472134e+02,8.586055985117538967e+02,8.590560566163355816e+02,8.595083963592387590e+02,8.599625473927962958e+02,8.604184403187759926e+02,8.608760064700629755e+02,8.613351778054199031e+02,8.617958869018603991e+02,8.622580670287075009e+02,8.627216522880801222e+02,8.631865778075867865e+02,8.636527799721354768e+02,8.641201966829369212e+02,8.645887676329656415e+02,8.650584345893644240e+02,8.655291416745120614e+02,8.660008356387269259e+02,8.664734661188188056e+02,8.669469858779184506e+02,8.674213510231777491e+02,8.678965211990362150e+02,8.683724597547646908e+02,8.688491338859173538e+02,8.693265147501380170e+02,8.698045775584705552e+02,8.702833016439116136e+02,8.707626705094285171e+02,8.712426718580300076e+02,8.717232976077565354e+02,8.722045438946317972e+02,8.726864110667175964e+02,8.731689036724405923e+02,8.736520304463221009e+02,8.741358042951635525e+02,8.746202422876101537e+02,8.751053656498675082e+02,8.755911997701708742e+02,8.760777742144218792e+02,8.765651227552182263e+02,8.770532834163202551e+02,8.775422985344147264e+02,8.780322148398856825e+02,8.785230835581551219e+02,8.790149605330536815e+02,8.795079063736022817e+02,8.800019866255598799e+02,8.804972719691102157e+02,8.809938384441513790e+02,8.814917677048130145e+02,8.819911473050882478e+02,8.824920710178407717e+02,8.829946391899624132e+02,8.834989591371465849e+02,8.840051455826366009e+02,8.845133211454663069e+02,8.850236168851805587e+02,8.855361729118808398e+02,8.860511390727851904e+02,8.865686757294251947e+02,8.870889546432778161e+02,8.876121599922330461e+02,8.881384895460612370e+02,8.886681560362798109e+02,8.892013887649171693e+02,8.897384355081611602e+02,8.902795647854284198e+02,8.908250685829061695e+02,8.913752656442816260e+02,8.919305054717675603e+02,8.924911732197701895e+02,8.930576957144749031e+02,8.936305488990839194e+02,8.942102670916666511e+02,8.947974545577319532e+02,8.953928000525730795e+02,8.959970951928926297e+02,8.966112577923097433e+02,8.972363616682298471e+02,8.978736749363389436e+02,8.985247095088667493e+02,8.991912854814146385e+02,8.998756154444586173e+02,9.005804156473345756e+02,9.013090536034826528e+02,9.020657454534136832e+02,9.028558215971336267e+02,9.036860861910913627e+02,9.045653054580342314e+02,9.055048712557450017e+02,9.065196984828406812e+02,9.076294226013438902e+02,9.088599514283243934e+02,9.102453591820154770e+02,9.118298904338477087e+02,9.136692780808917860e+02,9.158299188544824574e+02,9.183740050745925600e+02,9.213875191215637415e+02,9.246454639390049124e+02
8.373575281286600784e+02,8.373575281243917061e+02,8.373577677438333922e+02,8.373582468845444282e+02,8.373589653428286965e+02,8.373599228161779138e+02,8.373611189068643625e+02,8.373625531265951167e+02,8.373642249021215775e+02,8.373661335816764222e+02,8.373682784420977896e+02,8.373706586964943881e+02,8.373732735022983888e+02,8.373761219695596765e+02,8.373792031693382114e+02,8.373825161420635368e+02,8.373860599057438776e+02,8.373898334639212635e+02,8.373938358132882058e+02,8.373980659508988538e+02,8.374025228809223336e+02,8.374072056209057564e+02,8.374121132075298419e+02,8.374172447018503362e+02,8.374225991940363656e+02,8.374281758076218694e+02,8.374339737032984203e+02,8.374399920822818331e+02,8.374462301892907590e+02,8.374526873151792188e+02,8.374593627992646816e+02,8.374662560313964832e+02,8.374733664538044877e+02,8.374806935627731264e+02,8.374882369101756012e+02,8.374959961049080448e+02,8.375039708142553536e+02,8.375121607652195053e+02,8.375205657458376436e+02,8.375291856065139200e+02,8.375380202613866913e+02,8.375470696897475591e+02,8.375563339375290752e+02,8.375658131188731659e+02,8.375755074177902770e+02,8.375854170899189057e+02,8.375955424643899505e+02,8.376058839458029297e+02,8.376164420163162276e+02,8.376272172378544383e+02,8.376382102544334884e+02,8.376494217946050185e+02,8.376608526740192247e+02,8.376725037981066180e+02,8.376843761648766531e+02,8.376964708678329998e+02,8.377087890990044343e+02,8.377213321520888485e+02,8.377341014257103780e+02,8.377470984267885115e+02,8.377603247740162260e+02,8.377737822014488529e+02,8.377874725622008327e+02,8.378013978322512685e+02,8.378155601143569129e+02,8.378299616420729308e+02,8.378446047838822324e+02,8.378594920474324681e+02,8.378746260838823900e+02,8.378900096923584897e+02,8.379056458245219119e+02,8.379215375892482598e+02,8.379376882574210867e+02,8.379541012668408939e+02,8.379707802272506569e+02,8.379877289254817470e+02,8.380049513307204734e+02,8.380224515998976358e+02,8.380402340832035861e+02,8.380583033297322118e+02,8.380766640932524751e+02,8.380953213381137630e+02,8.381142802452844762e+02,8.381335462185256802e+02,8.381531248907036797e+02,8.381730221302408381e+02,8.381932440477064574e+02,8.382137970025498817e+02,8.382346876099750261e+02,8.382559227479576975e+02,8.382775095644051362e+02,8.382994554844569848e+02,8.383217682179277972e+02,8.383444557668881316e+02,8.383675264333836594e+02,8.383909888272887656e+02,8.384148518742927081e+02,8.384391248240150389e+02,8.384638172582473317e+02,8.384889390993190545e+02,8.385145006185861121e+02,8.385405124450425092e+02,8.385669855740576395e+02,8.385939313762487473e+02,8.386213616065001588e+02,8.386492884131527035e+02,8.386777243473990211e+02,8.387066823729320504e+02,8.387361758759218446e+02,8.387662186754165532e+02,8.387968250343071759e+02,8.388280096710365115e+02,8.388597877723010470e+02,8.388921750070730923e+02,8.389251875423783531e+02,8.389588420614023789e+02,8.389931557846873602e+02,8.390281464954147168e+02,8.390638325700912219e+02,8.391002330163693159e+02,8.391373675202835329e+02,8.391752565059208564e+02,8.392139212115303053e+02,8.392533837874419760e+02,8.392936674230697918e+02,8.393347965130302555e+02,8.393767968764659599e+02,8.394196960497968121e+02,8.394635236825356515e+02,8.395083120804330292e+02,8.395540969632108954e+02,8.396009185406837787e+02,8.396488230697957533e+02,8.396978651511476528e+02,8.397481111831832550e+02,8.397996446602118112e+02,8.398525744513345899e+02,8.399070479472754869e+02,8.399632721691956476e+02,8.400215477390285059e+02,8.400823228727978176e+02,8.401462785458204507e+02,8.402146439201954990e+02,8.402882310299435176e+02,8.403677495157868407e+02,8.404538532068169161e+02,8.405471625732448047e+02,8.406482750987898953e+02,8.407577672456645814e+02,8.408761885664963529e+02,8.410040480917100467e+02,8.411417932900055803e+02,8.412897822457933898e+02,8.414482505744987293e+02,8.416172762228117108e+02,8.417967470591567007e+02,8.419863373694316806e+02,8.421855032529483651e+02,8.423935201313701100e+02,8.426096017791063559e+02,8.428331374720074791e+02,8.430641838030918507e+02,8.433031716770381081e+02,8.435505236796009285e+02,8.438066291012949023e+02,8.440717734235113312e+02,8.443461254961159739e+02,8.446297327335465752e+02,8.449225372527047284e+02,8.452243910200909340e+02,8.455350746177472274e+02,8.458543127437150133e+02,8.461817889027041701e+02,8.465171573810482641e+02,8.468600537322565742e+02,8.472101033050072374e+02,8.475669284065031661e+02,8.479301540526622603e+02,8.482994126235764725e+02,8.486743474996313807e+02,8.490546158754697217e+02,8.494398908496427794e+02,8.498298629204356303e+02,8.502242409715811391e+02,8.506227528339197761e+02,8.510251454843796637e+02,8.514311849385767346e+02,8.518406558802914788e+02,8.522533610665770993e+02,8.526691205411043484e+02,8.530877706859757836e+02,8.535091631397544916e+02,8.539331636082883961e+02,8.543596505935511232e+02,8.547885140642555371e+02,8.552196540898589774e+02,8.556529794564830809e+02,8.560884062791849374e+02,8.565258566200315045e+02,8.569652571169782505e+02,8.574065376282138686e+02,8.578496299103321689e+02,8.582945483797250290e+02,8.587412284900749455e+02,8.591896087720912192e+02,8.596396298349126255e+02,8.600912336147794122e+02,8.605443628442573072e+02,8.609989607047324398e+02,8.614549706286892388e+02,8.619123362241464292e+02,8.623710012984923878e+02,8.628309099624490273e+02,8.632920067973708456e+02,8.637542370709301167e+02,8.642175469877640808e+02,8.646818839630415141e+02,8.651471969082367650e+02,8.656134365197365241e+02,8.660805555622417842e+02,8.665485091402667877e+02,8.670172549523537100e+02,8.674867535238979599e+02,8.679569684156849689e+02,8.684278664063698443e+02,8.688994176481493241e+02,8.693715957957895171e+02,8.698443781099614398e+02,8.703177455365015476e+02,8.707916827637561710e+02,8.712661782605900953e+02,8.717412242979496568e+02,8.722168169570752525e+02,8.726929561275703691e+02,8.731696454985661831e+02,8.736468925461822437e+02,8.741247085203857523e+02,8.746031084342155282e+02,8.750821110581542825e+02,8.755617389222363727e+02,8.760420183282558355e+02,8.765229793742179254e+02,8.770046559929451178e+02,8.774870860065278748e+02,8.779703111980984431e+02,8.784543774022055231e+02,8.789393346148956425e+02,8.794252371244537017e+02,8.799121436636401086e+02,8.804001175841873419e+02,8.808892270542892220e+02,8.813795452798563019e+02,8.818711507504179963e+02,8.823641275107563615e+02,8.828585654596777204e+02,8.833545606777815919e+02,8.838522157867242868e+02,8.843516403433177402e+02,8.848529512729145381e+02,8.853562733479699318e+02,8.858617397195071135e+02,8.863694925115628394e+02,8.868796834916573744e+02,8.873924748340954238e+02,8.879080399976606941e+02,8.884265647452866688e+02,8.889482483409227598e+02,8.894733049685339665e+02,8.900019654305871200e+02,8.905344791993112494e+02,8.910711169145754411e+02,8.916121734488872335e+02,8.921579716948032228e+02,8.927088672756938195e+02,8.932652544411085955e+02,8.938275734881378867e+02,8.943963201574629238e+02,8.949720575973835821e+02,8.955554316856384958e+02,8.961471907678890148e+02,8.967482112440380888e+02,8.973595309529010819e+02,8.979823930400707468e+02,8.986183040413875460e+02,8.992691114339789920e+02,8.999371081300570268e+02,9.006251747012513533e+02,9.013369750816397072e+02,9.020772290399827398e+02,9.028520961557375131e+02,9.036697235370248791e+02,9.045410361014676255e+02,9.054808882948836981e+02,9.065097558003687936e+02,9.076562266776887782e+02,9.089606539899722293e+02,9.104803612503905015e+02,9.122965538812534305e+02,9.145244041329407310e+02,9.172986149722294158e+02,9.209531215431750297e+02,9.251343695161162941e+02
8.373832977575945051e+02,8.373832977535873852e+02,8.373835412782688081e+02,8.373840282354678948e+02,8.373847584338791421e+02,8.373857315892017823e+02,8.373869473272882260e+02,8.373884051882295125e+02,8.373901046312898870e+02,8.373920450405834117e+02,8.373942257313755135e+02,8.373966459568877099e+02,8.373993049154743176e+02,8.374022017580483634e+02,8.374053355956332325e+02,8.374087055069273902e+02,8.374123105457781548e+02,8.374161497484753909e+02,8.374202221407864499e+02,8.374245267446721073e+02,8.374290625846324474e+02,8.374338286936527993e+02,8.374388241187255062e+02,8.374440479259405947e+02,8.374494992051477311e+02,8.374551770742004919e+02,8.374610806828013665e+02,8.374672092159742078e+02,8.374735618971922122e+02,8.374801379911962158e+02,8.374869368065369599e+02,8.374939576978786135e+02,8.375012000680978872e+02,8.375086633702157997e+02,8.375163471091943848e+02,8.375242508436310800e+02,8.375323741873795598e+02,8.375407168111249803e+02,8.375492784439379648e+02,8.375580588748283617e+02,8.375670579543191252e+02,8.375762755960572576e+02,8.375857117784748880e+02,8.375953665465136737e+02,8.376052400134224172e+02,8.376153323626356269e+02,8.376256438497408681e+02,8.376361748045376316e+02,8.376469256331940869e+02,8.376578968205021738e+02,8.376690889322342173e+02,8.376805026176015190e+02,8.376921386118137889e+02,8.377039977387421459e+02,8.377160809136822763e+02,8.377283891462172960e+02,8.377409235431807701e+02,8.377536853117162536e+02,8.377666757624340335e+02,8.377798963126617764e+02,8.377933484897889684e+02,8.378070339347042363e+02,8.378209544053217996e+02,8.378351117801993269e+02,8.378495080622432170e+02,8.378641453825025565e+02,8.378790260040491376e+02,8.378941523259443329e+02,8.379095268872915767e+02,8.379251523713734287e+02,8.379410316098740168e+02,8.379571675871852676e+02,8.379735634447970369e+02,8.379902224857705733e+02,8.380071481792955410e+02,8.380243441653279888e+02,8.380418142593108541e+02,8.380595624569747315e+02,8.380775929392171975e+02,8.380959100770610348e+02,8.381145184366865806e+02,8.381334227845384248e+02,8.381526280925013452e+02,8.381721395431429755e+02,8.381919625350186607e+02,8.382121026880317913e+02,8.382325658488454110e+02,8.382533580963357736e+02,8.382744857470796660e+02,8.382959553608652641e+02,8.383177737462142431e+02,8.383399479659008193e+02,8.383624853424527146e+02,8.383853934636140366e+02,8.384086801877492690e+02,8.384323536491644973e+02,8.384564222633160853e+02,8.384808947318776973e+02,8.385057800476272405e+02,8.385310874991154151e+02,8.385568266750683506e+02,8.385830074684776037e+02,8.386096400803189681e+02,8.386367350228429132e+02,8.386643031223700291e+02,8.386923555215236092e+02,8.387209036808262681e+02,8.387499593795871533e+02,8.387795347160025585e+02,8.388096421063969501e+02,8.388402942835355134e+02,8.388715042939467139e+02,8.389032854942086033e+02,8.389356515461785193e+02,8.389686164111751623e+02,8.390021943431769387e+02,8.390363998811706097e+02,8.390712478408817105e+02,8.391067533062588382e+02,8.391429316212634149e+02,8.391797983827638063e+02,8.392173694356542910e+02,8.392556608717461586e+02,8.392946890345627935e+02,8.393344705329863018e+02,8.393750222679332182e+02,8.394163614781656406e+02,8.394585058145200946e+02,8.395014734571652752e+02,8.395452832994961909e+02,8.395899552375293524e+02,8.396355106297060047e+02,8.396819730368880528e+02,8.397293694323699356e+02,8.397777322198953698e+02,8.398271026811178217e+02,8.398775370306719878e+02,8.399291173714241268e+02,8.399819720986190532e+02,8.400363148850351536e+02,8.400925206356406534e+02,8.401512848464882381e+02,8.402146780584585031e+02,8.402835643375511836e+02,8.403586727149437365e+02,8.404406809877978048e+02,8.405302453418083815e+02,8.406280129536485219e+02,8.407346251686639107e+02,8.408507110887833278e+02,8.409768710374037255e+02,8.411136496947142405e+02,8.412614987936000261e+02,8.414207301616615950e+02,8.415914622343898372e+02,8.417735652302758353e+02,8.419666091774074630e+02,8.421698223425089509e+02,8.423820962960006682e+02,8.426021213586838030e+02,8.428287622950499554e+02,8.430622919277845995e+02,8.433036166245365166e+02,8.435534208112894703e+02,8.438122988572971508e+02,8.440806517394393040e+02,8.443587041467487779e+02,8.446465058063942024e+02,8.449439711657273619e+02,8.452509031905059373e+02,8.455670233400652478e+02,8.458919913712135212e+02,8.462254246149524306e+02,8.465669118236424993e+02,8.469160255160976476e+02,8.472723313036445916e+02,8.476353957705302946e+02,8.480047924919080060e+02,8.483801068771000473e+02,8.487609397969823704e+02,8.491469103415274731e+02,8.495376577746072826e+02,8.499328428783047684e+02,8.503321487631592390e+02,8.507352812540922287e+02,8.511419689097328956e+02,8.515519627382021781e+02,8.519650356487674117e+02,8.523809816784821578e+02,8.527996150231674619e+02,8.532207689021768147e+02,8.536442942830595939e+02,8.540700584928114267e+02,8.544979437409305092e+02,8.549278455789585678e+02,8.553596713183485463e+02,8.557933384245474144e+02,8.562287728974990841e+02,8.566659076370449384e+02,8.571046807719687877e+02,8.575450338991911394e+02,8.579869101201425110e+02,8.584303325221982277e+02,8.588752485616472541e+02,8.593216095756503137e+02,8.597693691404584797e+02,8.602184820022104077e+02,8.606689033749554483e+02,8.611205884910244777e+02,8.615734923368407863e+02,8.620275695319787701e+02,8.624827743221394485e+02,8.629390606634576670e+02,8.633963823793517349e+02,8.638546933734502318e+02,8.643139478838509149e+02,8.647741007654207124e+02,8.652351077882511845e+02,8.656969259417932108e+02,8.661595137356291616e+02,8.666228314892939579e+02,8.670868416049937650e+02,8.675515088184789647e+02,8.680168004246642113e+02,8.684826864758384772e+02,8.689491399514490695e+02,8.694161368994566601e+02,8.698836565501362657e+02,8.703516814039427345e+02,8.708201972956557029e+02,8.712891934374848688e+02,8.717586624441547656e+02,8.722286003432091093e+02,8.726990065738866633e+02,8.731698839779497803e+02,8.736412387857885733e+02,8.741130806010069136e+02,8.745854223865253516e+02,8.750582804550273295e+02,8.755316744663361987e+02,8.760056274340480513e+02,8.764801657434803701e+02,8.769553191827145611e+02,8.774311209882391722e+02,8.779076079064257101e+02,8.783848202718102129e+02,8.788628021029032880e+02,8.793416012160191713e+02,8.798212693574055265e+02,8.803018623537691383e+02,8.807834402811467953e+02,8.812660676519568597e+02,8.817498136200179033e+02,8.822347522033263658e+02,8.827209625244803419e+02,8.832085290688359009e+02,8.836975419608041875e+02,8.841880972591861791e+02,8.846802972731273940e+02,8.851742509012083246e+02,8.856700739974234011e+02,8.861678897694288253e+02,8.866678292165374842e+02,8.871700316176471688e+02,8.876746450827531589e+02,8.881818271861349103e+02,8.886917457049962650e+02,8.892045794946424166e+02,8.897205195406962730e+02,8.902397702410512466e+02,8.907625509861459250e+02,8.912890981269450776e+02,8.918196674474457950e+02,8.923545372948973409e+02,8.928940125695340839e+02,8.934384298409192979e+02,8.939881639465094167e+02,8.945436365486212935e+02,8.951053272920725021e+02,8.956737884346512146e+02,8.962496641456309590e+02,8.968337161236465818e+02,8.974268578432032655e+02,8.980302006927496450e+02,8.986451166919559910e+02,8.992733246145197654e+02,8.999170096772026000e+02,9.005789921624607359e+02,9.012629687840205861e+02,9.019738642456974276e+02,9.027183532053101089e+02,9.035056511572335012e+02,9.043487389349191972e+02,9.052663057063169845e+02,9.062859082703934064e+02,9.074492645180508816e+02,9.088212432474113029e+02,9.105051247419214633e+02,9.126769696597323218e+02,9.155669686883354643e+02,9.201962081955281292e+02,9.260429501698044987e+02
8.374088253066447578e+02,8.374088253028543249e+02,8.374090728282791360e+02,8.374095677919486889e+02,8.374103100128331789e+02,8.374112992217263809e+02,8.374125350640193801e+02,8.374140171033058095e+02,8.374157448257445822e+02,8.374177176450906472e+02,8.374199349082973640e+02,8.374223959015845367e+02,8.374250998568647901e+02,8.374280459584202845e+02,8.374312333497261989e+02,8.374346611403223051e+02,8.374383284126425906e+02,8.374422342287225547e+02,8.374463776367157379e+02,8.374507576771617323e+02,8.374553733889605383e+02,8.374602238150206404e+02,8.374653080075572689e+02,8.374706250330309558e+02,8.374761739767219524e+02,8.374819539469489200e+02,8.374879640789424684e+02,8.374942035383934353e+02,8.375006715246980775e+02,8.375073672739279118e+02,8.375142900615501276e+02,8.375214392049308572e+02,8.375288140656497262e+02,8.375364140516562657e+02,8.375442386192971753e+02,8.375522872752412695e+02,8.375605595783285935e+02,8.375690551413681533e+02,8.375777736329050640e+02,8.375867147789779210e+02,8.375958783648823101e+02,8.376052642369586465e+02,8.376148723044149165e+02,8.376247025411964842e+02,8.376347549879143344e+02,8.376450297538364111e+02,8.376555270189511475e+02,8.376662470361069381e+02,8.376771901332317611e+02,8.376883567156347681e+02,8.376997472683931392e+02,8.377113623588238625e+02,8.377232026390418014e+02,8.377352688486029137e+02,8.377475618172331906e+02,8.377600824676408138e+02,8.377728318184121008e+02,8.377858109869885084e+02,8.377990211927233304e+02,8.378124637600161577e+02,8.378261401215254409e+02,8.378400518214534713e+02,8.378542005189059410e+02,8.378685879913215331e+02,8.378832161379716581e+02,8.378980869835270369e+02,8.379132026816907910e+02,8.379285655188942883e+02,8.379441779180567664e+02,8.379600424424037328e+02,8.379761617993448226e+02,8.379925388444067949e+02,8.380091765852214394e+02,8.380260781855641881e+02,8.380432469694412703e+02,8.380606864252230253e+02,8.380784002098184828e+02,8.380963921528880292e+02,8.381146662610894964e+02,8.381332267223519921e+02,8.381520779101722383e+02,8.381712243879247808e+02,8.381906709131804973e+02,8.382104224420212404e+02,8.382304841333428840e+02,8.382508613531329047e+02,8.382715596787085133e+02,8.382925849029003302e+02,8.383139430381631882e+02,8.383356403205924607e+02,8.383576832138226109e+02,8.383800784127812449e+02,8.384028328472667226e+02,8.384259536853143118e+02,8.384494483363102972e+02,8.384733244538077770e+02,8.384975899379915063e+02,8.385222529377307410e+02,8.385473218521530043e+02,8.385728053316593105e+02,8.385987122782923961e+02,8.386250518453589393e+02,8.386518334361896905e+02,8.386790667019128023e+02,8.387067615380937013e+02,8.387349280800819997e+02,8.387635766968850248e+02,8.387927179833660603e+02,8.388223627505421973e+02,8.388525220137332781e+02,8.388832069782791905e+02,8.389144290225175382e+02,8.389461996776731212e+02,8.389785306042740558e+02,8.390114335646671861e+02,8.390449203911609857e+02,8.390790029492743543e+02,8.391136930955229900e+02,8.391490026291171489e+02,8.391849432368838961e+02,8.392215264306412337e+02,8.392587634761309801e+02,8.392966653124236700e+02,8.393352424604005364e+02,8.393745049184531126e+02,8.394144620428803591e+02,8.394551224096441047e+02,8.394964936532901447e+02,8.395385822782637888e+02,8.395813934380083765e+02,8.396249306789388811e+02,8.396691956509590682e+02,8.397141877951827382e+02,8.397599040391157814e+02,8.398063385764521627e+02,8.398534829269480042e+02,8.399013267778763066e+02,8.399498609107030234e+02,8.399990856395183982e+02,8.400490338674858322e+02,8.400998332656471348e+02,8.401519106875966827e+02,8.402093282114556132e+02,8.402727226303845782e+02,8.403427178777112658e+02,8.404199646928650509e+02,8.405051346240175008e+02,8.405989193687507850e+02,8.407020311803004233e+02,8.408151951600319762e+02,8.409391296341756288e+02,8.410745131612140995e+02,8.412219364821629597e+02,8.413818385075350079e+02,8.415544293303713630e+02,8.417396056961434851e+02,8.419368549937939861e+02,8.421451368491325411e+02,8.423627843079378863e+02,8.425875772960239374e+02,8.428172343838285769e+02,8.430526119094226942e+02,8.432956334017688960e+02,8.435473336286638641e+02,8.438085881167075968e+02,8.440799224885651029e+02,8.443616120141139163e+02,8.446536812123530353e+02,8.449559914126979265e+02,8.452682699199091303e+02,8.455901578463501664e+02,8.459212313975247071e+02,8.462610270851205314e+02,8.466090558635655725e+02,8.469648175061007578e+02,8.473278099644336407e+02,8.476975378830242107e+02,8.480735184852496786e+02,8.484552864642874965e+02,8.488423973606373920e+02,8.492344301303085103e+02,8.496309888103386356e+02,8.500317036101141639e+02,8.504362314491957022e+02,8.508442560991994696e+02,8.512554879641437537e+02,8.516696635749502775e+02,8.520865448250336840e+02,8.525059179865933174e+02,8.529275925301174084e+02,8.533513997748747215e+02,8.537771913940715649e+02,8.542048378011305658e+02,8.546342264433183118e+02,8.550652600290680994e+02,8.554978547137866371e+02,8.559319382641261882e+02,8.563674482124457654e+02,8.568043299963620711e+02,8.572425350482856174e+02,8.576820187362192200e+02,8.581227379003950091e+02,8.585647166493962459e+02,8.590079168697232035e+02,8.594523044064177384e+02,8.598978469419023440e+02,8.603445127811428392e+02,8.607922700970644883e+02,8.612410864534510893e+02,8.616909285219192043e+02,8.621417619480333769e+02,8.625935513375635537e+02,8.630462603406438120e+02,8.634998518148989888e+02,8.639542880504185405e+02,8.644095310408818023e+02,8.648655427864143803e+02,8.653222856151442102e+02,8.657797225118583810e+02,8.662378174437141070e+02,8.666965356745259896e+02,8.671558440607506100e+02,8.676157113238442662e+02,8.680761082951662502e+02,8.685370081309912393e+02,8.689983864964684699e+02,8.694602217184892652e+02,8.699224949084045875e+02,8.703851900563404342e+02,8.708482940995230592e+02,8.713117969675173526e+02,8.717756916076444895e+02,8.722399739940653944e+02,8.727046431241234359e+02,8.731697010055406736e+02,8.736351526379842198e+02,8.741010059923582958e+02,8.745672719909730404e+02,8.750339644914834025e+02,8.755011002772079109e+02,8.759686990561270932e+02,8.764367834705413998e+02,8.769053791190359561e+02,8.773745145920679533e+02,8.778442215221572269e+02,8.783145346493317902e+02,8.787854919021524438e+02,8.792571344943244185e+02,8.797295070365910306e+02,8.802026576633085142e+02,8.806766381728168653e+02,8.811515041804581188e+02,8.816273152828612183e+02,8.821041352319099360e+02,8.825820321166589792e+02,8.830610785513738392e+02,8.835413518678548144e+02,8.840229343102947723e+02,8.845059132311270105e+02,8.849903812866925819e+02,8.854764366321110174e+02,8.859641831155448699e+02,8.864537304731510403e+02,8.869451945274925038e+02,8.874386973941432188e+02,8.879343677037875295e+02,8.884323408504666304e+02,8.889327592809968337e+02,8.894357728463040758e+02,8.899415392429217491e+02,8.904502245828085734e+02,8.909620041427899650e+02,8.914770633625233813e+02,8.919955991835197437e+02,8.925178218538334249e+02,8.930439573666063779e+02,8.935742507606313438e+02,8.941089705933718506e+02,8.946484150119313199e+02,8.951929200067728516e+02,8.957428706604213176e+02,8.962987165219020653e+02,8.968609927058887479e+02,8.974303489838587211e+02,8.980075901628148358e+02,8.985937325720477702e+02,8.991900839828330163e+02,8.997983582141989700e+02,9.004208424986709360e+02,9.010606468881931050e+02,9.017220848380227380e+02,9.024112689499118005e+02,9.031370703228712955e+02,9.039127265799168072e+02,9.047586578544726308e+02,9.057077772001508720e+02,9.068159050844651574e+02,9.081827130356658699e+02,9.100277471108756799e+02,9.125954567221036768e+02,9.187600980668448756e+02,9.279096130993940506e+02
8.374341068034797217e+02,8.374341067998667540e+02,8.374343584163972309e+02,8.374348615663597002e+02,8.374356160771376381e+02,8.374366216918755299e+02,8.374378780719348470e+02,8.374393848000935350e+02,8.374411413844226217e+02,8.374431472627688890e+02,8.374454018077597084e+02,8.374479043322414782e+02,8.374506540950608269e+02,8.374536503070960407e+02,8.374568921374490174e+02,8.374603787197130487e+02,8.374641091582376475e+02,8.374680825343184551e+02,8.374722979122520883e+02,8.374767543452019254e+02,8.374814508808341316e+02,8.374863865666904985e+02,8.374915604552758168e+02,8.374969716088461382e+02,8.375026191038917887e+02,8.375085020353170648e+02,8.375146195203247999e+02,8.375209707020180758e+02,8.375275547527376148e+02,8.375343708771532647e+02,8.375414183151351608e+02,8.375486963444263893e+02,8.375562042831431881e+02,8.375639414921278103e+02,8.375719073771780359e+02,8.375801013911775499e+02,8.375885230361498088e+02,8.375971718652554046e+02,8.376060474847538444e+02,8.376151495559454361e+02,8.376244777971105577e+02,8.376340319854600693e+02,8.376438119591083478e+02,8.376538176190794047e+02,8.376640489313572289e+02,8.376745059289830806e+02,8.376851887142116766e+02,8.376960974607261505e+02,8.377072324159175878e+02,8.377185939032322040e+02,8.377301823245863943e+02,8.377419981628524965e+02,8.377540419844140160e+02,8.377663144417908825e+02,8.377788162763343962e+02,8.377915483209906142e+02,8.378045115031301293e+02,8.378177068474434463e+02,8.378311354789003644e+02,8.378447986257702951e+02,8.378586976227026071e+02,8.378728339138635874e+02,8.378872090561291088e+02,8.379018247223287972e+02,8.379166827045411310e+02,8.379317849174353796e+02,8.379471334016581068e+02,8.379627303272617382e+02,8.379785779971716693e+02,8.379946788506887287e+02,8.380110354670242714e+02,8.380276505688627822e+02,8.380445270259494919e+02,8.380616678586965236e+02,8.380790762418052964e+02,8.380967555078965461e+02,8.381147091511438703e+02,8.381329408309035216e+02,8.381514543753318094e+02,8.381702537849812416e+02,8.381893432363671081e+02,8.382087270854906365e+02,8.382284098713076901e+02,8.382483963191275507e+02,8.382686913439259797e+02,8.382893000535531201e+02,8.383102277518153187e+02,8.383314799414075651e+02,8.383530623266673274e+02,8.383749808161214787e+02,8.383972415247887966e+02,8.384198507761994961e+02,8.384428151040858666e+02,8.384661412536925127e+02,8.384898361826470818e+02,8.385139070613241756e+02,8.385383612726257070e+02,8.385632064110907322e+02,8.385884502812324399e+02,8.386141008949911111e+02,8.386401664681673083e+02,8.386666554156911388e+02,8.386935763455522874e+02,8.387209380512002781e+02,8.387487495021907762e+02,8.387770198328285005e+02,8.388057583285193459e+02,8.388349744095058895e+02,8.388646776116157753e+02,8.388948775635971060e+02,8.389255839605558549e+02,8.389568065329370938e+02,8.389885550104035019e+02,8.390208390798695746e+02,8.390536683368241029e+02,8.390870522289397968e+02,8.391209999907977135e+02,8.391555205683605436e+02,8.391906225315869960e+02,8.392263139732804120e+02,8.392626023918776355e+02,8.392994945553423349e+02,8.393369963425532205e+02,8.393751125574195839e+02,8.394138467092088831e+02,8.394532007499840347e+02,8.394931747563003910e+02,8.395337665371069988e+02,8.395749711427129114e+02,8.396167802399427273e+02,8.396591813046834432e+02,8.397021565615773397e+02,8.397456815606493592e+02,8.397897232044520024e+02,8.398342368899682242e+02,8.398791621263901561e+02,8.399244153476473684e+02,8.399698772110681375e+02,8.400153683406387017e+02,8.400605993485472709e+02,8.401050605505358817e+02,8.401479000167757931e+02,8.401981929857236082e+02,8.402553244446187364e+02,8.403195183628685072e+02,8.403913228700631635e+02,8.404714055687984455e+02,8.405604996894734313e+02,8.406593965627528178e+02,8.407689375401866982e+02,8.408899925391968964e+02,8.410234221191400366e+02,8.411700188419525830e+02,8.413304238201610588e+02,8.415050225163330424e+02,8.416938288966742903e+02,8.418963347853109553e+02,8.421112520050739931e+02,8.423361538031928148e+02,8.425672308077170101e+02,8.427995246883183427e+02,8.430354292776228249e+02,8.432790905617807766e+02,8.435318489272707438e+02,8.437949359378500276e+02,8.440689648039651729e+02,8.443542373850054901e+02,8.446506933016453331e+02,8.449581011349107484e+02,8.452760720463968482e+02,8.456041401925642731e+02,8.459417748697127308e+02,8.462884153973161574e+02,8.466434810882586817e+02,8.470063887329827139e+02,8.473765602414219984e+02,8.477534320557884939e+02,8.481364601466544855e+02,8.485251249253562946e+02,8.489189339861559347e+02,8.493174243828784711e+02,8.497201637909798819e+02,8.501267512535935111e+02,8.505368173284493878e+02,8.509500239242455564e+02,8.513660637782088543e+02,8.517846596919837339e+02,8.522055635142378378e+02,8.526285549204775407e+02,8.530534399933845862e+02,8.534800496348037768e+02,8.539082378246424696e+02,8.543378797569921517e+02,8.547688698781904577e+02,8.552011198597087969e+02,8.556345565344739725e+02,8.560691198279987475e+02,8.565047607104687586e+02,8.569414392021552658e+02,8.573791224930124599e+02,8.578177833779163848e+02,8.582573996818172191e+02,8.586979753775751760e+02,8.591394943718094055e+02,8.595819403844000135e+02,8.600252968778238483e+02,8.604695466425629320e+02,8.609146713545119383e+02,8.613606512204750061e+02,8.618074647453828447e+02,8.622550886236409724e+02,8.627034977440690682e+02,8.631526652941599878e+02,8.636025629468232410e+02,8.640531611132663556e+02,8.645044292452328136e+02,8.649563361714689336e+02,8.654088504538116240e+02,8.658619407504515948e+02,8.663155761749577550e+02,8.667697266419777407e+02,8.672243631917669973e+02,8.676794582879539348e+02,8.681349860841586406e+02,8.685909226570797728e+02,8.690472462046867577e+02,8.695039372097766091e+02,8.699609785698851283e+02,8.704183556957557357e+02,8.708760565809678837e+02,8.713340718461397501e+02,8.717923947612171105e+02,8.722510212498215196e+02,8.727099498794760848e+02,8.731691818417199329e+02,8.736287209257782251e+02,8.740885734894585539e+02,8.745487484304826467e+02,8.750092571613425889e+02,8.754701135902438409e+02,8.759313341105142854e+02,8.763929376002998879e+02,8.768549454341534783e+02,8.773173815075567745e+02,8.777802722751848705e+02,8.782436468031573895e+02,8.787075368352766418e+02,8.791719768726859456e+02,8.796370042661276329e+02,8.801026593194054612e+02,8.805689854023917178e+02,8.810360290713406357e+02,8.815038401939984851e+02,8.819724720764276071e+02,8.824419815882037028e+02,8.829124292820908977e+02,8.833838795040883269e+02,8.838564004892391495e+02,8.843300644384593170e+02,8.848049475712464300e+02,8.852811301491176437e+02,8.857586964643874126e+02,8.862377347890823103e+02,8.867183372787791313e+02,8.872005998266322422e+02,8.876846218631990268e+02,8.881705060986073477e+02,8.886583582045393541e+02,8.891482864352205979e+02,8.896404011886024819e+02,8.901348145121245352e+02,8.906316395615125430e+02,8.911309900272599407e+02,8.916329795516819559e+02,8.921377211717550608e+02,8.926453268396073781e+02,8.931559070973515873e+02,8.936695710162101705e+02,8.941864265599248256e+02,8.947065815975837495e+02,8.952301458914904515e+02,8.957572345096225490e+02,8.962879733123853612e+02,8.968225073897599486e+02,8.973610137293921980e+02,8.979037198269029432e+02,8.984509308965720038e+02,8.990030694480051352e+02,8.995607336906125511e+02,9.001247845132252223e+02,9.006964768313206378e+02,9.012776569998679861e+02,9.018710490015577079e+02,9.024806687889740715e+02,9.031123886752485532e+02,9.037750631936968375e+02,9.044826898834450049e+02,9.052573741036590036e+02,9.062511392427072678e+02,9.071626763507897522e+02,9.158001586294714116e+02,9.321119726138340411e+02
8.374593112086714655e+02,8.374593112052019706e+02,8.374595669820278090e+02,8.374600784558824671e+02,8.374608454609501678e+02,8.374618677503475510e+02,8.374631449983130551e+02,8.374646768030590920e+02,8.374664626902371083e+02,8.374685021169527772e+02,8.374707944762603802e+02,8.374733391020623685e+02,8.374761352743357747e+02,8.374791822246063475e+02,8.374824791415940126e+02,8.374860251769550814e+02,8.374898194510510621e+02,8.374938610586848426e+02,8.374981490747441057e+02,8.375026825597085463e+02,8.375074605649789419e+02,8.375124821379982905e+02,8.375177463271423903e+02,8.375232521863638340e+02,8.375289987795821389e+02,8.375349851848177423e+02,8.375412104980742924e+02,8.375476738369773102e+02,8.375543743441827473e+02,8.375613111905696542e+02,8.375684835782360551e+02,8.375758907433172453e+02,8.375835319586467449e+02,8.375914065362806014e+02,8.375995138299064138e+02,8.376078532371559504e+02,8.376164242018425057e+02,8.376252262161394810e+02,8.376342588227174701e+02,8.376435216168564466e+02,8.376530142485454462e+02,8.376627364245833860e+02,8.376726879106917067e+02,8.376828685336479339e+02,8.376932781834492516e+02,8.377039168155115476e+02,8.377147844529108625e+02,8.377258811886709964e+02,8.377372071881002284e+02,8.377487626911813550e+02,8.377605480150140238e+02,8.377725635563130027e+02,8.377848097939613581e+02,8.377972872916175220e+02,8.378099967003774964e+02,8.378229387614893540e+02,8.378361143091187841e+02,8.378495242731652297e+02,8.378631696821242940e+02,8.378770516659957366e+02,8.378911714592347835e+02,8.379055304037418637e+02,8.379201299518908854e+02,8.379349716695905954e+02,8.379500572393767470e+02,8.379653884635323493e+02,8.379809672672299712e+02,8.379967957016956461e+02,8.380128759473867603e+02,8.380292103171817644e+02,8.380458012595756827e+02,8.380626513618763056e+02,8.380797633533958333e+02,8.380971401086299011e+02,8.381147846504185281e+02,8.381327001530809184e+02,8.381508899455139954e+02,8.381693575142455757e+02,8.381881065064329732e+02,8.382071407327904353e+02,8.382264641704366568e+02,8.382460809656425909e+02,8.382659954364650048e+02,8.382862120752440660e+02,8.383067355509443814e+02,8.383275707113132285e+02,8.383487225848285789e+02,8.383701963824048562e+02,8.383919974988203876e+02,8.384141315138264190e+02,8.384366041928903996e+02,8.384594214875238549e+02,8.384825895351330018e+02,8.385061146583268510e+02,8.385300033636058288e+02,8.385542623393429267e+02,8.385788984529594927e+02,8.386039187471793639e+02,8.386293304352336690e+02,8.386551408948649851e+02,8.386813576609600887e+02,8.387079884166165584e+02,8.387350409824175586e+02,8.387625233036580994e+02,8.387904434352292355e+02,8.388188095238233473e+02,8.388476297870757890e+02,8.388769124891987303e+02,8.389066659126011700e+02,8.389368983249064513e+02,8.389676179406880010e+02,8.389988328771320312e+02,8.390305511027038392e+02,8.390627803777314284e+02,8.390955281856323609e+02,8.391288016532735128e+02,8.391626074586843060e+02,8.391969517240062260e+02,8.392318398911655777e+02,8.392672765772589401e+02,8.393032654060057212e+02,8.393398088107710464e+02,8.393769078034416680e+02,8.394145617016258711e+02,8.394527678038822387e+02,8.394915209984625335e+02,8.395308132847723073e+02,8.395706331777532796e+02,8.396109649529252010e+02,8.396517876725896485e+02,8.396930739097587093e+02,8.397347880526909876e+02,8.397768840116759748e+02,8.398193020393207462e+02,8.398619641752106872e+02,8.399047674594781938e+02,8.399475733866602241e+02,8.399901908338755447e+02,8.400323474317699493e+02,8.400736403219477779e+02,8.401134511174661839e+02,8.401513121872420697e+02,8.401971134685854850e+02,8.402501594908981133e+02,8.403106689194160026e+02,8.403792160401020510e+02,8.404565206206199264e+02,8.405433992797794645e+02,8.406407612603095458e+02,8.407496002481071855e+02,8.408709700898083383e+02,8.410059402484451994e+02,8.411555250723821473e+02,8.413205847320488147e+02,8.415017064291319002e+02,8.416990580245391129e+02,8.419121163342715590e+02,8.421391041849826706e+02,8.423761629765473344e+02,8.426167014180840624e+02,8.428520164060905699e+02,8.430913110142912501e+02,8.433391446434405907e+02,8.435975534334584154e+02,8.438672478068474447e+02,8.441488751048393624e+02,8.444424659439888501e+02,8.447478695403214033e+02,8.450646517800967104e+02,8.453922997093995946e+02,8.457301992486604831e+02,8.460777142353924773e+02,8.464341810599540850e+02,8.467989408416448214e+02,8.471713407801179301e+02,8.475507488212866747e+02,8.479365562536497691e+02,8.483281844372783098e+02,8.487250864757246518e+02,8.491267499458253951e+02,8.495326974482671858e+02,8.499424873248033236e+02,8.503557134164533409e+02,8.507720047589366459e+02,8.511910248179560767e+02,8.516124705968037460e+02,8.520360714697458207e+02,8.524615878607231707e+02,8.528888097153776471e+02,8.533175548150466057e+02,8.537476669253322825e+02,8.541790138120571783e+02,8.546114851426940504e+02,8.550449903074159010e+02,8.554794561919889020e+02,8.559148249397940162e+02,8.563510517411843921e+02,8.567881026885501115e+02,8.572259527391582878e+02,8.576645838402115487e+02,8.581039833351932202e+02,8.585441429892854330e+02,8.589850647144118057e+02,8.594267438724115209e+02,8.598691749161168900e+02,8.603123512020049475e+02,8.607562645714604059e+02,8.612009049440245008e+02,8.616462600215245402e+02,8.620923151229069390e+02,8.625390531465296817e+02,8.629864546451302658e+02,8.634344979975588785e+02,8.638831596590554227e+02,8.643324144728679812e+02,8.647822360255780723e+02,8.652325970303692202e+02,8.656834697231556675e+02,8.661348262588803664e+02,8.665866390965466053e+02,8.670388813640793160e+02,8.674915271955496792e+02,8.679445520356920269e+02,8.683979329079855916e+02,8.688516486446463887e+02,8.693056800779504556e+02,8.697600101939452770e+02,8.702146242503298481e+02,8.706695098614460449e+02,8.711246570536824265e+02,8.715800582953149842e+02,8.720357085048344743e+02,8.724916050421743421e+02,8.729477476870123382e+02,8.734041386084157921e+02,8.738607823296749757e+02,8.743176856920848650e+02,8.747748578209010475e+02,8.752323100965030562e+02,8.756900561332115558e+02,8.761481117679564932e+02,8.766064950603876014e+02,8.770652263057420441e+02,8.775243280611755381e+02,8.779838251859675893e+02,8.784437448954004140e+02,8.789041168277908582e+02,8.793649731235332183e+02,8.798263485146617313e+02,8.802882804227890574e+02,8.807508090628931541e+02,8.812139775497423670e+02,8.816778320033154159e+02,8.821424216488586580e+02,8.826077989067526914e+02,8.830740194666077514e+02,8.835411423395128168e+02,8.840092298815744698e+02,8.844783477813668924e+02,8.849485650030976558e+02,8.854199536767433756e+02,8.858925889255594939e+02,8.863665486207671620e+02,8.868419130523019476e+02,8.873187645038353821e+02,8.877971867192673017e+02,8.882772642471288691e+02,8.887590816482601213e+02,8.892427225513757776e+02,8.897282685402199149e+02,8.902157978556516582e+02,8.907053838959792529e+02,8.911970934999430938e+02,8.916909849994423212e+02,8.921871060339433370e+02,8.926854911280245233e+02,8.931861590463638549e+02,8.936891099653925039e+02,8.941943225278819227e+02,8.947017509047665271e+02,8.952113220340327189e+02,8.957229333355362542e+02,8.962364512449261156e+02,8.967517111961683440e+02,8.972685195971135954e+02,8.977866590555306630e+02,8.983058974800070473e+02,8.988260040631230368e+02,8.993467728778338142e+02,8.998680638639824565e+02,9.003898608689512457e+02,9.009123748558703255e+02,9.014361571135744953e+02,9.019622655258318673e+02,9.024921586038318537e+02,9.030273152205660381e+02,9.035661570218909446e+02,9.040948406180482380e+02,9.046792105577876555e+02,9.051689133690072140e+02,9.149103930102313598e+02,9.331018922267555809e+02
8.374844380141075817e+02,8.374844380107515462e+02,8.374846980130139400e+02,8.374852179403509354e+02,8.374859976323160708e+02,8.374870368498868629e+02,8.374883352774254490e+02,8.374898925252379058e+02,8.374917081326880179e+02,8.374937815718132015e+02,8.374961122513832379e+02,8.374986995213371301e+02,8.375015426775328251e+02,8.375046409667405669e+02,8.375079935918149658e+02,8.375115997169789352e+02,8.375154584731614023e+02,8.375195689633312668e+02,8.375239302677800879e+02,8.375285414493073404e+02,8.375334015582751590e+02,8.375385096375002831e+02,8.375438647269630792e+02,8.375494658683162470e+02,8.375553121091829780e+02,8.375614025072428603e+02,8.375677361341029155e+02,8.375743120789612703e+02,8.375811294520716501e+02,8.375881873880186959e+02,8.375954850488208194e+02,8.376030216268725326e+02,8.376107963477459180e+02,8.376188084728659078e+02,8.376270573020784695e+02,8.376355421761263642e+02,8.376442624790516902e+02,8.376532176405379460e+02,8.376624071382083230e+02,8.376718304998923941e+02,8.376814873058743842e+02,8.376913771911330286e+02,8.377014998475839320e+02,8.377118550263321595e+02,8.377224425399419943e+02,8.377332622647315929e+02,8.377443141430952664e+02,8.377555981858598670e+02,8.377671144746758500e+02,8.377788631644477846e+02,8.377908444858032908e+02,8.378030587476032451e+02,8.378155063394916624e+02,8.378281877344865052e+02,8.378411034916084645e+02,8.378542542585487354e+02,8.378676407743722621e+02,8.378812638722542943e+02,8.378951244822495710e+02,8.379092236340901536e+02,8.379235624600087249e+02,8.379381421975847388e+02,8.379529641926110344e+02,8.379680299019744325e+02,8.379833408965491799e+02,8.379988988640974412e+02,8.380147056121730884e+02,8.380307630710225339e+02,8.380470732964789704e+02,8.380636384728435360e+02,8.380804609157464711e+02,8.380975430749820134e+02,8.381148875373104374e+02,8.381324970292165517e+02,8.381503744196173784e+02,8.381685227225092376e+02,8.381869450995407078e+02,8.382056448625010034e+02,8.382246254757091037e+02,8.382438905582880579e+02,8.382634438863065043e+02,8.382832893947692128e+02,8.383034311794327778e+02,8.383238734984239500e+02,8.383446207736320730e+02,8.383656775918443600e+02,8.383870487055900185e+02,8.384087390336536600e+02,8.384307536612139984e+02,8.384530978395580405e+02,8.384757769853155196e+02,8.384987966791478584e+02,8.385221626638232237e+02,8.385458808415924068e+02,8.385699572707751486e+02,8.385943981614508402e+02,8.386192098701310442e+02,8.386443988932783213e+02,8.386699718595099284e+02,8.386959355203081259e+02,8.387222967390266604e+02,8.387490624779555901e+02,8.387762397831706949e+02,8.388038357668531262e+02,8.388318575867190248e+02,8.388603124221468761e+02,8.388892074465256883e+02,8.389185497952804553e+02,8.389483465289401920e+02,8.389786045905190122e+02,8.390093307563560074e+02,8.390405315794150738e+02,8.390722133238689366e+02,8.391043818895759614e+02,8.391370427248007218e+02,8.391702007252159774e+02,8.392038601168509331e+02,8.392380243202056818e+02,8.392726957922249085e+02,8.393078758421879684e+02,8.393435644167898317e+02,8.393797598486739844e+02,8.394164585612580822e+02,8.394536547205767647e+02,8.394913398215732059e+02,8.395295021910347941e+02,8.395681263812837187e+02,8.396071924169057183e+02,8.396466748405528051e+02,8.396865414820076694e+02,8.397267518471186349e+02,8.397672549947021707e+02,8.398079867147849882e+02,8.398488657277263201e+02,8.398897884664669391e+02,8.399306217492975293e+02,8.399711922708112297e+02,8.400112714006957049e+02,8.400505537666205100e+02,8.400886308353753975e+02,8.401249776236170419e+02,8.401609454263891621e+02,8.402047462386258303e+02,8.402559930390669933e+02,8.403150774988945386e+02,8.403826866725668197e+02,8.404596528794701271e+02,8.405469301736272882e+02,8.406455958865170714e+02,8.407568420738253963e+02,8.408819481958248616e+02,8.410222301751314262e+02,8.411789629099077956e+02,8.413532849686891950e+02,8.415460956435698563e+02,8.417578795969417342e+02,8.419882393120775532e+02,8.422349473316388639e+02,8.424928158094534183e+02,8.427533491355053457e+02,8.430074791066397211e+02,8.432620327868210097e+02,8.435230216840885760e+02,8.437940118599965444e+02,8.440767786865532116e+02,8.443716778587316867e+02,8.446787555418795819e+02,8.449975810801265652e+02,8.453276132717303426e+02,8.456681613566454416e+02,8.460185235119495246e+02,8.463779702013420092e+02,8.467457914011708908e+02,8.471212897591506135e+02,8.475037984137632066e+02,8.478926795438557065e+02,8.482873315940806833e+02,8.486871890137434775e+02,8.490917247531480143e+02,8.495004497593438373e+02,8.499129133176309097e+02,8.503287022018602102e+02,8.507474400681079487e+02,8.511687863512684089e+02,8.515924351829952457e+02,8.520181140473576988e+02,8.524455823546103375e+02,8.528746298220951303e+02,8.533050747296252894e+02,8.537367620146674199e+02,8.541695612463572616e+02,8.546033644834958523e+02,8.550380840546168884e+02,8.554736502868983052e+02,8.559100092261954842e+02,8.563471203858634908e+02,8.567849545695067945e+02,8.572234918078308965e+02,8.576627194451186824e+02,8.581026303876317343e+02,8.585432214991761839e+02,8.589844921913344251e+02,8.594264450137078484e+02,8.598690793933891428e+02,8.603123931881615363e+02,8.607563824871173210e+02,8.612010412293077479e+02,8.616463608793067124e+02,8.620923302360768048e+02,8.625389353846223912e+02,8.629861597731274969e+02,8.634339843942206016e+02,8.638823880499003280e+02,8.643313476804898983e+02,8.647808387397446950e+02,8.652308355987975119e+02,8.656813119637629370e+02,8.661322412929586108e+02,8.665835972022682654e+02,8.670353538486793923e+02,8.674874862846382939e+02,8.679399707774034596e+02,8.683927850899440273e+02,8.688459087212586383e+02,8.692993231059415393e+02,8.697530117738041326e+02,8.702069604718196842e+02,8.706611572512398425e+02,8.711155925237007978e+02,8.715702590903363216e+02,8.720251521484508430e+02,8.724802692801903277e+02,8.729356104278425619e+02,8.733911778600485150e+02,8.738469761331663221e+02,8.743030120515243198e+02,8.747592946301147094e+02,8.752158350626922356e+02,8.756726466979796442e+02,8.761297450260631194e+02,8.765871476767583772e+02,8.770448744311073597e+02,8.775029472468436325e+02,8.779613902980428293e+02,8.784202300288351353e+02,8.788794952204283391e+02,8.793392170703217516e+02,8.797994292819354314e+02,8.802601681624746561e+02,8.807214727261459757e+02,8.811833847993822246e+02,8.816459491239780846e+02,8.821092134535033438e+02,8.825732286375434796e+02,8.830380486877069188e+02,8.835037308184306539e+02,8.839703354549276355e+02,8.844379261996045898e+02,8.849065697474778744e+02,8.853763357399730012e+02,8.858472965455374606e+02,8.863195269541844254e+02,8.867931037719332608e+02,8.872681052995991422e+02,8.877446106790308704e+02,8.882226990882230666e+02,8.887024487653175129e+02,8.891839358399511184e+02,8.896672329494462019e+02,8.901524076167453359e+02,8.906395203677852805e+02,8.911286225683733164e+02,8.916197539660852271e+02,8.921129399321249593e+02,8.926081884139629210e+02,8.931054866335654197e+02,8.936047976026077322e+02,8.941060565769300865e+02,8.946091676466410263e+02,8.951140007535058203e+02,8.956203895650094182e+02,8.961281307929057220e+02,8.966369857808271036e+02,8.971466854009462395e+02,8.976569396666725424e+02,8.981674536482939857e+02,8.986779519109337571e+02,8.991882139440180026e+02,8.996981254240680528e+02,9.002077528513243578e+02,9.007174591541245263e+02,9.012280872648688046e+02,9.017412449877077734e+02,9.022596558374710867e+02,9.027871301794879173e+02,9.033262513394531652e+02,9.038664512144656555e+02,9.043528187895326482e+02,9.047294484529353440e+02,9.055425672734700129e+02,9.151551306978415141e+02,9.327312854893585836e+02
8.375094866130543778e+02,8.375094866097849717e+02,8.375097508992836310e+02,8.375102794030847235e+02,8.375110719648342865e+02,8.375121283514844208e+02,8.375134482550597568e+02,8.375150312949668887e+02,8.375168770208093747e+02,8.375189849156627133e+02,8.375213543997596162e+02,8.375239848345312339e+02,8.375268755269460144e+02,8.375300257340886674e+02,8.375334346679221653e+02,8.375371015001740034e+02,8.375410253672970384e+02,8.375452053754521557e+02,8.375496406054708132e+02,8.375543301177573312e+02,8.375592729570963684e+02,8.375644681573400021e+02,8.375699147459504275e+02,8.375756117483831531e+02,8.375815581922989850e+02,8.375877531115996817e+02,8.375941955502842120e+02,8.376008845661284568e+02,8.376078192341943804e+02,8.376149986501751528e+02,8.376224219335880434e+02,8.376300882308263454e+02,8.376379967180831727e+02,8.376461466041613448e+02,8.376545371331826573e+02,8.376631675872118876e+02,8.376720372888074735e+02,8.376811456035137553e+02,8.376904919423051297e+02,8.377000757639965514e+02,8.377098965776276600e+02,8.377199539448325822e+02,8.377302474822030263e+02,8.377407768636517176e+02,8.377515418227833379e+02,8.377625421552776288e+02,8.377737777212896617e+02,8.377852484478705719e+02,8.377969543314106886e+02,8.378088954401091542e+02,8.378210719164673037e+02,8.378334839798112625e+02,8.378461319288383038e+02,8.378590161441914006e+02,8.378721370910564019e+02,8.378854953217839920e+02,8.378990914785313180e+02,8.379129262959228299e+02,8.379270006037273788e+02,8.379413153295481607e+02,8.379558715015214148e+02,8.379706702510220566e+02,8.379857128153712438e+02,8.380010005405401898e+02,8.380165348838488626e+02,8.380323174166511535e+02,8.380483498270031077e+02,8.380646339223079622e+02,8.380811716319306015e+02,8.380979650097759759e+02,8.381150162368230667e+02,8.381323276236059883e+02,8.381499016126325614e+02,8.381677407807328564e+02,8.381858478413224702e+02,8.382042256465723540e+02,8.382228771894689316e+02,8.382418056057499598e+02,8.382610141757008932e+02,8.382805063257904976e+02,8.383002856301271777e+02,8.383203558117107832e+02,8.383407207434563588e+02,8.383613844489577787e+02,8.383823511029615929e+02,8.384036250315120924e+02,8.384252107117293917e+02,8.384471127711714189e+02,8.384693359867319487e+02,8.384918852830127207e+02,8.385147657301079107e+02,8.385379825407236467e+02,8.385615410665520812e+02,8.385854467938030439e+02,8.386097053377856128e+02,8.386343224364188700e+02,8.386593039425285951e+02,8.386846558147728956e+02,8.387103841070102135e+02,8.387364949559017759e+02,8.387629945665049718e+02,8.387898891955834415e+02,8.388171851323124883e+02,8.388448886760193091e+02,8.388730061105374034e+02,8.389015436746972227e+02,8.389305075284005397e+02,8.389599037136437119e+02,8.389897381097543985e+02,8.390200163819877162e+02,8.390507439224817290e+02,8.390819257823986845e+02,8.391135665938612647e+02,8.391456704800306170e+02,8.391782409513564289e+02,8.392112807856424297e+02,8.392447918891149357e+02,8.392787751351451107e+02,8.393132301766564751e+02,8.393481552275325157e+02,8.393835468075220660e+02,8.394193994441401401e+02,8.394557053237606397e+02,8.394924538821508122e+02,8.395296313216048247e+02,8.395672200364554101e+02,8.396051979197693527e+02,8.396435375102322496e+02,8.396822049191391670e+02,8.397211584515500817e+02,8.397603468058443923e+02,8.397997067291720441e+02,8.398391599722992851e+02,8.398786093247274493e+02,8.399179333933074076e+02,8.399569795495444851e+02,8.399955539575335024e+02,8.400334064798815916e+02,8.400702059895454568e+02,8.401054991972381458e+02,8.401386656634464316e+02,8.401761462581797559e+02,8.402205349406358437e+02,8.402723252634866640e+02,8.403322982905854133e+02,8.404013596598091453e+02,8.404805265753363983e+02,8.405709500825536225e+02,8.406739282311439183e+02,8.407908994964394651e+02,8.409234141434568528e+02,8.410730828085675057e+02,8.412415114134470286e+02,8.414302430004713642e+02,8.416406819726530557e+02,8.418738028539667084e+02,8.421292831343530452e+02,8.424039966491188807e+02,8.426905541193488034e+02,8.429768360197654147e+02,8.432498149799449720e+02,8.435238417519287850e+02,8.438025936357526007e+02,8.440907263243776697e+02,8.443899508061017514e+02,8.447009739312580905e+02,8.450235295504197666e+02,8.453571872294071454e+02,8.457012465153397898e+02,8.460549979633799467e+02,8.464176807982584023e+02,8.467885696019235411e+02,8.471669529269036047e+02,8.475521606403001442e+02,8.479435546928784788e+02,8.483405384497706336e+02,8.487425530437153611e+02,8.491490802839635990e+02,8.495596407033890500e+02,8.499737938718312762e+02,8.503911369012042769e+02,8.508113037496332254e+02,8.512339638421252630e+02,8.516588209367038189e+02,8.520856116766169635e+02,8.525141041490794578e+02,8.529440962370847501e+02,8.533754138782329619e+02,8.538079091592404666e+02,8.542414583000861512e+02,8.546759595215031595e+02,8.551113308381821980e+02,8.555475078023359856e+02,8.559844412400152578e+02,8.564220950178881822e+02,8.568604438826738487e+02,8.572994714129649765e+02,8.577391681166867556e+02,8.581795296904269890e+02,8.586205554171840504e+02,8.590622466405181967e+02,8.595046052959818326e+02,8.599476331388029848e+02,8.603913292549564176e+02,8.608356904515576389e+02,8.612807111521967727e+02,8.617263831826842306e+02,8.621726956011383436e+02,8.626196346567268165e+02,8.630671838799047464e+02,8.635153242844515944e+02,8.639640346549020933e+02,8.644132918974648874e+02,8.648630714341513794e+02,8.653133476231546410e+02,8.657640941894981097e+02,8.662152846526494159e+02,8.666668927391255011e+02,8.671188927708741403e+02,8.675712600217830186e+02,8.680239710372636637e+02,8.684770039133238697e+02,8.689303385337520922e+02,8.693839567651912148e+02,8.698378426115993989e+02,8.702919823303432167e+02,8.707463645133701675e+02,8.712009801372456650e+02,8.716558225865643408e+02,8.721108876552237916e+02,8.725661735303810929e+02,8.730216807636206795e+02,8.734774122338999405e+02,8.739333731063662754e+02,8.743895707909915700e+02,8.748460149043888805e+02,8.753027172379255489e+02,8.757596917346239707e+02,8.762169544770339371e+02,8.766745236876358831e+02,8.771324197430055847e+02,8.775906652023442120e+02,8.780492848506455630e+02,8.785083057561387250e+02,8.789677573412915308e+02,8.794276714660118159e+02,8.798880825212925174e+02,8.803490275308573700e+02,8.808105462579150071e+02,8.812726813133848509e+02,8.817354782614214628e+02,8.821989857172428628e+02,8.826632554316311143e+02,8.831283423555422587e+02,8.835943046775047378e+02,8.840612038254142817e+02,8.845291044234215860e+02,8.849980741933630952e+02,8.854681837890768747e+02,8.859395065504988906e+02,8.864121181631006721e+02,8.868860962065799640e+02,8.873615195752156524e+02,8.878384677505647460e+02,8.883170199057726677e+02,8.887972538193990886e+02,8.892792445760740065e+02,8.897630630314239397e+02,8.902487740206307762e+02,8.907364342940232973e+02,8.912260901709801146e+02,8.917177749160558733e+02,8.922115058613894689e+02,8.927072813288760926e+02,8.932050774484786189e+02,8.937048450280032057e+02,8.942065067105133949e+02,8.947099547607906516e+02,8.952150499589444053e+02,8.957216222470648290e+02,8.962294739805761310e+02,8.967383868688860957e+02,8.972481339523542374e+02,8.977584982065687882e+02,8.982692995889838130e+02,8.987804324011126482e+02,8.992919149352800332e+02,8.998039532957454867e+02,9.003170230225080104e+02,9.008319752283370008e+02,9.013501877717546904e+02,9.018737914176087997e+02,9.024060150432324008e+02,9.029514730850211208e+02,9.035154063446199189e+02,9.040970813792646368e+02,9.046652136333443650e+02,9.051125875083889696e+02,9.054048757304822175e+02,9.065183314917373991e+02,9.156693868913278038e+02,9.320291956716577033e+02
8.375344563029833580e+02,8.375344562997764797e+02,8.375347249355991153e+02,8.375352621334864125e+02,8.375360677400310578e+02,8.375371415264654615e+02,8.375384831902630367e+02,8.375400923572353804e+02,8.375419685840914781e+02,8.375441113614219830e+02,8.375465201170652563e+02,8.375491942198083279e+02,8.375521329833733262e+02,8.375553356706395789e+02,8.375588014980497746e+02,8.375625296401532296e+02,8.375665192342365799e+02,8.375707693850008582e+02,8.375752791692430037e+02,8.375800476405072459e+02,8.375850738336749828e+02,8.375903567694673484e+02,8.375958954588385268e+02,8.376016889072453750e+02,8.376077361187783481e+02,8.376140361001498604e+02,8.376205878645328085e+02,8.376273904352523232e+02,8.376344428493307532e+02,8.376417441608926993e+02,8.376492934444366938e+02,8.376570897979829624e+02,8.376651323461063612e+02,8.376734202428664275e+02,8.376819526746448901e+02,8.376907288629025743e+02,8.376997480668659364e+02,8.377090095861562986e+02,8.377185127633692900e+02,8.377282569866166568e+02,8.377382416920382866e+02,8.377484663662917228e+02,8.377589305490290599e+02,8.377696338353645160e+02,8.377805758783400734e+02,8.377917563913932781e+02,8.378031751508309526e+02,8.378148319983113197e+02,8.378267268433377239e+02,8.378388596657640619e+02,8.378512305183138551e+02,8.378638395291130792e+02,8.378766869042343615e+02,8.378897729302555035e+02,8.379030979768264160e+02,8.379166624992462857e+02,8.379304670410461995e+02,8.379445122365764291e+02,8.379587988135933756e+02,8.379733275958449212e+02,8.379880995056480515e+02,8.380031155664570406e+02,8.380183769054156073e+02,8.380338847558891757e+02,8.380496404599721245e+02,8.380656454709630907e+02,8.380819013558037796e+02,8.380984097974728684e+02,8.381151725973280691e+02,8.381321916773889598e+02,8.381494690825510361e+02,8.381670069827213183e+02,8.381848076748651692e+02,8.382028735849522718e+02,8.382212072697897156e+02,8.382398114187262763e+02,8.382586888552143591e+02,8.382778425382103933e+02,8.382972755633941233e+02,8.383169911641876979e+02,8.383369927125474987e+02,8.383572837195035845e+02,8.383778678354174190e+02,8.383987488499235496e+02,8.384199306915186298e+02,8.384414174267564022e+02,8.384632132590018045e+02,8.384853225266930394e+02,8.385077497010516936e+02,8.385304993831773572e+02,8.385535763004503451e+02,8.385769853021623703e+02,8.386007313542779684e+02,8.386248195332224213e+02,8.386492550185743085e+02,8.386740430845241008e+02,8.386991890899431610e+02,8.387246984668827281e+02,8.387505767072963181e+02,8.387768293477514590e+02,8.388034619518591626e+02,8.388304800901125873e+02,8.388578893167787101e+02,8.388856951434374878e+02,8.389139030087026185e+02,8.389425182435899160e+02,8.389715460319208660e+02,8.390009913650554836e+02,8.390308589901383129e+02,8.390611533509082847e+02,8.390918785199605736e+02,8.391230381211481699e+02,8.391546352405644029e+02,8.391866723242457056e+02,8.392191510603613551e+02,8.392520722432093407e+02,8.392854356158102291e+02,8.393192396872733525e+02,8.393534815204263850e+02,8.393881564844500645e+02,8.394232579664776495e+02,8.394587770353200540e+02,8.394947020496075538e+02,8.395310182014338807e+02,8.395677069847190523e+02,8.396047455732121989e+02,8.396421060843949817e+02,8.396797546904293768e+02,8.397176505154860706e+02,8.397557442255667866e+02,8.397939761766693891e+02,8.398322740316943964e+02,8.398705497671296598e+02,8.399086960221668505e+02,8.399465818414436171e+02,8.399840481572883846e+02,8.400209042950423282e+02,8.400569301788941630e+02,8.400919024716050671e+02,8.401257245017400237e+02,8.401590649509646482e+02,8.401985729961501193e+02,8.402451145559480210e+02,8.402994400209038304e+02,8.403625198693745233e+02,8.404354460262534303e+02,8.405194465449624204e+02,8.406159115928367100e+02,8.407264051998160994e+02,8.408526583047714666e+02,8.409965435208875988e+02,8.411600407027260644e+02,8.413452165070909814e+02,8.415542211718355929e+02,8.417891666277205331e+02,8.420515026780120706e+02,8.423405055996909141e+02,8.426510461546949955e+02,8.429704892619131442e+02,8.432708910779203961e+02,8.435601042852844103e+02,8.438481082931051560e+02,8.441432412624114932e+02,8.444477315776206297e+02,8.447632360313596109e+02,8.450897538476632462e+02,8.454270206299557913e+02,8.457743535366311107e+02,8.461310902181672873e+02,8.464964763616170558e+02,8.468698063832302978e+02,8.472503782568429642e+02,8.476375395915887339e+02,8.480306680574185521e+02,8.484291859349336846e+02,8.488325519928588392e+02,8.492402660269807484e+02,8.496518652645322618e+02,8.500669253022757630e+02,8.504850580635004462e+02,8.509059113775060723e+02,8.513291674507513562e+02,8.517545418823535783e+02,8.521817822059549599e+02,8.526106665408983645e+02,8.530410019695664232e+02,8.534726228528949150e+02,8.539053889506034238e+02,8.543391834395664546e+02,8.547739108016248792e+02,8.552094946409405338e+02,8.556458754469774703e+02,8.560830083539240150e+02,8.565208609290149298e+02,8.569594110343679176e+02,8.573986447957166774e+02,8.578385547119213470e+02,8.582791379244681593e+02,8.587203946497622837e+02,8.591623267460521447e+02,8.596049363702226174e+02,8.600482247253551122e+02,8.604921911870119402e+02,8.609368322442553563e+02,8.613821415991848198e+02,8.618281101621083735e+02,8.622747260145762311e+02,8.627219744193954512e+02,8.631698379325205224e+02,8.636182966234608784e+02,8.640673283833538108e+02,8.645169092956625718e+02,8.649670140473608626e+02,8.654176163618260489e+02,8.658686894380495005e+02,8.663202063825597179e+02,8.667721406231618175e+02,8.672244662952034560e+02,8.676771585937426607e+02,8.681301940865788538e+02,8.685835509855071450e+02,8.690372093744703079e+02,8.694911513952200721e+02,8.699453613920163662e+02,8.703998260182961531e+02,8.708545343087350830e+02,8.713094777210186521e+02,8.717646501517385786e+02,8.722200479312883772e+02,8.726756698024220213e+02,8.731315168872633876e+02,8.735875926471245521e+02,8.740439028393949457e+02,8.745004554751988053e+02,8.749572607812905289e+02,8.754143311690385190e+02,8.758716812130472817e+02,8.763293276413381818e+02,8.767872893386863780e+02,8.772455873640834625e+02,8.777042449829632460e+02,8.781632877142100142e+02,8.786227433916182008e+02,8.790826422388472565e+02,8.795430169565322558e+02,8.800039028195560604e+02,8.804653377820467313e+02,8.809273625869502666e+02,8.813900208765038542e+02,8.818533592991318528e+02,8.823174276076480282e+02,8.827822787427215872e+02,8.832479688947826162e+02,8.837145575364564820e+02,8.841821074166484777e+02,8.846506845061228432e+02,8.851203578832277117e+02,8.855911995469209614e+02,8.860632841428331403e+02,8.865366885864141295e+02,8.870114915656624817e+02,8.874877729042315195e+02,8.879656127643705759e+02,8.884450906679867330e+02,8.889262843138241124e+02,8.894092681693937266e+02,8.898941118188570272e+02,8.903808780530741842e+02,8.908696206969480045e+02,8.913603821832311951e+02,8.918531909032649310e+02,8.923480583958432817e+02,8.928449764783032379e+02,8.933439144823369134e+02,8.938448168333485455e+02,8.943476013106144364e+02,8.948521584450633100e+02,8.953583526563745636e+02,8.958660258887886130e+02,8.963750046804831300e+02,8.968851117516835529e+02,8.973961833396720067e+02,8.979080935207383618e+02,8.984207867269525423e+02,8.989343192286542035e+02,8.994489099348058971e+02,8.999649994355127092e+02,9.004833159364836774e+02,9.010049447502700559e+02,9.015314044117496906e+02,9.020647351476724225e+02,9.026076358318588291e+02,9.031636261407363691e+02,9.037369686010547412e+02,9.043303956969531328e+02,9.049342779752495289e+02,9.054942108857047742e+02,9.058870350694736544e+02,9.061601709234869304e+02,9.075134849487340034e+02,9.161975173156037044e+02,9.312888988172254585e+02
8.375593462877942557e+02,8.375593462846281909e+02,8.375596193237154239e+02,8.375601653290704007e+02,8.375609841491985890e+02,8.375620755580819150e+02,8.375634392566410042e+02,8.375650748746498948e+02,8.375669819730784411e+02,8.375691600468273919e+02,8.375716085278219225e+02,8.375743267884209899e+02,8.375773141451005586e+02,8.375805698623690887e+02,8.375840931568670840e+02,8.375878832016118167e+02,8.375919391303442580e+02,8.375962600419373985e+02,8.376008450048339000e+02,8.376056930614769271e+02,8.376108032327085766e+02,8.376161745221082811e+02,8.376218059202552695e+02,8.376276964088938257e+02,8.376338449649933864e+02,8.376402505646913141e+02,8.376469121871160723e+02,8.376538288180868221e+02,8.376609994536900103e+02,8.376684231037368136e+02,8.376760987951049628e+02,8.376840255749723383e+02,8.376922025139485868e+02,8.377006287091137438e+02,8.377093032869720446e+02,8.377182254063311575e+02,8.377273942611137727e+02,8.377368090831126892e+02,8.377464691446954248e+02,8.377563737614691490e+02,8.377665222949109420e+02,8.377769141549709957e+02,8.377875488026548965e+02,8.377984257525910152e+02,8.378095445755852779e+02,8.378209049011694560e+02,8.378325064201451369e+02,8.378443488871249656e+02,8.378564321230740006e+02,8.378687560178515241e+02,8.378813205327534206e+02,8.378941257030559200e+02,8.379071716405587722e+02,8.379204585361272848e+02,8.379339866622312911e+02,8.379477563754791163e+02,8.379617681191439260e+02,8.379760224256783658e+02,8.379905199192162399e+02,8.380052613180550907e+02,8.380202474371174048e+02,8.380354791903840805e+02,8.380509575932970847e+02,8.380666837651237984e+02,8.380826589312781607e+02,8.380988844255928143e+02,8.381153616925336109e+02,8.381320922893495435e+02,8.381490778881504866e+02,8.381663202779021731e+02,8.381838213663296528e+02,8.382015831817172966e+02,8.382196078745948853e+02,8.382378977192939828e+02,8.382564551153629964e+02,8.382752825888229609e+02,8.382943827932458589e+02,8.383137585106389906e+02,8.383334126521085636e+02,8.383533482582841998e+02,8.383735684994718440e+02,8.383940766755099503e+02,8.384148762152929066e+02,8.384359706759255459e+02,8.384573637414681571e+02,8.384790592212249294e+02,8.385010610475248995e+02,8.385233732729385565e+02,8.385460000668647353e+02,8.385689457114156085e+02,8.385922145965197387e+02,8.386158112141506535e+02,8.386397401515778256e+02,8.386640060835247823e+02,8.386886137630991698e+02,8.387135680113475473e+02,8.387388737052591523e+02,8.387645357640267321e+02,8.387905591333361599e+02,8.388169487674305174e+02,8.388437096086529436e+02,8.388708465641325347e+02,8.388983644792286896e+02,8.389262681072931400e+02,8.389545620752481909e+02,8.389832508444077348e+02,8.390123386658831350e+02,8.390418295298194380e+02,8.390717271075920962e+02,8.391020346859487518e+02,8.391327550919110081e+02,8.391638906070298844e+02,8.391954428693210275e+02,8.392274127608658318e+02,8.392598002786519373e+02,8.392926043857187324e+02,8.393258228390826616e+02,8.393594519902292177e+02,8.393934865532105505e+02,8.394279193346108059e+02,8.394627409189106402e+02,8.394979393022450722e+02,8.395334994673688698e+02,8.395694028927242698e+02,8.396056269893211947e+02,8.396421444578213595e+02,8.396789225517441082e+02,8.397159222170540716e+02,8.397530970535271990e+02,8.397903919906161718e+02,8.398277414783242421e+02,8.398650671313947669e+02,8.399022747863937184e+02,8.399392509867556100e+02,8.399758590701349021e+02,8.400119355690291059e+02,8.400472899164069531e+02,8.400817218517877336e+02,8.401151298744039195e+02,8.401481003535191121e+02,8.401851608672305929e+02,8.402284869812506258e+02,8.402790741106394989e+02,8.403379912317446951e+02,8.404064293271110273e+02,8.404857049808762213e+02,8.405772979013972872e+02,8.406828784224977653e+02,8.408043198804648455e+02,8.409436974044492672e+02,8.411032816879272787e+02,8.412855484988700709e+02,8.414932167460425489e+02,8.417292303534252369e+02,8.419963643846983814e+02,8.422959415039375699e+02,8.426252819875588784e+02,8.429726030223193902e+02,8.432992204034270571e+02,8.436077102319607093e+02,8.439075655859713834e+02,8.442088025697871672e+02,8.445173160049246235e+02,8.448363836997164071e+02,8.451660753999068447e+02,8.455062601791604493e+02,8.458562031978703999e+02,8.462152620245096841e+02,8.465826811410054233e+02,8.469577890117593597e+02,8.473399033302509906e+02,8.477283993123851360e+02,8.481226750143332538e+02,8.485221750178626507e+02,8.489263767006162880e+02,8.493347979737578726e+02,8.497469916728704220e+02,8.501625478187334011e+02,8.505810910069567399e+02,8.510022806145206005e+02,8.514258091742694887e+02,8.518514017036919768e+02,8.522788142741858337e+02,8.527078328214365683e+02,8.531382715629191580e+02,8.535699713892976206e+02,8.540027980088259483e+02,8.544366399967409507e+02,8.548714066930907620e+02,8.553070260315421365e+02,8.557434423080276247e+02,8.561806139478414934e+02,8.566185113023058193e+02,8.570571145202917478e+02,8.574964115268932119e+02,8.579363961404546899e+02,8.583770663490608968e+02,8.588184227576327885e+02,8.592604672037952014e+02,8.597032015269898011e+02,8.601466264752275492e+02,8.605907407683188239e+02,8.610355404584154257e+02,8.614810184863381437e+02,8.619271647595423929e+02,8.623739662474362149e+02,8.628214070902281492e+02,8.632694687611442532e+02,8.637181303097177079e+02,8.641673686844949316e+02,8.646171591176931770e+02,8.650674755483462377e+02,8.655182910643908372e+02,8.659695783468081345e+02,8.664213101029918107e+02,8.668734594782991962e+02,8.673260004376573988e+02,8.677789081106481035e+02,8.682321590960661979e+02,8.686857317233682352e+02,8.691396062705824761e+02,8.695937651393251144e+02,8.700481929891906248e+02,8.705028768344259333e+02,8.709578061068807528e+02,8.714129726894548185e+02,8.718683709248678042e+02,8.723239976044591231e+02,8.727798519419555987e+02,8.732359355367710805e+02,8.736922523313673992e+02,8.741488085666761663e+02,8.746056127393799215e+02,8.750626755642429089e+02,8.755200099443952695e+02,8.759776309518471180e+02,8.764355558201807526e+02,8.768938039507542044e+02,8.773523969334114554e+02,8.778113585820844946e+02,8.782707149853318924e+02,8.787304945712478457e+02,8.791907281858037777e+02,8.796514491830562292e+02,8.801126935252272006e+02,8.805744998899803022e+02,8.810369097817045940e+02,8.814999676428423072e+02,8.819637209606664783e+02,8.824282203640086664e+02,8.828935197036450973e+02,8.833596761089720530e+02,8.838267500126129335e+02,8.842948051333041803e+02,8.847639084061925132e+02,8.852341298481453578e+02,8.857055423442403708e+02,8.861782213398852264e+02,8.866522444214763254e+02,8.871276907668255944e+02,8.876046404453049945e+02,8.880831735465951624e+02,8.885633691167864754e+02,8.890453038814042657e+02,8.895290507377281983e+02,8.900146770039460762e+02,8.905022424216982699e+02,8.909917969223508862e+02,8.914833781879799517e+02,8.919770090670052696e+02,8.924726949444703905e+02,8.929704212196546678e+02,8.934701511121063504e+02,8.939718241013316629e+02,8.944753554073060968e+02,8.949806370330123855e+02,8.954875410150305015e+02,8.959959256432757684e+02,8.965056455109852322e+02,8.970165662880929176e+02,8.975285850793297868e+02,8.980416570103035383e+02,8.985558283557013510e+02,8.990712757773901558e+02,8.995883504315199843e+02,9.001076239480534014e+02,9.006299320419898322e+02,9.011564081722109449e+02,9.016885006326931489e+02,9.022279640666434943e+02,9.027768364463337321e+02,9.033374118625787332e+02,9.039122158279764108e+02,9.045034559624108397e+02,9.051095742916481868e+02,9.057112009047344827e+02,9.062398767398343580e+02,9.065818852315276217e+02,9.068638898161678981e+02,9.084014093130606398e+02,9.166729009511798267e+02,9.306099284962876936e+02
8.375841556795007818e+02,8.375841556763557492e+02,8.375844331740089501e+02,8.375849880969813057e+02,8.375858202947515565e+02,8.375869295426607550e+02,8.375883155432547937e+02,8.375899779280447319e+02,8.375919162596637761e+02,8.375941300343904459e+02,8.375966186850085933e+02,8.375993815839672152e+02,8.376024180468049281e+02,8.376057273358001112e+02,8.376093086638084060e+02,8.376131611982498271e+02,8.376172840652085370e+02,8.376216763536111785e+02,8.376263371194502270e+02,8.376312653900242822e+02,8.376364601681682416e+02,8.376419204364499365e+02,8.376476451613148129e+02,8.376536332971627417e+02,8.376598837903428603e+02,8.376663955830586019e+02,8.376731676171764320e+02,8.376801988379329487e+02,8.376874881975408016e+02,8.376950346586936575e+02,8.377028371979723715e+02,8.377108948091564571e+02,8.377192065064461985e+02,8.377277713276015447e+02,8.377365883370030133e+02,8.377456566286439283e+02,8.377549753290578565e+02,8.377645436001911321e+02,8.377743606422252469e+02,8.377844256963558109e+02,8.377947380475350201e+02,8.378052970271814957e+02,8.378161020158635210e+02,8.378271524459599959e+02,8.378384478043009267e+02,8.378499876347930240e+02,8.378617715410302935e+02,8.378737991888931447e+02,8.378860703091355617e+02,8.378985846999622709e+02,8.379113422295949931e+02,8.379243428388263055e+02,8.379375865435627020e+02,8.379510734373520791e+02,8.379648036938956466e+02,8.379787775695413075e+02,8.379929954057549821e+02,8.380074576315674904e+02,8.380221647659919881e+02,8.380371174204093450e+02,8.380523163009152086e+02,8.380677622106248918e+02,8.380834560519298293e+02,8.380993988287002594e+02,8.381155916484267436e+02,8.381320357242939281e+02,8.381487323771789306e+02,8.381656830375651452e+02,8.381828892473635051e+02,8.382003526616292675e+02,8.382180750501649982e+02,8.382360582989973636e+02,8.382543044117127238e+02,8.382728155106399299e+02,8.382915938378617966e+02,8.383106417560383079e+02,8.383299617490222317e+02,8.383495564222462235e+02,8.383694285028550439e+02,8.383895808395601534e+02,8.384100164021839419e+02,8.384307382808623288e+02,8.384517496848707196e+02,8.384730539410310257e+02,8.384946544916556377e+02,8.385165548919796947e+02,8.385387588070238962e+02,8.385612700078270336e+02,8.385840923669785525e+02,8.386072298533731555e+02,8.386306865260994527e+02,8.386544665273662531e+02,8.386785740743529232e+02,8.387030134498614871e+02,8.387277889916272215e+02,8.387529050801252879e+02,8.387783661246925249e+02,8.388041765477521494e+02,8.388303407669030776e+02,8.388568631745997664e+02,8.388837481151094835e+02,8.389109998583909373e+02,8.389386225704865865e+02,8.389666202799650137e+02,8.389949968398882447e+02,8.390237558847035189e+02,8.390529007813780709e+02,8.390824345739956698e+02,8.391123599209161057e+02,8.391426790234576174e+02,8.391733935448771717e+02,8.392045045182027252e+02,8.392360122411793100e+02,8.392679161562288073e+02,8.393002147128700017e+02,8.393329052094906046e+02,8.393659836107091223e+02,8.393994443358071749e+02,8.394332800128927374e+02,8.394674811925791573e+02,8.395020360141684250e+02,8.395369298168900514e+02,8.395721446892370068e+02,8.396076589510199710e+02,8.396434465685049418e+02,8.396794765077802367e+02,8.397157120310722576e+02,8.397521099274204062e+02,8.397886196467594573e+02,8.398251822154082902e+02,8.398617285531936432e+02,8.398981771793688722e+02,8.399344312725260124e+02,8.399703750738812005e+02,8.400058698133713051e+02,8.400407505984939007e+02,8.400748340208734817e+02,8.401079987042614903e+02,8.401407098315414714e+02,8.401771339777909589e+02,8.402188542571863081e+02,8.402672829522965685e+02,8.403236141709874119e+02,8.403891236247974348e+02,8.404652083559656148e+02,8.405534278532470580e+02,8.406555425467989835e+02,8.407735400390846507e+02,8.409096530204674309e+02,8.410663764780990732e+02,8.412465001059176757e+02,8.414531668226678676e+02,8.416898994771377147e+02,8.419603497382254318e+02,8.422672720033394853e+02,8.426100076642846943e+02,8.429781155351128064e+02,8.433264356285340000e+02,8.436533643282349431e+02,8.439667922533222963e+02,8.442761014274893796e+02,8.445887250976667247e+02,8.449099359696256215e+02,8.452414273815713841e+02,8.455835011717718999e+02,8.459352784959392011e+02,8.462960497992785349e+02,8.466649881993758981e+02,8.470414257568642142e+02,8.474246860462129689e+02,8.478141696259179980e+02,8.482092917199256590e+02,8.486095167396930492e+02,8.490143366317915934e+02,8.494232836752096318e+02,8.498359221516047910e+02,8.502518526574574480e+02,8.506707086361000165e+02,8.510921575051955870e+02,8.515158988318380580e+02,8.519416640869015964e+02,8.523692151905918308e+02,8.527983435089755631e+02,8.532288682735666043e+02,8.536606350420632907e+02,8.540935138357527876e+02,8.545273972036819714e+02,8.549621981052177944e+02,8.553978477334640047e+02,8.558342932693509511e+02,8.562714956419049486e+02,8.567094273177034438e+02,8.571480701718999171e+02,8.575874134682056820e+02,8.580274519819737407e+02,8.584681842845960773e+02,8.589096112051586260e+02,8.593517344733787695e+02,8.597945555446232220e+02,8.602380746026925635e+02,8.606822897421251355e+02,8.611271963471253912e+02,8.615727867301013703e+02,8.620190500078799687e+02,8.624659722473031707e+02,8.629135366579132551e+02,8.633617238174837212e+02,8.638105119490052175e+02,8.642598772599681070e+02,8.647097943358641032e+02,8.651602365702765383e+02,8.656111766117064690e+02,8.660625868101061542e+02,8.665144396492723899e+02,8.669667081548225269e+02,8.674193662695822695e+02,8.678723891908834958e+02,8.683257536658420577e+02,8.687794382429573261e+02,8.692334234796329611e+02,8.696876921070255548e+02,8.701422291544606651e+02,8.705970220369243862e+02,8.710520606095270750e+02,8.715073371935970954e+02,8.719628465790656264e+02,8.724185860081507826e+02,8.728745551450539324e+02,8.733307560364258961e+02,8.737871930668717368e+02,8.742438729136072197e+02,8.747008045037882766e+02,8.751579989777694664e+02,8.756154696609200982e+02,8.760732320463079077e+02,8.765313037899441042e+02,8.769897047199415283e+02,8.774484568603436401e+02,8.779075844700297466e+02,8.783671140965145696e+02,8.788270746440946368e+02,8.792874974551837113e+02,8.797484164032695162e+02,8.802098679952691782e+02,8.806718914805625218e+02,8.811345289632392905e+02,8.815978255134815527e+02,8.820618292731159045e+02,8.825265915495947411e+02,8.829921668915984583e+02,8.834586131384648979e+02,8.839259914343632545e+02,8.843943661969071854e+02,8.848638050283782377e+02,8.853343785562857420e+02,8.858061601882890272e+02,8.862792257649706471e+02,8.867536530923129021e+02,8.872295213344734748e+02,8.877069102464608932e+02,8.881858992262025367e+02,8.886665661663639639e+02,8.891489860890006867e+02,8.896332295511260781e+02,8.901193608178107297e+02,8.906074358123591992e+02,8.910974998721279690e+02,8.915895853650029039e+02,8.920837092573901828e+02,8.925798707713324802e+02,8.930780493274596665e+02,8.935782030426455549e+02,8.940802681352060972e+02,8.945841596839982230e+02,8.950897742823234466e+02,8.955969952147746653e+02,8.961057008412252571e+02,8.966157768818915201e+02,8.971271332096278002e+02,8.976397255622863440e+02,8.981535821909343440e+02,8.986688349153768058e+02,8.991857531580471914e+02,8.997047785505211550e+02,9.002265560632019969e+02,9.007519562674183362e+02,9.012820804241817996e+02,9.018182392884111778e+02,9.023618926963736158e+02,9.029145464416271807e+02,9.034776106994717111e+02,9.040522733856948889e+02,9.046393503385813801e+02,9.052385260017072142e+02,9.058438541378171749e+02,9.064282766884975899e+02,9.069165565993122300e+02,9.072129543714715965e+02,9.075106776718936317e+02,9.091873377484425873e+02,9.170941384859855816e+02,9.300027867561072981e+02
8.376088834994304761e+02,8.376088834962886267e+02,8.376091655066310295e+02,8.376097294550530705e+02,8.376105751911487687e+02,8.376117024903464880e+02,8.376131110551492611e+02,8.376148005167647170e+02,8.376167704371035825e+02,8.376190203111227675e+02,8.376215495694855235e+02,8.376243575815095710e+02,8.376274436583689749e+02,8.376308070565182788e+02,8.376344469813041087e+02,8.376383625907321857e+02,8.376425529993545069e+02,8.376470172822484983e+02,8.376517544790572174e+02,8.376567635980638897e+02,8.376620436202774727e+02,8.376675935035058274e+02,8.376734121864006966e+02,8.376794985924562980e+02,8.376858516339500511e+02,8.376924702158158880e+02,8.376993532394416206e+02,8.377064996063863873e+02,8.377139082220140835e+02,8.377215779990438023e+02,8.377295078610159180e+02,8.377376967456769989e+02,8.377461436082862747e+02,8.377548474248474122e+02,8.377638071952708287e+02,8.377730219464709762e+02,8.377824907354026891e+02,8.377922126520447819e+02,8.378021868223321462e+02,8.378124124110444200e+02,8.378228886246535012e+02,8.378336147141358197e+02,8.378445899777516388e+02,8.378558137637951404e+02,8.378672854733181339e+02,8.378790045628294365e+02,8.378909705469706068e+02,8.379031830011707598e+02,8.379156415642794400e+02,8.379283459411778949e+02,8.379412959053689747e+02,8.379544913015433849e+02,8.379679320481217246e+02,8.379816181397698074e+02,8.379955496498857883e+02,8.380097267330544355e+02,8.380241496274668407e+02,8.380388186573022722e+02,8.380537342350653489e+02,8.380688968638776259e+02,8.380843071397157473e+02,8.380999657535913911e+02,8.381158734936685732e+02,8.381320312473091008e+02,8.381484400030411734e+02,8.381651008524424924e+02,8.381820149919299183e+02,8.381991837244459020e+02,8.382166084610317967e+02,8.382342907222777058e+02,8.382522321396364759e+02,8.382704344565878500e+02,8.382888995296405028e+02,8.383076293291536558e+02,8.383266259399628098e+02,8.383458915617893581e+02,8.383654285094136185e+02,8.383852392125874076e+02,8.384053262156606934e+02,8.384256921768940174e+02,8.384463398674247401e+02,8.384672721698520945e+02,8.384884920764034177e+02,8.385100026866364260e+02,8.385318072046312636e+02,8.385539089356192335e+02,8.385763112819872731e+02,8.385990177385939432e+02,8.386220318873221231e+02,8.386453573907864438e+02,8.386689979851030330e+02,8.386929574716170919e+02,8.387172397074730270e+02,8.387418485948940088e+02,8.387667880690214588e+02,8.387920620841465507e+02,8.388176745981393196e+02,8.388436295548551698e+02,8.388699308642698043e+02,8.388965823800535873e+02,8.389235878742625800e+02,8.389509510087718809e+02,8.389786753030336968e+02,8.390067640976805023e+02,8.390352205134381620e+02,8.390640474047374937e+02,8.390932473073373785e+02,8.391228223791758865e+02,8.391527743335549303e+02,8.391831043636215099e+02,8.392138130569325085e+02,8.392449002986613777e+02,8.392763651617060532e+02,8.393082057815759072e+02,8.393404192134506729e+02,8.393730012682119650e+02,8.394059463235449812e+02,8.394392471054006819e+02,8.394728944341958368e+02,8.395068769290496675e+02,8.395411806621475534e+02,8.395757887543902598e+02,8.396106809040053349e+02,8.396458328418450492e+02,8.396812157212073089e+02,8.397167954659743145e+02,8.397525321140894903e+02,8.397883791905209137e+02,8.398242831521419021e+02,8.398601828020566700e+02,8.398960078305269690e+02,8.399316766538202046e+02,8.399670935674944303e+02,8.400021453074450619e+02,8.400366979923974213e+02,8.400706017597021855e+02,8.401037534517619179e+02,8.401365458295006192e+02,8.401727245467402554e+02,8.402138621572510147e+02,8.402612594083451540e+02,8.403162333863290314e+02,8.403801044307576831e+02,8.404543148061741249e+02,8.405404791487911780e+02,8.406404266845702296e+02,8.407562347914306429e+02,8.408902586983542733e+02,8.410451651061338225e+02,8.412239800786433079e+02,8.414301550520896171e+02,8.416676041924228002e+02,8.419405227408175278e+02,8.422525597702891673e+02,8.426044981948069790e+02,8.429872732731321321e+02,8.433523165290192765e+02,8.436951074943539197e+02,8.440215452589386587e+02,8.443398750136730087e+02,8.446579012184911335e+02,8.449816264974913338e+02,8.453143391648440002e+02,8.456573326307664047e+02,8.460101734158931777e+02,8.463721375267585927e+02,8.467422498867629201e+02,8.471197787424816852e+02,8.475040123849130396e+02,8.478943581210695584e+02,8.482902384032780674e+02,8.486911322914589846e+02,8.490965410806072668e+02,8.495060071152909131e+02,8.499191018112347820e+02,8.503354327775372212e+02,8.507546390654059678e+02,8.511763934582336333e+02,8.516004002231866252e+02,8.520263953560581740e+02,8.524541449881892277e+02,8.528834445685579340e+02,8.533141172170670643e+02,8.537460122325164775e+02,8.541790031795894720e+02,8.546129859446313048e+02,8.550478765760227589e+02,8.554836090845129775e+02,8.559201331669707997e+02,8.563574119481743310e+02,8.567954197547728654e+02,8.572341399795299139e+02,8.576735630604071048e+02,8.581136846093933173e+02,8.585545037091727636e+02,8.589960213937375784e+02,8.594382393196980274e+02,8.598811586314166107e+02,8.603247790207877870e+02,8.607690979827430056e+02,8.612141102699325756e+02,8.616598075529427661e+02,8.621061783013791455e+02,8.625532078630797059e+02,8.630008786992892738e+02,8.634491706676826652e+02,8.638980613394952570e+02,8.643475263584373351e+02,8.647975398426241327e+02,8.652480748180364571e+02,8.656991036668777042e+02,8.661505985735391278e+02,8.666025319545605043e+02,8.670548768616185953e+02,8.675076073501708152e+02,8.679606988082410908e+02,8.684141282423958046e+02,8.688678745193030863e+02,8.693219185632785866e+02,8.697762435112077810e+02,8.702308348277094865e+02,8.706856803839631311e+02,8.711407705045637613e+02,8.715960979869081484e+02,8.720516580981010293e+02,8.725074485541754257e+02,8.729634694865541178e+02,8.734197234002582491e+02,8.738762151282596733e+02,8.743329517858215922e+02,8.747899427284235117e+02,8.752471995162546818e+02,8.757047358879489138e+02,8.761625677456169115e+02,8.766207131528919945e+02,8.770791923471099381e+02,8.775380277663984998e+02,8.779972440918642178e+02,8.784568683047093600e+02,8.789169297575185738e+02,8.793774602585552884e+02,8.798384941672768491e+02,8.803000684988011244e+02,8.807622230343380352e+02,8.812250004340079386e+02,8.816884463476110341e+02,8.821526095181534401e+02,8.826175418718951278e+02,8.830832985877140118e+02,8.835499381373142569e+02,8.840175222865947262e+02,8.844861160469938568e+02,8.849557875641899045e+02,8.854266079298741943e+02,8.858986509007853556e+02,8.863719925075994297e+02,8.868467105350318889e+02,8.873228838535380874e+02,8.878005915828675825e+02,8.882799120685218668e+02,8.887609216546908328e+02,8.892436932418631841e+02,8.897282946251367548e+02,8.902147866210207212e+02,8.907032210076991987e+02,8.911936383273319962e+02,8.916860656307137560e+02,8.921805142854043424e+02,8.926769780196199235e+02,8.931754314353829614e+02,8.936758292951674321e+02,8.941781069624370275e+02,8.946821824530751428e+02,8.951879606195914221e+02,8.956953400306346111e+02,8.962042230987933635e+02,8.967145299304170294e+02,8.972262161772246145e+02,8.977392948492019968e+02,8.982538615331060328e+02,8.987701217964862508e+02,8.992884186246925537e+02,8.998092567558185237e+02,9.003333194170492106e+02,9.008614718811041939e+02,9.013947443091415153e+02,9.019342855916410144e+02,9.024812770423568509e+02,9.030367987142606125e+02,9.036016459352439369e+02,9.041761343214510589e+02,9.047599601975215364e+02,9.053521246706959573e+02,9.059500284979145590e+02,9.065442034357955663e+02,9.071019491361925020e+02,9.075457740858311126e+02,9.078006335018171740e+02,9.081152174872495380e+02,9.098965406811684034e+02,9.174702251924802567e+02,9.294628216062777710e+02
8.376335286789885686e+02,8.376335286758333041e+02,8.376338152522299652e+02,8.376343883324514081e+02,8.376352477654176027e+02,8.376363933254732501e+02,8.376378247135420452e+02,8.376395415586450781e+02,8.376415434197652985e+02,8.376438297880373511e+02,8.376464000892385684e+02,8.376492536865561078e+02,8.376523898835993123e+02,8.376558079276322815e+02,8.376595070129920941e+02,8.376634862846672149e+02,8.376677448420044811e+02,8.376722817425173844e+02,8.376770960057697266e+02,8.376821866173089575e+02,8.376875525326277057e+02,8.376931926811337235e+02,8.376991059701085760e+02,8.377052912886421154e+02,8.377117475115293246e+02,8.377184735031182754e+02,8.377254681211021534e+02,8.377327302202487544e+02,8.377402586560638156e+02,8.377480522883853382e+02,8.377561099849078801e+02,8.377644306246377255e+02,8.377730131012792754e+02,8.377818563265566354e+02,8.377909592334701756e+02,8.378003207794946547e+02,8.378099399497197055e+02,8.378198157599373417e+02,8.378299472596811484e+02,8.378403335352176100e+02,8.378509737124957155e+02,8.378618669600570001e+02,8.378730124919068203e+02,8.378844095703520907e+02,8.378960575088041196e+02,8.379079556745501804e+02,8.379201034914937054e+02,8.379325004428627608e+02,8.379451460738885089e+02,8.379580399944505871e+02,8.379711818816915638e+02,8.379845714825954701e+02,8.379982086165313149e+02,8.380120931777577198e+02,8.380262251378862857e+02,8.380406045483010757e+02,8.380552315425293273e+02,8.380701063385606631e+02,8.380852292411092321e+02,8.381006006438151417e+02,8.381162210313781316e+02,8.381320909816191715e+02,8.381482111674628186e+02,8.381645823588326039e+02,8.381812054244541059e+02,8.381980813335544553e+02,8.382152111574515629e+02,8.382325960710226127e+02,8.382502373540402232e+02,8.382681363923653635e+02,8.382862946789852003e+02,8.383047138148787099e+02,8.383233955096984573e+02,8.383423415822491052e+02,8.383615539607449136e+02,8.383810346828259981e+02,8.384007858953101504e+02,8.384208098536568059e+02,8.384411089211142780e+02,8.384616855675207034e+02,8.384825423677259550e+02,8.385036819995965516e+02,8.385251072415624094e+02,8.385468209696617805e+02,8.385688261540323083e+02,8.385911258547927218e+02,8.386137232172530958e+02,8.386366214663853498e+02,8.386598239004758852e+02,8.386833338838740701e+02,8.387071548387419853e+02,8.387312902356967470e+02,8.387557435832228521e+02,8.387805184157211897e+02,8.388056182800355600e+02,8.388310467202855989e+02,8.388568072608034072e+02,8.388829033869492378e+02,8.389093385235455571e+02,8.389361160106373063e+02,8.389632390762428713e+02,8.389907108057185496e+02,8.390185341073100744e+02,8.390467116734096180e+02,8.390752459369840608e+02,8.391041390225686882e+02,8.391333926911530625e+02,8.391630082781983901e+02,8.391929866239225930e+02,8.392233279948600284e+02,8.392540319955340919e+02,8.392850974688584529e+02,8.393165223835793540e+02,8.393483037066806673e+02,8.393804372581616917e+02,8.394129175449892273e+02,8.394457375703202615e+02,8.394788886132878361e+02,8.395123599737348741e+02,8.395461386748770565e+02,8.395802091147008923e+02,8.396145526541498612e+02,8.396491471288803723e+02,8.396839662691115791e+02,8.397189790400401534e+02,8.397541489494303732e+02,8.397894334089088488e+02,8.398247832582429737e+02,8.398601426957071681e+02,8.398954496985592186e+02,8.399306348739243049e+02,8.399656195608860116e+02,8.400003135188904935e+02,8.400346134457515745e+02,8.400684095883209466e+02,8.401016454159424711e+02,8.401347161647308894e+02,8.401710180522029532e+02,8.402120236024375117e+02,8.402591166098898157e+02,8.403136093279688339e+02,8.403768333535384727e+02,8.404502329416039856e+02,8.405354455250826504e+02,8.406343441327195478e+02,8.407490718308002897e+02,8.408820765778569921e+02,8.410361537579450442e+02,8.412145003239605785e+02,8.414207808907610797e+02,8.416591584805947832e+02,8.419341419448554689e+02,8.422498975713791651e+02,8.426081589604899591e+02,8.430010716554928649e+02,8.433787148261671973e+02,8.437345780897085206e+02,8.440727226885679784e+02,8.444000303482266645e+02,8.447240551210157946e+02,8.450511257439115980e+02,8.453854277565931170e+02,8.457291617492286377e+02,8.460826448679680425e+02,8.464453877449343508e+02,8.468164201574223853e+02,8.471949150122355832e+02,8.475800742252708915e+02,8.479712767589511486e+02,8.483679346216530348e+02,8.487695336936442345e+02,8.491755799091806693e+02,8.495856226157350193e+02,8.499992373733758768e+02,8.504160365126161878e+02,8.508356626752602097e+02,8.512577925665032126e+02,8.516821340066736639e+02,8.521084267349292531e+02,8.525364405212610563e+02,8.529659745378588696e+02,8.533968555617558422e+02,8.538289365154868165e+02,8.542620944560591170e+02,8.546962286070973960e+02,8.551312581308744711e+02,8.555671198958546029e+02,8.560037661572537218e+02,8.564411622765715038e+02,8.568792844753863847e+02,8.573181176936777774e+02,8.577576535685293493e+02,8.581978885730740103e+02,8.586388223294354702e+02,8.590804561146539982e+02,8.595227915643492906e+02,8.599658295792487479e+02,8.604095694331545019e+02,8.608540080826852545e+02,8.612991396768240975e+02,8.617449552642164008e+02,8.621914426905356095e+02,8.626385866750557625e+02,8.630863690342447399e+02,8.635347690024339045e+02,8.639837635903049886e+02,8.644333279700055073e+02,8.648834358875490125e+02,8.653340600987218068e+02,8.657851728162136169e+02,8.662367461531064237e+02,8.666887525485681181e+02,8.671411651651430930e+02,8.675939582498283471e+02,8.680471074542078895e+02,8.685005901107286945e+02,8.689543854643674194e+02,8.694084748601286492e+02,8.698628418884396751e+02,8.703174724912524880e+02,8.707723550327773410e+02,8.712274803390831721e+02,8.716828417114245440e+02,8.721384349180905247e+02,8.725942581698062668e+02,8.730503120833774346e+02,8.735065996382246567e+02,8.739631261299482503e+02,8.744198991248454149e+02,8.748769284187146695e+02,8.753342260029764930e+02,8.757918060405299912e+02,8.762496848534275387e+02,8.767078809238513486e+02,8.771664149095294079e+02,8.776253096741505715e+02,8.780845903329776547e+02,8.785442843132836970e+02,8.790044214288440116e+02,8.794650339671079564e+02,8.799261567872133583e+02,8.803878274263220192e+02,8.808500862111752667e+02,8.813129763709559938e+02,8.817765441467997789e+02,8.822408388923001894e+02,8.827059131583991984e+02,8.831718227548321920e+02,8.836386267791006048e+02,8.841063876024912815e+02,8.845751708012455765e+02,8.850450450193601455e+02,8.855160817480042397e+02,8.859883550049729593e+02,8.864619408963756086e+02,8.869369170417847954e+02,8.874133618438768281e+02,8.878913535842572173e+02,8.883709693294086946e+02,8.888522836348274723e+02,8.893353670424320399e+02,8.898202843768259527e+02,8.903070928612349917e+02,8.907958400947765085e+02,8.912865619604881431e+02,8.917792805690282876e+02,8.922740023869775996e+02,8.927707167510172894e+02,8.932693950288477254e+02,8.937699907515485620e+02,8.942724411046092428e+02,8.947766702176638773e+02,8.952825947224387164e+02,8.957901320385684585e+02,8.962992117731647568e+02,8.968097904614420486e+02,8.973218695977136576e+02,8.978355164989840205e+02,8.983508869685539366e+02,8.988682480269199004e+02,8.993879981036560594e+02,8.999106812097793409e+02,9.004369905900945241e+02,9.009677566432235380e+02,9.015039128860428264e+02,9.020464336128694640e+02,9.025962356824802555e+02,9.031540389960533730e+02,9.037201826153100228e+02,9.042944172594163774e+02,9.048757341906518832e+02,9.054623566551648537e+02,9.060518204438449175e+02,9.066399683195988928e+02,9.072147687444792155e+02,9.077395895411617630e+02,9.081376542604505175e+02,9.083556051803477658e+02,9.086883513336626947e+02,9.105482694576547829e+02,9.178102391976996159e+02,9.289798815978233506e+02
8.376580900600235964e+02,8.376580900568395691e+02,8.376583812522833341e+02,8.376589635699372138e+02,8.376598368573168045e+02,8.376610008865984582e+02,8.376624553557007857e+02,8.376641998897096073e+02,8.376662340426282753e+02,8.376685572994382483e+02,8.376711690784471784e+02,8.376740687339020042e+02,8.376772555588422620e+02,8.376807287881684942e+02,8.376844876018982404e+02,8.376885311285844864e+02,8.376928584488692877e+02,8.376974685991483511e+02,8.377023605753219044e+02,8.377075333366099130e+02,8.377129858094098154e+02,8.377187168911791559e+02,8.377247254543252666e+02,8.377310103500874447e+02,8.377375704123999185e+02,8.377444044617232066e+02,8.377515113088364842e+02,8.377588897585837913e+02,8.377665386135686276e+02,8.377744566777942055e+02,8.377826427602448121e+02,8.377910956784103291e+02,8.377998142617506119e+02,8.378087973551026835e+02,8.378180438220294945e+02,8.378275525481151362e+02,8.378373224442044602e+02,8.378473524495931315e+02,8.378576415351670903e+02,8.378681887064956300e+02,8.378789930068785452e+02,8.378900535203511026e+02,8.379013693746454692e+02,8.379129397441126912e+02,8.379247638526040873e+02,8.379368409763134196e+02,8.379491704465798421e+02,8.379617516526508325e+02,8.379745840444052192e+02,8.379876671350342576e+02,8.380010005036801886e+02,8.380145837980292072e+02,8.380284167368578210e+02,8.380424991125291854e+02,8.380568307934354380e+02,8.380714117263843264e+02,8.380862419389247862e+02,8.381013215416076036e+02,8.381166507301766160e+02,8.381322297876836274e+02,8.381480590865246540e+02,8.381641390903866977e+02,8.381804703561025462e+02,8.381970535354033700e+02,8.382138893765620651e+02,8.382309787259187033e+02,8.382483225292783118e+02,8.382659218331700686e+02,8.382837777859585913e+02,8.383018916387910622e+02,8.383202647463717767e+02,8.383388985675442200e+02,8.383577946656685072e+02,8.383769547087734963e+02,8.383963804694659530e+02,8.384160738245745961e+02,8.384360367545048121e+02,8.384562713422792513e+02,8.384767797722349769e+02,8.384975643283454474e+02,8.385186273921325437e+02,8.385399714401306710e+02,8.385615990408595053e+02,8.385835128512579786e+02,8.386057156125291385e+02,8.386282101453346058e+02,8.386509993442784889e+02,8.386740861716050404e+02,8.386974736500349081e+02,8.387211648546475544e+02,8.387451629037147995e+02,8.387694709483719180e+02,8.387940921610038458e+02,8.388190297222066647e+02,8.388442868061650870e+02,8.388698665642690457e+02,8.388957721067633884e+02,8.389220064822026188e+02,8.389485726544453428e+02,8.389754734768929438e+02,8.390027116636342726e+02,8.390302897571184531e+02,8.390582100919302775e+02,8.390864747541965016e+02,8.391150855360976948e+02,8.391440438849051588e+02,8.391733508459000177e+02,8.392030069984592728e+02,8.392330123845061962e+02,8.392633664284081760e+02,8.392940678472539275e+02,8.393251145502297277e+02,8.393565035255161320e+02,8.393882307127207696e+02,8.394202908583372391e+02,8.394526773511191777e+02,8.394853820336461467e+02,8.395183949857377002e+02,8.395517042748385848e+02,8.395852956669044715e+02,8.396191522875379860e+02,8.396532542162850632e+02,8.396875779904790988e+02,8.397220959736256418e+02,8.397567755946297439e+02,8.397915785233900579e+02,8.398264599322030790e+02,8.398613680534751893e+02,8.398962447806641194e+02,8.399310282031973429e+02,8.399656517126948074e+02,8.400000426103988502e+02,8.400341220111462235e+02,8.400678142885506077e+02,8.401011120475342295e+02,8.401344663172947094e+02,8.401711443410658831e+02,8.402124094611618830e+02,8.402596563726910972e+02,8.403142626396987680e+02,8.403775507916094512e+02,8.404509440741409207e+02,8.405360760580255146e+02,8.406348410288694595e+02,8.407494253007250791e+02,8.408823427082692206e+02,8.410364778373888157e+02,8.412151459284432349e+02,8.414221426756613482e+02,8.416617701874379236e+02,8.419386925140657922e+02,8.422573484370321921e+02,8.426200739802816315e+02,8.430199930418403937e+02,8.434070829349617497e+02,8.437735811191971607e+02,8.441220008216023416e+02,8.444578889304889344e+02,8.447881405995493651e+02,8.451190673318250219e+02,8.454554648991764907e+02,8.458001825767836408e+02,8.461542676487244989e+02,8.465176153686941234e+02,8.468894120914751511e+02,8.472687837255250543e+02,8.476548566404014764e+02,8.480469475342323449e+02,8.484444342120325473e+02,8.488467964504624206e+02,8.492535399249754846e+02,8.496642190799574337e+02,8.500784124179980381e+02,8.504957361816161665e+02,8.509158358320461275e+02,8.513383915729452838e+02,8.517631145088595304e+02,8.521897481053000547e+02,8.526180658575819962e+02,8.530478708679838746e+02,8.534789938179715136e+02,8.539112915398781070e+02,8.543446448685974701e+02,8.547789566447723928e+02,8.552141494004483775e+02,8.556501630905662523e+02,8.560869527243328321e+02,8.565244860627317394e+02,8.569627413530126887e+02,8.574017051842138244e+02,8.578413704700692506e+02,8.582817346029515875e+02,8.587227977891778892e+02,8.591645615851591629e+02,8.596070276383626378e+02,8.600501966373229834e+02,8.604940674682943609e+02,8.609386365753304062e+02,8.613838975185466325e+02,8.618298407233144189e+02,8.622764534091331825e+02,8.627237196800111860e+02,8.631716207519434647e+02,8.636201352826949460e+02,8.640692397615425762e+02,8.645189089234708035e+02,8.649691161780033326e+02,8.654198340494644981e+02,8.658710346223033412e+02,8.663226899799543617e+02,8.667747726249398283e+02,8.672272558692429811e+02,8.676801141874688028e+02,8.681333235278057145e+02,8.685868615786049531e+02,8.690407079898945995e+02,8.694948445510040074e+02,8.699492553263777381e+02,8.704039267529445851e+02,8.708588477028786201e+02,8.713140095163760179e+02,8.717694060091494066e+02,8.722250334596916446e+02,8.726808905811280965e+02,8.731369784825033094e+02,8.735933006239087035e+02,8.740498627696723588e+02,8.745066729432838883e+02,8.749637413874303320e+02,8.754210805319233941e+02,8.758787049719610422e+02,8.763366314585716736e+02,8.767948789027379917e+02,8.772534683941222511e+02,8.777124232349565318e+02,8.781717689890936072e+02,8.786315335458314166e+02,8.790917471975315038e+02,8.795524427296097656e+02,8.800136555208197251e+02,8.804754236511911358e+02,8.809377880142150161e+02,8.814007924291454401e+02,8.818644837483387846e+02,8.823289119536243561e+02,8.827941302345302574e+02,8.832601950400216992e+02,8.837271660940093625e+02,8.841951063635044648e+02,8.846640819667240976e+02,8.851341620069877081e+02,8.856054183167177598e+02,8.860779250946397951e+02,8.865517584182856581e+02,8.870269956136232850e+02,8.875037144641277109e+02,8.879819922435154922e+02,8.884619045599646370e+02,8.889435240057900955e+02,8.894269186157542890e+02,8.899121501505381957e+02,8.903992722400741968e+02,8.908883284455778266e+02,8.913793503297687266e+02,8.918723556626533764e+02,8.923673469349567995e+02,8.928643104020329702e+02,8.933632159349648418e+02,8.938640180083614268e+02,8.943666581983184187e+02,8.948710695892038984e+02,8.953771834793319613e+02,8.958849387167757641e+02,8.963942938651512122e+02,8.969052421773219521e+02,8.974178290186821414e+02,8.979321709284743065e+02,8.984484749238857830e+02,8.989670559827989109e+02,8.994883498875256009e+02,9.000129179160985586e+02,9.005414391957541511e+02,9.010746862058989564e+02,9.016134786592939463e+02,9.021586115043572818e+02,9.027107529868637812e+02,9.032703106966746418e+02,9.038372652594501915e+02,9.044109835483550341e+02,9.049900486285922625e+02,9.055722098122414536e+02,9.061545786902629516e+02,9.067338904609820247e+02,9.073052011473290577e+02,9.078547056998287417e+02,9.083430945738130049e+02,9.086964624240488320e+02,9.088833078799127634e+02,9.092360484760612280e+02,9.111544661576529052e+02,9.181202785211537503e+02,9.285464208989795907e+02
8.376825663948300189e+02,8.376825663916029043e+02,8.376828622590703617e+02,8.376834539197818685e+02,8.376843412191672087e+02,8.376855239262224586e+02,8.376870017345302131e+02,8.376887742636052963e+02,8.376908410605502695e+02,8.376932016020064111e+02,8.376958552963816373e+02,8.376988014863349008e+02,8.377020394514947839e+02,8.377055684113912548e+02,8.377093875285742115e+02,8.377134959118988036e+02,8.377178926199505895e+02,8.377225766645898375e+02,8.377275470145931422e+02,8.377328025993697338e+02,8.377383423127351989e+02,8.377441650167237412e+02,8.377502695454230661e+02,8.377566547088174502e+02,8.377633192966269462e+02,8.377702620821311257e+02,8.377774818259686072e+02,8.377849772799050925e+02,8.377927471905634320e+02,8.378007903031104888e+02,8.378091053648989828e+02,8.378176911290595399e+02,8.378265463580434016e+02,8.378356698271135201e+02,8.378450603277843811e+02,8.378547166712110084e+02,8.378646376915268092e+02,8.378748222491321940e+02,8.378852692339335135e+02,8.378959775685341356e+02,8.379069462113785676e+02,8.379181741598487179e+02,8.379296604533152504e+02,8.379414041761419867e+02,8.379534044606448333e+02,8.379656604900039838e+02,8.379781715011296228e+02,8.379909367874789723e+02,8.380039557018251344e+02,8.380172276589738658e+02,8.380307521384283973e+02,8.380445286869980919e+02,8.380585569213498047e+02,8.380728365304975114e+02,8.380873672782278163e+02,8.381021490054562264e+02,8.381171816325108921e+02,8.381324651613394963e+02,8.381479996776328107e+02,8.381637853528599180e+02,8.381798224462098688e+02,8.381961113064321580e+02,8.382126523735689716e+02,8.382294461805723813e+02,8.382464933547963710e+02,8.382637946193563039e+02,8.382813507943445757e+02,8.382991627978922224e+02,8.383172316470644319e+02,8.383355584585766564e+02,8.383541444493183690e+02,8.383729909366671791e+02,8.383920993385779639e+02,8.384114711734280263e+02,8.384311080595977046e+02,8.384510117147643768e+02,8.384711839548847365e+02,8.384916266928402138e+02,8.385123419367131419e+02,8.385333317876635419e+02,8.385545984373688952e+02,8.385761441649882499e+02,8.385979713336054147e+02,8.386200823861041727e+02,8.386424798404214016e+02,8.386651662841178450e+02,8.386881443682027566e+02,8.387114168001379539e+02,8.387349863359411302e+02,8.387588557712982720e+02,8.387830279315866164e+02,8.388075056606929820e+02,8.388322918085058291e+02,8.388573892169367809e+02,8.388828007043139223e+02,8.389085290479658852e+02,8.389345769647927682e+02,8.389609470895902632e+02,8.389876419508655090e+02,8.390146639438466991e+02,8.390420153003515225e+02,8.390696980551418847e+02,8.390977140083490440e+02,8.391260646835130501e+02,8.391547512807374005e+02,8.391837746244129903e+02,8.392131351049185923e+02,8.392428326136499663e+02,8.392728664706583004e+02,8.393032353440920588e+02,8.393339371605010228e+02,8.393649690048705452e+02,8.393963270089587922e+02,8.394280062260768318e+02,8.394600004898991301e+02,8.394923022543069919e+02,8.395249024109010634e+02,8.395577900807370497e+02,8.395909523777012282e+02,8.396243741401084435e+02,8.396580376216368222e+02,8.396919221188032907e+02,8.397260034964132274e+02,8.397602534909723317e+02,8.397946387677197890e+02,8.398291197903874945e+02,8.398636497015437499e+02,8.398981734574429083e+02,8.399326291496066688e+02,8.399669553431233453e+02,8.400010899769245043e+02,8.400349706950886457e+02,8.400685459132963615e+02,8.401018462950592038e+02,8.401353954448038621e+02,8.401725672852470552e+02,8.402143928158756125e+02,8.402621564803623642e+02,8.403172770822166058e+02,8.403811105655232723e+02,8.404550675445436809e+02,8.405407669787855411e+02,8.406401084080858936e+02,8.407553031148112268e+02,8.408889061622442114e+02,8.410438615493206953e+02,8.412235422275354040e+02,8.414318291838663981e+02,8.416730724670435393e+02,8.419519847864974054e+02,8.422731279710749277e+02,8.426392167632096744e+02,8.430441193482475910e+02,8.434383044135347518e+02,8.438133618159947673e+02,8.441706457982139682e+02,8.445145128964925334e+02,8.448510311273601019e+02,8.451861984783321304e+02,8.455250978321066668e+02,8.458711133045304678e+02,8.462259113146599248e+02,8.465898227853185745e+02,8.469622957033991497e+02,8.473424792598186741e+02,8.477294514022139538e+02,8.481224512815841763e+02,8.485208089817052723e+02,8.489239813337717351e+02,8.493314668231232645e+02,8.497428224735253934e+02,8.501576297199120518e+02,8.505755090637842386e+02,8.509961090706242430e+02,8.514191137328131163e+02,8.518442376994281631e+02,8.522712285243926544e+02,8.526998637979996829e+02,8.531299509660701688e+02,8.535613250036243471e+02,8.539938470315992163e+02,8.544274019994328455e+02,8.548618966673469686e+02,8.552972571929321930e+02,8.557334268323969582e+02,8.561703635196013238e+02,8.566080375474222137e+02,8.570464292848363357e+02,8.574855270361800876e+02,8.579253250325896261e+02,8.583658216076721601e+02,8.588070175600134917e+02,8.592489147252481416e+02,8.596915147575821265e+02,8.601348181261387253e+02,8.605788233204559674e+02,8.610235262609060101e+02,8.614689199043343706e+02,8.619149940350391716e+02,8.623617352262893974e+02,8.628091269540382200e+02,8.632571498377086527e+02,8.637057819792547662e+02,8.641549993676811710e+02,8.646047763167124458e+02,8.650550859122971588e+02,8.655059004614096239e+02,8.659571919368688668e+02,8.664089324111254200e+02,8.668610944690963152e+02,8.673136515906036266e+02,8.677665784946896110e+02,8.682198514412108352e+02,8.686734484873627480e+02,8.691273496991116190e+02,8.695815373187809882e+02,8.700359958914793879e+02,8.704907123537292364e+02,8.709456760885615267e+02,8.714008789515894478e+02,8.718563152730431511e+02,8.723119818406410104e+02,8.727678778682829943e+02,8.732240049551965058e+02,8.736803670400258852e+02,8.741369703538528029e+02,8.745938233758557772e+02,8.750509367947465762e+02,8.755083234787771289e+02,8.759659984565303148e+02,8.764239789103460225e+02,8.768822841836645239e+02,8.773409358032052978e+02,8.777999575163428290e+02,8.782593753436547104e+02,8.787192176460509927e+02,8.791795152054545497e+02,8.796403013173809313e+02,8.801016118932247991e+02,8.805634855693299414e+02,8.810259638192306966e+02,8.814890910645478925e+02,8.819529147791351988e+02,8.824174855799566330e+02,8.828828572970516007e+02,8.833490870136017747e+02,8.838162350657802335e+02,8.842843649905464645e+02,8.847535434081228232e+02,8.852238398244037398e+02,8.856953263373229674e+02,8.861680772301983779e+02,8.866421684346804568e+02,8.871176768462395330e+02,8.875946794766792891e+02,8.880732524312206806e+02,8.885534697029844438e+02,8.890354017856594737e+02,8.895191141166985744e+02,8.900046653790972186e+02,8.904921057106416811e+02,8.909814748959088320e+02,8.914728006488154506e+02,8.919660971318306792e+02,8.924613639013297188e+02,8.929585855146551694e+02,8.934577320796433924e+02,8.939587610655770504e+02,8.944616207172541635e+02,8.949662554096828444e+02,8.954726132353747516e+02,8.959806560133365565e+02,8.964903717307254283e+02,8.970017891612504854e+02,8.975149940363706946e+02,8.980301456817060171e+02,8.985474924788107955e+02,8.990673839206781395e+02,8.995902764298298280e+02,9.001167296203904016e+02,9.006473893361466025e+02,9.011829538134295490e+02,9.017241196039027500e+02,9.022715048769240411e+02,9.028255488437657732e+02,9.033863882861686534e+02,9.039537141054240692e+02,9.045266170992814523e+02,9.051034448478362719e+02,9.056817318447450589e+02,9.062583223120424236e+02,9.068297923833704317e+02,9.073927681859602217e+02,9.079421130787603715e+02,9.084627215536287395e+02,9.089135539391685370e+02,9.092251911183076345e+02,9.093872041278845018e+02,9.097616381867684368e+02,9.117224368888852268e+02,9.184047884392892911e+02,9.281557439336636435e+02
8.377069563458167067e+02,8.377069563425332035e+02,8.377072569353164226e+02,8.377078580453618315e+02,8.377087595153737993e+02,8.377099611102174777e+02,8.377114625178880942e+02,8.377132633507897026e+02,8.377153631473121322e+02,8.377177613736909052e+02,8.377204574261343168e+02,8.377234506332011961e+02,8.377267402584075171e+02,8.377303255030439004e+02,8.377342055091818338e+02,8.377383793628473541e+02,8.377428460973411575e+02,8.377476046966855847e+02,8.377526540991750608e+02,8.377579932010155517e+02,8.377636208600304144e+02,8.377695358994184289e+02,8.377757371115488922e+02,8.377822232617772897e+02,8.377889930922723352e+02,8.377960453258405096e+02,8.378033786697411642e+02,8.378109918194818420e+02,8.378188834625877917e+02,8.378270522823412421e+02,8.378354969614833863e+02,8.378442161858772579e+02,8.378532086481287706e+02,8.378624730511621692e+02,8.378720081117502332e+02,8.378818125639966183e+02,8.378918851627704498e+02,8.379022246870930530e+02,8.379128299434747760e+02,8.379236997692033810e+02,8.379348330355824146e+02,8.379462286511209186e+02,8.379578855646710736e+02,8.379698027685161605e+02,8.379819793014062270e+02,8.379944142515408885e+02,8.380071067594977876e+02,8.380200560211046650e+02,8.380332612902546998e+02,8.380467218816610284e+02,8.380604371735485074e+02,8.380744066102813576e+02,8.380886297049204359e+02,8.381031060417107028e+02,8.381178352784908157e+02,8.381328171490241630e+02,8.381480514652446345e+02,8.381635381194129195e+02,8.381792770861777626e+02,8.381952684245364935e+02,8.382115122796886908e+02,8.382280088847751358e+02,8.382447585624953490e+02,8.382617617265963190e+02,8.382790188832220792e+02,8.382965306321156049e+02,8.383142976676623448e+02,8.383323207797649275e+02,8.383506008545354007e+02,8.383691388747924975e+02,8.383879359203492641e+02,8.384069931680749050e+02,8.384263118917135671e+02,8.384458934614406189e+02,8.384657393431364198e+02,8.384858510973529064e+02,8.385062303779501462e+02,8.385268789303731864e+02,8.385477985895403208e+02,8.385689912773079868e+02,8.385904589994772778e+02,8.386122038422993228e+02,8.386342279684372443e+02,8.386565336123330781e+02,8.386791230749273609e+02,8.387019987176693121e+02,8.387251629557534898e+02,8.387486182505070929e+02,8.387723671008483279e+02,8.387964120337254599e+02,8.388207555934343418e+02,8.388454003297059671e+02,8.388703487844343272e+02,8.388956034769072403e+02,8.389211668873797407e+02,8.389470414388096060e+02,8.389732294765530014e+02,8.389997332457879793e+02,8.390265548664077642e+02,8.390536963050869872e+02,8.390811593441967489e+02,8.391089455472038026e+02,8.391370562201566372e+02,8.391654923688259942e+02,8.391942546510372267e+02,8.392233433236973497e+02,8.392527581839887034e+02,8.392824985041654600e+02,8.393125629593388339e+02,8.393429495475778594e+02,8.393736555015461818e+02,8.394046771907259199e+02,8.394360100129811144e+02,8.394676482737277183e+02,8.394995850502943995e+02,8.395318120384372378e+02,8.395643193779686726e+02,8.395970954553613410e+02,8.396301266858132522e+02,8.396633972799978665e+02,8.396968889957015563e+02,8.397305808513904140e+02,8.397644487573212473e+02,8.397984647700269534e+02,8.398325958750828022e+02,8.398668022826311699e+02,8.399010353830261693e+02,8.399352351539553183e+02,8.399693315552572130e+02,8.400032637772907265e+02,8.400369779806628685e+02,8.400704380242594880e+02,8.401037020355811364e+02,8.401373639859519926e+02,8.401750449488434924e+02,8.402176177071888787e+02,8.402661674194392845e+02,8.403220893398955695e+02,8.403867888378212001e+02,8.404616952515978028e+02,8.405484217352469614e+02,8.406488657432373657e+02,8.407652503987271757e+02,8.409001538100034168e+02,8.410565483522391332e+02,8.412378483264616307e+02,8.414479024498558601e+02,8.416911243172351078e+02,8.419722028522671735e+02,8.422957192806231888e+02,8.426646481392699570e+02,8.430733917672132520e+02,8.434729674273371529e+02,8.438547999570922684e+02,8.442195507548938167e+02,8.445706115842433519e+02,8.449132147152595280e+02,8.452528657623490744e+02,8.455946445509940759e+02,8.459422736336928210e+02,8.462979524332380379e+02,8.466624484842383254e+02,8.470355288586472398e+02,8.474164469822233059e+02,8.478042763488970195e+02,8.481981798686589400e+02,8.485974277156484504e+02,8.490014360856836220e+02,8.494096887858082709e+02,8.498217407807934478e+02,8.502371763431185627e+02,8.506556209170346392e+02,8.510767271982766715e+02,8.515001836999616671e+02,8.519257091819097241e+02,8.523530557737047957e+02,8.527820055871441127e+02,8.532123708217488911e+02,8.536439911011430013e+02,8.540767321529060609e+02,8.545104833002934583e+02,8.549451554374312536e+02,8.553806785107428823e+02,8.558169991998604473e+02,8.562540784451111904e+02,8.566918891200474491e+02,8.571304137350508654e+02,8.575696423065388672e+02,8.580095703621924486e+02,8.584501971437981638e+02,8.588915240021082127e+02,8.593335530088945688e+02,8.597762857825879337e+02,8.602197225325517138e+02,8.606638613143329621e+02,8.611086974896544461e+02,8.615542233792274374e+02,8.620004280953846774e+02,8.624472975379541140e+02,8.628948145336169091e+02,8.633429590950771626e+02,8.637917087726842738e+02,8.642410390698591982e+02,8.646909238943337641e+02,8.651413360210993915e+02,8.655922475510133154e+02,8.660436303575578449e+02,8.664954565160381890e+02,8.669476987086375175e+02,8.674003305975709281e+02,8.678533271597698331e+02,8.683066649783867206e+02,8.687603224891541913e+02,8.692142801815018629e+02,8.696685207562326241e+02,8.701230292425036623e+02,8.705777930779496501e+02,8.710328021561795140e+02,8.714880488464688142e+02,8.719435279904985236e+02,8.723992368811979077e+02,8.728551752284876102e+02,8.733113451166467485e+02,8.737677509575752310e+02,8.742243994439759263e+02,8.746812995059335663e+02,8.751384622740333725e+02,8.755959010515908858e+02,8.760536312981938636e+02,8.765116706261987929e+02,8.769700388114470115e+02,8.774287578189199621e+02,8.778878518436645209e+02,8.783473473667687585e+02,8.788072732257376174e+02,8.792676606980230645e+02,8.797285435959456663e+02,8.801899583705501300e+02,8.806519442212811555e+02,8.811145432075113604e+02,8.815778003571108457e+02,8.820417637661852268e+02,8.825064846830409806e+02,8.829720175681557066e+02,8.834384201206486296e+02,8.839057532602946594e+02,8.843740810527352778e+02,8.848434705640950142e+02,8.853139916299944616e+02,8.857857165229031580e+02,8.862587195012913526e+02,8.867330762241423372e+02,8.872088630156049476e+02,8.876861559670819588e+02,8.881650298685117377e+02,8.886455569673983064e+02,8.891278055640326556e+02,8.896118384648409574e+02,8.900977113336742832e+02,8.905854710035083599e+02,8.910751538389127973e+02,8.915667842725164292e+02,8.920603736759435378e+02,8.925559197654063155e+02,8.930534067814396622e+02,8.935528067161266108e+02,8.940540818829210821e+02,8.945571891243196205e+02,8.950620859199659662e+02,8.955687385785539618e+02,8.960771325577425159e+02,8.965872847437403834e+02,8.970992572290725775e+02,8.976131717506727909e+02,8.981292235050942736e+02,8.986476925645694109e+02,8.991689506296645504e+02,8.996934604197267618e+02,9.002217647235961522e+02,9.007544620617624105e+02,9.012921662098240176e+02,9.018354474866127930e+02,9.023847549792765221e+02,9.029403204865777752e+02,9.035020473571797766e+02,9.040693896187295877e+02,9.046412305000159222e+02,9.052157749472157775e+02,9.057904897623304805e+02,9.063621649134818199e+02,9.069272225297982004e+02,9.074823000138400175e+02,9.080244603112938648e+02,9.085486852747520743e+02,9.090388042599442997e+02,9.094528095923220690e+02,9.097268331438417590e+02,9.098701151584072022e+02,9.102672646841945152e+02,9.122571082562590163e+02,9.186670069154467910e+02,9.278026345730796720e+02
8.377312584848669985e+02,8.377312584815143737e+02,8.377315638535314974e+02,8.377321745204559420e+02,8.377330903216624165e+02,8.377343110169858846e+02,8.377358362876484534e+02,8.377376657374844626e+02,8.377397988944509279e+02,8.377422352124128793e+02,8.377449740731882457e+02,8.377480147888369402e+02,8.377513566041760669e+02,8.377549986995047675e+02,8.377589401935177875e+02,8.377631801463898000e+02,8.377677175630110469e+02,8.377725513963556523e+02,8.377776805509623728e+02,8.377831038865130040e+02,8.377888202214879811e+02,8.377948283368864395e+02,8.378011269799935690e+02,8.378077148681827566e+02,8.378145906927408078e+02,8.378217531227037398e+02,8.378292008086935994e+02,8.378369323867495950e+02,8.378449464821426318e+02,8.378532417131702914e+02,8.378618166949233910e+02,8.378706700430228693e+02,8.378798003773197252e+02,8.378892063255576659e+02,8.378988865269931239e+02,8.379088396359730950e+02,8.379190643254656834e+02,8.379295592905449439e+02,8.379403232518258164e+02,8.379513549588499473e+02,8.379626531934187597e+02,8.379742167728746836e+02,8.379860445533275879e+02,8.379981354328255065e+02,8.380104883544679524e+02,8.380231023094593183e+02,8.380359763401021382e+02,8.380491095427249775e+02,8.380625010705457498e+02,8.380761501364656851e+02,8.380900560157907648e+02,8.381042180488794884e+02,8.381186356437104905e+02,8.381333082783689861e+02,8.381482355034456759e+02,8.381634169443450446e+02,8.381788523034969103e+02,8.381945413624681578e+02,8.382104839839654460e+02,8.382266801137270704e+02,8.382431297822936358e+02,8.382598331066529909e+02,8.382767902917498759e+02,8.382940016318536891e+02,8.383114675117737988e+02,8.383291884079141028e+02,8.383471648891537598e+02,8.383653976175463640e+02,8.383838873488213039e+02,8.384026349326752552e+02,8.384216413128388012e+02,8.384409075269022651e+02,8.384604347058810845e+02,8.384802240735041323e+02,8.385002769452007669e+02,8.385205947267655802e+02,8.385411789126736721e+02,8.385620310840195089e+02,8.385831529060480989e+02,8.386045461252442692e+02,8.386262125659438880e+02,8.386481541264253110e+02,8.386703727744360322e+02,8.386928705421049699e+02,8.387156495201862754e+02,8.387387118515741804e+02,8.387620597240212419e+02,8.387856953619888145e+02,8.388096210175474425e+02,8.388338389602374718e+02,8.388583514657907472e+02,8.388831608036022089e+02,8.389082692228282667e+02,8.389336789369712051e+02,8.389593921067936435e+02,8.389854108213867221e+02,8.390117370771897640e+02,8.390383727547362014e+02,8.390653195928698551e+02,8.390925791601462151e+02,8.391201528231017619e+02,8.391480417110444705e+02,8.391762466769905586e+02,8.392047682543500287e+02,8.392336066089402493e+02,8.392627614858936340e+02,8.392922321510086476e+02,8.393220173260726824e+02,8.393521151176665853e+02,8.393825229389211700e+02,8.394132374236378382e+02,8.394442543320388950e+02,8.394755684471268751e+02,8.395071734599997626e+02,8.395390618414488699e+02,8.395712246961464871e+02,8.396036515959700637e+02,8.396363303908078706e+02,8.396692470083203261e+02,8.397023852668634163e+02,8.397357267289578431e+02,8.397692505929938989e+02,8.398029336378602920e+02,8.398367495314181497e+02,8.398706673034316736e+02,8.399046487647881349e+02,8.399386446939437292e+02,8.399725871718810595e+02,8.400063877769227929e+02,8.400399888304076512e+02,8.400733619531024488e+02,8.401065859275812500e+02,8.401403196636302937e+02,8.401784786135383456e+02,8.402218764948389662e+02,8.402713958571159765e+02,8.403283301070042626e+02,8.403941191538461908e+02,8.404702372555497050e+02,8.405583100136190069e+02,8.406602357599606421e+02,8.407782423599780941e+02,8.409149188162957671e+02,8.410732483762076299e+02,8.412566512713116254e+02,8.414689909664396055e+02,8.417144914662336532e+02,8.419978524985491504e+02,8.423238615779157499e+02,8.426955270573720327e+02,8.431076804068942465e+02,8.435115046808846273e+02,8.438985767086608121e+02,8.442694172561079995e+02,8.446267251862090006e+02,8.449750044183890623e+02,8.453191788600883001e+02,8.456641231020347504e+02,8.460136876098547418e+02,8.463704573735167287e+02,8.467356135945009328e+02,8.471092639377085334e+02,8.474908320817785352e+02,8.478794422948817555e+02,8.482742071418729211e+02,8.486743345376050911e+02,8.490791841547944614e+02,8.494882134611333413e+02,8.499009677196551138e+02,8.503170330193956943e+02,8.507360399253124115e+02,8.511576466014860216e+02,8.515815470272410721e+02,8.520074648470633747e+02,8.524351572672743487e+02,8.528644113120492420e+02,8.532950442536938453e+02,8.537269006231637150e+02,8.541598509678563005e+02,8.545937891399787532e+02,8.550286302790684658e+02,8.554643081847717667e+02,8.559007729903279369e+02,8.563379886398960252e+02,8.567759305615952599e+02,8.572145833606056158e+02,8.576539387052932852e+02,8.580939933497928678e+02,8.585347473695807139e+02,8.589762025920083488e+02,8.594183612524063847e+02,8.598612248658895396e+02,8.603047933215468674e+02,8.607490641875160691e+02,8.611940322205207394e+02,8.616396890647820328e+02,8.620860231262306570e+02,8.625330196029495937e+02,8.629806606518310446e+02,8.634289256675583601e+02,8.638777916486545791e+02,8.643272336235445437e+02,8.647772251111611013e+02,8.652277385933157348e+02,8.656787459812831003e+02,8.661302190651027786e+02,8.665821299394160633e+02,8.670344514006469581e+02,8.674871573102788034e+02,8.679402229188300453e+02,8.683936251466959675e+02,8.688473428198288957e+02,8.693013568605231285e+02,8.697556504350724254e+02,8.702102090614974941e+02,8.706650206812107626e+02,8.711200756991984235e+02,8.715753669974825470e+02,8.720308899269117546e+02,8.724866422821893366e+02,8.729426242650340555e+02,8.733988384400001905e+02,8.738552896872610063e+02,8.743119851561663154e+02,8.747689342230446528e+02,8.752261484561788620e+02,8.756836415905008835e+02,8.761414295140049262e+02,8.765995302674865570e+02,8.770579640586801133e+02,8.775167532914742878e+02,8.779759226103424226e+02,8.784354989597075019e+02,8.788955116573838495e+02,8.793559924807428843e+02,8.798169757635916994e+02,8.802784985011284107e+02,8.807406004595388822e+02,8.812033242859929487e+02,8.816667156138082646e+02,8.821308231565234337e+02,8.825956987834233587e+02,8.830613975678177212e+02,8.835279777980052813e+02,8.839955009394955141e+02,8.844640315356717792e+02,8.849336370328536532e+02,8.854043875146526261e+02,8.858763553299221485e+02,8.863496145985260455e+02,8.868242405800365304e+02,8.873003088924901931e+02,8.877778945720339152e+02,8.882570709700131601e+02,8.887379084924564268e+02,8.892204731984029422e+02,8.897048252888067736e+02,8.901910175371305058e+02,8.906790937366550907e+02,8.911690872677571633e+02,8.916610199205058507e+02,8.921549011423772981e+02,8.926507279153695436e+02,8.931484854973299434e+02,8.936481492834734581e+02,8.941496880483102814e+02,8.946530688063000980e+02,8.951582634705654300e+02,8.956652573813909157e+02,8.961740596093177373e+02,8.966847147034490035e+02,8.971973152526680906e+02,8.977120142621671448e+02,8.982290359409490748e+02,8.987486830790494423e+02,8.992713388199431392e+02,8.997974603595947656e+02,9.003275620154350918e+02,9.008621852642436352e+02,9.014018538610148426e+02,9.019470130347759778e+02,9.024979531618902229e+02,9.030547201021674937e+02,9.036170167361080985e+02,9.041841025322892165e+02,9.047547005829364934e+02,9.053269238141306232e+02,9.058982390738156028e+02,9.064655066849750256e+02,9.070251765173549074e+02,9.075737468410952715e+02,9.081084078608279242e+02,9.086269764222311096e+02,9.091246221523239228e+02,9.095842122091426063e+02,9.099633781207337506e+02,9.102044317664573327e+02,9.103344333134957651e+02,9.107545165818127089e+02,9.127620818351697380e+02,9.189095589981677676e+02,9.274825015243039843e+02
8.377554712924096521e+02,8.377554712889759685e+02,8.377557814950642978e+02,8.377564018282652114e+02,8.377573321240483892e+02,8.377585721363615221e+02,8.377601215385241176e+02,8.377619799244071146e+02,8.377641468098908035e+02,8.377666216345890007e+02,8.377694037638276541e+02,8.377724924908623052e+02,8.377758870393208781e+02,8.377795865658528101e+02,8.377835901629706541e+02,8.377878968620635760e+02,8.377925056365676255e+02,8.377974154052734548e+02,8.378026250357556819e+02,8.378081333479068462e+02,8.378139391175589026e+02,8.378200410801794078e+02,8.378264379346254600e+02,8.378331283469444770e+02,8.378401109542083987e+02,8.378473843683699442e+02,8.378549471801317168e+02,8.378627979628182629e+02,8.378709352762436993e+02,8.378793576705669466e+02,8.378880636901282060e+02,8.378970518772625837e+02,8.379063207760835894e+02,8.379158689362332098e+02,8.379256949165968535e+02,8.379357972889754365e+02,8.379461746417151744e+02,8.379568255832907653e+02,8.379677487458404812e+02,8.379789427886488511e+02,8.379904064015765925e+02,8.380021383084341551e+02,8.380141372702976241e+02,8.380264020887633478e+02,8.380389316091403771e+02,8.380517247235761715e+02,8.380647803741151165e+02,8.380780975556856447e+02,8.380916753190123245e+02,8.381055127734520056e+02,8.381196090897472004e+02,8.381339635026971564e+02,8.381485753137383199e+02,8.381634438934333957e+02,8.381785686838629772e+02,8.381939492009147443e+02,8.382095850364667058e+02,8.382254758604565268e+02,8.382416214228330773e+02,8.382580215553839480e+02,8.382746761734298389e+02,8.382915852773817278e+02,8.383087489541500190e+02,8.383261673783993047e+02,8.383438408136383941e+02,8.383617696131360617e+02,8.383799542206508022e+02,8.383983951709644771e+02,8.384170930902060945e+02,8.384360486959507170e+02,8.384552627970806498e+02,8.384747362933908335e+02,8.384944701749201386e+02,8.385144655209904840e+02,8.385347234989301342e+02,8.385552453624601412e+02,8.385760324497155125e+02,8.385970861808751806e+02,8.386184080553686044e+02,8.386399996486254622e+02,8.386618626083311483e+02,8.386839986501471458e+02,8.387064095528511416e+02,8.387290971528478849e+02,8.387520633379948549e+02,8.387753100406860085e+02,8.387988392301232352e+02,8.388226529037082173e+02,8.388467530774698844e+02,8.388711417754431068e+02,8.388958210178983563e+02,8.389207928083152410e+02,8.389460591189770184e+02,8.389716218750522785e+02,8.389974829370071348e+02,8.390236440811789862e+02,8.390501069783124422e+02,8.390768731698401552e+02,8.391039440416589059e+02,8.391313207951267259e+02,8.391590044149780852e+02,8.391869956338312022e+02,8.392152948929410741e+02,8.392439022988397710e+02,8.392728175755005395e+02,8.393020400116588462e+02,8.393315684029271324e+02,8.393614009883334575e+02,8.393915353809134103e+02,8.394219684919761448e+02,8.394526964486660745e+02,8.394837145043609326e+02,8.395150169412237346e+02,8.395465969633493160e+02,8.395784465771331497e+02,8.396105564531140999e+02,8.396429157630624331e+02,8.396755119860350760e+02,8.397083307073901324e+02,8.397413554695602897e+02,8.397745677635894026e+02,8.398079472284384792e+02,8.398414723780144868e+02,8.398751202516524472e+02,8.399088647683935278e+02,8.399426732312662125e+02,8.399765000197156724e+02,8.400102658845407859e+02,8.400438411125298899e+02,8.400771898270011206e+02,8.401104061631809827e+02,8.401442098592248158e+02,8.401828131035762226e+02,8.402270412102321870e+02,8.402776324701400199e+02,8.403357387659287951e+02,8.404027870181056414e+02,8.404803045672483677e+02,8.405699499203415144e+02,8.406736308675398277e+02,8.407935798656408224e+02,8.409323916272246606e+02,8.410930541138116041e+02,8.412789828789011608e+02,8.414940471074480683e+02,8.417424425703326278e+02,8.420288060665467356e+02,8.423564200150568695e+02,8.427308607627770698e+02,8.431464159575529038e+02,8.435539538755224385e+02,8.439450706555720672e+02,8.443207501207211862e+02,8.446832826648237642e+02,8.450366581965479327e+02,8.453851999815644831e+02,8.457334583958780740e+02,8.460852320999932772e+02,8.464433326166935103e+02,8.468092763392002098e+02,8.471835073573872705e+02,8.475656625000519853e+02,8.479549668591072304e+02,8.483505230263972408e+02,8.487514898005429131e+02,8.491571645665951564e+02,8.495669665846183989e+02,8.499804209470052001e+02,8.503971114232786022e+02,8.508166724716787712e+02,8.512387689318217099e+02,8.516631012345262661e+02,8.520893988702811157e+02,8.525174246342282913e+02,8.529469708265944519e+02,8.533778600099971072e+02,8.538099417862234759e+02,8.542430916358792956e+02,8.546772080095809088e+02,8.551122103235396708e+02,8.555480362240615477e+02,8.559846392638601174e+02,8.564219863324817652e+02,8.568600553383167835e+02,8.572988328947744776e+02,8.577383122290208348e+02,8.581784912252794584e+02,8.586193706970956327e+02,8.590609528565203163e+02,8.595032400168593085e+02,8.599462335126399921e+02,8.603899328447109838e+02,8.608343350356607289e+02,8.612794341883712832e+02,8.617252212305214698e+02,8.621716838294904619e+02,8.626188064573454994e+02,8.630665705849680762e+02,8.635149549817474508e+02,8.639639360962770525e+02,8.644134884928942029e+02,8.648635853198345558e+02,8.653141987875266068e+02,8.657653006394963313e+02,8.662168626032209886e+02,8.666688568128511179e+02,8.671212561990533914e+02,8.675740348420454211e+02,8.680271682842973178e+02,8.684806337998976460e+02,8.689344106191891797e+02,8.693884801089199073e+02,8.698428259099699744e+02,8.702974340358484824e+02,8.707522929361568913e+02,8.712073935296058380e+02,8.716627292115734917e+02,8.721182958411693562e+02,8.725740917128124465e+02,8.730301175170636725e+02,8.734863762952595607e+02,8.739428733920643708e+02,8.743996164097253541e+02,8.748566151673093145e+02,8.753138816678002740e+02,8.757714300754150827e+02,8.762292767050797693e+02,8.766874400254940838e+02,8.771459406767960445e+02,8.776048015033233014e+02,8.780640476015372542e+02,8.785237063826335771e+02,8.789838076488726983e+02,8.794443836820482829e+02,8.799054693419128625e+02,8.803671021716322684e+02,8.808293225065795014e+02,8.812921735818480329e+02,8.817557016328986492e+02,8.822199559826219684e+02,8.826849891069217620e+02,8.831508566696171556e+02,8.836176175161616584e+02,8.840853336143243268e+02,8.845540699287678308e+02,8.850238942153745256e+02,8.854948767204786009e+02,8.859670897699293164e+02,8.864406072334882083e+02,8.869155038516244076e+02,8.873918544147927605e+02,8.878697327900324581e+02,8.883492107967931588e+02,8.888303569436347971e+02,8.893132350504470196e+02,8.897979027973846087e+02,8.902844102621909315e+02,8.907727985318365427e+02,8.912630985021388597e+02,8.917553300090244193e+02,8.922495014655637533e+02,8.927456102066387302e+02,8.932436437638124289e+02,8.937435823005257589e+02,8.942454024247516600e+02,8.947490825536320926e+02,8.952546099229413130e+02,8.957619892040099785e+02,8.962712525050530985e+02,8.967824702894459961e+02,8.972957624448868046e+02,8.978113083974825486e+02,8.983293548100725729e+02,8.988502190710732975e+02,8.993742865219819578e+02,8.999019992441841396e+02,9.004338343012702808e+02,9.009702696649806057e+02,9.015117367179161647e+02,9.020585592390743841e+02,9.026108802140113312e+02,9.031685795815980100e+02,9.037311881871778496e+02,9.042978053418744366e+02,9.048670294069991087e+02,9.054369118244759420e+02,9.060049465220164393e+02,9.065681122656507114e+02,9.071230073979572808e+02,9.076661549591074163e+02,9.081945516005438321e+02,9.087062594319369282e+02,9.091999462641427954e+02,9.096708760414952621e+02,9.101009922627129072e+02,9.104480593156581563e+02,9.106608153471221385e+02,9.107821536850193525e+02,9.112246391113709478e+02,9.132401885297115314e+02,9.191345913119305351e+02,9.271914867716458275e+02
8.377795931562206988e+02,8.377795931526942468e+02,8.377799082488886597e+02,8.377805383601704534e+02,8.377814833175519880e+02,8.377827428682722939e+02,8.377843166766624563e+02,8.377862043252913509e+02,8.377884053163800218e+02,8.377909190734785625e+02,8.377937449433918573e+02,8.377968821983416774e+02,8.378003300383516034e+02,8.378040875938401086e+02,8.378081539284049768e+02,8.378125280417851855e+02,8.378172088729820643e+02,8.378221953035249498e+02,8.378274861608645097e+02,8.378330802218782765e+02,8.378389762164741796e+02,8.378451728312759315e+02,8.378516687133778760e+02,8.378584624741553171e+02,8.378655526931198665e+02,8.378729379218059421e+02,8.378806166876805719e+02,8.378885874980661583e+02,8.378968488440661986e+02,8.379053992044885035e+02,8.379142370497567072e+02,8.379233608458051776e+02,8.379327690579500540e+02,8.379424601547319753e+02,8.379524326117261808e+02,8.379626849153144121e+02,8.379732155664144102e+02,8.379840230841656421e+02,8.379951060095642106e+02,8.380064629090463768e+02,8.380180923780162630e+02,8.380299930443135281e+02,8.380421635716206765e+02,8.380546026628039726e+02,8.380673090631855757e+02,8.380802815637454160e+02,8.380935190042462182e+02,8.381070202762815597e+02,8.381207843262405959e+02,8.381348101581877472e+02,8.381490968366521201e+02,8.381636434893238174e+02,8.381784493096510005e+02,8.381935135593356563e+02,8.382088355707210212e+02,8.382244147490665682e+02,8.382402505747063515e+02,8.382563426050819544e+02,8.382726904766481084e+02,8.382892939066400686e+02,8.383061526947001312e+02,8.383232667243521519e+02,8.383406359643181531e+02,8.383582604696686076e+02,8.383761403827951426e+02,8.383942759341973670e+02,8.384126674430722233e+02,8.384313153176940432e+02,8.384502200555722311e+02,8.384693822433725927e+02,8.384888025565873022e+02,8.385084817589372506e+02,8.385284207014869935e+02,8.385486203214550187e+02,8.385690816406957993e+02,8.385898057638313503e+02,8.386107938760062552e+02,8.386320472402377391e+02,8.386535671943307761e+02,8.386753551473235575e+02,8.386974125754276201e+02,8.387197410174202332e+02,8.387423420694461811e+02,8.387652173791793757e+02,8.387883686392893878e+02,8.388117975801563944e+02,8.388355059617671259e+02,8.388594955647225788e+02,8.388837681802793895e+02,8.389083255993376724e+02,8.389331696002809622e+02,8.389583019355635543e+02,8.389837243169256453e+02,8.390094383991061022e+02,8.390354457619046116e+02,8.390617478904235895e+02,8.390883461533045420e+02,8.391152417787427567e+02,8.391424358280451088e+02,8.391699291664681368e+02,8.391977224310497832e+02,8.392258159951344396e+02,8.392542099292771809e+02,8.392829039582164796e+02,8.393118974136147017e+02,8.393411891822788675e+02,8.393707776495915596e+02,8.394006606378814013e+02,8.394308353394602591e+02,8.394612982440805808e+02,8.394920450606512077e+02,8.395230706331309420e+02,8.395543688506057833e+02,8.395859325504428625e+02,8.396177534101038873e+02,8.396498218174193653e+02,8.396821267053542215e+02,8.397146553236524369e+02,8.397473929822449463e+02,8.397803228762741128e+02,8.398134261952491215e+02,8.398466827281481528e+02,8.398800733784378281e+02,8.399135807476656055e+02,8.399471881307102876e+02,8.399808762674939544e+02,8.400146163342053569e+02,8.400483189671534774e+02,8.400817664169063619e+02,8.401150549913265877e+02,8.401489655874909204e+02,8.401879966231205117e+02,8.402330330027651826e+02,8.402847338638646306e+02,8.403441234023157449e+02,8.404125700921119915e+02,8.404916343846977043e+02,8.405830216977927876e+02,8.406886625356791001e+02,8.408107993962586306e+02,8.409520355503162818e+02,8.411153695707810130e+02,8.413042306294705668e+02,8.415225165893745043e+02,8.417745826305783794e+02,8.420651403416625271e+02,8.423998979817931740e+02,8.427706780128222590e+02,8.431882539891704482e+02,8.435992176204003954e+02,8.439937524781425964e+02,8.443735154075625360e+02,8.447404508578092646e+02,8.450983438951319613e+02,8.454509860184967920e+02,8.458025891756492456e+02,8.461567713223648752e+02,8.465164362211843354e+02,8.468833337048457679e+02,8.472582057459632097e+02,8.476409219233833028e+02,8.480308474861519699e+02,8.484271169709281821e+02,8.488288638969358999e+02,8.492353294252429805e+02,8.496458877677650889e+02,8.500600339164610659e+02,8.504773425029413829e+02,8.508974485563644521e+02,8.513200236205851752e+02,8.517447753077506150e+02,8.521714400677118419e+02,8.525997868750336011e+02,8.530296137123215203e+02,8.534607485915944380e+02,8.538930462856041004e+02,8.543263872452550913e+02,8.547606745307089113e+02,8.551958318145686917e+02,8.556318005424677722e+02,8.560685376172310725e+02,8.565060127861468118e+02,8.569442063396982121e+02,8.573831067941489437e+02,8.578227088286172375e+02,8.582630113513929473e+02,8.587040158126409324e+02,8.591457247138678213e+02,8.595881403597244343e+02,8.600312638270319212e+02,8.604750941619194009e+02,8.609196277854707660e+02,8.613648581012331533e+02,8.618107752844287006e+02,8.622573662370240299e+02,8.627046146865164928e+02,8.631525014074787805e+02,8.636010045418184973e+02,8.640500999942211138e+02,8.644997618784377664e+02,8.649499629917968377e+02,8.654006752972036338e+02,8.658518703957411162e+02,8.663035199768596613e+02,8.667555962374694900e+02,8.672080722645229116e+02,8.676609223779959166e+02,8.681141224319111416e+02,8.685676500717784165e+02,8.690214849476425343e+02,8.694756088834282082e+02,8.699300060046352883e+02,8.703846628277929085e+02,8.708395683158668135e+02,8.712947139044244977e+02,8.717500935035229759e+02,8.722057034803998476e+02,8.726615426278760879e+02,8.731176121232232390e+02,8.735739154818877523e+02,8.740304585101484918e+02,8.744872492603169576e+02,8.749442979916913146e+02,8.754016171399665609e+02,8.758592212973836695e+02,8.763171272053864413e+02,8.767753537611354204e+02,8.772339220387202658e+02,8.776928553254792860e+02,8.781521791733107420e+02,8.786119214643864552e+02,8.790721124900888981e+02,8.795327850414275872e+02,8.799939745084870992e+02,8.804557189857433741e+02,8.809180593792169702e+02,8.813810395105223279e+02,8.818447062118088979e+02,8.823091094044822285e+02,8.827743021533499359e+02,8.832403406865975057e+02,8.837072843706901040e+02,8.841751956281060529e+02,8.846441397847088410e+02,8.851141848327943080e+02,8.855854010954680007e+02,8.860578607783180587e+02,8.865316373955004110e+02,8.870068050597643605e+02,8.874834376298416601e+02,8.879616077145187774e+02,8.884413855409086409e+02,8.889228377054505472e+02,8.894060258402565751e+02,8.898910052449363093e+02,8.903778235548795692e+02,8.908665195409674880e+02,8.913571221618822165e+02,8.918496500171870593e+02,8.923441113746331439e+02,8.928405049652924390e+02,8.933388217502111956e+02,8.938390478563047736e+02,8.943411688497736804e+02,8.948451754544346386e+02,8.953510707219578535e+02,8.958588785144659141e+02,8.963686529636700016e+02,8.968804883262648673e+02,8.973945283718180690e+02,8.979109741351164757e+02,8.984300885694476619e+02,8.989521963896672787e+02,8.994776772442709216e+02,9.000069503562872342e+02,9.005404489823062022e+02,9.010785835011612335e+02,9.016216927066394646e+02,9.021699839473781140e+02,9.027234641546393732e+02,9.032818654495825967e+02,9.038445709020118102e+02,9.044105478328232266e+02,9.049782976028420762e+02,9.055458313122078380e+02,9.061106802793531187e+02,9.066699496205075093e+02,9.072204297859613007e+02,9.077588038736249700e+02,9.082820220985768174e+02,9.087878722965167526e+02,9.092754264684937198e+02,9.097441282377754987e+02,9.101891528964686131e+02,9.105915470728294849e+02,9.109095897855701196e+02,9.110984401739444820e+02,9.112148501340578832e+02,9.116786122963716252e+02,9.136937067797666714e+02,9.193439265534562992e+02,9.269262046601235170e+02
8.378036223699682523e+02,8.378036223663381179e+02,8.378039424101377790e+02,8.378045824142425317e+02,8.378055422046744525e+02,8.378068215211696952e+02,8.378084200180221615e+02,8.378103372652021790e+02,8.378125727497387061e+02,8.378151258773594918e+02,8.378179959743765721e+02,8.378211822898072114e+02,8.378246839977163063e+02,8.378285001997672907e+02,8.378326299279671048e+02,8.378370721475913570e+02,8.378418257602735366e+02,8.378468896072431562e+02,8.378522624726998629e+02,8.378579430873060119e+02,8.378639301317849686e+02,8.378702222406110423e+02,8.378768180057772952e+02,8.378837159806283807e+02,8.378909146837471553e+02,8.378984126028828996e+02,8.379062081989106900e+02,8.379142999098130531e+02,8.379226861546723057e+02,8.379313653376688080e+02,8.379403358520731899e+02,8.379495960842285740e+02,8.379591444175144943e+02,8.379689792362864864e+02,8.379790989297857777e+02,8.379895018960145308e+02,8.380001865455692496e+02,8.380111513054304169e+02,8.380223946227029046e+02,8.380339149683010191e+02,8.380457108405769304e+02,8.380577807688864596e+02,8.380701233170892692e+02,8.380827370869782271e+02,8.380956207216361236e+02,8.381087729087132630e+02,8.381221923836242240e+02,8.381358779326582180e+02,8.381498283960003164e+02,8.381640426706572953e+02,8.381785197132860503e+02,8.381932585429192386e+02,8.382082582435821223e+02,8.382235179667985676e+02,8.382390369339788094e+02,8.382548144386846616e+02,8.382708498487666020e+02,8.382871426083673896e+02,8.383036922397839135e+02,8.383204983451840917e+02,8.383375606081684737e+02,8.383548787951712029e+02,8.383724527566904499e+02,8.383902824283424025e+02,8.384083678317255135e+02,8.384267090750887519e+02,8.384453063537898743e+02,8.384641599505339400e+02,8.384832702353781997e+02,8.385026376654883506e+02,8.385222627846338810e+02,8.385421462224026072e+02,8.385622886931184894e+02,8.385826909944430554e+02,8.386033540056380389e+02,8.386242786854671749e+02,8.386454660697107784e+02,8.386669172682666158e+02,8.386886334618054661e+02,8.387106158979484007e+02,8.387328658869308811e+02,8.387553847967103593e+02,8.387781740474774779e+02,8.388012351055197087e+02,8.388245694763858182e+02,8.388481786972942018e+02,8.388720643287207395e+02,8.388962279450984170e+02,8.389206711245511769e+02,8.389453954375817375e+02,8.389704024346187907e+02,8.389956936323245600e+02,8.390212704985478922e+02,8.390471344357977159e+02,8.390732867630932788e+02,8.390997286960322299e+02,8.391264613248941941e+02,8.391534855905777022e+02,8.391808022581452633e+02,8.392084118877269248e+02,8.392363148025192459e+02,8.392645110536011543e+02,8.392930003812930408e+02,8.393217821728017043e+02,8.393508554159195683e+02,8.393802186485879702e+02,8.394098699041501277e+02,8.394398066521112014e+02,8.394700257341813767e+02,8.395005232953932364e+02,8.395312947103201395e+02,8.395623345048234114e+02,8.395936362749056343e+02,8.396251926034314010e+02,8.396569949700342477e+02,8.396890336369083343e+02,8.397212974818744442e+02,8.397537736854509376e+02,8.397864473007226707e+02,8.398193008670746167e+02,8.398523144310423731e+02,8.398854663390534370e+02,8.399187396728934800e+02,8.399521246490829753e+02,8.399856200977658318e+02,8.400192353197525108e+02,8.400529964501248514e+02,8.400868355487898498e+02,8.401203845238759413e+02,8.401545001232663026e+02,8.401939713178808233e+02,8.402397961965575632e+02,8.402926104022769778e+02,8.403533487044329604e+02,8.404233060613620410e+02,8.405040432489198565e+02,8.405973105238948619e+02,8.407050750406918951e+02,8.408296001372852970e+02,8.409735100759447732e+02,8.411398335317044257e+02,8.413320601980541369e+02,8.415542243014670021e+02,8.418110552787027245e+02,8.421082376656083852e+02,8.424528940737709490e+02,8.428497248581879830e+02,8.432420879359098080e+02,8.436481712328518370e+02,8.440436199414637031e+02,8.444269268985802910e+02,8.447979174061516687e+02,8.451600317515102461e+02,8.455165625553382824e+02,8.458714922459469108e+02,8.462282153073864492e+02,8.465896486059933750e+02,8.469576788714554141e+02,8.473332918305690100e+02,8.477165818032334528e+02,8.481070804728271924e+02,8.485039915418624332e+02,8.489064518058148678e+02,8.493136609977423177e+02,8.497249483337959646e+02,8.501397719100516497e+02,8.505576895805708091e+02,8.509783319537164061e+02,8.514013756322583504e+02,8.518265354337006556e+02,8.522535557181171271e+02,8.526822123244066916e+02,8.531123094459661615e+02,8.535436807234075332e+02,8.539761861881574987e+02,8.544097112519173152e+02,8.548441635616933354e+02,8.552794709954597465e+02,8.557155787326047403e+02,8.561524469415977592e+02,8.565900481295800546e+02,8.570283648622522605e+02,8.574673874475771527e+02,8.579071119059999546e+02,8.583475380627385221e+02,8.587886679038639386e+02,8.592305041277055579e+02,8.596730489472200816e+02,8.601163031089138258e+02,8.605602651424744636e+02,8.610049308167014033e+02,8.614502927955369387e+02,8.618963404714355647e+02,8.623430599597517130e+02,8.627904342307332399e+02,8.632384433578434937e+02,8.636870648583055754e+02,8.641362741027902530e+02,8.645860447708812444e+02,8.650363493306799683e+02,8.654871595229301420e+02,8.659384468332688130e+02,8.663901829398855625e+02,8.668423401276580762e+02,8.672948916632166174e+02,8.677478121278818435e+02,8.682010777070515815e+02,8.686546664353923006e+02,8.691085583980095635e+02,8.695627358886945331e+02,8.700171835275865533e+02,8.704718883416550170e+02,8.709268398123224415e+02,8.713820298950237202e+02,8.718374530157748268e+02,8.722931060497874114e+02,8.727489882870590918e+02,8.732051013895780898e+02,8.736614493444855043e+02,8.741180384171160540e+02,8.745748771074432852e+02,8.750319761129759399e+02,8.754893483007119812e+02,8.759470086902707635e+02,8.764049744498739756e+02,8.768632649063633835e+02,8.773219015699941110e+02,8.777809081742429953e+02,8.782403107303957768e+02,8.787001375961283429e+02,8.791604195567441593e+02,8.796211899170828019e+02,8.800824846014292007e+02,8.805443422579545540e+02,8.810068043633609705e+02,8.814699153224129304e+02,8.819337225559917215e+02,8.823982765701420021e+02,8.828636309973925336e+02,8.833298426003836994e+02,8.837969712266573197e+02,8.842650797023725318e+02,8.847342336518701131e+02,8.852045012295055813e+02,8.856759527502430274e+02,8.861486602063007467e+02,8.866226966590068059e+02,8.870981354981724962e+02,8.875750495661595778e+02,8.880535101506638966e+02,8.885335858595296941e+02,8.890153414028636689e+02,8.894988363226698311e+02,8.899841237281359554e+02,8.904712491154601821e+02,8.909602493740082991e+02,8.914511521045558311e+02,8.919439753984247545e+02,8.924387282457400943e+02,8.929354117528924917e+02,8.934340213487226947e+02,8.939345501398438500e+02,8.944369935312471398e+02,8.949413551518658778e+02,8.954476540100882858e+02,8.959559326472078737e+02,8.964662658574252418e+02,8.969787693066529073e+02,8.974936071222165310e+02,8.980109972631331630e+02,8.985312132473691236e+02,8.990545806470897787e+02,8.995814667115066641e+02,9.001122615854017113e+02,9.006473499059811729e+02,9.011870721133848292e+02,9.017316756266576476e+02,9.022812571092473490e+02,9.028356983635569577e+02,9.033945998744806047e+02,9.039572175977862116e+02,9.045224100394109428e+02,9.050886037771182373e+02,9.056537857413707115e+02,9.062155293924180341e+02,9.067710592467808510e+02,9.073173571231810683e+02,9.078513213892659905e+02,9.083700161738136103e+02,9.088710717006720188e+02,9.093532161299064001e+02,9.098165134667552820e+02,9.102609943213481074e+02,9.106815360789531724e+02,9.110583219069541201e+02,9.113504456465196881e+02,9.115193152102690419e+02,9.116337099368381587e+02,9.121171896661186338e+02,9.141245110805725744e+02,9.195391075092757092e+02,9.266837506195215610e+02
8.378275571315155048e+02,8.378275571277706604e+02,8.378278821783962940e+02,8.378285321935159118e+02,8.378295069936436903e+02,8.378308063102400638e+02,8.378324297865408425e+02,8.378343769786549728e+02,8.378366473569242316e+02,8.378392403075361017e+02,8.378421551343822102e+02,8.378453910611489164e+02,8.378489472336316339e+02,8.378528227222577698e+02,8.378570165248070225e+02,8.378615275693144895e+02,8.378663547171423716e+02,8.378714967662076560e+02,8.378769524543492935e+02,8.378827204628236132e+02,8.378887994199113791e+02,8.378951879046252316e+02,8.379018844505031893e+02,8.379088875494761623e+02,8.379161956557975373e+02,8.379238071900228988e+02,8.379317205430292006e+02,8.379399340800644040e+02,8.379484461448155344e+02,8.379572550634881054e+02,8.379663591488874772e+02,8.379757567044949838e+02,8.379854460285296227e+02,8.379954254179908730e+02,8.380056931726734319e+02,8.380162475991490965e+02,8.380270870147098776e+02,8.380382097512657538e+02,8.380496141591925152e+02,8.380612986111243572e+02,8.380732615056857640e+02,8.380855012711583640e+02,8.380980163690776408e+02,8.381108052977548368e+02,8.381238665957195053e+02,8.381371988450786148e+02,8.381508006747861828e+02,8.381646707638211637e+02,8.381788078442660890e+02,8.381932107042852067e+02,8.382078781909934833e+02,8.382228092132157826e+02,8.382380027441281527e+02,8.382534578237768983e+02,8.382691735614716890e+02,8.382851491380446305e+02,8.383013838079725701e+02,8.383178769013536566e+02,8.383346278257344011e+02,8.383516360677787134e+02,8.383689011947730023e+02,8.383864228559591538e+02,8.384042007836873154e+02,8.384222347943806426e+02,8.384405247893009800e+02,8.384590707551068363e+02,8.384778727641922842e+02,8.384969309747946227e+02,8.385162456308587480e+02,8.385358170616434563e+02,8.385556456810550117e+02,8.385757319866924036e+02,8.385960765585856507e+02,8.386166800576073683e+02,8.386375432235391827e+02,8.386586668727672986e+02,8.386800518955835742e+02,8.387016992530665220e+02,8.387236099735091557e+02,8.387457851483644617e+02,8.387682259276705281e+02,8.387909335149180379e+02,8.388139091613149958e+02,8.388371541594045766e+02,8.388606698359817528e+02,8.388844575442553833e+02,8.389085186551928928e+02,8.389328545479817194e+02,8.389574665995348823e+02,8.389823561729613175e+02,8.390075246049123052e+02,8.390329731917104255e+02,8.390587031741489454e+02,8.390847157208457929e+02,8.391110119100136444e+02,8.391375927094956069e+02,8.391644589548936892e+02,8.391916113255996379e+02,8.392190503185145189e+02,8.392467762192271721e+02,8.392747890704043812e+02,8.393030886371469705e+02,8.393316743690734256e+02,8.393605453589335639e+02,8.393897002976081012e+02,8.394191374254123730e+02,8.394488544796556653e+02,8.394788486383413328e+02,8.395091164597195075e+02,8.395396538172906276e+02,8.395704558302536498e+02,8.396015167902693292e+02,8.396328300895264647e+02,8.396643881565681795e+02,8.396961823995067107e+02,8.397282031326071774e+02,8.397604394431515402e+02,8.397928787333428318e+02,8.398255059129724032e+02,8.398583023969633814e+02,8.398912453846450035e+02,8.399243073937788040e+02,8.399574712820769946e+02,8.399907349550394429e+02,8.400241185656374228e+02,8.400576861053199309e+02,8.400916277884728061e+02,8.401260797392942550e+02,8.401606898686331988e+02,8.402006690911250644e+02,8.402472820009098768e+02,8.403012049075225605e+02,8.403633260528076789e+02,8.404348777430178643e+02,8.405173984701365271e+02,8.406126678440311935e+02,8.407226967609631174e+02,8.408497846384997274e+02,8.409965872443311810e+02,8.411661907569242658e+02,8.413621695561281513e+02,8.415887093957736624e+02,8.418507664307328469e+02,8.421541836810458790e+02,8.425049970950664147e+02,8.429037834869756125e+02,8.433076693636546679e+02,8.437025524902036295e+02,8.440950811454575842e+02,8.444807401322415217e+02,8.448554687722225935e+02,8.452217189313629433e+02,8.455820272328279543e+02,8.459402464109491575e+02,8.462995703262603229e+02,8.466629177098121772e+02,8.470322387523592624e+02,8.474087073076133265e+02,8.477926134399619968e+02,8.481836634767965961e+02,8.485811576606105291e+02,8.489842647678038929e+02,8.493921627996392090e+02,8.498041425010114835e+02,8.502196226210209034e+02,8.506381375861436709e+02,8.510593077294574869e+02,8.514828114426426282e+02,8.519083697647342888e+02,8.523357354166973892e+02,8.527646917667419757e+02,8.531950498507687826e+02,8.536266492110589752e+02,8.540593552708194238e+02,8.544930583847542493e+02,8.549276707500252996e+02,8.553631243810881415e+02,8.557993681190064308e+02,8.562363653096845155e+02,8.566740911226363551e+02,8.571125302920291915e+02,8.575516748069840105e+02,8.579915219192555469e+02,8.584320722651199276e+02,8.588733282680428829e+02,8.593152927336078619e+02,8.597579677040179149e+02,8.602013535272863010e+02,8.606454481598220809e+02,8.610902466722889130e+02,8.615357409538673892e+02,8.619819195889576804e+02,8.624287678902151129e+02,8.628762680628456110e+02,8.633243994790799434e+02,8.637731390382812151e+02,8.642224615903230642e+02,8.646723403993858028e+02,8.651227476276563948e+02,8.655736548201089136e+02,8.660250333748275580e+02,8.664768549864742226e+02,8.669290920541994865e+02,8.673817180484153369e+02,8.678347078335767719e+02,8.682880379459385267e+02,8.687416868265028143e+02,8.691956350101227144e+02,8.696498652725249485e+02,8.701043627378655856e+02,8.705591149503770794e+02,8.710141119144137747e+02,8.714693461077366692e+02,8.719248124730819427e+02,8.723805083930686806e+02,8.728364336533077221e+02,8.732925903982988984e+02,8.737489830843392156e+02,8.742056184332608382e+02,8.746625053903804883e+02,8.751196550895859900e+02,8.755770808280191204e+02,8.760347980523525848e+02,8.764928243581840661e+02,8.769511795036115700e+02,8.774098854375756673e+02,8.778689663430717474e+02,8.783284486948249423e+02,8.787883613304743449e+02,8.792487355337191275e+02,8.797096051272221757e+02,8.801710065723343632e+02,8.806329790718882577e+02,8.810955646714008935e+02,8.815588083530326458e+02,8.820227581155656935e+02,8.824874650325240282e+02,8.829529832793804189e+02,8.834193701196356869e+02,8.838866858384759553e+02,8.843549936118236019e+02,8.848243592979937375e+02,8.852948511390378599e+02,8.857665393593495082e+02,8.862394956505038408e+02,8.867137925338035984e+02,8.871895025959728400e+02,8.876666975991269055e+02,8.881454474739317675e+02,8.886258192149836077e+02,8.891078757101690826e+02,8.895916745511341333e+02,8.900772668899412565e+02,8.905646964270042645e+02,8.910539986366610492e+02,8.915452003577070172e+02,8.920383198947441770e+02,8.925333677891511570e+02,8.930303484219134589e+02,8.935292625994735545e+02,8.940301112425896690e+02,8.945329002409054056e+02,8.950376464470175506e+02,8.955443846590839030e+02,8.960531752790997189e+02,8.965641121377326499e+02,8.970773297548730625e+02,8.975930090737244882e+02,8.981113804891026575e+02,8.986327228189932157e+02,8.991573567794762312e+02,8.996856315575421377e+02,9.002179032729238770e+02,9.007545045132025052e+02,9.012957047365860035e+02,9.018416621717756243e+02,9.023923688835988060e+02,9.029475918799801093e+02,9.035068144258646043e+02,9.040691830074142672e+02,9.046334664714112250e+02,9.051980345529118495e+02,9.057608628890545788e+02,9.063195702845539472e+02,9.068714909618671527e+02,9.074137807584926350e+02,9.079435556945607004e+02,9.084580727455986562e+02,9.089549899897448313e+02,9.094327554915714700e+02,9.098910562786797982e+02,9.103308158798751037e+02,9.107524074103898784e+02,9.111502137258394214e+02,9.115036107481502086e+02,9.117727417845351283e+02,9.119250135234195795e+02,9.120395822666372396e+02,9.125409392358455989e+02,9.145341554469197263e+02,9.197214585607174513e+02,9.264615919175982981e+02
8.378513955409878236e+02,8.378513955371176962e+02,8.378517256557609016e+02,8.378523858040350660e+02,8.378533757964389679e+02,8.378546953554013044e+02,8.378563441120988955e+02,8.378583216075414839e+02,8.378606272939155133e+02,8.378632605361810874e+02,8.378662206139114232e+02,8.378695067233671807e+02,8.378731179797932782e+02,8.378770534199285294e+02,8.378813120047130951e+02,8.378858926221851107e+02,8.378907940905484111e+02,8.378960151614035112e+02,8.379015545231230817e+02,8.379074108043624847e+02,8.379135825776903630e+02,8.379200683633258677e+02,8.379268666329709276e+02,8.379339758137242598e+02,8.379413942920649561e+02,8.379491204178953012e+02,8.379571525086297470e+02,8.379654888533217445e+02,8.379741277168161560e+02,8.379830673439195152e+02,8.379923059635774507e+02,8.380018417930518808e+02,8.380116730420882050e+02,8.380217979170668059e+02,8.380322146251289723e+02,8.380429213782722400e+02,8.380539163974066241e+02,8.380651979163662872e+02,8.380767641858707293e+02,8.380886134774277707e+02,8.381007440871740073e+02,8.381131543396467123e+02,8.381258425914816144e+02,8.381388072350305265e+02,8.381520467018945055e+02,8.381655594663673128e+02,8.381793440487828093e+02,8.381933990187625341e+02,8.382077229983576672e+02,8.382223146650809440e+02,8.382371727548223816e+02,8.382522960646444972e+02,8.382676834554515608e+02,8.382833338545278821e+02,8.382992462579388757e+02,8.383154197327899055e+02,8.383318534193371079e+02,8.383485465329438284e+02,8.383654983658765332e+02,8.383827082889331450e+02,8.384001757528974395e+02,8.384179002898109729e+02,8.384358815140554952e+02,8.384541191232364099e+02,8.384726128988583014e+02,8.384913627067828656e+02,8.385103684974576481e+02,8.385296303059052434e+02,8.385491482514587460e+02,8.385689225372315150e+02,8.385889534493046540e+02,8.386092413556182237e+02,8.386297867045479961e+02,8.386505900231480837e+02,8.386716519150410249e+02,8.386929730579321358e+02,8.387145542007234553e+02,8.387363961602022755e+02,8.387584998172749238e+02,8.387808661127130563e+02,8.388034960423800612e+02,8.388263906518968724e+02,8.388495510307077438e+02,8.388729783054992595e+02,8.388966736329222158e+02,8.389206381915645352e+02,8.389448731731135922e+02,8.389693797726472440e+02,8.389941591779818282e+02,8.390192125580042557e+02,8.390445410499031595e+02,8.390701457452098566e+02,8.390960276745478268e+02,8.391221877909749765e+02,8.391486269517941992e+02,8.391753458986869418e+02,8.392023452360099327e+02,8.392296254070753321e+02,8.392571866682185373e+02,8.392850290604390011e+02,8.393131523783903276e+02,8.393415561364968198e+02,8.393702395319975267e+02,8.393992014047803423e+02,8.394284401939652298e+02,8.394579538913100123e+02,8.394877399915756087e+02,8.395177954398168367e+02,8.395481165750584296e+02,8.395786990692198515e+02,8.396095378604946973e+02,8.396406270813511128e+02,8.396719599925760349e+02,8.397035289438375685e+02,8.397353253783304581e+02,8.397673398629366375e+02,8.397995621305387886e+02,8.398319804537298978e+02,8.398645801926620607e+02,8.398973414741661827e+02,8.399302362109426667e+02,8.399632210462713147e+02,8.399962719249522252e+02,8.400293883017267262e+02,8.400626092498597473e+02,8.400960939736469300e+02,8.401305258652852217e+02,8.401671569416876082e+02,8.402079772047563893e+02,8.402554366275952589e+02,8.403104745089611924e+02,8.403739984386264723e+02,8.404472036758711511e+02,8.405316016927707778e+02,8.406289842721073455e+02,8.407414030579975588e+02,8.408712003284607590e+02,8.410210768189215287e+02,8.411941468921385194e+02,8.413940634852455105e+02,8.416250341447499750e+02,8.418919370343072615e+02,8.422002558364937386e+02,8.425550972277452502e+02,8.429553140988987252e+02,8.433603195968090631e+02,8.437607704315778392e+02,8.441508522409648094e+02,8.445359994320366468e+02,8.449132907791229172e+02,8.452834030733718009e+02,8.456474520566761157e+02,8.460089657545197497e+02,8.463709171696962130e+02,8.467362625789776303e+02,8.471069867304765921e+02,8.474844133274340265e+02,8.478689903371399623e+02,8.482605913389207899e+02,8.486586260597305227e+02,8.490623193193782754e+02,8.494708482228089679e+02,8.498834764174531529e+02,8.502995853368738608e+02,8.507186817613769563e+02,8.511403700906292897e+02,8.515643260827758922e+02,8.519902748618637816e+02,8.524179771676324435e+02,8.528472243442305398e+02,8.532778349197933494e+02,8.537096547326689233e+02,8.541425548148156395e+02,8.545764304806118616e+02,8.550111984468827586e+02,8.554467947868121200e+02,8.558831719284140718e+02,8.563202963064373989e+02,8.567581456602797516e+02,8.571967067900318398e+02,8.576359732596058620e+02,8.580759434443295959e+02,8.585166186874881760e+02,8.589580017527608788e+02,8.594000954652224209e+02,8.598429016194763790e+02,8.602864200997752278e+02,8.607306482357248569e+02,8.611755803577465258e+02,8.616212075489928566e+02,8.620675175645953914e+02,8.625144949024445395e+02,8.629621209988915780e+02,8.634103745284761544e+02,8.638592317828026808e+02,8.643086671067738962e+02,8.647586533698712401e+02,8.652091624528868579e+02,8.656601657321430139e+02,8.661116345464605502e+02,8.665635406350530729e+02,8.670158565379841775e+02,8.674685559538291955e+02,8.679216140518936982e+02,8.683750077383193684e+02,8.688287158768371228e+02,8.692827194658357257e+02,8.697370017741183119e+02,8.701915484383728199e+02,8.706463475260877658e+02,8.711013895682609700e+02,8.715566675667147365e+02,8.720121769810302794e+02,8.724679157001104386e+02,8.729238840031745212e+02,8.733800845146905658e+02,8.738365221573553754e+02,8.742932041068236231e+02,8.747501397514256496e+02,8.752073406596650784e+02,8.756648205578120496e+02,8.761225953194492604e+02,8.765806829683546084e+02,8.770391036956402786e+02,8.774978798915859670e+02,8.779570361921124686e+02,8.784165995393173034e+02,8.788765992549296016e+02,8.793370671249260795e+02,8.797980374928663423e+02,8.802595473587410879e+02,8.807216364792946024e+02,8.811843474648386518e+02,8.816477258665764793e+02,8.821118202473682004e+02,8.825766822277561232e+02,8.830423664979390423e+02,8.835089307853294258e+02,8.839764357663971168e+02,8.844449449108248018e+02,8.849145242456971800e+02,8.853852420276889461e+02,8.858571683121947444e+02,8.863303744103033068e+02,8.868049322276949624e+02,8.872809134842326557e+02,8.877583888194974406e+02,8.882374267980470677e+02,8.887180928389811925e+02,8.892004481075591684e+02,8.896845484221129254e+02,8.901704432469749690e+02,8.906581748609750093e+02,8.911477778100661453e+02,8.916392787701377074e+02,8.921326969595467062e+02,8.926280452471993385e+02,8.931253320970134837e+02,8.936245644686761125e+02,8.941257517525657477e+02,8.946289107486243211e+02,8.951340716006372986e+02,8.956412844667188438e+02,8.961506265447238775e+02,8.966622088834587885e+02,8.971761822081548416e+02,8.976927407897054536e+02,8.982121232161052831e+02,8.987346088119256819e+02,8.992605084315218846e+02,8.997901484591315011e+02,9.003238471151128124e+02,9.008618826162612550e+02,9.014044533788668332e+02,9.019516312800885771e+02,9.025033099747297456e+02,9.030591513486582471e+02,9.036185342872969386e+02,9.041805109401275331e+02,9.047437764091417876e+02,9.053066581099434416e+02,9.058671306742428442e+02,9.064228608826050504e+02,9.069712843144338876e+02,9.075097112814999036e+02,9.080354558146593718e+02,9.085459833945840273e+02,9.090390886106790731e+02,9.095131414911531920e+02,9.099674384187675287e+02,9.104025418717235425e+02,9.108200339377149248e+02,9.112203746438185590e+02,9.115972949750885164e+02,9.119294443595789517e+02,9.121782102324843891e+02,9.123167184267629182e+02,9.124330477341092092e+02,9.129502851893035995e+02,9.149239501518237603e+02,9.198921185479326823e+02,9.262575374701650617e+02
8.378751355986153158e+02,8.378751355946095600e+02,8.378754708446771247e+02,8.378761412526793038e+02,8.378771466266003927e+02,8.378784866790915657e+02,8.378801610282841921e+02,8.378821691988667908e+02,8.378845106234216473e+02,8.378871846440119953e+02,8.378901905140153303e+02,8.378935274001892139e+02,8.378971943849647914e+02,8.379011904689527910e+02,8.379055145736534769e+02,8.379101655443573691e+02,8.379151421532249060e+02,8.379204431025316353e+02,8.379260670280673367e+02,8.379320125026745245e+02,8.379382780399153035e+02,8.379448620978517965e+02,8.379517630829292330e+02,8.379589793539482798e+02,8.379665092261153632e+02,8.379743509751579040e+02,8.379825028414951475e+02,8.379909630344513971e+02,8.379997297365031272e+02,8.380088011075482655e+02,8.380181752891884344e+02,8.380278504090157412e+02,8.380378245848926326e+02,8.380480959292195848e+02,8.380586625531790332e+02,8.380695225709501983e+02,8.380806741038852579e+02,8.380921152846409541e+02,8.381038442612575636e+02,8.381158592011784094e+02,8.381281582952044573e+02,8.381407397613751300e+02,8.381536018487723823e+02,8.381667428412391700e+02,8.381801610610069702e+02,8.381938548722281439e+02,8.382078226844049595e+02,8.382220629557122038e+02,8.382365741962056518e+02,8.382513549709120753e+02,8.382664039027955596e+02,8.382817196755937630e+02,8.382973010365188884e+02,8.383131467988192753e+02,8.383292558441933124e+02,8.383456271250519194e+02,8.383622596666242544e+02,8.383791525688975526e+02,8.383963050083880262e+02,8.384137162397347538e+02,8.384313855971086014e+02,8.384493124954306040e+02,8.384674964313901455e+02,8.384859369842563410e+02,8.385046338164711415e+02,8.385235866740158599e+02,8.385427953865414565e+02,8.385622598672482582e+02,8.385819801125063577e+02,8.386019562012003234e+02,8.386221882937865075e+02,8.386426766310454468e+02,8.386634215325142350e+02,8.386844233945797669e+02,8.387056826882142104e+02,8.387271999563301961e+02,8.387489758107340094e+02,8.387710109286508668e+02,8.387933060487930561e+02,8.388158619669432028e+02,8.388386795310165098e+02,8.388617596355665000e+02,8.388851032156933343e+02,8.389087112403100264e+02,8.389325847047200568e+02,8.389567246224531800e+02,8.389811320163033770e+02,8.390058079085096097e+02,8.390307533100135515e+02,8.390559692087240364e+02,8.390814565567110321e+02,8.391072162562441008e+02,8.391332491445817823e+02,8.391595559774040112e+02,8.391861374107706979e+02,8.392129939814716408e+02,8.392401260856197496e+02,8.392675339553239837e+02,8.392952176332613590e+02,8.393231769449561170e+02,8.393514114685605136e+02,8.393799205019336114e+02,8.394087030268450462e+02,8.394377576702188435e+02,8.394670826625057316e+02,8.394966757934838597e+02,8.395265343659950759e+02,8.395566551478042356e+02,8.395870343205717745e+02,8.396176674229898254e+02,8.396485492845881708e+02,8.396796739447403297e+02,8.397110345781994738e+02,8.397426234763213415e+02,8.397744321502108278e+02,8.398064515825593617e+02,8.398386728545810911e+02,8.398710864956497062e+02,8.399036802387525995e+02,8.399364345960515266e+02,8.399693151418548496e+02,8.400022430793393369e+02,8.400351810135243795e+02,8.400681343215366041e+02,8.401012198425054294e+02,8.401350886830462059e+02,8.401732629997387676e+02,8.402156206343992153e+02,8.402641543892394793e+02,8.403203695050445958e+02,8.403853237354261410e+02,8.404602278222067753e+02,8.405465794856988850e+02,8.406461738342173931e+02,8.407610930270179779e+02,8.408937209689179326e+02,8.410467955529290975e+02,8.412234703586494788e+02,8.414273392238575298e+02,8.416626473644935231e+02,8.419341242614505063e+02,8.422468526927879111e+02,8.426052963009393579e+02,8.430073902601071723e+02,8.434131776388059052e+02,8.438148307491520654e+02,8.442087436863801031e+02,8.445939127020086516e+02,8.449725190246365401e+02,8.453453355117197816e+02,8.457128304152690816e+02,8.460776428547029582e+02,8.464422887356076899e+02,8.468097085687732033e+02,8.471819187056129294e+02,8.475603846522968752e+02,8.479456861600846196e+02,8.483378510417767302e+02,8.487363993802490540e+02,8.491406280049950510e+02,8.495497314853196258e+02,8.499629602656876841e+02,8.503796642367879031e+02,8.507993214825764881e+02,8.512215160776647735e+02,8.516459164216915951e+02,8.520722486240964599e+02,8.525002801671005273e+02,8.529298103544469996e+02,8.533606657228464201e+02,8.537926988892202189e+02,8.542257868125811910e+02,8.546598298576228672e+02,8.550947492570667237e+02,8.555304850671070653e+02,8.559669932252228364e+02,8.564042431645887063e+02,8.568422151061047316e+02,8.572808978183483077e+02,8.577202863394032875e+02,8.581603800640682493e+02,8.586011809408520321e+02,8.590426919773406098e+02,8.594849159308636217e+02,8.599278542722004204e+02,8.603715063577102455e+02,8.608158688384323796e+02,8.612609352647623382e+02,8.617066958853613414e+02,8.621531376079618667e+02,8.626002441068842472e+02,8.630479960490414442e+02,8.634963714179054932e+02,8.639453459101415547e+02,8.643948933837576760e+02,8.648449863358838456e+02,8.652955963914981794e+02,8.657466947859268203e+02,8.661982528272206991e+02,8.666502423272354463e+02,8.671026359935384562e+02,8.675554077771340644e+02,8.680085331736369199e+02,8.684619894775767079e+02,8.689157559910162263e+02,8.693698141887051634e+02,8.698241478426638196e+02,8.702787431096677437e+02,8.707335885855750348e+02,8.711886753309366895e+02,8.716439968726522238e+02,8.720995491866378870e+02,8.725553306664205593e+02,8.730113420823961405e+02,8.734675865361409706e+02,8.739240694137948822e+02,8.743807983420620076e+02,8.748377831499547028e+02,8.752950358389027770e+02,8.757525705634186579e+02,8.762104036240120877e+02,8.766685534736052432e+02,8.771270407382062331e+02,8.775858882521338273e+02,8.780451211075635456e+02,8.785047667176468167e+02,8.789648548918523829e+02,8.794254179215602107e+02,8.798864906732128475e+02,8.803481106855610960e+02,8.808103182666610564e+02,8.812731565853482607e+02,8.817366717508944021e+02,8.822009128734939623e+02,8.826659320971496072e+02,8.831317845954864652e+02,8.835985285200833914e+02,8.840662248901686553e+02,8.845349374120906987e+02,8.850047322169972404e+02,8.854756775057973073e+02,8.859478430919521088e+02,8.864212998351628130e+02,8.868961189628366810e+02,8.873723712815813087e+02,8.878501262881202365e+02,8.883294511981702044e+02,8.888104099230572501e+02,8.892930620372073918e+02,8.897774617948726927e+02,8.902636572711004419e+02,8.907516897191108001e+02,8.912415932525904054e+02,8.917333949749775002e+02,8.922271156860289238e+02,8.927227712954922936e+02,8.932203750606919357e+02,8.937199407348396107e+02,8.942214866615300934e+02,8.947250407741651088e+02,8.952306463544033477e+02,8.957383682707795742e+02,8.962482992605848722e+02,8.967605656426159157e+02,8.972753316687014831e+02,8.977928015569455056e+02,8.983132181238964904e+02,8.988368568749444876e+02,8.993640144526459608e+02,8.998949905105150719e+02,9.004300623987918470e+02,9.009694525332719195e+02,9.015132889684954307e+02,9.020615604956460629e+02,9.026140684935705849e+02,9.031703787168960389e+02,9.037297771167508245e+02,9.042912345462178791e+02,9.048533856616445519e+02,9.054145273466031085e+02,9.059726413745221407e+02,9.065254446066994660e+02,9.070704675365149114e+02,9.076051583330871608e+02,9.081270052251472862e+02,9.086336677337565106e+02,9.091231127051124759e+02,9.095937704570646929e+02,9.100447515624060770e+02,9.104761448089445821e+02,9.108892377706202979e+02,9.112860418555584374e+02,9.116668702791339456e+02,9.120246944533811302e+02,9.123375447078096840e+02,9.125682211899490994e+02,9.126952935951760537e+02,9.128144852098527053e+02,9.133455505995904105e+02,9.152950171412636564e+02,9.200520774408730631e+02,9.260696746987262031e+02
8.378987752023540452e+02,8.378987751982023156e+02,8.378991156455565488e+02,8.378997964447737559e+02,8.379008173968280744e+02,8.379021782038547599e+02,8.379038784699608868e+02,8.379059177023013945e+02,8.379082953124134292e+02,8.379110106178051183e+02,8.379140628437876330e+02,8.379174511255466768e+02,8.379211745104396414e+02,8.379252319605120647e+02,8.379296223552207721e+02,8.379343444943521035e+02,8.379393971011245412e+02,8.379447788254635725e+02,8.379504882474350325e+02,8.379565238808260119e+02,8.379628841768602570e+02,8.379695675280346450e+02,8.379765722720653685e+02,8.379838966959312074e+02,8.379915390400010438e+02,8.379994975022348171e+02,8.380077702424450763e+02,8.380163553866088932e+02,8.380252510312184313e+02,8.380344552476597073e+02,8.380439660866090890e+02,8.380537815824370682e+02,8.380638997576113525e+02,8.380743186270868819e+02,8.380850362026764060e+02,8.380960504973919569e+02,8.381073595297481234e+02,8.381189613280196227e+02,8.381308539344447581e+02,8.381430354093683945e+02,8.381555038353150167e+02,8.381682573209856173e+02,8.381812940051726173e+02,8.381946120605841770e+02,8.382082096975717604e+02,8.382220851677557221e+02,8.382362367675417545e+02,8.382506628415213754e+02,8.382653617857528161e+02,8.382803320509131026e+02,8.382955721453192837e+02,8.383110806378100506e+02,8.383268561604833167e+02,8.383428974112846390e+02,8.383592031564390936e+02,8.383757722327228521e+02,8.383926035495666156e+02,8.384096960909855625e+02,8.384270489173305805e+02,8.384446611668516880e+02,8.384625320570696658e+02,8.384806608859456674e+02,8.384990470328440324e+02,8.385176899592768223e+02,8.385365892094243918e+02,8.385557444104194929e+02,8.385751552723871782e+02,8.385948215882280010e+02,8.386147432331327991e+02,8.386349201638170143e+02,8.386553524174599943e+02,8.386760401103350659e+02,8.386969834361145786e+02,8.387181826638318398e+02,8.387396381354824371e+02,8.387613502632437985e+02,8.387833195262920754e+02,8.388055464671904247e+02,8.388280316878235681e+02,8.388507758448483855e+02,8.388737796446282573e+02,8.388970438376160246e+02,8.389205692121441871e+02,8.389443565875836839e+02,8.389684068068202123e+02,8.389927207280027233e+02,8.390172992155086149e+02,8.390421431300693484e+02,8.390672533179971424e+02,8.390926305994460108e+02,8.391182757556388196e+02,8.391441895149791890e+02,8.391703725379634307e+02,8.391968254007941823e+02,8.392235485775844381e+02,8.392505424210299907e+02,8.392778071414151100e+02,8.393053427838053722e+02,8.393331492032709775e+02,8.393612260379696863e+02,8.393895726799042905e+02,8.394181882431561235e+02,8.394470715294133925e+02,8.394762209907286206e+02,8.395056346897284811e+02,8.395353102579337019e+02,8.395652448534927998e+02,8.395954351192998502e+02,8.396258771400621299e+02,8.396565663918325981e+02,8.396874976740600687e+02,8.397186649974743204e+02,8.397500614592800048e+02,8.397816792026758321e+02,8.398135096293871129e+02,8.398455440156598115e+02,8.398777757323873630e+02,8.399102001077893647e+02,8.399428118537631462e+02,8.399755986785704636e+02,8.400085267840223651e+02,8.400414439247307428e+02,8.400743141274252821e+02,8.401072505616922399e+02,8.401409790240777511e+02,8.401795104614736829e+02,8.402234488072326712e+02,8.402733437908862015e+02,8.403308391666415673e+02,8.403972658240775218e+02,8.404739096788828192e+02,8.405622777446104692e+02,8.406641690517149073e+02,8.407816866495981003e+02,8.409172491017828861e+02,8.410736249091065702e+02,8.412539895082030625e+02,8.414619296611515438e+02,8.417014710876072741e+02,8.419771816863824370e+02,8.422942109598101297e+02,8.426564003422338374e+02,8.430611732142353958e+02,8.434682303179833980e+02,8.438705579326269799e+02,8.442659597754324068e+02,8.446537051268738878e+02,8.450336727656605262e+02,8.454082734779506154e+02,8.457785018292814812e+02,8.461462804571258403e+02,8.465136331425868548e+02,8.468832166982475655e+02,8.472570071358335326e+02,8.476365900696288236e+02,8.480226693306311745e+02,8.484154195239849514e+02,8.488144684806126179e+02,8.492191939573721129e+02,8.496288218351535306e+02,8.500426032478870866e+02,8.504598647349924931e+02,8.508800577369385110e+02,8.513027435852911822e+02,8.517275791997765282e+02,8.521542881181322855e+02,8.525826424784202118e+02,8.530124489077363705e+02,8.534435421613395647e+02,8.538757821019760286e+02,8.543090520146660083e+02,8.547432575035527407e+02,8.551783243641971239e+02,8.556141965778953136e+02,8.560508335121566006e+02,8.564882075031061959e+02,8.569263011642138963e+02,8.573651051379098362e+02,8.578046158412937530e+02,8.582448335890713906e+02,8.586857608365819488e+02,8.591274007404348367e+02,8.595697559034307460e+02,8.600128273961875038e+02,8.604566139831609917e+02,8.609011115856706056e+02,8.613463129356088075e+02,8.617922074206111347e+02,8.622387810853143719e+02,8.626860167744133605e+02,8.631338943876642134e+02,8.635823912268868980e+02,8.640314824091590253e+02,8.644811413257989443e+02,8.649313401255452618e+02,8.653820502042220824e+02,8.658332426843846861e+02,8.662848888719960314e+02,8.667369606795645041e+02,8.671894310085355073e+02,8.676422740862851697e+02,8.680954657557779228e+02,8.685489837178441803e+02,8.690028077277087277e+02,8.694569197483654079e+02,8.699113040641957468e+02,8.703659473586353670e+02,8.708208387601351887e+02,8.712759698609090719e+02,8.717313347132622994e+02,8.721869298083416879e+02,8.726427540421577760e+02,8.730988086734711260e+02,8.735550972778509049e+02,8.740116257017646149e+02,8.744684020201468684e+02,8.749254365003898783e+02,8.753827415752657544e+02,8.758403318267841087e+02,8.762982239825611259e+02,8.767564369257645467e+02,8.772149917192673456e+02,8.776739116441108308e+02,8.781332222518998378e+02,8.785929514301700465e+02,8.790531294791920800e+02,8.795137891979979941e+02,8.799749659767046523e+02,8.804366978913883486e+02,8.808990257969061304e+02,8.813619934120902144e+02,8.818256473907613326e+02,8.822900373709636597e+02,8.827552159938248906e+02,8.832212388824941627e+02,8.836881645708341466e+02,8.841560543709961166e+02,8.846249721688546970e+02,8.850949841366305009e+02,8.855661583530969665e+02,8.860385643237199247e+02,8.865122723961482052e+02,8.869873530708763383e+02,8.874638762128577127e+02,8.879419101775515628e+02,8.884215208744521988e+02,8.889027708026301298e+02,8.893857181060511721e+02,8.898704157111037603e+02,8.903569106241786812e+02,8.908452434822754640e+02,8.913354484629068111e+02,8.918275536689816363e+02,8.923215821071489700e+02,8.928175533710835907e+02,8.933154861206206760e+02,8.938154014096728588e+02,8.943173268567331888e+02,8.948213015687238112e+02,8.953273816207372420e+02,8.958356457622880953e+02,8.963462008699865464e+02,8.968591865065029651e+02,8.973747777906808096e+02,8.978931856530832647e+02,8.984146534686834684e+02,8.989394490501329074e+02,8.994678510773915150e+02,9.000001292559719559e+02,9.005365178532193795e+02,9.010771827663567137e+02,9.016221829193041231e+02,9.021714275426170389e+02,9.027246317162937430e+02,9.032812733822910332e+02,9.038405557715112764e+02,9.044013797313099303e+02,9.049623306580651843e+02,9.055216845132244998e+02,9.060774366079773472e+02,9.066273553872806588e+02,9.071690612184576139e+02,9.077001271268594564e+02,9.082181946441012315e+02,9.087210945213101922e+02,9.092069621838383000e+02,9.096743471209551899e+02,9.101223372626405990e+02,9.105507394626391715e+02,9.109603196847868958e+02,9.113529064193268141e+02,9.117307149849019652e+02,9.120937185793952722e+02,9.124340741400766319e+02,9.127293230354013076e+02,9.129438325707853892e+02,9.130613555564781336e+02,9.131841357066272167e+02,9.137269950907015073e+02,9.156483386480705349e+02,9.202022014904778189e+02,9.258963351584967540e+02
8.379223121452910163e+02,8.379223121409828536e+02,8.379226578541797608e+02,8.379233491814865147e+02,8.379243859163742627e+02,8.379257677497250825e+02,8.379274942706454112e+02,8.379295649675457298e+02,8.379319792294804756e+02,8.379347363477426143e+02,8.379378355177068443e+02,8.379412758409123398e+02,8.379450563273770740e+02,8.379491758981333760e+02,8.379536333879761969e+02,8.379584275484108957e+02,8.379635570507914508e+02,8.379690204896361365e+02,8.379748163861092962e+02,8.379809431916564790e+02,8.379873992917807755e+02,8.379941830099485287e+02,8.380012926116112340e+02,8.380087263083307789e+02,8.380164822619974530e+02,8.380245585891274231e+02,8.380329533652268310e+02,8.380416646292128462e+02,8.380506903878791718e+02,8.380600286203937230e+02,8.380696772828191570e+02,8.380796343126452257e+02,8.380898976333207884e+02,8.381004651587783201e+02,8.381113347979376158e+02,8.381225044591830056e+02,8.381339720548006653e+02,8.381457355053703395e+02,8.381577927441009024e+02,8.381701417211022545e+02,8.381827804075844597e+02,8.381957067999768469e+02,8.382089189239599136e+02,8.382224148384005957e+02,8.382361926391865836e+02,8.382502504629501345e+02,8.382645864906758106e+02,8.382791989511861175e+02,8.382940861244973121e+02,8.383092463450402647e+02,8.383246780047398943e+02,8.383403795559471519e+02,8.383563495142176407e+02,8.383725864609313021e+02,8.383890890457474825e+02,8.384058559888885611e+02,8.384228860832475902e+02,8.384401781963127860e+02,8.384577312719035262e+02,8.384755443317102390e+02,8.384936164766328375e+02,8.385119468879098577e+02,8.385305348280299995e+02,8.385493796414199323e+02,8.385684807548979052e+02,8.385878376778853180e+02,8.386074500023652263e+02,8.386273174025783419e+02,8.386474396344450497e+02,8.386678165346996821e+02,8.386884480197265930e+02,8.387093340840822293e+02,8.387304747986888742e+02,8.387518703086832375e+02,8.387735208309042036e+02,8.387954266509981380e+02,8.388175881201227639e+02,8.388400056512265337e+02,8.388626797148762080e+02,8.388856108346071778e+02,8.389087995817623096e+02,8.389322465697867983e+02,8.389559524479391257e+02,8.389799178943792413e+02,8.390041436085865598e+02,8.390286303030633235e+02,8.390533786942722827e+02,8.390783894927561732e+02,8.391036633923846466e+02,8.391292010586702190e+02,8.391550031160878689e+02,8.391810701343306391e+02,8.392074026134195037e+02,8.392340009675787087e+02,8.392608655077752928e+02,8.392879964228083054e+02,8.393153937588306235e+02,8.393430573971759259e+02,8.393709870303683829e+02,8.393991821361752272e+02,8.394276419495412256e+02,8.394563654321859758e+02,8.394853512396056203e+02,8.395145976853200409e+02,8.395441027026613483e+02,8.395738638052399665e+02,8.396038780491187481e+02,8.396341420000447897e+02,8.396646517051540286e+02,8.396954026574035197e+02,8.397263897317517376e+02,8.397576070028718505e+02,8.397890474736867645e+02,8.398207028692381755e+02,8.398525638290761890e+02,8.398846208232566823e+02,8.399168702458001690e+02,8.399493159324308635e+02,8.399819682648617345e+02,8.400148398566807373e+02,8.400479297681245043e+02,8.400809278702131451e+02,8.401139030869060207e+02,8.401476434719000963e+02,8.401865761715999952e+02,8.402314761474926854e+02,8.402828744290069380e+02,8.403418112775004829e+02,8.404097844937977015e+02,8.404882166002037138e+02,8.405786576113944193e+02,8.406829211114873033e+02,8.408031281187181776e+02,8.409417256065377160e+02,8.411015124798150282e+02,8.412856804799101837e+02,8.414978387349211744e+02,8.417418989315632416e+02,8.420223973055769875e+02,8.423424101446062195e+02,8.427085009384616114e+02,8.431167268636828567e+02,8.435256884305637186e+02,8.439287108539111841e+02,8.443249095237291613e+02,8.447140415530108157e+02,8.450962175468727082e+02,8.454725436146972015e+02,8.458448661590545044e+02,8.462150984905586029e+02,8.465849741186101483e+02,8.469567210348286608e+02,8.473321865474157448e+02,8.477129754323450470e+02,8.480998969789004605e+02,8.484932641985307100e+02,8.488928139019120636e+02,8.492980105196548948e+02,8.497081216363477552e+02,8.501224112508585904e+02,8.505401917066486703e+02,8.509608922461299017e+02,8.513840512161280003e+02,8.518093111876956982e+02,8.522363897132845523e+02,8.526650610207838099e+02,8.530951378141825217e+02,8.535264628526075512e+02,8.539589035632949390e+02,8.543923499731826041e+02,8.548267132061081384e+02,8.552619237364574474e+02,8.556979294501887807e+02,8.561346930701050724e+02,8.565721897336114807e+02,8.570104043510223164e+02,8.574493293419172915e+02,8.578889624099407456e+02,8.583293046944509115e+02,8.587703590637057687e+02,8.592121287313127596e+02,8.596546160603394355e+02,8.600978216452783727e+02,8.605417435947633749e+02,8.609863770494043820e+02,8.614317138848563218e+02,8.618777426025303612e+02,8.623244483702529806e+02,8.627718131994329269e+02,8.632198162276301900e+02,8.636684340871058794e+02,8.641176413332384527e+02,8.645674109130318357e+02,8.650177146525385297e+02,8.654685237462937266e+02,8.659198092330479994e+02,8.663715424456410119e+02,8.668236954252357691e+02,8.672762412932727329e+02,8.677291545770693801e+02,8.681824114874607403e+02,8.686359901488750666e+02,8.690898707837474149e+02,8.695440358543147568e+02,8.699984701654818764e+02,8.704531609329642379e+02,8.709080978211220554e+02,8.713632729551650300e+02,8.718186809124518959e+02,8.722743186977103278e+02,8.727301857068451909e+02,8.731862836838506610e+02,8.736426166749464528e+02,8.740991909837102867e+02,8.745560151304619012e+02,8.750130998187398745e+02,8.754704579111822795e+02,8.759281044167046275e+02,8.763860564903452541e+02,8.768443334467336854e+02,8.773029567876029660e+02,8.777619502433219623e+02,8.782213398278496470e+02,8.786811539059902998e+02,8.791414232711767909e+02,8.796021812313620103e+02,8.800634636998255473e+02,8.805253092869158991e+02,8.809877593878363768e+02,8.814508582606704294e+02,8.819146530878429076e+02,8.823791940132608715e+02,8.828445341464290550e+02,8.833107295240413350e+02,8.837778390189137099e+02,8.842459241858387031e+02,8.847150490340475244e+02,8.851852797166992559e+02,8.856566841292840309e+02,8.861293314112598409e+02,8.866032913488223812e+02,8.870786336816399853e+02,8.875554273228378861e+02,8.880337395096362343e+02,8.885136349118773751e+02,8.889951747371475221e+02,8.894784158840775490e+02,8.899634102091823706e+02,8.904502039864808012e+02,8.909388376519181065e+02,8.914293459346320105e+02,8.919217584821882383e+02,8.924161010843899930e+02,8.929123975869991909e+02,8.934106725593325109e+02,8.939109547348093656e+02,8.944132811783346142e+02,8.949177020471057631e+02,8.954242857022638873e+02,8.959331238006443527e+02,8.964443358552231302e+02,8.969580726103306461e+02,8.974745174484165773e+02,8.979938849482124397e+02,8.985164156718200275e+02,8.990423662939851965e+02,8.995719943228798456e+02,9.001055369160150121e+02,9.006431836777869648e+02,9.011850438359903137e+02,9.017311088186978623e+02,9.022812119591127384e+02,9.028349877945297521e+02,9.033918341280113964e+02,9.039508806003469772e+02,9.045109678747789985e+02,9.050706415585568720e+02,9.056281645742299133e+02,9.061815507695465612e+02,9.067286210827516015e+02,9.072670815527816330e+02,9.077946199058494585e+02,9.083090144207336607e+02,9.088082456682695920e+02,9.092905999641826611e+02,9.097547564069693635e+02,9.101998620122825514e+02,9.106256218347003824e+02,9.110324437593923221e+02,9.114216232390987216e+02,9.117953395458373507e+02,9.121558115799915640e+02,9.125025288434808317e+02,9.128268273142134603e+02,9.131059082998860958e+02,9.133058497286673401e+02,9.134153432566647552e+02,9.135421552456494965e+02,9.140948464798591431e+02,9.159847928997528470e+02,9.203432564114335719e+02,9.257360543694801436e+02
8.379457441128346318e+02,8.379457441083598042e+02,8.379460951588858961e+02,8.379467971570180680e+02,8.379478498882294843e+02,8.379492530314105352e+02,8.379510061596879495e+02,8.379531087415128923e+02,8.379555601420119046e+02,8.379583596245961417e+02,8.379615063528215160e+02,8.379649993924932687e+02,8.379688377140051898e+02,8.379730201949068942e+02,8.379775456226858523e+02,8.379824126977579226e+02,8.379876200366518333e+02,8.379931661753785193e+02,8.379990495729730355e+02,8.380052686151963144e+02,8.380118216183863069e+02,8.380187068334441847e+02,8.380259224499438915e+02,8.380334666003540178e+02,8.380413373643563091e+02,8.380495327732521673e+02,8.380580508144417990e+02,8.380668894359657770e+02,8.380760465510952599e+02,8.380855200429614342e+02,8.380953077692101942e+02,8.381054075666714880e+02,8.381158172560333242e+02,8.381265346465074799e+02,8.381375575404781557e+02,8.381488837381212988e+02,8.381605110419868652e+02,8.381724372615315133e+02,8.381846602175949101e+02,8.381971777468075970e+02,8.382099877059242772e+02,8.382230879760716107e+02,8.382364764669034685e+02,8.382501511206550049e+02,8.382641099160874774e+02,8.382783508723180148e+02,8.382928720525238759e+02,8.383076715675179003e+02,8.383227475791852612e+02,8.383380983037772012e+02,8.383537220150541316e+02,8.383696170472721860e+02,8.383857817980074287e+02,8.384022147308121475e+02,8.384189143776962965e+02,8.384358793414287447e+02,8.384531082976536709e+02,8.384705999968136894e+02,8.384883532658762988e+02,8.385063670098552393e+02,8.385246402131216428e+02,8.385431719404971318e+02,8.385619613381231829e+02,8.385810076340961814e+02,8.386003101388636196e+02,8.386198682453699575e+02,8.386396814289430495e+02,8.386597492469131794e+02,8.386800713379509489e+02,8.387006474211154909e+02,8.387214772945984578e+02,8.387425608341524139e+02,8.387638979911890829e+02,8.387854887905322130e+02,8.388073333278099426e+02,8.388294317664668824e+02,8.388517843343793174e+02,8.388743913200486304e+02,8.388972530683512332e+02,8.389203699758159019e+02,8.389437424853988432e+02,8.389673710807222733e+02,8.389912562797402416e+02,8.390153986277895228e+02,8.390397986899863554e+02,8.390644570429204805e+02,8.390893742656045333e+02,8.391145509296277396e+02,8.391399875884683297e+02,8.391656847659116920e+02,8.391916429435201508e+02,8.392178625470912721e+02,8.392443439320364860e+02,8.392710873675952143e+02,8.392980930197901444e+02,8.393253609330207610e+02,8.393528910101891825e+02,8.393806829912616649e+02,8.394087364301867638e+02,8.394370506700928445e+02,8.394656248166429577e+02,8.394944577092865075e+02,8.395235478899355712e+02,8.395528935685272245e+02,8.395824925855474703e+02,8.396123423729651449e+02,8.396424399200656126e+02,8.396727817537484952e+02,8.397033639384524122e+02,8.397341820798636718e+02,8.397652313042887045e+02,8.397965059550397200e+02,8.398279989925123346e+02,8.398597012696990305e+02,8.398916011687385890e+02,8.399236847059618185e+02,8.399559505622289635e+02,8.399884148656354910e+02,8.400211174196147113e+02,8.400541373525391009e+02,8.400876257030556644e+02,8.401209520449395995e+02,8.401549065439953665e+02,8.401942649245870598e+02,8.402400094451962786e+02,8.402927047912910439e+02,8.403532104199941841e+02,8.404228345333057177e+02,8.405031188692247497e+02,8.405956914081604054e+02,8.407023989369276933e+02,8.408253855598176187e+02,8.409671288513495711e+02,8.411304647909838650e+02,8.413186259373271696e+02,8.415352766356098755e+02,8.417844821943817806e+02,8.420706908515504665e+02,8.423992432657654490e+02,8.427627343003518945e+02,8.431734139522943678e+02,8.435846466528383871e+02,8.439885922457785910e+02,8.443855493696948997e+02,8.447755976552488164e+02,8.451593543475266870e+02,8.455376956398703214e+02,8.459120029130838248e+02,8.462843126032408918e+02,8.466564101838098395e+02,8.470302183758079764e+02,8.474074022362393634e+02,8.477894757739139777e+02,8.481773163446538319e+02,8.485713454877471804e+02,8.489714100207983165e+02,8.493770645512578312e+02,8.497876278105551364e+02,8.502023868721003055e+02,8.506206490899793380e+02,8.510418273215494764e+02,8.514654386280840299e+02,8.518911098782397175e+02,8.523185498665110345e+02,8.527475322623038210e+02,8.531778741438278075e+02,8.536094256072551616e+02,8.540420617002725976e+02,8.544756795358584895e+02,8.549101960873305188e+02,8.553455466942307339e+02,8.557816831803055493e+02,8.562185715659059042e+02,8.566561896857004967e+02,8.570945246400499400e+02,8.575335705210897004e+02,8.579733262240262093e+02,8.584137936197788576e+02,8.588549759000428594e+02,8.592968762477614746e+02,8.597394967044108398e+02,8.601828373143498538e+02,8.606268954674806082e+02,8.610716654732949564e+02,8.615171383141268961e+02,8.619633015810483130e+02,8.624101395529409047e+02,8.628576334063802733e+02,8.633057615240991254e+02,8.637544998834897569e+02,8.642038224986013120e+02,8.646537018967742370e+02,8.651041096089177245e+02,8.655550166575611684e+02,8.660063940275007326e+02,8.664582131079050669e+02,8.669104460966675560e+02,8.673630663611838827e+02,8.678160487518860009e+02,8.682693698675019505e+02,8.687230082726933915e+02,8.691769446704195161e+02,8.696311620322866247e+02,8.700856456909826875e+02,8.705403833991771307e+02,8.709953653596003278e+02,8.714505842310010166e+02,8.719060351148023074e+02,8.723617155271225556e+02,8.728176253607788340e+02,8.732737668415639973e+02,8.737301444828364083e+02,8.741867650419703750e+02,8.746436374818398463e+02,8.751007729399551636e+02,8.755581847074703319e+02,8.760158882197322328e+02,8.764739010596402977e+02,8.769322429745498084e+02,8.773909359070245273e+02,8.778500040391896846e+02,8.783094738499468122e+02,8.787693741836886829e+02,8.792297363285659912e+02,8.796905941016249244e+02,8.801519839374166168e+02,8.806139449758222781e+02,8.810765191439949149e+02,8.815397512263631370e+02,8.820036889157453288e+02,8.824683828376811334e+02,8.829338865392927573e+02,8.834002564332949987e+02,8.838675516873703373e+02,8.843358340490470937e+02,8.848051675966639777e+02,8.852756184080636785e+02,8.857472541405599031e+02,8.862201435185843366e+02,8.866943557294823677e+02,8.871699597332921030e+02,8.876470234992087853e+02,8.881256131898129524e+02,8.886057923240610990e+02,8.890876209612863477e+02,8.895711549607219695e+02,8.900564453836863095e+02,8.905435381176479268e+02,8.910324738115932632e+02,8.915232882186953702e+02,8.920160130430364234e+02,8.925106773794454966e+02,8.930073098164713201e+02,8.935059412390803573e+02,8.940066083171286664e+02,8.945093575959569989e+02,8.950142500159577139e+02,8.955213655800592960e+02,8.960308077660016579e+02,8.965427071516533033e+02,8.970572235979755078e+02,8.975745462307855860e+02,8.980948903977498503e+02,8.986184907714462042e+02,8.991455898434536493e+02,8.996764212263376521e+02,9.002111874630337525e+02,9.007500324410950725e+02,9.012930090161873977e+02,9.018400430449850091e+02,9.023908956769362248e+02,9.029451264051268708e+02,9.035020599608511702e+02,9.040607605718543027e+02,9.046200172995010007e+02,9.051783440325036736e+02,9.057339971664621316e+02,9.062850129903603147e+02,9.068292653367810772e+02,9.073645421861864406e+02,9.078886377444431446e+02,9.083994541357983508e+02,9.088951044379798532e+02,9.093740068770040352e+02,9.098349602491296082e+02,9.102771963927075376e+02,9.107004203546247254e+02,9.111048698746340051e+02,9.114914298824550087e+02,9.118617685096679679e+02,9.122182397849049948e+02,9.125629032216752421e+02,9.128946709260151238e+02,9.132040928051110313e+02,9.134681911311070053e+02,9.136548870249741867e+02,9.137575772727184358e+02,9.138886575063100963e+02,9.144493246874753822e+02,9.163051824726371706e+02,9.204759243586802313e+02,9.255875444591013093e+02
8.379690686796924410e+02,8.379690686750406030e+02,8.379694251375512977e+02,8.379701379555800713e+02,8.379712069061043849e+02,8.379726316552785192e+02,8.379744117592621251e+02,8.379765466653221893e+02,8.379790357131996643e+02,8.379818781367404199e+02,8.379850730657798294e+02,8.379886195282770132e+02,8.379925164526897561e+02,8.379967626705810062e+02,8.380013569194478578e+02,8.380062978457635836e+02,8.380115840082208933e+02,8.380172138811672085e+02,8.380231858582175164e+02,8.380294982560373001e+02,8.380361493182781487e+02,8.380431372196588882e+02,8.380504600701760864e+02,8.380581159194322254e+02,8.380661027610703968e+02,8.380744185373005166e+02,8.380830611435058017e+02,8.380920284329167771e+02,8.381013182213391701e+02,8.381109282919253474e+02,8.381208563999742864e+02,8.381311002777508747e+02,8.381416576393103242e+02,8.381525261853171287e+02,8.381637036078469691e+02,8.381751875951604234e+02,8.381869758364371137e+02,8.381990660264604003e+02,8.382114558702412523e+02,8.382241430875725428e+02,8.382371254175027389e+02,8.382504006227208038e+02,8.382639664938423039e+02,8.382778208535883095e+02,8.382919615608490176e+02,8.383063865146239095e+02,8.383210936578295787e+02,8.383360809809704506e+02,8.383513465256619384e+02,8.383668883880019393e+02,8.383827047217826021e+02,8.383987937415364513e+02,8.384151537254108462e+02,8.384317830178647455e+02,8.384486800321814144e+02,8.384658432527918421e+02,8.384832712374039829e+02,8.385009626189294067e+02,8.385189161072047455e+02,8.385371304904991803e+02,8.385556046368039915e+02,8.385743374948955307e+02,8.385933280951666120e+02,8.386125755502177981e+02,8.386320790552008475e+02,8.386518378879073907e+02,8.386718514085921470e+02,8.386921190595222697e+02,8.387126403642431569e+02,8.387334149265493579e+02,8.387544424291497762e+02,8.387757226320155723e+02,8.387972553703973517e+02,8.388190405524986772e+02,8.388410781567908998e+02,8.388633682289531635e+02,8.388859108784190539e+02,8.389087062745097683e+02,8.389317546421302723e+02,8.389550562570011607e+02,8.389786114403981401e+02,8.390024205533632085e+02,8.390264839903530856e+02,8.390508021722846479e+02,8.390753755389372373e+02,8.391002045406690968e+02,8.391252896294081438e+02,8.391506312488743333e+02,8.391762298239932534e+02,8.392020857494591155e+02,8.392281993774023476e+02,8.392545710041104030e+02,8.392812008557406216e+02,8.393080890729476096e+02,8.393352356943369159e+02,8.393626406386395047e+02,8.393903036855164146e+02,8.394182244549273264e+02,8.394464023850580361e+02,8.394748367088426448e+02,8.395035264290785335e+02,8.395324702918387629e+02,8.395616667572780898e+02,8.395911139662998721e+02,8.396208097020484047e+02,8.396507513465769534e+02,8.396809358452843526e+02,8.397113597027616834e+02,8.397420190343356126e+02,8.397729096649915164e+02,8.398040272908400539e+02,8.398353670284052441e+02,8.398669222183118563e+02,8.398986825013091675e+02,8.399306314655511869e+02,8.399627411740023035e+02,8.399950076804143464e+02,8.400274591929703547e+02,8.400601813008514682e+02,8.400934153962962228e+02,8.401278929298517824e+02,8.401625567110265820e+02,8.402024884633960937e+02,8.402490576739676271e+02,8.403029482379888577e+02,8.403649933215689316e+02,8.404363683429467073e+02,8.405185862911584991e+02,8.406133577949933624e+02,8.407225838881115578e+02,8.408484454694632859e+02,8.409934565151768311e+02,8.411605146426429656e+02,8.413529341292179424e+02,8.415745322129770329e+02,8.418297364237828333e+02,8.421237643141616900e+02,8.424630013454684558e+02,8.428509961690911041e+02,8.432395882682919819e+02,8.436459395858032622e+02,8.440490886096655458e+02,8.444468654297510284e+02,8.448379181693678674e+02,8.452231113225280978e+02,8.456032184420347448e+02,8.459796029071532075e+02,8.463539186170169160e+02,8.467280317775450840e+02,8.471037548145947085e+02,8.474826331463574434e+02,8.478660444499826099e+02,8.482548791194340083e+02,8.486496235122939424e+02,8.490502297562517242e+02,8.494563404830075797e+02,8.498673346171099183e+02,8.502825307038906431e+02,8.507012402236841808e+02,8.511228659306343616e+02,8.515469067791541420e+02,8.519729739976206702e+02,8.524007657854772333e+02,8.528300528657894120e+02,8.532606547651400888e+02,8.536924278574276741e+02,8.541252545413892676e+02,8.545590391993334833e+02,8.549937049674848595e+02,8.554291922863599211e+02,8.558654570093057146e+02,8.563024684272887725e+02,8.567402069746258348e+02,8.571786618244436795e+02,8.576178286244959281e+02,8.580577073580473098e+02,8.584983005323750831e+02,8.589396115757365351e+02,8.593816435575057540e+02,8.598243981207788238e+02,8.602678746897216797e+02,8.607120698754303021e+02,8.611569771075789959e+02,8.616025864393934626e+02,8.620488845286109836e+02,8.624958547544763405e+02,8.629434774589000199e+02,8.633917302792858663e+02,8.638405885551080701e+02,8.642900257818197360e+02,8.647400140938964341e+02,8.651905247565622403e+02,8.656415286510732585e+02,8.660929967391898572e+02,8.665449004964345932e+02,8.669972123057553972e+02,8.674499058063460097e+02,8.679029561946301783e+02,8.683563404767330667e+02,8.688100376735894770e+02,8.692640289812458150e+02,8.697182978900201533e+02,8.701728302667600019e+02,8.706276144049157892e+02,8.710826410471984218e+02,8.715379033857196873e+02,8.719933970443350972e+02,8.724491200478857991e+02,8.729050727827293485e+02,8.733612579527836033e+02,8.738176805348655307e+02,8.742743477367896503e+02,8.747312689611546830e+02,8.751884557773562392e+02,8.756459219038025594e+02,8.761036832019157146e+02,8.765617576829523614e+02,8.770201655282696720e+02,8.774789291231124935e+02,8.779380731035450935e+02,8.783976244155471704e+02,8.788576123847624331e+02,8.793180687946914986e+02,8.797790279704696559e+02,8.802405268645636625e+02,8.807026051399421931e+02,8.811653052453782493e+02,8.816286724766830503e+02,8.820927550167682512e+02,8.825576039466338898e+02,8.830232732186539124e+02,8.834898195830464829e+02,8.839573024581786740e+02,8.844257837355747824e+02,8.848953275112121446e+02,8.853659997361388605e+02,8.858378677817073594e+02,8.863109999180222758e+02,8.867854647086444402e+02,8.872613303303571684e+02,8.877386638339204410e+02,8.882175303702705378e+02,8.886979924164224940e+02,8.891801090461841568e+02,8.896639353021939769e+02,8.901495217370562614e+02,8.906369142014152658e+02,8.911261539642672460e+02,8.916172782538877755e+02,8.921103213042446214e+02,8.926053159792044198e+02,8.931022960225473071e+02,8.936012989432185805e+02,8.941023694902247598e+02,8.946055635989455368e+02,8.951109526007251134e+02,8.956186273829223410e+02,8.961287020724374770e+02,8.966413167006237472e+02,8.971566382033439595e+02,8.976748590318724155e+02,8.981961926157882772e+02,8.987208649464407699e+02,8.992491016564778192e+02,8.997811101715479936e+02,9.003170568128638251e+02,9.008570391336218108e+02,9.014010542670386030e+02,9.019489646248995314e+02,9.025004628747469724e+02,9.030550386884950740e+02,9.036119502293977348e+02,9.041702036515506506e+02,9.047285439456826452e+02,9.052854602002947786e+02,9.058392077001551570e+02,9.063878482304285171e+02,9.069293085232437761e+02,9.074614550619133979e+02,9.079821815850343683e+02,9.084895037534766971e+02,9.089816536839555283e+02,9.094571656027193285e+02,9.099149433664598519e+02,9.103543027620258954e+02,9.107749893419328373e+02,9.111771882616187668e+02,9.115615605245413917e+02,9.119293350389031048e+02,9.122824042798371238e+02,9.126231477904958638e+02,9.129533443282094822e+02,9.132712805384196599e+02,9.135667871657284422e+02,9.138168740001068500e+02,9.139914233821925791e+02,9.140883078112577778e+02,9.142237450091449773e+02,9.147906586802262154e+02,9.166102542214330242e+02,9.206008181584053318e+02,9.254496680101716493e+02
8.379922833066354997e+02,8.379922833017960784e+02,8.379926452543547839e+02,8.379933690481652775e+02,8.379944544512047742e+02,8.379959011161379294e+02,8.379977085811583493e+02,8.379998762711071549e+02,8.380024034988626909e+02,8.380052894669976240e+02,8.380085332696966134e+02,8.380121338949279561e+02,8.380160902268625023e+02,8.380204010485294930e+02,8.380250650447022736e+02,8.380300808050031947e+02,8.380354468272166741e+02,8.380411615208009835e+02,8.380472232105864805e+02,8.380536301406488064e+02,8.380603804783449959e+02,8.380674723184995401e+02,8.380749036877290337e+02,8.380826725488914235e+02,8.380907768056467830e+02,8.380992143071183591e+02,8.381079828526382016e+02,8.381170801965655528e+02,8.381265040531662862e+02,8.381362521015369111e+02,8.381463219905637061e+02,8.381567113439018613e+02,8.381674177649629200e+02,8.381784388418979006e+02,8.381897721525638190e+02,8.382014152694614495e+02,8.382133657646322717e+02,8.382256212145044856e+02,8.382381792046749069e+02,8.382510373346174219e+02,8.382641932223073127e+02,8.382776445087503134e+02,8.382913888624080982e+02,8.383054239835096269e+02,8.383197476082401636e+02,8.383343575127988743e+02,8.383492515173171569e+02,8.383644274896290653e+02,8.383798833488880291e+02,8.383956170690206591e+02,8.384116266820126384e+02,8.384279102810189670e+02,8.384444660232929891e+02,8.384612921329284063e+02,8.384783869034074542e+02,8.384957486999511502e+02,8.385133759616644511e+02,8.385312672034718844e+02,8.385494210178375170e+02,8.385678360762642569e+02,8.385865111305650998e+02,8.386054450139022265e+02,8.386246366415855391e+02,8.386440850116257479e+02,8.386637892050321170e+02,8.386837483858505493e+02,8.387039618009304149e+02,8.387244287794142110e+02,8.387451487319387979e+02,8.387661211495399129e+02,8.387873456022499568e+02,8.388088217373767748e+02,8.388305492774547929e+02,8.388525280178540697e+02,8.388747578240351004e+02,8.388972386284350478e+02,8.389199704269674385e+02,8.389429532751162242e+02,8.389661872836020393e+02,8.389896726135943936e+02,8.390134094714380808e+02,8.390373981028633352e+02,8.390616387866408559e+02,8.390861318276440670e+02,8.391108775492798486e+02,8.391358762852505606e+02,8.391611283706083668e+02,8.391866341320711626e+02,8.392123938775677061e+02,8.392384078849810294e+02,8.392646763900588667e+02,8.392911995734530137e+02,8.393179775468361186e+02,8.393450103380246219e+02,8.393722978750146240e+02,8.393998399688169911e+02,8.394276362949924533e+02,8.394556863738526999e+02,8.394839895494324082e+02,8.395125449674909532e+02,8.395413515528724702e+02,8.395704079860570346e+02,8.395997126773318087e+02,8.396292637349041570e+02,8.396590589227015471e+02,8.396890956017704184e+02,8.397193706766221339e+02,8.397498805976954372e+02,8.397806214926831672e+02,8.398115894613059709e+02,8.398427813148507539e+02,8.398741940903192926e+02,8.399058230315499713e+02,8.399376575073777076e+02,8.399696737436896683e+02,8.400018077709897852e+02,8.400340394384408000e+02,8.400663942870417031e+02,8.400990093760170794e+02,8.401325222385769393e+02,8.401698394842220523e+02,8.402110146213166217e+02,8.402585631249443168e+02,8.403136423296114117e+02,8.403771883529857405e+02,8.404503514269733842e+02,8.405345882533081294e+02,8.406316363583056273e+02,8.407434607405699580e+02,8.408722917972543200e+02,8.410206973076374197e+02,8.411916223172814853e+02,8.413885054521251732e+02,8.416152861397426932e+02,8.418765565461766300e+02,8.421775866094473031e+02,8.425236691592657507e+02,8.429152895285492377e+02,8.433147382757520063e+02,8.437112359080044826e+02,8.441105370578753764e+02,8.445084751527363096e+02,8.449006029496523524e+02,8.452873614167101550e+02,8.456691602520053266e+02,8.460474824608936615e+02,8.464237990023516431e+02,8.467998568774742125e+02,8.471773859279035150e+02,8.475578989955376983e+02,8.479426634632625337e+02,8.483325496148413549e+02,8.487280652431757062e+02,8.491292488689296079e+02,8.495358234731429548e+02,8.499472358638586229e+02,8.503628425595798035e+02,8.507819682001226056e+02,8.512040116098174849e+02,8.516284578355084705e+02,8.520549036188622267e+02,8.524830357463945347e+02,8.529126200871528454e+02,8.533434767111652945e+02,8.537754669385188890e+02,8.542084799268592405e+02,8.546424272849438921e+02,8.550772385367760080e+02,8.555128594681186769e+02,8.559492501024218427e+02,8.563863830144442773e+02,8.568242411586660410e+02,8.572628156593538051e+02,8.577021035901012738e+02,8.581421059053348017e+02,8.585828256462601757e+02,8.590242663895878650e+02,8.594664310117971127e+02,8.599093206864134800e+02,8.603529341532072294e+02,8.607972671892405288e+02,8.612423122992977369e+02,8.616880585741789673e+02,8.621344917171320503e+02,8.625815941985606514e+02,8.630293455274553480e+02,8.634777226070491452e+02,8.639267001577551355e+02,8.643762511810717797e+02,8.648263474473405950e+02,8.652769599872232220e+02,8.657280595728743720e+02,8.661796171749349469e+02,8.666316043859887941e+02,8.670839938026130085e+02,8.675367593616514341e+02,8.679898766280961127e+02,8.684433230345517813e+02,8.688970780736486859e+02,8.693511234464301651e+02,8.698054431704863418e+02,8.702600236524356205e+02,8.707148537295121287e+02,8.711699246852838314e+02,8.716252302443411963e+02,8.720807665507891215e+02,8.725365321350483327e+02,8.729925278733383038e+02,8.734487569437928869e+02,8.739052247829130238e+02,8.743619390455475013e+02,8.748189095712448307e+02,8.752761483592588547e+02,8.757336695541005156e+02,8.761914894429736478e+02,8.766496264660313500e+02,8.771081012398385610e+02,8.775669365940042326e+02,8.780261576203605500e+02,8.784857917335765478e+02,8.789458687414391989e+02,8.794064209224360411e+02,8.798674831075203429e+02,8.803290927622241497e+02,8.807912900644348611e+02,8.812541179723527875e+02,8.817176222762689122e+02,8.821818516270277541e+02,8.826468575332853561e+02,8.831126943191369492e+02,8.835794190333269853e+02,8.840470913012870824e+02,8.845157731116844388e+02,8.849855285302286347e+02,8.854564233352346037e+02,8.859285245721046067e+02,8.864019000275312692e+02,8.868766176290396288e+02,8.873527447815062033e+02,8.878303476595950769e+02,8.883094904835591024e+02,8.887902348153922958e+02,8.892726389225597359e+02,8.897567572669004221e+02,8.902426401859946736e+02,8.907303338421811532e+02,8.912198805190483881e+02,8.917113193448003585e+02,8.922046875143059879e+02,8.927000220645678610e+02,8.931973622294276538e+02,8.936967523564645717e+02,8.941982453107392530e+02,8.947019062158998395e+02,8.952078162944557107e+02,8.957160764691839177e+02,8.962268102828162455e+02,8.967401655924571742e+02,8.972563144107050448e+02,8.977754502117612674e+02,8.982977820141228449e+02,8.988235246080490697e+02,8.993528844304458971e+02,8.998860408126228094e+02,9.004231226417534799e+02,9.009641808802782634e+02,9.015091578638840701e+02,9.020578548208471830e+02,9.026098995836186987e+02,9.031647169452465960e+02,9.037215044858869533e+02,9.042792168885898718e+02,9.048365617088237514e+02,9.053920091972789805e+02,9.059438180604951185e+02,9.064900779741500401e+02,9.070287682860230234e+02,9.075578307636069439e+02,9.080752526105957259e+02,9.085791544672767941e+02,9.090678768579296047e+02,9.095400576358197213e+02,9.099946925758723637e+02,9.104311720528102114e+02,9.108492904247452771e+02,9.112492338794793341e+02,9.116315678722791063e+02,9.119972591787002330e+02,9.123477537393289367e+02,9.126850401631636487e+02,9.130114068861312262e+02,9.133282709440904910e+02,9.136332834864410870e+02,9.139156456703500453e+02,9.141525198198330600e+02,9.143158490786996708e+02,9.144077506217429345e+02,9.145475307663035665e+02,9.151190970344946436e+02,9.169007137134601635e+02,9.207184919911903762e+02,9.253214183329902198e+02
8.380153853370466095e+02,8.380153853320088047e+02,8.380157528563300957e+02,8.380164877891049855e+02,8.380175898887986250e+02,8.380190587938200224e+02,8.380208940233800377e+02,8.380230949786315477e+02,8.380256609440865532e+02,8.380285910893056780e+02,8.380318844708558572e+02,8.380355400345276848e+02,8.380395566178058289e+02,8.380439329525847825e+02,8.380486676681204017e+02,8.380537592942083620e+02,8.380592062645780516e+02,8.380650069204932606e+02,8.380711595145467072e+02,8.380776622146363479e+02,8.380845131081140380e+02,8.380917102060903972e+02,8.380992514478858766e+02,8.381071347056138165e+02,8.381153577888820791e+02,8.381239184495999552e+02,8.381328143868777261e+02,8.381420432520029635e+02,8.381516026534826551e+02,8.381614901621348963e+02,8.381717033162180996e+02,8.381822396265836232e+02,8.381930965818385175e+02,8.382042716535045201e+02,8.382157623011607939e+02,8.382275659775572194e+02,8.382396801336861927e+02,8.382521022237989428e+02,8.382648297103569348e+02,8.382778600689042605e+02,8.382911907928510118e+02,8.383048193981570648e+02,8.383187434279041099e+02,8.383329604567481965e+02,8.383474680952417657e+02,8.383622639940155068e+02,8.383773458478133307e+02,8.383927113993710236e+02,8.384083584431294867e+02,8.384242848287783545e+02,8.384404884646199889e+02,8.384569673207492997e+02,8.384737194320415483e+02,8.384907429009440420e+02,8.385080359000637600e+02,8.385255966745481828e+02,8.385434235442507998e+02,8.385615149056792461e+02,8.385798692337181137e+02,8.385984850831234780e+02,8.386173610897812978e+02,8.386364959717259353e+02,8.386558885299122039e+02,8.386755376487338935e+02,8.386954422962828630e+02,8.387156015243422189e+02,8.387360144681039174e+02,8.387566803456056732e+02,8.387775984568764898e+02,8.387987681827844426e+02,8.388201889835755765e+02,8.388418603970975482e+02,8.388637820366957385e+02,8.388859535887728498e+02,8.389083748100005096e+02,8.389310455241684394e+02,8.389539656186567527e+02,8.389771350405123940e+02,8.390005537921064160e+02,8.390242219263470815e+02,8.390481395414167309e+02,8.390723067749987649e+02,8.390967237979582478e+02,8.391213908074374785e+02,8.391463080193308315e+02,8.391714756601043064e+02,8.391968939579306834e+02,8.392225631331165232e+02,8.392484833878010022e+02,8.392746548949115777e+02,8.393010777863610201e+02,8.393277521404635308e+02,8.393546779685341335e+02,8.393818552006056279e+02,8.394092836701533997e+02,8.394369630976792678e+02,8.394648930730055554e+02,8.394930730362410713e+02,8.395215022576696811e+02,8.395501798172261942e+02,8.395791045847200849e+02,8.396082752013807067e+02,8.396376900605699802e+02,8.396673472800862328e+02,8.396972446547019899e+02,8.397273795603615554e+02,8.397577488391941642e+02,8.397883487612003819e+02,8.398191752355321569e+02,8.398502244147498459e+02,8.398814950181074437e+02,8.399129883273667474e+02,8.399447057472050346e+02,8.399766425953754378e+02,8.400087734856438146e+02,8.400409608240437365e+02,8.400731825486162734e+02,8.401055626951443855e+02,8.401388145297269148e+02,8.401767510733650397e+02,8.402196434225106714e+02,8.402684249240295458e+02,8.403247634755401805e+02,8.403898174258855533e+02,8.404647808922167087e+02,8.405510984805555381e+02,8.406505039337037033e+02,8.407650070836585883e+02,8.408968941132683312e+02,8.410487812554093807e+02,8.412236782700679214e+02,8.414249910105976369e+02,8.416567869481657453e+02,8.419235572631579316e+02,8.422302420003841235e+02,8.425814323759335593e+02,8.429760861944937460e+02,8.433775030016892060e+02,8.437786592169852611e+02,8.441750504349644189e+02,8.445711854614010008e+02,8.449636796750264693e+02,8.453519699192543158e+02,8.457355041580866555e+02,8.461157149569399962e+02,8.464939288507588344e+02,8.468718817630856392e+02,8.472511542692005833e+02,8.476332419040870718e+02,8.480193441147451949e+02,8.484103117713874553e+02,8.488066461427786180e+02,8.492084457783182643e+02,8.496155000146828797e+02,8.500273255463275746e+02,8.504433218931131933e+02,8.508628357812378908e+02,8.512852680399538485e+02,8.517100946841793530e+02,8.521368998444812632e+02,8.525653590164691877e+02,8.529952318706663164e+02,8.534263373375753190e+02,8.538585402243161298e+02,8.542917355934935131e+02,8.547258419859610967e+02,8.551607953910709057e+02,8.555965471417205208e+02,8.560330615957641385e+02,8.564703146650577992e+02,8.569082917732565647e+02,8.573469858804211299e+02,8.577863953477284440e+02,8.582265219692593519e+02,8.586673692059954419e+02,8.591089406891587714e+02,8.595512390234559916e+02,8.599942648463454589e+02,8.604380161555628774e+02,8.608824878456293845e+02,8.613276714569688011e+02,8.617735550889918841e+02,8.622201234722947447e+02,8.626673581614522845e+02,8.631152378358781334e+02,8.635637386772904165e+02,8.640128348072597646e+02,8.644624987594476124e+02,8.649127019701537620e+02,8.653634152679499039e+02,8.658146093491288866e+02,8.662662552260161419e+02,8.667183246394680509e+02,8.671707904285477753e+02,8.676236268535315048e+02,8.680768098703354099e+02,8.685303173566585428e+02,8.689841292917274131e+02,8.694382278928131882e+02,8.698925977126732505e+02,8.703472257025537147e+02,8.708021012457872985e+02,8.712572161669673960e+02,8.717125647216997777e+02,8.721681435716204760e+02,8.726239517492208506e+02,8.730799906166041637e+02,8.735362638220702820e+02,8.739927772579379734e+02,8.744495390227122016e+02,8.749065593901543707e+02,8.753638507874566130e+02,8.758214277841520925e+02,8.762793070930071053e+02,8.767375075835871030e+02,8.771960503087777852e+02,8.776549585439759085e+02,8.781142578382094825e+02,8.785739760758208377e+02,8.790341435468072859e+02,8.794947930231975306e+02,8.799559598381971455e+02,8.804176819640281337e+02,8.808800000836513391e+02,8.813429576507151069e+02,8.818066009313257609e+02,8.822709790204785349e+02,8.827361438254075665e+02,8.832021500076671146e+02,8.836690548756406542e+02,8.841369182193757297e+02,8.846058020804006219e+02,8.850757704504908361e+02,8.855468888954757176e+02,8.860192241031273852e+02,8.864928433581712852e+02,8.869678139525129836e+02,8.874442025450067604e+02,8.879220744924253950e+02,8.884014931816534499e+02,8.888825194022368805e+02,8.893652108078889569e+02,8.898496215247131431e+02,8.903358019718915557e+02,8.908237989662071641e+02,8.913136561835484599e+02,8.918054150467183945e+02,8.922991160974194145e+02,8.927948008891371501e+02,8.932925144047578669e+02,8.937923079565196076e+02,8.942942424654356728e+02,8.947983919430192827e+02,8.953048469120017216e+02,8.958137174090834378e+02,8.963251351182926783e+02,8.968392540977753242e+02,8.973562494977046526e+02,8.978763136363854755e+02,8.983996488202379851e+02,8.989264563753533821e+02,8.994569215153537698e+02,8.999911939095673006e+02,9.005293641375500329e+02,9.010714366127332369e+02,9.016173000112744376e+02,9.021666967227615714e+02,9.027191933066840193e+02,9.032741543416692593e+02,9.038307223345565262e+02,9.043878064510133754e+02,9.049440826791656036e+02,9.054980075951510798e+02,9.060478471406700010e+02,9.065917207590905491e+02,9.071276599272626981e+02,9.076536786757297932e+02,9.081678522673197449e+02,9.086683989777333181e+02,9.091537590364342805e+02,9.096226643071569242e+02,9.100741922228336307e+02,9.105077979894700775e+02,9.109233208453296129e+02,9.113209648510304532e+02,9.117012643235673295e+02,9.120650581608520042e+02,9.124135066083373431e+02,9.127481621246849954e+02,9.130710073754322593e+02,9.133841564005965665e+02,9.136886189951929964e+02,9.139814301723141625e+02,9.142512647360392748e+02,9.144755949508825097e+02,9.146285022155171873e+02,9.147161124177314377e+02,9.148601516038193040e+02,9.154349135051650137e+02,9.171772346841420358e+02,9.208294500218870553e+02,9.252019019174477990e+02
8.380383719932509621e+02,8.380383719880040871e+02,8.380387451696999506e+02,8.380394914124128718e+02,8.380406104645725236e+02,8.380421019495506698e+02,8.380439653665383730e+02,8.380462000917107162e+02,8.380488053796767645e+02,8.380517803652082875e+02,8.380551240652431488e+02,8.380588353811555180e+02,8.380629131012876769e+02,8.380673559037336418e+02,8.380721623593664162e+02,8.380773309351009175e+02,8.380828599973795008e+02,8.380887478158728072e+02,8.380949925673824055e+02,8.381015923399337453e+02,8.381085451370486226e+02,8.381158488821829451e+02,8.381235014233170659e+02,8.381315005376862928e+02,8.381398439366365665e+02,8.381485292705922348e+02,8.381575541341219378e+02,8.381669160710871438e+02,8.381766125798608300e+02,8.381866411186003916e+02,8.381969991105605686e+02,8.382076839494332035e+02,8.382186930046976840e+02,8.382300236269692277e+02,8.382416731533303391e+02,8.382536389126324821e+02,8.382659182307531864e+02,8.382785084357957430e+02,8.382914068632205726e+02,8.383046108608916711e+02,8.383181177940302859e+02,8.383319250500617272e+02,8.383460300433445127e+02,8.383604302197718425e+02,8.383751230612341487e+02,8.383901060899346476e+02,8.384053768725467535e+02,8.384209330242065334e+02,8.384367722123305384e+02,8.384528921602536684e+02,8.384692906506764984e+02,8.384859655289192233e+02,8.385029147059735806e+02,8.385201361613467270e+02,8.385376279456937709e+02,8.385553881832315710e+02,8.385734150739291408e+02,8.385917068954710203e+02,8.386102620049870211e+02,8.386290788405450485e+02,8.386481559224006332e+02,8.386674918539993087e+02,8.386870853227254656e+02,8.387069351003917745e+02,8.387270400434647399e+02,8.387473990930176342e+02,8.387680112744055805e+02,8.387888756966563051e+02,8.388099915515676912e+02,8.388313581125061091e+02,8.388529747328975645e+02,8.388748408444048437e+02,8.388969559547817880e+02,8.389193196453970813e+02,8.389419315684159528e+02,8.389647914436310430e+02,8.389878990549242417e+02,8.390112542463440377e+02,8.390348569177735953e+02,8.390587070201630695e+02,8.390828045502934174e+02,8.391071495450356679e+02,8.391317420750681322e+02,8.391565822380143800e+02,8.391816701509681025e+02,8.392070059423774637e+02,8.392325897432680222e+02,8.392584216777919437e+02,8.392845018531005508e+02,8.393108303485403212e+02,8.393374072041788168e+02,8.393642324086633835e+02,8.393913058863981860e+02,8.394186274839838688e+02,8.394461969557871726e+02,8.394740139484055135e+02,8.395020779837327609e+02,8.395303884404655719e+02,8.395589445344106707e+02,8.395877452988867162e+02,8.396167895682611970e+02,8.396460759676580210e+02,8.396756029074916796e+02,8.397053685697377432e+02,8.397353708630350866e+02,8.397656072529912308e+02,8.397960744908338029e+02,8.398267683875239982e+02,8.398576839659501729e+02,8.398888162545590603e+02,8.399201665015909839e+02,8.399517437959570998e+02,8.399835641389247485e+02,8.400156459319737223e+02,8.400479920975665209e+02,8.400803091505762268e+02,8.401126739329458815e+02,8.401458591865832659e+02,8.401841422339180099e+02,8.402282302916099752e+02,8.402785279064909219e+02,8.403362683961396442e+02,8.404028768729692729e+02,8.404796646631397152e+02,8.405681046178984843e+02,8.406699377360407652e+02,8.407871975132097759e+02,8.409222172386720331e+02,8.410776569529954259e+02,8.412565628670724891e+02,8.414623774303382788e+02,8.416988930555667139e+02,8.419706864192711464e+02,8.422825671100641785e+02,8.426384610209141783e+02,8.430365703641602977e+02,8.434396788998119519e+02,8.438418850407307445e+02,8.442407740016412845e+02,8.446357267061910079e+02,8.450279212068670631e+02,8.454170220624321246e+02,8.458021518280537521e+02,8.461842529370321699e+02,8.465643342812254559e+02,8.469441171152452625e+02,8.473250850216736580e+02,8.477087021317087192e+02,8.480961143406015026e+02,8.484881682069643603e+02,8.488853517277484571e+02,8.492878016817664957e+02,8.496953560384391722e+02,8.501075962262780195e+02,8.505239670377397943e+02,8.509438448230915810e+02,8.513666384301244534e+02,8.517918202656767335e+02,8.522189642604814708e+02,8.526477355275241052e+02,8.530778867378710402e+02,8.535092343463463749e+02,8.539416451935726400e+02,8.543750192280955389e+02,8.548092813931295950e+02,8.552443740427294188e+02,8.556802541687768553e+02,8.561168906181826515e+02,8.565542627219265341e+02,8.569923583556151243e+02,8.574311722173594035e+02,8.578707038181494227e+02,8.583109556488013823e+02,8.587519314626217692e+02,8.591936348413444193e+02,8.596360680355165869e+02,8.600792310819629165e+02,8.605231211846850101e+02,8.609677323145352830e+02,8.614130550155231276e+02,8.618590763728852835e+02,8.623057801312128277e+02,8.627531469255692400e+02,8.632011546114556495e+02,8.636497786632347697e+02,8.640989926250471171e+02,8.645487685897281835e+02,8.649990776905150369e+02,8.654498905870652834e+02,8.659011779337278085e+02,8.663529108177417584e+02,8.668050611597623174e+02,8.672576020702105097e+02,8.677105081584726349e+02,8.681637557933825065e+02,8.686173233159275924e+02,8.690711912062328111e+02,8.695253422084437034e+02,8.699797614176890193e+02,8.704344363340725295e+02,8.708893568886679759e+02,8.713445154466990061e+02,8.717999067927717078e+02,8.722555281029365233e+02,8.727113789078982791e+02,8.731674610514845654e+02,8.736237786479808847e+02,8.740803380416648452e+02,8.745371477713440527e+02,8.749942185423683441e+02,8.754515632080331216e+02,8.759091967619216348e+02,8.763671363421689193e+02,8.768254012482498183e+02,8.772840129703159846e+02,8.777429952306938503e+02,8.782023740365451658e+02,8.786621777422071773e+02,8.791224371190482998e+02,8.795831854300907935e+02,8.800444585058932034e+02,8.805062948175029760e+02,8.809687355414826015e+02,8.814318246113044779e+02,8.818956087486488968e+02,8.823601374675517945e+02,8.828254630438258346e+02,8.832916404419555647e+02,8.837587271916822829e+02,8.842267832069899214e+02,8.846958705411576602e+02,8.851660530732050347e+02,8.856373961234176022e+02,8.861099659989379234e+02,8.865838294746187103e+02,8.870590532196280265e+02,8.875357031865825093e+02,8.880138439872793015e+02,8.884935382871561842e+02,8.889748462591633142e+02,8.894578251462685330e+02,8.899425289896416871e+02,8.904290085857276154e+02,8.909173117387194907e+02,8.914074838738864628e+02,8.918995690701233343e+02,8.923936115550825434e+02,8.928896576814883019e+02,8.933877583670581544e+02,8.938879719317208128e+02,8.943903672042710014e+02,8.948950266972695999e+02,8.954020495666522947e+02,8.959115539860410991e+02,8.964236784823842754e+02,8.969385817088540307e+02,8.974564400845454202e+02,8.979774427213828858e+02,8.985017830999710213e+02,8.990296470598632368e+02,8.995611968448855578e+02,9.000965511948000994e+02,9.006357617981444719e+02,9.011787868065359817e+02,9.017254625375791193e+02,9.022754749311066007e+02,9.028283327313790778e+02,9.033833446971672174e+02,9.039396033380278368e+02,9.044959776833023852e+02,9.050511173611856748e+02,9.056034697638056059e+02,9.061513112906214928e+02,9.066927926211366184e+02,9.072259967363871738e+02,9.077490070991560742e+02,9.082599821656203858e+02,9.087572314014620360e+02,9.092392873548450325e+02,9.097049681649716604e+02,9.101534251283312642e+02,9.105841705474372247e+02,9.109970822034388220e+02,9.113923831799572781e+02,9.117706009619854512e+02,9.121325192515289473e+02,9.124791482271637051e+02,9.128117436110916287e+02,9.131318758996392262e+02,9.134414473757808537e+02,9.137423447523697178e+02,9.140351537607352839e+02,9.143163333549376830e+02,9.145741412118787821e+02,9.147865043033174288e+02,9.149296955186064224e+02,9.150136073268156451e+02,9.151617752202394058e+02,9.157384087234468097e+02,9.174404652147619572e+02,9.209341530484864506e+02,9.250903243246132206e+02
8.380612403726249795e+02,8.380612403671577795e+02,8.380616192959904538e+02,8.380623770279084965e+02,8.380635133007712056e+02,8.380650277221128590e+02,8.380669197700411814e+02,8.380691887944328755e+02,8.380718340184195085e+02,8.380748545401610272e+02,8.380782493349021252e+02,8.380820172573032778e+02,8.380861570440404194e+02,8.380906673166668952e+02,8.380955465847257528e+02,8.381007932491071415e+02,8.381064056056367235e+02,8.381123818488880488e+02,8.381187200762052498e+02,8.381254182919258255e+02,8.381324744117893033e+02,8.381398862675209784e+02,8.381476516115758386e+02,8.381557681220299401e+02,8.381642334076046836e+02,8.381730450128092116e+02,8.381822004231875098e+02,8.381916970706532766e+02,8.382015323389002788e+02,8.382117035688700071e+02,8.382222080642638957e+02,8.382330430970831685e+02,8.382442059131816450e+02,8.382556937378174098e+02,8.382675037811864058e+02,8.382796332439245361e+02,8.382920793225644047e+02,8.383048392149306665e+02,8.383179101254614807e+02,8.383312892704426531e+02,8.383449738831412787e+02,8.383589612188263800e+02,8.383732485596643755e+02,8.383878332194791483e+02,8.384027125483640930e+02,8.384178839371378444e+02,8.384333448216328861e+02,8.384490926868080578e+02,8.384651250706776864e+02,8.384814395680475627e+02,8.384980338340533308e+02,8.385149055874915121e+02,8.385320526139392996e+02,8.385494727686564147e+02,8.385671639792642509e+02,8.385851242481967347e+02,8.386033516549185833e+02,8.386218443579067525e+02,8.386406005963901862e+02,8.386596186918441163e+02,8.386788970492339104e+02,8.386984341580035789e+02,8.387182285928064402e+02,8.387382790139687359e+02,8.387585841676850578e+02,8.387791428859371763e+02,8.387999540861314927e+02,8.388210167704484093e+02,8.388423300248995247e+02,8.388638930180833313e+02,8.388857049996375963e+02,8.389077652983789903e+02,8.389300733201267803e+02,8.389526285452021739e+02,8.389754305255964937e+02,8.389984788817964727e+02,8.390217732992534820e+02,8.390453135244786154e+02,8.390690993607381643e+02,8.390931306633201530e+02,8.391174073343369173e+02,8.391419293170254150e+02,8.391666965895052499e+02,8.391917091579587122e+02,8.392169670492047544e+02,8.392424703026456427e+02,8.392682189615788957e+02,8.392942130638787148e+02,8.393204526320578225e+02,8.393469376627323300e+02,8.393736681155207862e+02,8.394006439014148100e+02,8.394278648706475678e+02,8.394553308000400875e+02,8.394830413796652238e+02,8.395109961984460369e+02,8.395391947280591012e+02,8.395676363045397466e+02,8.395963201077839813e+02,8.396252451408646493e+02,8.396544102160094099e+02,8.396838139567573762e+02,8.397134548209016884e+02,8.397433311270943932e+02,8.397734410553225644e+02,8.398037823582898227e+02,8.398343517589438534e+02,8.398651441880924722e+02,8.398961523427453812e+02,8.399273664271553343e+02,8.399587894293727004e+02,8.399904420422138855e+02,8.400223686189929140e+02,8.400546518351753775e+02,8.400874361688980798e+02,8.401201159929370306e+02,8.401534713620364982e+02,8.401921535618270127e+02,8.402370860228306810e+02,8.402887941726179406e+02,8.403480952044101286e+02,8.404163442865273055e+02,8.404950004456069337e+02,8.405856046083150659e+02,8.406899243628405429e+02,8.408100159159702116e+02,8.409482475799121630e+02,8.411073217299465341e+02,8.412903123953038858e+02,8.415006996764608402e+02,8.417422100015892283e+02,8.420190356645904330e+02,8.423349156619707401e+02,8.426955104866854072e+02,8.430977105448004068e+02,8.435030579444398882e+02,8.439059746210716639e+02,8.443055687289629532e+02,8.447015943699012723e+02,8.450936568697997018e+02,8.454829821640762475e+02,8.458692801056731696e+02,8.462530440917777241e+02,8.466349614640378149e+02,8.470165515231725522e+02,8.473991813779472295e+02,8.477842981793269246e+02,8.481729979022555881e+02,8.485661307657004500e+02,8.489641769839796552e+02,8.493673016702256291e+02,8.497753765134050354e+02,8.501880377344158433e+02,8.506047737174974372e+02,8.510249952118829242e+02,8.514481248130257427e+02,8.518736369581671397e+02,8.523010984080831349e+02,8.527301654856037203e+02,8.531605835783581142e+02,8.535921657236530109e+02,8.540247794475588989e+02,8.544583285017571370e+02,8.548927435135507267e+02,8.553279729220892023e+02,8.557639793667069625e+02,8.562007362940626081e+02,8.566382265447891768e+02,8.570764404602610966e+02,8.575153744050497835e+02,8.579550289133192109e+02,8.583954070258832871e+02,8.588365126496420316e+02,8.592783492009695010e+02,8.597209184864093459e+02,8.601642198759593612e+02,8.606082497316857598e+02,8.610530010664617748e+02,8.614984634038431750e+02,8.619446227999313805e+02,8.623914620064456358e+02,8.628389607402674528e+02,8.632870960420116262e+02,8.637358426950708008e+02,8.641851736887851985e+02,8.646350607029324919e+02,8.650854745989793173e+02,8.655363859010749366e+02,8.659877652555485383e+02,8.664395838577829636e+02,8.668918138395554251e+02,8.673444286112899135e+02,8.677974031567305246e+02,8.682507142791772594e+02,8.687043408004926732e+02,8.691582637154263011e+02,8.696124663049631636e+02,8.700669342132044903e+02,8.705216554926852268e+02,8.709766206233174444e+02,8.714318225100087147e+02,8.718872564639422080e+02,8.723429201720888386e+02,8.727988136592960018e+02,8.732549392467897178e+02,8.737113015106443754e+02,8.741679072432481235e+02,8.746247654204760238e+02,8.750818871767422706e+02,8.755392857897569456e+02,8.759969766762557128e+02,8.764549773996027398e+02,8.769133076896008561e+02,8.773719894744459680e+02,8.778310469241777128e+02,8.782905065045245010e+02,8.787503970394029693e+02,8.792107497797978795e+02,8.796715984760327274e+02,8.801329794498191177e+02,8.805949316617042086e+02,8.810574967688700099e+02,8.815207191674853675e+02,8.819846460132295078e+02,8.824493272130288233e+02,8.829148153807482231e+02,8.833811657494430847e+02,8.838484360330617164e+02,8.843166862311456953e+02,8.847859783713461184e+02,8.852563761864382741e+02,8.857279447252051341e+02,8.862007499000518465e+02,8.866748579786740265e+02,8.871503350324692292e+02,8.876272463607053851e+02,8.881056559165407407e+02,8.885856257686673416e+02,8.890672156401917618e+02,8.895504825738698855e+02,8.900354807791799203e+02,8.905222617210074532e+02,8.910108745106666674e+02,8.915013666561928858e+02,8.919937852186675400e+02,8.924881784031139205e+02,8.929845975846378678e+02,8.934830997316881849e+02,8.939837501379306559e+02,8.944866253125507001e+02,8.949918158074887060e+02,8.954994286825181007e+02,8.960095892305974985e+02,8.965224415140347674e+02,8.970381472062465491e+02,8.975568822053634221e+02,8.980788304965781208e+02,8.986041748015450139e+02,8.991330836752097184e+02,8.996656948996110259e+02,9.002020952818542128e+02,9.007422972842432500e+02,9.012862132851231536e+02,9.018336286670582922e+02,9.023841753232161409e+02,9.029373075234740327e+02,9.034922823425315528e+02,9.040481469735188966e+02,9.046037351842354610e+02,9.051576748794276455e+02,9.057084081880032045e+02,9.062542247005644640e+02,9.067933074750081914e+02,9.073237902793242711e+02,9.078438233618965114e+02,9.083516439704120558e+02,9.088456470304533923e+02,9.093244509720677797e+02,9.097869537238112798e+02,9.102323743505737639e+02,9.106602765810919209e+02,9.110705714687417185e+02,9.114634978576057165e+02,9.118395819885778337e+02,9.121995828971097353e+02,9.125444392087422329e+02,9.128752430731263985e+02,9.131932670994216323e+02,9.135000350815034835e+02,9.137973202852019767e+02,9.140867544741216761e+02,9.143685038647410011e+02,9.146385044474177448e+02,9.148847057672925303e+02,9.150856182071293006e+02,9.152197345931186874e+02,9.153004664527111345e+02,9.154526025141957462e+02,9.160299092161927774e+02,9.176910313283319738e+02,9.210330238789701980e+02,9.249859778481827561e+02
8.380839874434768717e+02,8.380839874377777505e+02,8.380843722079175677e+02,8.380851416171177561e+02,8.380862953921173357e+02,8.380878331237903467e+02,8.380897542680698962e+02,8.380920581471759760e+02,8.380947439511431867e+02,8.380978107396454106e+02,8.381012574441099332e+02,8.381050828701172577e+02,8.381092857000776348e+02,8.381138644961788486e+02,8.381188177035941180e+02,8.381241436539434062e+02,8.381298405689966557e+02,8.381359065646086037e+02,8.381423396548746041e+02,8.381491377564943832e+02,8.381562986933315642e+02,8.381638202011563408e+02,8.381716999325576580e+02,8.381799354620090980e+02,8.381885242910764191e+02,8.381974638537502642e+02,8.382067515218889184e+02,8.382163846107551990e+02,8.382263603846332671e+02,8.382366760625069446e+02,8.382473288237856650e+02,8.382583158140602109e+02,8.382696341508733440e+02,8.382812809294880481e+02,8.382932532286388323e+02,8.383055481162491560e+02,8.383181626550996270e+02,8.383310939084329902e+02,8.383443389454798762e+02,8.383578948468909857e+02,8.383717587100632045e+02,8.383859276543448686e+02,8.384003988261083578e+02,8.384151694036777371e+02,8.384302366021004218e+02,8.384455976777502428e+02,8.384612499327558908e+02,8.384771907192398430e+02,8.384934174433648195e+02,8.385099275691753746e+02,8.385267186222296232e+02,8.385437881930137110e+02,8.385611339401333453e+02,8.385787535932767014e+02,8.385966449559431339e+02,8.386148059079342829e+02,8.386332344076027994e+02,8.386519284938539158e+02,8.386708862878978152e+02,8.386901059947475687e+02,8.387095859044591180e+02,8.387293243931102324e+02,8.387493199235134398e+02,8.387695710456586085e+02,8.387900763968809770e+02,8.388108347017498545e+02,8.388318447716720812e+02,8.388531055042067237e+02,8.388746158820850951e+02,8.388963749719326870e+02,8.389183819226877858e+02,8.389406359637138166e+02,8.389631364026013216e+02,8.389858826226554811e+02,8.390088740800615597e+02,8.390321103007206602e+02,8.390555908767406663e+02,8.390793154625641819e+02,8.391032837707043655e+02,8.391274955670584177e+02,8.391519506657547254e+02,8.391766489234955770e+02,8.392015902333514532e+02,8.392267745179749454e+02,8.392522017222108843e+02,8.392778718050983571e+02,8.393037847312708664e+02,8.393299404617789605e+02,8.393563389443625056e+02,8.393829801032161413e+02,8.394098638283021501e+02,8.394369899642966857e+02,8.394643582992770234e+02,8.394919685532217954e+02,8.395198203661974503e+02,8.395479132856323758e+02,8.395762467513961838e+02,8.396048200769290588e+02,8.396336324255180443e+02,8.396626827831378250e+02,8.396919699414198703e+02,8.397214925148361999e+02,8.397512490163455823e+02,8.397812379824397340e+02,8.398114581633794842e+02,8.398419081015531447e+02,8.398725849474395773e+02,8.399034824989244044e+02,8.399345887751389910e+02,8.399658795904791759e+02,8.399973547550027888e+02,8.400290466395373414e+02,8.400610449040511867e+02,8.400935923558143941e+02,8.401273851573442926e+02,8.401614080550225481e+02,8.402006372157651413e+02,8.402463909489807747e+02,8.402993105691280107e+02,8.403601933306274532e+02,8.404301861650180854e+02,8.405107776492128551e+02,8.406035977010461693e+02,8.407104631034693512e+02,8.408334614922324590e+02,8.409749985219120845e+02,8.411378215417146293e+02,8.413250542830943459e+02,8.415402299533873247e+02,8.417872387762181461e+02,8.420701234708170659e+02,8.423941112717833448e+02,8.427537150884587618e+02,8.431592120266362826e+02,8.435671986642561251e+02,8.439710793821087691e+02,8.443711645634726892e+02,8.447675846670067585e+02,8.451604319458504051e+02,8.455500726170575945e+02,8.459371305430479424e+02,8.463221994648625923e+02,8.467058059919813786e+02,8.470891426944724572e+02,8.474734227630159467e+02,8.478600236909592240e+02,8.482500010919643501e+02,8.486442074602089178e+02,8.490431216060266024e+02,8.494469355364991543e+02,8.498555471513178645e+02,8.502686376938140711e+02,8.506857345390197906e+02,8.511062841662969731e+02,8.515297274240048182e+02,8.519555461143512503e+02,8.523833034380528488e+02,8.528126491046699584e+02,8.532433214937329922e+02,8.536751296915948615e+02,8.541079407402711468e+02,8.545416611298504677e+02,8.549762263248394447e+02,8.554115904131292609e+02,8.558477215315856483e+02,8.562845977656241985e+02,8.567222055397169242e+02,8.571605376957461431e+02,8.575995922217397265e+02,8.580393705691894866e+02,8.584798761879229687e+02,8.589211129944129652e+02,8.593630841130338922e+02,8.598057908069609994e+02,8.602492317077989128e+02,8.606934022877313737e+02,8.611382945718646624e+02,8.615838970467259514e+02,8.620301947325777974e+02,8.624771693893505926e+02,8.629247998235737214e+02,8.633730622749609438e+02,8.638219308555326279e+02,8.642713780244163218e+02,8.647213750769221861e+02,8.651718926342803115e+02,8.656229011182485920e+02,8.660743712006376427e+02,8.665262742175514177e+02,8.669785825425893790e+02,8.674312699140643872e+02,8.678843117146317354e+02,8.683376852028073927e+02,8.687913696982004694e+02,8.692453467231256354e+02,8.696996001046973106e+02,8.701541160418798881e+02,8.706088831426377510e+02,8.710638924362388025e+02,8.715191373658996099e+02,8.719746137665508741e+02,8.724303198323480046e+02,8.728862560780082731e+02,8.733424252977855531e+02,8.737988325253367066e+02,8.742554849974261515e+02,8.747123921238714956e+02,8.751695654658061585e+02,8.756270187237870459e+02,8.760847677369293933e+02,8.765428304936932591e+02,8.770012271545699605e+02,8.774599800863466044e+02,8.779191139072034957e+02,8.783786555412949610e+02,8.788386342809678808e+02,8.792990818541090903e+02,8.797600324935364142e+02,8.802215230046251691e+02,8.806835928267348663e+02,8.811462840832796246e+02,8.816096416146992851e+02,8.820737129879961458e+02,8.825385484761317230e+02,8.830042010003398900e+02,8.834707260285154007e+02,8.839381814232617671e+02,8.844066272341141257e+02,8.848761254299115535e+02,8.853467395694498236e+02,8.858185344114195914e+02,8.862915754683680234e+02,8.867659285139802705e+02,8.872416590584214191e+02,8.877188318126737840e+02,8.881975101696317552e+02,8.886777557368520775e+02,8.891596279629115998e+02,8.896431839056622266e+02,8.901284781955399694e+02,8.906155632494321708e+02,8.911044897892780909e+02,8.915953077131373448e+02,8.920880673534596781e+02,8.925828211362106686e+02,8.930796256240381581e+02,8.935785438859253418e+02,8.940796480845200449e+02,8.945830221114099459e+02,8.950887640321956269e+02,8.955969880311720317e+02,8.961078254754694399e+02,8.966214246582809437e+02,8.971379487395818160e+02,8.976575713910544891e+02,8.981804696805381809e+02,8.987068138103030606e+02,8.992367534606202071e+02,8.997704006896495912e+02,9.003078096015198071e+02,9.008489533090081522e+02,9.013936990701388368e+02,9.019417828458662143e+02,9.024927848772312018e+02,9.030461081764751725e+02,9.036009620240914728e+02,9.041563526179769497e+02,9.047110828905661037e+02,9.052637631641410962e+02,9.058128337399714383e+02,9.063565997252788975e+02,9.068932774360436042e+02,9.074210506499390476e+02,9.079381339295371163e+02,9.084428393196124034e+02,9.089336420752919139e+02,9.094092408097826592e+02,9.098686076195032228e+02,9.103110243287881076e+02,9.107361018847379910e+02,9.111437809686289029e+02,9.115343130123831088e+02,9.119082222944591649e+02,9.122662524866871081e+02,9.126093061930689601e+02,9.129383941574599248e+02,9.132546186876548973e+02,9.135592117845654911e+02,9.138536082976528405e+02,9.141394257664843508e+02,9.144180327547703655e+02,9.146891950308928472e+02,9.149483853563215234e+02,9.151833493755366362e+02,9.153732915617495109e+02,9.154989293317999000e+02,9.155769422742791903e+02,9.157328667137177263e+02,9.163097646429390579e+02,9.179295389524328357e+02,9.211264516277151415e+02,9.248882311406997587e+02
8.381066100406937949e+02,8.381066100347510428e+02,8.381070007450425692e+02,8.381077820289423244e+02,8.381089536015025487e+02,8.381105150360903053e+02,8.381124657653384702e+02,8.381148050824106122e+02,8.381175321425755556e+02,8.381206459650866236e+02,8.381241454353626068e+02,8.381280293074612473e+02,8.381322962068421702e+02,8.381369446334080067e+02,8.381419729648184784e+02,8.381473794600661904e+02,8.381531622633043526e+02,8.381593194079175646e+02,8.381658488208212248e+02,8.381727483269805816e+02,8.381800156541343085e+02,8.381876484377104362e+02,8.381956442259197502e+02,8.382040004850132391e+02,8.382127146046873349e+02,8.382217839036219402e+02,8.382312056351352112e+02,8.382409769929388403e+02,8.382510951169765576e+02,8.382615570993305028e+02,8.382723599901760281e+02,8.382835008037703801e+02,8.382949765244559330e+02,8.383067841126625126e+02,8.383189205108903934e+02,8.383313826496582806e+02,8.383441674533993364e+02,8.383572718462878584e+02,8.383706927579839885e+02,8.383844271292775829e+02,8.383984719176180533e+02,8.384128241025171064e+02,8.384274806908090341e+02,8.384424387217562753e+02,8.384576952719895644e+02,8.384732474602690218e+02,8.384890924520575481e+02,8.385052274638960625e+02,8.385216497675721712e+02,8.385383566940728315e+02,8.385553456373153267e+02,8.385726140576491616e+02,8.385901594851229675e+02,8.386079795225106182e+02,8.386260718480940568e+02,8.386444342181956699e+02,8.386630644694589591e+02,8.386819605208735311e+02,8.387011203755399720e+02,8.387205421221738106e+02,8.387402239363434546e+02,8.387601640814401662e+02,8.387803609093763271e+02,8.388008128610082395e+02,8.388215184662801676e+02,8.388424763440846164e+02,8.388636852018366881e+02,8.388851438347563771e+02,8.389068511248578943e+02,8.389288060396413584e+02,8.389510076304850372e+02,8.389734550307380232e+02,8.389961474535090247e+02,8.390190841891516129e+02,8.390422646024399000e+02,8.390656881294264622e+02,8.390893542739696613e+02,8.391132626039064917e+02,8.391374127468412780e+02,8.391618043855106635e+02,8.391864372526786156e+02,8.392113111255131344e+02,8.392364258194028253e+02,8.392617811811834372e+02,8.392873770817651575e+02,8.393132134081752156e+02,8.393392900550488775e+02,8.393656069156130570e+02,8.393921638722079024e+02,8.394189607863904712e+02,8.394459974886921145e+02,8.394732737681699746e+02,8.395007893620041841e+02,8.395285439454536345e+02,8.395565371222684234e+02,8.395847684148043300e+02,8.396132372514770168e+02,8.396419429472844058e+02,8.396708846730884943e+02,8.397000614097617017e+02,8.397294719105093463e+02,8.397591147235976905e+02,8.397889883488858231e+02,8.398190915626346396e+02,8.398494241989710645e+02,8.398799867255963818e+02,8.399107782865022500e+02,8.399417926375572279e+02,8.399730110037965005e+02,8.400043725154225740e+02,8.400358601828581868e+02,8.400675040870652310e+02,8.400994470563663299e+02,8.401323287897208729e+02,8.401689334497560822e+02,8.402093630021780655e+02,8.402560776444615840e+02,8.403101856584788720e+02,8.403725811101980980e+02,8.404443737043083047e+02,8.405269802853506462e+02,8.406220816134454026e+02,8.407315583933485641e+02,8.408575466360555311e+02,8.410024935678827660e+02,8.411692158446413714e+02,8.413609229288289271e+02,8.415812918804319906e+02,8.418345556171931321e+02,8.421256013321783485e+02,8.424603673152190595e+02,8.428437399153805245e+02,8.432293327937841241e+02,8.436331614632514402e+02,8.440363802067023471e+02,8.444370038775864487e+02,8.448338770921274090e+02,8.452274096772457597e+02,8.456178579261119239e+02,8.460057310309678087e+02,8.463918654852895997e+02,8.467769288181209504e+02,8.471618907296823409e+02,8.475477900426155884e+02,8.479358623057931936e+02,8.483271169410927541e+02,8.487223971687466246e+02,8.491221844304523074e+02,8.495266965186160633e+02,8.499358562816626090e+02,8.503493835835890877e+02,8.507668399966227071e+02,8.511877063920234150e+02,8.516114444968084172e+02,8.520375478426989275e+02,8.524655799247464074e+02,8.528951864706674542e+02,8.533260997223403592e+02,8.537581246918672377e+02,8.541911270155304692e+02,8.546250149338746951e+02,8.550597278346552912e+02,8.554952248936522210e+02,8.559314794592319231e+02,8.563684742046449401e+02,8.568061991723302526e+02,8.572446497444767601e+02,8.576838255141216223e+02,8.581237287704529990e+02,8.585643632465744304e+02,8.590057327273314058e+02,8.594478399122808696e+02,8.598906854126146300e+02,8.603342670423821801e+02,8.607785793325929262e+02,8.612236132922889738e+02,8.616693563596585363e+02,8.621157925200550380e+02,8.625629025509186931e+02,8.630106643640010589e+02,8.634590534183699901e+02,8.639080431789602699e+02,8.643576056021759086e+02,8.648077116290337472e+02,8.652583316724350198e+02,8.657094360845877645e+02,8.661609955954287443e+02,8.666129817133540882e+02,8.670653670832656417e+02,8.675181257981078033e+02,8.679712336627918603e+02,8.684246684107404235e+02,8.688784098751086731e+02,8.693324401178142580e+02,8.697867435205008633e+02,8.702413068421735716e+02,8.706961192485356378e+02,8.711511723182204605e+02,8.716064600309051684e+02,8.720619787421431965e+02,8.725177271492852924e+02,8.729737062525599640e+02,8.734299193148316363e+02,8.738863718232253177e+02,8.743430714552508789e+02,8.748000280517385363e+02,8.752572535983496209e+02,8.757147622171015655e+02,8.761725701687977335e+02,8.766306958669015330e+02,8.770891599028387873e+02,8.775479850823164725e+02,8.780071964716656794e+02,8.784668214527625878e+02,8.789268897844542607e+02,8.793874336678854888e+02,8.798484878124477291e+02,8.803100894984843308e+02,8.807722786321940021e+02,8.812350977876045590e+02,8.816985922298893001e+02,8.821628099138829384e+02,8.826278014513349035e+02,8.830936200404061083e+02,8.835603213511413969e+02,8.840279633613129135e+02,8.844966061381342115e+02,8.849663115630614811e+02,8.854371429992340836e+02,8.859091649042105701e+02,8.863824423945009130e+02,8.868570407730582019e+02,8.873330250362763536e+02,8.878104593830672684e+02,8.882894067550261070e+02,8.887699284432252398e+02,8.892520838033153723e+02,8.897359301257470179e+02,8.902215227112021694e+02,8.907089152017756533e+02,8.911981602148655384e+02,8.916893103178260844e+02,8.921824193658547983e+02,8.926775442020257287e+02,8.931747466858502094e+02,8.936740959746634871e+02,8.941756709307627489e+02,8.946795624678214836e+02,8.951858755853340881e+02,8.956947307739496864e+02,8.962062644134875882e+02,8.967206277367999974e+02,8.972379839054460717e+02,8.977585027470818204e+02,8.982823527492653284e+02,8.988096899984536776e+02,8.993406439023323173e+02,8.998752997402958727e+02,9.004136783477422341e+02,9.009557135452529337e+02,9.015012282569657600e+02,9.020499105992553268e+02,9.026012915299768338e+02,9.031547258929937243e+02,9.037093788322523551e+02,9.042642195443793298e+02,9.048180241542071371e+02,9.053693891108401886e+02,9.059167559082186472e+02,9.064584471534790282e+02,9.069927130875278181e+02,9.075177866831568281e+02,9.080319445094933144e+02,9.085335697739373018e+02,9.090212134475532366e+02,9.094936492373741430e+02,9.099499184341945011e+02,9.103893613168537513e+02,9.108116327375761330e+02,9.112167005894507383e+02,9.116048269140269440e+02,9.119765324431724594e+02,9.123325467481669193e+02,9.126737487535972377e+02,9.130011072479438781e+02,9.133156382115333827e+02,9.136184014249352003e+02,9.139105509623697117e+02,9.141934098460970972e+02,9.144684302327099203e+02,9.147367227630538764e+02,9.149976804779286113e+02,9.152463744582400977e+02,9.154704428935294800e+02,9.156498764429586572e+02,9.157676000528247187e+02,9.158433094726215131e+02,9.160028304076574841e+02,9.165783440054864286e+02,9.181565747338313486e+02,9.212147952733741931e+02,9.247965201126114607e+02
8.381291048611484484e+02,8.381291048549497873e+02,8.381295016091861498e+02,8.381302949750908056e+02,8.381314846554448650e+02,8.381330702052330253e+02,8.381350510326259382e+02,8.381374264002847667e+02,8.381401954269866792e+02,8.381433570895658249e+02,8.381469102251649019e+02,8.381508535337920875e+02,8.381551855811758287e+02,8.381599048019103293e+02,8.381650095028840042e+02,8.381704978669800994e+02,8.381763679570412933e+02,8.381826177200864549e+02,8.381892449917684189e+02,8.381962475010598155e+02,8.382036228751553608e+02,8.382113686445750318e+02,8.382194822484547103e+02,8.382279610400097454e+02,8.382368022921538113e+02,8.382460032032594199e+02,8.382555609030408732e+02,8.382654724585443091e+02,8.382757348802265369e+02,8.382863451281045855e+02,8.382973001179586845e+02,8.383085967275692383e+02,8.383202318029716480e+02,8.383322021647074962e+02,8.383445046140575414e+02,8.383571359392354907e+02,8.383700929215274300e+02,8.383833723413570169e+02,8.383969709842617704e+02,8.384108856467636315e+02,8.384251131421161745e+02,8.384396503059167571e+02,8.384544940015657630e+02,8.384696411255627027e+02,8.384850886126229170e+02,8.385008334406065842e+02,8.385168726352459316e+02,8.385332032746631512e+02,8.385498224936681027e+02,8.385667274878279613e+02,8.385839155173021027e+02,8.386013839104350609e+02,8.386191300671021054e+02,8.386371514618025458e+02,8.386554456464967870e+02,8.386740102531827006e+02,8.386928429962100608e+02,8.387119416743278180e+02,8.387313041724642062e+02,8.387509284632363915e+02,8.387708126081868159e+02,8.387909547587454426e+02,8.388113531569135830e+02,8.388320061356688484e+02,8.388529121190857722e+02,8.388740696221706230e+02,8.388954772504081348e+02,8.389171336990152668e+02,8.389390377519029016e+02,8.389611882803416165e+02,8.389835842413339151e+02,8.390062246756918967e+02,8.390291087058219546e+02,8.390522355332163897e+02,8.390756044356497796e+02,8.390992147640711210e+02,8.391230659391790141e+02,8.391471574476511250e+02,8.391714888379939339e+02,8.391960597159625195e+02,8.392208697394962655e+02,8.392459186131138722e+02,8.392712060817243582e+02,8.392967319238329083e+02,8.393224959441531610e+02,8.393484979656738005e+02,8.393747378212530066e+02,8.394012153448142044e+02,8.394279303621907502e+02,8.394548826816346718e+02,8.394820720840247077e+02,8.395094983129521324e+02,8.395371610651602623e+02,8.395650599821866535e+02,8.395931946440493903e+02,8.396215645645402219e+02,8.396501691844240440e+02,8.396790078535960902e+02,8.397080797899354820e+02,8.397373839907701267e+02,8.397669191296149620e+02,8.397966835354794739e+02,8.398266754285139086e+02,8.398568935535561195e+02,8.398873395579637418e+02,8.399180181035056876e+02,8.399489345906756625e+02,8.399800891232669073e+02,8.400114628718021095e+02,8.400429195572177150e+02,8.400744378512956700e+02,8.401061430281775984e+02,8.401387426965382019e+02,8.401759945567830528e+02,8.402181158918991741e+02,8.402660466834846602e+02,8.403214063293344225e+02,8.403853086281877722e+02,8.404589051511387652e+02,8.405435927738797091e+02,8.406410499798017781e+02,8.407532122764118867e+02,8.408822741052846368e+02,8.410307439512918108e+02,8.412014893160549036e+02,8.413978479477442534e+02,8.416236367459423491e+02,8.418832752839020941e+02,8.421818345858346220e+02,8.425243382936987473e+02,8.429112740547585645e+02,8.433072224452411092e+02,8.437023651752186879e+02,8.441021412362807723e+02,8.445027537715619701e+02,8.449002158866452419e+02,8.452946198945086280e+02,8.456859365000153730e+02,8.460748550497277165e+02,8.464620588613062182e+02,8.468484181752913855e+02,8.472348502668410219e+02,8.476222898857173504e+02,8.480118068503003315e+02,8.484043389918276716e+02,8.488006950996863225e+02,8.492013623579329078e+02,8.496065794995034821e+02,8.500162953402253834e+02,8.504302646537696546e+02,8.508480802629302389e+02,8.512692550364143926e+02,8.516932725482964770e+02,8.521196410123484384e+02,8.525479278038578741e+02,8.529777775020729678e+02,8.534089176267292487e+02,8.538411494078883379e+02,8.542743364633431611e+02,8.547083879164218843e+02,8.551432461560126512e+02,8.555788747945455270e+02,8.560152519842062020e+02,8.564523648369505509e+02,8.568902069881229409e+02,8.573287763872626783e+02,8.577680742286236182e+02,8.582081035860809379e+02,8.586488683720770041e+02,8.590903721102694135e+02,8.595326169430468326e+02,8.599756027151443050e+02,8.604193263359702541e+02,8.608637813384025321e+02,8.613089576851677975e+02,8.617548417572007793e+02,8.622014165113504305e+02,8.626486617593650408e+02,8.630965545416070199e+02,8.635450695640512322e+02,8.639941796746387581e+02,8.644438563587973476e+02,8.648940702359037687e+02,8.653447915435922368e+02,8.657959905972885508e+02,8.662476382169536464e+02,8.666997061135112972e+02,8.671521672311653219e+02,8.676049960425748395e+02,8.680581687967185189e+02,8.685116637200885634e+02,8.689654611738800440e+02,8.694195437704133838e+02,8.698738964532606133e+02,8.703285065457233713e+02,8.707833637728614349e+02,8.712384602620625174e+02,8.716937905272059197e+02,8.721493514409951331e+02,8.726051421998267870e+02,8.730611642849721648e+02,8.735174214235358932e+02,8.739739195520686508e+02,8.744306667853795716e+02,8.748876733925444569e+02,8.753449517817786045e+02,8.758025164953113517e+02,8.762603842150645050e+02,8.767185737793990938e+02,8.771771062108269916e+02,8.776360047540271125e+02,8.780952949230857030e+02,8.785550045562872583e+02,8.790151638762951052e+02,8.794758055529264311e+02,8.799369647651803916e+02,8.803986792585213834e+02,8.808609893928728525e+02,8.813239381761750337e+02,8.817875712779283504e+02,8.822519370167576653e+02,8.827170863159062719e+02,8.831830726206258078e+02,8.836499517718825700e+02,8.841177818316001549e+02,8.845866228560093987e+02,8.850565366155483389e+02,8.855275862623184366e+02,8.859998359493163207e+02,8.864733504096376464e+02,8.869481945084907011e+02,8.874244327861485999e+02,8.879021290157174917e+02,8.883813458055734600e+02,8.888621442821437313e+02,8.893445838938828274e+02,8.898287223811337299e+02,8.903146159582713608e+02,8.908023197530751531e+02,8.912918885425630151e+02,8.917833778133281157e+02,8.922768451565286796e+02,8.927723519820590354e+02,8.932699655023045580e+02,8.937697608930942579e+02,8.942718234886090158e+02,8.947762508098144281e+02,8.952831541654641114e+02,8.957926595054260588e+02,8.963049071540755222e+02,8.968200500142885403e+02,8.973382498186604153e+02,8.978596710229591054e+02,8.983844719959729446e+02,8.989127932668214953e+02,8.994447427496501177e+02,8.999803780766211503e+02,9.005196864281932676e+02,9.010625625437173767e+02,9.016087859074485777e+02,9.021579984106267602e+02,9.027096840586027611e+02,9.032631524880107463e+02,9.038175281456506127e+02,9.043717469230798542e+02,9.049245618106143638e+02,9.054745587159658271e+02,9.060201829889723513e+02,9.065597764313951075e+02,9.070916237023909616e+02,9.076140061342105128e+02,9.081252601460313372e+02,9.086238367914736500e+02,9.091083585941075853e+02,9.095776697868307110e+02,9.100308764057118651e+02,9.104673733733660583e+02,9.108868566576510375e+02,9.112893196701049874e+02,9.116750341118366805e+02,9.120445163704862352e+02,9.123984813981188609e+02,9.127377871924669535e+02,9.130633754147498848e+02,9.133762181901350914e+02,9.136772873490601796e+02,9.139675658849423598e+02,9.142481101561514834e+02,9.145201237094476028e+02,9.147848957214491747e+02,9.150432925485720261e+02,9.152943663014384583e+02,9.155328463676715955e+02,9.157463504729676060e+02,9.159157294688158117e+02,9.160260798538597555e+02,9.160998633863614486e+02,9.162627813818400000e+02,9.168360313548240583e+02,9.183727061896179293e+02,9.212983866185031729e+02,9.247103400631438035e+02
8.381514684588559021e+02,8.381514684523888263e+02,8.381518713595951340e+02,8.381526770252644383e+02,8.381538851393014511e+02,8.381554952374035565e+02,8.381575067020753522e+02,8.381599187639784532e+02,8.381627305036115558e+02,8.381659408533176929e+02,8.381695485996142452e+02,8.381735523858386614e+02,8.381779507151046573e+02,8.381827419535596846e+02,8.381879243339376444e+02,8.381934959593951362e+02,8.381994548076240790e+02,8.382057987352263808e+02,8.382125254823428122e+02,8.382196326775198258e+02,8.382271178428042049e+02,8.382349783990486003e+02,8.382432116714154517e+02,8.382518148950617842e+02,8.382607852209901012e+02,8.382701197220465019e+02,8.382798153990507899e+02,8.382898691870392440e+02,8.383002779616002726e+02,8.383110385452874880e+02,8.383221477140875777e+02,8.383336022039253521e+02,8.383453987171864128e+02,8.383575339292375475e+02,8.383700044949256380e+02,8.383828070550358689e+02,8.383959382426903630e+02,8.384093946896686020e+02,8.384231730326318939e+02,8.384372699192338132e+02,8.384516820141004700e+02,8.384664060046645773e+02,8.384814386068369458e+02,8.384967765705029024e+02,8.385124166848281675e+02,8.385283557833637360e+02,8.385445907489364572e+02,8.385611185183163343e+02,8.385779360866499701e+02,8.385950405116532238e+02,8.386124289175538706e+02,8.386300984987799438e+02,8.386480465233867108e+02,8.386662703362189859e+02,8.386847673618041199e+02,8.387035351069735043e+02,8.387225711632099774e+02,8.387418732087189710e+02,8.387614390102222615e+02,8.387812664244731877e+02,8.388013533994911768e+02,8.388216979755151215e+02,8.388422982856739054e+02,8.388631525563716878e+02,8.388842591073869244e+02,8.389056163516823972e+02,8.389272227949254557e+02,8.389490770347156285e+02,8.389711777595208559e+02,8.389935237473221150e+02,8.390161138639684850e+02,8.390389470612461764e+02,8.390620223746652755e+02,8.390853389209656825e+02,8.391088958953431529e+02,8.391326925683869149e+02,8.391567282827127201e+02,8.391810024492593811e+02,8.392055145432050267e+02,8.392302640994406602e+02,8.392552507075326957e+02,8.392804740061093298e+02,8.393059336766217484e+02,8.393316294364759642e+02,8.393575610315814401e+02,8.393837282284229104e+02,8.394101308057952338e+02,8.394367685463204225e+02,8.394636412277765203e+02,8.394907486141494246e+02,8.395180904462746412e+02,8.395456664321686731e+02,8.395734762378028790e+02,8.396015194801888128e+02,8.396297957255462734e+02,8.396583044939754927e+02,8.396870452664423965e+02,8.397160174780865418e+02,8.397452204712965340e+02,8.397746533245782530e+02,8.398043145863875907e+02,8.398342020619046480e+02,8.398643129845559088e+02,8.398946448217045599e+02,8.399252015368091406e+02,8.399559954006512044e+02,8.399870464089392499e+02,8.400183783357715583e+02,8.400500051424174899e+02,8.400816306590476188e+02,8.401133269919829445e+02,8.401458567523969805e+02,8.401834361141693535e+02,8.402267576444561428e+02,8.402761880192384751e+02,8.403329375663938663e+02,8.403983863992456236e+02,8.404738021946789104e+02,8.405606097056187309e+02,8.406604926464949585e+02,8.407754160301436741e+02,8.409076291359662036e+02,8.410596987701474063e+02,8.412345527337881776e+02,8.414355241303013599e+02,8.416665071781607139e+02,8.419319184940845844e+02,8.422365049515398141e+02,8.425846534120164506e+02,8.429752754782554121e+02,8.433734032544554111e+02,8.437730283428644498e+02,8.441702254219834458e+02,8.445691556416800267e+02,8.449666487805066026e+02,8.453619824427042886e+02,8.457543020866925190e+02,8.461443370603884659e+02,8.465326952103465601e+02,8.469203068443624716e+02,8.473080873025534174e+02,8.476969619738378015e+02,8.480878695870678712e+02,8.484816656898378824e+02,8.488790985044422541e+02,8.492806526805877638e+02,8.496865805030726051e+02,8.500968582678056009e+02,8.505112725964481797e+02,8.509294465865347092e+02,8.513509228448515387e+02,8.517752069565361808e+02,8.522018233954185007e+02,8.526303463329393253e+02,8.530604218926222302e+02,8.534917746625849304e+02,8.539242027692538386e+02,8.543575675505790059e+02,8.547917783089184240e+02,8.552267795589777961e+02,8.556625386406537928e+02,8.560990380031876157e+02,8.565362689492411619e+02,8.569742286109412817e+02,8.574129175021467972e+02,8.578523384164205936e+02,8.582924951809180811e+02,8.587333918081383217e+02,8.591750314496051715e+02,8.596174155664366481e+02,8.600605431219477168e+02,8.605044100283353146e+02,8.609490087569744219e+02,8.613943281897412589e+02,8.618403536405118075e+02,8.622870670467843865e+02,8.627344472767831576e+02,8.631824705298649860e+02,8.636311107936496683e+02,8.640803403357961088e+02,8.645301302076936736e+02,8.649804507434398602e+02,8.654312720404640231e+02,8.658825644108962933e+02,8.663342987961407289e+02,8.667864471387499634e+02,8.672389827085289653e+02,8.676918803811157659e+02,8.681451168694126181e+02,8.685986709093641593e+02,8.690525234029851163e+02,8.695066575223655718e+02,8.699610587791023590e+02,8.704157150640369309e+02,8.708706166623171612e+02,8.713257562488512349e+02,8.717811288689423463e+02,8.722367319086764610e+02,8.726925650591267640e+02,8.731486302781012228e+02,8.736049317525811375e+02,8.740614758646422615e+02,8.745182711630893664e+02,8.749753283426978214e+02,8.754326602324276791e+02,8.758902817936481142e+02,8.763482101288931290e+02,8.768064645013217842e+02,8.772650663645273426e+02,8.777240394019479481e+02,8.781834095745730338e+02,8.786432051751908148e+02,8.791034568868216184e+02,8.795641978424827130e+02,8.800254636828025241e+02,8.804872926074855286e+02,8.809497254160402235e+02,8.814128055327381617e+02,8.818765790103499285e+02,8.823410945069956597e+02,8.828064032303875592e+02,8.832725588440117690e+02,8.837396173303577598e+02,8.842076368073365984e+02,8.846766772955160150e+02,8.851468004358883945e+02,8.856180691605645734e+02,8.860905473221400825e+02,8.865642992914730485e+02,8.870393895382159144e+02,8.875158822135430228e+02,8.879938407599235006e+02,8.884733275782215287e+02,8.889544037874550213e+02,8.894371291166826268e+02,8.899215619710264491e+02,8.904077597139546469e+02,8.908957792046677469e+02,8.913856776217122615e+02,8.918775135906521427e+02,8.923713486137576183e+02,8.928672487723429185e+02,8.933652866371821801e+02,8.938655432794672606e+02,8.943681102250511685e+02,8.948730911402981292e+02,8.953806029820899539e+02,8.958907762921387530e+02,8.964037542728513017e+02,8.969196902558301190e+02,8.974387431727367357e+02,8.979610706697649221e+02,8.984868195787696550e+02,8.990161135756633257e+02,8.995490380226499383e+02,9.000856222036572944e+02,9.006258194153969043e+02,9.011694856573113839e+02,9.017163579536503448e+02,9.022660336153342087e+02,9.028179519784118838e+02,9.033713803066626724e+02,9.039254055846615756e+02,9.044789338240067309e+02,9.050306982370908599e+02,9.055792771907157430e+02,9.061231222454615590e+02,9.066605958478346565e+02,9.071900174264807220e+02,9.077097158280356552e+02,9.082180853036575172e+02,9.087136417175757970e+02,9.091950753759278996e+02,9.096612969227284111e+02,9.101114731365593116e+02,9.105450501574109694e+02,9.109617626023762114e+02,9.113616280738967816e+02,9.117449275802167676e+02,9.121121732385702217e+02,9.124640652657282089e+02,9.128014408315792707e+02,9.131252183477485005e+02,9.134363429949897863e+02,9.137357434380867289e+02,9.140243149335875614e+02,9.143029455723680030e+02,9.145725881524311944e+02,9.148343299837735003e+02,9.150893071873608733e+02,9.153381596873256285e+02,9.155796312508373376e+02,9.158081659093013513e+02,9.160114378307010838e+02,9.161712152387162860e+02,9.162747143709801776e+02,9.163469170424077674e+02,9.165130278717415422e+02,9.170832213829162356e+02,9.185784814603913446e+02,9.213775328145516141e+02,9.246292387401533688e+02
8.381736972398718990e+02,8.381736972331232209e+02,8.381741064078505588e+02,8.381749246020859800e+02,8.381761514922301330e+02,8.381777865937538081e+02,8.381798292622481767e+02,8.381822786948217754e+02,8.381851339318401415e+02,8.381883938590052594e+02,8.381920572097691320e+02,8.381961225680764755e+02,8.382005883714283527e+02,8.382054529142628780e+02,8.382107143516396945e+02,8.382163707032244702e+02,8.382224198575587479e+02,8.382288595766068511e+02,8.382356875005675647e+02,8.382429011529370655e+02,8.382504979458094567e+02,8.382584751854012666e+02,8.382668300777842205e+02,8.382755597348088941e+02,8.382846611802035568e+02,8.382941313558301317e+02,8.383039671280785115e+02,8.383141652943804729e+02,8.383247225898235229e+02,8.383356356938446652e+02,8.383469012369840812e+02,8.383585158076770085e+02,8.383704759590646063e+02,8.383827782158022046e+02,8.383954190808432259e+02,8.384083950421805866e+02,8.384217025795225027e+02,8.384353381708860979e+02,8.384492982990853989e+02,8.384635794580997299e+02,8.384781781593005690e+02,8.384930909375220835e+02,8.385083143569584081e+02,8.385238450168722011e+02,8.385396795571010671e+02,8.385558146633475189e+02,8.385722470722424760e+02,8.385889735761687689e+02,8.386059910278382858e+02,8.386232963446111626e+02,8.386408865125520151e+02,8.386587585902163937e+02,8.386769097121620007e+02,8.386953370921806936e+02,8.387140380262487724e+02,8.387330098951935042e+02,8.387522501670725887e+02,8.387717563992683836e+02,8.387915262402934786e+02,8.388115574313098932e+02,8.388318478073601909e+02,8.388523952983101708e+02,8.388731979295038172e+02,8.388942538221290306e+02,8.389155611932935699e+02,8.389371183558102985e+02,8.389589237176916185e+02,8.389809757813517308e+02,8.390032731425203565e+02,8.390258144888679226e+02,8.390485985983473256e+02,8.390716243372588679e+02,8.390948906580440507e+02,8.391183965968124312e+02,8.391421412706056344e+02,8.391661238743888589e+02,8.391903436777522529e+02,8.392148000212832812e+02,8.392394923125539208e+02,8.392644200216434456e+02,8.392895826761085800e+02,8.393149798553182563e+02,8.393406111840993162e+02,8.393664763257114600e+02,8.393925749742542166e+02,8.394189068467157995e+02,8.394454716749221461e+02,8.394722691975939597e+02,8.394992991525040225e+02,8.395265612683953123e+02,8.395540552560711376e+02,8.395817807983190733e+02,8.396097375395123663e+02,8.396379250784051465e+02,8.396663429711277331e+02,8.396949907515514724e+02,8.397238679686229261e+02,8.397529742179567620e+02,8.397823091261476520e+02,8.398118720470855578e+02,8.398416614561499500e+02,8.398716741944532487e+02,8.399019050378616384e+02,8.399323463924280304e+02,8.399630035393824983e+02,8.399938997961816085e+02,8.400250830177275247e+02,8.400566414642025848e+02,8.400887428939436177e+02,8.401207685388450273e+02,8.401534766199844171e+02,8.401914497215734627e+02,8.402355976212771793e+02,8.402864282185342972e+02,8.403447225512204568e+02,8.404117994959118505e+02,8.404890733991549041e+02,8.405780370376223800e+02,8.406804018932814415e+02,8.407981570788745103e+02,8.409335929085049202e+02,8.410893236485997022e+02,8.412683261804234007e+02,8.414739328716800628e+02,8.417099457015200414e+02,8.419804617199855556e+02,8.422905679266752941e+02,8.426438764661795631e+02,8.430384543273070221e+02,8.434387384053455889e+02,8.438395886139140885e+02,8.442390909595746962e+02,8.446368719330571366e+02,8.450338823320838628e+02,8.454295948152856681e+02,8.458228777503512674e+02,8.462141125960470163e+02,8.466036790162382886e+02,8.469925633973633694e+02,8.473816348304252415e+02,8.477718513666069384e+02,8.481640774892813397e+02,8.485591044340707185e+02,8.489576067948185027e+02,8.493600524210791036e+02,8.497666960920226984e+02,8.501775404340869500e+02,8.505924010788528449e+02,8.510109317141381098e+02,8.514327029587398101e+02,8.518572425637536298e+02,8.522840918907680816e+02,8.527128340631494439e+02,8.531431190062749010e+02,8.535746702939619581e+02,8.540072839167946768e+02,8.544408190251912174e+02,8.548751846020974199e+02,8.553103265114255009e+02,8.557462150891611827e+02,8.561828365020938918e+02,8.566201859024490659e+02,8.570582637467880431e+02,8.574970730661580092e+02,8.579366182398067622e+02,8.583769038298839860e+02,8.588179338927192248e+02,8.592597111197366075e+02,8.597022361816764260e+02,8.601455070517732793e+02,8.605895185512347325e+02,8.610342620218949605e+02,8.614797252249576331e+02,8.619258923942749107e+02,8.623727444567871316e+02,8.628202593621409733e+02,8.632684125039611445e+02,8.637171771925200119e+02,8.641665251582369365e+02,8.646164270612061955e+02,8.650668529910666393e+02,8.655177729432058413e+02,8.659691572614476627e+02,8.664209770403725770e+02,8.668732044824511149e+02,8.673258132079718052e+02,8.677787785168802657e+02,8.682320776038430949e+02,8.686856897285339301e+02,8.691395963446798305e+02,8.695937811917359568e+02,8.700482303539721443e+02,8.705029322917387162e+02,8.709578778500506360e+02,8.714130602493080460e+02,8.718684750629437303e+02,8.723241201862591652e+02,8.727799958004583232e+02,8.732361043352765364e+02,8.736924504332691868e+02,8.741490409182235908e+02,8.746058847698267300e+02,8.750629931061680509e+02,8.755203791753416454e+02,8.759780583568947350e+02,8.764360481735466237e+02,8.768943683130942190e+02,8.773530406600585820e+02,8.778120893360999162e+02,8.782715407478136740e+02,8.787314236399623724e+02,8.791917691517273852e+02,8.796526108729797215e+02,8.801139848970794901e+02,8.805759298661401999e+02,8.810384870042582861e+02,8.815017001337542979e+02,8.819656156692168452e+02,8.824302825839828301e+02,8.828957523438111821e+02,8.833620788028788411e+02,8.838293180579897808e+02,8.842975282580518979e+02,8.847667693675589362e+02,8.852371028850205903e+02,8.857085915201021180e+02,8.861812988366333457e+02,8.866552888726380388e+02,8.871306257530155790e+02,8.876073733153616558e+02,8.880855947744055356e+02,8.885653524553670195e+02,8.890467076307539855e+02,8.895297204981854975e+02,8.900144503380423657e+02,8.905009558883065210e+02,8.909892959689237841e+02,8.914795303784241014e+02,8.919717210703887531e+02,8.924659335957694566e+02,8.929622387684565865e+02,8.934607144756362231e+02,8.939614475118792143e+02,8.944645352678141990e+02,8.949700870530923567e+02,8.954782247826763069e+02,8.959890827101888817e+02,8.965028058581318646e+02,8.970195467792702857e+02,8.975394602937792570e+02,8.980626958901802936e+02,8.985893875608380768e+02,8.991196409690608107e+02,8.996535180157151217e+02,9.001910190857479392e+02,9.007320635011278682e+02,9.012764689730131522e+02,9.018239311132173270e+02,9.023740043088715765e+02,9.029260854558772280e+02,9.034794021554869232e+02,9.040330069738344037e+02,9.045857792206617205e+02,9.051364354039235423e+02,9.056835490582478769e+02,9.062255800423452001e+02,9.067609126893518123e+02,9.072879014318683630e+02,9.078049217849368233e+02,9.083104239400101960e+02,9.088029857842977890e+02,9.092813619808605381e+02,9.097445258661680327e+02,9.101917013477700493e+02,9.106223826802471422e+02,9.110363408908988276e+02,9.114336166161484698e+02,9.118145000739531270e+02,9.121794997123790836e+02,9.125293016485917406e+02,9.128647223563178841e+02,9.131866573904692359e+02,9.134960297706156780e+02,9.137937437287712328e+02,9.140806533276972914e+02,9.143575598076938604e+02,9.146252512235818131e+02,9.148845810592121097e+02,9.151365304758339789e+02,9.153820962489919566e+02,9.156217108882970024e+02,9.158538410779596006e+02,9.160726970989202300e+02,9.162660765174866810e+02,9.164167069824766259e+02,9.165138598978572873e+02,9.165847974280438848e+02,9.167538936775732736e+02,9.173203151480106499e+02,9.187744288917451740e+02,9.214525185350436232e+02,9.245528102570119700e+02
8.381957874569212663e+02,8.381957874498774572e+02,8.381962030125087040e+02,8.381970339757631336e+02,8.381982800018859052e+02,8.381999405851461233e+02,8.382020150529247076e+02,8.382045025671632175e+02,8.382074021261668122e+02,8.382107125667606624e+02,8.382144325667940166e+02,8.382185606479854414e+02,8.382230951791045754e+02,8.382280343794809596e+02,8.382333763228339194e+02,8.382391189414132668e+02,8.382452600304392263e+02,8.382517972528341943e+02,8.382587281442304175e+02,8.382660501182427879e+02,8.382737604719918636e+02,8.382818563918627888e+02,8.382903349594832889e+02,8.382991931579045968e+02,8.383084278779664373e+02,8.383180359248295872e+02,8.383280140246544079e+02,8.383383588314057988e+02,8.383490669337651298e+02,8.383601348621261877e+02,8.383715590956549022e+02,8.383833360693896566e+02,8.383954621813608128e+02,8.384079337997067114e+02,8.384207472697648882e+02,8.384338989211145190e+02,8.384473850745505388e+02,8.384612020489673796e+02,8.384753461681306135e+02,8.384898137673184237e+02,8.385046011998122140e+02,8.385197048432186193e+02,8.385351211056058673e+02,8.385508464314384582e+02,8.385668773072940212e+02,8.385832102673508643e+02,8.385998418986309844e+02,8.386167688459898955e+02,8.386339878168417954e+02,8.386514955856125653e+02,8.386692889979125312e+02,8.386873649744242130e+02,8.387057205144989211e+02,8.387243526994603826e+02,8.387432586956118712e+02,8.387624357569458198e+02,8.387818812275548908e+02,8.388015925437455280e+02,8.388215672358538768e+02,8.388418029297650946e+02,8.388622973481371901e+02,8.388830483113308674e+02,8.389040537380453770e+02,8.389253116456624184e+02,8.389468201502962756e+02,8.389685774665542795e+02,8.389905819070036159e+02,8.390128318813509622e+02,8.390353258953331306e+02,8.390580625493255411e+02,8.390810405366745499e+02,8.391042586417607936e+02,8.391277157378037828e+02,8.391514107844161572e+02,8.391753428249098761e+02,8.391995109833504785e+02,8.392239144613353119e+02,8.392485525344511643e+02,8.392734245483371751e+02,8.392985299142526401e+02,8.393238681040293159e+02,8.393494386442965833e+02,8.393752411099148958e+02,8.394012751166594626e+02,8.394275403133526652e+02,8.394540363738257156e+02,8.394807629891984107e+02,8.395077198608786375e+02,8.395349066942467289e+02,8.395623231922164678e+02,8.395899690470565702e+02,8.396178439288113395e+02,8.396459474703198111e+02,8.396742792542733014e+02,8.397028388173879421e+02,8.397316256927665563e+02,8.397606395063002083e+02,8.397898801085558489e+02,8.398193477229101518e+02,8.398490424873801885e+02,8.398789632594264276e+02,8.399091056623249187e+02,8.399394596733607159e+02,8.399700030156947150e+02,8.400007370489317964e+02,8.400316954446034288e+02,8.400629692296312214e+02,8.400948037058451519e+02,8.401279504340199082e+02,8.401613478079780180e+02,8.401998741398595030e+02,8.402448329142184775e+02,8.402968560693882409e+02,8.403567156362182686e+02,8.404255197873427505e+02,8.405047143148318582e+02,8.405958806268845365e+02,8.407007793928311230e+02,8.408214332402684477e+02,8.409601677170311405e+02,8.411196393742604869e+02,8.413028647061433958e+02,8.415132231114722572e+02,8.417543961541722410e+02,8.420307250845154385e+02,8.423445359473622602e+02,8.427028220218991237e+02,8.431019460240505623e+02,8.435048671150443624e+02,8.439067157344536554e+02,8.443069458211307392e+02,8.447055924704220615e+02,8.451022668072315582e+02,8.454978808867433600e+02,8.458918260932599651e+02,8.462841312115125447e+02,8.466749378218796664e+02,8.470651188473183311e+02,8.474554761469960340e+02,8.478469809979243337e+02,8.482404587807063763e+02,8.486366695164117573e+02,8.490362221387530326e+02,8.494395580064947353e+02,8.498469217600030561e+02,8.502583368431860436e+02,8.506736445544953540e+02,8.510925294599109066e+02,8.515145891518280905e+02,8.519393741017032653e+02,8.523664427831608918e+02,8.527953888566239584e+02,8.532258677548019250e+02,8.536576038519625627e+02,8.540903921049989549e+02,8.545240898700711796e+02,8.549586055380842708e+02,8.553938856900258543e+02,8.558299029447624662e+02,8.562666465648062513e+02,8.567041151291340384e+02,8.571423121712307420e+02,8.575812431377900111e+02,8.580209139565877194e+02,8.584613299088401845e+02,8.589024950568837085e+02,8.593444115676397814e+02,8.597870792324345075e+02,8.602304949383099029e+02,8.606746523263086601e+02,8.611195415394186057e+02,8.615651491742908092e+02,8.620114583674884443e+02,8.624584490416590370e+02,8.629060982526697217e+02,8.633543806261184272e+02,8.638032688401377754e+02,8.642527341362899733e+02,8.647027468314862517e+02,8.651532768166204050e+02,8.656042940268923758e+02,8.660557688752868444e+02,8.665076726423302489e+02,8.669599778186675394e+02,8.674126583989007031e+02,8.678656901270267099e+02,8.683190506952770420e+02,8.687727198992552076e+02,8.692266797531721068e+02,8.696809145695724510e+02,8.701354110083299247e+02,8.705901580999008047e+02,8.710451472477756170e+02,8.715003722149805299e+02,8.719558290991167269e+02,8.724115163001431483e+02,8.728674344845735504e+02,8.733235865493920755e+02,8.737799775884133169e+02,8.742366148634457659e+02,8.746935077820663764e+02,8.751506678834803097e+02,8.756081088334301512e+02,8.760658464287996594e+02,8.765238986120713207e+02,8.769822854954585409e+02,8.774410293940391057e+02,8.779001548668345549e+02,8.783596887642560205e+02,8.788196602799094990e+02,8.792801010041957852e+02,8.797410449766874763e+02,8.802025287337131658e+02,8.806645913471497806e+02,8.811272744499663077e+02,8.815906222437620272e+02,8.820546814833240887e+02,8.825195014332352912e+02,8.829851337917762066e+02,8.834516325779134149e+02,8.839190539780518066e+02,8.843874561505709835e+02,8.848568989879624951e+02,8.853274438387360306e+02,8.857991531941364656e+02,8.862720903481509822e+02,8.867463190431942621e+02,8.872219031181809896e+02,8.876989061802319156e+02,8.881773913257766253e+02,8.886574209409807281e+02,8.891390566147622394e+02,8.896223591996350706e+02,8.901073890555152275e+02,8.905942065086750290e+02,8.910828725513525796e+02,8.915734497962154137e+02,8.920660036830912532e+02,8.925606039124103290e+02,8.930573260502583253e+02,8.935562532138967526e+02,8.940574777048000215e+02,8.945611024102901183e+02,8.950672417473441556e+02,8.955760218768749610e+02,8.960875798786238420e+02,8.966020615517107899e+02,8.971196175004513407e+02,8.976403971861720947e+02,8.981645406798036220e+02,8.986921679421781164e+02,8.992233655920849742e+02,8.997581712960195546e+02,9.002965561238613645e+02,9.008384054523638724e+02,9.013834992490285458e+02,9.019314928132823752e+02,9.024818992657891386e+02,9.030340752329340148e+02,9.035872112433743268e+02,9.041403283102010846e+02,9.046922819941149783e+02,9.052417749182700391e+02,9.057873782360702535e+02,9.063275619588741847e+02,9.068607333702702817e+02,9.073852820450343870e+02,9.078996293259361892e+02,9.084022795683431468e+02,9.088918701141891461e+02,9.093672168594437153e+02,9.098273524609961669e+02,9.102715546840275920e+02,9.106993630790271936e+02,9.111105830289232017e+02,9.115052771311020479e+02,9.118837447750684078e+02,9.122464915410372441e+02,9.125941905881829825e+02,9.129276384796580714e+02,9.132477079696856208e+02,9.135553004187953547e+02,9.138513012298227522e+02,9.141365436796691029e+02,9.144117900166229447e+02,9.146777421944218531e+02,9.149350926267508157e+02,9.151846061814804898e+02,9.154271714149222134e+02,9.156636604465318214e+02,9.158943165450389188e+02,9.161173580787714172e+02,9.163268081163182615e+02,9.165106452477642733e+02,9.166525853680473119e+02,9.167438805654437601e+02,9.168138414810937320e+02,9.169857134234091518e+02,9.175477160970583554e+02,9.189610565694391653e+02,9.215236078769946744e+02,9.244806897190433119e+02
8.382177352037473383e+02,8.382177351963943011e+02,8.382181572734615429e+02,8.382190012584742362e+02,8.382202667988444773e+02,8.382219533666248026e+02,8.382240602596381223e+02,8.382265866029789549e+02,8.382295313508860772e+02,8.382328932889805628e+02,8.382366710368656868e+02,8.382408630510827834e+02,8.382454676284172592e+02,8.382504829095470313e+02,8.382559068830253182e+02,8.382617373895889159e+02,8.382679721267812738e+02,8.382746086538803638e+02,8.382816443971166791e+02,8.382890766551713568e+02,8.382969026049370314e+02,8.383051193075274341e+02,8.383137237145191420e+02,8.383227126744073985e+02,8.383320829392581572e+02,8.383418311715355458e+02,8.383519539510855338e+02,8.383624477822547760e+02,8.383733091011205261e+02,8.383845342828121829e+02,8.383961196488985479e+02,8.384080614748190783e+02,8.384203559973345818e+02,8.384329994219738182e+02,8.384459879304519063e+02,8.384593176880376859e+02,8.384729848508451369e+02,8.384869855730282779e+02,8.385013160138549893e+02,8.385159723446405451e+02,8.385309507555184609e+02,8.385462474620306921e+02,8.385618587115178570e+02,8.385777807892924329e+02,8.385940100245800295e+02,8.386105427962129397e+02,8.386273755380643706e+02,8.386445047442109626e+02,8.386619269738131379e+02,8.386796388557064574e+02,8.386976370926952313e+02,8.387159184655432682e+02,8.387344798366582381e+02,8.387533181534657842e+02,8.387724304514727010e+02,8.387918138570174733e+02,8.388114655897099965e+02,8.388313829645609303e+02,8.388515633938028486e+02,8.388720043884051165e+02,8.388927035592860193e+02,8.389136586182235078e+02,8.389348673784683115e+02,8.389563277550605562e+02,8.389780377648529566e+02,8.389999955262411504e+02,8.390221992586058377e+02,8.390446472814655863e+02,8.390673380133492856e+02,8.390902699703885901e+02,8.391134417646435395e+02,8.391368521021669267e+02,8.391604997808238977e+02,8.391843836878740603e+02,8.392085027973258775e+02,8.392328561670576619e+02,8.392574429356815244e+02,8.392822623190958211e+02,8.393073136066352617e+02,8.393325961566828255e+02,8.393581093915801148e+02,8.393838527916703924e+02,8.394098258883774406e+02,8.394360282563835653e+02,8.394624595052388258e+02,8.394891192710718997e+02,8.395160072093275403e+02,8.395431229893753198e+02,8.395704662910675324e+02,8.395980368017238789e+02,8.396258342099253014e+02,8.396538581912627706e+02,8.396821083823624576e+02,8.397105843488471919e+02,8.397392855754006860e+02,8.397682115271343264e+02,8.397973618423376365e+02,8.398267366787899846e+02,8.398563374003792887e+02,8.398861660805990823e+02,8.399162235336088997e+02,8.399465052853445286e+02,8.399769945293195406e+02,8.400076321274545990e+02,8.400384015459168268e+02,8.400693314691628757e+02,8.401005593588693046e+02,8.401327093419548646e+02,8.401687011999288188e+02,8.402084630703863013e+02,8.402543886189070008e+02,8.403075867343138725e+02,8.403689388246800718e+02,8.404395230994550730e+02,8.405207136502958747e+02,8.406141425472470701e+02,8.407216343800797631e+02,8.408452566083118427e+02,8.409873794320174056e+02,8.411507083179139954e+02,8.413383177707734148e+02,8.415536768376400687e+02,8.418006247661893440e+02,8.420834619930515146e+02,8.424069011748506455e+02,8.427633799563863022e+02,8.431657731485404383e+02,8.435715360401417229e+02,8.439745618445919035e+02,8.443753618639292426e+02,8.447742968914891435e+02,8.451714674130507774e+02,8.455670779843268292e+02,8.459613677476302200e+02,8.463544821446660080e+02,8.467464538358522077e+02,8.471379151614446528e+02,8.475295649898134798e+02,8.479223395898679883e+02,8.483170274852253669e+02,8.487143763787828448e+02,8.491149506126457709e+02,8.495191669905252638e+02,8.499272518508661278e+02,8.503392412239372788e+02,8.507549970243566122e+02,8.511742338352335082e+02,8.515965756207036748e+02,8.520215963865900903e+02,8.524488720126057615e+02,8.528780080062117577e+02,8.533086665534402755e+02,8.537405744128477636e+02,8.541735265878288601e+02,8.546073792341369426e+02,8.550420400874148754e+02,8.554774559858894918e+02,8.559136011774131703e+02,8.563504673895829455e+02,8.567880561420527101e+02,8.572263737284513354e+02,8.576654278498738222e+02,8.581052259121962607e+02,8.585457738914668653e+02,8.589870758294176767e+02,8.594291333253563607e+02,8.598719452243415162e+02,8.603155072488249289e+02,8.607598117807268636e+02,8.612048476985424941e+02,8.616506003891267937e+02,8.620970518710549868e+02,8.625441810652258710e+02,8.629919641563433288e+02,8.634403750393781820e+02,8.638893858074093259e+02,8.643389672648396527e+02,8.647890894378336952e+02,8.652397220685902539e+02,8.656908350779410739e+02,8.661423989884212915e+02,8.665943853011615374e+02,8.670467668238632086e+02,8.674995179489742441e+02,8.679526148830933607e+02,8.684060358301782117e+02,8.688597611319414682e+02,8.693137733698331431e+02,8.697680574331926664e+02,8.702226005586761630e+02,8.706773923458689524e+02,8.711324247541216437e+02,8.715876920852064131e+02,8.720431909562437340e+02,8.724989202667720747e+02,8.729548811635304446e+02,8.734110770059101014e+02,8.738675133346837356e+02,8.743241978460351902e+02,8.747811403725822856e+02,8.752383528725566748e+02,8.756958494279964498e+02,8.761536462523223463e+02,8.766117617073570045e+02,8.770702163293722151e+02,8.775290328634063144e+02,8.779882363045987859e+02,8.784478539449008849e+02,8.789079154230012136e+02,8.793684527748787332e+02,8.798295004818762663e+02,8.802910955127665602e+02,8.807532773558322106e+02,8.812160880366551510e+02,8.816795721170429943e+02,8.821437766704430032e+02,8.826087512292792780e+02,8.830745477000224355e+02,8.835412202424550969e+02,8.840088251106495818e+02,8.844774204546257579e+02,8.849470660835969511e+02,8.854178231941294825e+02,8.858897540694739519e+02,8.863629217597248271e+02,8.868373897562697721e+02,8.873132216780759336e+02,8.877904809915355600e+02,8.882692307895848671e+02,8.887495336592555759e+02,8.892314516692663346e+02,8.897150465101111649e+02,8.902003798177214549e+02,8.906875137073725455e+02,8.911765115362958340e+02,8.916674389006044521e+02,8.921603648539647793e+02,8.926553633113705928e+02,8.931525145712810172e+02,8.936519068535195629e+02,8.941536377097626200e+02,8.946578151199523745e+02,8.951645580444520647e+02,8.956739961620218082e+02,8.961862684926983320e+02,8.967015205880751409e+02,8.972198999755917157e+02,8.977415495744418195e+02,8.982665988642070261e+02,8.987951526873401917e+02,8.993272777049986644e+02,8.998629867008794463e+02,9.004022211342866058e+02,9.009448325715355850e+02,9.014905638592069863e+02,9.020390311241274048e+02,9.025897078699356371e+02,9.031419125627295443e+02,9.036948011323837591e+02,9.042473657380194254e+02,9.047984409383956290e+02,9.053467180633433600e+02,9.058907681074925904e+02,9.064290728858220518e+02,9.069600635433247362e+02,9.074821648556348919e+02,9.079938431623900215e+02,9.084936553117541962e+02,9.089802957267513648e+02,9.094526386770655790e+02,9.099097730715819807e+02,9.103510275630465003e+02,9.107759844322392837e+02,9.111844815266608748e+02,9.115766023859260940e+02,9.119526555066959190e+02,9.123131444010090263e+02,9.126587306090773382e+02,9.129901920876899339e+02,9.133083794060478340e+02,9.136141720490805938e+02,9.139084371472993098e+02,9.141919936366205093e+02,9.144655867830625766e+02,9.147298812322378581e+02,9.149854834426064372e+02,9.152330008054810833e+02,9.154731236117455637e+02,9.157066622080380967e+02,9.159343778298899679e+02,9.161563406956587414e+02,9.163705466762947935e+02,9.165708732507049490e+02,9.167455292173609678e+02,9.168792361992096858e+02,9.169651450924851588e+02,9.170343921105818481e+02,9.172088281439960156e+02,9.177658264774159989e+02,9.191388519039832090e+02,9.215910460380247287e+02,9.244125484944257778e+02
8.382395364091665897e+02,8.382395364014894312e+02,8.382399651260054725e+02,8.382408223984635924e+02,8.382421078507371703e+02,8.382438209316064786e+02,8.382459609079309075e+02,8.382485268662093176e+02,8.382515177145234020e+02,8.382549321848641739e+02,8.382587688358328251e+02,8.382630260557147039e+02,8.382677020659175469e+02,8.382727949247672541e+02,8.382783025316546173e+02,8.382842226315220842e+02,8.382905528196816931e+02,8.382972905469515581e+02,8.383044331251001040e+02,8.383119777325831592e+02,8.383199214205594672e+02,8.383282611191689284e+02,8.383369936440562924e+02,8.383461157031216544e+02,8.383556239034785449e+02,8.383655147585990335e+02,8.383757846956248159e+02,8.383864300628205228e+02,8.383974471371470827e+02,8.384088321319308079e+02,8.384205812046028541e+02,8.384326904644854039e+02,8.384451559805971783e+02,8.384579737894546270e+02,8.384711399028415144e+02,8.384846503155226856e+02,8.384985010128771137e+02,8.385126879784239691e+02,8.385272072012199942e+02,8.385420546831045385e+02,8.385572264457690608e+02,8.385727185376319994e+02,8.385885270404988887e+02,8.386046480759890756e+02,8.386210778117126665e+02,8.386378124671831529e+02,8.386548483194502523e+02,8.386721817084444410e+02,8.386898090420191920e+02,8.387077268006846680e+02,8.387259315420261601e+02,8.387444199047997699e+02,8.387631886127047665e+02,8.387822344778273873e+02,8.388015544037573363e+02,8.388211453883774311e+02,8.388410045263258326e+02,8.388611290111363132e+02,8.388815161370586111e+02,8.389021633005617105e+02,8.389230680015269854e+02,8.389442278441334793e+02,8.389656405374402084e+02,8.389873038956707205e+02,8.390092158382027492e+02,8.390313743892678531e+02,8.390537776773636551e+02,8.390764239343842519e+02,8.390993114944727722e+02,8.391224387926032477e+02,8.391458043629011172e+02,8.391694068367131649e+02,8.391932449404417866e+02,8.392173174931567701e+02,8.392416234039966412e+02,8.392661616693585529e+02,8.392909313698536380e+02,8.393159316669690497e+02,8.393411617993242544e+02,8.393666210783445649e+02,8.393923088831174937e+02,8.394182246541759014e+02,8.394443678860261571e+02,8.394707381184723545e+02,8.394973349272386258e+02,8.395241579150167581e+02,8.395512067046647644e+02,8.395784809363857448e+02,8.396059802695674534e+02,8.396337043870031493e+02,8.396616529945144975e+02,8.396898258045724788e+02,8.397182224896107527e+02,8.397468426030321780e+02,8.397756855126441451e+02,8.398047504427536296e+02,8.398340367789825223e+02,8.398635447760493662e+02,8.398932777225517157e+02,8.399232419155772504e+02,8.399534443929502459e+02,8.399838870444888244e+02,8.400145534980545108e+02,8.400453100018471559e+02,8.400761357997812411e+02,8.401071546125942859e+02,8.401390663536803913e+02,8.401755970182971396e+02,8.402170320481021690e+02,8.402641728141309159e+02,8.403186091041213786e+02,8.403814469488424947e+02,8.404538118102365161e+02,8.405370604230446361e+02,8.406328220817177908e+02,8.407429756682541893e+02,8.408696471775567716e+02,8.410152586838387379e+02,8.411825884903987571e+02,8.413748121646194704e+02,8.415955629693314677e+02,8.418490439734424626e+02,8.421401758128722577e+02,8.424747614001380498e+02,8.428548711237212956e+02,8.432378254394534451e+02,8.436397010947682702e+02,8.440423060626867482e+02,8.444437463254346312e+02,8.448430893025566775e+02,8.452407325078307849e+02,8.456368163109485749e+02,8.460315369469537927e+02,8.464252918091715401e+02,8.468182680968925524e+02,8.472109362283284781e+02,8.476038692514792956e+02,8.479979005068017841e+02,8.483937792863143841e+02,8.487922335600346742e+02,8.491938003483483044e+02,8.495988802965359810e+02,8.500076817960218705e+02,8.504202467359471029e+02,8.508364516976520235e+02,8.512560385077833871e+02,8.516786566234426346e+02,8.521039043041449759e+02,8.525313753815611335e+02,8.529606884268399654e+02,8.533915133853970474e+02,8.538235807461135209e+02,8.542566865227356629e+02,8.546906863510852190e+02,8.551254874052063997e+02,8.555610364930471405e+02,8.559973089279889109e+02,8.564342982974091001e+02,8.568720085361303518e+02,8.573104483233759083e+02,8.577496273930419193e+02,8.581895545190241137e+02,8.586302363296825888e+02,8.590716768229185618e+02,8.595138770035448488e+02,8.599568347254551099e+02,8.604005444885293628e+02,8.608449973518456773e+02,8.612901808722839405e+02,8.617360791844528194e+02,8.621826731669223136e+02,8.626299407382673508e+02,8.630778572312652841e+02,8.635263958454647764e+02,8.639755281353058081e+02,8.644252245208675731e+02,8.648754547923686005e+02,8.653261885966277305e+02,8.657773958892538531e+02,8.662290473457891267e+02,8.666811147248409952e+02,8.671335711814167553e+02,8.675863915296409914e+02,8.680395524567949224e+02,8.684930326914939087e+02,8.689468131301503036e+02,8.694008769263115255e+02,8.698552095479599302e+02,8.703097988078853859e+02,8.707646348722699940e+02,8.712197102523376770e+02,8.716750197836950065e+02,8.721305605975036315e+02,8.725863320872774693e+02,8.730423358745201767e+02,8.734985757760373417e+02,8.739550577751816718e+02,8.744117899989275884e+02,8.748687827021452676e+02,8.753260482601195918e+02,8.757836011698827861e+02,8.762414580606276786e+02,8.766996377130141127e+02,8.771581610868647658e+02,8.776170513562881297e+02,8.780763339509112484e+02,8.785360366014210740e+02,8.789961893872243763e+02,8.794568247835400143e+02,8.799179777048437927e+02,8.803796855411361548e+02,8.808419881831732710e+02,8.813049280324962638e+02,8.817685499919577978e+02,8.822329014324279797e+02,8.826980321315954825e+02,8.831639941812437655e+02,8.836308418601946642e+02,8.840986314712648664e+02,8.845674211421695645e+02,8.850372705923235799e+02,8.855082408699810230e+02,8.859803940670761904e+02,8.864537930224705633e+02,8.869285010279454582e+02,8.874045815550929319e+02,8.878820980250155799e+02,8.883611136461656770e+02,8.888416913483624739e+02,8.893238938425365632e+02,8.898077838355193308e+02,8.902934244265419466e+02,8.907808797063530619e+02,8.912702155702212394e+02,8.917615007419016138e+02,8.922548079862816621e+02,8.927502154635727720e+02,8.932478081475576346e+02,8.937476791951320365e+02,8.942499311153617327e+02,8.947546765456351068e+02,8.952620384031436060e+02,8.957721491458763694e+02,8.962851488533309521e+02,8.968011818287770893e+02,8.973203914379142816e+02,8.978429129387848207e+02,8.983688641295334492e+02,8.988983337471793220e+02,8.994313676926155949e+02,8.999679533320534119e+02,9.005080023265747968e+02,9.010513326586276435e+02,9.015976507418639585e+02,9.021465346993883259e+02,9.026974200525179413e+02,9.032495891532719270e+02,9.038021656950745637e+02,9.043541155271673233e+02,9.049042547653815518e+02,9.054512658321566505e+02,9.059937215826184911e+02,9.065301171077898061e+02,9.070589081932541831e+02,9.075785548083292724e+02,9.080875674717073025e+02,9.085845539494642935e+02,9.090682635453193825e+02,9.095376262767086928e+02,9.099917845024521057e+02,9.104301150579508430e+02,9.108522406143847547e+02,9.112580297425755589e+02,9.116475859543056686e+02,9.120212267392898866e+02,9.123794542473463025e+02,9.127229197255037434e+02,9.130523840638441015e+02,9.133686768097317099e+02,9.136726558078603375e+02,9.139651693512896600e+02,9.142470226973844092e+02,9.145189515069841946e+02,9.147816066889497506e+02,9.150355581133899250e+02,9.152813265851026472e+02,9.155194484495220877e+02,9.157505543669230974e+02,9.159753899158934018e+02,9.161946171964583527e+02,9.164081471155244571e+02,9.166137759412434889e+02,9.168052727082778119e+02,9.169711181561223157e+02,9.170970475501246710e+02,9.171780234527919902e+02,9.172467944507316133e+02,9.174235813006368971e+02,9.179750441861068566e+02,9.193082813148477044e+02,9.216550608112803502e+02,9.243480900437854189e+02
8.382611868308176781e+02,8.382611868228012781e+02,8.382616223346049082e+02,8.382624931738337182e+02,8.382637989560868164e+02,8.382655391057712677e+02,8.382677128573194523e+02,8.382703192568096711e+02,8.382733571639868160e+02,8.382768252546800340e+02,8.382807220236124977e+02,8.382850457875988468e+02,8.382897946891232550e+02,8.382949667002928891e+02,8.383005596271575541e+02,8.383065711143859744e+02,8.383129986502907514e+02,8.383198395721879024e+02,8.383270910720805205e+02,8.383347502026513212e+02,8.383428138835503205e+02,8.383512789079588856e+02,8.383601419494154925e+02,8.383693995688807945e+02,8.383790482220239255e+02,8.383890842667075276e+02,8.383995039706486523e+02,8.384103035192323432e+02,8.384214790234515249e+02,8.384330265279501191e+02,8.384449420191398303e+02,8.384572214333666125e+02,8.384698606650977126e+02,8.384828555751017802e+02,8.384962019985962343e+02,8.385098957533317616e+02,8.385239326475898451e+02,8.385383084880651268e+02,8.385530190876072538e+02,8.385680602727979931e+02,8.385834278913398521e+02,8.385991178192336974e+02,8.386151259677252483e+02,8.386314482899997529e+02,8.386480807876089330e+02,8.386650195166131425e+02,8.386822605934243029e+02,8.386998002003391548e+02,8.387176345907500945e+02,8.387357600940268867e+02,8.387541731200610684e+02,8.387728701634700883e+02,8.387918478074552695e+02,8.388111027273149602e+02,8.388306316936110534e+02,8.388504315749916032e+02,8.388704993406707899e+02,8.388908320625725992e+02,8.389114269171410569e+02,8.389322811868241843e+02,8.389533922612373544e+02,8.389747576380131022e+02,8.389963749233443195e+02,8.390182418322276590e+02,8.390403561884135115e+02,8.390627159240692663e+02,8.390853190791621046e+02,8.391081638005650802e+02,8.391312483408962635e+02,8.391545710570928804e+02,8.391781304087337503e+02,8.392019249561175229e+02,8.392259533581127471e+02,8.392502143697957990e+02,8.392747068398931560e+02,8.392994297080331307e+02,8.393243820017956978e+02,8.393495628335007268e+02,8.393749713966083164e+02,8.394006069615043089e+02,8.394264688703344746e+02,8.394525565304705879e+02,8.394788694062399372e+02,8.395054070088604021e+02,8.395321688852274065e+02,8.395591546073407017e+02,8.395863637654795184e+02,8.396137959690028083e+02,8.396414508573493549e+02,8.396693281189906202e+02,8.396974275067979079e+02,8.397257488270805652e+02,8.397542918627435711e+02,8.397830561973937620e+02,8.398120409956650292e+02,8.398412448930681649e+02,8.398706663001844390e+02,8.399003044447159709e+02,8.399301651334076269e+02,8.399602622840715185e+02,8.399906173658359876e+02,8.400212557601306571e+02,8.400521948002466388e+02,8.400831424247778614e+02,8.401141699495539115e+02,8.401460311611327825e+02,8.401828972507329354e+02,8.402254543224223653e+02,8.402740749473433652e+02,8.403298881304258430e+02,8.403942522001747193e+02,8.404684116410278421e+02,8.405537541972058762e+02,8.406519160665795880e+02,8.407648061063327987e+02,8.408946090578259600e+02,8.410438098249145469e+02,8.412152527735770491e+02,8.414122048771006348e+02,8.416384594846167602e+02,8.418983240712929046e+02,8.421966871386700859e+02,8.425382731213809393e+02,8.429231798627849912e+02,8.433167498201980834e+02,8.437105638296316101e+02,8.441101114965282477e+02,8.445117205253907287e+02,8.449116756053640529e+02,8.453100514308634956e+02,8.457067351644896007e+02,8.461021402495254051e+02,8.464965770890579506e+02,8.468904524856724265e+02,8.472842192493116045e+02,8.476783827777373972e+02,8.480736482166677206e+02,8.484707048479940568e+02,8.488702419338588925e+02,8.492727778155225451e+02,8.496787016304322151e+02,8.500882100067121883e+02,8.505013478036817105e+02,8.509180017550222601e+02,8.513379368291136871e+02,8.517608262809089865e+02,8.521862927466930842e+02,8.526139486651243260e+02,8.530434268427202369e+02,8.534744059446462643e+02,8.539066213540917261e+02,8.543398709354344192e+02,8.547740104819999942e+02,8.552089467916520107e+02,8.556446264975883196e+02,8.560810255192160412e+02,8.565181387509760498e+02,8.569559720050360738e+02,8.573945359296723154e+02,8.578338420147042598e+02,8.582739002489247468e+02,8.587147178446580256e+02,8.591562987278973651e+02,8.595986432922031781e+02,8.600417483744728315e+02,8.604856072151984563e+02,8.609302095051905326e+02,8.613755414356671736e+02,8.618215858535265852e+02,8.622683224774692690e+02,8.627157282217277725e+02,8.631637775834234390e+02,8.636124430985325944e+02,8.640616958268639110e+02,8.645115058557867087e+02,8.649618427947096961e+02,8.654126762497787695e+02,8.658639762627772143e+02,8.663157137080863777e+02,8.667678606409212989e+02,8.672203905954365837e+02,8.676732788322087799e+02,8.681265025373498929e+02,8.685800409765195127e+02,8.690338756082484224e+02,8.694879901615936433e+02,8.699423706833409824e+02,8.703970055601436115e+02,8.708518855206739318e+02,8.713070036227337596e+02,8.717623552297192191e+02,8.722179379805355666e+02,8.726737517564290556e+02,8.731297986478363100e+02,8.735860829237333292e+02,8.740426110056071138e+02,8.744993914476121972e+02,8.749564349241497894e+02,8.754137542256188453e+02,8.758713642627923264e+02,8.763292820798261573e+02,8.767875268756218929e+02,8.772461200328236828e+02,8.777050851534165758e+02,8.781644480994447122e+02,8.786242370370090384e+02,8.790844824812490970e+02,8.795452173396375883e+02,8.800064769504839433e+02,8.804682991132129928e+02,8.809307241066613869e+02,8.813937946914511485e+02,8.818575560924085721e+02,8.823220559571185504e+02,8.827873442870157987e+02,8.832534733380218768e+02,8.837204974886429909e+02,8.841884730747303820e+02,8.846574581917715250e+02,8.851275124676760697e+02,8.855986968115284981e+02,8.860710731466759853e+02,8.865447041397444536e+02,8.870196529406094896e+02,8.874959829518389824e+02,8.879737576494216000e+02,8.884530404794145397e+02,8.889338948570764387e+02,8.894163842956439794e+02,8.899005726905825213e+02,8.903865247813047290e+02,8.908743068052956460e+02,8.913639873486823717e+02,8.918556383819113762e+02,8.923493364489177111e+02,8.928451639527860380e+02,8.933432104506497353e+02,8.938435738361673657e+02,8.943463612508268170e+02,8.948516895277394951e+02,8.953596849366444985e+02,8.958704819704510101e+02,8.963842208965800182e+02,8.969010437957763315e+02,8.974210888323744939e+02,8.979444825481099315e+02,8.984713300504665767e+02,8.990017030783554901e+02,8.995356260723541482e+02,9.000730605502050139e+02,9.006138882835438153e+02,9.011578939774299215e+02,9.017047483547763704e+02,9.022539927240352426e+02,9.028050262388039755e+02,9.033570971195456423e+02,9.039092990789379201e+02,9.044605740560386948e+02,9.050097221105792187e+02,9.055554189579307831e+02,9.060962411517908777e+02,9.066306983744665331e+02,9.071572717173327192e+02,9.076744562815779318e+02,9.081808059624464704e+02,9.086749779571515546e+02,9.091557744044863512e+02,9.096221786498329038e+02,9.100733839341844487e+02,9.105088128041222717e+02,9.109281261821896578e+02,9.113312217588591011e+02,9.117182220981534329e+02,9.120894535229750772e+02,9.124454174080406119e+02,9.127867559149106000e+02,9.131142144227361541e+02,9.134286029190805039e+02,9.137307584187976772e+02,9.140215101297712863e+02,9.143016487423748231e+02,9.145719012046980652e+02,9.148329131222976685e+02,9.150852428675704004e+02,9.153293742296930304e+02,9.155657556078781454e+02,9.157948673569262610e+02,9.160172946318187996e+02,9.162337296392910275e+02,9.164447445871270475e+02,9.166501023557401595e+02,9.168474198939583175e+02,9.170303910265694185e+02,9.171878036914289396e+02,9.173064067214399984e+02,9.173828836882355517e+02,9.174513924664532851e+02,9.176303152781352992e+02,9.181757600714748833e+02,9.194697900472802985e+02,9.217158639267465787e+02,9.242870462527455402e+02
8.382826820485901180e+02,8.382826820402183330e+02,8.382831244863356233e+02,8.382840091860189204e+02,8.382853357378270402e+02,8.382871035406454894e+02,8.382893117949520274e+02,8.382919595045011647e+02,8.382950454784250951e+02,8.382985683337485625e+02,8.383025264983117495e+02,8.383069182140988005e+02,8.383117415409642490e+02,8.383169943607514369e+02,8.383226743817955366e+02,8.383287791438016257e+02,8.383353060230875826e+02,8.383422522381810040e+02,8.383496148557574088e+02,8.383573907969048378e+02,8.383655768437004099e+02,8.383741696460804178e+02,8.383831657289870236e+02,8.383925614997708635e+02,8.384023532558271654e+02,8.384125371924450292e+02,8.384231094108436082e+02,8.384340659263699536e+02,8.384454026768338508e+02,8.384571155309507731e+02,8.384692002968638462e+02,8.384816527307186789e+02,8.384944685452584281e+02,8.385076434184127265e+02,8.385211730018470462e+02,8.385350529294472608e+02,8.385492788257063239e+02,8.385638463139872556e+02,8.385787510246341299e+02,8.385939886029037780e+02,8.386095547166937649e+02,8.386254450640425375e+02,8.386416553803796887e+02,8.386581814455047379e+02,8.386750190902781696e+02,8.386921642030042676e+02,8.387096127354957389e+02,8.387273607088028484e+02,8.387454042185996741e+02,8.387637394402177051e+02,8.387823626333201901e+02,8.388012701462134828e+02,8.388204584197915210e+02,8.388399239911146879e+02,8.388596634966215788e+02,8.388796736749785623e+02,8.388999513695703172e+02,8.389204935306361222e+02,8.389412972170607645e+02,8.389623595978257526e+02,8.389836779531308366e+02,8.390052496751956141e+02,8.390270722687505440e+02,8.390491433512279400e+02,8.390714606526639727e+02,8.390940220153191831e+02,8.391168253930297851e+02,8.391398688502936238e+02,8.391631505611001103e+02,8.391866688075084539e+02,8.392104219779802179e+02,8.392344085654735863e+02,8.392586271653101448e+02,8.392830764728312261e+02,8.393077552808624660e+02,8.393326624770101034e+02,8.393577970407922066e+02,8.393831580405699242e+02,8.394087446301554110e+02,8.394345560448213064e+02,8.394605915962373501e+02,8.394868506656529235e+02,8.395133326945828003e+02,8.395400371725871764e+02,8.395669636227670480e+02,8.395941115875444893e+02,8.396214806200099474e+02,8.396490702886461577e+02,8.396768802027502261e+02,8.397049100593757203e+02,8.397331596965198059e+02,8.397616291149199697e+02,8.397903183772951934e+02,8.398192272627873081e+02,8.398483547125812265e+02,8.398776982386586951e+02,8.399072537342783562e+02,8.399370158859691173e+02,8.399669922024484094e+02,8.399972075927581727e+02,8.400277108388867191e+02,8.400585908118491716e+02,8.400900199844534200e+02,8.401213860373837861e+02,8.401534360488334414e+02,8.401906934050309701e+02,8.402340595542663095e+02,8.402840325726159563e+02,8.403413702812725887e+02,8.404073417202936298e+02,8.404833338521058295e+02,8.405708049875837560e+02,8.406714215796619101e+02,8.407871189538502676e+02,8.409201265016587286e+02,8.410729887380615537e+02,8.412485944344001609e+02,8.414502674452737665e+02,8.416816911925629938e+02,8.419473539177417933e+02,8.422517733419223305e+02,8.425990375357168887e+02,8.429878410558357018e+02,8.433842421656594297e+02,8.437826909128633588e+02,8.441799266211187387e+02,8.445800938783847869e+02,8.449801411316548183e+02,8.453793534110554901e+02,8.457768247992734132e+02,8.461730366863855579e+02,8.465682702409379772e+02,8.469630362447109064e+02,8.473578167824041429e+02,8.477531322029182093e+02,8.481495860852671740e+02,8.485477988869114370e+02,8.489483999679129056e+02,8.493518867025987902e+02,8.497586352586074554e+02,8.501688375487124176e+02,8.505825411815237658e+02,8.509996414207561202e+02,8.514199223049409966e+02,8.518430786055915860e+02,8.522687565451942646e+02,8.526965876215280105e+02,8.531262199038436620e+02,8.535573417701710923e+02,8.539896945528629431e+02,8.544230787300739394e+02,8.548573508807082817e+02,8.552924176513390648e+02,8.557282254540973554e+02,8.561647504527145429e+02,8.566019883638678039e+02,8.570399463514107765e+02,8.574786365933482557e+02,8.579180720128333633e+02,8.583582636184163448e+02,8.587992191069546379e+02,8.592409422927078140e+02,8.596834329443421439e+02,8.601266868708886477e+02,8.605706960360973881e+02,8.610154487368915852e+02,8.614609297707706901e+02,8.619071206725398042e+02,8.623539999868206678e+02,8.628015436229557054e+02,8.632497252570221917e+02,8.636985167902053036e+02,8.641478888281745867e+02,8.645978111744005901e+02,8.650482533107849576e+02,8.654991848570232378e+02,8.659505759929551232e+02,8.664023978389624290e+02,8.668546227875426666e+02,8.673072247854076977e+02,8.677601795654541093e+02,8.682134648314031438e+02,8.686670603982861394e+02,8.691209482936441191e+02,8.695751128244254460e+02,8.700295406151486759e+02,8.704842206226410326e+02,8.709391441326208678e+02,8.713943047428866748e+02,8.718496983375372338e+02,8.723053230560360589e+02,8.727611792605059691e+02,8.732172695040197823e+02,8.736735985022371551e+02,8.741301731101757468e+02,8.745870023055351794e+02,8.750440971795102314e+02,8.755014709357062657e+02,8.759591388973509538e+02,8.764171185227005481e+02,8.768754294281375223e+02,8.773340934181651392e+02,8.777931345210902236e+02,8.782525790288648295e+02,8.787124555391352487e+02,8.791727949972013221e+02,8.796336307351758705e+02,8.800949985053168803e+02,8.805569365041668561e+02,8.810194853839268490e+02,8.814826882473461183e+02,8.819465906224378386e+02,8.824112404135236147e+02,8.828766878255495385e+02,8.833429852593144460e+02,8.838101871762780775e+02,8.842783499329842698e+02,8.847475315868874759e+02,8.852177916775000313e+02,8.856891909892801777e+02,8.861617913055143845e+02,8.866356551655129579e+02,8.871108456406363985e+02,8.875874261477857772e+02,8.880654603218080183e+02,8.885450119704389635e+02,8.890261451365722678e+02,8.895089242922923631e+02,8.899934146867560685e+02,8.904796828650005409e+02,8.909677973665487798e+02,8.914578296006254732e+02,8.919498548784533796e+02,8.924439535621048663e+02,8.929402122637642378e+02,8.934387249993524165e+02,8.939395941672676145e+02,8.944429311880494424e+02,8.949488566065011810e+02,8.954574994273259563e+02,8.959689954326197494e+02,8.964834842191409052e+02,8.970011047001028146e+02,8.975219888451513270e+02,8.980462534875794063e+02,8.985739901127975600e+02,8.991052526579964024e+02,8.996400434984811909e+02,9.001782979670324494e+02,9.007198679407257487e+02,9.012645052231621321e+02,9.018118456333572794e+02,9.023613948669610636e+02,9.029125173001968960e+02,9.034644289408879558e+02,9.040161956749502679e+02,9.045667377964375646e+02,9.051148415379467451e+02,9.056591779401321674e+02,9.061983289312760235e+02,9.067308199613847819e+02,9.072551579938565283e+02,9.077698731545586952e+02,9.082735619296007599e+02,9.087649295413690425e+02,9.092428290568713010e+02,9.097062949125752311e+02,9.101545688706611372e+02,9.105871169232414104e+02,9.110036362834971442e+02,9.114040522833153091e+02,9.117885056707142439e+02,9.121573314084413369e+02,9.125110305712676109e+02,9.128502372913620775e+02,9.131756828877830685e+02,9.134881593247059755e+02,9.137884839694282846e+02,9.140774672833674686e+02,9.143558846491259828e+02,9.146244531899828871e+02,9.148838144957622944e+02,9.151345250561774947e+02,9.153770581839373790e+02,9.156118237106685456e+02,9.158392121524738059e+02,9.160596623534576111e+02,9.162737261832436388e+02,9.164820513149484213e+02,9.166851267695858496e+02,9.168825765188969399e+02,9.170718563154280218e+02,9.172466146854206954e+02,9.173959764409377158e+02,9.175076972775623290e+02,9.175800890057050765e+02,9.176485259728623305e+02,9.178293683768099527e+02,9.183683556813908808e+02,9.196238021339887609e+02,9.217736522634004359e+02,9.242291742075092316e+02
8.383040174577151902e+02,8.383040174489714218e+02,8.383044669839922562e+02,8.383053658529265704e+02,8.383067136364925318e+02,8.383085097068559435e+02,8.383107532289459414e+02,8.383134431622057718e+02,8.383165782627786484e+02,8.383201570861232312e+02,8.383241779900566826e+02,8.383286391382196143e+02,8.383335385039588346e+02,8.383388738746201625e+02,8.383446428562440360e+02,8.383508428786562945e+02,8.383574712009428822e+02,8.383645249172973308e+02,8.383720009632285155e+02,8.383798961221151558e+02,8.383882070320883031e+02,8.383969301932287408e+02,8.384060619750551950e+02,8.384155986242865310e+02,8.384255362728533783e+02,8.384358709461356511e+02,8.384465985713999316e+02,8.384577149864115881e+02,8.384692159481902536e+02,8.384810971418828558e+02,8.384933541897205487e+02,8.385059826600306678e+02,8.385189780762718783e+02,8.385323359260584084e+02,8.385460516701444931e+02,8.385601207513343525e+02,8.385745386032880333e+02,8.385893006591916219e+02,8.386044023602619291e+02,8.386198391640573391e+02,8.386356065525679924e+02,8.386517000400582447e+02,8.386681151806399157e+02,8.386848475755522259e+02,8.387018928801301172e+02,8.387192468104427689e+02,8.387369051495875283e+02,8.387548637536256138e+02,8.387731185571487913e+02,8.387916655784697468e+02,8.388105009244279699e+02,8.388296207948089886e+02,8.388490214863738856e+02,8.388686993964987550e+02,8.388886510264276239e+02,8.389088729841407712e+02,8.389293619868450378e+02,8.389501148630928355e+02,8.389711285545384953e+02,8.389924001173425268e+02,8.390139267232344764e+02,8.390357056602499597e+02,8.390577343331520979e+02,8.390800102635557778e+02,8.391025310897688314e+02,8.391252945663640048e+02,8.391482985634954730e+02,8.391715410659705867e+02,8.391950201720828773e+02,8.392187340922105250e+02,8.392426811471777910e+02,8.392668597663800938e+02,8.392912684856709120e+02,8.393159059450216546e+02,8.393407708859778040e+02,8.393658621489504412e+02,8.393911786703881717e+02,8.394167194798528726e+02,8.394424836969200214e+02,8.394684705276208661e+02,8.394946792597872900e+02,8.395211092562166186e+02,8.395477599442331211e+02,8.395746308003963350e+02,8.396017213304259030e+02,8.396290310474395255e+02,8.396565594567105109e+02,8.396843060615922241e+02,8.397122704081372149e+02,8.397404521801342980e+02,8.397688513328513409e+02,8.397974682210096944e+02,8.398263035396857958e+02,8.398553577394999365e+02,8.398846298678788571e+02,8.399141158587182190e+02,8.399438065024892239e+02,8.399736829546860690e+02,8.400037495983615372e+02,8.400340415454506910e+02,8.400646493722299510e+02,8.400958154835265077e+02,8.401282971773074451e+02,8.401610389381017967e+02,8.401988476106974986e+02,8.402430095056249684e+02,8.402941473994255830e+02,8.403530154853361864e+02,8.404206893970059582e+02,8.404985754381642664e+02,8.405882198757443575e+02,8.406913407387166899e+02,8.408099083056986274e+02,8.409461888776199885e+02,8.411027729561991464e+02,8.412825949878391611e+02,8.414889611235322491e+02,8.417256837314122322e+02,8.419962589861025890e+02,8.423062476332452206e+02,8.426588690821010914e+02,8.430519780251219117e+02,8.434508679427897277e+02,8.438508983588925503e+02,8.442504942599415472e+02,8.446496244913420242e+02,8.450492377611095662e+02,8.454487722693143041e+02,8.458470249417530340e+02,8.462441665247501987e+02,8.466402878964329375e+02,8.470359926504542045e+02,8.474317552655013515e+02,8.478281514701036485e+02,8.482257318195397602e+02,8.486250639643359364e+02,8.490267066844272676e+02,8.494311275196606630e+02,8.498386839151916092e+02,8.502495663297838746e+02,8.506638255896019700e+02,8.510813664558104392e+02,8.515019890924306765e+02,8.519254076781512595e+02,8.523512904364343967e+02,8.527792879349910891e+02,8.532090642059998800e+02,8.536403183241606030e+02,8.540727985537942004e+02,8.545063087289200894e+02,8.549407067889121663e+02,8.553758994680755450e+02,8.558118329644352116e+02,8.562484834046663309e+02,8.566858469110018177e+02,8.571239315040248812e+02,8.575627504474971374e+02,8.580023177434599120e+02,8.584426451874999202e+02,8.588837408290961548e+02,8.593256083134484697e+02,8.597682467676618217e+02,8.602116509715619941e+02,8.606558116114323411e+02,8.611007155837887694e+02,8.615463462820690665e+02,8.619926839184151959e+02,8.624397058583556372e+02,8.628873870102114552e+02,8.633357002444024602e+02,8.637846168540763756e+02,8.642341070279408086e+02,8.646841403305463700e+02,8.651346861663290611e+02,8.655857142202980867e+02,8.660371948610004438e+02,8.664890995016597799e+02,8.669414009132782439e+02,8.673940734893915305e+02,8.678470934621050219e+02,8.683004390722519474e+02,8.687540906969950356e+02,8.692080309396887969e+02,8.696622446871273269e+02,8.701167191396662020e+02,8.705714438196509946e+02,8.710264105632869587e+02,8.714816135007547473e+02,8.719370490287805069e+02,8.723927157794216782e+02,8.728486145881661287e+02,8.733047484639952245e+02,8.737611225634442462e+02,8.742177441703031491e+02,8.746746226820765742e+02,8.751317696039922112e+02,8.755891985509060760e+02,8.760469252571742800e+02,8.765049675941622809e+02,8.769633455947974880e+02,8.774220814841886522e+02,8.778811997150445450e+02,8.783407270062432417e+02,8.788006923825828380e+02,8.792611272133661942e+02,8.797220652471640960e+02,8.801835426397726678e+02,8.806455979721509948e+02,8.811082722549449500e+02,8.815716089161658147e+02,8.820356537686848242e+02,8.825004549545113832e+02,8.829660628633478154e+02,8.834325300237189822e+02,8.838999109660928752e+02,8.843682620588518830e+02,8.848376413197789816e+02,8.853081082078684858e+02,8.857797234027380000e+02,8.862525485816387345e+02,8.867266462069592308e+02,8.872020793400092771e+02,8.876789114996138323e+02,8.881572065863200578e+02,8.886370288945638549e+02,8.891184432354929186e+02,8.896015151919157233e+02,8.900863115234510587e+02,8.905729007339075451e+02,8.910613538036101318e+02,8.915517450763778697e+02,8.920441532736798536e+02,8.925386625870552280e+02,8.930353637742277897e+02,8.935343551551097789e+02,8.940357433721046618e+02,8.945396437465910822e+02,8.950461800326265802e+02,8.955554833429930568e+02,8.960676900055425449e+02,8.965829381038267911e+02,8.971013624697294517e+02,8.976230879317580502e+02,8.981482206844282246e+02,8.986768377342958729e+02,8.992089744970685388e+02,8.997446107658920482e+02,9.002836554381061660e+02,9.008259305679680438e+02,9.013711554937649453e+02,9.019189319539044618e+02,9.024687312396852121e+02,9.030198845128936682e+02,9.035715774246540377e+02,9.041228500912850450e+02,9.046726033016628890e+02,9.052196115452915137e+02,9.057625430681041507e+02,9.062999867036371597e+02,9.068304847229957204e+02,9.073525704416242661e+02,9.078648088651309536e+02,9.083658383025713192e+02,9.088544106697620464e+02,9.093294281799026066e+02,9.097899742866585484e+02,9.102353370955876244e+02,9.106650239606186688e+02,9.110787665830555397e+02,9.114765165713956776e+02,9.118584320408399435e+02,9.122248563792815048e+02,9.125762907425740877e+02,9.129133621415065818e+02,9.132367891339508787e+02,9.135473471335582190e+02,9.138458351908262784e+02,9.141330458000936687e+02,9.144097388665510380e+02,9.146766205159309493e+02,9.149343271324230500e+02,9.151834151824627952e+02,9.154243584006162564e+02,9.156575559236055142e+02,9.158833571872654602e+02,9.161021090455138847e+02,9.163142216645162534e+02,9.165202233933346179e+02,9.167207235674421781e+02,9.169161324452629742e+02,9.171059424746179047e+02,9.172874646587132474e+02,9.174543293560151369e+02,9.175960231244363285e+02,9.177012963274170261e+02,9.177699952344811436e+02,9.178385280915883868e+02,9.180210722911543826e+02,9.185532014375824019e+02,9.197707205047760226e+02,9.218286089505577365e+02,9.241742533655861962e+02
8.383251882615056729e+02,8.383251882523724134e+02,8.383256450388453231e+02,8.383265584017271976e+02,8.383279279030608677e+02,8.383297528870417636e+02,8.383320324813855677e+02,8.383347655991491365e+02,8.383379509410035553e+02,8.383415869979555737e+02,8.383456720545152621e+02,8.383502041923050001e+02,8.383551812941047956e+02,8.383606010483283626e+02,8.383664609539221146e+02,8.383727583256792286e+02,8.383794902999580927e+02,8.383866538407960434e+02,8.383942457464017934e+02,8.384022626560166600e+02,8.384107010571236742e+02,8.384195572929905893e+02,8.384288275705242768e+02,8.384385079684153652e+02,8.384485944455504978e+02,8.384590828496653785e+02,8.384699689262129141e+02,8.384812483274162105e+02,8.384929166214778888e+02,8.385049693019128654e+02,8.385174017969723081e+02,8.385302094791261425e+02,8.385433876745681800e+02,8.385569316727106752e+02,8.385708367356330655e+02,8.385850981074501078e+02,8.385997110235662149e+02,8.386146707197817705e+02,8.386299724412192518e+02,8.386456114510390307e+02,8.386615830389151824e+02,8.386778825292429929e+02,8.386945052890546322e+02,8.387114467356173009e+02,8.387287023436953177e+02,8.387462676524565950e+02,8.387641382720069032e+02,8.387823098895401017e+02,8.388007782750923980e+02,8.388195392868922227e+02,8.388385888763007188e+02,8.388579230923380692e+02,8.388775380857949813e+02,8.388974301129293281e+02,8.389175955387523800e+02,8.389380308399071282e+02,8.389587326071466578e+02,8.389796975474214378e+02,8.390009224855850789e+02,8.390224043657320863e+02,8.390441402521827285e+02,8.390661273301313940e+02,8.390883629059785562e+02,8.391108444073681767e+02,8.391335693829508955e+02,8.391565355018973378e+02,8.391797405531798404e+02,8.392031824446371502e+02,8.392268592018313029e+02,8.392507689666947499e+02,8.392749099959551131e+02,8.392992806593180148e+02,8.393238794373879728e+02,8.393487049193144003e+02,8.393737558001796515e+02,8.393990308781906151e+02,8.394245290517861804e+02,8.394502493167973398e+02,8.394761907637266631e+02,8.395023525749489863e+02,8.395287340210758202e+02,8.395553344548652603e+02,8.395821533001322905e+02,8.396091900327098756e+02,8.396364441517480373e+02,8.396639151437030932e+02,8.396916024499668083e+02,8.397195054632343272e+02,8.397476235892027034e+02,8.397759564124379494e+02,8.398045039799332017e+02,8.398332672004544293e+02,8.398622480535935892e+02,8.398914487896553283e+02,8.399208699289897595e+02,8.399505065341454610e+02,8.399803415408053979e+02,8.400103219111833823e+02,8.400404358700459397e+02,8.400707133736883634e+02,8.401012884196399000e+02,8.401327710495322663e+02,8.401680807891464156e+02,8.402071168149471987e+02,8.402522326020929313e+02,8.403045225666340912e+02,8.403648518807716528e+02,8.404342736010520412e+02,8.405141258597712977e+02,8.406060009879013251e+02,8.407116803582215425e+02,8.408331809621000730e+02,8.409728098968588483e+02,8.411332002432104673e+02,8.413173365408248401e+02,8.415285627281372172e+02,8.417706492461159087e+02,8.420477483639953107e+02,8.423609108770411922e+02,8.427184659771538691e+02,8.431164592108013949e+02,8.435183052868799223e+02,8.439195948431889747e+02,8.443200931355995635e+02,8.447200979348532428e+02,8.451193651443311410e+02,8.455187420834203067e+02,8.459175037832169437e+02,8.463154835783917633e+02,8.467125577562908347e+02,8.471092547764002347e+02,8.475060155381645473e+02,8.479034556738293986e+02,8.483021049656057357e+02,8.487025086494275001e+02,8.491051626096265181e+02,8.495104986892430361e+02,8.499188475030582595e+02,8.503303968387189116e+02,8.507452003255364161e+02,8.511631738496075741e+02,8.515841322509071460e+02,8.520078078789246092e+02,8.524338891045550781e+02,8.528620451502433752e+02,8.532919562392958142e+02,8.537233329949999643e+02,8.541559315040669844e+02,8.545895597062526576e+02,8.550240774425487871e+02,8.554593917857898759e+02,8.558954487516441532e+02,8.563322242078571662e+02,8.567697143240362720e+02,8.572079275222201886e+02,8.576468777183340535e+02,8.580865796215413184e+02,8.585270455525097759e+02,8.589682837504652753e+02,8.594102976138457279e+02,8.598530856029624374e+02,8.602966414715635892e+02,8.607409546401444231e+02,8.611860106156551637e+02,8.616317913946147655e+02,8.620782758715648697e+02,8.625254402394886029e+02,8.629732584170354812e+02,8.634217024875554216e+02,8.638707431629426310e+02,8.643203502496262445e+02,8.647704931145327691e+02,8.652211411304675721e+02,8.656722640957843851e+02,8.661238326153699063e+02,8.665758184402608322e+02,8.670281947602154560e+02,8.674809364497846218e+02,8.679340202675087994e+02,8.683874250114587312e+02,8.688411316341771453e+02,8.692951233219783944e+02,8.697493855434253192e+02,8.702039060725500121e+02,8.706586749919858903e+02,8.711136846811896248e+02,8.715689297943091560e+02,8.720244072318899953e+02,8.724801161099127285e+02,8.729360577291765821e+02,8.733922355473870311e+02,8.738486551558571591e+02,8.743053242621707568e+02,8.747622526797863429e+02,8.752194523251043847e+02,8.756769372222139509e+02,8.761347235151571340e+02,8.765928294872776405e+02,8.770512755868744534e+02,8.775100844581079400e+02,8.779692809757675604e+02,8.784288922822137238e+02,8.788889478244702786e+02,8.793494793891467225e+02,8.798105211325613482e+02,8.802721096031998513e+02,8.807342837534388309e+02,8.811970849373822148e+02,8.816605568916741049e+02,8.821247456963479863e+02,8.825896997131605985e+02,8.830554694994759757e+02,8.835221076966671490e+02,8.839896688931855806e+02,8.844582094639663410e+02,8.849277873896568281e+02,8.853984620613007337e+02,8.858702940784974089e+02,8.863433450516582752e+02,8.868176774216350395e+02,8.872933543126013092e+02,8.877704394363536267e+02,8.882489970679598628e+02,8.887290921135290773e+02,8.892107902904808725e+02,8.896941584385416490e+02,8.901792649753799651e+02,8.906661805037150543e+02,8.911549785665035870e+02,8.916457365329110871e+02,8.921385365800218779e+02,8.926334667134890424e+02,8.931306217449450742e+02,8.936301041155900293e+02,8.941320244252913199e+02,8.946365014965499540e+02,8.951436617754347935e+02,8.956536378501949685e+02,8.961665658565742660e+02,8.966825815409790721e+02,8.972018147729069142e+02,8.977243823402894805e+02,8.982503789288513190e+02,8.987798662808619383e+02,8.993128606496110251e+02,8.998493188106585876e+02,9.003891230536886496e+02,9.009320657504040355e+02,9.014778342620152216e+02,9.020259970989758358e+02,9.025759923581715611e+02,9.031271195201244382e+02,9.036785356732884793e+02,9.042292571295287189e+02,9.047781671955225420e+02,9.053240305684745408e+02,9.058655144411171705e+02,9.064012159522009142e+02,9.069296951379978964e+02,9.074495120706703801e+02,9.079592664592278197e+02,9.084576376860210303e+02,9.089434230968333850e+02,9.094155723816902537e+02,9.098732160832969385e+02,9.103156866356661112e+02,9.107425308321745661e+02,9.111535132002464934e+02,9.115486103622213250e+02,9.119279970331243703e+02,9.122920247992079794e+02,9.126411952029213808e+02,9.129761289118259810e+02,9.132975328648529967e+02,9.136061672712962718e+02,9.139028141912873480e+02,9.141882491578913914e+02,9.144632169237347625e+02,9.147284119672657425e+02,9.149844639706667522e+02,9.152319282753954894e+02,9.154712816343537725e+02,9.157029247331857960e+02,9.159271949681289016e+02,9.161443948853883512e+02,9.163548405469580302e+02,9.165589240468328853e+02,9.167571573786420913e+02,9.169501152957147951e+02,9.171381318505957552e+02,9.173205740981021563e+02,9.174946235139407236e+02,9.176539171014054546e+02,9.177883238816260700e+02,9.178875721408882100e+02,9.179529486759716974e+02,9.180217231411783132e+02,9.182057500505942471e+02,9.187306552067976781e+02,9.199109272377636444e+02,9.218809043738551736e+02,9.241220830748385424e+02
8.383461894637238174e+02,8.383461894541829906e+02,8.383466536630276096e+02,8.383475818612782859e+02,8.383489735914311041e+02,8.383508281684054282e+02,8.383531446809655563e+02,8.383559219936137197e+02,8.383591587489542007e+02,8.383628533705249311e+02,8.383670040660942959e+02,8.383716088314206445e+02,8.383766654544672292e+02,8.383821715200699600e+02,8.383881244150493330e+02,8.383945213337591440e+02,8.384013592840624369e+02,8.384086350937237739e+02,8.384163454172047523e+02,8.384244867428481029e+02,8.384330554004342275e+02,8.384420475690915282e+02,8.384514592855394994e+02,8.384612864526419571e+02,8.384715248482466450e+02,8.384821701342829101e+02,8.384932178660893669e+02,8.385046635019415362e+02,8.385165024127455808e+02,8.385287298918661918e+02,8.385413411650512217e+02,8.385543314004188460e+02,8.385676957184692810e+02,8.385814292020827452e+02,8.385955269064683080e+02,8.386099838690229262e+02,8.386247951190671301e+02,8.386399556874180234e+02,8.386554606157674243e+02,8.386713049658295631e+02,8.386874838282282099e+02,8.387039923310928771e+02,8.387208256483373816e+02,8.387379790075957544e+02,8.387554476977933291e+02,8.387732270763342513e+02,8.387913125758882416e+02,8.388096997107631978e+02,8.388283840828529492e+02,8.388473613871511816e+02,8.388666274168273276e+02,8.388861780678591913e+02,8.389060093432237863e+02,8.389261173566462730e+02,8.389464983359101780e+02,8.389671486257362858e+02,8.389880646902356602e+02,8.390092431149481627e+02,8.390306806084781783e+02,8.390523740037433527e+02,8.390743202588539589e+02,8.390965164576471125e+02,8.391189598098993656e+02,8.391416476512499685e+02,8.391645774428653795e+02,8.391877467708778795e+02,8.392111533456302368e+02,8.392347950007469990e+02,8.392586696920460554e+02,8.392827754962812605e+02,8.393071106096884932e+02,8.393316733462835373e+02,8.393564621358485738e+02,8.393814755215482819e+02,8.394067121571599728e+02,8.394321708039883561e+02,8.394578503276716219e+02,8.394837496952218316e+02,8.395098679726753517e+02,8.395362043234734983e+02,8.395627580068961606e+02,8.395895283743967639e+02,8.396165148596772951e+02,8.396437169565451768e+02,8.396711341786931371e+02,8.396987659994882733e+02,8.397266117821494618e+02,8.397546707384723277e+02,8.397829419829112112e+02,8.398114247752002939e+02,8.398401190348268983e+02,8.398690263335236068e+02,8.398981509743643983e+02,8.399274993239064315e+02,8.399570773304167233e+02,8.399868848348124857e+02,8.400169018085496191e+02,8.400470068957649801e+02,8.400771876606181650e+02,8.401075684705418780e+02,8.401388365034990784e+02,8.401746558726169951e+02,8.402153345456611078e+02,8.402616432058773626e+02,8.403151464702272051e+02,8.403769316932522315e+02,8.404480997869948169e+02,8.405299753861065710e+02,8.406241477692943818e+02,8.407324500644753016e+02,8.408569552121539346e+02,8.410000220786083673e+02,8.411643428262771067e+02,8.413529739610410161e+02,8.415693769403902706e+02,8.418174602497572323e+02,8.421016707759147266e+02,8.424255658706809982e+02,8.427805388101747894e+02,8.431815261492497484e+02,8.435863124487103732e+02,8.439889473985130053e+02,8.443901479638176397e+02,8.447904996998040588e+02,8.451902130649473293e+02,8.455895060027320369e+02,8.459884768804381565e+02,8.463870677632426123e+02,8.467850553634995094e+02,8.471827597322187557e+02,8.475805480209694451e+02,8.479790283591777325e+02,8.483787126945431964e+02,8.487801426422773829e+02,8.491837712298175802e+02,8.495899985786658135e+02,8.499991236628150091e+02,8.504113273374442770e+02,8.508266638530805039e+02,8.512450609354821154e+02,8.516663476230741026e+02,8.520902740865071792e+02,8.525165473435658896e+02,8.529448546973085286e+02,8.533748923467675240e+02,8.538063830660980784e+02,8.542390914915307576e+02,8.546728304104558447e+02,8.551074620869369483e+02,8.555428942054389836e+02,8.559790726448566147e+02,8.564159728373155076e+02,8.568535906860789737e+02,8.572919346010376103e+02,8.577310187354229356e+02,8.581708581304460495e+02,8.586114653499553242e+02,8.590528486343872601e+02,8.594950110364258080e+02,8.599379503125641122e+02,8.603816591929727338e+02,8.608261258524112236e+02,8.612713344332527186e+02,8.617172655586663268e+02,8.621638968263695233e+02,8.626112032766091033e+02,8.630591578592385531e+02,8.635077318949296341e+02,8.639568955431668655e+02,8.644066182620347263e+02,8.648568692591252329e+02,8.653076179173632454e+02,8.657588341918980177e+02,8.662104889674484411e+02,8.666625543743657545e+02,8.671150040590564458e+02,8.675678134098258170e+02,8.680209597383537812e+02,8.684744224200550207e+02,8.689281829964739927e+02,8.693822252444041396e+02,8.698365352164479418e+02,8.702911012582460444e+02,8.707459140074287234e+02,8.712009663791635603e+02,8.716562535427669900e+02,8.721117728932973705e+02,8.725675240215305166e+02,8.730235086850650532e+02,8.734797307828000612e+02,8.739361963344251762e+02,8.743929134661435683e+02,8.748498924033478943e+02,8.753071454706409895e+02,8.757646870991927699e+02,8.762225338411545863e+02,8.766807043905121191e+02,8.771392196095107465e+02,8.775981025594675202e+02,8.780573785345287661e+02,8.785170750966194646e+02,8.789772221095629448e+02,8.794378517700666862e+02,8.798989986330279862e+02,8.803606996284125898e+02,8.808229940668328481e+02,8.812859236309235484e+02,8.817495323497211075e+02,8.822138665535206883e+02,8.826789748071616941e+02,8.831449078203997942e+02,8.836117183349896322e+02,8.840794609893652023e+02,8.845481921633426055e+02,8.850179698071167422e+02,8.854888532609072627e+02,8.859609030739243281e+02,8.864341808337338762e+02,8.869087490195345254e+02,8.873846708950883340e+02,8.878620104589149378e+02,8.883408324705294490e+02,8.888212025717167535e+02,8.893031875206276027e+02,8.897868555535277437e+02,8.902722768837573994e+02,8.907595243395296620e+02,8.912486741310711977e+02,8.917398067230625429e+02,8.922330077700935362e+02,8.927283690510788574e+02,8.932259893135934590e+02,8.937259749118153422e+02,8.942284400934973974e+02,8.947335067641769228e+02,8.952413035331679794e+02,8.957519638290592638e+02,8.962656228659976705e+02,8.967824132500387577e+02,8.973024590410684596e+02,8.978258681338285214e+02,8.983527228938446569e+02,8.988830690817329696e+02,8.994169032214031176e+02,8.999541587107059968e+02,9.004946911306072934e+02,9.010382633715727252e+02,9.015845313508889376e+02,9.021330312269973319e+02,9.026831691095532051e+02,9.032342142995346421e+02,9.037852970562075825e+02,9.043354117647816111e+02,9.048834261637308600e+02,9.054280969860768664e+02,9.059680919867350894e+02,9.065020178917953899e+02,9.070284533492931587e+02,9.075459855267245075e+02,9.080532486340215428e+02,9.085489623956348169e+02,9.090319683867408003e+02,9.095012622067959001e+02,9.099560196901512654e+02,9.103956157297491245e+02,9.108196347796358623e+02,9.112278726564285307e+02,9.116203298251039087e+02,9.119971968795804287e+02,9.123588333718447529e+02,9.127057414765808971e+02,9.130385361873801457e+02,9.133579138240106658e+02,9.136646205944770145e+02,9.139594228107953313e+02,9.142430801133878049e+02,9.145163227256635992e+02,9.147798333552333361e+02,9.150342339258319271e+02,9.152800769671596299e+02,9.155178414023562254e+02,9.157479329375088355e+02,9.159706905333332543e+02,9.161864024222743410e+02,9.163953366949036763e+02,9.165977895440955763e+02,9.167941431714871214e+02,9.169848979154494373e+02,9.171705956292925066e+02,9.173514953218003711e+02,9.175268439887488512e+02,9.176937079566157536e+02,9.178457537372016759e+02,9.179732499060914961e+02,9.180668821431602282e+02,9.181292843491446547e+02,9.181984249421599316e+02,9.183837143890049219e+02,9.189010612341122624e+02,9.200447839414949840e+02,9.219306970981980385e+02,9.240724804000784616e+02
8.383670158605619918e+02,8.383670158505946119e+02,8.383674876615331186e+02,8.383684310541611922e+02,8.383698455505184484e+02,8.383717304348849666e+02,8.383740847552587638e+02,8.383769073253228044e+02,8.383801967269033639e+02,8.383839513129150873e+02,8.383881692107925119e+02,8.383928483264044189e+02,8.383979863484465795e+02,8.384035807533086881e+02,8.384096288104084351e+02,8.384161275879869208e+02,8.384230739593535873e+02,8.384304646095731641e+02,8.384382960425789406e+02,8.384465645887000846e+02,8.384552664125847059e+02,8.384643975215005867e+02,8.384739537739912976e+02,8.384839308888656433e+02,8.384943244544919025e+02,8.385051299383717378e+02,8.385163426969596685e+02,8.385279579856986629e+02,8.385399709692341048e+02,8.385523767317727106e+02,8.385651702875452429e+02,8.385783465913364125e+02,8.385919005490399059e+02,8.386058270281996556e+02,8.386201208684931316e+02,8.386347768921204988e+02,8.386497899140547361e+02,8.386651547521167913e+02,8.386808662368359819e+02,8.386969192210601705e+02,8.387133085892814961e+02,8.387300292666462838e+02,8.387470762276184360e+02,8.387644445042726602e+02,8.387821291941913842e+02,8.388001254679469412e+02,8.388184285761523142e+02,8.388370338560642949e+02,8.388559367377308718e+02,8.388751327496730710e+02,8.388946175240965886e+02,8.389143868016310535e+02,8.389344364355956714e+02,8.389547623957943188e+02,8.389753607718424746e+02,8.389962277760341749e+02,8.390173597457550159e+02,8.390387531454532564e+02,8.390604045681828893e+02,8.390823107367350531e+02,8.391044685043821119e+02,8.391268748552610077e+02,8.391495269044302177e+02,8.391724218976427210e+02,8.391955572108789738e+02,8.392189303496899129e+02,8.392425389483983054e+02,8.392663807691930060e+02,8.392904537011389721e+02,8.393147557590898487e+02,8.393392850824517382e+02,8.393640399336994733e+02,8.393890186965055591e+02,8.394142198733314899e+02,8.394396420823724156e+02,8.394652840538968803e+02,8.394911446262844947e+02,8.395172227424191078e+02,8.395435174473954021e+02,8.395700278884198724e+02,8.395967533168533237e+02,8.396236930901059168e+02,8.396508466674019928e+02,8.396782135888612402e+02,8.397057934241107660e+02,8.397335856766060260e+02,8.397615896423397999e+02,8.397898042712037068e+02,8.398182281346106492e+02,8.398468596790175980e+02,8.398756979729672594e+02,8.399047448041293364e+02,8.399340079450156509e+02,8.399635014637410677e+02,8.399932445799607876e+02,8.400232575964150783e+02,8.400535438385860516e+02,8.400838383795994559e+02,8.401142258580449607e+02,8.401454505529483185e+02,8.401816105641224794e+02,8.402233777918464739e+02,8.402711344739362858e+02,8.403259853442546046e+02,8.403892655338622717e+02,8.404621937065328439e+02,8.405461257795082020e+02,8.406426594292655636e+02,8.407536573711747678e+02,8.408812485684597959e+02,8.410278566716223168e+02,8.411962422047915879e+02,8.413895875511788063e+02,8.416115217371847166e+02,8.418662624951758744e+02,8.421587356653710685e+02,8.424942818531328612e+02,8.428729661583674897e+02,8.432546460982159715e+02,8.436556363570899748e+02,8.440580255329889496e+02,8.444600073795451181e+02,8.448608437214942342e+02,8.452610227014326938e+02,8.456607029588457181e+02,8.460599756825831719e+02,8.464590357334700457e+02,8.468578120242300429e+02,8.472564829557261419e+02,8.476553144152120467e+02,8.480548384037482492e+02,8.484555460101830704e+02,8.488579699720639837e+02,8.492625379512318204e+02,8.496696280828654153e+02,8.500795101961526825e+02,8.504923547678023397e+02,8.509082134105418618e+02,8.513270247067293894e+02,8.517486314472459981e+02,8.521728016961239973e+02,8.525992602504207980e+02,8.530277120267375039e+02,8.534578687593524364e+02,8.538894656980465925e+02,8.543222765293670591e+02,8.547561195644333338e+02,8.551908599840182887e+02,8.556264063836817968e+02,8.560627045672938493e+02,8.564997293926890052e+02,8.569374762175644946e+02,8.573759530641564197e+02,8.578151739308468677e+02,8.582551538222971885e+02,8.586959052536483341e+02,8.591374362588825306e+02,8.595797494269188519e+02,8.600228417597761563e+02,8.604667049625195432e+02,8.609113259882507236e+02,8.613566876507247798e+02,8.618027692373021864e+02,8.622495470847593424e+02,8.626969951138523811e+02,8.631450853375785073e+02,8.635937883458303759e+02,8.640430737788112765e+02,8.644929107811345830e+02,8.649432684378444947e+02,8.653941161802124498e+02,8.658454241591716709e+02,8.662971635778764039e+02,8.667493069830479726e+02,8.672018285118589347e+02,8.676547040964229609e+02,8.681079116265075299e+02,8.685614310741801773e+02,8.690152445833895172e+02,8.694693365291801683e+02,8.699236935508263286e+02,8.703783045639336251e+02,8.708331607560995735e+02,8.712882555708251857e+02,8.717435846837591953e+02,8.721991459750544209e+02,8.726549395009247974e+02,8.731109674670328786e+02,8.735672342056815296e+02,8.740237461583341201e+02,8.744805118644356980e+02,8.749375419571412067e+02,8.753948491661205935e+02,8.758524483273213264e+02,8.763103563992272029e+02,8.767685924849014327e+02,8.772271778588083180e+02,8.776861359971732099e+02,8.781454926103531307e+02,8.786052756754594384e+02,8.790655154672044773e+02,8.795262445847249637e+02,8.799874979719324983e+02,8.804493129287970987e+02,8.809117291109091639e+02,8.813747885147009811e+02,8.818385354458954453e+02,8.823030164690974289e+02,8.827682803369972362e+02,8.832343778984337632e+02,8.837013619856084006e+02,8.841692872820308366e+02,8.846382101743579369e+02,8.851081885930946100e+02,8.855792818491702292e+02,8.860515504755658185e+02,8.865250560854161677e+02,8.869998612601292507e+02,8.874760294829635541e+02,8.879536251348667975e+02,8.884327135700203826e+02,8.889133612880353894e+02,8.893956362178429345e+02,8.898796081244914831e+02,8.903653491440115886e+02,8.908529344427049637e+02,8.913424429854154596e+02,8.918339583821925771e+02,8.923275697642935711e+02,8.928233726187734192e+02,8.933214694866103400e+02,8.938219704032732125e+02,8.943249929344374323e+02,8.948306616351266030e+02,8.953391067406183765e+02,8.958504618850342922e+02,8.963648606422477769e+02,8.968824316971956705e+02,8.974032924875028812e+02,8.979275412084361960e+02,8.984552471506751772e+02,8.989864394405809662e+02,8.995210943750714705e+02,9.000591216837041202e+02,9.006003502023336296e+02,9.011445135958325636e+02,9.016912369093265625e+02,9.022400248432263652e+02,9.027902527209056416e+02,9.033411611329081552e+02,9.038918551838384019e+02,9.044413091272084557e+02,9.049883769455852871e+02,9.055318091228031108e+02,9.060702754762301083e+02,9.066023934949103023e+02,9.071267611981114669e+02,9.076419931291867442e+02,9.081467577747680480e+02,9.086398144885947659e+02,9.091200479326778350e+02,9.095864981410509245e+02,9.100383845600449604e+02,9.104751228022473697e+02,9.108963333318503146e+02,9.113018418293988816e+02,9.116916715134715332e+02,9.120660281788891552e+02,9.124252791088493950e+02,9.127699273080512512e+02,9.131005826752328858e+02,9.134179317880069675e+02,9.137227079200066555e+02,9.140156627634273718e+02,9.142975411022258641e+02,9.145690593835452091e+02,9.148308887784057788e+02,9.150836429277227353e+02,9.153278701858235991e+02,9.155640499085141073e+02,9.157925923776117543e+02,9.160138425666257262e+02,9.162280893245546167e+02,9.164355834606129747e+02,9.166365693705769218e+02,9.168313321129546694e+02,9.170202498211244801e+02,9.172038137176377859e+02,9.173825328040484237e+02,9.175565912776211235e+02,9.177251210080576129e+02,9.178850870045066586e+02,9.180302064799245727e+02,9.181511614495967706e+02,9.182395712954833016e+02,9.182993246158479224e+02,9.183689355072798435e+02,9.185552665040248712e+02,9.190647494008833291e+02,9.201726322532787208e+02,9.219781347179413160e+02,9.240252782192779932e+02
8.383876620322140525e+02,8.383876620218003382e+02,8.383881416238094744e+02,8.383891005883134540e+02,8.383905384159461391e+02,8.383924543589259883e+02,8.383948474225898053e+02,8.383977163674364874e+02,8.384010597116811141e+02,8.384048757343178977e+02,8.384091624786897228e+02,8.384139177565634782e+02,8.384191391527056112e+02,8.384248240299568806e+02,8.384309695347984643e+02,8.384375726034028276e+02,8.384446299681625305e+02,8.384521381646851523e+02,8.384600935392415977e+02,8.384684922566553951e+02,8.384773303086134320e+02,8.384866035223806193e+02,8.384963075698956345e+02,8.385064379772232996e+02,8.385169901343358561e+02,8.385279593051939173e+02,8.385393406380935630e+02,8.385511291762459223e+02,8.385633198685496836e+02,8.385759075805198108e+02,8.385888871053293769e+02,8.386022531749225664e+02,8.386160004711547344e+02,8.386301236369167782e+02,8.386446172871956151e+02,8.386594760200305245e+02,8.386746944273177178e+02,8.386902671054226630e+02,8.387061886655579883e+02,8.387224537438883090e+02,8.387390570113230979e+02,8.387559931829667903e+02,8.387732570271914483e+02,8.387908433743059504e+02,8.388087471247976055e+02,8.388269632571228840e+02,8.388454868350322613e+02,8.388643130144138240e+02,8.388834370496455222e+02,8.389028542994476538e+02,8.389225602322325130e+02,8.389425504309476764e+02,8.389628205974134971e+02,8.389833665561583302e+02,8.390041842577535363e+02,8.390252697816561067e+02,8.390466193385663018e+02,8.390682292723114415e+02,8.390900960612696053e+02,8.391122163193535926e+02,8.391345867965810612e+02,8.391572043792637032e+02,8.391800660898610431e+02,8.392031690865535438e+02,8.392265106625978888e+02,8.392500882455406099e+02,8.392738993963585017e+02,8.392979418085948282e+02,8.393222133075240663e+02,8.393467118493426824e+02,8.393714355203042032e+02,8.393963825356356665e+02,8.394215512379735173e+02,8.394469400949938063e+02,8.394725476959343951e+02,8.394983727468988945e+02,8.395244140652827127e+02,8.395506705743800921e+02,8.395771413000775283e+02,8.396038253720352031e+02,8.396307220310740149e+02,8.396578306416530495e+02,8.396851507024953207e+02,8.397126818392666792e+02,8.397404237530863611e+02,8.397683760853548165e+02,8.397965381581967677e+02,8.398249086325005237e+02,8.398534852077469850e+02,8.398822646371604606e+02,8.399112433534600086e+02,8.399404212860752068e+02,8.399698099898766941e+02,8.399994352119872474e+02,8.400293422984667586e+02,8.400596101700770078e+02,8.400903670083855559e+02,8.401210631276409231e+02,8.401524594144632374e+02,8.401890033134246778e+02,8.402315693572054442e+02,8.402806460630971515e+02,8.403369880423327913e+02,8.404018415233711039e+02,8.404765663894049794e+02,8.405625886597188128e+02,8.406615368403212187e+02,8.407753018931131237e+02,8.409060605247035483e+02,8.410562959486140926e+02,8.412288534331510164e+02,8.414269405439440561e+02,8.416543738990808379e+02,8.419153681265923979e+02,8.422146372107720254e+02,8.425566893530802872e+02,8.429414882523157075e+02,8.433341593280102870e+02,8.437273969734588945e+02,8.441269370053091734e+02,8.445292490776190562e+02,8.449308050752920281e+02,8.453317457132759500e+02,8.457319781221731319e+02,8.461318197394130038e+02,8.465314073459840074e+02,8.469308952028828799e+02,8.473304553255061364e+02,8.477303030866834206e+02,8.481308657127694914e+02,8.485325921900645199e+02,8.489359886568723823e+02,8.493414672742308085e+02,8.497493906400891319e+02,8.501600071849293272e+02,8.505734766340204942e+02,8.509898457458684788e+02,8.514090616925140012e+02,8.518309800016128293e+02,8.522553864842361691e+02,8.526820233112517826e+02,8.531106127664943415e+02,8.535408817033966216e+02,8.539725779623520339e+02,8.544054845535042659e+02,8.548394258599171280e+02,8.552742704136701377e+02,8.557099280353064614e+02,8.561463445331573894e+02,8.565834940897344723e+02,8.570213712670906716e+02,8.574599833593464382e+02,8.578993438402956144e+02,8.583394673228406191e+02,8.587803659789959738e+02,8.592220474174437186e+02,8.596645136296160672e+02,8.601077607996653569e+02,8.605517795993407617e+02,8.609965557851610356e+02,8.614420708854248687e+02,8.618883029007589585e+02,8.623352269560514287e+02,8.627828158989005942e+02,8.632310408486388269e+02,8.636798717051209451e+02,8.641292776281092074e+02,8.645792274864618321e+02,8.650296902793980962e+02,8.654806355225557581e+02,8.659320335976734668e+02,8.663838560601818699e+02,8.668360759051406603e+02,8.672886677899929282e+02,8.677416082167933382e+02,8.681948756755055001e+02,8.686484507522649210e+02,8.691023162059084370e+02,8.695564570172189178e+02,8.700108604150136671e+02,8.704655158836453666e+02,8.709204151561970093e+02,8.713755521975748479e+02,8.718309231813059341e+02,8.722865264634269806e+02,8.727423625563558289e+02,8.731984341050749663e+02,8.736547458674591553e+02,8.741113047000263805e+02,8.745681195499735168e+02,8.750252014538908725e+02,8.754825635432255240e+02,8.759402210562002438e+02,8.763981913556339123e+02,8.768564939518199708e+02,8.773151505293922128e+02,8.777741849768478914e+02,8.782336234171846172e+02,8.786934942378660480e+02,8.791538281181302636e+02,8.796146580514614470e+02,8.800760193608980444e+02,8.805379497047647419e+02,8.810004890704111631e+02,8.814636797536561517e+02,8.819275663218788850e+02,8.823921955591391679e+02,8.828576163923154354e+02,8.833238797981121024e+02,8.837910386918612176e+02,8.842591478003866996e+02,8.847282635227559240e+02,8.851984437845385401e+02,8.856697478931192791e+02,8.861422364036578756e+02,8.866159710072778353e+02,8.870910144549268352e+02,8.875674305318163988e+02,8.880452840982733278e+02,8.885246412128619795e+02,8.890055693525271181e+02,8.894881377418258808e+02,8.899724177987775420e+02,8.904584836979755664e+02,8.909464130421317805e+02,8.914362876207646877e+02,8.919281942192354791e+02,8.924222254227147459e+02,8.929184803383047893e+02,8.934170651350133312e+02,8.939180932767178547e+02,8.944216852991606856e+02,8.949279679605534739e+02,8.954370725790508914e+02,8.959491323623525432e+02,8.964642785382499142e+02,8.969826351136081257e+02,8.975043121261270471e+02,8.980293973109406807e+02,8.985579461840150088e+02,8.990899706463899292e+02,8.996254263353039278e+02,9.001641990856300026e+02,9.007060910104448794e+02,9.012508068529782577e+02,9.017979413909913546e+02,9.023469687743953500e+02,9.028972347321279130e+02,9.034479525800817328e+02,9.039982038855172277e+02,9.045469444866889717e+02,9.050930163275789937e+02,9.056351652533858214e+02,9.061720645389223137e+02,9.067023435153126911e+02,9.072246202544172320e+02,9.077375369047458662e+02,9.082397959873264881e+02,9.087301957905182235e+02,9.092076629741859506e+02,9.096712806162936431e+02,9.101203102017884703e+02,9.105542064406864711e+02,9.109726242717509876e+02,9.113754179142042631e+02,9.117626323250448195e+02,9.121344878614280560e+02,9.124913593037229020e+02,9.128337506455085304e+02,9.131622671948347261e+02,9.134775865603515967e+02,9.137804300277443872e+02,9.140715356814562256e+02,9.143516344093484349e+02,9.146214296568330155e+02,9.148815814824625932e+02,9.151326951201527891e+02,9.153753138965595326e+02,9.156099160388646396e+02,9.158369147485694839e+02,9.160566610956650493e+02,9.162694500331645031e+02,9.164755312661829976e+02,9.166751284896947709e+02,9.168684712235415191e+02,9.170558399550984632e+02,9.172376124579252519e+02,9.174142716044364079e+02,9.175862924051322125e+02,9.177537839640930315e+02,9.179157678743589486e+02,9.180691213257862273e+02,9.182076319504108142e+02,9.183224062125369755e+02,9.184059708490716503e+02,9.184633781591790012e+02,9.185335440818888628e+02,9.187206951651379541e+02,9.192220347690836206e+02,9.202947944377226577e+02,9.220233546427868987e+02,9.239803235555452829e+02
8.384081223340190263e+02,8.384081223231384001e+02,8.384086099149218398e+02,8.384095848482344309e+02,8.384110466013146379e+02,8.384129943928351167e+02,8.384154271834942165e+02,8.384183436781376031e+02,8.384217423284104598e+02,8.384256213359407184e+02,8.384299786560504799e+02,8.384348120019957378e+02,8.384401188497326984e+02,8.384458964432056973e+02,8.384521418001538677e+02,8.384588517184300827e+02,8.384660227828238703e+02,8.384736513723795497e+02,8.384817336681977622e+02,8.384902656617041430e+02,8.384992431633711476e+02,8.385086618118705246e+02,8.385185170836358566e+02,8.385288043028081120e+02,8.385395186515356727e+02,8.385506551805980280e+02,8.385622088203174371e+02,8.385741743917212716e+02,8.385865466179146779e+02,8.385993201356219515e+02,8.386124895068505793e+02,8.386260492306321339e+02,8.386399937547931813e+02,8.386543174877053843e+02,8.386690148099694397e+02,8.386840800859797582e+02,8.386995076753262310e+02,8.387152919439826064e+02,8.387314272752395254e+02,8.387479080803367424e+02,8.387647288087567858e+02,8.387818839581412931e+02,8.387993680837987540e+02,8.388171758077709228e+02,8.388353018274356145e+02,8.388537409236215581e+02,8.388724879682181381e+02,8.388915379312677487e+02,8.389108858875275700e+02,8.389305270224969036e+02,8.389504566379047219e+02,8.389706701566555012e+02,8.389911631272360637e+02,8.390119312275840002e+02,8.390329702684236963e+02,8.390542761960724647e+02,8.390758450947279243e+02,8.390976731882425383e+02,8.391197568414028183e+02,8.391420925607293384e+02,8.391646769948295059e+02,8.391875069343403766e+02,8.392105793115179040e+02,8.392338911995428816e+02,8.392574398116340717e+02,8.392812225000720900e+02,8.393052367552488704e+02,8.393294802048468455e+02,8.393539506132291308e+02,8.393786458810508293e+02,8.394035640449995981e+02,8.394287032774154795e+02,8.394540618853523029e+02,8.394796383084642457e+02,8.395054311150271360e+02,8.395314389955946126e+02,8.395576607544395529e+02,8.395840953001898015e+02,8.396107416388909996e+02,8.396375988745263612e+02,8.396646662225260798e+02,8.396919430393359107e+02,8.397194288636143256e+02,8.397471234494983037e+02,8.397750267517261591e+02,8.398031387774659606e+02,8.398314591652800800e+02,8.398599864897321368e+02,8.398887173630490679e+02,8.399176456055179187e+02,8.399467613351255295e+02,8.399760567513981186e+02,8.400055445131409897e+02,8.400352627739549689e+02,8.400652991229138706e+02,8.400958813833037766e+02,8.401276354559028050e+02,8.401596546059525963e+02,8.401967140615744256e+02,8.402400569902899861e+02,8.402902770806585977e+02,8.403481154411234684e+02,8.404146346703257677e+02,8.404912151842693220e+02,8.405793711141373024e+02,8.406807827106700870e+02,8.407973773425073887e+02,8.409313726231947612e+02,8.410853023624219986e+02,8.412620536187789639e+02,8.414649338376440255e+02,8.416974465366162121e+02,8.419641728685527369e+02,8.422694286235426944e+02,8.426171031837344572e+02,8.430062935247766518e+02,8.434024710334912243e+02,8.438004473177666114e+02,8.441977733915306317e+02,8.445987586089620436e+02,8.450004988526093257e+02,8.454023175281332669e+02,8.458033182004500077e+02,8.462038818506937332e+02,8.466041302178191472e+02,8.470043409111142410e+02,8.474047292393395310e+02,8.478055378937533533e+02,8.482071105885139559e+02,8.486098435070449568e+02,8.490141953812316160e+02,8.494205618293907492e+02,8.498292904607244509e+02,8.502406169560565559e+02,8.506546921303449835e+02,8.510715581146380373e+02,8.514911682901632730e+02,8.519133894498876316e+02,8.523380243830409881e+02,8.527648323228600020e+02,8.531935527916035653e+02,8.536239275025354800e+02,8.540557169026578777e+02,8.544887134376095901e+02,8.549227479482428862e+02,8.553576926627492867e+02,8.557934589247250869e+02,8.562299926396410683e+02,8.566672672488207354e+02,8.571052762983783850e+02,8.575440260463952882e+02,8.579835290950652507e+02,8.584237993266070816e+02,8.588648482793281573e+02,8.593066829129412554e+02,8.597493044770594679e+02,8.601927082635620536e+02,8.606368838955713727e+02,8.610818159564242933e+02,8.615274847365529922e+02,8.619738670073494404e+02,8.624209367420907029e+02,8.628686657730878551e+02,8.633170243802227333e+02,8.637659818230462179e+02,8.642155068265763020e+02,8.646655680256667438e+02,8.651161343720200421e+02,8.655671755006932244e+02,8.660186620564568329e+02,8.664705659765463679e+02,8.669228607313883685e+02,8.673755215230484055e+02,8.678285254450236152e+02,8.682818516056713634e+02,8.687354812197734191e+02,8.691893976716563657e+02,8.696435865544196986e+02,8.700980356890503344e+02,8.705527351277349908e+02,8.710076771451006152e+02,8.714628562212236602e+02,8.719182690196897738e+02,8.723739143637857296e+02,8.728297932133116319e+02,8.732859086441338832e+02,8.737422658320215305e+02,8.741988720419071797e+02,8.746557366232184449e+02,8.751128710115758622e+02,8.755702887367600624e+02,8.760280054365714477e+02,8.764860388759063881e+02,8.769444089701387384e+02,8.774031378116567339e+02,8.778622496981935228e+02,8.783217711613785923e+02,8.787817309937490791e+02,8.792421602722822627e+02,8.797030923763654755e+02,8.801645629980272361e+02,8.806266101422146448e+02,8.810892741149714311e+02,8.815525974975384997e+02,8.820166251047337482e+02,8.824814039264446137e+02,8.829469830517746232e+02,8.834134135762647020e+02,8.838807484937561867e+02,8.843490425757854609e+02,8.848183522429739014e+02,8.852887354345726862e+02,8.857602514841767061e+02,8.862329610114569505e+02,8.867069258415438071e+02,8.871822089651927854e+02,8.876588745539685306e+02,8.881369880450735081e+02,8.886166163099496771e+02,8.890978279189837394e+02,8.895806935113208738e+02,8.900652862734802966e+02,8.905516825229356073e+02,8.910399623826626794e+02,8.915302105197575884e+02,8.920225169054008347e+02,8.925169775349095289e+02,8.930136950256742239e+02,8.935127789882646994e+02,8.940143460429674178e+02,8.945185193322195119e+02,8.950254273608605899e+02,8.955352019835050896e+02,8.960479753545329231e+02,8.965638756644774503e+02,8.970830215100352234e+02,8.976055147864720993e+02,8.981314320528484814e+02,8.986608144033015151e+02,8.991936559808331140e+02,8.997298913910565261e+02,9.002693824069748416e+02,9.008119044945390215e+02,9.013571338221660199e+02,9.019046355331854556e+02,9.024538541442124142e+02,9.030041069701783272e+02,9.035545814544016139e+02,9.041043371887565172e+02,9.046523132382844778e+02,9.051973411369558562e+02,9.057381636052987233e+02,9.062734586741133853e+02,9.068018685081070771e+02,9.073220318428948303e+02,9.078326186161424403e+02,9.083323651259648841e+02,9.088201079184306082e+02,9.092948146118324075e+02,9.097556100142107880e+02,9.102017961720384847e+02,9.106328653760840552e+02,9.110485056074838894e+02,9.114485983887543625e+02,9.118332094666808416e+02,9.122025731582631352e+02,9.125570715089281748e+02,9.128972096277423134e+02,9.132235886731352821e+02,9.135368779701982476e+02,9.138377876594693134e+02,9.141270431232610463e+02,9.144053622255928531e+02,9.146734361502957427e+02,9.149319143402599366e+02,9.151813937379438357e+02,9.154224122139893325e+02,9.156554457709165717e+02,9.158809088781728178e+02,9.160991572439540960e+02,9.163104926334834772e+02,9.165151701984193551e+02,9.167134102389669579e+02,9.169054179271047360e+02,9.170914147588586047e+02,9.172716812258565824e+02,9.174465966641079149e+02,9.176166349945910952e+02,9.177822353214774012e+02,9.179434312069058706e+02,9.180991389689330617e+02,9.182461612779793541e+02,9.183783745568504173e+02,9.184873181106863740e+02,9.185663974455358129e+02,9.186217392816416805e+02,9.186925264968472220e+02,9.188802761288822012e+02,9.193732173741284441e+02,9.204115740683823788e+02,9.220664848264049169e+02,9.239374761143417345e+02
8.384283908871550466e+02,8.384283908757860218e+02,8.384288866662682267e+02,8.384298779857442696e+02,8.384313642890251685e+02,8.384333447596908400e+02,8.384358183117388990e+02,8.384387835917856364e+02,8.384422389818178090e+02,8.384461826024975153e+02,8.384506123170184537e+02,8.384555257355149251e+02,8.384609202200216487e+02,8.384667928899835943e+02,8.384731406283099204e+02,8.384799600879709942e+02,8.384872476991282610e+02,8.384949996767900302e+02,8.385032120289816930e+02,8.385118805654159360e+02,8.385210009066462362e+02,8.385305684936839725e+02,8.385405785980552764e+02,8.385510263322720448e+02,8.385619066606849401e+02,8.385732144106874557e+02,8.385849442842311419e+02,8.385970908696143624e+02,8.386096486534994483e+02,8.386226120331120910e+02,8.386359753285763645e+02,8.386497327953317154e+02,8.386638786365823535e+02,8.386784070157249289e+02,8.386933120687001519e+02,8.387085879162161746e+02,8.387242286757901866e+02,8.387402284735570674e+02,8.387565814557965496e+02,8.387732818001311443e+02,8.387903237263520850e+02,8.388077015068339506e+02,8.388254094765007949e+02,8.388434420423137681e+02,8.388617936922515810e+02,8.388804590037645994e+02,8.388994326516801721e+02,8.389187094155503246e+02,8.389382841864298825e+02,8.389581519730792252e+02,8.389783079075907608e+02,8.389987472504365087e+02,8.390194653949406529e+02,8.390404578711772956e+02,8.390617203492990939e+02,8.390832486422995089e+02,8.391050387082144653e+02,8.391270866517701279e+02,8.391493887254889614e+02,8.391719413302710109e+02,8.391947410154805311e+02,8.392177844785802563e+02,8.392410685643795887e+02,8.392645902639859514e+02,8.392883467135782212e+02,8.393123351931502611e+02,8.393365531253954259e+02,8.393609980749077977e+02,8.393856677478512438e+02,8.394105599921697376e+02,8.394356727982573148e+02,8.394610042997637720e+02,8.394865527738622859e+02,8.395123166399207548e+02,8.395382944552002300e+02,8.395644849062376807e+02,8.395908867953352228e+02,8.396174990234864026e+02,8.396443205744111538e+02,8.396713505086372606e+02,8.396985879800378143e+02,8.397260322876534246e+02,8.397536829693802929e+02,8.397815399243147567e+02,8.398096035219006126e+02,8.398378745489961830e+02,8.398663536375406693e+02,8.398950400821554467e+02,8.399239298956974835e+02,8.399530130323020103e+02,8.399822668173125066e+02,8.400116620352737300e+02,8.400412031121278460e+02,8.400709283441614161e+02,8.401009762092725168e+02,8.401319512389791271e+02,8.401663917712683087e+02,8.402045489254333006e+02,8.402487856592118760e+02,8.403001256814479802e+02,8.403593940636839079e+02,8.404276231863085513e+02,8.405061292884716977e+02,8.405964736485872209e+02,8.407004003390653679e+02,8.408198832108873830e+02,8.409571806476708389e+02,8.411148707185690228e+02,8.412958773575165878e+02,8.415035265125602564e+02,8.417415009792487126e+02,8.420130023217290045e+02,8.423237004633821243e+02,8.426768267137906605e+02,8.430707505972184208e+02,8.434699043485258017e+02,8.438697291261076998e+02,8.442694282090731122e+02,8.446693777801004899e+02,8.450707227020785695e+02,8.454728966629543265e+02,8.458746727989155261e+02,8.462761063082756436e+02,8.466771328040634899e+02,8.470781340205409151e+02,8.474793370234427812e+02,8.478810536810085523e+02,8.482835894136959496e+02,8.486873008895821613e+02,8.490925879098342648e+02,8.494998215517434801e+02,8.499093303937636392e+02,8.503213424012869837e+02,8.507360018293093162e+02,8.511533486969125306e+02,8.515733411136999393e+02,8.519958558410356773e+02,8.524207112726323885e+02,8.528476831999250862e+02,8.532765281633845689e+02,8.537070026112910455e+02,8.541388795911302623e+02,8.545719610222361098e+02,8.550060844409147194e+02,8.554411260127571950e+02,8.558769988535837001e+02,8.563136490572544517e+02,8.567510492865467313e+02,8.571891918815313147e+02,8.576280817894388520e+02,8.580677304168998489e+02,8.585081505954357226e+02,8.589493529465671600e+02,8.593913435585260459e+02,8.598341227884874343e+02,8.602776849541124875e+02,8.607220186076624486e+02,8.611671071801458766e+02,8.616129297734147485e+02,8.620594619932111300e+02,8.625066767300353376e+02,8.629545448687742919e+02,8.634030359137796040e+02,8.638521185428539866e+02,8.643017610989244304e+02,8.647519320296066780e+02,8.652026002800025708e+02,8.656537356401247507e+02,8.661053090483130745e+02,8.665572928498895635e+02,8.670096610131683974e+02,8.674623893042105465e+02,8.679154554243917801e+02,8.683688391141586180e+02,8.688225222277624198e+02,8.692764887829225700e+02,8.697307249898815371e+02,8.701852192636231393e+02,8.706399622231249396e+02,8.710949466810342301e+02,8.715501676270390590e+02,8.720056222077990924e+02,8.724613097060124574e+02,8.729172315207714519e+02,8.733733911509552854e+02,8.738297941829835054e+02,8.742864482838208460e+02,8.747433631997450902e+02,8.752005507610037967e+02,8.756580248921782186e+02,8.761158016277604474e+02,8.765738991322084530e+02,8.770323377234958571e+02,8.774911398989714826e+02,8.779503303621436316e+02,8.784099360488244201e+02,8.788699861509104494e+02,8.793305121359363739e+02,8.797915477604387888e+02,8.802531290751197730e+02,8.807152944198295472e+02,8.811780844064963958e+02,8.816415418883918846e+02,8.821057119144871876e+02,8.825706416682270401e+02,8.830363803907790725e+02,8.835029792897727248e+02,8.839704914356709651e+02,8.844389716492858042e+02,8.849084763854320954e+02,8.853790636193846240e+02,8.858507927444684356e+02,8.863237244908061712e+02,8.867979208767153523e+02,8.872734452054588701e+02,8.877503621206901698e+02,8.882287377338856231e+02,8.887086398359381292e+02,8.891901382027272120e+02,8.896733050004364713e+02,8.901582152904716168e+02,8.906449476256186699e+02,8.911335847184381009e+02,8.916242141495611122e+02,8.921169290676383525e+02,8.926118288142879464e+02,8.931090193871079919e+02,8.936086136323539222e+02,8.941107310376228270e+02,8.946154969753644082e+02,8.951230412325394354e+02,8.956334956526796987e+02,8.961469907169612270e+02,8.966636509035627114e+02,8.971835886925723571e+02,8.977068971293898585e+02,8.982336409247459414e+02,8.987638461544934216e+02,8.992974887261526646e+02,8.998344818985285656e+02,9.003746632701629551e+02,9.009177817838972260e+02,9.014634854181922492e+02,9.020113103386800049e+02,9.025606723522478205e+02,9.031108615269456550e+02,9.036610408018080989e+02,9.042102493018192035e+02,9.047574108903833121e+02,9.053013482370232623e+02,9.058408023621352640e+02,9.063744572625062119e+02,9.069009688481911553e+02,9.074189970664680231e+02,9.079272397879968821e+02,9.084244668182417399e+02,9.089095523013589855e+02,9.093815038205265182e+02,9.098394866702088848e+02,9.102828420687209245e+02,9.107110984663487443e+02,9.111239755476445907e+02,9.115213809840519161e+02,9.119034004236337978e+02,9.122702815737666242e+02,9.126224135156203374e+02,9.129603025731756816e+02,9.132845461424286668e+02,9.135958058753940350e+02,9.138947815216479285e+02,9.141821865737779262e+02,9.144587266590539230e+02,9.147250813832540643e+02,9.149818900762932117e+02,9.152297416221060757e+02,9.154691682841939837e+02,9.157006431735972001e+02,9.159245807725526447e+02,9.161413397820979299e+02,9.163512276148685487e+02,9.165545062686165920e+02,9.167514002521568273e+02,9.169421086751244729e+02,9.171268250045709465e+02,9.173057677358691535e+02,9.174792202290441310e+02,9.176475638778515531e+02,9.178112620687587651e+02,9.179707156626575397e+02,9.181258823354555716e+02,9.182755784439827949e+02,9.184165453118095002e+02,9.185427652533024911e+02,9.186462163928467817e+02,9.187211525301195252e+02,9.187746874872757417e+02,9.188461447959822408e+02,9.190342718207231201e+02,9.195185822298885796e+02,9.205232567757560673e+02,9.221076444436719157e+02,9.238966069987625360e+02
8.384484615688609210e+02,8.384484615569809876e+02,8.384489657658241413e+02,8.384499739102725471e+02,8.384514854206362315e+02,8.384534994437901787e+02,8.384560148448828159e+02,8.384590302096150936e+02,8.384625438470934569e+02,8.384665537932565940e+02,8.384710578148790319e+02,8.384760534141518065e+02,8.384815378338402070e+02,8.384875080630199591e+02,8.384939608433872991e+02,8.385008926761419161e+02,8.385082998294359413e+02,8.385161783463815937e+02,8.385245240536072515e+02,8.385333325703484206e+02,8.385425993180568867e+02,8.385523195305084982e+02,8.385624882643850242e+02,8.385731004103025725e+02,8.385841507042558760e+02,8.385956337394413822e+02,8.386075439784202672e+02,8.386198757655790814e+02,8.386326233398386876e+02,8.386457808475639695e+02,8.386593423556203106e+02,8.386733018645201128e+02,8.386876533216053531e+02,8.387023906342037662e+02,8.387175076827035127e+02,8.387329983334840335e+02,8.387488564516486349e+02,8.387650759134983218e+02,8.387816506186976540e+02,8.387985745020768036e+02,8.388158415450270695e+02,8.388334457864431215e+02,8.388513813331765050e+02,8.388696423699642537e+02,8.388882231688083948e+02,8.389071180977791755e+02,8.389263216292289371e+02,8.389458283474007203e+02,8.389656329554260310e+02,8.389857302817052869e+02,8.390061152856728768e+02,8.390267830629456967e+02,8.390477288498580037e+02,8.390689480273866820e+02,8.390904361244683969e+02,8.391121888207110260e+02,8.391342019485008450e+02,8.391564714945084233e+02,8.391789936005995969e+02,8.392017645641628860e+02,8.392247808378803029e+02,8.392480390289842944e+02,8.392715358980734663e+02,8.392952683575934998e+02,8.393192334701354866e+02,8.393434284467523412e+02,8.393678506455422621e+02,8.393924975707803924e+02,8.394173668728740267e+02,8.394424563493433880e+02,8.394677639468352481e+02,8.394932877638210584e+02,8.395190260530630439e+02,8.395449772221821831e+02,8.395711398298639097e+02,8.395975125747728498e+02,8.396240942747982672e+02,8.396508838366462442e+02,8.396778802211142647e+02,8.397050824176737933e+02,8.397324894511473303e+02,8.397601004514440319e+02,8.397879148201118369e+02,8.398159325114279454e+02,8.398441544373862371e+02,8.398725827997378701e+02,8.399012205391029511e+02,8.399300697737459132e+02,8.399591286643860713e+02,8.399883858240933705e+02,8.400177989861705328e+02,8.400472986455370119e+02,8.400768976927970471e+02,8.401067236111771308e+02,8.401374403156925155e+02,8.401725735356936866e+02,8.402123126877738741e+02,8.402576711643523595e+02,8.403101823316183072e+02,8.403708726743614079e+02,8.404408108241738091e+02,8.405212977534870333e+02,8.406138938080548542e+02,8.407203951796433330e+02,8.408428303509052739e+02,8.409835068968095584e+02,8.411450510928369795e+02,8.413304419426532377e+02,8.415430447425700322e+02,8.417866447505559790e+02,8.420647568894997903e+02,8.423800519806165994e+02,8.427364927276878461e+02,8.431348937381796986e+02,8.435374311133062974e+02,8.439389224703088530e+02,8.443398682734958811e+02,8.447407999419100406e+02,8.451418657323821435e+02,8.455439194844059330e+02,8.459462161323416467e+02,8.463484522731743027e+02,8.467503475982942973e+02,8.471522157399708703e+02,8.475542668322514146e+02,8.479568690022839519e+02,8.483603220082139842e+02,8.487649717910253457e+02,8.491711655493315902e+02,8.495792441473931831e+02,8.499895102676052829e+02,8.504021846238803164e+02,8.508174062783706404e+02,8.512352162232097044e+02,8.516555771087049607e+02,8.520783751738849787e+02,8.525034428583522867e+02,8.529305717704899052e+02,8.533595349806406603e+02,8.537901035645364800e+02,8.542220631433646076e+02,8.546552251397134796e+02,8.550894339167646194e+02,8.555245697288335123e+02,8.559605476419428669e+02,8.563973140120475591e+02,8.568348407000476072e+02,8.572731186792944982e+02,8.577121513438718239e+02,8.581519486068443712e+02,8.585925219493880149e+02,8.590338808045054293e+02,8.594760301713492936e+02,8.599189693624925894e+02,8.603626916348738405e+02,8.608071844426032158e+02,8.612524300821518182e+02,8.616984065164826916e+02,8.621450882528953343e+02,8.625924471744403945e+02,8.630404532942097831e+02,8.634890754133386963e+02,8.639382816941382544e+02,8.643880401568881098e+02,8.648383191138200345e+02,8.652890875478053658e+02,8.657403154407354577e+02,8.661919740546643425e+02,8.666440361670414632e+02,8.670964762630635505e+02,8.675492706876099192e+02,8.680023977615005606e+02,8.684558378661263305e+02,8.689095735017895095e+02,8.693635893240256109e+02,8.698178721625901062e+02,8.702724110267570268e+02,8.707271971006268814e+02,8.711822237313723463e+02,8.716374864132842504e+02,8.720929827699214911e+02,8.725487125365094698e+02,8.730046775442586977e+02,8.734608817080248855e+02,8.739173310182936802e+02,8.743740335381785371e+02,8.748309994057295853e+02,8.752882408415663349e+02,8.757457721615267019e+02,8.762036097937761951e+02,8.766617722995745225e+02,8.771202803966873489e+02,8.775791569842376703e+02,8.780384271676176695e+02,8.784981182819293508e+02,8.789582599122911688e+02,8.794188839092491889e+02,8.798800243974706063e+02,8.803417177759081369e+02,8.808040027076887100e+02,8.812669200981813447e+02,8.817305130599718268e+02,8.821948268639530397e+02,8.826599088763128975e+02,8.831258084820260592e+02,8.835925769963978382e+02,8.840602675673947033e+02,8.845289350727919100e+02,8.849986360176530980e+02,8.854694284391648580e+02,8.859413718274269058e+02,8.864145270722087844e+02,8.868889564469416200e+02,8.873647236420043782e+02,8.878418938596474845e+02,8.883205339822858377e+02,8.888007128242952604e+02,8.892825014744196324e+02,8.897659737313003916e+02,8.902512066280545469e+02,8.907382810331168912e+02,8.912272823034244311e+02,8.917183009524745785e+02,8.922114332798031455e+02,8.927067818904049545e+02,8.932044560130042328e+02,8.937045715059264239e+02,8.942072504197849412e+02,8.947126199691414286e+02,8.952208107527239918e+02,8.957319540563187275e+02,8.962461780767042683e+02,8.967636029219127067e+02,8.972843342751780256e+02,8.978084556594386640e+02,8.983360193073569917e+02,8.988670357286242734e+02,8.994014621701077203e+02,8.999391902816456650e+02,9.004800334250285232e+02,9.010237141878659486e+02,9.015698527771673980e+02,9.021179570575993694e+02,9.026674150533988268e+02,9.032174907380659761e+02,9.037673238809783243e+02,9.043159345972017036e+02,9.048622330533221430e+02,9.054050345222867691e+02,9.059430796659676162e+02,9.064750595757226392e+02,9.069996447459886895e+02,9.075155168264883514e+02,9.080214017290137463e+02,9.085161024863823513e+02,9.089985301979675114e+02,9.094677314608363758e+02,9.099229108765285901e+02,9.103634475250839841e+02,9.107889046816015934e+02,9.111990324794484195e+02,9.115937636578653382e+02,9.119732029321698974e+02,9.123376108608965751e+02,9.126873833350026644e+02,9.130230279696154412e+02,9.133451387388836338e+02,9.136543701675082048e+02,9.139514122920407999e+02,9.142369674472404313e+02,9.145117297342824259e+02,9.147763678037157433e+02,9.150315113496712911e+02,9.152777414725072731e+02,9.155155848313419256e+02,9.157455112809068396e+02,9.159679344784195791e+02,9.161832147811187497e+02,9.163916636920725978e+02,9.165935492578905723e+02,9.167891023266593038e+02,9.169785245621008016e+02,9.171620004948308633e+02,9.173397170332980295e+02,9.175118930983803693e+02,9.176788163847038504e+02,9.178408697605681255e+02,9.179985038528939185e+02,9.181520788089683265e+02,9.183014763779044642e+02,9.184454186751914904e+02,9.185805987422561429e+02,9.187011206510635475e+02,9.187994050750435235e+02,9.188705220407738352e+02,9.189224873113553258e+02,9.189946471009243396e+02,9.191829312448334122e+02,9.196583995115573771e+02,9.206301110453548517e+02,9.221469445213660947e+02,9.238575975789450467e+02
8.384683280021632754e+02,8.384683279897492412e+02,8.384688408478917836e+02,8.384698662786545356e+02,8.384714036867284221e+02,8.384734521806069552e+02,8.384760105743523582e+02,8.384790773899534315e+02,8.384826508602775448e+02,8.384867289326215314e+02,8.384913092728614856e+02,8.384963892702071462e+02,8.385019660425610937e+02,8.385080364424844674e+02,8.385145970637701112e+02,8.385216442486195092e+02,8.385291740954216948e+02,8.385371824671260583e+02,8.385456650002017795e+02,8.385546171141692184e+02,8.385640340216885988e+02,8.385739107391856351e+02,8.385842420979899998e+02,8.385950227559569612e+02,8.386062472095411522e+02,8.386179098062821140e+02,8.386300047576614816e+02,8.386425261522847450e+02,8.386554679693357457e+02,8.386688240922502473e+02,8.386825883225517373e+02,8.386967543937854543e+02,8.387113159854919786e+02,8.387262667371520592e+02,8.387416002620401514e+02,8.387573101609208379e+02,8.387733900355237893e+02,8.387898335017357567e+02,8.388066342024497999e+02,8.388237858200166102e+02,8.388412820882448386e+02,8.388591168039063177e+02,8.388772838377024073e+02,8.388957771446590641e+02,8.389145907739189170e+02,8.389337188779106782e+02,8.389531557208769073e+02,8.389728956867500074e+02,8.389929332863708851e+02,8.390132631640483396e+02,8.390338801034610015e+02,8.390547790329044346e+02,8.390759550298895419e+02,8.390974033250925004e+02,8.391191193056611155e+02,8.391410985178753208e+02,8.391633366691573883e+02,8.391858296294306001e+02,8.392085734318203549e+02,8.392315642727023715e+02,8.392547985111124262e+02,8.392782726675562799e+02,8.393019834222881173e+02,8.393259276131774413e+02,8.393501022333464334e+02,8.393745044288347117e+02,8.393991314966402797e+02,8.394239808835618533e+02,8.394490501863191412e+02,8.394743371533876370e+02,8.394998396887933723e+02,8.395255558576484418e+02,8.395514838923770640e+02,8.395776221972819258e+02,8.396039693474587011e+02,8.396305240764916107e+02,8.396572852469128065e+02,8.396842517994294894e+02,8.397114226841233631e+02,8.397387967906544191e+02,8.397663729123944449e+02,8.397941498024563316e+02,8.398221264063283797e+02,8.398503023630181588e+02,8.398786789830720636e+02,8.399072605938451943e+02,8.399360544515953961e+02,8.399650694987032011e+02,8.399943130549223724e+02,8.400237838260021590e+02,8.400534137905415264e+02,8.400830593337224173e+02,8.401128430262092479e+02,8.401434881181968422e+02,8.401789531385223881e+02,8.402198690837589083e+02,8.402666204655454294e+02,8.403204208984921024e+02,8.403825629197383478e+02,8.404542209065024281e+02,8.405367205834887727e+02,8.406316297551612706e+02,8.407407739839409260e+02,8.408662379246219416e+02,8.410103852866126317e+02,8.411759150996449534e+02,8.413658898029216289e+02,8.415837965550823583e+02,8.418336046663426941e+02,8.421196727036981429e+02,8.424459185435370046e+02,8.428241442474036376e+02,8.432066180905281954e+02,8.436064311520296997e+02,8.440080310524102742e+02,8.444099876130957227e+02,8.448116949878024116e+02,8.452134967913136734e+02,8.456156059000757068e+02,8.460181715865118122e+02,8.464210103124736406e+02,8.468237592066941488e+02,8.472265301962958119e+02,8.476294756509859099e+02,8.480329717422023350e+02,8.484373168752040328e+02,8.488428651179585813e+02,8.492499302688031548e+02,8.496588266805051717e+02,8.500698270112244472e+02,8.504831418551018487e+02,8.508989044982862424e+02,8.513171590397627142e+02,8.517378733423643098e+02,8.521609434630682927e+02,8.525862146924239369e+02,8.530134936760385926e+02,8.534425692456312618e+02,8.538732268897027780e+02,8.543052646986309355e+02,8.547385036300343018e+02,8.551727949405315030e+02,8.556080230629125936e+02,8.560441051192078703e+02,8.564809877713654487e+02,8.569186420538737821e+02,8.573570574361116314e+02,8.577962355477424126e+02,8.582361845383671834e+02,8.586769142622744084e+02,8.591184327064257786e+02,8.595607435719684872e+02,8.600038449765085034e+02,8.604477290287348978e+02,8.608923820539531562e+02,8.613377852296999890e+02,8.617839154290774104e+02,8.622307461304069420e+02,8.626782482888354480e+02,8.631263911272845917e+02,8.635751428224486972e+02,8.640244710939749666e+02,8.644743437047376347e+02,8.649247288883647116e+02,8.653755957133821539e+02,8.658269143926221432e+02,8.662786565424340779e+02,8.667307953953787774e+02,8.671833059699499699e+02,8.676361652010327816e+02,8.680893520360276625e+02,8.685428475015017966e+02,8.689966347458996552e+02,8.694506990631186909e+02,8.699050279016837521e+02,8.703596108633076938e+02,8.708144396942831236e+02,8.712695082723947735e+02,8.717248125917273001e+02,8.721803507472399133e+02,8.726361229207188899e+02,8.730921313693550019e+02,8.735483804179319804e+02,8.740048764552994953e+02,8.744616279355312827e+02,8.749186453838794932e+02,8.753759414073783773e+02,8.758335307096937186e+02,8.762914301095917153e+02,8.767496585621819349e+02,8.772082371819127502e+02,8.776671892661140646e+02,8.781265403177455937e+02,8.785863180658701594e+02,8.790465524822855059e+02,8.795072757926673148e+02,8.799685224805834878e+02,8.804303292827639780e+02,8.808927351741706389e+02,8.813557813416163071e+02,8.818195111450713739e+02,8.822839700662638052e+02,8.827492056448693347e+02,8.832152674033776520e+02,8.836822067627496153e+02,8.841500769520956737e+02,8.846189329169303619e+02,8.850888312319069655e+02,8.855598300253848265e+02,8.860319889245255354e+02,8.865053690308612886e+02,8.869800329371661292e+02,8.874560447969695360e+02,8.879334704578299124e+02,8.884123776684647282e+02,8.888928363676253639e+02,8.893749190590838225e+02,8.898587012718568303e+02,8.903442620977267552e+02,8.908316847888705752e+02,8.913210573869794189e+02,8.918124733414867933e+02,8.923060320586997705e+02,8.928018393059832079e+02,8.933000073764504805e+02,8.938006549007344574e+02,8.943039061748099812e+02,8.948098898581586127e+02,8.953187368870235332e+02,8.958305774454254333e+02,8.963455368447218916e+02,8.968637301832796993e+02,8.973852556937893041e+02,8.979101867385511468e+02,8.984385624837107116e+02,8.989703773713963528e+02,8.995055696120575703e+02,9.000440090338890968e+02,9.005854847459839903e+02,9.011296931883309753e+02,9.016762272447267605e+02,9.022245671722313318e+02,9.027740741405941662e+02,9.033239871651095427e+02,9.038734241467823267e+02,9.044213875981243973e+02,9.049667754304908840e+02,9.055083969153315593e+02,9.060449936206041457e+02,9.065752647858138289e+02,9.070978962623512416e+02,9.076115918414415091e+02,9.081151055523445166e+02,9.086072733668031560e+02,9.090870427127155153e+02,9.095534982895360372e+02,9.100058828855613910e+02,9.104436122050340146e+02,9.108662830918221971e+02,9.112736749500154474e+02,9.116657445719255293e+02,9.120426149555953543e+02,9.124045589992714440e+02,9.127519791814539758e+02,9.130853844646918560e+02,9.134053657011613723e+02,9.137125707774616785e+02,9.140076806287385125e+02,9.142913870941290497e+02,9.145643733926154937e+02,9.148272977855698400e+02,9.150807807722250118e+02,9.153253959470036989e+02,9.155616644397933896e+02,9.157900526658429499e+02,9.160109729342826768e+02,9.162247863122966010e+02,9.164318070416966293e+02,9.166323078151065147e+02,9.168265254438736065e+02,9.170146670238035540e+02,9.171969177152554948e+02,9.173734525510254798e+02,9.175444555508793201e+02,9.177101481637174629e+02,9.178708227979707317e+02,9.180268624481960842e+02,9.181787023985184533e+02,9.183266597016317974e+02,9.184705405780272258e+02,9.186089790681003251e+02,9.187386328686462775e+02,9.188537424497606025e+02,9.189471726530896376e+02,9.190147763357678059e+02,9.190653883624192986e+02,9.191382676780491465e+02,9.193264900856289614e+02,9.197929248846920700e+02,9.207323890507739179e+02,9.221844885264364393e+02,9.238203384945263679e+02
8.384879835450853989e+02,8.384879835321130486e+02,8.384885052823327669e+02,8.384895484844096245e+02,8.384911125162543613e+02,8.384931964462365386e+02,8.384957990350069394e+02,8.384989187379320583e+02,8.385025537081447737e+02,8.385067018002163195e+02,8.385113605744537608e+02,8.385165273018261587e+02,8.385221989695274942e+02,8.385283722871751024e+02,8.385350436936490723e+02,8.385422093645720452e+02,8.385498652204265682e+02,8.385580069353072759e+02,8.385666299462984625e+02,8.385757294634669279e+02,8.385853004804545208e+02,8.385953377856495763e+02,8.386058359739147363e+02,8.386167894588397758e+02,8.386281924854852150e+02,8.386400391435780648e+02,8.386523233811121827e+02,8.386650390183053787e+02,8.386781797618568817e+02,8.386917392194451395e+02,8.387057109144046763e+02,8.387200883005120886e+02,8.387348647768149021e+02,8.387500337024293913e+02,8.387655884112371041e+02,8.387815222264075601e+02,8.387978284746748159e+02,8.388145005003029837e+02,8.388315316786696485e+02,8.388489154294114769e+02,8.388666452290715370e+02,8.388847146231998977e+02,8.389031172378633983e+02,8.389218467905267289e+02,8.389408971002767430e+02,8.389602620973665807e+02,8.389799358320644842e+02,8.389999124827993455e+02,8.390201863636007147e+02,8.390407519308333804e+02,8.390616037892341410e+02,8.390827366972563368e+02,8.391041455717290773e+02,8.391258254918368493e+02,8.391477717024187086e+02,8.391699796165854650e+02,8.391924448176434908e+02,8.392151630603127614e+02,8.392381302712217348e+02,8.392613425486673577e+02,8.392847961616358816e+02,8.393084875481027893e+02,8.393324133126694733e+02,8.393565702236477364e+02,8.393809552097920914e+02,8.394055653569871538e+02,8.394303979053444209e+02,8.394554502473188222e+02,8.394807199276058327e+02,8.395062046456555436e+02,8.395319022615285576e+02,8.395578108053477990e+02,8.395839284895080255e+02,8.396102537208349759e+02,8.396367851069129529e+02,8.396635214471798463e+02,8.396904616964493471e+02,8.397176048879076689e+02,8.397449500100696014e+02,8.397724958522304632e+02,8.398002408604533002e+02,8.398281830904670642e+02,8.398563204151654418e+02,8.398846511972687949e+02,8.399131761873759388e+02,8.399419021232024534e+02,8.399708428142633920e+02,8.400000201000954121e+02,8.400294650241490899e+02,8.400592224381841788e+02,8.400892078495071473e+02,8.401191711499487838e+02,8.401499159921793307e+02,8.401857520497810583e+02,8.402274730178717164e+02,8.402755575696430697e+02,8.403307927073016117e+02,8.403944548901538383e+02,8.404678639629195231e+02,8.405524082253273264e+02,8.406496828061355018e+02,8.407615413893115601e+02,8.408901159191475472e+02,8.410378405462934097e+02,8.412074763628944538e+02,8.414022258807323169e+02,8.416257277830003432e+02,8.418822004365370049e+02,8.421765173334562178e+02,8.425135461304010960e+02,8.428937793663550337e+02,8.432853190378752970e+02,8.436782940007766456e+02,8.440774251280787439e+02,8.444797983911901156e+02,8.448822836718780991e+02,8.452849529632429721e+02,8.456876756299627687e+02,8.460906408985986218e+02,8.464939487242656924e+02,8.468974310534774759e+02,8.473010703257866680e+02,8.477049345708214787e+02,8.481093359210747167e+02,8.485145669188418651e+02,8.489209842430984736e+02,8.493288854993871837e+02,8.497385678907937745e+02,8.501502767612996649e+02,8.505642100870427385e+02,8.509804934429980676e+02,8.513991743724500338e+02,8.518202265830956321e+02,8.522435566943943286e+02,8.526690222774147969e+02,8.530964444174311438e+02,8.535256268282586234e+02,8.539563690461860688e+02,8.543884813882474418e+02,8.548217943452900727e+02,8.552561660832512871e+02,8.556914852681723005e+02,8.561276711248705169e+02,8.565646706341550498e+02,8.570024539660606706e+02,8.574410089645547259e+02,8.578803353095516968e+02,8.583204391470347900e+02,8.587613284526956932e+02,8.592030095279011448e+02,8.596454845781997847e+02,8.600887503812322166e+02,8.605327978114122516e+02,8.609776120336315444e+02,8.614231731206959921e+02,8.618694569043091178e+02,8.623164359042842761e+02,8.627640802302007614e+02,8.632123584004485792e+02,8.636612380509301374e+02,8.641106865363794896e+02,8.645606714322829021e+02,8.650111609545135707e+02,8.654621243084895923e+02,8.659135319792677592e+02,8.663653559691945247e+02,8.668175699886591019e+02,8.672701496043764564e+02,8.677230723496942346e+02,8.681763178021551539e+02,8.686298676335628670e+02,8.690837056383358004e+02,8.695378177452313366e+02,8.699921920173590024e+02,8.704468186443242530e+02,8.709016899298832186e+02,8.713568002775458581e+02,8.718121461761726323e+02,8.722677261869820313e+02,8.727235409331312894e+02,8.731795930926405163e+02,8.736358873952420936e+02,8.740924306234544474e+02,8.745492316179977479e+02,8.750063012874343258e+02,8.754636526217238952e+02,8.759213007091858572e+02,8.763792627561700783e+02,8.768375581085733756e+02,8.772962082741676113e+02,8.777552369445792237e+02,8.782146700156158659e+02,8.786745356045618109e+02,8.791348640629679494e+02,8.795956879834636766e+02,8.800570421991151306e+02,8.805189637739797490e+02,8.809814919836567242e+02,8.814446682849517174e+02,8.819085362741501513e+02,8.823731416339720681e+02,8.828385320699462682e+02,8.833047572378186487e+02,8.837718686645843036e+02,8.842399196668909553e+02,8.847089652717683066e+02,8.851790621459660997e+02,8.856502685414266125e+02,8.861226442656399058e+02,8.865962506865630530e+02,8.870711507824364617e+02,8.875474092468971321e+02,8.880250926592153746e+02,8.885042697279104686e+02,8.889850116133477513e+02,8.894673923307881296e+02,8.899514892296688231e+02,8.904373835372645090e+02,8.909251609453035599e+02,8.914149122063566892e+02,8.919067336930621650e+02,8.924007278575726332e+02,8.928970035115826249e+02,8.933956758294976908e+02,8.938968659599180455e+02,8.944007001148773952e+02,8.949073079941134665e+02,8.954168203949819826e+02,8.959293658599649461e+02,8.964450662253864266e+02,8.969640309594984728e+02,8.974863502174794121e+02,8.980120865967119244e+02,8.985412656483537148e+02,8.990738652899951830e+02,8.996098043665338082e+02,9.001489307180153219e+02,9.006910092275485340e+02,9.012357104311024614e+02,9.017826003636969290e+02,9.023311323818165874e+02,9.028806417278822209e+02,9.034303435784304384e+02,9.039793352344734103e+02,9.045266029656419278e+02,9.050710338097214844e+02,9.056114323634960783e+02,9.061465422940157168e+02,9.066750719733006463e+02,9.071957233213959171e+02,9.077072226631644298e+02,9.082083521932642043e+02,9.086979805270525503e+02,9.091750908098364334e+02,9.096388049686750037e+02,9.100884029125902543e+02,9.105233357988976195e+02,9.109432328558638119e+02,9.113479016497842622e+02,9.117373220716617652e+02,9.121116346628201654e+02,9.124711241753067270e+02,9.128161994568683895e+02,9.131473708564785738e+02,9.134652263683889259e+02,9.137704076804242277e+02,9.140635871796233687e+02,9.143454468108042192e+02,9.146166594965839067e+02,9.148778736248405039e+02,9.151297009037716634e+02,9.153727076853114113e+02,9.156074096717919701e+02,9.158342697523216884e+02,9.160536985659952052e+02,9.162660572604709159e+02,9.164716618152248202e+02,9.166707882558033589e+02,9.168636781582653157e+02,9.170505441314875270e+02,9.172315755876312551e+02,9.174069461181874203e+02,9.175768249741018963e+02,9.177413957198658636e+02,9.179008833886374532e+02,9.180555846791171462e+02,9.182058808651183881e+02,9.183521891724926718e+02,9.184947814306372038e+02,9.186333892493632902e+02,9.187665652048646052e+02,9.188909444130086968e+02,9.190009171497134730e+02,9.190897920544111912e+02,9.191541703236583771e+02,9.192036255431602285e+02,9.192772271744315731e+02,9.194651709675521261e+02,9.199223999513833405e+02,9.208303275078892511e+02,9.222203729152145115e+02,9.237847287719689575e+02
8.385074212793127799e+02,8.385074212657572161e+02,8.385079521632574142e+02,8.385090136464783654e+02,8.385106050653471357e+02,8.385127254463013742e+02,8.385153734941666244e+02,8.385185475946642555e+02,8.385222458175586553e+02,8.385264659204472082e+02,8.385312053532013579e+02,8.385364612630659167e+02,8.385422305004224199e+02,8.385485096252219819e+02,8.385552949140954979e+02,8.385625823681392603e+02,8.385703677213813307e+02,8.385786464499236672e+02,8.385874137817539804e+02,8.385966647072203841e+02,8.386063939901509912e+02,8.386165961796017427e+02,8.386272656222072328e+02,8.386383964751034910e+02,8.386499827193877081e+02,8.386620181740714770e+02,8.386744965104801395e+02,8.386874112670436716e+02,8.387007558644186247e+02,8.387145236208777987e+02,8.387287077678952301e+02,8.387433014658556658e+02,8.387582978198090586e+02,8.387736898951931153e+02,8.387894707334424993e+02,8.388056333674052212e+02,8.388221708364870892e+02,8.388390762014483926e+02,8.388563425587794882e+02,8.388739630545887849e+02,8.388919308979398011e+02,8.389102393735837495e+02,8.389288818540405828e+02,8.389478518109890501e+02,8.389671428259364347e+02,8.389867486001459156e+02,8.390066629638105269e+02,8.390268798844656430e+02,8.390473934746457871e+02,8.390681979987888326e+02,8.390892878794016951e+02,8.391106577024979742e+02,8.391323022223197086e+02,8.391542163653491571e+02,8.391763952336149259e+02,8.391988341072830053e+02,8.392215284465190734e+02,8.392444738925950105e+02,8.392676662682076767e+02,8.392911015769717551e+02,8.393147760020548276e+02,8.393386859039385399e+02,8.393628278173223407e+02,8.393871984472523309e+02,8.394117946646525752e+02,8.394366135015887949e+02,8.394616521468016117e+02,8.394869079423167477e+02,8.395123783822599535e+02,8.395380611153032078e+02,8.395639539523289159e+02,8.395900548806334882e+02,8.396163620848624305e+02,8.396428739722551882e+02,8.396695891950774921e+02,8.396965066562286211e+02,8.397236254763008674e+02,8.397509448923593709e+02,8.397784640616655452e+02,8.398061817689081181e+02,8.398340960658947552e+02,8.398622039344057839e+02,8.398905011915583145e+02,8.399189829140948405e+02,8.399476464640865743e+02,8.399764997452230091e+02,8.400055638681863002e+02,8.400348800044134805e+02,8.400645296797588344e+02,8.400947113588464390e+02,8.401254348904952849e+02,8.401565604782667833e+02,8.401928358598191835e+02,8.402353206000218506e+02,8.402845452460601336e+02,8.403412520762383338e+02,8.404065251895877964e+02,8.404817382733804152e+02,8.405683675936785448e+02,8.406680562141103792e+02,8.407826940125507917e+02,8.409144561366222206e+02,8.410658339874684088e+02,8.412396703822440713e+02,8.414391614794878933e+02,8.416681055069240074e+02,8.419306876308788787e+02,8.422315197615151874e+02,8.425749346233295682e+02,8.429601084234798236e+02,8.433536472608146823e+02,8.437509680601253876e+02,8.441484568946675608e+02,8.445498832825240925e+02,8.449526806718473608e+02,8.453562724046693120e+02,8.457597885616527265e+02,8.461634669463206819e+02,8.465673219153949276e+02,8.469714614410843296e+02,8.473758877557141886e+02,8.477806430586665556e+02,8.481859460215979425e+02,8.485920604219256802e+02,8.489993258388744835e+02,8.494080329888583947e+02,8.498184680469883006e+02,8.502308568071782702e+02,8.506453847892237263e+02,8.510621686231007743e+02,8.514812581686393287e+02,8.519026329592500133e+02,8.523262106987158404e+02,8.527518611370039707e+02,8.531794194769552178e+02,8.536087035399189062e+02,8.540395264389543399e+02,8.544717103320107299e+02,8.549050951581597246e+02,8.553395459471278173e+02,8.557749556257855374e+02,8.562112455261735704e+02,8.566483629359139513e+02,8.570862771049305593e+02,8.575249741386918458e+02,8.579644516019893672e+02,8.584047134255567926e+02,8.588457654809144515e+02,8.592876121651883068e+02,8.597302540050927746e+02,8.601736863014887149e+02,8.606178986126255950e+02,8.610628749122919317e+02,8.615085941827355782e+02,8.619550312623132413e+02,8.624021577834082564e+02,8.628499430938326213e+02,8.632983550957068246e+02,8.637473609709101083e+02,8.641969277905161562e+02,8.646470230159746961e+02,8.650976149093939966e+02,8.655486728669322929e+02,8.660001676892301248e+02,8.664520717975769912e+02,8.669043594032818874e+02,8.673570066354932351e+02,8.678099916327648771e+02,8.682632946036488875e+02,8.687168978618772144e+02,8.691707858418790238e+02,8.696249450999599730e+02,8.700793643060857221e+02,8.705340342302415593e+02,8.709889477266614222e+02,8.714440997182459796e+02,8.718994871829193016e+02,8.723551091429961843e+02,8.728109666582979571e+02,8.732670628233587422e+02,8.737234027688911056e+02,8.741799936674375431e+02,8.746368447430259039e+02,8.750939672844550614e+02,8.755513746617414199e+02,8.760090823450801736e+02,8.764671079255763289e+02,8.769254711368397466e+02,8.773841938764455790e+02,8.778433002261190268e+02,8.783028164694500219e+02,8.787627711058269142e+02,8.792231948592940398e+02,8.796841206809978075e+02,8.801455837439928018e+02,8.806076214292838813e+02,8.810702733022401389e+02,8.815335810788133131e+02,8.819975885814878893e+02,8.824623416854318521e+02,8.829278882560839747e+02,8.833942780802390189e+02,8.838615627937219870e+02,8.843297958098053186e+02,8.847990322537303882e+02,8.852693289098432388e+02,8.857407441890237578e+02,8.862133381250256434e+02,8.866871724090991620e+02,8.871623104725275653e+02,8.876388176264820231e+02,8.881167612675213832e+02,8.885962111551127691e+02,8.890772397643188469e+02,8.895599227122454522e+02,8.900443392505911788e+02,8.905305728086678982e+02,8.910187115612823163e+02,8.915088489840175043e+02,8.920010843446654007e+02,8.924955230642719926e+02,8.929922768648101510e+02,8.934914636038272420e+02,8.939932066804527722e+02,8.944976338834751459e+02,8.950048755424121509e+02,8.955150618388020121e+02,8.960283191394486266e+02,8.965447652285290587e+02,8.970645033433926301e+02,8.975876149614971382e+02,8.981141513442772748e+02,8.986441239180852563e+02,8.991774936613824138e+02,8.997141597683804548e+02,9.002539479675114080e+02,9.007965989818865182e+02,9.013417577196092907e+02,9.018889638644003526e+02,9.024376445902466912e+02,9.029871101366305766e+02,9.035365529431813911e+02,9.040850509469562439e+02,9.046315754885434899e+02,9.051750040570334477e+02,9.057141378373067937e+02,9.062477237218553228e+02,9.067744801356004700e+02,9.072931257231009567e+02,9.078024096923192019e+02,9.083011424258266970e+02,9.087882248817043092e+02,9.092626753265276420e+02,9.097236520743508663e+02,9.101704711389221529e+02,9.106026180203390368e+02,9.110197532123621613e+02,9.114217113983897889e+02,9.118084946687185948e+02,9.121802604096599225e+02,9.125373047646772875e+02,9.128800427365553105e+02,9.132089860846933789e+02,9.135247201777696091e+02,9.138278808998544491e+02,9.141191325913932815e+02,9.143991478503716053e+02,9.146685898379499804e+02,9.149280975401632077e+02,9.151782742442222798e+02,9.154196793038532860e+02,9.156528230998709432e+02,9.158781649541083425e+02,9.160961136283526685e+02,9.163070299344963132e+02,9.165112308982616014e+02,9.167089948652537714e+02,9.169005669429204772e+02,9.170861642954282615e+02,9.172659811456767329e+02,9.174401939911118689e+02,9.176089685211945834e+02,9.177724707674835827e+02,9.179308852848787410e+02,9.180844409581192167e+02,9.182334377946790482e+02,9.183782532179407099e+02,9.185192837198777625e+02,9.186567541418361316e+02,9.187903229583537268e+02,9.189184683040623440e+02,9.190378152395459210e+02,9.191429160057421086e+02,9.192275207913844497e+02,9.192889437617768635e+02,9.193374194192249433e+02,9.194117329923999478e+02,9.195991838426679124e+02,9.200470527874825848e+02,9.209241485378616972e+02,9.222546876464759862e+02,9.237506750409372671e+02
8.385266339982921409e+02,8.385266339841272156e+02,8.385271742971467575e+02,8.385282545973929018e+02,8.385298742055628054e+02,8.385320321042908063e+02,8.385347269400757568e+02,8.385379570258602371e+02,8.385417203442680147e+02,8.385460145515082786e+02,8.385508369819564223e+02,8.385561846534208144e+02,8.385620542731048772e+02,8.385684422442737969e+02,8.385753446736339356e+02,8.385827573794309728e+02,8.385906759002695026e+02,8.385990955046563613e+02,8.386080112012624568e+02,8.386174177498966174e+02,8.386273096731783880e+02,8.386376812688916971e+02,8.386485266229941544e+02,8.386598396232518553e+02,8.386716139734619446e+02,8.386838432082173540e+02,8.386965207081632343e+02,8.387096397156856256e+02,8.387231933509677901e+02,8.387371746283416769e+02,8.387515764728593695e+02,8.387663917370016406e+02,8.387816132174383483e+02,8.387972336717538155e+02,8.388132458350463594e+02,8.388296424363135202e+02,8.388464162145351111e+02,8.388635599343682543e+02,8.388810664013743690e+02,8.388989284767034178e+02,8.389171390911660637e+02,8.389356912586356430e+02,8.389545780887292494e+02,8.389737927987259809e+02,8.389933287246949476e+02,8.390131793318107611e+02,8.390333382238486593e+02,8.390537991518590388e+02,8.390745560220287871e+02,8.390956029027444174e+02,8.391169340308757683e+02,8.391385438172992508e+02,8.391604268516805405e+02,8.391825779065271718e+02,8.392049919405184255e+02,8.392276641011028460e+02,8.392505897263421275e+02,8.392737643459652190e+02,8.392971836815772804e+02,8.393208436459568702e+02,8.393447403413663324e+02,8.393688700568019385e+02,8.393932292641331969e+02,8.394178146131304175e+02,8.394426229254818281e+02,8.394676511880714997e+02,8.394928965460638892e+02,8.395183562967454236e+02,8.395440278856326586e+02,8.395699089070539003e+02,8.395959971121272929e+02,8.396222904274649181e+02,8.396487869873325280e+02,8.396754851792279624e+02,8.397023836964643806e+02,8.397294815800703418e+02,8.397567782172526449e+02,8.397842732394175300e+02,8.398119662511206798e+02,8.398398563515567048e+02,8.398679414198222730e+02,8.398962171797221572e+02,8.399246762088200740e+02,8.399533067298241349e+02,8.399820961629430940e+02,8.400110490030997425e+02,8.400401887034475976e+02,8.400695754267959501e+02,8.400993862711052316e+02,8.401303071643378644e+02,8.401631185872257674e+02,8.402001060503502003e+02,8.402433784579053508e+02,8.402936934781818081e+02,8.403518080595611082e+02,8.404187488492441389e+02,8.404958329959631556e+02,8.405845981772413325e+02,8.406867506292520602e+02,8.408042253709187435e+02,8.409392402762968004e+02,8.410943316512441470e+02,8.412723945004197503e+02,8.414766733093571247e+02,8.417107475369552958e+02,8.419788727429881874e+02,8.422856308626774080e+02,8.426347055244521016e+02,8.430244412556892257e+02,8.434209265872734704e+02,8.438197762142949614e+02,8.442197505475730850e+02,8.446206931900217114e+02,8.450234504360689698e+02,8.454275639439956649e+02,8.458318970133015000e+02,8.462364407136910813e+02,8.466410291645522648e+02,8.470458705199872611e+02,8.474510349657593906e+02,8.478566278037186521e+02,8.482628033065359432e+02,8.486697881904881342e+02,8.490778835025115541e+02,8.494873713784693336e+02,8.498985271057343880e+02,8.503115655923406848e+02,8.507266620658962211e+02,8.511439251252681970e+02,8.515634054743101160e+02,8.519850878794150049e+02,8.524089010081696642e+02,8.528347267992121488e+02,8.532624144224055271e+02,8.536917952528725664e+02,8.541226954954266830e+02,8.545549486754623558e+02,8.549884039843549317e+02,8.554229331916325236e+02,8.558584334742105284e+02,8.562948282428030780e+02,8.567320650624670861e+02,8.571701121921825006e+02,8.576089538902836011e+02,8.580485854554555090e+02,8.584890084172731122e+02,8.589302263432450673e+02,8.593722415308110385e+02,8.598150526614367664e+02,8.602586534334728867e+02,8.607030320133885652e+02,8.611481711560744543e+02,8.615940487684754316e+02,8.620406387438755473e+02,8.624879118986458479e+02,8.629358369033917597e+02,8.633843811335830196e+02,8.638335114056251314e+02,8.642831945901731387e+02,8.647333981100244955e+02,8.651840903394174802e+02,8.656352409208529934e+02,8.660868210153796554e+02,8.665388034972970672e+02,8.669911631024856433e+02,8.674438765366384132e+02,8.678969225493234489e+02,8.683502819792263381e+02,8.688039377761881497e+02,8.692578750056405852e+02,8.697120808407854611e+02,8.701665445474063745e+02,8.706212574653378624e+02,8.710762129898173498e+02,8.715314065549687257e+02,8.719868356209445892e+02,8.724424996655432096e+02,8.728984001806685455e+02,8.733545406736176346e+02,8.738109266729604769e+02,8.742675657386059811e+02,8.747244674755364713e+02,8.751816435506140124e+02,8.756391077117688155e+02,8.760968758088273489e+02,8.765549658151305721e+02,8.770133978490461004e+02,8.774721941943626007e+02,8.779313793185209533e+02,8.783909798875394017e+02,8.788510247764934320e+02,8.793115450743717929e+02,8.797725740822113494e+02,8.802341473034813362e+02,8.806963024259038093e+02,8.811590792941287873e+02,8.816225198730984403e+02,8.820866682023812473e+02,8.825515703424194953e+02,8.830172743143349408e+02,8.834838300358458127e+02,8.839512892567810241e+02,8.844197054987736237e+02,8.848891340047596259e+02,8.853596317050182734e+02,8.858312572074094078e+02,8.863040708202710221e+02,8.867781346168379741e+02,8.872535125500711501e+02,8.877302706260966261e+02,8.882084771430548926e+02,8.886882029996647816e+02,8.891695220742004722e+02,8.896525116694816688e+02,8.901372530128701328e+02,8.906238317918569010e+02,8.911123386956718377e+02,8.916028699213330810e+02,8.920955275889751874e+02,8.925904199963355268e+02,8.930876616266605197e+02,8.935873728086779693e+02,8.940896789129610625e+02,8.945947089572678124e+02,8.951025934861746691e+02,8.956134615893819273e+02,8.961274369307689085e+02,8.966446326786389136e+02,8.971651452587774429e+02,8.976890468973609813e+02,8.982163769813925001e+02,8.987471323398799541e+02,8.992812566379816417e+02,8.998186291755582715e+02,9.003590534860907155e+02,9.009022462348012823e+02,9.014478270075244382e+02,9.019953096543399624e+02,9.025440958935718072e+02,9.030934718818637066e+02,9.036426084056906802e+02,9.041905652424754862e+02,9.047363000735972491e+02,9.052786821104664341e+02,9.058165103286437443e+02,9.063485359102521670e+02,9.068734881942722268e+02,9.073901031542949340e+02,9.078971531919670497e+02,9.083934768774939812e+02,9.088780072063234456e+02,9.093497969845260513e+02,9.098080401043979464e+02,9.102520877145984741e+02,9.106814586035980028e+02,9.110958434716637839e+02,9.114951031321294295e+02,9.118792610253875637e+02,9.122484907220919013e+02,9.126030993164404208e+02,9.129435077562081915e+02,9.132702292221543985e+02,9.135838466615894049e+02,9.138849905102813409e+02,9.141743175172910014e+02,9.144524914332110939e+02,9.147201661474958883e+02,9.149779716773193741e+02,9.152265032292166325e+02,9.154663133841394256e+02,9.156979073030745440e+02,9.159217407183689375e+02,9.161382203671563502e+02,9.163477064369774325e+02,9.165505165275451418e+02,9.167469305865330398e+02,9.169371962606526267e+02,9.171215341460126638e+02,9.173001425845060339e+02,9.174732020255773932e+02,9.176408796386368749e+02,9.178033357977309379e+02,9.179607349484791712e+02,9.181132633283925770e+02,9.182611533763081297e+02,9.184047070698279640e+02,9.185442957375037167e+02,9.186802926267387193e+02,9.188128742596541088e+02,9.189416280126406491e+02,9.190649649583266410e+02,9.191795123155509373e+02,9.192799951833828800e+02,9.193606012807558727e+02,9.194193216920346003e+02,9.194669767074846050e+02,9.195419797748693327e+02,9.197287264784953322e+02,9.201670985475496991e+02,9.210140605280364525e+02,9.222875166607342408e+02,9.237180908363238814e+02
8.385456141947361175e+02,8.385456141799351144e+02,8.385461641903818872e+02,8.385472638708530440e+02,8.385489125115293518e+02,8.385511090493073425e+02,8.385538520697740523e+02,8.385571398098499003e+02,8.385609701611111859e+02,8.385653406738015292e+02,8.385702485615445312e+02,8.385756907067726615e+02,8.385816636668818091e+02,8.385881636811276394e+02,8.385951866782738762e+02,8.386027282850014899e+02,8.386107838350887960e+02,8.386193483793625774e+02,8.386284166964235283e+02,8.386379833041390839e+02,8.386480424718926088e+02,8.386585882335733686e+02,8.386696144012817058e+02,8.386811145797200879e+02,8.386930821812281920e+02,8.387055104414170046e+02,8.387183924353463453e+02,8.387317210941806707e+02,8.387454892222546050e+02,8.387596895144673681e+02,8.387743145739229931e+02,8.387893569297252725e+02,8.388048090548307982e+02,8.388206633838653943e+02,8.388369123307994641e+02,8.388535483063857328e+02,8.388705637352596796e+02,8.388879510726056878e+02,8.389057028203017126e+02,8.389238115424566331e+02,8.389422698802668492e+02,8.389610705661251586e+02,8.389802064369300751e+02,8.389996704465514767e+02,8.390194556774232524e+02,8.390395553512461220e+02,8.390599628387964231e+02,8.390806716688455253e+02,8.391016755362086315e+02,8.391229683089459286e+02,8.391445440347450813e+02,8.391663969465178070e+02,8.391885214672373650e+02,8.392109122140406043e+02,8.392335640016049183e+02,8.392564718447958967e+02,8.392796309605624856e+02,8.393030367690304274e+02,8.393266848937208806e+02,8.393505711607925832e+02,8.393746915971761382e+02,8.393990424274502402e+02,8.394236200692953389e+02,8.394484211273808114e+02,8.394734423856082230e+02,8.394986807977880972e+02,8.395241334771308175e+02,8.395497976854558146e+02,8.395756708238767487e+02,8.396017504279938066e+02,8.396280341723305582e+02,8.396545198905869256e+02,8.396812056193455192e+02,8.397080896713455331e+02,8.397351707375862588e+02,8.397624480018897657e+02,8.397899212283699626e+02,8.398175907264126181e+02,8.398454570522916356e+02,8.398735203561284379e+02,8.399017792227838299e+02,8.399302287940363385e+02,8.399588579788262450e+02,8.399876431994964605e+02,8.400165499173739363e+02,8.400455746295383506e+02,8.400747430469373285e+02,8.401041768624443193e+02,8.401344842375930284e+02,8.401689320956623988e+02,8.402073095459658134e+02,8.402515731665275780e+02,8.403030056459648449e+02,8.403625082373645228e+02,8.404311204744550423e+02,8.405101342368880069e+02,8.406010948004127386e+02,8.407057658451066118e+02,8.408261361966223149e+02,8.409644693544876191e+02,8.411233459579040073e+02,8.413056987112306615e+02,8.415148280451959408e+02,8.417542486841457503e+02,8.420279669043346757e+02,8.423393169224145822e+02,8.426938974727222558e+02,8.430886888118550360e+02,8.434884212565989401e+02,8.438889216530920976e+02,8.442900108188791819e+02,8.446921208934337528e+02,8.450949390424929106e+02,8.454991996610146998e+02,8.459041619535422569e+02,8.463095267649168818e+02,8.467149472386503248e+02,8.471205921254544364e+02,8.475265166354190569e+02,8.479329115451861298e+02,8.483399187274958422e+02,8.487477469300763460e+02,8.491566504625877769e+02,8.495668956639229918e+02,8.499787429264563343e+02,8.503924014141855423e+02,8.508080386704830289e+02,8.512257582711102941e+02,8.516456109696536032e+02,8.520675861948280954e+02,8.524916227977752214e+02,8.529176147318398762e+02,8.533454249430990330e+02,8.537748980027063226e+02,8.542058727732069201e+02,8.546381936653471030e+02,8.550717188298024212e+02,8.555063265693744370e+02,8.559419182431107629e+02,8.563784192784156630e+02,8.568157774741258663e+02,8.572539600173586223e+02,8.576929492148817644e+02,8.581327379593996056e+02,8.585733252159508311e+02,8.590147120722889440e+02,8.594568985549458375e+02,8.598998813523910485e+02,8.603436524483938683e+02,8.607881985502974658e+02,8.612335011709856190e+02,8.616795371595237611e+02,8.621262795132735164e+02,8.625736983043643704e+02,8.630217616110501240e+02,8.634704363722371454e+02,8.639196891280282671e+02,8.643694866326246711e+02,8.648197963462799862e+02,8.652705868219643435e+02,8.657218280048173256e+02,8.661734914618051562e+02,8.666255505549387408e+02,8.670779805687952830e+02,8.675307587998735244e+02,8.679838646142229663e+02,8.684372794788253032e+02,8.688909869721936730e+02,8.693449727795448325e+02,8.697992246776823322e+02,8.702537325143300677e+02,8.707084881858478411e+02,8.711634856165014753e+02,8.716187207414332079e+02,8.720741914947410578e+02,8.725298978032508330e+02,8.729858415861114054e+02,8.734420267598525243e+02,8.738984592483741380e+02,8.743551469971022243e+02,8.748120999905383997e+02,8.752693302723179158e+02,8.757268519669354419e+02,8.761846813022177685e+02,8.766428366316591791e+02,8.771013384556533765e+02,8.775602094406783635e+02,8.780194744354097338e+02,8.784791604827693163e+02,8.789392968268701907e+02,8.793999149139023075e+02,8.798610483860339855e+02,8.803227330675989606e+02,8.807850069430061239e+02,8.812479101261653796e+02,8.817114848215873053e+02,8.821757752778858048e+02,8.826408277350012668e+02,8.831066903672686976e+02,8.835734132252636073e+02,8.840410481803512539e+02,8.845096488768056133e+02,8.849792706974124030e+02,8.854499707493458800e+02,8.859218078779462076e+02,8.863948427165122439e+02,8.868691377804356080e+02,8.873447576136163661e+02,8.878217689941351409e+02,8.883002412042542346e+02,8.887802463669912640e+02,8.892618598473703742e+02,8.897451607110177747e+02,8.902302322257079368e+02,8.907171623828244265e+02,8.912060444053040555e+02,8.916969771966823828e+02,8.921900656724236569e+02,8.926854209003353162e+02,8.931831599619933968e+02,8.936834054327779313e+02,8.941862843653227628e+02,8.946919266515512845e+02,8.952004626335443618e+02,8.957120198353865135e+02,8.962267186987504601e+02,8.967446672264959489e+02,8.972659544726111562e+02,8.977906428648860810e+02,8.983187594091612027e+02,8.988502859004853462e+02,8.993851483550201920e+02,8.999232059736922338e+02,9.004642400490706677e+02,9.010079433238312276e+02,9.015539103937165919e+02,9.021016298104593716e+02,9.026504785702674099e+02,9.031997196614880750e+02,9.037485032827349869e+02,9.042958722250991741e+02,9.048407717383311137e+02,9.053820639760907625e+02,9.059185468505962717e+02,9.064489768397697844e+02,9.069720950028727202e+02,9.074866551997723718e+02,9.079914533008862918e+02,9.084853560432974291e+02,9.089673281509336675e+02,9.094364564013679910e+02,9.098919694861098151e+02,9.103332527616366860e+02,9.107598573018025263e+02,9.111715030093604355e+02,9.115680758934481673e+02,9.119496199412934629e+02,9.123163242817498713e+02,9.126685065391221769e+02,9.130065934003051780e+02,9.133310994669440106e+02,9.136426054441092219e+02,9.139417366392621034e+02,9.142291426236496363e+02,9.145054787566882624e+02,9.147713901053623431e+02,9.150274981165985082e+02,9.152743902304898711e+02,9.155126124638744614e+02,9.157426648530799866e+02,9.159649995257617547e+02,9.161800210767220278e+02,9.163880888509671649e+02,9.165895206863776821e+02,9.167845976347676924e+02,9.169735691637067703e+02,9.171566583530621983e+02,9.173340666716728720e+02,9.175059781118616229e+02,9.176725628561691792e+02,9.178339813163377130e+02,9.179903902606851034e+02,9.181419534678324226e+02,9.182888590028236422e+02,9.184313421817764720e+02,9.185697054144836784e+02,9.187043117008861373e+02,9.188355087839506723e+02,9.189634240054612064e+02,9.190875762219623084e+02,9.192063171113754834e+02,9.193162878745654325e+02,9.194123960809475875e+02,9.194892612968733374e+02,9.195455149858914865e+02,9.195924908581230284e+02,9.196681499764242744e+02,9.198539850215431670e+02,9.202827401170702615e+02,9.211002589814171415e+02,9.223189383278706828e+02,9.236868959743910636e+02
8.385643540475118698e+02,8.385643540320472766e+02,8.385649140361548461e+02,8.385660336886842288e+02,8.385677122479744412e+02,8.385699486031917331e+02,8.385727412763443454e+02,8.385760884249832543e+02,8.385799878455995895e+02,8.385844369777341853e+02,8.385894329088131371e+02,8.385949723797270963e+02,8.386010517911715851e+02,8.386076672107647028e+02,8.386148143809588191e+02,8.386224887277606967e+02,8.386306853702708395e+02,8.386393991310518459e+02,8.386486245473267900e+02,8.386583558830085394e+02,8.386685871415498923e+02,8.386793120796004359e+02,8.386905242214463669e+02,8.387022168742024633e+02,8.387143831437151675e+02,8.387270159511271004e+02,8.387401080500445687e+02,8.387536520442378105e+02,8.387676404057974651e+02,8.387820654936612073e+02,8.387969195724149358e+02,8.388121948312698350e+02,8.388278834031066253e+02,8.388439773834792277e+02,8.388604688494638140e+02,8.388773498782411480e+02,8.388946125653008039e+02,8.389122490421611928e+02,8.389302514935026238e+02,8.389486121736214272e+02,8.389673234221208986e+02,8.389863776787684628e+02,8.390057674974590327e+02,8.390254855592423837e+02,8.390455246843844179e+02,8.390658778434481064e+02,8.390865381673975207e+02,8.391074989567372313e+02,8.391287536897178825e+02,8.391502960296420497e+02,8.391721198313171044e+02,8.391942191466996519e+02,8.392165882297757662e+02,8.392392215407160165e+02,8.392621137493260903e+02,8.392852597378004020e+02,8.393086546027585655e+02,8.393322936565134569e+02,8.393561724274817379e+02,8.393802866596018930e+02,8.394046323105701504e+02,8.394292055486420168e+02,8.394540027476822388e+02,8.394790204800930269e+02,8.395042555072236610e+02,8.395297047669338326e+02,8.395553653582087463e+02,8.395812345232778853e+02,8.396073096287976796e+02,8.396335881496445381e+02,8.396600676620412287e+02,8.396867458570727649e+02,8.397136205902401116e+02,8.397406899852034030e+02,8.397679526060504713e+02,8.397954076953683398e+02,8.398230554514768755e+02,8.398508972038481488e+02,8.398789352267358481e+02,8.399071720792869655e+02,8.399356091603814320e+02,8.399642438695136661e+02,8.399930643938243975e+02,8.400220309662324780e+02,8.400510686212418250e+02,8.400801851587033298e+02,8.401095029916342583e+02,8.401396979609257869e+02,8.401744648822707404e+02,8.402143463116235580e+02,8.402598445364815234e+02,8.403124674857297123e+02,8.403733683597735080e+02,8.404436574654420156e+02,8.405246355429121650e+02,8.406178516399588716e+02,8.407251042757608275e+02,8.408484369026980403e+02,8.409901688239987152e+02,8.411529340054003114e+02,8.413397219713685899e+02,8.415539025373332152e+02,8.417991643418110925e+02,8.420793756074059502e+02,8.423994528559215951e+02,8.427538835449335011e+02,8.431528536241341953e+02,8.435561177079382560e+02,8.439584540856469630e+02,8.443606617488654820e+02,8.447634371992003253e+02,8.451669912926088273e+02,8.455714603466215067e+02,8.459768058511937170e+02,8.463828181888607105e+02,8.467890658097012420e+02,8.471955543473505941e+02,8.476022923914900957e+02,8.480094910907232588e+02,8.484173003597900333e+02,8.488259373874415132e+02,8.492356210633123510e+02,8.496465987528326878e+02,8.500591105671657033e+02,8.504733608619928873e+02,8.508895112378484100e+02,8.513076637207876729e+02,8.517278694319323904e+02,8.521501225240602935e+02,8.525743709709983023e+02,8.530005203094530088e+02,8.534284468387282914e+02,8.538580080428761221e+02,8.542890550547474504e+02,8.547214427393100777e+02,8.551550378562699279e+02,8.555897249708525578e+02,8.560254094875170949e+02,8.564620187504619935e+02,8.568995007299984081e+02,8.573378214547936977e+02,8.577769611804545775e+02,8.582169102649473871e+02,8.586576649650103263e+02,8.590992237354499821e+02,8.595415841843295084e+02,8.599847408793738168e+02,8.604286839931037321e+02,8.608733987166833685e+02,8.613188653040220970e+02,8.617650595670719440e+02,8.622119536578201178e+02,8.626595169765028004e+02,8.631077170938322070e+02,8.635565206021418589e+02,8.640058938540796589e+02,8.644558035710633703e+02,8.649062173264522926e+02,8.653571039181481410e+02,8.658084336498161520e+02,8.662601785396437890e+02,8.667123124719876159e+02,8.671648113043627291e+02,8.676176529384389369e+02,8.680708173621906099e+02,8.685242866686738807e+02,8.689780450568021024e+02,8.694320788189820632e+02,8.698863763204896031e+02,8.703409279749114376e+02,8.707957262194739769e+02,8.712507654932012429e+02,8.717060422200253242e+02,8.721615547980692327e+02,8.726173035956072681e+02,8.730732909535720410e+02,8.735295211940742774e+02,8.739860006340777545e+02,8.744427376032524535e+02,8.748997424649138566e+02,8.753570276389942819e+02,8.758146076259606616e+02,8.762724990306810469e+02,8.767307205852173411e+02,8.771892931696057758e+02,8.776482398296491283e+02,8.781075857908182343e+02,8.785673584673337473e+02,8.790275874655923189e+02,8.794883045811253623e+02,8.799495437884511375e+02,8.804113412233068630e+02,8.808737351570571263e+02,8.813367659633657922e+02,8.818004760777100728e+02,8.822649099508163317e+02,8.827301139977973889e+02,8.831961365454785664e+02,8.836630277812882923e+02,8.841308397079382075e+02,8.845996261090890584e+02,8.850694425320291430e+02,8.855403462942305168e+02,8.860123965211886343e+02,8.864856542233028449e+02,8.869601824193885022e+02,8.874360463137983288e+02,8.879133135327004993e+02,8.883920544228666358e+02,8.888723424129866544e+02,8.893542544330697410e+02,8.898378713815878882e+02,8.903232786227031283e+02,8.908105664869677867e+02,8.912998307384571035e+02,8.917911729593364498e+02,8.922847007898117226e+02,8.927805279475190900e+02,8.932787739365203379e+02,8.937795633429203690e+02,8.942830246030563330e+02,8.947892881225257042e+02,8.952984836218605551e+02,8.958107365891601148e+02,8.963261637335439218e+02,8.968448673576157262e+02,8.973669286039735198e+02,8.978923995810617953e+02,8.984212944377651411e+02,8.989535795331067902e+02,8.994891629351883466e+02,9.000278835782111173e+02,9.005695005027008619e+02,9.011136826946715246e+02,9.016600001159488329e+02,9.022079165705340529e+02,9.027567850710021276e+02,9.033058463452915703e+02,9.038542310507782531e+02,9.044009661352257581e+02,9.049449856037937252e+02,9.054851457238177090e+02,9.060202444368708257e+02,9.065490444685893863e+02,9.070702993537195198e+02,9.075827813520271548e+02,9.080853100453181241e+02,9.085767802983608590e+02,9.090561882519550636e+02,9.095226541003767124e+02,9.099754405831074564e+02,9.104139663769295794e+02,9.108378138855073303e+02,9.112467312605790539e+02,9.116406288216155644e+02,9.120195703415338357e+02,9.123837599129308273e+02,9.127335252881367751e+02,9.130692986914451694e+02,9.133915961349282497e+02,9.137009962381480364e+02,9.139981194683734884e+02,9.142836085950376628e+02,9.145581110034775065e+02,9.148222633507723458e+02,9.150766788812504728e+02,9.153219375596395366e+02,9.155585790327511404e+02,9.157870983013144723e+02,9.160079438758240258e+02,9.162215181060915938e+02,9.164281793135785392e+02,9.166282453163363471e+02,9.168219979143837008e+02,9.170096878946519610e+02,9.171915401198078825e+02,9.173677582970585718e+02,9.175385291155064351e+02,9.177040256544775048e+02,9.178644103767637716e+02,9.180198386747416635e+02,9.181704647409762856e+02,9.183164520825038153e+02,9.184579903616515821e+02,9.185953168624859018e+02,9.187287328089116727e+02,9.188585907385788687e+02,9.189852109356349956e+02,9.191086711816926709e+02,9.192284248947471497e+02,9.193427722355881997e+02,9.194483797445295750e+02,9.195403457839181556e+02,9.196137145296625022e+02,9.196677209732035863e+02,9.197141427074309377e+02,9.197904144976589578e+02,9.199751346147334061e+02,9.203941687940282463e+02,9.211829273467537860e+02,9.223490258648515692e+02,9.236570159933934292e+02
8.385828454078854293e+02,8.385828453917289380e+02,8.385834157007358272e+02,8.385845559471497381e+02,8.385862653561074467e+02,8.385885427669975343e+02,8.385913866355083428e+02,8.385947950363751033e+02,8.385987656668427235e+02,8.386032958508596948e+02,8.386083825440231294e+02,8.386140223392962980e+02,8.386202114735207260e+02,8.386269458347444470e+02,8.386342209703886965e+02,8.386420320962723736e+02,8.386503741065100712e+02,8.386592415842991386e+02,8.386686288136019130e+02,8.386785297917258504e+02,8.386889382427979172e+02,8.386998476321190310e+02,8.387112511813782021e+02,8.387231418846939732e+02,8.387355125254424593e+02,8.387483556938193487e+02,8.387616638050720894e+02,8.387754291183283613e+02,8.387896437559355718e+02,8.388042997232163316e+02,8.388193889285348632e+02,8.388349032035627033e+02,8.388508343236234168e+02,8.388671740279939968e+02,8.388839140400333463e+02,8.389010460870146062e+02,8.389185619195310437e+02,8.389364533303590861e+02,8.389547121726599244e+02,8.389733303774180513e+02,8.389922999700224864e+02,8.390116130859108807e+02,8.390312619852138596e+02,8.390512390663542419e+02,8.390715368785718056e+02,8.390921481333651855e+02,8.391130657148602268e+02,8.391342826891308277e+02,8.391557923125135403e+02,8.391775880389712938e+02,8.391996635265678606e+02,8.392220126431212748e+02,8.392446294711008932e+02,8.392675083118277826e+02,8.392906436890222039e+02,8.393140303517234315e+02,8.393376632765786098e+02,8.393615376694581300e+02,8.393856489663101001e+02,8.394099928330969078e+02,8.394345651645727457e+02,8.394593620815454642e+02,8.394843799261177537e+02,8.395096152542257641e+02,8.395350648245987486e+02,8.395607255831010889e+02,8.395865946413949814e+02,8.396126692492007351e+02,8.396389467605738446e+02,8.396654245972443960e+02,8.396921002170493011e+02,8.397189711034656057e+02,8.397460348028696444e+02,8.397732890471370411e+02,8.398007320055228320e+02,8.398283626993768394e+02,8.398561816207130732e+02,8.398841913711694360e+02,8.399123968403266645e+02,8.399408049716955702e+02,8.399694237593570278e+02,8.399982595543930302e+02,8.400273110081901677e+02,8.400565206735556103e+02,8.400857370627148839e+02,8.401150827110607224e+02,8.401452934913185118e+02,8.401804401381556318e+02,8.402212120735221106e+02,8.402680923545942733e+02,8.403220367515391445e+02,8.403843832667034803e+02,8.404563706036999520e+02,8.405393423431761448e+02,8.406348665398686535e+02,8.407447689221735345e+02,8.408711438425265214e+02,8.410163691479295949e+02,8.411831598994367596e+02,8.413745992126292776e+02,8.415942083008685586e+02,8.418460240812380562e+02,8.421346935574101735e+02,8.424658097219502224e+02,8.428434488042762496e+02,8.432247840571282040e+02,8.436251162708214224e+02,8.440277248727056758e+02,8.444311145029552108e+02,8.448347202237412148e+02,8.452390105707538623e+02,8.456440915359696646e+02,8.460499032578698007e+02,8.464564476038675593e+02,8.468634293875498997e+02,8.472707425155057308e+02,8.476783240065626615e+02,8.480863413161310973e+02,8.484949436611914280e+02,8.489043596488947969e+02,8.493147918927329556e+02,8.497264736090810402e+02,8.501396232272574025e+02,8.505544385672870931e+02,8.509710755294968294e+02,8.513896371355256179e+02,8.518101759684336685e+02,8.522326916352901662e+02,8.526571404126076459e+02,8.530834388898130101e+02,8.535114760239002862e+02,8.539411218644700057e+02,8.543722394099971780e+02,8.548046936066481294e+02,8.552383594551519082e+02,8.556731274784746120e+02,8.561089069268127787e+02,8.565456269201663417e+02,8.569832355131237591e+02,8.574216974833462928e+02,8.578609909412560910e+02,8.583011035930562684e+02,8.587420288621976852e+02,8.591837624380876832e+02,8.596262993858456412e+02,8.600696320446410255e+02,8.605137486960352362e+02,8.609586329694649294e+02,8.614042638507269203e+02,8.618506161395058598e+02,8.622976611951747827e+02,8.627453678189874609e+02,8.631937031589060325e+02,8.636426335499945708e+02,8.640921252454297701e+02,8.645421450162657493e+02,8.649926606232982067e+02,8.654436411740580297e+02,8.658950573852775960e+02,8.663468817704548428e+02,8.667990887701187148e+02,8.672516548384584212e+02,8.677045584965446778e+02,8.681577803596920830e+02,8.686113031448008996e+02,8.690651116626362409e+02,8.695191927996006598e+02,8.699735354932483915e+02,8.704281307055259731e+02,8.708829713971152842e+02,8.713380525056737724e+02,8.717933709298525855e+02,8.722489255202726781e+02,8.727047170777736937e+02,8.731607483587429215e+02,8.736170240867498933e+02,8.740735509695091423e+02,8.745303377199128363e+02,8.749873950798989881e+02,8.754447358458410235e+02,8.759023748942749990e+02,8.763603292067724624e+02,8.768186178929300922e+02,8.772772622104389484e+02,8.777362855813451006e+02,8.781957136036093061e+02,8.786555740572116520e+02,8.791158969040695865e+02,8.795767142812202337e+02,8.800380604868124692e+02,8.804999719587370919e+02,8.809624872459492053e+02,8.814256469729797345e+02,8.818894937985309070e+02,8.823540723696868326e+02,8.828194292738619424e+02,8.832856129914189296e+02,8.837526738526383951e+02,8.842206640036214367e+02,8.846896373864847192e+02,8.851596497400287262e+02,8.856307586276262782e+02,8.861030234995312185e+02,8.865765057968044403e+02,8.870512691037127979e+02,8.875273793544133696e+02,8.880049050980494485e+02,8.884839178237194801e+02,8.889644923431411598e+02,8.894467072239201570e+02,8.899306452601640558e+02,8.904163939595123338e+02,8.909040460166023649e+02,8.913936997324383356e+02,8.918854593274037370e+02,8.923794350828875395e+02,8.928757432333364932e+02,8.933745055175348853e+02,8.938758482861494485e+02,8.943799010531059821e+02,8.948867943727777856e+02,8.953966569247849066e+02,8.959096116953619457e+02,8.964257711604681162e+02,8.969452314029143736e+02,8.974680651350309972e+02,8.979943136507502004e+02,8.985239777962704011e+02,8.990570081257293396e+02,8.995932944949262264e+02,9.001326554381977303e+02,9.006748277653140349e+02,9.012194568995963664e+02,9.017660885467453227e+02,9.023141623269136744e+02,9.028630080108758875e+02,9.034118449664973696e+02,9.039597853377405272e+02,9.045058413425168737e+02,9.050489368895118787e+02,9.055879234851034880e+02,9.061216001426948878e+02,9.066487367367730030e+02,9.071680999853023195e+02,9.076784810212595858e+02,9.081787233506947814e+02,9.086677499102479487e+02,9.091445879439394275e+02,9.096083905205887277e+02,9.100584537024075189e+02,9.104942286357118064e+02,9.109153281422028385e+02,9.113215277156375578e+02,9.117127611450770246e+02,9.120891112666723757e+02,9.124507965714514057e+02,9.127981545548678923e+02,9.131316227809743395e+02,9.134517186530530353e+02,9.137590188418267871e+02,9.140541392337568141e+02,9.143377161384505598e+02,9.146103893487265850e+02,9.148727874909059210e+02,9.151255159461524045e+02,9.153691474739790692e+02,9.156042155324453233e+02,9.158312101706810608e+02,9.160505762713829654e+02,9.162627138457020237e+02,9.164679800307259256e+02,9.166666924088929136e+02,9.168591332555679401e+02,9.170455543207150413e+02,9.172261817592780062e+02,9.174012208444048611e+02,9.175708601430853832e+02,9.177352749412573303e+02,9.178946299347040849e+02,9.180490816210079856e+02,9.181987814609465204e+02,9.183438815992843729e+02,9.184845453042717054e+02,9.186209633672497148e+02,9.187533740098067483e+02,9.188820756579812041e+02,9.190074084141563162e+02,9.191296634853110845e+02,9.192488691869115200e+02,9.193644170326672338e+02,9.194745636730370961e+02,9.195760118068375277e+02,9.196640576217777152e+02,9.197341612216862359e+02,9.197861241326107802e+02,9.198321011808143339e+02,9.199089333628970735e+02,9.200923400496850491e+02,9.205015649845123562e+02,9.212622378227345052e+02,9.223778477251274808e+02,9.236283816504495690e+02
8.386010797850984773e+02,8.386010797682210978e+02,8.386016607090707566e+02,8.386028222025910281e+02,8.386045634393249202e+02,8.386068832067878702e+02,8.386097798915387784e+02,8.386132514819623793e+02,8.386172955717821651e+02,8.386219093643218230e+02,8.386270896775432675e+02,8.386328329498843459e+02,8.386391352469252070e+02,8.386459922689116411e+02,8.386533993591632452e+02,8.386613515133908550e+02,8.386698433899489373e+02,8.386788693210396559e+02,8.386884233248846385e+02,8.386984991188701315e+02,8.387090901336661091e+02,8.387201895283097883e+02,8.387317902062331996e+02,8.387438848322061631e+02,8.387564658501491976e+02,8.387695255017652016e+02,8.387830558459180565e+02,8.387970487786819831e+02,8.388114960539636513e+02,8.388263893045963187e+02,8.388417200637861697e+02,8.388574797867870529e+02,8.388736598726679858e+02,8.388902516860349579e+02,8.389072465785620807e+02,8.389246359101884991e+02,8.389424110698377035e+02,8.389605634955222513e+02,8.389790846937042943e+02,8.389979662577924273e+02,8.390171998856710616e+02,8.390367773961737612e+02,8.390566907444322169e+02,8.390769320360509482e+02,8.390974935400831782e+02,8.391183677008028781e+02,8.391395471482928770e+02,8.391610247078878047e+02,8.391827934085337120e+02,8.392048464901369016e+02,8.392271774099914410e+02,8.392497798483789211e+02,8.392726477134337983e+02,8.392957751453637911e+02,8.393191565201024105e+02,8.393427864524484221e+02,8.393666597987242994e+02,8.393907716589420716e+02,8.394151173784154025e+02,8.394396925486721557e+02,8.394644930074080094e+02,8.394895148370410425e+02,8.395147543611759602e+02,8.395402081379293122e+02,8.395658729485996901e+02,8.395917457795886776e+02,8.396178237949086451e+02,8.396441042963077734e+02,8.396705846686701307e+02,8.396972623110893892e+02,8.397241345605827973e+02,8.397511986276317657e+02,8.397784515817303372e+02,8.398058904502232735e+02,8.398335125215367043e+02,8.398613159538361970e+02,8.398893009312894264e+02,8.399174711684860313e+02,8.399458347550861390e+02,8.399744051119938604e+02,8.400032022874293034e+02,8.400322549456877823e+02,8.400616059411324841e+02,8.400912009538927805e+02,8.401207712792515849e+02,8.401511316981383288e+02,8.401866647730814748e+02,8.402282150701228147e+02,8.402762856140203667e+02,8.403316640563965620e+02,8.403955347034285523e+02,8.404692600269587501e+02,8.405542603069332017e+02,8.406521409283836874e+02,8.407647603356867876e+02,8.408942587875492336e+02,8.410430819564649028e+02,8.412140088128230673e+02,8.414102525372132959e+02,8.416354778173663362e+02,8.418938995634955518e+02,8.421903199513801610e+02,8.425294221072516621e+02,8.429115125908047048e+02,8.433033546248761922e+02,8.436967144393540821e+02,8.440969934918697390e+02,8.445010698032474465e+02,8.449056867436769380e+02,8.453109835468121673e+02,8.457168092688725665e+02,8.461233203121449833e+02,8.465304522877822819e+02,8.469381104453498210e+02,8.473461906459654074e+02,8.477546018027234140e+02,8.481634398118529816e+02,8.485728349618042330e+02,8.489830087320834764e+02,8.493941602045636046e+02,8.498065148828191013e+02,8.502202741738942677e+02,8.506356280929135210e+02,8.510527263479355042e+02,8.514716739200003985e+02,8.518925260028952380e+02,8.523152887024375559e+02,8.527399262996702873e+02,8.531663660025698164e+02,8.535945085941900743e+02,8.540242362111287093e+02,8.544554232213274645e+02,8.548879442966151601e+02,8.553216823044430157e+02,8.557565334153845242e+02,8.561924104794831010e+02,8.566292442164735803e+02,8.570669826477012521e+02,8.575055891997685649e+02,8.579450397468863230e+02,8.583853192398161127e+02,8.588264181613471919e+02,8.592683293238247870e+02,8.597110451464527614e+02,8.601545556522762581e+02,8.605988471692121493e+02,8.610439017323903954e+02,8.614896970589717284e+02,8.619362069665078252e+02,8.623834020770038933e+02,8.628312506666513855e+02,8.632797195451342986e+02,8.637287748787501869e+02,8.641783829076530310e+02,8.646285105332218563e+02,8.650791257758031634e+02,8.655301981150441861e+02,8.659816987329398899e+02,8.664336006803949886e+02,8.668858789862214280e+02,8.673385107239174658e+02,8.677914750475102892e+02,8.682447532049118308e+02,8.686983285346615276e+02,8.691521864509727493e+02,8.696063144209833808e+02,8.700607019380290694e+02,8.705153404941925146e+02,8.709702235551779950e+02,8.714253465398170420e+02,8.718807068059811627e+02,8.723363036438056497e+02,8.727921382765460976e+02,8.732482138686676763e+02,8.737045355403901112e+02,8.741611103874835180e+02,8.746179475050105339e+02,8.750750580135398877e+02,8.755324550864521598e+02,8.759901539769427927e+02,8.764481720435087482e+02,8.769065287727427176e+02,8.773652457984541115e+02,8.778243469161776602e+02,8.782838580923184963e+02,8.787438074672321591e+02,8.792042253517392965e+02,8.796651442166695460e+02,8.801265986752949857e+02,8.805886254587074973e+02,8.810512633845821711e+02,8.815145533201091439e+02,8.819785381404313966e+02,8.824432626844359220e+02,8.829087737104713369e+02,8.833751198552230335e+02,8.838423515998114226e+02,8.843105212478913018e+02,8.847796829213274350e+02,8.852498925795957803e+02,8.857212080695728673e+02,8.861936892125027043e+02,8.866673979347970089e+02,8.871423984485838901e+02,8.876187574866613659e+02,8.880965445943850227e+02,8.885758324780795192e+02,8.890566974054784168e+02,8.895392196485253180e+02,8.900234839523141090e+02,8.905095800061372984e+02,8.909976028833518740e+02,8.914876534063311055e+02,8.919798383811709073e+02,8.924742706345732586e+02,8.929710687727992990e+02,8.934703565706691961e+02,8.939722618880923619e+02,8.944769150038982843e+02,8.949844462530887768e+02,8.954949828558183071e+02,8.960086448359971882e+02,8.965255399462872674e+02,8.970457575458157180e+02,8.975693614185057640e+02,8.980963815739553411e+02,8.986268051391350582e+02,8.991605665263035689e+02,8.996975371478220040e+02,9.002375150376172996e+02,9.007802148261936281e+02,9.013252585939374057e+02,9.018721681876886578e+02,9.024203596190313874e+02,9.029691401607484522e+02,9.035177087126380684e+02,9.040651599142624946e+02,9.046104923383868481e+02,9.051526209079937644e+02,9.056903934500775222e+02,9.062226110449784073e+02,9.067480515695600616e+02,9.072654955885153640e+02,9.077737535440174952e+02,9.082716930518942036e+02,9.087582650498248995e+02,9.092325275699427038e+02,9.096936660255472589e+02,9.101410091007068104e+02,9.105740395946567105e+02,9.109923998759090864e+02,9.113958919162075745e+02,9.117844721746607775e+02,9.121582418638095078e+02,9.125174333346559479e+02,9.128623934567955303e+02,9.131935649403953903e+02,9.135114665530210232e+02,9.138166731352157512e+02,9.141097962260610075e+02,9.143914659864701662e+02,9.146623149659212686e+02,9.149229641085403273e+02,9.151740112458414842e+02,9.154160221830632054e+02,9.156495243592256656e+02,9.158750029516871791e+02,9.160928992067449599e+02,9.163036107102765300e+02,9.165074932668073870e+02,9.167048640305501976e+02,9.168960055249542620e+02,9.170811701936170266e+02,9.172605851398227514e+02,9.174344567313567040e+02,9.176029747752335197e+02,9.177663160211278637e+02,9.179246468705051711e+02,9.180781254085608225e+02,9.182269032965134556e+02,9.183711286663445890e+02,9.185109517922214764e+02,9.186465355030534283e+02,9.187780711174954149e+02,9.189057967240946709e+02,9.190300064046839452e+02,9.191510260523186844e+02,9.192691165270200599e+02,9.193842572253138314e+02,9.194957816864751976e+02,9.196019111055909434e+02,9.196993945556482686e+02,9.197837318008448619e+02,9.198507888617069739e+02,9.199008968237214958e+02,9.199465240278303781e+02,9.200238564237257606e+02,9.202057564372588558e+02,9.206050988992517432e+02,9.213383521309623347e+02,9.224054679610891299e+02,9.236009284678447102e+02
8.386190483312532251e+02,8.386190483136256262e+02,8.386196402296864107e+02,8.386208236563724085e+02,8.386225977482158669e+02,8.386249612387230172e+02,8.386279124424569318e+02,8.386314492578397903e+02,8.386355691706963853e+02,8.386402692585651266e+02,8.386455461958045134e+02,8.386513962595295197e+02,8.386578153364090440e+02,8.386647989303633040e+02,8.386723421711933497e+02,8.386804398241768013e+02,8.386890863006623249e+02,8.386982756696864953e+02,8.387080016706361221e+02,8.387182577269686590e+02,8.387290369609959271e+02,8.387403322097253522e+02,8.387521360417434835e+02,8.387644407751110975e+02,8.387772384962279375e+02,8.387905210796094480e+02,8.388042802085033145e+02,8.388185073962578144e+02,8.388331940083414793e+02,8.388483312848946980e+02,8.388639103636859318e+02,8.388799223033306589e+02,8.388963581066191182e+02,8.389132087437992595e+02,8.389304651756459634e+02,8.389481183761562306e+02,8.389661593547052689e+02,8.389845791775072712e+02,8.390033689882322960e+02,8.390225200276443047e+02,8.390420236521423476e+02,8.390618713511062197e+02,8.390820547629684825e+02,8.391025656899647629e+02,8.391233961115351576e+02,8.391445381963812906e+02,8.391659843132093783e+02,8.391877270402164868e+02,8.392097591734011530e+02,8.392320737338008030e+02,8.392546639737722671e+02,8.392775233824446559e+02,8.393006456904728338e+02,8.393240248742229141e+02,8.393476551595058481e+02,8.393715310249666572e+02,8.393956472052124127e+02,8.394199986937333051e+02,8.394445807456226021e+02,8.394693888800195509e+02,8.394944188820606996e+02,8.395196668038942107e+02,8.395451289639412380e+02,8.395708019430121567e+02,8.395966825750349471e+02,8.396227679289522712e+02,8.396490552768331099e+02,8.396755420416501465e+02,8.397022257173114212e+02,8.397291037551068484e+02,8.397561734174187222e+02,8.397834316148292828e+02,8.398108747703041672e+02,8.398384987974637852e+02,8.398662993427029733e+02,8.398942724785016480e+02,8.399224166083756700e+02,8.399507354630410418e+02,8.399792396248436717e+02,8.400079495017700992e+02,8.400369024916856233e+02,8.400661734295914584e+02,8.400959482345261904e+02,8.401263185184916438e+02,8.401570937607755241e+02,8.401930787862979741e+02,8.402353735665220711e+02,8.402845359233327827e+02,8.403413199845923600e+02,8.404067954532044951e+02,8.404823164539745903e+02,8.405693887147074292e+02,8.406696738413654657e+02,8.407850711541940427e+02,8.409177647777006541e+02,8.410702573781090905e+02,8.412453930454081501e+02,8.414463995839381596e+02,8.416770026713292054e+02,8.419414478798246364e+02,8.422442421787627609e+02,8.425894908256502731e+02,8.429760479156509518e+02,8.433709576826827288e+02,8.437692857578232406e+02,8.441680030086045008e+02,8.445712859621341977e+02,8.449764260545955494e+02,8.453828421527166483e+02,8.457896095369027307e+02,8.461969541627535136e+02,8.466047924287013302e+02,8.470131441382894764e+02,8.474219460746038521e+02,8.478311457120286150e+02,8.482407831115340286e+02,8.486509610797695586e+02,8.490618755867676555e+02,8.494737215230437641e+02,8.498867182304542212e+02,8.503010578412254290e+02,8.507169231579350708e+02,8.511344580582083381e+02,8.515537692069175364e+02,8.519749151613461891e+02,8.523979093860989451e+02,8.528227243197017060e+02,8.532492975579268659e+02,8.536775409452266103e+02,8.541073481132026473e+02,8.545386041885928989e+02,8.549711931695350131e+02,8.554050053956118518e+02,8.558399423762363085e+02,8.562759202892247004e+02,8.567128712530861776e+02,8.571507431103885892e+02,8.575894978261774213e+02,8.580291089482038842e+02,8.584695585803054882e+02,8.589108341750211366e+02,8.593529255761357035e+02,8.597958224753253944e+02,8.602395125113497443e+02,8.606839800133426479e+02,8.611292054026687310e+02,8.615751651371696198e+02,8.620218320880463807e+02,8.624691761985186531e+02,8.629171652945228743e+02,8.633657659318678270e+02,8.638149441952914458e+02,8.642646663967121867e+02,8.647148996461030492e+02,8.651656122928848163e+02,8.656167742482746235e+02,8.660683572088132678e+02,8.665203348020129397e+02,8.669726826747212272e+02,8.674253785404649761e+02,8.678784021986383550e+02,8.683317355343893951e+02,8.687853625056757210e+02,8.692392691219662311e+02,8.696934434182574023e+02,8.701478754273701952e+02,8.706025571533114089e+02,8.710574825479923220e+02,8.715126474933068721e+02,8.719680497898784779e+02,8.724236891533023481e+02,8.728795672179527401e+02,8.733356875479888686e+02,8.737920556546040416e+02,8.742486790183529592e+02,8.747055671150674243e+02,8.751627314438990197e+02,8.756201855559181695e+02,8.760779450818840814e+02,8.765360277578078012e+02,8.769944534471803763e+02,8.774532441587861058e+02,8.779124240592789192e+02,8.783720194797627983e+02,8.788320589158734037e+02,8.792925730209523181e+02,8.797535945921910070e+02,8.802151585497890665e+02,8.806773019095400059e+02,8.811400637495443107e+02,8.816034851722503163e+02,8.820676092634605538e+02,8.825324810505918549e+02,8.829981474630583307e+02,8.834646572984087243e+02,8.839320611985029927e+02,8.844004116407738820e+02,8.848697629501851907e+02,8.853401713380509364e+02,8.858116949740949622e+02,8.862843940981633750e+02,8.867583311774956201e+02,8.872335711145517507e+02,8.877101815087081604e+02,8.881882329727778824e+02,8.886677995019304035e+02,8.891489588882589032e+02,8.896317931686680822e+02,8.901163890870400337e+02,8.906028385435513428e+02,8.910912389947886822e+02,8.915816937578608758e+02,8.920743121604696171e+02,8.925692094670747565e+02,8.930665064996052251e+02,8.935663288602373768e+02,8.940688056547176075e+02,8.945740676086070380e+02,8.950822444672451184e+02,8.955934615745660494e+02,8.961078355379779623e+02,8.966254689077630928e+02,8.971464438314320660e+02,8.976708146870079190e+02,8.981985997548123350e+02,8.987297720543216428e+02,8.992642495494951618e+02,8.998018850095563721e+02,9.003424558981593009e+02,9.008856547461335822e+02,9.014310805343893662e+02,9.019782316656616104e+02,9.025265011279863074e+02,9.030751744407061778e+02,9.036234309186108931e+02,9.041703486870972029e+02,9.047149137305090107e+02,9.052560330610366464e+02,9.057925518662202649e+02,9.063232742436949820e+02,9.068469868815470818e+02,9.073624848134284093e+02,9.078685981920864378e+02,9.083642189035189176e+02,9.088483258020296489e+02,9.093200073917902273e+02,9.097784809121022818e+02,9.102231069908782501e+02,9.106533992954771293e+02,9.110690289075827195e+02,9.114698234525973248e+02,9.118557612981505827e+02,9.122269613791630718e+02,9.125836693929408057e+02,9.129262412290186148e+02,9.132551245539079900e+02,9.135708394657347071e+02,9.138739590773058126e+02,9.141650907902476320e+02,9.144448588998549212e+02,9.147138890318747144e+02,9.149727947687254073e+02,9.152221666818469430e+02,9.154625638553047793e+02,9.156945078680817005e+02,9.159184791019462182e+02,9.161349151605421639e+02,9.163442111245468595e+02,9.165467213276177745e+02,9.167427623174075961e+02,9.169326166629097088e+02,9.171165372800055593e+02,9.172947519663498497e+02,9.174674678597002639e+02,9.176348755584743913e+02,9.177971526754423621e+02,9.179544666550175407e+02,9.181069768106731317e+02,9.182548357866339757e+02,9.183981910650519467e+02,9.185371877094700039e+02,9.186719740726089185e+02,9.188027122093800472e+02,9.189295933068012801e+02,9.190528542656990112e+02,9.191727833817445799e+02,9.192896907849457193e+02,9.194038060666067622e+02,9.195150606749673443e+02,9.196227344390424605e+02,9.197250211232247921e+02,9.198187257305629601e+02,9.198995560902085344e+02,9.199637729152124166e+02,9.200122000439325802e+02,9.200575585733923845e+02,9.201353240731107235e+02,9.203155298822046007e+02,9.207049312401903762e+02,9.214114222536320540e+02,9.224319465608803057e+02,9.235745963229531981e+02
8.386367418254830000e+02,8.386367418070752819e+02,8.386373450588769174e+02,8.386385511391025602e+02,8.386403591648376050e+02,8.386427678134130019e+02,8.386457753244850437e+02,8.386493795028383147e+02,8.386535777219389729e+02,8.386583669282675828e+02,8.386637436464684470e+02,8.386697039853540900e+02,8.386762436448063909e+02,8.386833579236183596e+02,8.386910417283199877e+02,8.386992895830300085e+02,8.387080956403741538e+02,8.387174536935045808e+02,8.387273571892494601e+02,8.387377992424139848e+02,8.387487726512453037e+02,8.387602699140607001e+02,8.387722832470261665e+02,8.387848046030603655e+02,8.387978256918182751e+02,8.388113380006968782e+02,8.388253328167867267e+02,8.388398012496717229e+02,8.388547342549677523e+02,8.388701226584699953e+02,8.388859571807623752e+02,8.389022284621325980e+02,8.389189270876187265e+02,8.389360436120084614e+02,8.389535685846050228e+02,8.389714925735703446e+02,8.389898061896585659e+02,8.390085001091614458e+02,8.390275650958930100e+02,8.390469920220610902e+02,8.390667718878892174e+02,8.390868958398766608e+02,8.391073551876136207e+02,8.391281414190939358e+02,8.391492462145057516e+02,8.391706614585091302e+02,8.391923792510471003e+02,8.392143919167667718e+02,8.392366920131590859e+02,8.392592723375514652e+02,8.392821259331058172e+02,8.393052460939918547e+02,8.393286263699085339e+02,8.393522605701314205e+02,8.393761427672578748e+02,8.394002673008205875e+02,8.394246287809338583e+02,8.394492220921292756e+02,8.394740423975127896e+02,8.394990851433229864e+02,8.395243460638337183e+02,8.395498211862947073e+02,8.395755068351299997e+02,8.396013996338218703e+02,8.396274965016099259e+02,8.396537946401317640e+02,8.396802915023107516e+02,8.397069847321340603e+02,8.397338720602488138e+02,8.397609511384508778e+02,8.397882192995247124e+02,8.398156732423607309e+02,8.398433086725065095e+02,8.398711199855649738e+02,8.398991001838089687e+02,8.399272412207991465e+02,8.399555368218589138e+02,8.399839881114193076e+02,8.400126045316213776e+02,8.400414083340200477e+02,8.400704523863998929e+02,8.400998967574851122e+02,8.401303754785665205e+02,8.401628923182499875e+02,8.401995957372330395e+02,8.402426653464500532e+02,8.402928874276731221e+02,8.403510349022950550e+02,8.404181429070588365e+02,8.404955236397005365e+02,8.405847205274352518e+02,8.406874602567138481e+02,8.408056916096232953e+02,8.409416428891174746e+02,8.410978617792939076e+02,8.412772453766522176e+02,8.414830262705614814e+02,8.417188918752005975e+02,8.419886959976616936e+02,8.422973931385218975e+02,8.426483443567798304e+02,8.430396226416196441e+02,8.434375667296118309e+02,8.438379569924048837e+02,8.442395077096098248e+02,8.446423967610604677e+02,8.450476221540822053e+02,8.454547122327569468e+02,8.458624403012634048e+02,8.462707583143813963e+02,8.466794081570276376e+02,8.470885173159714441e+02,8.474980349482622159e+02,8.479079829603564349e+02,8.483183816809967084e+02,8.487293177538113014e+02,8.491409516816062251e+02,8.495534687279370019e+02,8.499670786301722956e+02,8.503819693407351679e+02,8.507983181506021992e+02,8.512162651171441894e+02,8.516359180159141715e+02,8.520573391668236809e+02,8.524805497529517879e+02,8.529055307206917860e+02,8.533322299853637105e+02,8.537605698900397329e+02,8.541904549387035104e+02,8.546217803288581081e+02,8.550544389006214487e+02,8.554883280246245931e+02,8.559233542290189689e+02,8.563594367302678165e+02,8.567965088315808089e+02,8.572345180289961490e+02,8.576734247064099463e+02,8.581131999924509728e+02,8.585538230639749600e+02,8.589952782696675513e+02,8.594375524141030382e+02,8.598806324001096755e+02,8.603245034338517598e+02,8.607691478173381938e+02,8.612145443526197823e+02,8.616606682573576563e+02,8.621074914988181490e+02,8.625549834033622574e+02,8.630031114229105924e+02,8.634518419433865120e+02,8.639011410539948201e+02,8.643509752210044326e+02,8.648013118387293616e+02,8.652521196519763862e+02,8.657033690596841780e+02,8.661550323185946354e+02,8.666070836686907342e+02,8.670594994014544454e+02,8.675122578887270492e+02,8.679653395858190379e+02,8.684187270187749164e+02,8.688724047623481965e+02,8.693263594133127299e+02,8.697805795621191010e+02,8.702350557654390286e+02,8.706897805214712207e+02,8.711447482498278987e+02,8.715999552772722154e+02,8.720553998303687422e+02,8.725110820354427688e+02,8.729670039258936640e+02,8.734231694562695338e+02,8.738795845222309708e+02,8.743362569850886530e+02,8.747931966995163293e+02,8.752504155428362083e+02,8.757079274443796066e+02,8.761657484133955904e+02,8.766238965642044150e+02,8.770823921373537360e+02,8.775412575158092068e+02,8.780005172353037324e+02,8.784601979882618252e+02,8.789203286208315831e+02,8.793809401228655815e+02,8.798420656108585263e+02,8.803037403042163760e+02,8.807660014954830103e+02,8.812288885156198148e+02,8.816924426958090635e+02,8.821567073278506541e+02,8.826217276257236790e+02,8.830875506915924689e+02,8.835542254901245087e+02,8.840218028357093090e+02,8.844903353977184679e+02,8.849598777295140053e+02,8.854304863271927388e+02,8.859022197242080665e+02,8.863751386276982203e+02,8.868493061017118180e+02,8.873247878012135743e+02,8.878016522588732187e+02,8.882799712238524990e+02,8.887598200482119637e+02,8.892412781118150633e+02,8.897244292708627427e+02,8.902093623081606211e+02,8.906961713551049797e+02,8.911849562460446350e+02,8.916758227554610130e+02,8.921688826574203404e+02,8.926642535355665586e+02,8.931620582609767780e+02,8.936624240454465280e+02,8.941654809700479518e+02,8.946713598844693252e+02,8.951801895729431635e+02,8.956920930891569697e+02,8.962071831768477068e+02,8.967255567164171453e+02,8.972472881719775160e+02,8.977724220586788988e+02,8.983009645069691942e+02,8.988328740679449993e+02,8.993680519801336004e+02,8.999063321997850835e+02,9.004474715792663346e+02,9.009911406554955420e+02,9.015369155751124026e+02,9.020842717272147411e+02,9.026325796695371082e+02,9.031811039122227385e+02,9.037290050586235566e+02,9.042753456915496599e+02,9.048191002364311544e+02,9.053591688351536959e+02,9.058943950360785493e+02,9.064235868621925647e+02,9.069455405796438754e+02,9.074590662747035594e+02,9.079630141799079865e+02,9.084563005886593601e+02,9.089379321751519001e+02,9.094070275989846550e+02,9.098628354180656288e+02,9.103047475476280397e+02,9.107323077680310917e+02,9.111452150754166723e+02,9.115433219612807534e+02,9.119266279753991284e+02,9.122952691513917216e+02,9.126495040421126532e+02,9.129896972165588522e+02,9.133163011115684640e+02,9.136298371160860370e+02,9.139308767029909859e+02,9.142200233250482597e+02,9.144978956694491217e+02,9.147651127307663046e+02,9.150222810243759568e+02,9.152699841290401537e+02,9.155087746240691331e+02,9.157391683772838178e+02,9.159616410476120336e+02,9.161766265922062757e+02,9.163845175132886425e+02,9.165856665444759983e+02,9.167803894593344012e+02,9.169689686844092193e+02,9.171516574120175846e+02,9.173286839303652869e+02,9.175002559150934758e+02,9.176665644529044812e+02,9.178277875939132855e+02,9.179840932627956818e+02,9.181356414217949578e+02,9.182825855108446831e+02,9.184250734426682357e+02,9.185632488402742410e+02,9.186972537335144580e+02,9.188272343698542954e+02,9.189533516341406312e+02,9.190757959182200239e+02,9.191948019328677901e+02,9.193106508731746089e+02,9.194236357819902423e+02,9.195339543984849797e+02,9.196414915811436686e+02,9.197454779846661950e+02,9.198440878632439990e+02,9.199341909992905357e+02,9.200117065409779116e+02,9.200732775749904704e+02,9.201201841949254003e+02,9.201653424712931155e+02,9.202434679569054197e+02,9.204217981498625250e+02,9.208012138680829821e+02,9.214815911328128095e+02,9.224573397607407514e+02,9.235493290769737769e+02
8.386541506573862534e+02,8.386541506381684030e+02,8.386547656041531127e+02,8.386559950941125408e+02,8.386578381862393599e+02,8.386602934995053147e+02,8.386633591957204317e+02,8.386670329823144812e+02,8.386713121158713875e+02,8.386761934064541038e+02,8.386816732227622424e+02,8.386877474981689602e+02,8.386944117376887107e+02,8.387016610259279332e+02,8.387094900360733618e+02,8.387178930399689989e+02,8.387268639193341642e+02,8.387363961781660464e+02,8.387464829563677995e+02,8.387571170446310589e+02,8.387682909005939109e+02,8.387799966662819315e+02,8.387922261868230862e+02,8.388049710304154587e+02,8.388182225095031299e+02,8.388319717031010896e+02,8.388462094801860758e+02,8.388609265240514787e+02,8.388761133575037547e+02,8.388917603687550582e+02,8.389078578378509974e+02,8.389243959634530938e+02,8.389413648897817666e+02,8.389587547335140698e+02,8.389765556104227926e+02,8.389947576615398930e+02,8.390133510786301940e+02,8.390323261287666128e+02,8.390516731778102439e+02,8.390713827126174920e+02,8.390914453618191828e+02,8.391118519150413704e+02,8.391325933404748412e+02,8.391536608007320410e+02,8.391750456669719824e+02,8.391967395313128009e+02,8.392187342175951699e+02,8.392410217905985519e+02,8.392635945638508019e+02,8.392864451062030184e+02,8.393095662473666607e+02,8.393329510826291653e+02,8.393565929769705463e+02,8.393804855688119915e+02,8.394046227736311039e+02,8.394289987876892383e+02,8.394536080921396888e+02,8.394784454578189070e+02,8.395035059510538531e+02,8.395287849408268812e+02,8.395542781075713492e+02,8.395799814536447911e+02,8.396058913150303624e+02,8.396320043728671862e+02,8.396583176617264144e+02,8.396848285686993449e+02,8.397115348131229666e+02,8.397384343904525394e+02,8.397655254558158049e+02,8.397928061146012624e+02,8.398202740818378516e+02,8.398479261734727288e+02,8.398757576083975209e+02,8.399037611468027080e+02,8.399319262088397409e+02,8.399602377389055619e+02,8.399886801888892478e+02,8.400172494087302084e+02,8.400459508653678995e+02,8.400748104128135765e+02,8.401039440108196459e+02,8.401339431031155982e+02,8.401679695363799283e+02,8.402060074231615090e+02,8.402500256882256053e+02,8.403013331376587303e+02,8.403608345686704979e+02,8.404295783923092813e+02,8.405088652629598300e+02,8.406002453080086525e+02,8.407054950444495489e+02,8.408266194495768104e+02,8.409658950150504779e+02,8.411259147468965693e+02,8.413096198174498568e+02,8.415202958052591384e+02,8.417615337159988940e+02,8.420375295401795483e+02,8.423502899656871250e+02,8.427067417218320315e+02,8.431032873815941002e+02,8.435047061771515473e+02,8.439069586490547863e+02,8.443099699008910193e+02,8.447142585493172646e+02,8.451196584686763345e+02,8.455269958228583391e+02,8.459354654762566952e+02,8.463446992423158690e+02,8.467542435293541985e+02,8.471641797985107587e+02,8.475744456224439318e+02,8.479851265949505432e+02,8.483962491429562078e+02,8.488079076894663331e+02,8.492202320177192405e+02,8.496333943112182396e+02,8.500475897320735612e+02,8.504630032263280555e+02,8.508798077705847618e+02,8.512981422186280724e+02,8.517181153774976110e+02,8.521397937539750274e+02,8.525632061130538659e+02,8.529883422157250834e+02,8.534151602538539692e+02,8.538435927316728566e+02,8.542735544506384713e+02,8.547049499895343843e+02,8.551376804609709552e+02,8.555716497663570408e+02,8.560067690952772637e+02,8.564429603960849136e+02,8.568801579327077889e+02,8.573183086738434895e+02,8.577573712956751706e+02,8.581973144132227844e+02,8.586381142052266568e+02,8.590797518581169925e+02,8.595222110862728186e+02,8.599654759629223690e+02,8.604095292325428090e+02,8.608543511588261481e+02,8.612999189324480085e+02,8.617462065605021735e+02,8.621931851552707258e+02,8.626408234922020029e+02,8.630890887266500613e+02,8.635379471585515603e+02,8.639873649659670036e+02,8.644373088499734195e+02,8.648877465619347049e+02,8.653386473051125449e+02,8.657899820184885584e+02,8.662417235608727424e+02,8.666938468166326857e+02,8.671463287449964810e+02,8.675991483912731610e+02,8.680522868749627605e+02,8.685057273650595562e+02,8.689594550498200078e+02,8.694134571052906040e+02,8.698677226655270260e+02,8.703222427961791254e+02,8.707770104728404021e+02,8.712320205650540856e+02,8.716872698268210797e+02,8.721427568939983530e+02,8.725984822888076451e+02,8.730544484311215001e+02,8.735106596559685386e+02,8.739671222361999980e+02,8.744238444091292877e+02,8.748808364056384335e+02,8.753381104802874688e+02,8.757956809408332219e+02,8.762535641757584699e+02,8.767117786784185682e+02,8.771703450666923345e+02,8.776292860971092296e+02,8.780886266727402472e+02,8.785483938442669114e+02,8.790086168039842960e+02,8.794693268726579163e+02,8.799305574795400844e+02,8.803923441360825564e+02,8.808547244043375031e+02,8.813177378613778501e+02,8.817814260616165711e+02,8.822458324993600627e+02,8.827110025745814710e+02,8.831769835654299641e+02,8.836438246116820210e+02,8.841115767138562660e+02,8.845802927532956801e+02,8.850500275388366163e+02,8.855208378859306322e+02,8.859927827339220130e+02,8.864659233067686728e+02,8.869403233214882221e+02,8.874160492471308999e+02,8.878931706147999421e+02,8.883717603762513590e+02,8.888518953046002480e+02,8.893336564257489272e+02,8.898171294630600414e+02,8.903024052706949760e+02,8.907895802227461672e+02,8.912787565160962231e+02,8.917700423348309187e+02,8.922635518135223265e+02,8.927594047260324714e+02,8.932577258164893692e+02,8.937586436803776451e+02,8.942622890974491838e+02,8.947687927154310046e+02,8.952782819857973209e+02,8.957908772614979398e+02,8.963066869831120584e+02,8.968258019056455623e+02,8.973482883543290427e+02,8.978741805447759816e+02,8.984034720607676263e+02,8.989361066505933877e+02,8.994719685782812348e+02,9.000108728456054905e+02,9.005525556797794025e+02,9.010966657539202060e+02,9.016427566655737564e+02,9.021902812347343570e+02,9.027385881889728125e+02,9.032869217722087569e+02,9.038344247400292488e+02,9.043801450857228019e+02,9.049230466788746980e+02,9.054620237984805726e+02,9.059959193162280826e+02,9.065235460484628902e+02,9.070437105667078868e+02,9.075552385573964784e+02,9.080570006721530945e+02,9.085479377276271862e+02,9.090270841099948029e+02,9.094935883174854325e+02,9.099467297298356243e+02,9.103859309132833459e+02,9.108107650337983614e+02,9.112209582357522777e+02,9.116163871232917018e+02,9.119970717345095181e+02,9.123631646061139691e+02,9.127149366769639300e+02,9.130527608678122533e+02,9.133770942034133213e+02,9.136884593184490768e+02,9.139874261204379309e+02,9.142745942824731173e+02,9.145505771178230816e+02,9.148159872576541147e+02,9.150714244211750383e+02,9.153174654412817972e+02,9.155546565932828571e+02,9.157835081730315778e+02,9.160044911859254171e+02,9.162180359410209576e+02,9.164245322953541972e+02,9.166243312623136035e+02,9.168177476836400501e+02,9.170050636658359053e+02,9.171865324958760084e+02,9.173623827747635460e+02,9.175328225362245576e+02,9.176980431470753956e+02,9.178582228122232891e+02,9.180135295319926172e+02,9.181641233926253562e+02,9.183101581363313244e+02,9.184517820945894755e+02,9.185891388239589332e+02,9.187223681820705679e+02,9.188516090657826680e+02,9.189770053708422211e+02,9.190987164049765852e+02,9.192169311307950466e+02,9.193318811407999647e+02,9.194438393545303825e+02,9.195530806339355649e+02,9.196597706051032901e+02,9.197637492441755285e+02,9.198642027773383916e+02,9.199592936968438153e+02,9.200459646703802719e+02,9.201203482220799970e+02,9.201794565173732963e+02,9.202249898460662507e+02,9.202700044482324984e+02,9.203484116716145991e+02,9.205246913149595684e+02,9.208940904439300539e+02,9.215489933292407159e+02,9.224817003340330075e+02,9.235250742383556144e+02
8.386712648097063720e+02,8.386712647896484896e+02,8.386718918669317873e+02,8.386731455601671996e+02,8.386750249072084671e+02,8.386775284664821584e+02,8.386806543190043612e+02,8.386844000711125773e+02,8.386887628579499960e+02,8.386937393477438718e+02,8.386993257469295031e+02,8.387055178061763172e+02,8.387123108273765411e+02,8.387196996716598960e+02,8.387276787685007093e+02,8.387362421259808798e+02,8.387453833422733851e+02,8.387550956184012421e+02,8.387653717723266027e+02,8.387762042544085261e+02,8.387875851642621683e+02,8.387995062690338273e+02,8.388119590230925269e+02,8.388249345891180155e+02,8.388384238605452765e+02,8.388524174853041586e+02,8.388669058907664748e+02,8.388818793097908610e+02,8.388973278077293116e+02,8.389132413102370265e+02,8.389296096317017373e+02,8.389464225040900374e+02,8.389636696059892529e+02,8.389813405916103193e+02,8.389994251195045081e+02,8.390179128807461666e+02,8.390367936263314732e+02,8.390560571935519647e+02,8.390756935311155758e+02,8.390956927228072573e+02,8.391160450095081842e+02,8.391367408094265556e+02,8.391577707364303933e+02,8.391791256164159449e+02,8.392007965016937305e+02,8.392227746834245181e+02,8.392450517021870837e+02,8.392676193568115650e+02,8.392904697116576926e+02,8.393135951025549275e+02,8.393369881416545013e+02,8.393606417214579096e+02,8.393845490183011862e+02,8.394087034955748550e+02,8.394330989069757152e+02,8.394577293001135558e+02,8.394825890208577448e+02,8.395076727189085659e+02,8.395329753552048260e+02,8.395584922119044222e+02,8.395842189057390215e+02,8.396101514054397512e+02,8.396362860535249411e+02,8.396626195917966697e+02,8.396891491880569447e+02,8.397158724580840499e+02,8.397427874718164276e+02,8.397698927239115392e+02,8.397971870361650417e+02,8.398246693425310241e+02,8.398523382864664200e+02,8.398801915339962534e+02,8.399082246741089648e+02,8.399364295515844105e+02,8.399647919072308468e+02,8.399932859795679860e+02,8.400218802005072121e+02,8.400505682902073659e+02,8.400793690764543271e+02,8.401084005436841835e+02,8.401383181168250758e+02,8.401727311723719822e+02,8.402122069995133415e+02,8.402574019245425916e+02,8.403098562019064275e+02,8.403707219475185184e+02,8.404411110855764946e+02,8.405223346677133804e+02,8.406159531244325080e+02,8.407237758938745174e+02,8.408478613572827953e+02,8.409905446206398665e+02,8.411544754526206589e+02,8.413426599065729761e+02,8.415584829360657295e+02,8.418056973030453491e+02,8.420885300950786814e+02,8.424113545077917706e+02,8.427666021060834964e+02,8.431670805496960384e+02,8.435721300248283114e+02,8.439764010482841741e+02,8.443807607016275369e+02,8.447859695587932265e+02,8.451922983586596274e+02,8.455999572973431668e+02,8.460089025428432024e+02,8.464188602209225110e+02,8.468292857694285658e+02,8.472400821583025845e+02,8.476511392495019663e+02,8.480625634029769344e+02,8.484743896756627919e+02,8.488867355298281154e+02,8.492997154673183786e+02,8.497134924972060617e+02,8.501282447835324092e+02,8.505441532446868678e+02,8.509613864449785297e+02,8.513800840401617052e+02,8.518003563236947002e+02,8.522222745890289843e+02,8.526458748386552315e+02,8.530711557970670356e+02,8.534980857798171883e+02,8.539266072614371978e+02,8.543566448469675834e+02,8.547881118753158489e+02,8.552209171165545740e+02,8.556549704528595157e+02,8.560901873240758277e+02,8.565264920768591992e+02,8.569638196985083596e+02,8.574021164411567497e+02,8.578413391439738689e+02,8.582814538132876123e+02,8.587224335672510733e+02,8.591642563847324254e+02,8.596069028581623570e+02,8.600503542098074377e+02,8.604945907130177147e+02,8.609395905984343926e+02,8.613853294672838956e+02,8.618317801557143412e+02,8.622789129770895897e+02,8.627266962256218221e+02,8.631750968392074128e+02,8.636240811152165406e+02,8.640736154035045047e+02,8.645236667178121479e+02,8.649742032363036515e+02,8.654251946800948190e+02,8.658766125767492667e+02,8.663284304248138596e+02,8.667806237809413688e+02,8.672331702912272249e+02,8.676860496862273067e+02,8.681392437550244949e+02,8.685927363096845966e+02,8.690465131474575173e+02,8.695005620153534664e+02,8.699548725794686561e+02,8.704094364004364479e+02,8.708642469154867740e+02,8.713192994274965031e+02,8.717745911010155169e+02,8.722301209652954412e+02,8.726858899239541643e+02,8.731419007708423123e+02,8.735981582112417527e+02,8.740546688874302390e+02,8.745114414072820637e+02,8.749684863745773100e+02,8.754258164194826577e+02,8.758834462278000501e+02,8.763413925675311020e+02,8.767996743115427307e+02,8.772583124551786113e+02,8.777173301279708539e+02,8.781767525987268073e+02,8.786366072736196884e+02,8.790969236870809027e+02,8.795577334856839116e+02,8.800190704054425623e+02,8.804809702433929033e+02,8.809434708246403716e+02,8.814066119665881160e+02,8.818704354424655776e+02,8.823349849468906996e+02,8.828003060666890178e+02,8.832664462608403255e+02,8.837334548539168964e+02,8.842013830479561420e+02,8.846702839580516411e+02,8.851402126772596830e+02,8.856112263763718602e+02,8.860833844438677716e+02,8.865567486706028149e+02,8.870313834826400807e+02,8.875073562237732858e+02,8.879847374868265888e+02,8.884636014894317668e+02,8.889440264858079672e+02,8.894260952007964534e+02,8.899098952662154716e+02,8.903955196322610846e+02,8.908830669184510498e+02,8.913726416594113289e+02,8.918643543910403650e+02,8.923583215124222079e+02,8.928546648489367499e+02,8.933535108328264869e+02,8.938549892100078296e+02,8.943592311770120205e+02,8.948663668509551599e+02,8.953765219795310486e+02,8.958898138087557754e+02,8.964063460447999887e+02,8.969262028741038648e+02,8.974494420438817315e+02,8.979760870536227912e+02,8.985061185668628241e+02,8.990394652202289762e+02,8.995759940810294211e+02,9.001155010819629751e+02,9.006577018367432856e+02,9.012022233074679889e+02,9.017485968460762251e+02,9.022962531605786580e+02,9.028445197541892639e+02,9.033926213455050629e+02,9.039396836957661208e+02,9.044847411434992637e+02,9.050267479798234262e+02,9.055645935964854516e+02,9.060971211149836790e+02,9.066231489750863375e+02,9.071414947437428964e+02,9.076510002212430663e+02,9.081505567897044102e+02,9.086391298850915064e+02,9.091157814874848100e+02,9.095796896170718355e+02,9.100301639887971987e+02,9.104666572026300173e+02,9.108887711087031676e+02,9.112962582636736215e+02,9.116890186625996648e+02,9.120670921682643666e+02,9.124306472508633306e+02,9.127799667853920482e+02,9.131154317285360094e+02,9.134375035140258206e+02,9.137467059724438059e+02,9.140436075084974163e+02,9.143288041671085011e+02,9.146029041004638884e+02,9.148665138213327737e+02,9.151202265016918318e+02,9.153646124562520754e+02,9.156002118423461980e+02,9.158275295137440253e+02,9.160470318880870764e+02,9.162591456265794250e+02,9.164642578805078301e+02,9.166627178316558684e+02,9.168548392418281310e+02,9.170409037290305605e+02,9.172211645023168103e+02,9.173958503110962965e+02,9.175651693942056681e+02,9.177293132450968187e+02,9.178884600380206393e+02,9.180427775839598326e+02,9.181924257071256079e+02,9.183375579651501539e+02,9.184783227039806661e+02,9.186148635803588149e+02,9.187473199414882856e+02,9.188758278354214326e+02,9.190005228611917119e+02,9.191215463029461716e+02,9.192390555058286736e+02,9.193532374185448361e+02,9.194643196723768597e+02,9.195725658799295843e+02,9.196782318539092103e+02,9.197814511489816596e+02,9.198820208745947866e+02,9.199790877242040779e+02,9.200708099428230753e+02,9.201542104191354383e+02,9.202256359583980156e+02,9.202824536519110552e+02,9.203267484837855363e+02,9.203716650282651699e+02,9.204502714390407618e+02,9.206243323843252711e+02,9.209836970386021449e+02,9.216137556393064187e+02,9.225050778580322230e+02,9.235017826574894571e+02
8.386880738402404631e+02,8.386880738193128764e+02,8.386887134244509525e+02,8.386899921533918132e+02,8.386919090022183809e+02,8.386944624666418804e+02,8.386976505439520224e+02,8.387014707356673853e+02,8.387059200509290804e+02,8.387109950106877250e+02,8.387166916527443163e+02,8.387230055377117424e+02,8.387299317559687779e+02,8.387374649356829650e+02,8.387455992519825259e+02,8.387543284373546157e+02,8.387636457933480187e+02,8.387735442036531595e+02,8.387840161486232091e+02,8.387950537212944937e+02,8.388066486449459944e+02,8.388187922922273856e+02,8.388314757058622035e+02,8.388446896209152328e+02,8.388584244885846601e+02,8.388726705014591971e+02,8.388874176201477439e+02,8.389026556011627918e+02,8.389183740259096567e+02,8.389345623306033986e+02,8.389512098369093565e+02,8.389683057830759481e+02,8.389858393553085989e+02,8.390037997191139993e+02,8.390221760503314954e+02,8.390409575655639856e+02,8.390601335517166035e+02,8.390796933943645399e+02,8.390996266046819301e+02,8.391199228446899951e+02,8.391405719506132073e+02,8.391615639541706742e+02,8.391828891016754142e+02,8.392045378708688759e+02,8.392265009854727396e+02,8.392487694275039303e+02,8.392713344474615269e+02,8.392941875725562113e+02,8.393173206132091764e+02,8.393407256680965247e+02,8.393643951280436113e+02,8.393883216790948154e+02,8.394124983050830906e+02,8.394369182900239821e+02,8.394615752206667594e+02,8.394864629895871531e+02,8.395115757993108900e+02,8.395369081681544685e+02,8.395624549387379147e+02,8.395882112904346286e+02,8.396141727573052549e+02,8.396403352531852988e+02,8.396666951054307901e+02,8.396932490981305364e+02,8.397199945240349734e+02,8.397469292408516139e+02,8.397740517234384470e+02,8.398013610940121225e+02,8.398288570972529214e+02,8.398565399634758251e+02,8.398844100644531636e+02,8.399124671982146992e+02,8.399407092140347686e+02,8.399691294696938257e+02,8.399977122735899684e+02,8.400264158445646672e+02,8.400551792022279187e+02,8.400840132994635496e+02,8.401130428972842310e+02,8.401429775035124976e+02,8.401777925865687848e+02,8.402181790009764200e+02,8.402647001141032206e+02,8.403184182857194173e+02,8.403806873749341548e+02,8.404527420344969642e+02,8.405359320045872664e+02,8.406318382785307222e+02,8.407423006399951646e+02,8.408694281455260580e+02,8.410156164007451025e+02,8.411836000459151137e+02,8.413764883092121636e+02,8.415978400200815486e+02,8.418517660738594941e+02,8.421430803282584066e+02,8.424773245242583926e+02,8.428560656682032004e+02,8.432385151625899198e+02,8.436406846525271703e+02,8.440454397754594993e+02,8.444512566372110314e+02,8.448575547648626980e+02,8.452648546466357402e+02,8.456732908040346501e+02,8.460828089956976328e+02,8.464933686890726676e+02,8.469045739711528995e+02,8.473162076621681535e+02,8.477280848426381681e+02,8.481402663456714208e+02,8.485527932927052461e+02,8.489658008405324381e+02,8.493794024441962165e+02,8.497937601186964685e+02,8.502090381903652769e+02,8.506254130350931746e+02,8.510430482120500528e+02,8.514620850291147462e+02,8.518826357689380302e+02,8.523047771761154081e+02,8.527285522045588095e+02,8.531539685224587402e+02,8.535810042528237318e+02,8.540096116733956251e+02,8.544397247541967317e+02,8.548712650732600196e+02,8.553041484478314942e+02,8.557382901742622607e+02,8.561736094792203176e+02,8.566100327427607226e+02,8.570474954159676599e+02,8.574859428383193745e+02,8.579253298808413319e+02,8.583656198490364204e+02,8.588067827460419039e+02,8.592487933107474873e+02,8.596916289991668236e+02,8.601352681802916322e+02,8.605796886655961089e+02,8.610248666746451818e+02,8.614707762545883725e+02,8.619173891205821292e+02,8.623646748498358647e+02,8.628126013290770970e+02,8.632611353591362331e+02,8.637102433179886702e+02,8.641598918083304852e+02,8.646100482319308185e+02,8.650606812601265574e+02,8.655117611877385571e+02,8.659632601753567087e+02,8.664151523948680733e+02,8.668674140987991450e+02,8.673200236352599859e+02,8.677729614280483474e+02,8.682262099381759981e+02,8.686797536184465116e+02,8.691335788691216067e+02,8.695876739991134627e+02,8.700420291951356830e+02,8.704966364994585319e+02,8.709514897963582598e+02,8.714065848067168645e+02,8.718619190902946912e+02,8.723174920549239459e+02,8.727733049719859082e+02,8.732293609972467721e+02,8.736856651961575153e+02,8.741422245724090772e+02,8.745990480985615250e+02,8.750561467473243056e+02,8.755135335221702917e+02,8.759712234858516240e+02,8.764292337855949881e+02,8.768875836737499867e+02,8.773462945229626939e+02,8.778053898350277677e+02,8.782648952429265137e+02,8.787248385057106361e+02,8.791852494962869287e+02,8.796461601823816636e+02,8.801076046014072745e+02,8.805696188302546261e+02,8.810322409515456457e+02,8.814955110182635281e+02,8.819594710192653793e+02,8.824241648486275835e+02,8.828896382824090097e+02,8.833559389668740778e+02,8.838231164227993304e+02,8.842912220708419682e+02,8.847603092833127221e+02,8.852304334677364750e+02,8.857016521874953696e+02,8.861740253242880954e+02,8.866476152862728668e+02,8.871224872642527544e+02,8.875987095362413584e+02,8.880763538179069201e+02,8.885554956528382036e+02,8.890362148320398319e+02,8.895185958266787338e+02,8.900027282116357128e+02,8.904887070500936943e+02,8.909766332010717633e+02,8.914666135028510325e+02,8.919587607756805028e+02,8.924531935775553393e+02,8.929500356375475576e+02,8.934494148829916185e+02,8.939514619704428924e+02,8.944563082269244205e+02,8.949640829085527685e+02,8.954749096896466654e+02,8.959889023080374955e+02,8.965061593129822768e+02,8.970267578917862465e+02,8.975507467908844319e+02,8.980781383968264890e+02,8.986089001019591933e+02,8.991429451470545473e+02,8.996801232061840210e+02,9.002202110538814850e+02,9.007629037260263658e+02,9.013078066475660535e+02,9.018544292451213096e+02,9.024021805830564062e+02,9.029503675506258560e+02,9.034981960792006248e+02,9.040447757785773319e+02,9.045891282491908214e+02,9.051301991561332443e+02,9.056668739489945210e+02,9.061979968911984997e+02,9.067223928399988608e+02,9.072388910126660448e+02,9.077463498052543400e+02,9.082436816157444355e+02,9.087298765771568014e+02,9.092040241361414701e+02,9.096653315185454858e+02,9.101131382976352597e+02,9.105469265077866794e+02,9.109663260061628307e+02,9.113711150540224253e+02,9.117612163451179867e+02,9.121366889313527508e+02,9.124977166709591074e+02,9.128445939434682259e+02,9.131777094367549807e+02,9.134975288179034578e+02,9.138045770593153065e+02,9.140994211145078907e+02,9.143826535355697160e+02,9.146548775068860095e+02,9.149166936469196116e+02,9.151686888090846423e+02,9.154114269998038935e+02,9.156454424306018609e+02,9.158712346340914792e+02,9.160892655022597637e+02,9.162999580500971888e+02,9.165036966681859667e+02,9.167008286037851121e+02,9.168916664002086918e+02,9.170764910275257762e+02,9.172555554519706220e+02,9.174290884146670351e+02,9.175972982194100496e+02,9.177603763608364034e+02,9.179185008545183564e+02,9.180718391560567397e+02,9.182205505762183293e+02,9.183647881180661443e+02,9.185046996936441701e+02,9.186404287482164364e+02,9.187721144660699792e+02,9.188998919880602898e+02,9.190238934373883239e+02,9.191442509335829527e+02,9.192611029080223943e+02,9.193746043982773699e+02,9.194849398135806950e+02,9.195923320702208912e+02,9.196970345851032107e+02,9.197992834701035463e+02,9.198991805304874561e+02,9.199964822918971095e+02,9.200903009039868721e+02,9.201787975915535753e+02,9.202590820126874860e+02,9.203277150594752811e+02,9.203824038542931021e+02,9.204255832378476043e+02,9.204704372293589358e+02,9.205491567502353973e+02,9.207208378871197283e+02,9.210701627064921695e+02,9.216759976697112506e+02,9.225275189595823804e+02,9.234794082496657666e+02
8.387045668629657484e+02,8.387045668411393535e+02,8.387052194108952108e+02,8.387065240483993875e+02,8.387084797065596149e+02,8.387110848162410548e+02,8.387143372881197365e+02,8.387182345152129983e+02,8.387227733761363879e+02,8.387279502391448887e+02,8.387337609670319125e+02,8.387402009229605255e+02,8.387472649773163766e+02,8.387549475156710059e+02,8.387632424479501196e+02,8.387721432189035795e+02,8.387816428199701022e+02,8.387917338026263678e+02,8.388024082933038699e+02,8.388136580099450157e+02,8.388254742802560031e+02,8.388378480616978550e+02,8.388507699632355070e+02,8.388642302688394921e+02,8.388782189627097523e+02,8.388927257561593933e+02,8.389077401160635645e+02,8.389232512947467058e+02,8.389392483611450189e+02,8.389557202330465771e+02,8.389726557101794242e+02,8.389900435078859573e+02,8.390078722910958504e+02,8.390261307082852227e+02,8.390448074250975878e+02,8.390638911572872303e+02,8.390833707026505408e+02,8.391032349716138015e+02,8.391234730161660309e+02,8.391440740568509682e+02,8.391650275075678564e+02,8.391863229979793459e+02,8.392079503933758815e+02,8.392298998119125599e+02,8.392521616392029955e+02,8.392747265403339725e+02,8.392975854694396958e+02,8.393207296770574430e+02,8.393441507155530417e+02,8.393678404429610964e+02,8.393917910256169534e+02,8.394159949399620473e+02,8.394404449738887024e+02,8.394651342279574919e+02,8.394900561168180957e+02,8.395152043712135992e+02,8.395405730411175682e+02,8.395661565008681464e+02,8.395919494576336319e+02,8.396179469651131058e+02,8.396441444449611708e+02,8.396705377188690136e+02,8.396971230544316995e+02,8.397238972277102675e+02,8.397508576046735698e+02,8.397780022401577753e+02,8.398053299937696465e+02,8.398328406561669226e+02,8.398605350683502593e+02,8.398884151970545417e+02,8.399164840888347499e+02,8.399447455317381355e+02,8.399732030377923593e+02,8.400018572952278646e+02,8.400307003180103038e+02,8.400596684560694030e+02,8.400886475384162395e+02,8.401177712268070081e+02,8.401478023940114781e+02,8.401830063946457585e+02,8.402241805695437051e+02,8.402718765574338704e+02,8.403269706681562639e+02,8.403907108411001445e+02,8.404644651737505683e+02,8.405496549771957007e+02,8.406478964639486549e+02,8.407610636009596874e+02,8.408913133182086312e+02,8.410411085500732042e+02,8.412132499718858298e+02,8.414109669395051014e+02,8.416379493140283330e+02,8.418984199488023705e+02,8.421971465156567547e+02,8.425386675708489292e+02,8.429229903494841665e+02,8.433165912813799423e+02,8.437118786534566652e+02,8.441144367401627733e+02,8.445211978827106805e+02,8.449287734418277296e+02,8.453373249741524660e+02,8.457466955500802896e+02,8.461570431296918287e+02,8.465682643675509098e+02,8.469801848991368161e+02,8.473925924068402082e+02,8.478052741984346312e+02,8.482182162508788679e+02,8.486314454196998440e+02,8.490450968507718699e+02,8.494592914105410273e+02,8.498741952533205222e+02,8.502899660493602596e+02,8.507067770591488625e+02,8.511247871625780590e+02,8.515441394280900340e+02,8.519649484173285146e+02,8.523872967864659813e+02,8.528112342643246393e+02,8.532367773164165783e+02,8.536639134211153532e+02,8.540926044001118953e+02,8.545227931479710151e+02,8.549544090381812111e+02,8.553873743650221968e+02,8.558216092929086471e+02,8.562570363430249927e+02,8.566935835379319997e+02,8.571311865070596241e+02,8.575697894719514807e+02,8.580093452024181033e+02,8.584498142156315907e+02,8.588911633544006463e+02,8.593333640975625940e+02,8.597763907667541616e+02,8.602202188928783926e+02,8.606648238530793833e+02,8.611101798936477962e+02,8.615562595566276514e+02,8.620030334958819367e+02,8.624504706221437118e+02,8.628985384919720900e+02,8.633472038509941058e+02,8.637964332402358423e+02,8.642461935944943434e+02,8.646964527759874954e+02,8.651471800123202911e+02,8.655983462239935307e+02,8.660499242451581949e+02,8.665018889503869559e+02,8.669542173075667506e+02,8.674068883778032841e+02,8.678598832824275178e+02,8.683131851533526060e+02,8.687667790792211235e+02,8.692206520554032068e+02,8.696747929426966266e+02,8.701291924367369575e+02,8.705838430486264770e+02,8.710387390960665925e+02,8.714938767040173389e+02,8.719492538135435780e+02,8.724048701976994380e+02,8.728607274831491623e+02,8.733168291764233118e+02,8.737731806935195209e+02,8.742297893916932026e+02,8.746866646020798726e+02,8.751438176619210481e+02,8.756012619450327747e+02,8.760590128893397832e+02,8.765170880202617809e+02,8.769755069689977063e+02,8.774342914848029977e+02,8.778934654406848495e+02,8.783530548320615026e+02,8.788130877683197468e+02,8.792735944573992128e+02,8.797346071839759816e+02,8.801961602820902044e+02,8.806582901035701525e+02,8.811210349839585660e+02,8.815844352082172009e+02,8.820485329789096340e+02,8.825133723901702751e+02,8.829789994112124987e+02,8.834454618837080488e+02,8.839128095377268437e+02,8.843810940313436504e+02,8.848503690191201940e+02,8.853206902547019581e+02,8.857921157323777379e+02,8.862647058718083599e+02,8.867385237489246492e+02,8.872136353743505879e+02,8.876901100183234803e+02,8.881680205780819506e+02,8.886474439797871128e+02,8.891284616023735907e+02,8.896111597050426099e+02,8.900956298336202508e+02,8.905819691735118795e+02,8.910702808088261691e+02,8.915606738383534093e+02,8.920532632899678447e+02,8.925481697658531175e+02,8.930455187424613541e+02,8.935454394417994308e+02,8.940480631855247111e+02,8.945535211412561694e+02,8.950619413727833944e+02,8.955734451135782592e+02,8.960881421975888088e+02,8.966061256038085503e+02,8.971274651026618585e+02,8.976522000333519600e+02,8.981803312921397264e+02,8.987118126712541653e+02,8.992465417552174358e+02,8.997843506529154638e+02,9.003249969158415524e+02,9.008681550602759671e+02,9.014134091675200580e+02,9.019602470745523988e+02,9.025080566804173259e+02,9.030561248744090790e+02,9.036036395353473836e+02,9.041496949537533965e+02,9.046933008908146121e+02,9.052333953138107745e+02,9.057688606458926870e+02,9.062985431516938206e+02,9.068212748658298779e+02,9.073358972775637312e+02,9.078412858307402757e+02,9.083363742002226218e+02,9.088201772768252340e+02,9.092918118379795942e+02,9.097505139994904084e+02,9.101956527253728382e+02,9.106267389020365499e+02,9.110434297393495626e+02,9.114455285219122516e+02,9.118329799774688809e+02,9.122058617375913627e+02,9.125643725255467871e+02,9.129088178107920157e+02,9.132395937179788916e+02,9.135571699750978496e+02,9.138620726384829140e+02,9.141548672521191747e+02,9.144361429957981500e+02,9.147064982614274413e+02,9.149665279779856064e+02,9.152168128902592343e+02,9.154579108897273727e+02,9.156903504012459507e+02,9.159146257485850811e+02,9.161311943563913474e+02,9.163404755959928707e+02,9.165428510472859216e+02,9.167386659279820833e+02,9.169282314336826403e+02,9.171118277361939590e+02,9.172897074016029819e+02,9.174620990118891086e+02,9.176292108019307534e+02,9.177912341548185395e+02,9.179483468292165753e+02,9.181007158197476201e+02,9.182484997726303391e+02,9.183918508943595498e+02,9.185309163071420926e+02,9.186658388362621963e+02,9.187967572879302907e+02,9.189238064259108114e+02,9.190471171090609914e+02,9.191668173977036531e+02,9.192830357656911247e+02,9.193959075879981810e+02,9.195055852989354435e+02,9.196122503044496170e+02,9.197161201404516078e+02,9.198174372778854604e+02,9.199164176821004730e+02,9.200131319878402110e+02,9.201072986466457451e+02,9.201980002933435117e+02,9.202834080251416253e+02,9.203607240226458543e+02,9.204267220290440719e+02,9.204794336740704921e+02,9.205216095769827689e+02,9.205664272252524825e+02,9.206451709726874242e+02,9.208143184276498232e+02,9.211536100202487205e+02,9.217358323698471168e+02,9.225490675406732635e+02,9.234579077437774686e+02
8.387207325283753789e+02,8.387207325056220952e+02,8.387213984977249766e+02,8.387227299586056688e+02,8.387247257966395182e+02,8.387273843757798204e+02,8.387307035172815404e+02,8.387346805020656575e+02,8.387393120737843901e+02,8.387445944426543747e+02,8.387505232901405634e+02,8.387570937745830406e+02,8.387643005378666885e+02,8.387721377132415910e+02,8.387805989344071804e+02,8.387896773459729047e+02,8.387993656154113751e+02,8.388096559466125655e+02,8.388205400951422916e+02,8.388320093852969421e+02,8.388440547290292670e+02,8.388566666468063886e+02,8.388698352904299327e+02,8.388835504678286270e+02,8.388978016697968769e+02,8.389125780986220207e+02,8.389278686985011291e+02,8.389436621876135405e+02,8.389599470916695054e+02,8.389767117787167763e+02,8.389939444949460494e+02,8.390116334011985373e+02,8.390297666098443869e+02,8.390483322216765600e+02,8.390673183624365947e+02,8.390867132185841228e+02,8.391065050719124656e+02,8.391266823326242275e+02,8.391472335704964962e+02,8.391681475437981135e+02,8.391894132256616103e+02,8.392110198276676556e+02,8.392329568204642101e+02,8.392552139513228440e+02,8.392777812586164146e+02,8.393006490833062117e+02,8.393238080776201286e+02,8.393472492112094869e+02,8.393709637751552464e+02,8.393949433842625467e+02,8.394191799781067402e+02,8.394436658212764542e+02,8.394683935031957844e+02,8.394933559378196151e+02,8.395185463634355756e+02,8.395439583428413926e+02,8.395695857643846693e+02,8.395954228448290451e+02,8.396214641357449864e+02,8.396477045360434204e+02,8.396741393142248171e+02,8.397007641447373771e+02,8.397275751634076641e+02,8.397545690471922626e+02,8.397817431240806627e+02,8.398090955134032356e+02,8.398366253096808123e+02,8.398643328259684040e+02,8.398922199186903299e+02,8.399202904270940735e+02,8.399485507745313271e+02,8.399770107832564463e+02,8.400056847445268886e+02,8.400345928880367410e+02,8.400637644293227595e+02,8.400931207483367871e+02,8.401224868447161498e+02,8.401527089636737173e+02,8.401883204136238419e+02,8.402302350469445855e+02,8.402790128601843662e+02,8.403354747018225908e+02,8.404007630150684918e+02,8.404762667401028011e+02,8.405634958049474790e+02,8.406641189902826454e+02,8.407800502302300174e+02,8.409134913311445416e+02,8.410669626905294081e+02,8.412433250626970676e+02,8.414458308606280070e+02,8.416781887369706965e+02,8.419446719383197433e+02,8.422497420066856648e+02,8.425973556649441889e+02,8.429861979363732871e+02,8.433834424515919181e+02,8.437841022491954845e+02,8.441853066430226136e+02,8.445914594176691708e+02,8.449997782534530870e+02,8.454096818501467396e+02,8.458201855247276626e+02,8.462315069009239323e+02,8.466435149503724915e+02,8.470561638766720307e+02,8.474692917143268005e+02,8.478827313691713243e+02,8.482964116147431923e+02,8.487103343927817605e+02,8.491246141803286491e+02,8.495393777373254807e+02,8.499547951190362483e+02,8.503710251877978408e+02,8.507882406791303538e+02,8.512065978353698483e+02,8.516262415202176044e+02,8.520472888251423456e+02,8.524698284594101096e+02,8.528939167980613547e+02,8.533195788460657241e+02,8.537468108991172357e+02,8.541755839133207928e+02,8.546058492057990179e+02,8.550375435162022768e+02,8.554705950873124038e+02,8.559049284488610283e+02,8.563404689261697058e+02,8.567771457853752963e+02,8.572148945279074042e+02,8.576536580436375061e+02,8.580933868645470284e+02,8.585340386381319604e+02,8.589755770107432227e+02,8.594179701943675127e+02,8.598611893934935324e+02,8.603052073330060239e+02,8.607499970000216081e+02,8.611955307208186241e+02,8.616417795940390079e+02,8.620887132816893654e+02,8.625363001040169593e+02,8.629845073683277406e+02,8.634333018478375834e+02,8.638826503283601141e+02,8.643325201537757039e+02,8.647828797162527508e+02,8.652336988590882356e+02,8.656849491766835172e+02,8.661366042131620588e+02,8.665886395711240766e+02,8.670410329491221546e+02,8.674937641283414678e+02,8.679468149281276510e+02,8.684001691470185733e+02,8.688538125017709035e+02,8.693077325729678932e+02,8.697619187619302465e+02,8.702163622610823950e+02,8.706710560377281354e+02,8.711259948302578096e+02,8.715811751550016879e+02,8.720365953219799167e+02,8.724922554576284028e+02,8.729481575328996996e+02,8.734043053950867943e+02,8.738607048020018055e+02,8.743173634570515560e+02,8.747742910439714024e+02,8.752314992598782055e+02,8.756890018455176232e+02,8.761468146115267928e+02,8.766049554597885844e+02,8.770634443989681586e+02,8.775223035536295129e+02,8.779815571664214531e+02,8.784412315931797366e+02,8.789013552909613054e+02,8.793619587994472795e+02,8.798230747163918295e+02,8.802847376682910863e+02,8.807469842777617259e+02,8.812098531296844612e+02,8.816733847385542049e+02,8.821376215200843944e+02,8.826026077705354282e+02,8.830683896578156009e+02,8.835350152287783203e+02,8.840025344375787881e+02,8.844709992001239698e+02,8.849404634797734843e+02,8.854109834091930225e+02,8.858826174528246611e+02,8.863554266134699446e+02,8.868294746851701120e+02,8.873048285525734400e+02,8.877815585344524152e+02,8.882597387656851424e+02,8.887394476079729202e+02,8.892207680745916605e+02,8.897037882487280740e+02,8.901886016682564104e+02,8.906753076424099618e+02,8.911640114576304086e+02,8.916548244213149701e+02,8.921478636833473956e+02,8.926432517667832371e+02,8.931411157312398927e+02,8.936415858862844743e+02,8.941447939681102071e+02,8.946508706921961220e+02,8.951599425984411482e+02,8.956721281147856644e+02,8.961875327816610479e+02,8.967062436039741442e+02,8.972283225304812504e+02,8.977537991029357727e+02,8.982826623690637007e+02,8.988148522134621317e+02,8.993502503269331783e+02,8.998886711047296103e+02,9.004298528333855529e+02,9.009734495890546668e+02,9.015190243211562802e+02,9.020660436268098010e+02,9.026138747269121723e+02,9.031617851275336761e+02,9.037089453856355021e+02,9.042544352937501344e+02,9.047972536550993254e+02,9.053363316438546917e+02,9.058705495441734001e+02,9.063987564498060010e+02,9.069197923001016761e+02,9.074325114465594879e+02,9.079358068047008601e+02,9.084286335644922019e+02,9.089100314194661223e+02,9.093791443343305900e+02,9.098352369999122402e+02,9.102777073123291984e+02,9.107060944436630052e+02,9.111200823235942607e+02,9.115194986035304510e+02,9.119043094062036516e+02,9.122746103577355825e+02,9.126306145443304558e+02,9.129726381265763848e+02,9.133010843811416635e+02,9.136164269274978551e+02,9.139191928446089150e+02,9.142099462994760870e+02,9.144892732065501377e+02,9.147577673240631384e+02,9.150160180785625244e+02,9.152646002987963811e+02,9.155040659392379894e+02,9.157349377849603798e+02,9.159577050549476098e+02,9.161728207609544370e+02,9.163807006336692211e+02,9.165817233966228059e+02,9.167762321501900260e+02,9.169645366219347125e+02,9.171469160441699842e+02,9.173236224333574000e+02,9.174948840671627295e+02,9.176609089816276992e+02,9.178218883407671456e+02,9.179779995613109804e+02,9.181294091034280882e+02,9.182762748612980204e+02,9.184187481038220540e+02,9.185569749270225657e+02,9.186910971932336452e+02,9.188212529642235040e+02,9.189475765121158020e+02,9.190701981448900142e+02,9.191892443329511480e+02,9.193048389458031124e+02,9.194171066804340171e+02,9.195261796982060787e+02,9.196322075856132869e+02,9.197353683413941781e+02,9.198358735405549851e+02,9.199339540904505839e+02,9.200298055580260552e+02,9.201234682192606442e+02,9.202146251489382394e+02,9.203023344871407971e+02,9.203847837223980832e+02,9.204592725160034661e+02,9.205227852475580903e+02,9.205736620104048598e+02,9.206149359679029658e+02,9.206597349673241979e+02,9.207384119162181833e+02,9.209048791973059451e+02,9.212341555648330313e+02,9.217933665225575623e+02,9.225697649850266089e+02,9.234372404545113113e+02
8.387365590030228759e+02,8.387365589793162144e+02,8.387372388732050013e+02,8.387385981157286778e+02,8.387406355694400872e+02,8.387433495294131944e+02,8.387467377247945706e+02,8.387507973209508236e+02,8.387555249222772318e+02,8.387609165757481833e+02,8.387669677753033284e+02,8.387736734671776730e+02,8.387810280562925982e+02,8.387890254138343380e+02,8.387976588861521350e+02,8.388069213051142015e+02,8.388168050000560925e+02,8.388273018114571187e+02,8.388384031064698547e+02,8.388500997964192720e+02,8.388623823563692667e+02,8.388752408468367321e+02,8.388886649377036520e+02,8.389026439343497259e+02,8.389171668059923377e+02,8.389322222161780473e+02,8.389477985553295412e+02,8.389638839752019521e+02,8.389804664250568749e+02,8.389975336893090798e+02,8.390150734263560253e+02,8.390330732082533132e+02,8.390515205608558063e+02,8.390704030040116095e+02,8.390897080913676973e+02,8.391094234493278918e+02,8.391295368146993496e+02,8.391500360705695130e+02,8.391709092799742393e+02,8.391921447169536350e+02,8.392137308946407757e+02,8.392356565900890928e+02,8.392579108656268545e+02,8.392804830866194834e+02,8.393033629356308438e+02,8.393265404230972990e+02,8.393500058947602156e+02,8.393737500362337869e+02,8.393977638751969153e+02,8.394220387817784967e+02,8.394465664677146606e+02,8.394713389847959206e+02,8.394963487229717884e+02,8.395215884082788307e+02,8.395470511005814842e+02,8.395727301910771985e+02,8.395986193997821374e+02,8.396247127738903373e+02,8.396510046889931118e+02,8.396774898565228114e+02,8.397041633421978304e+02,8.397310206014308278e+02,8.397580575384943131e+02,8.397852705966574831e+02,8.398126568888588963e+02,8.398402143608722099e+02,8.398679420173397148e+02,8.398958402538333985e+02,8.399239113718007275e+02,8.399521604300146009e+02,8.399805967651227547e+02,8.400092369814210542e+02,8.400381117235001511e+02,8.400672843193106019e+02,8.400969129460198701e+02,8.401270059626896227e+02,8.401576184060129435e+02,8.401936840324797231e+02,8.402363252073868125e+02,8.402861450933070273e+02,8.403439415952988156e+02,8.404108140658784123e+02,8.404881261289414169e+02,8.405774412542211849e+02,8.406804933212937385e+02,8.407992434992759172e+02,8.409359374824446149e+02,8.410931416559317313e+02,8.412737689689120089e+02,8.414810711698045225e+02,8.417187668768581261e+02,8.419906006071061029e+02,8.423016173273063032e+02,8.426550410524862400e+02,8.430488066847900654e+02,8.434493021548487377e+02,8.438523877246180973e+02,8.442567526609761899e+02,8.446627048501165973e+02,8.450713033707687600e+02,8.454820783816057883e+02,8.458937222273452790e+02,8.463061577616986142e+02,8.467190621758646785e+02,8.471325033933637769e+02,8.475463391562016113e+02,8.479604887415878238e+02,8.483748645687672933e+02,8.487894555614794854e+02,8.492043435137343295e+02,8.496196532831498871e+02,8.500355544366352660e+02,8.504522115768298818e+02,8.508697994262739712e+02,8.512884751164683621e+02,8.517083857749508979e+02,8.521296515581210542e+02,8.525523671232458582e+02,8.529765953846049342e+02,8.534023695220311083e+02,8.538296940738499643e+02,8.542585485664340013e+02,8.546888921410092053e+02,8.551206684174685506e+02,8.555538110711185027e+02,8.559882485311895834e+02,8.564239084623842473e+02,8.568607209878689446e+02,8.572986211690430309e+02,8.577375503470377680e+02,8.581774566775825406e+02,8.586182948637369918e+02,8.590600253292811885e+02,8.595026130261411481e+02,8.599460260739782598e+02,8.603902344395099817e+02,8.608352087799772789e+02,8.612809195690905426e+02,8.617273365360264279e+02,8.621744284292910834e+02,8.626221630607940369e+02,8.630705075724630433e+02,8.635194288487317635e+02,8.639688940006556095e+02,8.644188708558341432e+02,8.648693284024875538e+02,8.653202371553728653e+02,8.657715694269451205e+02,8.662232995037642240e+02,8.666754037376944098e+02,8.671278605693950112e+02,8.675806505033355052e+02,8.680337560538602020e+02,8.684871616785660535e+02,8.689408537119255698e+02,8.693948203076379286e+02,8.698490513947949694e+02,8.703035386496965202e+02,8.707582754832533283e+02,8.712132570423632387e+02,8.716684802231684444e+02,8.721239436936807579e+02,8.725796479235082188e+02,8.730355952184235093e+02,8.734917897579260853e+02,8.739482376339968823e+02,8.744049468895958626e+02,8.748619275554499382e+02,8.753191916839691658e+02,8.757767533791096639e+02,8.762346288212787613e+02,8.766928362863933444e+02,8.771513961585010293e+02,8.776103309354393787e+02,8.780696652273500149e+02,8.785294257479978342e+02,8.789896412992369505e+02,8.794503427491754337e+02,8.799115630050528125e+02,8.803733369821324004e+02,8.808357015704455080e+02,8.812986956015880651e+02,8.817623598183549802e+02,8.822267368504045635e+02,8.826918711997279843e+02,8.831578092400712876e+02,8.836245992349372500e+02,8.840922913790068378e+02,8.845609378680317150e+02,8.850305930021104359e+02,8.855013133269839045e+02,8.859731578172396667e+02,8.864461881042755067e+02,8.869204687502138995e+02,8.873960675668555496e+02,8.878730559758805612e+02,8.883515094030328783e+02,8.888315076946651061e+02,8.893131355399629001e+02,8.897964828761874969e+02,8.902816452476083668e+02,8.907687240813256722e+02,8.912578268352258419e+02,8.917490669649263282e+02,8.922425636482381606e+02,8.927384411976589718e+02,8.932368280844648325e+02,8.937378554926164043e+02,8.942416553179629091e+02,8.947483575289518285e+02,8.952580868104739693e+02,8.957709584236115461e+02,8.962870732321886180e+02,8.968065118730144150e+02,8.973293280814611990e+02,8.978555412277057712e+02,8.983851281714385095e+02,8.989180146028967329e+02,8.994540661037872269e+02,8.999930792297366224e+02,9.005347729821877465e+02,9.010787810966037341e+02,9.016246456192893675e+02,9.021718122701896618e+02,9.027196280870567762e+02,9.032673418114051174e+02,9.038141074045840924e+02,9.043589909714244186e+02,9.049009812211928647e+02,9.054390034168245620e+02,9.059719365637184865e+02,9.064986333826254850e+02,9.070179424140690116e+02,9.075287314322538350e+02,9.080299112217404627e+02,9.085204587044280515e+02,9.089994384067751980e+02,9.094660213301874592e+02,9.099195004265026228e+02,9.103593020738391033e+02,9.107849931787372952e+02,9.111962837779508391e+02,9.115930252563391605e+02,9.119752045166347898e+02,9.123429346171045609e+02,9.126964425242751986e+02,9.130360547058173779e+02,9.133621813146679642e+02,9.136752996952365038e+02,9.139759378847311382e+02,9.142646586973735339e+02,9.145420448767405333e+02,9.148086856909669677e+02,9.150651652348049083e+02,9.153120525974757129e+02,9.155498939600297490e+02,9.157792066031302056e+02,9.160004747371306166e+02,9.162141470114437425e+02,9.164206355192222873e+02,9.166203160856272234e+02,9.168135296124190745e+02,9.170005842471214237e+02,9.171817581501891254e+02,9.173573026470500054e+02,9.175274455719963953e+02,9.176923946360005857e+02,9.178523406787797967e+02,9.180074606947401890e+02,9.181579205504422134e+02,9.183038773354683144e+02,9.184454813068489329e+02,9.185828773987964269e+02,9.187162062770005377e+02,9.188456049287104861e+02,9.189712068132374725e+02,9.190931416778526000e+02,9.192115352994368322e+02,9.193265096559596259e+02,9.194381843287172842e+02,9.195466801513384780e+02,9.196521259626445044e+02,9.197546683051438094e+02,9.198544814218646479e+02,9.199517704263309952e+02,9.200467541706439079e+02,9.201396077526563886e+02,9.202303421103272285e+02,9.203186077891813284e+02,9.204034434012701240e+02,9.204830589394665594e+02,9.205548557168717707e+02,9.206160256215010804e+02,9.206652007504877702e+02,9.207056644930387392e+02,9.207504547624824909e+02,9.208289723543217633e+02,9.209926204433558041e+02,9.213119103900575055e+02,9.218487011943427660e+02,9.225896503467599814e+02,9.234173680760512752e+02
8.387520339482807685e+02,8.387520339235960591e+02,8.387527282211376587e+02,8.387541162484715187e+02,8.387561968211321073e+02,8.387589681634794943e+02,8.387624279100347167e+02,8.387665731073477673e+02,8.387714002164755129e+02,8.387769051161621974e+02,8.387830831068303041e+02,8.387899289155071756e+02,8.387974367018226758e+02,8.388056000652268267e+02,8.388144120535835100e+02,8.388238651733004190e+02,8.388339514011607889e+02,8.388446621980157261e+02,8.388559885244949328e+02,8.388679208588756637e+02,8.388804492172392884e+02,8.388935631760172100e+02,8.389072518970028796e+02,8.389215041548691261e+02,8.389363083671928507e+02,8.389516526269389942e+02,8.389675247373095317e+02,8.389839122488041312e+02,8.390008024982836332e+02,8.390181826497670272e+02,8.390360397366360985e+02,8.390543607048621197e+02,8.390731324568213267e+02,8.390923418952202155e+02,8.391119759666146365e+02,8.391320217039866520e+02,8.391524662678294817e+02,8.391732969851980215e+02,8.391945013861994767e+02,8.392160672374420756e+02,8.392379825720072404e+02,8.392602357155940354e+02,8.392828153085730492e+02,8.393057103238060108e+02,8.393289100802287521e+02,8.393524042523515618e+02,8.393761828760103754e+02,8.394002363508764120e+02,8.394245554403873939e+02,8.394491312698578440e+02,8.394739553235187941e+02,8.394990194410986533e+02,8.395243158142560560e+02,8.395498369827735132e+02,8.395755758300164189e+02,8.396015255769683563e+02,8.396276797744269516e+02,8.396540322938925556e+02,8.396805773192737661e+02,8.397073093435376450e+02,8.397342231764446296e+02,8.397613139711413623e+02,8.397885772783823768e+02,8.398160091370751843e+02,8.398436062165751537e+02,8.398713659636138118e+02,8.398992868016185867e+02,8.399273684349092264e+02,8.399556123550230495e+02,8.399840227768846717e+02,8.400126086555233087e+02,8.400413890594247732e+02,8.400704114145224821e+02,8.400998260305718759e+02,8.401302186757358186e+02,8.401623385040971925e+02,8.401990394326719525e+02,8.402424262046652075e+02,8.402932709741586450e+02,8.403523861208370818e+02,8.404208520171919190e+02,8.405000201841285161e+02,8.405914748255264612e+02,8.406970072313025639e+02,8.408186337254036289e+02,8.409586472223605824e+02,8.411196600611290251e+02,8.413046319966373403e+02,8.415168664198228043e+02,8.417600016045674920e+02,8.420382377500246776e+02,8.423532832495377534e+02,8.427123251514773301e+02,8.431115970157114816e+02,8.435158191864205719e+02,8.439210128276939713e+02,8.443271410536310668e+02,8.447347602110678508e+02,8.451437321108111291e+02,8.455549263785673020e+02,8.459674767399794746e+02,8.463809610811488255e+02,8.467948458380838019e+02,8.472091503727339159e+02,8.476237241617830023e+02,8.480385618562111176e+02,8.484535894378467447e+02,8.488688097052181547e+02,8.492842765974944541e+02,8.497001075061501751e+02,8.501164646304596317e+02,8.505335187235341436e+02,8.509514478902086694e+02,8.513704137459842514e+02,8.517905667866556314e+02,8.522120313132766114e+02,8.526349077831222303e+02,8.530592655959811736e+02,8.534851456542423875e+02,8.539125601713063816e+02,8.543414965622289401e+02,8.547719211001860913e+02,8.552037836963104382e+02,8.556370229119600026e+02,8.560715706166394057e+02,8.565073563781693338e+02,8.569443108156521021e+02,8.573823682500759560e+02,8.578214682639413695e+02,8.582615565016540131e+02,8.587025846559697584e+02,8.591445099126591458e+02,8.595872939849756449e+02,8.600309019548463993e+02,8.604753010942774836e+02,8.609204598052829169e+02,8.613663467898397812e+02,8.618129304925578253e+02,8.622601788352267249e+02,8.627080592088851745e+02,8.631565386766711754e+02,8.636055843180503189e+02,8.640551636483088487e+02,8.645052450504991839e+02,8.649557981714862080e+02,8.654067942491823260e+02,8.658582063542211245e+02,8.663100095439074266e+02,8.667621809367345804e+02,8.672146997230501029e+02,8.676675471302982032e+02,8.681207063613978789e+02,8.685741625224862901e+02,8.690279025526835994e+02,8.694819151646694309e+02,8.699361908009901754e+02,8.703907216080964417e+02,8.708455014276391921e+02,8.713005258032749225e+02,8.717557920002434457e+02,8.722112990349057782e+02,8.726670477112941171e+02,8.731230406621554039e+02,8.735792823921050285e+02,8.740357793209933561e+02,8.744925398257125835e+02,8.749495742790785471e+02,8.754068950844865640e+02,8.758645167053851992e+02,8.763224556886569871e+02,8.767807306813195964e+02,8.772393624400242516e+02,8.776983738331706490e+02,8.781577898355616298e+02,8.786176375158977407e+02,8.790779460175837130e+02,8.795387465337513504e+02,8.800000722776503608e+02,8.804619584500622977e+02,8.809244422057191741e+02,8.813875626212710586e+02,8.818513606677258849e+02,8.823158791908665535e+02,8.827811629035179521e+02,8.832472583940447066e+02,8.837142141557096693e+02,8.841820806418083976e+02,8.846509103514555363e+02,8.851207579507670289e+02,8.855916804336177393e+02,8.860637373253578062e+02,8.865369909315088535e+02,8.870115066317106312e+02,8.874873532167398480e+02,8.879646032634399262e+02,8.884433335385936061e+02,8.889236254183300616e+02,8.894055653043344591e+02,8.898892450121452384e+02,8.903747621000222807e+02,8.908622200995417870e+02,8.913517286011998522e+02,8.918434031402946403e+02,8.923373648204006940e+02,8.928337396044337311e+02,8.933326571970869736e+02,8.938342494381429333e+02,8.943386481245560162e+02,8.948459821813657982e+02,8.953563741083794412e+02,8.958699356423983318e+02,8.963867625944811834e+02,8.969069288493999466e+02,8.974304795505361199e+02,8.979574235383066707e+02,8.984877251632046864e+02,8.990212956545701672e+02,8.995579842909002082e+02,9.000975696836756015e+02,9.006397515497723134e+02,9.011841434021893065e+02,9.017302666286957447e+02,9.022775464465623827e+02,9.028253102122739620e+02,9.033727885226961689e+02,9.039191194649414456e+02,9.044633562553603952e+02,9.050044783562975681e+02,9.055414059791600039e+02,9.060730176846068389e+02,9.065981705895319465e+02,9.071157225026023525e+02,9.076245551529686963e+02,9.081235975665450724e+02,9.086118485939115317e+02,9.090883976109275864e+02,9.095524424986424492e+02,9.100033041569311081e+02,9.104404370040014101e+02,9.108634351439737884e+02,9.112720341269147184e+02,9.116661084595265265e+02,9.120456652320377771e+02,9.124108343936729852e+02,9.127618563268515572e+02,9.130990674360346020e+02,9.134228844831091010e+02,9.137337883736117874e+02,9.140323080358205061e+02,9.143190049477179855e+02,9.145944587649671575e+02,9.148592543951257312e+02,9.151139707565961317e+02,9.153591713606657549e+02,9.155953967651622634e+02,9.158231588708915751e+02,9.160429369681949083e+02,9.162551753907970351e+02,9.164602825971869606e+02,9.166586314752457838e+02,9.168505606526582596e+02,9.170363765925679900e+02,9.172163562596651900e+02,9.173907501550157804e+02,9.175597855370330080e+02,9.177236696695727005e+02,9.178825929646410486e+02,9.180367319149936520e+02,9.181862517390854919e+02,9.183313086853873983e+02,9.184720519628760940e+02,9.186086252779751931e+02,9.187411679653929468e+02,9.188698157047731456e+02,9.189947008263733323e+02,9.191159522444465892e+02,9.192336951410737811e+02,9.193480506801672618e+02,9.194591362672258583e+02,9.195670671394361761e+02,9.196719602279126775e+02,9.197739409854303858e+02,9.198731527573188487e+02,9.199697657321223687e+02,9.200639781359215021e+02,9.201559963929749983e+02,9.202459752298125295e+02,9.203338974526271841e+02,9.204193840398942257e+02,9.205014589490275512e+02,9.205783603590466555e+02,9.206475946333667935e+02,9.207065571947721310e+02,9.207541553666251275e+02,9.207938914236493702e+02,9.208386758043653799e+02,9.209169404989780787e+02,9.210776378934971262e+02,9.213869804216878947e+02,9.219019321465146959e+02,9.226087605222191996e+02,9.233982544955196090e+02
8.387671444983275251e+02,8.387671444726425989e+02,8.387678536988117912e+02,8.387692715603992610e+02,8.387713968248459651e+02,8.387742276441422291e+02,8.387777615558915159e+02,8.387819954848296220e+02,8.387869257448862754e+02,8.387925480418936104e+02,8.387988574770690775e+02,8.388058485514122822e+02,8.388135151711758226e+02,8.388218506545819082e+02,8.388308477399662024e+02,8.388404985955401116e+02,8.388507948309646736e+02,8.388617275109309048e+02,8.388732871709325991e+02,8.388854638354091549e+02,8.388982470384181624e+02,8.389116258469711056e+02,8.389255888871374509e+02,8.389401243729813586e+02,8.389552201383510237e+02,8.389708636714869954e+02,8.389870421523573896e+02,8.390037424925620826e+02,8.390209513775823780e+02,8.390386553110777186e+02,8.390568406608629175e+02,8.390754937061315104e+02,8.390946006854226198e+02,8.391141478447780173e+02,8.391341214854884356e+02,8.391545080107946433e+02,8.391752939708956092e+02,8.391964661056144905e+02,8.392180113840940976e+02,8.392399170409355520e+02,8.392621706082536548e+02,8.392847599432143397e+02,8.393076732507298630e+02,8.393308991011354010e+02,8.393544264428501265e+02,8.393782446102381982e+02,8.394023433271263457e+02,8.394267127066831335e+02,8.394513432485795192e+02,8.394762258344823067e+02,8.395013517228964020e+02,8.395267125441102962e+02,8.395523002954602134e+02,8.395781073363767746e+02,8.396041263818751759e+02,8.396303504926469259e+02,8.396567730601296944e+02,8.396833877862592317e+02,8.397101886598923102e+02,8.397371699347829690e+02,8.397643261169383777e+02,8.397916519717012989e+02,8.398191425627536546e+02,8.398467933348634915e+02,8.398746002789625891e+02,8.399025600159726537e+02,8.399306698821477539e+02,8.399589280474719999e+02,8.399873337234668043e+02,8.400158877169484413e+02,8.400445947776780713e+02,8.400734759265485536e+02,8.401026361721256990e+02,8.401326305122616986e+02,8.401663778247068421e+02,8.402042405699048686e+02,8.402484907282105269e+02,8.403003752971520726e+02,8.403608057548698298e+02,8.404308740267572375e+02,8.405119317115105559e+02,8.406055794366382088e+02,8.407136510951041828e+02,8.408382201066417565e+02,8.409816368141515568e+02,8.411465709726007844e+02,8.413360513037513329e+02,8.415534880699907490e+02,8.418026800734893413e+02,8.420879391672289103e+02,8.424134319863122755e+02,8.427711895474525363e+02,8.431745281183391398e+02,8.435826310421548442e+02,8.439900948420845452e+02,8.443978408273173955e+02,8.448066492692546490e+02,8.452167943746997025e+02,8.456284926346221482e+02,8.460416706727829705e+02,8.464560004834725078e+02,8.468708502715647910e+02,8.472860506114740247e+02,8.477014046521761657e+02,8.481169365132241182e+02,8.485325897502592625e+02,8.489483990445971813e+02,8.493644078803142747e+02,8.497807295163122490e+02,8.501975145668413916e+02,8.506149373362006827e+02,8.510331788358606673e+02,8.514524076317882191e+02,8.518727790235669772e+02,8.522944229352909815e+02,8.527174456865782304e+02,8.531419232316510488e+02,8.535679037048785176e+02,8.539954064664891575e+02,8.544244260746269219e+02,8.548549351853366716e+02,8.552868893031717334e+02,8.557202312684756862e+02,8.561548958995953171e+02,8.565908142431378565e+02,8.570279170759839644e+02,8.574661377018495614e+02,8.579054137520816994e+02,8.583456882367784146e+02,8.587869097850717708e+02,8.592290323422776055e+02,8.596720144196460751e+02,8.601158181237840381e+02,8.605604081106406511e+02,8.610057506155698093e+02,8.614518126618254428e+02,8.618985615044156248e+02,8.623459643325115849e+02,8.627939882085090630e+02,8.632426002052746981e+02,8.636917676809882778e+02,8.641414586320681792e+02,8.645916420656391210e+02,8.650422883457898706e+02,8.654933694811224996e+02,8.659448593362146767e+02,8.663967337633650914e+02,8.668489706610851044e+02,8.673015499734250398e+02,8.677544536470664980e+02,8.682076655640701119e+02,8.686611714657769880e+02,8.691149588805587882e+02,8.695690170639290955e+02,8.700233369561700556e+02,8.704779111591950596e+02,8.709327339322323951e+02,8.713878012040983094e+02,8.718431105991508048e+02,8.722986614734930981e+02,8.727544549582341915e+02,8.732104940067055168e+02,8.736667834430918447e+02,8.741233300101616805e+02,8.745801424143238592e+02,8.750372313664190642e+02,8.754946096170987175e+02,8.759522919857623720e+02,8.764102953824061615e+02,8.768686388218286538e+02,8.773273434300014060e+02,8.777864324425150926e+02,8.782459311953886072e+02,8.787058671086720096e+02,8.791662696636851706e+02,8.796271703749449671e+02,8.800886027583021587e+02,8.805506022970971571e+02,8.810132064086674291e+02,8.814764544138979545e+02,8.819403875130574306e+02,8.824050487715331883e+02,8.828704831195906308e+02,8.833367373705625596e+02,8.838038602622225426e+02,8.842719025261325214e+02,8.847409169897543961e+02,8.852109587157085571e+02,8.856820851819759355e+02,8.861543565057337446e+02,8.866278357120888813e+02,8.871025890468883972e+02,8.875786863302434995e+02,8.880562013440925284e+02,8.885352122432390161e+02,8.890158019745714455e+02,8.894980586838275940e+02,8.899820760830961035e+02,8.904679537455424452e+02,8.909557972865131887e+02,8.914457183825807078e+02,8.919378345723296206e+02,8.924322687752844558e+02,8.929291484586335628e+02,8.934286043760876055e+02,8.939307687998630172e+02,8.944357731664383664e+02,8.949437450601777755e+02,8.954548044673504137e+02,8.959690592474148616e+02,8.964865997898077694e+02,8.970074928535752861e+02,8.975317746246365687e+02,8.980594430712015992e+02,8.985904497313588308e+02,8.991246911265777726e+02,8.996620000585126036e+02,9.002021371104887066e+02,9.007447827349495810e+02,9.012895303583237592e+02,9.018358809691495708e+02,9.023832396673155927e+02,9.029309146359451006e+02,9.034781189477528187e+02,9.040239755317691106e+02,9.045675255039777767e+02,9.051077399101613992e+02,9.056435347483802616e+02,9.061737889433117061e+02,9.066973647495889281e+02,9.072131298828940089e+02,9.077199805327554714e+02,9.082168643150894241e+02,9.087028021870087287e+02,9.091769083774315732e+02,9.096384074840449330e+02,9.100866480429343710e+02,9.105211120783270644e+02,9.109414203686326346e+02,9.113473334013521026e+02,9.117387482138506130e+02,9.121156915124146281e+02,9.124783096158854505e+02,9.128268558751308319e+02,9.131616762739588467e+02,9.134831939237673168e+02,9.137918931300019949e+02,9.140883036423009571e+02,9.143729856118903854e+02,9.146465156788544846e+02,9.149094745066943233e+02,9.151624359788303309e+02,9.154059581763469851e+02,9.156405761715632252e+02,9.158667965998168938e+02,9.160850939128731625e+02,9.162959081715748653e+02,9.164996442021245002e+02,9.166966719188128536e+02,9.168873276049461083e+02,9.170719159419433026e+02,9.172507125827620484e+02,9.174239670786651004e+02,9.175919059864916107e+02,9.177547360057452579e+02,9.179126470196104037e+02,9.180658149400845787e+02,9.182144042833331241e+02,9.183585704254683151e+02,9.184984615095133904e+02,9.186342199895686917e+02,9.187659838071274407e+02,9.188938871978601810e+02,9.190180611294583741e+02,9.191386333825938664e+02,9.192557283251444460e+02,9.193694665175360115e+02,9.194799644446097773e+02,9.195873348955715301e+02,9.196916887529974929e+02,9.197931390514635268e+02,9.198918078339098656e+02,9.199878351315725240e+02,9.200813868235328528e+02,9.201726538919028826e+02,9.202618300728735221e+02,9.203490499752483629e+02,9.204342696424581618e+02,9.205170835296017913e+02,9.205965056841519072e+02,9.206708077028595198e+02,9.207376036454309087e+02,9.207944877186785106e+02,9.208406254691550430e+02,9.208797077460395712e+02,9.209244826562351136e+02,9.210024004279854353e+02,9.211600231360147291e+02,9.214594668318420645e+02,9.219531502090593449e+02,9.226271304060591092e+02,9.233798656245136272e+02
8.387818772373869933e+02,8.387818772106834331e+02,8.387826019141922416e+02,8.387840507070266085e+02,8.387862223076153896e+02,8.387891147941498957e+02,8.387927256053156952e+02,8.387970515413819612e+02,8.388020887657474987e+02,8.388078328070631642e+02,8.388142785620719906e+02,8.388214202993326580e+02,8.388292516640063923e+02,8.388377656839057863e+02,8.388469547770193913e+02,8.388568107607329694e+02,8.388673248629781938e+02,8.388784877355382150e+02,8.388902894697373540e+02,8.389027196147303584e+02,8.389157671985904017e+02,8.389294207523672640e+02,8.389436683372573498e+02,8.389584975749791056e+02,8.389738956814010180e+02,8.389898495034054804e+02,8.390063455589054229e+02,8.390233700798546579e+02,8.390409090580106977e+02,8.390589482931253542e+02,8.390774734431520301e+02,8.390964700759734569e+02,8.391159237220771274e+02,8.391358199275317702e+02,8.391561443065621688e+02,8.391768825929767672e+02,8.391980206896733989e+02,8.392195447154497288e+02,8.392414410483584106e+02,8.392636963648916435e+02,8.392862976743504078e+02,8.393092323478548451e+02,8.393324881415891241e+02,8.393560532140602390e+02,8.393799161373799507e+02,8.394040659028718210e+02,8.394284919216389653e+02,8.394531840210881910e+02,8.394781324387255381e+02,8.395033278147294595e+02,8.395287611847533071e+02,8.395544239739589329e+02,8.395803079923812220e+02,8.396064054303940338e+02,8.396327088515746482e+02,8.396592111791943580e+02,8.396859056725957089e+02,8.397127858915828256e+02,8.397398456501440478e+02,8.397670789649357630e+02,8.397944800083506607e+02,8.398220430806289869e+02,8.398497626209026521e+02,8.398776332796777524e+02,8.399056501893691120e+02,8.399338089589888341e+02,8.399621056273073236e+02,8.399905366425359716e+02,8.400190991349644491e+02,8.400477930450307440e+02,8.400766341654232292e+02,8.401057292223621289e+02,8.401356964241119840e+02,8.401699651319599980e+02,8.402091980852381994e+02,8.402544792765197599e+02,8.403074373452753889e+02,8.403691900645078476e+02,8.404408728201594840e+02,8.405238495300034174e+02,8.406197400320776296e+02,8.407304153773104645e+02,8.408580055119490453e+02,8.410049241225157175e+02,8.411739256128887519e+02,8.413681440134749892e+02,8.415911712359595640e+02,8.418471587974877366e+02,8.421409807672614534e+02,8.424781488797748352e+02,8.428596894725789070e+02,8.432449752428902912e+02,8.436504409308251979e+02,8.440586772221665797e+02,8.444681969751422912e+02,8.448783822267316737e+02,8.452897625838596696e+02,8.457024524494121351e+02,8.461163645263561648e+02,8.465314112264002233e+02,8.469471171642527452e+02,8.473631864054318612e+02,8.477793476326799009e+02,8.481955840068447969e+02,8.486118544510929951e+02,8.490282212379743214e+02,8.494447339630995657e+02,8.498615107316284139e+02,8.502786929855966491e+02,8.506964563996257311e+02,8.511149831693298893e+02,8.515344494746768760e+02,8.519550165046923667e+02,8.523768212921565919e+02,8.527999763818863812e+02,8.532245644898215460e+02,8.536506405335854879e+02,8.540782305479062870e+02,8.545073354769244816e+02,8.549379336014083037e+02,8.553699852442508700e+02,8.558034368552113165e+02,8.562382256526819901e+02,8.566742837249815921e+02,8.571115416763648227e+02,8.575499315399491707e+02,8.579893888264206225e+02,8.584298538085165546e+02,8.588712720160943945e+02,8.593135941675778895e+02,8.597567756256720486e+02,8.602007755998358789e+02,8.606455562240089421e+02,8.610910816686665612e+02,8.615373173828636482e+02,8.619842295357818784e+02,8.624317846845765416e+02,8.628799496589221008e+02,8.633286916313440997e+02,8.637779783215381713e+02,8.642277782815588125e+02,8.646780612075381214e+02,8.651287982351677783e+02,8.655799621866904090e+02,8.660315277519990786e+02,8.664834715983492970e+02,8.669357724138424146e+02,8.673884108966697113e+02,8.678413697059249898e+02,8.682946333905124447e+02,8.687481883112342302e+02,8.692020225681459351e+02,8.696561259417690053e+02,8.701104898530333003e+02,8.705651073438136791e+02,8.710199730773138072e+02,8.714750833560372030e+02,8.719304361539481079e+02,8.723860311592184189e+02,8.728418698238152729e+02,8.732979554166586240e+02,8.737542930773349781e+02,8.742108898679904314e+02,8.746677548213262980e+02,8.751248989831838117e+02,8.755823354484315360e+02,8.760400793893320497e+02,8.764981480757224972e+02,8.769565608867490027e+02,8.774153393140298931e+02,8.778745069565048880e+02,8.783340895073771435e+02,8.787941147339516874e+02,8.792546124513676205e+02,8.797156144916519906e+02,8.801771546697855229e+02,8.806392687489540094e+02,8.811019944074801060e+02,8.815653712104610804e+02,8.820294405894802594e+02,8.824942458342794680e+02,8.829598321005684056e+02,8.834262464385412841e+02,8.838935378467710962e+02,8.843617573562598864e+02,8.848309581491465678e+02,8.853011957161778582e+02,8.857725280561678574e+02,8.862450159195176411e+02,8.867187230961239948e+02,8.871937167458439717e+02,8.876700677668156914e+02,8.881478511935446249e+02,8.886271466124781000e+02,8.891080385780247752e+02,8.895906170064091611e+02,8.900749775186376382e+02,8.905612216970728241e+02,8.910494572129871358e+02,8.915397977750199061e+02,8.920323628411430263e+02,8.925272770297594889e+02,8.930246691595689299e+02,8.935246708432665628e+02,8.940274145578936213e+02,8.945330311154139054e+02,8.950416464619429462e+02,8.955533777438740799e+02,8.960683285950628942e+02,8.965865836220547180e+02,8.971082020948974787e+02,8.976332108896712043e+02,8.981615967754659096e+02,8.986932981922855106e+02,8.992281967257343922e+02,8.997661085466864961e+02,9.003067761459190024e+02,9.008498607501738888e+02,9.013949358518423196e+02,9.019414823132329957e+02,9.024888855120126436e+02,9.030364349710874876e+02,9.035833268595480376e+02,9.041286696589615985e+02,9.046714931619449089e+02,9.052107608117100881e+02,9.057453852102496512e+02,9.062742464306510328e+02,9.067962125804732523e+02,9.073101618944573374e+02,9.078150055024709673e+02,9.083097099366783596e+02,9.087933184207900013e+02,9.092649700284500796e+02,9.097239159055111486e+02,9.101695319136672424e+02,9.106013272566171963e+02,9.110189488766446857e+02,9.114221816396852773e+02,9.118109445417906045e+02,9.121852833536274829e+02,9.125453602608930623e+02,9.128914411513421783e+02,9.132238812426880941e+02,9.135431097437754033e+02,9.138496142011860002e+02,9.141439251138924647e+02,9.144266013093329093e+02,9.146982164745196542e+02,9.149593471333680554e+02,9.152105622626229433e+02,9.154524146479989213e+02,9.156854340023631948e+02,9.159101218004250313e+02,9.161269477299847495e+02,9.163363476180305724e+02,9.165387226601662860e+02,9.167344397629482273e+02,9.169238327995778945e+02,9.171072045787533398e+02,9.172848293331021523e+02,9.174569555461932850e+02,9.176238089544415288e+02,9.177855955810514388e+02,9.179425046823213279e+02,9.180947115110021741e+02,9.182423798258047327e+02,9.183856640993175233e+02,9.185247113971361159e+02,9.186596629174209738e+02,9.187906551910263033e+02,9.189178209472177059e+02,9.190412896502949707e+02,9.191611877133419739e+02,9.192776384077200191e+02,9.193907615280406844e+02,9.195006729634119438e+02,9.196074844827629704e+02,9.197113042567568755e+02,9.198122388472220337e+02,9.199103974380350337e+02,9.200058986710421323e+02,9.200988791757930585e+02,9.201895003051456570e+02,9.202779455055106155e+02,9.203643956707412599e+02,9.204489656890197011e+02,9.205315863508054690e+02,9.206118286821033507e+02,9.206887014054592555e+02,9.207605143036096251e+02,9.208249910507012146e+02,9.208799191783004972e+02,9.209247053134504313e+02,9.209631996397292824e+02,9.210079556849890423e+02,9.210854324649116052e+02,9.212398639562577500e+02,9.215294663701107538e+02,9.220024416192812851e+02,9.226447930326637561e+02,9.233621692472677296e+02
8.387962181762591172e+02,8.387962181485221436e+02,8.387969589023816752e+02,8.387984397721486403e+02,8.388006594265152671e+02,8.388036158687294801e+02,8.388073064369250460e+02,8.388117278046896672e+02,8.388168759819830029e+02,8.388227463165382005e+02,8.388293334959103049e+02,8.388366315503560600e+02,8.388446338567542853e+02,8.388533331437946572e+02,8.388627214986792069e+02,8.388727903755996067e+02,8.388835306062551354e+02,8.388949324126886040e+02,8.389069854227088854e+02,8.389196786881648222e+02,8.389330007063138055e+02,8.389469394445060288e+02,8.389614823683662053e+02,8.389766164736084875e+02,8.389923283215640595e+02,8.390086040784303805e+02,8.390254295581736415e+02,8.390427902689270923e+02,8.390606714626310350e+02,8.390790581875610314e+02,8.390979353432842345e+02,8.391172877374817745e+02,8.391371001439773636e+02,8.391573573612229211e+02,8.391780442704148300e+02,8.391991458923591836e+02,8.392206474421640223e+02,8.392425343808264415e+02,8.392647924627925704e+02,8.392874077786137832e+02,8.393103667918989004e+02,8.393336563698763939e+02,8.393572638070506855e+02,8.393811768416625227e+02,8.394053836649740106e+02,8.394298729237942780e+02,8.394546337171377672e+02,8.394796555884408917e+02,8.395049285152473431e+02,8.395304428985944014e+02,8.395561895542554112e+02,8.395821597073166913e+02,8.396083449900953610e+02,8.396347374411900546e+02,8.396613295008769455e+02,8.396881139959975826e+02,8.397150841070792922e+02,8.397422333130446077e+02,8.397695553130594135e+02,8.397970439304164074e+02,8.398246930094686604e+02,8.398524963250840756e+02,8.398804475383724366e+02,8.399085402427732561e+02,8.399367685854251704e+02,8.399651271292079855e+02,8.399936107060154882e+02,8.400222145911615144e+02,8.400509367120894240e+02,8.400797916452809204e+02,8.401088917360226560e+02,8.401389062249998005e+02,8.401736284470789542e+02,8.402138285075640169e+02,8.402603163851650834e+02,8.403144258035584926e+02,8.403775222943439758e+02,8.404508365047815914e+02,8.405357616089388557e+02,8.406339419074993202e+02,8.407472857233192371e+02,8.408779761150898366e+02,8.410284992284473446e+02,8.412016756519814180e+02,8.414007660842053156e+02,8.416294780237883515e+02,8.418920687885083680e+02,8.421933272243237525e+02,8.425378074751802160e+02,8.429254040593793889e+02,8.433223508096041314e+02,8.437210818878047576e+02,8.441272864496060038e+02,8.445380268717138961e+02,8.449497670637225610e+02,8.453626630014711054e+02,8.457765058049715208e+02,8.461914188860304193e+02,8.466072418447515702e+02,8.470237318579245311e+02,8.474405986592112185e+02,8.478575460325554332e+02,8.482744849726112761e+02,8.486913685799493123e+02,8.491082686139819771e+02,8.495252510099563779e+02,8.499424450720231334e+02,8.503599906237195682e+02,8.507780650933792685e+02,8.511968508424693027e+02,8.516165308899128377e+02,8.520372725986758269e+02,8.524592210941731310e+02,8.528824956363756655e+02,8.533071859955381342e+02,8.537333535278562522e+02,8.541610305192479018e+02,8.545902235715566349e+02,8.550209158600488308e+02,8.554530717227522700e+02,8.558866405118446892e+02,8.563215612397409586e+02,8.567577665706929793e+02,8.571951865949404237e+02,8.576337518358957368e+02,8.580733955348108566e+02,8.585140551480955082e+02,8.589556730921054850e+02,8.593981968915953757e+02,8.598415788323765128e+02,8.602857753217303980e+02,8.607307460809412305e+02,8.611764533304627776e+02,8.616228610603262723e+02,8.620699344656865151e+02,8.625176395776309164e+02,8.629659430919398346e+02,8.634148123712062670e+02,8.638642155780717076e+02,8.643141218916800881e+02,8.647645017581457978e+02,8.652153271344650420e+02,8.656665716947636611e+02,8.661182109809089980e+02,8.665702224908286553e+02,8.670225857078455647e+02,8.674752820813770313e+02,8.679282949730792325e+02,8.683816095839074478e+02,8.688352128761506492e+02,8.692890935022155645e+02,8.697432417482813207e+02,8.701976494977764105e+02,8.706523102162485657e+02,8.711072189569696320e+02,8.715623723846440498e+02,8.720177688137746372e+02,8.724734082576076162e+02,8.729292924837831151e+02,8.733854250729503974e+02,8.738418114772472336e+02,8.742984590759060666e+02,8.747553772259390144e+02,8.752125773061791278e+02,8.756700727535425131e+02,8.761278790906148970e+02,8.765860139441477941e+02,8.770444970542296232e+02,8.775033502743218605e+02,8.779625975625145884e+02,8.784222649647657590e+02,8.788823805910676583e+02,8.793429745859174318e+02,8.798040790946870402e+02,8.802657282279610627e+02,8.807279580261869114e+02,8.811908064274869048e+02,8.816543132418019013e+02,8.821185201350347143e+02,8.825834706271599543e+02,8.830492101086787216e+02,8.835157858799497035e+02,8.839832472181150251e+02,8.844516454761787827e+02,8.849210342185552918e+02,8.853914693967211633e+02,8.858630095677035570e+02,8.863357161566791547e+02,8.868096537631536194e+02,8.872848905077183872e+02,8.877614984134348788e+02,8.882395538122146945e+02,8.887191377623198605e+02,8.892003364581079268e+02,8.896832416075942547e+02,8.901679507471690158e+02,8.906545674561759824e+02,8.911432014269840920e+02,8.916339683390901882e+02,8.921269894787654948e+02,8.926223910393947563e+02,8.931203030322675431e+02,8.936208577339418753e+02,8.941241875949905307e+02,8.946304225369362939e+02,8.951396865702772629e+02,8.956520936777931183e+02,8.961677429246409474e+02,8.966867127810617148e+02,8.972090546753439639e+02,8.977347858344015776e+02,8.982638815165756796e+02,8.987962667952260745e+02,8.993318081104716839e+02,8.998703048674346974e+02,9.004114814186895046e+02,9.009549798216717136e+02,9.015003538029232004e+02,9.020470643842849086e+02,9.025944776253634245e+02,9.031418649065269619e+02,9.036884061132785746e+02,9.042331959845488427e+02,9.047752537554816854e+02,9.053135360646552954e+02,9.058469529149602977e+02,9.063743862887832847e+02,9.068947108364395717e+02,9.074068158981499437e+02,9.079096279998427690e+02,9.084021328949579583e+02,9.088833962170962195e+02,9.093525818650714427e+02,9.098089673593993894e+02,9.102519555780763767e+02,9.106810824849334267e+02,9.110960206879399266e+02,9.114965788883948790e+02,9.118826974871425364e+02,9.122544407861004174e+02,9.126119863524728544e+02,9.129556121941993752e+02,9.132856824286810706e+02,9.136026321170371602e+02,9.139069518905197356e+02,9.141991729232826174e+02,9.144798527159150581e+02,9.147495620557481288e+02,9.150088734204043703e+02,9.152583509961139043e+02,9.154985423960457638e+02,9.157299720887775720e+02,9.159531364842597441e+02,9.161685005744568571e+02,9.163764959878494665e+02,9.165775202902912042e+02,9.167719373482694891e+02,9.169600785632098905e+02,9.171422447858519718e+02,9.173187087266958315e+02,9.174897176908534675e+02,9.176554964821733620e+02,9.178162503411557509e+02,9.179721678028521410e+02,9.181234233836883050e+02,9.182701800289852372e+02,9.184125912748949077e+02,9.185508030984588004e+02,9.186849554463298091e+02,9.188151834451151672e+02,9.189416183032633398e+02,9.190643879158485561e+02,9.191836171815566559e+02,9.192994280415188086e+02,9.194119392635643635e+02,9.195212660398611888e+02,9.196275195598608434e+02,9.197308068757774890e+02,9.198312315794399865e+02,9.199288959858795351e+02,9.200239055069840788e+02,9.201163754171661822e+02,9.202064388794269689e+02,9.202942525370656313e+02,9.203799920698448886e+02,9.204638254750013857e+02,9.205458484486767929e+02,9.206259681579789458e+02,9.207037353161880446e+02,9.207781577196054741e+02,9.208475876339516617e+02,9.209098595666786196e+02,9.209629482739205741e+02,9.210064842602215549e+02,9.210444489072681336e+02,9.210891714466173426e+02,9.211661135125127657e+02,9.213172446308783492e+02,9.215970716572303445e+02,9.220498883273984347e+02,9.226617797039888274e+02,9.233451348839856792e+02
8.388101527281900189e+02,8.388101526994099686e+02,8.388109101014060798e+02,8.388124242434564621e+02,8.388146937440307056e+02,8.388177165306389043e+02,8.388214898396817034e+02,8.388260102163949341e+02,8.388312735150094568e+02,8.388372748992821926e+02,8.388440088435777398e+02,8.388514691347124881e+02,8.388596488747967896e+02,8.388685404853366663e+02,8.388781357128783611e+02,8.388884256364958674e+02,8.388994006774368017e+02,8.389110506112482426e+02,8.389233645827077908e+02,8.389363311238753340e+02,8.389499381755689456e+02,8.389641731125367414e+02,8.389790227725649174e+02,8.389944734897050012e+02,8.390105111317438968e+02,8.390271211419606061e+02,8.390442885851240362e+02,8.390619981975821702e+02,8.390802344411806644e+02,8.390989815606254751e+02,8.391182236437814481e+02,8.391379446842685184e+02,8.391581286455960935e+02,8.391787595259667114e+02,8.391998214227769495e+02,8.392212985957693263e+02,8.392431755277341381e+02,8.392654369816328881e+02,8.392880680530209929e+02,8.393110542166851928e+02,8.393343813664949948e+02,8.393580358475937828e+02,8.393820044802572511e+02,8.394062745750345584e+02,8.394308339391913023e+02,8.394556708750189955e+02,8.394807741712647839e+02,8.395061330897211747e+02,8.395317373497910012e+02,8.395575771143787733e+02,8.395836429804381851e+02,8.396099259765252327e+02,8.396364175674467560e+02,8.396631096625281998e+02,8.396899946197040663e+02,8.397170652338792252e+02,8.397443146966350014e+02,8.397717365181930518e+02,8.397993244072675907e+02,8.398270721099407865e+02,8.398549732150617046e+02,8.398830209460819560e+02,8.399112079876217649e+02,8.399395264000099814e+02,8.399679692586312285e+02,8.399965302507856677e+02,8.400252036912547737e+02,8.400539867626015393e+02,8.400828943530068500e+02,8.401120453394423748e+02,8.401421533123921108e+02,8.401772965543790406e+02,8.402183075656827214e+02,8.402659354146524038e+02,8.403212989647632867e+02,8.403857798381847033e+02,8.404607483413523141e+02,8.405476517734314257e+02,8.406481661090803073e+02,8.407642373542922769e+02,8.408980978732078029e+02,8.410522937806597383e+02,8.412297180900465037e+02,8.414336293416572516e+02,8.416678235216644453e+02,8.419365196086359902e+02,8.422442287132469119e+02,8.425949285800780899e+02,8.429872563242630576e+02,8.433882185483147396e+02,8.437927571989544049e+02,8.441979043397627720e+02,8.446082665837084278e+02,8.450209948545823408e+02,8.454354958873034320e+02,8.458506854540247559e+02,8.462667420741335036e+02,8.466834658807130154e+02,8.471007471388736576e+02,8.475183488384872135e+02,8.479360271192214213e+02,8.483536390343242601e+02,8.487711205557450285e+02,8.491885314549407440e+02,8.496059532751711458e+02,8.500235272002410056e+02,8.504414002590172004e+02,8.508597539807327621e+02,8.512787719717124446e+02,8.516986429420636568e+02,8.521195400698647973e+02,8.525416167453145135e+02,8.529649992725528591e+02,8.533897847035308359e+02,8.538160405869442684e+02,8.542438050690288946e+02,8.546730897313874493e+02,8.551038819528356498e+02,8.555361493004251088e+02,8.559698433200661611e+02,8.564049041794319237e+02,8.568412646257232836e+02,8.572788538727770629e+02,8.577176006974008260e+02,8.581574359358791071e+02,8.585982941717612675e+02,8.590401147163071300e+02,8.594828419556529298e+02,8.599264251900300451e+02,8.603708181369975136e+02,8.608159782300351708e+02,8.612618658671224239e+02,8.617084437046289622e+02,8.621556760825487800e+02,8.626035286163992168e+02,8.630519679687170083e+02,8.635009617823695862e+02,8.639504787421763012e+02,8.644004887223794640e+02,8.648509629755336618e+02,8.653018743247753264e+02,8.657531973292730072e+02,8.662049084047794167e+02,8.666569858911525444e+02,8.671094100687465698e+02,8.675621631319024800e+02,8.680152291322401652e+02,8.684685939055924564e+02,8.689222449959106598e+02,8.693761715870346052e+02,8.698303644503098440e+02,8.702848159125912844e+02,8.707395198462988901e+02,8.711944716805675171e+02,8.716496684309155398e+02,8.721051087436167109e+02,8.725607929506496703e+02,8.730167231309334284e+02,8.734729031740325809e+02,8.739293388428590106e+02,8.743860378326294267e+02,8.748430098237699895e+02,8.753002665271551450e+02,8.757578217204162456e+02,8.762156912746335138e+02,8.766738931709749068e+02,8.771324475073340636e+02,8.775913764952150586e+02,8.780507044475524481e+02,8.785104577583472292e+02,8.789706648754281559e+02,8.794313562678667040e+02,8.798925643900247451e+02,8.803543236444685363e+02,8.808166703464669354e+02,8.812796426930805183e+02,8.817432807403358765e+02,8.822076263922643875e+02,8.826727234060110732e+02,8.831386174173991321e+02,8.836053559915864071e+02,8.840729887033753585e+02,8.845415672516313634e+02,8.850111456117489297e+02,8.854817802294145395e+02,8.859535302577244238e+02,8.864264578382156969e+02,8.869006284242526590e+02,8.873761111426800881e+02,8.878529791864089020e+02,8.883313102268598414e+02,8.888111868306998531e+02,8.892926968602932902e+02,8.897759338315829609e+02,8.902609971969768594e+02,8.907479925141695958e+02,8.912370314550234980e+02,8.917282316017286803e+02,8.922217159709412044e+02,8.927176122006953847e+02,8.932160513302766276e+02,8.937171661003848158e+02,8.942210887006900748e+02,8.947279478949662916e+02,8.952378654614329889e+02,8.957509518985293653e+02,8.962673013651269684e+02,8.967869858498072517e+02,8.973100485969328020e+02,8.978364968578736125e+02,8.983662940836330790e+02,8.988993517290524551e+02,8.994355208969501518e+02,8.999745841099605741e+02,9.005162475547269878e+02,9.010601341925357701e+02,9.016057781670238001e+02,9.021526209571997015e+02,9.027000097169930086e+02,9.032471982057911646e+02,9.037933506446089496e+02,9.043375487285395593e+02,9.048788018900870611e+02,9.054160607453760576e+02,9.059482334754291060e+02,9.064742047101225353e+02,9.069928563080111417e+02,9.075030892767033492e+02,9.080038459708323444e+02,9.084941316500145376e+02,9.089730344852066537e+02,9.094397431703135908e+02,9.098935614223858011e+02,9.103339188277650464e+02,9.107603776979956365e+02,9.111726358201524363e+02,9.115705252028901668e+02,9.119540071149800724e+02,9.123231638738949414e+02,9.126781879593223721e+02,9.130193690966001441e+02,9.133470799790945875e+02,9.136617612814735594e+02,9.139639065653545913e+02,9.142540476039567920e+02,9.145327405623588675e+02,9.148005533731353580e+02,9.150580545505109740e+02,9.153058035950613203e+02,9.155443430590327125e+02,9.157741922716902536e+02,9.159958426656630763e+02,9.162097545990674234e+02,9.164163555336529043e+02,9.166160394054272729e+02,9.168091670099836392e+02,9.169960672189117759e+02,9.171770388449764368e+02,9.173523529810130412e+02,9.175222556495872368e+02,9.176869706162930242e+02,9.178467022381220204e+02,9.180016382386643272e+02,9.181519523231336279e+02,9.182978065675230255e+02,9.184393535368182029e+02,9.185767381062938739e+02,9.187100989765904160e+02,9.188395698864959513e+02,9.189652805360713046e+02,9.190873572362536379e+02,9.192059232996709852e+02,9.193210991837466963e+02,9.194330023975969652e+02,9.195417472002344539e+02,9.196474441652467249e+02,9.197501997834635858e+02,9.198501164274597386e+02,9.199472931889201845e+02,9.200418282438893129e+02,9.201338233362058645e+02,9.202233904240408719e+02,9.203106591559777598e+02,9.203957813119392313e+02,9.204789246316405524e+02,9.205602442557708400e+02,9.206398173369004780e+02,9.207175291481858039e+02,9.207929132026121124e+02,9.208649805598563489e+02,9.209321297912330238e+02,9.209923067884135435e+02,9.210436668572222061e+02,9.210860471891612633e+02,9.211235333563284939e+02,9.211682030242014889e+02,9.212445173413335624e+02,9.213922461818505099e+02,9.216623714436526598e+02,9.220955682715144803e+02,9.226781201048853518e+02,9.233287336681278248e+02
8.388236656841518197e+02,8.388236656543251684e+02,8.388244403273877197e+02,8.388259889874997270e+02,8.388283102027098721e+02,8.388314018244203680e+02,8.388352609866692546e+02,8.388398841053339083e+02,8.388452668773900314e+02,8.388514042803994926e+02,8.388582905724290413e+02,8.388659192926361357e+02,8.388742832627909820e+02,8.388833745900308259e+02,8.388931846711695925e+02,8.389037041989111003e+02,8.389149231703318037e+02,8.389268308980095981e+02,8.389394160241863574e+02,8.389526665383416457e+02,8.389665697985484485e+02,8.389811125569501655e+02,8.389962809896636600e+02,8.390120607313560868e+02,8.390284369146733070e+02,8.390453942146117470e+02,8.390629168978217649e+02,8.390809888767092843e+02,8.390995937680697807e+02,8.391187149558453484e+02,8.391383356574375512e+02,8.391584389928607379e+02,8.391790080558605496e+02,8.392000259859867128e+02,8.392214760404780236e+02,8.392433416647151034e+02,8.392656065599194335e+02,8.392882547467310133e+02,8.393112706232889195e+02,8.393346390164672357e+02,8.393583452250012442e+02,8.393823750533781549e+02,8.394067148356037933e+02,8.394313514483081917e+02,8.394562723131899702e+02,8.394814653895419951e+02,8.395069191585913586e+02,8.395326226025670167e+02,8.395585651826293088e+02,8.395847368207430463e+02,8.396111278907202404e+02,8.396377292223746736e+02,8.396645321194113194e+02,8.396915283861543458e+02,8.397187103512397925e+02,8.397460708698611143e+02,8.397736032828353245e+02,8.398013013171835155e+02,8.398291589165080495e+02,8.398571699913552493e+02,8.398853280795641467e+02,8.399136259146227985e+02,8.399420549316012057e+02,8.399706046010392129e+02,8.399992669256980662e+02,8.400280354564700929e+02,8.400569072335767942e+02,8.400858981384553772e+02,8.401151335957687252e+02,8.401453667005840771e+02,8.401809190246119670e+02,8.402226790830729897e+02,8.402713630621444736e+02,8.403280089222741935e+02,8.403939329537469121e+02,8.404705868501415580e+02,8.405594996718751872e+02,8.406623897366405345e+02,8.407812416127130746e+02,8.409183332045225825e+02,8.410762597064180000e+02,8.412579676384551703e+02,8.414667437722613386e+02,8.417062590990933586e+02,8.419805744570955994e+02,8.422943873490423812e+02,8.426510592084105156e+02,8.430485399724115041e+02,8.434530305898339293e+02,8.438603474955083357e+02,8.442690791154459475e+02,8.446795356625060549e+02,8.450928073017586257e+02,8.455084185378741495e+02,8.459249573151324739e+02,8.463422954830534763e+02,8.467600263751165812e+02,8.471781579757569034e+02,8.475964739300428619e+02,8.480148256268530531e+02,8.484330590980440547e+02,8.488511054534401410e+02,8.492689998374238485e+02,8.496868316966368866e+02,8.501047502137372476e+02,8.505229151240132524e+02,8.509415148522892878e+02,8.513607374260046754e+02,8.517807767094822111e+02,8.522018113160214625e+02,8.526240023148624232e+02,8.530474830201483201e+02,8.534723577427444070e+02,8.538987000027465228e+02,8.543265534155850673e+02,8.547559339169920349e+02,8.551868324314128813e+02,8.556192190116451002e+02,8.560530467153973859e+02,8.564882562290374608e+02,8.569247798804966578e+02,8.573625456282469486e+02,8.578014802618166641e+02,8.582415120822099652e+02,8.586825727608736543e+02,8.591245985326077061e+02,8.595675307220169543e+02,8.600113157549016023e+02,8.604559047895488675e+02,8.609012531116462696e+02,8.613473194367451242e+02,8.617940652223365987e+02,8.622414540785932786e+02,8.626894513195122727e+02,8.631380236761211791e+02,8.635871391606190173e+02,8.640367670564761511e+02,8.644868779969215211e+02,8.649374440926037551e+02,8.653884390723426350e+02,8.658398384083358224e+02,8.662916194071303835e+02,8.667437612573743309e+02,8.671962450343351065e+02,8.676490536677797536e+02,8.681021718839792811e+02,8.685555861343996185e+02,8.690092845231160936e+02,8.694632567432718133e+02,8.699174940299128593e+02,8.703719891336709225e+02,8.708267363166327186e+02,8.712817313695311441e+02,8.717369716473959897e+02,8.721924561198970878e+02,8.726481854319102922e+02,8.731041619700007459e+02,8.735603899306513540e+02,8.740168753867610576e+02,8.744736263493888373e+02,8.749306528225088186e+02,8.753879668489943242e+02,8.758455825467384557e+02,8.763035161341621233e+02,8.767617859449304660e+02,8.772204124319473522e+02,8.776794181611890053e+02,8.781388277961477797e+02,8.785986680741133341e+02,8.790589677757303662e+02,8.795197576897282943e+02,8.799810705749608815e+02,8.804429411223603665e+02,8.809054059196844264e+02,8.813685034224091623e+02,8.818322739343904004e+02,8.822967596023512442e+02,8.827620044284464029e+02,8.832280543054500868e+02,8.836949570791073256e+02,8.841627626421850437e+02,8.846315230643854193e+02,8.851012927617744026e+02,8.855721287084168125e+02,8.860440906916842323e+02,8.865172416109026017e+02,8.869916478168460117e+02,8.874673794867484276e+02,8.879445110262150820e+02,8.884231214854016798e+02,8.889032949723278989e+02,8.893851210409826535e+02,8.898686950262346045e+02,8.903541182913522789e+02,8.908414983474914379e+02,8.913309487978100378e+02,8.918225890523688122e+02,8.923165437537921889e+02,8.928129418484215876e+02,8.933119152337093283e+02,8.938135969106836001e+02,8.943181185710217278e+02,8.948256075525645201e+02,8.953361831057345626e+02,8.958499519273115084e+02,8.963670029380829192e+02,8.968874013078591361e+02,8.974111817655287950e+02,8.979383412733880050e+02,8.984688311932693523e+02,8.990025491258932107e+02,8.995393306621851934e+02,9.000789413431109551e+02,9.006210691787844098e+02,9.011653181234344174e+02,9.017112029346308191e+02,9.022581458572574320e+02,9.028054755594365588e+02,9.033524287044305083e+02,9.038981544665089132e+02,9.044417221895207604e+02,9.049821322471429994e+02,9.055183299997854647e+02,9.060492225646478346e+02,9.065736979353619063e+02,9.070906458207920195e+02,9.075989794343889798e+02,9.080976573701244661e+02,9.085857046595923521e+02,9.090622321236131711e+02,9.095264532112387315e+02,9.099776976536609254e+02,9.104154214390139259e+02,9.108392128207777887e+02,9.112487942895934339e+02,9.116440206477129777e+02,9.120248735110285452e+02,9.123914527132691319e+02,9.127439651929068987e+02,9.130827120029248363e+02,9.134080740987511717e+02,9.137204975359002219e+02,9.140204786540726900e+02,9.143085497476065484e+02,9.145852656321986842e+02,9.148511914227065063e+02,9.151068917431678074e+02,9.153529215028269164e+02,9.155898182941756431e+02,9.158180964026098536e+02,9.160382423629564528e+02,9.162507119556483985e+02,9.164559285040376153e+02,9.166542823131740079e+02,9.168461310781940483e+02,9.170318010860189588e+02,9.172115890361729953e+02,9.173857643140497657e+02,9.175545715618036411e+02,9.177182334072216463e+02,9.178769532284982233e+02,9.180309178519325997e+02,9.181803000994249260e+02,9.183252611225461806e+02,9.184659524792427874e+02,9.186025179272996866e+02,9.187350949248085499e+02,9.188638158413216388e+02,9.189888088932234496e+02,9.191101988222678756e+02,9.192281073367570343e+02,9.193426533312543825e+02,9.194539528960749522e+02,9.195621191289577609e+02,9.196672617796750728e+02,9.197694868092671641e+02,9.198688960435538320e+02,9.199655872488516479e+02,9.200596551292600225e+02,9.201511938563887725e+02,9.202403016275504797e+02,9.203270871467921097e+02,9.204116765126382234e+02,9.204942165144813089e+02,9.205748668334722424e+02,9.206537698829738474e+02,9.207309850289830138e+02,9.208063774610093333e+02,9.208794665764017964e+02,9.209492706599633038e+02,9.210142379375939754e+02,9.210724256018318101e+02,9.211221623225850408e+02,9.211634748667941039e+02,9.212005271352888940e+02,9.212451203203306704e+02,9.213207148356522111e+02,9.214649465928608834e+02,9.217254508355205189e+02,9.221395556243155625e+02,9.226938424069944631e+02,9.233129382362280921e+02
8.388367411876185997e+02,8.388367411567490990e+02,8.388375337491897881e+02,8.388391182240720809e+02,8.388414930991693836e+02,8.388446561499135896e+02,8.388486044080124202e+02,8.388533341597807294e+02,8.388588409443379987e+02,8.388651195518593795e+02,8.388721640221085636e+02,8.388799676435155561e+02,8.388885229531001642e+02,8.388978217375774875e+02,8.389078550360135296e+02,8.389186131444288321e+02,8.389300856227739587e+02,8.389422613047180448e+02,8.389551283107050494e+02,8.389686740647322267e+02,8.389828853152973807e+02,8.389977481609378174e+02,8.390132480807427555e+02,8.390293699701676360e+02,8.390460981824002147e+02,8.390634165754311198e+02,8.390813085648652532e+02,8.390997571823706949e+02,8.391187451395059043e+02,8.391382548964893431e+02,8.391582687352947687e+02,8.391787688362612698e+02,8.391997373572201013e+02,8.392211565139571121e+02,8.392430086606689201e+02,8.392652763689301310e+02,8.392879425035802115e+02,8.393109902938684854e+02,8.393344033981611574e+02,8.393581659605292771e+02,8.393822626576059065e+02,8.394066787342501357e+02,8.394314000268174141e+02,8.394564129732706306e+02,8.394817046100522475e+02,8.395072625566534725e+02,8.395330749902149137e+02,8.395591306142614485e+02,8.395854186275934126e+02,8.396119287010023982e+02,8.396386509700594161e+02,8.396655760507205741e+02,8.396926950798740563e+02,8.397199997747417228e+02,8.397474824941623410e+02,8.397751362737836871e+02,8.398029548000425848e+02,8.398309323014285610e+02,8.398590633343412719e+02,8.398873424307629421e+02,8.399157635496700323e+02,8.399443192435271612e+02,8.399729993980830614e+02,8.400017883778102714e+02,8.400306776439828127e+02,8.400596640888639968e+02,8.400887650486024540e+02,8.401181125854507172e+02,8.401484961488465615e+02,8.401844548928899030e+02,8.402269289470179956e+02,8.402766243300881115e+02,8.403345364080388435e+02,8.404019461274847345e+02,8.404803263967399971e+02,8.405712826828713560e+02,8.406765901554873608e+02,8.407982756717691473e+02,8.409386618074372564e+02,8.411003915603354244e+02,8.412864554552854770e+02,8.415001978004588636e+02,8.417452199674866051e+02,8.420256760088791452e+02,8.423441547794909638e+02,8.427067619447178686e+02,8.431099857802353199e+02,8.435184995361285019e+02,8.439282489483592826e+02,8.443391206858052556e+02,8.447516248354013442e+02,8.451655681769844932e+02,8.455818390173836860e+02,8.459994937211034767e+02,8.464180429252537579e+02,8.468368618249518249e+02,8.472559095802405409e+02,8.476749628950479973e+02,8.480939571631580520e+02,8.485127590092077980e+02,8.489313228150092527e+02,8.493496640270744820e+02,8.497678742910626397e+02,8.501861040270614467e+02,8.506045267280885582e+02,8.510233395729551376e+02,8.514427387054686278e+02,8.518629236556863589e+02,8.522840787005712855e+02,8.527063716614825353e+02,8.531299424719152285e+02,8.535549022973738147e+02,8.539813303241550102e+02,8.544092751924199547e+02,8.548387566049809720e+02,8.552697683929528694e+02,8.557022824005845223e+02,8.561362525545813469e+02,8.565716194557002154e+02,8.570083145249792551e+02,8.574462640873473447e+02,8.578853927042110854e+02,8.583256260136159881e+02,8.587668927474602469e+02,8.592091261089274212e+02,8.596522644577962637e+02,8.600962514753756523e+02,8.605410359084183938e+02,8.609865710494455016e+02,8.614328140833587213e+02,8.618797254123356879e+02,8.623272680476638925e+02,8.627754071187372347e+02,8.632241095269688458e+02,8.636733437411650129e+02,8.641230797163740363e+02,8.645732889041755698e+02,8.650239443196396678e+02,8.654750206313675562e+02,8.659264942471037330e+02,8.663783433761202559e+02,8.668305480581736902e+02,8.672830901575507596e+02,8.677359533267327834e+02,8.681891229488652471e+02,8.686425860698122960e+02,8.690963313308456009e+02,8.695503489112077204e+02,8.700046304875497754e+02,8.704591692141895010e+02,8.709139597255697254e+02,8.713689981597659653e+02,8.718242822002979437e+02,8.722798111322103978e+02,8.727355859080197433e+02,8.731916092189172787e+02,8.736478855670935673e+02,8.741044213354224439e+02,8.745612248515493548e+02,8.750183064439484042e+02,8.754756784883107912e+02,8.759333554430716049e+02,8.763913538735559996e+02,8.768496924645495483e+02,8.773083920216544129e+02,8.777674754620441036e+02,8.782269677957162912e+02,8.786868960985715376e+02,8.791472894791106683e+02,8.796081790407814651e+02,8.800695978424745363e+02,8.805315808599265210e+02,8.809941649512587674e+02,8.814573888301430316e+02,8.819212930505199211e+02,8.823859200070061206e+02,8.828513139554469262e+02,8.833175210581246120e+02,8.837845894582050050e+02,8.842525693877454387e+02,8.847215133132405072e+02,8.851914761219021557e+02,8.856625153508917947e+02,8.861346914602085008e+02,8.866080681481017791e+02,8.870827127054189987e+02,8.875586964024155350e+02,8.880360948979976001e+02,8.885149886573242384e+02,8.889954633589788955e+02,8.894776102677478775e+02,8.899615265432850038e+02,8.904473154488755426e+02,8.909350864181092220e+02,8.914249549308854057e+02,8.919170421439142729e+02,8.924114742152348754e+02,8.929083812575260026e+02,8.934078958518050513e+02,8.939101510519759586e+02,8.944152778124702081e+02,8.949234017765764975e+02,8.954346393729754254e+02,8.959490931832091292e+02,8.964668465642357660e+02,8.969879575383508836e+02,8.975124519980588502e+02,8.980403163157491235e+02,8.985714894967346709e+02,8.991058550678426400e+02,8.996432329501919867e+02,9.001833716207743237e+02,9.007259409189704229e+02,9.012705258961740356e+02,9.018166221338369724e+02,9.023636329617329466e+02,9.029108689888756771e+02,9.034575503100148808e+02,9.040028116687078636e+02,9.045457107437746345e+02,9.050852395829356283e+02,9.056203390424748250e+02,9.061499159151579761e+02,9.066728622534399165e+02,9.071880762360432300e+02,9.076944837982348417e+02,9.081910601629687108e+02,9.086768503814564610e+02,9.091509880227541771e+02,9.096127112418477054e+02,9.100613755977582287e+02,9.104964631753006188e+02,9.109175877705022231e+02,9.113244961125380996e+02,9.117170652969974753e+02,9.120952967812497718e+02,9.124593074314138903e+02,9.128093182054412864e+02,9.131456411064293661e+02,9.134686650471516032e+02,9.137788412368932995e+02,9.140766686430374648e+02,9.143626800013832963e+02,9.146374287595064061e+02,9.149014772442278627e+02,9.151553862535727148e+02,9.153997061899422079e+02,9.156349697774695642e+02,9.158616863441980058e+02,9.160803375992215933e+02,9.162913747959509010e+02,9.164952171443623001e+02,9.166922513163757458e+02,9.168828318781683038e+02,9.170672824800560647e+02,9.172458976373953874e+02,9.174189449436726136e+02,9.175866675685613245e+02,9.177492869082860807e+02,9.179070052722941000e+02,9.180600085082182886e+02,9.182084684857202319e+02,9.183525453784013735e+02,9.184923897010055498e+02,9.186281440761077874e+02,9.187599447198457483e+02,9.188879226494879049e+02,9.190122046259994022e+02,9.191329138515880004e+02,9.192501704447315660e+02,9.193640917133085395e+02,9.194747922412234402e+02,9.195823837989134972e+02,9.196869750904257899e+02,9.197886713707557647e+02,9.198875740210191907e+02,9.199837802680025334e+02,9.200773833776030415e+02,9.201684738065515603e+02,9.202571418759551989e+02,9.203434823686762911e+02,9.204276008019836581e+02,9.205096196973831866e+02,9.205896807512148143e+02,9.206679355204706781e+02,9.207445139044584721e+02,9.208194583373020805e+02,9.208926157980066591e+02,9.209634946038549970e+02,9.210311239830414252e+02,9.210940046960022300e+02,9.211503045533822842e+02,9.211985179546677500e+02,9.212388442698902509e+02,9.212755010243747620e+02,9.213199903062563862e+02,9.213947741997174035e+02,9.215354209909271503e+02,9.217863914910049061e+02,9.221819210141192116e+02,9.227089733621896812e+02,9.232977226293492095e+02
8.388493627089477513e+02,8.388493626770475657e+02,8.388501738626406450e+02,8.388517955001225346e+02,8.388542260575437695e+02,8.388574632351055698e+02,8.388615039630028605e+02,8.388663443987410346e+02,8.388719799240907378e+02,8.388784051418880381e+02,8.388856138729310032e+02,8.388935991532650860e+02,8.389023532321942866e+02,8.389118675713933726e+02,8.389221328455391813e+02,8.389331389449155267e+02,8.389448749804770387e+02,8.389573292918868219e+02,8.389704894590603317e+02,8.389843423177567274e+02,8.389988739797564676e+02,8.390140698581426477e+02,8.390299146981695912e+02,8.390463926141392221e+02,8.390634871326310531e+02,8.390811812423178253e+02,8.390994574504713910e+02,8.391182978461007451e+02,8.391376841694816449e+02,8.391575978876281852e+02,8.391780202750351236e+02,8.391989324987832788e+02,8.392203157068653354e+02,8.392421511183615621e+02,8.392644201138783728e+02,8.392871043244866769e+02,8.393101857172374594e+02,8.393336466752296019e+02,8.393574700701343545e+02,8.393816393250683632e+02,8.394061384657544522e+02,8.394309521580503315e+02,8.394560657302055233e+02,8.394814651787230559e+02,8.395071371575577359e+02,8.395330689517389828e+02,8.395592484384633281e+02,8.395856640412901015e+02,8.396123046860698196e+02,8.396391597700410330e+02,8.396662191570100049e+02,8.396934732101217378e+02,8.397209128676782939e+02,8.397485297557523154e+02,8.397763163149431875e+02,8.398042659004471489e+02,8.398323727996516936e+02,8.398606321469551403e+02,8.398890397034114130e+02,8.399175914340503368e+02,8.399462827291449685e+02,8.399751069573989071e+02,8.400040525608325197e+02,8.400330927624480637e+02,8.400622221543070509e+02,8.400914596898256832e+02,8.401209445611450519e+02,8.401515008067140116e+02,8.401878678086350192e+02,8.402310361125057625e+02,8.402817140799018034e+02,8.403408774328005393e+02,8.404097905109141493e+02,8.404899380917493090e+02,8.405829776988664435e+02,8.406907477501881658e+02,8.408153262013927360e+02,8.409590850914675002e+02,8.411247238284528294e+02,8.413152970611736237e+02,8.415342381309037592e+02,8.417853279942338531e+02,8.420726985885567046e+02,8.424010329698758142e+02,8.427633898067531391e+02,8.431713002114571509e+02,8.435841496163853890e+02,8.439965649543127029e+02,8.444094505857475497e+02,8.448235244548334322e+02,8.452389946665484786e+02,8.456560342699118564e+02,8.460745224597609422e+02,8.464940707087345118e+02,8.469139570165638133e+02,8.473339460961560690e+02,8.477537714628113008e+02,8.481734055861951447e+02,8.485927405090764069e+02,8.490117727633491995e+02,8.494305162031839700e+02,8.498490680420198942e+02,8.502675756732136279e+02,8.506862240129082693e+02,8.511052188915904253e+02,8.515247673141575433e+02,8.519450757010042707e+02,8.523663348862155544e+02,8.527887187104714712e+02,8.532123731946372800e+02,8.536374155920362909e+02,8.540639302743439885e+02,8.544919703419966481e+02,8.549215586848278008e+02,8.553526914045525018e+02,8.557853414861573356e+02,8.562194631207200928e+02,8.566549962670439982e+02,8.570918709858515285e+02,8.575300116125807790e+02,8.579693402514857326e+02,8.584097797571838555e+02,8.588512559046288288e+02,8.592936989227538334e+02,8.597370443194490690e+02,8.601812331775961411e+02,8.606262119958363428e+02,8.610719322412337533e+02,8.615183497305644096e+02,8.619654239618499787e+02,8.624131174832747320e+02,8.628613953584480214e+02,8.633102247606152559e+02,8.637595746998681534e+02,8.642094158717520713e+02,8.646597206004298641e+02,8.651104628461621360e+02,8.655616182456266188e+02,8.660131641591475500e+02,8.664650797055105613e+02,8.669173457734909789e+02,8.673699450066844747e+02,8.678228617645879694e+02,8.682760820670298472e+02,8.687295935313343307e+02,8.691833853117550461e+02,8.696374480496740489e+02,8.700917738407423485e+02,8.705463562227375860e+02,8.710011901851386256e+02,8.714562721993659125e+02,8.719116002667178691e+02,8.723671739801044396e+02,8.728229945949416333e+02,8.732790651046967696e+02,8.737353903166962255e+02,8.741919769245247380e+02,8.746488335738456499e+02,8.751059709193426670e+02,8.755634016710102969e+02,8.760211406288082117e+02,8.764792047051118971e+02,8.769376129350362135e+02,8.773963864750182893e+02,8.778555485905842488e+02,8.783151246344771153e+02,8.787751420168104914e+02,8.792356301691526141e+02,8.796966205049247947e+02,8.801581463787446182e+02,8.806202430478215319e+02,8.810829476387666546e+02,8.815462991236231574e+02,8.820103383091412752e+02,8.824751078436734133e+02,8.829406522461544000e+02,8.834070179617834810e+02,8.838742534488460478e+02,8.843424093009057287e+02,8.848115384079777641e+02,8.852816961595256089e+02,8.857529406908539613e+02,8.862253331729355068e+02,8.866989381435772657e+02,8.871738238753384849e+02,8.876500627724475407e+02,8.881277317853813429e+02,8.886069128274924651e+02,8.890876931733674837e+02,8.895701658132813918e+02,8.900544297324528316e+02,8.905405900777274155e+02,8.910287581681458278e+02,8.915190512996376810e+02,8.920115922882505402e+02,8.925065086910730088e+02,8.930039316399380596e+02,8.935039942204672343e+02,8.940068293288163659e+02,8.945125669411899025e+02,8.950213307377158571e+02,8.955332340333269485e+02,8.960483749848148136e+02,8.965668310658203382e+02,8.970886528308674315e+02,8.976138570257671745e+02,8.981424191447205203e+02,8.986742655833475055e+02,8.992092655902248453e+02,8.997472232748697252e+02,9.002878699842381138e+02,9.008308574084436486e+02,9.013757518146626353e+02,9.019220298305328924e+02,9.024690761993515480e+02,9.030161839039304823e+02,9.035625570003926441e+02,9.041073164155767472e+02,9.046495088429876432e+02,9.051881187263848005e+02,9.057220831546695763e+02,9.062503093174076412e+02,9.067716940004380604e+02,9.072851444501985725e+02,9.077895998181963932e+02,9.082840523259530983e+02,9.087675672746763667e+02,9.092393010666418149e+02,9.096985165048578210e+02,9.101445947862537196e+02,9.105770437886995978e+02,9.109955024575306197e+02,9.113997413054436265e+02,9.117896592339053541e+02,9.121652770504454111e+02,9.125267281842559441e+02,9.128742471869942392e+02,9.132081566458019779e+02,9.135288531346844820e+02,9.138367927948745546e+02,9.141324770727820805e+02,9.144164390643934439e+02,9.146892308258636604e+02,9.149514119187757615e+02,9.152035393708699758e+02,9.154461591529942552e+02,9.156797992031756621e+02,9.159049639702514014e+02,9.161221304026527150e+02,9.163317452722192229e+02,9.165342236973990566e+02,9.167299487137269125e+02,9.169192717308119427e+02,9.171025137130429812e+02,9.172799669246533085e+02,9.174518970876665662e+02,9.176185458126071808e+02,9.177801331758395236e+02,9.179368603332281964e+02,9.180889120767752729e+02,9.182364592583570584e+02,9.183796610221110086e+02,9.185186668038971902e+02,9.186536180721690243e+02,9.187846497991288288e+02,9.189118916637831944e+02,9.190354689989901544e+02,9.191555035022030324e+02,9.192721137337238133e+02,9.193854154263805185e+02,9.194955216267097740e+02,9.196025426814223920e+02,9.197065860780300000e+02,9.198077561523821259e+02,9.199061536995194501e+02,9.200018755808868036e+02,9.200950145200132511e+02,9.201856594155683524e+02,9.202738966381067485e+02,9.203598128245916996e+02,9.204434994797877607e+02,9.205250590023117638e+02,9.206046103157802918e+02,9.206822899445642179e+02,9.207582413070942948e+02,9.208325820812663096e+02,9.209053387109204323e+02,9.209763418838263078e+02,9.210450918041558452e+02,9.211106321062253528e+02,9.211715185030353723e+02,9.212260281774161967e+02,9.212728132336521867e+02,9.213122288665687165e+02,9.213485226846130445e+02,9.213928772308852331e+02,9.214667611272878958e+02,9.216037417966859948e+02,9.218452717898295532e+02,9.222227317225924708e+02,9.227235383866889151e+02,9.232830622045597693e+02
8.388615130195018992e+02,8.388615129865931976e+02,8.388623434644669032e+02,8.388640036633153159e+02,8.388664920024948515e+02,8.388698061084197661e+02,8.388739428115145529e+02,8.388788981423574569e+02,8.388846673271929149e+02,8.388912447830434758e+02,8.388986241126908681e+02,8.389067980998523808e+02,8.389157587049222684e+02,8.389254970617009803e+02,8.389360034755778770e+02,8.389472674236853891e+02,8.389592775575794121e+02,8.389720217090391543e+02,8.389854868996110326e+02,8.389996593545342876e+02,8.390145245216967851e+02,8.390300670962516278e+02,8.390462710514968876e+02,8.390631196765596087e+02,8.390805956213446279e+02,8.390986809490875658e+02,8.391173571967092357e+02,8.391366054429799988e+02,8.391564063842915857e+02,8.391767404175859610e+02,8.391975877297193165e+02,8.392189283922544973e+02,8.392407424603760546e+02,8.392630100743357389e+02,8.392857115615604471e+02,8.393088275373123679e+02,8.393323390015839323e+02,8.393562274297503336e+02,8.393804748543873302e+02,8.394050639356049714e+02,8.394299780172552801e+02,8.394552011664795828e+02,8.394807181943419891e+02,8.395065146558624747e+02,8.395325768288071231e+02,8.395588916723355624e+02,8.395854467692795424e+02,8.396122302595492783e+02,8.396392307767283683e+02,8.396664374045876684e+02,8.396938396734266234e+02,8.397214276155032167e+02,8.397491918915305860e+02,8.397771239842937803e+02,8.398052164315236041e+02,8.398334630399681373e+02,8.398618589894085744e+02,8.398904008360342459e+02,8.399190863931922877e+02,8.399479144038135701e+02,8.399768837359944200e+02,8.400059914120325857e+02,8.400352269200126329e+02,8.400645385103058516e+02,8.400939451076610567e+02,8.401235944492600538e+02,8.401543451390933797e+02,8.401911247363681241e+02,8.402349757476484911e+02,8.402866175035882179e+02,8.403470209399274609e+02,8.404174466777789121e+02,8.404993939822957145e+02,8.405945609327494594e+02,8.407048455966003075e+02,8.408323854216448581e+02,8.409796141809741812e+02,8.411493062242440146e+02,8.413446204338031293e+02,8.415691648963210127e+02,8.418270914279031558e+02,8.421232282466770585e+02,8.424632199187208244e+02,8.428496307811947190e+02,8.432399489097873584e+02,8.436506906335683880e+02,8.440643246460620048e+02,8.444794286792965750e+02,8.448952802129385873e+02,8.453123490741421620e+02,8.457306772545985041e+02,8.461501160392103884e+02,8.465705263285458386e+02,8.469913585355762962e+02,8.474122505574158595e+02,8.478328653909952664e+02,8.482531397205626718e+02,8.486729898986203580e+02,8.490924502098916946e+02,8.495115502015042921e+02,8.499304017765720118e+02,8.503491517189092974e+02,8.507679941892159832e+02,8.511871421215462306e+02,8.516068142788897148e+02,8.520272250574182635e+02,8.524485730237103098e+02,8.528710377767500859e+02,8.532947709737720743e+02,8.537198950064647534e+02,8.541464987595594494e+02,8.545746390630860105e+02,8.550043413752574679e+02,8.554356034143668239e+02,8.558683986882704176e+02,8.563026810786325314e+02,8.567383893967909216e+02,8.571754519333029521e+02,8.576137907178076603e+02,8.580533251944472113e+02,8.584939753315939015e+02,8.589356639427683149e+02,8.593783183519340128e+02,8.598218713411005183e+02,8.602662615540083380e+02,8.607114334174851820e+02,8.611573367519196154e+02,8.616039261773620410e+02,8.620511604451135099e+02,8.624990017796026223e+02,8.629474152985578712e+02,8.633963685471784402e+02,8.638458311584203102e+02,8.642957746326029564e+02,8.647461722152942230e+02,8.651969988467409394e+02,8.656482311541304853e+02,8.660998474617133525e+02,8.665518277995529388e+02,8.670041538988956518e+02,8.674568091693489578e+02,8.679097786587821020e+02,8.683630490013844110e+02,8.688166083613896262e+02,8.692704463808373703e+02,8.697245541386346304e+02,8.701789241266139925e+02,8.706335502457385473e+02,8.710884278234499334e+02,8.715435536508218775e+02,8.719989260367274255e+02,8.724545448749306615e+02,8.729104117196451398e+02,8.733665298648501221e+02,8.738229044231180751e+02,8.742795424000827325e+02,8.747364527615251291e+02,8.751936464906224273e+02,8.756511366337813342e+02,8.761089383339925689e+02,8.765670688513910136e+02,8.770255475710941937e+02,8.774843959990043913e+02,8.779436377465523265e+02,8.784032985058868235e+02,8.788634060172664704e+02,8.793239900309000632e+02,8.797850822657314893e+02,8.802467163681435522e+02,8.807089278738086477e+02,8.811717541763664485e+02,8.816352345068365821e+02,8.820994099280540013e+02,8.825643233485380961e+02,8.830300195604165765e+02,8.834965453059327274e+02,8.839639493769618639e+02,8.844322827514876053e+02,8.849015987704002555e+02,8.853719533569272926e+02,8.858434052797296090e+02,8.863160164588672387e+02,8.867898523116820115e+02,8.872649821328594726e+02,8.877414794997504259e+02,8.882194226901866614e+02,8.886988950957619409e+02,8.891799856086619229e+02,8.896627889548802841e+02,8.901474059409317761e+02,8.906339435752827285e+02,8.911225150196345339e+02,8.916132393193319103e+02,8.921062408566272097e+02,8.926016484658447325e+02,8.930995941459441383e+02,8.936002113042671908e+02,8.941036324658439298e+02,8.946099863863846622e+02,8.951193945146425222e+02,8.956319667621010012e+02,8.961477965556169920e+02,8.966669551724816074e+02,8.971894853877379319e+02,8.977153945007612492e+02,8.982446468516448022e+02,8.987771559870224110e+02,8.993127766878379816e+02,8.998512971258054449e+02,9.003924314673947720e+02,9.009358132899183147e+02,9.014809902086270768e+02,9.020274201313176263e+02,9.025744695524008421e+02,9.031214142670438605e+02,9.036674428244569981e+02,9.042116629464268271e+02,9.047531110142414263e+02,9.052907645789158551e+02,9.058235576841485681e+02,9.063503986198735447e+02,9.068701895600205489e+02,9.073818473957007882e+02,9.078843249683989143e+02,9.083766318486202636e+02,9.088578538015100321e+02,9.093271701348785427e+02,9.097838682336662259e+02,9.102273547394830757e+02,9.106571630211543606e+02,9.110729567860175848e+02,9.114745298848437187e+02,9.118618025496787141e+02,9.122348144604537765e+02,9.125937151538424814e+02,9.129387523621687706e+02,9.132702589013107399e+02,9.135886387184449404e+02,9.138943526698299138e+02,9.141879045338565675e+02,9.144698276838902302e+02,9.147406727570773910e+02,9.150009965661088245e+02,9.152513524162530985e+02,9.154922819134824294e+02,9.157243082834004326e+02,9.159479311659312089e+02,9.161636228073247139e+02,9.163718255383737414e+02,9.165729504048099443e+02,9.167673768014346933e+02,9.169554529544345769e+02,9.171374970953163484e+02,9.173137991738879009e+02,9.174846229657047161e+02,9.176502084405121877e+02,9.178107742716500752e+02,9.179665203814362258e+02,9.181176304335708664e+02,9.182642742000507496e+02,9.184066097464237828e+02,9.185447853950502122e+02,9.186789414409587380e+02,9.188092116085756516e+02,9.189357242497623020e+02,9.190586032938439303e+02,9.191779689682787193e+02,9.192939383137510276e+02,9.194066255192643666e+02,9.195161421008853040e+02,9.196225969424972391e+02,9.197260962099925337e+02,9.198267431459935324e+02,9.199246377578351712e+02,9.200198764379506429e+02,9.201125516146437349e+02,9.202027516298171577e+02,9.202905611696853612e+02,9.203760626943195575e+02,9.204593393289237611e+02,9.205404794356951470e+02,9.206195823600191943e+02,9.206967634114887460e+02,9.207721538865901039e+02,9.208458891008737055e+02,9.209180748778666157e+02,9.209887226895089043e+02,9.210576488815007679e+02,9.211243484263443406e+02,9.211878825618280189e+02,9.212468639199537392e+02,9.212996772825945300e+02,9.213451241003162977e+02,9.213836988571699749e+02,9.214196568677815549e+02,9.214638427926674922e+02,9.215367389384407488e+02,9.216699788466238488e+02,9.219021669794124136e+02,9.222620518619527274e+02,9.227375616366547320e+02,9.232689335561061625e+02
8.388731741656738450e+02,8.388731741317905062e+02,8.388740246260971389e+02,8.388757248353939531e+02,8.388782731319221284e+02,8.388816670705732577e+02,8.388859033848211766e+02,8.388909779815181764e+02,8.388968859347510261e+02,8.389036214789994119e+02,8.389111780018955642e+02,8.389195480369368170e+02,8.389287232565604882e+02,8.389386944660456038e+02,8.389494515987663590e+02,8.389609837133754127e+02,8.389732789935495703e+02,8.389863247509821349e+02,8.390001074323407693e+02,8.390146126309499550e+02,8.390298251039631623e+02,8.390457287957972312e+02,8.390623068685694079e+02,8.390795417402284784e+02,8.390974151309833360e+02,8.391159081185099922e+02,8.391350012022543297e+02,8.391546743769403065e+02,8.391749072151422979e+02,8.391956789584912713e+02,8.392169686167540021e+02,8.392387550736747244e+02,8.392610171980975338e+02,8.392837339585223617e+02,8.393068845388920636e+02,8.393304484530914351e+02,8.393544056553544124e+02,8.393787366435506101e+02,8.394034225521431836e+02,8.394284452314896043e+02,8.394537873100957768e+02,8.394794322364821255e+02,8.395053642975506136e+02,8.395315686109179296e+02,8.395580310898741345e+02,8.395847383817798573e+02,8.396116777842486272e+02,8.396388371486594906e+02,8.396662047873337542e+02,8.396937694082412236e+02,8.397215201072338004e+02,8.397494464491852568e+02,8.397775386617075810e+02,8.398057879447295591e+02,8.398341868654476912e+02,8.398627297557330849e+02,8.398914129458481739e+02,8.399202349532754397e+02,8.399491966818412720e+02,8.399783016511291862e+02,8.400075561067834542e+02,8.400369683708172488e+02,8.400665418658676344e+02,8.400961735542952056e+02,8.401260257344354159e+02,8.401569966027846021e+02,8.401941948829067996e+02,8.402387218313646144e+02,8.402913147762867538e+02,8.403529504308447713e+02,8.404248959021808787e+02,8.405086693758563570e+02,8.406060071047469364e+02,8.407188627301945871e+02,8.408494385949678644e+02,8.410002368159941852e+02,8.411741164107781970e+02,8.413743538649333686e+02,8.416047016568198842e+02,8.418694915234549399e+02,8.421735980794358056e+02,8.425216564393437011e+02,8.429137651845006758e+02,8.433161181731566103e+02,8.437204303869140176e+02,8.441323196871435357e+02,8.445490209250799580e+02,8.449667892717418454e+02,8.453857162460359405e+02,8.458054812362561279e+02,8.462261412672355618e+02,8.466474681464374044e+02,8.470691601284352146e+02,8.474908677997165114e+02,8.479122373239933950e+02,8.483331379766834743e+02,8.487534892063521283e+02,8.491733442309188149e+02,8.495927590378435070e+02,8.500118665238032918e+02,8.504308204968202745e+02,8.508498246046573286e+02,8.512690978664749082e+02,8.516888701076546795e+02,8.521093640286392201e+02,8.525307867740921210e+02,8.529533237819860005e+02,8.533771320749997358e+02,8.538023382705747508e+02,8.542290349614307843e+02,8.546572818216823180e+02,8.550871061803487692e+02,8.555185066780522902e+02,8.559514567445181683e+02,8.563859094009184219e+02,8.568218018517322889e+02,8.572590602519150025e+02,8.576976040571554449e+02,8.581373498859604751e+02,8.585782147466294418e+02,8.590201185063833691e+02,8.594629856679330260e+02,8.599067464255313098e+02,8.603513371537461580e+02,8.607967003939652386e+02,8.612427845069787509e+02,8.616895430942403209e+02,8.621369343220301289e+02,8.625849202325941860e+02,8.630334661174900930e+02,8.634825399919689062e+02,8.639321121895751503e+02,8.643821550747256879e+02,8.648326428573526528e+02,8.652835514864336801e+02,8.657348585960019136e+02,8.661865434799983632e+02,8.666385870764405581e+02,8.670909719482754099e+02,8.675436822542850450e+02,8.679967037094255602e+02,8.684500235378966408e+02,8.689036304249997329e+02,8.693575144744914951e+02,8.698116671778399223e+02,8.702660814001114886e+02,8.707207513853933278e+02,8.711756727823087658e+02,8.716308426884054370e+02,8.720862597104320457e+02,8.725419240366436497e+02,8.729978375165371745e+02,8.734540037435182285e+02,8.739104281360987443e+02,8.743671180139396029e+02,8.748240826655669480e+02,8.752813334055022096e+02,8.757388836191313430e+02,8.761967487944820050e+02,8.766549465405646515e+02,8.771134965926305540e+02,8.775724208050629613e+02,8.780317431331944817e+02,8.784914896056277485e+02,8.789516882891495015e+02,8.794123692485834454e+02,8.798735645044135936e+02,8.803353079912596968e+02,8.807976355207530332e+02,8.812605847525884428e+02,8.817241951779398050e+02,8.821885081195715657e+02,8.826535667532530169e+02,8.831194161550482704e+02,8.835861033790612282e+02,8.840536775698523115e+02,8.845221901133281790e+02,8.849916948290298251e+02,8.854622482057121715e+02,8.859339096805401823e+02,8.864067419603760527e+02,8.868808113811955991e+02,8.873561882988557272e+02,8.878329475009966245e+02,8.883111686260081115e+02,8.887909365705228311e+02,8.892723418620604434e+02,8.897554809680883636e+02,8.902404565071836942e+02,8.907273773221106694e+02,8.912163583688324024e+02,8.917075203698070709e+02,8.922009891748513155e+02,8.926968947685853664e+02,8.931953698606210992e+02,8.936965479936029624e+02,8.942005611057315946e+02,8.947075364890608853e+02,8.952175930935358110e+02,8.957308371400987426e+02,8.962473570250768944e+02,8.967672175229761251e+02,8.972904533262571931e+02,8.978170619986007068e+02,8.983469964622516954e+02,8.988801571891194726e+02,8.994163843176897899e+02,8.999554499707294326e+02,9.004970510987877788e+02,9.010408032171779951e+02,9.015862354345317726e+02,9.021327871837758039e+02,9.026798070563835381e+02,9.032265541035551450e+02,9.037722019007276231e+02,9.043158455737160466e+02,9.048565118579906539e+02,9.053931721123508396e+02,9.059247580432015639e+02,9.064501797272073418e+02,9.069683453618725935e+02,9.074781820397821548e+02,9.079786567462720086e+02,9.084687967329125513e+02,9.089477084270777141e+02,9.094145941024220292e+02,9.098687656520546625e+02,9.103096549660132268e+02,9.107368206035505409e+02,9.111499506524395429e+02,9.115488618652306059e+02,9.119334953408190358e+02,9.123039091666295235e+02,9.126602685441907852e+02,9.130028339854510477e+02,9.133319481898270169e+02,9.136480221971465880e+02,9.139515213663436271e+02,9.142429516622192978e+02,9.145228466512367049e+02,9.147917555199021535e+02,9.150502323422890640e+02,9.152988267415772725e+02,9.155380760174539319e+02,9.157684987487369881e+02,9.159905898293486644e+02,9.162048168556293604e+02,9.164116177531873291e+02,9.166113995109409416e+02,9.168045378775193512e+02,9.169913778694639177e+02,9.171722349405938530e+02,9.173473966663542569e+02,9.175171248050511394e+02,9.176816576087289832e+02,9.178412122693674746e+02,9.179959874003943696e+02,9.181461654686812608e+02,9.182919151076831668e+02,9.184333932577685573e+02,9.185707470946535977e+02,9.187041157208832374e+02,9.188336316081949917e+02,9.189594217901092179e+02,9.190816088139778230e+02,9.192003114696866533e+02,9.193156453179110486e+02,9.194277230438019615e+02,9.195366546618047323e+02,9.196425475937804777e+02,9.197455066362376783e+02,9.198456338253952254e+02,9.199430282052776420e+02,9.200377855117419585e+02,9.201299978142420741e+02,9.202197532179355903e+02,9.203071358258174541e+02,9.203922262822565017e+02,9.204751033209001889e+02,9.205558467282528454e+02,9.206345418544257200e+02,9.207112850521682503e+02,9.207861880048500325e+02,9.208593767484817363e+02,9.209309785800689951e+02,9.210010879058161208e+02,9.210697023104172558e+02,9.211366257620759370e+02,9.212013507816914171e+02,9.212629591362107249e+02,9.213201219028196647e+02,9.213713291992307859e+02,9.214155231824350949e+02,9.214533213778313439e+02,9.214889655899971785e+02,9.215329462784951602e+02,9.216047686869769677e+02,9.217341994914537509e+02,9.219571493004251579e+02,9.222999425337301318e+02,9.227510660765477724e+02,9.232553144440018968e+02
8.388843274430124666e+02,8.388843274082014432e+02,8.388851986675291528e+02,8.388869403855320570e+02,8.388895508895510602e+02,8.388930276661634480e+02,8.388973673559551116e+02,8.389025657467853989e+02,8.389086177657491135e+02,8.389155174700971429e+02,8.389232580374364261e+02,8.389318317555889735e+02,8.389412300125562751e+02,8.389514432870995506e+02,8.389624611405157566e+02,8.389742722102561174e+02,8.389868642061030641e+02,8.390002239096825178e+02,8.390143371781472297e+02,8.390291889529124774e+02,8.390447632743603208e+02,8.390610433034362359e+02,8.390780113510547835e+02,8.390956489161827676e+02,8.391139367333859127e+02,8.391328548304982178e+02,8.391523825968939718e+02,8.391724988626124286e+02,8.391931819882915988e+02,8.392144099655297396e+02,8.392361605268941958e+02,8.392584112643669414e+02,8.392811397545557384e+02,8.393043236885313263e+02,8.393279410037022217e+02,8.393519700147109006e+02,8.393763895399647481e+02,8.394011790200992209e+02,8.394263186244052122e+02,8.394517893410499028e+02,8.394775730467657695e+02,8.395036525516145502e+02,8.395300116145532456e+02,8.395566349260219567e+02,8.395835080550161820e+02,8.396106173606216316e+02,8.396379498724444375e+02,8.396654931513965039e+02,8.396932351520656539e+02,8.397211641196951177e+02,8.397492685657085758e+02,8.397775373712998999e+02,8.398059600625025496e+02,8.398345272765402569e+02,8.398632313933997011e+02,8.398920672083602312e+02,8.399210322854175956e+02,8.399501274121878396e+02,8.399793574352272572e+02,8.400087330301690827e+02,8.400382746860512952e+02,8.400680224891143553e+02,8.400980495631087024e+02,8.401281900796717537e+02,8.401594235328477680e+02,8.401970490069190873e+02,8.402422479284957717e+02,8.402957832448457793e+02,8.403586456783497169e+02,8.404321170333145119e+02,8.405177393579787122e+02,8.406172874011535896e+02,8.407327677694264594e+02,8.408664463139303962e+02,8.410208912913695940e+02,8.411990327844855528e+02,8.414041934816461890e+02,8.416402172910278523e+02,8.419113660694048349e+02,8.422222683722662850e+02,8.425768895705427894e+02,8.429739012879487063e+02,8.433804036790943428e+02,8.437911121933824461e+02,8.442024637262472879e+02,8.446191729871684402e+02,8.450382723149374442e+02,8.454591286713414320e+02,8.458805038062571384e+02,8.463025116891579955e+02,8.467248707087245521e+02,8.471474171840188774e+02,8.475698614378110278e+02,8.479919143101020609e+02,8.484133977387855339e+02,8.488342233973913835e+02,8.492544413557225198e+02,8.496741333954461197e+02,8.500934537666333881e+02,8.505125721910884522e+02,8.509317039159401475e+02,8.513510750185716915e+02,8.517709251491171472e+02,8.521914849390151403e+02,8.526129701989710838e+02,8.530355722883261933e+02,8.534594534083299777e+02,8.538847436471015726e+02,8.543115384653841602e+02,8.547398994085168624e+02,8.551698548862618736e+02,8.556014037138553476e+02,8.560345186401361843e+02,8.564691512897636585e+02,8.569052368401758031e+02,8.573426989859685818e+02,8.577814543899187356e+02,8.582214167219818819e+02,8.586624999941567467e+02,8.591046211691888175e+02,8.595477020317030110e+02,8.599916703394906108e+02,8.604364603778200262e+02,8.608820129965573642e+02,8.613282752897865748e+02,8.617752000225093525e+02,8.622227449398982344e+02,8.626708720438782620e+02,8.631195469181196813e+02,8.635687381428772369e+02,8.640184168256190560e+02,8.644685562486681647e+02,8.649191316232953568e+02,8.653701199296475579e+02,8.658214998189422431e+02,8.662732515549193977e+02,8.667253569753808051e+02,8.671777994600286092e+02,8.676305638967679670e+02,8.680836366438319374e+02,8.685370054894052601e+02,8.689906596128575984e+02,8.694445895530593589e+02,8.698987871888326708e+02,8.703532457356880059e+02,8.708079597610433211e+02,8.712629252184350435e+02,8.717181394992149990e+02,8.721736014989696741e+02,8.726293116946801547e+02,8.730852722283057119e+02,8.735414869921866057e+02,8.739979617121188085e+02,8.744547040242968023e+02,8.749117235431798463e+02,8.753690319179202106e+02,8.758266428759129667e+02,8.762845722525829615e+02,8.767428380073309881e+02,8.772014602259956746e+02,8.776604611108496101e+02,8.781198649594728067e+02,8.785796981344083179e+02,8.790399890257706375e+02,8.795007680094861371e+02,8.799620674040943413e+02,8.804239214295114380e+02,8.808863661713951387e+02,8.813494395551746265e+02,8.818131813339830387e+02,8.822776330950495094e+02,8.827428382891292813e+02,8.832088422876510094e+02,8.836756924720035613e+02,8.841434383591086998e+02,8.846121317667298172e+02,8.850818270211358367e+02,8.855525812084130166e+02,8.860244544691521469e+02,8.864975103341053000e+02,8.869718160959421311e+02,8.874474432091612925e+02,8.879244677067538305e+02,8.884029706181441952e+02,8.888830383684957042e+02,8.893647631344776983e+02,8.898482431263508943e+02,8.903335827606051680e+02,8.908208926817466136e+02,8.913102895861594561e+02,8.918018957956891200e+02,8.922958385238428036e+02,8.927922487738284190e+02,8.932912598053433157e+02,8.937930051067895647e+02,8.942976158118923422e+02,8.948052175053840074e+02,8.953159263720822310e+02,8.958298446582116412e+02,8.963470554337676504e+02,8.968676166707710991e+02,8.973915546846155848e+02,8.979188570244314178e+02,8.984494649428344246e+02,8.989832656245118869e+02,8.995200844047840292e+02,9.000596772608743095e+02,9.006017239063987745e+02,9.011458218591885725e+02,9.016914818789233550e+02,9.022381251790177430e+02,9.027850828017368485e+02,9.033315975026328033e+02,9.038768284175622512e+02,9.044198586826380506e+02,9.049597060471423902e+02,9.054953363676150957e+02,9.060256797070874200e+02,9.065496485985740946e+02,9.070661578800092002e+02,9.075741453828177328e+02,9.080725926709777696e+02,9.085605449916654379e+02,9.090371296178701641e+02,9.095015718380382168e+02,9.099532079724815503e+02,9.103914949606656819e+02,9.108160162533680477e+02,9.112264839427964489e+02,9.116227372557597164e+02,9.120047377052982256e+02,9.123725613336168863e+02,9.127263885767333704e+02,9.130664923364872720e+02,9.133932248601357742e+02,9.137070040067002310e+02,9.140082994296896004e+02,9.142976191360846769e+02,9.145754967997348786e+02,9.148424801210351234e+02,9.150991204399862227e+02,9.153459637310586459e+02,9.155835430386350708e+02,9.158123723528096889e+02,9.160329418774557553e+02,9.162457146054138093e+02,9.164511240885410643e+02,9.166495732720603655e+02,9.168414342518946114e+02,9.170270488092425012e+02,9.172067295773790647e+02,9.173807617005511474e+02,9.175494048529599240e+02,9.177128954964307468e+02,9.178714492677909220e+02,9.180252634006195649e+02,9.181745191004017670e+02,9.183193838067528532e+02,9.184600132908761907e+02,9.185965535504174113e+02,9.187291424770958201e+02,9.188579112846447288e+02,9.189829856954827392e+02,9.191044868939728758e+02,9.192225322619152621e+02,9.193372359178173383e+02,9.194487090852064739e+02,9.195570603163710075e+02,9.196623955961248384e+02,9.197648183454039099e+02,9.198644293374968584e+02,9.199613265327324143e+02,9.200556048351359095e+02,9.201473557842424498e+02,9.202366672266838350e+02,9.203236230741716781e+02,9.204083033497072392e+02,9.204907848366608505e+02,9.205711427294501163e+02,9.206494536449868065e+02,9.207258000438944237e+02,9.208002753405231715e+02,9.208729875841690955e+02,9.209440575411770169e+02,9.210136046223242374e+02,9.210817123181977877e+02,9.211483654678909261e+02,9.212133576273365634e+02,9.212761815318465324e+02,9.213359421260408908e+02,9.213913700329796939e+02,9.214410579880725436e+02,9.214840799849341693e+02,9.215211606685161314e+02,9.215565082728815014e+02,9.216002446726438393e+02,9.216709092434090280e+02,9.217964686738386035e+02,9.220102880958137348e+02,9.223364619722640327e+02,9.227640735407259172e+02,9.232421837309236707e+02
8.388949533706785360e+02,8.388949533350021284e+02,8.388958461314858823e+02,8.388976309038954469e+02,8.389003059376094598e+02,8.389038686551779165e+02,8.389083156097879055e+02,8.389136424767971221e+02,8.389198440435501425e+02,8.389269141977528079e+02,8.389348459147462336e+02,8.389436312440856227e+02,8.389532612959058042e+02,8.389637262276276033e+02,8.389750152316433969e+02,8.389871165246963756e+02,8.390000173397580738e+02,8.390137039212820582e+02,8.390281615247959053e+02,8.390433744218537413e+02,8.390593259114300508e+02,8.390759983388655883e+02,8.390933731234829338e+02,8.391114307959580856e+02,8.391301510464618332e+02,8.391495127844536910e+02,8.391694942108288160e+02,8.391900729028519663e+02,8.392112259119919599e+02,8.392329298743590016e+02,8.392551611329795378e+02,8.392778958706094272e+02,8.393011102512152775e+02,8.393247805676597864e+02,8.393488833925441668e+02,8.393733957286086707e+02,8.393982951545956439e+02,8.394235599620527637e+02,8.394491692781872416e+02,8.394751031695685697e+02,8.395013427212001034e+02,8.395278700852483098e+02,8.395546684936226711e+02,8.395817222288684434e+02,8.396090165489291621e+02,8.396365375640060620e+02,8.396642720690446140e+02,8.396922073444397938e+02,8.397203309511342013e+02,8.397486305641472200e+02,8.397770939067796689e+02,8.398057088609815537e+02,8.398344638295270670e+02,8.398633484043442650e+02,8.398923543386446227e+02,8.399214766233087630e+02,8.399507137543700992e+02,8.399800683456602428e+02,8.400095487881563940e+02,8.400391741773955800e+02,8.400689903719772929e+02,8.400991273357653881e+02,8.401299657403508263e+02,8.401615899193548103e+02,8.401996587478359970e+02,8.402455274075630314e+02,8.402999983902823260e+02,8.403640834791050338e+02,8.404390859721846709e+02,8.405265763926037152e+02,8.406283690419052164e+02,8.407465213162943201e+02,8.408833574001895386e+02,8.410415065809530688e+02,8.412239429325559286e+02,8.414340580239446581e+02,8.416754993264818268e+02,8.419527320137444804e+02,8.422700310637453640e+02,8.426308601690177511e+02,8.430330576860169458e+02,8.434433646070696113e+02,8.438573509637462848e+02,8.442729954420290142e+02,8.446903608376422881e+02,8.451104341935758839e+02,8.455327334973339930e+02,8.459557135205687928e+02,8.463791929768110549e+02,8.468026743487079102e+02,8.472261209387393137e+02,8.476492659328702075e+02,8.480719286223921927e+02,8.484939286828864624e+02,8.489151835657233960e+02,8.493357274717981227e+02,8.497556602029096666e+02,8.501751531154650365e+02,8.505943972491334080e+02,8.510136219179377122e+02,8.514330632636647351e+02,8.518529699989694564e+02,8.522735801985687658e+02,8.526951176373997896e+02,8.531177793964078546e+02,8.535417325462191229e+02,8.539671100315737249e+02,8.543940093728200509e+02,8.548224930132527106e+02,8.552525895852343183e+02,8.556842972842176778e+02,8.561175875581310493e+02,8.565524101085442226e+02,8.569886976973872379e+02,8.574263712711087919e+02,8.578653445262730202e+02,8.583055281042467186e+02,8.587468330254425837e+02,8.591891734218261263e+02,8.596324684872457738e+02,8.600766437102527107e+02,8.605216314770400459e+02,8.609673711462660322e+02,8.614138087417885572e+02,8.618608963760170809e+02,8.623085915367283860e+02,8.627568563258445238e+02,8.632056567343059896e+02,8.636549619981815340e+02,8.641047440669033222e+02,8.645549771886870758e+02,8.650056376067668680e+02,8.654567033486656555e+02,8.659081540870378149e+02,8.663599710501324580e+02,8.668121369625699799e+02,8.672646360020369229e+02,8.677174537624239292e+02,8.681705772192947279e+02,8.686239946972779080e+02,8.690776958420377696e+02,8.695316716005640956e+02,8.699859142139191590e+02,8.704404172255178764e+02,8.708951755068426337e+02,8.713501853006051761e+02,8.718054442799782464e+02,8.722609516209603271e+02,8.727167080842011728e+02,8.731727161019020969e+02,8.736289798655088816e+02,8.740855054099849895e+02,8.745423006911420316e+02,8.749993756530051314e+02,8.754567422831122485e+02,8.759144146542400904e+02,8.763724089519444078e+02,8.768307434878061031e+02,8.772894386990377598e+02,8.777485171354853719e+02,8.782080034356910119e+02,8.786679242939765118e+02,8.791283084210526795e+02,8.795891865009127741e+02,8.800505911472632761e+02,8.805125568629802046e+02,8.809751200065223884e+02,8.814383187694257913e+02,8.819021931693545184e+02,8.823667850632594991e+02,8.828321381853679668e+02,8.832982982145642836e+02,8.837653128755792977e+02,8.842332320778556323e+02,8.847021080953189767e+02,8.851719957891783679e+02,8.856429528745668449e+02,8.861150402299871303e+02,8.865883222463838820e+02,8.870628672099271625e+02,8.875387477095079021e+02,8.880160410562460811e+02,8.884948296982599913e+02,8.889752016093257225e+02,8.894572506251539608e+02,8.899410766956815451e+02,8.904267860163449768e+02,8.909144909957157097e+02,8.914043100115287643e+02,8.918963669020920406e+02,8.923907901358084018e+02,8.928877115983103749e+02,8.933872649351026212e+02,8.938895833880351347e+02,8.943947970671569010e+02,8.949030296060561795e+02,8.954143941595521028e+02,8.959289887181389531e+02,8.964468907346731612e+02,8.969681510858135880e+02,8.974927874240280516e+02,8.980207770153192541e+02,8.985520492026389547e+02,8.990864776838543548e+02,8.996238728441114745e+02,9.001639744325228776e+02,9.007064449186156025e+02,9.012508639003557391e+02,9.017967239578955514e+02,9.023434283502841708e+02,9.028902909315614806e+02,9.034365386141396357e+02,9.039813166292117330e+02,9.045236967264482928e+02,9.050626883217698833e+02,9.055972524489623083e+02,9.061263182079150056e+02,9.066488012413179831e+02,9.071636236263635737e+02,9.076697344519385524e+02,9.081661302771328792e+02,9.086518746424933397e+02,9.091261158358255443e+02,9.095881021985627513e+02,9.100371943905142871e+02,9.104728741990944627e+02,9.108947496693822359e+02,9.113025565274302835e+02,9.116961560552098263e+02,9.120755297377182842e+02,9.124407711308069793e+02,9.127920754862184367e+02,9.131297277166079311e+02,9.134540892902957694e+02,9.137655846186368080e+02,9.140646874455524085e+02,9.143519076771592609e+02,9.146277790075714620e+02,9.148928476119276638e+02,9.151476620952576013e+02,9.153927648100727765e+02,9.156286845892348083e+02,9.158559308850165053e+02,9.160749892606129379e+02,9.162863181462114426e+02,9.164903467471359590e+02,9.166874739753432095e+02,9.168780682664188362e+02,9.170624681409373125e+02,9.172409833705387427e+02,9.174138966142937761e+02,9.175814653990936449e+02,9.177439243281494328e+02,9.179014874136248636e+02,9.180543504424493904e+02,9.182026932979683806e+02,9.183466821739311854e+02,9.184864716310034964e+02,9.186222064591974004e+02,9.187540233220988739e+02,9.188820521702443784e+02,9.190064174213146089e+02,9.191272389137877781e+02,9.192446326481965571e+02,9.193587113360225658e+02,9.194695847803369588e+02,9.195773601142809639e+02,9.196821419230717538e+02,9.197840322721033317e+02,9.198831306580489127e+02,9.199795338924974430e+02,9.200733359211623110e+02,9.201646275806579069e+02,9.202534963066914315e+02,9.203400258409624257e+02,9.204242960471310653e+02,9.205063830383944605e+02,9.205863599233560990e+02,9.206642985428462680e+02,9.207402725060626381e+02,9.208143614965597408e+02,9.208866560380550936e+02,9.209572605425000802e+02,9.210262905219406093e+02,9.210938576793536186e+02,9.211600351519048218e+02,9.212247962210869900e+02,9.212879259844268063e+02,9.213489199305540751e+02,9.214069085520669660e+02,9.214606827066829737e+02,9.215089346119384572e+02,9.215508610438696451e+02,9.215872782086489678e+02,9.216223418540832881e+02,9.216657927407475199e+02,9.217352173562684357e+02,9.218568489906621153e+02,9.220616499055622626e+02,9.223716656744765032e+02,9.227766047899992827e+02,9.232295213233660434e+02
8.389050316665036462e+02,8.389050316300410941e+02,8.389059467581322451e+02,8.389077761756744849e+02,8.389105181298421030e+02,8.389141699846677511e+02,8.389187282130482117e+02,8.389241883863364819e+02,8.389305451617449307e+02,8.389377922678454524e+02,8.389459224885227968e+02,8.389549276458119493e+02,8.389647985821311522e+02,8.389755251425063989e+02,8.389870961574816874e+02,8.389994994275004956e+02,8.390127217096495542e+02,8.390267487077562691e+02,8.390415650669309571e+02,8.390571543737391949e+02,8.390734991632680249e+02,8.390905809344112640e+02,8.391083801747305415e+02,8.391268763962405046e+02,8.391460481834111533e+02,8.391658732545572548e+02,8.391863285375933401e+02,8.392073902608523213e+02,8.392290340592943494e+02,8.392512350959596006e+02,8.392739681979583111e+02,8.392972080056401865e+02,8.393209291328694235e+02,8.393451063355850010e+02,8.393697146850680610e+02,8.393947297416227684e+02,8.394201277237225440e+02,8.394458856671062676e+02,8.394719815678203076e+02,8.394983945027697700e+02,8.395251047209133048e+02,8.395520936977916335e+02,8.395793441456581832e+02,8.396068399713043391e+02,8.396345661742880111e+02,8.396625086806778882e+02,8.396906541131702397e+02,8.397189895094663825e+02,8.397475020188231838e+02,8.397761786329152756e+02,8.398050060356367794e+02,8.398339706827730424e+02,8.398630592394407586e+02,8.398922595019836308e+02,8.399215618843068114e+02,8.399509611495728905e+02,8.399804558860975021e+02,8.400100485822218843e+02,8.400397473642643718e+02,8.400695759198598580e+02,8.400996247421522867e+02,8.401303048315435262e+02,8.401633658486841796e+02,8.402019905056832840e+02,8.402485331154157393e+02,8.403039342274469163e+02,8.403692382622995183e+02,8.404457760618976181e+02,8.405351509052426309e+02,8.406392181989307346e+02,8.407600849673100356e+02,8.409001302521030539e+02,8.410620386700734343e+02,8.412488316356399309e+02,8.414639051156738105e+02,8.417110925019050001e+02,8.419936953923853480e+02,8.423172357983850134e+02,8.426844525880779884e+02,8.430924668237603328e+02,8.435069473480763236e+02,8.439238659108359570e+02,8.443422585699829597e+02,8.447623455568364079e+02,8.451835989808364502e+02,8.456069241239246139e+02,8.460312822017389180e+02,8.464561486487124284e+02,8.468808163859469005e+02,8.473052117059226021e+02,8.477290648644184330e+02,8.481522912111539654e+02,8.485747402521053573e+02,8.489963647151674877e+02,8.494171883271576462e+02,8.498373232403376960e+02,8.502569508173517079e+02,8.506762842547777836e+02,8.510955684100704275e+02,8.515150529258012284e+02,8.519349957636964064e+02,8.523556424704729579e+02,8.527772236705187652e+02,8.531999416208851699e+02,8.536239676449253011e+02,8.540494369580221701e+02,8.544764483622640228e+02,8.549050642887145841e+02,8.553353127135266050e+02,8.557671903989012208e+02,8.562006668522218433e+02,8.566356893327055104e+02,8.570721878234031692e+02,8.575100802690867567e+02,8.579492772682082204e+02,8.583896863937391117e+02,8.588312157194339989e+02,8.592737766534669390e+02,8.597172859533604878e+02,8.601616670239013729e+02,8.606068505543089486e+02,8.610527746183508953e+02,8.614993843686287391e+02,8.619466314484308214e+02,8.623944732497564019e+02,8.628428721112035191e+02,8.632917945415604208e+02,8.637412105179885202e+02,8.641910928939370251e+02,8.646414169250289206e+02,8.650921599106525264e+02,8.655433009355095919e+02,8.659948206920963685e+02,8.664467013625306890e+02,8.668989265408613392e+02,8.673514811803021303e+02,8.678043515549237554e+02,8.682575252297137922e+02,8.687109910371096930e+02,8.691647390606966610e+02,8.696187606285889160e+02,8.700730483192040765e+02,8.705275959818911815e+02,8.709823987735230730e+02,8.714374532110064138e+02,8.718927572380160882e+02,8.723483103032841655e+02,8.728041134466867561e+02,8.732601693891152763e+02,8.737164826218262306e+02,8.741730594914105268e+02,8.746299082768242670e+02,8.750870392557691275e+02,8.755444647582717153e+02,8.760021992062429490e+02,8.764602591383669505e+02,8.769186632205038450e+02,8.773774322422528940e+02,8.778365891010219002e+02,8.782961587752977266e+02,8.787561682894032629e+02,8.792166466723036820e+02,8.796776249135496073e+02,8.801391359196807116e+02,8.806012144748835908e+02,8.810638972098972772e+02,8.815272225835433346e+02,8.819912308813720756e+02,8.824559642361466558e+02,8.829214666748073341e+02,8.833877841965199877e+02,8.838549648860051775e+02,8.843230590658723713e+02,8.847921194907769404e+02,8.852622015851430888e+02,8.857333637246091484e+02,8.862056675595122215e+02,8.866791783763052308e+02,8.871539654900660707e+02,8.876301026579168365e+02,8.881076684994851576e+02,8.885867469062840200e+02,8.890674274173286449e+02,8.895498055332847116e+02,8.900339829362604860e+02,8.905200675769159488e+02,8.910081735852495513e+02,8.914984209562196611e+02,8.919909349567367371e+02,8.924858451966551911e+02,8.929832843037595467e+02,8.934833861417026810e+02,8.939862835110858441e+02,8.944921052778698822e+02,8.950009728808655609e+02,8.955129961817481217e+02,8.960282686376826859e+02,8.965468617987228299e+02,8.970688191601944936e+02,8.975941494343686600e+02,8.981228193457020552e+02,8.986547460989467027e+02,8.991897897181233930e+02,8.997277455044572889e+02,9.002683369099177071e+02,9.008112091660826763e+02,9.013559240411976816e+02,9.019019561164792549e+02,9.024486909710025202e+02,9.029954256383221036e+02,9.035413716440084499e+02,9.040856608499395861e+02,9.046273542194453512e+02,9.051654534811024178e+02,9.056989155151630939e+02,9.062266691252333430e+02,9.067476337011847818e+02,9.072607391408575950e+02,9.077649462911762157e+02,9.082592671052284459e+02,9.087427836986699958e+02,9.092146655298280393e+02,9.096741840211541330e+02,9.101207240779494896e+02,9.105537921318679082e+02,9.109730205267983365e+02,9.113781682573026046e+02,9.117691182495002522e+02,9.121458715281855802e+02,9.125085387327058015e+02,9.128573295227220115e+02,9.131925404526576813e+02,9.135145418934686177e+02,9.138237645481162872e+02,9.141206860503815506e+02,9.144058180634905284e+02,9.146796942132630193e+02,9.149428591068824517e+02,9.151958586082972715e+02,9.154392314684921530e+02,9.156735023457476927e+02,9.158991761986118263e+02,9.161167339927110334e+02,9.163266296311260248e+02,9.165292879958224148e+02,9.167251039733179141e+02,9.169144423301129336e+02,9.170976383011970938e+02,9.172749987570739449e+02,9.174468038202949174e+02,9.176133088106389550e+02,9.177747464081749058e+02,9.179313289349406659e+02,9.180832506683753991e+02,9.182306901125867853e+02,9.183738121666183361e+02,9.185127701418293782e+02,9.186477075929916509e+02,9.187787599395074949e+02,9.189060558640346699e+02,9.190297184855802470e+02,9.191498663126623114e+02,9.192666139893301533e+02,9.193800728525721979e+02,9.194903513238405139e+02,9.195975551598916127e+02,9.197017875886874663e+02,9.198031493543988972e+02,9.199017386914733834e+02,9.199976512414178842e+02,9.200909799185852762e+02,9.201818147253568441e+02,9.202702425176225915e+02,9.203563467351939380e+02,9.204402071472986790e+02,9.205218997264390737e+02,9.206014968531486602e+02,9.206790681484023935e+02,9.207546822801123199e+02,9.208284100015587228e+02,9.209003283207060804e+02,9.209705249116473169e+02,9.210391005519463761e+02,9.211061655391150680e+02,9.211718240924095653e+02,9.212361396119272285e+02,9.212990750478465998e+02,9.213604089679034814e+02,9.214196420176660922e+02,9.214759323270358209e+02,9.215281312841271983e+02,9.215750270680973699e+02,9.216159300463284580e+02,9.216517328199937538e+02,9.216865208715209974e+02,9.217296430902487145e+02,9.217977476980430538e+02,9.219154007420104335e+02,9.221112985524786154e+02,9.224056065199551995e+02,9.227886795628926393e+02,9.232173081207814676e+02
8.389145412229651129e+02,8.389145411858147554e+02,8.389154794606600944e+02,8.389173551558933468e+02,8.389201664851608484e+02,8.389239107608634640e+02,8.389285843845414092e+02,8.389341828343083307e+02,8.389407006495615633e+02,8.389481314132610805e+02,8.389564677321468480e+02,8.389657012153390951e+02,8.389758224518623138e+02,8.389868209877243999e+02,8.389986853032967247e+02,8.390114027918478996e+02,8.390249597402129211e+02,8.390393413127021631e+02,8.390545315394817862e+02,8.390705133107853726e+02,8.390872683784283481e+02,8.391047773661921383e+02,8.391230197907163983e+02,8.391419740945593730e+02,8.391616176930601796e+02,8.391819270365338070e+02,8.392028776891399957e+02,8.392244444254723703e+02,8.392466013454986751e+02,8.392693220079461298e+02,8.392925795815494894e+02,8.393163470127941537e+02,8.393405972078946888e+02,8.393653032257971063e+02,8.393904384780215651e+02,8.394159769302234508e+02,8.394418932994984743e+02,8.394681632407140341e+02,8.394947635145241520e+02,8.395216721291701560e+02,8.395488684476028993e+02,8.395763332507693804e+02,8.396040487470553444e+02,8.396319985169841402e+02,8.396601673819081952e+02,8.396885411867961011e+02,8.397171064924941675e+02,8.397458501851277788e+02,8.397747590327325042e+02,8.398038192565824147e+02,8.398330162260939460e+02,8.398623344341324355e+02,8.398917579682677115e+02,8.399212717677269211e+02,8.399508640434551126e+02,8.399805295930582361e+02,8.400102674991552476e+02,8.400400816494177434e+02,8.400699897786442989e+02,8.401000795382246906e+02,8.401308190179842086e+02,8.401646836287649194e+02,8.402040223897474789e+02,8.402512388295634764e+02,8.403075635194491042e+02,8.403740825642212258e+02,8.404521588891126385e+02,8.405434327298308972e+02,8.406498031366155601e+02,8.407734277373604073e+02,8.409167413846895442e+02,8.410824867357509902e+02,8.412737458877799099e+02,8.414939667767770288e+02,8.417470306633699693e+02,8.420369920102970127e+02,8.423644634159144289e+02,8.427377951444849487e+02,8.431523418154529281e+02,8.435715633623130998e+02,8.439914568534287582e+02,8.444121828539808803e+02,8.448343038169296051e+02,8.452575526362330720e+02,8.456820096560164757e+02,8.461074463997122166e+02,8.465334681072405374e+02,8.469592820246353995e+02,8.473846306981811267e+02,8.478092087486180617e+02,8.482329803723523582e+02,8.486558291317645626e+02,8.490777622340237940e+02,8.494988115826550938e+02,8.499191052953804046e+02,8.503388302641164955e+02,8.507582192340220217e+02,8.511775320843673853e+02,8.515970343553883595e+02,8.520169940829173356e+02,8.524376648883491043e+02,8.528592832442803910e+02,8.532820558645306619e+02,8.537061573670247299e+02,8.541317245537017016e+02,8.545588567002633908e+02,8.549876153915678287e+02,8.554180270904936378e+02,8.558500863327825527e+02,8.562837600395768050e+02,8.567189925207960641e+02,8.571557106381191034e+02,8.575938291142213075e+02,8.580332553548433907e+02,8.584738938623190734e+02,8.589156498453887707e+02,8.593584321274544209e+02,8.598021552111179062e+02,8.602467406222993986e+02,8.606921175680579381e+02,8.611382230500029209e+02,8.615850015502176120e+02,8.620324044248168320e+02,8.624803891277967978e+02,8.629289183659535638e+02,8.633779592702819627e+02,8.638274826377321460e+02,8.642774622808211689e+02,8.647278744972423965e+02,8.651786976599023546e+02,8.656299119142056497e+02,8.660814989650332336e+02,8.665334419327491560e+02,8.669857252591568795e+02,8.674383346472993708e+02,8.678912570231401560e+02,8.683444805116766929e+02,8.687979944236190022e+02,8.692517892519297220e+02,8.697058566790199166e+02,8.701601895963873403e+02,8.706147821380293408e+02,8.710696297284232514e+02,8.715247291444798066e+02,8.719800785899161610e+02,8.724356777792066850e+02,8.728915280277234388e+02,8.733476323440363558e+02,8.738039955204845910e+02,8.742606242181657308e+02,8.747175270431661147e+02,8.751747146113044664e+02,8.756321995995723455e+02,8.760899967830257538e+02,8.765481230567816056e+02,8.770065974432885696e+02,8.774654410858221354e+02,8.779246772295559822e+02,8.783843311922172461e+02,8.788444303266480802e+02,8.793050039781559235e+02,8.797660834397922827e+02,8.802277019091973216e+02,8.806898944508570821e+02,8.811526979680404565e+02,8.816161511888175255e+02,8.820802946708504351e+02,8.825451708296301376e+02,8.830108239948868913e+02,8.834773004996092141e+02,8.839446488057886882e+02,8.844129196702741638e+02,8.848821663532633011e+02,8.853524448706143630e+02,8.858238142895941110e+02,8.862963370655643303e+02,8.867700794146951466e+02,8.872451117147954847e+02,8.877215089230231797e+02,8.881993509953302919e+02,8.886787232882877561e+02,8.891597169192237970e+02,8.896424290556975620e+02,8.901269631000974414e+02,8.906134287299299785e+02,8.911019417491365857e+02,8.915926237009235820e+02,8.920856011882302710e+02,8.925810048445678149e+02,8.930789678957872866e+02,8.935796242530045674e+02,8.940831060788125342e+02,8.945895407738079257e+02,8.950990473388743567e+02,8.956117320814037157e+02,8.961276836512390673e+02,8.966469674152547213e+02,8.971696192084157246e+02,8.976956385340763518e+02,8.982249813267312675e+02,8.987575524356612959e+02,8.992931980362401418e+02,8.998316982248786644e+02,9.003727601004156895e+02,9.009160116753988632e+02,9.014609969904712443e+02,9.020071728191447846e+02,9.025539073436505078e+02,9.031004811511252228e+02,9.036460908400397329e+02,9.041898554385111311e+02,9.047308257203750372e+02,9.052679963661316833e+02,9.058003207616363852e+02,9.063267280680595377e+02,9.068461420446300281e+02,9.073575009744029103e+02,9.078597779455533328e+02,9.083520006872026897e+02,9.088332701565396974e+02,9.093027771252836828e+02,9.097598161153194951e+02,9.102037961775226904e+02,9.106342481820626062e+02,9.110508284778869665e+02,9.114533189677977134e+02,9.118416238187664931e+02,9.122157631727379794e+02,9.125758643327843629e+02,9.129221509689793947e+02,9.132549309178516523e+02,9.135745831423278105e+02,9.138815443818967879e+02,9.141762959628979388e+02,9.144593511644395676e+02,9.147312434539855985e+02,9.149925158245703187e+02,9.152437113879101389e+02,9.154853653078239404e+02,9.157179980983975156e+02,9.159421102620445936e+02,9.161581782039463633e+02,9.163666513305419130e+02,9.165679502197236843e+02,9.167624657378618167e+02,9.169505589725005166e+02,9.171325618483109565e+02,9.173087782966033501e+02,9.174794858545127454e+02,9.176449375780930495e+02,9.178053641634077167e+02,9.179609761807628274e+02,9.181119663390778669e+02,9.182585117096774638e+02,9.184007758511963857e+02,9.185389107895385905e+02,9.186730588186696878e+02,9.188033540991987138e+02,9.189299240420430124e+02,9.190528904737626590e+02,9.191723705882911872e+02,9.192884776966578784e+02,9.194013217918483178e+02,9.195110099501116565e+02,9.196176465927314894e+02,9.197213336333996949e+02,9.198221705356469329e+02,9.199202543021117435e+02,9.200156794125872466e+02,9.201085377211817331e+02,9.201989183157000980e+02,9.202869073373989295e+02,9.203725877611484520e+02,9.204560391518572260e+02,9.205373374498294652e+02,9.206165549010605673e+02,9.206937603333936977e+02,9.207690200648777363e+02,9.208423997630621898e+02,9.209139674657423029e+02,9.209837975948387339e+02,9.210519750104772356e+02,9.211185968652723659e+02,9.211837683080057104e+02,9.212475863407399856e+02,9.213101052934110839e+02,9.213712790380399156e+02,9.214308815072241714e+02,9.214884207603192863e+02,9.215430843775483254e+02,9.215937841937007988e+02,9.216394004828276820e+02,9.216793479132368248e+02,9.217145807401975617e+02,9.217490975200291814e+02,9.217918462133720823e+02,9.218585528958478790e+02,9.219721819739150988e+02,9.221592952196444912e+02,9.224383348817757451e+02,9.228003166245398461e+02,9.232055259642274905e+02
8.389234600844388297e+02,8.389234600467206064e+02,8.389244223021029256e+02,8.389263459453483165e+02,8.389292291622743960e+02,8.389330692220684114e+02,8.389378624658888839e+02,8.389436042919195415e+02,8.389502891370985935e+02,8.389579104558199560e+02,8.389664606959767070e+02,8.389759312728039049e+02,8.389863125410774956e+02,8.389975937663321019e+02,8.390097630958854324e+02,8.390228075305864195e+02,8.390367128983530165e+02,8.390514638307193991e+02,8.390670437437703413e+02,8.390834348250083394e+02,8.391006180278521924e+02,8.391185730756094472e+02,8.391372784768826705e+02,8.391567115544407898e+02,8.391768484896022073e+02,8.391976643841074974e+02,8.392191333412896483e+02,8.392412285680476316e+02,8.392639224986829731e+02,8.392871869410431600e+02,8.393109932446255925e+02,8.393353124893409358e+02,8.393601156925251416e+02,8.393853740305843303e+02,8.394110590703945718e+02,8.394371430043593136e+02,8.394635988818990882e+02,8.394904008291977107e+02,8.395175242482490603e+02,8.395449459856073418e+02,8.395726444605871848e+02,8.396005997417763638e+02,8.396287935593881002e+02,8.396572092390996431e+02,8.396858315409995157e+02,8.397146463863766712e+02,8.397436404581331999e+02,8.397728006722159080e+02,8.398021135422743555e+02,8.398315645115147845e+02,8.398611373787872481e+02,8.398908140257162813e+02,8.399205747985894277e+02,8.399504001719590178e+02,8.399802749705154383e+02,8.400101959143161139e+02,8.400401659372898848e+02,8.400702027905824707e+02,8.401003989975069999e+02,8.401312673855119328e+02,8.401656529601100374e+02,8.402057031024312437e+02,8.402536188715644130e+02,8.403108578872473799e+02,8.403785871683712685e+02,8.404582046912420310e+02,8.405513919179837785e+02,8.406600953630075992e+02,8.407865275352675098e+02,8.409331857670679256e+02,8.411028853805984227e+02,8.412988006880059402e+02,8.415245140188399091e+02,8.417840879519176269e+02,8.420820679556800314e+02,8.424215865911935452e+02,8.427932954077533623e+02,8.432124237066632304e+02,8.436365176234331784e+02,8.440595911312360613e+02,8.444827540192800370e+02,8.449067185056516109e+02,8.453317172239342199e+02,8.457577064111442269e+02,8.461842893151873568e+02,8.466112999564934398e+02,8.470381135991436850e+02,8.474643562754250752e+02,8.478896584555517393e+02,8.483139593976272863e+02,8.487371763941619065e+02,8.491593663242333605e+02,8.495805868015751230e+02,8.500009912972531083e+02,8.504207746188354804e+02,8.508401866439011201e+02,8.512595002989828572e+02,8.516789974939403010e+02,8.520989569564213753e+02,8.525196411783714439e+02,8.529412918755416513e+02,8.533641195245697872e+02,8.537883008827803906e+02,8.542139735002492671e+02,8.546412362220282830e+02,8.550701489936268445e+02,8.555007359455482856e+02,8.559329886471905411e+02,8.563668708064452630e+02,8.568023233021249325e+02,8.572392695542423553e+02,8.576776208759307565e+02,8.581172814201021311e+02,8.585581526513103654e+02,8.590001370278548620e+02,8.594431409561481132e+02,8.598870768899320183e+02,8.603318646993978973e+02,8.607774323368689693e+02,8.612237159507214983e+02,8.616706595548824907e+02,8.621182143977786154e+02,8.625663381484264391e+02,8.630149940067678926e+02,8.634641498231175092e+02,8.639137772851256614e+02,8.643638512118155859e+02,8.648143489700993314e+02,8.652652500168612733e+02,8.657165355552798474e+02,8.661681882895952640e+02,8.666201922579133452e+02,8.670725327242839739e+02,8.675251961128315088e+02,8.679781699711211331e+02,8.684314429534375677e+02,8.688850048187811126e+02,8.693388464409614471e+02,8.697929598304448291e+02,8.702473381682890476e+02,8.707019758528959983e+02,8.711568685595362922e+02,8.716120133119911770e+02,8.720674085644175193e+02,8.725230542908896041e+02,8.729789520791644009e+02,8.734351052250835892e+02,8.738915188237496068e+02,8.743481998540718223e+02,8.748051572535301830e+02,8.752624019808272351e+02,8.757199470646102100e+02,8.761778076373682325e+02,8.766360009541416503e+02,8.770945463965367708e+02,8.775534654629828992e+02,8.780127817468991225e+02,8.784725209047866201e+02,8.789327106168790351e+02,8.793933805432674262e+02,8.798545622789439449e+02,8.803162893114445069e+02,8.807785969852205881e+02,8.812415224770311397e+02,8.817051047869896365e+02,8.821693847499216190e+02,8.826344050718439576e+02,8.831002103961576495e+02,8.835668474039795228e+02,8.840343649524440934e+02,8.845028142541552825e+02,8.849722490998343574e+02,8.854427261249062440e+02,8.859143051189281550e+02,8.863870493746671855e+02,8.868610260709541535e+02,8.873363066804622576e+02,8.878129673899939007e+02,8.882910895169885634e+02,8.887707599015778897e+02,8.892520712488868639e+02,8.897351223912835394e+02,8.902200184352107044e+02,8.907068707520463704e+02,8.911957967674965175e+02,8.916869194993563497e+02,8.921803667895543413e+02,8.926762701733658787e+02,8.931747633271255609e+02,8.936759800359998280e+02,8.941800516260886980e+02,8.946871038107788081e+02,8.951972529106549246e+02,8.957106014199166566e+02,8.962272329108924396e+02,8.967472062922865916e+02,8.972705494666572577e+02,8.977972524682038511e+02,8.983272602029053360e+02,8.988604649583155606e+02,8.993966988982762132e+02,8.999357268059461603e+02,9.004772393836590254e+02,9.010208474561466119e+02,9.015660774500698835e+02,9.021123685326339228e+02,9.026590717806811881e+02,9.032054517149674666e+02,9.037506904697951313e+02,9.042938947751341630e+02,9.048341058089029048e+02,9.053703118361622728e+02,9.059014633976934192e+02,9.064264906534604052e+02,9.069443223394160896e+02,9.074539056721798715e+02,9.079542264477001936e+02,9.084443285369997056e+02,9.089233319905714552e+02,9.093904490241370695e+02,9.098449972682715270e+02,9.102864098138983309e+02,9.107142417620729020e+02,9.111281731747067170e+02,9.115280085073690088e+02,9.119136727718596376e+02,9.122852048135659970e+02,9.126427481892219475e+02,9.129865401914119047e+02,9.133168995877950920e+02,9.136342136297434990e+02,9.139389248433112698e+02,9.142315180529466261e+02,9.145125080129528214e+02,9.147824279407511767e+02,9.150418191655497822e+02,9.152912220307579219e+02,9.155311681215173394e+02,9.157621738317959625e+02,9.159847352392176845e+02,9.161993242198996086e+02,9.164063857092328362e+02,9.166063359965802420e+02,9.167995619310063375e+02,9.169864209101201595e+02,9.171672415237278528e+02,9.173423247272413619e+02,9.175119454258025371e+02,9.176763543581827207e+02,9.178357801791067914e+02,9.179904316492975340e+02,9.181404998538633890e+02,9.182861603813273632e+02,9.184275754073743201e+02,9.185648956390015201e+02,9.186982620859779445e+02,9.188278076371476573e+02,9.189536584289271559e+02,9.190759350022199214e+02,9.191947532517423269e+02,9.193102251783284373e+02,9.194224594601292893e+02,9.195315618626775631e+02,9.196376355105629727e+02,9.197407810448996770e+02,9.198410966907389366e+02,9.199386782569516754e+02,9.200336190876458886e+02,9.201260099788981961e+02,9.202159390678224327e+02,9.203034916942318659e+02,9.203887502310467426e+02,9.204717938831654465e+02,9.205526984718260337e+02,9.206315362598618321e+02,9.207083759354651420e+02,9.207832829534675056e+02,9.208563205080511125e+02,9.209275514292291973e+02,9.209970411667654844e+02,9.210648616350437123e+02,9.211310949104621386e+02,9.211958345390712566e+02,9.212591806112425274e+02,9.213212232207646366e+02,9.213820083366119889e+02,9.214414820268718813e+02,9.214994154355424598e+02,9.215553261435095465e+02,9.216084327157466305e+02,9.216577069947998098e+02,9.217021171638853048e+02,9.217411728493125338e+02,9.217758756629118579e+02,9.218101216863185527e+02,9.218524505095797394e+02,9.219176835558225775e+02,9.220272485137087415e+02,9.222056985278030652e+02,9.224698987340600524e+02,9.228115338111375650e+02,9.231941575950868355e+02
8.389317654261410553e+02,8.389317653879982117e+02,8.389327524737881276e+02,8.389347257680816483e+02,8.389376834356962718e+02,8.389416227127180719e+02,8.389465398931605478e+02,8.389524303114152417e+02,8.389592883207129717e+02,8.389671072678813744e+02,8.389758794647673312e+02,8.389855961567803888e+02,8.389962474891199236e+02,8.390078224713688542e+02,8.390203089412716508e+02,8.390336935286705966e+02,8.390479616207402387e+02,8.390630973298507342e+02,8.390790834655865638e+02,8.390959015126584291e+02,8.391135316166513576e+02,8.391319525797584902e+02,8.391511418688248796e+02,8.391710756381675083e+02,8.391917287697134498e+02,8.392130749329847959e+02,8.392350866673297105e+02,8.392577354885110026e+02,8.392809920212948782e+02,8.393048261589966614e+02,8.393292072500257746e+02,8.393541043103147103e+02,8.393794862591522588e+02,8.394053221743979520e+02,8.394315815614291978e+02,8.394582346285570793e+02,8.394852525601658044e+02,8.395126077775954627e+02,8.395402741768531314e+02,8.395682273315688917e+02,8.395964446490263526e+02,8.396249054662106346e+02,8.396535910711156703e+02,8.396824846315319064e+02,8.397115710090743050e+02,8.397408364312916547e+02,8.397702679925205302e+02,8.397998529609869820e+02,8.398295778899579318e+02,8.398594276018447999e+02,8.398893841646654437e+02,8.399194260950887383e+02,8.399495283218595887e+02,8.399796641361189131e+02,8.400098129006705676e+02,8.400399794464702836e+02,8.400701849344454786e+02,8.401005291425432233e+02,8.401315576633477349e+02,8.401663424544590271e+02,8.402070064413277350e+02,8.402556389966134702e+02,8.403137867557317122e+02,8.403827204334234011e+02,8.404638817313950767e+02,8.405589975793457143e+02,8.406700674934650124e+02,8.407993647804456714e+02,8.409494609562206051e+02,8.411232635570585217e+02,8.413240752638492950e+02,8.415556783489068948e+02,8.418224578940563561e+02,8.421295108720386224e+02,8.424820212281496197e+02,8.428789801603256819e+02,8.432796223366686945e+02,8.437019464035879537e+02,8.441268598420368789e+02,8.445528780430012148e+02,8.449790916626110402e+02,8.454060299514363805e+02,8.458336079975338180e+02,8.462615852858014023e+02,8.466896461252649715e+02,8.471173747319872973e+02,8.475444177127288867e+02,8.479703974037697662e+02,8.483952004838852190e+02,8.488187589745717787e+02,8.492411615752744183e+02,8.496625030473989000e+02,8.500829687481648307e+02,8.505027691457137280e+02,8.509221713291924516e+02,8.513414598648818128e+02,8.517609318627274888e+02,8.521808765416084270e+02,8.526015656430682839e+02,8.530232457888298541e+02,8.534461306406483345e+02,8.538703979443808976e+02,8.542961850333753091e+02,8.547235893063882486e+02,8.551526682664679129e+02,8.555834429206194045e+02,8.560159011990139106e+02,8.564500030121869258e+02,8.568856853693453104e+02,8.573228679580855669e+02,8.577614585300472072e+02,8.582013579578231202e+02,8.586424647345721723e+02,8.590846787118452994e+02,8.595279040722680293e+02,8.599720514473909816e+02,8.604170392905093649e+02,8.608627945372005570e+02,8.613092527069378548e+02,8.617563575486603895e+02,8.622040603797125868e+02,8.626523192315253254e+02,8.631010979149157265e+02,8.635503650883981663e+02,8.640000933928746463e+02,8.644502586929529571e+02,8.649008394441782457e+02,8.653518161906288242e+02,8.658031711840455955e+02,8.662548881094354556e+02,8.667069518976720701e+02,8.671593486058770850e+02,8.676120653479466682e+02,8.680650902609520472e+02,8.685184124969100594e+02,8.689720222328645605e+02,8.694259106953905984e+02,8.698800701975062566e+02,8.703344941874564711e+02,8.707891773089608023e+02,8.712441154725738670e+02,8.716993059369259527e+02,8.721547473981078156e+02,8.726104400844691327e+02,8.730663858537947135e+02,8.735225882892756317e+02,8.739790527909075308e+02,8.744357866589613195e+02,8.748927991668399500e+02,8.753501016210266243e+02,8.758077074067135754e+02,8.762656320182220497e+02,8.767238930742100820e+02,8.771825103181499799e+02,8.776415056053443777e+02,8.781009028781356847e+02,8.785607281316403032e+02,8.790210093726449259e+02,8.794817765748831562e+02,8.799430616341562654e+02,8.804048983272631403e+02,8.808673222788870589e+02,8.813303709409781277e+02,8.817940835892429732e+02,8.822585013415754247e+02,8.827236672031312992e+02,8.831896261426940100e+02,8.836564252045194507e+02,8.841241136593675947e+02,8.845927431974899946e+02,8.850623681652751884e+02,8.855330458456675160e+02,8.860048367806767828e+02,8.864778051319200358e+02,8.869520190724928170e+02,8.874275512002336654e+02,8.879044789589178208e+02,8.883828850498505290e+02,8.888628578120071779e+02,8.893444915441236844e+02,8.898278867372757759e+02,8.903131501814019657e+02,8.908003949042750946e+02,8.912897398965966431e+02,8.917813095725996391e+02,8.922752329118941361e+02,8.927716422258000648e+02,8.932706714903205238e+02,8.937724541888467229e+02,8.942771206110585354e+02,8.947847945610192255e+02,8.952955894376686956e+02,8.958096036655691705e+02,8.963269154732945481e+02,8.968475770418882576e+02,8.973716080764542085e+02,8.978989888902415260e+02,8.984296531318843790e+02,8.989634803317779870e+02,8.995002884909835075e+02,9.000398269831113112e+02,9.005817700828573606e+02,9.011257114702769968e+02,9.016711600827825350e+02,9.022175376924931243e+02,9.027641785703279993e+02,9.033103315564379727e+02,9.038551647869214776e+02,9.043977732292291876e+02,9.049371890557346205e+02,9.054723947422504580e+02,9.060023386242851302e+02,9.065259524896175662e+02,9.070421706439683476e+02,9.075499497702047620e+02,9.080482888224549924e+02,9.085362481639066345e+02,9.090129671759794974e+02,9.094776796371629644e+02,9.099297262870949226e+02,9.103685641457216207e+02,9.107937723353826414e+02,9.112050543402627909e+02,9.116022368175861175e+02,9.119852652346523882e+02,9.123541967348285198e+02,9.127091907273978677e+02,9.130504977483718676e+02,9.133784471535159355e+02,9.136934341855810544e+02,9.139959069117837771e+02,9.142863534626520732e+02,9.145652899272532750e+02,9.148332491795167698e+02,9.150907708316566413e+02,9.153383924378827032e+02,9.155766420074651251e+02,9.158060318322717421e+02,9.160270535905056022e+02,9.162401746551307724e+02,9.164458355114578580e+02,9.166444481723306126e+02,9.168363954700566865e+02,9.170220311003265579e+02,9.172016802937807824e+02,9.173756409945978021e+02,9.175441854316692343e+02,9.177075619759708616e+02,9.178659971870846448e+02,9.180196979620731099e+02,9.181688537107365846e+02,9.183136384924016511e+02,9.184542130605644843e+02,9.185907267727370709e+02,9.187233193334983525e+02,9.188521223488525038e+02,9.189772606793659406e+02,9.190988535880177324e+02,9.192170156861445776e+02,9.193318576871754431e+02,9.194434869829883610e+02,9.195520080616576024e+02,9.196575227881104411e+02,9.197601305707783013e+02,9.198599284376837204e+02,9.199570110444727788e+02,9.200514706345103377e+02,9.201433969671905970e+02,9.202328772250201609e+02,9.203199959034361655e+02,9.204048346809814802e+02,9.204874722645480460e+02,9.205679842092069975e+02,9.206464427312994303e+02,9.207229165722442303e+02,9.207974710323119325e+02,9.208701683695547899e+02,9.209410688259125664e+02,9.210102325449017826e+02,9.210777225030900581e+02,9.211436081741265980e+02,9.212079688780140714e+02,9.212708945805845815e+02,9.213324804308062994e+02,9.213928099596972743e+02,9.214519215247553348e+02,9.215097546718668582e+02,9.215660795513917947e+02,9.216204252121915488e+02,9.216720424725167504e+02,9.217199623985434300e+02,9.217632366212949364e+02,9.218014603563040055e+02,9.218356687535003857e+02,9.218696409559776157e+02,9.219115022975844340e+02,9.219751882747460741e+02,9.220806540097244124e+02,9.222505646089640550e+02,9.225003437544540930e+02,9.228223480760659641e+02,9.231831866044633443e+02
8.389394335352213830e+02,8.389394334968228577e+02,8.389404462758876662e+02,8.389424709508496107e+02,8.389455056735871494e+02,8.389495476590536782e+02,8.389545931698381764e+02,8.389606374957968455e+02,8.389676749289620830e+02,8.389756987339961825e+02,8.389847011145418492e+02,8.389946731759146132e+02,8.390056048846901149e+02,8.390174850258746346e+02,8.390303011584910564e+02,8.390440395705935543e+02,8.390586852349134688e+02,8.390742217665667795e+02,8.390906313844915303e+02,8.391078948785458351e+02,8.391259915844702846e+02,8.391448993691911937e+02,8.391645946292026110e+02,8.391850523049902222e+02,8.392062459146283118e+02,8.392281476097498398e+02,8.392507282570309144e+02,8.392739575480869689e+02,8.392978041402105873e+02,8.393222358296425227e+02,8.393472197580167631e+02,8.393727226512469315e+02,8.393987110884334015e+02,8.394251517964110008e+02,8.394520119634403272e+02,8.394792595633966812e+02,8.395068636798285979e+02,8.395347948176364525e+02,8.395630251889986084e+02,8.395915289596015327e+02,8.396202824409876939e+02,8.396492642144049796e+02,8.396784551699570329e+02,8.397078384409043110e+02,8.397373992054640439e+02,8.397671243172384266e+02,8.397970017132805651e+02,8.398270195434362222e+02,8.398571649621771940e+02,8.398874226299533348e+02,8.399177729725993231e+02,8.399481903698031147e+02,8.399786419346493176e+02,8.400090889435757617e+02,8.400395015584432485e+02,8.400699144305771142e+02,8.401004384518776078e+02,8.401316437075515751e+02,8.401667427750592196e+02,8.402079298228690050e+02,8.402572606714322774e+02,8.403163151531838366e+02,8.403864468411412645e+02,8.404691540175884938e+02,8.405662140799435065e+02,8.406796845153588720e+02,8.408119058164066928e+02,8.409655251102167313e+02,8.411435453762125007e+02,8.413493775575007021e+02,8.415869119334030302e+02,8.418605835070752619e+02,8.421752794924857426e+02,8.425354711190103671e+02,8.429403539739342932e+02,8.433547397072098875e+02,8.437707644517070094e+02,8.441942929152339730e+02,8.446225557235815131e+02,8.450512471066997477e+02,8.454804809506991887e+02,8.459098011163137016e+02,8.463392372810079678e+02,8.467684466905077443e+02,8.471970909638561125e+02,8.476248606239240644e+02,8.480514433436738955e+02,8.484766959952394245e+02,8.489005581027615790e+02,8.493231310760498900e+02,8.497445476908075079e+02,8.501650260209731869e+02,8.505848012669458740e+02,8.510041596671520665e+02,8.514233980297798325e+02,8.518428269104617812e+02,8.522627450620738045e+02,8.526834330143652778e+02,8.531051418870678162e+02,8.535280879668101761e+02,8.539524489552392197e+02,8.543783609574998081e+02,8.548059188460478026e+02,8.552351768367794875e+02,8.556661520336546118e+02,8.560988281148351007e+02,8.565331606680189225e+02,8.569690824540192580e+02,8.574065091791029545e+02,8.578453449219496179e+02,8.582854872804111892e+02,8.587268318746546356e+02,8.591692761194088916e+02,8.596127221885639074e+02,8.600570791347155364e+02,8.605022642449065415e+02,8.609482036835677263e+02,8.613948325687649685e+02,8.618420945872754828e+02,8.622899412981053047e+02,8.627383312364634094e+02,8.631872289338733708e+02,8.636366039374212278e+02,8.640864298948685018e+02,8.645366837469962320e+02,8.649873450492964366e+02,8.654383954291357668e+02,8.658898181712331734e+02,8.663415979175614439e+02,8.667937204624303149e+02,8.672461726236716686e+02,8.676989421712690955e+02,8.681520177983881013e+02,8.686053891225642474e+02,8.690590467088197784e+02,8.695129821090040423e+02,8.699671879143219257e+02,8.704216578190904556e+02,8.708763866947718952e+02,8.713313706730758668e+02,8.717866072368691448e+02,8.722420953167893458e+02,8.726978353911686099e+02,8.731538295861587358e+02,8.736100817729766277e+02,8.740665976589499451e+02,8.745233848695289680e+02,8.749804530186374905e+02,8.754378137655422734e+02,8.758954808568619228e+02,8.763534701532373674e+02,8.768117996406683687e+02,8.772704894273587115e+02,8.777295617273263133e+02,8.781890408327676596e+02,8.786489530774906598e+02,8.791093267943610954e+02,8.795701922699735178e+02,8.800315817002999665e+02,8.804935291512745152e+02,8.809560705287196924e+02,8.814192435621303048e+02,8.818830878071281631e+02,8.823476446713359564e+02,8.828129574684801355e+02,8.832790715051750112e+02,8.837460342045285415e+02,8.842138952699306174e+02,8.846827068915404197e+02,8.851525239966290428e+02,8.856234045434099471e+02,8.860954098559002432e+02,8.865686049950295455e+02,8.870430591583015030e+02,8.875188460971234008e+02,8.879960445371694959e+02,8.884747385831451538e+02,8.889550180848383434e+02,8.894369789367194699e+02,8.899207232784183361e+02,8.904063595585289477e+02,8.908940024192895635e+02,8.913837723551778254e+02,8.918757950943659125e+02,8.923702006487950484e+02,8.928671219765092246e+02,8.933666931994182505e+02,8.938690473211686367e+02,8.943743133939583458e+02,8.948826130904122920e+02,8.953940566477789389e+02,8.959087381672134143e+02,8.964267302714417838e+02,8.969480781499682962e+02,8.974727930524732074e+02,8.980008453278946945e+02,8.985321571483699472e+02,8.990665951024010383e+02,8.996039628885004049e+02,9.001439943863611006e+02,9.006863474239296465e+02,9.012305985914017583e+02,9.017762394725654076e+02,9.023226746652777592e+02,9.028692219418493323e+02,9.034151148532153002e+02,9.039595080062197212e+02,9.045014851414487111e+02,9.050400700129930556e+02,9.055742399273292449e+02,9.061029416452150826e+02,9.066251091993423188e+02,9.071396830442549799e+02,9.076456298464287329e+02,9.081419621527928712e+02,9.086277571536442110e+02,9.091021737850101090e+02,9.095644674951616935e+02,9.100140021242534658e+02,9.104502585045430578e+02,9.108728395677306935e+02,9.112814719304840310e+02,9.116760041042996363e+02,9.120564016285956086e+02,9.124227395466851931e+02,9.127751927273988031e+02,9.131140245790933250e+02,9.134395747097994445e+02,9.137522460623921461e+02,9.140524920038747041e+02,9.143408037808708286e+02,9.146176986768161896e+02,9.148837091268670747e+02,9.151393729696573018e+02,9.153852249446773612e+02,9.156217894827335613e+02,9.158495747858964933e+02,9.160690681527275956e+02,9.162807324738752186e+02,9.164850038012912137e+02,9.166822898801356132e+02,9.168729695245355060e+02,9.170573927155571710e+02,9.172358813008626157e+02,9.174087301796466818e+02,9.175762088628044921e+02,9.177385633062335728e+02,9.178960179242883441e+02,9.180487777002709890e+02,9.181970303211998043e+02,9.183409482746861840e+02,9.184806908563809884e+02,9.186164060469158130e+02,9.187482322274020135e+02,9.188762997121650642e+02,9.190007320863346649e+02,9.191216473440155141e+02,9.192391588299009300e+02,9.193533759932777230e+02,9.194644049683140565e+02,9.195723489983423633e+02,9.196773087245298939e+02,9.197793823609370065e+02,9.198786657785038869e+02,9.199752525200021864e+02,9.200692337663236913e+02,9.201606982715765071e+02,9.202497322801159498e+02,9.203364194330267765e+02,9.204208406651306404e+02,9.205030740880233679e+02,9.205831948526151791e+02,9.206612749910843831e+02,9.207373832582283057e+02,9.208115850320440359e+02,9.208839423928870929e+02,9.209545145729307478e+02,9.210233590237199905e+02,9.210905333414318648e+02,9.211560981303957760e+02,9.212201204808043258e+02,9.212826769795751716e+02,9.213438540499037117e+02,9.214037420386471240e+02,9.214624182973884672e+02,9.215199143499323782e+02,9.215761645078270021e+02,9.216309396541041679e+02,9.216837820975272280e+02,9.217339759061489985e+02,9.217806102746440047e+02,9.218228155617287030e+02,9.218602632315299843e+02,9.218940086367189224e+02,9.219277006096972400e+02,9.219690458068868111e+02,9.220311136570776398e+02,9.221324499663423921e+02,9.222939471926464421e+02,9.225297134319904444e+02,9.228327755310154998e+02,9.231725974004145883e+02
8.389464397945239398e+02,8.389464397560662974e+02,8.389474791005867473e+02,8.389495569051017583e+02,8.389526713179470789e+02,8.389568195469250895e+02,8.389619978416218373e+02,8.389682014700198351e+02,8.389754246895842016e+02,8.389836607130652055e+02,8.389929016693376980e+02,8.390031385596925020e+02,8.390143612101115878e+02,8.390265582201922143e+02,8.390397169095537038e+02,8.390538232627509387e+02,8.390688618739429785e+02,8.390848158928240537e+02,8.391016669736134190e+02,8.391193952292217091e+02,8.391379791930567080e+02,8.391573957912968353e+02,8.391776203288164879e+02,8.391986264922952614e+02,8.392203863743244483e+02,8.392428705225230487e+02,8.392660480177220279e+02,8.392898865851254868e+02,8.393143527419289285e+02,8.393394119841107113e+02,8.393650290139438539e+02,8.393911680081616851e+02,8.394177929246403664e+02,8.394448678429807842e+02,8.394723573315948215e+02,8.395002268310187219e+02,8.395284430404643672e+02,8.395569742924154752e+02,8.395857908986897655e+02,8.396148654510438973e+02,8.396441730599747189e+02,8.396736915162449577e+02,8.397034013593333839e+02,8.397332858332172236e+02,8.397633306994789564e+02,8.397935238578058943e+02,8.398238546952142087e+02,8.398543130562870829e+02,8.398848876571332767e+02,8.399155639674570466e+02,8.399463214220493228e+02,8.399771298496089003e+02,8.400079455665195383e+02,8.400387098146014750e+02,8.400693803434367055e+02,8.401001127832648763e+02,8.401315007942100692e+02,8.401668296424174969e+02,8.402084542441393751e+02,8.402584477160597771e+02,8.403184008939324485e+02,8.403897242894987585e+02,8.404739777896439819e+02,8.405729955803917619e+02,8.406888965817548751e+02,8.408240891546313378e+02,8.409812947694872491e+02,8.411635850563404802e+02,8.413744365496763749e+02,8.416177820856385097e+02,8.418979718084862043e+02,8.422196249777656476e+02,8.425865809562669710e+02,8.429970941758542722e+02,8.434169827187877218e+02,8.438405909475891349e+02,8.442641733353851805e+02,8.446929131036190483e+02,8.451234571533212829e+02,8.455550967877435369e+02,8.459863582469587300e+02,8.464173570680135299e+02,8.468477229245715989e+02,8.472772822890300404e+02,8.477057245232624609e+02,8.481328279990871124e+02,8.485584546340423913e+02,8.489825638078094698e+02,8.494052590267449432e+02,8.498267052626488294e+02,8.502471500232323933e+02,8.506668588249432332e+02,8.510861392343764464e+02,8.515053028588276902e+02,8.519246723342830592e+02,8.523445548103351257e+02,8.527652382730680074e+02,8.531869775812772332e+02,8.536099909006181861e+02,8.540344549570739900e+02,8.544605036297755305e+02,8.548882281954810196e+02,8.553176787065192457e+02,8.557488675925750385e+02,8.561817737115295586e+02,8.566163478662391526e+02,8.570525182599242271e+02,8.574901964230595013e+02,8.579292826976502511e+02,8.583696714477481464e+02,8.588112555504624197e+02,8.592539301771373630e+02,8.596975957268886077e+02,8.601421599289420783e+02,8.605875391627868112e+02,8.610336590709077882e+02,8.614804545979158092e+02,8.619278695686106175e+02,8.623758559514831177e+02,8.628243729199263043e+02,8.632733858279123069e+02,8.637228651825681709e+02,8.641727856832682164e+02,8.646231253688631568e+02,8.650738648982370478e+02,8.655249869709653012e+02,8.659764758831596509e+02,8.664283172048378674e+02,8.668804975605315803e+02,8.673330044934024272e+02,8.677858263939605195e+02,8.682389524769055242e+02,8.686923727928780181e+02,8.691460782651223553e+02,8.696000607442609862e+02,8.700543130765466913e+02,8.705088291828658384e+02,8.709636041464245864e+02,8.714186343076555659e+02,8.718739173644967195e+02,8.723294524761331559e+02,8.727852403676110953e+02,8.732412834326777329e+02,8.736975858317732673e+02,8.741541535824045468e+02,8.746109946391336507e+02,8.750681189610874071e+02,8.755255385652185396e+02,8.759832675644150868e+02,8.764413221900017561e+02,8.768997207990508969e+02,8.773584838673414197e+02,8.778176339695884280e+02,8.782771957489097758e+02,8.787371958781727699e+02,8.791976630161408366e+02,8.796586277619244356e+02,8.801201226114650353e+02,8.805821819202724328e+02,8.810448418767837211e+02,8.815081404910786205e+02,8.819721176036861152e+02,8.824368149193743420e+02,8.829022760705703377e+02,8.833685467148802672e+02,8.838356746705571823e+02,8.843037100931143186e+02,8.847727056951279110e+02,8.852427170100038438e+02,8.857138026986550585e+02,8.861860248960131230e+02,8.866594495916857568e+02,8.871341470362182235e+02,8.876101921609802048e+02,8.880876649960191571e+02,8.885666510660348649e+02,8.890472417402548899e+02,8.895295345072614737e+02,8.900136331410576531e+02,8.904996477197839795e+02,8.909876944538649468e+02,8.914778952759849062e+02,8.919703771415980782e+02,8.924652709857771242e+02,8.929627102806331322e+02,8.934628291375394156e+02,8.939657599006022792e+02,8.944716301826357494e+02,8.949805593030380351e+02,8.954926540989046089e+02,8.960080040971813560e+02,8.965266760570331144e+02,8.970487079183816377e+02,8.975741022247437968e+02,8.981028191259545110e+02,8.986347691082412439e+02,8.991698056442201050e+02,8.997077180015533031e+02,9.002482244935486051e+02,9.007909664942459358e+02,9.013355035704091733e+02,9.018813100986270683e+02,9.024277737328479816e+02,9.029741960618472376e+02,9.035197957442786674e+02,9.040637143295914484e+02,9.046050248671333520e+02,9.051427432768056178e+02,9.056758423093308465e+02,9.062032677718977993e+02,9.067239565472289087e+02,9.072368558036689592e+02,9.077409426932265433e+02,9.082352437743058999e+02,9.087188533837164641e+02,9.091909502215382872e+02,9.096508115007098922e+02,9.100978241439628391e+02,9.105314926728998444e+02,9.109514436136790891e+02,9.113574264258268158e+02,9.117493111306609990e+02,9.121270829614637705e+02,9.124908344700735370e+02,9.128407555991944946e+02,9.131771222657462204e+02,9.135002840007795157e+02,9.138106511613823386e+02,9.141086821766961066e+02,9.143948712213617682e+02,9.146697366328475027e+02,9.149338103106080098e+02,9.151876282600167087e+02,9.154317223761408968e+02,9.156666135038715311e+02,9.158928057626764030e+02,9.161107820863123834e+02,9.163210008995309863e+02,9.165238938340647792e+02,9.167198643736790018e+02,9.169092873115266684e+02,9.170925089011867612e+02,9.172698475845415942e+02,9.174415951841283459e+02,9.176080184540710434e+02,9.177693608915723189e+02,9.179258447198164959e+02,9.180776729626392125e+02,9.182250315412354666e+02,9.183680913332732416e+02,9.185070101448937976e+02,9.186419345560386773e+02,9.187730016091848029e+02,9.189003403207480005e+02,9.190240730029503311e+02,9.191443163917241463e+02,9.192611825830845191e+02,9.193747797862662310e+02,9.194852129067086253e+02,9.195925839756712321e+02,9.196969924458726382e+02,9.197985353741461267e+02,9.198973075127204311e+02,9.199934013304593918e+02,9.200869069841851342e+02,9.201779122580492185e+02,9.202665024856236187e+02,9.203527604649282239e+02,9.204367663710054330e+02,9.205185976646725976e+02,9.205983289910757321e+02,9.206760320608984784e+02,9.207517755144319835e+02,9.208256247903278791e+02,9.208976420601236441e+02,9.209678863484198246e+02,9.210364140245575300e+02,9.211032799012838268e+02,9.211685391529813387e+02,9.212322501005522781e+02,9.212944774970167146e+02,9.213552952191541863e+02,9.214147861925742973e+02,9.214730361271499532e+02,9.215301166056286775e+02,9.215860531259031632e+02,9.216407760401173164e+02,9.216940586271521170e+02,9.217454580748673152e+02,9.217942924522200201e+02,9.218397076755129547e+02,9.218809079098940629e+02,9.219176315645612476e+02,9.219509413962571216e+02,9.219843436036798039e+02,9.220251231796415823e+02,9.220855043199888996e+02,9.221826858015093649e+02,9.223358976908847353e+02,9.225580491746102325e+02,9.228428314965735808e+02,9.231623751467125203e+02
8.389527586695882064e+02,8.389527586312979111e+02,8.389538254184406014e+02,8.389559581120473695e+02,8.389591548677377659e+02,8.389634129023036166e+02,8.389687284736588708e+02,8.389750968542524561e+02,8.389825122980893184e+02,8.389909680015598497e+02,8.390004560583541888e+02,8.390109674088264455e+02,8.390224917842933792e+02,8.390350176468915606e+02,8.390485321257934856e+02,8.390630209507908148e+02,8.390784683845092786e+02,8.390948571548068458e+02,8.391121683892542933e+02,8.391303815539823745e+02,8.391494743996067882e+02,8.391694229174156590e+02,8.391902013094830863e+02,8.392117819768636764e+02,8.392341355304697572e+02,8.392572308295992798e+02,8.392810350533021619e+02,8.393055138097712415e+02,8.393306312886206797e+02,8.393563504601834211e+02,8.393826333247000093e+02,8.394094412124208020e+02,8.394367351331351301e+02,8.394644761705077372e+02,8.394926259129566688e+02,8.395211469088878857e+02,8.395500031303054129e+02,8.395791604256741039e+02,8.396085869410438818e+02,8.396382534884110100e+02,8.396681338423361467e+02,8.396982049494221201e+02,8.397284470383956432e+02,8.397588436176301911e+02,8.397893813356444070e+02,8.398200496499190422e+02,8.398508401958961258e+02,8.398817456825837553e+02,8.399127578930350637e+02,8.399438648912504277e+02,8.399750469617405315e+02,8.400062705430397045e+02,8.400374796080723172e+02,8.400685868591154986e+02,8.400995635172970424e+02,8.401311257047644858e+02,8.401665721273526515e+02,8.402085428959063620e+02,8.402591573926173396e+02,8.403199942095516235e+02,8.403925007648623478e+02,8.404782982347966254e+02,8.405792832599851181e+02,8.406976386696151167e+02,8.408358391798515186e+02,8.409966742121570178e+02,8.411832727143578268e+02,8.413991489847718412e+02,8.416481492965972393e+02,8.419346822297775361e+02,8.422630657338161200e+02,8.426367237061689366e+02,8.430532337707518309e+02,8.434777960088348436e+02,8.439056817743327201e+02,8.443345646708431786e+02,8.447645049691558370e+02,8.451965166420742435e+02,8.456300305056761317e+02,8.460632363625259131e+02,8.464959231655212761e+02,8.469275044748270602e+02,8.473579641587361948e+02,8.477870293528393404e+02,8.482145755635098112e+02,8.486404889867608290e+02,8.490647710388514042e+02,8.494875297596483961e+02,8.499089572652109155e+02,8.503293242084630492e+02,8.507489275634153501e+02,8.511680973622881083e+02,8.515871628515259317e+02,8.520064581908386572e+02,8.524262982147257617e+02,8.528469765377262775e+02,8.532687505926641052e+02,8.536918393167375143e+02,8.541164175246668719e+02,8.545426158866328024e+02,8.549705210859989393e+02,8.554001781422986141e+02,8.558315940669608608e+02,8.562647423650990959e+02,8.566995686557482941e+02,8.571359963460549807e+02,8.575739326604095822e+02,8.580132741945953967e+02,8.584539121594669950e+02,8.588957368503731686e+02,8.593386414104822961e+02,8.597825247137891438e+02,8.602272934306058687e+02,8.606728632955915828e+02,8.611191596783984323e+02,8.615661175750776692e+02,8.620136811435626214e+02,8.624618029228101932e+02,8.629104428510275966e+02,8.633595671976526091e+02,8.638091474925196280e+02,8.642591595224412231e+02,8.647095824379642863e+02,8.651603979970439013e+02,8.656115899537215910e+02,8.660631435880758318e+02,8.665150453646642745e+02,8.669672827013271217e+02,8.674198438286817918e+02,8.678727177204959844e+02,8.683258940777716361e+02,8.687793633517593435e+02,8.692331167948821076e+02,8.696871465310879330e+02,8.701414456401071220e+02,8.705960082515332488e+02,8.710508296461966893e+02,8.715059063625326417e+02,8.719612363061111182e+02,8.724168188600536951e+02,8.728726549941179655e+02,8.733287473697330370e+02,8.737851004384571070e+02,8.742417205311398902e+02,8.746986159355952850e+02,8.751557969607576979e+02,8.756132759860818169e+02,8.760710674953214721e+02,8.765291880946965648e+02,8.769876565158745052e+02,8.774464936050122787e+02,8.779057222994666745e+02,8.783653675944970018e+02,8.788254565025740703e+02,8.792860180085301636e+02,8.797470830240123405e+02,8.802086843452448193e+02,8.806708566182636559e+02,8.811336363162259886e+02,8.815970617334426152e+02,8.820611730010371048e+02,8.825260121289804829e+02,8.829916230792101715e+02,8.834580518740594925e+02,8.839253467437521294e+02,8.843935583157599467e+02,8.848627398477784709e+02,8.853329475044947685e+02,8.858042406765797523e+02,8.862766823380108008e+02,8.867503394352943360e+02,8.872252832990282059e+02,8.877015900648896150e+02,8.881793410872307959e+02,8.886586233243809829e+02,8.891395296702377209e+02,8.896221592021496463e+02,8.901066173102867651e+02,8.905930156690490094e+02,8.910814720065020538e+02,8.915721096237953134e+02,8.920650566130309471e+02,8.925604447196315050e+02,8.930584077940608267e+02,8.935590797783786456e+02,8.940625921758775121e+02,8.945690709576508652e+02,8.950786328687927380e+02,8.955913811097880171e+02,8.961074003859231425e+02,8.966267513398648816e+02,8.971494644100901041e+02,8.976755331907878599e+02,8.982049074067482479e+02,8.987374856588877492e+02,8.992731081408898035e+02,8.998115495729119857e+02,9.003525126414243687e+02,9.008956222714364230e+02,9.014404210843241572e+02,9.019863664066597266e+02,9.025328291882342455e+02,9.030790951569262006e+02,9.036243684812912988e+02,9.041677781277770691e+02,9.047083869896059696e+02,9.052452037328439474e+02,9.057771971590448175e+02,9.063033127329304079e+02,9.068224907795697618e+02,9.073336857311481936e+02,9.078358857107888298e+02,9.083281316901752689e+02,9.088095354555631502e+02,9.092792956653726151e+02,9.097367113790639905e+02,9.101811925737417823e+02,9.106122673302998010e+02,9.110295855506905127e+02,9.114329192471171837e+02,9.118221596085525107e+02,9.121973111884537957e+02,9.125584836619165117e+02,9.129058816668381269e+02,9.132397932720093650e+02,9.135605776087897993e+02,9.138686521680173200e+02,9.141644802073044502e+02,9.144485586435511095e+02,9.147214067285528927e+02,9.149835557281905949e+02,9.152355397526305296e+02,9.154778878195580774e+02,9.157111171766370035e+02,9.159357278638701700e+02,9.161521984611758853e+02,9.163609829404929314e+02,9.165625085239422560e+02,9.167571744386669934e+02,9.169453514536559169e+02,9.171273820828984071e+02,9.173035813415681332e+02,9.174742379467404589e+02,9.176396158606989957e+02,9.177999560826787047e+02,9.179554786035129155e+02,9.181063844468284287e+02,9.182528577299117387e+02,9.183950676870221059e+02,9.185331706075485272e+02,9.186673116508949306e+02,9.187976265091737105e+02,9.189242428975334178e+02,9.190472818601352856e+02,9.191668588872391865e+02,9.192830848454694888e+02,9.193960667289960611e+02,9.195059082440055818e+02,9.196127102424289887e+02,9.197165710234454536e+02,9.198175865228431576e+02,9.199158504109743717e+02,9.200114541198586267e+02,9.201044868190519992e+02,9.201950353581943318e+02,9.202831841916172380e+02,9.203690152969425071e+02,9.204526080950777214e+02,9.205340393736851183e+02,9.206133832105479087e+02,9.206907108891756479e+02,9.207660907989306907e+02,9.208395883208208943e+02,9.209112657218754521e+02,9.209811821210305425e+02,9.210493936448117438e+02,9.211159539541270078e+02,9.211809153622258464e+02,9.212443307349136603e+02,9.213062561845479195e+02,9.213667541659416429e+02,9.214258958648706539e+02,9.214837607669265935e+02,9.215404301265330105e+02,9.215959702001263167e+02,9.216504012778086690e+02,9.217036510211119094e+02,9.217554966780642189e+02,9.218055117845905215e+02,9.218530488968004875e+02,9.218973089899950537e+02,9.219375649091132345e+02,9.219736128222383513e+02,9.220065106075021504e+02,9.220396106029454586e+02,9.220797744735976949e+02,9.221384029417320107e+02,9.222314089043284184e+02,9.223764653232244655e+02,9.225853904375931052e+02,9.228525305441937689e+02,9.231525057403671326e+02
8.389583636995133702e+02,8.389583636616479225e+02,8.389594587685480747e+02,8.389616481114428552e+02,8.389649298655748453e+02,8.389693012751580454e+02,8.389747586308593554e+02,8.389812972398658530e+02,8.389889113886350742e+02,8.389975942984741550e+02,8.390073380741575875e+02,8.390181336458806527e+02,8.390299707049559856e+02,8.390428376338054477e+02,8.390567214309807014e+02,8.390716076321675700e+02,8.390874802284075713e+02,8.391043215830960662e+02,8.391221123497139160e+02,8.391408313927015570e+02,8.391604557144136152e+02,8.391809603916749438e+02,8.392023185260950413e+02,8.392245012129657198e+02,8.392474775342210478e+02,8.392712145815423810e+02,8.392956775161514997e+02,8.393208296720753196e+02,8.393466327095401311e+02,8.393730468245452130e+02,8.394000310193939640e+02,8.394275434369026243e+02,8.394555417580291987e+02,8.394839836587407262e+02,8.395128273171532101e+02,8.395420319566020453e+02,8.395715584048568871e+02,8.396013696449936106e+02,8.396314313305438191e+02,8.396617122377004989e+02,8.396921846315476614e+02,8.397228245316457560e+02,8.397536118726129644e+02,8.397845305629407449e+02,8.398155684390568467e+02,8.398467170727187749e+02,8.398779713044282289e+02,8.399093282746648583e+02,8.399407849936594630e+02,8.399723350872881156e+02,8.400039639109830887e+02,8.400356407856166925e+02,8.400673072788464424e+02,8.400988686847599638e+02,8.401305608204424971e+02,8.401659288937358951e+02,8.402081388827092496e+02,8.402593341354414633e+02,8.403210351695471445e+02,8.403947116097418757e+02,8.404820466541165160e+02,8.405850040577249729e+02,8.407058329886042429e+02,8.408470740249576920e+02,8.410115793345361226e+02,8.412025356905897979e+02,8.414234698187536878e+02,8.416783297309677891e+02,8.419707517752319745e+02,8.423058724583318053e+02,8.426865289104250678e+02,8.431097495802839603e+02,8.435393899540760003e+02,8.439710683201769825e+02,8.444035975660513031e+02,8.448370581608361363e+02,8.452707764263424224e+02,8.457057025606770821e+02,8.461406080513063444e+02,8.465748837518892742e+02,8.470077300589731522e+02,8.474391075515916327e+02,8.478687614535919010e+02,8.482966842234301339e+02,8.487228007204413416e+02,8.491471735336856455e+02,8.495699270646969126e+02,8.499912823057071591e+02,8.504115278937936182e+02,8.508309898135129288e+02,8.512500196758061293e+02,8.516689661253628856e+02,8.520881748101732001e+02,8.525079680103245892e+02,8.529286431732726896e+02,8.533504589189182070e+02,8.537736334694025118e+02,8.541983386765571140e+02,8.546247009830515253e+02,8.550528015702882385e+02,8.554826796044659432e+02,8.559143359957485018e+02,8.563477384070106382e+02,8.567828269382305280e+02,8.572195200295096811e+02,8.576577205369655985e+02,8.580973213586652264e+02,8.585382106763695447e+02,8.589802763969628359e+02,8.594234098708333249e+02,8.598675087095076606e+02,8.603124787941039813e+02,8.607582354778299987e+02,8.612047041026891065e+02,8.616518199349353608e+02,8.620995276526567750e+02,8.625477805176103629e+02,8.629965393501752260e+02,8.634457714191588593e+02,8.638954493306441691e+02,8.643455499861963744e+02,8.647960536536083964e+02,8.652469431784961671e+02,8.656982033452721907e+02,8.661498203853963105e+02,8.666017816201549522e+02,8.670540752206927664e+02,8.675066900649255786e+02,8.679596156714200106e+02,8.684128421917060905e+02,8.688663604454909546e+02,8.693201619860973324e+02,8.697742391867421929e+02,8.702285853406241358e+02,8.706831947701006129e+02,8.711380629413538372e+02,8.715931865820633675e+02,8.720485637996840751e+02,8.725041941982899516e+02,8.729600789915801897e+02,8.734162211098248463e+02,8.738726252982402229e+02,8.743292982046630186e+02,8.747862484544037898e+02,8.752434867108223671e+02,8.757010257204428854e+02,8.761588803422524734e+02,8.766170675612191872e+02,8.770756064868999147e+02,8.775345183383817584e+02,8.779938264175559652e+02,8.784535560730284942e+02,8.789137346576181926e+02,8.793743914826404762e+02,8.798355577727336367e+02,8.802972666251682767e+02,8.807595529780542165e+02,8.812224535919519894e+02,8.816860070497252764e+02,8.821502537793995771e+02,8.826152361048737021e+02,8.830809983289750562e+02,8.835475868530527350e+02,8.840150503365194936e+02,8.844834398989337387e+02,8.849528093658562966e+02,8.854232155582418500e+02,8.858947186230683428e+02,8.863673824006713176e+02,8.868412748214205976e+02,8.873164683213343551e+02,8.877930402626190016e+02,8.882710733413288153e+02,8.887506559600685705e+02,8.892318825392917461e+02,8.897148537360739056e+02,8.901996765346390248e+02,8.906864641682891488e+02,8.911753358281262081e+02,8.916664161100605952e+02,8.921598341485394030e+02,8.926557223832958243e+02,8.931542149047867269e+02,8.936554453250766983e+02,8.941595441244002131e+02,8.946666354298650958e+02,8.951768331924627091e+02,8.956902367421644158e+02,8.962069257190819371e+02,8.967269544017693761e+02,8.972503454821282958e+02,8.977770833699173636e+02,8.983071071482559091e+02,8.988403033437327849e+02,8.993764987193127354e+02,8.999154533428362583e+02,9.004568542255925649e+02,9.010003098604049683e+02,9.015453460127142762e+02,9.020914031266099755e+02,9.026378356962840144e+02,9.031839139180972325e+02,9.037288278769041199e+02,9.042716944318035530e+02,9.048115668530126641e+02,9.053474471276980466e+02,9.058783007060053478e+02,9.064030733092698711e+02,9.069207092824437950e+02,9.074301708546757936e+02,9.079304575875517003e+02,9.084206252492110707e+02,9.088998033602512123e+02,9.093672107152286799e+02,9.098221682878730689e+02,9.102641090703962163e+02,9.106925845653236138e+02,9.111072678277275827e+02,9.115079531317570627e+02,9.118945524943964074e+02,9.122670894206009962e+02,9.126256903302402179e+02,9.129705741855083261e+02,9.133020408584052348e+02,9.136204587654860916e+02,9.139262522574940704e+02,9.142198891921068480e+02,9.145018690464127076e+02,9.147727118489013947e+02,9.150329481345771683e+02,9.152831100557455102e+02,9.155237237180883767e+02,9.157553027584831398e+02,9.159783431381549690e+02,9.161933190918643959e+02,9.164006801500243000e+02,9.166008491347030258e+02,9.167942210210744634e+02,9.169811625516881577e+02,9.171620124908060916e+02,9.173370824089276994e+02,9.175066578927061300e+02,9.176710000820753521e+02,9.178303474441031540e+02,9.179849177014679071e+02,9.181349098423011128e+02,9.182805061472325860e+02,9.184218741786835380e+02,9.185591686866326881e+02,9.186925333941272811e+02,9.188221026345790960e+02,9.189480028212508387e+02,9.190703537371767879e+02,9.191892696409151995e+02,9.193048601899054120e+02,9.194172311886713942e+02,9.195264851736241098e+02,9.196327218497100375e+02,9.197360383966525887e+02,9.198365296640682800e+02,9.199342882753951471e+02,9.200294046604454934e+02,9.201219670355779954e+02,9.202120613490641290e+02,9.202997712071620526e+02,9.203851777937062479e+02,9.204683597924683909e+02,9.205493933171985645e+02,9.206283518491039786e+02,9.207053061765338953e+02,9.207803243280609422e+02,9.208534714913517973e+02,9.209248099194737733e+02,9.209943988493406550e+02,9.210622944953796605e+02,9.211285502362094348e+02,9.211932171678679424e+02,9.212563452320263195e+02,9.213179850848918022e+02,9.213781906947945117e+02,9.214370222468967313e+02,9.214945482573558593e+02,9.215508448336111087e+02,9.216059889798609674e+02,9.216600420814460222e+02,9.217130200583179658e+02,9.217648491115251090e+02,9.218153119627858132e+02,9.218639997780861677e+02,9.219102998759658476e+02,9.219534663456842054e+02,9.219928354757036004e+02,9.220282520976367095e+02,9.220607575487385930e+02,9.220935400963421671e+02,9.221330377806878005e+02,9.221898503311872446e+02,9.222786647754210207e+02,9.224156972484006474e+02,9.226117748637544764e+02,9.228618865664363966e+02,9.231429757147650434e+02
8.389632274923594650e+02,8.389632274552093349e+02,8.389643517532202850e+02,8.389665994947879426e+02,8.389699688886971671e+02,8.389744572274155416e+02,8.389800608620400908e+02,8.389867751689158695e+02,8.389945945079650755e+02,8.390035121727980822e+02,8.390135203327316731e+02,8.390246099669145678e+02,8.390367707908636703e+02,8.390499911758514600e+02,8.390642580617691237e+02,8.390795568643193292e+02,8.390958713776869899e+02,8.391131836741956249e+02,8.391314740029022232e+02,8.391507206896072830e+02,8.391709000413852664e+02,8.391919862594567121e+02,8.392139513650311073e+02,8.392367651436359210e+02,8.392603951143628365e+02,8.392848065313722827e+02,8.393099624258018139e+02,8.393358236968164192e+02,8.393623492607548542e+02,8.393894962669795632e+02,8.394172203878955543e+02,8.394454761884295522e+02,8.394742175768300285e+02,8.395033983338183816e+02,8.395329727108766065e+02,8.395628960810594208e+02,8.395931256177761952e+02,8.396236209696434116e+02,8.396543448944921693e+02,8.396852638152281543e+02,8.397163482669612904e+02,8.397475732205317627e+02,8.397789182905185044e+02,8.398103678621223480e+02,8.398419111837354194e+02,8.398735424331308650e+02,8.399052606474710956e+02,8.399370693400517212e+02,8.399689735016821714e+02,8.400009766674392040e+02,8.400330776992151414e+02,8.400652693192415654e+02,8.400975514995469666e+02,8.401300410281885434e+02,8.401647987263526147e+02,8.402071556102138175e+02,8.402589082959500502e+02,8.403214505968410322e+02,8.403962764471028777e+02,8.404851372369701039e+02,8.405900684514678005e+02,8.407133887435205679e+02,8.408577068551646789e+02,8.410259406141011596e+02,8.412213405095559438e+02,8.414474981533160189e+02,8.417083664886166616e+02,8.420082699724425765e+02,8.423482701839279798e+02,8.427359451067915188e+02,8.431666911280689192e+02,8.436020625892538192e+02,8.440376083540770651e+02,8.444733253358973570e+02,8.449095991219825237e+02,8.453459801540791432e+02,8.457824578618083251e+02,8.462187270364518099e+02,8.466543264196643577e+02,8.470883771169108059e+02,8.475206494320923412e+02,8.479508765764733198e+02,8.483791240152452247e+02,8.488053724626889789e+02,8.492297571228527886e+02,8.496524332463304745e+02,8.500736581361501294e+02,8.504937380678956060e+02,8.509130251217060277e+02,8.513318898405356094e+02,8.517507001403128015e+02,8.521698128630176825e+02,8.525895576394443651e+02,8.530102342899405130e+02,8.534321012297191373e+02,8.538553742645397051e+02,8.542802210796972986e+02,8.547067627853998601e+02,8.551350742166689543e+02,8.555651879342912025e+02,8.559970981573512745e+02,8.564307662794342377e+02,8.568661266175012088e+02,8.573030925380954841e+02,8.577415625347990726e+02,8.581814259139850947e+02,8.586225679982189831e+02,8.590648745308901653e+02,8.595082353243178659e+02,8.599525470001773328e+02,8.603977149224235745e+02,8.608436543232330678e+02,8.612902907551745102e+02,8.617375599641010240e+02,8.621854073247624228e+02,8.626337869631456670e+02,8.630826606886969330e+02,8.635319968434490647e+02,8.639817691541643399e+02,8.644319556559788680e+02,8.648825377320711141e+02,8.653334992976116382e+02,8.657848261377640711e+02,8.662365053980400944e+02,8.666885252150867700e+02,8.671408744705619256e+02,8.675935426478426962e+02,8.680465197708186906e+02,8.684997964056966566e+02,8.689533637088865135e+02,8.694072135074430889e+02,8.698613384011564449e+02,8.703157318785060852e+02,8.707703884405075314e+02,8.712253037284788206e+02,8.716804746524522898e+02,8.721358995179062958e+02,8.725915781484283116e+02,8.730475120023169211e+02,8.735037042808473871e+02,8.739601600262658394e+02,8.744168862074468507e+02,8.748738917916984974e+02,8.753311878013272462e+02,8.757887873543324986e+02,8.762467056889139485e+02,8.767049601723070964e+02,8.771635702948254902e+02,8.776225576507767983e+02,8.780819459082329104e+02,8.785417607703325302e+02,8.790020299310327800e+02,8.794627830288299037e+02,8.799240516021477561e+02,8.803858690506059475e+02,8.808482706064884269e+02,8.813112933211300515e+02,8.817749760709191378e+02,8.822393595878079395e+02,8.827044865189749316e+02,8.831704015201452194e+02,8.836371513864553435e+02,8.841047852241377996e+02,8.845733546651636061e+02,8.850429141257499168e+02,8.855135211078519433e+02,8.859852365408012247e+02,8.864581251577196781e+02,8.869322558985878686e+02,8.874077023285504993e+02,8.878845430565243078e+02,8.883628621351732590e+02,8.888427494191739697e+02,8.893243008541941208e+02,8.898076186645140524e+02,8.902928114025926334e+02,8.907799938195087179e+02,8.912692865110381035e+02,8.917608152905927454e+02,8.922547102374128372e+02,8.927511043667637978e+02,8.932501318686282730e+02,8.937519258631140247e+02,8.942566156248132074e+02,8.947643232353552776e+02,8.952751596337923274e+02,8.957892200489505967e+02,8.963065788168543122e+02,8.968272836103061536e+02,8.973513491367942834e+02,8.978787503950957216e+02,8.984094156196862286e+02,8.989432190843961052e+02,8.994799739809309358e+02,9.000194256316156043e+02,9.005612453358062339e+02,9.011050251821498023e+02,9.016502741798534544e+02,9.021964160669052717e+02,9.027427891373695275e+02,9.032886483899566201e+02,9.038331702338008427e+02,9.043754598946262604e+02,9.049145615475617888e+02,9.054494710670104496e+02,9.059791511371824981e+02,9.065025483196769756e+02,9.070186115388440840e+02,9.075263113340793097e+02,9.080246591520424317e+02,9.085127259199069840e+02,9.089896591581078837e+02,9.094546979579275785e+02,9.099071852609567941e+02,9.103465770247737510e+02,9.107724480294447176e+02,9.111844942581636815e+02,9.115825319578502786e+02,9.119664936388090837e+02,9.123364213964829332e+02,9.126924580266094154e+02,9.130348364554200771e+02,9.133638680203426929e+02,9.136799301184186106e+02,9.139834536958077251e+02,9.142749109897481503e+02,9.145548038616783515e+02,9.148236529836688078e+02,9.150819880654638609e+02,9.153303392404071701e+02,9.155692296680613254e+02,9.157991693607831394e+02,9.160206502012317742e+02,9.162341420872719482e+02,9.164400901190227842e+02,9.166389127286197436e+02,9.168310006452582002e+02,9.170167165849745743e+02,9.171963955552427024e+02,9.173703456678051680e+02,9.175388493584952130e+02,9.177021649194632573e+02,9.178605282567984887e+02,9.180141547947043819e+02,9.181632414559076096e+02,9.183079686567018598e+02,9.184485022638327791e+02,9.185849954691942685e+02,9.187175905469327972e+02,9.188464204659379675e+02,9.189716103387019075e+02,9.190932786950404534e+02,9.192115385760512254e+02,9.193264984498324566e+02,9.194382629557752580e+02,9.195469334886305433e+02,9.196526086369530049e+02,9.197553844929868774e+02,9.198553548525629822e+02,9.199526113242382053e+02,9.200472433668069243e+02,9.201393382735664090e+02,9.202289811204335592e+02,9.203162546932383066e+02,9.204012394072844927e+02,9.204840132294557407e+02,9.205646516097037875e+02,9.206432274245217968e+02,9.207198109303312776e+02,9.207944697200753126e+02,9.208672686737101003e+02,9.209382698948984398e+02,9.210075326367914386e+02,9.210751132421777356e+02,9.211410651622258001e+02,9.212054391682233927e+02,9.212682839247929678e+02,9.213296471168023345e+02,9.213895772790867795e+02,9.214481262876064420e+02,9.215053520828467981e+02,9.215613205283365232e+02,9.216161044291782218e+02,9.216697767507237131e+02,9.217223944873784376e+02,9.217739700107354111e+02,9.218244292744013819e+02,9.218735618580813025e+02,9.219209777048740762e+02,9.219660989067706396e+02,9.220082305458923884e+02,9.220467669582023973e+02,9.220815927829833072e+02,9.221137216917427395e+02,9.221461688258453933e+02,9.221849494934768927e+02,9.222398857083111352e+02,9.223244972184428434e+02,9.224536388244082445e+02,9.226372384857123734e+02,9.228709128298845599e+02,9.231337722311772040e+02
8.389673217258043678e+02,8.389673216896933354e+02,8.389684760378706869e+02,8.389707839036727819e+02,8.389742435449727509e+02,8.389788523257975612e+02,8.389846066887185998e+02,8.389915021179758696e+02,8.389995330933033983e+02,8.390086930344375560e+02,8.390189742363240839e+02,8.390303677950992096e+02,8.390428635250073057e+02,8.390564498665459041e+02,8.390711137862996338e+02,8.390868406691579366e+02,8.391036142039129118e+02,8.391214162636152878e+02,8.391402267825538956e+02,8.391600236323162108e+02,8.391807825001138781e+02,8.392024767734143325e+02,8.392250774359246179e+02,8.392485529811044671e+02,8.392728693506296622e+02,8.392979899065220479e+02,8.393238754469305150e+02,8.393504842766451475e+02,8.393777723441735361e+02,8.394056934573440003e+02,8.394341995886071572e+02,8.394632412791291927e+02,8.394927681469965819e+02,8.395227294990698965e+02,8.395530750379997471e+02,8.395837556457729534e+02,8.396147242134936732e+02,8.396459364753602586e+02,8.396773517955385842e+02,8.397089338537441563e+02,8.397406511838175902e+02,8.397724775451006280e+02,8.398043921487920898e+02,8.398363798233170883e+02,8.398684312605776086e+02,8.399005434667677719e+02,8.399327204002382814e+02,8.399649740429712210e+02,8.399973196464508192e+02,8.400297735600940996e+02,8.400623549314641423e+02,8.400951091013401992e+02,8.401282462723743265e+02,8.401629192988018531e+02,8.402055013396363847e+02,8.402578038983828037e+02,8.403211514094680297e+02,8.403970947156348075e+02,8.404874626370592523e+02,8.405943666078975411e+02,8.407201992637784542e+02,8.408676445120441940e+02,8.410396997362827278e+02,8.412397077314573153e+02,8.414713951540481958e+02,8.417389166792709148e+02,8.420469459614538437e+02,8.423994193225371419e+02,8.427866201326069131e+02,8.432233740007362712e+02,8.436648843927229109e+02,8.441046543806443196e+02,8.445437439470571235e+02,8.449826605994658166e+02,8.454214723935091342e+02,8.458599845061077076e+02,8.462976977827240717e+02,8.467344214795649577e+02,8.471694910538135446e+02,8.476025641416246117e+02,8.480333313041188603e+02,8.484618540095918888e+02,8.488881741869689677e+02,8.493124989329562595e+02,8.497350283240707540e+02,8.501560634894159421e+02,8.505759327162544423e+02,8.509950130754613156e+02,8.514136912840680225e+02,8.518323527002673927e+02,8.522513641996355318e+02,8.526710622733279479e+02,8.530917478975460426e+02,8.535136780065372477e+02,8.539370642970700374e+02,8.543620689807073632e+02,8.547888066466022110e+02,8.552173449648279302e+02,8.556477092044901838e+02,8.560798864118531810e+02,8.565138313681597992e+02,8.569494724268172376e+02,8.573867178403228309e+02,8.578254618110298679e+02,8.582655902138284318e+02,8.587069857265016708e+02,8.591495321842172643e+02,8.595931181335807878e+02,8.600376394864219947e+02,8.604830013606843977e+02,8.609291191219901975e+02,8.613759187616007011e+02,8.618233367025869711e+02,8.622713191798668504e+02,8.627198213125820985e+02,8.631688059941405982e+02,8.636182427030709050e+02,8.640681063216679831e+02,8.645183760293427895e+02,8.649690343156304380e+02,8.654200661412800173e+02,8.658714582575380518e+02,8.663231986827665878e+02,8.667752763244670859e+02,8.672276807299571146e+02,8.676804019448146619e+02,8.681334304583008361e+02,8.685867572154648997e+02,8.690403736784467128e+02,8.694942719219480978e+02,8.699484447512572842e+02,8.704028858336540679e+02,8.708575898367229229e+02,8.713125525686014043e+02,8.717677711167895040e+02,8.722232439826555037e+02,8.726789712095392133e+02,8.731349545022916345e+02,8.735911973365108452e+02,8.740477050555699634e+02,8.745044849539939378e+02,8.749615463457469104e+02,8.754189006166386662e+02,8.758765612602704778e+02,8.763345438977261210e+02,8.767928662815344296e+02,8.772515482852348896e+02,8.777106118801953016e+02,8.781700811020638184e+02,8.786299820094973256e+02,8.790903426384389832e+02,8.795511929554088510e+02,8.800125648138115366e+02,8.804744919173872404e+02,8.809370097953644745e+02,8.814001557939053555e+02,8.818639690886956259e+02,8.823284907233837657e+02,8.827937636785620725e+02,8.832598329755201121e+02,8.837267458185729083e+02,8.841945517788378766e+02,8.846633030213454276e+02,8.851330545758256676e+02,8.856038646498417393e+02,8.860757949806770739e+02,8.865489112199467172e+02,8.870232833418826885e+02,8.874989860630294061e+02,8.879760992573467320e+02,8.884547083468327173e+02,8.889349046434692809e+02,8.894167856139623609e+02,8.899004550341760478e+02,8.903860229957662114e+02,8.908736057231776613e+02,8.913633251553218315e+02,8.918553082428763901e+02,8.923496859097443803e+02,8.928465916258700190e+02,8.933461595389205741e+02,8.938485221145184596e+02,8.943538072394405845e+02,8.948621347498117302e+02,8.953736123575513375e+02,8.958883309635529031e+02,8.964063593659292337e+02,8.969277383963739112e+02,8.974524745475430336e+02,8.979805331890876232e+02,8.985118315090969645e+02,8.990462313599970230e+02,8.995835322317560667e+02,9.001234646179400443e+02,9.006656840786798739e+02,9.012097663349449022e+02,9.017552037464641899e+02,9.023014035266124893e+02,9.028476880274873793e+02,9.033932973838326461e+02,9.039373947336354149e+02,9.044790741363229927e+02,9.050173711893958171e+02,9.055512762067056656e+02,9.060797496749502216e+02,9.066017395600115378e+02,9.071161999037192345e+02,9.076221100467082579e+02,9.081184937452565009e+02,9.086044374274333677e+02,9.090791068607339867e+02,9.095417615788935564e+02,9.099917665342644568e+02,9.104286005940134601e+02,9.108518616704477608e+02,9.112612684533473839e+02,9.116566588809093901e+02,9.120379856332688178e+02,9.124053090491871671e+02,9.127587879468785559e+02,9.130986688725702152e+02,9.134252743073537886e+02,9.137389903391076587e+02,9.140402542584320145e+02,9.143295424732075389e+02,9.146073590628602688e+02,9.148742252173005909e+02,9.151306697320546846e+02,9.153772206641654066e+02,9.156143981954145374e+02,9.158427087014503059e+02,9.160626399876088044e+02,9.162746576240040213e+02,9.164792022927381367e+02,9.166766880475696553e+02,9.168675013796939766e+02,9.170520009811724549e+02,9.172305180988478241e+02,9.174033573753778228e+02,9.175707980795383492e+02,9.177330956346493167e+02,9.178904833614328709e+02,9.180431743595544276e+02,9.181913634603193941e+02,9.183352291913637373e+02,9.184749357026018970e+02,9.186106346110619825e+02,9.187424667304878767e+02,9.188705636595899477e+02,9.189950492105037938e+02,9.191160406662150990e+02,9.192336498623418493e+02,9.193479840945815340e+02,9.194591468582740390e+02,9.195672384307761149e+02,9.196723563106833126e+02,9.197745955303366827e+02,9.198740488595550460e+02,9.199708069191970026e+02,9.200649582230714714e+02,9.201565891660115994e+02,9.202457839747182788e+02,9.203326246363535574e+02,9.204171908179125694e+02,9.204995597870669144e+02,9.205798063424300608e+02,9.206580027578447698e+02,9.207342187414063801e+02,9.208085214055263350e+02,9.208809752404449682e+02,9.209516420813540662e+02,9.210205810620717557e+02,9.210878485585947146e+02,9.211534981493300620e+02,9.212175806550426387e+02,9.212801443715769665e+02,9.213412356542826274e+02,9.214009000364588928e+02,9.214591840074862148e+02,9.215161373972293859e+02,9.215718159182627005e+02,9.216262828058537480e+02,9.216796076380792329e+02,9.217318595747896097e+02,9.217830916899133626e+02,9.218333136364570919e+02,9.218824522550291931e+02,9.219303052981163091e+02,9.219765024176620045e+02,9.220205003386606677e+02,9.220616527541811820e+02,9.220994066810508230e+02,9.221336778373695324e+02,9.221654418576245007e+02,9.221975326541695495e+02,9.222355450886841481e+02,9.222885472098287210e+02,9.223689488553920910e+02,9.224903339387060441e+02,9.226618159953433178e+02,9.228796221099790955e+02,9.231248828776647315e+02
8.389706171538086892e+02,8.389706171190947543e+02,8.389718023568901799e+02,8.389741720340608708e+02,8.389777244747575651e+02,8.389824571403837581e+02,8.389883665994582316e+02,8.389954484872706644e+02,8.390036974552100446e+02,8.390131071096392361e+02,8.390236699401983742e+02,8.390353772374589880e+02,8.390482189999107732e+02,8.390621838303734421e+02,8.390772588220784201e+02,8.390934294348836602e+02,8.391106793623839621e+02,8.391289903910713974e+02,8.391483422532121494e+02,8.391687124757575020e+02,8.391900762284236635e+02,8.392124061750727151e+02,8.392356723337385347e+02,8.392598419520497828e+02,8.392848794064292406e+02,8.393107461352190057e+02,8.393374006177493811e+02,8.393647984131662270e+02,8.393928922743560861e+02,8.394216323532428987e+02,8.394509665136459944e+02,8.394808407662627587e+02,8.395111998365423460e+02,8.395419878695907983e+02,8.395731492662232540e+02,8.396046296305728447e+02,8.396363767926289938e+02,8.396683418502591394e+02,8.397004801580548019e+02,8.397327521807410449e+02,8.397651241356415994e+02,8.397975683850237374e+02,8.398300636068062204e+02,8.398625948964948975e+02,8.398951541107405774e+02,8.399277408197299337e+02,8.399603641445709172e+02,8.399930476655517850e+02,8.400258195352520261e+02,8.400587126128345972e+02,8.400917830849568873e+02,8.401252405142147381e+02,8.401602116683828854e+02,8.402031440335597381e+02,8.402559379699908959e+02,8.403200270621750860e+02,8.403970394706574325e+02,8.404888874094913263e+02,8.405977617891877571e+02,8.407261351088186530e+02,8.408767783549365049e+02,8.410527925774171081e+02,8.412576601094607440e+02,8.414953293496220113e+02,8.417703452582139789e+02,8.420880155972110970e+02,8.424541638292628249e+02,8.428688741825362740e+02,8.432870747994517160e+02,8.437278975507191490e+02,8.441706499363159537e+02,8.446136971234412840e+02,8.450557594375562758e+02,8.454972335012492977e+02,8.459378543483262547e+02,8.463772905126486421e+02,8.468151892069804489e+02,8.472511521967354611e+02,8.476848874668436338e+02,8.481161075747394307e+02,8.485448422241514663e+02,8.489711770743828083e+02,8.493953742544722445e+02,8.498176921739451473e+02,8.502384797227749686e+02,8.506580938423053340e+02,8.510769369484971776e+02,8.514954104536752766e+02,8.519139144857508654e+02,8.523328239000335316e+02,8.527524807647737362e+02,8.531731859319255591e+02,8.535951936321094990e+02,8.540187099042042291e+02,8.544438901764032153e+02,8.548708413078591093e+02,8.552996229928602361e+02,8.557302525794439134e+02,8.561627095637321645e+02,8.565969418690688144e+02,8.570328717998905859e+02,8.574704025251887742e+02,8.579094240917047500e+02,8.583498191521968010e+02,8.587914679948513594e+02,8.592342528283678575e+02,8.596780612213650556e+02,8.601227886599825752e+02,8.605683402838233178e+02,8.610146318372635506e+02,8.614615899659763727e+02,8.619091519536224268e+02,8.623572650442158647e+02,8.628058854648018041e+02,8.632549772748187706e+02,8.637045111411285916e+02,8.641544631268286594e+02,8.646048135581265797e+02,8.650555460153448166e+02,8.655066464753562059e+02,8.659581026166563333e+02,8.664099032858657665e+02,8.668620381145274223e+02,8.673144972690613486e+02,8.677672713132110403e+02,8.682203511613491855e+02,8.686737281020036789e+02,8.691273938728556914e+02,8.695813407715429548e+02,8.700355617892826103e+02,8.704900507575596293e+02,8.709448025002650411e+02,8.713998129860472091e+02,8.718550794767724028e+02,8.723106006693683412e+02,8.727663768286308823e+02,8.732224099092906044e+02,8.736787036655588281e+02,8.741352637468647799e+02,8.745920977784155639e+02,8.750492154257719903e+02,8.755066284427193750e+02,8.759643507024200062e+02,8.764223982120773826e+02,8.768807891121205103e+02,8.773395436612238427e+02,8.777986842092308279e+02,8.782582351603253983e+02,8.787182229294668332e+02,8.791786758953098797e+02,8.796396243534030646e+02,8.801011004735977394e+02,8.805631382660632198e+02,8.810257735603582887e+02,8.814890440023384599e+02,8.819529890735826712e+02,8.824176501381324442e+02,8.828830705209842336e+02,8.833492956225279613e+02,8.838163730723726985e+02,8.842843529252430699e+02,8.847532879003231301e+02,8.852232336640252015e+02,8.856942491541709614e+02,8.861663969414339590e+02,8.866397436211530021e+02,8.871143602257178600e+02,8.875903226442571849e+02,8.880677120327379725e+02,8.885466151934986101e+02,8.890271248990882214e+02,8.895093401308247394e+02,8.899933661981306159e+02,8.904793147002822025e+02,8.909673032881615882e+02,8.914574551798422135e+02,8.919498983808531420e+02,8.924447645577902222e+02,8.929421875131059778e+02,8.934423012095958256e+02,8.939452372959152626e+02,8.944511220897178418e+02,8.949600729833905461e+02,8.954721942492521976e+02,8.959875722371651818e+02,8.965062699780912681e+02,8.970283212326698958e+02,8.975537240543824282e+02,8.980824339721796150e+02,8.986143569368109638e+02,8.991493422173946328e+02,8.996871754780028141e+02,9.002275723057429104e+02,9.007701724985622604e+02,9.013145354489721512e+02,9.018601369746525052e+02,9.024063679441120485e+02,9.029525350211457635e+02,9.034978638027329225e+02,9.040415045496923767e+02,9.045825406085708664e+02,9.051199995001770731e+02,9.056528665110847669e+02,9.061801004781769961e+02,9.067006513139795061e+02,9.072134786942849587e+02,9.077175712315349756e+02,9.082119653980473686e+02,9.086957634499138976e+02,9.091681496384935599e+02,9.096284040803159314e+02,9.100759137814519590e+02,9.105101804684677518e+02,9.109308250514643532e+02,9.113375887208121640e+02,9.117303308438640670e+02,9.121090239692554178e+02,9.124737463557003139e+02,9.128246725147929510e+02,9.131620622924265263e+02,9.134862490138117437e+02,9.137976271880127115e+02,9.140966402163963949e+02,9.143837684829154568e+02,9.146595181299855994e+02,9.149244107481490573e+02,9.151789741357619050e+02,9.154237342201063257e+02,9.156592081757337382e+02,9.158858987304035963e+02,9.161042896136227682e+02,9.163148420767768130e+02,9.165179923960482711e+02,9.167141502583652937e+02,9.169036979251999355e+02,9.170869900678267186e+02,9.172643541696020293e+02,9.174360913949971064e+02,9.176024778308213854e+02,9.177637660117824225e+02,9.179201866498655136e+02,9.180719504947289806e+02,9.182192502602492823e+02,9.183622625603730967e+02,9.185011498054980166e+02,9.186360620186012511e+02,9.187671385382208200e+02,9.188945095830562195e+02,9.190182976603085763e+02,9.191386188068038336e+02,9.192555836583188693e+02,9.193692983482604859e+02,9.194798652418096481e+02,9.195873835157888152e+02,9.196919495977608676e+02,9.197936574802407677e+02,9.198925989273815276e+02,9.199888635921768127e+02,9.200825390621641873e+02,9.201737108509341851e+02,9.202624623515949907e+02,9.203488747667915959e+02,9.204330270280806872e+02,9.205149957154008007e+02,9.205948549850988911e+02,9.206726765123046334e+02,9.207485294503695741e+02,9.208224804064068394e+02,9.208945934281333621e+02,9.209649299936069156e+02,9.210335489941653577e+02,9.211005067036762739e+02,9.211658567387596577e+02,9.212296500365678185e+02,9.212919349136118399e+02,9.213527573134471140e+02,9.214121613971229863e+02,9.214701906419088573e+02,9.215268895634849287e+02,9.215823059842750808e+02,9.216364934110122249e+02,9.216895124721074808e+02,9.217414296127469697e+02,9.217923104121376809e+02,9.218422045120598796e+02,9.218911196200344875e+02,9.219389845707461291e+02,9.219856064325730358e+02,9.220306353981806069e+02,9.220735624083761195e+02,9.221137873491428536e+02,9.221508044265713124e+02,9.221845521416033762e+02,9.222159582065015684e+02,9.222476684563247318e+02,9.222848605631475039e+02,9.223358732048146749e+02,9.224120619638568996e+02,9.225258257884626119e+02,9.226855412161585264e+02,9.228880267987975685e+02,9.231162956620732984e+02
8.389730836200676549e+02,8.389730835871421277e+02,8.389743005262976112e+02,8.389767336473220212e+02,8.389803813594628537e+02,8.389852412498115655e+02,8.389913100507312720e+02,8.389985835961533667e+02,8.390070567665213730e+02,8.390167234221293029e+02,8.390275763245814460e+02,8.390396070461066529e+02,8.390528058664934861e+02,8.390671616574854852e+02,8.390826617546023272e+02,8.390992918165404717e+02,8.391170356725840520e+02,8.391358751588415998e+02,8.391557899446391957e+02,8.391767573510896909e+02,8.391987521647431549e+02,8.392217464503548854e+02,8.392457093682118057e+02,8.392706070031738363e+02,8.392964022146243224e+02,8.393230545188757787e+02,8.393505200181767805e+02,8.393787513931952162e+02,8.394076979784754258e+02,8.394373059425226984e+02,8.394675185953307164e+02,8.394982768456087570e+02,8.395295198267400565e+02,8.395611857035141838e+02,8.395932126596947001e+02,8.396255400484968732e+02,8.396581096636562052e+02,8.396908670590723887e+02,8.397237628138750551e+02,8.397567536154585923e+02,8.397898030290220959e+02,8.398228818659196122e+02,8.398559681525254064e+02,8.398890469259736165e+02,8.399221104430321247e+02,8.399551596425837943e+02,8.399882079548259526e+02,8.400212974773218093e+02,8.400544771349815392e+02,8.400878213131200027e+02,8.401215529640751356e+02,8.401567996030391896e+02,8.402000142180744433e+02,8.402532102663125215e+02,8.403179425258513220e+02,8.403959505958900991e+02,8.404892376552644464e+02,8.406000770595977656e+02,8.407310248890704543e+02,8.408849471596945477e+02,8.410650602953109001e+02,8.412749890036616307e+02,8.415188478658130862e+02,8.418013190101800092e+02,8.421275842477433571e+02,8.425025558072455851e+02,8.429258787151486558e+02,8.433597633923003514e+02,8.437948084174701080e+02,8.442369866881778080e+02,8.446833518156420268e+02,8.451288241858328547e+02,8.455733444813319011e+02,8.460162225657087447e+02,8.464574284880682171e+02,8.468965845415848435e+02,8.473334040607013549e+02,8.477676779997470931e+02,8.481992281046653943e+02,8.486280809673349950e+02,8.490543597219187859e+02,8.494783625950993837e+02,8.499004079678320522e+02,8.503208925578602475e+02,8.507402093066251609e+02,8.511587863932633127e+02,8.515770399077763386e+02,8.519953819172308158e+02,8.524141927564459138e+02,8.528338179072505909e+02,8.532545564908192546e+02,8.536766586965520673e+02,8.541003235086614040e+02,8.545256983409553868e+02,8.549528811832664132e+02,8.553819229725093010e+02,8.558128325675181713e+02,8.562455816282317755e+02,8.566801110757879769e+02,8.571163371800123514e+02,8.575541581339890627e+02,8.579934600279935921e+02,8.584341225469690926e+02,8.588760238795057376e+02,8.593190449109403062e+02,8.597630725308400770e+02,8.602080020847027981e+02,8.606537389949368162e+02,8.611001996183298388e+02,8.615473114558901671e+02,8.619950128194222998e+02,8.624432520948702177e+02,8.628919867170258158e+02,8.633411819797578346e+02,8.637908097785521022e+02,8.642408473727236924e+02,8.646912762300486293e+02,8.651420809997422339e+02,8.655932486406642283e+02,8.660447677160163948e+02,8.664966278535830497e+02,8.669488193602718411e+02,8.674013329741142115e+02,8.678541597324916665e+02,8.683072909348975372e+02,8.687607181785413104e+02,8.692144334476291760e+02,8.696684292393447322e+02,8.701226987130127100e+02,8.705772358514569760e+02,8.710320356265797272e+02,8.714870941630185825e+02,8.719424088957674712e+02,8.723979787185423902e+02,8.728538041208169034e+02,8.733098873116722416e+02,8.737662323292616975e+02,8.742228451346406928e+02,8.746797336892485646e+02,8.751369080153226605e+02,8.755943802391362851e+02,8.760521646170948316e+02,8.765102775454423636e+02,8.769687375545807981e+02,8.774275652897545115e+02,8.778867834801269510e+02,8.783464168989764858e+02,8.788064923179682637e+02,8.792670384590710455e+02,8.797280859478428283e+02,8.801896672723144093e+02,8.806518167517773463e+02,8.811145705201529381e+02,8.815779665285757574e+02,8.820420445720158114e+02,8.825068463445001044e+02,8.829724155273954693e+02,8.834387979146115413e+02,8.839060415780357971e+02,8.843741970754215345e+02,8.848433177018116567e+02,8.853134597838532045e+02,8.857846830145152808e+02,8.862570508232698785e+02,8.867306307741881710e+02,8.872054949812081759e+02,8.876817205264941322e+02,8.881593898639492863e+02,8.886385911860097622e+02,8.891194187275364129e+02,8.896019729763504529e+02,8.900863607555406816e+02,8.905726951385030361e+02,8.910610951536592665e+02,8.915516852323986541e+02,8.920445943509497511e+02,8.925399548151701765e+02,8.930379006367028296e+02,8.935385654502047146e+02,8.940420799246211345e+02,8.945485686274375894e+02,8.950581463098183121e+02,8.955709135932501113e+02,8.960869520550829748e+02,8.966063187317954544e+02,8.971290400850382412e+02,8.976551055067110383e+02,8.981844604750792769e+02,8.987169995136008538e+02,8.992525591462650709e+02,8.997909110859807242e+02,9.003317559330666882e+02,9.008747176959224134e+02,9.014193394713869338e+02,9.019650806339108158e+02,9.025113158760067336e+02,9.030573364137467252e+02,9.036023536174249102e+02,9.041455052478453354e+02,9.046858643740441721e+02,9.052224509224785152e+02,9.057542456673679681e+02,9.062802063263405898e+02,9.067992852860228368e+02,9.073104483610477473e+02,9.078126938989101973e+02,9.083050714922115958e+02,9.087866995557822065e+02,9.092567810713603649e+02,9.097146168944481133e+02,9.101596161494259150e+02,9.105913033988106235e+02,9.110093224469247843e+02,9.114134368125262426e+02,9.118035270653649604e+02,9.121795853567869017e+02,9.125417075764864876e+02,9.128900836324055490e+02,9.132249863785547177e+02,9.135467597095138217e+02,9.138558063062911287e+02,9.141525754632222061e+02,9.144375513572269938e+02,9.147112420460789508e+02,9.149741694074865563e+02,9.152268601603718707e+02,9.154698380470438224e+02,9.157036172017903937e+02,9.159286966884606045e+02,9.161455561566148162e+02,9.163546525419615136e+02,9.165564177208225374e+02,9.167512570189380767e+02,9.169395484706569732e+02,9.171216427242238751e+02,9.172978634914037457e+02,9.174685084442044172e+02,9.176338504673166199e+02,9.177941391815866155e+02,9.179496026610448780e+02,9.181004492735110034e+02,9.182468695824370570e+02,9.183890382553631753e+02,9.185271159320681136e+02,9.186612510131515137e+02,9.187915813373257379e+02,9.189182357230333764e+02,9.190413353570614845e+02,9.191609950194817884e+02,9.192773241403914426e+02,9.193904276894653549e+02,9.195004069041465300e+02,9.196073598663236908e+02,9.197113819405385584e+02,9.198125660890801782e+02,9.199110030808105876e+02,9.200067816112529044e+02,9.200999883514444946e+02,9.201907079424172480e+02,9.202790229510461586e+02,9.203650138015157154e+02,9.204487586949188653e+02,9.205303335276059897e+02,9.206098118168744122e+02,9.206872646403793397e+02,9.207627605932024153e+02,9.208363657636202788e+02,9.209081437253822742e+02,9.209781555407154201e+02,9.210464597654407726e+02,9.211131124464092181e+02,9.211781671053568061e+02,9.212416747139847075e+02,9.213036836880064584e+02,9.213642399610079110e+02,9.214233872440036066e+02,9.214811676133509764e+02,9.215376225851330219e+02,9.215927947693240867e+02,9.216467300266967868e+02,9.216994796796813034e+02,9.217511017903074162e+02,9.218016597598690396e+02,9.218512158347907643e+02,9.218998166700220054e+02,9.219474687974679910e+02,9.219941040123491121e+02,9.220395397870097440e+02,9.220834474248495098e+02,9.221253516392478105e+02,9.221646958506310057e+02,9.222010162473421815e+02,9.222342659210517013e+02,9.222653157061037064e+02,9.222966171513494373e+02,9.223329354217243008e+02,9.223819045087861923e+02,9.224538804617425285e+02,9.225601580427287445e+02,9.227084478876170124e+02,9.228961392616234889e+02,9.231079984942007286e+02
8.389746900790386235e+02,8.389746900483252148e+02,8.389759394639717129e+02,8.389784375888565364e+02,8.389821829377160611e+02,8.389871732540603944e+02,8.389934054753316559e+02,8.390008756860479480e+02,8.390095790586013891e+02,8.390195097813107168e+02,8.390306609732786001e+02,8.390430245855677640e+02,8.390565912882033217e+02,8.390713503425400859e+02,8.390872894586088933e+02,8.391043946372025175e+02,8.391226499966929850e+02,8.391420375849169204e+02,8.391625371769648609e+02,8.391841260603918045e+02,8.392067788102951909e+02,8.392304670579304684e+02,8.392551592581140767e+02,8.392808204626695670e+02,8.393074121096539102e+02,8.393348918410869146e+02,8.393632133653951541e+02,8.393923263846759255e+02,8.394221766109925511e+02,8.394527058998448865e+02,8.394838525321220004e+02,8.395155516772930469e+02,8.395477360690384785e+02,8.395803369182062852e+02,8.396132850747419525e+02,8.396465124277403902e+02,8.396799534990277607e+02,8.397135471402971234e+02,8.397472381899561924e+02,8.397809788932717083e+02,8.398147298552046323e+02,8.398484603345555115e+02,8.398821477613274737e+02,8.399157767193696600e+02,8.399493383600683956e+02,8.399828318331575474e+02,8.400162706239642603e+02,8.400497326748576370e+02,8.400833155116421267e+02,8.401172667483558598e+02,8.401527215627274927e+02,8.401960866950087166e+02,8.402495218737299183e+02,8.403147438140546228e+02,8.403936287750444762e+02,8.404882859532804105e+02,8.406010733069773551e+02,8.407346262643389991e+02,8.408918988111756789e+02,8.410762085328847206e+02,8.412912837062632434e+02,8.415413083002581516e+02,8.418309220632291954e+02,8.421650143995518647e+02,8.425477613063208082e+02,8.429775880562937118e+02,8.434181282262799186e+02,8.438626042665990781e+02,8.443060668773666748e+02,8.447539116422244660e+02,8.452021777272760801e+02,8.456498897591825425e+02,8.460952252269958080e+02,8.465382757597808450e+02,8.469786528957750988e+02,8.474162824463093102e+02,8.478509875936740627e+02,8.482827313159418736e+02,8.487115805120802179e+02,8.491377110521566465e+02,8.495614467157270155e+02,8.499831595765689372e+02,8.504032898369090390e+02,8.508222706810585123e+02,8.512405560108040845e+02,8.516585775821404241e+02,8.520767566946955185e+02,8.524954767110666580e+02,8.529150836850308224e+02,8.533358730008172870e+02,8.537580891940203855e+02,8.541819228758421332e+02,8.546075123193165837e+02,8.550349456517176350e+02,8.554642643504006401e+02,8.558954683023863481e+02,8.563285211303086726e+02,8.567633567071594598e+02,8.571998853788472843e+02,8.576380005494062289e+02,8.580775846142124692e+02,8.585185145858617943e+02,8.589606668720989546e+02,8.594039213528074015e+02,8.598481645436538656e+02,8.602932919311485875e+02,8.607392094724393701e+02,8.611858343561341371e+02,8.616330951232557709e+02,8.620809312640149074e+02,8.625292924225548177e+02,8.629781373257650330e+02,8.634274325568486574e+02,8.638771512685732432e+02,8.643272719225672063e+02,8.647777771154351285e+02,8.652286525378705164e+02,8.656798860923763641e+02,8.661314671815586053e+02,8.665833861653128452e+02,8.670356339762913649e+02,8.674882018761686595e+02,8.679410813317157363e+02,8.683942639881105379e+02,8.688477417175979554e+02,8.693015067231850708e+02,8.697555516799496900e+02,8.702098698992429036e+02,8.706644555043822038e+02,8.711193036088601502e+02,8.715744104907755627e+02,8.720297737587297888e+02,8.724853925061695463e+02,8.729412674518240465e+02,8.733974010648768171e+02,8.738537976736474775e+02,8.743104635571824019e+02,8.747674070191262672e+02,8.752246384438055884e+02,8.756821703344957086e+02,8.761400173344733275e+02,8.765981962316262752e+02,8.770567259480915254e+02,8.775156275166344813e+02,8.779749240461918589e+02,8.784346406792354855e+02,8.788948045442654120e+02,8.793554447069217304e+02,8.798165921237563225e+02,8.802782796028043322e+02,8.807405417755255712e+02,8.812034150846695866e+02,8.816669377928836866e+02,8.821311500166914357e+02,8.825960937904791308e+02,8.830618131646543816e+02,8.835283543417714327e+02,8.839957658535124665e+02,8.844640987805171335e+02,8.849334070155763357e+02,8.854037475691422969e+02,8.858751809139395164e+02,8.863477713631581310e+02,8.868215874738007187e+02,8.872967024637039231e+02,8.877731946271567267e+02,8.882511477303332867e+02,8.887306513636275440e+02,8.892118012238456686e+02,8.896946992948328443e+02,8.901794538909184666e+02,8.906661795233890189e+02,8.911549965464913612e+02,8.916460305361583778e+02,8.921394113522262614e+02,8.926352718334096608e+02,8.931337460742851135e+02,8.936349672351547042e+02,8.941390648395739618e+02,8.946461615207988416e+02,8.951563691881518707e+02,8.956697845976538019e+02,8.961864843288833526e+02,8.967065191921499263e+02,8.972299081170888257e+02,8.977566316055529114e+02,8.982866248679453065e+02,8.988197708019448555e+02,8.993558930146054990e+02,8.998947491308600775e+02,9.004360246708333761e+02,9.009793278114869963e+02,9.015241853710444957e+02,9.020700403629571156e+02,9.026162514556895076e+02,9.031620946415532671e+02,9.037067673597344992e+02,9.042493952346876540e+02,9.047890414828306120e+02,9.053247189121324254e+02,9.058554042979164933e+02,9.063800547735520468e+02,9.068976257383337725e+02,9.074070896689059964e+02,9.079074551367600634e+02,9.083977852919697398e+02,9.088772150784795940e+02,9.093449665003696509e+02,9.098003613582665139e+02,9.102428310123965502e+02,9.106719228919739635e+02,9.110873036455964211e+02,9.114887589994945074e+02,9.118761905463844641e+02,9.122496098165311196e+02,9.126091300772516206e+02,9.129549563643558940e+02,9.132873742696086765e+02,9.136067379960884409e+02,9.139134581544444700e+02,9.142079897148179271e+02,9.144908204591191634e+02,9.147624602033992005e+02,9.150234309859855557e+02,9.152742583483225189e+02,9.155154637749103586e+02,9.157475583080235992e+02,9.159710373123771205e+02,9.161863763342613538e+02,9.163940279778749982e+02,9.165944197073851001e+02,9.167879524752449925e+02,9.169750000741504437e+02,9.171559091104746813e+02,9.173309995000952313e+02,9.175005653923495856e+02,9.176648764338314095e+02,9.178241792904143495e+02,9.179786993529468191e+02,9.181286425593369813e+02,9.182741972731096212e+02,9.184155361659114760e+02,9.185528180588145233e+02,9.186861896845961155e+02,9.188157873403828262e+02,9.189417384070878825e+02,9.190641627188389293e+02,9.191831737720083311e+02,9.192988797693844845e+02,9.194113845003829510e+02,9.195207880628643125e+02,9.196271874360512584e+02,9.197306769171483438e+02,9.198313484365572776e+02,9.199292917680538721e+02,9.200245946509922987e+02,9.201173428416097977e+02,9.202076201099047239e+02,9.202955081974763516e+02,9.203810867502679685e+02,9.204644332384687004e+02,9.205456228739985818e+02,9.206247285341203224e+02,9.207018206977633099e+02,9.207769673991233503e+02,9.208502342008195001e+02,9.209216841863595846e+02,9.209913779686448834e+02,9.210593737082718917e+02,9.211257271327058334e+02,9.211904915471709501e+02,9.212537178315760684e+02,9.213154544296013455e+02,9.213757473565747205e+02,9.214346402868519590e+02,9.214921748195313285e+02,9.215483910606485551e+02,9.216033286623800223e+02,9.216570284086853917e+02,9.217095342499768549e+02,9.217608953686340101e+02,9.218111673029344502e+02,9.218604105279182477e+02,9.219086841755211026e+02,9.219560323711908723e+02,9.220024611251218403e+02,9.220479061351909422e+02,9.220921961261219622e+02,9.221350240861936527e+02,9.221759477793242468e+02,9.222144517680357012e+02,9.222501089214424610e+02,9.222828795054704187e+02,9.223135686889803537e+02,9.223444287544348299e+02,9.223798171803017567e+02,9.224266888962894200e+02,9.224944530657251107e+02,9.225933775009343663e+02,9.227305711284888048e+02,9.229039721866481614e+02,9.230999790683574702e+02
8.389754046253229944e+02,8.389754045972755421e+02,8.389766872182628958e+02,8.389792518151452896e+02,8.389830970300120043e+02,8.389882207957961100e+02,8.389946202994084388e+02,8.390022919320483652e+02,8.390112312262348269e+02,8.390214327790017705e+02,8.390328901606073941e+02,8.390455958080259506e+02,8.390595409024338096e+02,8.390747152298738456e+02,8.390911070242949563e+02,8.391087027922434345e+02,8.391274871186406017e+02,8.391474424533585079e+02,8.391685488787375107e+02,8.391907838588269897e+02,8.392141219720413119e+02,8.392385346301840627e+02,8.392639897884923812e+02,8.392904516536021902e+02,8.393178803992342409e+02,8.393462319030533081e+02,8.393754575226272436e+02,8.394055039337085873e+02,8.394363130600629574e+02,8.394678221304534418e+02,8.394999639045456661e+02,8.395326671143507156e+02,8.395658571696827721e+02,8.395994571724710340e+02,8.396333892721322627e+02,8.396675763681955686e+02,8.397019441221654006e+02,8.397364231744649032e+02,8.397709513742529452e+02,8.398054757287300163e+02,8.398399536775401657e+02,8.398743533122985809e+02,8.399086520865116654e+02,8.399428340481888426e+02,8.399768869106161446e+02,8.400108012211666164e+02,8.400445773766632556e+02,8.400783818995851107e+02,8.401124905825255382e+02,8.401480528740133877e+02,8.401913760907654023e+02,8.402448067988649427e+02,8.403102744895271599e+02,8.403898369214144850e+02,8.404857370826116494e+02,8.406004246216091360e+02,8.407366031770313839e+02,8.408972906712011763e+02,8.410858750014922407e+02,8.413061475100166717e+02,8.415623110837580043e+02,8.418589192712945533e+02,8.422005959598403706e+02,8.425909992337550420e+02,8.430277649388419832e+02,8.434743230765436692e+02,8.439247542794130368e+02,8.443754666761350336e+02,8.448258558070293702e+02,8.452766515193620762e+02,8.457270340245770512e+02,8.461748403863929298e+02,8.466198383873907005e+02,8.470614453147253471e+02,8.474998087751554294e+02,8.479348348863746878e+02,8.483666361715262383e+02,8.487953444659425486e+02,8.492212147489061635e+02,8.496445997622835193e+02,8.500659190348955008e+02,8.504856482243607161e+02,8.509042600041743754e+02,8.513222328973952244e+02,8.517400150381633921e+02,8.521580345453287464e+02,8.525766757079023819e+02,8.529962819982860083e+02,8.534171427865589976e+02,8.538394950142289872e+02,8.542635195970966606e+02,8.546893446199381970e+02,8.551170475393881816e+02,8.555466598026581551e+02,8.559781719667715834e+02,8.564115395079389828e+02,8.568466893012549690e+02,8.572835259663246461e+02,8.577219383811019497e+02,8.581618055653410693e+02,8.586030021922392734e+02,8.590454032295675688e+02,8.594888878782094253e+02,8.599333425851043557e+02,8.603786632517824273e+02,8.608247566096033552e+02,8.612715408824071801e+02,8.617189458183576107e+02,8.621669122187458925e+02,8.626153910854402511e+02,8.630643425068967645e+02,8.635137343975181921e+02,8.639635411854021640e+02,8.644137425319369186e+02,8.648643221434439283e+02,8.653152667198939980e+02,8.657665650660586607e+02,8.662182073766445001e+02,8.666701846938018434e+02,8.671224885260694464e+02,8.675751106113668811e+02,8.680280428024623234e+02,8.684812770522281653e+02,8.689348054758725084e+02,8.693886204694995286e+02,8.698427148664596871e+02,8.702970821163854680e+02,8.707517164744597267e+02,8.712066131917190432e+02,8.716617686993228062e+02,8.721171807821114044e+02,8.725728487380147271e+02,8.730287735213477163e+02,8.734849578685173128e+02,8.739414064055159770e+02,8.743981257366590398e+02,8.748551245146061319e+02,8.753124134916955654e+02,8.757700055531823864e+02,8.762279157330344788e+02,8.766861612135727455e+02,8.771447613104055563e+02,8.776037374447905677e+02,8.780631131057712082e+02,8.785229138050992788e+02,8.789831670281608922e+02,8.794439021847113054e+02,8.799051505633632360e+02,8.803669452942509679e+02,8.808293213243281343e+02,8.812923154100768670e+02,8.817559661322873126e+02,8.822203139376608760e+02,8.826854012116298236e+02,8.831512723865524777e+02,8.836179740887071148e+02,8.840855553268162339e+02,8.845540677235782141e+02,8.850235657903851916e+02,8.854941072435156002e+02,8.859657533580717654e+02,8.864385693533262156e+02,8.869126248003782393e+02,8.873879940396956272e+02,8.878647565926729612e+02,8.883429975474109597e+02,8.888228078949645123e+02,8.893042847880246882e+02,8.897875316898375786e+02,8.902726583769053832e+02,8.907597807551227334e+02,8.912490204453317801e+02,8.917405040913338325e+02,8.922343623411335329e+02,8.927307284511500711e+02,8.932297364634109726e+02,8.937315189079480433e+02,8.942362039869630053e+02,8.947439122045147997e+02,8.952547524157949965e+02,8.957688172842223366e+02,8.962861781528658867e+02,8.968068793596657997e+02,8.973309320535756797e+02,8.978583076011937010e+02,8.983889307100805581e+02,8.989226724349924780e+02,8.994593432750078819e+02,8.999986866109444463e+02,9.005403727705095207e+02,9.010839940398567478e+02,9.016290609604645852e+02,9.021750002552785190e+02,9.027211547136131458e+02,9.032667853269688294e+02,9.038110759053333823e+02,9.043531403154179316e+02,9.048920323704986686e+02,9.054267582709270528e+02,9.059562913523503767e+02,9.064795887553123066e+02,9.069956094968322304e+02,9.075033333141406047e+02,9.080017795742722910e+02,9.084900255095756165e+02,9.089672230535061317e+02,9.094326136140363133e+02,9.098855402292955432e+02,9.103254566929492739e+02,9.107519334030008622e+02,9.111646598629179152e+02,9.115634439336724881e+02,9.119482080864108866e+02,9.123189830278339514e+02,9.126758991575643449e+02,9.130191763664259952e+02,9.133491126980695753e+02,9.136660723781584466e+02,9.139704736718763343e+02,9.142627769692569473e+02,9.145434734263051268e+02,9.148130744147822497e+02,9.150721019604580988e+02,9.153210802826333747e+02,9.155605284894570559e+02,9.157909544352863804e+02,9.160128497082914691e+02,9.162266856881471995e+02,9.164329105938892326e+02,9.166319474295180498e+02,9.168241927283100949e+02,9.170100159946698568e+02,9.171897597435807938e+02,9.173637400412442275e+02,9.175322474555888448e+02,9.176955483313947752e+02,9.178538863113824391e+02,9.180074840315281790e+02,9.181565449258973786e+02,9.183012550833771002e+02,9.184417851057652342e+02,9.185782919237370834e+02,9.187109205342128462e+02,9.188398056295549168e+02,9.189650730957829410e+02,9.190868413635017760e+02,9.192052226014191092e+02,9.193203237480665848e+02,9.194322473825211546e+02,9.195410924394742551e+02,9.196469547778192464e+02,9.197499276149679872e+02,9.198501018413742258e+02,9.199475662311938322e+02,9.200424075657373351e+02,9.201347106863991030e+02,9.202245584931956728e+02,9.203120319040014010e+02,9.203972097881668333e+02,9.204801688865524056e+02,9.205609837282236185e+02,9.206397265522351745e+02,9.207164672410997355e+02,9.207912732707541181e+02,9.208642096799584351e+02,9.209353390600864486e+02,9.210047215639218621e+02,9.210724149295535881e+02,9.211384745126559892e+02,9.212029533185402670e+02,9.212659020249961941e+02,9.213273689914542501e+02,9.213874002603567988e+02,9.214460395782114119e+02,9.215033284930211721e+02,9.215593066246935905e+02,9.216140122336180411e+02,9.216674832232288281e+02,9.217197586444559647e+02,9.217708806166841669e+02,9.218208962381756919e+02,9.218698586011995530e+02,9.219178253576940278e+02,9.219648527668606448e+02,9.220109827896061461e+02,9.220562215628301601e+02,9.221005094139808307e+02,9.221436871957556605e+02,9.221854698735860438e+02,9.222254478369070512e+02,9.222631442419159384e+02,9.222981641792976006e+02,9.223304676396553532e+02,9.223607865042137064e+02,9.223911683125907075e+02,9.224255686250637609e+02,9.224702874751022819e+02,9.225338395820524511e+02,9.226255380556686987e+02,9.227519500466657973e+02,9.229115396793830541e+02,9.230922233973828952e+02
8.389751945321600033e+02,8.389751945072591752e+02,8.389765110057628590e+02,8.389791434300501578e+02,8.389830905727454819e+02,8.389883505912566761e+02,8.389949209692199474e+02,8.390027984644157186e+02,8.390119790425707151e+02,8.390224577963218735e+02,8.390342288484739584e+02,8.390472852385555598e+02,8.390616187915514956e+02,8.390772199675982392e+02,8.390940776913579384e+02,8.391121791597731772e+02,8.391315096269637479e+02,8.391520521651890476e+02,8.391737874011209897e+02,8.391966932271967607e+02,8.392207444886406620e+02,8.392459126479516272e+02,8.392721654303724108e+02,8.392994664562487515e+02,8.393277748694107459e+02,8.393570449749786349e+02,8.393872259054786582e+02,8.394182613410119984e+02,8.394500893175130614e+02,8.394826421667002023e+02,8.395158466417036607e+02,8.395496242924791659e+02,8.395838921630315781e+02,8.396185638848852477e+02,8.396535512330225401e+02,8.396887661843912838e+02,8.397241234658204121e+02,8.397595434879526692e+02,8.397949554275088531e+02,8.398303000451870730e+02,8.398655315961875658e+02,8.399006181811834040e+02,8.399355393071269873e+02,8.399702799184860851e+02,8.400048221727701048e+02,8.400391363120028245e+02,8.400731782342978704e+02,8.401073994555684976e+02,8.401429460372363565e+02,8.401859743554131228e+02,8.402390639667838741e+02,8.403044144877094368e+02,8.403843247586288498e+02,8.404812271858133954e+02,8.405976944605064318e+02,8.407364931410445479e+02,8.409006705648585012e+02,8.410936302705893013e+02,8.413191807261930535e+02,8.415815147537035728e+02,8.418851104720364447e+02,8.422344170540051209e+02,8.426327697008481437e+02,8.430772094599508364e+02,8.435304353182817749e+02,8.439866752536527201e+02,8.444430590351488490e+02,8.448988246720542747e+02,8.453525880653670583e+02,8.458052203163716740e+02,8.462552467065200972e+02,8.467020496014135915e+02,8.471448784980042319e+02,8.475839224764794153e+02,8.480191639866739024e+02,8.484508931910171441e+02,8.488793243386348877e+02,8.493048132604096736e+02,8.497277547540172691e+02,8.501486163638245444e+02,8.505679017402715090e+02,8.509861179578517749e+02,8.514037646474087069e+02,8.518213056782801686e+02,8.522391737845223361e+02,8.526577523240325718e+02,8.530773791207471959e+02,8.534983352152736416e+02,8.539208477897030889e+02,8.543450867090822385e+02,8.547711688624410726e+02,8.551991604117829411e+02,8.556290823670218515e+02,8.560609157585329285e+02,8.564946079171797919e+02,8.569300788686423402e+02,8.573672277807989985e+02,8.578059393356020337e+02,8.582460895454497631e+02,8.586875511083333095e+02,8.591301979082242042e+02,8.595739087953926401e+02,8.600185704472747830e+02,8.604640794419547092e+02,8.609103435091557230e+02,8.613572820935352183e+02,8.618048262996926496e+02,8.622529183551102960e+02,8.627015107032191281e+02,8.631505648495951846e+02,8.636000500703321450e+02,8.640499420776120587e+02,8.645002217231458417e+02,8.649508737987623590e+02,8.654018859783560629e+02,8.658532479256967918e+02,8.663049505797695247e+02,8.667569856153299952e+02,8.672093450680532669e+02,8.676620211061617738e+02,8.681150059270895554e+02,8.685682917556084703e+02,8.690218709204569905e+02,8.694757359877834233e+02,8.699298799325629261e+02,8.703842963318440979e+02,8.708389795671213278e+02,8.712939250257903723e+02,8.717491292945946952e+02,8.722045903398520750e+02,8.726603076712941629e+02,8.731162824873395039e+02,8.735725178008427747e+02,8.740290185447025806e+02,8.744857916574345609e+02,8.749428461488482753e+02,8.754001931465101052e+02,8.758578459236641720e+02,8.763158199098354544e+02,8.767741326854089721e+02,8.772328039620958862e+02,8.776918555513560705e+02,8.781513113234914272e+02,8.786111971603235133e+02,8.790715409049819300e+02,8.795323723124992057e+02,8.799937230054387101e+02,8.804556264388633053e+02,8.809181178793439813e+02,8.813812344026503069e+02,8.818450149149498429e+02,8.823095002020713764e+02,8.827747330112803184e+02,8.832407581694175178e+02,8.837076227407344504e+02,8.841753762267047705e+02,8.846440708090283351e+02,8.851137616354016018e+02,8.855845071458978737e+02,8.860563694354724475e+02,8.865294146456451472e+02,8.870037133753726266e+02,8.874793410979416421e+02,8.879563785670370635e+02,8.884349121913763838e+02,8.889150343531680392e+02,8.893968436415653969e+02,8.898804449680307016e+02,8.903659495265130772e+02,8.908534745574446561e+02,8.913431428712214029e+02,8.918350820839826838e+02,8.923294235166620183e+02,8.928263007074721145e+02,8.933258474887865077e+02,8.938281955819571749e+02,8.943334716686052843e+02,8.948417939046119045e+02,8.953532678541271252e+02,8.958679818356981741e+02,8.963860016917448092e+02,8.969073650162218883e+02,8.974320749037436826e+02,8.979600933163958416e+02,8.984913342015570379e+02,8.990256565341250052e+02,8.995628574980820531e+02,9.001026660629231628e+02,9.006447372472006236e+02,9.011886473905846060e+02,9.017338907733785618e+02,9.022798779239847136e+02,9.028259359364030843e+02,9.033713110780918214e+02,9.039151739015209159e+02,9.044566269804622607e+02,9.049947152769749437e+02,9.055284390123132425e+02,9.060567687726097574e+02,9.065786624383681556e+02,9.070930833974846337e+02,9.075990193968365247e+02,9.080955013185972575e+02,9.085816211426890732e+02,9.090565483804060705e+02,9.095195443358986722e+02,9.099699736668277410e+02,9.104073128635346848e+02,9.108311554348034633e+02,9.112412137632163649e+02,9.116373177598801476e+02,9.120194105942555325e+02,9.123875418904527805e+02,9.127418588609738208e+02,9.130825958909259725e+02,9.134100630922583832e+02,9.137246343235548238e+02,9.140267351231196926e+02,9.143168309391282946e+02,9.145954159678576616e+02,9.148630028360655615e+02,9.151201132916762617e+02,9.153672700018454407e+02,9.156049895015285074e+02,9.158337762898912615e+02,9.160541180363169360e+02,9.162664818316479796e+02,9.164713114025057621e+02,9.166690251956736120e+02,9.168600152341763305e+02,9.170446466455424570e+02,9.172232577646026357e+02,9.173961607171354444e+02,9.175636423959641661e+02,9.177259657471994387e+02,9.178833712908472080e+02,9.180360788067229123e+02,9.181842891234025501e+02,9.183281859547420254e+02,9.184679377352705387e+02,9.186036994125190631e+02,9.187356141610450777e+02,9.188638149895411971e+02,9.189884262189036690e+02,9.191095648154162063e+02,9.192273415691738592e+02,9.193418621134330806e+02,9.194532277856147857e+02,9.195615363351159885e+02,9.196668824868233969e+02,9.197693583722145831e+02,9.198690538421477640e+02,9.199660566769083516e+02,9.200604527097940490e+02,9.201523258805989371e+02,9.202417582348247151e+02,9.203288298834602301e+02,9.204136189367997076e+02,9.204962014241549468e+02,9.205766512095673306e+02,9.206550399118170844e+02,9.207314368352770089e+02,9.208059089164613624e+02,9.208785206894874591e+02,9.209493342720382998e+02,9.210184093716231928e+02,9.210858033099765407e+02,9.211515710610941596e+02,9.212157652962233669e+02,9.212784364272489483e+02,9.213396326404775891e+02,9.213993999165583091e+02,9.214577820437370974e+02,9.215148206500128936e+02,9.215705553103848615e+02,9.216250238170558760e+02,9.216782627338371867e+02,9.217303083514862010e+02,9.217811981137239172e+02,9.218309724085897869e+02,9.218796763461378987e+02,9.219273606498186382e+02,9.219740802827028574e+02,9.220198888030673743e+02,9.220648263759603651e+02,9.221088997225321009e+02,9.221520545575746155e+02,9.221941444631152081e+02,9.222349069872235532e+02,9.222739645620881674e+02,9.223108773846568056e+02,9.223452783401008901e+02,9.223771212661946493e+02,9.224070564934437471e+02,9.224369222583001147e+02,9.224702752697958203e+02,9.225127847586769576e+02,9.225721192864456270e+02,9.226567085231724832e+02,9.227726321696004561e+02,9.229188584139272962e+02,9.230847152231841619e+02
8.389740262997362379e+02,8.389740262784852121e+02,8.389753772589635901e+02,8.389780787311460699e+02,8.389821296624822935e+02,8.389875284716435999e+02,8.389942729887058022e+02,8.390023604012377518e+02,8.390117871855817384e+02,8.390225490224246414e+02,8.390346406955701468e+02,8.390480559726308911e+02,8.390627874661689702e+02,8.390788264736306701e+02,8.390961627942597261e+02,8.391147845210364267e+02,8.391346778056165476e+02,8.391558265942502430e+02,8.391782123328058560e+02,8.392018136393620580e+02,8.392266059434568888e+02,8.392525610921140924e+02,8.392796469243584170e+02,8.393078268182887314e+02,8.393370592181522625e+02,8.393672971535659144e+02,8.393984877694066427e+02,8.394305718933234175e+02,8.394634836786510732e+02,8.394971503739429863e+02,8.395314922862905860e+02,8.395664230233269336e+02,8.396018501164179497e+02,8.396376761412085443e+02,8.396738004545870808e+02,8.397101216484429642e+02,8.397465407648397786e+02,8.397829652051896119e+02,8.398193130781331774e+02,8.398555174614431280e+02,8.398915295922330415e+02,8.399273201319014106e+02,8.399628757322669799e+02,8.399981884285767819e+02,8.400332386197879941e+02,8.400679676487864072e+02,8.401022441808742087e+02,8.401376609061147747e+02,8.401800699924523315e+02,8.402323932745219963e+02,8.402971394797438052e+02,8.403768951311855062e+02,8.404743629707996888e+02,8.405923258850904176e+02,8.407336567791128346e+02,8.409014034076030839e+02,8.410989159390236409e+02,8.413299230192794766e+02,8.415985575218962822e+02,8.419092653638813317e+02,8.422664191200922232e+02,8.426732256840568880e+02,8.431262130755658291e+02,8.435868034866698508e+02,8.440492515268493889e+02,8.445111211375293578e+02,8.449717295320713220e+02,8.454296975156829603e+02,8.458848045542966929e+02,8.463366641815655385e+02,8.467849267773798374e+02,8.472288328306044605e+02,8.476684449084528978e+02,8.481038035168573970e+02,8.485353370690414749e+02,8.489633641724745985e+02,8.493883534436290574e+02,8.498107562025893458e+02,8.502310939242941004e+02,8.506498952734294789e+02,8.510676955709468530e+02,8.514850097883220315e+02,8.519023146365445882e+02,8.523200448443145660e+02,8.527385809751452825e+02,8.531582524754413726e+02,8.535793298810648366e+02,8.540020284440712430e+02,8.544265056409370800e+02,8.548528661940644042e+02,8.552811645108383800e+02,8.557114109258642429e+02,8.561435769293533440e+02,8.565776018363687854e+02,8.570133990760864435e+02,8.574508627081771692e+02,8.578898736041620623e+02,8.583303051730811148e+02,8.587720285237543294e+02,8.592149168188320800e+02,8.596588488815335722e+02,8.601037119063669252e+02,8.605494033924297810e+02,8.609958322730682312e+02,8.614429193800829125e+02,8.618905973053869047e+02,8.623388098009996838e+02,8.627875108210744202e+02,8.632366633317608375e+02,8.636862379915884276e+02,8.641362117983874214e+02,8.645865667795294485e+02,8.650372887849930521e+02,8.654883664254817859e+02,8.659397901802393562e+02,8.663915516852902101e+02,8.668436431999286924e+02,8.672960572402096204e+02,8.677487863613521313e+02,8.682018230669120840e+02,8.686551598209979375e+02,8.691087891396924761e+02,8.695627037397148342e+02,8.700168967245230078e+02,8.704713617914509314e+02,8.709260934463152353e+02,8.713810872153602531e+02,8.718363398468334253e+02,8.722918494971563632e+02,8.727476158982091192e+02,8.732036405039783631e+02,8.736599266155521946e+02,8.741164794844422659e+02,8.745733063944225023e+02,8.750304167226759091e+02,8.754878219810351538e+02,8.759455358385977206e+02,8.764035741269833579e+02,8.768619548300349607e+02,8.773206980598386053e+02,8.777798260215254231e+02,8.782393629694790889e+02,8.786993351581725165e+02,8.791597707910424333e+02,8.796206999713668893e+02,8.800821546592459299e+02,8.805441686392362044e+02,8.810067775032027839e+02,8.814700186532287489e+02,8.819339313292357474e+02,8.823985566659847564e+02,8.828639377836498170e+02,8.833301199157976953e+02,8.837971505777283028e+02,8.842650797772723763e+02,8.847339602687292199e+02,8.852038478491526803e+02,8.856748016941394326e+02,8.861468847280913224e+02,8.866201640211718313e+02,8.870947112022782903e+02,8.875706028739275553e+02,8.880479210114236821e+02,8.885267533247251777e+02,8.890071935574740110e+02,8.894893416934389734e+02,8.899733040365899797e+02,8.904591931269707175e+02,8.909471274509252225e+02,8.914372309009455648e+02,8.919296319379350280e+02,8.924244624070048530e+02,8.929218559575848531e+02,8.934219460197342642e+02,8.939248632917045825e+02,8.944307326992502567e+02,8.949396697955888840e+02,8.954517765825841025e+02,8.959671367493228900e+02,8.964858103440435571e+02,8.970078279198054361e+02,8.975331842233262023e+02,8.980618315299908545e+02,8.985936727654191145e+02,8.991285545941575492e+02,8.996662606971902960e+02,9.002065054997260631e+02,9.007489286459110645e+02,9.012930905441327241e+02,9.018384693211856984e+02,9.023844595216086191e+02,9.029303728659477883e+02,9.034754413355500446e+02,9.040188227800347249e+02,9.045596091473134948e+02,9.050968373177813646e+02,9.056295023898285308e+02,9.061565731214324160e+02,9.066770090929071557e+02,9.071897790307621108e+02,9.076938796341919442e+02,9.081883541846505068e+02,9.086723102032027555e+02,9.091449354534191798e+02,9.096055116678610375e+02,9.100534254977150113e+02,9.104881763377546804e+02,9.109093808494084215e+02,9.113167741786980969e+02,9.117102080290237609e+02,9.120896458890990743e+02,9.124551558249024765e+02,9.128069013164540593e+02,9.131451306547014610e+02,9.134701654135642457e+02,9.137823884826743779e+02,9.140822320946194850e+02,9.143701662141885436e+02,9.146466875835657220e+02,9.149123096429068482e+02,9.151675534752623662e+02,9.154129398617986908e+02,9.156489824797438359e+02,9.158761822322317130e+02,9.160950226660391991e+02,9.163059664092877483e+02,9.165094525452519747e+02,9.167058948290768967e+02,9.168956806500260655e+02,9.170791706415839144e+02,9.172566988441700460e+02,9.174285733295016598e+02,9.175950772010685341e+02,9.177564698912563017e+02,9.179129886820473985e+02,9.180648503827493414e+02,9.182122531047245957e+02,9.183553780796249839e+02,9.184943914741040771e+02,9.186294461604567232e+02,9.187606834090516941e+02,9.188882344747992192e+02,9.190122220561493123e+02,9.191327616111904035e+02,9.192499625212112733e+02,9.193639290974958840e+02,9.194747614320405091e+02,9.195825560972117501e+02,9.196874067030287279e+02,9.197894043236890411e+02,9.198886378071540548e+02,9.199851939830512038e+02,9.200791577848862062e+02,9.201706123026408477e+02,9.202596387813439378e+02,9.203463165802429558e+02,9.204307231058716070e+02,9.205129337307331525e+02,9.205930217075773498e+02,9.206710580874852212e+02,9.207471116482151956e+02,9.208212488376389047e+02,9.208935337355421780e+02,9.209640280356491076e+02,9.210327910482791367e+02,9.210998797225636281e+02,9.211653486853732602e+02,9.212292502922517770e+02,9.212916346835858121e+02,9.213525498381433181e+02,9.214120416163505070e+02,9.214701537904666111e+02,9.215269280683279476e+02,9.215824041369295401e+02,9.216366197768261372e+02,9.216896111327653216e+02,9.217414132467483796e+02,9.217920609673698209e+02,9.218415902817466758e+02,9.218900399861689721e+02,9.219374533060471322e+02,9.219838787049892517e+02,9.220293685383112461e+02,9.220739738383026634e+02,9.221177331728110858e+02,9.221606543181429743e+02,9.222026888628006418e+02,9.222437039929916409e+02,9.222834602773983761e+02,9.223216126809194293e+02,9.223577570640292151e+02,9.223915518577558714e+02,9.224229387383030598e+02,9.224524802622547668e+02,9.224817978131986820e+02,9.225140517055151577e+02,9.225542971748428727e+02,9.226094036899615958e+02,9.226869821009232737e+02,9.227926805334263918e+02,9.229259506233551065e+02,9.230774322431765313e+02
8.389718657139502511e+02,8.389718656968691448e+02,8.389732516844696875e+02,8.389760232668038498e+02,8.389801796112755028e+02,8.389857194359408368e+02,8.389926409689510365e+02,8.390009418935140957e+02,8.390106192775338059e+02,8.390216694868538525e+02,8.390340880807916619e+02,8.390478696883955081e+02,8.390630078635866766e+02,8.390794949170781365e+02,8.390973217226776342e+02,8.391164774953124379e+02,8.391369495378647798e+02,8.391587229537140047e+02,8.391817803217819574e+02,8.392061013309395321e+02,8.392316623709450596e+02,8.392584360777764232e+02,8.392863908324789008e+02,8.393154902147150551e+02,8.393456924154186254e+02,8.393769496177447991e+02,8.394092073624299246e+02,8.394424039234073689e+02,8.394764697328292868e+02,8.395113269123505688e+02,8.395468889902604133e+02,8.395830609119343535e+02,8.396197394829403038e+02,8.396568144163173883e+02,8.396941701800978990e+02,8.397316888435236706e+02,8.397692540775067300e+02,8.398067563445628139e+02,8.398440990783665256e+02,8.398812052981447778e+02,8.399180232278802123e+02,8.399545305959017014e+02,8.399907322267686141e+02,8.400266463750110688e+02,8.400622845220849513e+02,8.400976188492242045e+02,8.401325731620173656e+02,8.401739889894918178e+02,8.402250195039767959e+02,8.402885747658948503e+02,8.403675093064944122e+02,8.404648381362516147e+02,8.405837011534165413e+02,8.407272365369984755e+02,8.408985606857307857e+02,8.411008892639782744e+02,8.413377468104696391e+02,8.416130906144672963e+02,8.419310955368407576e+02,8.422964443653149829e+02,8.427123168232927810e+02,8.431748995521147663e+02,8.436435822804031659e+02,8.441125616136145027e+02,8.445800016015253959e+02,8.450452949244498768e+02,8.455072279226499177e+02,8.459653644201041516e+02,8.464190864613416352e+02,8.468684905043309072e+02,8.473131578671280977e+02,8.477531280268050295e+02,8.481884717121210997e+02,8.486196790795492007e+02,8.490471818749542763e+02,8.494715599574387852e+02,8.498933334432741731e+02,8.503130824537765875e+02,8.507313618584939832e+02,8.511487304311972366e+02,8.515657121965872420e+02,8.519827917847771914e+02,8.524004022987668350e+02,8.528189192163389407e+02,8.532386611878583835e+02,8.536598863284099252e+02,8.540827960260764939e+02,8.545075341525722479e+02,8.549341923908980334e+02,8.553628130886562531e+02,8.557933958322018952e+02,8.562259027433910887e+02,8.566602653902577913e+02,8.570963909677103629e+02,8.575341688345974944e+02,8.579734764804577480e+02,8.584141851351741934e+02,8.588561647124263345e+02,8.592992880106596658e+02,8.597434341355085508e+02,8.601884910648121831e+02,8.606343574398642886e+02,8.610809435795775926e+02,8.615281718469018415e+02,8.619759764322029696e+02,8.624243026930137148e+02,8.628731061492036361e+02,8.633223512594011027e+02,8.637720100767645590e+02,8.642220608800029140e+02,8.646724868534854522e+02,8.651232748755204511e+02,8.655744144556595074e+02,8.660258968451645387e+02,8.664777143309721623e+02,8.669298597104086639e+02,8.673823259353607682e+02,8.678351059070965903e+02,8.682881923995261104e+02,8.687415780863004784e+02,8.691952556477324379e+02,8.696492179346239482e+02,8.701034581689843890e+02,8.705579701643584940e+02,8.710127485520864639e+02,8.714677890026971454e+02,8.719230884348329482e+02,8.723786452062810213e+02,8.728344592839781626e+02,8.732905323911135156e+02,8.737468681308481564e+02,8.742034720866838597e+02,8.746603519002959501e+02,8.751175173277371186e+02,8.755749802754145321e+02,8.760327548172041361e+02,8.764908571945079530e+02,8.769493058010599498e+02,8.774081211547837711e+02,8.778673258590960131e+02,8.783269445566046443e+02,8.787870038783103155e+02,8.792475323919823040e+02,8.797085605535369268e+02,8.801701206657495504e+02,8.806322468487078368e+02,8.810949750267711806e+02,8.815583429367148938e+02,8.820223901618581976e+02,8.824871581966311851e+02,8.829526905458171768e+02,8.834190328619895354e+02,8.838862331239963623e+02,8.843543418581325568e+02,8.848234124024066887e+02,8.852935012124947889e+02,8.857646682060717467e+02,8.862369771397279692e+02,8.867104960100645030e+02,8.871852974674012557e+02,8.876614592272577511e+02,8.881390644610235086e+02,8.886182021434565286e+02,8.890989673305391534e+02,8.895814613372256190e+02,8.900657917804959425e+02,8.905520724493497937e+02,8.910404229597716039e+02,8.915309681497457177e+02,8.920238371670462811e+02,8.925191622012729340e+02,8.930170768115126521e+02,8.935177138026441526e+02,8.940212026068528530e+02,8.945276661330221941e+02,8.950372170556015590e+02,8.955499535269862008e+02,8.960659543136825960e+02,8.965852733771340581e+02,8.971079339451595160e+02,8.976339221497112248e+02,8.981631803406730796e+02,8.986956002231491993e+02,8.992310160057641042e+02,8.997691977882029732e+02,9.003098454549082135e+02,9.008525833754432597e+02,9.013969562366455648e+02,9.019424263432986208e+02,9.024883727183441806e+02,9.030340923069597920e+02,9.035788035382117869e+02,9.041216524222512589e+02,9.046617212609371563e+02,9.051980399287821228e+02,9.057295995453448541e+02,9.062553682184351374e+02,9.067743084005353467e+02,9.072853952806426605e+02,9.077876355420357868e+02,9.082800857635661487e+02,9.087618697351839501e+02,9.092321940005219858e+02,9.096903610281962074e+02,9.101357795412087626e+02,9.105679716901221354e+02,9.109865769270473947e+02,9.113913526096612259e+02,9.117821715233914119e+02,9.121590166441020529e+02,9.125219735649041013e+02,9.128712210750378517e+02,9.132070204059915568e+02,9.135297036534954032e+02,9.138396618495938810e+02,9.141373331039304730e+02,9.144231911653214411e+02,9.146977346807996128e+02,9.149614773556423870e+02,9.152149391490967218e+02,9.154586385797199455e+02,9.156930861631782363e+02,9.159187789645549174e+02,9.161361962163495036e+02,9.163457959314469008e+02,9.165480124261034689e+02,9.167432546600032310e+02,9.169319052972673489e+02,9.171143203926977776e+02,9.172908296104208148e+02,9.174617368865931439e+02,9.176273214533229066e+02,9.177878391469566850e+02,9.179435239301199090e+02,9.180945895631948588e+02,9.182412313671987931e+02,9.183836280262779610e+02,9.185219433842481749e+02,9.186563281958253810e+02,9.187869217993732036e+02,9.189138536841571749e+02,9.190372449311558967e+02,9.191572095123901818e+02,9.192738554393797585e+02,9.193872857566234416e+02,9.194975993808212706e+02,9.196048917908008207e+02,9.197092555767166004e+02,9.198107808599769442e+02,9.199095555975184197e+02,9.200056657854739797e+02,9.200991955780062881e+02,9.201902273371741785e+02,9.202788416292207785e+02,9.203651171817369914e+02,9.204491308148493545e+02,9.205309573580261713e+02,9.206106695623807354e+02,9.206883380165922972e+02,9.207640310728237409e+02,9.208378147873888793e+02,9.209097528794201253e+02,9.209799067094437532e+02,9.210483352785247462e+02,9.211150952474572478e+02,9.211802409741678730e+02,9.212438245661033989e+02,9.213058959426650745e+02,9.213665029013192225e+02,9.214256911798581768e+02,9.214835045084695366e+02,9.215399846490411164e+02,9.215951714297783610e+02,9.216491027988924998e+02,9.217018149475284190e+02,9.217533425767562676e+02,9.218037194107259893e+02,9.218529790476757171e+02,9.219011562002888240e+02,9.219482882185461676e+02,9.219944165687863915e+02,9.220395875163535493e+02,9.220838508809069936e+02,9.221272551868655682e+02,9.221698375838907396e+02,9.222116070994670736e+02,9.222525218610434194e+02,9.222924633133440011e+02,9.223312164451505168e+02,9.223684694448443224e+02,9.224038549855213205e+02,9.224370553026443531e+02,9.224679976694573043e+02,9.224971491330419440e+02,9.225259083591062108e+02,9.225570330516878812e+02,9.225949774088901449e+02,9.226458442410194039e+02,9.227164899645891865e+02,9.228121823534982013e+02,9.229328463840124641e+02,9.230703452085431309e+02
8.389686779161778531e+02,8.389686779037966744e+02,8.389700993323402827e+02,8.389729419046599332e+02,8.389772050137503356e+02,8.389828877160099410e+02,8.389899886905556059e+02,8.389985061838885940e+02,8.390084379389477363e+02,8.390197811073163621e+02,8.390325321430572103e+02,8.390466866763263170e+02,8.390622393645752481e+02,8.390791837187700821e+02,8.390975119016513872e+02,8.391172144946275466e+02,8.391382802294441490e+02,8.391606956803335606e+02,8.391844449119397495e+02,8.392095090780011333e+02,8.392358659656356394e+02,8.392634894802390590e+02,8.392923490666674979e+02,8.393224090638060488e+02,8.393536279922229824e+02,8.393859577789269224e+02,8.394193429300504476e+02,8.394537196726026878e+02,8.394890151016186337e+02,8.395251463907476364e+02,8.395620201544410293e+02,8.395995320901531613e+02,8.396375670800349553e+02,8.396759999914711443e+02,8.397146974768966174e+02,8.397535211184278978e+02,8.397923322604913210e+02,8.398309987753746100e+02,8.398694037521439668e+02,8.399074557421342888e+02,8.399450984253016941e+02,8.399823226640457960e+02,8.400191719294938366e+02,8.400557403703473938e+02,8.400922106659299970e+02,8.401290364632604906e+02,8.401678516610335237e+02,8.402170997907650190e+02,8.402789842096238999e+02,8.403563955015274587e+02,8.404526379424761444e+02,8.405713492398139124e+02,8.407162429272756299e+02,8.408907985032935812e+02,8.410982020839772986e+02,8.413415782909470408e+02,8.416244528185444551e+02,8.419511461532289331e+02,8.423242364232310138e+02,8.427496414123326076e+02,8.432228598301445572e+02,8.437006260314685733e+02,8.441765213101548397e+02,8.446496689986904585e+02,8.451195839826648353e+02,8.455853249025147989e+02,8.460463617389382307e+02,8.465021134969729246e+02,8.469525788430810280e+02,8.473977268798895466e+02,8.478377758519613963e+02,8.482729020188689901e+02,8.487036321218166677e+02,8.491304919391119483e+02,8.495541530667723009e+02,8.499752150378102442e+02,8.503943162271067422e+02,8.508120402516934746e+02,8.512289655132063899e+02,8.516456198282437526e+02,8.520624898108510479e+02,8.524800024015654571e+02,8.528985249911005440e+02,8.533183631434816334e+02,8.537397609165453787e+02,8.541629043174341405e+02,8.545879226645201925e+02,8.550148939455805248e+02,8.554438483223168532e+02,8.558747747330460243e+02,8.563076262806657724e+02,8.567423271954652364e+02,8.571787789093052652e+02,8.576168665464133483e+02,8.580564646735240331e+02,8.584974427686480567e+02,8.589396699352975020e+02,8.593830189435195734e+02,8.598273694641075053e+02,8.602726104930372912e+02,8.607186420030337786e+02,8.611653758495091324e+02,8.616127360425977031e+02,8.620606584577363947e+02,8.625090901183625647e+02,8.629579881480548238e+02,8.634073185163665585e+02,8.638570546727157762e+02,8.643071761640998147e+02,8.647576673073683651e+02,8.652085159753344215e+02,8.656597125355366416e+02,8.661112489660189340e+02,8.665631181572117612e+02,8.670153133973042259e+02,8.674678280289066379e+02,8.679206552581612186e+02,8.683737880932276312e+02,8.688272193873482365e+02,8.692809419615849720e+02,8.697349487840712072e+02,8.701892331849162474e+02,8.706437890893258782e+02,8.710986112545830338e+02,8.715536955001292654e+02,8.720090389227141259e+02,8.724646400914663218e+02,8.729204992195745945e+02,8.733766183111854389e+02,8.738330012830471105e+02,8.742896540615330423e+02,8.747465846559593956e+02,8.752038032097264022e+02,8.756613220307841630e+02,8.761191556033470533e+02,8.765773205827040329e+02,8.770358357753880227e+02,8.774947221069683110e+02,8.779540025802149330e+02,8.784137022264809502e+02,8.788738480536839006e+02,8.793344689944173069e+02,8.797955958582480207e+02,8.802572612923739825e+02,8.807194997552492168e+02,8.811823475077751482e+02,8.816458426268957282e+02,8.821100250462046688e+02,8.825749366281004313e+02,8.830406212714672165e+02,8.835071250583658866e+02,8.839744964422056910e+02,8.844427864788459601e+02,8.849120491005003259e+02,8.853823414306614268e+02,8.858537241360450025e+02,8.863262618092091998e+02,8.868000233726137367e+02,8.872750824918671242e+02,8.877515179824057441e+02,8.882294141902652882e+02,8.887088613236602441e+02,8.891899557081683270e+02,8.896727999342235762e+02,8.901575028617435237e+02,8.906441794429159700e+02,8.911329503208725100e+02,8.916239411591009230e+02,8.921172816544788020e+02,8.926131041857466926e+02,8.931115420496300885e+02,8.936127272387775520e+02,8.941167877198245151e+02,8.946238441764553500e+02,8.951340061919731852e+02,8.956473678589082965e+02,8.961640028202126587e+02,8.966839587678239241e+02,8.972072514502016247e+02,8.977338582707051273e+02,8.982637115931821654e+02,8.987966919089633393e+02,8.993326210594082113e+02,8.998712557481563863e+02,9.004122816147764752e+02,9.009553081732119608e+02,9.014998649405678179e+02,9.020453990901536372e+02,9.025912749532785710e+02,9.031367756634032276e+02,9.036811071814191791e+02,9.042234048610616810e+02,9.047627426101014407e+02,9.052981445798280902e+02,9.058285991790444314e+02,9.063530750684049053e+02,9.068705386574755494e+02,9.073799725121871234e+02,9.078803939958689853e+02,9.083708734223484953e+02,9.088505510011997330e+02,9.093186519053635948e+02,9.097744988873242846e+02,9.102175220038089947e+02,9.106472651672535221e+02,9.110633894132993191e+02,9.114656729425760204e+02,9.118540081491796627e+02,9.122283959761812184e+02,9.125889380327436129e+02,9.129358269646969575e+02,9.132693355911682147e+02,9.135898053079766896e+02,9.138976342200680847e+02,9.141932654076955487e+02,9.144771756619156804e+02,9.147498649512317570e+02,9.150118468086740222e+02,9.152636397615805208e+02,9.155057598677091164e+02,9.157387143725186434e+02,9.159629964638812680e+02,9.161790810716410078e+02,9.163874216392647440e+02,9.165884477820245593e+02,9.167825637392483031e+02,9.169701475258202663e+02,9.171515506890375491e+02,9.173270985801341340e+02,9.174970910544320759e+02,9.176618035195555194e+02,9.178214882570688360e+02,9.179763759489665063e+02,9.181266773465423512e+02,9.182725850252362534e+02,9.184142751750786147e+02,9.185519093823681942e+02,9.186856363642274346e+02,9.188155936236942125e+02,9.189419089990063867e+02,9.190647020866701951e+02,9.191840855236866901e+02,9.193001661198615011e+02,9.194130458363193839e+02,9.195228226110874630e+02,9.196295910367921351e+02,9.197334428990536708e+02,9.198344675870064293e+02,9.199327523894913838e+02,9.200283826918555405e+02,9.201214420890079282e+02,9.202120124304441333e+02,9.203001738124834219e+02,9.203860045320167274e+02,9.204695810147752582e+02,9.205509777295814047e+02,9.206302670983482130e+02,9.207075194098360953e+02,9.207828027434555906e+02,9.208561829077665379e+02,9.209277233968419978e+02,9.209974853663552494e+02,9.210655276300863079e+02,9.211319066765300931e+02,9.211966767042815718e+02,9.212598896738636540e+02,9.213215953724271685e+02,9.213818414865314708e+02,9.214406736768611381e+02,9.214981356483883701e+02,9.215542692102425235e+02,9.216091143243871784e+02,9.216627091505047247e+02,9.217150901113834607e+02,9.217662920224814798e+02,9.218163483571443066e+02,9.218652917313700073e+02,9.219131546965739972e+02,9.219599708641324014e+02,9.220057762827037777e+02,9.220506107288458679e+02,9.220945182974926411e+02,9.221375461903086261e+02,9.221797403816767655e+02,9.222211365045866387e+02,9.222617450986531367e+02,9.223015312043867198e+02,9.223403918729195539e+02,9.223781379496153932e+02,9.224144938383672070e+02,9.224491308622556289e+02,9.224817581262981321e+02,9.225122865596631527e+02,9.225410857849541344e+02,9.225693205336709752e+02,9.225993397634613302e+02,9.226349895055825527e+02,9.226816296726425435e+02,9.227454033078456632e+02,9.228312569080757157e+02,9.229395881640466541e+02,9.230634117543664843e+02
8.389644274844747542e+02,8.389644274773255574e+02,8.389658846770266791e+02,8.389687989119972826e+02,8.389731698265790101e+02,8.389789968547141825e+02,8.389862791798336730e+02,8.389950156801769481e+02,8.390052048584792601e+02,8.390168447546510606e+02,8.390299328397319414e+02,8.390444658890203300e+02,8.390604398318564563e+02,8.390778495750531647e+02,8.390966887964332273e+02,8.391169497043271122e+02,8.391386227582180481e+02,8.391616963449909008e+02,8.391861564044728539e+02,8.392119859971724054e+02,8.392391648063961611e+02,8.392676685663567469e+02,8.392974684076499443e+02,8.393285301118406778e+02,8.393608132682857104e+02,8.393942703293508885e+02,8.394288455658130488e+02,8.394644739338475574e+02,8.395010798805910781e+02,8.395385761396089492e+02,8.395768626043181939e+02,8.396158254208534117e+02,8.396553365162435512e+02,8.396952538751559132e+02,8.397354229947444537e+02,8.397756800649207207e+02,8.398158574996687094e+02,8.398557924075140591e+02,8.398953383186816382e+02,8.399343802231084055e+02,8.399728480962015738e+02,8.400107408390983892e+02,8.400481383570948992e+02,8.400852040464311585e+02,8.401223436467769261e+02,8.401610717788087186e+02,8.402088168716317114e+02,8.402688854790199002e+02,8.403441589537133041e+02,8.404382352523645068e+02,8.405553055376657312e+02,8.406999172037893686e+02,8.408764777867356770e+02,8.410887021629797573e+02,8.413394797725020453e+02,8.416315178384188584e+02,8.419686196798984383e+02,8.423560322871978769e+02,8.427855010265308238e+02,8.432685897449063077e+02,8.437566079702160096e+02,8.442403968381119057e+02,8.447199463791936296e+02,8.451947092717338137e+02,8.456642704092782878e+02,8.461280918741426831e+02,8.465857514684140597e+02,8.470372539465506634e+02,8.474827222451089028e+02,8.479226002251223235e+02,8.483572754165923016e+02,8.487873530233709971e+02,8.492134460612203384e+02,8.496362962202830431e+02,8.500565792809775303e+02,8.504749866418161446e+02,8.508921329914160196e+02,8.513086121005027280e+02,8.517249516633181656e+02,8.521416342609506955e+02,8.525590758863228302e+02,8.529776322342008825e+02,8.533975935128479477e+02,8.538191883341260109e+02,8.542425863255048171e+02,8.546679017122371533e+02,8.550951984875163134e+02,8.555244947421643928e+02,8.559557690688646971e+02,8.563889660690933852e+02,8.568240031790109015e+02,8.572607766374744642e+02,8.576991678510350994e+02,8.581390489399082071e+02,8.585802880438444618e+02,8.590227538130640141e+02,8.594663192857556169e+02,8.599108649379600138e+02,8.603562809737402404e+02,8.608024688429302387e+02,8.612493420474399954e+02,8.616968263237374686e+02,8.621448592868237029e+02,8.625933896588373955e+02,8.630423761820227355e+02,8.634917863359223702e+02,8.639415949519662945e+02,8.643917828194856838e+02,8.648423353522955495e+02,8.652932413743485540e+02,8.657444920621547908e+02,8.661960800677816223e+02,8.666479988308875591e+02,8.671002420765812531e+02,8.675528034865343443e+02,8.680056765237595755e+02,8.684588543876768654e+02,8.689123300738096987e+02,8.693660965129266742e+02,8.698201467656133445e+02,8.702744742512302309e+02,8.707290729931049782e+02,8.711839378656001145e+02,8.716390648318235890e+02,8.720944511641700956e+02,8.725500956423278467e+02,8.730059987258725869e+02,8.734621627000356057e+02,8.739185917947460212e+02,8.743752922776703826e+02,8.748322725227801584e+02,8.752895430560815839e+02,8.757471165805881128e+02,8.762050079825211242e+02,8.766632343210717409e+02,8.771218148039810103e+02,8.775807707515836000e+02,8.780401255519886945e+02,8.784999046105367597e+02,8.789601352967905541e+02,8.794208468928250113e+02,8.798820705467209109e+02,8.803438392356368922e+02,8.808061877429021251e+02,8.812691526538949347e+02,8.817327723753672899e+02,8.821970871829311136e+02,8.826621393010213978e+02,8.831279730193280102e+02,8.835946348488660078e+02,8.840621737200350481e+02,8.845306412236651568e+02,8.850000918946253705e+02,8.854705835356041916e+02,8.859421775765806615e+02,8.864149394628771006e+02,8.868889390619212918e+02,8.873642510755885269e+02,8.878409554416289211e+02,8.883191377039250938e+02,8.887988893275494320e+02,8.892803079305595020e+02,8.897634974005962931e+02,8.902485678604325585e+02,8.907356354431032059e+02,8.912248218339915411e+02,8.917162535347300718e+02,8.922100608019451329e+02,8.927063762132531792e+02,8.932053328135659740e+02,8.937070617972542550e+02,8.942116896862545445e+02,8.947193349713945736e+02,8.952301041943633209e+02,8.957440874614860604e+02,8.962613533980572811e+02,8.967819435739296523e+02,8.973058664573989063e+02,8.978330909852261357e+02,8.983635398713581708e+02,8.988970828148096643e+02,8.994335298067081794e+02,8.999726247757432702e+02,9.005140398473913592e+02,9.010573705220632519e+02,9.016021320968300188e+02,9.021477576606285993e+02,9.026935979797647178e+02,9.032389235558323435e+02,9.037829290794935559e+02,9.043247404204929580e+02,9.048634241883801224e+02,9.053979997740693761e+02,9.059274536464002949e+02,9.064507555396703538e+02,9.069668760386699660e+02,9.074748049587692549e+02,9.079735698410956957e+02,9.084622538457575729e+02,9.089400123350292233e+02,9.094060874949568642e+02,9.098598204447483795e+02,9.103006604206404973e+02,9.107281707824226942e+02,9.111420317585224211e+02,9.115420400115724533e+02,9.119281052548880098e+02,9.123002442729664381e+02,9.126585727876454257e+02,9.130032956631953311e+02,9.133346959593831116e+02,9.136531233256633868e+02,9.139589821883895411e+02,9.142527201237252257e+02,9.145348167392346568e+02,9.148057733137414971e+02,9.150661033735224237e+02,9.153163243173546562e+02,9.155569501460058746e+02,9.157884853047281695e+02,9.160114196104367466e+02,9.162262242079259522e+02,9.164333484806213619e+02,9.166332178296199800e+02,9.168262322287125698e+02,9.170127654613205550e+02,9.171931649466440604e+02,9.173677520657637388e+02,9.175368229032219460e+02,9.177006493251153643e+02,9.178594803206124197e+02,9.180135435397905894e+02,9.181630469666749832e+02,9.183081806723009777e+02,9.184491185985287984e+02,9.185860203292231745e+02,9.187190328113238138e+02,9.188482919942408671e+02,9.189739243619335411e+02,9.190960483378747767e+02,9.192147755488289249e+02,9.193302119388488336e+02,9.194424587300239864e+02,9.195516132311931869e+02,9.196577694999363075e+02,9.197610188666392332e+02,9.198614503321894063e+02,9.199591508529160819e+02,9.200542055277148847e+02,9.201466977029479040e+02,9.202367090107431977e+02,9.203243193557898394e+02,9.204096068647838820e+02,9.204926478113541179e+02,9.205735165277638998e+02,9.206522853129839632e+02,9.207290243449908758e+02,9.208038016034251996e+02,9.208766828071289865e+02,9.209477313695971361e+02,9.210170083740838436e+02,9.210845725689960091e+02,9.211504803832636981e+02,9.212147859605495341e+02,9.212775412104090265e+02,9.213387958736614110e+02,9.213985975983712251e+02,9.214569920217596746e+02,9.215140228526514647e+02,9.215697319486333754e+02,9.216241593838083190e+02,9.216773435066153297e+02,9.217293209965054075e+02,9.217801269404774303e+02,9.218297949712855370e+02,9.218783575255134792e+02,9.219258462991944043e+02,9.219722929626750556e+02,9.220177301641916756e+02,9.220621927170838035e+02,9.221057187089818399e+02,9.221483499303824374e+02,9.221901307825539789e+02,9.222311043773190704e+02,9.222713047054593289e+02,9.223107437529769186e+02,9.223493942512685635e+02,9.223871700187170291e+02,9.224239108408415859e+02,9.224593805961726503e+02,9.224932953836055276e+02,9.225253950237037088e+02,9.225555804716593684e+02,9.225841210544456317e+02,9.226119457229877980e+02,9.226409751719575070e+02,9.226744371012711099e+02,9.227169313823868606e+02,9.227739154255831409e+02,9.228500475839525734e+02,9.229462272245812073e+02,9.230565828250923914e+02
8.389590785265367003e+02,8.389590785251442639e+02,8.389605717102541576e+02,8.389635580484489310e+02,8.389680374608470856e+02,8.389740097977062305e+02,8.389814747996559845e+02,8.389904320447303689e+02,8.390008808800539555e+02,8.390128203366970183e+02,8.390262490258269281e+02,8.390411650138514688e+02,8.390575656737466943e+02,8.390754475091911218e+02,8.390948059474529828e+02,8.391156350962098713e+02,8.391379274585757457e+02,8.391616735995805811e+02,8.391868617561702877e+02,8.392134773814758546e+02,8.392415026126658404e+02,8.392709156502010046e+02,8.393016900348676472e+02,8.393337938077927447e+02,8.393671885381012316e+02,8.394018282035856373e+02,8.394376579127273317e+02,8.394746124632856663e+02,8.395126147460289303e+02,8.395515740259971835e+02,8.395913841737814209e+02,8.396319219837207584e+02,8.396730458146826095e+02,8.397145949324541334e+02,8.397563901263779371e+02,8.397982364071999655e+02,8.398399288238389317e+02,8.398812625536281757e+02,8.399220482087595201e+02,8.399621338308470513e+02,8.400014205613473450e+02,8.400399132366864023e+02,8.400777546882470688e+02,8.401152927467124982e+02,8.401539073715091490e+02,8.402007940504020098e+02,8.402590347462520413e+02,8.403317257344302789e+02,8.404226356419331978e+02,8.405363910697758456e+02,8.406783841555273966e+02,8.408543635616603069e+02,8.410696129230104816e+02,8.413280629528549071e+02,8.416318607674895702e+02,8.419836175661889683e+02,8.423891200057055357e+02,8.428518539812990866e+02,8.433196346695760894e+02,8.438117927520346484e+02,8.443032860432854250e+02,8.447907539087721034e+02,8.452714189973975181e+02,8.457453129516263743e+02,8.462120010125270255e+02,8.466714771763525960e+02,8.471238689245985825e+02,8.475695300354558412e+02,8.480090528800774337e+02,8.484430695287232993e+02,8.488723237620267810e+02,8.492975350303040614e+02,8.497195038602254726e+02,8.501389702605866887e+02,8.505566684310903156e+02,8.509732424054170679e+02,8.513892962835786875e+02,8.518053547178775489e+02,8.522218906861230607e+02,8.526393049375020610e+02,8.530579376805525271e+02,8.534780616008092693e+02,8.538998886809919213e+02,8.543235716885026250e+02,8.547492096904751406e+02,8.551768528325939087e+02,8.556065075439859129e+02,8.560381425968256508e+02,8.564716947570514094e+02,8.569070753210190787e+02,8.573441759760354444e+02,8.577828749603082770e+02,8.582230424240412958e+02,8.586645455540267449e+02,8.591072528616419959e+02,8.595510378978145809e+02,8.599957821313228123e+02,8.604413771117858687e+02,8.608877258631113136e+02,8.613347435984536560e+02,8.617823578195871050e+02,8.622305078999070247e+02,8.626791442622293289e+02,8.631282272555023383e+02,8.635777258450342515e+02,8.640276162093908852e+02,8.644778803360261463e+02,8.649285046834883133e+02,8.653794789681627435e+02,8.658307951118433721e+02,8.662824463738216991e+02,8.667344266747134043e+02,8.671867301087027045e+02,8.676393506305479377e+02,8.680922818975478776e+02,8.685455172420893177e+02,8.689990497488365691e+02,8.694528724104712865e+02,8.699069783377299245e+02,8.703613610019525595e+02,8.708160144919179402e+02,8.712709337701007826e+02,8.717261149172680916e+02,8.721815553573555917e+02,8.726372540576321626e+02,8.730932117012345088e+02,8.735494308311907616e+02,8.740059159661215062e+02,8.744626736889371159e+02,8.749197127101861042e+02,8.753770439082653638e+02,8.758346803486626868e+02,8.762926372847210814e+02,8.767509321422819539e+02,8.772095844908726576e+02,8.776686160040420646e+02,8.781280504118392400e+02,8.785879134484808901e+02,8.790482327987243707e+02,8.795090380465842372e+02,8.799703606305176891e+02,8.804322338093093094e+02,8.808946926432827240e+02,8.813577739954523622e+02,8.818215165574099501e+02,8.822859609044811577e+02,8.827511495845282070e+02,8.832171272441363499e+02,8.836839407952990086e+02,8.841516396245784790e+02,8.846202758455231105e+02,8.850899045933869047e+02,8.855605843593539248e+02,8.860323773590848759e+02,8.865053499278886875e+02,8.869795729317959285e+02,8.874551221806789272e+02,8.879320788259913115e+02,8.884105297220910415e+02,8.888905677261973324e+02,8.893722919082027829e+02,8.898558076376231156e+02,8.903412265113145168e+02,8.908286660820872385e+02,8.913182493454219184e+02,8.918101039390844562e+02,8.923043610090128368e+02,8.928011536944322870e+02,8.933006151862903153e+02,8.938028763159087475e+02,8.943080626358455447e+02,8.948162909625739303e+02,8.953276653613615963e+02,8.958422725679577070e+02,8.963601768599365869e+02,8.968814144129622719e+02,8.974059872041162862e+02,8.979338565555160585e+02,8.984649364463805341e+02,8.989990867594237898e+02,8.995361066665759608e+02,9.000757283973232461e+02,9.006176116677372647e+02,9.011613390760902575e+02,9.017064127880817068e+02,9.022522528370510599e+02,9.027981973483781530e+02,9.033435049593177837e+02,9.038873596438949107e+02,9.044288780669226071e+02,9.049671194837721941e+02,9.055010980777343548e+02,9.060297974918622685e+02,9.065521871763833133e+02,9.070672400471260062e+02,9.075739508463224183e+02,9.080713545252212953e+02,9.085585439366327591e+02,9.090346861397965768e+02,9.094990366806978273e+02,9.099509513145875417e+02,9.103898947761776981e+02,9.108154463649736954e+02,9.112273022844317438e+02,9.116252748307807678e+02,9.120092886753486709e+02,9.123793746012578367e+02,9.127356611414783174e+02,9.130783646140032488e+02,9.134077780627278571e+02,9.137242595941143009e+02,9.140282205564494689e+02,9.143201139478921959e+02,9.146004233690161982e+02,9.148696527618863001e+02,9.151283171063114423e+02,9.153769341788565725e+02,9.156160174239417984e+02,9.158460699401850889e+02,9.160675795491595181e+02,9.162810148873278422e+02,9.164868224439259166e+02,9.166854244566184207e+02,9.168772175713722845e+02,9.170625721718258774e+02,9.172418322852576011e+02,9.174153159760763856e+02,9.175833161428081439e+02,9.177461016402609175e+02,9.179039186545580833e+02,9.180569922647998737e+02,9.182055281311498902e+02,9.183497142551098023e+02,9.184897227636615753e+02,9.186257116748481621e+02,9.187578266082662140e+02,9.188862024098453958e+02,9.190109646661869647e+02,9.191322310895553755e+02,9.192501127602918132e+02,9.193647152188407290e+02,9.194761394046363421e+02,9.195844824436832141e+02,9.196898382906729239e+02,9.197922982348428604e+02,9.198919512814371728e+02,9.199888844225665707e+02,9.200831828124902358e+02,9.201749298628856195e+02,9.202642072736271075e+02,9.203510950140030218e+02,9.204356712682966872e+02,9.205180123583195382e+02,9.205981926539241158e+02,9.206762844808299633e+02,9.207523580333715927e+02,9.208264812980745546e+02,9.208987199923736853e+02,9.209691375213252513e+02,9.210377949539052906e+02,9.211047510193906191e+02,9.211700621234421078e+02,9.212337823827776901e+02,9.212959636767122902e+02,9.213566557132713797e+02,9.214159061070211010e+02,9.214737604650485991e+02,9.215302624769441309e+02,9.215854540040006668e+02,9.216393751632086833e+02,9.216920644027801472e+02,9.217435585704056393e+02,9.217938929818998304e+02,9.218431015107636313e+02,9.218912167318043203e+02,9.219382701709407684e+02,9.219842927164593220e+02,9.220293152476460818e+02,9.220733694793548239e+02,9.221164889512695026e+02,9.221587098923685062e+02,9.222000715277265499e+02,9.222406150330017454e+02,9.222803802785347216e+02,9.223193992009563544e+02,9.223576853870478089e+02,9.223952197445909178e+02,9.224319349897604070e+02,9.224677026099170689e+02,9.225023319353006173e+02,9.225355896329870120e+02,9.225672569592429682e+02,9.225972312541820202e+02,9.226256936054588778e+02,9.226533322195330129e+02,9.226816375022307284e+02,9.227131797988579365e+02,9.227517736070988121e+02,9.228021432289268660e+02,9.228686806101969751e+02,9.229528149601222822e+02,9.230498070840446871e+02
8.389525947846301506e+02,8.389525947895020863e+02,8.389541240460915787e+02,8.389571826713230394e+02,8.389617708877051427e+02,8.389678889993992925e+02,8.389755373556281484e+02,8.389847163005599668e+02,8.389954261084760674e+02,8.390076669026638001e+02,8.390214385560615256e+02,8.390367405712021309e+02,8.390535719364462466e+02,8.390719309548323963e+02,8.390918150410929002e+02,8.391132204814487068e+02,8.391361421496799267e+02,8.391605731716376795e+02,8.391865045287655676e+02,8.392139245893165480e+02,8.392428185537277159e+02,8.392731677980432323e+02,8.393049490963718426e+02,8.393381337001992506e+02,8.393726862491701013e+02,8.394085634851599025e+02,8.394457127399292631e+02,8.394840701680307120e+02,8.395235587037527694e+02,8.395640857386522384e+02,8.396055405526641380e+02,8.396477915994106525e+02,8.396906838634657788e+02,8.397340366981505895e+02,8.397776428436008018e+02,8.398212697333592587e+02,8.398646647005600698e+02,8.399075661646277240e+02,8.399497229697949479e+02,8.399909282805949715e+02,8.400310302453445956e+02,8.400700577134646210e+02,8.401083715657697439e+02,8.401472476944372829e+02,8.401935120492536271e+02,8.402501436385432498e+02,8.403201300599569095e+02,8.404072340816380802e+02,8.405162434791733403e+02,8.406531051596699626e+02,8.408248388007342555e+02,8.410389406114120447e+02,8.413022351130000516e+02,8.416192610619290235e+02,8.419898309183704441e+02,8.424146194326232262e+02,8.428927870386063432e+02,8.433840552594649580e+02,8.438754178133391406e+02,8.443709776128978319e+02,8.448661889760533086e+02,8.453534337582547096e+02,8.458322516517380336e+02,8.463019429330398680e+02,8.467631277954135385e+02,8.472161933339889401e+02,8.476618399828853399e+02,8.481008375516014439e+02,8.485340367574195852e+02,8.489623361196963742e+02,8.493865860601966915e+02,8.498076478970010612e+02,8.502263132393486558e+02,8.506433444885129802e+02,8.510594073827102193e+02,8.514751099483909229e+02,8.518909704888674241e+02,8.523074474444262023e+02,8.527249228440784918e+02,8.531437178526147136e+02,8.535640856798208915e+02,8.539862205975622373e+02,8.544102583722282134e+02,8.548362831894174860e+02,8.552643318586481200e+02,8.556943997893615688e+02,8.561264466177988197e+02,8.565604020110260990e+02,8.569961718186197004e+02,8.574336438259676925e+02,8.578726936447890239e+02,8.583131899083208509e+02,8.587549992006007642e+02,8.591979901687725487e+02,8.596420370806758910e+02,8.600870225498252921e+02,8.605328395786521014e+02,8.609793928381549222e+02,8.614265992983009710e+02,8.618743882500798463e+02,8.623227008319333891e+02,8.627714891590524076e+02,8.632207151659371220e+02,8.636703492703635447e+02,8.641203689538588151e+02,8.645707573476016705e+02,8.650215018916792360e+02,8.654725931241042645e+02,8.659240236353875844e+02,8.663757872113648091e+02,8.668278781708748966e+02,8.672802908940864199e+02,8.677330195272219271e+02,8.681860578429821089e+02,8.686393992317857737e+02,8.690930367970103134e+02,8.695469635277776206e+02,8.700011725242795819e+02,8.704556572536987460e+02,8.709104118179600391e+02,8.713654312185389017e+02,8.718207116069531821e+02,8.722762505132062643e+02,8.727320470471181579e+02,8.731881020701270018e+02,8.736444183367539154e+02,8.741010006064992695e+02,8.745578557276202218e+02,8.750149926950184636e+02,8.754724226845622752e+02,8.759301590665273807e+02,8.763882174007018193e+02,8.768466154159409598e+02,8.773053729768347466e+02,8.777645120404397403e+02,8.782240566060179390e+02,8.786840326611196588e+02,8.791444681274429058e+02,8.796053928103597173e+02,8.800668383561337578e+02,8.805288382212811484e+02,8.809914276585892594e+02,8.814546437245885500e+02,8.819185253131348645e+02,8.823831132197575471e+02,8.828484502409530705e+02,8.833145813121809624e+02,8.837815536873790734e+02,8.842494171618418477e+02,8.847182243387954941e+02,8.851880309383916483e+02,8.856588961456925517e+02,8.861308829919323671e+02,8.866040587605466499e+02,8.870784954065314878e+02,8.875542699743250523e+02,8.880314649959557300e+02,8.885101688474190951e+02,8.889904760374954549e+02,8.894724873993023948e+02,8.899563101511573677e+02,8.904420577896664781e+02,8.909298497747452075e+02,8.914198109634310185e+02,8.919120707472978893e+02,8.924067618470223806e+02,8.929040187176610743e+02,8.934039755195788075e+02,8.939067636132682537e+02,8.944125085417192622e+02,8.949213264721573751e+02,8.954333200801403336e+02,8.959485738737924976e+02,8.964671489746050383e+02,8.969890773941715452e+02,8.975143558734240514e+02,8.980429393823554847e+02,8.985747344132038279e+02,8.991095922377412535e+02,8.996473023379900269e+02,9.001875862573041331e+02,9.007300921523882380e+02,9.012743903532083323e+02,9.018199702529856268e+02,9.023662388507165133e+02,9.029125212501249962e+02,9.034580633787281840e+02,9.040020371269137058e+02,9.045435480196855451e+02,9.050816454251848882e+02,9.056153351790031820e+02,9.061435943688304633e+02,9.066653878895447178e+02,9.071796862552010907e+02,9.076854840528453678e+02,9.081818183539671736e+02,9.086677863709713847e+02,9.091425616630066315e+02,9.096054082584892058e+02,9.100556921669121948e+02,9.104928898923388942e+02,9.109165937242128166e+02,9.113265137534045834e+02,9.117224767304227271e+02,9.121044220123167179e+02,9.124723949737791600e+02,9.128265383376442514e+02,9.131670819305194300e+02,9.134943313815277861e+02,9.138086562614724926e+02,9.141104781136775728e+02,9.144002587643129800e+02,9.146784892269089369e+02,9.149456794398276998e+02,9.152023490022866099e+02,9.154490190081629635e+02,9.156862050198451470e+02,9.159144111779753530e+02,9.161341254071687672e+02,9.163458156519286604e+02,9.165499270597777013e+02,9.167468800185893087e+02,9.169370689506916960e+02,9.171208617660792015e+02,9.172985998797619231e+02,9.174705987028555683e+02,9.176371485227264202e+02,9.177985156937421607e+02,9.179549440666181681e+02,9.181066565907697168e+02,9.182538570303640881e+02,9.183967317409476436e+02,9.185354514595742330e+02,9.186701730673599968e+02,9.188010412893515877e+02,9.189281903025294014e+02,9.190517452286487696e+02,9.191718234944132746e+02,9.192885360470697833e+02,9.194019884188335254e+02,9.195122816384812268e+02,9.196195129928707956e+02,9.197237766449954961e+02,9.198251641183475158e+02,9.199237646598472793e+02,9.200196654953480220e+02,9.201129519927849287e+02,9.202037077484474139e+02,9.202920146116730393e+02,9.203779526625982044e+02,9.204616001565165107e+02,9.205430334470408980e+02,9.206223268986850599e+02,9.206995527978069731e+02,9.207747812691577565e+02,9.208480802036240220e+02,9.209195152012011931e+02,9.209891495318298666e+02,9.210570441155020944e+02,9.211232575220002445e+02,9.211878459897998255e+02,9.212508634629857625e+02,9.213123616445355992e+02,9.213723900638826763e+02,9.214309961563412799e+02,9.214882253515615957e+02,9.215441211678505624e+02,9.215987253087466797e+02,9.216520777582112487e+02,9.217042168710102032e+02,9.217551794567324350e+02,9.218050008587572393e+02,9.218537150362726607e+02,9.219013546648391184e+02,9.219479512840210873e+02,9.219935355274117228e+02,9.220381374805397172e+02,9.220817871932601975e+02,9.221245153522498867e+02,9.221663540220690720e+02,9.222073372803841949e+02,9.222475013462842526e+02,9.222868837116308214e+02,9.223255204741551552e+02,9.223634413118443263e+02,9.224006613862719632e+02,9.224371708519317963e+02,9.224729228487751698e+02,9.225078245097320178e+02,9.225417348424348347e+02,9.225744800771121845e+02,9.226058908518425596e+02,9.226358782714071367e+02,9.226645460617912704e+02,9.226923666752444433e+02,9.227203928741755590e+02,9.227505350364247079e+02,9.227857386663703210e+02,9.228299305715547689e+02,9.228871371564360970e+02,9.229593572601886535e+02,9.230430792615591145e+02
8.389449397526664143e+02,8.389449397642817985e+02,8.389465050384039841e+02,8.389496358538003733e+02,8.389543327576371894e+02,8.389605965435766848e+02,8.389684282182240622e+02,8.389778289550578165e+02,8.389888000346363697e+02,8.390013427695023438e+02,8.390154584117706236e+02,8.390311480408805664e+02,8.390484124283966594e+02,8.390672518760164849e+02,8.390876660220832264e+02,8.391096536108294686e+02,8.391332122172893833e+02,8.391583379192081793e+02,8.391850249053130710e+02,8.392132650068713247e+02,8.392430471364596087e+02,8.392743566141740530e+02,8.393071743569915952e+02,8.393414759015299751e+02,8.393772302239738110e+02,8.394143983135152212e+02,8.394529314477022126e+02,8.394927691106919383e+02,8.395338364910014661e+02,8.395760414988208140e+02,8.396192712635685211e+02,8.396633881265997843e+02,8.397082252597019760e+02,8.397535822613890559e+02,8.397992214739491601e+02,8.398448664032080160e+02,8.398902045703916883e+02,8.399348983196036897e+02,8.399786080976731455e+02,8.400210516974093480e+02,8.400619873528668222e+02,8.401015861152832258e+02,8.401412149511216967e+02,8.401872992082750216e+02,8.402427155795851377e+02,8.403102821013141011e+02,8.403935210696824925e+02,8.404970271749110680e+02,8.406268051499564535e+02,8.407905509046290717e+02,8.409976548892191204e+02,8.412585234170009016e+02,8.415831242051358458e+02,8.419764718588439791e+02,8.424283024225396730e+02,8.429282607667100820e+02,8.434370194628371564e+02,8.439476129666097677e+02,8.444515008697500207e+02,8.449532683186532722e+02,8.454468553889316809e+02,8.459309131445456842e+02,8.464037316013688041e+02,8.468664928564503498e+02,8.473199380940297942e+02,8.477652771984294304e+02,8.482035154988193426e+02,8.486357443596131134e+02,8.490629956153776448e+02,8.494862514267699680e+02,8.499064350705298239e+02,8.503243808997499400e+02,8.507408636128139960e+02,8.511565575046671484e+02,8.515720648230706047e+02,8.519878922881711105e+02,8.524044788788097549e+02,8.528221846450926478e+02,8.532413083366490127e+02,8.536620817532943875e+02,8.540846801606855934e+02,8.545092220724253593e+02,8.549357769811661001e+02,8.553643688714986411e+02,8.557949827283680406e+02,8.562275696687962636e+02,8.566620528806042785e+02,8.570983333447246650e+02,8.575362954870877275e+02,8.579758127565741006e+02,8.584167526695964625e+02,8.588589815307248045e+02,8.593023683938766908e+02,8.597467884654464569e+02,8.601921256928894763e+02,8.606382746909782782e+02,8.610851419146184753e+02,8.615326462055174943e+02,8.619807187388680632e+02,8.624293024930714182e+02,8.628783513304553026e+02,8.633278288053062397e+02,8.637777068014852375e+02,8.642279640969800312e+02,8.646785849412734706e+02,8.651295577135414305e+02,8.655808737165428965e+02,8.660325261411221618e+02,8.664845092231319086e+02,8.669368175981611557e+02,8.673894458492035255e+02,8.678423882317745210e+02,8.682956385552383836e+02,8.687491901943634502e+02,8.692030362038951807e+02,8.696571695088291563e+02,8.701115831451917302e+02,8.705662705288057168e+02,8.710212257333394064e+02,8.714764437625664186e+02,8.719319208057698916e+02,8.723876544684911778e+02,8.728436439740438573e+02,8.732998903334596434e+02,8.737563964836278956e+02,8.742131673945435750e+02,8.746702101476830649e+02,8.751275339878683326e+02,8.755851503514618344e+02,8.760430728736558876e+02,8.765013173778386317e+02,8.769599018498535088e+02,8.774188464001761076e+02,8.778781732169493353e+02,8.783379065131341576e+02,8.787980724710745335e+02,8.792586991881902350e+02,8.797198166276386928e+02,8.801814565782211730e+02,8.806436526279225063e+02,8.811064401558130612e+02,8.815698563470197087e+02,8.820339402355772336e+02,8.824987327796703767e+02,8.829642769735123693e+02,8.834306179993735668e+02,8.838978034225083320e+02,8.843658834304389984e+02,8.848349111166814964e+02,8.853049428070684144e+02,8.857760384247778802e+02,8.862482618875930029e+02,8.867216815282017706e+02,8.871963705251638430e+02,8.876724073288867203e+02,8.881498760633037364e+02,8.886288668802918664e+02,8.891094762399829960e+02,8.895918070863831417e+02,8.900759688839467572e+02,8.905620774773342418e+02,8.910502547334014025e+02,8.915406279219296266e+02,8.920333287896620504e+02,8.925284922813124240e+02,8.930262548614063007e+02,8.935267523926038393e+02,8.940301175297016698e+02,8.945364765943941165e+02,8.950459459043418065e+02,8.955586275417682600e+02,8.960746045619617917e+02,8.965939356612267375e+02,8.971166493471524745e+02,8.976427376817487129e+02,8.981721496997387248e+02,8.987047846396392288e+02,8.992404851630482199e+02,8.997790307763074225e+02,9.003201317060834299e+02,9.008634235136599955e+02,9.014084627583754354e+02,9.019547240349280628e+02,9.025015987082260835e+02,9.030483956494521181e+02,9.035943442350203441e+02,9.041385998044976304e+02,9.046802516843358717e+02,9.052183337737687907e+02,9.057518375621967834e+02,9.062797273111058303e+02,9.068009569974531132e+02,9.073144884904212404e+02,9.078193103308602758e+02,9.083144564131856669e+02,9.087990238414208761e+02,9.092721892494887470e+02,9.097332229415254687e+02,9.101815003169995180e+02,9.106165101898119474e+02,9.110378597791748234e+02,9.114452763292788404e+02,9.118386054880040774e+02,9.122178067375514274e+02,9.125829462494862128e+02,9.129341876607743416e+02,9.132717812980912413e+02,9.135960523926939914e+02,9.139073888043219540e+02,9.142062287202471680e+02,9.144930487250792339e+02,9.147683525571933387e+02,9.150326607861090906e+02,9.152865015675834002e+02,9.155304025638097301e+02,9.157648840574163387e+02,9.159904532410496358e+02,9.162075996290335524e+02,9.164167915129431776e+02,9.166184733674066365e+02,9.168130641043262585e+02,9.170009560712430812e+02,9.171825146911954789e+02,9.173580786457712293e+02,9.175279605090723862e+02,9.176924477471841328e+02,9.178518040049439151e+02,9.180062706089579478e+02,9.181560682227725465e+02,9.183013985967994586e+02,9.184424463620083543e+02,9.185793808226312649e+02,9.187123577091884954e+02,9.188415208591095507e+02,9.189670037981067026e+02,9.190889312012292294e+02,9.192074202181605642e+02,9.193225816527178722e+02,9.194345209916095882e+02,9.195433392821596499e+02,9.196491338628751464e+02,9.197519989542772691e+02,9.198520261203220798e+02,9.199493046129413187e+02,9.200439216137549465e+02,9.201359623878548746e+02,9.202255103647951273e+02,9.203126471616294566e+02,9.203974525620668601e+02,9.204800044647083723e+02,9.205603788119495903e+02,9.206386495095804321e+02,9.207148883454973429e+02,9.207891649142989081e+02,9.208615465529635458e+02,9.209320982913403668e+02,9.210008828198533593e+02,9.210679604756649042e+02,9.211333892475704488e+02,9.211972247991013774e+02,9.212595205087019394e+02,9.213203275253837319e+02,9.213796948379340392e+02,9.214376693555178690e+02,9.214942959973203642e+02,9.215496177887341673e+02,9.216036759614119092e+02,9.216565100544959250e+02,9.217081580143435531e+02,9.217586562908205678e+02,9.218080399293015716e+02,9.218563426605957147e+02,9.219035969943836335e+02,9.219498343287636999e+02,9.219950850930671322e+02,9.220393789499489685e+02,9.220827450784099710e+02,9.221252125586984221e+02,9.221668108400604069e+02,9.222075702437178961e+02,9.222475223384881247e+02,9.222866999785064763e+02,9.223251365842905898e+02,9.223628643118516948e+02,9.223999105136450680e+02,9.224362924807246600e+02,9.224720102750776505e+02,9.225070393467169652e+02,9.225413240503121415e+02,9.225747773277137185e+02,9.226072883367893382e+02,9.226387482133214917e+02,9.226690921721923360e+02,9.226983775664336918e+02,9.227268850676517786e+02,9.227552866001648226e+02,9.227848228458612994e+02,9.228175633323522788e+02,9.228564594426713938e+02,9.229050352663620060e+02,9.229657503317405371e+02,9.230364923826061840e+02
8.389360768056462803e+02,8.389360768244447399e+02,8.389376779109422841e+02,8.389408805163016041e+02,8.389456855337189154e+02,8.389520942791147036e+02,8.389601084614935189e+02,8.389697301421274460e+02,8.389809616813892035e+02,8.389938056716874826e+02,8.390082648545248958e+02,8.390243420191876567e+02,8.390420398799599297e+02,8.390613609280117089e+02,8.390823072531889011e+02,8.391048803297946961e+02,8.391290807590302165e+02,8.391549079589701705e+02,8.391823597906854957e+02,8.392114321062468889e+02,8.392421182006602294e+02,8.392744081450736076e+02,8.393082879725271823e+02,8.393437386797163526e+02,8.393807349982292862e+02,8.394192438759725974e+02,8.394592225935681427e+02,8.395006164212439899e+02,8.395433556999981874e+02,8.395873522096154602e+02,8.396324946731764385e+02,8.396786432600172247e+02,8.397256230210861077e+02,8.397732163879811651e+02,8.398211553072212610e+02,8.398691144585080792e+02,8.399167085965578963e+02,8.399634996284645467e+02,8.400090224232428682e+02,8.400529136318555175e+02,8.400948201219511020e+02,8.401357138953711683e+02,8.401821266476455321e+02,8.402369423014966969e+02,8.403027670749768276e+02,8.403827265490642731e+02,8.404809079066634467e+02,8.406028396000016301e+02,8.407560427447143638e+02,8.409506087935817504e+02,8.411995318810749040e+02,8.415182273040712744e+02,8.419226373970722079e+02,8.424159596635017806e+02,8.429561863909509611e+02,8.434923765076553082e+02,8.440231000525777745e+02,8.445449827085043353e+02,8.450558763908865103e+02,8.455560204665872561e+02,8.460446591161459082e+02,8.465202700786364858e+02,8.469842476917888234e+02,8.474376118431835039e+02,8.478821756413711910e+02,8.483192628776205311e+02,8.487502520825843249e+02,8.491763024549566126e+02,8.495985090874418120e+02,8.500178413864611002e+02,8.504351645905850319e+02,8.508512488310680055e+02,8.512667604116908251e+02,8.516822816796482130e+02,8.520982988896951156e+02,8.525152249096357764e+02,8.529333936609288003e+02,8.533530776374723246e+02,8.537744847818310063e+02,8.541977693732980015e+02,8.546230317846030857e+02,8.550503263748245217e+02,8.554796643432890733e+02,8.559110204189634032e+02,8.563443374632186078e+02,8.567795324719116934e+02,8.572165018624017421e+02,8.576551270293657581e+02,8.580952795889407980e+02,8.585368262825967349e+02,8.589796334721989979e+02,8.594235709631343525e+02,8.598685152450609621e+02,8.603143519503407788e+02,8.607609776543436055e+02,8.612083009377731742e+02,8.616562428392749098e+02,8.621047367195654942e+02,8.625537276664911133e+02,8.630031715215864097e+02,8.634530336497416556e+02,8.639032875486565217e+02,8.643539133981640816e+02,8.648048966314465815e+02,8.652562265967375197e+02,8.657078953616264698e+02,8.661598966942905236e+02,8.666122252413789511e+02,8.670648759069133575e+02,8.675178434256706623e+02,8.679711221145599893e+02,8.684247057794513012e+02,8.688785877507519899e+02,8.693327610195992747e+02,8.697872184470151069e+02,8.702419530202871556e+02,8.706969581341012372e+02,8.711522278775186123e+02,8.716077573120810484e+02,8.720635427300253468e+02,8.725195818853590026e+02,8.729758741934058435e+02,8.734324208971169128e+02,8.738892252001307952e+02,8.743462923681037182e+02,8.748036298005083609e+02,8.752612470757927667e+02,8.757191559728415768e+02,8.761773704719407760e+02,8.766359067382669537e+02,8.770947830910721450e+02,8.775540199615880965e+02,8.780136398429029896e+02,8.784736672350463778e+02,8.789341285888700668e+02,8.793950522524096414e+02,8.798564684238310747e+02,8.803184091151899793e+02,8.807809081316120228e+02,8.812440010705344093e+02,8.817077253458527366e+02,8.821721202416285905e+02,8.826372269998930733e+02,8.831030889465254177e+02,8.835697516586066058e+02,8.840372631755836892e+02,8.845056742554221501e+02,8.849750386752458553e+02,8.854454135741468690e+02,8.859168598335108982e+02,8.863894424877095162e+02,8.868632311550467193e+02,8.873383004757499748e+02,8.878147305403064138e+02,8.882926072879181447e+02,8.887720228510394236e+02,8.892530758182446107e+02,8.897358713838580115e+02,8.902205213492178473e+02,8.907071439370278085e+02,8.911958633773297151e+02,8.916868092211500425e+02,8.921801153362395098e+02,8.926759185385451474e+02,8.931743568135947271e+02,8.936755670839542063e+02,8.941796824828610397e+02,8.946868291002925844e+02,8.951971221766655162e+02,8.957106617314105961e+02,8.962275276293981960e+02,8.967477741078537292e+02,8.972714238104165361e+02,8.977984614032916397e+02,8.983288268809574220e+02,8.988624087048991669e+02,8.993990369573789394e+02,8.999384767315673344e+02,9.004804220172494524e+02,9.010244903747727676e+02,9.015702187154938656e+02,9.021170605207219069e+02,9.026643848290877941e+02,9.032114773005040433e+02,9.037575436204610924e+02,9.043017154394733552e+02,9.048430589491740648e+02,9.053805860811528419e+02,9.059132681821308779e+02,9.064400518770127064e+02,9.069598766896240249e+02,9.074716938610340549e+02,9.079744856993356734e+02,9.084672847239156681e+02,9.089491918406972673e+02,9.094193928080984506e+02,9.098771723274247734e+02,9.103219252118054783e+02,9.107531642455809333e+02,9.111705245281111729e+02,9.115737642878455063e+02,9.119627623385670177e+02,9.123375125097750242e+02,9.126981155402106651e+02,9.130447688969335331e+02,9.133777551458479138e+02,9.136974294413721509e+02,9.140042066788327020e+02,9.142985487900562021e+02,9.145809525791573833e+02,9.148519384043058835e+02,9.151120399211337144e+02,9.153617950204245517e+02,9.156017380207186989e+02,9.158323931175652888e+02,9.160542690458994457e+02,9.162678548796862970e+02,9.164736168720435217e+02,9.166719962275194575e+02,9.168634076939803208e+02,9.170482388626621741e+02,9.172268500696228557e+02,9.173995747987073628e+02,9.175667204941239561e+02,9.177285696990825272e+02,9.178853814451773587e+02,9.180373928250470499e+02,9.181848206882016257e+02,9.183278634067801249e+02,9.184667026644465295e+02,9.186015052277547284e+02,9.187324246651863859e+02,9.188596029847726641e+02,9.189831721667724196e+02,9.191032555732977016e+02,9.192199692220215184e+02,9.193334229160933546e+02,9.194437212270494229e+02,9.195509643317564041e+02,9.196552487081598883e+02,9.197566676977819498e+02,9.198553119454485341e+02,9.199512697286360208e+02,9.200446271900710826e+02,9.201354684878764374e+02,9.202238758776469467e+02,9.203099297404414756e+02,9.203937085699003546e+02,9.204752889305769941e+02,9.205547453982651405e+02,9.206321504916230651e+02,9.207075746028831418e+02,9.207810859339147100e+02,9.208527504424454264e+02,9.209226318018960455e+02,9.209907913770650794e+02,9.210572882168276010e+02,9.211221790641160396e+02,9.211855183827195788e+02,9.212473583998571485e+02,9.213077491630689337e+02,9.213667386096643668e+02,9.214243726468041586e+02,9.214806952401759190e+02,9.215357485092144998e+02,9.215895728268019411e+02,9.216422069214926296e+02,9.216936879803754437e+02,9.217440517510889322e+02,9.217933326418865363e+02,9.218415638199007844e+02,9.218887773088731592e+02,9.219350040905454762e+02,9.219802742155409305e+02,9.220246169342160556e+02,9.220680608568095522e+02,9.221106341558919439e+02,9.221523648099205275e+02,9.221932808838244000e+02,9.222334107957489095e+02,9.222727835111890045e+02,9.223114285023981438e+02,9.223493753418152892e+02,9.223866526237463859e+02,9.224232861427883563e+02,9.224592959970842685e+02,9.224946931220757733e+02,9.225294751986804158e+02,9.225636240280266520e+02,9.225971044390706766e+02,9.226298696212240884e+02,9.226618710338977962e+02,9.226930834174632992e+02,9.227235369953492636e+02,9.227533840722586547e+02,9.227829735535700593e+02,9.228130031544717440e+02,9.228446485848377279e+02,9.228798551650033914e+02,9.229212882025559566e+02,9.229716502548097878e+02,9.230303664051258465e+02
8.389259693418803181e+02,8.389259693682506622e+02,8.389276059004854460e+02,8.389308795714732696e+02,8.389357916393609003e+02,8.389423439713896187e+02,8.389505390190181515e+02,8.389603797835425212e+02,8.389718697711131199e+02,8.389850129356959769e+02,8.389998136081093207e+02,8.390162764087777987e+02,8.390344061412428118e+02,8.390542076627372126e+02,8.390756857272114075e+02,8.390988447950494447e+02,8.391236888022503990e+02,8.391502208799790878e+02,8.391784430129748671e+02,8.392083556221693925e+02,8.392399570527387596e+02,8.392732429433763173e+02,8.393082054453050205e+02,8.393448322498020389e+02,8.393831053698266942e+02,8.394229996034487158e+02,8.394644805824858622e+02,8.395075022769594852e+02,8.395520037824063593e+02,8.395979051610629540e+02,8.396451020405376084e+02,8.396934586037261852e+02,8.397427985598224041e+02,8.397928937416817234e+02,8.398434503009015089e+02,8.398940934429514300e+02,8.399443540260079999e+02,8.399936655776588168e+02,8.400413906956862320e+02,8.400871867664352521e+02,8.401308638161368663e+02,8.401778243360764691e+02,8.402326260641259523e+02,8.402976948021539556e+02,8.403755394045957701e+02,8.404695073216500987e+02,8.405842688986673465e+02,8.407264246966959718e+02,8.409053564247460599e+02,8.411343326934212428e+02,8.414315680357747169e+02,8.418204382758200381e+02,8.423276024230437997e+02,8.429472093875360770e+02,8.435353917451448069e+02,8.440967685966847966e+02,8.446387502254134461e+02,8.451629862246714993e+02,8.456696116363383453e+02,8.461612526633468860e+02,8.466382134607177932e+02,8.471020951902669367e+02,8.475543531304876979e+02,8.479972509902719366e+02,8.484324419294830477e+02,8.488616096458264337e+02,8.492860379265149504e+02,8.497069152912547452e+02,8.501252256299551391e+02,8.505418420072095387e+02,8.509575079572534833e+02,8.513728629770571388e+02,8.517884520303069849e+02,8.522047288019632560e+02,8.526220711458862525e+02,8.530407815934349856e+02,8.534611021379416798e+02,8.538832142212584131e+02,8.543072488955767767e+02,8.547332872229371787e+02,8.551613676603677732e+02,8.555914884485111997e+02,8.560236140563581557e+02,8.564576792656541784e+02,8.568935950990886568e+02,8.573312536898997678e+02,8.577705337361852571e+02,8.582113054094811559e+02,8.586534351257686239e+02,8.590967897964026179e+02,8.595412405169854537e+02,8.599866656265488700e+02,8.604329530325150017e+02,8.608800018647893921e+02,8.613277234158543934e+02,8.617760414796134683e+02,8.622248921198131484e+02,8.626742229967527464e+02,8.631239923318150886e+02,8.635741676336569981e+02,8.640247242790991322e+02,8.644756440500959798e+02,8.649269137050766858e+02,8.653785236528219684e+02,8.658304667777300665e+02,8.662827374492095487e+02,8.667353307323022591e+02,8.671882418019285979e+02,8.676414655522913790e+02,8.680949963831703826e+02,8.685488281393439820e+02,8.690029541751750912e+02,8.694573675157078014e+02,8.699120610859731642e+02,8.703670279828570528e+02,8.708222617669431429e+02,8.712777567559508043e+02,8.717335083053088738e+02,8.721895130656138235e+02,8.726457692101488419e+02,8.731022766289023593e+02,8.735590370878038584e+02,8.740160543539143418e+02,8.744733342884080685e+02,8.749308849101497572e+02,8.753887164329262305e+02,8.758468412797265046e+02,8.763052740773118785e+02,8.767640316344244411e+02,8.772231329067761862e+02,8.776825989520975781e+02,8.781424528784448285e+02,8.786027197892331060e+02,8.790634267285208807e+02,8.795246026304463385e+02,8.799862782768370835e+02,8.804484862673854195e+02,8.809112610068524418e+02,8.813746387139990475e+02,8.818386574568286278e+02,8.823033572186902802e+02,8.827687799993600493e+02,8.832349699547784212e+02,8.837019735782416774e+02,8.841698399248820124e+02,8.846386208798317057e+02,8.851083714688891178e+02,8.855791502084368858e+02,8.860510194891337505e+02,8.865240459852051345e+02,8.869983010783170130e+02,8.874738612817683361e+02,8.879508086474176025e+02,8.884292311341256436e+02,8.889092229129047382e+02,8.893908845802113774e+02,8.898743232472529598e+02,8.903596524696541792e+02,8.908469919786887203e+02,8.913364671724485788e+02,8.918282083231550814e+02,8.923223494553091086e+02,8.928190268489479422e+02,8.933183771230037564e+02,8.938205348561414212e+02,8.943256297066955085e+02,8.948337829999827591e+02,8.953451037606755563e+02,8.958596841806613611e+02,8.963775945292329652e+02,8.968988775330676617e+02,8.974235422784061029e+02,8.979515577173220890e+02,8.984828458936067364e+02,8.990172750410531535e+02,8.995546527465190820e+02,9.000947194104090840e+02,9.006371422755903495e+02,9.011815103292295817e+02,9.017273304068006610e+02,9.022740248395119806e+02,9.028209309813205437e+02,9.033673029256250402e+02,9.039123156714601919e+02,9.044550719228658409e+02,9.049946116032759846e+02,9.055299240420830529e+02,9.060599626485654881e+02,9.065836617375900914e+02,9.070999550229137185e+02,9.076077951601801033e+02,9.081061736160731925e+02,9.085941400747407215e+02,9.090708205770959012e+02,9.095354336282382519e+02,9.099873036029928244e+02,9.104258709234145499e+02,9.108506986636385818e+02,9.112614754407227338e+02,9.116580146572291596e+02,9.120402503538690553e+02,9.124082300942673101e+02,9.127621054127339448e+02,9.131021205230380247e+02,9.134285997083783286e+02,9.137419341546276428e+02,9.140425687395157865e+02,9.143309892372699323e+02,9.146077103040837528e+02,9.148732645086212187e+02,9.151281925759781188e+02,9.153730349296198483e+02,9.156083245467170855e+02,9.158345810889734366e+02,9.160523062328198876e+02,9.162619800980843365e+02,9.164640586606345778e+02,9.166589720295614825e+02,9.168471234708199518e+02,9.170288890648083679e+02,9.172046178934156160e+02,9.173746326613244264e+02,9.175392306658970938e+02,9.176986850392084989e+02,9.178532461944070064e+02,9.180031434164308166e+02,9.181485865442139129e+02,9.182897676979623611e+02,9.184268630109810374e+02,9.185600343310541120e+02,9.186894308616160743e+02,9.188151907179948239e+02,9.189374423789156481e+02,9.190563060182217896e+02,9.191718947063690166e+02,9.192843154756333206e+02,9.193936702470560931e+02,9.195000566208618693e+02,9.196035685353397184e+02,9.197042968019304681e+02,9.198023295264548551e+02,9.198977524280353464e+02,9.199906490683299580e+02,9.200811010042098133e+02,9.201691878770549238e+02,9.202549874514522799e+02,9.203385756153496686e+02,9.204200263527086463e+02,9.204994116985135406e+02,9.205768016846674300e+02,9.206522642839502168e+02,9.207258653578445546e+02,9.207976686127348103e+02,9.208677355677615424e+02,9.209361255365106445e+02,9.210028956237520106e+02,9.210681007376133493e+02,9.211317936168909455e+02,9.211940248726683649e+02,9.212548430429990276e+02,9.213142946591337932e+02,9.213724243215999650e+02,9.214292747843588813e+02,9.214848870452857454e+02,9.215393004412738946e+02,9.215925527464328297e+02,9.216446802720083724e+02,9.216957179669818743e+02,9.217456995185243613e+02,9.217946574520701688e+02,9.218426232309710713e+02,9.218896273566875834e+02,9.219356994702989141e+02,9.219808684577101303e+02,9.220251625592426308e+02,9.220686094868790406e+02,9.221112365463751530e+02,9.221530707665551745e+02,9.221941390214198009e+02,9.222344681443018999e+02,9.222740849925120301e+02,9.223130164628183820e+02,9.223512893635287355e+02,9.223889301795269375e+02,9.224259645500661691e+02,9.224624166682369832e+02,9.224983082855510474e+02,9.225336580659763968e+02,9.225684805880871409e+02,9.226027869892109265e+02,9.226365851116961494e+02,9.226698841996103511e+02,9.227026981566360746e+02,9.227350619731497545e+02,9.227670454073005430e+02,9.227988047302530958e+02,9.228306193325896629e+02,9.228630295866355482e+02,9.228969125197538688e+02,9.229339383946249882e+02,9.229764225888184228e+02,9.230252881242190597e+02
8.389145809384631320e+02,8.389145809727322103e+02,8.389162524135178955e+02,8.389195960832770425e+02,8.389246136210344957e+02,8.389313074698807213e+02,8.389396808576565263e+02,8.389497377701212599e+02,8.389614829156231508e+02,8.389749216799729084e+02,8.389900600698459812e+02,8.390069046425930992e+02,8.390254624197849580e+02,8.390457407811410349e+02,8.390677473346314628e+02,8.390914897574575662e+02,8.391169756012166090e+02,8.391442120527430006e+02,8.391732056397487440e+02,8.392039618672386041e+02,8.392364847664766785e+02,8.392707763325976202e+02,8.393068358191727611e+02,8.393446588472601206e+02,8.393842362713312468e+02,8.394255527229644258e+02,8.394685847223001929e+02,8.395132982024543935e+02,8.395596452267305949e+02,8.396075595830330940e+02,8.396569508015603560e+02,8.397076959460232501e+02,8.397596282665556373e+02,8.398125214980797182e+02,8.398660683775501639e+02,8.399198523084018007e+02,8.399733134202969040e+02,8.400257184244609334e+02,8.400761678853546073e+02,8.401247593285073663e+02,8.401729669768654958e+02,8.402289506076202770e+02,8.402946931052654236e+02,8.403720304676535306e+02,8.404635765560657319e+02,8.405730495427538926e+02,8.407057540324647107e+02,8.408693690811884380e+02,8.410751896310947586e+02,8.413399053209675458e+02,8.416876351983640916e+02,8.421513090724886297e+02,8.427720497944486624e+02,8.434878953751904191e+02,8.441113836463905500e+02,8.446844694168220258e+02,8.452228229433345632e+02,8.457357013058783650e+02,8.462279574048806126e+02,8.467034040136346675e+02,8.471647900474250719e+02,8.476141820955214143e+02,8.480539749911257559e+02,8.484861071133425412e+02,8.489124462559678932e+02,8.493343843895548844e+02,8.497531651879680794e+02,8.501697612436803411e+02,8.505850235547244438e+02,8.509996478129827437e+02,8.514142300218484252e+02,8.518292645038935689e+02,8.522451634898875454e+02,8.526622640622296103e+02,8.530808354623690093e+02,8.535010884687380894e+02,8.539231789704743960e+02,8.543472157093420947e+02,8.547732622048262101e+02,8.552013427191474193e+02,8.556314447302889903e+02,8.560635245190443356e+02,8.564975109442187886e+02,8.569333109879642052e+02,8.573708143146614020e+02,8.578098985331452013e+02,8.582504338211638242e+02,8.586922875467147378e+02,8.591353282859208775e+02,8.595794293825297245e+02,8.600244718276439926e+02,8.604703464656340657e+02,8.609169555060772154e+02,8.613642133567502697e+02,8.618120468552731381e+02,8.622603949562737853e+02,8.627092079903607100e+02,8.631584465822476204e+02,8.636080803478514554e+02,8.640580864630518363e+02,8.645084482039420664e+02,8.649591535336993502e+02,8.654101938028715040e+02,8.658615626082336121e+02,8.663132548413274208e+02,8.667652659405223403e+02,8.672175913474096660e+02,8.676702261566101697e+02,8.681231649395518843e+02,8.685764017168941109e+02,8.690299300510757803e+02,8.694837432296197903e+02,8.699378345109785187e+02,8.703921974072380863e+02,8.708468259817018406e+02,8.713017151433837171e+02,8.717568609248595521e+02,8.722122607338395710e+02,8.726679135726274126e+02,8.731238202225121086e+02,8.735799833927106874e+02,8.740364078350668251e+02,8.744931004270522408e+02,8.749500702261440210e+02,8.754073284991328592e+02,8.758648887298303407e+02,8.763227666087288981e+02,8.767809800078958915e+02,8.772395489444267014e+02,8.776984955355961802e+02,8.781578439490234587e+02,8.786176203511479343e+02,8.790778528576244071e+02,8.795385714893450313e+02,8.799998081381415886e+02,8.804615965463023031e+02,8.809239723042892365e+02,8.813869728709597666e+02,8.818506376206114510e+02,8.823150079208044190e+02,8.827801272445647101e+02,8.832460413198181186e+02,8.837127983180876072e+02,8.841804490832437295e+02,8.846490473997420168e+02,8.851186502979787747e+02,8.855893183924586083e+02,8.860611162460832020e+02,8.865341127513622723e+02,8.870083815164330190e+02,8.874840012407721588e+02,8.879610560621706554e+02,8.884396358532131899e+02,8.889198364419938798e+02,8.894017597283959731e+02,8.898855136638445629e+02,8.903712120592983865e+02,8.908589741833019389e+02,8.913489241094916906e+02,8.918411897710159337e+02,8.923359016782512754e+02,8.928331912560503270e+02,8.933331887579676049e+02,8.938360207176699532e+02,8.943418069025680097e+02,8.948506567419245812e+02,8.953626652118817901e+02,8.958779081734051033e+02,8.963964371766187469e+02,8.969182737667094898e+02,8.974434033528377768e+02,8.979717687322176971e+02,8.985032633964669913e+02,8.990377247855971063e+02,8.995749276953175695e+02,9.001145780835855703e+02,9.006563075598658088e+02,9.011996688718980977e+02,9.017441327259385844e+02,9.022890862830180367e+02,9.028338336613879846e+02,9.033775987400082386e+02,9.039195304968363871e+02,9.044587110275389250e+02,9.049941662762655596e+02,9.055248793742016460e+02,9.060498063308893961e+02,9.065678936677974207e+02,9.070780974358854110e+02,9.075794029328691295e+02,9.080708443453715972e+02,9.085515234981210142e+02,9.090206269050679566e+02,9.094774403887206518e+02,9.099213606608564078e+02,9.103519034303996023e+02,9.107687078075680347e+02,9.111715369885466771e+02,9.115602754120825466e+02,9.119349227599263941e+02,9.122955853127667751e+02,9.126424652629244747e+02,9.129758485765715932e+02,9.132960923052121416e+02,9.136036113487508601e+02,9.138988656326890805e+02,9.141823479833694819e+02,9.144545729775901464e+02,9.147160669566846991e+02,9.149673593088407415e+02,9.152089750492855273e+02,9.154414286698615797e+02,9.156652191876031566e+02,9.158808262945701699e+02,9.160887074959705387e+02,9.162892961178376936e+02,9.164830000666277101e+02,9.166702012288183141e+02,9.168512554070226770e+02,9.170264926988697880e+02,9.171962182349259365e+02,9.173607132015466732e+02,9.175202360834174442e+02,9.176750240684568780e+02,9.178252945647548131e+02,9.179712467853662474e+02,9.181130633622287860e+02,9.182509119554021026e+02,9.183849468283731312e+02,9.185153103644767043e+02,9.186421345036408184e+02,9.187655420827268244e+02,9.188856480667050164e+02,9.190025606617766698e+02,9.191163823052590942e+02,9.192272105305329433e+02,9.193351387085406259e+02,9.194402566701429578e+02,9.195426512160411221e+02,9.196424065229057305e+02,9.197396044558074664e+02,9.198343247980079695e+02,9.199266454096905363e+02,9.200166423272848988e+02,9.201043898147719347e+02,9.201899603777584389e+02,9.202734247502849030e+02,9.203548518633201638e+02,9.204343088027803788e+02,9.205118607637264176e+02,9.205875710062171038e+02,9.206615008171422687e+02,9.207337094812824034e+02,9.208042542638501118e+02,9.208731904058896589e+02,9.209405711331485236e+02,9.210064476783998089e+02,9.210708693166674266e+02,9.211338834124163668e+02,9.211955354774678426e+02,9.212558692382201571e+02,9.213149267106456364e+02,9.213727482815359053e+02,9.214293727945107548e+02,9.214848376394668321e+02,9.215391788443025689e+02,9.215924311680569190e+02,9.216446281948062733e+02,9.216958024280492054e+02,9.217459853853569030e+02,9.217952076934058141e+02,9.218434991829221872e+02,9.218908889832853220e+02,9.219374056146219800e+02,9.219830770759685947e+02,9.220279309242762338e+02,9.220719943433509798e+02,9.221152941956958102e+02,9.221578570659562502e+02,9.221997092926671939e+02,9.222408770268867784e+02,9.222813863193864563e+02,9.223212633320941904e+02,9.223605346449885474e+02,9.223992278385934469e+02,9.224373721611790415e+02,9.224749996073256852e+02,9.225121457347568139e+02,9.225488509509262940e+02,9.225851604116818407e+02,9.226211246759725100e+02,9.226567966797014151e+02,9.226922322540228834e+02,9.227274840135619343e+02,9.227626107998225962e+02,9.227976730964264789e+02,9.228327722120441194e+02,9.228680357249020290e+02,9.229037332589088010e+02,9.229402936801941451e+02,9.229791360518275951e+02,9.230221388729295313e+02
8.389018755198860617e+02,8.389018755623080779e+02,8.389035811963061633e+02,8.389069934400088187e+02,8.389121143257436870e+02,8.389189468916573560e+02,8.389274951686754775e+02,8.389377641622148758e+02,8.389497598278260284e+02,8.389634890396772562e+02,8.389789595504773843e+02,8.389961799410559706e+02,8.390151595573488521e+02,8.390359084319611611e+02,8.390584371867394111e+02,8.390827569118428073e+02,8.391088790155831703e+02,8.391368150377049915e+02,8.391665764166593817e+02,8.391981741985962344e+02,8.392316186719594953e+02,8.392669189062993382e+02,8.393040821665716749e+02,8.393431131637986482e+02,8.393840130879951857e+02,8.394267783473133022e+02,8.394713989045282005e+02,8.395178560518702398e+02,8.395661193870018906e+02,8.396161426280666547e+02,8.396678577016645022e+02,8.397211661965279745e+02,8.397759266946640082e+02,8.398319354901958604e+02,8.398888964820542924e+02,8.399463731333524947e+02,8.400037108881866743e+02,8.400599128072854000e+02,8.401134495339465502e+02,8.401658100372391118e+02,8.402250572674615796e+02,8.402931665309945402e+02,8.403717766256725099e+02,8.404629819447761747e+02,8.405697074858558153e+02,8.406960121362999416e+02,8.408476498473650054e+02,8.410330153404811426e+02,8.412647298647998468e+02,8.415621868554839011e+02,8.419553650624461625e+02,8.424906604672072490e+02,8.432426562582313636e+02,8.439488860352704478e+02,8.445626963338746691e+02,8.451183324994228769e+02,8.456365620791306128e+02,8.461283556260303840e+02,8.466006052913818394e+02,8.470578153741673759e+02,8.475030314397449729e+02,8.479386959208901544e+02,8.483668547795172117e+02,8.487893695017827440e+02,8.492077027235006881e+02,8.496231153284312541e+02,8.500365702270682959e+02,8.504488954852802181e+02,8.508607435836419199e+02,8.512726749369710433e+02,8.516851421506129327e+02,8.520985269624097782e+02,8.525131367394727704e+02,8.529292201217845104e+02,8.533469691959697911e+02,8.537665270599712812e+02,8.541879919196286437e+02,8.546114211182451754e+02,8.550368352035495718e+02,8.554642209691547805e+02,8.558935358288808857e+02,8.563247114368698476e+02,8.567576585621446839e+02,8.571922713616232841e+02,8.576284323128112419e+02,8.580660165681621265e+02,8.585048963979338623e+02,8.589449450042485523e+02,8.593860399942816457e+02,8.598280661496731909e+02,8.602709176131533013e+02,8.607144993670023041e+02,8.611587280880131630e+02,8.616035323961856420e+02,8.620488525895210614e+02,8.624946399508970671e+02,8.629408557279737124e+02,8.633874698915427643e+02,8.638344597678122909e+02,8.642818086382947058e+02,8.647295043817462101e+02,8.651775382229834577e+02,8.656259036328186767e+02,8.660745954102113728e+02,8.665236089602883567e+02,8.669729397698284856e+02,8.674225830697931769e+02,8.678725336664234646e+02,8.683227859164140909e+02,8.687733338184733611e+02,8.692241711927638335e+02,8.696752919205998751e+02,8.701266902194658996e+02,8.705783609317410310e+02,8.710302998097644149e+02,8.714825037838926391e+02,8.719349712044074749e+02,8.723877020515504910e+02,8.728406981111569394e+02,8.732939631155740017e+02,8.737475028514459154e+02,8.742013252369440579e+02,8.746554403718350841e+02,8.751098605639217567e+02,8.755646003355634548e+02,8.760196764137263017e+02,8.764751077069824987e+02,8.769309152725842296e+02,8.773871222767792233e+02,8.778437539513917045e+02,8.783008375498924352e+02,8.787584023061978087e+02,8.792164793997375227e+02,8.796751019303977728e+02,8.801343049072097529e+02,8.805941252546247142e+02,8.810546018402873187e+02,8.815157755279529965e+02,8.819776892589496811e+02,8.824403881649677714e+02,8.829039197143060846e+02,8.833683338926563238e+02,8.838336834183839983e+02,8.843000239907341893e+02,8.847674145677632396e+02,8.852359176687659783e+02,8.857055996938386215e+02,8.861765312507098997e+02,8.866487874763857917e+02,8.871224483382603694e+02,8.875975988964172529e+02,8.880743295057156956e+02,8.885527359331812249e+02,8.890329193630789177e+02,8.895149862590984640e+02,8.899990480502360697e+02,8.904852206045062530e+02,8.909736234525055352e+02,8.914643787214090480e+02,8.919576097392374550e+02,8.924534392695680936e+02,8.929519873384177799e+02,8.934533686182577412e+02,8.939576893393098089e+02,8.944650437059460728e+02,8.949755098065513721e+02,8.954891450191826152e+02,8.960059809331057750e+02,8.965260178282705965e+02,8.970492187810659743e+02,8.975755034952934466e+02,8.981047419916646959e+02,8.986367483263898066e+02,8.991712745479740079e+02,8.997080051390308881e+02,9.002465522237741880e+02,9.007864518483459051e+02,9.013271616561366955e+02,9.018680602794931929e+02,9.024084487484768715e+02,9.029475541732481361e+02,9.034845358870375094e+02,9.040184941414248669e+02,9.045484813271539224e+02,9.050735155573177053e+02,9.055925963037665269e+02,9.061047216330027823e+02,9.066089064573978931e+02,9.071042011146233790e+02,9.075897095249314361e+02,9.080646061617622991e+02,9.085281511110457586e+02,9.089797025879737475e+02,9.094187264204746270e+02,9.098448021842474418e+02,9.102576258691087787e+02,9.106570091526149326e+02,9.110428755369118790e+02,9.114152537535184138e+02,9.117742689477076965e+02,9.121201322140110506e+02,9.124531290670408907e+02,9.127736072302429875e+02,9.130819651224727522e+02,9.133786398339423158e+02,9.136640961955425837e+02,9.139388168415920290e+02,9.142032933777297785e+02,9.144580187191862706e+02,9.147034806072490483e+02,9.149401562643563466e+02,9.151685081143962179e+02,9.153889804736751330e+02,9.156019971073405941e+02,9.158079595432531050e+02,9.160072460380886241e+02,9.162002110968145416e+02,9.163871854550502576e+02,9.165684764430071709e+02,9.167443686588820810e+02,9.169151248882155869e+02,9.170809872135509977e+02,9.172421782656309688e+02,9.173989025733677636e+02,9.175513479750260331e+02,9.176996870576127776e+02,9.178440785955318688e+02,9.179846689632777270e+02,9.181215935004493076e+02,9.182549778107538714e+02,9.183849389799803475e+02,9.185115867012046920e+02,9.186350242986989088e+02,9.187553496451459978e+02,9.188726559697349785e+02,9.189870325574767094e+02,9.190985653425743749e+02,9.192073374008508608e+02,9.193134293480288761e+02,9.194169196520632568e+02,9.195178848687249911e+02,9.196163998102406367e+02,9.197125376570318167e+02,9.198063700225067123e+02,9.198979669804836021e+02,9.199873970642227050e+02,9.200747272452609877e+02,9.201600228993474957e+02,9.202433477657972389e+02,9.203247639055807667e+02,9.204043316624748741e+02,9.204821096306415029e+02,9.205581546311167358e+02,9.206325216988856255e+02,9.207052640814991946e+02,9.207764332495866029e+02,9.208460789190927471e+02,9.209142490846693363e+02,9.209809900633291591e+02,9.210463465472453208e+02,9.211103616644461454e+02,9.211730770460877693e+02,9.212345328989954396e+02,9.212947680822535403e+02,9.213538201867420412e+02,9.214117256167452297e+02,9.214685196729216159e+02,9.215242366362607527e+02,9.215789098526632870e+02,9.216325718181358297e+02,9.216852542639902595e+02,9.217369882417583540e+02,9.217878042055701826e+02,9.218377320906494106e+02,9.218868013824675245e+02,9.219350411756020094e+02,9.219824802143702982e+02,9.220291469238134141e+02,9.220750694266347409e+02,9.221202755876333867e+02,9.221647930910548894e+02,9.222086496634974537e+02,9.222518734333401653e+02,9.222944936534693170e+02,9.223365416340074034e+02,9.223780522858760378e+02,9.224190656182965995e+02,9.224596289912972225e+02,9.224997981761206347e+02,9.225396393739945324e+02,9.225792273124458234e+02,9.226186462274765745e+02,9.226579820029537586e+02,9.226973264886023571e+02,9.227367624891221567e+02,9.227763874562766659e+02,9.228162761056685213e+02,9.228565357192966303e+02,9.228971399312409858e+02,9.229380493361981053e+02,9.229789748982759647e+02,9.230216966551219002e+02
8.388878175374695729e+02,8.388878175882171035e+02,8.388895565160100887e+02,8.388930355387907412e+02,8.388982570906551928e+02,8.389052248179834805e+02,8.389139435732756738e+02,8.389244194062454199e+02,8.389366595515436984e+02,8.389506724122851438e+02,8.389664675383098711e+02,8.389840555978275916e+02,8.390034483407349626e+02,8.390246585514586286e+02,8.390476999886118392e+02,8.390725873080305064e+02,8.390993359648194883e+02,8.391279620887981991e+02,8.391584823260972144e+02,8.391909136374437139e+02,8.392252730406614774e+02,8.392615772807522490e+02,8.392998424050915673e+02,8.393400832129517539e+02,8.393823125364807538e+02,8.394265402923197144e+02,8.394727722157597327e+02,8.395210081466533438e+02,8.395712396672666955e+02,8.396234467761285032e+02,8.396775930773093251e+02,8.397336185846133958e+02,8.397914284934929583e+02,8.398508747188752750e+02,8.399117235761472102e+02,8.399735950680045562e+02,8.400358401202133791e+02,8.400972742275537257e+02,8.401555625005178172e+02,8.402199074302531017e+02,8.402922224350089664e+02,8.403739259297610715e+02,8.404668868409805782e+02,8.405735061768519927e+02,8.406969253571385252e+02,8.408413344119418298e+02,8.410124826477003808e+02,8.412184920505432046e+02,8.414711586934107572e+02,8.417879470788847129e+02,8.421948324762677203e+02,8.427304501637032672e+02,8.434546615647285535e+02,8.441100959619631112e+02,8.446932493544619547e+02,8.452242067511441519e+02,8.457208964423251700e+02,8.461940725168935842e+02,8.466501107440632268e+02,8.470932152975234430e+02,8.475262249969758841e+02,8.479513098841478040e+02,8.483702817162823067e+02,8.487846535551823308e+02,8.491957005059923631e+02,8.496044485452908930e+02,8.500117466675085325e+02,8.504182794941990551e+02,8.508246183610608568e+02,8.512312320341202394e+02,8.516385119649432909e+02,8.520467790390163145e+02,8.524562952352285947e+02,8.528672684194435760e+02,8.532798585496140049e+02,8.536941819397216022e+02,8.541103153745730197e+02,8.545282998133011461e+02,8.549481436226437836e+02,8.553698261486379124e+02,8.557933011404762738e+02,8.562185007309310549e+02,8.566453393783485808e+02,8.570737181220464436e+02,8.575035286694885599e+02,8.579346574431169756e+02,8.583669892761722622e+02,8.588004107713860549e+02,8.592348131475257560e+02,8.596700945582007307e+02,8.601061618184643294e+02,8.605429315527022709e+02,8.609803307852248508e+02,8.614182970289673449e+02,8.618567779450263515e+02,8.622957306550397334e+02,8.627351207979099854e+02,8.631749214179875480e+02,8.636151117705067009e+02,8.640556761180520198e+02,8.644966025823376867e+02,8.649378821003422217e+02,8.653795075208340677e+02,8.658214728626372789e+02,8.662637727437660260e+02,8.667064019791226883e+02,8.671493553357606743e+02,8.675926274278574510e+02,8.680362127293617505e+02,8.684801056799693697e+02,8.689243008599494260e+02,8.693687932104991205e+02,8.698135782788838242e+02,8.702586524706665614e+02,8.707040132950399993e+02,8.711496595927242197e+02,8.715955917394315975e+02,8.720418118207265934e+02,8.724883237767288620e+02,8.729351335168753394e+02,8.733822490064741260e+02,8.738296803275438833e+02,8.742774397170650218e+02,8.747255415858421657e+02,8.751740025213116496e+02,8.756228412773934906e+02,8.760720787544757968e+02,8.765217379723674185e+02,8.769718440391073955e+02,8.774224241183931099e+02,8.778735073985599229e+02,8.783251250660310916e+02,8.787773102863860686e+02,8.792300981961953994e+02,8.796835259089280044e+02,8.801376325381121433e+02,8.805924592408873650e+02,8.810480492847037794e+02,8.815044481395642606e+02,8.819617035974775945e+02,8.824198659200310431e+02,8.828789880138567696e+02,8.833391256325702443e+02,8.838003376021913482e+02,8.842626860654125949e+02,8.847262367380966452e+02,8.851910591693155084e+02,8.856572269938889121e+02,8.861248181639724635e+02,8.865939151436157317e+02,8.870646050475966149e+02,8.875369797030969039e+02,8.880111356101625688e+02,8.884871737742720370e+02,8.889651993819837799e+02,8.894453212884596951e+02,8.899276512839643374e+02,8.904123031051694852e+02,8.908993911565947883e+02,8.913890289078165097e+02,8.918813269335657878e+02,8.923763905666619394e+02,8.928743171383160870e+02,8.933751927869682277e+02,8.938790888259514986e+02,8.943860576722266842e+02,8.948961283536415294e+02,8.954093016308548840e+02,8.959255447924472264e+02,8.964447862076713136e+02,8.969669097504878437e+02,8.974917492401176560e+02,8.980190830761328016e+02,8.985486292782217106e+02,8.990800411698331800e+02,8.996129039679340167e+02,9.001467325547620248e+02,9.006809707080823273e+02,9.012149920506475382e+02,9.017481029443698617e+02,9.022795474983483928e+02,9.028085147820745533e+02,9.033341482377072680e+02,9.038555571724151605e+02,9.043718300900291069e+02,9.048820494993655075e+02,9.053853077248270438e+02,9.058807231539971099e+02,9.063674562969865747e+02,9.068447250111805715e+02,9.073118182674418222e+02,9.077681079001506532e+02,9.082130578895400959e+02,9.086462308621181592e+02,9.090672916516516580e+02,9.094760079253489948e+02,9.098722480334657803e+02,9.102559763729617544e+02,9.106272466575721865e+02,9.109861935517031952e+02,9.113330231527063461e+02,9.116680027957040693e+02,9.119914499644734178e+02,9.123037236007759248e+02,9.126052133906384825e+02,9.128963306300826162e+02,9.131775000010715075e+02,9.134491523079215085e+02,9.137117182060793539e+02,9.139656229163914531e+02,9.142112818838398880e+02,9.144490973152461493e+02,9.146794555154964428e+02,9.149027249346841018e+02,9.151192548372555393e+02,9.153293745070131990e+02,9.155333929071797456e+02,9.157315987215156383e+02,9.159242607098119606e+02,9.161116283183912401e+02,9.162939324931116971e+02,9.164713866486335974e+02,9.166441877532552098e+02,9.168125174935115638e+02,9.169765434870050740e+02,9.171364205157412925e+02,9.172922917556618359e+02,9.174442899812349879e+02,9.175925387269652447e+02,9.177371533905782144e+02,9.178782422654732045e+02,9.180159074928219525e+02,9.181502459264102072e+02,9.182813499059463993e+02,9.184093079370472879e+02,9.185342052784121734e+02,9.186561244387559100e+02,9.187751455878674278e+02,9.188913468876265824e+02,9.190048047499727772e+02,9.191155940296298468e+02,9.192237881598939566e+02,9.193294592399804515e+02,9.194326780823593026e+02,9.195335142281858225e+02,9.196320359384570793e+02,9.197283101678597177e+02,9.198224025275439999e+02,9.199143772422451093e+02,9.200042971063321602e+02,9.200922234425418083e+02,9.201782160663491368e+02,9.202623332581723616e+02,9.203446317449320304e+02,9.204251666918684123e+02,9.205039917049900851e+02,9.205811588440910782e+02,9.206567186459000141e+02,9.207307201566571848e+02,9.208032109731959736e+02,9.208742372914919088e+02,9.209438439615589687e+02,9.210120745475921922e+02,9.210789713922843021e+02,9.211445756843913841e+02,9.212089275287124792e+02,9.212720660179029437e+02,9.213340293055830443e+02,9.213948546805175965e+02,9.214545786413478936e+02,9.215132369717115353e+02,9.215708648144252493e+02,9.216274967441241870e+02,9.216831668350353084e+02,9.217379087233598511e+02,9.217917556586811543e+02,9.218447405488985851e+02,9.218968959937380987e+02,9.219482543310731444e+02,9.219988476968522946e+02,9.220487081706994559e+02,9.220978680055953873e+02,9.221463601001532879e+02,9.221942186414169100e+02,9.222414802142849339e+02,9.222881850172367422e+02,9.223343787548969885e+02,9.223801140488037618e+02,9.224254527543546374e+02,9.224704661485128554e+02,9.225152371114253356e+02,9.225598569272676741e+02,9.226044293565379348e+02,9.226490631559904614e+02,9.226938894956903141e+02,9.227390484279166003e+02,9.227847424278860444e+02,9.228311666376463336e+02,9.228785825328541250e+02,9.229268599572330913e+02,9.229756042126338116e+02,9.230243308127606952e+02
8.388723721530631110e+02,8.388723722122192612e+02,8.388741433462284931e+02,8.388776869748377294e+02,8.388830059380337616e+02,8.388901044969819623e+02,8.388989883352005563e+02,8.389096645596779354e+02,8.389221417015291991e+02,8.389364297156598695e+02,8.389525399787572724e+02,8.389704852847529537e+02,8.389902798366804291e+02,8.390119392335860766e+02,8.390354804508025381e+02,8.390609218114577743e+02,8.390882829465167561e+02,8.391175847399006216e+02,8.391488492542296171e+02,8.391820996314012291e+02,8.392173599604046785e+02,8.392546551023051506e+02,8.392940104589220027e+02,8.393354516669551231e+02,8.393790041925828973e+02,8.394246927919252812e+02,8.394725407888595328e+02,8.395225691014383074e+02,8.395747949186031747e+02,8.396292298860397523e+02,8.396858775996556687e+02,8.397447301268038018e+02,8.398057631967297993e+02,8.398689297059034971e+02,8.399341515650442034e+02,8.400013116160483833e+02,8.400702532588752547e+02,8.401408142012550115e+02,8.402129779448858926e+02,8.402911974247209628e+02,8.403776292597884776e+02,8.404741791747362640e+02,8.405830063157848144e+02,8.407067062722700257e+02,8.408485160226556445e+02,8.410125629516093113e+02,8.412042006455458250e+02,8.414304452957436524e+02,8.417004926832945557e+02,8.420261577852785422e+02,8.424217374347683744e+02,8.429021476773309587e+02,8.434771120532273017e+02,8.440390543462444839e+02,8.445701232372819049e+02,8.450716252585890516e+02,8.455494840272523334e+02,8.460089446100516852e+02,8.464540034950931613e+02,8.468877122968998492e+02,8.473123853939418950e+02,8.477298771287084946e+02,8.481417422516250326e+02,8.485492935095425082e+02,8.489536439659054849e+02,8.493557185131789993e+02,8.497562917765710608e+02,8.501560055702641421e+02,8.505553979074622930e+02,8.509549167462998867e+02,8.513549365750156994e+02,8.517557671197206446e+02,8.521576622779659829e+02,8.525608257613773731e+02,8.529654164863786718e+02,8.533715528381513877e+02,8.537793165448122181e+02,8.541887561944657818e+02,8.545998904663335907e+02,8.550127114302090376e+02,8.554271878098850266e+02,8.558432684744980179e+02,8.562608859560330075e+02,8.566799600818588942e+02,8.571004015174399910e+02,8.575221152097087725e+02,8.579450035749542849e+02,8.583689693869309849e+02,8.587939182661264113e+02,8.592197607348711017e+02,8.596464137996696309e+02,8.600738020615536925e+02,8.605018583709331779e+02,8.609305240661112748e+02,8.613597488494150411e+02,8.617894903644083797e+02,8.622197135443732350e+02,8.626503898019128656e+02,8.630814961277380917e+02,8.635130141596063140e+02,8.639449292744797049e+02,8.643772297463494851e+02,8.648099060015937312e+02,8.652429499927180814e+02,8.656763547012344588e+02,8.661101137714082370e+02,8.665442212691061741e+02,8.669786715542469437e+02,8.674134592513031521e+02,8.678485793000565991e+02,8.682840270679554351e+02,8.687197985059713119e+02,8.691558903312613893e+02,8.695923002221485376e+02,8.700290270134220236e+02,8.704660708826880864e+02,8.709034335210523068e+02,8.713411182838311788e+02,8.717791303189703740e+02,8.722174766725407835e+02,8.726561663718883892e+02,8.730952104879435183e+02,8.735346221787301602e+02,8.739744167164832334e+02,8.744146115008931019e+02,8.748552260610721305e+02,8.752962820487808813e+02,8.757378032254505342e+02,8.761798154454835412e+02,8.766223466383480627e+02,8.770654267919832137e+02,8.775090879401111579e+02,8.779533641560670958e+02,8.783982915558149216e+02,8.788439083127564118e+02,8.792902546868716627e+02,8.797373730704908894e+02,8.801853080526989288e+02,8.806341065038711804e+02,8.810838176812293341e+02,8.815344933554778208e+02,8.819861879576127421e+02,8.824389587438071203e+02,8.828928659749366261e+02,8.833479731057540221e+02,8.838043469770351521e+02,8.842620580021326759e+02,8.847211803373888870e+02,8.851817920237311910e+02,8.856439750845943308e+02,8.861078155630708579e+02,8.865734034789842326e+02,8.870408326844161593e+02,8.875102005942133019e+02,8.879816077661865847e+02,8.884551573042273276e+02,8.889309540564744339e+02,8.894091035801275211e+02,8.898897108446432185e+02,8.903728786460663969e+02,8.908587057073161759e+02,8.913472844426256643e+02,8.918386983692481635e+02,8.923330191562947675e+02,8.928303033094115335e+02,8.933305885012215413e+02,8.938338895712505519e+02,8.943401942355611709e+02,8.948494585655383844e+02,8.953616023169901155e+02,8.958765042144973449e+02,8.963939973210000289e+02,8.969138646477617840e+02,8.974358351835898020e+02,8.979595805425071831e+02,8.984847124436905688e+02,8.990107812438347992e+02,8.995372757375994297e+02,9.000636244240459973e+02,9.005891984041379601e+02,9.011133160254937593e+02,9.016352493259595349e+02,9.021542322490163315e+02,9.026694705151134031e+02,9.031801529389355210e+02,9.036854638900376813e+02,9.041845965108062728e+02,9.046767662391308704e+02,9.051612241406218118e+02,9.056372695421847538e+02,9.061042614783393674e+02,9.065616285138648891e+02,9.070088765879575021e+02,9.074455946298310209e+02,9.078714578149501904e+02,9.082862284548465368e+02,9.086897546315886984e+02,9.090819667913574449e+02,9.094628725933596343e+02,9.098325503665296310e+02,9.101911415571919406e+02,9.105388425604289750e+02,9.108758938857135945e+02,9.112025761476344314e+02,9.115191994781303038e+02,9.118260958342349340e+02,9.121236119436564422e+02,9.124121029823891149e+02,9.126919270360785958e+02,9.129634403583951325e+02,9.132269934086360763e+02,9.134829276278495627e+02,9.137315728973790101e+02,9.139732456147326047e+02,9.142082473177372322e+02,9.144368637877574884e+02,9.146593645651998941e+02,9.148760028146223249e+02,9.150870154817832827e+02,9.152926236903492736e+02,9.154930333313250230e+02,9.156884358033751141e+02,9.158790088669052238e+02,9.160649175790514391e+02,9.162463152805835307e+02,9.164233446092230224e+02,9.165961385170691074e+02,9.167648212727888222e+02,9.169295094320181079e+02,9.170903127620963460e+02,9.172473351098252579e+02,9.174006752034456440e+02,9.175504273824244592e+02,9.176966822509464237e+02,9.178395272531582805e+02,9.179790471702081049e+02,9.181153245408963812e+02,9.182484400093113663e+02,9.183784726041021713e+02,9.185054999550674211e+02,9.186295984534743866e+02,9.187508433630024456e+02,9.188693088884258486e+02,9.189850682091444014e+02,9.190981934844686521e+02,9.192087558371973728e+02,9.193168253215235382e+02,9.194224708807118986e+02,9.195257602993360706e+02,9.196267601541679824e+02,9.197255357671224374e+02,9.198221511629806173e+02,9.199166690339664001e+02,9.200091507126630859e+02,9.200996561542133350e+02,9.201882439282790074e+02,9.202749712208315032e+02,9.203598938455107827e+02,9.204430662640280616e+02,9.205245416148829918e+02,9.206043717495383589e+02,9.206826072751098309e+02,9.207592976026109000e+02,9.208344909998141929e+02,9.209082346478659247e+02,9.209805747008756498e+02,9.210515563478454624e+02,9.211212238763770301e+02,9.211896207377470773e+02,9.212567896128634857e+02,9.213227724787234365e+02,9.213876106745893821e+02,9.214513449673285095e+02,9.215140156145710080e+02,9.215756624256080158e+02,9.216363248190565400e+02,9.216960418810882629e+02,9.217548524271969654e+02,9.218127950833860496e+02,9.218699083989890823e+02,9.219262310312019508e+02,9.219818020205534594e+02,9.220366612303772627e+02,9.220908499435601016e+02,9.221444117211366347e+02,9.221973933925017946e+02,9.222498463293521809e+02,9.223018275570793776e+02,9.223534010765620224e+02,9.224046383078549525e+02,9.224556189623297087e+02,9.225064299312174398e+02,9.225571664783943788e+02,9.226079296793918729e+02,9.226588320547781450e+02,9.227099922058453103e+02,9.227615484025328669e+02,9.228136243078741927e+02,9.228663304779307737e+02,9.229195870860938840e+02,9.229731705647409399e+02,9.230268092962847959e+02
8.388551579212933120e+02,8.388551579888385277e+02,8.388569599102753500e+02,8.388605653066899777e+02,8.388659774231199435e+02,8.388732011344948205e+02,8.388822429544449051e+02,8.388931110468556653e+02,8.389058152399986739e+02,8.389203670430282500e+02,8.389367796645809676e+02,8.389550680331573176e+02,8.389752488189038786e+02,8.389973404563306758e+02,8.390213631674010912e+02,8.390473389843097038e+02,8.390752917711058672e+02,8.391052472431182423e+02,8.391372329828873262e+02,8.391712784509873018e+02,8.392074149897287043e+02,8.392456758172546643e+02,8.392860960090080198e+02,8.393287124629969185e+02,8.393735638448954433e+02,8.394206905091388080e+02,8.394701343936548028e+02,8.395219388905326241e+02,8.395761487067237567e+02,8.396328097563676920e+02,8.396919691881885228e+02,8.397536757883923428e+02,8.398179813014417050e+02,8.398849438766478670e+02,8.399546363179109676e+02,8.400271650597716189e+02,8.401027129444756838e+02,8.401816345073741559e+02,8.402646660965434648e+02,8.403544015583328246e+02,8.404528364710946562e+02,8.405619472113004349e+02,8.406839293900919756e+02,8.408213408781311955e+02,8.409772486478540259e+02,8.411553854716477190e+02,8.413603184385506211e+02,8.415975995248752497e+02,8.418738151977629514e+02,8.421963323997022144e+02,8.425723099045810613e+02,8.430061795559735174e+02,8.434943037593440067e+02,8.439885588135285843e+02,8.444726527238570952e+02,8.449419468292860529e+02,8.453967039495072413e+02,8.458386105449048955e+02,8.462696013618158304e+02,8.466915025587775290e+02,8.471059102253984747e+02,8.475142149312583797e+02,8.479176368868949112e+02,8.483172416719975217e+02,8.487139551064158240e+02,8.491085701024915124e+02,8.495017643751432388e+02,8.498941126048487149e+02,8.502861027624464896e+02,8.506781469550319343e+02,8.510705924374613005e+02,8.514637291614787955e+02,8.518577966217756057e+02,8.522529889863152448e+02,8.526494596675858020e+02,8.530473251788595235e+02,8.534466686171747369e+02,8.538475428659459112e+02,8.542499736062968623e+02,8.546539623111963238e+02,8.550594892259009612e+02,8.554665164412255081e+02,8.558749909897182988e+02,8.562848479742661993e+02,8.566960136288207650e+02,8.571084082695349480e+02,8.575219490444083021e+02,8.579365524291168867e+02,8.583521364041985180e+02,8.587686222779035461e+02,8.591859361276209484e+02,8.596040098561009017e+02,8.600227818739816712e+02,8.604421974365629922e+02,8.608622086750550579e+02,8.612827743710220147e+02,8.617038595283156610e+02,8.621254347979452177e+02,8.625474758102321857e+02,8.629699624641174296e+02,8.633928782175705692e+02,8.638162094153069575e+02,8.642399446818413935e+02,8.646640743993791602e+02,8.650885902820211868e+02,8.655134850504360884e+02,8.659387522049663630e+02,8.663643858901843942e+02,8.667903808403250423e+02,8.672167323927293410e+02,8.676434365553618591e+02,8.680704901144102905e+02,8.684978907687750507e+02,8.689256372796280630e+02,8.693537296250144664e+02,8.697821691514111535e+02,8.702109587161437503e+02,8.706401028164071931e+02,8.710696077022909094e+02,8.714994814725822607e+02,8.719297341532363816e+02,8.723603777592190909e+02,8.727914263410312969e+02,8.732228960175984867e+02,8.736548049974546757e+02,8.740871735902657065e+02,8.745200242108070370e+02,8.749533813775251474e+02,8.753872717078352252e+02,8.758217239123108584e+02,8.762567687899477278e+02,8.766924392266860195e+02,8.771287701993848032e+02,8.775657987873984212e+02,8.780035641938285380e+02,8.784421077783611054e+02,8.788814731033618273e+02,8.793217059945330902e+02,8.797628546169723904e+02,8.802049695668371214e+02,8.806481039780748006e+02,8.810923136427454665e+02,8.815376571424081931e+02,8.819841959868078902e+02,8.824319947547407992e+02,8.828811212304616447e+02,8.833316465273760514e+02,8.837836451890283342e+02,8.842371952555956796e+02,8.846923782822523208e+02,8.851492792939235414e+02,8.856079866591431937e+02,8.860685918640293721e+02,8.865311891658490140e+02,8.869958751043493521e+02,8.874627478480482523e+02,8.879319063521342059e+02,8.884034493046043508e+02,8.888774738379355540e+02,8.893540739850518548e+02,8.898333388608284622e+02,8.903153505540010428e+02,8.908001817193668330e+02,8.912878928667335003e+02,8.917785293514164096e+02,8.922721180813397268e+02,8.927686639680938470e+02,8.932681461636412905e+02,8.937705141406638631e+02,8.942756836925211701e+02,8.947835329479676147e+02,8.952938985154301008e+02,8.958065718907498649e+02,8.963212962795561225e+02,8.968377639992871764e+02,8.973556146345073330e+02,8.978744341207084290e+02,8.983937549243576086e+02,8.989130574689586410e+02,8.994317729271906501e+02,8.999492874573837753e+02,9.004649479092400952e+02,9.009780689605363477e+02,9.014879415764862642e+02,9.019938426106140241e+02,9.024950452954720959e+02,9.029908303089663377e+02,9.034804970530941546e+02,9.039633747516453468e+02,9.044388329656728729e+02,9.049062911423519608e+02,9.053652268540284922e+02,9.058151824473294482e+02,9.062557699025326201e+02,9.066866737946610328e+02,9.071076523426951326e+02,9.075185366244794523e+02,9.079192281156470017e+02,9.083096947759717068e+02,9.086899659527216500e+02,9.090601263968442254e+02,9.094203096951858925e+02,9.097706884900463820e+02,9.101114730098239534e+02,9.104429014102926203e+02,9.107652333025487223e+02,9.110787437505149455e+02,9.113837178297632136e+02,9.116804458031695049e+02,9.119692189369212656e+02,9.122503259539493001e+02,9.125240501013904577e+02,9.127906667940037551e+02,9.130504417858777515e+02,9.133036298174412195e+02,9.135504736827842862e+02,9.137912036627608359e+02,9.140260372715172252e+02,9.142551792673478985e+02,9.144788218826308821e+02,9.146971452316853401e+02,9.149103178594707515e+02,9.151184973979593451e+02,9.153218313006848348e+02,9.155204576293629088e+02,9.157145058696131628e+02,9.159040977557083352e+02,9.160893480869790437e+02,9.162703655210394800e+02,9.164472533314190059e+02,9.166201101194867533e+02,9.167890304727669673e+02,9.169541055638510443e+02,9.171154236861058280e+02,9.172730707242409380e+02,9.174271305595084414e+02,9.175776854108304406e+02,9.177248161144882488e+02,9.178686023461121977e+02,9.180091227896041346e+02,9.181464552582835950e+02,9.182806767739847373e+02,9.184118636100615731e+02,9.185400913042930142e+02,9.186654346475480679e+02,9.187879676537962723e+02,9.189077635166596565e+02,9.190248945572254797e+02,9.191394321673063814e+02,9.192514467517614776e+02,9.193610076729141838e+02,9.194681831995253560e+02,9.195730404622306651e+02,9.196756454168350956e+02,9.197760628163895262e+02,9.198743561925529093e+02,9.199705878463857971e+02,9.200648188484110506e+02,9.201571090475379151e+02,9.202475170882455586e+02,9.203361004352974533e+02,9.204229154051589603e+02,9.205080172032645578e+02,9.205914599662726232e+02,9.206732968084945696e+02,9.207535798717418629e+02,9.208323603779299447e+02,9.209096886838492537e+02,9.209856143376160844e+02,9.210601861363304579e+02,9.211334521845533345e+02,9.212054599531427357e+02,9.212762563381789960e+02,9.213458877196874255e+02,9.214144000207268164e+02,9.214818387678882345e+02,9.215482491570328420e+02,9.216136761295529141e+02,9.216781644709111561e+02,9.217417589444836494e+02,9.218045044851986631e+02,9.218664464718225418e+02,9.219276311136637787e+02,9.219881059569346462e+02,9.220479205442575221e+02,9.221071271702018066e+02,9.221657817524289840e+02,9.222239446236329741e+02,9.222816813079530220e+02,9.223390628628625336e+02,9.223961661741043372e+02,9.224530733947998442e+02,9.225098719537191982e+02,9.225666531145627687e+02,9.226235128318545549e+02,9.226805479928528939e+02,9.227378567040555026e+02,9.227955190306513487e+02,9.228535850935934377e+02,9.229120049024761556e+02,9.229706468452933450e+02,9.230293473478773194e+02
8.388361439469455263e+02,8.388361440227562298e+02,8.388379751103474291e+02,8.388416390291773723e+02,8.388471394234398986e+02,8.388544817730887644e+02,8.388636734104062498e+02,8.388747235421626556e+02,8.388876432774371779e+02,8.389024456612139602e+02,8.389191457139121439e+02,8.389377604770808148e+02,8.389583090655781916e+02,8.389808127266707061e+02,8.390052949066432575e+02,8.390317813257101989e+02,8.390603000622899117e+02,8.390908816480654195e+02,8.391235591757550765e+02,8.391583684222243846e+02,8.391953479905780569e+02,8.392345394763613058e+02,8.392759876652336288e+02,8.393197407729121551e+02,8.393658507435761749e+02,8.394143736315824071e+02,8.394653701055448209e+02,8.395189061375951951e+02,8.395750539811815543e+02,8.396338936111500288e+02,8.396955149239314551e+02,8.397600212171345220e+02,8.398275348664983539e+02,8.398982068378215899e+02,8.399722329642161185e+02,8.400498822021968408e+02,8.401315459663231877e+02,8.402178237721047935e+02,8.403096685179490350e+02,8.404088929689619363e+02,8.405172683749342468e+02,8.406366686907192616e+02,8.407691738459388944e+02,8.409171545265388659e+02,8.410833556509580831e+02,8.412709700215910971e+02,8.414836858424321235e+02,8.417256677821784479e+02,8.420013921884853971e+02,8.423151898188006044e+02,8.426702524002002974e+02,8.430667624783576457e+02,8.434988052365579279e+02,8.439429772985432692e+02,8.443871697745461233e+02,8.448256689378308693e+02,8.452564292946047999e+02,8.456791624744743103e+02,8.460943732070570604e+02,8.465028914856784468e+02,8.469056375522411599e+02,8.473035277664619116e+02,8.476974339376904481e+02,8.480881609407801989e+02,8.484764368246709410e+02,8.488629076775381463e+02,8.492481408987656550e+02,8.496326296057561649e+02,8.500168000828404047e+02,8.504010181451219523e+02,8.507855957275965011e+02,8.511707962067949893e+02,8.515568392514987863e+02,8.519439048532792640e+02,8.523321369500713445e+02,8.527216466382899398e+02,8.531125151313552806e+02,8.535047965380696269e+02,8.538985205273589827e+02,8.542936949686906019e+02,8.546903085702936096e+02,8.550883335591953482e+02,8.554877283748421632e+02,8.558884403629655253e+02,8.562904084113450836e+02,8.566935654838335950e+02,8.570978409909982929e+02,8.575031629505314186e+02,8.579094598905667226e+02,8.583166624647288927e+02,8.587247047579041919e+02,8.591335252773259299e+02,8.595430676364156852e+02,8.599532809513494840e+02,8.603641199803204245e+02,8.607755450427895312e+02,8.611875217607982904e+02,8.616000206661979064e+02,8.620130167172127358e+02,8.624264887649623006e+02,8.628404190062535690e+02,8.632547924533126888e+02,8.636695964448520044e+02,8.640848202162964071e+02,8.645004545406237639e+02,8.649164914453893971e+02,8.653329240063911811e+02,8.657497462142514451e+02,8.661669529070076123e+02,8.665845397596497151e+02,8.670025033203223757e+02,8.674208410825395958e+02,8.678395515830706017e+02,8.682586345160002566e+02,8.686780908546642195e+02,8.690979229745688599e+02,8.695181347718777261e+02,8.699387317734834824e+02,8.703597212359976538e+02,8.707811122321371613e+02,8.712029157239308006e+02,8.716251446229243811e+02,8.720478138381200779e+02,8.724709403127966425e+02,8.728945430516262149e+02,8.733186431396831040e+02,8.737432637550464278e+02,8.741684301767644456e+02,8.745941697899792189e+02,8.750205120900393467e+02,8.754474886874254480e+02,8.758751333153079486e+02,8.763034818415214886e+02,8.767325722866642081e+02,8.771624448499100026e+02,8.775931419439317551e+02,8.780247082400584304e+02,8.784571907244292106e+02,8.788906387654266155e+02,8.793251041920847229e+02,8.797606413824528317e+02,8.801973073600513544e+02,8.806351618955895901e+02,8.810742676100167046e+02,8.815146900737689748e+02,8.819564978957550920e+02,8.823997627942104600e+02,8.828445596400744080e+02,8.832909664620174226e+02,8.837390644007106175e+02,8.841889375984148955e+02,8.846406730085311665e+02,8.850943601084276224e+02,8.855500904977302525e+02,8.860079573633712471e+02,8.864680547921394691e+02,8.869304769113398379e+02,8.873953168385545496e+02,8.878626654225192851e+02,8.883326097589063011e+02,8.888052314674823720e+02,8.892806047208248401e+02,8.897587940196802947e+02,8.902398517162780536e+02,8.907238152945914180e+02,8.912107044257490998e+02,8.917005178275911703e+02,8.921932299696612745e+02,8.926887876786018978e+02,8.931871067136488591e+02,8.936880683972514134e+02,8.941915164011163597e+02,8.946972538023089783e+02,8.952050405363900154e+02,8.957145913836631053e+02,8.962255746290961724e+02,8.967376115349586598e+02,8.972502767563739781e+02,8.977630998127571047e+02,8.982755677018309370e+02,8.987871287075371356e+02,8.992971974093418339e+02,8.998051608497248708e+02,9.003103857614454455e+02,9.008122266997237375e+02,9.013100348706279874e+02,9.018031673999158784e+02,9.022909967504675706e+02,9.027729199749095415e+02,9.032483674857245433e+02,9.037168110394112546e+02,9.041777706638289374e+02,9.046308203068191460e+02,9.050755920460801462e+02,9.055117787704348302e+02,9.059391353157433286e+02,9.063574781093049069e+02,9.067666834397033426e+02,9.071666845206542575e+02,9.075574675548047026e+02,9.079390670252801101e+02,9.083115604487743440e+02,9.086750597757286414e+02,9.090297115557810912e+02,9.093756883677708629e+02,9.097131834290553343e+02,9.100424055496138180e+02,9.103635745137980848e+02,9.106769169439243115e+02,9.109826626739487665e+02,9.112810416393365358e+02,9.115722812714504926e+02,9.118566043713834688e+02,9.121342274288078897e+02,9.124053593455586224e+02,9.126702005206759623e+02,9.129289422528655678e+02,9.131817664171956039e+02,9.134288453748404208e+02,9.136703420773704920e+02,9.139064103301677733e+02,9.141371951827678686e+02,9.143628334171422694e+02,9.145834541080286044e+02,9.147991792323489335e+02,9.150101243075041566e+02,9.152163990408985228e+02,9.154181079754538359e+02,9.156153511181336171e+02,9.158082245406341144e+02,9.159968209434290429e+02,9.161812301762768129e+02,9.163615397101236795e+02,9.165378350570441626e+02,9.167102001364496573e+02,9.168787175872474791e+02,9.170434690269225939e+02,9.172045352596493331e+02,9.173619964364792168e+02,9.175159321714177167e+02,9.176664216177708795e+02,9.178135435095349521e+02,9.179573761728155432e+02,9.180979975123168515e+02,9.182354849778591870e+02,9.183699155156701863e+02,9.185013655088913538e+02,9.186299107113594573e+02,9.187556261782805223e+02,9.188785861969458892e+02,9.189988642201520861e+02,9.191165328044984335e+02,9.192316635552690514e+02,9.193443270791574378e+02,9.194545929456853628e+02,9.195625296577967447e+02,9.196682046317853292e+02,9.197716841864390744e+02,9.198730335410550651e+02,9.199723168218014280e+02,9.200695970757662963e+02,9.201649362919448549e+02,9.202583954283663843e+02,9.203500344445474184e+02,9.204399123384790755e+02,9.205280871873957267e+02,9.206146161916401525e+02,9.206995557210069592e+02,9.207829613630315180e+02,9.208648879727601297e+02,9.209453897236389821e+02,9.210245201592501871e+02,9.211023322458571556e+02,9.211788784259953218e+02,9.212542106740721692e+02,9.213283805557637152e+02,9.214014392948553223e+02,9.214734378528678462e+02,9.215444270303523808e+02,9.216144576005408453e+02,9.216835804908064347e+02,9.217518470255403145e+02,9.218193092480033783e+02,9.218860203246624678e+02,9.219520350381002345e+02,9.220174103352575230e+02,9.220822059119581127e+02,9.221464847331151304e+02,9.222103134658294721e+02,9.222737626420704373e+02,9.223369066398971654e+02,9.223998231868376934e+02,9.224625928250277411e+02,9.225252976063604820e+02,9.225880200831770708e+02,9.226508399687531892e+02,9.227138307766166463e+02,9.227770481961167661e+02,9.228405194259860309e+02,9.229042148081356345e+02,9.229680561374540275e+02,9.230319425105763003e+02
8.388153009561254976e+02,8.388153010399721552e+02,8.388171594729037679e+02,8.388208782672409143e+02,8.388264614553008869e+02,8.388339151054775584e+02,8.388432473465205703e+02,8.388544684002207532e+02,8.388675906228050962e+02,8.388826285554608830e+02,8.388995989845573149e+02,8.389185210123185925e+02,8.389394161389461715e+02,8.389623083574841758e+02,8.389872242631223571e+02,8.390141931791291654e+02,8.390432473022798376e+02,8.390744218715141187e+02,8.391077553647481864e+02,8.391432897303658365e+02,8.391810706621464533e+02,8.392211479295175423e+02,8.392635757794946585e+02,8.393084134331847963e+02,8.393557257093384578e+02,8.394055838218789631e+02,8.394580664203459719e+02,8.395132609762383709e+02,8.395712656715546700e+02,8.396321920301526234e+02,8.396961686667771119e+02,8.397633467425206391e+02,8.398339080543568116e+02,8.399080772138454449e+02,8.399861401615974046e+02,8.400684723672347900e+02,8.401555813658460465e+02,8.402481691296932240e+02,8.403472180130689821e+02,8.404541667881204603e+02,8.405705750136340839e+02,8.406981460927395347e+02,8.408387656379920827e+02,8.409945402914544275e+02,8.411678310557683744e+02,8.413612674608887119e+02,8.415777224941958821e+02,8.418202136051232856e+02,8.420916741372546994e+02,8.423945125338944990e+02,8.427298550569826148e+02,8.430963872773761523e+02,8.434888487314156009e+02,8.438947482116991523e+02,8.443055621844760026e+02,8.447161202067987915e+02,8.451236854849883002e+02,8.455270220822130796e+02,8.459257685633023129e+02,8.463200511408380180e+02,8.467102498174741640e+02,8.470968685081539888e+02,8.474804607294605603e+02,8.478615845547625440e+02,8.482407759940510914e+02,8.486185330798435871e+02,8.489953087973926813e+02,8.493715083668479338e+02,8.497474900592183076e+02,8.501235671632155118e+02,8.505000108694509890e+02,8.508770531637228487e+02,8.512548897545625550e+02,8.516336827952877684e+02,8.520135634797258035e+02,8.523946344897453855e+02,8.527769723441365386e+02,8.531606296800126756e+02,8.535456374989248616e+02,8.539320074173682542e+02,8.543197339347660773e+02,8.547087967327069009e+02,8.550991629873908551e+02,8.554907896751055887e+02,8.558836258301629414e+02,8.562776147164842087e+02,8.566726958672314822e+02,8.570688069531411202e+02,8.574658854434092063e+02,8.578638700328211826e+02,8.582627018178255867e+02,8.586623252155335422e+02,8.590626886299838816e+02,8.594637448797924435e+02,8.598654514094339447e+02,8.602677703125890503e+02,8.606706682001613444e+02,8.610741159475352333e+02,8.614780883557464222e+02,8.618825637595384705e+02,8.622875236122359865e+02,8.626929520732479659e+02,8.630988356192600577e+02,8.635051626951145636e+02,8.639119234153511115e+02,8.643191093226677140e+02,8.647267132053722207e+02,8.651347289723759104e+02,8.655431515815203056e+02,8.659519770150444629e+02,8.663612022947563673e+02,8.667708255289076078e+02,8.671808459827691422e+02,8.675912641653582114e+02,8.680020819255455535e+02,8.684133025517552369e+02,8.688249308705542262e+02,8.692369733405226953e+02,8.696494381388343982e+02,8.700623352389053480e+02,8.704756764782705432e+02,8.708894756165028639e+02,8.713037483835087187e+02,8.717185125189222390e+02,8.721337878036111988e+02,8.725495960845001946e+02,8.729659612940558873e+02,8.733829094658609620e+02,8.738004687477543939e+02,8.742186694140415284e+02,8.746375438782728224e+02,8.750571267080657663e+02,8.754774546433875457e+02,8.758985666196165312e+02,8.763205037965539077e+02,8.767433095943465560e+02,8.771670297370017124e+02,8.775917123038053660e+02,8.780174077885005772e+02,8.784441691655213162e+02,8.788720519619190554e+02,8.793011143328475328e+02,8.797314171375999194e+02,8.801630240122184432e+02,8.805960014336294535e+02,8.810304187691095876e+02,8.814663483036737262e+02,8.819038652367207760e+02,8.823430476379911624e+02,8.827839763516257108e+02,8.832267348358922163e+02,8.836714089250161805e+02,8.841180864985534527e+02,8.845668570429403417e+02,8.850178110893082248e+02,8.854710395114235553e+02,8.859266326677959569e+02,8.863846793726673923e+02,8.868452656818525384e+02,8.873084734813481873e+02,8.877743788693707074e+02,8.882430503261333570e+02,8.887145466703324246e+02,8.891889148070775946e+02,8.896661872789433119e+02,8.901463796399651756e+02,8.906294876817465820e+02,8.911154845512803604e+02,8.916043178114375678e+02,8.920959065070470615e+02,8.925901383116307670e+02,8.930868668416133005e+02,8.935859092354497761e+02,8.940870441037544651e+02,8.945900099621868549e+02,8.950945042605304707e+02,8.956001831180539057e+02,8.961066618659747292e+02,8.966135164819497732e+02,8.971202859786682211e+02,8.976264757789384703e+02,8.981315620738429288e+02,8.986349971199092579e+02,8.991362153877685159e+02,8.996346404309773561e+02,9.001296923024908665e+02,9.006207953108340689e+02,9.011073858813351762e+02,9.015889202724737288e+02,9.020648818953081900e+02,9.025347879959699640e+02,9.029981954870290792e+02,9.034547057516756468e+02,9.039039682925130137e+02,9.043456831508987079e+02,9.047796020792338823e+02,9.052055285033690097e+02,9.056233163616250295e+02,9.060328679477811420e+02,9.064341309155570343e+02,9.068270946204321490e+02,9.072117859806646720e+02,9.075882619867737731e+02,9.079566110592334098e+02,9.083169455316245831e+02,9.086693972292335957e+02,9.090141132962758093e+02,9.093512523450457365e+02,9.096809809774232463e+02,9.100034707080951648e+02,9.103188953004799941e+02,9.106274285111722975e+02,9.109292422269020335e+02,9.112245049693667625e+02,9.115133807375163997e+02,9.117960281534992646e+02,9.120725998770457181e+02,9.123432422531250268e+02,9.126080951588379548e+02,9.128672920173708007e+02,9.131209599491411382e+02,9.133692200328024455e+02,9.136121876513894904e+02,9.138499729014681634e+02,9.140826810456452449e+02,9.143104129911546352e+02,9.145332657794673423e+02,9.147513330739549247e+02,9.149647056346093450e+02,9.151734717706603988e+02,9.153777177636829947e+02,9.155775282554204750e+02,9.157729865960990310e+02,9.159641751504378817e+02,9.161511755598972968e+02,9.163340689609029823e+02,9.165129361598700370e+02,9.166878577667783929e+02,9.168589142898417776e+02,9.170261861944455859e+02,9.171897539300093740e+02,9.173496979287604063e+02,9.175060985805947666e+02,9.176590361882565503e+02,9.178085909070080106e+02,9.179548426727981223e+02,9.180978711226955511e+02,9.182377555110334697e+02,9.183745746243585018e+02,9.185084066978802184e+02,9.186393293357098173e+02,9.187674194367660903e+02,9.188927531278243350e+02,9.190154057048006280e+02,9.191354515830093987e+02,9.192529642568068766e+02,9.193680162687472830e+02,9.194806791881308072e+02,9.195910235986134467e+02,9.196991190943828087e+02,9.198050342842715281e+02,9.199088368030943457e+02,9.200105933294316856e+02,9.201103696090623316e+02,9.202082304832500768e+02,9.203042399211160500e+02,9.203984610553764014e+02,9.204909562207911904e+02,9.205817869947446752e+02,9.206710142394745162e+02,9.207586981455899604e+02,9.208448982766802828e+02,9.209296736150770357e+02,9.210130826092006373e+02,9.210951832235512029e+02,9.211760329932053537e+02,9.212556890859855230e+02,9.213342083768238808e+02,9.214116475408479801e+02,9.214880631729729430e+02,9.215635119435893330e+02,9.216380507987257715e+02,9.217117372125361499e+02,9.217846294918738295e+02,9.218567871283532895e+02,9.219282711735336306e+02,9.219991446099309087e+02,9.220694726564831853e+02,9.221393229676465353e+02,9.222087656305267274e+02,9.222778729556769122e+02,9.223467189315316546e+02,9.224153784495229047e+02,9.224839259973101662e+02,9.225524340610955960e+02,9.226209701982994602e+02,9.226895933453416774e+02,9.227583466130582792e+02,9.228272501193447397e+02,9.228962893748157512e+02,9.229654197052627751e+02,9.230345802351586144e+02
8.387926014968707022e+02,8.387926015884183926e+02,8.387944853518500850e+02,8.387982549843098923e+02,8.388039148900996906e+02,8.388114717016785562e+02,8.388209343114367584e+02,8.388323139145941241e+02,8.388456240637328847e+02,8.388608807356622492e+02,8.388781024115490936e+02,8.388973101715429266e+02,8.389185278054953869e+02,8.389417819418432600e+02,8.389671021973239249e+02,8.389945213509574842e+02,8.390240755467253848e+02,8.390558045306783015e+02,8.390897519299228406e+02,8.391259655832448061e+02,8.391644979362455388e+02,8.392054065181563374e+02,8.392487545234413346e+02,8.392946115296707603e+02,8.393430543950356650e+02,8.393941683959725424e+02,8.394480486901485392e+02,8.395048022262550376e+02,8.395645502751488038e+02,8.396274318347557255e+02,8.396936082747512273e+02,8.397632697503133841e+02,8.398366441422244861e+02,8.399140095818618192e+02,8.399957119757643795e+02,8.400821892605346193e+02,8.401740041138699553e+02,8.402718858317191462e+02,8.403767785446115113e+02,8.404899034975359200e+02,8.406126308099293283e+02,8.407464719661281833e+02,8.408930872565756545e+02,8.410542942560301753e+02,8.412320676152663737e+02,8.414285171953264353e+02,8.416458274711548029e+02,8.418861338969181816e+02,8.421513038851970805e+02,8.424425850878168376e+02,8.427600928379714560e+02,8.431021554594116196e+02,8.434646606839804690e+02,8.438402958611495706e+02,8.442230915254888259e+02,8.446087997527456537e+02,8.449947016532460111e+02,8.453792055829966330e+02,8.457614893595624608e+02,8.461412314448290317e+02,8.465184225427184401e+02,8.468932420723052701e+02,8.472659774774043626e+02,8.476369708671660419e+02,8.480065841040072883e+02,8.483751760717491379e+02,8.487430889476381708e+02,8.491106401463247266e+02,8.494781183276656975e+02,8.498457817125261045e+02,8.502138579535601366e+02,8.505825448033758676e+02,8.509520112906458280e+02,8.513223991379458084e+02,8.516938243335736161e+02,8.520663787826682665e+02,8.524401320147188699e+02,8.528151329357986015e+02,8.531914116238789347e+02,8.535689811727588676e+02,8.539478395818305216e+02,8.543279716870446236e+02,8.547093511143010574e+02,8.550919422320985177e+02,8.554757020705551440e+02,8.558605821728480123e+02,8.562465303427052277e+02,8.566334922549851854e+02,8.570214129000776211e+02,8.574102378398328028e+02,8.577999142601572657e+02,8.581903918139829557e+02,8.585816232565885002e+02,8.589735648830109085e+02,8.593661767839123513e+02,8.597594229414628444e+02,8.601532711904358166e+02,8.605476930716876041e+02,8.609426636056545021e+02,8.613381610125446741e+02,8.617341664038192448e+02,8.621306634665735373e+02,8.625276381588600998e+02,8.629250784301068506e+02,8.633229739768495392e+02,8.637213160402316134e+02,8.641200972483103442e+02,8.645193115032784590e+02,8.649189539113368710e+02,8.653190207511727294e+02,8.657195094757985316e+02,8.661204187418401261e+02,8.665217484601661226e+02,8.669234998619300541e+02,8.673256755745687769e+02,8.677282797029663470e+02,8.681313179117749996e+02,8.685347975057061376e+02,8.689387275054068596e+02,8.693431187172906220e+02,8.697479837963453519e+02,8.701533373015085999e+02,8.705591957436580515e+02,8.709655776266270095e+02,8.713725034819325401e+02,8.717799958981044028e+02,8.721880795456487476e+02,8.725967811987715095e+02,8.730061297550460040e+02,8.734161562542317370e+02,8.738268938974447337e+02,8.742383780678433141e+02,8.746506463539200240e+02,8.750637385763801603e+02,8.754776968194228175e+02,8.758925654670231324e+02,8.763083912445332544e+02,8.767252232655591797e+02,8.771431130836374450e+02,8.775621147477135082e+02,8.779822848598179235e+02,8.784036826326370146e+02,8.788263699438981575e+02,8.792504113836271245e+02,8.796758742893988483e+02,8.801028287637168432e+02,8.805313476666116230e+02,8.809615065754943544e+02,8.813933837032333258e+02,8.818270597643906967e+02,8.822626177785841719e+02,8.827001427990624052e+02,8.831397215538598857e+02,8.835814419863592093e+02,8.840253926818057835e+02,8.844716621663500291e+02,8.849203380655972069e+02,8.853715061105092445e+02,8.858252489798935585e+02,8.862816449707265747e+02,8.867407664902578972e+02,8.872026783673308046e+02,8.876674359846808784e+02,8.881350832392141683e+02,8.886056503434447222e+02,8.890791514883809441e+02,8.895555823961501574e+02,8.900349177994146430e+02,8.905171088939760011e+02,8.910020808206022593e+02,8.914897302416511593e+02,8.919799230870163456e+02,8.924724925516901521e+02,8.929672374331156561e+02,8.934639208997552942e+02,8.939622697821403108e+02,8.944619744733590778e+02,8.949626895168693181e+02,8.954640349452446344e+02,8.959655984138689746e+02,8.964669381488807858e+02,8.969675866995247588e+02,8.974670554526001069e+02,8.979648398324945902e+02,8.984604250763197797e+02,8.989532924421497455e+02,8.994429256816559928e+02,8.999288175887165835e+02,9.004104764247484809e+02,9.008874320208526569e+02,9.013592413669379084e+02,9.018254935185078693e+02,9.022858136815822263e+02,9.027398663733330295e+02,9.031873575978759163e+02,9.036280360203322743e+02,9.040616931647753063e+02,9.044881627001927882e+02,9.049073189108289625e+02,9.053190744715258234e+02,9.057233776639981215e+02,9.061202091760935673e+02,9.065095756063936960e+02,9.068915117573849329e+02,9.072660740880577350e+02,9.076333371652274309e+02,9.079933902901684633e+02,9.083463343638852621e+02,9.086922790359820965e+02,9.090313401650224705e+02,9.093636376031629425e+02,9.096892933051555019e+02,9.100084297516827974e+02,9.103211686693866795e+02,9.106276300246499886e+02,9.109279312648815221e+02,9.112221867794071386e+02,9.115105075517076330e+02,9.117930009753704326e+02,9.120697708074230832e+02,9.123409172344698845e+02,9.126065370290676810e+02,9.128667237758947977e+02,9.131215681494139744e+02,9.133711582268122129e+02,9.136155798219967892e+02,9.138549168283127528e+02,9.140892515594155157e+02,9.143186650793898025e+02,9.145432375147573794e+02,9.147630483424663907e+02,9.149781766493127861e+02,9.151887013595112421e+02,9.153947014283010049e+02,9.155962560005523301e+02,9.157934445343104244e+02,9.159863468900781527e+02,9.161750433873908150e+02,9.163596148308668035e+02,9.165401425084246512e+02,9.167167081647445457e+02,9.168893939533160165e+02,9.170582823705672126e+02,9.172234561756122275e+02,9.173849982991064280e+02,9.175429917445638921e+02,9.176975194852876712e+02,9.178486643598063210e+02,9.179965089684080795e+02,9.181411355730358537e+02,9.182826260024645535e+02,9.184210615643289657e+02,9.185565229652347625e+02,9.186890902398489516e+02,9.188188426895649172e+02,9.189458588310496907e+02,9.190702163547304053e+02,9.191919920930549779e+02,9.193112619981753824e+02,9.194281011285428349e+02,9.195425836437884755e+02,9.196547828071661570e+02,9.197647709947789281e+02,9.198726197107738471e+02,9.199783996076851054e+02,9.200821805111211233e+02,9.201840314480236884e+02,9.202840206777876801e+02,9.203822157256022365e+02,9.204786834174726664e+02,9.205734899165190654e+02,9.206667007603266484e+02,9.207583808993858838e+02,9.208485947370205622e+02,9.209374061717292079e+02,9.210248786435283819e+02,9.211110751867879571e+02,9.211960584930003506e+02,9.212798909880167457e+02,9.213626349289368136e+02,9.214443525262510093e+02,9.215251060955985167e+02,9.216049582415926125e+02,9.216839720706605021e+02,9.217622114244580871e+02,9.218397411140385884e+02,9.219166271287549534e+02,9.219929367777934885e+02,9.220687387254868099e+02,9.221441028618008886e+02,9.222190999793881474e+02,9.222938011868798185e+02,9.223682770626389811e+02,9.224425964078108109e+02,9.225168246205192872e+02,9.225910212825776853e+02,9.226652371123077501e+02,9.227395094892488032e+02,9.228138581461735157e+02,9.228882804698095015e+02,9.229627542959289030e+02,9.230372459527881119e+02
8.387680201342443524e+02,8.387680202330554948e+02,8.387699271261886906e+02,8.387737431851122665e+02,8.387794731650066069e+02,8.387871242304552197e+02,8.387967059943465529e+02,8.388082305704612054e+02,8.388217126404205146e+02,8.388371695359279556e+02,8.388546213375412890e+02,8.388740909915979955e+02,8.388956044473975453e+02,8.389191908173451111e+02,8.389448825635255389e+02,8.389727157151428401e+02,8.390027301224988605e+02,8.390349697547873120e+02,8.390694830510645943e+02,8.391063233365033511e+02,8.391455493196791622e+02,8.391872256915304433e+02,8.392314238532364925e+02,8.392782228092747800e+02,8.393277102742760007e+02,8.393799840593577528e+02,8.394351538272080688e+02,8.394933433378120071e+02,8.395546933515928458e+02,8.396193654177618555e+02,8.396875468568019869e+02,8.397594573496976409e+02,8.398353576695996026e+02,8.399155612167745630e+02,8.400004490960826615e+02,8.400904893955561192e+02,8.401862608553046812e+02,8.402884798340796806e+02,8.403980266952127067e+02,8.405159677875988109e+02,8.406435033597597339e+02,8.407819535842090772e+02,8.409327511590554423e+02,8.410974318519469080e+02,8.412776148502681508e+02,8.414749629051987085e+02,8.416911101357532061e+02,8.419275428081614336e+02,8.421854174580832932e+02,8.424653049584578639e+02,8.427668656603416366e+02,8.430885011231715680e+02,8.434271061994892307e+02,8.437780325369220691e+02,8.441370359994756427e+02,8.445007471761538227e+02,8.448667327117294690e+02,8.452333561207040020e+02,8.455995946637943916e+02,8.459648712566225868e+02,8.463289190862504938e+02,8.466916809180099790e+02,8.470532363124508493e+02,8.474137496035367576e+02,8.477734332466166052e+02,8.481325222882570642e+02,8.484912571517245397e+02,8.488498722446900047e+02,8.492085887775580204e+02,8.495676103886272585e+02,8.499271207178139775e+02,8.502872822392257603e+02,8.506482359485919460e+02,8.510101016059803669e+02,8.513729783619633054e+02,8.517369456471428748e+02,8.521020642538217089e+02,8.524683775634159701e+02,8.528359128899264761e+02,8.532046829201580067e+02,8.535746872325196364e+02,8.539459138767685999e+02,8.543183409918507323e+02,8.546919384363847030e+02,8.550666694020810610e+02,8.554424919796299491e+02,8.558193606462618845e+02,8.561972276467497522e+02,8.565760442431699175e+02,8.569557618141353714e+02,8.573363327902832225e+02,8.577177114195275180e+02,8.580998543622357602e+02,8.584827211227290036e+02,8.588662743289412447e+02,8.592504798764422276e+02,8.596353069561944267e+02,8.600207279873160360e+02,8.604067184767962999e+02,8.607932568276803522e+02,8.611803241158527271e+02,8.615679038534258325e+02,8.619559817540753102e+02,8.623445455127063042e+02,8.627335846087573827e+02,8.631230901394624198e+02,8.635130546866256509e+02,8.639034722180347217e+02,8.642943380226251975e+02,8.646856486769348749e+02,8.650774020392716466e+02,8.654695972673177948e+02,8.658622348545779914e+02,8.662553166810791936e+02,8.666488460739790298e+02,8.670428278741716213e+02,8.674372685055280954e+02,8.678321760440144317e+02,8.682275602845435287e+02,8.686234328040130777e+02,8.690198070195139053e+02,8.694166982411697973e+02,8.698141237194644191e+02,8.702121026872365519e+02,8.706106563967792908e+02,8.710098081526743954e+02,8.714095833411308831e+02,8.718100094566960934e+02,8.722111161272590607e+02,8.726129351382933237e+02,8.730155004572709458e+02,8.734188482591374623e+02,8.738230169536569747e+02,8.742280472153144046e+02,8.746339820162954766e+02,8.750408666628470655e+02,8.754487488350428066e+02,8.758576786296353021e+02,8.762677086052726736e+02,8.766788938288697182e+02,8.770912919213773193e+02,8.775049631005624633e+02,8.779199702177213567e+02,8.783363787844898525e+02,8.787542569851036660e+02,8.791736756686079843e+02,8.795947083146363639e+02,8.800174309654865965e+02,8.804419221163502698e+02,8.808682625547146472e+02,8.812965351391943614e+02,8.817268245073928483e+02,8.821592167018848158e+02,8.825937987030881686e+02,8.830306578577170740e+02,8.834698811917165813e+02,8.839115545971463916e+02,8.843557618834503273e+02,8.848025836850033556e+02,8.852520962188109479e+02,8.857043698888285235e+02,8.861594677366127826e+02,8.866174437419695096e+02,8.870783409819445069e+02,8.875421896619267272e+02,8.880090050387708516e+02,8.884787852626155882e+02,8.889515091713731181e+02,8.894271340794871321e+02,8.899055936102480473e+02,8.903867956283896774e+02,8.908706203364324665e+02,8.913569186038214411e+02,8.918455106017680691e+02,8.923361848182770473e+02,8.928286975265401679e+02,8.933227727751934708e+02,8.938181029604390915e+02,8.943143500274851476e+02,8.948111473321466747e+02,8.953081021730438351e+02,8.958047989812382639e+02,8.963008031282972752e+02,8.967956652869401069e+02,8.972889262521167666e+02,8.977801221063089088e+02,8.982687895927480213e+02,8.987544715457462416e+02,8.992367222197606225e+02,8.997151123590767838e+02,9.001892338584312938e+02,9.006587038812339188e+02,9.011231683253593019e+02,9.015823045552957637e+02,9.020358233518114730e+02,9.024834700640544725e+02,9.029250249819007195e+02,9.033603029763075938e+02,9.037891524806829011e+02,9.042114539055644400e+02,9.046271175914885134e+02,9.050360814106675207e+02,9.054383051580153960e+02,9.058337736073574433e+02,9.062224908485557080e+02,9.066044775292540407e+02,9.069797682172672921e+02,9.073484089364548026e+02,9.077104549142600263e+02,9.080659685654057967e+02,9.084150177240087487e+02,9.087576741260006656e+02,9.090940121353656878e+02,9.094241077013082304e+02,9.097480375289255790e+02,9.100658784430460173e+02,9.103777069233478869e+02,9.106835987884279575e+02,9.109836290068749349e+02,9.112778716143927795e+02,9.115663997174067390e+02,9.118492855652162916e+02,9.121266006744966717e+02,9.123984159917192756e+02,9.126648020807857620e+02,9.129258293248174141e+02,9.131815681325980449e+02,9.134320891416130053e+02,9.136774634109746103e+02,9.139177625987716738e+02,9.141530591195373745e+02,9.143834262785993587e+02,9.146089383810675599e+02,9.148296708141235740e+02,9.150457001021032966e+02,9.152571039346144062e+02,9.154639611685851150e+02,9.156663518057163174e+02,9.158643569472820900e+02,9.160580587286090122e+02,9.162475402358501242e+02,9.164328854078660243e+02,9.166141789261300801e+02,9.167915060955974695e+02,9.169649527194259235e+02,9.171346049703173549e+02,9.173005492610749343e+02,9.174628721167529193e+02,9.176216600505202905e+02,9.177769994450850390e+02,9.179289764412343402e+02,9.180776768347510597e+02,9.182231859826752043e+02,9.183655887195969854e+02,9.185049692844053197e+02,9.186414112576666184e+02,9.187749975095897526e+02,9.189058101583368625e+02,9.190339305382700559e+02,9.191594391775822714e+02,9.192824157846486059e+02,9.194029392423432228e+02,9.195210876095082995e+02,9.196369381287211127e+02,9.197505672394886460e+02,9.198620505960076343e+02,9.199714630886483064e+02,9.200788788683715893e+02,9.201843713733501318e+02,9.202880133571632086e+02,9.203898769180605086e+02,9.204900335289636359e+02,9.205885540681119892e+02,9.206855088505756157e+02,9.207809676612718022e+02,9.208749997906309090e+02,9.209676740746606356e+02,9.210590589417599858e+02,9.211492224691878619e+02,9.212382324522880026e+02,9.213261564893564355e+02,9.214130620837673860e+02,9.214990167628445761e+02,9.215840882089262323e+02,9.216683443933782200e+02,9.217518536971313097e+02,9.218346849957202949e+02,9.219169076783007313e+02,9.219985915688951081e+02,9.220798067104949496e+02,9.221606229825047194e+02,9.222411095085466286e+02,9.223213338358026476e+02,9.224013608177392598e+02,9.224812511863613054e+02,9.225610596705348598e+02,9.226408327451525793e+02,9.227206058842969014e+02,9.228004011487454363e+02,9.228802254297924037e+02,9.229600724642864407e+02,9.230399278071840854e+02
8.387415336373320542e+02,8.387415337428715247e+02,8.387434613895020448e+02,8.387473191101705652e+02,8.387531119851028052e+02,8.387608476718760357e+02,8.387705364509630499e+02,8.387821912873049541e+02,8.387958279087175697e+02,8.388114649022329559e+02,8.388291238298411372e+02,8.388488293655505004e+02,8.388706094562438693e+02,8.388944955095103069e+02,8.389205226125006902e+02,8.389487297869613940e+02,8.389791602869830740e+02,8.390118619477751736e+02,8.390468875960399373e+02,8.390842955354507922e+02,8.391241501245416430e+02,8.391665224692969787e+02,8.392114912592805922e+02,8.392591437847898987e+02,8.393095771839655299e+02,8.393628999839111202e+02,8.394192340197886324e+02,8.394787168418112060e+02,8.395415047533081179e+02,8.396077766644009444e+02,8.396777389946856829e+02,8.397516319107453455e+02,8.398297372294794059e+02,8.399123883321353787e+02,8.399999823693897270e+02,8.400929948101581886e+02,8.401919958581005403e+02,8.402976672343611426e+02,8.404108160937577168e+02,8.405323817740904815e+02,8.406634114490420870e+02,8.408050453155800597e+02,8.409585022229075548e+02,8.411250608511626297e+02,8.413060307569440965e+02,8.415027064813004927e+02,8.417162971675994640e+02,8.419478240876217114e+02,8.421979805619479293e+02,8.424669553113902793e+02,8.427542348841324156e+02,8.430584276921898663e+02,8.433771932391313157e+02,8.437073710466208922e+02,8.440458739727389457e+02,8.443900552144423273e+02,8.447378342875549606e+02,8.450876766932242390e+02,8.454385128139401786e+02,8.457896416798683958e+02,8.461406411254182558e+02,8.464912928475685021e+02,8.468415231185581433e+02,8.471913572382430857e+02,8.475408853155608995e+02,8.478902370001069357e+02,8.482395632341523424e+02,8.485890232884100897e+02,8.489387757710803726e+02,8.492889725105436582e+02,8.496397545275008270e+02,8.499912494859563594e+02,8.503435702043412903e+02,8.506968139194176501e+02,8.510510620960749293e+02,8.514063806360501303e+02,8.517628203854460480e+02,8.521204178707266692e+02,8.524791962131797618e+02,8.528391661849987031e+02,8.532003273764436244e+02,8.535626694469840459e+02,8.539261734331398657e+02,8.542908130855149693e+02,8.546565562064854475e+02,8.550233659603146634e+02,8.553912021283651939e+02,8.557600222845056805e+02,8.561297828691413088e+02,8.565004401447330338e+02,8.568719510206959740e+02,8.572442737409985511e+02,8.576173684331887443e+02,8.579911975226679033e+02,8.583657260205307011e+02,8.587409216969755335e+02,8.591167551550607868e+02,8.594931998213500037e+02,8.598702318708099028e+02,8.602478301032306263e+02,8.606259757875826608e+02,8.610046524892272828e+02,8.613838458929492390e+02,8.617635436325276714e+02,8.621437351351868301e+02,8.625244114869016130e+02,8.629055653223082345e+02,8.632871907409719370e+02,8.636692832500700661e+02,8.640518397321809516e+02,8.644348584358539256e+02,8.648183389859501631e+02,8.652022824103645462e+02,8.655866911796213117e+02,8.659715692559341278e+02,8.663569221485787466e+02,8.667427569727994978e+02,8.671290825099033555e+02,8.675159092666648348e+02,8.679032495326174512e+02,8.682911174342457343e+02,8.686795289854736666e+02,8.690685021341888614e+02,8.694580568048180567e+02,8.698482149372008507e+02,8.702390005221865295e+02,8.706304396345066152e+02,8.710225604635694481e+02,8.714153933428747223e+02,8.718089707787628413e+02,8.722033274792014481e+02,8.725985003832594202e+02,8.729945286918375587e+02,8.733914539000970763e+02,8.737893198318643044e+02,8.741881726760735773e+02,8.745880610250452492e+02,8.749890359140750888e+02,8.753911508614301056e+02,8.757944619074098682e+02,8.761990276506268174e+02,8.766049092791071189e+02,8.770121705931944689e+02,8.774208780165831740e+02,8.778311005911011762e+02,8.782429099501374594e+02,8.786563802648627188e+02,8.790715881566557073e+02,8.794886125684286071e+02,8.799075345868841396e+02,8.803284372071445887e+02,8.807514050307137268e+02,8.811765238873970247e+02,8.816038803716477332e+02,8.820335612838803172e+02,8.824656529676276477e+02,8.829002405340816040e+02,8.833374069665743491e+02,8.837772320990062553e+02,8.842197914641302532e+02,8.846651550100244776e+02,8.851133856860507194e+02,8.855645379031416269e+02,8.860186558773874594e+02,8.864757718705938032e+02,8.869359043467121637e+02,8.873990560687318521e+02,8.878652121666265202e+02,8.883343382131222370e+02,8.888063783501372654e+02,8.892812535144780668e+02,8.897588598163946472e+02,8.902390671285263579e+02,8.907217179451700986e+02,8.912066265722475009e+02,8.916935787064068109e+02,8.921823314570151524e+02,8.926726138570975309e+02,8.931641278984446899e+02,8.936565501121981470e+02,8.941495336995128582e+02,8.946427111979206757e+02,8.951356976485523091e+02,8.956280942084189292e+02,8.961194921316941873e+02,8.966094770256551101e+02,8.970976332719335460e+02,8.975835484931623114e+02,8.980668179399524433e+02,8.985470486739955049e+02,8.990238634301741740e+02,8.994969040536016109e+02,8.999658344257809404e+02,9.004303428164274692e+02,9.008901436224859935e+02,9.013449784818515127e+02,9.017946167745938055e+02,9.022388555475401972e+02,9.026775189175814376e+02,9.031104570240721614e+02,9.035375446106913842e+02,9.039586793219943957e+02,9.043737768906123620e+02,9.047827748298150254e+02,9.051856275827782383e+02,9.055823044868335501e+02,9.059727878186026828e+02,9.063570709619555146e+02,9.067351567292023446e+02,9.071070558551307386e+02,9.074727856738556966e+02,9.078323689802421086e+02,9.081858330710369955e+02,9.085332089557854260e+02,9.088745307240247939e+02,9.092098350529712434e+02,9.095391608387380984e+02,9.098625489338323860e+02,9.101800419740636698e+02,9.104916842788661597e+02,9.107975218102228609e+02,9.110976021767529573e+02,9.113919746709757419e+02,9.116806903292156221e+02,9.119638020050222167e+02,9.122413644483017379e+02,9.125134343835851496e+02,9.127800705819894347e+02,9.130413339224553511e+02,9.132972874387870661e+02,9.135479963498729603e+02,9.137935280712508757e+02,9.140339522068896940e+02,9.142693405207103297e+02,9.144997668879492494e+02,9.147253072269943459e+02,9.149460394127778500e+02,9.151620431732051202e+02,9.153733999704236339e+02,9.155801928689930946e+02,9.157825063932046987e+02,9.159804263759191372e+02,9.161740398013456570e+02,9.163634346441768912e+02,9.165486997074343662e+02,9.167299244612612483e+02,9.169071988847476860e+02,9.170806133126823170e+02,9.172502582889071618e+02,9.174162244277176796e+02,9.175786022845054504e+02,9.177374822365876526e+02,9.178929543749251252e+02,9.180451084071863761e+02,9.181940335723905946e+02,9.183398185671502461e+02,9.184825514833426041e+02,9.186223197568660908e+02,9.187592101269883642e+02,9.188933086056647426e+02,9.190247004561001631e+02,9.191534701797440903e+02,9.192797015108441201e+02,9.194034774176429892e+02,9.195248801092799340e+02,9.196439910474509816e+02,9.197608909619007136e+02,9.198756598688471513e+02,9.199883770914988190e+02,9.200991212819033080e+02,9.202079704434746645e+02,9.203150019537014259e+02,9.204202925867324439e+02,9.205239185357939959e+02,9.206259554357045545e+02,9.207264783861204478e+02,9.208255619765345728e+02,9.209232803144010404e+02,9.210197070579928322e+02,9.211149154555357654e+02,9.212089783917000432e+02,9.213019684413446839e+02,9.213939579285154196e+02,9.214850189856969109e+02,9.215752236046984081e+02,9.216646436658539869e+02,9.217533509280500539e+02,9.218414169573117078e+02,9.219289129699783416e+02,9.220159095635912081e+02,9.221024763124127048e+02,9.221886812013556209e+02,9.222745898820708135e+02,9.223602647220443487e+02,9.224457636428733167e+02,9.225311387184151499e+02,9.226164346147393189e+02,9.227016869475606882e+02,9.227869210347142825e+02,9.228721514290858750e+02,9.229573834979210005e+02,9.230426167283799259e+02
8.387131211556378503e+02,8.387131212672790070e+02,8.387150671287140540e+02,8.387189614193314355e+02,8.387248095141586646e+02,8.387326195179532533e+02,8.387424023168089207e+02,8.387541716478849594e+02,8.387679441881351750e+02,8.387837396632386344e+02,8.388015809783387340e+02,8.388214943726889032e+02,8.388435096009166045e+02,8.388676601443738718e+02,8.388939834569761160e+02,8.389225212510929168e+02,8.389533198305000496e+02,8.389864304792164376e+02,8.390219099173227733e+02,8.390598208377463152e+02,8.391002325416500298e+02,8.391432216947314373e+02,8.391888732326768832e+02,8.392372814516096469e+02,8.392885513289953678e+02,8.393428001326152526e+02,8.394001593903078629e+02,8.394607773115029659e+02,8.395248217729977114e+02,8.395924840048476199e+02,8.396639831347467862e+02,8.397395717645052855e+02,8.398195427481335855e+02,8.399042372962981062e+02,8.399940544118448997e+02,8.400894614140661361e+02,8.401910048686725077e+02,8.402993205419627429e+02,8.404151400368471059e+02,8.405392911131776827e+02,8.406726832421611562e+02,8.408162930681453417e+02,8.409711471627019819e+02,8.411382993347092452e+02,8.413187988944129074e+02,8.415136457134775583e+02,8.417237279819549940e+02,8.419497395922318219e+02,8.421920769506991746e+02,8.424507209489114530e+02,8.427251202180566452e+02,8.430141073647515668e+02,8.433158985319274734e+02,8.436282296247301247e+02,8.439487992117396971e+02,8.442755234598961351e+02,8.446066594268011158e+02,8.449408322222220704e+02,8.452770089254361210e+02,8.456144488603948730e+02,8.459526479375469989e+02,8.462912864171247520e+02,8.466301837912205883e+02,8.469692616213296787e+02,8.473085139017873644e+02,8.476479839770513536e+02,8.479877469473919973e+02,8.483278964831054054e+02,8.486685351170388003e+02,8.490097672056731426e+02,8.493516939215204502e+02,8.496944097675211651e+02,8.500380002324570796e+02,8.503825402986603876e+02,8.507280935915339342e+02,8.510747120154071581e+02,8.514224357624553932e+02,8.517712936111013278e+02,8.521213034513875755e+02,8.524724729892599271e+02,8.528248005906099252e+02,8.531782762314951469e+02,8.535328825236799730e+02,8.538885957863755038e+02,8.542453871360446556e+02,8.546032235674917956e+02,8.549620690011603301e+02,8.553218852740698139e+02,8.556826330549681643e+02,8.560442726680953456e+02,8.564067648141943891e+02,8.567700711818990840e+02,8.571341549470876089e+02,8.574989811620130240e+02,8.578645170397735455e+02,8.582307321428286286e+02,8.585975984866826138e+02,8.589650905715034241e+02,8.593331853553161181e+02,8.597018621825677656e+02,8.600711026813730768e+02,8.604408906417364733e+02,8.608112118856346342e+02,8.611820541381528074e+02,8.615534069070419037e+02,8.619252613762063220e+02,8.622976103168468853e+02,8.626704480183589112e+02,8.630437702396632176e+02,8.634175741804803010e+02,8.637918584711518406e+02,8.641666231789663470e+02,8.645418698285434402e+02,8.649176014336442222e+02,8.652938225377691879e+02,8.656705392610377885e+02,8.660477593510835277e+02,8.664254922360055389e+02,8.668037490777572884e+02,8.671825428247053651e+02,8.675618882624316939e+02,8.679418020621682217e+02,8.683223028265296080e+02,8.687034111324544483e+02,8.690851495714575776e+02,8.694675427874592515e+02,8.698506175125689879e+02,8.702344026012865470e+02,8.706189290636287978e+02,8.710042300977037257e+02,8.713903411222336217e+02,8.717772998094808372e+02,8.721651461189396741e+02,8.725539223320369047e+02,8.729436730879223205e+02,8.733344454202224370e+02,8.737262887943841179e+02,8.741192551449319126e+02,8.745133989116180828e+02,8.749087770730434386e+02,8.753054491758797440e+02,8.757034773573285520e+02,8.761029263579131339e+02,8.765038635211252540e+02,8.769063587758454332e+02,8.773104845968360905e+02,8.777163159379826993e+02,8.781239301323481641e+02,8.785334067525272985e+02,8.789448274242630532e+02,8.793582755858402606e+02,8.797738361854334244e+02,8.801915953083823752e+02,8.806116397263397175e+02,8.810340563604061117e+02,8.814589316507924650e+02,8.818863508262470532e+02,8.823163970675149130e+02,8.827491505604820077e+02,8.831846874364422320e+02,8.836230785991405128e+02,8.840643884409091697e+02,8.845086734533444996e+02,8.849559807415606656e+02,8.854063464550823710e+02,8.858597941528460069e+02,8.863163331245007157e+02,8.867759566951004899e+02,8.872386405452199369e+02,8.877043410832993686e+02,8.881729939113890850e+02,8.886445124291482216e+02,8.891187866236381296e+02,8.895956820938156397e+02,8.900750393583487039e+02,8.905566734931428527e+02,8.910403741405326628e+02,8.915259059253008900e+02,8.920130093034829315e+02,8.925014018584109863e+02,8.929907800449084334e+02,8.934808213674272110e+02,8.939711869618561195e+02,8.944615245345091807e+02,8.949514715963448452e+02,8.954406589167316497e+02,8.959287141100219287e+02,8.964152652606760512e+02,8.968999444893546524e+02,8.973823913636936140e+02,8.978622560634642014e+02,8.983392022202741600e+02,8.988129093662764717e+02,8.992830749436484439e+02,8.997494158457664071e+02,9.002116694808041757e+02,9.006695943676671732e+02,9.011229702915886719e+02,9.015715980613952070e+02,9.020152989217102686e+02,9.024539136808189141e+02,9.028873016185477809e+02,9.033153363994620122e+02,9.037379103053591507e+02,9.041549301398755460e+02,9.045663158616023338e+02,9.049719992700009925e+02,9.053719227748692902e+02,9.057660382712189175e+02,9.061543061331597073e+02,9.065366943330669756e+02,9.069131776861607932e+02,9.072837372157482605e+02,9.076483596307350581e+02,9.080070369045491816e+02,9.083597659431552529e+02,9.087065483292421959e+02,9.090473901297301609e+02,9.093823017543114702e+02,9.097112978536536048e+02,9.100343972470087692e+02,9.103516228701963655e+02,9.106630017361649152e+02,9.109685649015341369e+02,9.112683474336399740e+02,9.115623883736215021e+02,9.118507306920049587e+02,9.121334212340425438e+02,9.124105106527781572e+02,9.126820533284318344e+02,9.129481072732480698e+02,9.132087340214332016e+02,9.134639985042426815e+02,9.137139689106587639e+02,9.139587165344401001e+02,9.141983156086238296e+02,9.144328431288161028e+02,9.146623786668289995e+02,9.148870041763912013e+02,9.151068037927934711e+02,9.153218636284179865e+02,9.155322715661403663e+02,9.157381170525940206e+02,9.159394908932450790e+02,9.161364850511420173e+02,9.163291924510941726e+02,9.165177067908845174e+02,9.167021223609552862e+02,9.168825338738167829e+02,9.170590363042296076e+02,9.172317247410014716e+02,9.174006942510283125e+02,9.175660397560027377e+02,9.177278559220088709e+02,9.178862370620298634e+02,9.180412770512160705e+02,9.181930692545951160e+02,9.183417064667562499e+02,9.184872808629107794e+02,9.186298839606130286e+02,9.187696065913344228e+02,9.189065388809988235e+02,9.190407702385268749e+02,9.191723893513941448e+02,9.193014841871715817e+02,9.194281420000080516e+02,9.195524493410130162e+02,9.196744920715195803e+02,9.197943553782431536e+02,9.199121237894131582e+02,9.200278811910429795e+02,9.201417108426187497e+02,9.202536953916469429e+02,9.203639168866868658e+02,9.204724567887295734e+02,9.205793959810271190e+02,9.206848147777272970e+02,9.207887929318504803e+02,9.208914096432113183e+02,9.209927435667144664e+02,9.210928728209462406e+02,9.211918749959993420e+02,9.212898271579518905e+02,9.213868058452685545e+02,9.214828870498101878e+02,9.215781461721010146e+02,9.216726579377448161e+02,9.217664962592400570e+02,9.218597340263944488e+02,9.219524428078382243e+02,9.220446924485157751e+02,9.221365505490724672e+02,9.222280818196157952e+02,9.223193473013054700e+02,9.224104034665210747e+02,9.225013012156050536e+02,9.225920848506398215e+02,9.226827911418824897e+02,9.227734487761808850e+02,9.228640784689857810e+02,9.229546942686646389e+02,9.230453059077557327e+02
8.386827643824948382e+02,8.386827644995274795e+02,8.386847258897079200e+02,8.386886513618201207e+02,8.386945465514179432e+02,8.387024199585384849e+02,8.387122830047418347e+02,8.387241501100915002e+02,8.387380387909644242e+02,8.387539697799205669e+02,8.387719671692790371e+02,8.387920585805651399e+02,8.388142753626233343e+02,8.388386528219696174e+02,8.388652304899019327e+02,8.388940524320526038e+02,8.389251676074828765e+02,8.389586302861716831e+02,8.389945005359004426e+02,8.390328447921910993e+02,8.390737365282396922e+02,8.391172570458464861e+02,8.391634964133412495e+02,8.392125545826245343e+02,8.392645427248547776e+02,8.393195848331089337e+02,8.393778196504991911e+02,8.394394029933550883e+02,8.395045105502606475e+02,8.395733412469754740e+02,8.396461212708951507e+02,8.397231088403823378e+02,8.398045997737110611e+02,8.398909338439381145e+02,8.399825017780279950e+02,8.400797525445154861e+02,8.401832002494048766e+02,8.402934295206815705e+02,8.404110977627806278e+02,8.405369323886565098e+02,8.406717198400233428e+02,8.408162915875446970e+02,8.409715062723805659e+02,8.411382264608673722e+02,8.413172879140330451e+02,8.415094591187760216e+02,8.417153892759140490e+02,8.419355442518885866e+02,8.421701326316821223e+02,8.424190284636539445e+02,8.426817038543530316e+02,8.429571926958557242e+02,8.432441138993798404e+02,8.435407796612495304e+02,8.438454335852152326e+02,8.441564220721484162e+02,8.444722960260017999e+02,8.447918524227582111e+02,8.451141355758323925e+02,8.454384155222583104e+02,8.457641560516518666e+02,8.460909802904520802e+02,8.464186381103892245e+02,8.467469773363984586e+02,8.470759194161596497e+02,8.474054394897383418e+02,8.477355504599385085e+02,8.480662905018998572e+02,8.483977134349147491e+02,8.487298814082453191e+02,8.490628594285060444e+02,8.493967113311673529e+02,8.497314968781549851e+02,8.500672697297434297e+02,8.504040760964411447e+02,8.507419539212693280e+02,8.510809324781407668e+02,8.514210322985799166e+02,8.517622653587145578e+02,8.521046354727010339e+02,8.524481388485229445e+02,8.527927647687769195e+02,8.531384963633588541e+02,8.534853114439847559e+02,8.538331833727165758e+02,8.541820819387920665e+02,8.545319742202804036e+02,8.548828254096965793e+02,8.552345995856940135e+02,8.555872604163450887e+02,8.559407717831663831e+02,8.562950983188380860e+02,8.566502058553131747e+02,8.570060617825464533e+02,8.573626353212519007e+02,8.577198977157850095e+02,8.580778223553734279e+02,8.584363848334251088e+02,8.587955629555458472e+02,8.591553367072052652e+02,8.595156881917802139e+02,8.598766015490479049e+02,8.602380628631995023e+02,8.606000600681943524e+02,8.609625828568823636e+02,8.613256225988708366e+02,8.616891722706993733e+02,8.620532264005610159e+02,8.624177810286362273e+02,8.627828336831133811e+02,8.631483833711755551e+02,8.635144305836399781e+02,8.638809773115393682e+02,8.642480270727078278e+02,8.646155849463614231e+02,8.649836576137098518e+02,8.653522534027800930e+02,8.657213823358335958e+02,8.660910561780108310e+02,8.664612884860964641e+02,8.668320946565642089e+02,8.672034919723093935e+02,8.675754996477098757e+02,8.679481388718494372e+02,8.683214328499102521e+02,8.686954068428752862e+02,8.690700882057822128e+02,8.694455064248415965e+02,8.698216931537723440e+02,8.701986822497131016e+02,8.705765098090503216e+02,8.709552142034463031e+02,8.713348361162694573e+02,8.717154185795074000e+02,8.720970070110886354e+02,8.724796492523461211e+02,8.728633956051235145e+02,8.732482988677477351e+02,8.736344143687772430e+02,8.740217999970764140e+02,8.744105162263650755e+02,8.748006261319573014e+02,8.751921953969335846e+02,8.755852923044910767e+02,8.759799877127040872e+02,8.763763550074011164e+02,8.767744700283449220e+02,8.771744109634029201e+02,8.775762582049285356e+02,8.779800941621682568e+02,8.783860030231754763e+02,8.787940704594836916e+02,8.792043832666937533e+02,8.796170289341813486e+02,8.800320951373778371e+02,8.804496691465350295e+02,8.808698371465953869e+02,8.812926834637779621e+02,8.817182896957884850e+02,8.821467337441943073e+02,8.825780887494915987e+02,8.830124219317474399e+02,8.834497933424174789e+02,8.838902545360201657e+02,8.843338471737461077e+02,8.847806015747570427e+02,8.852305352347948428e+02,8.856836513356771547e+02,8.861399372731686981e+02,8.865993632344058142e+02,8.870618808593362701e+02,8.875274220232784046e+02,8.879958977794726707e+02,8.884671975011368659e+02,8.889411882618200025e+02,8.894177144905465866e+02,8.898965979342140145e+02,8.903776379538414858e+02,8.908606121735924717e+02,8.913452774921111086e+02,8.918313714548918369e+02,8.923186139745128003e+02,8.928067093731283421e+02,8.932953487092584055e+02,8.937842123393140810e+02,8.942729726542049775e+02,8.947612969234600087e+02,8.952488501741779601e+02,8.957352980302571268e+02,8.962203094389902844e+02,8.967035592172596807e+02,8.971847303579957043e+02,8.976635160487684288e+02,8.981396213676828211e+02,8.986127646362683663e+02,8.990826784238832943e+02,8.995491102123322662e+02,9.000118227421014581e+02,9.004705940721366915e+02,9.009252173929564833e+02,9.013755006378680719e+02,9.018212659391467696e+02,9.022623462155391962e+02,9.026985898718046428e+02,9.031298574172634517e+02,9.035560207280950635e+02,9.039769623433468269e+02,9.043925748139646430e+02,9.048027601175153904e+02,9.052074291452366879e+02,9.056065012628796467e+02,9.059999039426396621e+02,9.063875724603351500e+02,9.067694496498596664e+02,9.071454857056950232e+02,9.075156380238001930e+02,9.078798710713266473e+02,9.082381562762044496e+02,9.085904719285452984e+02,9.089368030868936330e+02,9.092771414835142423e+02,9.096114854240605609e+02,9.099398396780509302e+02,9.102622153575596258e+02,9.105786297823879067e+02,9.108891063306988372e+02,9.111936742746978553e+02,9.114923686014196846e+02,9.117852298190628062e+02,9.120723037496080678e+02,9.123536413086920902e+02,9.126292982738833643e+02,9.128993350426551387e+02,9.131638163814596965e+02,9.134228111674054844e+02,9.136763921241069966e+02,9.139246355533413180e+02,9.141676210641837770e+02,9.144054313013222099e+02,9.146381516742526401e+02,9.148658700890495084e+02,9.150886766843625537e+02,9.153066635732399163e+02,9.155199245922910904e+02,9.157285550596064923e+02,9.159326515427253526e+02,9.161323116378068789e+02,9.163276337610066093e+02,9.165187169528934419e+02,9.167056606965733181e+02,9.168885647500095502e+02,9.170675289928497023e+02,9.172426532879013621e+02,9.174140373572236058e+02,9.175817806726456638e+02,9.177459823603707036e+02,9.179067411191829251e+02,9.180641551516513346e+02,9.182183221076060136e+02,9.183693390390651530e+02,9.185173023657002886e+02,9.186623078498569157e+02,9.188044505800801289e+02,9.189438249620526449e+02,9.190805247158093607e+02,9.192146428780729366e+02,9.193462718085410188e+02,9.194755031989571989e+02,9.196024280838217919e+02,9.197271368516278471e+02,9.198497192555722677e+02,9.199702644227734254e+02,9.200888608611335258e+02,9.202055964631247207e+02,9.203205585059309897e+02,9.204338336475454980e+02,9.205455079185708200e+02,9.206556667095662760e+02,9.207643947537771965e+02,9.208717761048947068e+02,9.209778941090730768e+02,9.210828313696908936e+02,9.211866697022556991e+02,9.212894900754165519e+02,9.213913725323649260e+02,9.214923960850892399e+02,9.215926385723620342e+02,9.216921764711146352e+02,9.217910846506299549e+02,9.218894360595215858e+02,9.219873013377829238e+02,9.220847483489869774e+02,9.221818416335167967e+02,9.222786417894013766e+02,9.223752048010918543e+02,9.224715813509081954e+02,9.225678161852706580e+02,9.226639476397825774e+02,9.227600075021741759e+02,9.228560213913091275e+02,9.229520098769633023e+02,9.230479902599845445e+02
8.386504477032739260e+02,8.386504478249122485e+02,8.386524219275513587e+02,8.386563729305133847e+02,8.386623066919813709e+02,8.386702320499354073e+02,8.386801608839905384e+02,8.386921081987072739e+02,8.387060922292140503e+02,8.387221345703188717e+02,8.387402603307007212e+02,8.387604983142890660e+02,8.387828812315667619e+02,8.388074459442950683e+02,8.388342337480838751e+02,8.388632906983358453e+02,8.388946679864287717e+02,8.389284223745995632e+02,8.389646166999201569e+02,8.390033204600588306e+02,8.390446104962913978e+02,8.390885717925135623e+02,8.391352984129001698e+02,8.391848946053694362e+02,8.392374761031492199e+02,8.392931716623321563e+02,8.393521248790307254e+02,8.394144963348576312e+02,8.394804661227100269e+02,8.395502368040225747e+02,8.396240368403264256e+02,8.397021245207957918e+02,8.397847923659334128e+02,8.398723719155970002e+02,8.399652386954106760e+02,8.400638169883620776e+02,8.401685838145211846e+02,8.402800712577180775e+02,8.403988660307181817e+02,8.405256050918028450e+02,8.406609659512040480e+02,8.408056534025572546e+02,8.409603823263375943e+02,8.411258557379851482e+02,8.413027369876558623e+02,8.414916151069310217e+02,8.416929628717119840e+02,8.419070883664336407e+02,8.421340828889526620e+02,8.423737710486029755e+02,8.426256727242410989e+02,8.428889903586114087e+02,8.431626368885588363e+02,8.434453151198008527e+02,8.437356559659486948e+02,8.440323336255499953e+02,8.443341442353727189e+02,8.446400477453317990e+02,8.449491812625342391e+02,8.452608534235306479e+02,8.455745279257412221e+02,8.458898021449297175e+02,8.462063846422066717e+02,8.465240737691029835e+02,8.468427385024100431e+02,8.471623019527853558e+02,8.474827275878217279e+02,8.478040079792746155e+02,8.481261557806607243e+02,8.484491966047320375e+02,8.487731634818942439e+02,8.490980926109871234e+02,8.494240201554997611e+02,8.497509798795113056e+02,8.500790014563353907e+02,8.504081093157467421e+02,8.507383219230148370e+02,8.510696514047515393e+02,8.514021034535287527e+02,8.517356774560861368e+02,8.520703667994129091e+02,8.524061593158747883e+02,8.527430378334984198e+02,8.530809808012140820e+02,8.534199629617760365e+02,8.537599560476685383e+02,8.541009294778257299e+02,8.544428510356422066e+02,8.547856875115930961e+02,8.551294052968265760e+02,8.554739709172931725e+02,8.558193515012188755e+02,8.561655151759244973e+02,8.565124313929921982e+02,8.568600711834968706e+02,8.572084073473411081e+02,8.575574145826061567e+02,8.579070695622167477e+02,8.582573509661044682e+02,8.586082394774718978e+02,8.589597177517382534e+02,8.593117703663608609e+02,8.596643837590370367e+02,8.600175461608798742e+02,8.603712475301147151e+02,8.607254794907190671e+02,8.610802352793149339e+02,8.614355097025548957e+02,8.617912991062844412e+02,8.621476013569233601e+02,8.625044158348280234e+02,8.628617434388640959e+02,8.632195866010388272e+02,8.635779493098054900e+02,8.639368371405366815e+02,8.642962572916527506e+02,8.646562186249630031e+02,8.650167317089077414e+02,8.653778088635619952e+02,8.657394642064541586e+02,8.661017136984555691e+02,8.664645751891918053e+02,8.668280684616092913e+02,8.671922152754968920e+02,8.675570394098969018e+02,8.679225667044566990e+02,8.682888250998579451e+02,8.686558446775169386e+02,8.690236576987849730e+02,8.693922986438752787e+02,8.697618042507256177e+02,8.701322135539460305e+02,8.705035679239233559e+02,8.708759111060381883e+02,8.712492892598044136e+02,8.716237509975621833e+02,8.719993474221415681e+02,8.723761321626618610e+02,8.727541614073486471e+02,8.731334939319284558e+02,8.735141911218086079e+02,8.738963169858666333e+02,8.742799381592640202e+02,8.746651238922745506e+02,8.750519460216756897e+02,8.754404789208130069e+02,8.758307994240151402e+02,8.762229867206302742e+02,8.766171222135825474e+02,8.770132893370374632e+02,8.774115733275170896e+02,8.778120609426707688e+02,8.782148401218697700e+02,8.786199995829173304e+02,8.790276283494386007e+02,8.794378152039884071e+02,8.798506480626009534e+02,8.802662132674286113e+02,8.806845947953022460e+02,8.811058733815054893e+02,8.815301255598049011e+02,8.819574226218213653e+02,8.823878295011526234e+02,8.828214035902562955e+02,8.832581935009338849e+02,8.836982377822662329e+02,8.841415636129843278e+02,8.845881854883957658e+02,8.850381039250421509e+02,8.854913042090635145e+02,8.859477552166667920e+02,8.864074083369326900e+02,8.868701965282834863e+02,8.873360335400839176e+02,8.878048133298856328e+02,8.882764097046189136e+02,8.887506762104750351e+02,8.892274462912830586e+02,8.897065337288966020e+02,8.901877333716067824e+02,8.906708221481038663e+02,8.911555603553557603e+02,8.916416931993614980e+02,8.921289525585588081e+02,8.926170589312425818e+02,8.931057235212218757e+02,8.935946504105957047e+02,8.940835387653879707e+02,8.945720850191330555e+02,8.950599849814768731e+02,8.955469358234040556e+02,8.960326378975760235e+02,8.965167963610429069e+02,8.969991225777108639e+02,8.974793352887302262e+02,8.979571615497070525e+02,8.984323374436410177e+02,8.989046085871432297e+02,8.993737304543192295e+02,8.998394685474083872e+02,9.003015984457530294e+02,9.007599057650071472e+02,9.012141833836443539e+02,9.016642365569680351e+02,9.021098802227369333e+02,9.025509388665741426e+02,9.029872464088279003e+02,9.034186461204404850e+02,9.038449905706681875e+02,9.042661416054977508e+02,9.046819703524579381e+02,9.050923572452938970e+02,9.054971920606220692e+02,9.058963739581365644e+02,9.062898115160618318e+02,9.066774227541947084e+02,9.070591351379052867e+02,9.074348855577220547e+02,9.078046202804883933e+02,9.081682948694400466e+02,9.085258740718327317e+02,9.088773316738955828e+02,9.092226503238564419e+02,9.095618213245707011e+02,9.098948443978846399e+02,9.102217274232864384e+02,9.105424861536680510e+02,9.108571439111568679e+02,9.111657312660125854e+02,9.114682857015357058e+02,9.117648512678348425e+02,9.120554782271642580e+02,9.123402226933869770e+02,9.126191462679582855e+02,9.128923156746631093e+02,9.131598023951931964e+02,9.134216823075040566e+02,9.136780353287610978e+02,9.139289450645627539e+02,9.141744984660066393e+02,9.144147854960566519e+02,9.146498988065504818e+02,9.148799334270732970e+02,9.151049864668063947e+02,9.153251568303300019e+02,9.155405449482342419e+02,9.157512525232531289e+02,9.159573822924979822e+02,9.161590378062194304e+02,9.163563232233848339e+02,9.165493431242068709e+02,9.167382023396160093e+02,9.169230057975288446e+02,9.171038583856227433e+02,9.172808648302010397e+02,9.174541295906071809e+02,9.176237567685317345e+02,9.177898500314499870e+02,9.179525125493321411e+02,9.181118469436790974e+02,9.182679552478596179e+02,9.184209388776553169e+02,9.185708986108583076e+02,9.187179345747151729e+02,9.188621462399673874e+02,9.190036324202010292e+02,9.191424912751954253e+02,9.192788203169432109e+02,9.194127164170106425e+02,9.195442758139197394e+02,9.196735941192575865e+02,9.198007663212686111e+02,9.199258867847501051e+02,9.200490492461544818e+02,9.201703468029095347e+02,9.202898718960642555e+02,9.204077162854692915e+02,9.205239710167481917e+02,9.206387263793030797e+02,9.207520718544644751e+02,9.208640960526117851e+02,9.209748866376239675e+02,9.210845302363596829e+02,9.211931123300314539e+02,9.213007171234295356e+02,9.214074273870585330e+02,9.215133242666170190e+02,9.216184870540224665e+02,9.217229929147034682e+02,9.218269165671715655e+02,9.219303299134013514e+02,9.220333016219691444e+02,9.221358966712624579e+02,9.222381758666247151e+02,9.223401953561541404e+02,9.224420061829144970e+02,9.225436539336717487e+02,9.226451785648840769e+02,9.227466145171821381e+02,9.228479912235295615e+02,9.229493341055042492e+02,9.230506660035804316e+02
8.386161583263669854e+02,8.386161584517583378e+02,8.386181423392911256e+02,8.386221129983575793e+02,8.386280764686637212e+02,8.386360418640196031e+02,8.386460214383797620e+02,8.386580306746097904e+02,8.386720883967067266e+02,8.386882169065102062e+02,8.387064421463462622e+02,8.387267938895356565e+02,8.387493059613073001e+02,8.387740164933815095e+02,8.388009682163560683e+02,8.388302087950454506e+02,8.388617912131237517e+02,8.388957742148257921e+02,8.389322228130912436e+02,8.389712088754314436e+02,8.390128118009776017e+02,8.390571193046421286e+02,8.391042283270821827e+02,8.391542460921278916e+02,8.392072913363824682e+02,8.392634957385261032e+02,8.393230055779602026e+02,8.393859836529810536e+02,8.394526114863543853e+02,8.395230918390054740e+02,8.395976515376747784e+02,8.396765445959169938e+02,8.397600555647446754e+02,8.398485029838179798e+02,8.399422427110372382e+02,8.400416707852547233e+02,8.401472253285412535e+02,8.402593868405360809e+02,8.403786761208460803e+02,8.405056490567584433e+02,8.406408875930619615e+02,8.407849873876633637e+02,8.409385419656622389e+02,8.411021229688109315e+02,8.412762560425182983e+02,8.414613921092848159e+02,8.416578743329911276e+02,8.418659020611472670e+02,8.420854944961191677e+02,8.423164587431169821e+02,8.425583689369000240e+02,8.428105646795398798e+02,8.430721767644548663e+02,8.433421840876726492e+02,8.436194994542897803e+02,8.439030480640514043e+02,8.441918268228641864e+02,8.444849413385874186e+02,8.447816233892541504e+02,8.450812337685700868e+02,8.453832554862767665e+02,8.456872814522026829e+02,8.459929996561664893e+02,8.463001778515947535e+02,8.466086489702006475e+02,8.469182979341613873e+02,8.472290501569331127e+02,8.475408617827308717e+02,8.478537115755087825e+02,8.481675942946143323e+02,8.484825153666500910e+02,8.487984866612919177e+02,8.491155231927804152e+02,8.494336405892811399e+02,8.497528531950438264e+02,8.500731726919805169e+02,8.503946071467017873e+02,8.507171604055407670e+02,8.510408317736294066e+02,8.513656159248845370e+02,8.516915029981500993e+02,8.520184788411914951e+02,8.523465253691678072e+02,8.526756210080692426e+02,8.530057411967784446e+02,8.533368589241910058e+02,8.536689452804517941e+02,8.540019700039682675e+02,8.543359020085383690e+02,8.546707098776894327e+02,8.550063623161431678e+02,8.553428285511478180e+02,8.556800786791560540e+02,8.560180839559130845e+02,8.563568170303506122e+02,8.566962521247071436e+02,8.570363651649535086e+02,8.573771338668658473e+02,8.577185377839543889e+02,8.580605583239307634e+02,8.584031787405175464e+02,8.587463841072060404e+02,8.590901612791263915e+02,8.594344988485380554e+02,8.597793870986772617e+02,8.601248179598371735e+02,8.604707849706838942e+02,8.608172832469640525e+02,8.611643094589708198e+02,8.615118618184469597e+02,8.618599400750127870e+02,8.622085455217467143e+02,8.625576810091897642e+02,8.629073509668141924e+02,8.632575614308581180e+02,8.636083200773782664e+02,8.639596362593971435e+02,8.643115210470958800e+02,8.646639872701173317e+02,8.650170495611861270e+02,8.653707244003979895e+02,8.657250301596855024e+02,8.660799871471079996e+02,8.664356176507486680e+02,8.667919459821085866e+02,8.671489985189887193e+02,8.675068037479136365e+02,8.678653923062039439e+02,8.682247970238252037e+02,8.685850529651416991e+02,8.689461974706752017e+02,8.693082701989185352e+02,8.696713131681732420e+02,8.700353707982773130e+02,8.704004899519475202e+02,8.707667199753030900e+02,8.711341127369366859e+02,8.715027226646770941e+02,8.718726067789292529e+02,8.722438247211979387e+02,8.726164387760846921e+02,8.729905138847209400e+02,8.733661176472417083e+02,8.737433203115418792e+02,8.741221947451849701e+02,8.745028163869650371e+02,8.748852631742677204e+02,8.752696154420441417e+02,8.756559557889213465e+02,8.760443689057308347e+02,8.764349413615688036e+02,8.768277613424174888e+02,8.772229183373805199e+02,8.776205027677322050e+02,8.780206055542719241e+02,8.784233176189344476e+02,8.788287293172419368e+02,8.792369297990277346e+02,8.796480062959111592e+02,8.800620433352854661e+02,8.804791218820879521e+02,8.808993184113566031e+02,8.813227039165368524e+02,8.817493428606476300e+02,8.821792920797329316e+02,8.826125996504520117e+02,8.830493037361396773e+02,8.834894314281156085e+02,8.839329976013472105e+02,8.843800038056475614e+02,8.848304372153122586e+02,8.852842696613150792e+02,8.857414567707676269e+02,8.862019372381655558e+02,8.866656322518801971e+02,8.871324450973245348e+02,8.876022609551678215e+02,8.880749469089067816e+02,8.885503521710734276e+02,8.890283085315113567e+02,8.895086310246711037e+02,8.899911188060519862e+02,8.904755562210566495e+02,8.909617140430252675e+02,8.914493508514469795e+02,8.919382145167147655e+02,8.924280437546088933e+02,8.929185697122586589e+02,8.934095175477783641e+02,8.939006079681438450e+02,8.943915586940496496e+02,8.948820858262183719e+02,8.953719050945288700e+02,8.958607329789094820e+02,8.963482876986702195e+02,8.968342900742617303e+02,8.973184642718484838e+02,8.978005384461405356e+02,8.982802453003563414e+02,8.987573225838485769e+02,8.992315135478345383e+02,8.997025673780183297e+02,9.001702370394676791e+02,9.006342847711199511e+02,9.010944800654114033e+02,9.015506001241644753e+02,9.020024303287582370e+02,9.024497647198830919e+02,9.028924064791941646e+02,9.033301684030880097e+02,9.037628733576643754e+02,9.041903547036647524e+02,9.046124566807014844e+02,9.050290347412410483e+02,9.054399558264290135e+02,9.058450985777584492e+02,9.062443534806338903e+02,9.066376229379249025e+02,9.070248212735284596e+02,9.074058746676765850e+02,9.077807210271862459e+02,9.081493097950213951e+02,9.085116017044108503e+02,9.088675684833571040e+02,9.092171925157058467e+02,9.095604664650488758e+02,9.098973928676545029e+02,9.102279837003877674e+02,9.105522599292474979e+02,9.108702510437351521e+02,9.111819945818156157e+02,9.114875356497637995e+02,9.117869264407243008e+02,9.120802257553640402e+02,9.123674985275849849e+02,9.126488153578817446e+02,9.129242520565850327e+02,9.131938891989308331e+02,9.134578116936207834e+02,9.137161083663048657e+02,9.139688715592050130e+02,9.142161967479078157e+02,9.144581821761870515e+02,9.146949285095562345e+02,9.149265385081071145e+02,9.151531167190495353e+02,9.153747691892347120e+02,9.155916031978154024e+02,9.158037270090693482e+02,9.160112496452910591e+02,9.162142806795349088e+02,9.164129300478814457e+02,9.166073078807806951e+02,9.167975243529245972e+02,9.169836895509959049e+02,9.171659133585441168e+02,9.173443053571490964e+02,9.175189747429478757e+02,9.176900302575196520e+02,9.178575801320504297e+02,9.180217320436315731e+02,9.181825930824795705e+02,9.183402697288075842e+02,9.184948678380226283e+02,9.186464926328710590e+02,9.187952487011101539e+02,9.189412399972387675e+02,9.190845698467894636e+02,9.192253409516514466e+02,9.193636553948803112e+02,9.194996146434439197e+02,9.196333195473605429e+02,9.197648703337144980e+02,9.198943665940689698e+02,9.200219072638601574e+02,9.201475905924089602e+02,9.202715141022594025e+02,9.203937745365897172e+02,9.205144677934588344e+02,9.206336888456056613e+02,9.207515316444026894e+02,9.208680890063718607e+02,9.209834524804020930e+02,9.210977121935045488e+02,9.212109566726667254e+02,9.213232726402213757e+02,9.214347447802668967e+02,9.215454554742011624e+02,9.216554845045403681e+02,9.217649087279702371e+02,9.218738017212343721e+02,9.219822334069521048e+02,9.220902696712084889e+02,9.221979719906157698e+02,9.223053970946081108e+02,9.224125966982131786e+02,9.225196173532286821e+02,9.226265004765269850e+02,9.227332826242162582e+02,9.228399960705090734e+02,9.229466697274522176e+02,9.230533303633092146e+02
8.385798863951339399e+02,8.385798865233659853e+02,8.385818771775028608e+02,8.385858614351118376e+02,8.385918454734928673e+02,8.385998386160179052e+02,8.386098534018659620e+02,8.386219056794889184e+02,8.386360147243466372e+02,8.386522033817335569e+02,8.386704982358845655e+02,8.386909298070128216e+02,8.387135327784993706e+02,8.387383462571260679e+02,8.387654140700366270e+02,8.387947851030199899e+02,8.388265136857477273e+02,8.388606600307797407e+02,8.388972907344610803e+02,8.389364793492991339e+02,8.389783070389931936e+02,8.390228633289743811e+02,8.390702469670187611e+02,8.391205669101053672e+02,8.391739434549720045e+02,8.392305095304370752e+02,8.392904121689543899e+02,8.393538141722481214e+02,8.394208959800637331e+02,8.394918577404723692e+02,8.395669215626338655e+02,8.396463339058498150e+02,8.397303680191454305e+02,8.398193262907412873e+02,8.399135422950430439e+02,8.400133822376639046e+02,8.401192454037476409e+02,8.402315631279635681e+02,8.403507957546065654e+02,8.404774270850928133e+02,8.406119559191577082e+02,8.407548847856236307e+02,8.409067057687251463e+02,8.410678832884930216e+02,8.412388337563575078e+02,8.414199022691113896e+02,8.416113369775016508e+02,8.418132624986679957e+02,8.420256547214020202e+02,8.422483204779617836e+02,8.424808865706119150e+02,8.427228030672725936e+02,8.429733648952417298e+02,8.432317526783472204e+02,8.434970890071539316e+02,8.437684929958311386e+02,8.440451247004122024e+02,8.443262159843468453e+02,8.446110882354953446e+02,8.448991592452459827e+02,8.451899421508671821e+02,8.454830391763373427e+02,8.457781323976893191e+02,8.460749731811037009e+02,8.463733714233587762e+02,8.466731853082042107e+02,8.469743119836205096e+02,8.472766793475979057e+02,8.475802389874538676e+02,8.478849602296040757e+02,8.481908252085497679e+02,8.484978248418877911e+02,8.488059555933330103e+02,8.491152169106810561e+02,8.494256092357888974e+02,8.497371324957701972e+02,8.500497849968871833e+02,8.503635626539958139e+02,8.506784584983745390e+02,8.509944624151848984e+02,8.513115610687168555e+02,8.516297379791553794e+02,8.519489737191006498e+02,8.522692462017507751e+02,8.525905310357621829e+02,8.529128019245551968e+02,8.532360310903892469e+02,8.535601897060190595e+02,8.538852483192218870e+02,8.542111772579789886e+02,8.545379470065913665e+02,8.548655285454783552e+02,8.551938936497837176e+02,8.555230151441477346e+02,8.558528671130305838e+02,8.561834250677393356e+02,8.565146660727868948e+02,8.568465688353627456e+02,8.571791137625252759e+02,8.575122829912288580e+02,8.578460603965181690e+02,8.581804315831670920e+02,8.585153838657714687e+02,8.588509062418635267e+02,8.591869893620433913e+02,8.595236255004850818e+02,8.598608085284911340e+02,8.601985338931044680e+02,8.605367986021484512e+02,8.608756012164971025e+02,8.612149418498842124e+02,8.615548221761559944e+02,8.618952454435554955e+02,8.622362164954063246e+02,8.625777417964150118e+02,8.629198294637432127e+02,8.632624893019872161e+02,8.636057328412413199e+02,8.639495733774891733e+02,8.642940260146687024e+02,8.646391077078599210e+02,8.649848373071623655e+02,8.653312356019384879e+02,8.656783253652029089e+02,8.660261313980271325e+02,8.663746805739059482e+02,8.667240018830851795e+02,8.670741264768903420e+02,8.674250877121116901e+02,8.677769211954956745e+02,8.681296648283647528e+02,8.684833588513406539e+02,8.688380458890668478e+02,8.691937709947310395e+02,8.695505816940639079e+02,8.699085280283377415e+02,8.702676625957183205e+02,8.706280405901153472e+02,8.709897198364562882e+02,8.713527608210549715e+02,8.717172267154778638e+02,8.720831833920185545e+02,8.724506994285933388e+02,8.728198461005542867e+02,8.731906973566077568e+02,8.735633297757157152e+02,8.739378225015688031e+02,8.743142571509500840e+02,8.746927176920801230e+02,8.750732902888544231e+02,8.754560631067646455e+02,8.758411260762579786e+02,8.762285706093394992e+02,8.766184892653875522e+02,8.770109753624342375e+02,8.774061225305897551e+02,8.778040242048641630e+02,8.782047730553825886e+02,8.786084603539022737e+02,8.790151752766328173e+02,8.794250041446327941e+02,8.798380296044977058e+02,8.802543297536595901e+02,8.806739772163579119e+02,8.810970381781845617e+02,8.815235713890144780e+02,8.819536271460422086e+02,8.823872462704941881e+02,8.828244590932958999e+02,8.832652844664503391e+02,8.837097288180367514e+02,8.841577852694696276e+02,8.846094328338588184e+02,8.850646357139157772e+02,8.855233427167617037e+02,8.859854868011846065e+02,8.864509847703399146e+02,8.869197371196306676e+02,8.873916280456018058e+02,8.878665256172873796e+02,8.883442821067202431e+02,8.888247344704867601e+02,8.893077049695515370e+02,8.897930019103645236e+02,8.902804204867917406e+02,8.907697436999369529e+02,8.912607433316732113e+02,8.917531809478084597e+02,8.922468089083390623e+02,8.927413713651125136e+02,8.932366052312859210e+02,8.937322411119125718e+02,8.942280041904676864e+02,8.947236150716913698e+02,8.952187905863136166e+02,8.957132445676135148e+02,8.962066886129622389e+02,8.966988328452417818e+02,8.971893866891958851e+02,8.976780596763542235e+02,8.981645622893552172e+02,8.986486068525653081e+02,8.991299059882135225e+02,8.996081784751610257e+02,9.000831479029251341e+02,9.005545437189654194e+02,9.010221022867448255e+02,9.014855679368481560e+02,9.019446939920712794e+02,9.023992437471795256e+02,9.028489913849047070e+02,9.032937228115484913e+02,9.037332363980805212e+02,9.041673436156386288e+02,9.045958695576185846e+02,9.050186533438758261e+02,9.054355484057722379e+02,9.058464226537396371e+02,9.062511585316010496e+02,9.066496529640226072e+02,9.070418172051374768e+02,9.074275765975914965e+02,9.078068702520300803e+02,9.081796506574196428e+02,9.085458832326332868e+02,9.089055458294812979e+02,9.092586281968963249e+02,9.096051314153512521e+02,9.099450673098426705e+02,9.102784578489654450e+02,9.106053345367749898e+02,9.109257378033058785e+02,9.112397163988330249e+02,9.115473267962123600e+02,9.118486326049653599e+02,9.121437040001562764e+02,9.124326171685686404e+02,9.127154537742134153e+02,9.129923004447847461e+02,9.132632482803292078e+02,9.135283923850872725e+02,9.137878314232059438e+02,9.140416671988027701e+02,9.142900042606637498e+02,9.145329495316987050e+02,9.147706119631251340e+02,9.150031022132263843e+02,9.152305323504103853e+02,9.154530155801876390e+02,9.156706659955909799e+02,9.158835983504634441e+02,9.160919278549566798e+02,9.162957699924990038e+02,9.164952403574139908e+02,9.166904545122988566e+02,9.168815278641997111e+02,9.170685755585536754e+02,9.172517123898063574e+02,9.174310527275470122e+02,9.176067104569475532e+02,9.177787989322305293e+02,9.179474309418322946e+02,9.181127186838721173e+02,9.182747737504764700e+02,9.184337071194516966e+02,9.185896291517374266e+02,9.187426495930176316e+02,9.188928775778060754e+02,9.190404216342719792e+02,9.191853896880221555e+02,9.193278890630173237e+02,9.194680264777673528e+02,9.196059080349355099e+02,9.197416392024830429e+02,9.198753247844945236e+02,9.200070688798631409e+02,9.201369748270544733e+02,9.202651451332232000e+02,9.203916813860179218e+02,9.205166841464631489e+02,9.206402528213698133e+02,9.207624855137869417e+02,9.208834788501002322e+02,9.210033277825323239e+02,9.211221253660775119e+02,9.212399625093571558e+02,9.213569276996357758e+02,9.214731067033474119e+02,9.215885822450688920e+02,9.217034336699839514e+02,9.218177365975889188e+02,9.219315625776930574e+02,9.220449787637794543e+02,9.221580476234438493e+02,9.222708267111639771e+02,9.223833685345750837e+02,9.224957205517329157e+02,9.226079253408238401e+02,9.227200209841735159e+02,9.228320416970917677e+02,9.229440187102700293e+02,9.230559813694468403e+02
8.385416250792155779e+02,8.385416252093227740e+02,8.385436195430135058e+02,8.385476112028615034e+02,8.385536064573343538e+02,8.385616147694734082e+02,8.385716488699616775e+02,8.385837248547120453e+02,8.385978623072551272e+02,8.386140844464437123e+02,8.386324183003191592e+02,8.386528949074067896e+02,8.386755495472309576e+02,8.387004220024549568e+02,8.387275568557604402e+02,8.387570038253744542e+02,8.387888181440250719e+02,8.388230609870581702e+02,8.388597999564452721e+02,8.388991096284628384e+02,8.389410721738524899e+02,8.389857780602538924e+02,8.390333268474971646e+02,8.390838280868263155e+02,8.391374023350221023e+02,8.391941822933795265e+02,8.392543140790328380e+02,8.393179586315339975e+02,8.393852932499157760e+02,8.394565132435210444e+02,8.395318336621935487e+02,8.396114910463995784e+02,8.396957451039669422e+02,8.397848801764271229e+02,8.398792063048093723e+02,8.399790596450799285e+02,8.400848019241406064e+02,8.401968185806711062e+02,8.403155152191143316e+02,8.404413120412471017e+02,8.405746360125525598e+02,8.407159107510125295e+02,8.408655441155934795e+02,8.410239135115441513e+02,8.411913490431622904e+02,8.413681148749979002e+02,8.415543895356705661e+02,8.417502464159268811e+02,8.419556363365684319e+02,8.421703746903679075e+02,8.423941361007304067e+02,8.426264594861021351e+02,8.428667654915769845e+02,8.431143861035527607e+02,8.433686032003122364e+02,8.436286873017353400e+02,8.438939309134171936e+02,8.441636735891878516e+02,8.444373181956601684e+02,8.447143393150358861e+02,8.449942853939023735e+02,8.452767763796294958e+02,8.455614984143346646e+02,8.458481968580783814e+02,8.461366685937462080e+02,8.464267542787636103e+02,8.467183309745823863e+02,8.470113054059039541e+02,8.473056079730338297e+02,8.476011875531222586e+02,8.478980070703844376e+02,8.481960397828813711e+02,8.484952662171758675e+02,8.487956716765237388e+02,8.490972442491927268e+02,8.493999732480974671e+02,8.497038480192884435e+02,8.500088570636946770e+02,8.503149874231592094e+02,8.506222242878486668e+02,8.509305507873839360e+02,8.512399479325464426e+02,8.515503946782181401e+02,8.518618680814765867e+02,8.521743435315927400e+02,8.524877950312446728e+02,8.528021955106374890e+02,8.531175171585193766e+02,8.534337317563354190e+02,8.537508110039990470e+02,8.540687268279644968e+02,8.543874516644480082e+02,8.547069587127126624e+02,8.550272221552750125e+02,8.553482173436542553e+02,8.556699209498427763e+02,8.559923110849839532e+02,8.563153673877952770e+02,8.566390710860566742e+02,8.569634050350040297e+02,8.572883537367418967e+02,8.576139033448421287e+02,8.579400416581607942e+02,8.582667581076156011e+02,8.585940437392683862e+02,8.589218911965763255e+02,8.592502947041613197e+02,8.595792500549223405e+02,8.599087546018065495e+02,8.602388072550934339e+02,8.605694084856328345e+02,8.609005603341316828e+02,8.612322664263103889e+02,8.615645319935400721e+02,8.618973638984303989e+02,8.622307706647550276e+02,8.625647625110697163e+02,8.628993513873841721e+02,8.632345510142926059e+02,8.635703769240276415e+02,8.639068465029829440e+02,8.642439790353294029e+02,8.645817957474392870e+02,8.649203198529069141e+02,8.652595765980290707e+02,8.655995933076648043e+02,8.659403994314405963e+02,8.662820265902917072e+02,8.666245086233442407e+02,8.669678816351341766e+02,8.673121840431284681e+02,8.676574566254706724e+02,8.680037425688017265e+02,8.683510875159148554e+02,8.686995396128965012e+02,8.690491495552635115e+02,8.693999706324576664e+02,8.697520587698737700e+02,8.701054725674044903e+02,8.704602733332615117e+02,8.708165251116031413e+02,8.711742947022462431e+02,8.715336516704840051e+02,8.718946683447670694e+02,8.722574197997448664e+02,8.726219838219074063e+02,8.729884408548307420e+02,8.733568739208151328e+02,8.737273685155244038e+02,8.741000124721003885e+02,8.744748957911456273e+02,8.748521104329603304e+02,8.752317500684828246e+02,8.756139097855485716e+02,8.759986857473433020e+02,8.763861748003058665e+02,8.767764740292395800e+02,8.771696802580219128e+02,8.775658894950743161e+02,8.779651963236586880e+02,8.783676932381060851e+02,8.787734699282510746e+02,8.791826125156147782e+02,8.795952027462483329e+02,8.800113171465611686e+02,8.804310261499048238e+02,8.808543932030870565e+02,8.812814738633250045e+02,8.817123148973228126e+02,8.821469533951312769e+02,8.825854159121291787e+02,8.830277176527991969e+02,8.834738617098819304e+02,8.839238383719388139e+02,8.843776245112881043e+02,8.848351830627011623e+02,8.852964626011604423e+02,8.857613970244483426e+02,8.862299053434444431e+02,8.867018915798746548e+02,8.871772447680618825e+02,8.876558390541463268e+02,8.881375338835040338e+02,8.886221742648980353e+02,8.891095910984665807e+02,8.895996015541388715e+02,8.900920094876057647e+02,8.905866058825927212e+02,8.910831693108383433e+02,8.915814664047378528e+02,8.920812523418190949e+02,8.925822713447563501e+02,8.930842572051020625e+02,8.935869338428983610e+02,8.940900159174132114e+02,8.945932095060463780e+02,8.950962128687043560e+02,8.955987173135046078e+02,8.961004081765445335e+02,8.966009659238338827e+02,8.971000673776669601e+02,8.975973870631470390e+02,8.980925962815117600e+02,8.985853693343939312e+02,8.990753828662942624e+02,8.995623175182258819e+02,9.000458595910753274e+02,9.005257026868226831e+02,9.010015492959955736e+02,9.014731123014860259e+02,9.019401163719113583e+02,9.024022992217583123e+02,9.028594127202989057e+02,9.033112238363605684e+02,9.037575154111766551e+02,9.041980867564775508e+02,9.046327540794870856e+02,9.050613507404306119e+02,9.054837273514356184e+02,9.058997517282842864e+02,9.063093087083543651e+02,9.067122998493066461e+02,9.071086430237007789e+02,9.074982719248301919e+02,9.078811354987478808e+02,9.082571973167895294e+02,9.086264349019897963e+02,9.089888390216954122e+02,9.093444129574804720e+02,9.096931717622300084e+02,9.100351415130152191e+02,9.103703585671806877e+02,9.106988688279361668e+02,9.110207270246909275e+02,9.113359960124274721e+02,9.116447460935590925e+02,9.119470543649777028e+02,9.122430040923537717e+02,9.125326841131997071e+02,9.128161882697436340e+02,9.130936148722701091e+02,9.133650661932603043e+02,9.136306479923973711e+02,9.138904690722812347e+02,9.141446408645172141e+02,9.143932770456946173e+02,9.146364931826472002e+02,9.148744064062864254e+02,9.151071351132103473e+02,9.153347986942205807e+02,9.155575172888101179e+02,9.157754115646334867e+02,9.159886025209148102e+02,9.161972113147036225e+02,9.164013591088430530e+02,9.166011669404721260e+02,9.167967556088386800e+02,9.169882455811620048e+02,9.171757569152334781e+02,9.173594091974033518e+02,9.175393214945511318e+02,9.177156123185834531e+02,9.178883996019491178e+02,9.180578006825991224e+02,9.182239322967517410e+02,9.183869105777532695e+02,9.185468510592473876e+02,9.187038686807873091e+02,9.188580777939436075e+02,9.190095921668770416e+02,9.191585249852723791e+02,9.193049888474528188e+02,9.194490957514387901e+02,9.195909570716689814e+02,9.197306835230793922e+02,9.198683851102344988e+02,9.200041710592411164e+02,9.201381497302369326e+02,9.202704285083607374e+02,9.204011136712620100e+02,9.205303102314381931e+02,9.206581217519824349e+02,9.207846501347412413e+02,9.209099953804350207e+02,9.210342553210367669e+02,9.211575253256950191e+02,9.212798979827625772e+02,9.214014627621164664e+02,9.215223056639506467e+02,9.216425088625924218e+02,9.217621503566357433e+02,9.218813036397276619e+02,9.220000374096456426e+02,9.221184153367208864e+02,9.222364959160881881e+02,9.223543324312182676e+02,9.224719730582465900e+02,9.225894611401629390e+02,9.227068356556870867e+02,9.228241318961740944e+02,9.229413823454066232e+02,9.230586177288167846e+02
8.385013706438162444e+02,8.385013707747846183e+02,8.385033656554306845e+02,8.385073584289967812e+02,8.385133554064215105e+02,8.385213661172904267e+02,8.385314033860761356e+02,8.385434834335267169e+02,8.385576260031446054e+02,8.385738545128796204e+02,8.385921962324388232e+02,8.386126824870035534e+02,8.386353488886203422e+02,8.386602355970914005e+02,8.386873876128265692e+02,8.387168551047979008e+02,8.387486937774602893e+02,8.387829652812312133e+02,8.388197376718468377e+02,8.388590859245721276e+02,8.389010925098087910e+02,8.389458480370167308e+02,8.389934519739377947e+02,8.390440134477156562e+02,8.390976521334049494e+02,8.391544992332364927e+02,8.392146985464121371e+02,8.392784076235892599e+02,8.393457989918643989e+02,8.394170614241542125e+02,8.394924012104963822e+02,8.395720433670855982e+02,8.396562326912470553e+02,8.397452345370929834e+02,8.398393351485492531e+02,8.399388413469115449e+02,8.400440793347656836e+02,8.401553923556396057e+02,8.402731369501681229e+02,8.403976775859879353e+02,8.405293795125813858e+02,8.406685998224519381e+02,8.408156767506191045e+02,8.409709173202885495e+02,8.411345835671960458e+02,8.413068777722990035e+02,8.414879274117915884e+02,8.416777708836447118e+02,8.418763454497931207e+02,8.420834791596302011e+02,8.422988886601771128e+02,8.425221845727619439e+02,8.427528853393907866e+02,8.429904390099285365e+02,8.432342505814207243e+02,8.434837101051573427e+02,8.437382178968528024e+02,8.439972046407419839e+02,8.442601456076432669e+02,8.445265692336989787e+02,8.447960608946190177e+02,8.450682629450581089e+02,8.453428720921227750e+02,8.456196350434765918e+02,8.458983431899955576e+02,8.461788268967244449e+02,8.464609498087010024e+02,8.467446034400393273e+02,8.470297022075840232e+02,8.473161789916595126e+02,8.476039812515321046e+02,8.478930676870159004e+02,8.481834054155481226e+02,8.484749676219587400e+02,8.487677316328936286e+02,8.490616773669660233e+02,8.493567861134581563e+02,8.496530395955516042e+02,8.499504192778226752e+02,8.502489058815987164e+02,8.505484790754436517e+02,8.508491173114031199e+02,8.511507977806519420e+02,8.514534964648855748e+02,8.517571882622382873e+02,8.520618471687613464e+02,8.523674464986297608e+02,8.526739591282938591e+02,8.529813577518056036e+02,8.532896151365266633e+02,8.535987043703646577e+02,8.539085990935731161e+02,8.542192737099510396e+02,8.545307035739710955e+02,8.548428651519054711e+02,8.551557361563843642e+02,8.554692956549931750e+02,8.557835241544609062e+02,8.560984036627313571e+02,8.564139177317217673e+02,8.567300514838836989e+02,8.570467916258089645e+02,8.573641264520853156e+02,8.576820458424354001e+02,8.580005412549052153e+02,8.583196057175172200e+02,8.586392338204224188e+02,8.589594217101735012e+02,8.592801670873478770e+02,8.596014692083701902e+02,8.599233288920456744e+02,8.602457485310267202e+02,8.605687321081928758e+02,8.608922852177400955e+02,8.612164150906392024e+02,8.615411306240381464e+02,8.618664424141371683e+02,8.621923627920540412e+02,8.625189058622179346e+02,8.628460875428661438e+02,8.631739256082728389e+02,8.635024397323958283e+02,8.638316515336942985e+02,8.641615846209263054e+02,8.644922646397917561e+02,8.648237193203315201e+02,8.651559785250250343e+02,8.654890742975517242e+02,8.658230409121862294e+02,8.661579149237858246e+02,8.664937352183051189e+02,8.668305430637241216e+02,8.671683821612159591e+02,8.675072986962984487e+02,8.678473413896120974e+02,8.681885615468504511e+02,8.685310131072269542e+02,8.688747526897105899e+02,8.692198396360859078e+02,8.695663360497064787e+02,8.699143068286092557e+02,8.702638196914446098e+02,8.706149451944576185e+02,8.709677567375383660e+02,8.713223305571353876e+02,8.716787457036233491e+02,8.720370840005153923e+02,8.723974299827445975e+02,8.727598708110959933e+02,8.731244961597686824e+02,8.734913980739988801e+02,8.738606707946754568e+02,8.742324105469549522e+02,8.746067152900303654e+02,8.749836844254404014e+02,8.753634184616290668e+02,8.757460186328870577e+02,8.761315864713295696e+02,8.765202233311863438e+02,8.769120298654059980e+02,8.773071054553939803e+02,8.777055475956034343e+02,8.781074512356685773e+02,8.785129080837831452e+02,8.789220058760618031e+02,8.793348276176407126e+02,8.797514508022386508e+02,8.801719466177687536e+02,8.805963791463119605e+02,8.810248045672917669e+02,8.814572703729719478e+02,8.818938146053937999e+02,8.823344651235421452e+02,8.827792389088493792e+02,8.832281414161169550e+02,8.836811659755628625e+02,8.841382932500375773e+02,8.845994907495565940e+02,8.850647124032797137e+02,8.855338981870509087e+02,8.860069738027510766e+02,8.864838504041849774e+02,8.869644243631860263e+02,8.874485770692624556e+02,8.879361747565458245e+02,8.884270683531519808e+02,8.889210933503509295e+02,8.894180696921163189e+02,8.899178016895646124e+02,8.904200779692616834e+02,8.909246714690517592e+02,8.914313394995625686e+02,8.919398238934178380e+02,8.924498512669932779e+02,8.929611334208607332e+02,8.934733679045514236e+02,8.939862387687085175e+02,8.944994175230626752e+02,8.950125643120853738e+02,8.955253293120084663e+02,8.960373543436450063e+02,8.965482746857516076e+02,8.970577187846889728e+02,8.975653148631367912e+02,8.980706909795170532e+02,8.985734773179403874e+02,8.990733084881773038e+02,8.995698257880563915e+02,9.000626793826556877e+02,9.005515303585843867e+02,9.010360526171622269e+02,9.015159345769462789e+02,9.019908806633328595e+02,9.024606125704356145e+02,9.029248702877033566e+02,9.033834128904682075e+02,9.038360190995695120e+02,9.042824876202307678e+02,9.047226372743922411e+02,9.051563069437258946e+02,9.055833553426076605e+02,9.060036606415035294e+02,9.064171199616248487e+02,9.068236487614676662e+02,9.072231801350891374e+02,9.076156640408156591e+02,9.080010664776377780e+02,9.083793686249343864e+02,9.087505659594568215e+02,9.091146673617793112e+02,9.094716942227324807e+02,9.098216795587297838e+02,9.101646671433995834e+02,9.105007106615722705e+02,9.108298728904431982e+02,9.111522249116585499e+02,9.114678453571264072e+02,9.117768196905557261e+02,9.120792395260424428e+02,9.123752019844584993e+02,9.126648090879318715e+02,9.129481671923247177e+02,9.132253864573159490e+02,9.134965803534513498e+02,9.137618652053383812e+02,9.140213597700150103e+02,9.142751848494146998e+02,9.145234629357632912e+02,9.147663178886846254e+02,9.150038746427438809e+02,9.152362589441248701e+02,9.154635971151119520e+02,9.156860158450274412e+02,9.159036420062593606e+02,9.161166024939977888e+02,9.163250240882850903e+02,9.165290333369662221e+02,9.167287564581033621e+02,9.169243192603984198e+02,9.171158470801323119e+02,9.173034647330939606e+02,9.174872964799258170e+02,9.176674660032615520e+02,9.178440963949615252e+02,9.180173101516835459e+02,9.181872291769383310e+02,9.183539747876845922e+02,9.185176677234156841e+02,9.186784281555749203e+02,9.188363756950246852e+02,9.189916293951682746e+02,9.191443077482144872e+02,9.192945286719611886e+02,9.194424094843877810e+02,9.195880668632745483e+02,9.197316167880356943e+02,9.198731744609671068e+02,9.200128542051778595e+02,9.201507693366303329e+02,9.202870320079528028e+02,9.204217530220604431e+02,9.205550416141272763e+02,9.206870052011562393e+02,9.208177490992986804e+02,9.209473762102516048e+02,9.210759866795139033e+02,9.212036775310626808e+02,9.213305422851022968e+02,9.214566705679467304e+02,9.215821477257480865e+02,9.217070544566076933e+02,9.218314664784658135e+02,9.219554542528984484e+02,9.220790827873267972e+02,9.222024115399154880e+02,9.223254944521454490e+02,9.224483801332037274e+02,9.225711122169761893e+02,9.226937299057400423e+02,9.228162687032856866e+02,9.229387613244995237e+02,9.230612387486391981e+02
8.384591224957320037e+02,8.384591226265002888e+02,8.384611149003011406e+02,8.384651024555734011e+02,8.384710915948502361e+02,8.384790918380977018e+02,8.384891160022290251e+02,8.385011803063050593e+02,8.385153045019336560e+02,8.385315120284959676e+02,8.385498301930670095e+02,8.385702903752478505e+02,8.385929282575694970e+02,8.386177840826516103e+02,8.386449029388679719e+02,8.386743350768631444e+02,8.387061362598520873e+02,8.387403681511841569e+02,8.387770987431251797e+02,8.388164028311630318e+02,8.388583625383123490e+02,8.389030678937897392e+02,8.389506174699521353e+02,8.390011190803634236e+02,8.390546905400894957e+02,8.391114604865223328e+02,8.391715692548817742e+02,8.392351697965885933e+02,8.393024286204779401e+02,8.393735267257899295e+02,8.394486604815357396e+02,8.395280423888549421e+02,8.396119016413101690e+02,8.397004843733029702e+02,8.397940534604382492e+02,8.398928877105232687e+02,8.399972802643497971e+02,8.401075360173872468e+02,8.402239678837820520e+02,8.403468917585097415e+02,8.404766200933333948e+02,8.406134540898998466e+02,8.407576745798725142e+02,8.409095317457572492e+02,8.410692339514496325e+02,8.412369361095115892e+02,8.414127282131220227e+02,8.415966248892916610e+02,8.417885570504473662e+02,8.419883668729379451e+02,8.421958073277069161e+02,8.424105472310229743e+02,8.426321821896221991e+02,8.428602508764133745e+02,8.430942549607951833e+02,8.433336798970530026e+02,8.435780141650000132e+02,8.438267653310417700e+02,8.440794721573336119e+02,8.443357126851801695e+02,8.445951086820639375e+02,8.448573270842191505e+02,8.451220791414639280e+02,8.453891179382577548e+02,8.456582348745433819e+02,8.459292555771083926e+02,8.462020355991371616e+02,8.464764561643077059e+02,8.467524201275383575e+02,8.470298482582608131e+02,8.473086759025517267e+02,8.475888500450732863e+02,8.478703267677652775e+02,8.481530690868921738e+02,8.484370451410545684e+02,8.487222266982280416e+02,8.490085879483173130e+02,8.492961045480257098e+02,8.495847528862603895e+02,8.498745095402867946e+02,8.501653508950874993e+02,8.504572529006450168e+02,8.507501909440730969e+02,8.510441398156135620e+02,8.513390737494988798e+02,8.516349665225734498e+02,8.519317915953935199e+02,8.522295222823082668e+02,8.525281319387776193e+02,8.528275941559026023e+02,8.531278829538400714e+02,8.534289729674051159e+02,8.537308396187376047e+02,8.540334592733740919e+02,8.543368093774166709e+02,8.546408685746881702e+02,8.549456168038041142e+02,8.552510353759489590e+02,8.555571070348312332e+02,8.558638160007844817e+02,8.561711480013201481e+02,8.564790902906041765e+02,8.567876316603693567e+02,8.570967624446909667e+02,8.574064745208853537e+02,8.577167613085449602e+02,8.580276177684432923e+02,8.583390404027326213e+02,8.586510272575483214e+02,8.589635779288330468e+02,8.592766935719181447e+02,8.595903769151595952e+02,8.599046322777187470e+02,8.602194655914171335e+02,8.605348844264692616e+02,8.608508980208133607e+02,8.611675173127085827e+02,8.614847549762459948e+02,8.618026254594219608e+02,8.621211450244459229e+02,8.624403317899843842e+02,8.627602057750905260e+02,8.630807889446065246e+02,8.634021052558788369e+02,8.637241807066602632e+02,8.640470433841102249e+02,8.643707235148306154e+02,8.646952535158848150e+02,8.650206680467546221e+02,8.653470040621746193e+02,8.656743008657597329e+02,8.660026001643001337e+02,8.663319461225426039e+02,8.666623854182031437e+02,8.669939672968685045e+02,8.673267436263403170e+02,8.676607689498546279e+02,8.679961005374733531e+02,8.683327984347984057e+02,8.686709255079949799e+02,8.690105474839406270e+02,8.693517329841374703e+02,8.696945535508414196e+02,8.700390836636778431e+02,8.703854007448335324e+02,8.707335851507440339e+02,8.710837201480354679e+02,8.714358918713478488e+02,8.717901892605544845e+02,8.721467039748154093e+02,8.725055302808727902e+02,8.728667649130018162e+02,8.732305069021044801e+02,8.735968573715566663e+02,8.739659192976147324e+02,8.743377972324504981e+02,8.747125969882202980e+02,8.750904252809835953e+02,8.754713893337661830e+02,8.758555964386139294e+02,8.762431534780866969e+02,8.766341664072957656e+02,8.770287396982751034e+02,8.774269757491671271e+02,8.778289742613882254e+02,8.782348315885736838e+02,8.786446400616686105e+02,8.790584872949840474e+02,8.794764554783473613e+02,8.798986206606117548e+02,8.803250520297108324e+02,8.807558111941397101e+02,8.811909514701928856e+02,8.816305171784927097e+02,8.820745429523286703e+02,8.825230530591195475e+02,8.829760607349943484e+02,8.834335675311308478e+02,8.838955626692218175e+02,8.843620224023869696e+02,8.848329093771615135e+02,8.853081719920347723e+02,8.857877437485294649e+02,8.862715425921408041e+02,8.867594702426866888e+02,8.872514115167950877e+02,8.877472336493425473e+02,8.882467856255270817e+02,8.887498975407035005e+02,8.892563800107988072e+02,8.897660236616527527e+02,8.902785987305117033e+02,8.907938548166143846e+02,8.913115208198286155e+02,8.918313051061553551e+02,8.923528959362751038e+02,8.928759621879686392e+02,8.934001543952640532e+02,8.939251061168014303e+02,8.944504356337118907e+02,8.949757479640162501e+02,8.955006371670585850e+02,8.960246867226961740e+02,8.965474765620508606e+02,8.970685838882696999e+02,8.975875861492161221e+02,8.981040640207817205e+02,8.986176043353088971e+02,8.991278028935627162e+02,8.996342671051759226e+02,9.001366184109028836e+02,9.006344944496904645e+02,9.011275509438352174e+02,9.016154632857255820e+02,9.020979278193678965e+02,9.025746628186539056e+02,9.030454091718866039e+02,9.035099307882815083e+02,9.039680147469531448e+02,9.044194712123229465e+02,9.048641331420321876e+02,9.053018558144765393e+02,9.057325162031339687e+02,9.061560122241468207e+02,9.065722618822914001e+02,9.069812023387005411e+02,9.073827889216451013e+02,9.077769940994472790e+02,9.081638064323107074e+02,9.085432295175830859e+02,9.089152809407858058e+02,9.092799912427026356e+02,9.096374029109371122e+02,9.099875694026565043e+02,9.103305542037336409e+02,9.106664299281885633e+02,9.109952774607014589e+02,9.113171851440127966e+02,9.116322480122290699e+02,9.119405670703959004e+02,9.122422486201702441e+02,9.125374036309999610e+02,9.128261471558939775e+02,9.131085977906096787e+02,9.133848771749048865e+02,9.136551095343631914e+02,9.139194212612150068e+02,9.141779405325142989e+02,9.144307969640050260e+02,9.146781212979904012e+02,9.149200451235259379e+02,9.151567006272606477e+02,9.153882203732684957e+02,9.156147371102284751e+02,9.158363836043264428e+02,9.160532924962690231e+02,9.162655961808051188e+02,9.164734267071573868e+02,9.166769156987577389e+02,9.168761942906703553e+02,9.170713930830562504e+02,9.172626421089993300e+02,9.174500708149602133e+02,9.176338080520591802e+02,9.178139820763067291e+02,9.179907205558026817e+02,9.181641505828104073e+02,9.183343986884797232e+02,9.185015908578510562e+02,9.186658525426136066e+02,9.188273086689259799e+02,9.189860836374429027e+02,9.191423013125242960e+02,9.192960849974616622e+02,9.194475573924280525e+02,9.195968405317839824e+02,9.197440556973466528e+02,9.198893233042955444e+02,9.200327627565545754e+02,9.201744922687998951e+02,9.203146286527265829e+02,9.204532870658945285e+02,9.205905807224271484e+02,9.207266205660640708e+02,9.208615149076376838e+02,9.209953690309506555e+02,9.211282847732970822e+02,9.212603600894653937e+02,9.213916886109220741e+02,9.215223592149059186e+02,9.216524556211982144e+02,9.217820560371814054e+02,9.219112328741854299e+02,9.220400525597709702e+02,9.221685754711286336e+02,9.222968560138067460e+02,9.224249428670389079e+02,9.225528794115067512e+02,9.226807043470411145e+02,9.228084524961999477e+02,9.229361557754923524e+02,9.230638443003145994e+02
8.384148832050194642e+02,8.384148833344764853e+02,8.384168698518657266e+02,8.384208458641562629e+02,8.384268176123317744e+02,8.384347945274703306e+02,8.384447893139750931e+02,8.384568180590204065e+02,8.384709003671844130e+02,8.384870595192893461e+02,8.385053226546698397e+02,8.385257209764223489e+02,8.385482899796177207e+02,8.385730697029651992e+02,8.386001050049516152e+02,8.386294458660099735e+02,8.386611477187597075e+02,8.386952718087653693e+02,8.387318855885389439e+02,8.387710631476103345e+02,8.388128856813588072e+02,8.388574420008364996e+02,8.389048290849442537e+02,8.389551526748799688e+02,8.390085279086150649e+02,8.390650799900456605e+02,8.391249448831473501e+02,8.391882700156592136e+02,8.392552149691972545e+02,8.393259521229854272e+02,8.394006672063541146e+02,8.394795597007793049e+02,8.395628430157916000e+02,8.396507443453518817e+02,8.397435040937393751e+02,8.398413747449588982e+02,8.399446190404013350e+02,8.400535073300139857e+02,8.401683139767147850e+02,8.402893127254918682e+02,8.404167709980489462e+02,8.405509431401933398e+02,8.406920627144146465e+02,8.408403340081258648e+02,8.409959230257472882e+02,8.411589483537059095e+02,8.413294724273935117e+02,8.415074938733375802e+02,8.416929417202957211e+02,8.418856723278629488e+02,8.420854698181053664e+02,8.422920505625364740e+02,8.425050718427119136e+02,8.427241441909407058e+02,8.429488462486677918e+02,8.431787404147621601e+02,8.434133876820906153e+02,8.436523604753385825e+02,8.438952528204810051e+02,8.441416876424942757e+02,8.443913213335845285e+02,8.446438459470689395e+02,8.448989894711718307e+02,8.451565146535892836e+02,8.454162168123139054e+02,8.456779210055723297e+02,8.459414788613613609e+02,8.462067652961089834e+02,8.464736752886551585e+02,8.467421208227749503e+02,8.470120280693630548e+02,8.472833348473794786e+02,8.475559883793026756e+02,8.478299433405310310e+02,8.481051601913484319e+02,8.483816037733449775e+02,8.486592421484072020e+02,8.489380456566676685e+02,8.492179861694422698e+02,8.494990365136839046e+02,8.497811700455029040e+02,8.500643603516009534e+02,8.503485810589136236e+02,8.506338057342520642e+02,8.509200078572479242e+02,8.512071608514190757e+02,8.514952381596791611e+02,8.517842133521119194e+02,8.520740602553223653e+02,8.523647530941535706e+02,8.526562666380116298e+02,8.529485763454516700e+02,8.532416585020317825e+02,8.535354903477172002e+02,8.538300501912848404e+02,8.541253175102378918e+02,8.544212730356550765e+02,8.547178988221779719e+02,8.550151783039638076e+02,8.553130963379104514e+02,8.556116392357955647e+02,8.559107947871748365e+02,8.562105522749687907e+02,8.565109024856542419e+02,8.568118377158805288e+02,8.571133517771656898e+02,8.574154400001343674e+02,8.577180992395204839e+02,8.580213278809274016e+02,8.583251258500985159e+02,8.586294946252302225e+02,8.589344372526644520e+02,8.592399583661206179e+02,8.595460642094905097e+02,8.598527626631068870e+02,8.601600632733178600e+02,8.604679772851465032e+02,8.607765176777870693e+02,8.610856992026807575e+02,8.613955384239244495e+02,8.617060537607843571e+02,8.620172655321136972e+02,8.623291960025093204e+02,8.626418694300697325e+02,8.629553121156499174e+02,8.632695524535345157e+02,8.635846209834667206e+02,8.639005504439805918e+02,8.642173758269863129e+02,8.645351344335437034e+02,8.648538659307365606e+02,8.651736124095247078e+02,8.654944184434002636e+02,8.658163311476122317e+02,8.661394002386468856e+02,8.664636780935599063e+02,8.667892198086564122e+02,8.671160832568966725e+02,8.674443291432809247e+02,8.677740210573298327e+02,8.681052255216327467e+02,8.684380120352891481e+02,8.687724531109128066e+02,8.691086243037194663e+02,8.694466042310720013e+02,8.697864745807149802e+02,8.701283201058085979e+02,8.704722286047614261e+02,8.708182908837769673e+02,8.711666006999711271e+02,8.715172546828944178e+02,8.718703522323055495e+02,8.722259953900978644e+02,8.725842886843856832e+02,8.729453389439025841e+02,8.733092550810711145e+02,8.736761478423485414e+02,8.740461295247581575e+02,8.744193136578533085e+02,8.747958146507469337e+02,8.751757474042425429e+02,8.755592268885274052e+02,8.759463676873050417e+02,8.763372835096478184e+02,8.767320866712017278e+02,8.771308875466656900e+02,8.775337939956643822e+02,8.779409107642048866e+02,8.783523388638440110e+02,8.787681749304573486e+02,8.791885105640876645e+02,8.796134316507576614e+02,8.800430176663489874e+02,8.804773409617254174e+02,8.809164660272263063e+02,8.813604487335609292e+02,8.818093355450657782e+02,8.822631627003677295e+02,8.827219553548341082e+02,8.831857266789631922e+02,8.836544769072020244e+02,8.841281923327508139e+02,8.846068442458584968e+02,8.850903878160506792e+02,8.855787609227207895e+02,8.860718829435617181e+02,8.865696535163267527e+02,8.870719512961970850e+02,8.875786327382943455e+02,8.880895309421900947e+02,8.886044546021155384e+02,8.891231871123364954e+02,8.896454858812057864e+02,8.901710819090751556e+02,8.906996796839815715e+02,8.912309574444071814e+02,8.917645678502487954e+02,8.923001390915135289e+02,8.928372764496123182e+02,8.933755643091791399e+02,8.939145686001633067e+02,8.944538396317395836e+02,8.949929131898419428e+02,8.955313180477581909e+02,8.960685776107134188e+02,8.966042136364314956e+02,8.971377499660427475e+02,8.976687161790038090e+02,8.981966510920752853e+02,8.987211060320153138e+02,8.992416478236107196e+02,8.997578614480107717e+02,9.002693523401582070e+02,9.007757483076067047e+02,9.012767010655361446e+02,9.017718873938433717e+02,9.022610099315023717e+02,9.027437976308195857e+02,9.032200058997384531e+02,9.036894164640877989e+02,9.041518369837850742e+02,9.046071004577183885e+02,9.050550644515844851e+02,9.054956101815960210e+02,9.059286414849242419e+02,9.063540837052173629e+02,9.067718825187247376e+02,9.071820027236093438e+02,9.075844270120667261e+02,9.079791547420004463e+02,9.083662007222779948e+02,9.087455940230806846e+02,9.091173768205779879e+02,9.094816032831208759e+02,9.098383385043724729e+02,9.101876574872483161e+02,9.105296441812363355e+02,9.108643905745711891e+02,9.111919958418337728e+02,9.115125655468236801e+02,9.118262108999668953e+02,9.121330480690783133e+02,9.124331975419547689e+02,9.127267835390300661e+02,9.130139334741517132e+02,9.132947774614251557e+02,9.135694478660147979e+02,9.138380788967619992e+02,9.141008062384859159e+02,9.143577667218585248e+02,9.146090980287826824e+02,9.148549384312505026e+02,9.150954265617112924e+02,9.153307012130296698e+02,9.155609011661676959e+02,9.157861650437673688e+02,9.160066311878472334e+02,9.162224375598578945e+02,9.164337216613570263e+02,9.166406204735637857e+02,9.168432704140492433e+02,9.170418073087810171e+02,9.172363663777024385e+02,9.174270822319498393e+02,9.176140888807318561e+02,9.177975197457734566e+02,9.179775076810998371e+02,9.181541849957724253e+02,9.183276834770101686e+02,9.184981344109296515e+02,9.186656685979191934e+02,9.188304163594410738e+02,9.189925075328210369e+02,9.191520714503772069e+02,9.193092368990410250e+02,9.194641320564833222e+02,9.196168843996811120e+02,9.197676205818844437e+02,9.199164662741050051e+02,9.200635459675817174e+02,9.202089827342439321e+02,9.203528979430182062e+02,9.204954109309909427e+02,9.206366386299569058e+02,9.207766951508270949e+02,9.209156913307285777e+02,9.210537342504094340e+02,9.211909267327235966e+02,9.213273668363945035e+02,9.214631473628164713e+02,9.215983553971123001e+02,9.217330719077408503e+02,9.218673714313171104e+02,9.220013218705460076e+02,9.221349844329037069e+02,9.222684137354639233e+02,9.224016580967147547e+02,9.225347600290247101e+02,9.226677569355304058e+02,9.228006820028350603e+02,9.229335652668846706e+02,9.230664348150747855e+02
8.383686585012594605e+02,8.383686586282370854e+02,8.383706362704505182e+02,8.383745944753630965e+02,8.383805393666757482e+02,8.383884802038090811e+02,8.383984294697227142e+02,8.384104029855685667e+02,8.384244200504645050e+02,8.384405036046649684e+02,8.384586804145773158e+02,8.384789812784104015e+02,8.385014412516934499e+02,8.385260998924248952e+02,8.385530015261543895e+02,8.385821955318035634e+02,8.386137366494675689e+02,8.386476853117356995e+02,8.386841080002122908e+02,8.387230776288294010e+02,8.387646739551893234e+02,8.388089840204700067e+02,8.388561026172926631e+02,8.389061327832783945e+02,8.389591863156721274e+02,8.390153842992380078e+02,8.390748576354441184e+02,8.391377475555761976e+02,8.392042060936728376e+02,8.392743964869317779e+02,8.393484934614697295e+02,8.394266833501839074e+02,8.395091639773755787e+02,8.395961442325668713e+02,8.396878432448615968e+02,8.397844890611140727e+02,8.398863167284672500e+02,8.399935656871940637e+02,8.401064763958562480e+02,8.402252861394141519e+02,8.403502240122933244e+02,8.404815051214055757e+02,8.406193241117654225e+02,8.407638481841788689e+02,8.409152098528016950e+02,8.410734997797235337e+02,8.412387601185163248e+02,8.414109788862562027e+02,8.415900859434451604e+02,8.417759511660897260e+02,8.419683853132803506e+02,8.421671439013671261e+02,8.423719340851248489e+02,8.425824241457305561e+02,8.427982547760539092e+02,8.430190510462882685e+02,8.432444339641490387e+02,8.434740307687538916e+02,8.437074834108764207e+02,8.439444549808825968e+02,8.441846340961077431e+02,8.444277374323622780e+02,8.446735106827129584e+02,8.449217282651533196e+02,8.451721920968694803e+02,8.454247297227502713e+02,8.456791920424465161e+02,8.459354508328109432e+02,8.461933962168212702e+02,8.464529341893899073e+02,8.467139842762547914e+02,8.469764773746765059e+02,8.472403538034456005e+02,8.475055615739302084e+02,8.477720548825791411e+02,8.480397928175352718e+02,8.483087382669434646e+02,8.485788570134819793e+02,8.488501169980114582e+02,8.491224877346106723e+02,8.493959398593174228e+02,8.496704447953784438e+02,8.499459745185938573e+02,8.502225014072921567e+02,8.504999981625400096e+02,8.507784377853330398e+02,8.510577935986984812e+02,8.513380393038586362e+02,8.516191490608423464e+02,8.519010975851697367e+02,8.521838602534668325e+02,8.524674132120712784e+02,8.527517334838474881e+02,8.530367990695310709e+02,8.533225890409337353e+02,8.536090836242639170e+02,8.538962642726301056e+02,8.541841137274850553e+02,8.544726160693453494e+02,8.547617567585660936e+02,8.550515226672825975e+02,8.553419021038513392e+02,8.556328848312392665e+02,8.559244620808449326e+02,8.562166265631951774e+02,8.565093724768615857e+02,8.568026955168072618e+02,8.570965928832047211e+02,8.573910632915900578e+02,8.576861069850351669e+02,8.579817257488444966e+02,8.582779229281243261e+02,8.585747034484278402e+02,8.588720738395621765e+02,8.591700422625464171e+02,8.594686185396368501e+02,8.597678141872859214e+02,8.600676424518713930e+02,8.603681183480155141e+02,8.606692586993183340e+02,8.609710821813371240e+02,8.612736093666616171e+02,8.615768627719588721e+02,8.618808669068828294e+02,8.621856483247661345e+02,8.624912356750309073e+02,8.627976597572687751e+02,8.631049535769442400e+02,8.634131524026788611e+02,8.637222938250569086e+02,8.640324178168777962e+02,8.643435667947444472e+02,8.646557856818386654e+02,8.649691219716764863e+02,8.652836257925763448e+02,8.655993499724911544e+02,8.659163501037756987e+02,8.662346846073581901e+02,8.665544147956824190e+02,8.668756049336751630e+02,8.671983222968719929e+02,8.675226372257152434e+02,8.678486231749108128e+02,8.681763567566117672e+02,8.685059177760742841e+02,8.688373892583239240e+02,8.691708574642693748e+02,8.695064118946162353e+02,8.698441452798665523e+02,8.701841535546487876e+02,8.705265358145990149e+02,8.708713942540315429e+02,8.712188340826701278e+02,8.715689634197929081e+02,8.719218931642423058e+02,8.722777368388979085e+02,8.726366104083718938e+02,8.729986320688839214e+02,8.733639220094838720e+02,8.737326021440129580e+02,8.741047958134143983e+02,8.744806274582127799e+02,8.748602222611538082e+02,8.752437057601218839e+02,8.756312034315093342e+02,8.760228402441719027e+02,8.764187401839600398e+02,8.768190257485335906e+02,8.772238174117405833e+02,8.776332330562552215e+02,8.780473873724249643e+02,8.784663912203797054e+02,8.788903509514314010e+02,8.793193676836824579e+02,8.797535365256222804e+02,8.801929457404130517e+02,8.806376758426459901e+02,8.810877986187301758e+02,8.815433760618908536e+02,8.820044592131871468e+02,8.824710869011695422e+02,8.829432843749627864e+02,8.834210618288260548e+02,8.839044128207324320e+02,8.843933125932659323e+02,8.848877163121470630e+02,8.853875572458313172e+02,8.858927449186301146e+02,8.864031632793003155e+02,8.869186689364981930e+02,8.874390895212479791e+02,8.879642222438541239e+02,8.884938327176711255e+02,8.890276541239958306e+02,8.895653867903417904e+02,8.901066982479296712e+02,8.906512238231255196e+02,8.911985678018957060e+02,8.917483051866763617e+02,8.922999840423802880e+02,8.928531284040055880e+02,8.934072416941520487e+02,8.939618086057406572e+02,8.945163031729817931e+02,8.950701913235006941e+02,8.956229354336151118e+02,8.961739988914337118e+02,8.967228505567771890e+02,8.972689690164205558e+02,8.978118465467548504e+02,8.983509927123735679e+02,8.988859375469940005e+02,8.994162342812957149e+02,8.999414615996581688e+02,9.004612254235912587e+02,9.009751602333315077e+02,9.014829299503066977e+02,9.019842284118382167e+02,9.024787794756447283e+02,9.029663367955976128e+02,9.034466833120505953e+02,9.039196305002406007e+02,9.043850174190592952e+02,9.048427096002575354e+02,9.052925978151642994e+02,9.057345967525430979e+02,9.061686436374892537e+02,9.065946968174806671e+02,9.070127343379680269e+02,9.074227525263373764e+02,9.078247645997686277e+02,9.082187993094952390e+02,9.086048996312753161e+02,9.089831215095019843e+02,9.093535326603313251e+02,9.097162114374483508e+02,9.100712457626248124e+02,9.104187321220068725e+02,9.107587746280917145e+02,9.110914841465665859e+02,9.114169774865817999e+02,9.117353766525709489e+02,9.120468081553988213e+02,9.123514023803950295e+02,9.126492930096804912e+02,9.129406164961268360e+02,9.132255115862609500e+02,9.135041188894458628e+02,9.137765804907201073e+02,9.140430396047431714e+02,9.143036402683798087e+02,9.145585270695456757e+02,9.148078449100305534e+02,9.150517388001061363e+02,9.152903536828139295e+02,9.155238342859057639e+02,9.157523249994787875e+02,9.159759697774023834e+02,9.161949120606738006e+02,9.164092947208644091e+02,9.166192600218190591e+02,9.168249495977559036e+02,9.170265044458711827e+02,9.172240649314854863e+02,9.174177708036734202e+02,9.176077612191935486e+02,9.177941747723790513e+02,9.179771495284622915e+02,9.181568230575885536e+02,9.183333324665246664e+02,9.185068144247973123e+02,9.186774051816986457e+02,9.188452405702970509e+02,9.190104559942870992e+02,9.191731863932348006e+02,9.193335661815372077e+02,9.194917291562569517e+02,9.196478083689413552e+02,9.198019359566476396e+02,9.199542429277134943e+02,9.201048588984049275e+02,9.202539117774949773e+02,9.204015273971554052e+02,9.205478290903249672e+02,9.206929372170151282e+02,9.208369686448409084e+02,9.209800361924164918e+02,9.211222480480707873e+02,9.212637071804970219e+02,9.214045107622478099e+02,9.215447496311506939e+02,9.216845078183712303e+02,9.218238621745581440e+02,9.219628821267647254e+02,9.221016295981457915e+02,9.222401591192980277e+02,9.223785181541749125e+02,9.225167476545968839e+02,9.226548828456225237e+02,9.227929542299948480e+02,9.229309887846102356e+02,9.230690113070395455e+02
8.383204572433351132e+02,8.383204573665942689e+02,8.383224230735334004e+02,8.383263573223720186e+02,8.383322660605899728e+02,8.383401582888653820e+02,8.383500461549043621e+02,8.383619450749212092e+02,8.383758738801898289e+02,8.383918549860183020e+02,8.384099145806709430e+02,8.384300828321448762e+02,8.384523941112250895e+02,8.384768872298350288e+02,8.385036056942902860e+02,8.385325979735990813e+02,8.385639177833668327e+02,8.385976243861151715e+02,8.386337829088673743e+02,8.386724646786448147e+02,8.387137475760092684e+02,8.387577164059257484e+02,8.388044632839395263e+02,8.388540880338805437e+02,8.389066985909377081e+02,8.389624114008718152e+02,8.390213518022588914e+02,8.390836543738607816e+02,8.391494632234449682e+02,8.392189321875940777e+02,8.392922249043543843e+02,8.393695147122061826e+02,8.394509843202588399e+02,8.395368251865348839e+02,8.396272365347716686e+02,8.397224239367792507e+02,8.398225973887388136e+02,8.399279688177545040e+02,8.400387489710967657e+02,8.401551436659846104e+02,8.402773494124420495e+02,8.404055484648229140e+02,8.405399034059066707e+02,8.406805514219319093e+02,8.408275984873745301e+02,8.409811137425276684e+02,8.411411244093734467e+02,8.413076116419289292e+02,8.414805077319149405e+02,8.416596950718815151e+02,8.418450071986387684e+02,8.420362320886795260e+02,8.422331176567856801e+02,8.424353791441835710e+02,8.426427078263607200e+02,8.428547802915682041e+02,8.430712675395702718e+02,8.432918432740233357e+02,8.435161909538145437e+02,8.437440093727386738e+02,8.439750167154327301e+02,8.442089531721447884e+02,8.444455822820685853e+02,8.446846912200820725e+02,8.449260902542357599e+02,8.451696115913479161e+02,8.454151078045064196e+02,8.456624500061360550e+02,8.459115258985347054e+02,8.461622378036073542e+02,8.464145007467257074e+02,8.466682406470021078e+02,8.469233926479015508e+02,8.471798996077317270e+02,8.474377107586578859e+02,8.476967805348884895e+02,8.479570675650304565e+02,8.482185338197757574e+02,8.484811439036301408e+02,8.487448644779727829e+02,8.490096638020504543e+02,8.492755113783580327e+02,8.495423776890808085e+02,8.498102340107549253e+02,8.500790522949711203e+02,8.503488051037400055e+02,8.506194655890285503e+02,8.508910075069265986e+02,8.511634052578986029e+02,8.514366339455953039e+02,8.517106694477223527e+02,8.519854884934790107e+02,8.522610687430608323e+02,8.525373888656608869e+02,8.528144286132768457e+02,8.530921688884344576e+02,8.533705918046455281e+02,8.536496807390427648e+02,8.539294203771444245e+02,8.542097967501250650e+02,8.544907972652802073e+02,8.547724107306050882e+02,8.550546273745409280e+02,8.553374388620126183e+02,8.556208383078815132e+02,8.559048202888884589e+02,8.561893808550738640e+02,8.564745175415490621e+02,8.567602293813586130e+02,8.570465169200397213e+02,8.573333822323461391e+02,8.576208289414778392e+02,8.579088622410413336e+02,8.581974889198675100e+02,8.584867173897295061e+02,8.587765577159420900e+02,8.590670216507757004e+02,8.593581226695880559e+02,8.596498760095591933e+02,8.599422987109131782e+02,8.602354096605091627e+02,8.605292296377017465e+02,8.608237813623792363e+02,8.611190895451079541e+02,8.614151809393279109e+02,8.617120843955555074e+02,8.620098309175621125e+02,8.623084537204997559e+02,8.626079882909450589e+02,8.629084724488205893e+02,8.632099464111388443e+02,8.635124528574851865e+02,8.638160369971208183e+02,8.641207466375462900e+02,8.644266322543064689e+02,8.647337470617611643e+02,8.650421470844723899e+02,8.653518912287782996e+02,8.656630413540436848e+02,8.659756623429805131e+02,8.662898221703397894e+02,8.666055919691765439e+02,8.669230460937922089e+02,8.672422621783609884e+02,8.675633211901561026e+02,8.678863074762017504e+02,8.682113088021054637e+02,8.685384163817544732e+02,8.688677248965150284e+02,8.691993325025339345e+02,8.695333408247322495e+02,8.698698549360790366e+02,8.702089833207643323e+02,8.705508378199302797e+02,8.708955335586853153e+02,8.712431888532050834e+02,8.715939250968127681e+02,8.719478666240258917e+02,8.723051405516473551e+02,8.726658765960545452e+02,8.730302068658885446e+02,8.733982656293520677e+02,8.737701890552733630e+02,8.741461149269624684e+02,8.745261823276632640e+02,8.749105312960618903e+02,8.752993024498410932e+02,8.756926365746480769e+02,8.760906741750668516e+02,8.764935549832475772e+02,8.769014174197574221e+02,8.773143979999971407e+02,8.777326306782093752e+02,8.781562461197586344e+02,8.785853708910431124e+02,8.790201265552368568e+02,8.794606286611601718e+02,8.799069856121080875e+02,8.803592974015980417e+02,8.808176542039228707e+02,8.812821348093208371e+02,8.817528048966877350e+02,8.822297151412466292e+02,8.827128991605779902e+02,8.832023713099810038e+02,8.836981243472456526e+02,8.842001269974285833e+02,8.847083214598349059e+02,8.852226209116624887e+02,8.857429070749999482e+02,8.862690279252708478e+02,8.868007956288124660e+02,8.873379848039795661e+02,8.878803312028985602e+02,8.884275309087440746e+02,8.889792401354040976e+02,8.895350757022184780e+02,8.900946162362039331e+02,8.906574041285060730e+02,8.912229482420566455e+02,8.917907273354602466e+02,8.923601941363233436e+02,8.929307780974365869e+02,8.935018941350134583e+02,8.940729461976026187e+02,8.946433327687565225e+02,8.952124523709692312e+02,8.957797089302018776e+02,8.963445168739615383e+02,8.969063058546843195e+02,8.974645250122940752e+02,8.980186467134454915e+02,8.985681697284981055e+02,8.991126218293572947e+02,8.996515618109903016e+02,9.001845809560325051e+02,9.007113039751635597e+02,9.012313894657997935e+02,9.017445299383200563e+02,9.022504514628305969e+02,9.027489129907974075e+02,9.032397054051804162e+02,9.037226503504458606e+02,9.041975988904289352e+02,9.046644300378418393e+02,9.051230491946073471e+02,9.055733865373898652e+02,9.060153953779201856e+02,9.064490505231075304e+02,9.068743466556255726e+02,9.072912967517122524e+02,9.076999305493748125e+02,9.081002930770689545e+02,9.084924432502014042e+02,9.088764525404935739e+02,9.092524037212928079e+02,9.096203896903134591e+02,9.099805123699826481e+02,9.103328816845277061e+02,9.106776146121393367e+02,9.110148343099324393e+02,9.113446693089895234e+02,9.116672527764675351e+02,9.119827218415618972e+02,9.122912169820220925e+02,9.125928814678896970e+02,9.128878608591596731e+02,9.131763025541334855e+02,9.134583553853403828e+02,9.137341692600168699e+02,9.140038948422727572e+02,9.142676832742087072e+02,9.145256859333901502e+02,9.147780542242129513e+02,9.150249394008295667e+02,9.152664924194120886e+02,9.155028638176361255e+02,9.157342036193490458e+02,9.159606612624578474e+02,9.161823855481110286e+02,9.163995246092742946e+02,9.166122258967926655e+02,9.168206361809988039e+02,9.170249015668598531e+02,9.172251675205577612e+02,9.174215789052584569e+02,9.176142800236514177e+02,9.178034146646231193e+02,9.179891261511672838e+02,9.181715573863399413e+02,9.183508508937241004e+02,9.185271488485024065e+02,9.187005930948402010e+02,9.188713251448790515e+02,9.190394861542462195e+02,9.192052168686316236e+02,9.193686575356978210e+02,9.195299477764248195e+02,9.196892264099955128e+02,9.198466312265736633e+02,9.200022987028827401e+02,9.201563636564497983e+02,9.203089588358124047e+02,9.204602144459884130e+02,9.206102576111425151e+02,9.207592117796925777e+02,9.209071960810856581e+02,9.210543246480820017e+02,9.212007059234648523e+02,9.213464419754260462e+02,9.214916278510980874e+02,9.216363510023610388e+02,9.217806908215861768e+02,9.219247183267334549e+02,9.220684960345482750e+02,9.222120780568948248e+02,9.223555104480710725e+02,9.224988318201254742e+02,9.226420742289963073e+02,9.227852643175058347e+02,9.229284246832386316e+02,9.230715754219905875e+02
8.382702913614988347e+02,8.382702914797075664e+02,8.382722422794046224e+02,8.382761465975987676e+02,8.382820101424096038e+02,8.382898415630295403e+02,8.382996525516896327e+02,8.383114579744205912e+02,8.383252760269153896e+02,8.383411284116834850e+02,8.383590405329060786e+02,8.383790417058801268e+02,8.384011653785927365e+02,8.384254493636916550e+02,8.384519360798281014e+02,8.384806728019591446e+02,8.385117119206512371e+02,8.385451112106713936e+02,8.385809341091463693e+02,8.386192500032871067e+02,8.386601345270692036e+02,8.387036698653139410e+02,8.387499450622582344e+02,8.387990563299169935e+02,8.388511073492369405e+02,8.389062095541850113e+02,8.389644823854265496e+02,8.390260534961038275e+02,8.390910588874121459e+02,8.391596429462418882e+02,8.392319583512644385e+02,8.393081658077519478e+02,8.393884335655886844e+02,8.394729366700015589e+02,8.395618558913639617e+02,8.396553762801049743e+02,8.397536852964788068e+02,8.398569704739483086e+02,8.399654165902368277e+02,8.400792023422678767e+02,8.401984965501679881e+02,8.403234539504528584e+02,8.404542106777239496e+02,8.405908795771252926e+02,8.407335455351676501e+02,8.408822610616227848e+02,8.410370423951167140e+02,8.411978664323834209e+02,8.413646687862229783e+02,8.415373432494177450e+02,8.417157428720150847e+02,8.418996827434734769e+02,8.420889444148652956e+02,8.422832817189326988e+02,8.424824275812979977e+02,8.426861013055482772e+02,8.428940158036225512e+02,8.431058843120981692e+02,8.433214262538957655e+02,8.435403720402398449e+02,8.437624667339979396e+02,8.439874725978072547e+02,8.442151706230521313e+02,8.444453611797046051e+02,8.446778639468334404e+02,8.449125172852160404e+02,8.451491772028432479e+02,8.453877160462589018e+02,8.456280210295495863e+02,8.458699926911733655e+02,8.461135433484759005e+02,8.463585956016920591e+02,8.466050809239081900e+02,8.468529383609092065e+02,8.471021133548754278e+02,8.473525566982224291e+02,8.476042236181300495e+02,8.478570729881400894e+02,8.481110666602899073e+02,8.483661689093095220e+02,8.486223459792153108e+02,8.488795657220063049e+02,8.491377973179457967e+02,8.493970110670134090e+02,8.496571782414309837e+02,8.499182709896612096e+02,8.501802622828948870e+02,8.504431258957536102e+02,8.507068364137064691e+02,8.509713692605160986e+02,8.512367007398672740e+02,8.515028080861674198e+02,8.517696695203367199e+02,8.520372643071978018e+02,8.523055728118225716e+02,8.525745765528847642e+02,8.528442582516881885e+02,8.531146018760861125e+02,8.533855926789706245e+02,8.536572172313947249e+02,8.539294634506893544e+02,8.542023206241605067e+02,8.544757794291047048e+02,8.547498319499651416e+02,8.550244716934862481e+02,8.552996936027097945e+02,8.555754940706049183e+02,8.558518709540539930e+02,8.561288235888185909e+02,8.564063528060131603e+02,8.566844609505092194e+02,8.569631519015914591e+02,8.572424310960981302e+02,8.575223055541952135e+02,8.578027839078657735e+02,8.580838764321408689e+02,8.583655950790572433e+02,8.586479535142997292e+02,8.589309671564650444e+02,8.592146532188814945e+02,8.594990307539158039e+02,8.597841206997036352e+02,8.600699459292541178e+02,8.603565313018881398e+02,8.606439037169799349e+02,8.609320921699887776e+02,8.612211278107665748e+02,8.615110440041404445e+02,8.618018763927587997e+02,8.620936629621907059e+02,8.623864441082486110e+02,8.626802627064874969e+02,8.629751641838042815e+02,8.632711965920273087e+02,8.635684106833431315e+02,8.638668599873568610e+02,8.641666008895298319e+02,8.644676927106741005e+02,8.647701977871155350e+02,8.650741815510696142e+02,8.653797126106962878e+02,8.656868628292282892e+02,8.659957074024883923e+02,8.663063249340426637e+02,8.666187975071619576e+02,8.669332107527036442e+02,8.672496539119676981e+02,8.675682198935326142e+02,8.678890053230413741e+02,8.682121105848805200e+02,8.685376398546824248e+02,8.688657011215789225e+02,8.691964061991444623e+02,8.695298707239825262e+02,8.698662141409356536e+02,8.702055596739198791e+02,8.705480342814053074e+02,8.708937685955639836e+02,8.712428968440909784e+02,8.715955567536406079e+02,8.719518894337138590e+02,8.723120392396584748e+02,8.726761536131763251e+02,8.730443828983735557e+02,8.734168801308994716e+02,8.737938007970913077e+02,8.741753025592597623e+02,8.745615449422966776e+02,8.749526889756601804e+02,8.753488967834928189e+02,8.757503311141754239e+02,8.761571547990337194e+02,8.765695301282551100e+02,8.769876181303961857e+02,8.774115777402726053e+02,8.778415648386392149e+02,8.782777311460406509e+02,8.787202229527194959e+02,8.791691796667287235e+02,8.796247321636191145e+02,8.800870009235196676e+02,8.805560939453321225e+02,8.810321044333396685e+02,8.815151082589773068e+02,8.820051612099126714e+02,8.825022960499640021e+02,8.830065194265731634e+02,8.835178086772422148e+02,8.840361086019939876e+02,8.845613282847454002e+02,8.850933380614876569e+02,8.856319667461003746e+02,8.861769992341016859e+02,8.867281746091791774e+02,8.872851848755703941e+02,8.878476744301228791e+02,8.884152403704716789e+02,8.889874337102071422e+02,8.895637615389323400e+02,8.901436901264401058e+02,8.907266489283941837e+02,8.913120354090661976e+02,8.918992187853955329e+02,8.924875495708682820e+02,8.930763643017694449e+02,8.936649921312293827e+02,8.942527614115526831e+02,8.948390060879551129e+02,8.954230717461122140e+02,8.960043211816118855e+02,8.965821393889558522e+02,8.971559378987019500e+02,8.977251584215356388e+02,8.982892757858298864e+02,8.988478001794061356e+02,8.994002787260857303e+02,8.999462964429676504e+02,9.004854766352862043e+02,9.010174807925562845e+02,9.015420080530092264e+02,9.020587943036669003e+02,9.025676109814063466e+02,9.030682636366318548e+02,9.035605903162279446e+02,9.040444598167810000e+02,9.045197698530134858e+02,9.049864451802749272e+02,9.054444357040079012e+02,9.058937146035226533e+02,9.063342764922742845e+02,9.067661356322053052e+02,9.071893242156277211e+02,9.076038907245629161e+02,9.080098983744180714e+02,9.084074236463287662e+02,9.087965549103846570e+02,9.091773911402450494e+02,9.095500407182883009e+02,9.099146203293803410e+02,9.102712539405524694e+02,9.106200718632969711e+02,9.109612098947955019e+02,9.112948085341447495e+02,9.116210122695194968e+02,9.119399689321784308e+02,9.122518291132601007e+02,9.125567456394134069e+02,9.128548731034411503e+02,9.131463674463020652e+02,9.134313855869955887e+02,9.137100850970435886e+02,9.139826239164785875e+02,9.142491601084319655e+02,9.145098516496008187e+02,9.147648562540368857e+02,9.150143312278609073e+02,9.152584333526369846e+02,9.154973187952621174e+02,9.157311430423191041e+02,9.159600608569102178e+02,9.161842262560303425e+02,9.164037925065480295e+02,9.166189121378399705e+02,9.168297369690644700e+02,9.170364181489541124e+02,9.172391062058644593e+02,9.174379511056200727e+02,9.176331023144498431e+02,9.178247088640098355e+02,9.180129194151304546e+02,9.181978823165226231e+02,9.183797456542172313e+02,9.185586572870143982e+02,9.187347648626930550e+02,9.189082158091965766e+02,9.190791572944986001e+02,9.192477361483998948e+02,9.194140987391704130e+02,9.195783907977864828e+02,9.197407571826074673e+02,9.199013415777842511e+02,9.200602861195893638e+02,9.202177309463312440e+02,9.203738136696642869e+02,9.205286687680493287e+02,9.206824269069145430e+02,9.208352141947610789e+02,9.209871513899981892e+02,9.211383530795451406e+02,9.212889268569417709e+02,9.214389725344452700e+02,9.215885814298112564e+02,9.217378357734146448e+02,9.218868082842527656e+02,9.220355619632744038e+02,9.221841501485772596e+02,9.223326168686648998e+02,9.224809975169131349e+02,9.226293198529423307e+02,9.227776053157438128e+02,9.229258706108983006e+02,9.230741295124602175e+02
8.382181757702119285e+02,8.382181758819126571e+02,8.382201089220980066e+02,8.382239775715837595e+02,8.382297872303049644e+02,8.382375460955482822e+02,8.382472652750999487e+02,8.382589589308088307e+02,8.382726444474110394e+02,8.382883426213314806e+02,8.383060778644980928e+02,8.383258784188760728e+02,8.383477765783004543e+02,8.383718089151370805e+02,8.383980165102027513e+02,8.384264451851308877e+02,8.384571457369120253e+02,8.384901741746156176e+02,8.385255919582880324e+02,8.385634662396865906e+02,8.386038701038594354e+02,8.386468828095735262e+02,8.386925900252330166e+02,8.387410840551747242e+02,8.387924640490682577e+02,8.388468361845420986e+02,8.389043138101035311e+02,8.389650175319078471e+02,8.390290752240190386e+02,8.390966219375578703e+02,8.391677996797524202e+02,8.392427570296408703e+02,8.393216485534372850e+02,8.394046339798904910e+02,8.394918770950275757e+02,8.395835443172589976e+02,8.396798029188050805e+02,8.397808188685579580e+02,8.398867542854669637e+02,8.399977645105910824e+02,8.401139948299074831e+02,8.402355769081206063e+02,8.403626250248292990e+02,8.404952322374298319e+02,8.406334666284253672e+02,8.407773678257634629e+02,8.409269440094515176e+02,8.410821696306567219e+02,8.412429840644298338e+02,8.414092913877921092e+02,8.415809614166205392e+02,8.417578320470350945e+02,8.419397128357735482e+02,8.421263896334349965e+02,8.423176299761721566e+02,8.425131888698138027e+02,8.427128145874487473e+02,8.429162541406176388e+02,8.431232581588828907e+02,8.433335850028163350e+02,8.435470040245280643e+02,8.437632979664442701e+02,8.439822645475284162e+02,8.442037173254111622e+02,8.444274859447504014e+02,8.446534158899017939e+02,8.448813678573774268e+02,8.451112168541237679e+02,8.453428511143250716e+02,8.455761709124776644e+02,8.458110873355027479e+02,8.460475210626810849e+02,8.462854011897836699e+02,8.465246641231850617e+02,8.467652525609917120e+02,8.470071145711950749e+02,8.472502027713585449e+02,8.474944736101623448e+02,8.477398867480283116e+02,8.479864045318267927e+02,8.482339915571517395e+02,8.484826143106782865e+02,8.487322408845827795e+02,8.489828407547901179e+02,8.492343846148571629e+02,8.494868442575400422e+02,8.497401924964734690e+02,8.499944031208874549e+02,8.502494508768637616e+02,8.505053114692648251e+02,8.507619615791373917e+02,8.510193788920774978e+02,8.512775421337209991e+02,8.515364311091948366e+02,8.517960267439902964e+02,8.520563111243156982e+02,8.523172675355210686e+02,8.525788804976655229e+02,8.528411357977107627e+02,8.531040205181739111e+02,8.533675230623467769e+02,8.536316331764097640e+02,8.538963419689191596e+02,8.541616419282504467e+02,8.544275269386301943e+02,8.546939922954042004e+02,8.549610347201685272e+02,8.552286523763466448e+02,8.554968448857352996e+02,8.557656133464679442e+02,8.560349603527712361e+02,8.563048900168117825e+02,8.565754079928598230e+02,8.568465215039312852e+02,8.571182393710139422e+02,8.573905720449382670e+02,8.576635316409160623e+02,8.579371319757481160e+02,8.582113886076815561e+02,8.584863188788929165e+02,8.587619419605675830e+02,8.590382789005541326e+02,8.593153526735748073e+02,8.595931882339837102e+02,8.598718125710772711e+02,8.601512547669623245e+02,8.604315460570051073e+02,8.607127198928772032e+02,8.609948120082242440e+02,8.612778604869722585e+02,8.615619058342816743e+02,8.618469910501422646e+02,8.621331617055831202e+02,8.624204660214453497e+02,8.627089549496348582e+02,8.629986822567343552e+02,8.632897046098149758e+02,8.635820816642378759e+02,8.638758761531912569e+02,8.641711539786531375e+02,8.644679843034166424e+02,8.647664396437621690e+02,8.650665959623048593e+02,8.653685327604957820e+02,8.656723331702049791e+02,8.659780840437746292e+02,8.662858760418866950e+02,8.665958037185639569e+02,8.669079656025935492e+02,8.672224642746468817e+02,8.675394064393580038e+02,8.678589029916150821e+02,8.681810690763161347e+02,8.685060241408330057e+02,8.688338919794174444e+02,8.691648007687573454e+02,8.694988830938457340e+02,8.698362759632475445e+02,8.701771208127304362e+02,8.705215634960469515e+02,8.708697542614050917e+02,8.712218477118213968e+02,8.715780027471017775e+02,8.719383824846086100e+02,8.723031541552444423e+02,8.726724889701821439e+02,8.730465619527843728e+02,8.734255517288797819e+02,8.738096402670778389e+02,8.741990125591337346e+02,8.745938562285209628e+02,8.749943610533723586e+02,8.754007183878729847e+02,8.758131204640947090e+02,8.762317595542702975e+02,8.766568269717580506e+02,8.770885118876032038e+02,8.775269999388942779e+02,8.779724716052587610e+02,8.784251003311444492e+02,8.788850503742619367e+02,8.793524743650467599e+02,8.798275105685086146e+02,8.803102798486415850e+02,8.808008823468358059e+02,8.812993938995248300e+02,8.818058622365250585e+02,8.823203030198342276e+02,8.828426958024826945e+02,8.833729800074605691e+02,8.839110510465476409e+02,8.844567567165051969e+02,8.850098940237220404e+02,8.855702065960738310e+02,8.861373828404941833e+02,8.867110549948856715e+02,8.872907992023588122e+02,8.878761367040965524e+02,8.884665362052305682e+02,8.890614174180897180e+02,8.896601557324224814e+02,8.902620879070979072e+02,8.908665169489480604e+02,8.914727226391896693e+02,8.920799675966200084e+02,8.926875051456021311e+02,8.932945871495516030e+02,8.939004715884069583e+02,8.945044296856451638e+02,8.951057524254002828e+02,8.957037563395766711e+02,8.962977884851750332e+02,8.968872305705651797e+02,8.974715022240553708e+02,8.980500634274586673e+02,8.986224161607767655e+02,8.991881053214906387e+02,8.997467189936098748e+02,9.002978881481840290e+02,9.008412858592208750e+02,9.013766261177202068e+02,9.019036623226630809e+02,9.024221855220530415e+02,9.029320224701648385e+02,9.034330335595783481e+02,9.039251106787962726e+02,9.044081750386177418e+02,9.048821750032018372e+02,9.053470839550644769e+02,9.058028982172198766e+02,9.062496350503313352e+02,9.066873307380978986e+02,9.071160387701340824e+02,9.075358281282728967e+02,9.079467816794724513e+02,9.083489946762745149e+02,9.087425733639992131e+02,9.091276336924803445e+02,9.095043001291170413e+02,9.098727045692643287e+02,9.102329853394750216e+02,9.105852862887855963e+02,9.109297559630739443e+02,9.112665468574779197e+02,9.115958147419154329e+02,9.119177180548741717e+02,9.122324173608172941e+02,9.125400748667640300e+02,9.128408539938428703e+02,9.131349189998643396e+02,9.134224346492137556e+02,9.137035659266171024e+02,9.139784777915730274e+02,9.142473349704813472e+02,9.145103017837045627e+02,9.147675420050047705e+02,9.150192187509669566e+02,9.152654943981730185e+02,9.155065305260174000e+02,9.157424878831487831e+02,9.159735263755881078e+02,9.161998050746027502e+02,9.164214822424032718e+02,9.166387153736829987e+02,9.168516612509115475e+02,9.170604760111482392e+02,9.172653152219251069e+02,9.174663339634785189e+02,9.176636869142680553e+02,9.178575284363084847e+02,9.180480126563609247e+02,9.182352935384751618e+02,9.184195249427559702e+02,9.186008606645605141e+02,9.187794544476219016e+02,9.189554599638935315e+02,9.191290307522276635e+02,9.193003201074335493e+02,9.194694809108412983e+02,9.196366653933596353e+02,9.198020248222373993e+02,9.199657091034816858e+02,9.201278662932784300e+02,9.202886420139740267e+02,9.204481787733484452e+02,9.206066151901875401e+02,9.207640851346068303e+02,9.209207167982114015e+02,9.210766317168668138e+02,9.212319437773511481e+02,9.213867582479745124e+02,9.215411708817224508e+02,9.216952671476848309e+02,9.218491216513705240e+02,9.220027978057557903e+02,9.221563478113669134e+02,9.223098129943716685e+02,9.224632245360264733e+02,9.226166046051243939e+02,9.227699678784754269e+02,9.229233234051955606e+02,9.230766767418639347e+02
8.381641282497701013e+02,8.381641283533325577e+02,8.381660409358466950e+02,8.381698684828116939e+02,8.381756160093410699e+02,8.381832911498232761e+02,8.381929042865211841e+02,8.382044687108484595e+02,8.382180008102264992e+02,8.382335202733282813e+02,8.382510503070458299e+02,8.382706178594933135e+02,8.382922538445877763e+02,8.383159933650376843e+02,8.383418759317548847e+02,8.383699456786827113e+02,8.384002515727099762e+02,8.384328476186879016e+02,8.384677930595661337e+02,8.385051525713041656e+02,8.385449964515273678e+02,8.385874007998562547e+02,8.386324476864872395e+02,8.386802253039145398e+02,8.387308280946717787e+02,8.387843568456463572e+02,8.388409187368704352e+02,8.389006273297816279e+02,8.389636024768121842e+02,8.390299701309339753e+02,8.390998620306223756e+02,8.391734152328625669e+02,8.392507714646352497e+02,8.393320762622306574e+02,8.394174778682612441e+02,8.395071258589503032e+02,8.396011694797610971e+02,8.396997556762017894e+02,8.398030268190600509e+02,8.399111181394682717e+02,8.400241549088228794e+02,8.401422494210387413e+02,8.402654978589029042e+02,8.403939771512258403e+02,8.405277419514787880e+02,8.406668218893512403e+02,8.408112192611326918e+02,8.409609073292286894e+02,8.411158293913948683e+02,8.412758987528131911e+02,8.414409996868971575e+02,8.416109894046852560e+02,8.417857009730247455e+02,8.419649470384538290e+02,8.421485241406552404e+02,8.423362173511887931e+02,8.425278049613384610e+02,8.427230629651901381e+02,8.429217691314914873e+02,8.431237065185133588e+02,8.433286663490240471e+02,8.435364502193712042e+02,8.437468716627536196e+02,8.439597571201923074e+02,8.441749463938418785e+02,8.443922926677619216e+02,8.446116621833814406e+02,8.448329336529750435e+02,8.450559974866789616e+02,8.452807548986559141e+02,8.455071169473187638e+02,8.457350035539718647e+02,8.459643425344460184e+02,8.461950686696030743e+02,8.464271228331350585e+02,8.466604511888666593e+02,8.468950044647323239e+02,8.471307373065983484e+02,8.473676077120180707e+02,8.476055765416828081e+02,8.478446071046366797e+02,8.480846648121505496e+02,8.483257168943795250e+02,8.485677321734951875e+02,8.488106808868039934e+02,8.490545345533948876e+02,8.492992658780433430e+02,8.495448486864125925e+02,8.497912578859977657e+02,8.500384694477270386e+02,8.502864604036592482e+02,8.505352088567530018e+02,8.507846939992449506e+02,8.510348961367193397e+02,8.512857967154805010e+02,8.515373783513443868e+02,8.517896248584213481e+02,8.520425212768826668e+02,8.522960538990628265e+02,8.525502102935653284e+02,8.528049793272904253e+02,8.530603511855132410e+02,8.533163173902878498e+02,8.535728708175632846e+02,8.538300057134641747e+02,8.540877177102163387e+02,8.543460038422047091e+02,8.546048625626259536e+02,8.548642937611655270e+02,8.551242987830777338e+02,8.553848804499938296e+02,8.556460430827296477e+02,8.559077925263059115e+02,8.561701361773471035e+02,8.564330830139791715e+02,8.566966436283097437e+02,8.569608302615445155e+02,8.572256568417725475e+02,8.574911390244394624e+02,8.577572942355170653e+02,8.580241417173800755e+02,8.582917025773979276e+02,8.585599998392589214e+02,8.588290584970492318e+02,8.590989055721194063e+02,8.593695701727771166e+02,8.596410835568543689e+02,8.599134791972002176e+02,8.601867928501549159e+02,8.604610626270596185e+02,8.607363290688492725e+02,8.610126352237732590e+02,8.612900267282703908e+02,8.615685518910106566e+02,8.618482617800964363e+02,8.621292103133904448e+02,8.624114543519090148e+02,8.626950537961897680e+02,8.629800716855122573e+02,8.632665742998096903e+02,8.635546312640818769e+02,8.638443156550814592e+02,8.641357041100106926e+02,8.644288769369396732e+02,8.647239182266227999e+02,8.650209159653715005e+02,8.653199621486159003e+02,8.656211528947750367e+02,8.659245885590419221e+02,8.662303738466811183e+02,8.665386179254267063e+02,8.668494345365622848e+02,8.671629421042473496e+02,8.674792638426332587e+02,8.677985278602675407e+02,8.681208672612256123e+02,8.684464202423049528e+02,8.687753301854741039e+02,8.691077457445629761e+02,8.694438209248994553e+02,8.697837151542225911e+02,8.701275933427123164e+02,8.704756259293557150e+02,8.708279889110856402e+02,8.711848638501710411e+02,8.715464378541832957e+02,8.719129035214831447e+02,8.722844588435732476e+02,8.726613070538187458e+02,8.730436564099671841e+02,8.734317198956134689e+02,8.738257148232921736e+02,8.742258623192984714e+02,8.746323866677205388e+02,8.750455144886365133e+02,8.754654737231311401e+02,8.758924923959357329e+02,8.763267971253048927e+02,8.767686113495342397e+02,8.772181532405880944e+02,8.776756332780413459e+02,8.781412514613147096e+02,8.786151941453888412e+02,8.790976304951933571e+02,8.795887085669542103e+02,8.800885510411358155e+02,8.805972506511975553e+02,8.811148653749371533e+02,8.816414134800980946e+02,8.821768685421690179e+02,8.827211545784355167e+02,8.832741414664293416e+02,8.838356408346048738e+02,8.844054026256956149e+02,8.849831125360251463e+02,8.855683905245409733e+02,8.861607905616266407e+02,8.867598017490483926e+02,8.873648508894319775e+02,8.879753065190469670e+02,8.885904843458617961e+02,8.892096539618963789e+02,8.898320450448383099e+02,8.904568590921173836e+02,8.910832770500469451e+02,8.917104686865195617e+02,8.923376018917964529e+02,8.929638516303058395e+02,8.935884083043782766e+02,8.942104853385245633e+02,8.948293258451731162e+02,8.954442082851998066e+02,8.960544510854920190e+02,8.966594162186266885e+02,8.972585117850096594e+02,8.978511936649557583e+02,8.984369663273268998e+02,8.990153828931867110e+02,8.995860445584535228e+02,9.001485994799091941e+02,9.007027412253006560e+02,9.012482068817731715e+02,9.017847749084651241e+02,9.023122628095966320e+02,9.028305246944610190e+02,9.033394487808781150e+02,9.038389548892575931e+02,9.043289919657015616e+02,9.048095356646779237e+02,9.052805860148168904e+02,9.057421651853131834e+02,9.061943153652426872e+02,9.066370967637670901e+02,9.070705857356241495e+02,9.074948730334175480e+02,9.079100621859304283e+02,9.083162679999204556e+02,9.087136151815257108e+02,9.091022370724546136e+02,9.094822744954807376e+02,9.098538747033589971e+02,9.102171904250783427e+02,9.105723790033157456e+02,9.109196016170307075e+02,9.112590225833054092e+02,9.115908087327637759e+02,9.119151288531802493e+02,9.122321531961930532e+02,9.125420530423598393e+02,9.128450003201181744e+02,9.131411672745408623e+02,9.134307261820894155e+02,9.137138491078728748e+02,9.139907077022037356e+02,9.142614730335058084e+02,9.145263154548723605e+02,9.147854045017860471e+02,9.150389088187032485e+02,9.152869961123622033e+02,9.155298331298008634e+02,9.157675856591605452e+02,9.160004185514047776e+02,9.162284957610875153e+02,9.164519804042678288e+02,9.166710348315721149e+02,9.168858207142502579e+02,9.170964991408517335e+02,9.173032307218493315e+02,9.175061756991617585e+02,9.177054940570603776e+02,9.179013456303835028e+02,9.180938902053317179e+02,9.182832876073628086e+02,9.184696977698754381e+02,9.186532807764601785e+02,9.188341968685507481e+02,9.190126064093569767e+02,9.191886697940705062e+02,9.193625472955809528e+02,9.195343988344422996e+02,9.197043836617067427e+02,9.198726599436787410e+02,9.200393842388093617e+02,9.202047108590792277e+02,9.203687911115126781e+02,9.205317724201461260e+02,9.206937973349934055e+02,9.208550024424004050e+02,9.210155172006060411e+02,9.211754627350755982e+02,9.213349506397598816e+02,9.214940818420465121e+02,9.216529455996792422e+02,9.218116187058749347e+02,9.219701649825609593e+02,9.221286351393423502e+02,9.222870670658921881e+02,9.224454866069492027e+02,9.226039088419231575e+02,9.227623398565721118e+02,9.229207789551887799e+02,9.230792212226210722e+02
8.381081692940177845e+02,8.381081693875734118e+02,8.381100590066902214e+02,8.381138403967026989e+02,8.381195181004623009e+02,8.381270990638419107e+02,8.381365927857091265e+02,8.381480115036686129e+02,8.381613704058477197e+02,8.381766878590307215e+02,8.381939856443382268e+02,8.382132891931227050e+02,8.382346278175089083e+02,8.382580349317897799e+02,8.382835482624788028e+02,8.383112100460899683e+02,8.383410672145789704e+02,8.383731715688144277e+02,8.384075799404621421e+02,8.384443543422776202e+02,8.384835621060683479e+02,8.385252760065122857e+02,8.385695743676724305e+02,8.386165411474197526e+02,8.386662659931178041e+02,8.387188442598435358e+02,8.387743769801528515e+02,8.388329707720047281e+02,8.388947376689952762e+02,8.389597948546479529e+02,8.390282642803134650e+02,8.391002721444680219e+02,8.391759482101457479e+02,8.392554249372360573e+02,8.393388364078089126e+02,8.394263170259098388e+02,8.395179999787870884e+02,8.396140154545914811e+02,8.397144886223996991e+02,8.398195373939298634e+02,8.399292700022390363e+02,8.400437824504386981e+02,8.401631559021625435e+02,8.402874541040750955e+02,8.404167209476879634e+02,8.405509782913154595e+02,8.406902241708447718e+02,8.408344315275594454e+02,8.409835475699593417e+02,8.411374938624024935e+02,8.412961671957889394e+02,8.414594412458560555e+02,8.416271689671261811e+02,8.417991856121234377e+02,8.419753122150984836e+02,8.421553593461010223e+02,8.423391309311548412e+02,8.425264279469857911e+02,8.427170518292770112e+02,8.429108074745428212e+02,8.431075057602437255e+02,8.433069655498676411e+02,8.435090151855298473e+02,8.437134934982793766e+02,8.439202503853640565e+02,8.441291470149045608e+02,8.443400557230575032e+02,8.445528596683124078e+02,8.447674523035929042e+02,8.449837367206064300e+02,8.452016249135027692e+02,8.454210370011528539e+02,8.456419004398238712e+02,8.458641492510546414e+02,8.460877232833424841e+02,8.463125675209106475e+02,8.465386314483480419e+02,8.467658684762396888e+02,8.469942354299707858e+02,8.472236921015872895e+02,8.474542008628493477e+02,8.476857263363240236e+02,8.479182351204569841e+02,8.481516955639698381e+02,8.483860775845904527e+02,8.486213525269873799e+02,8.488574930548110160e+02,8.490944730718993014e+02,8.493322676679689494e+02,8.495708530844426605e+02,8.498102066964530650e+02,8.500503070074880725e+02,8.502911336535828468e+02,8.505326674144100707e+02,8.507748902290597925e+02,8.510177852147173780e+02,8.512613366868431513e+02,8.515055301798099663e+02,8.517503524672778212e+02,8.519957915818586116e+02,8.522418368338543360e+02,8.524884788290443112e+02,8.527357094856423601e+02,8.529835220506536189e+02,8.532319111159345084e+02,8.534808726343046601e+02,8.537304039360743673e+02,8.539805037463522694e+02,8.542311722034763761e+02,8.544824108788862986e+02,8.547342227987131764e+02,8.549866124673300192e+02,8.552395858930615304e+02,8.554931506162148480e+02,8.557473157395613725e+02,8.560020919613682508e+02,8.562574916110551158e+02,8.565135286875366774e+02,8.567702189002970954e+02,8.570275797132369462e+02,8.572856303913332567e+02,8.575443920501535331e+02,8.578038877082686895e+02,8.580641423426218353e+02,8.583251829469116956e+02,8.585870385930631983e+02,8.588497404958623065e+02,8.591133220808429769e+02,8.593778190555145784e+02,8.596432694840261775e+02,8.599097138653610273e+02,8.601771952151549385e+02,8.604457591512260706e+02,8.607154539828961788e+02,8.609863308041758501e+02,8.612584435908679552e+02,8.615318493016361572e+02,8.618066079830637136e+02,8.620827828787141698e+02,8.623604405421864385e+02,8.626396509541423256e+02,8.629204876432645506e+02,8.632030278110962627e+02,8.634873524606921364e+02,8.637735465290131742e+02,8.640616990229806333e+02,8.643519031591116573e+02,8.646442565066510042e+02,8.649388611341206570e+02,8.652358237592051182e+02,8.655352559018933789e+02,8.658372740407859283e+02,8.661419997724599398e+02,8.664495599737466591e+02,8.667600869667174948e+02,8.670737186860766315e+02,8.673905988485188345e+02,8.677108771234134110e+02,8.680347093038956245e+02,8.683622574770857909e+02,8.686936901916701572e+02,8.690291826204685321e+02,8.693689167148365868e+02,8.697130813467949793e+02,8.700618724336125069e+02,8.704154930381732811e+02,8.707741534368026350e+02,8.711380711443065366e+02,8.715074708837681783e+02,8.718825844861599990e+02,8.722636507020712315e+02,8.726509149048599738e+02,8.730446286613663460e+02,8.734450491430627608e+02,8.738524383472853287e+02,8.742670620951554383e+02,8.746891887701858650e+02,8.751190877596275186e+02,8.755570275597000318e+02,8.760032735063427936e+02,8.764580850954693005e+02,8.769217128614072863e+02,8.773943947897741964e+02,8.778763522519768685e+02,8.783677854633081097e+02,8.788688684855610518e+02,8.793797438183522672e+02,8.799005166507689637e+02,8.804312488759729831e+02,8.809719530049338800e+02,8.815225861498216773e+02,8.820830442804261793e+02,8.826531569852447774e+02,8.832326829890633917e+02,8.838213066870727062e+02,8.844186359480976307e+02,8.850242014133281145e+02,8.856374574703502276e+02,8.862577850156922068e+02,8.868844960355635294e+02,8.875168399398742167e+02,8.881540114874059100e+02,8.887951585509140386e+02,8.894393953454233497e+02,8.900858119156243902e+02,8.907334853050235779e+02,8.913814905941324014e+02,8.920289114609206536e+02,8.926748499702609934e+02,8.933184353641920552e+02,8.939588316944383450e+02,8.945952442066643471e+02,8.952269244477841994e+02,8.958531741202608600e+02,8.964733477491765825e+02,8.970868542586338208e+02,8.976931575743744816e+02,8.982917763806046878e+02,8.988822831624257788e+02,8.994643026626517894e+02,9.000375098747205129e+02,9.006016276833166785e+02,9.011564242524329984e+02,9.017017102478822608e+02,9.022373359684950174e+02,9.027631884479382052e+02,9.032791885776453000e+02,9.037852882909833170e+02,9.042814678396047157e+02,9.047677331849773736e+02,9.052441135213152847e+02,9.057106589404747865e+02,9.061674382447423568e+02,9.066145369097008597e+02,9.070520551964179958e+02,9.074801064099358427e+02,9.078988152993499625e+02,9.083083165935597663e+02,9.087087536659494162e+02,9.091002773207686687e+02,9.094830446937306760e+02,9.098572182593030675e+02,9.102229649372713993e+02,9.105804552913732550e+02,9.109298628130995894e+02,9.112713632841173421e+02,9.116051342111572922e+02,9.119313543276198288e+02,9.122502031565693414e+02,9.125618606301986802e+02,9.128665067612485018e+02,9.131643213622504618e+02,9.134554838088311044e+02,9.137401728436515214e+02,9.140185664178759453e+02,9.142908415673527998e+02,9.145571743209447959e+02,9.148177396386799956e+02,9.150727113775838006e+02,9.153222622832162187e+02,9.155665640050558522e+02,9.158057871339506164e+02,9.160401012598890702e+02,9.162696750483198684e+02,9.164946763331679449e+02,9.167152722245466521e+02,9.169316292289385046e+02,9.171439133793036262e+02,9.173522903721678858e+02,9.175569257082248669e+02,9.177579848323492797e+02,9.179556332681638651e+02,9.181500367414092807e+02,9.183413612853512404e+02,9.185297733203227608e+02,9.187154396982668914e+02,9.188985277018565512e+02,9.190792049864769524e+02,9.192576394521586280e+02,9.194339990315513660e+02,9.196084513794066879e+02,9.197811634489668222e+02,9.199523009414050421e+02,9.201220276162873688e+02,9.202905044542560518e+02,9.204578886680708365e+02,9.206243325650840461e+02,9.207899822733725159e+02,9.209549763551763135e+02,9.211194443448243874e+02,9.212835052634908379e+02,9.214472661790050552e+02,9.216108208941689099e+02,9.217742488596985595e+02,9.219376144156990449e+02,9.221009664658847669e+02,9.222643386791029343e+02,9.224277502911985493e+02,9.225912075462283610e+02,9.227547057707388376e+02,9.229182320218974382e+02,9.230817681958010326e+02
8.380503219204405241e+02,8.380503220017897092e+02,8.380521863879508828e+02,8.380559170313039203e+02,8.380615179000320722e+02,8.380689951056393738e+02,8.380783570824989965e+02,8.380896148072968117e+02,8.381027820450306081e+02,8.381178756085535042e+02,8.381349156201468986e+02,8.381539257658558881e+02,8.381749335358581448e+02,8.381979704466133398e+02,8.382230722426754710e+02,8.382502790776970869e+02,8.382796356752334077e+02,8.383111914704829815e+02,8.383450007340986758e+02,8.383811226787687474e+02,8.384196215484375898e+02,8.384605666889117401e+02,8.385040325972115625e+02,8.385500989454487808e+02,8.385988505732653948e+02,8.386503774410106189e+02,8.387047745338875302e+02,8.387621417053469486e+02,8.388225834460960186e+02,8.388862085633476227e+02,8.389531297534925898e+02,8.390234630504133975e+02,8.390973271314043131e+02,8.391748424633632339e+02,8.392561302738796485e+02,8.393413113353210520e+02,8.394305045552933962e+02,8.395238253740856180e+02,8.396213839789724034e+02,8.397232833564418115e+02,8.398296172162185940e+02,8.399404678348589641e+02,8.400559038809285539e+02,8.401759782974036170e+02,8.403007263287561273e+02,8.404301637887543848e+02,8.405642856686647519e+02,8.407030651825436962e+02,8.408464533350838792e+02,8.409943790770373653e+02,8.411467500835738065e+02,8.413034541535314474e+02,8.414643611855880181e+02,8.416293256457621510e+02,8.417981894052030611e+02,8.419707848034768176e+02,8.421469377842578297e+02,8.423264709575013285e+02,8.425092064620278052e+02,8.426949685305636422e+02,8.428835856909564654e+02,8.430748925684100641e+02,8.432687312812294067e+02,8.434649524449678211e+02,8.436634158163986967e+02,8.438639906195251115e+02,8.440665556015944730e+02,8.442709988687173563e+02,8.444772175492466886e+02,8.446851173294875252e+02,8.448946119014218539e+02,8.451056223566049539e+02,8.453180765547181181e+02,8.455319084897981838e+02,8.457470576721261750e+02,8.459634685392721849e+02,8.461810899059159965e+02,8.463998744587842111e+02,8.466197783003431141e+02,8.468407605427017870e+02,8.470627829514621681e+02,8.472858096379314929e+02,8.475098067971302953e+02,8.477347424883446365e+02,8.479605864545102349e+02,8.481873099764668495e+02,8.484148857580246386e+02,8.486432878378182068e+02,8.488724915240647988e+02,8.491024733485579645e+02,8.493332110365072367e+02,8.495646834891509798e+02,8.497968707764139253e+02,8.500297541372391379e+02,8.502633159855793110e+02,8.504975399203786992e+02,8.507324107382094098e+02,8.509679144475267094e+02,8.512040382837855077e+02,8.514407707249009718e+02,8.516781015067450653e+02,8.519160216385425883e+02,8.521545234181688784e+02,8.523936004474593346e+02,8.526332476477161890e+02,8.528734612756503566e+02,8.531142389400255297e+02,8.533555796192802063e+02,8.535974836804027746e+02,8.538399528993163585e+02,8.540829904830121677e+02,8.543266010936409884e+02,8.545707908747480133e+02,8.548155674798043719e+02,8.550609401031708785e+02,8.553069195136006329e+02,8.555535180903755190e+02,8.558007498621544755e+02,8.560486305486059564e+02,8.562971776048915444e+02,8.565464102690660866e+02,8.567963496124651783e+02,8.570470185931546894e+02,8.572984421125253220e+02,8.575506470751237202e+02,8.578036624518219924e+02,8.580575193464369477e+02,8.583122510659197815e+02,8.585678931942450163e+02,8.588244836701359191e+02,8.590820628687688441e+02,8.593406736876029299e+02,8.596003616364856725e+02,8.598611749321854631e+02,8.601231645975016136e+02,8.603863845651037536e+02,8.606508917862465751e+02,8.609167463445098747e+02,8.611840115747063464e+02,8.614527541871027552e+02,8.617230443970989882e+02,8.619949560605127772e+02,8.622685668146218632e+02,8.625439582251232196e+02,8.628212159391810019e+02,8.631004298447452356e+02,8.633816942363408771e+02,8.636651079875437063e+02,8.639507747303742917e+02,8.642388030418577500e+02,8.645293066380035043e+02,8.648224045754574263e+02,8.651182214610621486e+02,8.654168876695210884e+02,8.657185395692874863e+02,8.660233197566906256e+02,8.663313772981366583e+02,8.666428679799888641e+02,8.669579545654007688e+02,8.672768070569474048e+02,8.675996029633320177e+02,8.679265275677335012e+02,8.682577741944566014e+02,8.685935444694398484e+02,8.689340485688284161e+02,8.692795054481996431e+02,8.696301430431143444e+02,8.699861984294340118e+02,8.703479179292653498e+02,8.707155571454756000e+02,8.710893809044563341e+02,8.714696630832336268e+02,8.718566862931720607e+02,8.722507413884876541e+02,8.726521267636817356e+02,8.730611474000186263e+02,8.734781136175165557e+02,8.739033394859031887e+02,8.743371408459865961e+02,8.747798328923653344e+02,8.752317272698819579e+02,8.756931286403485046e+02,8.761643306835036356e+02,8.766456115076197193e+02,8.771372284613414649e+02,8.776394123598067836e+02,8.781523611652509089e+02,8.786762331952124896e+02,8.792111399697090519e+02,8.797571388512884596e+02,8.803142256767944218e+02,8.808823276242153497e+02,8.814612965982948936e+02,8.820509034499528980e+02,8.826508333616502568e+02,8.832606827281277901e+02,8.838799578346366843e+02,8.845080755796656149e+02,8.851443664058467675e+02,8.857880794945605203e+02,8.864383901544397304e+02,8.870944092032705157e+02,8.877551926059039715e+02,8.884197565630061035e+02,8.890870892311243097e+02,8.897561640579933737e+02,8.904259528958474448e+02,8.910954384580354599e+02,8.917636257598931024e+02,8.924295522740035267e+02,8.930922966227315101e+02,8.937509857191155334e+02,8.944048003450445776e+02,8.950529792196757626e+02,8.956948216599198531e+02,8.963296889687798057e+02,8.969570047077529580e+02,8.975762540184319960e+02,8.981869821581801716e+02,8.987887924075951105e+02,8.993813434955592356e+02,8.999643466727846999e+02,9.005375625484060720e+02,9.011007977874826338e+02,9.016539017510729082e+02,9.021967631454162984e+02,9.027293067330310805e+02,9.032514901464033983e+02,9.037633008344423615e+02,9.042647531629717150e+02,9.047558856831195726e+02,9.052367585754191168e+02,9.057074512725966997e+02,9.061680602602290264e+02,9.066186970515628900e+02,9.070594863306491789e+02,9.074905642564294794e+02,9.079120769194038303e+02,9.083241789419115548e+02,9.087270322127742475e+02,9.091208047470240672e+02,9.095056696615960163e+02,9.098818042581605141e+02,9.102493892046697965e+02,9.106086078076492640e+02,9.109596453677689851e+02,9.113026886117538652e+02,9.116379251942124711e+02,9.119655432634936005e+02,9.122857310861772930e+02,9.125986767252985601e+02,9.129045677678577704e+02,9.132035910976035211e+02,9.134959327094779837e+02,9.137817775624801016e+02,9.140613094680429640e+02,9.143347110113246572e+02,9.146021635030788275e+02,9.148638469600099370e+02,9.151199401117075922e+02,9.153706204324133751e+02,9.156160641959805844e+02,9.158564465524466414e+02,9.160919416246448463e+02,9.163227226232140765e+02,9.165489619782374575e+02,9.167708314855153731e+02,9.169885024651621279e+02,9.172021459297840238e+02,9.174119327589378372e+02,9.176180338758671269e+02,9.178206204216521655e+02,9.180198639208765599e+02,9.182159364317044492e+02,9.184090106718712150e+02,9.185992601105358517e+02,9.187868590142468292e+02,9.189719824335049907e+02,9.191548061146245345e+02,9.193355063199610413e+02,9.195142595382274067e+02,9.196912420658280780e+02,9.198666294401726873e+02,9.200405957071722014e+02,9.202133125079760703e+02,9.203849479749430884e+02,9.205556654343231457e+02,9.207256219235425760e+02,9.208949665446262998e+02,9.210638386921269785e+02,9.212323662135968334e+02,9.214006635821810960e+02,9.215688301826977522e+02,9.217369488321978679e+02,9.219050846702810986e+02,9.220732845596363632e+02,9.222415771294647584e+02,9.224099735702900489e+02,9.225784692463453212e+02,9.227470461320577897e+02,9.229156760065627623e+02,9.230843242631003704e+02
8.379906114374979325e+02,8.379906115039810857e+02,8.379924486750288679e+02,8.379961245462361603e+02,8.380016423879493459e+02,8.380090073034702982e+02,8.380182264495745130e+02,8.380293093022850144e+02,8.380422679495371767e+02,8.380571173932756892e+02,8.380738758460273630e+02,8.380925650104156830e+02,8.381132103337560011e+02,8.381358412332996295e+02,8.381604912905431775e+02,8.381871984151141532e+02,8.382160049800597790e+02,8.382469579309382652e+02,8.382801088710527893e+02,8.383155141246014637e+02,8.383532347785425145e+02,8.383933367027258328e+02,8.384358905463825522e+02,8.384809717074775790e+02,8.385286602697630087e+02,8.385790409006783648e+02,8.386322027015685308e+02,8.386882390000846499e+02,8.387472470731792100e+02,8.388093277878779190e+02,8.388745851461393386e+02,8.389431257197308014e+02,8.390150579613374475e+02,8.390904913792656998e+02,8.391695355653075694e+02,8.392522990687839410e+02,8.393388881146463518e+02,8.394294051698714156e+02,8.395239473702168880e+02,8.396226048285905108e+02,8.397254588565079985e+02,8.398325801409151836e+02,8.399440269293983192e+02,8.400598432866898975e+02,8.401800574934618453e+02,8.403046806635668418e+02,8.404337056569623883e+02,8.405671063613849583e+02,8.407048374054874103e+02,8.408468343491840642e+02,8.409930143736642094e+02,8.411432774652480475e+02,8.412975080564046948e+02,8.414555770571772655e+02,8.416173441848468428e+02,8.417826604824264223e+02,8.419513709098399659e+02,8.421233168955802739e+02,8.422983387496814203e+02,8.424762778582328338e+02,8.426569786023021607e+02,8.428402899671889372e+02,8.430260668291473394e+02,8.432141709246748178e+02,8.434044715214135977e+02,8.435968458195518451e+02,8.437911791186301116e+02,8.439873647874169365e+02,8.441853040746793795e+02,8.443849057969240448e+02,8.445860859361375788e+02,8.447887671767415441e+02,8.449928784068133609e+02,8.451983542044290516e+02,8.454051343259658324e+02,8.456131632095128907e+02,8.458223895032501787e+02,8.460327656257952640e+02,8.462442473630975428e+02,8.464567935044483420e+02,8.466703655185400521e+02,8.468849272692153818e+02,8.471004447695474937e+02,8.473168859721528179e+02,8.475342205931117405e+02,8.477524199665342621e+02,8.479714569266226363e+02,8.481913057140174033e+02,8.484119419032604128e+02,8.486333423483246179e+02,8.488554851433486874e+02,8.490783495959385618e+02,8.493019162106638760e+02,8.495261666806508174e+02,8.497510838854619806e+02,8.499766518937334467e+02,8.502028559693176248e+02,8.504296825799318640e+02,8.506571194075509084e+02,8.508851553599912449e+02,8.511137805833199081e+02,8.513429864748727596e+02,8.515727656967999337e+02,8.518031121901550478e+02,8.520340211896224218e+02,8.522654892390333998e+02,8.524975142078559429e+02,8.527300953088650886e+02,8.529632331172056183e+02,8.531969295910565734e+02,8.534311880940966830e+02,8.536660134199539698e+02,8.539014118188071052e+02,8.541373910262861955e+02,8.543739602948040783e+02,8.546111304274368194e+02,8.548489138144565231e+02,8.550873244726125222e+02,8.553263780872534880e+02,8.555660920573780004e+02,8.558064855437044116e+02,8.560475795198560718e+02,8.562893968267629816e+02,8.565319622303902634e+02,8.567753024829157766e+02,8.570194463874871644e+02,8.572644248667052125e+02,8.575102710349879089e+02,8.577570202749848249e+02,8.580047103182224646e+02,8.582533813301716918e+02,8.585030759999400516e+02,8.587538396348031711e+02,8.590057202597968171e+02,8.592587687226031221e+02,8.595130388039758600e+02,8.597685873339567024e+02,8.600254743141491645e+02,8.602837630463296819e+02,8.605435202676879953e+02,8.608048162930108447e+02,8.610677251641377552e+02,8.613323248070463478e+02,8.615986971969471142e+02,8.618669285318004540e+02,8.621371094146999212e+02,8.624093350455998461e+02,8.626837054229034720e+02,8.629603255554591215e+02,8.632393056855443092e+02,8.635207615234385230e+02,8.638048144941972168e+02,8.640915919972288748e+02,8.643812276792428975e+02,8.646738617210614848e+02,8.649696411386735235e+02,8.652687200987207916e+02,8.655712602483532692e+02,8.658774310590262075e+02,8.661874101833408304e+02,8.665013838234063996e+02,8.668195471084076189e+02,8.671421044780680631e+02,8.674692700674653452e+02,8.678012680871520388e+02,8.681383331907239835e+02,8.684807108198269816e+02,8.688286575140564310e+02,8.691824411702755242e+02,8.695423412325064874e+02,8.699086487897598090e+02,8.702816665549357822e+02,8.706617086933265455e+02,8.710491004643084807e+02,8.714441776346703818e+02,8.718472856168414182e+02,8.722587782802866059e+02,8.726790163798632420e+02,8.731083655413870019e+02,8.735471937425617170e+02,8.739958682274449302e+02,8.744547517954939622e+02,8.749241984128614149e+02,8.754045481049275850e+02,8.758961211060747019e+02,8.763992112663512444e+02,8.769140787457321267e+02,8.774409420655712211e+02,8.779799696334692953e+02,8.785312709112386074e+02,8.790948874539863027e+02,8.796707841083176618e+02,8.802588407145650535e+02,8.808588447056242785e+02,8.814704850260213789e+02,8.820933478012703972e+02,8.827269141618162394e+02,8.833705605622101302e+02,8.840235618325402811e+02,8.846850970588367318e+02,8.853542582220416080e+02,8.860300613476252920e+02,8.867114584161184894e+02,8.873973547834353894e+02,8.880866236157337426e+02,8.887781218612387875e+02,8.894707058616967288e+02,8.901632460573619028e+02,8.908546403469953248e+02,8.915438257869781182e+02,8.922297884373815577e+02,8.929115712769544189e+02,8.935882802063648569e+02,8.942590882360568685e+02,8.949232380109355063e+02,8.955800428600792884e+02,8.962288865783544907e+02,8.968692221513878167e+02,8.975005696292031416e+02,8.981225133400881759e+02,8.987346986176819428e+02,8.993368281931253705e+02,8.999286583821393606e+02,9.005099951753709320e+02,9.010806903201490741e+02,9.016406374634572103e+02,9.021897684097281171e+02,9.027280495330995791e+02,9.032554783719643865e+02,9.037720804238866776e+02,9.042779061510349266e+02,9.047730281999896533e+02,9.052575388348951719e+02,9.057315475792393045e+02,9.061951790588352651e+02,9.066485710367064712e+02,9.070918726293431291e+02,9.075252426930950378e+02,9.079488483691724241e+02,9.083628637757349225e+02,9.087674688357977857e+02,9.091628482300980068e+02,9.095491904645905379e+02,9.099266870428509719e+02,9.102955317343115667e+02,9.106559199299223337e+02,9.110080480774997795e+02,9.113521131896834504e+02,9.116883124180520781e+02,9.120168426875598016e+02,9.123379003860218290e+02,9.126516811039196000e+02,9.129583794202923173e+02,9.132581887309447666e+02,9.135513011156276661e+02,9.138379072412298001e+02,9.141181962983783933e+02,9.143923559691481842e+02,9.146605724238614812e+02,9.149230303451922737e+02,9.151799129779792565e+02,9.154314022033020137e+02,9.156776786354648721e+02,9.159189217405735235e+02,9.161553099753554079e+02,9.163870209447661637e+02,9.166142315767231139e+02,9.168371183119954821e+02,9.170558573068447004e+02,9.172706246454222310e+02,9.174815965581763066e+02,9.176889496415681151e+02,9.178928610732283460e+02,9.180935088152808703e+02,9.182910717968960626e+02,9.184857300652311096e+02,9.186776648917527837e+02,9.188670588185951829e+02,9.190540956271212281e+02,9.192389602083917453e+02,9.194218383129573340e+02,9.196029161555590008e+02,9.197823798492975129e+02,9.199604146440683508e+02,9.201372039461024315e+02,9.203129280999619368e+02,9.204877629219915889e+02,9.206618779857250274e+02,9.208354346756414088e+02,9.210085840462882061e+02,9.211814645489498616e+02,9.213541997169082833e+02,9.215268959310811852e+02,9.216996404174752797e+02,9.218724996522108768e+02,9.220455183635040157e+02,9.222187193169307875e+02,9.223921040448403801e+02,9.225656546289720836e+02,9.227393365667678609e+02,9.229131026515594840e+02,9.230868976862948330e+02
8.379290651620793824e+02,8.379290652103949242e+02,8.379308735332153901e+02,8.379344912901142379e+02,8.379399209015635961e+02,8.379471662501324545e+02,8.379562329579183597e+02,8.379671287159884514e+02,8.379798636404009358e+02,8.379944506313479451e+02,8.380109057161062083e+02,8.380292483616768777e+02,8.380495017482899129e+02,8.380716929996726776e+02,8.380958533697120174e+02,8.381220183877533145e+02,8.381502279662821593e+02,8.381805264752819085e+02,8.382129627873208619e+02,8.382475902966136800e+02,8.382844669140879432e+02,8.383236550390165576e+02,8.383652215061800916e+02,8.384092375058685320e+02,8.384557784723903069e+02,8.385049239351860706e+02,8.385567573251686326e+02,8.386113657275975584e+02,8.386688395716911373e+02,8.387292722463550945e+02,8.387927596309567662e+02,8.388593995301116593e+02,8.389292910020899399e+02,8.390025335718439692e+02,8.390792263219382221e+02,8.391594668579419931e+02,8.392433501492245114e+02,8.393309672515897546e+02,8.394224039247488918e+02,8.395177391651056951e+02,8.396170436824365879e+02,8.397203783573866076e+02,8.398277927247370371e+02,8.399393235345012272e+02,8.400549934483025254e+02,8.401748099313909961e+02,8.402987644002047318e+02,8.404268316808527288e+02,8.405589698247385968e+02,8.406951203136387676e+02,8.408352086682957633e+02,8.409791454530956116e+02,8.411268276464630844e+02,8.412781403245871843e+02,8.414329585875615294e+02,8.415911496442975022e+02,8.417525749671166295e+02,8.419170924289836648e+02,8.420845583449729475e+02,8.422548293530421688e+02,8.424277640854793390e+02,8.426032245994854293e+02,8.427810775516277317e+02,8.429611951151624680e+02,8.431434556508139622e+02,8.433277441502511920e+02,8.435139524773071571e+02,8.437019794352455619e+02,8.438917306895109505e+02,8.440831185748783128e+02,8.442760618141909390e+02,8.444704851733598616e+02,8.446663190743263385e+02,8.448634991845299282e+02,8.450619659982877465e+02,8.452616644225046230e+02,8.454625433763957290e+02,8.456645554124610271e+02,8.458676563638268817e+02,8.460718050212578873e+02,8.462769628416364185e+02,8.464830936884776520e+02,8.466901636040711310e+02,8.468981406120838074e+02,8.471069945489025486e+02,8.473166969215976678e+02,8.475272207901383581e+02,8.477385406713613065e+02,8.479506324621538624e+02,8.481634733793617897e+02,8.483770419140372496e+02,8.485913177977964779e+02,8.488062819792473874e+02,8.490219166086554878e+02,8.492382050292459326e+02,8.494551317737592626e+02,8.496726825651095396e+02,8.498908443202011540e+02,8.501096051561646618e+02,8.503289543984477632e+02,8.505488825903621546e+02,8.507693815038239791e+02,8.509904441511415598e+02,8.512120647978018724e+02,8.514342389762783796e+02,8.516569635009434478e+02,8.518802364842065344e+02,8.521040573540241212e+02,8.523284268729457835e+02,8.525533471588611292e+02,8.527788217076150659e+02,8.530048554176496509e+02,8.532314546168229299e+02,8.534586270915452815e+02,8.536863821183617347e+02,8.539147304981022444e+02,8.541436845927136119e+02,8.543732583648811669e+02,8.546034674205487818e+02,8.548343290544445381e+02,8.550658622987245963e+02,8.552980879748527059e+02,8.555310287488423455e+02,8.557647091899981433e+02,8.559991558333067587e+02,8.562343972456377514e+02,8.564704640959337212e+02,8.567073892295811675e+02,8.569452077471698885e+02,8.571839570878664745e+02,8.574236771176426828e+02,8.576644102226182440e+02,8.579062014077935601e+02,8.581490984014689047e+02,8.583931517656641290e+02,8.586384150128742476e+02,8.588849447295204982e+02,8.591328007064796566e+02,8.593820460771021317e+02,8.596327474631599443e+02,8.598849751292008250e+02,8.601388031458191108e+02,8.603943095624008492e+02,8.606515765899407597e+02,8.609106907945844114e+02,8.611717433025947912e+02,8.614348300175066697e+02,8.617000518502794648e+02,8.619675149633204683e+02,8.622373310292985025e+02,8.625096175057082064e+02,8.627844979261772096e+02,8.630621022095111812e+02,8.633425669874545747e+02,8.636260359520831571e+02,8.639126602236304961e+02,8.642025987393764126e+02,8.644960186639608537e+02,8.647930958211185271e+02,8.650940151463383927e+02,8.653989711592961385e+02,8.657081684540725064e+02,8.660218222041083891e+02,8.663401586775270289e+02,8.666634157568311139e+02,8.669918434550133952e+02,8.673257044177589705e+02,8.676652743986185214e+02,8.680108426907514740e+02,8.683627124950407961e+02,8.687212012000330787e+02,8.690866405442583300e+02,8.694593766260285292e+02,8.698397697198656715e+02,8.702281938523469762e+02,8.706250360835293804e+02,8.710306954334655529e+02,8.714455813869579970e+02,8.718701119040813410e+02,8.723047108597072565e+02,8.727498048330439815e+02,8.732058191689814066e+02,8.736731732379065534e+02,8.741522748308907467e+02,8.746435136441330087e+02,8.751472538316852479e+02,8.756638256401033686e+02,8.761935161837666328e+02,8.767365594756281553e+02,8.772931258945963009e+02,8.778633113458066646e+02,8.784471264501498808e+02,8.790444861789590050e+02,8.796552004207903792e+02,8.802789660197385047e+02,8.809153608471654024e+02,8.815638404494291080e+02,8.822237377433244774e+02,8.828942661032851902e+02,8.835745260022016510e+02,8.842635151432305065e+02,8.849601417761782614e+02,8.856632394014789043e+02,8.863715871333423593e+02,8.870839274744513432e+02,8.877989855258153966e+02,8.885154876274846174e+02,8.892321787426151332e+02,8.899478380512490503e+02,8.906612923894036840e+02,8.913714273342519618e+02,8.920771958833317967e+02,8.927776247965367702e+02,8.934718187607720665e+02,8.941589625990947070e+02,8.948383217818974344e+02,8.955092415116621396e+02,8.961711446498633222e+02,8.968235287395212936e+02,8.974659623538768756e+02,8.980980809741959092e+02,8.987195825705290417e+02,8.993302230303509077e+02,8.999298115527408299e+02,9.005182061009921881e+02,9.010953089846892681e+02,9.016610626235017207e+02,9.022154455291663453e+02,9.027584685291471942e+02,9.032901712450151308e+02,9.038106188303634099e+02,9.043198989667491787e+02,9.048181191114324520e+02,9.053054039872824887e+02,9.057818933028947868e+02,9.062477396894900039e+02,9.067031068403662175e+02,9.071481678383893268e+02,9.075831036571119057e+02,9.080081018214922324e+02,9.084233552147771888e+02,9.088290610188303162e+02,9.092254197759909857e+02,9.096126345613980675e+02,9.099909102555754998e+02,9.103604529079243548e+02,9.107214691826036415e+02,9.110741658790734618e+02,9.114187495203289018e+02,9.117554260025665371e+02,9.120844003006830008e+02,9.124058762246256720e+02,9.127200562221808013e+02,9.130271412243088207e+02,9.133273305296160061e+02,9.136208217249912877e+02,9.139078106398275168e+02,9.141884913316112033e+02,9.144630561009756775e+02,9.147316955345908127e+02,9.149945985744976724e+02,9.152519526126826577e+02,9.155039436098248871e+02,9.157507562372251186e+02,9.159925740409411219e+02,9.162295796270759638e+02,9.164619548670062841e+02,9.166898811210475060e+02,9.169135394786338793e+02,9.171331110125015584e+02,9.173487770435737048e+02,9.175607194122277406e+02,9.177691207503415853e+02,9.179741647469178361e+02,9.181760363981629780e+02,9.183749222306034881e+02,9.185710104831684930e+02,9.187644912311515100e+02,9.189555564316591472e+02,9.191443998666560447e+02,9.193312169562201461e+02,9.195162044113960746e+02,9.196995596935001913e+02,9.198814802454119217e+02,9.200621624610047320e+02,9.202418003622771039e+02,9.204205839609473969e+02,9.205986972933426387e+02,9.207763161353777832e+02,9.209536054290731499e+02,9.211307164837112396e+02,9.213077840528088700e+02,9.214849234307816914e+02,9.216622277569872494e+02,9.218397657542896013e+02,9.220175801568877887e+02,9.221956870888558342e+02,9.223740766312216692e+02,9.225527147537479777e+02,9.227315466847289827e+02,9.229105016528928900e+02,9.230894987753008536e+02
8.378657120772155622e+02,8.378657121031616271e+02,8.378674903698113212e+02,8.378710474998702011e+02,8.378763848715909717e+02,8.378835048806546411e+02,8.378924112970331635e+02,8.379031096820469884e+02,8.379156078301463140e+02,8.379299162038628310e+02,8.379460483371514101e+02,8.379640211902002420e+02,8.379838554463840410e+02,8.380055757484418564e+02,8.380292108757755614e+02,8.380547938678801074e+02,8.380823621005138193e+02,8.381119573215556784e+02,8.381436256529091224e+02,8.381774175635794109e+02,8.382133878174504389e+02,8.382515953974871081e+02,8.382921034062565013e+02,8.383349789408765673e+02,8.383802929388326675e+02,8.384281199895983718e+02,8.384785381056794904e+02,8.385316284456120002e+02,8.385874749806171167e+02,8.386461640961065314e+02,8.387077841190985055e+02,8.387724247629263346e+02,8.388401764814985881e+02,8.389111297268741509e+02,8.389853741061577921e+02,8.390629974367585646e+02,8.391440847029302859e+02,8.392287169212157778e+02,8.393169699278726057e+02,8.394089131074056240e+02,8.395046080877272061e+02,8.396041074338612589e+02,8.397074533780804586e+02,8.398146766293896235e+02,8.399257953087885653e+02,8.400408140581495218e+02,8.401597233692649525e+02,8.402824991751750758e+02,8.404091027379920433e+02,8.405394808561279660e+02,8.406735663995161758e+02,8.408112791649922428e+02,8.409525270267920405e+02,8.410972073407889411e+02,8.412452085473929628e+02,8.413964119084830600e+02,8.415506933093524822e+02,8.417079250575835658e+02,8.418679776165217845e+02,8.420307212204655798e+02,8.421960273304740667e+02,8.423637699024272933e+02,8.425338264514377897e+02,8.427060789079988581e+02,8.428804142707610936e+02,8.430567250682717031e+02,8.432349096473459440e+02,8.434148723091109332e+02,8.435965233154283851e+02,8.437797787886687502e+02,8.439645605270163742e+02,8.441507957559194892e+02,8.443384168342543035e+02,8.445273609314482428e+02,8.447175696894022394e+02,8.449089888806763611e+02,8.451015680721634453e+02,8.452952603014227861e+02,8.454900217710143124e+02,8.456858115645769658e+02,8.458825913870352906e+02,8.460803253301775158e+02,8.462789796639233373e+02,8.464785226528580324e+02,8.466789243970414418e+02,8.468801566956765328e+02,8.470821929319317860e+02,8.472850079770254297e+02,8.474885781115900727e+02,8.476928809623178722e+02,8.478978954519352556e+02,8.481036017606460291e+02,8.483099812973129019e+02,8.485170166788027473e+02,8.487246917160890689e+02,8.489329914058881741e+02,8.491419019267806334e+02,8.493514106389495737e+02,8.495615060868298087e+02,8.497721780041191550e+02,8.499834173207370895e+02,8.501952161714438034e+02,8.504075679059312733e+02,8.506204671002914210e+02,8.508339095698323717e+02,8.510478923832735063e+02,8.512624138783892249e+02,8.514774736792033991e+02,8.516930727148538836e+02,8.519092132402596462e+02,8.521258988587276235e+02,8.523431345466375433e+02,8.525609266803386390e+02,8.527792830653903593e+02,8.529982129682745153e+02,8.532177271507007390e+02,8.534378379066259868e+02,8.536585591021085975e+02,8.538799062181159343e+02,8.541018963964131672e+02,8.543245484886605254e+02,8.545478831088599918e+02,8.547719226893008226e+02,8.549966915401630558e+02,8.552222159129590864e+02,8.554485240680007792e+02,8.556756463461041449e+02,8.559036152447579298e+02,8.561324654990033878e+02,8.563622341672946732e+02,8.565929607226288454e+02,8.568246871492618766e+02,8.570574580453480849e+02,8.572913207318703144e+02,8.575263253682556979e+02,8.577625250751034400e+02,8.579999760644861908e+02,8.582387377783211377e+02,8.584788730353535584e+02,8.587204481873347959e+02,8.589635332850319855e+02,8.592082022547575662e+02,8.594545330861720913e+02,8.597026080321713835e+02,8.599525138217486528e+02,8.602043418867878017e+02,8.604581886038279208e+02,8.607141555519153826e+02,8.609723497877381533e+02,8.612328841393142511e+02,8.614958775195686940e+02,8.617614552611904628e+02,8.620297494741899982e+02,8.623008994275838859e+02,8.625750519565955301e+02,8.628523618966736421e+02,8.631329925454704153e+02,8.634171161536827412e+02,8.637049144453017107e+02,8.639965791673346303e+02,8.642923126684084991e+02,8.645923285048189655e+02,8.648968520714975057e+02,8.652061212540069164e+02,8.655203870959712731e+02,8.658399144742688804e+02,8.661649827717907328e+02,8.664958865345433878e+02,8.668329360962865167e+02,8.671764581496870505e+02,8.675267962380854669e+02,8.678843111363689786e+02,8.682493810831076644e+02,8.686224018190423521e+02,8.690037863792723556e+02,8.693939645781916852e+02,8.697933821175702178e+02,8.702024992394744913e+02,8.706217888374339964e+02,8.710517339320051633e+02,8.714928244115101279e+02,8.719455529363100368e+02,8.724104099068644018e+02,8.728878774036417099e+02,8.733784220225536501e+02,8.738824865550087679e+02,8.744004804989876902e+02,8.749327694385881387e+02,8.754796633955729703e+02,8.760414043378832503e+02,8.766181531255455184e+02,8.772099762803441081e+02,8.778168330755894431e+02,8.784385635463970630e+02,8.790748781057059205e+02,8.797253495004275692e+02,8.803894078378443737e+02,8.810663393382486674e+02,8.817552893148515523e+02,8.824552696455276646e+02,8.831651706973464115e+02,8.838837773258917423e+02,8.846097870577167441e+02,8.853418341975688008e+02,8.860785117598020406e+02,8.868183946900719548e+02,8.875600622038446090e+02,8.883021183748021485e+02,8.890432103276452835e+02,8.897820436240766639e+02,8.905173946511193890e+02,8.912481200096793827e+02,8.919731630493313332e+02,8.926915578006545502e+02,8.934024306219829441e+02,8.941049999089764242e+02,8.947985742200945651e+02,8.954825491560528690e+02,8.961564033032077532e+02,8.968196935150575655e+02,8.974720497669462702e+02,8.981131697798141431e+02,8.987428135715896360e+02,8.993607980609290280e+02,8.999669918181625690e+02,9.005613100327569782e+02,9.011437097452590024e+02,9.017141853742591593e+02,9.022727645550118041e+02,9.028195042955104554e+02,9.033544874475874167e+02,9.038778194845533562e+02,9.043896255726081108e+02,9.048900479203974783e+02,9.053792433893501084e+02,9.058573813465557123e+02,9.063246417417286693e+02,9.067812133900607705e+02,9.072272924433784738e+02,9.076630810328611005e+02,9.080887860675732099e+02,9.085046181741442979e+02,9.089107907640487838e+02,9.093075192160581537e+02,9.096950201625368209e+02,9.100735108693035045e+02,9.104432086997892384e+02,9.108043306551586511e+02,9.111570929829463239e+02,9.115017108475736904e+02,9.118383980568669358e+02,9.121673668393887056e+02,9.124888276680347872e+02,9.128029891259288888e+02,9.131100578111804680e+02,9.134102382775600972e+02,9.137037330085847771e+02,9.139907424229107846e+02,9.142714649092870332e+02,9.145460968896484246e+02,9.148148329092005042e+02,9.150778657525916060e+02,9.153353865854448941e+02,9.155875851206617426e+02,9.158346498089691750e+02,9.160767680531672568e+02,9.163141264454214934e+02,9.165469110267110864e+02,9.167753075671612351e+02,9.169995018654271917e+02,9.172196800645098165e+02,9.174360289803332762e+02,9.176487364380423060e+02,9.178579916092307940e+02,9.180639853411378226e+02,9.182669104661822530e+02,9.184669620770224583e+02,9.186643377485918336e+02,9.188592376843001830e+02,9.190518647588752401e+02,9.192424244253138568e+02,9.194311244483882319e+02,9.196181744225472130e+02,9.198037850284872547e+02,9.199881669810035874e+02,9.201715296220804703e+02,9.203540791189165020e+02,9.205360162382910403e+02,9.207175336880359282e+02,9.208988130449484970e+02,9.210800213273505506e+02,9.212613073197994709e+02,9.214427978157115149e+02,9.216245940070847382e+02,9.218067683123050529e+02,9.219893619830304488e+02,9.221723838560315016e+02,9.223558106004888941e+02,9.225395887414413210e+02,9.227236386071599554e+02,9.229078601548139886e+02,9.230921403944297481e+02
8.378005824163446960e+02,8.378005824144462395e+02,8.378023299385235987e+02,8.378058249430135902e+02,8.378110675149738427e+02,8.378180582224338195e+02,8.378267985828589417e+02,8.378372916011398956e+02,8.378495423272784137e+02,8.378635583913165874e+02,8.378793504840199375e+02,8.378969327636722255e+02,8.379163231801073835e+02,8.379375437156900261e+02,8.379606205489660624e+02,8.379855841502311478e+02,8.380124693197070656e+02,8.380413151788706045e+02,8.380721651242440657e+02,8.381050667510720587e+02,8.381400717521111119e+02,8.381772357944909118e+02,8.382166183754316080e+02,8.382582826556196096e+02,8.383022952672985184e+02,8.383487260926623321e+02,8.383976480069367199e+02,8.384491365796326363e+02,8.385032697268582069e+02,8.385601273073067432e+02,8.386197906546511831e+02,8.386823420395998028e+02,8.387478640558800862e+02,8.388164389259608242e+02,8.388881477244614189e+02,8.389630695199552974e+02,8.390412804392738053e+02,8.391228526624049664e+02,8.392078533605947541e+02,8.392963435951245401e+02,8.393883771992657330e+02,8.394839996707909222e+02,8.395832471068272298e+02,8.396861452163481090e+02,8.397927084478054667e+02,8.399029392698535048e+02,8.400168276414303818e+02,8.401343507033381002e+02,8.402554727167677129e+02,8.403801452650523061e+02,8.405083077236847657e+02,8.406398879910028654e+02,8.407748034589164945e+02,8.409129621907915180e+02,8.410542642633348578e+02,8.411986032220730749e+02,8.413458675964571967e+02,8.414959424209299641e+02,8.416487107121306508e+02,8.418040548590848857e+02,8.419618578918035610e+02,8.421220046032300388e+02,8.422843825090359360e+02,8.424488826386684650e+02,8.426154001587912035e+02,8.427838348365638694e+02,8.429540913549564038e+02,8.431260794955544497e+02,8.432997142062109788e+02,8.434749155716560836e+02,8.436516087050039232e+02,8.438297235772319027e+02,8.440091948003521338e+02,8.441899613783430141e+02,8.443719664380897711e+02,8.445551569507322256e+02,8.447394834520119957e+02,8.449248997685094764e+02,8.451113627551115997e+02,8.452988320476629269e+02,8.454872698335492487e+02,8.456766406419275199e+02,8.458669111544578527e+02,8.460580500366855858e+02,8.462500277896660918e+02,8.464428166209908113e+02,8.466363903340594561e+02,8.468307242342253858e+02,8.470257950503081474e+02,8.472215808699052104e+02,8.474180610869353814e+02,8.476152163598839024e+02,8.478130285793071153e+02,8.480114808432556401e+02,8.482105574394059886e+02,8.484102438328228573e+02,8.486105266584211222e+02,8.488113937173358181e+02,8.490128339765445844e+02,8.492148375712182542e+02,8.494173958093921328e+02,8.496205011786570367e+02,8.498241473546610223e+02,8.500283292112933395e+02,8.502330428324878540e+02,8.504382855256354787e+02,8.506440558366394953e+02,8.508503535666766311e+02,8.510571797907525706e+02,8.512645368781543311e+02,8.514724285149129628e+02,8.516808597283965128e+02,8.518898369141531930e+02,8.520993678651313985e+02,8.523094618033954930e+02,8.525201294144667372e+02,8.527313828844090722e+02,8.529432359397932260e+02,8.531557038906674961e+02,8.533688036766757250e+02,8.535825539164698057e+02,8.537969749605726975e+02,8.540120889478639583e+02,8.542279198658702626e+02,8.544444936150636067e+02,8.546618380773862782e+02,8.548799831892408747e+02,8.550989610192095824e+02,8.553188058507848837e+02,8.555395542704253558e+02,8.557612452612730749e+02,8.559839203029019927e+02,8.562076234774970089e+02,8.564324015828991605e+02,8.566583042529892964e+02,8.568853840859260345e+02,8.571136967807963174e+02,8.573433012832884970e+02,8.575742599410522189e+02,8.578066386694700896e+02,8.580405071286297698e+02,8.582759389123600613e+02,8.585130117502719713e+02,8.587518077238303249e+02,8.589924134975728975e+02,8.592349205666920398e+02,8.594794255222934680e+02,8.597260303357538760e+02,8.599748426637008833e+02,8.602259761752468421e+02,8.604795509031990832e+02,8.607356936210601361e+02,8.609945382476919349e+02,8.612562262815619079e+02,8.615209072664866881e+02,8.617887392907412050e+02,8.620598895212827983e+02,8.623345347746389962e+02,8.626128621256932547e+02,8.628950695551592389e+02,8.631813666359128092e+02,8.634719752575382472e+02,8.637671303873670468e+02,8.640670808649297214e+02,8.643720902250140625e+02,8.646824375423871061e+02,8.649984182886121289e+02,8.653203451881996671e+02,8.656485490574924597e+02,8.659833796051161698e+02,8.663252061674363631e+02,8.666744183461830744e+02,8.670314265081559597e+02,8.673966620986808493e+02,8.677705777112405485e+02,8.681536468455140039e+02,8.685463632750789884e+02,8.689492399345230069e+02,8.693628072241027667e+02,8.697876106190276460e+02,8.702242074608200255e+02,8.706731628012488500e+02,8.711350441666373854e+02,8.716104151139206806e+02,8.720998274620986876e+02,8.726038121064964344e+02,8.731228683615626096e+02,8.736574518338400139e+02,8.742079609028912728e+02,8.747747219859796814e+02,8.753579738820357079e+02,8.759578516288763694e+02,8.765743704578999314e+02,8.772074105806740363e+02,8.778567036745105270e+02,8.785218220264157480e+02,8.792021713200726936e+02,8.798969879819353537e+02,8.806053418190044795e+02,8.813261443750354829e+02,8.820581630186553639e+02,8.828000402995551212e+02,8.835503165207937855e+02,8.843074586528861118e+02,8.850698874993208847e+02,8.858360059319913944e+02,8.866042257708492116e+02,8.873729922142733813e+02,8.881408050470632816e+02,8.889062361779468802e+02,8.896679433517613234e+02,8.904246801214943616e+02,8.911753023436533567e+02,8.919187715780204826e+02,8.926541558369464155e+02,8.933806281501682633e+02,8.940974633997053616e+02,8.948040338459961731e+02,8.954998037198591874e+02,8.961843232020438563e+02,8.968572220581891088e+02,8.975182031454475009e+02,8.981670359600188931e+02,8.988035503535234056e+02,8.994276305109251552e+02,9.000392092534880248e+02,9.006382627065826227e+02,9.012248053534675591e+02,9.017988854817631363e+02,9.023605810185572409e+02,9.029099957422793068e+02,9.034472558540815044e+02,9.039725068879776018e+02,9.044859109369721182e+02,9.049876441715188093e+02,9.054778946265877266e+02,9.059568602341540782e+02,9.064247470788759529e+02,9.068817678559530577e+02,9.073281405115434382e+02,9.077640870475902375e+02,9.081898324743976900e+02,9.086056038957682404e+02,9.090116297129329723e+02,9.094081389348579023e+02,9.097953605837775513e+02,9.101735231859887563e+02,9.105428543390335108e+02,9.109035803474012027e+02,9.112559259198067139e+02,9.116001139219415563e+02,9.119363651793634062e+02,9.122648983258939097e+02,9.125859296935284419e+02,9.128996732404514205e+02,9.132063405142762349e+02,9.135061406481192989e+02,9.137992803875604295e+02,9.140859641469421604e+02,9.143663940938321275e+02,9.146407702607938290e+02,9.149092906839055104e+02,9.151721515677041907e+02,9.154295474764309120e+02,9.156816715515835767e+02,9.159287157558394483e+02,9.161708711433777808e+02,9.164083281564735444e+02,9.166412769479279632e+02,9.168699077284073837e+02,9.170944111370207565e+02,9.173149786324354409e+02,9.175318029004297387e+02,9.177450782719290601e+02,9.179550011432035035e+02,9.181617703868975013e+02,9.183655877388653153e+02,9.185666581412951928e+02,9.187651900173038939e+02,9.189613954460761533e+02,9.191554902008094814e+02,9.193476936044563672e+02,9.195382281509365612e+02,9.197273188328119886e+02,9.199151921113609660e+02,9.201020744629338424e+02,9.202881904382244329e+02,9.204737601808770933e+02,9.206589963712210647e+02,9.208441005925640184e+02,9.210292591637388568e+02,9.212146385439151572e+02,9.214003804935738344e+02,9.215865972654746656e+02,9.217733671935602615e+02,9.219607311327278012e+02,9.221486902592087063e+02,9.223372057462063367e+02,9.225262007576400265e+02,9.227155650350548513e+02,9.229051620849684241e+02,9.230948386286215737e+02
8.377337071550471137e+02,8.377337071180106705e+02,8.377354238595058860e+02,8.377388564906575539e+02,8.377440034780987617e+02,8.377508631170200033e+02,8.377594341577603245e+02,8.377697165114307154e+02,8.377817119641329100e+02,8.377954248427645325e+02,8.378108625930429980e+02,8.378280362480827534e+02,8.378469607809611261e+02,8.378676553459463321e+02,8.378901434202598466e+02,8.379144528618812728e+02,8.379406158997429657e+02,8.379686690715656141e+02,8.379986531222889425e+02,8.380306128731757553e+02,8.380645970686238115e+02,8.381006582048156588e+02,8.381388523417170973e+02,8.381792388976883785e+02,8.382218804241269936e+02,8.382668423560958217e+02,8.383141927338004962e+02,8.383640018890432657e+02,8.384163420903794304e+02,8.384712871406460408e+02,8.385289119208355260e+02,8.385892918749622140e+02,8.386525024316655390e+02,8.387186183598230400e+02,8.387877130574540843e+02,8.388598577756762324e+02,8.389351207824290668e+02,8.390135664740565744e+02,8.390952544465455958e+02,8.391802385421342478e+02,8.392685658909315407e+02,8.393602759709035581e+02,8.394553997128025458e+02,8.395539586790337125e+02,8.396559643467542173e+02,8.397614175253617077e+02,8.398703079367054443e+02,8.399826139826474218e+02,8.400983027189835184e+02,8.402173300473245945e+02,8.403396411276744402e+02,8.404651710046638300e+02,8.405938454304481411e+02,8.407255818579737934e+02,8.408602905705290596e+02,8.409978759079191377e+02,8.411382375467178463e+02,8.412812717919886154e+02,8.414268728404333615e+02,8.415749339796701634e+02,8.417253486946179919e+02,8.418780116591076421e+02,8.420328195981837780e+02,8.421896720135780470e+02,8.423484717711037320e+02,8.425091255539961139e+02,8.426715441903722876e+02,8.428356428660032407e+02,8.430013412355427818e+02,8.431685634463808583e+02,8.433372380895257265e+02,8.435072980915462040e+02,8.436786805607731594e+02,8.438513265998110455e+02,8.440251810950821891e+02,8.442001924926967149e+02,8.443763125685104569e+02,8.445534961988455507e+02,8.447317011370492992e+02,8.449108877998849039e+02,8.450910190666918425e+02,8.452720600933349715e+02,8.454539781421777889e+02,8.456367424286578398e+02,8.458203239845089456e+02,8.460046955372506545e+02,8.461898314052416481e+02,8.463757074073549802e+02,8.465623007861763654e+02,8.467495901435299857e+02,8.469375553870964950e+02,8.471261776868942661e+02,8.473154394404351706e+02,8.475053242454335987e+02,8.476958168790386026e+02,8.478869032826579542e+02,8.480785705515531845e+02,8.482708069285004058e+02,8.484636018009172176e+02,8.486569457009666166e+02,8.488508303082491011e+02,8.490452484547806762e+02,8.492401941320414380e+02,8.494356624999455789e+02,8.496316498976469802e+02,8.498281538561425350e+02,8.500251731126784307e+02,8.502227076269954296e+02,8.504207585994747660e+02,8.506193284912646959e+02,8.508184210464816033e+02,8.510180413165898017e+02,8.512181956870697377e+02,8.514188919064913534e+02,8.516201391181122062e+02,8.518219478941243779e+02,8.520243302726811407e+02,8.522272997978350304e+02,8.524308715625328432e+02,8.526350622548156934e+02,8.528398902073867021e+02,8.530453754507204849e+02,8.532515397699027062e+02,8.534584067654052433e+02,8.536660019180218342e+02,8.538743526582087497e+02,8.540834884400999272e+02,8.542934408204885131e+02,8.545042435430984824e+02,8.547159326284953522e+02,8.549285464700217290e+02,8.551421259361773082e+02,8.553567144798997788e+02,8.555723582552509470e+02,8.557891062420526396e+02,8.560070103790714029e+02,8.562261257064078563e+02,8.564465105178037447e+02,8.566682265236520379e+02,8.568913390255684135e+02,8.571159171034601059e+02,8.573420338161249674e+02,8.575697664165014658e+02,8.577991965828044840e+02,8.580304106668855866e+02,8.582634999612860156e+02,8.584985609865694869e+02,8.587356958006598688e+02,8.589750123320428656e+02,8.592166247388246347e+02,8.594606537957758974e+02,8.597072273116112910e+02,8.599564805788651256e+02,8.602085568588079241e+02,8.604636079038994012e+02,8.607217945202827423e+02,8.609832871727620613e+02,8.612482666345699727e+02,8.615169246839870993e+02,8.617894648494988132e+02,8.620661032046308492e+02,8.623470692128588553e+02,8.626326066219818358e+02,8.629229744060452276e+02,8.632184477512149670e+02,8.635193190798821661e+02,8.638258991046236588e+02,8.641385179003651729e+02,8.644575259790910877e+02,8.647832953465923538e+02,8.651162205149295232e+02,8.654567194373826169e+02,8.658052343245409475e+02,8.661622322907535363e+02,8.665282057693327715e+02,8.669036726226662495e+02,8.672891758597899070e+02,8.676852828592127480e+02,8.680925839791939325e+02,8.685116904218682521e+02,8.689432312025021474e+02,8.693878490620542152e+02,8.698461951519254853e+02,8.703189223167224782e+02,8.708066768070606258e+02,8.713100882736325730e+02,8.718297579302484337e+02,8.723662448319863643e+02,8.729200502995519173e+02,8.734916006362052485e+02,8.740812284310949281e+02,8.746891529211202396e+02,8.753154600860721075e+02,8.759600833653415748e+02,8.766227860869714732e+02,8.773031468600505605e+02,8.780005492602448385e+02,8.787141770927156585e+02,8.794430163084310834e+02,8.801858642576173679e+02,8.809413463988900048e+02,8.817079399015710806e+02,8.824840018366854792e+02,8.832678043264551206e+02,8.840575683793086910e+02,8.848514984448765972e+02,8.856478149000030271e+02,8.864447830890887872e+02,8.872407380079183667e+02,8.880341041710981926e+02,8.888234105914107204e+02,8.896073011006254774e+02,8.903845404502769725e+02,8.911540167550112983e+02,8.919147408946489577e+02,8.926658434909775224e+02,8.934065700379026111e+02,8.941362747032205789e+02,8.948544132483368685e+02,8.955605354371779185e+02,8.962542772331262313e+02,8.969353530166117707e+02,8.976035479979394722e+02,8.982587109506735032e+02,8.989007473503214669e+02,8.995296129705028534e+02,9.001453079633561174e+02,9.007478714315990374e+02,9.013373764854158026e+02,9.019139257672379699e+02,9.024776474206815919e+02,9.030286914756683245e+02,9.035672266194811755e+02,9.040934373226971275e+02,9.046075212891795445e+02,9.051096872003001863e+02,9.056001527250434719e+02,9.060791427694296090e+02,9.065468879406485030e+02,9.070036232033114629e+02,9.074495867072387227e+02,9.078850187681416628e+02,9.083101609844193263e+02,9.087252554750231184e+02,9.091305442249653197e+02,9.095262685265331584e+02,9.099126685056373844e+02,9.102899827239624528e+02,9.106584478487212664e+02,9.110182983828332226e+02,9.113697664492757440e+02,9.117130816241955245e+02,9.120484708141278816e+02,9.123761581733583625e+02,9.126963650580952390e+02,9.130093100146883671e+02,9.133152087996608088e+02,9.136142744297998206e+02,9.139067172610021998e+02,9.141927450949764307e+02,9.144725633132862868e+02,9.147463750385618368e+02,9.150143813230137084e+02,9.152767813646518107e+02,9.155337727518276552e+02,9.157855517368665232e+02,9.160323135396242833e+02,9.162742526817577300e+02,9.165115633523074621e+02,9.167444398048082803e+02,9.169730767855169233e+02,9.171976699913934681e+02,9.174184165551230308e+02,9.176355155525968712e+02,9.178491685257844210e+02,9.180595800106701745e+02,9.182669580557733298e+02,9.184715147115581431e+02,9.186734664646658075e+02,9.188730345832721014e+02,9.190704453309949713e+02,9.192659299968022424e+02,9.194597246776374959e+02,9.196520697396614423e+02,9.198432088741691359e+02,9.200333876569942504e+02,9.202228515178076123e+02,9.204118430311443717e+02,9.206005984579255710e+02,9.207893434989072148e+02,9.209782882741850472e+02,9.211676216192346374e+02,9.213575048895696682e+02,9.215480655908286280e+02,9.217393912908137281e+02,9.219315244082997651e+02,9.221244585839863248e+02,9.223181373857605649e+02,9.225124560415508768e+02,9.227072666898405942e+02,9.229023872707197143e+02,9.230976136693714125e+02
8.376651173835074360e+02,8.376651173014079177e+02,8.376668040319855209e+02,8.376701756048515790e+02,8.376752284220204956e+02,8.376819579133469915e+02,8.376903593894101050e+02,8.377004289807172199e+02,8.377121645632066702e+02,8.377255665939617302e+02,8.377406388092257430e+02,8.377573887630032914e+02,8.377758282053388257e+02,8.377959733136136720e+02,8.378178447982836587e+02,8.378414679075543745e+02,8.378668723549723154e+02,8.378940921911414534e+02,8.379231656368335734e+02,8.379541348904444931e+02,8.379870459185764275e+02,8.380219482347923758e+02,8.380588946684387111e+02,8.380979411228855724e+02,8.381391463205783339e+02,8.381825715308577855e+02,8.382282802755343027e+02,8.382763380066387526e+02,8.383268117505697319e+02,8.383797697129990638e+02,8.384352808393662144e+02,8.384934143265918465e+02,8.385542390827910140e+02,8.386178231332614814e+02,8.386842329728899585e+02,8.387535328673429831e+02,8.388257841079636137e+02,8.389010442281454516e+02,8.389793661919995884e+02,8.390607975692682885e+02,8.391453797135096693e+02,8.392331469633860479e+02,8.393241258892334145e+02,8.394183346087163500e+02,8.395157821960648334e+02,8.396164682089064399e+02,8.397203823549015169e+02,8.398275043171286143e+02,8.399378037524890033e+02,8.400512404714014565e+02,8.401677648000535328e+02,8.402873181188596163e+02,8.404098335631056216e+02,8.405352368646380228e+02,8.406634473074761900e+02,8.407943787658954307e+02,8.409279407911841417e+02,8.410640397130129031e+02,8.412025797230727449e+02,8.413434639120233669e+02,8.414865952354149385e+02,8.416318773896286984e+02,8.417792155845386333e+02,8.419285172051222617e+02,8.420796923593140946e+02,8.422326543137742192e+02,8.423873198228158117e+02,8.425436093584531818e+02,8.427014472514264298e+02,8.428607617541970285e+02,8.430214850374047728e+02,8.431835531312350440e+02,8.433469058226921788e+02,8.435114865190233786e+02,8.436772420865784170e+02,8.438441226733206122e+02,8.440120815220798249e+02,8.441810747805243409e+02,8.443510613127558599e+02,8.445220025164344406e+02,8.446938621484297300e+02,8.448666061611908162e+02,8.450402025513216131e+02,8.452146212212484215e+02,8.453898338543709770e+02,8.455658138036740183e+02,8.457425359934635480e+02,8.459199768336401348e+02,8.460981141457501735e+02,8.462769270999369837e+02,8.464563961618468966e+02,8.466365030485198986e+02,8.468172306923077031e+02,8.469985632118938383e+02,8.471804858895523012e+02,8.473629851538520370e+02,8.475460485670952266e+02,8.477296648168672846e+02,8.479138237111616263e+02,8.480985161766336660e+02,8.482837342596159260e+02,8.484694711296091327e+02,8.486557210850289721e+02,8.488424795610555975e+02,8.490297431394818659e+02,8.492175095605090291e+02,8.494057777364713502e+02,8.495945477675069242e+02,8.497838209592166550e+02,8.499735998423735737e+02,8.501638881947598065e+02,8.503546910652244151e+02,8.505460148000599929e+02,8.507378670718111380e+02,8.509302569106280316e+02,8.511231947382925682e+02,8.513166924050472062e+02,8.515107632293671713e+02,8.517054220408258516e+02,8.519006852262156144e+02,8.520965707790953729e+02,8.522930983529562354e+02,8.524902893182095340e+02,8.526881668232203992e+02,8.528867558596350591e+02,8.530860833322678900e+02,8.532861781338457376e+02,8.534870712249307871e+02,8.536887957193791863e+02,8.538913869757221846e+02,8.540948826948981605e+02,8.542993230248032432e+02,8.545047506721728041e+02,8.547112110223578156e+02,8.549187522676116942e+02,8.551274255445667904e+02,8.553372850816413120e+02,8.555483883571954493e+02,8.557607962693298305e+02,8.559745733183132188e+02,8.561897878027170918e+02,8.564065120304471748e+02,8.566248225459695504e+02,8.568448003751620945e+02,8.570665312893507917e+02,8.572901060902388508e+02,8.575156209175901267e+02,8.577431775816886557e+02,8.579728839227680055e+02,8.582048541997736493e+02,8.584392095109964202e+02,8.586760782492854105e+02,8.589155965947061304e+02,8.591579090476542433e+02,8.594031690055497847e+02,8.596515393863120380e+02,8.599031933018386553e+02,8.601583147846592965e+02,8.604170995707878546e+02,8.606797559415244905e+02,8.609465056265288467e+02,8.612175847698570124e+02,8.614932449597744153e+02,8.617737543219714098e+02,8.620593986742418338e+02,8.623504827386593661e+02,8.626473314046995711e+02,8.629502910334973649e+02,8.632597307893717016e+02,8.635760439797371646e+02,8.638996493784031827e+02,8.642309924998456836e+02,8.645705467831430724e+02,8.649188146337121452e+02,8.652763282585790421e+02,8.656436502165455522e+02,8.660213735881950470e+02,8.664101216522578852e+02,8.668105469346625114e+02,8.672233294750952837e+02,8.676491741339252712e+02,8.680888067412374767e+02,8.685429688714150416e+02,8.690124110139580580e+02,8.694978839077064094e+02,8.700001278160890479e+02,8.705198595512441671e+02,8.710577571116100444e+02,8.716144418881092406e+02,8.721904585253497544e+02,8.727862527017225602e+02,8.734021473177069765e+02,8.740383178507585171e+02,8.746947679341283219e+02,8.753713065195915988e+02,8.760675282490996096e+02,8.767827988315034418e+02,8.775162472305603387e+02,8.782667662521912462e+02,8.790330226240694174e+02,8.798134768859861197e+02,8.806064124253118734e+02,8.814099709696830587e+02,8.822221959206656265e+02,8.830410747915257161e+02,8.838645817946984380e+02,8.846907172790040477e+02,8.855175422930577724e+02,8.863432072307959970e+02,8.871659741394893217e+02,8.879842327796654899e+02,8.887965108967314336e+02,8.896014793990177623e+02,8.903979532553512399e+02,8.911848889528986319e+02,8.919613793194160962e+02,8.927266464368552761e+02,8.934800332746457343e+02,8.942209945651276257e+02,8.949490873403007072e+02,8.956639614543398693e+02,8.963653503333863455e+02,8.970530621241424569e+02,8.977269713555875796e+02,8.983870111827081928e+02,8.990331662460844200e+02,8.996654661549200682e+02,9.002839795821190592e+02,9.008888089468416638e+02,9.014800856513852523e+02,9.020579658341524691e+02,9.026226265980031940e+02,9.031742626727403831e+02,9.037130834712728529e+02,9.042393105007091663e+02,9.047531750919199567e+02,9.052549164137267326e+02,9.057447797406399559e+02,9.062230149458592905e+02,9.066898751939711474e+02,9.071456158103766256e+02,9.075904933069200524e+02,9.080247645454462599e+02,9.084486860230896355e+02,9.088625132649831357e+02,9.092665003117862170e+02,9.096608992909726794e+02,9.100459600622050402e+02,9.104219299283657847e+02,9.107890534049309963e+02,9.111475720413751560e+02,9.114977242891922060e+02,9.118397454119301528e+02,9.121738674333672634e+02,9.125003191206271822e+02,9.128193259996336337e+02,9.131311104008708526e+02,9.134358915339300893e+02,9.137338855898117345e+02,9.140253058704043951e+02,9.143103629449907430e+02,9.145892648340387723e+02,9.148622172209094288e+02,9.151294236924663892e+02,9.153910860098835656e+02,9.156474044112101183e+02,9.158985779474485298e+02,9.161448048540015634e+02,9.163862829593166452e+02,9.166232101323460029e+02,9.168557847699910326e+02,9.170842063249239118e+02,9.173086758729745043e+02,9.175293967175093712e+02,9.177465750257546233e+02,9.179604204886411480e+02,9.181711469912729626e+02,9.183789732752942427e+02,9.185841235670440028e+02,9.187868281362005973e+02,9.189873237385018001e+02,9.191858538830412044e+02,9.193826688497855457e+02,9.195780253668724527e+02,9.197721858409690867e+02,9.199654170192468428e+02,9.201579879510196633e+02,9.203501671145802447e+02,9.205422185852910388e+02,9.207343971507851847e+02,9.209269423353009643e+02,9.211200713847903216e+02,9.213139713929188019e+02,9.215087909166836653e+02,9.217046316326241140e+02,9.219015408020400173e+02,9.220995055117149377e+02,9.222984497825632388e+02,9.224982356239804631e+02,9.226986688839081125e+02,9.228995102507313959e+02,9.231004910069179914e+02
8.375948435219381736e+02,8.375948433809817288e+02,8.375965019073299800e+02,8.375998157180282533e+02,8.376047785394217726e+02,8.376113821337451100e+02,8.376196174794738454e+02,8.376294760378000319e+02,8.376409509629623926e+02,8.376540381561849244e+02,8.376687371075686315e+02,8.376850515085269535e+02,8.377029896453074116e+02,8.377225646013541791e+02,8.377437943043204314e+02,8.377667014548088673e+02,8.377913133707985480e+02,8.378176617762271690e+02,8.378457825558078866e+02,8.378757154918791912e+02,8.379075039934460847e+02,8.379411948228569145e+02,8.379768378218127509e+02,8.380144856355843785e+02,8.380541934322810675e+02,8.380960186126693543e+02,8.381400205052344745e+02,8.381862600408314847e+02,8.382347994012939125e+02,8.382857016367148617e+02,8.383390302467557831e+02,8.383948487222514814e+02,8.384532200445738681e+02,8.385142061416764818e+02,8.385778673014751803e+02,8.386442615452117479e+02,8.387134439656601899e+02,8.387854660374385958e+02,8.388603749091919326e+02,8.389382126899239438e+02,8.390190157441509200e+02,8.391028140126740027e+02,8.391896303774507260e+02,8.392794800901190229e+02,8.393723702840077294e+02,8.394682995888083497e+02,8.395672578653736764e+02,8.396692260752873835e+02,8.397741762959595917e+02,8.398820718871528470e+02,8.399928678092779819e+02,8.401065110878297446e+02,8.402229414123789866e+02,8.403420918530248400e+02,8.404638896725826953e+02,8.405882572093865974e+02,8.407151128036674663e+02,8.408443717401115691e+02,8.409759471803411088e+02,8.411097510614876001e+02,8.412456949404521538e+02,8.413836907675165548e+02,8.415236515773389101e+02,8.416654920897252623e+02,8.418091292166494668e+02,8.419544824756117123e+02,8.421014743124690085e+02,8.422500303392702108e+02,8.424000794943966639e+02,8.425515541334749514e+02,8.427043900601648829e+02,8.428585265061049085e+02,8.430139060691199120e+02,8.431704746183294219e+02,8.433281811741373986e+02,8.434869777702903093e+02,8.436468193043297106e+02,8.438076633818754999e+02,8.439694701593080026e+02,8.441322021885785034e+02,8.442958242671105609e+02,8.444603032950507213e+02,8.446256081415078825e+02,8.447917095208804312e+02,8.449585798799091663e+02,8.451261932957148701e+02,8.452945253847660751e+02,8.454635532224816643e+02,8.456332552729883218e+02,8.458036113284201747e+02,8.459746024570642930e+02,8.461462109596079699e+02,8.463184203327305113e+02,8.464912152392925009e+02,8.466645814844094957e+02,8.468385059967450843e+02,8.470129768144147420e+02,8.471879830749621760e+02,8.473635150089324952e+02,8.475395639366430487e+02,8.477161222678156491e+02,8.478931835038005147e+02,8.480707422421825186e+02,8.482487941836143364e+02,8.484273361407675793e+02,8.486063660493388170e+02,8.487858829810802490e+02,8.489658871588577540e+02,8.491463799737622367e+02,8.493273640043257728e+02,8.495088430379049669e+02,8.496908220943159904e+02,8.498733074518121384e+02,8.500563066755084947e+02,8.502398286483687571e+02,8.504238836048770054e+02,8.506084831675284477e+02,8.507936403862843235e+02,8.509793697811472839e+02,8.511656873880264129e+02,8.513526108080762924e+02,8.515401592607121302e+02,8.517283536405201403e+02,8.519172165783041919e+02,8.521067725065329341e+02,8.522970477294783223e+02,8.524880704983637543e+02,8.526798710918724282e+02,8.528724819024013186e+02,8.530659375284849375e+02,8.532602748738536320e+02,8.534555332536402830e+02,8.536517545082963352e+02,8.538489831258387994e+02,8.540472663731085277e+02,8.542466544367905499e+02,8.544472005750208154e+02,8.546489612804899707e+02,8.548519964560422295e+02,8.550563696038744865e+02,8.552621480295455285e+02,8.554694030621325282e+02,8.556782102920021771e+02,8.558886498278110366e+02,8.561008065745056683e+02,8.563147705342639711e+02,8.565306371325016244e+02,8.567485075712609159e+02,8.569684892125027318e+02,8.571906959940366733e+02,8.574152488810429986e+02,8.576422763563592753e+02,8.578719149529268861e+02,8.581043098319971705e+02,8.583396154108935434e+02,8.585779960442825995e+02,8.588196267630330567e+02,8.590646940747950566e+02,8.593133968304149448e+02,8.595659471601620680e+02,8.598225714834759401e+02,8.600835115954737375e+02,8.603490258327682341e+02,8.606193903201501598e+02,8.608949002983199534e+02,8.611758715310282923e+02,8.614626417875738298e+02,8.617555723935031438e+02,8.620550498383881859e+02,8.623614874245510009e+02,8.626753269343519150e+02,8.629970402859178193e+02,8.633271311377012580e+02,8.636661363907338682e+02,8.640146275235953226e+02,8.643732116786476354e+02,8.647425323987722550e+02,8.651232698915108585e+02,8.655161406721775847e+02,8.659218964094097828e+02,8.663413217664182184e+02,8.667752310000485068e+02,8.672244630496404625e+02,8.676898748215021442e+02,8.681723323568461410e+02,8.686726995670287579e+02,8.691918242373978956e+02,8.697305210492866081e+02,8.702895514594830502e+02,8.708696004194312081e+02,8.714712501232839941e+02,8.720949512523289968e+02,8.727409925338793073e+02,8.734094698442513618e+02,8.741002565290605162e+02,8.748129770376734768e+02,8.755469862936982963e+02,8.763013573472502458e+02,8.770748796632136646e+02,8.778660697941777471e+02,8.786731951277166672e+02,8.794943099591396276e+02,8.803273006335550690e+02,8.811699397658328508e+02,8.820199399150300223e+02,8.828750064640771598e+02,8.837328857004827114e+02,8.845914059650945092e+02,8.854485107280522698e+02,8.863022833107949054e+02,8.871509636303781008e+02,8.879929577834402608e+02,8.888268415332877339e+02,8.896513588535352710e+02,8.904654166588342150e+02,8.912680767574570382e+02,8.920585459247027984e+02,8.928361648448448022e+02,8.936003965195229739e+02,8.943508146025053520e+02,8.950870920001465265e+02,8.958089899756812429e+02,8.965163479134952240e+02,8.972090738351428172e+02,8.978871357098867065e+02,8.985505535664560739e+02,8.991993923871521019e+02,8.998337557481728481e+02,9.004537801591961852e+02,9.010596300492488808e+02,9.016514933434137902e+02,9.022295775749614677e+02,9.027941064792385077e+02,9.033453170184988039e+02,9.038834567903774087e+02,9.044087817765494037e+02,9.049215543920580558e+02,9.054220417996808692e+02,9.059105144574180031e+02,9.063872448706787281e+02,9.068525065239665537e+02,9.073065729698143969e+02,9.077497170553943988e+02,9.081822102696283991e+02,9.086043221957824016e+02,9.090163200564455792e+02,9.094184683395023967e+02,9.098110284952228994e+02,9.101942586959431765e+02,9.105684136509980817e+02,9.109337444706376345e+02,9.112904985735999617e+02,9.116389196338658394e+02,9.119792475628835291e+02,9.123117185242469986e+02,9.126365649784443121e+02,9.129540157558805049e+02,9.132642961569290492e+02,9.135676280782814729e+02,9.138642301653636650e+02,9.141543179910639765e+02,9.144381042614850230e+02,9.147157990498810705e+02,9.149876100603881923e+02,9.152537429235736681e+02,9.155144015262279709e+02,9.157697883781753490e+02,9.160201050191642480e+02,9.162655524690794664e+02,9.165063317247509076e+02,9.167426443064433670e+02,9.169746928566146380e+02,9.172026817926046078e+02,9.174268180134146178e+02,9.176473116584597847e+02,9.178643769128942722e+02,9.180782328495274669e+02,9.182891042911394379e+02,9.184972226687857528e+02,9.187028268410696228e+02,9.189061638259687470e+02,9.191074893803602208e+02,9.193070683427908989e+02,9.195051746325472095e+02,9.197020907735230821e+02,9.198981067864308443e+02,9.200935182704675981e+02,9.202886234801177352e+02,9.204837192008674265e+02,9.206790952479268526e+02,9.208750274654699979e+02,9.210717692026120176e+02,9.212695413981290358e+02,9.214685216267616852e+02,9.216688327447897109e+02,9.218705321041027219e+02,9.220736026402722700e+02,9.222779474072824542e+02,9.224833892221677161e+02,9.226896768670968640e+02,9.228964986554526604e+02,9.231035030563053851e+02
8.375229143250747939e+02,8.375229141056719300e+02,8.375245475774319175e+02,8.375278094746869328e+02,8.375326899912085992e+02,8.375391761173049190e+02,8.375472532997072221e+02,8.375569071689656084e+02,8.375681251325746643e+02,8.375808977048893667e+02,8.375952195146104486e+02,8.376110899853584897e+02,8.376285137210204539e+02,8.376475006467139792e+02,8.376680659622537632e+02,8.376902299622956889e+02,8.377140177696943510e+02,8.377394590189181827e+02,8.377665875165283751e+02,8.377954408968543021e+02,8.378260602835947566e+02,8.378584899622742341e+02,8.378927770641732877e+02,8.379289712593343893e+02,8.379671244542731756e+02,8.380072904888675112e+02,8.380495248263673602e+02,8.380938842304101399e+02,8.381404264232229480e+02,8.381892097197827525e+02,8.382402926335288385e+02,8.382937334502622662e+02,8.383495897681020779e+02,8.384079180028031715e+02,8.384687728593571592e+02,8.385322067725788884e+02,8.385982693213139783e+02,8.386670066229247595e+02,8.387384607167745116e+02,8.388126689474437399e+02,8.388896633602798829e+02,8.389694701234776630e+02,8.390521089920929398e+02,8.391375928300629994e+02,8.392259272063315620e+02,8.393171100804329399e+02,8.394111315913276030e+02,8.395079739608602267e+02,8.396076115199840615e+02,8.397100108619673620e+02,8.398151311223538187e+02,8.399229243807477587e+02,8.400333361748292873e+02,8.401463061127094534e+02,8.402617685661147107e+02,8.403796534242042071e+02,8.404998868862517156e+02,8.406223922710280476e+02,8.407470908214676228e+02,8.408739024849509178e+02,8.410027466520798498e+02,8.411335428399164584e+02,8.412662113090411822e+02,8.414006736072243484e+02,8.415368530357914096e+02,8.416746750377433273e+02,8.418140675092611218e+02,8.419549610383172649e+02,8.420972890757249161e+02,8.422409880450882156e+02,8.423859973988161300e+02,8.425322596276854483e+02,8.426797202314405695e+02,8.428283276576743219e+02,8.429780332157965859e+02,8.431287909723287157e+02,8.432805576331106749e+02,8.434332924173138508e+02,8.435869569274460673e+02,8.437415150188541020e+02,8.438969326715752004e+02,8.440531778667894969e+02,8.442102204695863747e+02,8.443680321192703104e+02,8.445265861280254285e+02,8.446858573883959025e+02,8.448458222897533005e+02,8.450064586436823220e+02,8.451677456180321997e+02,8.453296636792425716e+02,8.454921945424562182e+02,8.456553211288678540e+02,8.458190275297254175e+02,8.459832989763938258e+02,8.461481218159048012e+02,8.463134834914412750e+02,8.464793725272475058e+02,8.466457785175024355e+02,8.468126921187460994e+02,8.469801050455027962e+02,8.471480100688028188e+02,8.473164010173529732e+02,8.474852727811609157e+02,8.476546213174621016e+02,8.478244436588427106e+02,8.479947379234876053e+02,8.481655033275186497e+02,8.483367401994134980e+02,8.485084499965248597e+02,8.486806353237365101e+02,8.488532999543151618e+02,8.490264488530299332e+02,8.492000882016264995e+02,8.493742254267558565e+02,8.495488692304688811e+02,8.497240296233993604e+02,8.498997179607731596e+02,8.500759469813875739e+02,8.502527308497260492e+02,8.504300852013830081e+02,8.506080271919913685e+02,8.507865755498668250e+02,8.509657506325979739e+02,8.511455744878404630e+02,8.513260709185932456e+02,8.515072655532671888e+02,8.516891859208853930e+02,8.518718615317898184e+02,8.520553239642654262e+02,8.522396069575382853e+02,8.524247465116466174e+02,8.526107809947358191e+02,8.527977512583885300e+02,8.529857007616570854e+02,8.531746757045392542e+02,8.533647251717135305e+02,8.535559012874329028e+02,8.537482593825699269e+02,8.539418581749107489e+02,8.541367599639057744e+02,8.543330308412134855e+02,8.545307409185078313e+02,8.547299645741741188e+02,8.549307807206810139e+02,8.551332730945969161e+02,8.553375305714148453e+02,8.555436475075593989e+02,8.557517241121788629e+02,8.559618668515630588e+02,8.561741888892875068e+02,8.563888105654498304e+02,8.566058599186440006e+02,8.568254732546007517e+02,8.570477957657094521e+02,8.572729822059127400e+02,8.575011976257303559e+02,8.577326181724042726e+02,8.579674319603485628e+02,8.582058400172190886e+02,8.584480573109573243e+02,8.586943138630863359e+02,8.589448559532941090e+02,8.591999474198935332e+02,8.594598710600196227e+02,8.597249301323518011e+02,8.599954499636235141e+02,8.602717796580893719e+02,8.605542939063178665e+02,8.608433948859817519e+02,8.611395142425290032e+02,8.614431151314612407e+02,8.617546942961492960e+02,8.620747841453062392e+02,8.624039547820381131e+02,8.627428159213586696e+02,8.630920186147207005e+02,8.634522566780174202e+02,8.638242676932123914e+02,8.642088334229579232e+02,8.646067794421519466e+02,8.650189737506379970e+02,8.654463240880124886e+02,8.658897736264704008e+02,8.663502946736928152e+02,8.668288799795159321e+02,8.673265312141581944e+02,8.678442441813788264e+02,8.683829903592843493e+02,8.689436944398042897e+02,8.695272076828653098e+02,8.701342771318236373e+02,8.707655110697668306e+02,8.714213415421975242e+02,8.721019853268091993e+02,8.728074053685875242e+02,8.735372753570463829e+02,8.742909506969476752e+02,8.750674494621696340e+02,8.758654468363189380e+02,8.766832858444170142e+02,8.775190057466971894e+02,8.783703873439042127e+02,8.792350111158724530e+02,8.801103261419463024e+02,8.809937186428762743e+02,8.818825781465802720e+02,8.827743563249882754e+02,8.836666159189900327e+02,8.845570686138154315e+02,8.854436018979647542e+02,8.863242957671998283e+02,8.871974306337567668e+02,8.880614880258053745e+02,8.889151456844817858e+02,8.897572685545831064e+02,8.905868969780490261e+02,8.914032331802885665e+02,8.922056269181885000e+02,8.929935609537362780e+02,8.937666368383544295e+02,8.945245613439308272e+02,8.952671337568530134e+02,8.959942341585718850e+02,8.967058127466893893e+02,8.974018802003117798e+02,8.980824990586307877e+02,8.987477760589478066e+02,8.993978553667258211e+02,9.000329126233397119e+02,9.006531497350689506e+02,9.012587903280551700e+02,9.018500757972883548e+02,9.024272618823514449e+02,9.029906157080320099e+02,9.035404132335652321e+02,9.040769370599205104e+02,9.046004745499737965e+02,9.051113162215233388e+02,9.056097543778180352e+02,9.060960819445643892e+02,9.065705914862556938e+02,9.070335743781224664e+02,9.074853201130903244e+02,9.079261157258478079e+02,9.083562453185310233e+02,9.087759896746400727e+02,9.091856259496557868e+02,9.095854274284522489e+02,9.099756633410261202e+02,9.103565987293197850e+02,9.107284943590227613e+02,9.110916066712147767e+02,9.114461877695878229e+02,9.117924854397659828e+02,9.121307431979540752e+02,9.124612003667945146e+02,9.127840921769159195e+02,9.130996498932280474e+02,9.134081009655623120e+02,9.137096692037868024e+02,9.140045749780518918e+02,9.142930354453455948e+02,9.145752648040667054e+02,9.148514745788620530e+02,9.151218739385186609e+02,9.153866700502435378e+02,9.156460684742010017e+02,9.159002736026831144e+02,9.161494891487320729e+02,9.163939186893742317e+02,9.166337662687892589e+02,9.168692370666417446e+02,9.171005381363112292e+02,9.173278792167034226e+02,9.175514736194930947e+02,9.177715391907332787e+02,9.179882993414172461e+02,9.182019841353406946e+02,9.184128314139416034e+02,9.186210879260847832e+02,9.188270104153327793e+02,9.190308665974509950e+02,9.192329359361868910e+02,9.194335100955057669e+02,9.196328929117670441e+02,9.198313996910810602e+02,9.200293555980534848e+02,9.202270928672194259e+02,9.204249465455308155e+02,9.206232484747349645e+02,9.208223192619201427e+02,9.210224580842811974e+02,9.212239303518318820e+02,9.214269535292592082e+02,9.216316818064187828e+02,9.218381907970706379e+02,9.220464639930095245e+02,9.222563832092108669e+02,9.224677255638758879e+02,9.226801694237597076e+02,9.228933109673092758e+02,9.231066914090567934e+02
8.374493555978566519e+02,8.374493552715434816e+02,8.374509686145049727e+02,8.374541877952258346e+02,8.374589982495035656e+02,8.374653806514302232e+02,8.374733132839993459e+02,8.374827744181916387e+02,8.374937444172725236e+02,8.375062074075046894e+02,8.375201524637159309e+02,8.375355743341638117e+02,8.375524737732146150e+02,8.375708575684607240e+02,8.375907383491182827e+02,8.376121342522802706e+02,8.376350685086237036e+02,8.376595689933182030e+02,8.376856677733968581e+02,8.377134006707877916e+02,8.377428068508321530e+02,8.377739284392662285e+02,8.378068101659462172e+02,8.378414990305990386e+02,8.378780439841787029e+02,8.379164956186368727e+02,8.379569058578083514e+02,8.379993276424547730e+02,8.380438146031652877e+02,8.380904207156891061e+02,8.381391999343162524e+02,8.381902058000996476e+02,8.382434910220089250e+02,8.382991070305191670e+02,8.383571035046560382e+02,8.384175278751287124e+02,8.384804248078651199e+02,8.385458356739795818e+02,8.386137980139023966e+02,8.386843450050173487e+02,8.387575049436070458e+02,8.388333007531041403e+02,8.389117495314952748e+02,8.389928621511165829e+02,8.390766429239404260e+02,8.391630893446962318e+02,8.392521919227631315e+02,8.393439341117093591e+02,8.394382923426770731e+02,8.395352361646189365e+02,8.396347284908347319e+02,8.397367259475232686e+02,8.398411793163897983e+02,8.399480340599702686e+02,8.400572309154794084e+02,8.401687065408501667e+02,8.402823941953352005e+02,8.403982244366480927e+02,8.405161258170948031e+02,8.406360255624156252e+02,8.407578502189539904e+02,8.408815262571318954e+02,8.410069806218381245e+02,8.411341412230581227e+02,8.412629373627165705e+02,8.413933000961538937e+02,8.415251625288151445e+02,8.416584600505359504e+02,8.417931305112473410e+02,8.419291143429854856e+02,8.420663546338037122e+02,8.422047971595861782e+02,8.423443903798938663e+02,8.424850854038755870e+02,8.426268359320205263e+02,8.427695981791240456e+02,8.429133307833637900e+02,8.430579947058437256e+02,8.432035531244040385e+02,8.433499713249368597e+02,8.434972165929077619e+02,8.436452581072696830e+02,8.437940668384918581e+02,8.439436154520017226e+02,8.440938782179671307e+02,8.442448309280243848e+02,8.443964508192869971e+02,8.445487165057427319e+02,8.447016079169700333e+02,8.448551062439611314e+02,8.450091938917380503e+02,8.451638544383714589e+02,8.453190725999730830e+02,8.454748342012045441e+02,8.456311261508456028e+02,8.457879364219772924e+02,8.459452540363577100e+02,8.461030690526022227e+02,8.462613725578175945e+02,8.464201566623797817e+02,8.465794144975940299e+02,8.467391402160100142e+02,8.468993289942173988e+02,8.470599770379767506e+02,8.472210815895859923e+02,8.473826409374102013e+02,8.475446544275355336e+02,8.477071224775353357e+02,8.478700465923582215e+02,8.480334293823701728e+02,8.481972745836020522e+02,8.483615870802672134e+02,8.485263729296342490e+02,8.486916393893469603e+02,8.488573949473042148e+02,8.490236493542198559e+02,8.491904136589990912e+02,8.493577002470827892e+02,8.495255228819230524e+02,8.496938967497735575e+02,8.498628385079938425e+02,8.500323663370880922e+02,8.502024999967201211e+02,8.503732608859716038e+02,8.505446721081385704e+02,8.507167585403876728e+02,8.508895469086335197e+02,8.510630658680280476e+02,8.512373460894999653e+02,8.514124203528233465e+02,8.515883236467459483e+02,8.517650932767645600e+02,8.519427689811923301e+02,8.521213930562349788e+02,8.523010104908643143e+02,8.524816691123642158e+02,8.526634197435124634e+02,8.528463163724672995e+02,8.530304163365400427e+02,8.532157805211572850e+02,8.534024735754597941e+02,8.535905641461305322e+02,8.537801251312199611e+02,8.539712339559132488e+02,8.541639728723919234e+02,8.543584292861595486e+02,8.545546961114412170e+02,8.547528721585284757e+02,8.549530625562186970e+02,8.551553792128016767e+02,8.553599413193627470e+02,8.555668758995152530e+02,8.557763184100252829e+02,8.559884133971640949e+02,8.562033152139947560e+02,8.564211888041791099e+02,8.566422105582578297e+02,8.568665692487023762e+02,8.570944670503467933e+02,8.573261206530543177e+02,8.575617624736336211e+02,8.578016419740521314e+02,8.580460270928556383e+02,8.582952057963234438e+02,8.585494877552089292e+02,8.588092061518118498e+02,8.590747196205010141e+02,8.593464143224861118e+02,8.596247061524310311e+02,8.599100430701779487e+02,8.602029075451018798e+02,8.605038190930993096e+02,8.608133368764767965e+02,8.611320623245602519e+02,8.614606417170728037e+02,8.617997686525745848e+02,8.621501862997623675e+02,8.625126892994344416e+02,8.628881251486820929e+02,8.632773948557716039e+02,8.636814526039175917e+02,8.641013041049383219e+02,8.645380032607281464e+02,8.649926466840404373e+02,8.654663655646368170e+02,8.659603143095777114e+02,8.664756553479859349e+02,8.670135394862047633e+02,8.675750812491753550e+02,8.681613287736945495e+02,8.687732280588894582e+02,8.694115817601543768e+02,8.700770032620290522e+02,8.707698674960446397e+02,8.714902608657706651e+02,8.722379336397553971e+02,8.730122591417054991e+02,8.738122047892921955e+02,8.746363202084121440e+02,8.754827469341405504e+02,8.763492523138970682e+02,8.772332870849512574e+02,8.781320614091662264e+02,8.790426339823231956e+02,8.799620005064758743e+02,8.808871771149950973e+02,8.818152725622300068e+02,8.827435461722031960e+02,8.836694506316729303e+02,8.845906602777342869e+02,8.855050865332757439e+02,8.864108826572384032e+02,8.873064401179339029e+02,8.881903787883094310e+02,8.890615329066951062e+02,8.899189344249608666e+02,8.907617950329331507e+02,8.915894878370564811e+02,8.924015294003212375e+02,8.931975626260881427e+02,8.939773407902540612e+02,8.947407128899941426e+02,8.954876103769747715e+02,8.962180352719522034e+02,8.969320496098483773e+02,8.976297661342589436e+02,8.983113401433364515e+02,8.989769623814005399e+02,8.996268528695700297e+02,9.002612555720032788e+02,9.008804338003212706e+02,9.014846662663173902e+02,9.020742437012763730e+02,9.026494659685804436e+02,9.032106396043986933e+02,9.037580757289035773e+02,9.042920882775218843e+02,9.048129925081315150e+02,9.053211037458697774e+02,9.058167363323249219e+02,9.063002027503938507e+02,9.067718129000452336e+02,9.072318735036799353e+02,9.076806876227969951e+02,9.081185542702809244e+02,9.085457681049010716e+02,9.089626191965793396e+02,9.093693928526881791e+02,9.097663694971272434e+02,9.101538245952169746e+02,9.105320286185749410e+02,9.109012470451382342e+02,9.112617403903690274e+02,9.116137642664707528e+02,9.119575694671500514e+02,9.122934020761157399e+02,9.126215035981114170e+02,9.129421111118635963e+02,9.132554574448844278e+02,9.135617713706328686e+02,9.138612778290956840e+02,9.141541981724348034e+02,9.144407504379478269e+02,9.147211496512246640e+02,9.149956081630541576e+02,9.152643360243401958e+02,9.155275414040248734e+02,9.157854310557780764e+02,9.160382108399637673e+02,9.162860863081159550e+02,9.165292633577676042e+02,9.167679489659144565e+02,9.170023520095087406e+02,9.172326841810128144e+02,9.174591610059337654e+02,9.176820029670961958e+02,9.179014367367349223e+02,9.181176965117557529e+02,9.183310254389908778e+02,9.185416771051014848e+02,9.187499170489152220e+02,9.189560242312915079e+02,9.191602923678914294e+02,9.193630309924831181e+02,9.195645660720366550e+02,9.197652399402400079e+02,9.199654102551735377e+02,9.201654476243854788e+02,9.203657314850573812e+02,9.205666437923260901e+02,9.207685600759405133e+02,9.209718375028407991e+02,9.211767997666245265e+02,9.213837189533536502e+02,9.215927950408248535e+02,9.218041343881747025e+02,9.220177294313405127e+02,9.222334427047595682e+02,9.224509990338494845e+02,9.226699899263414864e+02,9.228898933715345265e+02,9.231101100049680781e+02
8.373741885080344218e+02,8.373741880324081421e+02,8.373757885708687354e+02,8.373789787083860574e+02,8.373837373345696733e+02,8.373900366140640017e+02,8.373978454226039503e+02,8.374071326489058720e+02,8.374178699733098483e+02,8.374300339432953706e+02,8.374436073268437895e+02,8.374585798253443727e+02,8.374749482758985550e+02,8.374927164832977269e+02,8.375118948095396263e+02,8.375324996254056487e+02,8.375545527023795103e+02,8.375780805987769781e+02,8.376031140735857434e+02,8.376296875458273234e+02,8.376578386059618424e+02,8.376876075782638509e+02,8.377190371284009416e+02,8.377521719078648630e+02,8.377870582258146896e+02,8.378237437387872433e+02,8.378622771492438233e+02,8.379027079048240694e+02,8.379450858912786089e+02,8.379894611132849604e+02,8.380358833586399214e+02,8.380844018426546427e+02,8.381350648309503413e+02,8.381879192402514036e+02,8.382430102182090650e+02,8.383003807047523424e+02,8.383600709789321854e+02,8.384221181966858012e+02,8.384865559263498653e+02,8.385534136900477051e+02,8.386227165202086553e+02,8.386944845413702296e+02,8.387687325879968512e+02,8.388454698692532929e+02,8.389246996914287138e+02,8.390064192479768508e+02,8.390906194858888512e+02,8.391772850553639955e+02,8.392663943475248516e+02,8.393579196223197414e+02,8.394518272258927709e+02,8.395480778937204605e+02,8.396466271329007895e+02,8.397474256742988246e+02,8.398504199829890240e+02,8.399555528137151441e+02,8.400627637970176238e+02,8.401719900412978177e+02,8.402831667363886936e+02,8.403962277451097407e+02,8.405111061707141289e+02,8.406277348899410526e+02,8.407460470434356239e+02,8.408659764774520227e+02,8.409874581328878094e+02,8.411104283797041035e+02,8.412348252965898610e+02,8.413605888972798539e+02,8.414876613062002662e+02,8.416159868870904575e+02,8.417455123289473704e+02,8.418761866940714071e+02,8.420079614332053097e+02,8.421407903727713347e+02,8.422746296790730867e+02,8.424094378040671245e+02,8.425451754169617971e+02,8.426818053254941105e+02,8.428192923902956863e+02,8.429576034353095793e+02,8.430967071567707762e+02,8.432365740328383481e+02,8.433771762355643205e+02,8.435184875465175764e+02,8.436604832770547091e+02,8.438031401939377929e+02,8.439464364507521168e+02,8.440903515253663727e+02,8.442348661635071494e+02,8.443799623283780420e+02,8.445256231561520508e+02,8.446718329170839752e+02,8.448185769819373263e+02,8.449658417933877672e+02,8.451136148420507652e+02,8.452618846467796629e+02,8.454106407388937896e+02,8.455598736500139694e+02,8.457095749032116601e+02,8.458597370072089916e+02,8.460103534533974425e+02,8.461614187154810907e+02,8.463129282515839122e+02,8.464648785086909584e+02,8.466172669293296167e+02,8.467700919604225192e+02,8.469233530642726464e+02,8.470770507316666453e+02,8.472311864971014757e+02,8.473857629561634894e+02,8.475407837851048498e+02,8.476962537626799303e+02,8.478521787943187746e+02,8.480085659387311807e+02,8.481654234370487302e+02,8.483227607446240199e+02,8.484805885656267037e+02,8.486389188905834544e+02,8.487977650370336278e+02,8.489571416934842318e+02,8.491170649668687247e+02,8.492775524337382649e+02,8.494386231954318873e+02,8.496002979375056157e+02,8.497625989937207578e+02,8.499255504149306262e+02,8.500891780432372116e+02,8.502535095918268553e+02,8.504185747309409180e+02,8.505844051804821220e+02,8.507510348098124950e+02,8.509184997453561436e+02,8.510868384866881797e+02,8.512560920318583157e+02,8.514263040127860904e+02,8.515975208416458599e+02,8.517697918692641679e+02,8.519431695566614735e+02,8.521177096609900445e+02,8.522934714372581766e+02,8.524705178573782405e+02,8.526489158482454513e+02,8.528287365507333107e+02,8.530100556016984683e+02,8.531929534413064857e+02,8.533775156482380453e+02,8.535638333056009515e+02,8.537520034006674905e+02,8.539421292618743564e+02,8.541343210368703467e+02,8.543286962157694688e+02,8.545253802041692097e+02,8.547245069509237965e+02,8.549262196361183896e+02,8.551306714251676340e+02,8.553380262954650561e+02,8.555484599425192300e+02,8.557621607730319511e+02,8.559793309928833196e+02,8.562001877984718021e+02,8.564249646802935558e+02,8.566539128479997771e+02,8.568873027864034384e+02,8.571254259519591869e+02,8.573685966190478212e+02,8.576171538848467435e+02,8.578714638405647293e+02,8.581319219151739617e+02,8.583989553953034601e+02,8.586730261214003121e+02,8.589546333552854094e+02,8.592443168074236155e+02,8.595426598030887817e+02,8.598502925544894424e+02,8.601678954900896770e+02,8.604962025718958785e+02,8.608360045053337899e+02,8.611881517133300576e+02,8.615535569050483673e+02,8.619331970191352639e+02,8.623281142601447300e+02,8.627394158742940817e+02,8.631682722268790258e+02,8.636159126499279637e+02,8.640836184285559511e+02,8.645727121947653586e+02,8.650845429095649024e+02,8.656204655558532295e+02,8.661818146611117299e+02,8.667698708553398319e+02,8.673858198902056529e+02,8.680307039520541821e+02,8.687053657480430502e+02,8.694103867749350911e+02,8.701460224069905962e+02,8.709121379147253492e+02,8.717081511007934296e+02,8.725329886213634154e+02,8.733850637919699693e+02,8.742622831543505981e+02,8.751620866885314172e+02,8.760815219084023511e+02,8.770173452014141731e+02,8.779661391860869344e+02,8.789244282492312550e+02,8.798887844895315311e+02,8.808559163609264715e+02,8.818227367782785677e+02,8.827864104308265496e+02,8.837443820764464135e+02,8.846943887245022324e+02,8.856344590468152091e+02,8.865629033041158209e+02,8.874782967347978229e+02,8.883794588745612373e+02,8.892654307632475366e+02,8.901354515122387738e+02,8.909889352853144828e+02,8.918254494002356978e+02,8.926446939871699442e+02,8.934464834360046552e+02,8.942307297171885239e+02,8.949974275589485160e+02,8.957466413972648525e+02,8.964784939749418982e+02,8.971931564451941767e+02,8.978908398275998479e+02,8.985717876656590306e+02,8.992362697422589690e+02,8.998845767197287842e+02,9.005170155832120145e+02,9.011339057786589137e+02,9.017355759491239269e+02,9.023223611847794245e+02,9.028946007128814699e+02,9.034526359637268342e+02,9.039968089573877705e+02,9.045274609637435788e+02,9.050449313950921351e+02,9.055495568965192206e+02,9.060416706042965416e+02,9.065216015469853801e+02,9.069896741676951706e+02,9.074462079491999020e+02,9.078915171263928414e+02,9.083259104729434057e+02,9.087496911510645532e+02,9.091631566150470007e+02,9.095665985607272432e+02,9.099603029143512458e+02,9.103445498554243613e+02,9.107196138691189162e+02,9.110857638246772012e+02,9.114432630770154447e+02,9.117923695894327238e+02,9.121333360759666675e+02,9.124664101625413650e+02,9.127918345666269033e+02,9.131098472957040713e+02,9.134206818653968867e+02,9.137245675387349593e+02,9.140217295886292277e+02,9.143123895863205917e+02,9.145967657192852585e+02,9.148750731428824565e+02,9.151475243709011238e+02,9.154143297111170341e+02,9.156756977530129689e+02,9.159318359159177589e+02,9.161829510669782621e+02,9.164292502195403358e+02,9.166709413236078490e+02,9.169082341609623654e+02,9.171413413580927454e+02,9.173704795300516253e+02,9.175958705673755276e+02,9.178177430757910997e+02,9.180363339739089952e+02,9.182518902466096051e+02,9.184646708401872957e+02,9.186749486681178496e+02,9.188830126717886060e+02,9.190891698466797379e+02,9.192937470991669215e+02,9.194970927403473979e+02,9.196995773497853861e+02,9.199015936540731673e+02,9.201035549657761976e+02,9.203058916256272823e+02,9.205090448000846663e+02,9.207134569332787351e+02,9.209195581760154710e+02,9.211277482691701834e+02,9.213383737124574964e+02,9.215517006755717375e+02,9.217678850657922567e+02,9.219869424612327293e+02,9.222087221485595592e+02,9.224328909784090911e+02,9.226589336213976367e+02,9.228861752458216188e+02,9.231138296882509167e+02
8.372974273251414843e+02,8.372974266352576933e+02,8.372990250064549400e+02,8.373022058815236051e+02,8.373069389384487522e+02,8.373131846701278391e+02,8.373208994333731425e+02,8.373300400540440478e+02,8.373405674761090722e+02,8.373524492860758528e+02,8.373656611764674835e+02,8.373801875353174182e+02,8.373960213897009908e+02,8.374131639209576861e+02,8.374316237330190233e+02,8.374514160107191856e+02,8.374725616624473332e+02,8.374950865059065563e+02,8.375190205285367711e+02,8.375443972348822399e+02,8.375712530805069491e+02,8.375996269844496283e+02,8.376295599082289982e+02,8.376610944878694909e+02,8.376942747054383744e+02,8.377291455875115389e+02,8.377657529193916162e+02,8.378041429655230559e+02,8.378443621882148591e+02,8.378864569584195578e+02,8.379304732538880671e+02,8.379764563415252496e+02,8.380244504422121281e+02,8.380744983777570951e+02,8.381266412010011209e+02,8.381809178114269798e+02,8.382373645599175234e+02,8.382960148475423239e+02,8.383568987244135542e+02,8.384200424956859479e+02,8.384854683426550537e+02,8.385531939675637432e+02,8.386232322711193774e+02,8.386955910717895222e+02,8.387702728756522674e+02,8.388472747048836027e+02,8.389265879918733617e+02,8.390081985444669499e+02,8.390920865859947071e+02,8.391782268716153794e+02,8.392665888801905112e+02,8.393571370785086856e+02,8.394498312523534196e+02,8.395446268967701826e+02,8.396414756560725436e+02,8.397403258027419497e+02,8.398411227434839930e+02,8.399438095403531861e+02,8.400483274350298188e+02,8.401546163649950358e+02,8.402626154614199550e+02,8.403722635199770821e+02,8.404834994373790096e+02,8.405962626081638973e+02,8.407104932779594719e+02,8.408261328511069905e+02,8.409431241520281901e+02,8.410614116410401948e+02,8.411809415864267976e+02,8.413016621954550374e+02,8.414235237076803742e+02,8.415464784543298720e+02,8.416704808878059794e+02,8.417954875854420607e+02,8.419214572315927398e+02,8.420483505819831862e+02,8.421761304139956792e+02,8.423047614662751812e+02,8.424342103706884473e+02,8.425644455793176348e+02,8.426954372888011449e+02,8.428271573639810867e+02,8.429595792624737669e+02,8.430926779614661655e+02,8.432264298877537385e+02,8.433608128517757905e+02,8.434958059861803576e+02,8.436313896892605726e+02,8.437675455734374736e+02,8.439042564188360984e+02,8.440415061318933567e+02,8.441792797088584166e+02,8.443175632039841503e+02,8.444563437021703294e+02,8.445956092957979990e+02,8.447353490654795678e+02,8.448755530644571081e+02,8.450162123063859099e+02,8.451573187562624980e+02,8.452988653242736063e+02,8.454408458623719298e+02,8.455832551634082392e+02,8.457260889626792277e+02,8.458693439417768332e+02,8.460130177346522942e+02,8.461571089358333211e+02,8.463016171107570926e+02,8.464465428082041853e+02,8.465918875748380970e+02,8.467376539718766253e+02,8.468838455939354617e+02,8.470304670901049349e+02,8.471775241873336881e+02,8.473250237162091025e+02,8.474729736392390578e+02,8.476213830817564485e+02,8.477702623655799243e+02,8.479196230455841032e+02,8.480694779493472879e+02,8.482198412200646089e+02,8.483707283629357789e+02,8.485221562952558543e+02,8.486741434004653684e+02,8.488267095864421208e+02,8.489798763483447601e+02,8.491336668363561557e+02,8.492881059287060452e+02,8.494432203103970096e+02,8.495990385581014834e+02,8.497555912317485536e+02,8.499129109733733003e+02,8.500710326138654409e+02,8.502299932883217934e+02,8.503898325607826791e+02,8.505505925592200356e+02,8.507123181217361889e+02,8.508750569550392129e+02,8.510388598063797190e+02,8.512037806502580679e+02,8.513698768913626509e+02,8.515372095853563223e+02,8.517058436793045075e+02,8.518758482737430313e+02,8.520472969085944897e+02,8.522202678753889131e+02,8.523948445585127729e+02,8.525711158085003945e+02,8.527491763507121050e+02,8.529291272330975744e+02,8.531110763171325289e+02,8.532951388164475475e+02,8.534814378881301309e+02,8.536701052821900930e+02,8.538612820552198173e+02,8.540551193548757283e+02,8.542517792824303342e+02,8.544514358413149466e+02,8.546542759802739511e+02,8.548605007404812568e+02,8.550703265167122709e+02,8.552839864434124593e+02,8.555017319172210364e+02,8.557238342681708900e+02,8.559505865923453030e+02,8.561823057591625457e+02,8.564193346065976584e+02,8.566620443374224578e+02,8.569108371287952650e+02,8.571661489660600637e+02,8.574284527091566588e+02,8.576982613962528603e+02,8.579761317836355374e+02,8.582626681129800090e+02,8.585585260861079178e+02,8.588644170123516233e+02,8.591811120735137592e+02,8.595094466247763876e+02,8.598503244151171430e+02,8.602047215659138146e+02,8.605736900893318762e+02,8.609583606565346372e+02,8.613599442376006436e+02,8.617797321286450369e+02,8.622190937565046625e+02,8.626794715090802583e+02,8.631623716851357813e+02,8.636693505016593235e+02,8.642019939584490658e+02,8.647618902682129374e+02,8.653505935604446222e+02,8.659695777201537794e+02,8.666201796075836228e+02,8.673035316157946681e+02,8.680204846545732380e+02,8.687715242725618054e+02,8.695566847467476919e+02,8.703754684448401804e+02,8.712267802441996309e+02,8.721088886063828340e+02,8.730194250563139349e+02,8.739554310805204977e+02,8.749134546797228040e+02,8.758896886773600272e+02,8.768801284030492980e+02,8.778807244305959330e+02,8.788875179338112957e+02,8.798967492916731317e+02,8.809049370145440889e+02,8.819089282152672240e+02,8.829059243416207892e+02,8.838934870110628026e+02,8.848695289479518351e+02,8.858322945955895875e+02,8.867803342564012610e+02,8.877124748069788893e+02,8.886277892643015548e+02,8.895255668092083852e+02,8.904052843269059849e+02,8.912665801014899216e+02,8.921092299888806565e+02,8.929331261717411508e+02,8.937382584516168436e+02,8.945246979402006673e+02,8.952925829584170287e+02,8.960421069270607859e+02,8.967735080268520278e+02,8.974870604121533688e+02,8.981830667763381371e+02,8.988618520844372597e+02,8.995237583079153865e+02,9.001691400157128555e+02,9.007983606941123753e+02,9.014117896850195848e+02,9.020097996476345088e+02,9.025927644621684749e+02,9.031610575062528596e+02,9.037150502451179364e+02,9.042551110856089736e+02,9.047816044518230001e+02,9.052948900467303019e+02,9.057953222697525462e+02,9.062832497650207415e+02,9.067590150790670123e+02,9.072229544101112424e+02,9.076753974339901561e+02,9.081166671942125959e+02,9.085470800456913594e+02,9.089669456434548920e+02,9.093765669691296125e+02,9.097762403892572820e+02,9.101662557406059477e+02,9.105468964385740946e+02,9.109184396056211881e+02,9.112811562173857283e+02,9.116353112648168917e+02,9.119811639312569014e+02,9.123189677839843625e+02,9.126489709802946209e+02,9.129714164887486731e+02,9.132865423268036693e+02,9.135945818166472918e+02,9.138957638617168868e+02,9.141903132471159097e+02,9.144784509679470830e+02,9.147603945905055980e+02,9.150363586523034201e+02,9.153065551080803743e+02,9.155711938302778208e+02,9.158304831739402516e+02,9.160846306176538292e+02,9.163338434939145145e+02,9.165783298241933608e+02,9.168182992758581804e+02,9.170539642598726005e+02,9.172855411895982343e+02,9.175132519217465870e+02,9.177373254000507359e+02,9.179579995198275810e+02,9.181755232262788695e+02,9.183901588497271860e+02,9.186021846651472060e+02,9.188118976389371255e+02,9.190196162898502052e+02,9.192256835398180783e+02,9.194304693600665814e+02,9.196343729245919576e+02,9.198378238638532594e+02,9.200412820661948672e+02,9.202452353079861496e+02,9.204501938197106483e+02,9.206566807425105026e+02,9.208652173468871069e+02,9.210763019484743381e+02,9.212903817722800568e+02,9.215078177212611763e+02,9.217288432398761415e+02,9.219535203296948112e+02,9.221816982411412482e+02,9.224129831257369005e+02,9.226467292201513146e+02,9.228820625640807975e+02,9.231179449027615647e+02
8.372190763261613711e+02,8.372190753193923456e+02,8.372206868504644035e+02,8.372238867569217291e+02,8.372286314429181857e+02,8.372348651032713178e+02,8.372425272307382329e+02,8.372515590443705378e+02,8.372619082192022688e+02,8.372735318433005887e+02,8.372863978433456396e+02,8.373004852489041241e+02,8.373157836739944742e+02,8.373322923399033471e+02,8.373500188857376543e+02,8.373689781365367253e+02,8.373891909342269173e+02,8.374106830877493621e+02,8.374334844645786688e+02,8.374576282239559077e+02,8.374831501794601536e+02,8.375100882722471169e+02,8.375384821341701809e+02,8.375683727204047955e+02,8.375998019929808152e+02,8.376328126390434363e+02,8.376674478102530657e+02,8.377037508722530674e+02,8.377417651554569602e+02,8.377815337004989260e+02,8.378230989935568687e+02,8.378665026884229974e+02,8.379117853137087195e+02,8.379589859649483969e+02,8.380081419826536830e+02,8.380592886185677344e+02,8.381124586934975014e+02,8.381676822511469709e+02,8.382249862133207898e+02,8.382843940426934068e+02,8.383459254200103032e+02,8.384095959430571838e+02,8.384754168549862925e+02,8.385433948095543428e+02,8.386135316805136881e+02,8.386858244217510219e+02,8.387602649838174784e+02,8.388368402912235524e+02,8.389155322833433956e+02,8.389963180200238639e+02,8.390791698511119421e+02,8.391640556471826358e+02,8.392509390868777928e+02,8.393397799945481665e+02,8.394305347204327745e+02,8.395231565544765999e+02,8.396175961641523600e+02,8.397138020463240764e+02,8.398117209832861363e+02,8.399112984935834447e+02,8.400124792690317008e+02,8.401152075904215053e+02,8.402194277156527278e+02,8.403250842353972985e+02,8.404321223927780693e+02,8.405404883648990335e+02,8.406501295053125205e+02,8.407609945476295934e+02,8.408730337714368943e+02,8.409861991324651171e+02,8.411004443595606972e+02,8.412157250214430633e+02,8.413319985665094691e+02,8.414492243390806152e+02,8.415673635754982342e+02,8.416863793833995260e+02,8.418062367073342784e+02,8.419269022836683689e+02,8.420483445874621111e+02,8.421705337737213313e+02,8.422934416151335881e+02,8.424170414381000001e+02,8.425413080585917669e+02,8.426662177190894454e+02,8.427917480276141760e+02,8.429178778996314350e+02,8.430445875034098435e+02,8.431718582092393035e+02,8.432996725427645970e+02,8.434280141425657575e+02,8.435568677220122709e+02,8.436862190353405140e+02,8.438160548478414285e+02,8.439463629100000617e+02,8.440771319354018942e+02,8.442083515822025674e+02,8.443400124379523959e+02,8.444721060075701189e+02,8.446046247042675077e+02,8.447375618432445208e+02,8.448709116379903890e+02,8.450046691990453382e+02,8.451388305351049439e+02,8.452733925563637740e+02,8.454083530800253357e+02,8.455437108379222764e+02,8.456794654862126208e+02,8.458156176171399920e+02,8.459521687728624784e+02,8.460891214613735656e+02,8.462264791745554930e+02,8.463642464084221047e+02,8.465024286856222488e+02,8.466410325802912666e+02,8.467800657453544773e+02,8.469195369423990769e+02,8.470594560742488284e+02,8.471998342203938819e+02,8.473406836754420510e+02,8.474820179907828788e+02,8.476238520196702666e+02,8.477662019659583166e+02,8.479090854367475458e+02,8.480525214992254632e+02,8.481965307420193767e+02,8.483411353414107907e+02,8.484863591328007715e+02,8.486322276878546518e+02,8.487787683978054929e+02,8.489260105634432421e+02,8.490739854923767780e+02,8.492227266042200426e+02,8.493722695444228066e+02,8.495226523075489240e+02,8.496739153708915637e+02,8.498261018394136954e+02,8.499792576031136377e+02,8.501334315080342776e+02,8.502886755422769056e+02,8.504450450385263593e+02,8.506025988947677661e+02,8.507613998150635553e+02,8.509215145724662079e+02,8.510830142963800427e+02,8.512459747869414741e+02,8.514104768592771961e+02,8.515766067208179493e+02,8.517444563852021702e+02,8.519141241266935367e+02,8.520857149794719589e+02,8.522593412866348217e+02,8.524351233042751801e+02,8.526131898665825020e+02,8.527936791185484253e+02,8.529767393235584905e+02,8.531625297539123949e+02,8.533512216731392073e+02,8.535429994198714212e+02,8.537380616039991992e+02,8.539366224268507040e+02,8.541389131382221649e+02,8.543451836442023932e+02,8.545557042808760571e+02,8.547707677701187094e+02,8.549906913747670387e+02,8.552158192713823155e+02,8.554465251595426025e+02,8.556832151269435371e+02,8.559263307893938872e+02,8.561763527237867493e+02,8.564338042099833501e+02,8.566992552937959999e+02,8.569733271772993248e+02,8.572566969337301543e+02,8.575501025312236152e+02,8.578543481312331096e+02,8.581703096019990653e+02,8.584989401527378732e+02,8.588412759477032523e+02,8.591984414978198856e+02,8.595716545475855810e+02,8.599622300724460047e+02,8.603715828728836641e+02,8.608012280926157018e+02,8.612527787977638809e+02,8.617279395331348724e+02,8.622284945281277260e+02,8.627562889750715840e+02,8.633132015782128974e+02,8.639011064239301732e+02,8.645218222313021670e+02,8.651770473194488886e+02,8.658682793217044491e+02,8.665967199612223339e+02,8.673631672523105181e+02,8.681679004222115736e+02,8.690105666123123456e+02,8.698900826497414300e+02,8.708045689968670331e+02,8.717513348107260072e+02,8.727269306217451685e+02,8.737272755233179851e+02,8.747478517527047188e+02,8.757839211420387073e+02,8.768307295139182997e+02,8.778836802865428126e+02,8.789384665909958585e+02,8.799911605257580050e+02,8.810382637137678330e+02,8.820767261116276359e+02,8.831039408040314811e+02,8.841177220602739908e+02,8.851162728409415195e+02,8.860981466393992605e+02,8.870622072761568688e+02,8.880075891629442140e+02,8.889336596643744315e+02,8.898399845076846759e+02,8.907262967003703125e+02,8.915924690775697172e+02,8.924384903812830316e+02,8.932644446411707122e+02,8.940704935563923073e+02,8.948568615499477801e+02,8.956238231664181058e+02,8.963716925001901927e+02,8.971008143667157810e+02,8.978115569590589757e+02,8.985043057626912741e+02,8.991794585311774881e+02,8.998374211529530839e+02,9.004786042642484745e+02,9.011034204852011271e+02,9.017122821753547441e+02,9.023055996212522132e+02,9.028837795829342667e+02,9.034472241381317872e+02,9.039963297730519116e+02,9.045314866771650486e+02,9.050530782065382027e+02,9.055614804862340179e+02,9.060570621272839844e+02,9.065401840379156511e+02,9.070111993121898877e+02,9.074704531821083719e+02,9.079182830216752791e+02,9.083550183934255529e+02,9.087809811296306179e+02,9.091964854418233699e+02,9.096018380534862899e+02,9.099973383517808543e+02,9.103832785550662265e+02,9.107599438937296554e+02,9.111276128025195931e+02,9.114865571231817967e+02,9.118370423167624494e+02,9.121793276854757551e+02,9.125136666045602851e+02,9.128403067650863250e+02,9.131594904292354613e+02,9.134714547001914298e+02,9.137764318094500595e+02,9.140746494251280865e+02,9.143663309857274726e+02,9.146516960648268650e+02,9.149309607733611074e+02,9.152043382075280533e+02,9.154720389519781065e+02,9.157342716498070558e+02,9.159912436530325976e+02,9.162431617696884132e+02,9.164902331264240729e+02,9.167326661685165163e+02,9.169706718223965254e+02,9.172044648490060581e+02,9.174342654192465716e+02,9.176603009450022910e+02,9.178828082000011364e+02,9.181020357630596891e+02,9.183182468104778309e+02,9.185317222723138002e+02,9.187427643459169531e+02,9.189517003253664598e+02,9.191588866520779675e+02,9.193647130133080054e+02,9.195696062041264440e+02,9.197740333169169844e+02,9.199785036242481056e+02,9.201835682741326536e+02,9.203898166288519178e+02,9.205978677747372103e+02,9.208083554643288835e+02,9.210219046207703286e+02,9.212390976915107785e+02,9.214604298057687402e+02,9.216862531471365401e+02,9.219167134866895594e+02,9.221516856043375583e+02,9.223907191738467191e+02,9.226330116857481016e+02,9.228774280167808683e+02,9.231225838006362210e+02
8.371391254637023849e+02,8.371391239720346675e+02,8.371407708106579548e+02,8.371440301795473715e+02,8.371488388738912363e+02,8.371551179303093022e+02,8.371627838867108267e+02,8.371717577089822271e+02,8.371819707679425164e+02,8.371933680725362592e+02,8.372059093472876157e+02,8.372195686272475541e+02,8.372343329685958224e+02,8.372502007350909707e+02,8.372671797769670547e+02,8.372852856969431059e+02,8.373045403063032381e+02,8.373249703112600173e+02,8.373466062306385993e+02,8.373694815240452272e+02,8.373936318995476995e+02,8.374190947671013419e+02,8.374459088053773712e+02,8.374741136131891608e+02,8.375037494210591831e+02,8.375348568428651106e+02,8.375674766515668352e+02,8.376016495665764978e+02,8.376374160433729230e+02,8.376748160585109417e+02,8.377138888853129401e+02,8.377546728573355495e+02,8.377972051182406403e+02,8.378415213580452701e+02,8.378876555369133712e+02,8.379356395987208543e+02,8.379855031775902034e+02,8.380372733014623918e+02,8.380909740975330351e+02,8.381466265050243010e+02,8.382042480012631813e+02,8.382638523473652867e+02,8.383254493599558828e+02,8.383890447152714387e+02,8.384546397916479918e+02,8.385222315558230548e+02,8.385918124976342369e+02,8.386633706166289812e+02,8.387368894628151565e+02,8.388123482323458120e+02,8.388897219173908297e+02,8.389689815078844504e+02,8.390500942413191297e+02,8.391330238953727303e+02,8.392177311169700715e+02,8.393041737804568356e+02,8.393923073669452606e+02,8.394820853565996686e+02,8.395734596256670557e+02,8.396663808403981193e+02,8.397607988406175537e+02,8.398566630065276968e+02,8.399539226033180057e+02,8.400525270992352489e+02,8.401524264538853686e+02,8.402535713746452757e+02,8.403559135401008007e+02,8.404594057903730118e+02,8.405640022850202513e+02,8.406696586298911598e+02,8.407763319748536333e+02,8.408839810847366607e+02,8.409925663860992699e+02,8.411020499926050888e+02,8.412123957118386670e+02,8.413235690363699177e+02,8.414355371217754964e+02,8.415482687541683617e+02,8.416617343095954311e+02,8.417759057074420070e+02,8.418907563597426815e+02,8.420062611180628664e+02,8.421223962193731722e+02,8.422391392321112562e+02,8.423564690034111209e+02,8.424743656082830512e+02,8.425928103013459349e+02,8.427117854715606882e+02,8.428312746002721951e+02,8.429512622227539396e+02,8.430717338933510518e+02,8.431926761542398481e+02,8.433140765077605465e+02,8.434359233922334624e+02,8.435582061611351037e+02,8.436809150654917175e+02,8.438040412393336283e+02,8.439275766880514311e+02,8.440515142795001111e+02,8.441758477377020427e+02,8.443005716390159705e+02,8.444256814106515776e+02,8.445511733314268668e+02,8.446770445346854785e+02,8.448032930133068703e+02,8.449299176267627445e+02,8.450569181101921004e+02,8.451842950854820629e+02,8.453120500743634693e+02,8.454401855135419055e+02,8.455687047719044358e+02,8.456976121698563702e+02,8.458269130008574166e+02,8.459566135552424839e+02,8.460867211464270667e+02,8.462172441396128306e+02,8.463481919831255027e+02,8.464795752425335422e+02,8.466114056377153929e+02,8.467436960830626731e+02,8.468764607310257588e+02,8.470097150192360687e+02,8.471434757214599358e+02,8.472777610026719231e+02,8.474125904785634020e+02,8.475479852798384854e+02,8.476839681216887357e+02,8.478205633788777504e+02,8.479577971669187946e+02,8.480956974298770774e+02,8.482342940353902350e+02,8.483736188775656046e+02,8.485137059884834798e+02,8.486545916591221612e+02,8.487963145706063415e+02,8.489389159367843831e+02,8.490824396592545327e+02,8.492269324960842596e+02,8.493724442456093584e+02,8.495190279468582730e+02,8.496667400983224070e+02,8.498156408969891800e+02,8.499657944997785535e+02,8.501172693097640831e+02,8.502701382898374050e+02,8.504244793067805404e+02,8.505803755090500999e+02,8.507379157419602507e+02,8.508971950043728611e+02,8.510583149514802699e+02,8.512213844487883989e+02,8.513865201829953548e+02,8.515538473361153819e+02,8.517235003299166465e+02,8.518956236485508953e+02,8.520703727481387659e+02,8.522479150630643971e+02,8.524284311198151727e+02,8.526121157704029656e+02,8.527991795587096249e+02,8.529898502345273528e+02,8.531843744316091716e+02,8.533830195276973427e+02,8.535860757062480388e+02,8.537938582413885342e+02,8.540067100294852480e+02,8.542250043924959755e+02,8.544491481799229859e+02,8.546795851975247160e+02,8.549167999917506222e+02,8.551613220188438618e+02,8.554137302262520279e+02,8.556746580708190777e+02,8.559447989923618252e+02,8.562249123515771316e+02,8.565158298262795142e+02,8.568184622377897313e+02,8.571338067473168394e+02,8.574629543171135992e+02,8.578070972688748270e+02,8.581675366871618280e+02,8.585456893024525016e+02,8.589430933397171657e+02,8.593614126267731308e+02,8.598024380150795878e+02,8.602680848693051985e+02,8.607603850312499389e+02,8.612814712686114262e+02,8.618335518065244969e+02,8.624188721632623356e+02,8.630396612638239731e+02,8.636980588332960451e+02,8.643960215901681750e+02,8.651352070546241748e+02,8.659168361991003167e+02,8.667415400308593689e+02,8.676092006939989005e+02,8.685188045949918205e+02,8.694683323852932517e+02,8.704547160964477825e+02,8.714738934415292988e+02,8.725209762983594146e+02,8.735905354990458136e+02,8.746769045980676083e+02,8.757744564725304599e+02,8.768778259999744478e+02,8.779820683535791659e+02,8.790827556750002714e+02,8.801760217424138091e+02,8.812585667657191379e+02,8.823276342188420358e+02,8.833809699727794396e+02,8.844167718239921214e+02,8.854336353574057057e+02,8.864305002100686579e+02,8.874065993064384656e+02,8.883614125174527771e+02,8.892946254040127769e+02,8.902060931761930078e+02,8.910958096681303005e+02,8.919638809394907639e+02,8.928105030231263299e+02,8.936359433112893385e+02,8.944405250851445999e+02,8.952246147272651342e+02,8.959886112028974594e+02,8.967329374456789992e+02,8.974580333326869095e+02,8.981643499796483638e+02,8.988523451285857391e+02,8.995224794366457672e+02,9.001752135064178901e+02,9.008110055249853758e+02,9.014303094017378726e+02,9.020335733140921093e+02,9.026212385862273777e+02,9.031937388391997956e+02,9.037514993617803611e+02,9.042949366604372017e+02,9.048244581543586946e+02,9.053404619875799426e+02,9.058433369353438138e+02,9.063334623859983594e+02,9.068112083831686050e+02,9.072769357157592367e+02,9.077309960456778981e+02,9.081737320650855736e+02,9.086054776765699899e+02,9.090265581909566208e+02,9.094372905385700960e+02,9.098379834906857013e+02,9.102289378886914619e+02,9.106104468791593263e+02,9.109827961536158227e+02,9.113462641923329102e+02,9.117011225119590563e+02,9.120476359172808998e+02,9.123860627578820868e+02,9.127166551909589316e+02,9.130396594520826739e+02,9.133553161362888204e+02,9.136638604925437903e+02,9.139655227354205635e+02,9.142605283787345343e+02,9.145490985969775011e+02,9.148314506216952395e+02,9.151077981815114981e+02,9.153783519963681101e+02,9.156433203387867934e+02,9.159029096776080223e+02,9.161573254228057976e+02,9.164067727936469510e+02,9.166514578367135755e+02,9.168915886251215852e+02,9.171273766755995211e+02,9.173590386257637874e+02,9.175867982196053845e+02,9.178108886542975142e+02,9.180315553449568142e+02,9.182490591643754669e+02,9.184636802096285919e+02,9.186757221333152756e+02,9.188855170489915736e+02,9.190934309710869456e+02,9.192998696698743970e+02,9.195052846998709128e+02,9.197101791808983080e+02,9.199151126591833645e+02,9.201207040371353969e+02,9.203276311280619666e+02,9.205366248772199924e+02,9.207484557392299394e+02,9.209639092199685138e+02,9.211837473775915441e+02,9.214086534603488872e+02,9.216391583189977155e+02,9.218755503796944595e+02,9.221177764088158710e+02,9.223653483147689940e+02,9.226172810803752782e+02,9.228720957996232528e+02,9.231279240185518802e+02
8.370575441517966055e+02,8.370575418890208539e+02,8.370592564020075770e+02,8.370626333841385076e+02,8.370675799084285700e+02,8.370739835619283440e+02,8.370817293951238298e+02,8.370907121351709748e+02,8.371008433928841441e+02,8.371120547268610608e+02,8.371242977852471085e+02,8.371375426727857985e+02,8.371517754400526883e+02,8.371669953108795426e+02,8.371832120225677727e+02,8.372004434736646772e+02,8.372187137535988768e+02,8.372380515555546481e+02,8.372584889350624735e+02,8.372800603601284593e+02,8.373028019954354022e+02,8.373267511670436534e+02,8.373519459611843558e+02,8.373784249188229296e+02,8.374062267954265053e+02,8.374353903622057942e+02,8.374659542308472737e+02,8.374979566884188671e+02,8.375314355328629290e+02,8.375664279024423422e+02,8.376029700948447498e+02,8.376410973735135030e+02,8.376808437602920776e+02,8.377222418147198368e+02,8.377653224013852196e+02,8.378101144476534046e+02,8.378566446948946123e+02,8.379049374470265548e+02,8.379550143207858355e+02,8.380068940026168320e+02,8.380605920174280072e+02,8.381161205146667044e+02,8.381734880772161205e+02,8.382326995584733140e+02,8.382937559526386622e+02,8.383566543027081934e+02,8.384213876499322851e+02,8.384879450275858517e+02,8.385563115008220620e+02,8.386264682531937069e+02,8.386983927191588464e+02,8.387720587606129357e+02,8.388474368842569220e+02,8.389244944954831453e+02,8.390031961834947651e+02,8.390835040316188724e+02,8.391653779462496914e+02,8.392487759976036159e+02,8.393336547654639617e+02,8.394199696833384223e+02,8.395076753749149248e+02,8.395967259773439082e+02,8.396870754466494873e+02,8.397786778414374567e+02,8.398714875819727013e+02,8.399654596825993167e+02,8.400605499563440617e+02,8.401567151913360476e+02,8.402539132993848625e+02,8.403521034376597072e+02,8.404512461049046124e+02,8.405513032140041787e+02,8.406522381429911093e+02,8.407540157667556286e+02,8.408566024718084009e+02,8.409599661564544704e+02,8.410640762186853863e+02,8.411689035339887823e+02,8.412744204251364408e+02,8.413806006258395200e+02,8.414874192399737467e+02,8.415948526978817199e+02,8.417028787110630219e+02,8.418114762263707007e+02,8.419206253806470386e+02,8.420303074565641737e+02,8.421405048402750708e+02,8.422512009813410714e+02,8.423623803552802656e+02,8.424740284289702004e+02,8.425861316290539662e+02,8.426986773134169653e+02,8.428116537457490267e+02,8.429250500731526472e+02,8.430388563067292580e+02,8.431530633050472261e+02,8.432676627603810857e+02,8.433826471876047890e+02,8.434980099156189226e+02,8.436137450811953613e+02,8.437298476251334023e+02,8.438463132906274495e+02,8.439631386237641664e+02,8.440803209760764503e+02,8.441978585091028435e+02,8.443157502009088375e+02,8.444339958545516538e+02,8.445525961084759956e+02,8.446715524488536175e+02,8.447908672238855843e+02,8.449105436601084875e+02,8.450305858807552113e+02,8.451509989262395948e+02,8.452717887768453693e+02,8.453929623777183906e+02,8.455145276662735796e+02,8.456364936021454923e+02,8.457588701998291754e+02,8.458816685641750155e+02,8.460049009289219839e+02,8.461285806984733426e+02,8.462527224931461660e+02,8.463773421981466072e+02,8.465024570165563773e+02,8.466280855266435310e+02,8.467542477438477135e+02,8.468809651878283375e+02,8.470082609550061079e+02,8.471361597970777666e+02,8.472646882060356575e+02,8.473938745062853286e+02,8.475237489545174867e+02,8.476543438480675832e+02,8.477856936425774848e+02,8.479178350798657675e+02,8.480508073270171963e+02,8.481846521278165483e+02,8.483194139677825660e+02,8.484551402541992502e+02,8.485918815127079142e+02,8.487296916021998641e+02,8.488686279499574994e+02,8.490087518092140044e+02,8.491501285415608891e+02,8.492928279269152654e+02,8.494369245040813894e+02,8.495824979452969501e+02,8.497296334685610191e+02,8.498784222919874765e+02,8.500289621349401159e+02,8.501813577712673577e+02,8.503357216406001271e+02,8.504921745243854048e+02,8.506508462941391144e+02,8.508118767402982030e+02,8.509754164910710870e+02,8.511416280318176177e+02,8.513106868367648303e+02,8.514827826262938970e+02,8.516581207646221401e+02,8.518369238144872497e+02,8.520194332674103634e+02,8.522059114703017713e+02,8.523966437715736220e+02,8.525919409125391439e+02,8.527921416926990332e+02,8.529976159405074441e+02,8.532087678243086657e+02,8.534260395412472917e+02,8.536499154249058847e+02,8.538809265149754992e+02,8.541196556340447614e+02,8.543667430170600028e+02,8.546228925373964103e+02,8.548888785687056497e+02,8.551655535122307583e+02,8.554538560030262033e+02,8.557548197826093883e+02,8.560695831861538636e+02,8.563993991342960044e+02,8.567456454362836666e+02,8.571098350940533237e+02,8.574936261353085456e+02,8.578988302852437755e+02,8.583274194971176030e+02,8.587815289871845152e+02,8.592634549479374755e+02,8.597756445414347581e+02,8.603206751144784903e+02,8.609012188727773491e+02,8.615199885958331834e+02,8.621796595402333878e+02,8.628827627498260426e+02,8.636315459937104606e+02,8.644278010709205091e+02,8.652726609559016424e+02,8.661663778796748829e+02,8.671081042288398066e+02,8.680957113280796875e+02,8.691256938894487121e+02,8.701932141514191699e+02,8.712923233076771794e+02,8.724164004593843629e+02,8.735585880270132293e+02,8.747121692823520789e+02,8.758708521364109174e+02,8.770289533523738328e+02,8.781814950791390402e+02,8.793242328952198932e+02,8.804536354710214709e+02,8.815668335183479485e+02,8.826615519635562350e+02,8.837360354618443807e+02,8.847889740535207466e+02,8.858194331518948275e+02,8.868267901397375681e+02,8.878106785350063319e+02,8.887709398363534774e+02,8.897075826504312772e+02,8.906207484319947980e+02,8.915106830537320093e+02,8.923777134067601082e+02,8.932222282737632213e+02,8.940446627873604939e+02,8.948454858689220828e+02,8.956251901270263716e+02,8.963842837740351115e+02,8.971232841908455384e+02,8.978427128325904505e+02,8.985430912218754429e+02,8.992249378216231435e+02,8.998887656176023029e+02,9.005350802722193748e+02,9.011643787370846894e+02,9.017771482331160087e+02,9.023738655242960931e+02,9.029549964253300232e+02,9.035209954949257281e+02,9.040723058757414492e+02,9.046093592495927851e+02,9.051325758826335459e+02,9.056423647401771859e+02,9.061391236548398638e+02,9.066232395349391027e+02,9.070950886027129627e+02,9.075550366540664982e+02,9.080034393332858826e+02,9.084406424175768962e+02,9.088669821074377069e+02,9.092827853198266439e+02,9.096883699818699824e+02,9.100840453235108498e+02,9.104701121680626557e+02,9.108468632201129367e+02,9.112145833506631334e+02,9.115735498797947685e+02,9.119240328575496051e+02,9.122662953441117679e+02,9.126005936908127296e+02,9.129271778239540254e+02,9.132462915339884830e+02,9.135581727732425179e+02,9.138630539661207877e+02,9.141611623366661661e+02,9.144527202594625805e+02,9.147379456412531908e+02,9.150170523423256554e+02,9.152902506487916980e+02,9.155577478094173784e+02,9.158197486537673058e+02,9.160764563121921356e+02,9.163280730627633375e+02,9.165748013357447235e+02,9.168168449127133499e+02,9.170544103650915986e+02,9.172877087856292064e+02,9.175169578761810953e+02,9.177423844656107121e+02,9.179642275420910664e+02,9.181827418931694638e+02,9.183982024524605094e+02,9.186109094501359777e+02,9.188211944498773391e+02,9.190294273192420178e+02,9.192360241112836547e+02,9.194414557157152785e+02,9.196462569451622358e+02,9.198510354274350220e+02,9.200564792452354368e+02,9.202633616679993338e+02,9.204725405365312554e+02,9.206849489037539342e+02,9.209015724903347291e+02,9.211234085991990241e+02,9.213514007774584798e+02,9.215863444531267987e+02,9.218287621137668566e+02,9.220787537570809036e+02,9.223358407028523516e+02,9.225988387530496766e+02,9.228658174231114799e+02,9.231342183431448802e+02
8.369742721119190492e+02,8.369742685685789638e+02,8.369760989502876782e+02,8.369796782168822347e+02,8.369848672028109604e+02,8.369915044757340183e+02,8.369994317346153139e+02,8.370085100077637890e+02,8.370186275835891365e+02,8.370297019090886579e+02,8.370416777569322448e+02,8.370545235004981350e+02,8.370682267580749567e+02,8.370827901627167194e+02,8.370982276424794009e+02,8.371145613528642571e+02,8.371318192615096905e+02,8.371500333134356424e+02,8.371692380774262574e+02,8.371894697714621998e+02,8.372107655749770174e+02,8.372331631504972620e+02,8.372567003127060161e+02,8.372814147970565273e+02,8.373073440919533823e+02,8.373345253080809698e+02,8.373629950659136512e+02,8.373927893881282216e+02,8.374239435879196662e+02,8.374564921474212724e+02,8.374904685828313404e+02,8.375259052946601059e+02,8.375628334029072448e+02,8.376012825680783180e+02,8.376412807998385688e+02,8.376828542558396293e+02,8.377260270338740611e+02,8.377708209610377708e+02,8.378172553840076944e+02,8.378653469648762666e+02,8.379151094872109979e+02,8.379665536771133247e+02,8.380196870440254315e+02,8.380745137458574163e+02,8.381310344826800929e+02,8.381892464227381652e+02,8.382491431638997028e+02,8.383107147328723840e+02,8.383739476236147539e+02,8.384388248753829203e+02,8.385053261898078745e+02,8.385734280853538394e+02,8.386431040865014666e+02,8.387143249440757700e+02,8.387870588823516300e+02,8.388612718679411273e+02,8.389369278950306352e+02,8.390139892813070901e+02,8.390924169688873917e+02,8.391721708247384868e+02,8.392532099354256161e+02,8.393354928915241544e+02,8.394189780576433577e+02,8.395036238247000711e+02,8.395893888418121378e+02,8.396762322259205575e+02,8.397641137479647568e+02,8.398529939951051801e+02,8.399428345090866515e+02,8.400335979013619863e+02,8.401252479460291624e+02,8.402177496519822171e+02,8.403110693159346738e+02,8.404051745581533623e+02,8.405000343428391716e+02,8.405956189851301588e+02,8.406919001466810641e+02,8.407888508217079107e+02,8.408864453152849592e+02,8.409846592155525968e+02,8.410834693613500122e+02,8.411828538066248484e+02,8.412827917828180944e+02,8.413832636602523962e+02,8.414842509094052048e+02,8.415857360627951493e+02,8.416877026780750839e+02,8.417901353028049698e+02,8.418930194412598667e+02,8.419963415235397406e+02,8.421000888771578730e+02,8.422042497012193962e+02,8.423088130432406615e+02,8.424137687786165998e+02,8.425191075927066322e+02,8.426248209654843322e+02,8.427309011586764882e+02,8.428373412053100537e+02,8.429441349015762626e+02,8.430512768009243700e+02,8.431587622103000967e+02,8.432665871884514672e+02,8.433747485462339455e+02,8.434832438488579101e+02,8.435920714200342445e+02,8.437012303479854154e+02,8.438107204933066896e+02,8.439205424986704429e+02,8.440306978003852691e+02,8.441411886418325139e+02,8.442520180888187724e+02,8.443631900468940330e+02,8.444747092807011768e+02,8.445865814354372105e+02,8.446988130605183187e+02,8.448114116355586702e+02,8.449243855987884899e+02,8.450377443780513431e+02,8.451514984245418418e+02,8.452656592494623737e+02,8.453802394637995121e+02,8.454952528214441827e+02,8.456107142659041074e+02,8.457266399808867163e+02,8.458430474450614156e+02,8.459599554913432939e+02,8.460773843710811661e+02,8.461953558235743458e+02,8.463138931513889247e+02,8.464330213020002702e+02,8.465527669563442714e+02,8.466731586249288739e+02,8.467942267522299744e+02,8.469160038301772602e+02,8.470385245216306203e+02,8.471618257948487098e+02,8.472859470700686870e+02,8.474109303794460857e+02,8.475368205417486251e+02,8.476636653533610115e+02,8.477915157973451414e+02,8.479204262724998671e+02,8.480504548446031094e+02,8.481816635222743344e+02,8.483141185601924690e+02,8.484478907927314140e+02,8.485830560014507000e+02,8.487196953202925442e+02,8.488578956828157516e+02,8.489977503163249821e+02,8.491393592883601968e+02,8.492828301116909415e+02,8.494282784147316079e+02,8.495758286851691992e+02,8.497256150955813609e+02,8.498777824209487335e+02,8.500324870592379511e+02,8.501898981676766880e+02,8.503501989289869698e+02,8.505135879637033440e+02,8.506802809068162787e+02,8.508505121693805222e+02,8.510245369084291269e+02,8.512026332315972468e+02,8.513851046662838371e+02,8.515722829270231387e+02,8.517645310189818701e+02,8.519622467201800191e+02,8.521658664900766098e+02,8.523758698575345534e+02,8.525927843466915874e+02,8.528171910046974062e+02,8.530497306001952893e+02,8.532911105652215156e+02,8.535421127548880804e+02,8.538036020974182065e+02,8.540765361997409855e+02,8.543619759579980837e+02,8.546610971937996055e+02,8.549752032900864833e+02,8.553057387270357594e+02,8.556543033078100962e+02,8.560226667018422404e+02,8.564127827013782053e+02,8.568268022623384468e+02,8.572670839562134688e+02,8.577361998664335943e+02,8.582369341934128215e+02,8.587722708717324167e+02,8.593453653633365548e+02,8.599594945411096205e+02,8.606179773864681692e+02,8.613240584234230255e+02,8.620807459718803329e+02,8.628905993196241297e+02,8.637554640459712800e+02,8.646761645198164388e+02,8.656521784720154074e+02,8.666813408710720523e+02,8.677596505263667268e+02,8.688812751765381108e+02,8.700388306709794506e+02,8.712241039069726867e+02,8.724286873527615853e+02,8.736444961055331078e+02,8.748641232279316000e+02,8.760810425419838339e+02,8.772896890288457143e+02,8.784854519869395517e+02,8.796646127253768555e+02,8.808242518863287387e+02,8.819621443897115114e+02,8.830766538384056048e+02,8.841666334582228046e+02,8.852313372460179153e+02,8.862703427347514662e+02,8.872834853809981723e+02,8.882708037866186714e+02,8.892324945796112843e+02,8.901688756491068943e+02,8.910803564506852581e+02,8.919674142004030273e+02,8.928305749144524270e+02,8.936703983992597387e+02,8.944874664389610643e+02,8.952823735559113629e+02,8.960557198321807846e+02,8.968081053755115590e+02,8.975401260929980936e+02,8.982523705015474889e+02,8.989454173579099461e+02,8.996198339346392459e+02,9.002761748034752145e+02,9.009149810158749005e+02,9.015367795930188777e+02,9.021420832556946152e+02,9.027313903388729841e+02,9.033051848472896381e+02,9.038639366174951419e+02,9.044081015591287951e+02,9.049381219539661743e+02,9.054544267959099670e+02,9.059574321587614349e+02,9.064475415815331871e+02,9.069251464633846354e+02,9.073906264621158471e+02,9.078443498916212775e+02,9.082866741148882284e+02,9.087179459300557482e+02,9.091385019478082086e+02,9.095486689589878324e+02,9.099487642918064694e+02,9.103390961584582328e+02,9.107199639912879547e+02,9.110916587689941935e+02,9.114544633336404331e+02,9.118086526995498389e+02,9.121544943554678184e+02,9.124922485617257735e+02,9.128221686445338037e+02,9.131445012900112488e+02,9.134594868411364814e+02,9.137673596015114299e+02,9.140683481507237502e+02,9.143626756771932378e+02,9.146505603357795735e+02,9.149322156391706358e+02,9.152078508942538519e+02,9.154776716974193960e+02,9.157418805061766989e+02,9.160006773087582133e+02,9.162542604187310644e+02,9.165028274282635721e+02,9.167465763618587289e+02,9.169857070823503591e+02,9.172204230130104179e+02,9.174509332539715842e+02,9.176774551878742159e+02,9.179002176885027211e+02,9.181194650664336905e+02,9.183354619057664650e+02,9.185484989627456116e+02,9.187589003051500640e+02,9.189670318618007059e+02,9.191733115103506861e+02,9.193782207371895083e+02,9.195823177243664759e+02,9.197862514108293226e+02,9.199907755805915031e+02,9.201967612774330973e+02,9.204052047588287451e+02,9.206172267237867572e+02,9.208340566890345826e+02,9.210569943085988598e+02,9.212873375963695253e+02,9.215262673963948146e+02,9.217746798021375980e+02,9.220329662830095003e+02,9.223007586111033334e+02,9.225766856510933849e+02,9.228582317357506781e+02,9.231418387216208430e+02
8.368892054927139270e+02,8.368891997180489852e+02,8.368912196006486965e+02,8.368951265485530939e+02,8.369007076157059828e+02,8.369077287180708709e+02,8.369159720119827170e+02,8.369252560908572605e+02,8.369354430291220979e+02,8.369464371288707980e+02,8.369581793798178069e+02,8.369706403774160890e+02,8.369838133172928565e+02,8.369977078664790042e+02,8.370123451936287893e+02,8.370277541506904981e+02,8.370439684610025779e+02,8.370610247223618217e+02,8.370789610358309574e+02,8.370978160953736733e+02,8.371176286046883206e+02,8.371384369180909744e+02,8.371602788286204486e+02,8.371831914477448890e+02,8.372072111373857979e+02,8.372323734671688271e+02,8.372587131786976897e+02,8.372862641450227557e+02,8.373150593179909720e+02,8.373451306593433401e+02,8.373765090536691105e+02,8.374092242029162207e+02,8.374433045033039207e+02,8.374787769063436826e+02,8.375156667663211465e+02,8.375539976771165129e+02,8.375937913016578023e+02,8.376350671976433659e+02,8.376778426434397034e+02,8.377221324682531076e+02,8.377679488907858740e+02,8.378153013706046295e+02,8.378641964763604619e+02,8.379146377747997576e+02,8.379666257441804191e+02,8.380201577152610071e+02,8.380752278424690758e+02,8.381318271071777417e+02,8.381899433542623683e+02,8.382495613622787687e+02,8.383106629467439461e+02,8.383732270951373948e+02,8.384372301314145943e+02,8.385026459070683131e+02,8.385694460151235035e+02,8.386376000229304282e+02,8.387070757192584551e+02,8.387778393709828606e+02,8.388498559846252647e+02,8.389230895681264428e+02,8.389975033884940103e+02,8.390730602213576503e+02,8.391497225889443143e+02,8.392274529835431167e+02,8.393062140741158146e+02,8.393859688943172159e+02,8.394666810107811443e+02,8.395483146710861320e+02,8.396308349313294457e+02,8.397142077636834756e+02,8.397984001446973252e+02,8.398833801254112359e+02,8.399691168845985203e+02,8.400555807666157762e+02,8.401427433054553831e+02,8.402305772366449901e+02,8.403190564986441586e+02,8.404081562253486481e+02,8.404978527312474625e+02,8.405881234906754571e+02,8.406789471124998272e+02,8.407703033114448772e+02,8.408621728771330481e+02,8.409545376417861462e+02,8.410473804473983819e+02,8.411406851130680025e+02,8.412344364030576571e+02,8.413286199960431304e+02,8.414232224559141287e+02,8.415182312044031505e+02,8.416136344957415076e+02,8.417094213934805111e+02,8.418055817495577458e+02,8.419021061856470851e+02,8.419989860767962000e+02,8.420962135373263209e+02,8.421937814089532139e+02,8.422916832510729819e+02,8.423899133331507301e+02,8.424884666291450230e+02,8.425873388139068538e+02,8.426865262614894618e+02,8.427860260453188630e+02,8.428858359401777989e+02,8.429859544259699078e+02,8.430863806932381976e+02,8.431871146504265653e+02,8.432881569328825435e+02,8.433895089136136676e+02,8.434911727158204258e+02,8.435931512272434247e+02,8.436954481163736546e+02,8.437980678505886090e+02,8.439010157162902033e+02,8.440042978411340755e+02,8.441079212184558855e+02,8.442118937340127331e+02,8.443162241951778242e+02,8.444209223627401570e+02,8.445259989854840796e+02,8.446314658377411888e+02,8.447373357601301223e+02,8.448436227037277604e+02,8.449503417779382062e+02,8.450575093023606996e+02,8.451651428629885459e+02,8.452732613731105857e+02,8.453818851393276645e+02,8.454910359331430527e+02,8.456007370686390914e+02,8.457110134868094065e+02,8.458218918471812913e+02,8.459334006274348212e+02,8.460455702318099611e+02,8.461584331091788727e+02,8.462720238817687459e+02,8.463863794856308687e+02,8.465015393240828416e+02,8.466175454354963676e+02,8.467344426769637948e+02,8.468522789255625867e+02,8.469711052991417546e+02,8.470909763987884844e+02,8.472119505753939848e+02,8.473340902230369238e+02,8.474574621022351266e+02,8.475821376964964884e+02,8.477081936060301359e+02,8.478357119829629482e+02,8.479647810129609979e+02,8.480954954487821169e+02,8.482279572019995157e+02,8.483622759999497021e+02,8.484985701158882421e+02,8.486369671813949935e+02,8.487776050912848405e+02,8.489206330126731928e+02,8.490662125114341734e+02,8.492145188111271636e+02,8.493657422015677412e+02,8.495200896166389839e+02,8.496777864037254631e+02,8.498390783103499189e+02,8.500042337172757243e+02,8.501735461515622774e+02,8.503473371178960178e+02,8.505259592920507430e+02,8.507098001266075471e+02,8.508992859261585409e+02,8.510948864571546437e+02,8.512971201663325473e+02,8.515065600911692627e+02,8.517238405558837258e+02,8.519496647567115133e+02,8.521848133498685911e+02,8.524301541636632464e+02,8.526866531608649211e+02,8.529553867760143930e+02,8.532375557408070108e+02,8.535345004830385278e+02,8.538477181321833314e+02,8.541788810750624634e+02,8.545298568607738616e+02,8.549027290310264107e+02,8.552998181178465984e+02,8.557237015631333179e+02,8.561772306212504873e+02,8.566635413458927815e+02,8.571860554735042115e+02,8.577484653500915783e+02,8.583546950063192753e+02,8.590088271734047112e+02,8.597149837591565529e+02,8.604771457304869955e+02,8.612988986890751448e+02,8.621830946708253123e+02,8.631314317603312247e+02,8.641439746370767807e+02,8.652186745044273266e+02,8.663509962353474521e+02,8.675338185193910476e+02,8.687577400613788541e+02,8.700123699450649610e+02,8.712872568234267874e+02,8.725725929904349414e+02,8.738596426830498558e+02,8.751409410901594583e+02,8.764103280346789688e+02,8.776628765816396935e+02,8.788947642433004148e+02,8.801031204481851091e+02,8.812858718587399380e+02,8.824415979758878166e+02,8.835694031433373539e+02,8.846688070168711420e+02,8.857396531788418770e+02,8.867820343208099985e+02,8.877962318773855941e+02,8.887826678813446506e+02,8.897418669303100387e+02,8.906744263863681681e+02,8.915809931988842436e+02,8.924622460067084830e+02,8.933188814184970852e+02,8.941516035806461105e+02,8.949611163198695749e+02,8.957481172938014424e+02,8.965132937018130406e+02,8.972573192036389855e+02,8.979808517693837757e+02,8.986845322446463342e+02,8.993689834619225394e+02,9.000348097667194907e+02,9.006825968560372075e+02,9.013129118497457739e+02,9.019263035332733125e+02,9.025233027239910371e+02,9.031044227245859020e+02,9.036701598352259452e+02,9.042209939029540919e+02,9.047573888919210958e+02,9.052797934620919023e+02,9.057886415471924693e+02,9.062843529250965275e+02,9.067673337757391892e+02,9.072379772231038260e+02,9.076966638589580043e+02,9.081437622468866948e+02,9.085796294058377498e+02,9.090046112729158949e+02,9.094190431455590442e+02,9.098232501035441828e+02,9.102175474115219913e+02,9.106022409029835671e+02,9.109776273467512056e+02,9.113439947972541404e+02,9.117016229300350005e+02,9.120507833641340767e+02,9.123917399732409876e+02,9.127247491878007395e+02,9.130500602906399763e+02,9.133679157091597745e+02,9.136785513077655878e+02,9.139821966849989394e+02,9.142790754808694373e+02,9.145694057012074154e+02,9.148534000675649622e+02,9.151312664033800957e+02,9.154032080699334983e+02,9.156694244692301936e+02,9.159301116355516115e+02,9.161854629433260016e+02,9.164356699664741654e+02,9.166809235339432007e+02,9.169214150382113075e+02,9.171573380687242434e+02,9.173888904611261523e+02,9.176162768764322664e+02,9.178397120524823549e+02,9.180594249033756569e+02,9.182756636807000632e+02,9.184887024515555822e+02,9.186988491887359487e+02,9.189064558002419290e+02,9.191119304346671015e+02,9.193157523623444831e+02,9.195184896113324839e+02,9.197208192732771295e+02,9.199235498995100215e+02,9.201276445600287843e+02,9.203342417783322844e+02,9.205446695007431117e+02,9.207604443479908696e+02,9.209832445949078874e+02,9.212148409381798047e+02,9.214569651728452300e+02,9.217110957606000738e+02,9.219781454100109386e+02,9.222580565064049551e+02,9.225493554332225585e+02,9.228487957549183420e+02,9.231513568671865642e+02
8.368021751455694357e+02,8.368021652758916389e+02,8.368044908881331594e+02,8.368089151100261915e+02,8.368151045040694953e+02,8.368227166515081308e+02,8.368314529016024608e+02,8.368410804315228688e+02,8.368514345286095022e+02,8.368624105322792275e+02,8.368739518712029621e+02,8.368860379045501077e+02,8.368986733387976074e+02,8.369118798098004390e+02,8.369256895931141571e+02,8.369401411308227807e+02,8.369552759865939606e+02,8.369711368619531413e+02,8.369877663670235961e+02,8.370052063071893826e+02,8.370234973090409767e+02,8.370426786595221529e+02,8.370627882709668484e+02,8.370838627131964813e+02,8.371059372741293600e+02,8.371290460244362066e+02,8.371532218713667817e+02,8.371784965932843079e+02,8.372049008506771770e+02,8.372324641721713760e+02,8.372612149158501325e+02,8.372911802073376748e+02,8.373223858568550213e+02,8.373548562579611598e+02,8.373886142710434797e+02,8.374236810948790435e+02,8.374600761297878080e+02,8.374978168360497648e+02,8.375369185913654064e+02,8.375773945512027012e+02,8.376192555158743289e+02,8.376625098081320857e+02,8.377071631649234860e+02,8.377532186467313977e+02,8.378006765676043415e+02,8.378495344485709211e+02,8.378997869966390226e+02,8.379514261109966355e+02,8.380044409173882514e+02,8.380588178309452587e+02,8.381145406470358239e+02,8.381715906589834049e+02,8.382299468008253598e+02,8.382895858126587427e+02,8.383504824255844596e+02,8.384126095628305393e+02,8.384759385533233171e+02,8.385404393538017302e+02,8.386060807755191036e+02,8.386728307116643464e+02,8.387406563618309292e+02,8.388095244501654406e+02,8.388794014342088303e+02,8.389502537018845487e+02,8.390220477545683480e+02,8.390947503746663187e+02,8.391683287766178410e+02,8.392427507407082885e+02,8.393179847295068612e+02,8.393939999871316786e+02,8.394707666218776012e+02,8.395482556730180477e+02,8.396264391628099020e+02,8.397052901348962450e+02,8.397847826804087390e+02,8.398648919531340198e+02,8.399455941751315322e+02,8.400268666341679591e+02,8.401086876742948562e+02,8.401910366808198205e+02,8.402738940608409166e+02,8.403572412204099464e+02,8.404410605392868092e+02,8.405253353441370336e+02,8.406100498809139481e+02,8.406951892870624761e+02,8.407807395640796813e+02,8.408666875508722569e+02,8.409530208982673685e+02,8.410397280449546997e+02,8.411267981950699095e+02,8.412142212975703615e+02,8.413019880275068090e+02,8.413900897692486751e+02,8.414785186016921443e+02,8.415672672854510665e+02,8.416563292520108917e+02,8.417456985948153942e+02,8.418353700622419638e+02,8.419253390524211227e+02,8.420156016098532064e+02,8.421061544237757062e+02,8.421969948282433052e+02,8.422881208038828618e+02,8.423795309813001495e+02,8.424712246461181167e+02,8.425632017456397307e+02,8.426554628971374541e+02,8.427480093977824254e+02,8.428408432362376743e+02,8.429339671059503871e+02,8.430273844201919928e+02,8.431210993289035969e+02,8.432151167374212264e+02,8.433094423271649021e+02,8.434040825783905575e+02,8.434990447951200849e+02,8.435943371323772908e+02,8.436899686258767588e+02,8.437859492243317163e+02,8.438822898245629176e+02,8.439790023096173854e+02,8.440760995901263186e+02,8.441735956491602337e+02,8.442715055908674913e+02,8.443698456932147565e+02,8.444686334651873949e+02,8.445678877088430454e+02,8.446676285866622038e+02,8.447678776946866037e+02,8.448686581419922277e+02,8.449699946371113128e+02,8.450719135820820611e+02,8.451744431748893476e+02,8.452776135211460087e+02,8.453814567559637680e+02,8.454860071770774539e+02,8.455913013904097397e+02,8.456973784694074538e+02,8.458042801296397784e+02,8.459120509203301026e+02,8.460207384346954314e+02,8.461303935412011015e+02,8.462410706380932197e+02,8.463528279338742095e+02,8.464657277567131359e+02,8.465798368961700362e+02,8.466952269810395819e+02,8.468119748976143910e+02,8.469301632532285566e+02,8.470498808905829264e+02,8.471712234590861499e+02,8.472942940502859983e+02,8.474192039054335055e+02,8.475460732043286498e+02,8.476750319458811873e+02,8.478062209322952185e+02,8.479397928705019467e+02,8.480759136064423274e+02,8.482147635101107426e+02,8.483565390319425887e+02,8.485014544542524391e+02,8.486497438650570757e+02,8.488016633858650266e+02,8.489574936899550721e+02,8.491175428534447747e+02,8.492821495881811416e+02,8.494516869133278760e+02,8.496265663316266910e+02,8.498072425868575692e+02,8.499942190911450552e+02,8.501880541246208622e+02,8.503893679255934330e+02,8.505988508067779321e+02,8.508172724520273960e+02,8.510454925678076279e+02,8.512844730832279083e+02,8.515352921097751278e+02,8.517991598836886169e+02,8.520774369148022060e+02,8.523716545473275801e+02,8.526835380876625550e+02,8.530150325526744837e+02,8.533683309107137802e+02,8.537459043859482790e+02,8.541505339167724742e+02,8.545853411220001590e+02,8.550538160303320865e+02,8.555598372403180747e+02,8.561076779549237017e+02,8.567019883441463435e+02,8.573477408741365480e+02,8.580501207475812180e+02,8.588143390026334600e+02,8.596453424920861153e+02,8.605473956320053048e+02,8.615235182087208159e+02,8.625747889633300929e+02,8.636995756579658519e+02,8.648928377032503931e+02,8.661457786060150283e+02,8.674460193152242482e+02,8.687801166186893624e+02,8.701348942776082822e+02,8.714983811352703924e+02,8.728602876944740956e+02,8.742121495430600362e+02,8.755472597472303278e+02,8.768604869291621071e+02,8.781480459753224750e+02,8.794072629325042953e+02,8.806363569976574581e+02,8.818342501148418933e+02,8.830004071426546943e+02,8.841347053772033178e+02,8.852373302077535300e+02,8.863086929747420299e+02,8.873493671111821186e+02,8.883600390135252383e+02,8.893414705911266083e+02,8.902944709658388547e+02,8.912198752757287821e+02,8.921185289550162452e+02,8.929912762106750961e+02,8.938389516988742116e+02,8.946623746298232618e+02,8.954623447069814119e+02,8.962396394449285708e+02,8.969950125173857032e+02,8.977291928695216257e+02,8.984428843921999714e+02,8.991367660045187904e+02,8.998114920282606590e+02,9.004676927663612105e+02,9.011059752192581982e+02,9.017269238895775061e+02,9.023311016382684784e+02,9.029190505649337410e+02,9.034912928924246671e+02,9.040483318413391771e+02,9.045906524842645240e+02,9.051187225727932173e+02,9.056329933327274375e+02,9.061339002246736527e+02,9.066218636685572392e+02,9.070972897315604087e+02,9.075605707796964907e+02,9.080120860937396401e+02,9.084522024505837408e+02,9.088812746713458637e+02,9.092996461376922070e+02,9.097076492779617638e+02,9.101056060247293544e+02,9.104938282454877481e+02,9.108726181481581534e+02,9.112422686631749684e+02,9.116030638039369478e+02,9.119552790074943687e+02,9.122991814574610316e+02,9.126350303913131938e+02,9.129630773944934390e+02,9.132835666840871909e+02,9.135967353853300210e+02,9.139028138048615801e+02,9.142020257055246475e+02,9.144945885886870656e+02,9.147807139916180859e+02,9.150606078095109979e+02,9.153344706544406790e+02,9.156024982671054886e+02,9.158648820018571541e+02,9.161218094116317161e+02,9.163734649673862123e+02,9.166200309570863283e+02,9.168616886229021929e+02,9.170986196129580321e+02,9.173310078468665552e+02,9.175590419237001925e+02,9.177829182385519289e+02,9.180028450210413666e+02,9.182190475675096195e+02,9.184317750090347090e+02,9.186413090390292382e+02,9.188479751130082605e+02,9.190521567190231735e+02,9.192543133793901688e+02,9.194550030438025487e+02,9.196549094028059699e+02,9.198548742764323833e+02,9.200559344381968003e+02,9.202593607551225432e+02,9.204666949921967216e+02,9.206797755852318232e+02,9.209007376622373613e+02,9.211319643566096147e+02,9.213759565506713898e+02,9.216350790022300998e+02,9.219111383946629985e+02,9.222047656010594210e+02,9.225146319287990764e+02,9.228366582859872551e+02,9.231637039506252904e+02
8.367129114229744573e+02,8.367128936217450246e+02,8.367157157983922389e+02,8.367209507234113062e+02,8.367280644472878066e+02,8.367365533791632970e+02,8.367460122307863912e+02,8.367561503985048148e+02,8.367667813192123276e+02,8.367778013645953479e+02,8.367891675197691939e+02,8.368008780651059624e+02,8.368129575639934501e+02,8.368254460119968599e+02,8.368383914296891817e+02,8.368518450645124176e+02,8.368658584533342264e+02,8.368804817502084461e+02,8.368957628781179210e+02,8.369117471935837784e+02,8.369284774530457298e+02,8.369459939424810955e+02,8.369643346822628018e+02,8.369835356533440063e+02,8.370036310132422841e+02,8.370246532846431364e+02,8.370466335083981448e+02,8.370696013581487023e+02,8.370935852170017597e+02,8.371186122184958549e+02,8.371447082550489540e+02,8.371718979575452977e+02,8.372002046499083008e+02,8.372296502825516882e+02,8.372602553485899080e+02,8.372920387866467991e+02,8.373250178740606771e+02,8.373592081142402321e+02,8.373946231218764069e+02,8.374312745096499384e+02,8.374691717799856860e+02,8.375083222252688984e+02,8.375487308397621291e+02,8.375904002462154949e+02,8.376333306398571494e+02,8.376775197520764777e+02,8.377229628356685680e+02,8.377696526730098867e+02,8.378175796079859765e+02,8.378667316019108284e+02,8.379170943130784508e+02,8.379686511990022382e+02,8.380213836398293097e+02,8.380752710809093742e+02,8.381302911920496399e+02,8.381864200406329246e+02,8.382436322755120273e+02,8.383019013184399455e+02,8.383611995597467512e+02,8.384214985550297570e+02,8.384827692197727629e+02,8.385449820190449373e+02,8.386081071497335415e+02,8.386721147131146381e+02,8.387369748759548429e+02,8.388026580187399759e+02,8.388691348700278922e+02,8.389363766263129492e+02,8.390043550571512014e+02,8.390730425956257932e+02,8.391424124145178212e+02,8.392124384887911219e+02,8.392830956451940665e+02,8.393543595999348099e+02,8.394262069854877382e+02,8.394986153676616141e+02,8.395715632540817523e+02,8.396450300952449197e+02,8.397189962792715505e+02,8.397934431214350752e+02,8.398683528494797201e+02,8.399437085856625345e+02,8.400194943263691130e+02,8.400956949200628969e+02,8.401722960442389194e+02,8.402492841819599789e+02,8.403266465984721663e+02,8.404043713183116324e+02,8.404824471032430893e+02,8.405608634312995946e+02,8.406396104771367845e+02,8.407186790938593504e+02,8.407980607964310593e+02,8.408777477467468771e+02,8.409577327404066409e+02,8.410380091952127941e+02,8.411185711413885429e+02,8.411994132135032487e+02,8.412805306440801587e+02,8.413619192588557780e+02,8.414435754736579156e+02,8.415254962928715941e+02,8.416076793094601953e+02,8.416901227065194462e+02,8.417728252603432111e+02,8.418557863449891556e+02,8.419390059383410971e+02,8.420224846296714531e+02,8.421062236287199312e+02,8.421902247763098330e+02,8.422744905565391491e+02,8.423590241105894165e+02,8.424438292522091842e+02,8.425289104849406385e+02,8.426142730211681737e+02,8.426999228030831546e+02,8.427858665256705990e+02,8.428721116618405631e+02,8.429586664898408799e+02,8.430455401231064343e+02,8.431327425427190292e+02,8.432202846326719055e+02,8.433081782181570816e+02,8.433964361071172107e+02,8.434850721353335530e+02,8.435741012153515612e+02,8.436635393895802508e+02,8.437534038879399532e+02,8.438437131904779562e+02,8.439344870954163298e+02,8.440257467931520523e+02,8.441175149467916299e+02,8.442098157798652664e+02,8.443026751719467029e+02,8.443961207629851060e+02,8.444901820672572512e+02,8.445848905979494248e+02,8.446802800035046630e+02,8.447763862170078255e+02,8.448732476200315205e+02,8.449709052225472306e+02,8.450694028606976644e+02,8.451687874144545276e+02,8.452691090474384055e+02,8.453704214714659884e+02,8.454727822387185370e+02,8.455762530648005395e+02,8.456809001863817912e+02,8.457867947576067991e+02,8.458940132900121398e+02,8.460026381413357512e+02,8.461127580593362154e+02,8.462244687875953559e+02,8.463378737412513146e+02,8.464530847617545533e+02,8.465702229610481027e+02,8.466894196671148620e+02,8.468108174846146312e+02,8.469345714864269894e+02,8.470608505543584670e+02,8.471898388901421413e+02,8.473217377212345127e+02,8.474567672298911702e+02,8.475951687386989306e+02,8.477372071912966476e+02,8.478831739735919655e+02,8.480333901285750926e+02,8.481882100270782985e+02,8.483480255677894775e+02,8.485132709928269605e+02,8.486844284205586746e+02,8.488620342154991931e+02,8.490466863364459869e+02,8.492390528289170106e+02,8.494398816567588710e+02,8.496500121006500876e+02,8.498703879879628857e+02,8.501020730582408760e+02,8.503462688095382873e+02,8.506043352093912517e+02,8.508778146837064469e+02,8.511684598062496434e+02,8.514782650824421353e+02,8.518095031246579083e+02,8.521647653066335124e+02,8.525470065924196206e+02,8.529595935568950154e+02,8.534063535000203728e+02,8.538916207957986444e+02,8.544202739304427041e+02,8.549977527303481111e+02,8.556300396968401856e+02,8.563235818921788223e+02,8.570851205821866188e+02,8.579213858901645153e+02,8.588386060307891512e+02,8.598417817605302389e+02,8.609336987063007882e+02,8.621137133499513538e+02,8.633764807142750897e+02,8.647110661559149776e+02,8.661004066154251859e+02,8.675266823742506404e+02,8.689730619688358502e+02,8.704248908579977524e+02,8.718701295636872146e+02,8.732993358713108591e+02,8.747054043184945158e+02,8.760832063539661476e+02,8.774292165046736045e+02,8.787411690235162496e+02,8.800177637067206433e+02,8.812584248066344799e+02,8.824631094273896679e+02,8.836321586087437936e+02,8.847661835407632225e+02,8.858659798009439328e+02,8.869324634622970507e+02,8.879666240048104555e+02,8.889694899863046658e+02,8.899421043146205648e+02,8.908855066920930312e+02,8.918007213842176952e+02,8.926887489175469454e+02,8.935505606600485180e+02,8.943870955019854136e+02,8.951992580552889649e+02,8.959879179395542224e+02,8.967539098351514895e+02,8.974980340678168886e+02,8.982210575515751998e+02,8.989237149633382842e+02,8.996067100570718367e+02,9.002707170510634569e+02,9.009163820408293759e+02,9.015443244042537572e+02,9.021551381759264814e+02,9.027493933752724615e+02,9.033276372786458523e+02,9.038903956296180695e+02,9.044381737846166516e+02,9.049714577931479198e+02,9.054907154132940832e+02,9.059963970641697415e+02,9.064889367176714359e+02,9.069687527322598726e+02,9.074362486317311323e+02,9.078918138320284470e+02,9.083358243191397605e+02,9.087686432810669430e+02,9.091906216967431646e+02,9.096020988846457840e+02,9.100034030137143191e+02,9.103948515790341389e+02,9.107767518446162285e+02,9.111494012554832125e+02,9.115130878211738263e+02,9.118680904727156076e+02,9.122146793950939809e+02,9.125531163372759238e+02,9.128836549019524682e+02,9.132065408173524474e+02,9.135220121937962858e+02,9.138302997681190618e+02,9.141316271397643050e+02,9.144262110032825603e+02,9.147142613832585312e+02,9.149959818794582134e+02,9.152715699323686067e+02,9.155412171225460725e+02,9.158051095215350870e+02,9.160634281179931122e+02,9.163163493505416000e+02,9.165640457894612609e+02,9.168066870235858232e+02,9.170444408278279980e+02,9.172774747123230554e+02,9.175059579882696426e+02,9.177300645308760068e+02,9.179499764796905765e+02,9.181658891949821282e+02,9.183780178901467934e+02,9.185866064886093909e+02,9.187919394121815913e+02,9.189943571949922898e+02,9.191942770225052755e+02,9.193922194903236687e+02,9.195888430007892111e+02,9.197849871472260475e+02,9.199817259601414889e+02,9.201804306394477635e+02,9.203828387817076191e+02,9.205911222458221346e+02,9.208079374748455166e+02,9.210364289047347484e+02,9.212801369937230902e+02,9.215427381375033065e+02,9.218275199729126825e+02,9.221364889619206906e+02,9.224690552508296832e+02,9.228204139830929762e+02,9.231805155091665256e+02
8.366209849462425154e+02,8.366209509379913243e+02,8.366245976037796481e+02,8.366311087455798088e+02,8.366396130266504088e+02,8.366493709517965272e+02,8.366598444294361343e+02,8.366706879080355748e+02,8.366817091835157498e+02,8.366928254532712117e+02,8.367040255804090521e+02,8.367153416228987908e+02,8.367268290805779998e+02,8.367385540688002266e+02,8.367505854995742993e+02,8.367629906550113219e+02,8.367758329411096838e+02,8.367891709743737465e+02,8.368030584378864205e+02,8.368175443475599877e+02,8.368326735082183632e+02,8.368484870299992053e+02,8.368650228330112668e+02,8.368823161033787983e+02,8.369003996846693099e+02,8.369193044005702404e+02,8.369390593110670125e+02,8.369596919074996322e+02,8.369812282531455594e+02,8.370036930762271368e+02,8.370271098219923260e+02,8.370515006700444474e+02,8.370768865225784339e+02,8.371032869686816866e+02,8.371307202294301533e+02,8.371592030881489563e+02,8.371887508099194974e+02,8.372193770541780395e+02,8.372510937840510223e+02,8.372839111758961508e+02,8.373178375323386717e+02,8.373528792019051252e+02,8.373890405081382369e+02,8.374263236908238923e+02,8.374647288616646392e+02,8.375042539763899185e+02,8.375448948249006662e+02,8.375866450406157355e+02,8.376294961297199961e+02,8.376734375205268179e+02,8.377184566326673121e+02,8.377645389653353050e+02,8.378116682033481766e+02,8.378598263393638490e+02,8.379089938102247288e+02,8.379591496451054127e+02,8.380102716229179123e+02,8.380623364362978691e+02,8.381153198594441847e+02,8.381691969171192795e+02,8.382239420522353157e+02,8.382795292896248611e+02,8.383359323938423131e+02,8.383931250191151321e+02,8.384510808498829419e+02,8.385097737306834915e+02,8.385691777844809849e+02,8.386292675188474277e+02,8.386900179197174339e+02,8.387514045327089889e+02,8.388134035322511863e+02,8.388759917789699330e+02,8.389391468659539441e+02,8.390028471546597757e+02,8.390670718013155920e+02,8.391318007747470347e+02,8.391970148665835723e+02,8.392626956948156476e+02,8.393288257016523630e+02,8.393953881466013627e+02,8.394623670956391379e+02,8.395297474072843897e+02,8.395975147163143220e+02,8.396656554157972323e+02,8.397341566380331415e+02,8.398030062349275795e+02,8.398721927582446369e+02,8.399417054401200176e+02,8.400115341741517341e+02,8.400816694973237873e+02,8.401521025729691701e+02,8.402228251749281753e+02,8.402938296730214915e+02,8.403651090199197142e+02,8.404366567394627054e+02,8.405084669164617708e+02,8.405805341879945445e+02,8.406528537361921281e+02,8.407254212825075683e+02,8.407982330834458935e+02,8.408712859277370626e+02,8.409445771349257939e+02,8.410181045553622425e+02,8.410918665715710176e+02,8.411658621009887611e+02,8.412400906000611940e+02,8.413145520696991753e+02,8.413892470621004804e+02,8.414641766889529890e+02,8.415393426310407676e+02,8.416147471492874956e+02,8.416903930972786156e+02,8.417662839353145046e+02,8.418424237460577615e+02,8.419188172518483952e+02,8.419954698337729724e+02,8.420723875525875428e+02,8.421495771716050740e+02,8.422270461816763145e+02,8.423048028284067641e+02,8.423828561417706169e+02,8.424612159683035770e+02,8.425398930060746352e+02,8.426188988426633841e+02,8.426982459963934389e+02,8.427779479611047009e+02,8.428580192547746037e+02,8.429384754723400874e+02,8.430193333431084284e+02,8.431006107931917768e+02,8.431823270134510722e+02,8.432645025334905995e+02,8.433471593023085688e+02,8.434303207762807233e+02,8.435140120152345844e+02,8.435982597874603925e+02,8.436830926846103011e+02,8.437685412475478870e+02,8.438546381043446445e+02,8.439414181217628084e+02,8.440289185717326745e+02,8.441171793145197171e+02,8.442062430004928046e+02,8.442961552926432205e+02,8.443869651122888627e+02,8.444787249107051821e+02,8.445714909697923076e+02,8.446653237352976475e+02,8.447602881865874451e+02,8.448564542475069175e+02,8.449538972434958168e+02,8.450526984108505530e+02,8.451529454648655246e+02,8.452547332345581026e+02,8.453581643728175550e+02,8.454633501521386734e+02,8.455704113576513237e+02,8.456794792909678335e+02,8.457906969005106248e+02,8.459042200564974792e+02,8.460202189917425812e+02,8.461388799329658923e+02,8.462604069515073206e+02,8.463850240673523331e+02,8.465129776463685403e+02,8.466445391378337035e+02,8.467800082079573940e+02,8.469197163354767781e+02,8.470640309479173311e+02,8.472133601922107573e+02,8.473681584516098155e+02,8.475289327428968136e+02,8.476962501545224313e+02,8.478707465184585317e+02,8.480531365471953222e+02,8.482442257135842283e+02,8.484449242061746190e+02,8.486562633572200411e+02,8.488794150149738016e+02,8.491157144155018841e+02,8.493666871991164271e+02,8.496340813059518950e+02,8.499199045608747838e+02,8.502264687954560713e+02,8.505564413116319429e+02,8.509129042963794518e+02,8.512994223321366007e+02,8.517201172273557859e+02,8.521797477268689818e+02,8.526837888207656988e+02,8.532385007349552097e+02,8.538509704272908039e+02,8.545290975339451052e+02,8.552814812697067737e+02,8.561171445070965547e+02,8.570450079207816998e+02,8.580730073050514193e+02,8.592067474392982831e+02,8.604476404930785520e+02,8.617906480786633665e+02,8.632222979295454479e+02,8.647175566088078540e+02,8.662522263811603125e+02,8.678045888215818877e+02,8.693567588130105150e+02,8.708948661496121986e+02,8.724086794189888678e+02,8.738910087734100216e+02,8.753370767743358556e+02,8.767439489250357383e+02,8.781100580372135482e+02,8.794348262160860941e+02,8.807183743340157207e+02,8.819613040691532433e+02,8.831645373747470558e+02,8.843292000218516478e+02,8.854565382501165232e+02,8.865478599088562532e+02,8.876044935045988495e+02,8.886277602210122950e+02,8.896189552627996591e+02,8.905793358516027638e+02,8.915101139308064830e+02,8.924124521737452369e+02,8.932874622831235456e+02,8.941362048555821502e+02,8.949596902926610937e+02,8.957588803892214173e+02,8.965346903384125881e+02,8.972879909700355938e+02,8.980196110950311095e+02,8.987303398688983407e+02,8.994209291155137862e+02,9.000920955732472066e+02,9.007445230397596561e+02,9.013788644020640959e+02,9.019957435455437462e+02,9.025957571405042472e+02,9.031794763081265955e+02,9.037474481698354793e+02,9.043001972854233372e+02,9.048382269860316001e+02,9.053620206084368647e+02,9.058720426371633039e+02,9.063687397608257470e+02,9.068525418488648029e+02,9.073238628545154825e+02,9.077831016494857295e+02,9.082306427954325727e+02,9.086668572569304843e+02,9.090921030602394239e+02,9.095067259018018149e+02,9.099110597100471978e+02,9.103054271637408874e+02,9.106901401698120253e+02,9.110655003033110688e+02,9.114317992118956226e+02,9.117893189870344486e+02,9.121383325039367946e+02,9.124791037320923124e+02,9.128118880182346402e+02,9.131369323435474143e+02,9.134544755570253756e+02,9.137647485871298159e+02,9.140679746342555063e+02,9.143643693471337883e+02,9.146541409871965698e+02,9.149374905862275682e+02,9.152146121044884239e+02,9.154856925991160779e+02,9.157509124162424996e+02,9.160104454253784070e+02,9.162644593216640487e+02,9.165131160313979990e+02,9.167565722698408308e+02,9.169949803191188948e+02,9.172284891201337587e+02,9.174572458084609252e+02,9.176813978740939319e+02,9.179010961936148760e+02,9.181164992777526095e+02,9.183277792060689535e+02,9.185351298946824272e+02,9.187387785753078333e+02,9.189390016677691619e+02,9.191361466135937235e+02,9.193306617039581852e+02,9.195231364519547697e+02,9.197143555388464620e+02,9.199053696041829653e+02,9.200975857387714996e+02,9.202928787052239841e+02,9.204937192968059207e+02,9.207033066258860572e+02,9.209256731542914167e+02,9.211657005138894192e+02,9.214289362362230804e+02,9.217210359130987172e+02,9.220465852714247603e+02,9.224070307175599055e+02,9.227975902644265034e+02,9.232049428699955342e+02
8.365257028213643480e+02,8.365256339761618847e+02,8.365306977707538181e+02,8.365392419202814835e+02,8.365498286060375221e+02,8.365613871283652543e+02,8.365732336107313358e+02,8.365849932002298601e+02,8.365965052342756962e+02,8.366077429273661892e+02,8.366187551321792171e+02,8.366296279974980052e+02,8.366404615948976016e+02,8.366513567347407161e+02,8.366624082483393749e+02,8.366737021356069590e+02,8.366853148839010146e+02,8.366973139111889850e+02,8.367097585166155795e+02,8.367227009928208190e+02,8.367361877185603589e+02,8.367502601457972560e+02,8.367649556488087228e+02,8.367803082310585978e+02,8.367963490992758580e+02,8.368131071198082509e+02,8.368306091736770895e+02,8.368488804260239249e+02,8.368679445240119321e+02,8.368878237353736722e+02,8.369085390379942737e+02,8.369301101693296232e+02,8.369525556431210589e+02,8.369758927397843991e+02,8.370001374759896180e+02,8.370253045582661571e+02,8.370514073249495368e+02,8.370784576803654318e+02,8.371064660248209748e+02,8.371354411836936151e+02,8.371653903386626325e+02,8.371963189638928498e+02,8.372282307697382748e+02,8.372611276562754483e+02,8.372950096786930771e+02,8.373298750262505337e+02,8.373657200161732135e+02,8.374025391034813310e+02,8.374403249073508277e+02,8.374790682542002287e+02,8.375187582372803945e+02,8.375593822921439369e+02,8.376009262869861232e+02,8.376433746265041691e+02,8.376867103676182751e+02,8.377309153451512884e+02,8.377759703053826570e+02,8.378218550452761519e+02,8.378685485551345664e+02,8.379160291624572210e+02,8.379642746748594391e+02,8.380132625200534449e+02,8.380629698810791979e+02,8.381133738251938894e+02,8.381644514250832572e+02,8.382161798713171947e+02,8.382685365752466851e+02,8.383214992617979533e+02,8.383750460518759837e+02,8.384291555343177151e+02,8.384838068275444130e+02,8.385389796312425688e+02,8.385946542685518352e+02,8.386508117193594671e+02,8.387074336453902106e+02,8.387645024078439064e+02,8.388220010783708176e+02,8.388799134441854903e+02,8.389382240081195050e+02,8.389969179843860729e+02,8.390559812907971491e+02,8.391154005381265506e+02,8.391751630172590239e+02,8.392352566847084745e+02,8.392956701470260441e+02,8.393563926445581274e+02,8.394174140349548452e+02,8.394787247767718554e+02,8.395403159134522184e+02,8.396021790579256958e+02,8.396643063780193188e+02,8.397266905828291783e+02,8.397893249101687161e+02,8.398522031151792362e+02,8.399153194601632322e+02,8.399786687056741812e+02,8.400422461028895214e+02,8.401060473872684042e+02,8.401700687734979738e+02,8.402343069517140748e+02,8.402987590849890012e+02,8.403634228080679804e+02,8.404282962273433668e+02,8.404933779220533552e+02,8.405586669466975991e+02,8.406241628346662083e+02,8.406898656030825805e+02,8.407557757588697314e+02,8.408218943060534230e+02,8.408882227543260797e+02,8.409547631289002538e+02,8.410215179816910904e+02,8.410884904038758805e+02,8.411556840398883423e+02,8.412231031029132282e+02,8.412907523919615187e+02,8.413586373106153360e+02,8.414267638875446664e+02,8.414951387989110572e+02,8.415637693927910732e+02,8.416326637157629875e+02,8.417018305418241653e+02,8.417712794038213815e+02,8.418410206275997325e+02,8.419110653691002426e+02,8.419814256546627576e+02,8.420521144248189103e+02,8.421231455818953009e+02,8.421945340417829584e+02,8.422662957902705330e+02,8.423384479443858481e+02,8.424110088192416015e+02,8.424839980009413694e+02,8.425574364261647133e+02,8.426313464691294257e+02,8.427057520367070538e+02,8.427806786725656139e+02,8.428561536713198166e+02,8.429322062037875867e+02,8.430088674545911545e+02,8.430861707734917445e+02,8.431641518420279908e+02,8.432428488572221568e+02,8.433223027343523199e+02,8.434025573310411801e+02,8.434836596952186483e+02,8.435656603398459765e+02,8.436486135476886830e+02,8.437325777098692470e+02,8.438176157024545319e+02,8.439037953059265647e+02,8.439911896730885701e+02,8.440798778517580558e+02,8.441699453695481452e+02,8.442614848891332713e+02,8.443545969436910354e+02,8.444493907637257735e+02,8.445459852082722136e+02,8.446445098155934375e+02,8.447451059910039248e+02,8.448479283524383163e+02,8.449531462579662957e+02,8.450609455437371480e+02,8.451715305059929051e+02,8.452851261670064105e+02,8.454019808723234064e+02,8.455223692758240759e+02,8.456465957802463436e+02,8.457749985144008633e+02,8.459079539449595586e+02,8.460458822411483197e+02,8.461892535358534815e+02,8.463385952577174294e+02,8.464945007471819736e+02,8.466576394169047717e+02,8.468287687756732112e+02,8.470087487074200681e+02,8.471985584861829466e+02,8.473993171170982350e+02,8.476123077260587024e+02,8.478390068791553631e+02,8.480811198982468113e+02,8.483406234475248766e+02,8.486198168858742292e+02,8.489213840833544964e+02,8.492484675308101032e+02,8.496047565229371230e+02,8.499945907756582528e+02,8.504230797166036382e+02,8.508962353064169974e+02,8.514211117064131713e+02,8.520059370001457637e+02,8.526602084312827401e+02,8.533947004293662530e+02,8.542213008039813076e+02,8.551525424642458120e+02,8.562006377872597795e+02,8.573757648414036794e+02,8.586833432951325449e+02,8.601201785635738588e+02,8.616704911563965652e+02,8.632944070598312010e+02,8.649584339905331944e+02,8.666344560769019836e+02,8.683009410644469881e+02,8.699423954652187376e+02,8.715482927778283511e+02,8.731119333013684809e+02,8.746294364190719079e+02,8.760989279798147891e+02,8.775199198554878421e+02,8.788928530667049017e+02,8.802187699773403438e+02,8.814990837963999866e+02,8.827354192850499430e+02,8.839295045015749110e+02,8.850830985798521624e+02,8.861979446496515038e+02,8.872757401236324313e+02,8.883181188653513800e+02,8.893266414007125604e+02,8.903027905057774660e+02,8.912479703275387237e+02,8.921635077702973149e+02,8.930506552813704957e+02,8.939105944482532777e+02,8.947444400120826913e+02,8.955532440353435959e+02,8.963380000533852581e+02,8.970996471021700245e+02,8.978390735575499093e+02,8.985571207503860478e+02,8.992545863412617564e+02,8.999322274513276625e+02,9.005907635540398815e+02,9.012308791376268573e+02,9.018532261510524677e+02,9.024584262477294487e+02,9.030470728417509463e+02,9.036197329912988607e+02,9.041769491233712870e+02,9.047192406132212454e+02,9.052471052310108917e+02,9.057610204672449754e+02,9.062614447475863244e+02,9.067488185467296944e+02,9.072235654101029922e+02,9.076860928913299631e+02,9.081367934125870534e+02,9.085760450542599074e+02,9.090042122796209014e+02,9.094216465996247507e+02,9.098286871823457886e+02,9.102256614110467581e+02,9.106128853943874901e+02,9.109906644318346025e+02,9.113592934369245313e+02,9.117190573206607951e+02,9.120702313369918102e+02,9.124130813920138507e+02,9.127478643182905671e+02,9.130748281154692449e+02,9.133942121582302889e+02,9.137062473725377458e+02,9.140111563811998394e+02,9.143091536199408438e+02,9.146004454255803466e+02,9.148852300986070532e+02,9.151636979435415924e+02,9.154360312921756986e+02,9.157024045173080822e+02,9.159629840483349881e+02,9.162179284054947175e+02,9.164673882774666254e+02,9.167115066784402870e+02,9.169504192372328362e+02,9.171842546947539176e+02,9.174131357202671779e+02,9.176371802060566552e+02,9.178565032708117997e+02,9.180712203036390520e+02,9.182814515262555233e+02,9.184873287589757638e+02,9.186890053715292197e+02,9.188866708154218941e+02,9.190805717112809816e+02,9.192710422479203771e+02,9.194585476789454788e+02,9.196437459830674470e+02,9.198275741973966433e+02,9.200113672341519759e+02,9.201970173966461743e+02,9.203871806983105444e+02,9.205855282662863601e+02,9.207970217450263135e+02,9.210281508627672338e+02,9.212869942803658887e+02,9.215828329169057724e+02,9.219248454096866681e+02,9.223191727233294159e+02,9.227634971418337955e+02,9.232437122158905822e+02
8.364259188848304802e+02,8.364257716497847923e+02,8.364333822240428162e+02,8.364452169665099746e+02,8.364589111067133445e+02,8.364729714365488462e+02,8.364866029565397412e+02,8.364994758654364659e+02,8.365115341256413330e+02,8.365228643232153445e+02,8.365336151569511003e+02,8.365439522540020789e+02,8.365540352047271426e+02,8.365640075471123964e+02,8.365739937795004835e+02,8.365840998731973741e+02,8.365944153012370634e+02,8.366050155330541429e+02,8.366159644806864435e+02,8.366273166754598378e+02,8.366391191063042925e+02,8.366514127242070344e+02,8.366642336483930649e+02,8.366776141193378180e+02,8.366915832430153159e+02,8.367061675658234208e+02,8.367213915134339004e+02,8.367372777207817762e+02,8.367538472751123209e+02,8.367711198896024598e+02,8.367891140215364203e+02,8.368078469462303701e+02,8.368273347957403985e+02,8.368475925697332514e+02,8.368686341246343545e+02,8.368904721462105272e+02,8.369131181100135564e+02,8.369365822335551002e+02,8.369608734236454666e+02,8.369859992219802507e+02,8.370119657517595897e+02,8.370387776678621776e+02,8.370664381128394780e+02,8.370949486807440962e+02,8.371243093905375190e+02,8.371545186705436663e+02,8.371855733551097956e+02,8.372174686943237703e+02,8.372501983772992844e+02,8.372837545692041203e+02,8.373181279618645476e+02,8.373533078374495062e+02,8.373892821444245556e+02,8.374260375846830584e+02,8.374635597105154829e+02,8.375018330298740921e+02,8.375408411182421560e+02,8.375805667353167792e+02,8.376209919446730510e+02,8.376620982345912125e+02,8.377038666382868541e+02,8.377462778518964797e+02,8.377893123487137927e+02,8.378329504883495247e+02,8.378771726196860072e+02,8.379219591767108568e+02,8.379672907665292314e+02,8.380131482490703547e+02,8.380595128082090923e+02,8.381063660142154959e+02,8.381536898776170119e+02,8.382014668947102791e+02,8.382496800850858563e+02,8.382983130216358632e+02,8.383473498535904582e+02,8.383967753231897859e+02,8.384465747766331560e+02,8.384967341699618828e+02,8.385472400705371001e+02,8.385980796547553382e+02,8.386492407026213414e+02,8.387007115897636140e+02,8.387524812774350949e+02,8.388045393009959980e+02,8.388568757573270886e+02,8.389094812915720922e+02,8.389623470835581429e+02,8.390154648341939492e+02,8.390688267521046555e+02,8.391224255407120154e+02,8.391762543859390462e+02,8.392303069446757036e+02,8.392845773341160793e+02,8.393390601220490908e+02,8.393937503181631428e+02,8.394486433664046672e+02,8.395037351384155500e+02,8.395590219280658175e+02,8.396145004470816957e+02,8.396701678217709741e+02,8.397260215908373766e+02,8.397820597042764348e+02,8.398382805233452473e+02,8.398946828215979394e+02,8.399512657869828445e+02,8.400080290250014059e+02,8.400649725629294835e+02,8.401220968551127726e+02,8.401794027893483872e+02,8.402368916943746626e+02,8.402945653484963486e+02,8.403524259893794124e+02,8.404104763250595624e+02,8.404687195462149703e+02,8.405271593397623064e+02,8.405857999038481694e+02,8.406446459643124172e+02,8.407037027927177633e+02,8.407629762260460211e+02,8.408224726881795732e+02,8.408821992132959622e+02,8.409421634713249887e+02,8.410023737956302057e+02,8.410628392130994371e+02,8.411235694768480471e+02,8.411845751017651764e+02,8.412458674031568080e+02,8.413074585387722664e+02,8.413693615545320199e+02,8.414315904343120565e+02,8.414941601541839873e+02,8.415570867415530074e+02,8.416203873396935933e+02,8.416840802782376159e+02,8.417481851502399195e+02,8.418127228965180393e+02,8.418777158980541344e+02,8.419431880773355488e+02,8.420091650096275089e+02,8.420756740452881104e+02,8.421427444443835384e+02,8.422104075250146025e+02,8.422786968269516592e+02,8.423476482923836102e+02,8.424173004658202899e+02,8.424876947154663185e+02,8.425588754786898562e+02,8.426308905345767926e+02,8.427037913069719934e+02,8.427776332018917174e+02,8.428524759837464444e+02,8.429283841954652416e+02,8.430054276283638046e+02,8.430836818484845026e+02,8.431632287871759672e+02,8.432441574048954180e+02,8.433265644386627855e+02,8.434105552453023620e+02,8.434962447546386102e+02,8.435837585492356538e+02,8.436732340901729685e+02,8.437648221118366791e+02,8.438586882129121705e+02,8.439550146758607525e+02,8.440540025533533708e+02,8.441558740676917978e+02,8.442608753785071940e+02,8.443692797854102992e+02,8.444813914463334186e+02,8.445975497097368816e+02,8.447181341805555803e+02,8.448435706668892635e+02,8.449743381884604787e+02,8.451109772707128514e+02,8.452540998025435783e+02,8.454044008042593532e+02,8.455626725394704408e+02,8.457298215155143453e+02,8.459068890581703499e+02,8.460950763260000258e+02,8.462957748573712706e+02,8.465106040301636767e+02,8.467414571717231411e+02,8.469905584939945129e+02,8.472605335472935622e+02,8.475544964683523403e+02,8.478761578862199713e+02,8.482299578054203266e+02,8.486212278197921250e+02,8.490563860556810596e+02,8.495431652423346804e+02,8.500908673671352744e+02,8.507106242370217615e+02,8.514156165928282007e+02,8.522211569999676612e+02,8.531444622195613192e+02,8.542038165999198327e+02,8.554166538811126657e+02,8.567958871905323122e+02,8.583437154968434015e+02,8.600448238243066044e+02,8.618290155492702524e+02,8.636497573434861579e+02,8.654710196331890302e+02,8.672677197069831436e+02,8.690235540713201772e+02,8.707287140014174156e+02,8.723779477569408982e+02,8.739690744996734111e+02,8.755019092005026096e+02,8.769775140551245158e+02,8.783976915290521674e+02,8.797646487211335398e+02,8.810807798193072813e+02,8.823485283555362457e+02,8.835703025686648289e+02,8.847484256541516743e+02,8.858851086388808653e+02,8.869824377148927397e+02,8.880423706379669966e+02,8.890667386541886117e+02,8.900572516532395184e+02,8.910155050650965904e+02,8.919429875560969094e+02,8.928410889345113901e+02,8.937111079073334849e+02,8.945542594804974215e+02,8.953716818917146156e+02,8.961644430268266888e+02,8.969335463090702660e+02,8.976799360739670419e+02,8.984045024559576404e+02,8.991080858199225077e+02,8.997914807736849525e+02,9.004554397980076601e+02,9.011006765294765728e+02,9.017278687296814041e+02,9.023376609716621033e+02,9.029306670719822705e+02,9.035074722941675418e+02,9.040686353467204981e+02,9.046146901965474854e+02,9.051461477164303915e+02,9.056634971831658731e+02,9.061672076411680337e+02,9.066577291446789104e+02,9.071354938902505864e+02,9.076009172498247608e+02,9.080543987135422412e+02,9.084963227503375265e+02,9.089270595934032144e+02,9.093469659567400640e+02,9.097563856882121627e+02,9.101556503638087179e+02,9.105450798271539270e+02,9.109249826776973578e+02,9.112956567104538408e+02,9.116573893096308439e+02,9.120104577979853957e+02,9.123551297432757110e+02,9.126916632227216724e+02,9.130203070459548371e+02,9.133413009365293647e+02,9.136548756716790649e+02,9.139612531796616395e+02,9.142606465937452640e+02,9.145532602616938220e+02,9.148392897095557146e+02,9.151189215587265835e+02,9.153923333957668547e+02,9.156596935954819401e+02,9.159211610996048876e+02,9.161768851564510214e+02,9.164270050317677487e+02,9.166716497086034678e+02,9.169109376057546115e+02,9.171449763623137414e+02,9.173738627631869349e+02,9.175976829219422370e+02,9.178165129001858986e+02,9.180304200376835979e+02,9.182394654110323700e+02,9.184437080553462920e+02,9.186432119097105442e+02,9.188380569368100623e+02,9.190283565977244962e+02,9.192142849429591251e+02,9.193961181547198294e+02,9.195742976181048789e+02,9.197495246820483317e+02,9.199229012617229273e+02,9.200961350450355667e+02,9.202718320976669020e+02,9.204538998531700145e+02,9.206480722803067920e+02,9.208625306117347691e+02,9.211084968258280696e+02,9.214004691649336110e+02,9.217553658924707634e+02,9.221891466164729536e+02,9.227084655010099823e+02,9.233126769349488541e+02
8.363196712911139912e+02,8.363193404987589474e+02,8.363317694848095698e+02,8.363490192327454906e+02,8.363673173019624301e+02,8.363847545051498855e+02,8.364005848477454492e+02,8.364146915415500416e+02,8.364272520225194967e+02,8.364385514011605665e+02,8.364488889634794759e+02,8.364585372577691942e+02,8.364677284928295649e+02,8.364766538589694846e+02,8.364854681461536074e+02,8.364942958959546786e+02,8.365032373955144749e+02,8.365123738699261366e+02,8.365217717248618783e+02,8.365314859024732641e+02,8.365415624863195490e+02,8.365520407010051258e+02,8.365629544369844552e+02,8.365743334083200580e+02,8.365862040287604486e+02,8.365985900721658481e+02,8.366115131677034924e+02,8.366249931680773670e+02,8.366390484197994510e+02,8.366536959575389574e+02,8.366689516393837494e+02,8.366848302359823037e+02,8.367013454836659321e+02,8.367185101095292339e+02,8.367363358348731026e+02,8.367548333622466998e+02,8.367740123504572693e+02,8.367938813812565968e+02,8.368144479209170186e+02,8.368357182795119797e+02,8.368576975703959988e+02,8.368803896721011597e+02,8.369037971946155494e+02,8.369279214517667924e+02,8.369527624411932720e+02,8.369783188331354040e+02,8.370045879690245556e+02,8.370315658705789019e+02,8.370592472598385712e+02,8.370876255902978755e+02,8.371166930890125286e+02,8.371464408092940630e+02,8.371768586933523011e+02,8.372079356440167430e+02,8.372396596044700345e+02,8.372720176447656968e+02,8.373049960537741754e+02,8.373385804351272554e+02,8.373727558056870066e+02,8.374075066950773589e+02,8.374428172448567693e+02,8.374786713059962722e+02,8.375150525334377107e+02,8.375519444766446213e+02,8.375893306652154706e+02,8.376271946887937929e+02,8.376655202706856471e+02,8.377042913347634112e+02,8.377434920654021653e+02,8.377831069603504375e+02,8.378231208765765814e+02,8.378635190692587003e+02,8.379042872241901705e+02,8.379454114839621752e+02,8.379868784683524154e+02,8.380286752893991888e+02,8.380707895616734504e+02,8.381132094082797721e+02,8.381559234631195068e+02,8.381989208699421852e+02,8.382421912786934399e+02,8.382857248396419436e+02,8.383295121957355605e+02,8.383735444736008731e+02,8.384178132735642066e+02,8.384623106590274801e+02,8.385070291454975404e+02,8.385519616895263653e+02,8.385971016777806426e+02,8.386424429164284220e+02,8.386879796209947244e+02,8.387337064068105974e+02,8.387796182801547502e+02,8.388257106301626891e+02,8.388719792215604230e+02,8.389184201882633261e+02,8.389650300278657369e+02,8.390118055970390287e+02,8.390587441078462234e+02,8.391058431249739442e+02,8.391531005638821625e+02,8.392005146898668499e+02,8.392480841180314428e+02,8.392958078141630267e+02,8.393436850965123313e+02,8.393917156384778764e+02,8.394398994721977942e+02,8.394882369930588766e+02,8.395367289651363762e+02,8.395853765275817295e+02,8.396341812019840063e+02,8.396831449007343053e+02,8.397322699364318623e+02,8.397815590323746164e+02,8.398310153341877822e+02,8.398806424226489753e+02,8.399304443277811743e+02,8.399804255442896874e+02,8.400305910484353262e+02,8.400809463164413273e+02,8.401314973445496435e+02,8.401822506708524543e+02,8.402332133990404373e+02,8.402843932242282108e+02,8.403357984610344147e+02,8.403874380741127652e+02,8.404393217113597530e+02,8.404914597400431830e+02,8.405438632861298629e+02,8.405965442771223479e+02,8.406495154887481931e+02,8.407027905958916563e+02,8.407563842281978168e+02,8.408103120308351208e+02,8.408645907309609129e+02,8.409192382104964736e+02,8.409742735858992546e+02,8.410297172956979921e+02,8.410855911966580152e+02,8.411419186695487724e+02,8.411987247356113357e+02,8.412560361849649553e+02,8.413138817183518086e+02,8.413722921038026925e+02,8.414313003500180912e+02,8.414909418985017737e+02,8.415512548367588579e+02,8.416122801351953058e+02,8.416740619107250723e+02,8.417366477205205229e+02,8.418000888898448011e+02,8.418644408784841744e+02,8.419297636909841458e+02,8.419961223366913146e+02,8.420635873465465693e+02,8.421322353546843260e+02,8.422021497542177713e+02,8.422734214381506490e+02,8.423461496382354881e+02,8.424204428768390471e+02,8.424964200495764999e+02,8.425742116597369886e+02,8.426539612294810695e+02,8.427358269176055501e+02,8.428199833795682707e+02,8.429066239127043900e+02,8.429959629385087965e+02,8.430882388849382778e+02,8.431837175455059423e+02,8.432826960092324953e+02,8.433855072772847734e+02,8.434925257096712130e+02,8.436041734803695817e+02,8.437209282640233141e+02,8.438433324348548012e+02,8.439720041327432227e+02,8.441076506478954116e+02,8.442510847014219735e+02,8.444032443641477812e+02,8.445652175731293028e+02,8.447382724919648354e+02,8.449238953399601542e+02,8.451238378161991704e+02,8.453401769048919050e+02,8.455753907124028501e+02,8.458324551014189865e+02,8.461149672916377540e+02,8.464273042876301361e+02,8.467748258666345009e+02,8.471641335644260380e+02,8.476033977767242504e+02,8.481027628556691980e+02,8.486748310395354338e+02,8.493352026205051288e+02,8.501029977934039152e+02,8.510011801679651171e+02,8.520563019595959986e+02,8.532969367762067350e+02,8.547494920840557597e+02,8.564292926368601684e+02,8.583328164482709326e+02,8.603223905453590987e+02,8.623355878212477137e+02,8.643278871691043150e+02,8.662720837853848934e+02,8.681530201715632984e+02,8.699634321189187176e+02,8.717009912362492514e+02,8.733663191140417439e+02,8.749617048712880205e+02,8.764903013131652187e+02,8.779556345567605149e+02,8.793613137039800449e+02,8.807108656988827988e+02,8.820076471947613754e+02,8.832548029616707481e+02,8.844552518081770813e+02,8.856116882633381238e+02,8.867265928347381987e+02,8.878022465071310307e+02,8.888407469107542056e+02,8.898440246746320099e+02,8.908138591440488199e+02,8.917518930431003810e+02,8.926596459027465471e+02,8.935385262143086038e+02,8.943898423465690257e+02,8.952148123055613951e+02,8.960145724346937186e+02,8.967901851582612380e+02,8.975426458693490304e+02,8.982728890570871272e+02,8.989817937602970233e+02,8.996701884260024826e+02,9.003388552427886680e+02,9.009885340109631215e+02,9.016199256040972614e+02,9.022336950698700093e+02,9.028304744122094689e+02,9.034108650914823784e+02,9.039754402748793609e+02,9.045247468651043619e+02,9.050593073319507766e+02,9.055796213682650659e+02,9.060861673891060946e+02,9.065794038905586376e+02,9.070597706825972182e+02,9.075276900085927991e+02,9.079835675624655096e+02,9.084277934130819858e+02,9.088607428442539913e+02,9.092827771175841463e+02,9.096942441644083601e+02,9.100954792121833634e+02,9.104868053498425979e+02,9.108685340358809981e+02,9.112409655522167213e+02,9.116043894061962192e+02,9.119590846824519303e+02,9.123053203456781830e+02,9.126433554947398079e+02,9.129734395678706278e+02,9.132958124980373213e+02,9.136107048168302072e+02,9.139183377044859071e+02,9.142189229828524049e+02,9.145126630472552733e+02,9.147997507323418631e+02,9.150803691060797291e+02,9.153546911852048424e+02,9.156228795646510434e+02,9.158850859529597983e+02,9.161414506056198661e+02,9.163921016490837701e+02,9.166371542904739727e+02,9.168767099127061329e+02,9.171108550635158281e+02,9.173396603622061320e+02,9.175631793739074737e+02,9.177814475442667117e+02,9.179944813581930703e+02,9.182022780013314787e+02,9.184048159891726755e+02,9.186020575292235435e+02,9.187939538653048430e+02,9.189804556293132691e+02,9.191615314670245880e+02,9.193372001777592004e+02,9.195075847158743727e+02,9.196730012270006682e+02,9.198341036107028685e+02,9.199921147933596330e+02,9.201491905370685345e+02,9.203089792847912349e+02,9.204774568321014385e+02,9.206641106804784158e+02,9.208834826445643102e+02,9.211568506370934983e+02,9.215132329315631523e+02,9.219875296152197279e+02,9.226108001143044248e+02,9.234524826859938003e+02
8.362034596208217181e+02,8.362026843150626974e+02,8.362247392568501709e+02,8.362510171079691190e+02,8.362760190697389362e+02,8.362978015249190094e+02,8.363161122478372818e+02,8.363313769972044156e+02,8.363442100895748581e+02,8.363552061550071812e+02,8.363648686419928708e+02,8.363735984995098534e+02,8.363817056941461487e+02,8.363894267883740667e+02,8.363969418400813538e+02,8.364043884503748814e+02,8.364118726891874758e+02,8.364194773075029161e+02,8.364272678021226284e+02,8.364352968575775549e+02,8.364436075906313590e+02,8.364522359215354754e+02,8.364612123111336359e+02,8.364705630372119458e+02,8.364803111348491029e+02,8.364904770903239069e+02,8.365010793529775128e+02,8.365121347115273238e+02,8.365236585686240005e+02,8.365356651384033739e+02,8.365481675853487786e+02,8.365611781181603419e+02,8.365747080490278904e+02,8.365887678263031830e+02,8.366033670468458467e+02,8.366185144530454636e+02,8.366342179186038948e+02,8.366504844264678695e+02,8.366673200417864109e+02,8.366847298823679466e+02,8.367027180887894247e+02,8.367212877960445212e+02,8.367404411083816740e+02,8.367601790787641676e+02,8.367805016941744043e+02,8.368014078677726957e+02,8.368228954387084286e+02,8.368449611801613628e+02,8.368676008159712865e+02,8.368908090459901814e+02,8.369145795800729957e+02,8.369389051804114388e+02,8.369637777117185351e+02,8.369891881985890905e+02,8.370151268892094549e+02,8.370415833244586565e+02,8.370685464113455510e+02,8.370960044996627403e+02,8.371239454607067501e+02,8.371523567669147496e+02,8.371812255713023205e+02,8.372105387856460084e+02,8.372402831564410235e+02,8.372704453377695017e+02,8.373010119603325165e+02,8.373319696960286365e+02,8.373633053175988152e+02,8.373950057529857531e+02,8.374270581341911566e+02,8.374594498405324430e+02,8.374921685363162851e+02,8.375252022030413173e+02,8.375585391663330483e+02,8.375921681178818972e+02,8.376260781327113136e+02,8.376602586821495606e+02,8.376946996429018100e+02,8.377293913026394421e+02,8.377643243625279865e+02,8.377994899371108204e+02,8.378348795519517580e+02,8.378704851394251136e+02,8.379062990330135108e+02,8.379423139604499511e+02,8.379785230360082551e+02,8.380149197522167697e+02,8.380514979712385184e+02,8.380882519161302753e+02,8.381251761621617788e+02,8.381622656283528841e+02,8.381995155693543893e+02,8.382369215677813372e+02,8.382744795270800751e+02,8.383121856649987649e+02,8.383500365077087508e+02,8.383880288846140729e+02,8.384261599238767531e+02,8.384644270486714959e+02,8.385028279741817414e+02,8.385413607053405940e+02,8.385800235353183325e+02,8.386188150447551379e+02,8.386577341017377876e+02,8.386967798625183832e+02,8.387359517729754543e+02,8.387752495708183460e+02,8.388146732885418260e+02,8.388542232571346631e+02,8.388939001105586613e+02,8.389337047910099727e+02,8.389736385549861097e+02,8.390137029801824156e+02,8.390538999732511911e+02,8.390942317784582656e+02,8.391347009872820308e+02,8.391753105490051894e+02,8.392160637823554907e+02,8.392569643882632136e+02,8.392980164638070164e+02,8.393392245174356958e+02,8.393805934855561190e+02,8.394221287505971532e+02,8.394638361606649823e+02,8.395057220509247600e+02,8.395477932668565018e+02,8.395900571895501798e+02,8.396325217632263502e+02,8.396751955251896788e+02,8.397180876384452404e+02,8.397612079272386154e+02,8.398045669158065039e+02,8.398481758706651590e+02,8.398920468467946421e+02,8.399361927381303303e+02,8.399806273328125599e+02,8.400253653737088371e+02,8.400704226247818269e+02,8.401158159439474957e+02,8.401615633631521405e+02,8.402076841764852588e+02,8.402541990372523060e+02,8.403011300650499606e+02,8.403485009640222643e+02,8.403963371536348177e+02,8.404446659134798665e+02,8.404935165438326976e+02,8.405429205439195357e+02,8.405929118101250879e+02,8.406435268566935974e+02,8.406948050618390198e+02,8.407467889426146712e+02,8.407995244623924691e+02,8.408530613753921443e+02,8.409074536133931588e+02,8.409627597205778784e+02,8.410190433434268016e+02,8.410763737837316967e+02,8.411348266241724332e+02,8.411944844375419734e+02,8.412554375926880539e+02,8.413177851726261451e+02,8.413816360231787712e+02,8.414471099540259047e+02,8.415143391183731865e+02,8.415834696027602604e+02,8.416546632650930633e+02,8.417280998671424186e+02,8.418039795579276188e+02,8.418825257771809447e+02,8.419639886642194142e+02,8.420486490780247095e+02,8.421368233604969191e+02,8.422288690084740210e+02,8.423251914636279025e+02,8.424262522860401532e+02,8.425325790516310462e+02,8.426447774118821599e+02,8.427635458850778605e+02,8.428896941236382645e+02,8.430241656389471245e+02,8.431680662872428229e+02,8.433227002613972445e+02,8.434896159415316106e+02,8.436706647998838662e+02,8.438680777266856694e+02,8.440845647744347389e+02,8.443234465824770041e+02,8.445888288633153707e+02,8.448858355557350706e+02,8.452209217814113345e+02,8.456022945331114897e+02,8.460404762665606313e+02,8.465490515355683101e+02,8.471456323172407110e+02,8.478530467834567617e+02,8.487006616741556400e+02,8.497255122322090983e+02,8.509723818670111086e+02,8.524908618896994312e+02,8.543252577877876774e+02,8.565220427982959563e+02,8.587824130931544460e+02,8.610340219938960900e+02,8.632267270179801244e+02,8.653355289808282578e+02,8.673503190690375959e+02,8.692693526086510474e+02,8.710953069977406358e+02,8.728329893257814547e+02,8.744880477946096562e+02,8.760662748030306375e+02,8.775732503730880580e+02,8.790141769850206401e+02,8.803938193014357694e+02,8.817164993055874902e+02,8.829861189859119577e+02,8.842061951476414379e+02,8.853798980330338964e+02,8.865100894418391135e+02,8.875993582805319875e+02,8.886500526945089860e+02,8.896643085900294636e+02,8.906440746832151945e+02,8.915911343652735468e+02,8.925071247278673354e+02,8.933935530963779001e+02,8.942518113975900178e+02,8.950831886563616990e+02,8.958888818808210317e+02,8.966700055615042402e+02,8.974275999784936175e+02,8.981626384827256970e+02,8.988760338933452658e+02,8.995686441320663107e+02,9.002412771976473778e+02,9.008946955684108389e+02,9.015296201078707554e+02,9.021467335376427172e+02,9.027466835325855072e+02,9.033300854853124520e+02,9.038975249805816929e+02,9.044495600144430227e+02,9.049867229882213451e+02,9.055095225033238648e+02,9.060184449793528074e+02,9.065139561149952669e+02,9.069965022085675628e+02,9.074665113528532174e+02,9.079243945169175731e+02,9.083705465258856293e+02,9.088053469481703814e+02,9.092291608983173319e+02,9.096423397624471363e+02,9.100452218522136718e+02,9.104381329922208579e+02,9.108213870449374099e+02,9.111952863763020787e+02,9.115601222643899746e+02,9.119161752527093086e+02,9.122637154488900251e+02,9.126030027686950916e+02,9.129342871244081152e+02,9.132578085557081522e+02,9.135737973001079126e+02,9.138824737988697962e+02,9.141840486330028170e+02,9.144787223824351940e+02,9.147666853997174030e+02,9.150481174875870920e+02,9.153231874673740549e+02,9.155920526224972491e+02,9.158548579981611510e+02,9.161117355347955709e+02,9.163628030088329979e+02,9.166081627502330775e+02,9.168479001020789383e+02,9.170820815842544107e+02,9.173107527219478925e+02,9.175339355028384034e+02,9.177516254384690910e+02,9.179637882328356682e+02,9.181703561175135064e+02,9.183712240201945178e+02,9.185662459315751676e+02,9.187552321924733860e+02,9.189379490578168088e+02,9.191141230132676583e+02,9.192834542808532206e+02,9.194456473649408963e+02,9.196004723977545154e+02,9.197478811674216104e+02,9.198882188113477696e+02,9.200226003919200366e+02,9.201535664947429041e+02,9.202861990147732740e+02,9.204299663859617340e+02,9.206016498557686418e+02,9.208296742997415549e+02,9.211597160999546077e+02,9.216597638304285738e+02,9.224178711618254738e+02,9.237742071249613218e+02
8.360707412876914759e+02,8.360688591372683049e+02,8.361111993983942057e+02,8.361525904609111421e+02,8.361869797852484680e+02,8.362138690270869574e+02,8.362345183441412928e+02,8.362504639827902793e+02,8.362630314356434837e+02,8.362732376046908485e+02,8.362818238248175930e+02,8.362893189530433347e+02,8.362960980535025328e+02,8.363024280690477781e+02,8.363085008176595920e+02,8.363144560160418450e+02,8.363203971002139951e+02,8.363264020486150230e+02,8.363325308016735562e+02,8.363388303785502558e+02,8.363453384347278643e+02,8.363520857584242094e+02,8.363590980388546541e+02,8.363663971298472006e+02,8.363740019598114941e+02,8.363819291909617277e+02,8.363901936986211467e+02,8.363988089198855960e+02,8.364077871063326484e+02,8.364171395054918321e+02,8.364268764889105796e+02,8.364370076398738547e+02,8.364475418104732398e+02,8.364584871553554422e+02,8.364698511477839702e+02,8.364816405824359435e+02,8.364938615684745855e+02,8.365065195157907283e+02,8.365196191168257656e+02,8.365331643260235523e+02,8.365471583386647580e+02,8.365616035706066214e+02,8.365765016402438050e+02,8.365918533538224438e+02,8.366076586950682668e+02,8.366239168199176675e+02,8.366406260569733604e+02,8.366577839141353934e+02,8.366753870916882079e+02,8.366934315019533415e+02,8.367119122954530894e+02,8.367308238933680968e+02,8.367501600259246288e+02,8.367699137762111832e+02,8.367900776288054203e+02,8.368106435224987081e+02,8.368316029063264523e+02,8.368529467980675918e+02,8.368746658443491242e+02,8.368967503814911879e+02,8.369191904962518720e+02,8.369419760856758330e+02,8.369650969153096867e+02,8.369885426751271780e+02,8.370123030325946729e+02,8.370363676824010781e+02,8.370607263924795234e+02,8.370853690460461394e+02,8.371102856794781246e+02,8.371354665159483375e+02,8.371609019948158448e+02,8.371865827968495068e+02,8.372124998654269348e+02,8.372386444239052707e+02,8.372650079894066266e+02,8.372915823832927344e+02,8.373183597386264410e+02,8.373453325049341629e+02,8.373724934505842157e+02,8.373998356631010438e+02,8.374273525477199200e+02,8.374550378244783815e+02,8.374828855241228212e+02,8.375108899830872815e+02,8.375390458377798950e+02,8.375673480183905895e+02,8.375957917424096877e+02,8.376243725080212243e+02,8.376530860875174085e+02,8.376819285208540578e+02,8.377108961094519373e+02,8.377399854103260850e+02,8.377691932306134959e+02,8.377985166225511193e+02,8.378279528789480537e+02,8.378574995291800178e+02,8.378871543357307701e+02,8.379169152912936624e+02,8.379467806164441299e+02,8.379767487578870941e+02,8.380068183872829195e+02,8.380369884006513530e+02,8.380672579183543576e+02,8.380976262856569292e+02,8.381280930738670349e+02,8.381586580820572863e+02,8.381893213393706219e+02,8.382200831079201180e+02,8.382509438862886100e+02,8.382819044136444973e+02,8.383129656744871454e+02,8.383441289040453057e+02,8.383753955943509482e+02,8.384067675010181802e+02,8.384382466507634035e+02,8.384698353497042262e+02,8.385015361924833996e+02,8.385333520722704179e+02,8.385652861916976235e+02,8.385973420747999398e+02,8.386295235800296268e+02,8.386618349144321201e+02,8.386942806490752673e+02,8.387268657358382598e+02,8.387595955256758771e+02,8.387924757884910605e+02,8.388255127347609914e+02,8.388587130390815219e+02,8.388920838658123103e+02,8.389256328970290042e+02,8.389593683630091618e+02,8.389932990755115725e+02,8.390274344641334210e+02,8.390617846160695308e+02,8.390963603196335043e+02,8.391311731119474189e+02,8.391662353312549385e+02,8.392015601743712523e+02,8.392371617598463445e+02,8.392730551974927948e+02,8.393092566650116169e+02,8.393457834925475254e+02,8.393826542561102997e+02,8.394198888809283972e+02,8.394575087559410349e+02,8.394955368608032131e+02,8.395339979069666470e+02,8.395729184946212627e+02,8.396123272875399834e+02,8.396522552081625008e+02,8.396927356556080895e+02,8.397338047497088382e+02,8.397755016046355649e+02,8.398178686362520011e+02,8.398609519079986967e+02,8.399048015208985589e+02,8.399494720542189725e+02,8.399950230644533349e+02,8.400415196516368042e+02,8.400890331036468979e+02,8.401376416311163666e+02,8.401874312079931997e+02,8.402384965357258579e+02,8.402909421526696860e+02,8.403448837147705035e+02,8.404004494791246316e+02,8.404577820289287047e+02,8.405170402870066937e+02,8.405784018760573417e+02,8.406420658976816185e+02,8.407082562200392886e+02,8.407772253868921553e+02,8.408492592904929097e+02,8.409246827895842671e+02,8.410038665048715529e+02,8.410872350921895304e+02,8.411752773844723379e+02,8.412685589164990461e+02,8.413677375140599679e+02,8.414735828603046457e+02,8.415870012738739661e+02,8.417090673863824577e+02,8.418410650511700624e+02,8.419845407417922161e+02,8.421413740450867635e+02,8.423138718295887202e+02,8.425048955956312966e+02,8.427180358754131930e+02,8.429578540812553911e+02,8.432302219701574586e+02,8.435428033940818295e+02,8.439057440952658453e+02,8.443326646829181072e+02,8.448420892460763980e+02,8.454594794448668154e+02,8.462200515138732726e+02,8.471724435398547257e+02,8.483828409622755089e+02,8.499377875056982248e+02,8.519402639864974844e+02,8.546066558232141688e+02,8.572321119411781183e+02,8.597782527029089579e+02,8.622012698480765494e+02,8.644881844189454796e+02,8.666407332667556602e+02,8.686670120989743964e+02,8.705773063753582619e+02,8.723821121663040685e+02,8.740912712539438871e+02,8.757136563079914140e+02,8.772571163198169870e+02,8.787285363982275612e+02,8.801339403093884357e+02,8.814786019329391138e+02,8.827671507254992775e+02,8.840036655450082890e+02,8.851917555617681046e+02,8.863346289119767789e+02,8.874351504845982390e+02,8.884958904033873068e+02,8.895191646877690346e+02,8.905070694032478968e+02,8.914615094168672158e+02,8.923842226881176884e+02,8.932768008627756444e+02,8.941407067992543034e+02,8.949772895427919366e+02,8.957877971692685151e+02,8.965733878443637650e+02,8.973351393820607882e+02,8.980740575364853839e+02,8.987910832204945564e+02,8.994870988114432748e+02,9.001629336776867376e+02,9.008193690373969957e+02,9.014571422432608188e+02,9.020769505717911443e+02,9.026794545837308306e+02,9.032652811118709906e+02,9.038350259241448157e+02,9.043892561027940928e+02,9.049285121744743492e+02,9.054533100211737064e+02,9.059641425975939910e+02,9.064614814770603743e+02,9.069457782449640035e+02,9.074174657561162576e+02,9.078769592701380589e+02,9.083246574770419102e+02,9.087609434234539094e+02,9.091861853484149378e+02,9.096007374363604185e+02,9.100049404936698920e+02,9.103991225540771666e+02,9.107835994172094161e+02,9.111586751235558950e+02,9.115246423682291379e+02,9.118817828549508704e+02,9.122303675907470506e+02,9.125706571208410196e+02,9.129029017021662185e+02,9.132273414127406568e+02,9.135442061928141584e+02,9.138537158121731636e+02,9.141560797561920708e+02,9.144514970210999536e+02,9.147401558063736502e+02,9.150222330890753710e+02,9.152978940611615144e+02,9.155672914061348138e+02,9.158305643856439247e+02,9.160878376994903647e+02,9.163392200736051336e+02,9.165848025195049331e+02,9.168246561950140858e+02,9.170588297791165360e+02,9.172873462531472342e+02,9.175101989558210107e+02,9.177273467510262890e+02,9.179387081163554285e+02,9.181441539311716724e+02,9.183434987253804138e+02,9.185364901648522391e+02,9.187227966395762451e+02,9.189019930722134859e+02,9.190735456482109385e+02,9.192367974184710420e+02,9.193909592941045048e+02,9.195351161057412810e+02,9.196682675766952570e+02,9.197894439168397867e+02,9.198979740394078135e+02,9.199940572099178553e+02,9.200799245935161252e+02,9.201621221618710251e+02,9.202558663944837463e+02,9.203930773505269372e+02,9.206365023615692280e+02,9.211026430021152009e+02,9.219933382105774626e+02,9.245953278980691721e+02
8.359086791608867770e+02,8.359039773872917749e+02,8.359912212363354911e+02,8.360575681417365104e+02,8.361039920052099887e+02,8.361357374176244548e+02,8.361575960005368415e+02,8.361730283208012224e+02,8.361843336129691124e+02,8.361929918079886193e+02,8.361999486363788492e+02,8.362058123216017975e+02,8.362109797196569616e+02,8.362157148158497648e+02,8.362201971350422127e+02,8.362245516818062470e+02,8.362288676417210809e+02,8.362332102285134852e+02,8.362376283132351773e+02,8.362421594233127280e+02,8.362468330756782962e+02,8.362516730366340880e+02,8.362566988780367865e+02,8.362619270639543174e+02,8.362673717185974738e+02,8.362730451742580726e+02,8.362789583649602037e+02,8.362851211102552043e+02,8.362915423196787970e+02,8.362982301391587043e+02,8.363051920544590985e+02,8.363124349625156810e+02,8.363199652186104913e+02,8.363277886653031601e+02,8.363359106476099214e+02,8.363443360179090860e+02,8.363530691333214691e+02,8.363621138477880095e+02,8.363714735006711862e+02,8.363811509034160281e+02,8.363911483255726580e+02,8.364014674813001875e+02,8.364121095173107960e+02,8.364230750030767467e+02,8.364343639239914410e+02,8.364459756780519228e+02,8.364579090765090541e+02,8.364701623488064115e+02,8.364827331520133384e+02,8.364956185848309360e+02,8.365088152061393885e+02,8.365223190579372385e+02,8.365361256924244344e+02,8.365502302028811528e+02,8.365646272579177776e+02,8.365793111385987686e+02,8.365942757778933583e+02,8.366095148018724785e+02,8.366250215720496044e+02,8.366407892282646799e+02,8.366568107315256384e+02,8.366730789062492022e+02,8.366895864813867547e+02,8.367063261299732631e+02,8.367232905066974809e+02,8.367404722831573736e+02,8.367578641805346251e+02,8.367754589994902972e+02,8.367932496471531749e+02,8.368112291611349747e+02,8.368293907305665016e+02,8.368477277142048933e+02,8.368662336557036951e+02,8.368849022961813944e+02,8.369037275842528061e+02,8.369227036837131664e+02,8.369418249790811615e+02,8.369610860792187168e+02,8.369804818192486664e+02,8.370000072609927884e+02,8.370196576921451879e+02,8.370394286243897568e+02,8.370593157906579336e+02,8.370793151417088893e+02,8.370994228421997150e+02,8.371196352663981770e+02,8.371399489936716236e+02,8.371603608038727771e+02,8.371808676727234797e+02,8.372014667672882524e+02,8.372221554416076970e+02,8.372429312325566571e+02,8.372637918559762511e+02,8.372847352031187711e+02,8.373057593374367116e+02,8.373268624917405987e+02,8.373480430657406259e+02,8.373692996239849435e+02,8.373906308942019905e+02,8.374120357660522131e+02,8.374335132902911027e+02,8.374550626783440066e+02,8.374766833022949868e+02,8.374983746952885895e+02,8.375201365523466848e+02,8.375419687316011732e+02,8.375638712559467649e+02,8.375858443151194024e+02,8.376078882682056701e+02,8.376300036465947869e+02,8.376521911573831858e+02,8.376744516872487338e+02,8.376967863068101678e+02,8.377191962754951646e+02,8.377416830469395563e+02,8.377642482749491819e+02,8.377868938200541606e+02,8.378096217566958330e+02,8.378324343810869550e+02,8.378553342197934626e+02,8.378783240390926039e+02,8.379014068551662149e+02,8.379245859451983733e+02,8.379478648594529204e+02,8.379712474344156590e+02,8.379947378070949071e+02,8.380183404305893191e+02,8.380420600910388202e+02,8.380659019260918967e+02,8.380898714450394209e+02,8.381139745507774705e+02,8.381382175637887713e+02,8.381626072483475127e+02,8.381871508411832110e+02,8.382118560828645286e+02,8.382367312521971598e+02,8.382617852039663831e+02,8.382870274103960355e+02,8.383124680067426198e+02,8.383381178414978194e+02,8.383639885317313656e+02,8.383900925241780442e+02,8.384164431627517615e+02,8.384430547632590560e+02,8.384699426961931294e+02,8.384971234786071363e+02,8.385246148762063285e+02,8.385524360169611100e+02,8.385806075177307548e+02,8.386091516256049090e+02,8.386380923759294319e+02,8.386674557692775807e+02,8.386972699699854275e+02,8.387275655292843339e+02,8.387583756365536374e+02,8.387897364028087850e+02,8.388216871812333011e+02,8.388542709304058462e+02,8.388875346268805515e+02,8.389215297349981029e+02,8.389563127432871852e+02,8.389919457786205612e+02,8.390284973115039975e+02,8.390660429686049611e+02,8.391046664720025774e+02,8.391444607288493671e+02,8.391855291003989805e+02,8.392279868859916405e+02,8.392719630660035364e+02,8.393176023585026542e+02,8.393650676581593189e+02,8.394145429438319752e+02,8.394662367645722725e+02,8.395203864444913506e+02,8.395772631876710648e+02,8.396371783189090365e+02,8.397004909699732025e+02,8.397676176221051492e+02,8.398390440552918790e+02,8.399153404504828586e+02,8.399971806683030309e+02,8.400853671263656679e+02,8.401808632781834376e+02,8.402848365561754918e+02,8.403987159331569501e+02,8.405242702304767590e+02,8.406637163674035946e+02,8.408198715909969678e+02,8.409963715063520340e+02,8.411979884167192267e+02,8.414311054583137093e+02,8.417044370398486990e+02,8.420301448741627155e+02,8.424255972009582365e+02,8.429161804579057389e+02,8.435398274995293377e+02,8.443542910239406183e+02,8.454485894464963849e+02,8.469600527860575312e+02,8.490963993793046711e+02,8.526082767323300686e+02,8.557268417666433606e+02,8.586269694673126196e+02,8.613024795303542760e+02,8.637708169967614822e+02,8.660556587483736166e+02,8.681802006607650810e+02,8.701649428286593775e+02,8.720272785269402220e+02,8.737817396415749727e+02,8.754404273357806687e+02,8.770134468054912986e+02,8.785092860981810645e+02,8.799351271687144163e+02,8.812970947359177671e+02,8.826004533377374628e+02,8.838497630433250833e+02,8.850490027940268192e+02,8.862016685830785718e+02,8.873108520950617049e+02,8.883793041280816851e+02,8.894094861073606353e+02,8.904036122231592572e+02,8.913636841381749036e+02,8.922915197654721169e+02,8.931887772821065710e+02,8.940569752886547121e+02,8.948975098304082394e+02,8.957116688468437360e+02,8.965006445008515357e+02,8.972655437498010542e+02,8.980073974506136665e+02,8.987271682360286604e+02,8.994257573557097203e+02,9.001040106411638817e+02,9.007627237256600665e+02,9.014026466279435681e+02,9.020244877903961651e+02,9.026289176475128215e+02,9.032165717884515743e+02,9.037880537674549259e+02,9.043439376076906910e+02,9.048847700372132294e+02,9.054110724900165224e+02,9.059233429003531910e+02,9.064220573144373247e+02,9.069076713402171208e+02,9.073806214529756744e+02,9.078413261720082801e+02,9.082901871214569383e+02,9.087275899865026076e+02,9.091539053744567127e+02,9.095694895888319707e+02,9.099746853231537216e+02,9.103698222800672966e+02,9.107552177201855557e+02,9.111311769440552553e+02,9.114979937095898777e+02,9.118559505862851893e+02,9.122053192464685480e+02,9.125463606927103228e+02,9.128793254192970608e+02,9.132044535042958842e+02,9.135219746271632175e+02,9.138321080050178580e+02,9.141350622385008364e+02,9.144310350555019795e+02,9.147202129377825486e+02,9.150027706115030242e+02,9.152788703776332113e+02,9.155486612518604943e+02,9.158122778755249556e+02,9.160698391487238723e+02,9.163214465233163537e+02,9.165671818761039731e+02,9.168071048596021910e+02,9.170412495976919445e+02,9.172696205534967930e+02,9.174921873436146598e+02,9.177088782016368214e+02,9.179195716984080491e+02,9.181240861985033916e+02,9.183221663616355954e+02,9.185134657726662226e+02,9.186975244947501551e+02,9.188737399875631127e+02,9.190413294497130892e+02,9.191992813505489721e+02,9.193462940423567034e+02,9.194807007209618632e+02,9.196003846239298127e+02,9.197027008708371341e+02,9.197844524292512460e+02,9.198420415191822030e+02,9.198720885654865924e+02,9.198731985748532907e+02,9.198504206611481777e+02,9.198258443228470469e+02,9.198628348468679405e+02,9.201197745170363760e+02,9.209653776109771570e+02,9.268510747147312259e+02
8.356908510364129370e+02,8.356788314432799325e+02,8.358698430907531929e+02,8.359754157436414062e+02,8.360340373560679836e+02,8.360675110536670900e+02,8.360874873920491837e+02,8.361000893689839586e+02,8.361085543772838946e+02,8.361146289890659773e+02,8.361192835693417464e+02,8.361230764379730545e+02,8.361263412029768460e+02,8.361292849962976561e+02,8.361320413267663980e+02,8.361346993712913900e+02,8.361373207283934335e+02,8.361399493104199792e+02,8.361426173673560243e+02,8.361453492628984350e+02,8.361481639054022708e+02,8.361510763508740638e+02,8.361540988826893681e+02,8.361572417523690319e+02,8.361605136957658715e+02,8.361639222972864900e+02,8.361674742492760970e+02,8.361711755377881445e+02,8.361750315758082479e+02,8.361790472984195048e+02,8.361832272300407567e+02,8.361875755309501983e+02,8.361920960283184741e+02,8.361967922356088820e+02,8.362016673632416541e+02,8.362067243227508015e+02,8.362119657261805514e+02,8.362173938821165393e+02,8.362230107894974935e+02,8.362288181301589702e+02,8.362348172609100629e+02,8.362410092058306645e+02,8.362473946493732910e+02,8.362539739307668469e+02,8.362607470401427463e+02,8.362677136167233130e+02,8.362748729493415567e+02,8.362822239794871848e+02,8.362897653070002661e+02,8.362974951984637073e+02,8.363054115982766916e+02,8.363135121423222245e+02,8.363217941740845163e+02,8.363302547630122490e+02,8.363388907248769328e+02,8.363476986438365657e+02,8.363566748958805874e+02,8.363658156733156375e+02,8.363751170099368437e+02,8.363845748065305088e+02,8.363941848563614485e+02,8.364039428703167687e+02,8.364138445014006038e+02,8.364238853683046955e+02,8.364340610778181144e+02,8.364443672458744459e+02,8.364547995170763670e+02,8.364653535825807467e+02,8.364760251962628672e+02,8.364868101891205470e+02,8.364977044819129333e+02,8.365087040960584090e+02,8.365198051628469784e+02,8.365310039310444381e+02,8.365422967729836046e+02,8.365536801892542371e+02,8.365651508121131883e+02,8.365767054077426792e+02,8.365883408774873260e+02,8.366000542582017943e+02,8.366118427218364104e+02,8.366237035743856723e+02,8.366356342543144820e+02,8.366476323305732876e+02,8.366596955003008134e+02,8.366718215863053274e+02,8.366840085344063027e+02,8.366962544107068425e+02,8.367085573988607621e+02,8.367209157973858282e+02,8.367333280170701073e+02,8.367457925785066664e+02,8.367583081097895956e+02,8.367708733443940901e+02,8.367834871192596893e+02,8.367961483730923646e+02,8.368088561448942073e+02,8.368216095727307220e+02,8.368344078927384544e+02,8.368472504383768182e+02,8.368601366399269637e+02,8.368730660242376871e+02,8.368860382147184964e+02,8.368990529315816502e+02,8.369121099923330576e+02,8.369252093125137435e+02,8.369383509066932447e+02,8.369515348897199374e+02,8.369647614782307983e+02,8.369780309924268522e+02,8.369913438581228320e+02,8.370047006090780997e+02,8.370181018896219030e+02,8.370315484575830851e+02,8.370450411875426653e+02,8.370585810744230457e+02,8.370721692374363556e+02,8.370858069244137596e+02,8.370994955165408555e+02,8.371132365335286067e+02,8.371270316392530049e+02,8.371408826478979108e+02,8.371547915306451841e+02,8.371687604229550743e+02,8.371827916324903072e+02,8.371968876477395725e+02,8.372110511474057830e+02,8.372252850106314099e+02,8.372395923281384285e+02,8.372539764143760976e+02,8.372684408207747992e+02,8.372829893502185996e+02,8.372976260728637499e+02,8.373123553434434143e+02,8.373271818202175609e+02,8.373421104857462751e+02,8.373571466696868129e+02,8.373722960738396068e+02,8.373875647996976568e+02,8.374029593787852264e+02,8.374184868061097404e+02,8.374341545770930679e+02,8.374499707283955559e+02,8.374659438831045009e+02,8.374820833008192267e+02,8.374983989332416741e+02,8.375149014859658791e+02,8.375316024872563503e+02,8.375485143647241557e+02,8.375656505309397062e+02,8.375830254791792413e+02,8.376006548906868829e+02,8.376185557550469412e+02,8.376367465055202501e+02,8.376552471714975354e+02,8.376740795505867254e+02,8.376932674032782415e+02,8.377128366736508269e+02,8.377328157402041597e+02,8.377532357016541482e+02,8.377741307034489182e+02,8.377955383118766122e+02,8.378174999440171860e+02,8.378400613634806859e+02,8.378632732539861081e+02,8.378871918854563319e+02,8.379118798906074517e+02,8.379374071741740408e+02,8.379638519822124181e+02,8.379913021657021091e+02,8.380198566814202650e+02,8.380496273844316875e+02,8.380807411814407715e+02,8.381133426339627022e+02,8.381475971265713270e+02,8.381836947509394804e+02,8.382218551047139954e+02,8.382623332708765247e+02,8.383054273362182585e+02,8.383514879390780834e+02,8.384009305252454851e+02,8.384542512660906368e+02,8.385120480009786661e+02,8.385750481821722815e+02,8.386441467496864561e+02,8.387204583578769643e+02,8.388053907832793357e+02,8.389007503206956926e+02,8.390088967216954643e+02,8.391329769979523689e+02,8.392772885345650593e+02,8.394478609821659347e+02,8.396534205576555223e+02,8.399070451232172445e+02,8.402291077231732288e+02,8.406526961144788856e+02,8.412339157610733764e+02,8.420720241371601560e+02,8.433496155061155832e+02,8.454138048720176357e+02,8.506387421706646137e+02,8.543890550362455087e+02,8.576799015008441529e+02,8.606038323681991642e+02,8.632354626341075345e+02,8.656315028763771124e+02,8.678344521507581248e+02,8.698763140215255589e+02,8.717815092170561684e+02,8.735689827510167333e+02,8.752536874593612310e+02,8.768476239469300708e+02,8.783605744759012168e+02,8.798006272015325067e+02,8.811745561658483439e+02,8.824881010228917830e+02,8.837461761323318115e+02,8.849530291710406118e+02,8.861123631273482033e+02,8.872274313481379977e+02,8.883011124789402402e+02,8.893359702035988903e+02,8.903343013512347852e+02,8.912981749986165596e+02,8.922294645278498137e+02,8.931298741180089564e+02,8.940009607984226250e+02,8.948441529324933299e+02,8.956607658079159364e+02,8.964520148637351440e+02,8.972190269740385702e+02,8.979628501231280779e+02,8.986844617412214120e+02,8.993847759183557855e+02,9.000646496737498410e+02,9.007248884258353883e+02,9.013662507826038564e+02,9.019894527513725961e+02,9.025951714504701613e+02,9.031840483918416567e+02,9.037566923925317042e+02,9.043136821639246818e+02,9.048555686201150365e+02,9.053828769405408821e+02,9.058961084168046227e+02,9.063957421092254663e+02,9.068822363349715943e+02,9.073560300064834792e+02,9.078175438362134173e+02,9.082671814213982771e+02,9.087053302205815726e+02,9.091323624318416705e+02,9.095486357811356584e+02,9.099544942277692599e+02,9.103502685927338689e+02,9.107362771144669296e+02,9.111128259354693455e+02,9.114802095221107265e+02,9.118387110188542692e+02,9.121886025369856270e+02,9.125301453767179964e+02,9.128635901802007311e+02,9.131891770114551719e+02,9.135071353575110606e+02,9.138176840429582626e+02,9.141210310476485574e+02,9.144173732142530753e+02,9.147068958286301950e+02,9.149897720512586829e+02,9.152661621720326366e+02,9.155362126530970954e+02,9.158000549145580180e+02,9.160578038050700798e+02,9.163095556824258665e+02,9.165553860068558834e+02,9.167953463197052315e+02,9.170294604394850921e+02,9.172577196516771210e+02,9.174800765917937042e+02,9.176964374137377263e+02,9.179066516835550829e+02,9.181104992211816125e+02,9.183076727976242637e+02,9.184977551325675904e+02,9.186801879504788531e+02,9.188542298212739752e+02,9.190188979463132455e+02,9.191728866621621137e+02,9.193144517921792840e+02,9.194412444894171585e+02,9.195500702403387550e+02,9.196365381013264368e+02,9.196945544000195696e+02,9.197156153156803384e+02,9.196879031509961351e+02,9.195954141693825932e+02,9.194181054384699792e+02,9.191363975068090895e+02,9.187503155480306987e+02,9.183436110869096183e+02,9.182804159292506938e+02,9.333523001895515563e+02
8.353603802585704443e+02,8.353290769203752006e+02,8.357687354961774417e+02,8.359280758692922291e+02,8.359891598984745542e+02,8.360144848296422424e+02,8.360261071590458641e+02,8.360321147804571638e+02,8.360356300044193176e+02,8.360379401855046808e+02,8.360396193560578695e+02,8.360409462463162527e+02,8.360420681059819117e+02,8.360430689298721063e+02,8.360439998919730442e+02,8.360448939324173807e+02,8.360457732521024354e+02,8.360466534132795005e+02,8.360475457081826107e+02,8.360484585909078987e+02,8.360493985763299634e+02,8.360503708224028969e+02,8.360513795173371818e+02,8.360524281426799007e+02,8.360535196552864363e+02,8.360546566149893124e+02,8.360558412751198603e+02,8.360570756471252025e+02,8.360583615468016205e+02,8.360597006272772660e+02,8.360610944023129605e+02,8.360625442624469770e+02,8.360640514858054075e+02,8.360656172449157566e+02,8.360672426105269324e+02,8.360689285531998394e+02,8.360706759432700892e+02,8.360724855496575856e+02,8.360743580379130435e+02,8.360762939678244265e+02,8.360782937908538770e+02,8.360803578476361508e+02,8.360824863657348942e+02,8.360846794578247909e+02,8.360869371204377103e+02,8.360892592333890434e+02,8.360916455599730170e+02,8.360940957479912186e+02,8.360966093316562819e+02,8.360991857343880156e+02,8.361018242724950369e+02,8.361045241597149698e+02,8.361072845125648882e+02,8.361101043564352722e+02,8.361129826323443694e+02,8.361159182042579232e+02,8.361189098668664883e+02,8.361219563537091517e+02,8.361250563455250813e+02,8.361282084787169424e+02,8.361314113538098809e+02,8.361346635438004569e+02,8.361379636022904833e+02,8.361413100713183439e+02,8.361447014888063904e+02,8.361481363955590496e+02,8.361516133417578658e+02,8.361551308929142579e+02,8.361586876352525906e+02,8.361622821805113972e+02,8.361659131701579781e+02,8.361695792790274027e+02,8.361732792184011487e+02,8.361770117385525509e+02,8.361807756307888440e+02,8.361845697290281123e+02,8.361883929109494602e+02,8.361922440987605114e+02,8.361961222596239622e+02,8.362000264057874119e+02,8.362039555944592166e+02,8.362079089274701573e+02,8.362118855507618491e+02,8.362158846537354293e+02,8.362199054684962221e+02,8.362239472690230286e+02,8.362280093702903514e+02,8.362320911273653792e+02,8.362361919345038359e+02,8.362403112242591305e+02,8.362444484666216340e+02,8.362486031682011571e+02,8.362527748714609288e+02,8.362569631540135333e+02,8.362611676279839230e+02,8.362653879394441674e+02,8.362696237679242586e+02,8.362738748260024977e+02,8.362781408589739840e+02,8.362824216446026639e+02,8.362867169929536431e+02,8.362910267463087166e+02,8.362953507791640959e+02,8.362996889983116944e+02,8.363040413430022681e+02,8.363084077851932534e+02,8.363127883298799361e+02,8.363171830155131374e+02,8.363215919145027328e+02,8.363260151338106425e+02,8.363304528156347715e+02,8.363349051381871959e+02,8.363393723165710298e+02,8.363438546037584729e+02,8.363483522916765196e+02,8.363528657124065830e+02,8.363573952395021252e+02,8.363619412894350944e+02,8.363665043231779919e+02,8.363710848479302058e+02,8.363756834190029394e+02,8.363803006418710311e+02,8.363849371744079235e+02,8.363895937293187899e+02,8.363942710767875042e+02,8.363989700473591711e+02,8.364036915350773143e+02,8.364084365009007342e+02,8.364132059764278893e+02,8.364180010679567658e+02,8.364228229609153686e+02,8.364276729247006870e+02,8.364325523179667243e+02,8.364374625944108175e+02,8.364424053091104270e+02,8.364473821254698578e+02,8.364523948228444397e+02,8.364574453049182239e+02,8.364625356089187562e+02,8.364676679157670378e+02,8.364728445612684027e+02,8.364780680484705044e+02,8.364833410613233582e+02,8.364886664798029869e+02,8.364940473966744321e+02,8.364994871361004698e+02,8.365049892743267037e+02,8.365105576627108803e+02,8.365161964533980381e+02,8.365219101279940332e+02,8.365277035296368240e+02,8.365335818989309473e+02,8.365395509142813353e+02,8.365456167372493610e+02,8.365517860636563228e+02,8.365580661812794006e+02,8.365644650351340488e+02,8.365709913015069787e+02,8.365776544721177288e+02,8.365844649500403420e+02,8.365914341593263543e+02,8.365985746706509190e+02,8.366059003457683048e+02,8.366134265041408753e+02,8.366211701158181313e+02,8.366291500255383653e+02,8.366373872141465426e+02,8.366459051048432229e+02,8.366547299235866149e+02,8.366638911252903199e+02,8.366734219004533770e+02,8.366833597807624301e+02,8.366937473673274326e+02,8.367046332120066836e+02,8.367160728913606818e+02,8.367281303250629207e+02,8.367408794073945728e+02,8.367544060436943028e+02,8.367688107162234701e+02,8.367842117502335668e+02,8.368007495179094803e+02,8.368185919160464437e+02,8.368379416001307618e+02,8.368590456814832805e+02,8.368822089436223450e+02,8.369078121930914449e+02,8.369363382797959048e+02,8.369684098836900148e+02,8.370048459133639653e+02,8.370467484003738718e+02,8.370956414406482509e+02,8.371537032472981537e+02,8.372241739630760549e+02,8.373121155973066152e+02,8.374259235515830824e+02,8.375805480241791656e+02,8.378048476386235279e+02,8.381594815709130444e+02,8.387829280651726549e+02,8.400153829986463734e+02,8.490836442070915382e+02,8.534755932552851618e+02,8.570967645747463166e+02,8.602027539877320805e+02,8.629418520278811684e+02,8.654055741727645454e+02,8.676536876842616266e+02,8.697272205588341194e+02,8.716555651151722941e+02,8.734605493224588599e+02,8.751588799384071535e+02,8.767636720386626621e+02,8.782854438758945435e+02,8.797327863187089179e+02,8.811128269959008321e+02,8.824315606695613496e+02,8.836940898814128786e+02,8.849048038412604456e+02,8.860675138191795668e+02,8.871855572677850432e+02,8.882618790473203489e+02,8.892990956053437230e+02,8.902995462768794823e+02,8.912653347206277203e+02,8.921983627075477443e+02,8.931003579134285246e+02,8.939728969619384316e+02,8.948174246699279593e+02,8.956352702295608879e+02,8.964276608998644633e+02,8.971957336581459685e+02,8.979405451686645847e+02,8.986630803543746424e+02,8.993642598020110199e+02,9.000449461873186010e+02,9.007059498729468032e+02,9.013480338042888889e+02,9.019719178067502980e+02,9.025782823703766553e+02,9.031677719935457844e+02,9.037409981458254151e+02,9.042985419005896119e+02,9.048409562801374477e+02,9.053687683495579677e+02,9.058824810901588762e+02,9.063825750787349307e+02,9.068695099951178236e+02,9.073437259772050538e+02,9.078056448398879184e+02,9.082556711719223586e+02,9.086941933227180925e+02,9.091215842892175942e+02,9.095382025114365661e+02,9.099443925838099858e+02,9.103404858881700648e+02,9.107268011529761225e+02,9.111036449422522310e+02,9.114713120765563872e+02,9.118300859871660577e+02,9.121802390034815744e+02,9.125220325723814767e+02,9.128557174068687345e+02,9.131815335597664216e+02,9.134997104163838912e+02,9.138104665978993353e+02,9.141140097645717333e+02,9.144105363046705861e+02,9.147002308909909516e+02,9.149832658817643960e+02,9.152598005363299762e+02,9.155299800076345491e+02,9.157939340628538503e+02,9.160517754692739345e+02,9.163035979638142408e+02,9.165494736994580762e+02,9.167894500278595160e+02,9.170235454308779026e+02,9.172517443493770770e+02,9.174739905672980740e+02,9.176901786806324708e+02,9.179001429957406799e+02,9.181036429301113913e+02,9.183003435840768134e+02,9.184897895373071606e+02,9.186713689704276931e+02,9.188442636991608197e+02,9.190073782470432207e+02,9.191592369675252030e+02,9.192978311374708937e+02,9.194203853330420770e+02,9.195229891781362994e+02,9.195999962272412631e+02,9.196430039274094952e+02,9.196390480539679402e+02,9.195672601189531861e+02,9.193923870063880486e+02,9.190516375486475908e+02,9.184267845778203991e+02,9.172825365654433654e+02,9.151253301406927676e+02,9.108692625399562530e+02,9.526610352077354946e+02
8.460000000000000000e+02,8.377108052046958164e+02,8.365653923549538149e+02,8.361796745074171895e+02,8.360457592596023915e+02,8.359969090812153354e+02,8.359776467148043366e+02,8.359691393634522001e+02,8.359647976414322557e+02,8.359622100709541428e+02,8.359604357738921863e+02,8.359590752347040734e+02,8.359579409410996504e+02,8.359569352435114524e+02,8.359560022238388228e+02,8.359551072376781349e+02,8.359542274437419564e+02,8.359533470248787808e+02,8.359524545801610884e+02,8.359515416055120340e+02,8.359506015612766987e+02,8.359496292763385554e+02,8.359486205550704199e+02,8.359475719115384891e+02,8.359464803861869768e+02,8.359453434174668018e+02,8.359441587509244300e+02,8.359429243743614961e+02,8.359416384714677406e+02,8.359402993887561024e+02,8.359389056122100783e+02,8.359374557511060857e+02,8.359359485271802441e+02,8.359343827678009120e+02,8.359327574021389182e+02,8.359310714595695799e+02,8.359293240697058991e+02,8.359275144635861352e+02,8.359256419756242167e+02,8.359237060460026214e+02,8.359217062232338549e+02,8.359196421666622427e+02,8.359175136487062900e+02,8.359153205566771021e+02,8.359130628940314409e+02,8.359107407809457300e+02,8.359083544541205129e+02,8.359059042657523833e+02,8.359033906816288209e+02,8.359008142783335416e+02,8.358981757395637260e+02,8.358954758515899357e+02,8.358927154979049874e+02,8.358898956531301110e+02,8.358870173762601326e+02,8.358840818033430651e+02,8.358810901397025646e+02,8.358780436518137549e+02,8.358749436589515653e+02,8.358717915247268593e+02,8.358685886486266554e+02,8.358653364576656486e+02,8.358620363982518029e+02,8.358586899283549201e+02,8.358552985100595834e+02,8.358518636025659134e+02,8.358483866556960038e+02,8.358448691039401410e+02,8.358413123610743014e+02,8.358377178153592695e+02,8.358340868253256986e+02,8.358304207161353361e+02,8.358267207765029525e+02,8.358229882561506656e+02,8.358192243637665797e+02,8.358154302654273806e+02,8.358116070834486209e+02,8.358077558956173334e+02,8.358038777347657060e+02,8.357999735886409098e+02,8.357960444000299276e+02,8.357920910670973171e+02,8.357881144438974843e+02,8.357841153410253128e+02,8.357800945263722951e+02,8.357760527259564469e+02,8.357719906248009920e+02,8.357679088678361268e+02,8.357638080608044220e+02,8.357596887711507634e+02,8.357555515288835295e+02,8.357513968273918863e+02,8.357472251242116954e+02,8.357430368417296904e+02,8.357388323678204642e+02,8.357346120564118337e+02,8.357303762279732382e+02,8.357261251699264903e+02,8.357218591369760361e+02,8.357175783513582701e+02,8.357132830030077457e+02,8.357089732496428951e+02,8.357046492167671659e+02,8.357003109975888719e+02,8.356959586528569162e+02,8.356915922106138623e+02,8.356872116658640834e+02,8.356828169801566446e+02,8.356784080810814430e+02,8.356739848616758763e+02,8.356695471797419259e+02,8.356650948570667197e+02,8.356606276785466889e+02,8.356561453912087245e+02,8.356516477031250361e+02,8.356471342822134147e+02,8.356426047549192617e+02,8.356380587047691506e+02,8.356334956707895572e+02,8.356289151457792741e+02,8.356243165744255066e+02,8.356196993512515974e+02,8.356150628183816025e+02,8.356104062631081888e+02,8.356057289152446401e+02,8.356010299442428959e+02,8.355963084560561356e+02,8.355915634897214659e+02,8.355867940136363359e+02,8.355819989214980978e+02,8.355771770278731765e+02,8.355723270633587845e+02,8.355674476692940971e+02,8.355625373919741605e+02,8.355575946763132151e+02,8.355526178588972925e+02,8.355476051603602627e+02,8.355425546770059100e+02,8.355374643715928187e+02,8.355323320631846400e+02,8.355271554159581910e+02,8.355219319268459230e+02,8.355166589118750835e+02,8.355113334910437288e+02,8.355059525715571453e+02,8.355005128292187919e+02,8.354950106877444114e+02,8.354894422957315783e+02,8.354838035009839814e+02,8.354780898218364200e+02,8.354722964150827238e+02,8.354664180400384339e+02,8.354604490182059635e+02,8.354543831879151412e+02,8.354482138532179079e+02,8.354419337261867895e+02,8.354355348616294350e+02,8.354290085830488124e+02,8.354223453984749312e+02,8.354155349045335015e+02,8.354085656768122590e+02,8.354014251441997203e+02,8.353940994444113812e+02,8.353865732573370906e+02,8.353788296121313124e+02,8.353708496630713398e+02,8.353626124280878003e+02,8.353540944824459302e+02,8.353452695982518890e+02,8.353361083181307549e+02,8.353265774484282247e+02,8.353166394533780021e+02,8.353062517265439055e+02,8.352953657090442903e+02,8.352839258149550687e+02,8.352718681119688426e+02,8.352591186885356365e+02,8.352455916153725184e+02,8.352311863764894042e+02,8.352157845982809476e+02,8.351992458378565516e+02,8.351814020926780131e+02,8.351620505449495795e+02,8.351409438264872733e+02,8.351177767321880765e+02,8.350921677325071641e+02,8.350636326704106978e+02,8.350315463514263001e+02,8.349950846803333206e+02,8.349531341134867262e+02,8.349041431209576558e+02,8.348458638323015748e+02,8.347748696935949511e+02,8.346855788911057061e+02,8.345681009768427430e+02,8.344030865420355667e+02,8.341485146404145326e+02,8.337038615351217459e+02,8.328088207533861578e+02,8.307483760002174904e+02,8.491332381795036781e+02,8.534968600740470492e+02,8.571062952654300489e+02,8.602072544050703300e+02,8.629441071083072075e+02,8.654067785873397725e+02,8.676543737896088260e+02,8.697276361291927742e+02,8.716558311540367185e+02,8.734607280166569581e+02,8.751590049456023053e+02,8.767637625150963459e+02,8.782855112488394980e+02,8.797328377012509009e+02,8.811128669858932199e+02,8.824315923387707699e+02,8.836941153418844124e+02,8.849048245819810745e+02,8.860675309131189579e+02,8.871855715031668979e+02,8.882618910131507164e+02,8.892991057485066904e+02,8.902995549410876492e+02,8.912653421735154780e+02,8.921983691598513815e+02,8.931003635327790562e+02,8.939729018829268625e+02,8.948174290015459746e+02,8.956352740607687792e+02,8.964276643038047041e+02,8.971957366953644168e+02,8.979405478895968145e+02,8.986630828012827124e+02,8.993642620105039214e+02,9.000449481875555193e+02,9.007059516905968621e+02,9.013480354613014924e+02,9.019719193219773388e+02,9.025782837600786479e+02,9.031677732718057996e+02,9.037409993248902538e+02,9.042985429911506117e+02,9.048409572915659282e+02,9.053687692901009996e+02,9.058824819671042405e+02,9.063825758985509538e+02,9.068695107635726345e+02,9.073437266994686752e+02,9.078056455206207147e+02,9.082556718153524571e+02,9.086941939327095952e+02,9.091215848693320822e+02,9.095382030649889202e+02,9.099443931139202277e+02,9.103404863978132653e+02,9.107268016450310597e+02,9.111036454195500482e+02,9.114713125419316384e+02,9.118300864435115045e+02,9.121802394538087810e+02,9.125220330198893635e+02,9.128557178550238405e+02,9.131815340123984015e+02,9.134997108778013626e+02,9.138104670730323278e+02,9.141140102591500636e+02,9.144105368254495261e+02,9.147002314460398793e+02,9.149832664808402569e+02,9.152598011913649998e+02,9.155299807333806257e+02,9.157939348777426858e+02,9.160517763965756330e+02,9.163035990332200527e+02,9.165494749492645497e+02,9.167894515080245128e+02,9.170235472073565006e+02,9.172517465103675249e+02,9.174739932323924450e+02,9.176901820144720432e+02,9.179001472288179002e+02,9.181036483911905179e+02,9.183003507520370476e+02,9.184897991264559778e+02,9.186713820754638391e+02,9.188442820503754547e+02,9.190074046772667771e+02,9.191592763023463704e+02,9.192978919661334203e+02,9.194204836843988460e+02,9.195231564712150885e+02,9.196002971393569396e+02,9.196435779672351600e+02,9.196402092852688384e+02,9.195697427558920936e+02,9.193979639594540458e+02,9.190647080076461179e+02,9.184585141013830025e+02,9.173617991161536338e+02,9.153279561607930646e+02,9.113969731963414915e+02,1.092400000000000091e+03
