0.000000000000000000e+00,0.000000000000000000e+00,0.000000000000000000e+00,0.000000000000000000e+00,0.000000000000000000e+00,0.000000000000000000e+00,0.000000000000000000e+00,0.000000000000000000e+00,0.000000000000000000e+00,0.000000000000000000e+00,0.000000000000000000e+00,0.000000000000000000e+00,0.000000000000000000e+00,0.000000000000000000e+00,0.000000000000000000e+00,0.000000000000000000e+00,0.000000000000000000e+00,0.000000000000000000e+00,0.000000000000000000e+00,0.000000000000000000e+00,0.000000000000000000e+00,0.000000000000000000e+00,0.000000000000000000e+00,0.000000000000000000e+00,0.000000000000000000e+00,0.000000000000000000e+00,0.000000000000000000e+00,0.000000000000000000e+00,0.000000000000000000e+00,0.000000000000000000e+00,0.000000000000000000e+00,0.000000000000000000e+00,0.000000000000000000e+00,0.000000000000000000e+00,0.000000000000000000e+00,0.000000000000000000e+00,0.000000000000000000e+00,0.000000000000000000e+00,0.000000000000000000e+00,0.000000000000000000e+00,0.000000000000000000e+00,0.000000000000000000e+00,0.000000000000000000e+00,0.000000000000000000e+00,0.000000000000000000e+00,0.000000000000000000e+00,0.000000000000000000e+00,0.000000000000000000e+00,0.000000000000000000e+00,0.000000000000000000e+00,0.000000000000000000e+00,0.000000000000000000e+00,0.000000000000000000e+00,0.000000000000000000e+00,0.000000000000000000e+00,0.000000000000000000e+00,0.000000000000000000e+00,0.000000000000000000e+00,0.000000000000000000e+00,0.000000000000000000e+00,0.000000000000000000e+00,0.000000000000000000e+00,0.000000000000000000e+00,0.000000000000000000e+00,0.000000000000000000e+00,0.000000000000000000e+00,0.000000000000000000e+00,0.000000000000000000e+00,0.000000000000000000e+00,0.000000000000000000e+00,0.000000000000000000e+00,0.000000000000000000e+00,0.000000000000000000e+00,0.000000000000000000e+00,0.000000000000000000e+00,0.000000000000000000e+00,0.000000000000000000e+00,0.000000000000000000e+00,0.000000000000000000e+00,0.000000000000000000e+00,0.000000000000000000e+00,0.000000000000000000e+00,0.000000000000000000e+00,0.000000000000000000e+00,0.000000000000000000e+00,0.000000000000000000e+00,0.000000000000000000e+00,0.000000000000000000e+00,0.000000000000000000e+00,0.000000000000000000e+00,0.000000000000000000e+00,0.000000000000000000e+00,0.000000000000000000e+00,0.000000000000000000e+00,0.000000000000000000e+00,0.000000000000000000e+00,0.000000000000000000e+00,0.000000000000000000e+00,0.000000000000000000e+00,0.000000000000000000e+00,0.000000000000000000e+00,0.000000000000000000e+00,0.000000000000000000e+00,0.000000000000000000e+00,0.000000000000000000e+00,0.000000000000000000e+00,0.000000000000000000e+00,0.000000000000000000e+00,0.000000000000000000e+00,0.000000000000000000e+00,0.000000000000000000e+00,0.000000000000000000e+00,0.000000000000000000e+00,0.000000000000000000e+00,0.000000000000000000e+00,0.000000000000000000e+00,0.000000000000000000e+00,0.000000000000000000e+00,0.000000000000000000e+00,0.000000000000000000e+00,0.000000000000000000e+00,0.000000000000000000e+00,0.000000000000000000e+00,0.000000000000000000e+00,0.000000000000000000e+00,0.000000000000000000e+00,0.000000000000000000e+00,0.000000000000000000e+00,0.000000000000000000e+00,0.000000000000000000e+00,0.000000000000000000e+00,0.000000000000000000e+00,0.000000000000000000e+00,0.000000000000000000e+00,0.000000000000000000e+00,0.000000000000000000e+00,0.000000000000000000e+00,0.000000000000000000e+00,0.000000000000000000e+00,0.000000000000000000e+00,0.000000000000000000e+00,0.000000000000000000e+00,0.000000000000000000e+00,0.000000000000000000e+00,0.000000000000000000e+00,0.000000000000000000e+00,0.000000000000000000e+00,0.000000000000000000e+00,0.000000000000000000e+00,0.000000000000000000e+00,0.000000000000000000e+00,0.000000000000000000e+00,0.000000000000000000e+00,0.000000000000000000e+00,0.000000000000000000e+00,0.000000000000000000e+00,0.000000000000000000e+00,0.000000000000000000e+00,0.000000000000000000e+00,0.000000000000000000e+00,0.000000000000000000e+00,0.000000000000000000e+00,0.000000000000000000e+00,0.000000000000000000e+00,0.000000000000000000e+00,0.000000000000000000e+00,0.000000000000000000e+00,0.000000000000000000e+00,0.000000000000000000e+00,0.000000000000000000e+00,0.000000000000000000e+00,0.000000000000000000e+00,0.000000000000000000e+00,0.000000000000000000e+00,0.000000000000000000e+00,0.000000000000000000e+00,0.000000000000000000e+00,0.000000000000000000e+00,0.000000000000000000e+00,0.000000000000000000e+00,0.000000000000000000e+00,0.000000000000000000e+00,0.000000000000000000e+00,0.000000000000000000e+00,0.000000000000000000e+00,0.000000000000000000e+00,0.000000000000000000e+00,0.000000000000000000e+00,0.000000000000000000e+00,0.000000000000000000e+00,0.000000000000000000e+00,0.000000000000000000e+00,0.000000000000000000e+00,0.000000000000000000e+00,0.000000000000000000e+00,0.000000000000000000e+00,0.000000000000000000e+00,0.000000000000000000e+00,0.000000000000000000e+00,0.000000000000000000e+00,0.000000000000000000e+00,0.000000000000000000e+00,0.000000000000000000e+00,0.000000000000000000e+00,0.000000000000000000e+00,0.000000000000000000e+00,0.000000000000000000e+00,0.000000000000000000e+00,0.000000000000000000e+00,0.000000000000000000e+00,0.000000000000000000e+00,0.000000000000000000e+00,0.000000000000000000e+00,0.000000000000000000e+00,0.000000000000000000e+00,0.000000000000000000e+00,0.000000000000000000e+00,0.000000000000000000e+00,0.000000000000000000e+00,0.000000000000000000e+00,0.000000000000000000e+00,0.000000000000000000e+00,0.000000000000000000e+00,0.000000000000000000e+00,0.000000000000000000e+00,0.000000000000000000e+00,0.000000000000000000e+00,0.000000000000000000e+00,0.000000000000000000e+00,0.000000000000000000e+00,0.000000000000000000e+00,0.000000000000000000e+00,0.000000000000000000e+00,0.000000000000000000e+00,0.000000000000000000e+00,0.000000000000000000e+00,0.000000000000000000e+00,0.000000000000000000e+00,0.000000000000000000e+00,0.000000000000000000e+00,0.000000000000000000e+00,0.000000000000000000e+00,0.000000000000000000e+00,0.000000000000000000e+00,0.000000000000000000e+00,0.000000000000000000e+00,0.000000000000000000e+00,0.000000000000000000e+00,0.000000000000000000e+00,0.000000000000000000e+00,0.000000000000000000e+00,0.000000000000000000e+00,0.000000000000000000e+00,0.000000000000000000e+00,0.000000000000000000e+00,0.000000000000000000e+00,0.000000000000000000e+00,0.000000000000000000e+00,0.000000000000000000e+00,0.000000000000000000e+00,0.000000000000000000e+00,0.000000000000000000e+00,0.000000000000000000e+00,0.000000000000000000e+00,0.000000000000000000e+00,0.000000000000000000e+00,0.000000000000000000e+00,0.000000000000000000e+00,0.000000000000000000e+00,0.000000000000000000e+00,0.000000000000000000e+00,0.000000000000000000e+00,0.000000000000000000e+00,0.000000000000000000e+00,0.000000000000000000e+00,0.000000000000000000e+00,0.000000000000000000e+00,0.000000000000000000e+00,0.000000000000000000e+00,0.000000000000000000e+00,0.000000000000000000e+00,0.000000000000000000e+00,0.000000000000000000e+00,0.000000000000000000e+00,0.000000000000000000e+00,0.000000000000000000e+00,0.000000000000000000e+00,0.000000000000000000e+00,0.000000000000000000e+00,0.000000000000000000e+00,0.000000000000000000e+00,0.000000000000000000e+00,0.000000000000000000e+00,0.000000000000000000e+00,0.000000000000000000e+00,0.000000000000000000e+00,0.000000000000000000e+00,0.000000000000000000e+00,0.000000000000000000e+00,0.000000000000000000e+00,0.000000000000000000e+00,0.000000000000000000e+00,0.000000000000000000e+00,0.000000000000000000e+00,0.000000000000000000e+00,0.000000000000000000e+00,0.000000000000000000e+00,0.000000000000000000e+00,0.000000000000000000e+00,0.000000000000000000e+00,0.000000000000000000e+00,0.000000000000000000e+00,0.000000000000000000e+00,0.000000000000000000e+00,0.000000000000000000e+00,0.000000000000000000e+00,0.000000000000000000e+00,0.000000000000000000e+00,0.000000000000000000e+00,0.000000000000000000e+00,0.000000000000000000e+00,0.000000000000000000e+00,0.000000000000000000e+00,0.000000000000000000e+00,0.000000000000000000e+00,0.000000000000000000e+00,0.000000000000000000e+00,0.000000000000000000e+00,0.000000000000000000e+00,0.000000000000000000e+00,0.000000000000000000e+00,0.000000000000000000e+00,0.000000000000000000e+00,0.000000000000000000e+00,0.000000000000000000e+00,0.000000000000000000e+00,0.000000000000000000e+00,0.000000000000000000e+00,0.000000000000000000e+00,0.000000000000000000e+00,0.000000000000000000e+00,0.000000000000000000e+00,0.000000000000000000e+00,0.000000000000000000e+00,0.000000000000000000e+00,0.000000000000000000e+00,0.000000000000000000e+00,0.000000000000000000e+00,0.000000000000000000e+00,0.000000000000000000e+00
0.000000000000000000e+00,0.000000000000000000e+00,0.000000000000000000e+00,0.000000000000000000e+00,0.000000000000000000e+00,0.000000000000000000e+00,0.000000000000000000e+00,0.000000000000000000e+00,0.000000000000000000e+00,0.000000000000000000e+00,0.000000000000000000e+00,0.000000000000000000e+00,0.000000000000000000e+00,0.000000000000000000e+00,0.000000000000000000e+00,0.000000000000000000e+00,0.000000000000000000e+00,0.000000000000000000e+00,0.000000000000000000e+00,0.000000000000000000e+00,0.000000000000000000e+00,0.000000000000000000e+00,0.000000000000000000e+00,0.000000000000000000e+00,0.000000000000000000e+00,0.000000000000000000e+00,0.000000000000000000e+00,0.000000000000000000e+00,0.000000000000000000e+00,0.000000000000000000e+00,0.000000000000000000e+00,0.000000000000000000e+00,0.000000000000000000e+00,0.000000000000000000e+00,0.000000000000000000e+00,0.000000000000000000e+00,0.000000000000000000e+00,0.000000000000000000e+00,0.000000000000000000e+00,0.000000000000000000e+00,0.000000000000000000e+00,0.000000000000000000e+00,0.000000000000000000e+00,0.000000000000000000e+00,0.000000000000000000e+00,0.000000000000000000e+00,0.000000000000000000e+00,0.000000000000000000e+00,0.000000000000000000e+00,0.000000000000000000e+00,0.000000000000000000e+00,0.000000000000000000e+00,0.000000000000000000e+00,0.000000000000000000e+00,0.000000000000000000e+00,0.000000000000000000e+00,0.000000000000000000e+00,0.000000000000000000e+00,0.000000000000000000e+00,0.000000000000000000e+00,0.000000000000000000e+00,0.000000000000000000e+00,0.000000000000000000e+00,0.000000000000000000e+00,0.000000000000000000e+00,0.000000000000000000e+00,0.000000000000000000e+00,0.000000000000000000e+00,0.000000000000000000e+00,0.000000000000000000e+00,0.000000000000000000e+00,0.000000000000000000e+00,0.000000000000000000e+00,0.000000000000000000e+00,0.000000000000000000e+00,0.000000000000000000e+00,0.000000000000000000e+00,0.000000000000000000e+00,0.000000000000000000e+00,0.000000000000000000e+00,0.000000000000000000e+00,0.000000000000000000e+00,0.000000000000000000e+00,0.000000000000000000e+00,0.000000000000000000e+00,0.000000000000000000e+00,0.000000000000000000e+00,0.000000000000000000e+00,0.000000000000000000e+00,0.000000000000000000e+00,0.000000000000000000e+00,0.000000000000000000e+00,0.000000000000000000e+00,0.000000000000000000e+00,0.000000000000000000e+00,0.000000000000000000e+00,0.000000000000000000e+00,0.000000000000000000e+00,0.000000000000000000e+00,0.000000000000000000e+00,0.000000000000000000e+00,0.000000000000000000e+00,0.000000000000000000e+00,0.000000000000000000e+00,0.000000000000000000e+00,0.000000000000000000e+00,0.000000000000000000e+00,0.000000000000000000e+00,0.000000000000000000e+00,0.000000000000000000e+00,0.000000000000000000e+00,0.000000000000000000e+00,0.000000000000000000e+00,0.000000000000000000e+00,0.000000000000000000e+00,0.000000000000000000e+00,0.000000000000000000e+00,0.000000000000000000e+00,0.000000000000000000e+00,0.000000000000000000e+00,0.000000000000000000e+00,0.000000000000000000e+00,0.000000000000000000e+00,0.000000000000000000e+00,0.000000000000000000e+00,0.000000000000000000e+00,0.000000000000000000e+00,0.000000000000000000e+00,0.000000000000000000e+00,0.000000000000000000e+00,0.000000000000000000e+00,0.000000000000000000e+00,0.000000000000000000e+00,0.000000000000000000e+00,0.000000000000000000e+00,0.000000000000000000e+00,0.000000000000000000e+00,0.000000000000000000e+00,0.000000000000000000e+00,0.000000000000000000e+00,0.000000000000000000e+00,0.000000000000000000e+00,0.000000000000000000e+00,0.000000000000000000e+00,0.000000000000000000e+00,0.000000000000000000e+00,0.000000000000000000e+00,0.000000000000000000e+00,0.000000000000000000e+00,0.000000000000000000e+00,0.000000000000000000e+00,0.000000000000000000e+00,0.000000000000000000e+00,0.000000000000000000e+00,0.000000000000000000e+00,0.000000000000000000e+00,0.000000000000000000e+00,0.000000000000000000e+00,0.000000000000000000e+00,0.000000000000000000e+00,0.000000000000000000e+00,0.000000000000000000e+00,0.000000000000000000e+00,0.000000000000000000e+00,0.000000000000000000e+00,0.000000000000000000e+00,0.000000000000000000e+00,0.000000000000000000e+00,0.000000000000000000e+00,0.000000000000000000e+00,0.000000000000000000e+00,0.000000000000000000e+00,0.000000000000000000e+00,0.000000000000000000e+00,0.000000000000000000e+00,0.000000000000000000e+00,0.000000000000000000e+00,0.000000000000000000e+00,0.000000000000000000e+00,0.000000000000000000e+00,0.000000000000000000e+00,0.000000000000000000e+00,0.000000000000000000e+00,0.000000000000000000e+00,0.000000000000000000e+00,0.000000000000000000e+00,0.000000000000000000e+00,0.000000000000000000e+00,0.000000000000000000e+00,0.000000000000000000e+00,0.000000000000000000e+00,0.000000000000000000e+00,0.000000000000000000e+00,0.000000000000000000e+00,0.000000000000000000e+00,0.000000000000000000e+00,0.000000000000000000e+00,0.000000000000000000e+00,0.000000000000000000e+00,0.000000000000000000e+00,0.000000000000000000e+00,0.000000000000000000e+00,0.000000000000000000e+00,0.000000000000000000e+00,0.000000000000000000e+00,0.000000000000000000e+00,0.000000000000000000e+00,0.000000000000000000e+00,0.000000000000000000e+00,0.000000000000000000e+00,0.000000000000000000e+00,0.000000000000000000e+00,0.000000000000000000e+00,0.000000000000000000e+00,0.000000000000000000e+00,0.000000000000000000e+00,0.000000000000000000e+00,0.000000000000000000e+00,0.000000000000000000e+00,0.000000000000000000e+00,0.000000000000000000e+00,0.000000000000000000e+00,0.000000000000000000e+00,0.000000000000000000e+00,0.000000000000000000e+00,0.000000000000000000e+00,0.000000000000000000e+00,0.000000000000000000e+00,0.000000000000000000e+00,0.000000000000000000e+00,0.000000000000000000e+00,0.000000000000000000e+00,0.000000000000000000e+00,0.000000000000000000e+00,0.000000000000000000e+00,0.000000000000000000e+00,0.000000000000000000e+00,0.000000000000000000e+00,0.000000000000000000e+00,0.000000000000000000e+00,0.000000000000000000e+00,0.000000000000000000e+00,0.000000000000000000e+00,0.000000000000000000e+00,0.000000000000000000e+00,0.000000000000000000e+00,0.000000000000000000e+00,0.000000000000000000e+00,0.000000000000000000e+00,0.000000000000000000e+00,0.000000000000000000e+00,0.000000000000000000e+00,0.000000000000000000e+00,0.000000000000000000e+00,0.000000000000000000e+00,0.000000000000000000e+00,0.000000000000000000e+00,0.000000000000000000e+00,0.000000000000000000e+00,0.000000000000000000e+00,0.000000000000000000e+00,0.000000000000000000e+00,0.000000000000000000e+00,0.000000000000000000e+00,0.000000000000000000e+00,0.000000000000000000e+00,0.000000000000000000e+00,0.000000000000000000e+00,0.000000000000000000e+00,0.000000000000000000e+00,0.000000000000000000e+00,0.000000000000000000e+00,0.000000000000000000e+00,0.000000000000000000e+00,0.000000000000000000e+00,0.000000000000000000e+00,0.000000000000000000e+00,0.000000000000000000e+00,0.000000000000000000e+00,0.000000000000000000e+00,0.000000000000000000e+00,0.000000000000000000e+00,0.000000000000000000e+00,0.000000000000000000e+00,0.000000000000000000e+00,0.000000000000000000e+00,0.000000000000000000e+00,0.000000000000000000e+00,0.000000000000000000e+00,0.000000000000000000e+00,0.000000000000000000e+00,0.000000000000000000e+00,0.000000000000000000e+00,0.000000000000000000e+00,0.000000000000000000e+00,0.000000000000000000e+00,0.000000000000000000e+00,0.000000000000000000e+00,0.000000000000000000e+00,0.000000000000000000e+00,0.000000000000000000e+00,0.000000000000000000e+00,0.000000000000000000e+00,0.000000000000000000e+00,0.000000000000000000e+00,0.000000000000000000e+00,0.000000000000000000e+00,0.000000000000000000e+00,0.000000000000000000e+00,0.000000000000000000e+00,0.000000000000000000e+00,0.000000000000000000e+00,0.000000000000000000e+00,0.000000000000000000e+00,0.000000000000000000e+00,0.000000000000000000e+00,0.000000000000000000e+00,0.000000000000000000e+00,0.000000000000000000e+00,0.000000000000000000e+00,0.000000000000000000e+00,0.000000000000000000e+00,0.000000000000000000e+00,0.000000000000000000e+00,0.000000000000000000e+00,0.000000000000000000e+00,0.000000000000000000e+00,0.000000000000000000e+00,0.000000000000000000e+00,0.000000000000000000e+00,0.000000000000000000e+00,0.000000000000000000e+00,0.000000000000000000e+00,0.000000000000000000e+00,0.000000000000000000e+00,0.000000000000000000e+00,0.000000000000000000e+00,0.000000000000000000e+00,0.000000000000000000e+00,0.000000000000000000e+00,0.000000000000000000e+00,0.000000000000000000e+00,0.000000000000000000e+00,0.000000000000000000e+00,0.000000000000000000e+00,0.000000000000000000e+00,0.000000000000000000e+00,0.000000000000000000e+00,0.000000000000000000e+00,0.000000000000000000e+00
0.000000000000000000e+00,0.000000000000000000e+00,0.000000000000000000e+00,0.000000000000000000e+00,0.000000000000000000e+00,0.000000000000000000e+00,0.000000000000000000e+00,0.000000000000000000e+00,0.000000000000000000e+00,0.000000000000000000e+00,0.000000000000000000e+00,0.000000000000000000e+00,0.000000000000000000e+00,0.000000000000000000e+00,0.000000000000000000e+00,0.000000000000000000e+00,0.000000000000000000e+00,0.000000000000000000e+00,0.000000000000000000e+00,0.000000000000000000e+00,0.000000000000000000e+00,0.000000000000000000e+00,0.000000000000000000e+00,0.000000000000000000e+00,0.000000000000000000e+00,0.000000000000000000e+00,0.000000000000000000e+00,0.000000000000000000e+00,0.000000000000000000e+00,0.000000000000000000e+00,0.000000000000000000e+00,0.000000000000000000e+00,0.000000000000000000e+00,0.000000000000000000e+00,0.000000000000000000e+00,0.000000000000000000e+00,0.000000000000000000e+00,0.000000000000000000e+00,0.000000000000000000e+00,0.000000000000000000e+00,0.000000000000000000e+00,0.000000000000000000e+00,0.000000000000000000e+00,0.000000000000000000e+00,0.000000000000000000e+00,0.000000000000000000e+00,0.000000000000000000e+00,0.000000000000000000e+00,0.000000000000000000e+00,0.000000000000000000e+00,0.000000000000000000e+00,0.000000000000000000e+00,0.000000000000000000e+00,0.000000000000000000e+00,0.000000000000000000e+00,0.000000000000000000e+00,0.000000000000000000e+00,0.000000000000000000e+00,0.000000000000000000e+00,0.000000000000000000e+00,0.000000000000000000e+00,0.000000000000000000e+00,0.000000000000000000e+00,0.000000000000000000e+00,0.000000000000000000e+00,0.000000000000000000e+00,0.000000000000000000e+00,0.000000000000000000e+00,0.000000000000000000e+00,0.000000000000000000e+00,0.000000000000000000e+00,0.000000000000000000e+00,0.000000000000000000e+00,0.000000000000000000e+00,0.000000000000000000e+00,0.000000000000000000e+00,0.000000000000000000e+00,0.000000000000000000e+00,0.000000000000000000e+00,0.000000000000000000e+00,0.000000000000000000e+00,0.000000000000000000e+00,0.000000000000000000e+00,0.000000000000000000e+00,0.000000000000000000e+00,0.000000000000000000e+00,0.000000000000000000e+00,0.000000000000000000e+00,0.000000000000000000e+00,0.000000000000000000e+00,0.000000000000000000e+00,0.000000000000000000e+00,0.000000000000000000e+00,0.000000000000000000e+00,0.000000000000000000e+00,0.000000000000000000e+00,0.000000000000000000e+00,0.000000000000000000e+00,0.000000000000000000e+00,0.000000000000000000e+00,0.000000000000000000e+00,0.000000000000000000e+00,0.000000000000000000e+00,0.000000000000000000e+00,0.000000000000000000e+00,0.000000000000000000e+00,0.000000000000000000e+00,0.000000000000000000e+00,0.000000000000000000e+00,0.000000000000000000e+00,0.000000000000000000e+00,0.000000000000000000e+00,0.000000000000000000e+00,0.000000000000000000e+00,0.000000000000000000e+00,0.000000000000000000e+00,0.000000000000000000e+00,0.000000000000000000e+00,0.000000000000000000e+00,0.000000000000000000e+00,0.000000000000000000e+00,0.000000000000000000e+00,0.000000000000000000e+00,0.000000000000000000e+00,0.000000000000000000e+00,0.000000000000000000e+00,0.000000000000000000e+00,0.000000000000000000e+00,0.000000000000000000e+00,0.000000000000000000e+00,0.000000000000000000e+00,0.000000000000000000e+00,0.000000000000000000e+00,0.000000000000000000e+00,0.000000000000000000e+00,0.000000000000000000e+00,0.000000000000000000e+00,0.000000000000000000e+00,0.000000000000000000e+00,0.000000000000000000e+00,0.000000000000000000e+00,0.000000000000000000e+00,0.000000000000000000e+00,0.000000000000000000e+00,0.000000000000000000e+00,0.000000000000000000e+00,0.000000000000000000e+00,0.000000000000000000e+00,0.000000000000000000e+00,0.000000000000000000e+00,0.000000000000000000e+00,0.000000000000000000e+00,0.000000000000000000e+00,0.000000000000000000e+00,0.000000000000000000e+00,0.000000000000000000e+00,0.000000000000000000e+00,0.000000000000000000e+00,0.000000000000000000e+00,0.000000000000000000e+00,0.000000000000000000e+00,0.000000000000000000e+00,0.000000000000000000e+00,0.000000000000000000e+00,0.000000000000000000e+00,0.000000000000000000e+00,0.000000000000000000e+00,0.000000000000000000e+00,0.000000000000000000e+00,0.000000000000000000e+00,0.000000000000000000e+00,0.000000000000000000e+00,0.000000000000000000e+00,0.000000000000000000e+00,0.000000000000000000e+00,0.000000000000000000e+00,0.000000000000000000e+00,0.000000000000000000e+00,0.000000000000000000e+00,0.000000000000000000e+00,0.000000000000000000e+00,0.000000000000000000e+00,0.000000000000000000e+00,0.000000000000000000e+00,0.000000000000000000e+00,0.000000000000000000e+00,0.000000000000000000e+00,0.000000000000000000e+00,0.000000000000000000e+00,0.000000000000000000e+00,0.000000000000000000e+00,0.000000000000000000e+00,0.000000000000000000e+00,0.000000000000000000e+00,0.000000000000000000e+00,0.000000000000000000e+00,0.000000000000000000e+00,0.000000000000000000e+00,0.000000000000000000e+00,0.000000000000000000e+00,0.000000000000000000e+00,0.000000000000000000e+00,0.000000000000000000e+00,0.000000000000000000e+00,0.000000000000000000e+00,0.000000000000000000e+00,0.000000000000000000e+00,0.000000000000000000e+00,0.000000000000000000e+00,0.000000000000000000e+00,0.000000000000000000e+00,0.000000000000000000e+00,0.000000000000000000e+00,0.000000000000000000e+00,0.000000000000000000e+00,0.000000000000000000e+00,0.000000000000000000e+00,0.000000000000000000e+00,0.000000000000000000e+00,0.000000000000000000e+00,0.000000000000000000e+00,0.000000000000000000e+00,0.000000000000000000e+00,0.000000000000000000e+00,0.000000000000000000e+00,0.000000000000000000e+00,0.000000000000000000e+00,0.000000000000000000e+00,0.000000000000000000e+00,0.000000000000000000e+00,0.000000000000000000e+00,0.000000000000000000e+00,0.000000000000000000e+00,0.000000000000000000e+00,0.000000000000000000e+00,0.000000000000000000e+00,0.000000000000000000e+00,0.000000000000000000e+00,0.000000000000000000e+00,0.000000000000000000e+00,0.000000000000000000e+00,0.000000000000000000e+00,0.000000000000000000e+00,0.000000000000000000e+00,0.000000000000000000e+00,0.000000000000000000e+00,0.000000000000000000e+00,0.000000000000000000e+00,0.000000000000000000e+00,0.000000000000000000e+00,0.000000000000000000e+00,0.000000000000000000e+00,0.000000000000000000e+00,0.000000000000000000e+00,0.000000000000000000e+00,0.000000000000000000e+00,0.000000000000000000e+00,0.000000000000000000e+00,0.000000000000000000e+00,0.000000000000000000e+00,0.000000000000000000e+00,0.000000000000000000e+00,0.000000000000000000e+00,0.000000000000000000e+00,0.000000000000000000e+00,0.000000000000000000e+00,0.000000000000000000e+00,0.000000000000000000e+00,0.000000000000000000e+00,0.000000000000000000e+00,0.000000000000000000e+00,0.000000000000000000e+00,0.000000000000000000e+00,0.000000000000000000e+00,0.000000000000000000e+00,0.000000000000000000e+00,0.000000000000000000e+00,0.000000000000000000e+00,0.000000000000000000e+00,0.000000000000000000e+00,0.000000000000000000e+00,0.000000000000000000e+00,0.000000000000000000e+00,0.000000000000000000e+00,0.000000000000000000e+00,0.000000000000000000e+00,0.000000000000000000e+00,0.000000000000000000e+00,0.000000000000000000e+00,0.000000000000000000e+00,0.000000000000000000e+00,0.000000000000000000e+00,0.000000000000000000e+00,0.000000000000000000e+00,0.000000000000000000e+00,0.000000000000000000e+00,0.000000000000000000e+00,0.000000000000000000e+00,0.000000000000000000e+00,0.000000000000000000e+00,0.000000000000000000e+00,0.000000000000000000e+00,0.000000000000000000e+00,0.000000000000000000e+00,0.000000000000000000e+00,0.000000000000000000e+00,0.000000000000000000e+00,0.000000000000000000e+00,0.000000000000000000e+00,0.000000000000000000e+00,0.000000000000000000e+00,0.000000000000000000e+00,0.000000000000000000e+00,0.000000000000000000e+00,0.000000000000000000e+00,0.000000000000000000e+00,0.000000000000000000e+00,0.000000000000000000e+00,0.000000000000000000e+00,0.000000000000000000e+00,0.000000000000000000e+00,0.000000000000000000e+00,0.000000000000000000e+00,0.000000000000000000e+00,0.000000000000000000e+00,0.000000000000000000e+00,0.000000000000000000e+00,0.000000000000000000e+00,0.000000000000000000e+00,0.000000000000000000e+00,0.000000000000000000e+00,0.000000000000000000e+00,0.000000000000000000e+00,0.000000000000000000e+00,0.000000000000000000e+00,0.000000000000000000e+00,0.000000000000000000e+00,0.000000000000000000e+00,0.000000000000000000e+00,0.000000000000000000e+00,0.000000000000000000e+00,0.000000000000000000e+00,0.000000000000000000e+00,0.000000000000000000e+00,0.000000000000000000e+00,0.000000000000000000e+00,0.000000000000000000e+00,0.000000000000000000e+00,0.000000000000000000e+00,0.000000000000000000e+00
0.000000000000000000e+00,0.000000000000000000e+00,0.000000000000000000e+00,0.000000000000000000e+00,0.000000000000000000e+00,0.000000000000000000e+00,0.000000000000000000e+00,0.000000000000000000e+00,0.000000000000000000e+00,0.000000000000000000e+00,0.000000000000000000e+00,0.000000000000000000e+00,0.000000000000000000e+00,0.000000000000000000e+00,0.000000000000000000e+00,0.000000000000000000e+00,0.000000000000000000e+00,0.000000000000000000e+00,0.000000000000000000e+00,0.000000000000000000e+00,0.000000000000000000e+00,0.000000000000000000e+00,0.000000000000000000e+00,0.000000000000000000e+00,0.000000000000000000e+00,0.000000000000000000e+00,0.000000000000000000e+00,0.000000000000000000e+00,0.000000000000000000e+00,0.000000000000000000e+00,0.000000000000000000e+00,0.000000000000000000e+00,0.000000000000000000e+00,0.000000000000000000e+00,0.000000000000000000e+00,0.000000000000000000e+00,0.000000000000000000e+00,0.000000000000000000e+00,0.000000000000000000e+00,0.000000000000000000e+00,0.000000000000000000e+00,0.000000000000000000e+00,0.000000000000000000e+00,0.000000000000000000e+00,0.000000000000000000e+00,0.000000000000000000e+00,0.000000000000000000e+00,0.000000000000000000e+00,0.000000000000000000e+00,0.000000000000000000e+00,0.000000000000000000e+00,0.000000000000000000e+00,0.000000000000000000e+00,0.000000000000000000e+00,0.000000000000000000e+00,0.000000000000000000e+00,0.000000000000000000e+00,0.000000000000000000e+00,0.000000000000000000e+00,0.000000000000000000e+00,0.000000000000000000e+00,0.000000000000000000e+00,0.000000000000000000e+00,0.000000000000000000e+00,0.000000000000000000e+00,0.000000000000000000e+00,0.000000000000000000e+00,0.000000000000000000e+00,0.000000000000000000e+00,0.000000000000000000e+00,0.000000000000000000e+00,0.000000000000000000e+00,0.000000000000000000e+00,0.000000000000000000e+00,0.000000000000000000e+00,0.000000000000000000e+00,0.000000000000000000e+00,0.000000000000000000e+00,0.000000000000000000e+00,0.000000000000000000e+00,0.000000000000000000e+00,0.000000000000000000e+00,0.000000000000000000e+00,0.000000000000000000e+00,0.000000000000000000e+00,0.000000000000000000e+00,0.000000000000000000e+00,0.000000000000000000e+00,0.000000000000000000e+00,0.000000000000000000e+00,0.000000000000000000e+00,0.000000000000000000e+00,0.000000000000000000e+00,0.000000000000000000e+00,0.000000000000000000e+00,0.000000000000000000e+00,0.000000000000000000e+00,0.000000000000000000e+00,0.000000000000000000e+00,0.000000000000000000e+00,0.000000000000000000e+00,0.000000000000000000e+00,0.000000000000000000e+00,0.000000000000000000e+00,0.000000000000000000e+00,0.000000000000000000e+00,0.000000000000000000e+00,0.000000000000000000e+00,0.000000000000000000e+00,0.000000000000000000e+00,0.000000000000000000e+00,0.000000000000000000e+00,0.000000000000000000e+00,0.000000000000000000e+00,0.000000000000000000e+00,0.000000000000000000e+00,0.000000000000000000e+00,0.000000000000000000e+00,0.000000000000000000e+00,0.000000000000000000e+00,0.000000000000000000e+00,0.000000000000000000e+00,0.000000000000000000e+00,0.000000000000000000e+00,0.000000000000000000e+00,0.000000000000000000e+00,0.000000000000000000e+00,0.000000000000000000e+00,0.000000000000000000e+00,0.000000000000000000e+00,0.000000000000000000e+00,0.000000000000000000e+00,0.000000000000000000e+00,0.000000000000000000e+00,0.000000000000000000e+00,0.000000000000000000e+00,0.000000000000000000e+00,0.000000000000000000e+00,0.000000000000000000e+00,0.000000000000000000e+00,0.000000000000000000e+00,0.000000000000000000e+00,0.000000000000000000e+00,0.000000000000000000e+00,0.000000000000000000e+00,0.000000000000000000e+00,0.000000000000000000e+00,0.000000000000000000e+00,0.000000000000000000e+00,0.000000000000000000e+00,0.000000000000000000e+00,0.000000000000000000e+00,0.000000000000000000e+00,0.000000000000000000e+00,0.000000000000000000e+00,0.000000000000000000e+00,0.000000000000000000e+00,0.000000000000000000e+00,0.000000000000000000e+00,0.000000000000000000e+00,0.000000000000000000e+00,0.000000000000000000e+00,0.000000000000000000e+00,0.000000000000000000e+00,0.000000000000000000e+00,0.000000000000000000e+00,0.000000000000000000e+00,0.000000000000000000e+00,0.000000000000000000e+00,0.000000000000000000e+00,0.000000000000000000e+00,0.000000000000000000e+00,0.000000000000000000e+00,0.000000000000000000e+00,0.000000000000000000e+00,0.000000000000000000e+00,0.000000000000000000e+00,0.000000000000000000e+00,0.000000000000000000e+00,0.000000000000000000e+00,0.000000000000000000e+00,0.000000000000000000e+00,0.000000000000000000e+00,0.000000000000000000e+00,0.000000000000000000e+00,0.000000000000000000e+00,0.000000000000000000e+00,0.000000000000000000e+00,0.000000000000000000e+00,0.000000000000000000e+00,0.000000000000000000e+00,0.000000000000000000e+00,0.000000000000000000e+00,0.000000000000000000e+00,0.000000000000000000e+00,0.000000000000000000e+00,0.000000000000000000e+00,0.000000000000000000e+00,0.000000000000000000e+00,0.000000000000000000e+00,0.000000000000000000e+00,0.000000000000000000e+00,0.000000000000000000e+00,0.000000000000000000e+00,0.000000000000000000e+00,0.000000000000000000e+00,0.000000000000000000e+00,0.000000000000000000e+00,0.000000000000000000e+00,0.000000000000000000e+00,0.000000000000000000e+00,0.000000000000000000e+00,0.000000000000000000e+00,0.000000000000000000e+00,0.000000000000000000e+00,0.000000000000000000e+00,0.000000000000000000e+00,0.000000000000000000e+00,0.000000000000000000e+00,0.000000000000000000e+00,0.000000000000000000e+00,0.000000000000000000e+00,0.000000000000000000e+00,0.000000000000000000e+00,0.000000000000000000e+00,0.000000000000000000e+00,0.000000000000000000e+00,0.000000000000000000e+00,0.000000000000000000e+00,0.000000000000000000e+00,0.000000000000000000e+00,0.000000000000000000e+00,0.000000000000000000e+00,0.000000000000000000e+00,0.000000000000000000e+00,0.000000000000000000e+00,0.000000000000000000e+00,0.000000000000000000e+00,0.000000000000000000e+00,0.000000000000000000e+00,0.000000000000000000e+00,0.000000000000000000e+00,0.000000000000000000e+00,0.000000000000000000e+00,0.000000000000000000e+00,0.000000000000000000e+00,0.000000000000000000e+00,0.000000000000000000e+00,0.000000000000000000e+00,0.000000000000000000e+00,0.000000000000000000e+00,0.000000000000000000e+00,0.000000000000000000e+00,0.000000000000000000e+00,0.000000000000000000e+00,0.000000000000000000e+00,0.000000000000000000e+00,0.000000000000000000e+00,0.000000000000000000e+00,0.000000000000000000e+00,0.000000000000000000e+00,0.000000000000000000e+00,0.000000000000000000e+00,0.000000000000000000e+00,0.000000000000000000e+00,0.000000000000000000e+00,0.000000000000000000e+00,0.000000000000000000e+00,0.000000000000000000e+00,0.000000000000000000e+00,0.000000000000000000e+00,0.000000000000000000e+00,0.000000000000000000e+00,0.000000000000000000e+00,0.000000000000000000e+00,0.000000000000000000e+00,0.000000000000000000e+00,0.000000000000000000e+00,0.000000000000000000e+00,0.000000000000000000e+00,0.000000000000000000e+00,0.000000000000000000e+00,0.000000000000000000e+00,0.000000000000000000e+00,0.000000000000000000e+00,0.000000000000000000e+00,0.000000000000000000e+00,0.000000000000000000e+00,0.000000000000000000e+00,0.000000000000000000e+00,0.000000000000000000e+00,0.000000000000000000e+00,0.000000000000000000e+00,0.000000000000000000e+00,0.000000000000000000e+00,0.000000000000000000e+00,0.000000000000000000e+00,0.000000000000000000e+00,0.000000000000000000e+00,0.000000000000000000e+00,0.000000000000000000e+00,0.000000000000000000e+00,0.000000000000000000e+00,0.000000000000000000e+00,0.000000000000000000e+00,0.000000000000000000e+00,0.000000000000000000e+00,0.000000000000000000e+00,0.000000000000000000e+00,0.000000000000000000e+00,0.000000000000000000e+00,0.000000000000000000e+00,0.000000000000000000e+00,0.000000000000000000e+00,0.000000000000000000e+00,0.000000000000000000e+00,0.000000000000000000e+00,0.000000000000000000e+00,0.000000000000000000e+00,0.000000000000000000e+00,0.000000000000000000e+00,0.000000000000000000e+00,0.000000000000000000e+00,0.000000000000000000e+00,0.000000000000000000e+00,0.000000000000000000e+00,0.000000000000000000e+00,0.000000000000000000e+00,0.000000000000000000e+00,0.000000000000000000e+00,0.000000000000000000e+00,0.000000000000000000e+00,0.000000000000000000e+00,0.000000000000000000e+00,0.000000000000000000e+00,0.000000000000000000e+00,0.000000000000000000e+00,0.000000000000000000e+00,0.000000000000000000e+00,0.000000000000000000e+00,0.000000000000000000e+00,0.000000000000000000e+00,0.000000000000000000e+00,0.000000000000000000e+00,0.000000000000000000e+00,0.000000000000000000e+00,0.000000000000000000e+00,0.000000000000000000e+00,0.000000000000000000e+00,0.000000000000000000e+00
0.000000000000000000e+00,0.000000000000000000e+00,0.000000000000000000e+00,0.000000000000000000e+00,0.000000000000000000e+00,0.000000000000000000e+00,0.000000000000000000e+00,0.000000000000000000e+00,0.000000000000000000e+00,0.000000000000000000e+00,0.000000000000000000e+00,0.000000000000000000e+00,0.000000000000000000e+00,0.000000000000000000e+00,0.000000000000000000e+00,0.000000000000000000e+00,0.000000000000000000e+00,0.000000000000000000e+00,0.000000000000000000e+00,0.000000000000000000e+00,0.000000000000000000e+00,0.000000000000000000e+00,0.000000000000000000e+00,0.000000000000000000e+00,0.000000000000000000e+00,0.000000000000000000e+00,0.000000000000000000e+00,0.000000000000000000e+00,0.000000000000000000e+00,0.000000000000000000e+00,0.000000000000000000e+00,0.000000000000000000e+00,0.000000000000000000e+00,0.000000000000000000e+00,0.000000000000000000e+00,0.000000000000000000e+00,0.000000000000000000e+00,0.000000000000000000e+00,0.000000000000000000e+00,0.000000000000000000e+00,0.000000000000000000e+00,0.000000000000000000e+00,0.000000000000000000e+00,0.000000000000000000e+00,0.000000000000000000e+00,0.000000000000000000e+00,0.000000000000000000e+00,0.000000000000000000e+00,0.000000000000000000e+00,0.000000000000000000e+00,0.000000000000000000e+00,0.000000000000000000e+00,0.000000000000000000e+00,0.000000000000000000e+00,0.000000000000000000e+00,0.000000000000000000e+00,0.000000000000000000e+00,0.000000000000000000e+00,0.000000000000000000e+00,0.000000000000000000e+00,0.000000000000000000e+00,0.000000000000000000e+00,0.000000000000000000e+00,0.000000000000000000e+00,0.000000000000000000e+00,0.000000000000000000e+00,0.000000000000000000e+00,0.000000000000000000e+00,0.000000000000000000e+00,0.000000000000000000e+00,0.000000000000000000e+00,0.000000000000000000e+00,0.000000000000000000e+00,0.000000000000000000e+00,0.000000000000000000e+00,0.000000000000000000e+00,0.000000000000000000e+00,0.000000000000000000e+00,0.000000000000000000e+00,0.000000000000000000e+00,0.000000000000000000e+00,0.000000000000000000e+00,0.000000000000000000e+00,0.000000000000000000e+00,0.000000000000000000e+00,0.000000000000000000e+00,0.000000000000000000e+00,0.000000000000000000e+00,0.000000000000000000e+00,0.000000000000000000e+00,0.000000000000000000e+00,0.000000000000000000e+00,0.000000000000000000e+00,0.000000000000000000e+00,0.000000000000000000e+00,0.000000000000000000e+00,0.000000000000000000e+00,0.000000000000000000e+00,0.000000000000000000e+00,0.000000000000000000e+00,0.000000000000000000e+00,0.000000000000000000e+00,0.000000000000000000e+00,0.000000000000000000e+00,0.000000000000000000e+00,0.000000000000000000e+00,0.000000000000000000e+00,0.000000000000000000e+00,0.000000000000000000e+00,0.000000000000000000e+00,0.000000000000000000e+00,0.000000000000000000e+00,0.000000000000000000e+00,0.000000000000000000e+00,0.000000000000000000e+00,0.000000000000000000e+00,0.000000000000000000e+00,0.000000000000000000e+00,0.000000000000000000e+00,0.000000000000000000e+00,0.000000000000000000e+00,0.000000000000000000e+00,0.000000000000000000e+00,0.000000000000000000e+00,0.000000000000000000e+00,0.000000000000000000e+00,0.000000000000000000e+00,0.000000000000000000e+00,0.000000000000000000e+00,0.000000000000000000e+00,0.000000000000000000e+00,0.000000000000000000e+00,0.000000000000000000e+00,0.000000000000000000e+00,0.000000000000000000e+00,0.000000000000000000e+00,0.000000000000000000e+00,0.000000000000000000e+00,0.000000000000000000e+00,0.000000000000000000e+00,0.000000000000000000e+00,0.000000000000000000e+00,0.000000000000000000e+00,0.000000000000000000e+00,0.000000000000000000e+00,0.000000000000000000e+00,0.000000000000000000e+00,0.000000000000000000e+00,0.000000000000000000e+00,0.000000000000000000e+00,0.000000000000000000e+00,0.000000000000000000e+00,0.000000000000000000e+00,0.000000000000000000e+00,0.000000000000000000e+00,0.000000000000000000e+00,0.000000000000000000e+00,0.000000000000000000e+00,0.000000000000000000e+00,0.000000000000000000e+00,0.000000000000000000e+00,0.000000000000000000e+00,0.000000000000000000e+00,0.000000000000000000e+00,0.000000000000000000e+00,0.000000000000000000e+00,0.000000000000000000e+00,0.000000000000000000e+00,0.000000000000000000e+00,0.000000000000000000e+00,0.000000000000000000e+00,0.000000000000000000e+00,0.000000000000000000e+00,0.000000000000000000e+00,0.000000000000000000e+00,0.000000000000000000e+00,0.000000000000000000e+00,0.000000000000000000e+00,0.000000000000000000e+00,0.000000000000000000e+00,0.000000000000000000e+00,0.000000000000000000e+00,0.000000000000000000e+00,0.000000000000000000e+00,0.000000000000000000e+00,0.000000000000000000e+00,0.000000000000000000e+00,0.000000000000000000e+00,0.000000000000000000e+00,0.000000000000000000e+00,0.000000000000000000e+00,0.000000000000000000e+00,0.000000000000000000e+00,0.000000000000000000e+00,0.000000000000000000e+00,0.000000000000000000e+00,0.000000000000000000e+00,0.000000000000000000e+00,0.000000000000000000e+00,0.000000000000000000e+00,0.000000000000000000e+00,0.000000000000000000e+00,0.000000000000000000e+00,0.000000000000000000e+00,0.000000000000000000e+00,0.000000000000000000e+00,0.000000000000000000e+00,0.000000000000000000e+00,0.000000000000000000e+00,0.000000000000000000e+00,0.000000000000000000e+00,0.000000000000000000e+00,0.000000000000000000e+00,0.000000000000000000e+00,0.000000000000000000e+00,0.000000000000000000e+00,0.000000000000000000e+00,0.000000000000000000e+00,0.000000000000000000e+00,0.000000000000000000e+00,0.000000000000000000e+00,0.000000000000000000e+00,0.000000000000000000e+00,0.000000000000000000e+00,0.000000000000000000e+00,0.000000000000000000e+00,0.000000000000000000e+00,0.000000000000000000e+00,0.000000000000000000e+00,0.000000000000000000e+00,0.000000000000000000e+00,0.000000000000000000e+00,0.000000000000000000e+00,0.000000000000000000e+00,0.000000000000000000e+00,0.000000000000000000e+00,0.000000000000000000e+00,0.000000000000000000e+00,0.000000000000000000e+00,0.000000000000000000e+00,0.000000000000000000e+00,0.000000000000000000e+00,0.000000000000000000e+00,0.000000000000000000e+00,0.000000000000000000e+00,0.000000000000000000e+00,0.000000000000000000e+00,0.000000000000000000e+00,0.000000000000000000e+00,0.000000000000000000e+00,0.000000000000000000e+00,0.000000000000000000e+00,0.000000000000000000e+00,0.000000000000000000e+00,0.000000000000000000e+00,0.000000000000000000e+00,0.000000000000000000e+00,0.000000000000000000e+00,0.000000000000000000e+00,0.000000000000000000e+00,0.000000000000000000e+00,0.000000000000000000e+00,0.000000000000000000e+00,0.000000000000000000e+00,0.000000000000000000e+00,0.000000000000000000e+00,0.000000000000000000e+00,0.000000000000000000e+00,0.000000000000000000e+00,0.000000000000000000e+00,0.000000000000000000e+00,0.000000000000000000e+00,0.000000000000000000e+00,0.000000000000000000e+00,0.000000000000000000e+00,0.000000000000000000e+00,0.000000000000000000e+00,0.000000000000000000e+00,0.000000000000000000e+00,0.000000000000000000e+00,0.000000000000000000e+00,0.000000000000000000e+00,0.000000000000000000e+00,0.000000000000000000e+00,0.000000000000000000e+00,0.000000000000000000e+00,0.000000000000000000e+00,0.000000000000000000e+00,0.000000000000000000e+00,0.000000000000000000e+00,0.000000000000000000e+00,0.000000000000000000e+00,0.000000000000000000e+00,0.000000000000000000e+00,0.000000000000000000e+00,0.000000000000000000e+00,0.000000000000000000e+00,0.000000000000000000e+00,0.000000000000000000e+00,0.000000000000000000e+00,0.000000000000000000e+00,0.000000000000000000e+00,0.000000000000000000e+00,0.000000000000000000e+00,0.000000000000000000e+00,0.000000000000000000e+00,0.000000000000000000e+00,0.000000000000000000e+00,0.000000000000000000e+00,0.000000000000000000e+00,0.000000000000000000e+00,0.000000000000000000e+00,0.000000000000000000e+00,0.000000000000000000e+00,0.000000000000000000e+00,0.000000000000000000e+00,0.000000000000000000e+00,0.000000000000000000e+00,0.000000000000000000e+00,0.000000000000000000e+00,0.000000000000000000e+00,0.000000000000000000e+00,0.000000000000000000e+00,0.000000000000000000e+00,0.000000000000000000e+00,0.000000000000000000e+00,0.000000000000000000e+00,0.000000000000000000e+00,0.000000000000000000e+00,0.000000000000000000e+00,0.000000000000000000e+00,0.000000000000000000e+00,0.000000000000000000e+00,0.000000000000000000e+00,0.000000000000000000e+00,0.000000000000000000e+00,0.000000000000000000e+00,0.000000000000000000e+00,0.000000000000000000e+00,0.000000000000000000e+00,0.000000000000000000e+00,0.000000000000000000e+00,0.000000000000000000e+00,0.000000000000000000e+00,0.000000000000000000e+00,0.000000000000000000e+00,0.000000000000000000e+00,0.000000000000000000e+00,0.000000000000000000e+00,0.000000000000000000e+00
0.000000000000000000e+00,0.000000000000000000e+00,0.000000000000000000e+00,0.000000000000000000e+00,0.000000000000000000e+00,0.000000000000000000e+00,0.000000000000000000e+00,0.000000000000000000e+00,0.000000000000000000e+00,0.000000000000000000e+00,0.000000000000000000e+00,0.000000000000000000e+00,0.000000000000000000e+00,0.000000000000000000e+00,0.000000000000000000e+00,0.000000000000000000e+00,0.000000000000000000e+00,0.000000000000000000e+00,0.000000000000000000e+00,0.000000000000000000e+00,0.000000000000000000e+00,0.000000000000000000e+00,0.000000000000000000e+00,0.000000000000000000e+00,0.000000000000000000e+00,0.000000000000000000e+00,0.000000000000000000e+00,0.000000000000000000e+00,0.000000000000000000e+00,0.000000000000000000e+00,0.000000000000000000e+00,0.000000000000000000e+00,0.000000000000000000e+00,0.000000000000000000e+00,0.000000000000000000e+00,0.000000000000000000e+00,0.000000000000000000e+00,0.000000000000000000e+00,0.000000000000000000e+00,0.000000000000000000e+00,0.000000000000000000e+00,0.000000000000000000e+00,0.000000000000000000e+00,0.000000000000000000e+00,0.000000000000000000e+00,0.000000000000000000e+00,0.000000000000000000e+00,0.000000000000000000e+00,0.000000000000000000e+00,0.000000000000000000e+00,0.000000000000000000e+00,0.000000000000000000e+00,0.000000000000000000e+00,0.000000000000000000e+00,0.000000000000000000e+00,0.000000000000000000e+00,0.000000000000000000e+00,0.000000000000000000e+00,0.000000000000000000e+00,0.000000000000000000e+00,0.000000000000000000e+00,0.000000000000000000e+00,0.000000000000000000e+00,0.000000000000000000e+00,0.000000000000000000e+00,0.000000000000000000e+00,0.000000000000000000e+00,0.000000000000000000e+00,0.000000000000000000e+00,0.000000000000000000e+00,0.000000000000000000e+00,0.000000000000000000e+00,0.000000000000000000e+00,0.000000000000000000e+00,0.000000000000000000e+00,0.000000000000000000e+00,0.000000000000000000e+00,0.000000000000000000e+00,0.000000000000000000e+00,0.000000000000000000e+00,0.000000000000000000e+00,0.000000000000000000e+00,0.000000000000000000e+00,0.000000000000000000e+00,0.000000000000000000e+00,0.000000000000000000e+00,0.000000000000000000e+00,0.000000000000000000e+00,0.000000000000000000e+00,0.000000000000000000e+00,0.000000000000000000e+00,0.000000000000000000e+00,0.000000000000000000e+00,0.000000000000000000e+00,0.000000000000000000e+00,0.000000000000000000e+00,0.000000000000000000e+00,0.000000000000000000e+00,0.000000000000000000e+00,0.000000000000000000e+00,0.000000000000000000e+00,0.000000000000000000e+00,0.000000000000000000e+00,0.000000000000000000e+00,0.000000000000000000e+00,0.000000000000000000e+00,0.000000000000000000e+00,0.000000000000000000e+00,0.000000000000000000e+00,0.000000000000000000e+00,0.000000000000000000e+00,0.000000000000000000e+00,0.000000000000000000e+00,0.000000000000000000e+00,0.000000000000000000e+00,0.000000000000000000e+00,0.000000000000000000e+00,0.000000000000000000e+00,0.000000000000000000e+00,0.000000000000000000e+00,0.000000000000000000e+00,0.000000000000000000e+00,0.000000000000000000e+00,0.000000000000000000e+00,0.000000000000000000e+00,0.000000000000000000e+00,0.000000000000000000e+00,0.000000000000000000e+00,0.000000000000000000e+00,0.000000000000000000e+00,0.000000000000000000e+00,0.000000000000000000e+00,0.000000000000000000e+00,0.000000000000000000e+00,0.000000000000000000e+00,0.000000000000000000e+00,0.000000000000000000e+00,0.000000000000000000e+00,0.000000000000000000e+00,0.000000000000000000e+00,0.000000000000000000e+00,0.000000000000000000e+00,0.000000000000000000e+00,0.000000000000000000e+00,0.000000000000000000e+00,0.000000000000000000e+00,0.000000000000000000e+00,0.000000000000000000e+00,0.000000000000000000e+00,0.000000000000000000e+00,0.000000000000000000e+00,0.000000000000000000e+00,0.000000000000000000e+00,0.000000000000000000e+00,0.000000000000000000e+00,0.000000000000000000e+00,0.000000000000000000e+00,0.000000000000000000e+00,0.000000000000000000e+00,0.000000000000000000e+00,0.000000000000000000e+00,0.000000000000000000e+00,0.000000000000000000e+00,0.000000000000000000e+00,0.000000000000000000e+00,0.000000000000000000e+00,0.000000000000000000e+00,0.000000000000000000e+00,0.000000000000000000e+00,0.000000000000000000e+00,0.000000000000000000e+00,0.000000000000000000e+00,0.000000000000000000e+00,0.000000000000000000e+00,0.000000000000000000e+00,0.000000000000000000e+00,0.000000000000000000e+00,0.000000000000000000e+00,0.000000000000000000e+00,0.000000000000000000e+00,0.000000000000000000e+00,0.000000000000000000e+00,0.000000000000000000e+00,0.000000000000000000e+00,0.000000000000000000e+00,0.000000000000000000e+00,0.000000000000000000e+00,0.000000000000000000e+00,0.000000000000000000e+00,0.000000000000000000e+00,0.000000000000000000e+00,0.000000000000000000e+00,0.000000000000000000e+00,0.000000000000000000e+00,0.000000000000000000e+00,0.000000000000000000e+00,0.000000000000000000e+00,0.000000000000000000e+00,0.000000000000000000e+00,0.000000000000000000e+00,0.000000000000000000e+00,0.000000000000000000e+00,0.000000000000000000e+00,0.000000000000000000e+00,0.000000000000000000e+00,0.000000000000000000e+00,0.000000000000000000e+00,0.000000000000000000e+00,0.000000000000000000e+00,0.000000000000000000e+00,0.000000000000000000e+00,0.000000000000000000e+00,0.000000000000000000e+00,0.000000000000000000e+00,0.000000000000000000e+00,0.000000000000000000e+00,0.000000000000000000e+00,0.000000000000000000e+00,0.000000000000000000e+00,0.000000000000000000e+00,0.000000000000000000e+00,0.000000000000000000e+00,0.000000000000000000e+00,0.000000000000000000e+00,0.000000000000000000e+00,0.000000000000000000e+00,0.000000000000000000e+00,0.000000000000000000e+00,0.000000000000000000e+00,0.000000000000000000e+00,0.000000000000000000e+00,0.000000000000000000e+00,0.000000000000000000e+00,0.000000000000000000e+00,0.000000000000000000e+00,0.000000000000000000e+00,0.000000000000000000e+00,0.000000000000000000e+00,0.000000000000000000e+00,0.000000000000000000e+00,0.000000000000000000e+00,0.000000000000000000e+00,0.000000000000000000e+00,0.000000000000000000e+00,0.000000000000000000e+00,0.000000000000000000e+00,0.000000000000000000e+00,0.000000000000000000e+00,0.000000000000000000e+00,0.000000000000000000e+00,0.000000000000000000e+00,0.000000000000000000e+00,0.000000000000000000e+00,0.000000000000000000e+00,0.000000000000000000e+00,0.000000000000000000e+00,0.000000000000000000e+00,0.000000000000000000e+00,0.000000000000000000e+00,0.000000000000000000e+00,0.000000000000000000e+00,0.000000000000000000e+00,0.000000000000000000e+00,0.000000000000000000e+00,0.000000000000000000e+00,0.000000000000000000e+00,0.000000000000000000e+00,0.000000000000000000e+00,0.000000000000000000e+00,0.000000000000000000e+00,0.000000000000000000e+00,0.000000000000000000e+00,0.000000000000000000e+00,0.000000000000000000e+00,0.000000000000000000e+00,0.000000000000000000e+00,0.000000000000000000e+00,0.000000000000000000e+00,0.000000000000000000e+00,0.000000000000000000e+00,0.000000000000000000e+00,0.000000000000000000e+00,0.000000000000000000e+00,0.000000000000000000e+00,0.000000000000000000e+00,0.000000000000000000e+00,0.000000000000000000e+00,0.000000000000000000e+00,0.000000000000000000e+00,0.000000000000000000e+00,0.000000000000000000e+00,0.000000000000000000e+00,0.000000000000000000e+00,0.000000000000000000e+00,0.000000000000000000e+00,0.000000000000000000e+00,0.000000000000000000e+00,0.000000000000000000e+00,0.000000000000000000e+00,0.000000000000000000e+00,0.000000000000000000e+00,0.000000000000000000e+00,0.000000000000000000e+00,0.000000000000000000e+00,0.000000000000000000e+00,0.000000000000000000e+00,0.000000000000000000e+00,0.000000000000000000e+00,0.000000000000000000e+00,0.000000000000000000e+00,0.000000000000000000e+00,0.000000000000000000e+00,0.000000000000000000e+00,0.000000000000000000e+00,0.000000000000000000e+00,0.000000000000000000e+00,0.000000000000000000e+00,0.000000000000000000e+00,0.000000000000000000e+00,0.000000000000000000e+00,0.000000000000000000e+00,0.000000000000000000e+00,0.000000000000000000e+00,0.000000000000000000e+00,0.000000000000000000e+00,0.000000000000000000e+00,0.000000000000000000e+00,0.000000000000000000e+00,0.000000000000000000e+00,0.000000000000000000e+00,0.000000000000000000e+00,0.000000000000000000e+00,0.000000000000000000e+00,0.000000000000000000e+00,0.000000000000000000e+00,0.000000000000000000e+00,0.000000000000000000e+00,0.000000000000000000e+00,0.000000000000000000e+00,0.000000000000000000e+00,0.000000000000000000e+00,0.000000000000000000e+00,0.000000000000000000e+00,0.000000000000000000e+00,0.000000000000000000e+00,0.000000000000000000e+00,0.000000000000000000e+00,0.000000000000000000e+00,0.000000000000000000e+00,0.000000000000000000e+00
0.000000000000000000e+00,0.000000000000000000e+00,0.000000000000000000e+00,0.000000000000000000e+00,0.000000000000000000e+00,0.000000000000000000e+00,0.000000000000000000e+00,0.000000000000000000e+00,0.000000000000000000e+00,0.000000000000000000e+00,0.000000000000000000e+00,0.000000000000000000e+00,0.000000000000000000e+00,0.000000000000000000e+00,0.000000000000000000e+00,0.000000000000000000e+00,0.000000000000000000e+00,0.000000000000000000e+00,0.000000000000000000e+00,0.000000000000000000e+00,0.000000000000000000e+00,0.000000000000000000e+00,0.000000000000000000e+00,0.000000000000000000e+00,0.000000000000000000e+00,0.000000000000000000e+00,0.000000000000000000e+00,0.000000000000000000e+00,0.000000000000000000e+00,0.000000000000000000e+00,0.000000000000000000e+00,0.000000000000000000e+00,0.000000000000000000e+00,0.000000000000000000e+00,0.000000000000000000e+00,0.000000000000000000e+00,0.000000000000000000e+00,0.000000000000000000e+00,0.000000000000000000e+00,0.000000000000000000e+00,0.000000000000000000e+00,0.000000000000000000e+00,0.000000000000000000e+00,0.000000000000000000e+00,0.000000000000000000e+00,0.000000000000000000e+00,0.000000000000000000e+00,0.000000000000000000e+00,0.000000000000000000e+00,0.000000000000000000e+00,0.000000000000000000e+00,0.000000000000000000e+00,0.000000000000000000e+00,0.000000000000000000e+00,0.000000000000000000e+00,0.000000000000000000e+00,0.000000000000000000e+00,0.000000000000000000e+00,0.000000000000000000e+00,0.000000000000000000e+00,0.000000000000000000e+00,0.000000000000000000e+00,0.000000000000000000e+00,0.000000000000000000e+00,0.000000000000000000e+00,0.000000000000000000e+00,0.000000000000000000e+00,0.000000000000000000e+00,0.000000000000000000e+00,0.000000000000000000e+00,0.000000000000000000e+00,0.000000000000000000e+00,0.000000000000000000e+00,0.000000000000000000e+00,0.000000000000000000e+00,0.000000000000000000e+00,0.000000000000000000e+00,0.000000000000000000e+00,0.000000000000000000e+00,0.000000000000000000e+00,0.000000000000000000e+00,0.000000000000000000e+00,0.000000000000000000e+00,0.000000000000000000e+00,0.000000000000000000e+00,0.000000000000000000e+00,0.000000000000000000e+00,0.000000000000000000e+00,0.000000000000000000e+00,0.000000000000000000e+00,0.000000000000000000e+00,0.000000000000000000e+00,0.000000000000000000e+00,0.000000000000000000e+00,0.000000000000000000e+00,0.000000000000000000e+00,0.000000000000000000e+00,0.000000000000000000e+00,0.000000000000000000e+00,0.000000000000000000e+00,0.000000000000000000e+00,0.000000000000000000e+00,0.000000000000000000e+00,0.000000000000000000e+00,0.000000000000000000e+00,0.000000000000000000e+00,0.000000000000000000e+00,0.000000000000000000e+00,0.000000000000000000e+00,0.000000000000000000e+00,0.000000000000000000e+00,0.000000000000000000e+00,0.000000000000000000e+00,0.000000000000000000e+00,0.000000000000000000e+00,0.000000000000000000e+00,0.000000000000000000e+00,0.000000000000000000e+00,0.000000000000000000e+00,0.000000000000000000e+00,0.000000000000000000e+00,0.000000000000000000e+00,0.000000000000000000e+00,0.000000000000000000e+00,0.000000000000000000e+00,0.000000000000000000e+00,0.000000000000000000e+00,0.000000000000000000e+00,0.000000000000000000e+00,0.000000000000000000e+00,0.000000000000000000e+00,0.000000000000000000e+00,0.000000000000000000e+00,0.000000000000000000e+00,0.000000000000000000e+00,0.000000000000000000e+00,0.000000000000000000e+00,0.000000000000000000e+00,0.000000000000000000e+00,0.000000000000000000e+00,0.000000000000000000e+00,0.000000000000000000e+00,0.000000000000000000e+00,0.000000000000000000e+00,0.000000000000000000e+00,0.000000000000000000e+00,0.000000000000000000e+00,0.000000000000000000e+00,0.000000000000000000e+00,0.000000000000000000e+00,0.000000000000000000e+00,0.000000000000000000e+00,0.000000000000000000e+00,0.000000000000000000e+00,0.000000000000000000e+00,0.000000000000000000e+00,0.000000000000000000e+00,0.000000000000000000e+00,0.000000000000000000e+00,0.000000000000000000e+00,0.000000000000000000e+00,0.000000000000000000e+00,0.000000000000000000e+00,0.000000000000000000e+00,0.000000000000000000e+00,0.000000000000000000e+00,0.000000000000000000e+00,0.000000000000000000e+00,0.000000000000000000e+00,0.000000000000000000e+00,0.000000000000000000e+00,0.000000000000000000e+00,0.000000000000000000e+00,0.000000000000000000e+00,0.000000000000000000e+00,0.000000000000000000e+00,0.000000000000000000e+00,0.000000000000000000e+00,0.000000000000000000e+00,0.000000000000000000e+00,0.000000000000000000e+00,0.000000000000000000e+00,0.000000000000000000e+00,0.000000000000000000e+00,0.000000000000000000e+00,0.000000000000000000e+00,0.000000000000000000e+00,0.000000000000000000e+00,0.000000000000000000e+00,0.000000000000000000e+00,0.000000000000000000e+00,0.000000000000000000e+00,0.000000000000000000e+00,0.000000000000000000e+00,0.000000000000000000e+00,0.000000000000000000e+00,0.000000000000000000e+00,0.000000000000000000e+00,0.000000000000000000e+00,0.000000000000000000e+00,0.000000000000000000e+00,0.000000000000000000e+00,0.000000000000000000e+00,0.000000000000000000e+00,0.000000000000000000e+00,0.000000000000000000e+00,0.000000000000000000e+00,0.000000000000000000e+00,0.000000000000000000e+00,0.000000000000000000e+00,0.000000000000000000e+00,0.000000000000000000e+00,0.000000000000000000e+00,0.000000000000000000e+00,0.000000000000000000e+00,0.000000000000000000e+00,0.000000000000000000e+00,0.000000000000000000e+00,0.000000000000000000e+00,0.000000000000000000e+00,0.000000000000000000e+00,0.000000000000000000e+00,0.000000000000000000e+00,0.000000000000000000e+00,0.000000000000000000e+00,0.000000000000000000e+00,0.000000000000000000e+00,0.000000000000000000e+00,0.000000000000000000e+00,0.000000000000000000e+00,0.000000000000000000e+00,0.000000000000000000e+00,0.000000000000000000e+00,0.000000000000000000e+00,0.000000000000000000e+00,0.000000000000000000e+00,0.000000000000000000e+00,0.000000000000000000e+00,0.000000000000000000e+00,0.000000000000000000e+00,0.000000000000000000e+00,0.000000000000000000e+00,0.000000000000000000e+00,0.000000000000000000e+00,0.000000000000000000e+00,0.000000000000000000e+00,0.000000000000000000e+00,0.000000000000000000e+00,0.000000000000000000e+00,0.000000000000000000e+00,0.000000000000000000e+00,0.000000000000000000e+00,0.000000000000000000e+00,0.000000000000000000e+00,0.000000000000000000e+00,0.000000000000000000e+00,0.000000000000000000e+00,0.000000000000000000e+00,0.000000000000000000e+00,0.000000000000000000e+00,0.000000000000000000e+00,0.000000000000000000e+00,0.000000000000000000e+00,0.000000000000000000e+00,0.000000000000000000e+00,0.000000000000000000e+00,0.000000000000000000e+00,0.000000000000000000e+00,0.000000000000000000e+00,0.000000000000000000e+00,0.000000000000000000e+00,0.000000000000000000e+00,0.000000000000000000e+00,0.000000000000000000e+00,0.000000000000000000e+00,0.000000000000000000e+00,0.000000000000000000e+00,0.000000000000000000e+00,0.000000000000000000e+00,0.000000000000000000e+00,0.000000000000000000e+00,0.000000000000000000e+00,0.000000000000000000e+00,0.000000000000000000e+00,0.000000000000000000e+00,0.000000000000000000e+00,0.000000000000000000e+00,0.000000000000000000e+00,0.000000000000000000e+00,0.000000000000000000e+00,0.000000000000000000e+00,0.000000000000000000e+00,0.000000000000000000e+00,0.000000000000000000e+00,0.000000000000000000e+00,0.000000000000000000e+00,0.000000000000000000e+00,0.000000000000000000e+00,0.000000000000000000e+00,0.000000000000000000e+00,0.000000000000000000e+00,0.000000000000000000e+00,0.000000000000000000e+00,0.000000000000000000e+00,0.000000000000000000e+00,0.000000000000000000e+00,0.000000000000000000e+00,0.000000000000000000e+00,0.000000000000000000e+00,0.000000000000000000e+00,0.000000000000000000e+00,0.000000000000000000e+00,0.000000000000000000e+00,0.000000000000000000e+00,0.000000000000000000e+00,0.000000000000000000e+00,0.000000000000000000e+00,0.000000000000000000e+00,0.000000000000000000e+00,0.000000000000000000e+00,0.000000000000000000e+00,0.000000000000000000e+00,0.000000000000000000e+00,0.000000000000000000e+00,0.000000000000000000e+00,0.000000000000000000e+00,0.000000000000000000e+00,0.000000000000000000e+00,0.000000000000000000e+00,0.000000000000000000e+00,0.000000000000000000e+00,0.000000000000000000e+00,0.000000000000000000e+00,0.000000000000000000e+00,0.000000000000000000e+00,0.000000000000000000e+00,0.000000000000000000e+00,0.000000000000000000e+00,0.000000000000000000e+00,0.000000000000000000e+00,0.000000000000000000e+00,0.000000000000000000e+00,0.000000000000000000e+00,0.000000000000000000e+00,0.000000000000000000e+00,0.000000000000000000e+00,0.000000000000000000e+00,0.000000000000000000e+00,0.000000000000000000e+00,0.000000000000000000e+00
0.000000000000000000e+00,0.000000000000000000e+00,0.000000000000000000e+00,0.000000000000000000e+00,0.000000000000000000e+00,0.000000000000000000e+00,0.000000000000000000e+00,0.000000000000000000e+00,0.000000000000000000e+00,0.000000000000000000e+00,0.000000000000000000e+00,0.000000000000000000e+00,0.000000000000000000e+00,0.000000000000000000e+00,0.000000000000000000e+00,0.000000000000000000e+00,0.000000000000000000e+00,0.000000000000000000e+00,0.000000000000000000e+00,0.000000000000000000e+00,0.000000000000000000e+00,0.000000000000000000e+00,0.000000000000000000e+00,0.000000000000000000e+00,0.000000000000000000e+00,0.000000000000000000e+00,0.000000000000000000e+00,0.000000000000000000e+00,0.000000000000000000e+00,0.000000000000000000e+00,0.000000000000000000e+00,0.000000000000000000e+00,0.000000000000000000e+00,0.000000000000000000e+00,0.000000000000000000e+00,0.000000000000000000e+00,0.000000000000000000e+00,0.000000000000000000e+00,0.000000000000000000e+00,0.000000000000000000e+00,0.000000000000000000e+00,0.000000000000000000e+00,0.000000000000000000e+00,0.000000000000000000e+00,0.000000000000000000e+00,0.000000000000000000e+00,0.000000000000000000e+00,0.000000000000000000e+00,0.000000000000000000e+00,0.000000000000000000e+00,0.000000000000000000e+00,0.000000000000000000e+00,0.000000000000000000e+00,0.000000000000000000e+00,0.000000000000000000e+00,0.000000000000000000e+00,0.000000000000000000e+00,0.000000000000000000e+00,0.000000000000000000e+00,0.000000000000000000e+00,0.000000000000000000e+00,0.000000000000000000e+00,0.000000000000000000e+00,0.000000000000000000e+00,0.000000000000000000e+00,0.000000000000000000e+00,0.000000000000000000e+00,0.000000000000000000e+00,0.000000000000000000e+00,0.000000000000000000e+00,0.000000000000000000e+00,0.000000000000000000e+00,0.000000000000000000e+00,0.000000000000000000e+00,0.000000000000000000e+00,0.000000000000000000e+00,0.000000000000000000e+00,0.000000000000000000e+00,0.000000000000000000e+00,0.000000000000000000e+00,0.000000000000000000e+00,0.000000000000000000e+00,0.000000000000000000e+00,0.000000000000000000e+00,0.000000000000000000e+00,0.000000000000000000e+00,0.000000000000000000e+00,0.000000000000000000e+00,0.000000000000000000e+00,0.000000000000000000e+00,0.000000000000000000e+00,0.000000000000000000e+00,0.000000000000000000e+00,0.000000000000000000e+00,0.000000000000000000e+00,0.000000000000000000e+00,0.000000000000000000e+00,0.000000000000000000e+00,0.000000000000000000e+00,0.000000000000000000e+00,0.000000000000000000e+00,0.000000000000000000e+00,0.000000000000000000e+00,0.000000000000000000e+00,0.000000000000000000e+00,0.000000000000000000e+00,0.000000000000000000e+00,0.000000000000000000e+00,0.000000000000000000e+00,0.000000000000000000e+00,0.000000000000000000e+00,0.000000000000000000e+00,0.000000000000000000e+00,0.000000000000000000e+00,0.000000000000000000e+00,0.000000000000000000e+00,0.000000000000000000e+00,0.000000000000000000e+00,0.000000000000000000e+00,0.000000000000000000e+00,0.000000000000000000e+00,0.000000000000000000e+00,0.000000000000000000e+00,0.000000000000000000e+00,0.000000000000000000e+00,0.000000000000000000e+00,0.000000000000000000e+00,0.000000000000000000e+00,0.000000000000000000e+00,0.000000000000000000e+00,0.000000000000000000e+00,0.000000000000000000e+00,0.000000000000000000e+00,0.000000000000000000e+00,0.000000000000000000e+00,0.000000000000000000e+00,0.000000000000000000e+00,0.000000000000000000e+00,0.000000000000000000e+00,0.000000000000000000e+00,0.000000000000000000e+00,0.000000000000000000e+00,0.000000000000000000e+00,0.000000000000000000e+00,0.000000000000000000e+00,0.000000000000000000e+00,0.000000000000000000e+00,0.000000000000000000e+00,0.000000000000000000e+00,0.000000000000000000e+00,0.000000000000000000e+00,0.000000000000000000e+00,0.000000000000000000e+00,0.000000000000000000e+00,0.000000000000000000e+00,0.000000000000000000e+00,0.000000000000000000e+00,0.000000000000000000e+00,0.000000000000000000e+00,0.000000000000000000e+00,0.000000000000000000e+00,0.000000000000000000e+00,0.000000000000000000e+00,0.000000000000000000e+00,0.000000000000000000e+00,0.000000000000000000e+00,0.000000000000000000e+00,0.000000000000000000e+00,0.000000000000000000e+00,0.000000000000000000e+00,0.000000000000000000e+00,0.000000000000000000e+00,0.000000000000000000e+00,0.000000000000000000e+00,0.000000000000000000e+00,0.000000000000000000e+00,0.000000000000000000e+00,0.000000000000000000e+00,0.000000000000000000e+00,0.000000000000000000e+00,0.000000000000000000e+00,0.000000000000000000e+00,0.000000000000000000e+00,0.000000000000000000e+00,0.000000000000000000e+00,0.000000000000000000e+00,0.000000000000000000e+00,0.000000000000000000e+00,0.000000000000000000e+00,0.000000000000000000e+00,0.000000000000000000e+00,0.000000000000000000e+00,0.000000000000000000e+00,0.000000000000000000e+00,0.000000000000000000e+00,0.000000000000000000e+00,0.000000000000000000e+00,0.000000000000000000e+00,0.000000000000000000e+00,0.000000000000000000e+00,0.000000000000000000e+00,0.000000000000000000e+00,0.000000000000000000e+00,0.000000000000000000e+00,0.000000000000000000e+00,0.000000000000000000e+00,0.000000000000000000e+00,0.000000000000000000e+00,0.000000000000000000e+00,0.000000000000000000e+00,0.000000000000000000e+00,0.000000000000000000e+00,0.000000000000000000e+00,0.000000000000000000e+00,0.000000000000000000e+00,0.000000000000000000e+00,0.000000000000000000e+00,0.000000000000000000e+00,0.000000000000000000e+00,0.000000000000000000e+00,0.000000000000000000e+00,0.000000000000000000e+00,0.000000000000000000e+00,0.000000000000000000e+00,0.000000000000000000e+00,0.000000000000000000e+00,0.000000000000000000e+00,0.000000000000000000e+00,0.000000000000000000e+00,0.000000000000000000e+00,0.000000000000000000e+00,0.000000000000000000e+00,0.000000000000000000e+00,0.000000000000000000e+00,0.000000000000000000e+00,0.000000000000000000e+00,0.000000000000000000e+00,0.000000000000000000e+00,0.000000000000000000e+00,0.000000000000000000e+00,0.000000000000000000e+00,0.000000000000000000e+00,0.000000000000000000e+00,0.000000000000000000e+00,0.000000000000000000e+00,0.000000000000000000e+00,0.000000000000000000e+00,0.000000000000000000e+00,0.000000000000000000e+00,0.000000000000000000e+00,0.000000000000000000e+00,0.000000000000000000e+00,0.000000000000000000e+00,0.000000000000000000e+00,0.000000000000000000e+00,0.000000000000000000e+00,0.000000000000000000e+00,0.000000000000000000e+00,0.000000000000000000e+00,0.000000000000000000e+00,0.000000000000000000e+00,0.000000000000000000e+00,0.000000000000000000e+00,0.000000000000000000e+00,0.000000000000000000e+00,0.000000000000000000e+00,0.000000000000000000e+00,0.000000000000000000e+00,0.000000000000000000e+00,0.000000000000000000e+00,0.000000000000000000e+00,0.000000000000000000e+00,0.000000000000000000e+00,0.000000000000000000e+00,0.000000000000000000e+00,0.000000000000000000e+00,0.000000000000000000e+00,0.000000000000000000e+00,0.000000000000000000e+00,0.000000000000000000e+00,0.000000000000000000e+00,0.000000000000000000e+00,0.000000000000000000e+00,0.000000000000000000e+00,0.000000000000000000e+00,0.000000000000000000e+00,0.000000000000000000e+00,0.000000000000000000e+00,0.000000000000000000e+00,0.000000000000000000e+00,0.000000000000000000e+00,0.000000000000000000e+00,0.000000000000000000e+00,0.000000000000000000e+00,0.000000000000000000e+00,0.000000000000000000e+00,0.000000000000000000e+00,0.000000000000000000e+00,0.000000000000000000e+00,0.000000000000000000e+00,0.000000000000000000e+00,0.000000000000000000e+00,0.000000000000000000e+00,0.000000000000000000e+00,0.000000000000000000e+00,0.000000000000000000e+00,0.000000000000000000e+00,0.000000000000000000e+00,0.000000000000000000e+00,0.000000000000000000e+00,0.000000000000000000e+00,0.000000000000000000e+00,0.000000000000000000e+00,0.000000000000000000e+00,0.000000000000000000e+00,0.000000000000000000e+00,0.000000000000000000e+00,0.000000000000000000e+00,0.000000000000000000e+00,0.000000000000000000e+00,0.000000000000000000e+00,0.000000000000000000e+00,0.000000000000000000e+00,0.000000000000000000e+00,0.000000000000000000e+00,0.000000000000000000e+00,0.000000000000000000e+00,0.000000000000000000e+00,0.000000000000000000e+00,0.000000000000000000e+00,0.000000000000000000e+00,0.000000000000000000e+00,0.000000000000000000e+00,0.000000000000000000e+00,0.000000000000000000e+00,0.000000000000000000e+00,0.000000000000000000e+00,0.000000000000000000e+00,0.000000000000000000e+00,0.000000000000000000e+00,0.000000000000000000e+00,0.000000000000000000e+00,0.000000000000000000e+00,0.000000000000000000e+00,0.000000000000000000e+00,0.000000000000000000e+00,0.000000000000000000e+00,0.000000000000000000e+00,0.000000000000000000e+00,0.000000000000000000e+00
0.000000000000000000e+00,0.000000000000000000e+00,0.000000000000000000e+00,0.000000000000000000e+00,0.000000000000000000e+00,0.000000000000000000e+00,0.000000000000000000e+00,0.000000000000000000e+00,0.000000000000000000e+00,0.000000000000000000e+00,0.000000000000000000e+00,0.000000000000000000e+00,0.000000000000000000e+00,0.000000000000000000e+00,0.000000000000000000e+00,0.000000000000000000e+00,0.000000000000000000e+00,0.000000000000000000e+00,0.000000000000000000e+00,0.000000000000000000e+00,0.000000000000000000e+00,0.000000000000000000e+00,0.000000000000000000e+00,0.000000000000000000e+00,0.000000000000000000e+00,0.000000000000000000e+00,0.000000000000000000e+00,0.000000000000000000e+00,0.000000000000000000e+00,0.000000000000000000e+00,0.000000000000000000e+00,0.000000000000000000e+00,0.000000000000000000e+00,0.000000000000000000e+00,0.000000000000000000e+00,0.000000000000000000e+00,0.000000000000000000e+00,0.000000000000000000e+00,0.000000000000000000e+00,0.000000000000000000e+00,0.000000000000000000e+00,0.000000000000000000e+00,0.000000000000000000e+00,0.000000000000000000e+00,0.000000000000000000e+00,0.000000000000000000e+00,0.000000000000000000e+00,0.000000000000000000e+00,0.000000000000000000e+00,0.000000000000000000e+00,0.000000000000000000e+00,0.000000000000000000e+00,0.000000000000000000e+00,0.000000000000000000e+00,0.000000000000000000e+00,0.000000000000000000e+00,0.000000000000000000e+00,0.000000000000000000e+00,0.000000000000000000e+00,0.000000000000000000e+00,0.000000000000000000e+00,0.000000000000000000e+00,0.000000000000000000e+00,0.000000000000000000e+00,0.000000000000000000e+00,0.000000000000000000e+00,0.000000000000000000e+00,0.000000000000000000e+00,0.000000000000000000e+00,0.000000000000000000e+00,0.000000000000000000e+00,0.000000000000000000e+00,0.000000000000000000e+00,0.000000000000000000e+00,0.000000000000000000e+00,0.000000000000000000e+00,0.000000000000000000e+00,0.000000000000000000e+00,0.000000000000000000e+00,0.000000000000000000e+00,0.000000000000000000e+00,0.000000000000000000e+00,0.000000000000000000e+00,0.000000000000000000e+00,0.000000000000000000e+00,0.000000000000000000e+00,0.000000000000000000e+00,0.000000000000000000e+00,0.000000000000000000e+00,0.000000000000000000e+00,0.000000000000000000e+00,0.000000000000000000e+00,0.000000000000000000e+00,0.000000000000000000e+00,0.000000000000000000e+00,0.000000000000000000e+00,0.000000000000000000e+00,0.000000000000000000e+00,0.000000000000000000e+00,0.000000000000000000e+00,0.000000000000000000e+00,0.000000000000000000e+00,0.000000000000000000e+00,0.000000000000000000e+00,0.000000000000000000e+00,0.000000000000000000e+00,0.000000000000000000e+00,0.000000000000000000e+00,0.000000000000000000e+00,0.000000000000000000e+00,0.000000000000000000e+00,0.000000000000000000e+00,0.000000000000000000e+00,0.000000000000000000e+00,0.000000000000000000e+00,0.000000000000000000e+00,0.000000000000000000e+00,0.000000000000000000e+00,0.000000000000000000e+00,0.000000000000000000e+00,0.000000000000000000e+00,0.000000000000000000e+00,0.000000000000000000e+00,0.000000000000000000e+00,0.000000000000000000e+00,0.000000000000000000e+00,0.000000000000000000e+00,0.000000000000000000e+00,0.000000000000000000e+00,0.000000000000000000e+00,0.000000000000000000e+00,0.000000000000000000e+00,0.000000000000000000e+00,0.000000000000000000e+00,0.000000000000000000e+00,0.000000000000000000e+00,0.000000000000000000e+00,0.000000000000000000e+00,0.000000000000000000e+00,0.000000000000000000e+00,0.000000000000000000e+00,0.000000000000000000e+00,0.000000000000000000e+00,0.000000000000000000e+00,0.000000000000000000e+00,0.000000000000000000e+00,0.000000000000000000e+00,0.000000000000000000e+00,0.000000000000000000e+00,0.000000000000000000e+00,0.000000000000000000e+00,0.000000000000000000e+00,0.000000000000000000e+00,0.000000000000000000e+00,0.000000000000000000e+00,0.000000000000000000e+00,0.000000000000000000e+00,0.000000000000000000e+00,0.000000000000000000e+00,0.000000000000000000e+00,0.000000000000000000e+00,0.000000000000000000e+00,0.000000000000000000e+00,0.000000000000000000e+00,0.000000000000000000e+00,0.000000000000000000e+00,0.000000000000000000e+00,0.000000000000000000e+00,0.000000000000000000e+00,0.000000000000000000e+00,0.000000000000000000e+00,0.000000000000000000e+00,0.000000000000000000e+00,0.000000000000000000e+00,0.000000000000000000e+00,0.000000000000000000e+00,0.000000000000000000e+00,0.000000000000000000e+00,0.000000000000000000e+00,0.000000000000000000e+00,0.000000000000000000e+00,0.000000000000000000e+00,0.000000000000000000e+00,0.000000000000000000e+00,0.000000000000000000e+00,0.000000000000000000e+00,0.000000000000000000e+00,0.000000000000000000e+00,0.000000000000000000e+00,0.000000000000000000e+00,0.000000000000000000e+00,0.000000000000000000e+00,0.000000000000000000e+00,0.000000000000000000e+00,0.000000000000000000e+00,0.000000000000000000e+00,0.000000000000000000e+00,0.000000000000000000e+00,0.000000000000000000e+00,0.000000000000000000e+00,0.000000000000000000e+00,0.000000000000000000e+00,0.000000000000000000e+00,0.000000000000000000e+00,0.000000000000000000e+00,0.000000000000000000e+00,0.000000000000000000e+00,0.000000000000000000e+00,0.000000000000000000e+00,0.000000000000000000e+00,0.000000000000000000e+00,0.000000000000000000e+00,0.000000000000000000e+00,0.000000000000000000e+00,0.000000000000000000e+00,0.000000000000000000e+00,0.000000000000000000e+00,0.000000000000000000e+00,0.000000000000000000e+00,0.000000000000000000e+00,0.000000000000000000e+00,0.000000000000000000e+00,0.000000000000000000e+00,0.000000000000000000e+00,0.000000000000000000e+00,0.000000000000000000e+00,0.000000000000000000e+00,0.000000000000000000e+00,0.000000000000000000e+00,0.000000000000000000e+00,0.000000000000000000e+00,0.000000000000000000e+00,0.000000000000000000e+00,0.000000000000000000e+00,0.000000000000000000e+00,0.000000000000000000e+00,0.000000000000000000e+00,0.000000000000000000e+00,0.000000000000000000e+00,0.000000000000000000e+00,0.000000000000000000e+00,0.000000000000000000e+00,0.000000000000000000e+00,0.000000000000000000e+00,0.000000000000000000e+00,0.000000000000000000e+00,0.000000000000000000e+00,0.000000000000000000e+00,0.000000000000000000e+00,0.000000000000000000e+00,0.000000000000000000e+00,0.000000000000000000e+00,0.000000000000000000e+00,0.000000000000000000e+00,0.000000000000000000e+00,0.000000000000000000e+00,0.000000000000000000e+00,0.000000000000000000e+00,0.000000000000000000e+00,0.000000000000000000e+00,0.000000000000000000e+00,0.000000000000000000e+00,0.000000000000000000e+00,0.000000000000000000e+00,0.000000000000000000e+00,0.000000000000000000e+00,0.000000000000000000e+00,0.000000000000000000e+00,0.000000000000000000e+00,0.000000000000000000e+00,0.000000000000000000e+00,0.000000000000000000e+00,0.000000000000000000e+00,0.000000000000000000e+00,0.000000000000000000e+00,0.000000000000000000e+00,0.000000000000000000e+00,0.000000000000000000e+00,0.000000000000000000e+00,0.000000000000000000e+00,0.000000000000000000e+00,0.000000000000000000e+00,0.000000000000000000e+00,0.000000000000000000e+00,0.000000000000000000e+00,0.000000000000000000e+00,0.000000000000000000e+00,0.000000000000000000e+00,0.000000000000000000e+00,0.000000000000000000e+00,0.000000000000000000e+00,0.000000000000000000e+00,0.000000000000000000e+00,0.000000000000000000e+00,0.000000000000000000e+00,0.000000000000000000e+00,0.000000000000000000e+00,0.000000000000000000e+00,0.000000000000000000e+00,0.000000000000000000e+00,0.000000000000000000e+00,0.000000000000000000e+00,0.000000000000000000e+00,0.000000000000000000e+00,0.000000000000000000e+00,0.000000000000000000e+00,0.000000000000000000e+00,0.000000000000000000e+00,0.000000000000000000e+00,0.000000000000000000e+00,0.000000000000000000e+00,0.000000000000000000e+00,0.000000000000000000e+00,0.000000000000000000e+00,0.000000000000000000e+00,0.000000000000000000e+00,0.000000000000000000e+00,0.000000000000000000e+00,0.000000000000000000e+00,0.000000000000000000e+00,0.000000000000000000e+00,0.000000000000000000e+00,0.000000000000000000e+00,0.000000000000000000e+00,0.000000000000000000e+00,0.000000000000000000e+00,0.000000000000000000e+00,0.000000000000000000e+00,0.000000000000000000e+00,0.000000000000000000e+00,0.000000000000000000e+00,0.000000000000000000e+00,0.000000000000000000e+00,0.000000000000000000e+00,0.000000000000000000e+00,0.000000000000000000e+00,0.000000000000000000e+00,0.000000000000000000e+00,0.000000000000000000e+00,0.000000000000000000e+00,0.000000000000000000e+00,0.000000000000000000e+00,0.000000000000000000e+00,0.000000000000000000e+00,0.000000000000000000e+00,0.000000000000000000e+00,0.000000000000000000e+00,0.000000000000000000e+00,0.000000000000000000e+00,0.000000000000000000e+00
0.000000000000000000e+00,0.000000000000000000e+00,0.000000000000000000e+00,0.000000000000000000e+00,0.000000000000000000e+00,0.000000000000000000e+00,0.000000000000000000e+00,0.000000000000000000e+00,0.000000000000000000e+00,0.000000000000000000e+00,0.000000000000000000e+00,0.000000000000000000e+00,0.000000000000000000e+00,0.000000000000000000e+00,0.000000000000000000e+00,0.000000000000000000e+00,0.000000000000000000e+00,0.000000000000000000e+00,0.000000000000000000e+00,0.000000000000000000e+00,0.000000000000000000e+00,0.000000000000000000e+00,0.000000000000000000e+00,0.000000000000000000e+00,0.000000000000000000e+00,0.000000000000000000e+00,0.000000000000000000e+00,0.000000000000000000e+00,0.000000000000000000e+00,0.000000000000000000e+00,0.000000000000000000e+00,0.000000000000000000e+00,0.000000000000000000e+00,0.000000000000000000e+00,0.000000000000000000e+00,0.000000000000000000e+00,0.000000000000000000e+00,0.000000000000000000e+00,0.000000000000000000e+00,0.000000000000000000e+00,0.000000000000000000e+00,0.000000000000000000e+00,0.000000000000000000e+00,0.000000000000000000e+00,0.000000000000000000e+00,0.000000000000000000e+00,0.000000000000000000e+00,0.000000000000000000e+00,0.000000000000000000e+00,0.000000000000000000e+00,0.000000000000000000e+00,0.000000000000000000e+00,0.000000000000000000e+00,0.000000000000000000e+00,0.000000000000000000e+00,0.000000000000000000e+00,0.000000000000000000e+00,0.000000000000000000e+00,0.000000000000000000e+00,0.000000000000000000e+00,0.000000000000000000e+00,0.000000000000000000e+00,0.000000000000000000e+00,0.000000000000000000e+00,0.000000000000000000e+00,0.000000000000000000e+00,0.000000000000000000e+00,0.000000000000000000e+00,0.000000000000000000e+00,0.000000000000000000e+00,0.000000000000000000e+00,0.000000000000000000e+00,0.000000000000000000e+00,0.000000000000000000e+00,0.000000000000000000e+00,0.000000000000000000e+00,0.000000000000000000e+00,0.000000000000000000e+00,0.000000000000000000e+00,0.000000000000000000e+00,0.000000000000000000e+00,0.000000000000000000e+00,0.000000000000000000e+00,0.000000000000000000e+00,0.000000000000000000e+00,0.000000000000000000e+00,0.000000000000000000e+00,0.000000000000000000e+00,0.000000000000000000e+00,0.000000000000000000e+00,0.000000000000000000e+00,0.000000000000000000e+00,0.000000000000000000e+00,0.000000000000000000e+00,0.000000000000000000e+00,0.000000000000000000e+00,0.000000000000000000e+00,0.000000000000000000e+00,0.000000000000000000e+00,0.000000000000000000e+00,0.000000000000000000e+00,0.000000000000000000e+00,0.000000000000000000e+00,0.000000000000000000e+00,0.000000000000000000e+00,0.000000000000000000e+00,0.000000000000000000e+00,0.000000000000000000e+00,0.000000000000000000e+00,0.000000000000000000e+00,0.000000000000000000e+00,0.000000000000000000e+00,0.000000000000000000e+00,0.000000000000000000e+00,0.000000000000000000e+00,0.000000000000000000e+00,0.000000000000000000e+00,0.000000000000000000e+00,0.000000000000000000e+00,0.000000000000000000e+00,0.000000000000000000e+00,0.000000000000000000e+00,0.000000000000000000e+00,0.000000000000000000e+00,0.000000000000000000e+00,0.000000000000000000e+00,0.000000000000000000e+00,0.000000000000000000e+00,0.000000000000000000e+00,0.000000000000000000e+00,0.000000000000000000e+00,0.000000000000000000e+00,0.000000000000000000e+00,0.000000000000000000e+00,0.000000000000000000e+00,0.000000000000000000e+00,0.000000000000000000e+00,0.000000000000000000e+00,0.000000000000000000e+00,0.000000000000000000e+00,0.000000000000000000e+00,0.000000000000000000e+00,0.000000000000000000e+00,0.000000000000000000e+00,0.000000000000000000e+00,0.000000000000000000e+00,0.000000000000000000e+00,0.000000000000000000e+00,0.000000000000000000e+00,0.000000000000000000e+00,0.000000000000000000e+00,0.000000000000000000e+00,0.000000000000000000e+00,0.000000000000000000e+00,0.000000000000000000e+00,0.000000000000000000e+00,0.000000000000000000e+00,0.000000000000000000e+00,0.000000000000000000e+00,0.000000000000000000e+00,0.000000000000000000e+00,0.000000000000000000e+00,0.000000000000000000e+00,0.000000000000000000e+00,0.000000000000000000e+00,0.000000000000000000e+00,0.000000000000000000e+00,0.000000000000000000e+00,0.000000000000000000e+00,0.000000000000000000e+00,0.000000000000000000e+00,0.000000000000000000e+00,0.000000000000000000e+00,0.000000000000000000e+00,0.000000000000000000e+00,0.000000000000000000e+00,0.000000000000000000e+00,0.000000000000000000e+00,0.000000000000000000e+00,0.000000000000000000e+00,0.000000000000000000e+00,0.000000000000000000e+00,0.000000000000000000e+00,0.000000000000000000e+00,0.000000000000000000e+00,0.000000000000000000e+00,0.000000000000000000e+00,0.000000000000000000e+00,0.000000000000000000e+00,0.000000000000000000e+00,0.000000000000000000e+00,0.000000000000000000e+00,0.000000000000000000e+00,0.000000000000000000e+00,0.000000000000000000e+00,0.000000000000000000e+00,0.000000000000000000e+00,0.000000000000000000e+00,0.000000000000000000e+00,0.000000000000000000e+00,0.000000000000000000e+00,0.000000000000000000e+00,0.000000000000000000e+00,0.000000000000000000e+00,0.000000000000000000e+00,0.000000000000000000e+00,0.000000000000000000e+00,0.000000000000000000e+00,0.000000000000000000e+00,0.000000000000000000e+00,0.000000000000000000e+00,0.000000000000000000e+00,0.000000000000000000e+00,0.000000000000000000e+00,0.000000000000000000e+00,0.000000000000000000e+00,0.000000000000000000e+00,0.000000000000000000e+00,0.000000000000000000e+00,0.000000000000000000e+00,0.000000000000000000e+00,0.000000000000000000e+00,0.000000000000000000e+00,0.000000000000000000e+00,0.000000000000000000e+00,0.000000000000000000e+00,0.000000000000000000e+00,0.000000000000000000e+00,0.000000000000000000e+00,0.000000000000000000e+00,0.000000000000000000e+00,0.000000000000000000e+00,0.000000000000000000e+00,0.000000000000000000e+00,0.000000000000000000e+00,0.000000000000000000e+00,0.000000000000000000e+00,0.000000000000000000e+00,0.000000000000000000e+00,0.000000000000000000e+00,0.000000000000000000e+00,0.000000000000000000e+00,0.000000000000000000e+00,0.000000000000000000e+00,0.000000000000000000e+00,0.000000000000000000e+00,0.000000000000000000e+00,0.000000000000000000e+00,0.000000000000000000e+00,0.000000000000000000e+00,0.000000000000000000e+00,0.000000000000000000e+00,0.000000000000000000e+00,0.000000000000000000e+00,0.000000000000000000e+00,0.000000000000000000e+00,0.000000000000000000e+00,0.000000000000000000e+00,0.000000000000000000e+00,0.000000000000000000e+00,0.000000000000000000e+00,0.000000000000000000e+00,0.000000000000000000e+00,0.000000000000000000e+00,0.000000000000000000e+00,0.000000000000000000e+00,0.000000000000000000e+00,0.000000000000000000e+00,0.000000000000000000e+00,0.000000000000000000e+00,0.000000000000000000e+00,0.000000000000000000e+00,0.000000000000000000e+00,0.000000000000000000e+00,0.000000000000000000e+00,0.000000000000000000e+00,0.000000000000000000e+00,0.000000000000000000e+00,0.000000000000000000e+00,0.000000000000000000e+00,0.000000000000000000e+00,0.000000000000000000e+00,0.000000000000000000e+00,0.000000000000000000e+00,0.000000000000000000e+00,0.000000000000000000e+00,0.000000000000000000e+00,0.000000000000000000e+00,0.000000000000000000e+00,0.000000000000000000e+00,0.000000000000000000e+00,0.000000000000000000e+00,0.000000000000000000e+00,0.000000000000000000e+00,0.000000000000000000e+00,0.000000000000000000e+00,0.000000000000000000e+00,0.000000000000000000e+00,0.000000000000000000e+00,0.000000000000000000e+00,0.000000000000000000e+00,0.000000000000000000e+00,0.000000000000000000e+00,0.000000000000000000e+00,0.000000000000000000e+00,0.000000000000000000e+00,0.000000000000000000e+00,0.000000000000000000e+00,0.000000000000000000e+00,0.000000000000000000e+00,0.000000000000000000e+00,0.000000000000000000e+00,0.000000000000000000e+00,0.000000000000000000e+00,0.000000000000000000e+00,0.000000000000000000e+00,0.000000000000000000e+00,0.000000000000000000e+00,0.000000000000000000e+00,0.000000000000000000e+00,0.000000000000000000e+00,0.000000000000000000e+00,0.000000000000000000e+00,0.000000000000000000e+00,0.000000000000000000e+00,0.000000000000000000e+00,0.000000000000000000e+00,0.000000000000000000e+00,0.000000000000000000e+00,0.000000000000000000e+00,0.000000000000000000e+00,0.000000000000000000e+00,0.000000000000000000e+00,0.000000000000000000e+00,0.000000000000000000e+00,0.000000000000000000e+00,0.000000000000000000e+00,0.000000000000000000e+00,0.000000000000000000e+00,0.000000000000000000e+00,0.000000000000000000e+00,0.000000000000000000e+00,0.000000000000000000e+00,0.000000000000000000e+00,0.000000000000000000e+00,0.000000000000000000e+00,0.000000000000000000e+00,0.000000000000000000e+00,0.000000000000000000e+00,0.000000000000000000e+00
0.000000000000000000e+00,0.000000000000000000e+00,0.000000000000000000e+00,0.000000000000000000e+00,0.000000000000000000e+00,0.000000000000000000e+00,0.000000000000000000e+00,0.000000000000000000e+00,0.000000000000000000e+00,0.000000000000000000e+00,0.000000000000000000e+00,0.000000000000000000e+00,0.000000000000000000e+00,0.000000000000000000e+00,0.000000000000000000e+00,0.000000000000000000e+00,0.000000000000000000e+00,0.000000000000000000e+00,0.000000000000000000e+00,0.000000000000000000e+00,0.000000000000000000e+00,0.000000000000000000e+00,0.000000000000000000e+00,0.000000000000000000e+00,0.000000000000000000e+00,0.000000000000000000e+00,0.000000000000000000e+00,0.000000000000000000e+00,0.000000000000000000e+00,0.000000000000000000e+00,0.000000000000000000e+00,0.000000000000000000e+00,0.000000000000000000e+00,0.000000000000000000e+00,0.000000000000000000e+00,0.000000000000000000e+00,0.000000000000000000e+00,0.000000000000000000e+00,0.000000000000000000e+00,0.000000000000000000e+00,0.000000000000000000e+00,0.000000000000000000e+00,0.000000000000000000e+00,0.000000000000000000e+00,0.000000000000000000e+00,0.000000000000000000e+00,0.000000000000000000e+00,0.000000000000000000e+00,0.000000000000000000e+00,0.000000000000000000e+00,0.000000000000000000e+00,0.000000000000000000e+00,0.000000000000000000e+00,0.000000000000000000e+00,0.000000000000000000e+00,0.000000000000000000e+00,0.000000000000000000e+00,0.000000000000000000e+00,0.000000000000000000e+00,0.000000000000000000e+00,0.000000000000000000e+00,0.000000000000000000e+00,0.000000000000000000e+00,0.000000000000000000e+00,0.000000000000000000e+00,0.000000000000000000e+00,0.000000000000000000e+00,0.000000000000000000e+00,0.000000000000000000e+00,0.000000000000000000e+00,0.000000000000000000e+00,0.000000000000000000e+00,0.000000000000000000e+00,0.000000000000000000e+00,0.000000000000000000e+00,0.000000000000000000e+00,0.000000000000000000e+00,0.000000000000000000e+00,0.000000000000000000e+00,0.000000000000000000e+00,0.000000000000000000e+00,0.000000000000000000e+00,0.000000000000000000e+00,0.000000000000000000e+00,0.000000000000000000e+00,0.000000000000000000e+00,0.000000000000000000e+00,0.000000000000000000e+00,0.000000000000000000e+00,0.000000000000000000e+00,0.000000000000000000e+00,0.000000000000000000e+00,0.000000000000000000e+00,0.000000000000000000e+00,0.000000000000000000e+00,0.000000000000000000e+00,0.000000000000000000e+00,0.000000000000000000e+00,0.000000000000000000e+00,0.000000000000000000e+00,0.000000000000000000e+00,0.000000000000000000e+00,0.000000000000000000e+00,0.000000000000000000e+00,0.000000000000000000e+00,0.000000000000000000e+00,0.000000000000000000e+00,0.000000000000000000e+00,0.000000000000000000e+00,0.000000000000000000e+00,0.000000000000000000e+00,0.000000000000000000e+00,0.000000000000000000e+00,0.000000000000000000e+00,0.000000000000000000e+00,0.000000000000000000e+00,0.000000000000000000e+00,0.000000000000000000e+00,0.000000000000000000e+00,0.000000000000000000e+00,0.000000000000000000e+00,0.000000000000000000e+00,0.000000000000000000e+00,0.000000000000000000e+00,0.000000000000000000e+00,0.000000000000000000e+00,0.000000000000000000e+00,0.000000000000000000e+00,0.000000000000000000e+00,0.000000000000000000e+00,0.000000000000000000e+00,0.000000000000000000e+00,0.000000000000000000e+00,0.000000000000000000e+00,0.000000000000000000e+00,0.000000000000000000e+00,0.000000000000000000e+00,0.000000000000000000e+00,0.000000000000000000e+00,0.000000000000000000e+00,0.000000000000000000e+00,0.000000000000000000e+00,0.000000000000000000e+00,0.000000000000000000e+00,0.000000000000000000e+00,0.000000000000000000e+00,0.000000000000000000e+00,0.000000000000000000e+00,0.000000000000000000e+00,0.000000000000000000e+00,0.000000000000000000e+00,0.000000000000000000e+00,0.000000000000000000e+00,0.000000000000000000e+00,0.000000000000000000e+00,0.000000000000000000e+00,0.000000000000000000e+00,0.000000000000000000e+00,0.000000000000000000e+00,0.000000000000000000e+00,0.000000000000000000e+00,0.000000000000000000e+00,0.000000000000000000e+00,0.000000000000000000e+00,0.000000000000000000e+00,0.000000000000000000e+00,0.000000000000000000e+00,0.000000000000000000e+00,0.000000000000000000e+00,0.000000000000000000e+00,0.000000000000000000e+00,0.000000000000000000e+00,0.000000000000000000e+00,0.000000000000000000e+00,0.000000000000000000e+00,0.000000000000000000e+00,0.000000000000000000e+00,0.000000000000000000e+00,0.000000000000000000e+00,0.000000000000000000e+00,0.000000000000000000e+00,0.000000000000000000e+00,0.000000000000000000e+00,0.000000000000000000e+00,0.000000000000000000e+00,0.000000000000000000e+00,0.000000000000000000e+00,0.000000000000000000e+00,0.000000000000000000e+00,0.000000000000000000e+00,0.000000000000000000e+00,0.000000000000000000e+00,0.000000000000000000e+00,0.000000000000000000e+00,0.000000000000000000e+00,0.000000000000000000e+00,0.000000000000000000e+00,0.000000000000000000e+00,0.000000000000000000e+00,0.000000000000000000e+00,0.000000000000000000e+00,0.000000000000000000e+00,0.000000000000000000e+00,0.000000000000000000e+00,0.000000000000000000e+00,0.000000000000000000e+00,0.000000000000000000e+00,0.000000000000000000e+00,0.000000000000000000e+00,0.000000000000000000e+00,0.000000000000000000e+00,0.000000000000000000e+00,0.000000000000000000e+00,0.000000000000000000e+00,0.000000000000000000e+00,0.000000000000000000e+00,0.000000000000000000e+00,0.000000000000000000e+00,0.000000000000000000e+00,0.000000000000000000e+00,0.000000000000000000e+00,0.000000000000000000e+00,0.000000000000000000e+00,0.000000000000000000e+00,0.000000000000000000e+00,0.000000000000000000e+00,0.000000000000000000e+00,0.000000000000000000e+00,0.000000000000000000e+00,0.000000000000000000e+00,0.000000000000000000e+00,0.000000000000000000e+00,0.000000000000000000e+00,0.000000000000000000e+00,0.000000000000000000e+00,0.000000000000000000e+00,0.000000000000000000e+00,0.000000000000000000e+00,0.000000000000000000e+00,0.000000000000000000e+00,0.000000000000000000e+00,0.000000000000000000e+00,0.000000000000000000e+00,0.000000000000000000e+00,0.000000000000000000e+00,0.000000000000000000e+00,0.000000000000000000e+00,0.000000000000000000e+00,0.000000000000000000e+00,0.000000000000000000e+00,0.000000000000000000e+00,0.000000000000000000e+00,0.000000000000000000e+00,0.000000000000000000e+00,0.000000000000000000e+00,0.000000000000000000e+00,0.000000000000000000e+00,0.000000000000000000e+00,0.000000000000000000e+00,0.000000000000000000e+00,0.000000000000000000e+00,0.000000000000000000e+00,0.000000000000000000e+00,0.000000000000000000e+00,0.000000000000000000e+00,0.000000000000000000e+00,0.000000000000000000e+00,0.000000000000000000e+00,0.000000000000000000e+00,0.000000000000000000e+00,0.000000000000000000e+00,0.000000000000000000e+00,0.000000000000000000e+00,0.000000000000000000e+00,0.000000000000000000e+00,0.000000000000000000e+00,0.000000000000000000e+00,0.000000000000000000e+00,0.000000000000000000e+00,0.000000000000000000e+00,0.000000000000000000e+00,0.000000000000000000e+00,0.000000000000000000e+00,0.000000000000000000e+00,0.000000000000000000e+00,0.000000000000000000e+00,0.000000000000000000e+00,0.000000000000000000e+00,0.000000000000000000e+00,0.000000000000000000e+00,0.000000000000000000e+00,0.000000000000000000e+00,0.000000000000000000e+00,0.000000000000000000e+00,0.000000000000000000e+00,0.000000000000000000e+00,0.000000000000000000e+00,0.000000000000000000e+00,0.000000000000000000e+00,0.000000000000000000e+00,0.000000000000000000e+00,0.000000000000000000e+00,0.000000000000000000e+00,0.000000000000000000e+00,0.000000000000000000e+00,0.000000000000000000e+00,0.000000000000000000e+00,0.000000000000000000e+00,0.000000000000000000e+00,0.000000000000000000e+00,0.000000000000000000e+00,0.000000000000000000e+00,0.000000000000000000e+00,0.000000000000000000e+00,0.000000000000000000e+00,0.000000000000000000e+00,0.000000000000000000e+00,0.000000000000000000e+00,0.000000000000000000e+00,0.000000000000000000e+00,0.000000000000000000e+00,0.000000000000000000e+00,0.000000000000000000e+00,0.000000000000000000e+00,0.000000000000000000e+00,0.000000000000000000e+00,0.000000000000000000e+00,0.000000000000000000e+00,0.000000000000000000e+00,0.000000000000000000e+00,0.000000000000000000e+00,0.000000000000000000e+00,0.000000000000000000e+00,0.000000000000000000e+00,0.000000000000000000e+00,0.000000000000000000e+00,0.000000000000000000e+00,0.000000000000000000e+00,0.000000000000000000e+00,0.000000000000000000e+00,0.000000000000000000e+00,0.000000000000000000e+00,0.000000000000000000e+00,0.000000000000000000e+00,0.000000000000000000e+00,0.000000000000000000e+00,0.000000000000000000e+00,0.000000000000000000e+00,0.000000000000000000e+00,0.000000000000000000e+00
0.000000000000000000e+00,0.000000000000000000e+00,0.000000000000000000e+00,0.000000000000000000e+00,0.000000000000000000e+00,0.000000000000000000e+00,0.000000000000000000e+00,0.000000000000000000e+00,0.000000000000000000e+00,0.000000000000000000e+00,0.000000000000000000e+00,0.000000000000000000e+00,0.000000000000000000e+00,0.000000000000000000e+00,0.000000000000000000e+00,0.000000000000000000e+00,0.000000000000000000e+00,0.000000000000000000e+00,0.000000000000000000e+00,0.000000000000000000e+00,0.000000000000000000e+00,0.000000000000000000e+00,0.000000000000000000e+00,0.000000000000000000e+00,0.000000000000000000e+00,0.000000000000000000e+00,0.000000000000000000e+00,0.000000000000000000e+00,0.000000000000000000e+00,0.000000000000000000e+00,0.000000000000000000e+00,0.000000000000000000e+00,0.000000000000000000e+00,0.000000000000000000e+00,0.000000000000000000e+00,0.000000000000000000e+00,0.000000000000000000e+00,0.000000000000000000e+00,0.000000000000000000e+00,0.000000000000000000e+00,0.000000000000000000e+00,0.000000000000000000e+00,0.000000000000000000e+00,0.000000000000000000e+00,0.000000000000000000e+00,0.000000000000000000e+00,0.000000000000000000e+00,0.000000000000000000e+00,0.000000000000000000e+00,0.000000000000000000e+00,0.000000000000000000e+00,0.000000000000000000e+00,0.000000000000000000e+00,0.000000000000000000e+00,0.000000000000000000e+00,0.000000000000000000e+00,0.000000000000000000e+00,0.000000000000000000e+00,0.000000000000000000e+00,0.000000000000000000e+00,0.000000000000000000e+00,0.000000000000000000e+00,0.000000000000000000e+00,0.000000000000000000e+00,0.000000000000000000e+00,0.000000000000000000e+00,0.000000000000000000e+00,0.000000000000000000e+00,0.000000000000000000e+00,0.000000000000000000e+00,0.000000000000000000e+00,0.000000000000000000e+00,0.000000000000000000e+00,0.000000000000000000e+00,0.000000000000000000e+00,0.000000000000000000e+00,0.000000000000000000e+00,0.000000000000000000e+00,0.000000000000000000e+00,0.000000000000000000e+00,0.000000000000000000e+00,0.000000000000000000e+00,0.000000000000000000e+00,0.000000000000000000e+00,0.000000000000000000e+00,0.000000000000000000e+00,0.000000000000000000e+00,0.000000000000000000e+00,0.000000000000000000e+00,0.000000000000000000e+00,0.000000000000000000e+00,0.000000000000000000e+00,0.000000000000000000e+00,0.000000000000000000e+00,0.000000000000000000e+00,0.000000000000000000e+00,0.000000000000000000e+00,0.000000000000000000e+00,0.000000000000000000e+00,0.000000000000000000e+00,0.000000000000000000e+00,0.000000000000000000e+00,0.000000000000000000e+00,0.000000000000000000e+00,0.000000000000000000e+00,0.000000000000000000e+00,0.000000000000000000e+00,0.000000000000000000e+00,0.000000000000000000e+00,0.000000000000000000e+00,0.000000000000000000e+00,0.000000000000000000e+00,0.000000000000000000e+00,0.000000000000000000e+00,0.000000000000000000e+00,0.000000000000000000e+00,0.000000000000000000e+00,0.000000000000000000e+00,0.000000000000000000e+00,0.000000000000000000e+00,0.000000000000000000e+00,0.000000000000000000e+00,0.000000000000000000e+00,0.000000000000000000e+00,0.000000000000000000e+00,0.000000000000000000e+00,0.000000000000000000e+00,0.000000000000000000e+00,0.000000000000000000e+00,0.000000000000000000e+00,0.000000000000000000e+00,0.000000000000000000e+00,0.000000000000000000e+00,0.000000000000000000e+00,0.000000000000000000e+00,0.000000000000000000e+00,0.000000000000000000e+00,0.000000000000000000e+00,0.000000000000000000e+00,0.000000000000000000e+00,0.000000000000000000e+00,0.000000000000000000e+00,0.000000000000000000e+00,0.000000000000000000e+00,0.000000000000000000e+00,0.000000000000000000e+00,0.000000000000000000e+00,0.000000000000000000e+00,0.000000000000000000e+00,0.000000000000000000e+00,0.000000000000000000e+00,0.000000000000000000e+00,0.000000000000000000e+00,0.000000000000000000e+00,0.000000000000000000e+00,0.000000000000000000e+00,0.000000000000000000e+00,0.000000000000000000e+00,0.000000000000000000e+00,0.000000000000000000e+00,0.000000000000000000e+00,0.000000000000000000e+00,0.000000000000000000e+00,0.000000000000000000e+00,0.000000000000000000e+00,0.000000000000000000e+00,0.000000000000000000e+00,0.000000000000000000e+00,0.000000000000000000e+00,0.000000000000000000e+00,0.000000000000000000e+00,0.000000000000000000e+00,0.000000000000000000e+00,0.000000000000000000e+00,0.000000000000000000e+00,0.000000000000000000e+00,0.000000000000000000e+00,0.000000000000000000e+00,0.000000000000000000e+00,0.000000000000000000e+00,0.000000000000000000e+00,0.000000000000000000e+00,0.000000000000000000e+00,0.000000000000000000e+00,0.000000000000000000e+00,0.000000000000000000e+00,0.000000000000000000e+00,0.000000000000000000e+00,0.000000000000000000e+00,0.000000000000000000e+00,0.000000000000000000e+00,0.000000000000000000e+00,0.000000000000000000e+00,0.000000000000000000e+00,0.000000000000000000e+00,0.000000000000000000e+00,0.000000000000000000e+00,0.000000000000000000e+00,0.000000000000000000e+00,0.000000000000000000e+00,0.000000000000000000e+00,0.000000000000000000e+00,0.000000000000000000e+00,0.000000000000000000e+00,0.000000000000000000e+00,0.000000000000000000e+00,0.000000000000000000e+00,0.000000000000000000e+00,0.000000000000000000e+00,0.000000000000000000e+00,0.000000000000000000e+00,0.000000000000000000e+00,0.000000000000000000e+00,0.000000000000000000e+00,0.000000000000000000e+00,0.000000000000000000e+00,0.000000000000000000e+00,0.000000000000000000e+00,0.000000000000000000e+00,0.000000000000000000e+00,0.000000000000000000e+00,0.000000000000000000e+00,0.000000000000000000e+00,0.000000000000000000e+00,0.000000000000000000e+00,0.000000000000000000e+00,0.000000000000000000e+00,0.000000000000000000e+00,0.000000000000000000e+00,0.000000000000000000e+00,0.000000000000000000e+00,0.000000000000000000e+00,0.000000000000000000e+00,0.000000000000000000e+00,0.000000000000000000e+00,0.000000000000000000e+00,0.000000000000000000e+00,0.000000000000000000e+00,0.000000000000000000e+00,0.000000000000000000e+00,0.000000000000000000e+00,0.000000000000000000e+00,0.000000000000000000e+00,0.000000000000000000e+00,0.000000000000000000e+00,0.000000000000000000e+00,0.000000000000000000e+00,0.000000000000000000e+00,0.000000000000000000e+00,0.000000000000000000e+00,0.000000000000000000e+00,0.000000000000000000e+00,0.000000000000000000e+00,0.000000000000000000e+00,0.000000000000000000e+00,0.000000000000000000e+00,0.000000000000000000e+00,0.000000000000000000e+00,0.000000000000000000e+00,0.000000000000000000e+00,0.000000000000000000e+00,0.000000000000000000e+00,0.000000000000000000e+00,0.000000000000000000e+00,0.000000000000000000e+00,0.000000000000000000e+00,0.000000000000000000e+00,0.000000000000000000e+00,0.000000000000000000e+00,0.000000000000000000e+00,0.000000000000000000e+00,0.000000000000000000e+00,0.000000000000000000e+00,0.000000000000000000e+00,0.000000000000000000e+00,0.000000000000000000e+00,0.000000000000000000e+00,0.000000000000000000e+00,0.000000000000000000e+00,0.000000000000000000e+00,0.000000000000000000e+00,0.000000000000000000e+00,0.000000000000000000e+00,0.000000000000000000e+00,0.000000000000000000e+00,0.000000000000000000e+00,0.000000000000000000e+00,0.000000000000000000e+00,0.000000000000000000e+00,0.000000000000000000e+00,0.000000000000000000e+00,0.000000000000000000e+00,0.000000000000000000e+00,0.000000000000000000e+00,0.000000000000000000e+00,0.000000000000000000e+00,0.000000000000000000e+00,0.000000000000000000e+00,0.000000000000000000e+00,0.000000000000000000e+00,0.000000000000000000e+00,0.000000000000000000e+00,0.000000000000000000e+00,0.000000000000000000e+00,0.000000000000000000e+00,0.000000000000000000e+00,0.000000000000000000e+00,0.000000000000000000e+00,0.000000000000000000e+00,0.000000000000000000e+00,0.000000000000000000e+00,0.000000000000000000e+00,0.000000000000000000e+00,0.000000000000000000e+00,0.000000000000000000e+00,0.000000000000000000e+00,0.000000000000000000e+00,0.000000000000000000e+00,0.000000000000000000e+00,0.000000000000000000e+00,0.000000000000000000e+00,0.000000000000000000e+00,0.000000000000000000e+00,0.000000000000000000e+00,0.000000000000000000e+00,0.000000000000000000e+00,0.000000000000000000e+00,0.000000000000000000e+00,0.000000000000000000e+00,0.000000000000000000e+00,0.000000000000000000e+00,0.000000000000000000e+00,0.000000000000000000e+00,0.000000000000000000e+00,0.000000000000000000e+00,0.000000000000000000e+00,0.000000000000000000e+00,0.000000000000000000e+00,0.000000000000000000e+00,0.000000000000000000e+00,0.000000000000000000e+00,0.000000000000000000e+00,0.000000000000000000e+00,0.000000000000000000e+00,0.000000000000000000e+00,0.000000000000000000e+00,0.000000000000000000e+00,0.000000000000000000e+00,0.000000000000000000e+00,0.000000000000000000e+00
0.000000000000000000e+00,0.000000000000000000e+00,0.000000000000000000e+00,0.000000000000000000e+00,0.000000000000000000e+00,0.000000000000000000e+00,0.000000000000000000e+00,0.000000000000000000e+00,0.000000000000000000e+00,0.000000000000000000e+00,0.000000000000000000e+00,0.000000000000000000e+00,0.000000000000000000e+00,0.000000000000000000e+00,0.000000000000000000e+00,0.000000000000000000e+00,0.000000000000000000e+00,0.000000000000000000e+00,0.000000000000000000e+00,0.000000000000000000e+00,0.000000000000000000e+00,0.000000000000000000e+00,0.000000000000000000e+00,0.000000000000000000e+00,0.000000000000000000e+00,0.000000000000000000e+00,0.000000000000000000e+00,0.000000000000000000e+00,0.000000000000000000e+00,0.000000000000000000e+00,0.000000000000000000e+00,0.000000000000000000e+00,0.000000000000000000e+00,0.000000000000000000e+00,0.000000000000000000e+00,0.000000000000000000e+00,0.000000000000000000e+00,0.000000000000000000e+00,0.000000000000000000e+00,0.000000000000000000e+00,0.000000000000000000e+00,0.000000000000000000e+00,0.000000000000000000e+00,0.000000000000000000e+00,0.000000000000000000e+00,0.000000000000000000e+00,0.000000000000000000e+00,0.000000000000000000e+00,0.000000000000000000e+00,0.000000000000000000e+00,0.000000000000000000e+00,0.000000000000000000e+00,0.000000000000000000e+00,0.000000000000000000e+00,0.000000000000000000e+00,0.000000000000000000e+00,0.000000000000000000e+00,0.000000000000000000e+00,0.000000000000000000e+00,0.000000000000000000e+00,0.000000000000000000e+00,0.000000000000000000e+00,0.000000000000000000e+00,0.000000000000000000e+00,0.000000000000000000e+00,0.000000000000000000e+00,0.000000000000000000e+00,0.000000000000000000e+00,0.000000000000000000e+00,0.000000000000000000e+00,0.000000000000000000e+00,0.000000000000000000e+00,0.000000000000000000e+00,0.000000000000000000e+00,0.000000000000000000e+00,0.000000000000000000e+00,0.000000000000000000e+00,0.000000000000000000e+00,0.000000000000000000e+00,0.000000000000000000e+00,0.000000000000000000e+00,0.000000000000000000e+00,0.000000000000000000e+00,0.000000000000000000e+00,0.000000000000000000e+00,0.000000000000000000e+00,0.000000000000000000e+00,0.000000000000000000e+00,0.000000000000000000e+00,0.000000000000000000e+00,0.000000000000000000e+00,0.000000000000000000e+00,0.000000000000000000e+00,0.000000000000000000e+00,0.000000000000000000e+00,0.000000000000000000e+00,0.000000000000000000e+00,0.000000000000000000e+00,0.000000000000000000e+00,0.000000000000000000e+00,0.000000000000000000e+00,0.000000000000000000e+00,0.000000000000000000e+00,0.000000000000000000e+00,0.000000000000000000e+00,0.000000000000000000e+00,0.000000000000000000e+00,0.000000000000000000e+00,0.000000000000000000e+00,0.000000000000000000e+00,0.000000000000000000e+00,0.000000000000000000e+00,0.000000000000000000e+00,0.000000000000000000e+00,0.000000000000000000e+00,0.000000000000000000e+00,0.000000000000000000e+00,0.000000000000000000e+00,0.000000000000000000e+00,0.000000000000000000e+00,0.000000000000000000e+00,0.000000000000000000e+00,0.000000000000000000e+00,0.000000000000000000e+00,0.000000000000000000e+00,0.000000000000000000e+00,0.000000000000000000e+00,0.000000000000000000e+00,0.000000000000000000e+00,0.000000000000000000e+00,0.000000000000000000e+00,0.000000000000000000e+00,0.000000000000000000e+00,0.000000000000000000e+00,0.000000000000000000e+00,0.000000000000000000e+00,0.000000000000000000e+00,0.000000000000000000e+00,0.000000000000000000e+00,0.000000000000000000e+00,0.000000000000000000e+00,0.000000000000000000e+00,0.000000000000000000e+00,0.000000000000000000e+00,0.000000000000000000e+00,0.000000000000000000e+00,0.000000000000000000e+00,0.000000000000000000e+00,0.000000000000000000e+00,0.000000000000000000e+00,0.000000000000000000e+00,0.000000000000000000e+00,0.000000000000000000e+00,0.000000000000000000e+00,0.000000000000000000e+00,0.000000000000000000e+00,0.000000000000000000e+00,0.000000000000000000e+00,0.000000000000000000e+00,0.000000000000000000e+00,0.000000000000000000e+00,0.000000000000000000e+00,0.000000000000000000e+00,0.000000000000000000e+00,0.000000000000000000e+00,0.000000000000000000e+00,0.000000000000000000e+00,0.000000000000000000e+00,0.000000000000000000e+00,0.000000000000000000e+00,0.000000000000000000e+00,0.000000000000000000e+00,0.000000000000000000e+00,0.000000000000000000e+00,0.000000000000000000e+00,0.000000000000000000e+00,0.000000000000000000e+00,0.000000000000000000e+00,0.000000000000000000e+00,0.000000000000000000e+00,0.000000000000000000e+00,0.000000000000000000e+00,0.000000000000000000e+00,0.000000000000000000e+00,0.000000000000000000e+00,0.000000000000000000e+00,0.000000000000000000e+00,0.000000000000000000e+00,0.000000000000000000e+00,0.000000000000000000e+00,0.000000000000000000e+00,0.000000000000000000e+00,0.000000000000000000e+00,0.000000000000000000e+00,0.000000000000000000e+00,0.000000000000000000e+00,0.000000000000000000e+00,0.000000000000000000e+00,0.000000000000000000e+00,0.000000000000000000e+00,0.000000000000000000e+00,0.000000000000000000e+00,0.000000000000000000e+00,0.000000000000000000e+00,0.000000000000000000e+00,0.000000000000000000e+00,0.000000000000000000e+00,0.000000000000000000e+00,0.000000000000000000e+00,0.000000000000000000e+00,0.000000000000000000e+00,0.000000000000000000e+00,0.000000000000000000e+00,0.000000000000000000e+00,0.000000000000000000e+00,0.000000000000000000e+00,0.000000000000000000e+00,0.000000000000000000e+00,0.000000000000000000e+00,0.000000000000000000e+00,0.000000000000000000e+00,0.000000000000000000e+00,0.000000000000000000e+00,0.000000000000000000e+00,0.000000000000000000e+00,0.000000000000000000e+00,0.000000000000000000e+00,0.000000000000000000e+00,0.000000000000000000e+00,0.000000000000000000e+00,0.000000000000000000e+00,0.000000000000000000e+00,0.000000000000000000e+00,0.000000000000000000e+00,0.000000000000000000e+00,0.000000000000000000e+00,0.000000000000000000e+00,0.000000000000000000e+00,0.000000000000000000e+00,0.000000000000000000e+00,0.000000000000000000e+00,0.000000000000000000e+00,0.000000000000000000e+00,0.000000000000000000e+00,0.000000000000000000e+00,0.000000000000000000e+00,0.000000000000000000e+00,0.000000000000000000e+00,0.000000000000000000e+00,0.000000000000000000e+00,0.000000000000000000e+00,0.000000000000000000e+00,0.000000000000000000e+00,0.000000000000000000e+00,0.000000000000000000e+00,0.000000000000000000e+00,0.000000000000000000e+00,0.000000000000000000e+00,0.000000000000000000e+00,0.000000000000000000e+00,0.000000000000000000e+00,0.000000000000000000e+00,0.000000000000000000e+00,0.000000000000000000e+00,0.000000000000000000e+00,0.000000000000000000e+00,0.000000000000000000e+00,0.000000000000000000e+00,0.000000000000000000e+00,0.000000000000000000e+00,0.000000000000000000e+00,0.000000000000000000e+00,0.000000000000000000e+00,0.000000000000000000e+00,0.000000000000000000e+00,0.000000000000000000e+00,0.000000000000000000e+00,0.000000000000000000e+00,0.000000000000000000e+00,0.000000000000000000e+00,0.000000000000000000e+00,0.000000000000000000e+00,0.000000000000000000e+00,0.000000000000000000e+00,0.000000000000000000e+00,0.000000000000000000e+00,0.000000000000000000e+00,0.000000000000000000e+00,0.000000000000000000e+00,0.000000000000000000e+00,0.000000000000000000e+00,0.000000000000000000e+00,0.000000000000000000e+00,0.000000000000000000e+00,0.000000000000000000e+00,0.000000000000000000e+00,0.000000000000000000e+00,0.000000000000000000e+00,0.000000000000000000e+00,0.000000000000000000e+00,0.000000000000000000e+00,0.000000000000000000e+00,0.000000000000000000e+00,0.000000000000000000e+00,0.000000000000000000e+00,0.000000000000000000e+00,0.000000000000000000e+00,0.000000000000000000e+00,0.000000000000000000e+00,0.000000000000000000e+00,0.000000000000000000e+00,0.000000000000000000e+00,0.000000000000000000e+00,0.000000000000000000e+00,0.000000000000000000e+00,0.000000000000000000e+00,0.000000000000000000e+00,0.000000000000000000e+00,0.000000000000000000e+00,0.000000000000000000e+00,0.000000000000000000e+00,0.000000000000000000e+00,0.000000000000000000e+00,0.000000000000000000e+00,0.000000000000000000e+00,0.000000000000000000e+00,0.000000000000000000e+00,0.000000000000000000e+00,0.000000000000000000e+00,0.000000000000000000e+00,0.000000000000000000e+00,0.000000000000000000e+00,0.000000000000000000e+00,0.000000000000000000e+00,0.000000000000000000e+00,0.000000000000000000e+00,0.000000000000000000e+00,0.000000000000000000e+00,0.000000000000000000e+00,0.000000000000000000e+00,0.000000000000000000e+00,0.000000000000000000e+00,0.000000000000000000e+00,0.000000000000000000e+00,0.000000000000000000e+00,0.000000000000000000e+00,0.000000000000000000e+00,0.000000000000000000e+00,0.000000000000000000e+00,0.000000000000000000e+00
0.000000000000000000e+00,0.000000000000000000e+00,0.000000000000000000e+00,0.000000000000000000e+00,0.000000000000000000e+00,0.000000000000000000e+00,0.000000000000000000e+00,0.000000000000000000e+00,0.000000000000000000e+00,0.000000000000000000e+00,0.000000000000000000e+00,0.000000000000000000e+00,0.000000000000000000e+00,0.000000000000000000e+00,0.000000000000000000e+00,0.000000000000000000e+00,0.000000000000000000e+00,0.000000000000000000e+00,0.000000000000000000e+00,0.000000000000000000e+00,0.000000000000000000e+00,0.000000000000000000e+00,0.000000000000000000e+00,0.000000000000000000e+00,0.000000000000000000e+00,0.000000000000000000e+00,0.000000000000000000e+00,0.000000000000000000e+00,0.000000000000000000e+00,0.000000000000000000e+00,0.000000000000000000e+00,0.000000000000000000e+00,0.000000000000000000e+00,0.000000000000000000e+00,0.000000000000000000e+00,0.000000000000000000e+00,0.000000000000000000e+00,0.000000000000000000e+00,0.000000000000000000e+00,0.000000000000000000e+00,0.000000000000000000e+00,0.000000000000000000e+00,0.000000000000000000e+00,0.000000000000000000e+00,0.000000000000000000e+00,0.000000000000000000e+00,0.000000000000000000e+00,0.000000000000000000e+00,0.000000000000000000e+00,0.000000000000000000e+00,0.000000000000000000e+00,0.000000000000000000e+00,0.000000000000000000e+00,0.000000000000000000e+00,0.000000000000000000e+00,0.000000000000000000e+00,0.000000000000000000e+00,0.000000000000000000e+00,0.000000000000000000e+00,0.000000000000000000e+00,0.000000000000000000e+00,0.000000000000000000e+00,0.000000000000000000e+00,0.000000000000000000e+00,0.000000000000000000e+00,0.000000000000000000e+00,0.000000000000000000e+00,0.000000000000000000e+00,0.000000000000000000e+00,0.000000000000000000e+00,0.000000000000000000e+00,0.000000000000000000e+00,0.000000000000000000e+00,0.000000000000000000e+00,0.000000000000000000e+00,0.000000000000000000e+00,0.000000000000000000e+00,0.000000000000000000e+00,0.000000000000000000e+00,0.000000000000000000e+00,0.000000000000000000e+00,0.000000000000000000e+00,0.000000000000000000e+00,0.000000000000000000e+00,0.000000000000000000e+00,0.000000000000000000e+00,0.000000000000000000e+00,0.000000000000000000e+00,0.000000000000000000e+00,0.000000000000000000e+00,0.000000000000000000e+00,0.000000000000000000e+00,0.000000000000000000e+00,0.000000000000000000e+00,0.000000000000000000e+00,0.000000000000000000e+00,0.000000000000000000e+00,0.000000000000000000e+00,0.000000000000000000e+00,0.000000000000000000e+00,0.000000000000000000e+00,0.000000000000000000e+00,0.000000000000000000e+00,0.000000000000000000e+00,0.000000000000000000e+00,0.000000000000000000e+00,0.000000000000000000e+00,0.000000000000000000e+00,0.000000000000000000e+00,0.000000000000000000e+00,0.000000000000000000e+00,0.000000000000000000e+00,0.000000000000000000e+00,0.000000000000000000e+00,0.000000000000000000e+00,0.000000000000000000e+00,0.000000000000000000e+00,0.000000000000000000e+00,0.000000000000000000e+00,0.000000000000000000e+00,0.000000000000000000e+00,0.000000000000000000e+00,0.000000000000000000e+00,0.000000000000000000e+00,0.000000000000000000e+00,0.000000000000000000e+00,0.000000000000000000e+00,0.000000000000000000e+00,0.000000000000000000e+00,0.000000000000000000e+00,0.000000000000000000e+00,0.000000000000000000e+00,0.000000000000000000e+00,0.000000000000000000e+00,0.000000000000000000e+00,0.000000000000000000e+00,0.000000000000000000e+00,0.000000000000000000e+00,0.000000000000000000e+00,0.000000000000000000e+00,0.000000000000000000e+00,0.000000000000000000e+00,0.000000000000000000e+00,0.000000000000000000e+00,0.000000000000000000e+00,0.000000000000000000e+00,0.000000000000000000e+00,0.000000000000000000e+00,0.000000000000000000e+00,0.000000000000000000e+00,0.000000000000000000e+00,0.000000000000000000e+00,0.000000000000000000e+00,0.000000000000000000e+00,0.000000000000000000e+00,0.000000000000000000e+00,0.000000000000000000e+00,0.000000000000000000e+00,0.000000000000000000e+00,0.000000000000000000e+00,0.000000000000000000e+00,0.000000000000000000e+00,0.000000000000000000e+00,0.000000000000000000e+00,0.000000000000000000e+00,0.000000000000000000e+00,0.000000000000000000e+00,0.000000000000000000e+00,0.000000000000000000e+00,0.000000000000000000e+00,0.000000000000000000e+00,0.000000000000000000e+00,0.000000000000000000e+00,0.000000000000000000e+00,0.000000000000000000e+00,0.000000000000000000e+00,0.000000000000000000e+00,0.000000000000000000e+00,0.000000000000000000e+00,0.000000000000000000e+00,0.000000000000000000e+00,0.000000000000000000e+00,0.000000000000000000e+00,0.000000000000000000e+00,0.000000000000000000e+00,0.000000000000000000e+00,0.000000000000000000e+00,0.000000000000000000e+00,0.000000000000000000e+00,0.000000000000000000e+00,0.000000000000000000e+00,0.000000000000000000e+00,0.000000000000000000e+00,0.000000000000000000e+00,0.000000000000000000e+00,0.000000000000000000e+00,0.000000000000000000e+00,0.000000000000000000e+00,0.000000000000000000e+00,0.000000000000000000e+00,0.000000000000000000e+00,0.000000000000000000e+00,0.000000000000000000e+00,0.000000000000000000e+00,0.000000000000000000e+00,0.000000000000000000e+00,0.000000000000000000e+00,0.000000000000000000e+00,0.000000000000000000e+00,0.000000000000000000e+00,0.000000000000000000e+00,0.000000000000000000e+00,0.000000000000000000e+00,0.000000000000000000e+00,0.000000000000000000e+00,0.000000000000000000e+00,0.000000000000000000e+00,0.000000000000000000e+00,0.000000000000000000e+00,0.000000000000000000e+00,0.000000000000000000e+00,0.000000000000000000e+00,0.000000000000000000e+00,0.000000000000000000e+00,0.000000000000000000e+00,0.000000000000000000e+00,0.000000000000000000e+00,0.000000000000000000e+00,0.000000000000000000e+00,0.000000000000000000e+00,0.000000000000000000e+00,0.000000000000000000e+00,0.000000000000000000e+00,0.000000000000000000e+00,0.000000000000000000e+00,0.000000000000000000e+00,0.000000000000000000e+00,0.000000000000000000e+00,0.000000000000000000e+00,0.000000000000000000e+00,0.000000000000000000e+00,0.000000000000000000e+00,0.000000000000000000e+00,0.000000000000000000e+00,0.000000000000000000e+00,0.000000000000000000e+00,0.000000000000000000e+00,0.000000000000000000e+00,0.000000000000000000e+00,0.000000000000000000e+00,0.000000000000000000e+00,0.000000000000000000e+00,0.000000000000000000e+00,0.000000000000000000e+00,0.000000000000000000e+00,0.000000000000000000e+00,0.000000000000000000e+00,0.000000000000000000e+00,0.000000000000000000e+00,0.000000000000000000e+00,0.000000000000000000e+00,0.000000000000000000e+00,0.000000000000000000e+00,0.000000000000000000e+00,0.000000000000000000e+00,0.000000000000000000e+00,0.000000000000000000e+00,0.000000000000000000e+00,0.000000000000000000e+00,0.000000000000000000e+00,0.000000000000000000e+00,0.000000000000000000e+00,0.000000000000000000e+00,0.000000000000000000e+00,0.000000000000000000e+00,0.000000000000000000e+00,0.000000000000000000e+00,0.000000000000000000e+00,0.000000000000000000e+00,0.000000000000000000e+00,0.000000000000000000e+00,0.000000000000000000e+00,0.000000000000000000e+00,0.000000000000000000e+00,0.000000000000000000e+00,0.000000000000000000e+00,0.000000000000000000e+00,0.000000000000000000e+00,0.000000000000000000e+00,0.000000000000000000e+00,0.000000000000000000e+00,0.000000000000000000e+00,0.000000000000000000e+00,0.000000000000000000e+00,0.000000000000000000e+00,0.000000000000000000e+00,0.000000000000000000e+00,0.000000000000000000e+00,0.000000000000000000e+00,0.000000000000000000e+00,0.000000000000000000e+00,0.000000000000000000e+00,0.000000000000000000e+00,0.000000000000000000e+00,0.000000000000000000e+00,0.000000000000000000e+00,0.000000000000000000e+00,0.000000000000000000e+00,0.000000000000000000e+00,0.000000000000000000e+00,0.000000000000000000e+00,0.000000000000000000e+00,0.000000000000000000e+00,0.000000000000000000e+00,0.000000000000000000e+00,0.000000000000000000e+00,0.000000000000000000e+00,0.000000000000000000e+00,0.000000000000000000e+00,0.000000000000000000e+00,0.000000000000000000e+00,0.000000000000000000e+00,0.000000000000000000e+00,0.000000000000000000e+00,0.000000000000000000e+00,0.000000000000000000e+00,0.000000000000000000e+00,0.000000000000000000e+00,0.000000000000000000e+00,0.000000000000000000e+00,0.000000000000000000e+00,0.000000000000000000e+00,0.000000000000000000e+00,0.000000000000000000e+00,0.000000000000000000e+00,0.000000000000000000e+00,0.000000000000000000e+00,0.000000000000000000e+00,0.000000000000000000e+00,0.000000000000000000e+00,0.000000000000000000e+00,0.000000000000000000e+00,0.000000000000000000e+00,0.000000000000000000e+00,0.000000000000000000e+00,0.000000000000000000e+00,0.000000000000000000e+00,0.000000000000000000e+00,0.000000000000000000e+00,0.000000000000000000e+00
0.000000000000000000e+00,0.000000000000000000e+00,0.000000000000000000e+00,0.000000000000000000e+00,0.000000000000000000e+00,0.000000000000000000e+00,0.000000000000000000e+00,0.000000000000000000e+00,0.000000000000000000e+00,0.000000000000000000e+00,0.000000000000000000e+00,0.000000000000000000e+00,0.000000000000000000e+00,0.000000000000000000e+00,0.000000000000000000e+00,0.000000000000000000e+00,0.000000000000000000e+00,0.000000000000000000e+00,0.000000000000000000e+00,0.000000000000000000e+00,0.000000000000000000e+00,0.000000000000000000e+00,0.000000000000000000e+00,0.000000000000000000e+00,0.000000000000000000e+00,0.000000000000000000e+00,0.000000000000000000e+00,0.000000000000000000e+00,0.000000000000000000e+00,0.000000000000000000e+00,0.000000000000000000e+00,0.000000000000000000e+00,0.000000000000000000e+00,0.000000000000000000e+00,0.000000000000000000e+00,0.000000000000000000e+00,0.000000000000000000e+00,0.000000000000000000e+00,0.000000000000000000e+00,0.000000000000000000e+00,0.000000000000000000e+00,0.000000000000000000e+00,0.000000000000000000e+00,0.000000000000000000e+00,0.000000000000000000e+00,0.000000000000000000e+00,0.000000000000000000e+00,0.000000000000000000e+00,0.000000000000000000e+00,0.000000000000000000e+00,0.000000000000000000e+00,0.000000000000000000e+00,0.000000000000000000e+00,0.000000000000000000e+00,0.000000000000000000e+00,0.000000000000000000e+00,0.000000000000000000e+00,0.000000000000000000e+00,0.000000000000000000e+00,0.000000000000000000e+00,0.000000000000000000e+00,0.000000000000000000e+00,0.000000000000000000e+00,0.000000000000000000e+00,0.000000000000000000e+00,0.000000000000000000e+00,0.000000000000000000e+00,0.000000000000000000e+00,0.000000000000000000e+00,0.000000000000000000e+00,0.000000000000000000e+00,0.000000000000000000e+00,0.000000000000000000e+00,0.000000000000000000e+00,0.000000000000000000e+00,0.000000000000000000e+00,0.000000000000000000e+00,0.000000000000000000e+00,0.000000000000000000e+00,0.000000000000000000e+00,0.000000000000000000e+00,0.000000000000000000e+00,0.000000000000000000e+00,0.000000000000000000e+00,0.000000000000000000e+00,0.000000000000000000e+00,0.000000000000000000e+00,0.000000000000000000e+00,0.000000000000000000e+00,0.000000000000000000e+00,0.000000000000000000e+00,0.000000000000000000e+00,0.000000000000000000e+00,0.000000000000000000e+00,0.000000000000000000e+00,0.000000000000000000e+00,0.000000000000000000e+00,0.000000000000000000e+00,0.000000000000000000e+00,0.000000000000000000e+00,0.000000000000000000e+00,0.000000000000000000e+00,0.000000000000000000e+00,0.000000000000000000e+00,0.000000000000000000e+00,0.000000000000000000e+00,0.000000000000000000e+00,0.000000000000000000e+00,0.000000000000000000e+00,0.000000000000000000e+00,0.000000000000000000e+00,0.000000000000000000e+00,0.000000000000000000e+00,0.000000000000000000e+00,0.000000000000000000e+00,0.000000000000000000e+00,0.000000000000000000e+00,0.000000000000000000e+00,0.000000000000000000e+00,0.000000000000000000e+00,0.000000000000000000e+00,0.000000000000000000e+00,0.000000000000000000e+00,0.000000000000000000e+00,0.000000000000000000e+00,0.000000000000000000e+00,0.000000000000000000e+00,0.000000000000000000e+00,0.000000000000000000e+00,0.000000000000000000e+00,0.000000000000000000e+00,0.000000000000000000e+00,0.000000000000000000e+00,0.000000000000000000e+00,0.000000000000000000e+00,0.000000000000000000e+00,0.000000000000000000e+00,0.000000000000000000e+00,0.000000000000000000e+00,0.000000000000000000e+00,0.000000000000000000e+00,0.000000000000000000e+00,0.000000000000000000e+00,0.000000000000000000e+00,0.000000000000000000e+00,0.000000000000000000e+00,0.000000000000000000e+00,0.000000000000000000e+00,0.000000000000000000e+00,0.000000000000000000e+00,0.000000000000000000e+00,0.000000000000000000e+00,0.000000000000000000e+00,0.000000000000000000e+00,0.000000000000000000e+00,0.000000000000000000e+00,0.000000000000000000e+00,0.000000000000000000e+00,0.000000000000000000e+00,0.000000000000000000e+00,0.000000000000000000e+00,0.000000000000000000e+00,0.000000000000000000e+00,0.000000000000000000e+00,0.000000000000000000e+00,0.000000000000000000e+00,0.000000000000000000e+00,0.000000000000000000e+00,0.000000000000000000e+00,0.000000000000000000e+00,0.000000000000000000e+00,0.000000000000000000e+00,0.000000000000000000e+00,0.000000000000000000e+00,0.000000000000000000e+00,0.000000000000000000e+00,0.000000000000000000e+00,0.000000000000000000e+00,0.000000000000000000e+00,0.000000000000000000e+00,0.000000000000000000e+00,0.000000000000000000e+00,0.000000000000000000e+00,0.000000000000000000e+00,0.000000000000000000e+00,0.000000000000000000e+00,0.000000000000000000e+00,0.000000000000000000e+00,0.000000000000000000e+00,0.000000000000000000e+00,0.000000000000000000e+00,0.000000000000000000e+00,0.000000000000000000e+00,0.000000000000000000e+00,0.000000000000000000e+00,0.000000000000000000e+00,0.000000000000000000e+00,0.000000000000000000e+00,0.000000000000000000e+00,0.000000000000000000e+00,0.000000000000000000e+00,0.000000000000000000e+00,0.000000000000000000e+00,0.000000000000000000e+00,0.000000000000000000e+00,0.000000000000000000e+00,0.000000000000000000e+00,0.000000000000000000e+00,0.000000000000000000e+00,0.000000000000000000e+00,0.000000000000000000e+00,0.000000000000000000e+00,0.000000000000000000e+00,0.000000000000000000e+00,0.000000000000000000e+00,0.000000000000000000e+00,0.000000000000000000e+00,0.000000000000000000e+00,0.000000000000000000e+00,0.000000000000000000e+00,0.000000000000000000e+00,0.000000000000000000e+00,0.000000000000000000e+00,0.000000000000000000e+00,0.000000000000000000e+00,0.000000000000000000e+00,0.000000000000000000e+00,0.000000000000000000e+00,0.000000000000000000e+00,0.000000000000000000e+00,0.000000000000000000e+00,0.000000000000000000e+00,0.000000000000000000e+00,0.000000000000000000e+00,0.000000000000000000e+00,0.000000000000000000e+00,0.000000000000000000e+00,0.000000000000000000e+00,0.000000000000000000e+00,0.000000000000000000e+00,0.000000000000000000e+00,0.000000000000000000e+00,0.000000000000000000e+00,0.000000000000000000e+00,0.000000000000000000e+00,0.000000000000000000e+00,0.000000000000000000e+00,0.000000000000000000e+00,0.000000000000000000e+00,0.000000000000000000e+00,0.000000000000000000e+00,0.000000000000000000e+00,0.000000000000000000e+00,0.000000000000000000e+00,0.000000000000000000e+00,0.000000000000000000e+00,0.000000000000000000e+00,0.000000000000000000e+00,0.000000000000000000e+00,0.000000000000000000e+00,0.000000000000000000e+00,0.000000000000000000e+00,0.000000000000000000e+00,0.000000000000000000e+00,0.000000000000000000e+00,0.000000000000000000e+00,0.000000000000000000e+00,0.000000000000000000e+00,0.000000000000000000e+00,0.000000000000000000e+00,0.000000000000000000e+00,0.000000000000000000e+00,0.000000000000000000e+00,0.000000000000000000e+00,0.000000000000000000e+00,0.000000000000000000e+00,0.000000000000000000e+00,0.000000000000000000e+00,0.000000000000000000e+00,0.000000000000000000e+00,0.000000000000000000e+00,0.000000000000000000e+00,0.000000000000000000e+00,0.000000000000000000e+00,0.000000000000000000e+00,0.000000000000000000e+00,0.000000000000000000e+00,0.000000000000000000e+00,0.000000000000000000e+00,0.000000000000000000e+00,0.000000000000000000e+00,0.000000000000000000e+00,0.000000000000000000e+00,0.000000000000000000e+00,0.000000000000000000e+00,0.000000000000000000e+00,0.000000000000000000e+00,0.000000000000000000e+00,0.000000000000000000e+00,0.000000000000000000e+00,0.000000000000000000e+00,0.000000000000000000e+00,0.000000000000000000e+00,0.000000000000000000e+00,0.000000000000000000e+00,0.000000000000000000e+00,0.000000000000000000e+00,0.000000000000000000e+00,0.000000000000000000e+00,0.000000000000000000e+00,0.000000000000000000e+00,0.000000000000000000e+00,0.000000000000000000e+00,0.000000000000000000e+00,0.000000000000000000e+00,0.000000000000000000e+00,0.000000000000000000e+00,0.000000000000000000e+00,0.000000000000000000e+00,0.000000000000000000e+00,0.000000000000000000e+00,0.000000000000000000e+00,0.000000000000000000e+00,0.000000000000000000e+00,0.000000000000000000e+00,0.000000000000000000e+00,0.000000000000000000e+00,0.000000000000000000e+00,0.000000000000000000e+00,0.000000000000000000e+00,0.000000000000000000e+00,0.000000000000000000e+00,0.000000000000000000e+00,0.000000000000000000e+00,0.000000000000000000e+00,0.000000000000000000e+00,0.000000000000000000e+00,0.000000000000000000e+00,0.000000000000000000e+00,0.000000000000000000e+00,0.000000000000000000e+00,0.000000000000000000e+00,0.000000000000000000e+00,0.000000000000000000e+00,0.000000000000000000e+00,0.000000000000000000e+00,0.000000000000000000e+00,0.000000000000000000e+00,0.000000000000000000e+00,0.000000000000000000e+00
0.000000000000000000e+00,0.000000000000000000e+00,0.000000000000000000e+00,0.000000000000000000e+00,0.000000000000000000e+00,0.000000000000000000e+00,0.000000000000000000e+00,0.000000000000000000e+00,0.000000000000000000e+00,0.000000000000000000e+00,0.000000000000000000e+00,0.000000000000000000e+00,0.000000000000000000e+00,0.000000000000000000e+00,0.000000000000000000e+00,0.000000000000000000e+00,0.000000000000000000e+00,0.000000000000000000e+00,0.000000000000000000e+00,0.000000000000000000e+00,0.000000000000000000e+00,0.000000000000000000e+00,0.000000000000000000e+00,0.000000000000000000e+00,0.000000000000000000e+00,0.000000000000000000e+00,0.000000000000000000e+00,0.000000000000000000e+00,0.000000000000000000e+00,0.000000000000000000e+00,0.000000000000000000e+00,0.000000000000000000e+00,0.000000000000000000e+00,0.000000000000000000e+00,0.000000000000000000e+00,0.000000000000000000e+00,0.000000000000000000e+00,0.000000000000000000e+00,0.000000000000000000e+00,0.000000000000000000e+00,0.000000000000000000e+00,0.000000000000000000e+00,0.000000000000000000e+00,0.000000000000000000e+00,0.000000000000000000e+00,0.000000000000000000e+00,0.000000000000000000e+00,0.000000000000000000e+00,0.000000000000000000e+00,0.000000000000000000e+00,0.000000000000000000e+00,0.000000000000000000e+00,0.000000000000000000e+00,0.000000000000000000e+00,0.000000000000000000e+00,0.000000000000000000e+00,0.000000000000000000e+00,0.000000000000000000e+00,0.000000000000000000e+00,0.000000000000000000e+00,0.000000000000000000e+00,0.000000000000000000e+00,0.000000000000000000e+00,0.000000000000000000e+00,0.000000000000000000e+00,0.000000000000000000e+00,0.000000000000000000e+00,0.000000000000000000e+00,0.000000000000000000e+00,0.000000000000000000e+00,0.000000000000000000e+00,0.000000000000000000e+00,0.000000000000000000e+00,0.000000000000000000e+00,0.000000000000000000e+00,0.000000000000000000e+00,0.000000000000000000e+00,0.000000000000000000e+00,0.000000000000000000e+00,0.000000000000000000e+00,0.000000000000000000e+00,0.000000000000000000e+00,0.000000000000000000e+00,0.000000000000000000e+00,0.000000000000000000e+00,0.000000000000000000e+00,0.000000000000000000e+00,0.000000000000000000e+00,0.000000000000000000e+00,0.000000000000000000e+00,0.000000000000000000e+00,0.000000000000000000e+00,0.000000000000000000e+00,0.000000000000000000e+00,0.000000000000000000e+00,0.000000000000000000e+00,0.000000000000000000e+00,0.000000000000000000e+00,0.000000000000000000e+00,0.000000000000000000e+00,0.000000000000000000e+00,0.000000000000000000e+00,0.000000000000000000e+00,0.000000000000000000e+00,0.000000000000000000e+00,0.000000000000000000e+00,0.000000000000000000e+00,0.000000000000000000e+00,0.000000000000000000e+00,0.000000000000000000e+00,0.000000000000000000e+00,0.000000000000000000e+00,0.000000000000000000e+00,0.000000000000000000e+00,0.000000000000000000e+00,0.000000000000000000e+00,0.000000000000000000e+00,0.000000000000000000e+00,0.000000000000000000e+00,0.000000000000000000e+00,0.000000000000000000e+00,0.000000000000000000e+00,0.000000000000000000e+00,0.000000000000000000e+00,0.000000000000000000e+00,0.000000000000000000e+00,0.000000000000000000e+00,0.000000000000000000e+00,0.000000000000000000e+00,0.000000000000000000e+00,0.000000000000000000e+00,0.000000000000000000e+00,0.000000000000000000e+00,0.000000000000000000e+00,0.000000000000000000e+00,0.000000000000000000e+00,0.000000000000000000e+00,0.000000000000000000e+00,0.000000000000000000e+00,0.000000000000000000e+00,0.000000000000000000e+00,0.000000000000000000e+00,0.000000000000000000e+00,0.000000000000000000e+00,0.000000000000000000e+00,0.000000000000000000e+00,0.000000000000000000e+00,0.000000000000000000e+00,0.000000000000000000e+00,0.000000000000000000e+00,0.000000000000000000e+00,0.000000000000000000e+00,0.000000000000000000e+00,0.000000000000000000e+00,0.000000000000000000e+00,0.000000000000000000e+00,0.000000000000000000e+00,0.000000000000000000e+00,0.000000000000000000e+00,0.000000000000000000e+00,0.000000000000000000e+00,0.000000000000000000e+00,0.000000000000000000e+00,0.000000000000000000e+00,0.000000000000000000e+00,0.000000000000000000e+00,0.000000000000000000e+00,0.000000000000000000e+00,0.000000000000000000e+00,0.000000000000000000e+00,0.000000000000000000e+00,0.000000000000000000e+00,0.000000000000000000e+00,0.000000000000000000e+00,0.000000000000000000e+00,0.000000000000000000e+00,0.000000000000000000e+00,0.000000000000000000e+00,0.000000000000000000e+00,0.000000000000000000e+00,0.000000000000000000e+00,0.000000000000000000e+00,0.000000000000000000e+00,0.000000000000000000e+00,0.000000000000000000e+00,0.000000000000000000e+00,0.000000000000000000e+00,0.000000000000000000e+00,0.000000000000000000e+00,0.000000000000000000e+00,0.000000000000000000e+00,0.000000000000000000e+00,0.000000000000000000e+00,0.000000000000000000e+00,0.000000000000000000e+00,0.000000000000000000e+00,0.000000000000000000e+00,0.000000000000000000e+00,0.000000000000000000e+00,0.000000000000000000e+00,0.000000000000000000e+00,0.000000000000000000e+00,0.000000000000000000e+00,0.000000000000000000e+00,0.000000000000000000e+00,0.000000000000000000e+00,0.000000000000000000e+00,0.000000000000000000e+00,0.000000000000000000e+00,0.000000000000000000e+00,0.000000000000000000e+00,0.000000000000000000e+00,0.000000000000000000e+00,0.000000000000000000e+00,0.000000000000000000e+00,0.000000000000000000e+00,0.000000000000000000e+00,0.000000000000000000e+00,0.000000000000000000e+00,0.000000000000000000e+00,0.000000000000000000e+00,0.000000000000000000e+00,0.000000000000000000e+00,0.000000000000000000e+00,0.000000000000000000e+00,0.000000000000000000e+00,0.000000000000000000e+00,0.000000000000000000e+00,0.000000000000000000e+00,0.000000000000000000e+00,0.000000000000000000e+00,0.000000000000000000e+00,0.000000000000000000e+00,0.000000000000000000e+00,0.000000000000000000e+00,0.000000000000000000e+00,0.000000000000000000e+00,0.000000000000000000e+00,0.000000000000000000e+00,0.000000000000000000e+00,0.000000000000000000e+00,0.000000000000000000e+00,0.000000000000000000e+00,0.000000000000000000e+00,0.000000000000000000e+00,0.000000000000000000e+00,0.000000000000000000e+00,0.000000000000000000e+00,0.000000000000000000e+00,0.000000000000000000e+00,0.000000000000000000e+00,0.000000000000000000e+00,0.000000000000000000e+00,0.000000000000000000e+00,0.000000000000000000e+00,0.000000000000000000e+00,0.000000000000000000e+00,0.000000000000000000e+00,0.000000000000000000e+00,0.000000000000000000e+00,0.000000000000000000e+00,0.000000000000000000e+00,0.000000000000000000e+00,0.000000000000000000e+00,0.000000000000000000e+00,0.000000000000000000e+00,0.000000000000000000e+00,0.000000000000000000e+00,0.000000000000000000e+00,0.000000000000000000e+00,0.000000000000000000e+00,0.000000000000000000e+00,0.000000000000000000e+00,0.000000000000000000e+00,0.000000000000000000e+00,0.000000000000000000e+00,0.000000000000000000e+00,0.000000000000000000e+00,0.000000000000000000e+00,0.000000000000000000e+00,0.000000000000000000e+00,0.000000000000000000e+00,0.000000000000000000e+00,0.000000000000000000e+00,0.000000000000000000e+00,0.000000000000000000e+00,0.000000000000000000e+00,0.000000000000000000e+00,0.000000000000000000e+00,0.000000000000000000e+00,0.000000000000000000e+00,0.000000000000000000e+00,0.000000000000000000e+00,0.000000000000000000e+00,0.000000000000000000e+00,0.000000000000000000e+00,0.000000000000000000e+00,0.000000000000000000e+00,0.000000000000000000e+00,0.000000000000000000e+00,0.000000000000000000e+00,0.000000000000000000e+00,0.000000000000000000e+00,0.000000000000000000e+00,0.000000000000000000e+00,0.000000000000000000e+00,0.000000000000000000e+00,0.000000000000000000e+00,0.000000000000000000e+00,0.000000000000000000e+00,0.000000000000000000e+00,0.000000000000000000e+00,0.000000000000000000e+00,0.000000000000000000e+00,0.000000000000000000e+00,0.000000000000000000e+00,0.000000000000000000e+00,0.000000000000000000e+00,0.000000000000000000e+00,0.000000000000000000e+00,0.000000000000000000e+00,0.000000000000000000e+00,0.000000000000000000e+00,0.000000000000000000e+00,0.000000000000000000e+00,0.000000000000000000e+00,0.000000000000000000e+00,0.000000000000000000e+00,0.000000000000000000e+00,0.000000000000000000e+00,0.000000000000000000e+00,0.000000000000000000e+00,0.000000000000000000e+00,0.000000000000000000e+00,0.000000000000000000e+00,0.000000000000000000e+00,0.000000000000000000e+00,0.000000000000000000e+00,0.000000000000000000e+00,0.000000000000000000e+00,0.000000000000000000e+00,0.000000000000000000e+00,0.000000000000000000e+00,0.000000000000000000e+00,0.000000000000000000e+00,0.000000000000000000e+00,0.000000000000000000e+00,0.000000000000000000e+00,0.000000000000000000e+00,0.000000000000000000e+00
0.000000000000000000e+00,0.000000000000000000e+00,0.000000000000000000e+00,0.000000000000000000e+00,0.000000000000000000e+00,0.000000000000000000e+00,0.000000000000000000e+00,0.000000000000000000e+00,0.000000000000000000e+00,0.000000000000000000e+00,0.000000000000000000e+00,0.000000000000000000e+00,0.000000000000000000e+00,0.000000000000000000e+00,0.000000000000000000e+00,0.000000000000000000e+00,0.000000000000000000e+00,0.000000000000000000e+00,0.000000000000000000e+00,0.000000000000000000e+00,0.000000000000000000e+00,0.000000000000000000e+00,0.000000000000000000e+00,0.000000000000000000e+00,0.000000000000000000e+00,0.000000000000000000e+00,0.000000000000000000e+00,0.000000000000000000e+00,0.000000000000000000e+00,0.000000000000000000e+00,0.000000000000000000e+00,0.000000000000000000e+00,0.000000000000000000e+00,0.000000000000000000e+00,0.000000000000000000e+00,0.000000000000000000e+00,0.000000000000000000e+00,0.000000000000000000e+00,0.000000000000000000e+00,0.000000000000000000e+00,0.000000000000000000e+00,0.000000000000000000e+00,0.000000000000000000e+00,0.000000000000000000e+00,0.000000000000000000e+00,0.000000000000000000e+00,0.000000000000000000e+00,0.000000000000000000e+00,0.000000000000000000e+00,0.000000000000000000e+00,0.000000000000000000e+00,0.000000000000000000e+00,0.000000000000000000e+00,0.000000000000000000e+00,0.000000000000000000e+00,0.000000000000000000e+00,0.000000000000000000e+00,0.000000000000000000e+00,0.000000000000000000e+00,0.000000000000000000e+00,0.000000000000000000e+00,0.000000000000000000e+00,0.000000000000000000e+00,0.000000000000000000e+00,0.000000000000000000e+00,0.000000000000000000e+00,0.000000000000000000e+00,0.000000000000000000e+00,0.000000000000000000e+00,0.000000000000000000e+00,0.000000000000000000e+00,0.000000000000000000e+00,0.000000000000000000e+00,0.000000000000000000e+00,0.000000000000000000e+00,0.000000000000000000e+00,0.000000000000000000e+00,0.000000000000000000e+00,0.000000000000000000e+00,0.000000000000000000e+00,0.000000000000000000e+00,0.000000000000000000e+00,0.000000000000000000e+00,0.000000000000000000e+00,0.000000000000000000e+00,0.000000000000000000e+00,0.000000000000000000e+00,0.000000000000000000e+00,0.000000000000000000e+00,0.000000000000000000e+00,0.000000000000000000e+00,0.000000000000000000e+00,0.000000000000000000e+00,0.000000000000000000e+00,0.000000000000000000e+00,0.000000000000000000e+00,0.000000000000000000e+00,0.000000000000000000e+00,0.000000000000000000e+00,0.000000000000000000e+00,0.000000000000000000e+00,0.000000000000000000e+00,0.000000000000000000e+00,0.000000000000000000e+00,0.000000000000000000e+00,0.000000000000000000e+00,0.000000000000000000e+00,0.000000000000000000e+00,0.000000000000000000e+00,0.000000000000000000e+00,0.000000000000000000e+00,0.000000000000000000e+00,0.000000000000000000e+00,0.000000000000000000e+00,0.000000000000000000e+00,0.000000000000000000e+00,0.000000000000000000e+00,0.000000000000000000e+00,0.000000000000000000e+00,0.000000000000000000e+00,0.000000000000000000e+00,0.000000000000000000e+00,0.000000000000000000e+00,0.000000000000000000e+00,0.000000000000000000e+00,0.000000000000000000e+00,0.000000000000000000e+00,0.000000000000000000e+00,0.000000000000000000e+00,0.000000000000000000e+00,0.000000000000000000e+00,0.000000000000000000e+00,0.000000000000000000e+00,0.000000000000000000e+00,0.000000000000000000e+00,0.000000000000000000e+00,0.000000000000000000e+00,0.000000000000000000e+00,0.000000000000000000e+00,0.000000000000000000e+00,0.000000000000000000e+00,0.000000000000000000e+00,0.000000000000000000e+00,0.000000000000000000e+00,0.000000000000000000e+00,0.000000000000000000e+00,0.000000000000000000e+00,0.000000000000000000e+00,0.000000000000000000e+00,0.000000000000000000e+00,0.000000000000000000e+00,0.000000000000000000e+00,0.000000000000000000e+00,0.000000000000000000e+00,0.000000000000000000e+00,0.000000000000000000e+00,0.000000000000000000e+00,0.000000000000000000e+00,0.000000000000000000e+00,0.000000000000000000e+00,0.000000000000000000e+00,0.000000000000000000e+00,0.000000000000000000e+00,0.000000000000000000e+00,0.000000000000000000e+00,0.000000000000000000e+00,0.000000000000000000e+00,0.000000000000000000e+00,0.000000000000000000e+00,0.000000000000000000e+00,0.000000000000000000e+00,0.000000000000000000e+00,0.000000000000000000e+00,0.000000000000000000e+00,0.000000000000000000e+00,0.000000000000000000e+00,0.000000000000000000e+00,0.000000000000000000e+00,0.000000000000000000e+00,0.000000000000000000e+00,0.000000000000000000e+00,0.000000000000000000e+00,0.000000000000000000e+00,0.000000000000000000e+00,0.000000000000000000e+00,0.000000000000000000e+00,0.000000000000000000e+00,0.000000000000000000e+00,0.000000000000000000e+00,0.000000000000000000e+00,0.000000000000000000e+00,0.000000000000000000e+00,0.000000000000000000e+00,0.000000000000000000e+00,0.000000000000000000e+00,0.000000000000000000e+00,0.000000000000000000e+00,0.000000000000000000e+00,0.000000000000000000e+00,0.000000000000000000e+00,0.000000000000000000e+00,0.000000000000000000e+00,0.000000000000000000e+00,0.000000000000000000e+00,0.000000000000000000e+00,0.000000000000000000e+00,0.000000000000000000e+00,0.000000000000000000e+00,0.000000000000000000e+00,0.000000000000000000e+00,0.000000000000000000e+00,0.000000000000000000e+00,0.000000000000000000e+00,0.000000000000000000e+00,0.000000000000000000e+00,0.000000000000000000e+00,0.000000000000000000e+00,0.000000000000000000e+00,0.000000000000000000e+00,0.000000000000000000e+00,0.000000000000000000e+00,0.000000000000000000e+00,0.000000000000000000e+00,0.000000000000000000e+00,0.000000000000000000e+00,0.000000000000000000e+00,0.000000000000000000e+00,0.000000000000000000e+00,0.000000000000000000e+00,0.000000000000000000e+00,0.000000000000000000e+00,0.000000000000000000e+00,0.000000000000000000e+00,0.000000000000000000e+00,0.000000000000000000e+00,0.000000000000000000e+00,0.000000000000000000e+00,0.000000000000000000e+00,0.000000000000000000e+00,0.000000000000000000e+00,0.000000000000000000e+00,0.000000000000000000e+00,0.000000000000000000e+00,0.000000000000000000e+00,0.000000000000000000e+00,0.000000000000000000e+00,0.000000000000000000e+00,0.000000000000000000e+00,0.000000000000000000e+00,0.000000000000000000e+00,0.000000000000000000e+00,0.000000000000000000e+00,0.000000000000000000e+00,0.000000000000000000e+00,0.000000000000000000e+00,0.000000000000000000e+00,0.000000000000000000e+00,0.000000000000000000e+00,0.000000000000000000e+00,0.000000000000000000e+00,0.000000000000000000e+00,0.000000000000000000e+00,0.000000000000000000e+00,0.000000000000000000e+00,0.000000000000000000e+00,0.000000000000000000e+00,0.000000000000000000e+00,0.000000000000000000e+00,0.000000000000000000e+00,0.000000000000000000e+00,0.000000000000000000e+00,0.000000000000000000e+00,0.000000000000000000e+00,0.000000000000000000e+00,0.000000000000000000e+00,0.000000000000000000e+00,0.000000000000000000e+00,0.000000000000000000e+00,0.000000000000000000e+00,0.000000000000000000e+00,0.000000000000000000e+00,0.000000000000000000e+00,0.000000000000000000e+00,0.000000000000000000e+00,0.000000000000000000e+00,0.000000000000000000e+00,0.000000000000000000e+00,0.000000000000000000e+00,0.000000000000000000e+00,0.000000000000000000e+00,0.000000000000000000e+00,0.000000000000000000e+00,0.000000000000000000e+00,0.000000000000000000e+00,0.000000000000000000e+00,0.000000000000000000e+00,0.000000000000000000e+00,0.000000000000000000e+00,0.000000000000000000e+00,0.000000000000000000e+00,0.000000000000000000e+00,0.000000000000000000e+00,0.000000000000000000e+00,0.000000000000000000e+00,0.000000000000000000e+00,0.000000000000000000e+00,0.000000000000000000e+00,0.000000000000000000e+00,0.000000000000000000e+00,0.000000000000000000e+00,0.000000000000000000e+00,0.000000000000000000e+00,0.000000000000000000e+00,0.000000000000000000e+00,0.000000000000000000e+00,0.000000000000000000e+00,0.000000000000000000e+00,0.000000000000000000e+00,0.000000000000000000e+00,0.000000000000000000e+00,0.000000000000000000e+00,0.000000000000000000e+00,0.000000000000000000e+00,0.000000000000000000e+00,0.000000000000000000e+00,0.000000000000000000e+00,0.000000000000000000e+00,0.000000000000000000e+00,0.000000000000000000e+00,0.000000000000000000e+00,0.000000000000000000e+00,0.000000000000000000e+00,0.000000000000000000e+00,0.000000000000000000e+00,0.000000000000000000e+00,0.000000000000000000e+00,0.000000000000000000e+00,0.000000000000000000e+00,0.000000000000000000e+00,0.000000000000000000e+00,0.000000000000000000e+00,0.000000000000000000e+00,0.000000000000000000e+00,0.000000000000000000e+00,0.000000000000000000e+00,0.000000000000000000e+00,0.000000000000000000e+00,0.000000000000000000e+00,0.000000000000000000e+00,0.000000000000000000e+00
0.000000000000000000e+00,0.000000000000000000e+00,0.000000000000000000e+00,0.000000000000000000e+00,0.000000000000000000e+00,0.000000000000000000e+00,0.000000000000000000e+00,0.000000000000000000e+00,0.000000000000000000e+00,0.000000000000000000e+00,0.000000000000000000e+00,0.000000000000000000e+00,0.000000000000000000e+00,0.000000000000000000e+00,0.000000000000000000e+00,0.000000000000000000e+00,0.000000000000000000e+00,0.000000000000000000e+00,0.000000000000000000e+00,0.000000000000000000e+00,0.000000000000000000e+00,0.000000000000000000e+00,0.000000000000000000e+00,0.000000000000000000e+00,0.000000000000000000e+00,0.000000000000000000e+00,0.000000000000000000e+00,0.000000000000000000e+00,0.000000000000000000e+00,0.000000000000000000e+00,0.000000000000000000e+00,0.000000000000000000e+00,0.000000000000000000e+00,0.000000000000000000e+00,0.000000000000000000e+00,0.000000000000000000e+00,0.000000000000000000e+00,0.000000000000000000e+00,0.000000000000000000e+00,0.000000000000000000e+00,0.000000000000000000e+00,0.000000000000000000e+00,0.000000000000000000e+00,0.000000000000000000e+00,0.000000000000000000e+00,0.000000000000000000e+00,0.000000000000000000e+00,0.000000000000000000e+00,0.000000000000000000e+00,0.000000000000000000e+00,0.000000000000000000e+00,0.000000000000000000e+00,0.000000000000000000e+00,0.000000000000000000e+00,0.000000000000000000e+00,0.000000000000000000e+00,0.000000000000000000e+00,0.000000000000000000e+00,0.000000000000000000e+00,0.000000000000000000e+00,0.000000000000000000e+00,0.000000000000000000e+00,0.000000000000000000e+00,0.000000000000000000e+00,0.000000000000000000e+00,0.000000000000000000e+00,0.000000000000000000e+00,0.000000000000000000e+00,0.000000000000000000e+00,0.000000000000000000e+00,0.000000000000000000e+00,0.000000000000000000e+00,0.000000000000000000e+00,0.000000000000000000e+00,0.000000000000000000e+00,0.000000000000000000e+00,0.000000000000000000e+00,0.000000000000000000e+00,0.000000000000000000e+00,0.000000000000000000e+00,0.000000000000000000e+00,0.000000000000000000e+00,0.000000000000000000e+00,0.000000000000000000e+00,0.000000000000000000e+00,0.000000000000000000e+00,0.000000000000000000e+00,0.000000000000000000e+00,0.000000000000000000e+00,0.000000000000000000e+00,0.000000000000000000e+00,0.000000000000000000e+00,0.000000000000000000e+00,0.000000000000000000e+00,0.000000000000000000e+00,0.000000000000000000e+00,0.000000000000000000e+00,0.000000000000000000e+00,0.000000000000000000e+00,0.000000000000000000e+00,0.000000000000000000e+00,0.000000000000000000e+00,0.000000000000000000e+00,0.000000000000000000e+00,0.000000000000000000e+00,0.000000000000000000e+00,0.000000000000000000e+00,0.000000000000000000e+00,0.000000000000000000e+00,0.000000000000000000e+00,0.000000000000000000e+00,0.000000000000000000e+00,0.000000000000000000e+00,0.000000000000000000e+00,0.000000000000000000e+00,0.000000000000000000e+00,0.000000000000000000e+00,0.000000000000000000e+00,0.000000000000000000e+00,0.000000000000000000e+00,0.000000000000000000e+00,0.000000000000000000e+00,0.000000000000000000e+00,0.000000000000000000e+00,0.000000000000000000e+00,0.000000000000000000e+00,0.000000000000000000e+00,0.000000000000000000e+00,0.000000000000000000e+00,0.000000000000000000e+00,0.000000000000000000e+00,0.000000000000000000e+00,0.000000000000000000e+00,0.000000000000000000e+00,0.000000000000000000e+00,0.000000000000000000e+00,0.000000000000000000e+00,0.000000000000000000e+00,0.000000000000000000e+00,0.000000000000000000e+00,0.000000000000000000e+00,0.000000000000000000e+00,0.000000000000000000e+00,0.000000000000000000e+00,0.000000000000000000e+00,0.000000000000000000e+00,0.000000000000000000e+00,0.000000000000000000e+00,0.000000000000000000e+00,0.000000000000000000e+00,0.000000000000000000e+00,0.000000000000000000e+00,0.000000000000000000e+00,0.000000000000000000e+00,0.000000000000000000e+00,0.000000000000000000e+00,0.000000000000000000e+00,0.000000000000000000e+00,0.000000000000000000e+00,0.000000000000000000e+00,0.000000000000000000e+00,0.000000000000000000e+00,0.000000000000000000e+00,0.000000000000000000e+00,0.000000000000000000e+00,0.000000000000000000e+00,0.000000000000000000e+00,0.000000000000000000e+00,0.000000000000000000e+00,0.000000000000000000e+00,0.000000000000000000e+00,0.000000000000000000e+00,0.000000000000000000e+00,0.000000000000000000e+00,0.000000000000000000e+00,0.000000000000000000e+00,-2.882716703910129442e-05,3.055467910442959085e-05,4.444332914931846569e-05,4.110077352330107213e-05,3.480045027508941628e-05,2.820626497088471853e-05,2.248028716364768359e-05,1.686199751603135755e-05,1.119540331908706172e-05,5.089155021785056091e-06,-1.228098636595522681e-06,-7.493455102500257123e-06,-1.311509606253498720e-05,-1.756861283872663654e-05,-2.033509987999611033e-05,-2.110656502213965882e-05,-1.975126187675214692e-05,-1.641712109335888710e-05,-1.156509282717201879e-05,-5.993345966682058829e-06,-6.495277953338806036e-07,3.664784804572631946e-06,6.535973640700239454e-06,7.961312988050985888e-06,8.217257552177236824e-06,7.687001197697727561e-06,6.736684267713179735e-06,5.650832098619953086e-06,4.616644970900947708e-06,3.733377440089331080e-06,3.033640813333051009e-06,2.504971370437638482e-06,2.108789847386200596e-06,1.794038890753885515e-06,1.507183460800801550e-06,1.198686163442759527e-06,8.279334245612390106e-07,3.665073763702002246e-07,-1.993172019895989405e-07,-8.675720077247923885e-07,-1.620837807814682681e-06,-2.428345070337005948e-06,-3.249497159256644569e-06,-4.038804627322676497e-06,-4.751388340058974244e-06,-5.348595424872179920e-06,-5.802829471858879995e-06,-6.101102908498427094e-06,-6.246606910171518577e-06,-6.257999319758819355e-06,-6.166236093673362282e-06,-6.009449125340767089e-06,-5.826808695720696017e-06,-5.652755571912512184e-06,-5.512804886946195214e-06,-5.421660320702936721e-06,-5.383621803075684092e-06,-5.394733595757449252e-06,-5.445819404668446319e-06,-5.525601124576865364e-06,-5.623291905099808200e-06,-5.730338557828791251e-06,-5.841230176263640128e-06,-5.953489983092826791e-06,-6.067085144131149719e-06,-6.183543061201549366e-06,-6.305041809942169280e-06,-6.433671762812909137e-06,-6.570962606712487212e-06,-6.717673062204001086e-06,-6.873772982346290553e-06,-7.038524950019150264e-06,-7.210586025558011399e-06,-7.388083784787940628e-06,-7.568652706007472759e-06,-7.749437861776811259e-06,-7.927079472561786931e-06,-8.097691077442813705e-06,-8.256839568550179920e-06,-8.399532706411299356e-06,-8.520217642079397070e-06,-8.612794329065603561e-06,-8.670647396471556820e-06,-8.686701146100170022e-06,-8.653502007967505178e-06,-8.563333583769618568e-06,-8.408368590216613032e-06,-8.180862263663834019e-06,-7.873390260134420428e-06,-7.479133546419748477e-06,-6.992210249386062330e-06,-6.408052786748616340e-06,-5.723824824849475360e-06,-4.938869668527698065e-06,-4.055176634063978402e-06,-3.077847872075668423e-06,-2.015542141408090619e-06,-8.808674163801785317e-07,3.093117672576413886e-07,1.533690322183819988e-06,2.766504642033786669e-06,3.977725032218005325e-06,5.133504038498614937e-06,6.196923015036141272e-06,7.129073577718494252e-06,7.890498138472110657e-06,8.442995618654538229e-06,8.751770204746710916e-06,8.787863883087532942e-06,8.530764355584317314e-06,7.971022839020068697e-06,7.112653039611890784e-06,5.975023904274452933e-06,4.593913998542502081e-06,3.021381740411532472e-06,1.324137132732280281e-06,-4.198040739889521447e-07,-2.126230964411930497e-06,-3.711400184566169508e-06,-5.099702690205945766e-06,-6.231422292556981059e-06,-7.069388562973772198e-06,-7.603262637961700457e-06,-7.850473360939185451e-06,-7.853446308777054378e-06,-7.673590088122166862e-06,-7.383260491809252777e-06,-7.057368643076407711e-06,-6.766302162242355529e-06,-6.571409349838640777e-06,-6.523581972096480368e-06,-6.664663877969321687e-06,-7.030753684479266281e-06,-7.656165859432415818e-06,-8.576814357314808344e-06,-9.831802443283380069e-06,-1.146226619171994688e-05,-1.350814530658846610e-05,-1.600625094759901366e-05,-1.899275830691909918e-05,-2.250759642994936378e-05,-2.659380425529443638e-05,-3.128999295789896033e-05,-3.662277524646667497e-05,-4.260559576989095010e-05,-4.924165099768295067e-05,-5.652445061189487370e-05,-6.443573273969117703e-05,-7.294933831026571586e-05,-8.204752206257553840e-05,-9.174346290435409553e-05,-1.020929847337849635e-04,-1.131782672928750009e-04,-1.250490824065679670e-04,-1.376185687997076611e-04,-1.505155911638392263e-04,-1.629170118408083620e-04,-1.733951666758265855e-04,-1.798572587388412071e-04,-1.796280788542363276e-04,-1.697485140631486587e-04,-1.474219784512110414e-04,-1.106085260440485129e-04,-5.852097594081271081e-05,7.847945214120646896e-06,8.552798511747970625e-05,1.690150444944117972e-04,2.501182387437546036e-04,3.166437902276448462e-04,3.530293912647390164e-04,3.412973454915794189e-04,2.725311011983756987e-04,1.583142653374444556e-04,3.664762861241418687e-05
0.000000000000000000e+00,0.000000000000000000e+00,0.000000000000000000e+00,0.000000000000000000e+00,0.000000000000000000e+00,0.000000000000000000e+00,0.000000000000000000e+00,0.000000000000000000e+00,0.000000000000000000e+00,0.000000000000000000e+00,0.000000000000000000e+00,0.000000000000000000e+00,0.000000000000000000e+00,0.000000000000000000e+00,0.000000000000000000e+00,0.000000000000000000e+00,0.000000000000000000e+00,0.000000000000000000e+00,0.000000000000000000e+00,0.000000000000000000e+00,0.000000000000000000e+00,0.000000000000000000e+00,0.000000000000000000e+00,0.000000000000000000e+00,0.000000000000000000e+00,0.000000000000000000e+00,0.000000000000000000e+00,0.000000000000000000e+00,0.000000000000000000e+00,0.000000000000000000e+00,0.000000000000000000e+00,0.000000000000000000e+00,0.000000000000000000e+00,0.000000000000000000e+00,0.000000000000000000e+00,0.000000000000000000e+00,0.000000000000000000e+00,0.000000000000000000e+00,0.000000000000000000e+00,0.000000000000000000e+00,0.000000000000000000e+00,0.000000000000000000e+00,0.000000000000000000e+00,0.000000000000000000e+00,0.000000000000000000e+00,0.000000000000000000e+00,0.000000000000000000e+00,0.000000000000000000e+00,0.000000000000000000e+00,0.000000000000000000e+00,0.000000000000000000e+00,0.000000000000000000e+00,0.000000000000000000e+00,0.000000000000000000e+00,0.000000000000000000e+00,0.000000000000000000e+00,0.000000000000000000e+00,0.000000000000000000e+00,0.000000000000000000e+00,0.000000000000000000e+00,0.000000000000000000e+00,0.000000000000000000e+00,0.000000000000000000e+00,0.000000000000000000e+00,0.000000000000000000e+00,0.000000000000000000e+00,0.000000000000000000e+00,0.000000000000000000e+00,0.000000000000000000e+00,0.000000000000000000e+00,0.000000000000000000e+00,0.000000000000000000e+00,0.000000000000000000e+00,0.000000000000000000e+00,0.000000000000000000e+00,0.000000000000000000e+00,0.000000000000000000e+00,0.000000000000000000e+00,0.000000000000000000e+00,0.000000000000000000e+00,0.000000000000000000e+00,0.000000000000000000e+00,0.000000000000000000e+00,0.000000000000000000e+00,0.000000000000000000e+00,0.000000000000000000e+00,0.000000000000000000e+00,0.000000000000000000e+00,0.000000000000000000e+00,0.000000000000000000e+00,0.000000000000000000e+00,0.000000000000000000e+00,0.000000000000000000e+00,0.000000000000000000e+00,0.000000000000000000e+00,0.000000000000000000e+00,0.000000000000000000e+00,0.000000000000000000e+00,0.000000000000000000e+00,0.000000000000000000e+00,0.000000000000000000e+00,0.000000000000000000e+00,0.000000000000000000e+00,0.000000000000000000e+00,0.000000000000000000e+00,0.000000000000000000e+00,0.000000000000000000e+00,0.000000000000000000e+00,0.000000000000000000e+00,0.000000000000000000e+00,0.000000000000000000e+00,0.000000000000000000e+00,0.000000000000000000e+00,0.000000000000000000e+00,0.000000000000000000e+00,0.000000000000000000e+00,0.000000000000000000e+00,0.000000000000000000e+00,0.000000000000000000e+00,0.000000000000000000e+00,0.000000000000000000e+00,0.000000000000000000e+00,0.000000000000000000e+00,0.000000000000000000e+00,0.000000000000000000e+00,0.000000000000000000e+00,0.000000000000000000e+00,0.000000000000000000e+00,0.000000000000000000e+00,0.000000000000000000e+00,0.000000000000000000e+00,0.000000000000000000e+00,0.000000000000000000e+00,0.000000000000000000e+00,0.000000000000000000e+00,0.000000000000000000e+00,0.000000000000000000e+00,0.000000000000000000e+00,0.000000000000000000e+00,0.000000000000000000e+00,0.000000000000000000e+00,0.000000000000000000e+00,0.000000000000000000e+00,0.000000000000000000e+00,0.000000000000000000e+00,0.000000000000000000e+00,0.000000000000000000e+00,0.000000000000000000e+00,0.000000000000000000e+00,0.000000000000000000e+00,0.000000000000000000e+00,0.000000000000000000e+00,0.000000000000000000e+00,0.000000000000000000e+00,0.000000000000000000e+00,0.000000000000000000e+00,0.000000000000000000e+00,0.000000000000000000e+00,0.000000000000000000e+00,0.000000000000000000e+00,0.000000000000000000e+00,0.000000000000000000e+00,0.000000000000000000e+00,0.000000000000000000e+00,0.000000000000000000e+00,0.000000000000000000e+00,0.000000000000000000e+00,0.000000000000000000e+00,0.000000000000000000e+00,0.000000000000000000e+00,0.000000000000000000e+00,0.000000000000000000e+00,0.000000000000000000e+00,0.000000000000000000e+00,0.000000000000000000e+00,-6.653183037759822626e-04,-1.972769849307382591e-04,1.100194530258231994e-04,1.943866176023684492e-04,1.940257775512393642e-04,1.702312714532924515e-04,1.430088866409466402e-04,1.158055887455008038e-04,8.832021961916631267e-05,5.849288514931287673e-05,2.589992981879022789e-05,-9.003727753934429872e-06,-4.403875290099427682e-05,-7.616366239054347996e-05,-1.017694587312817145e-04,-1.176212151489277035e-04,-1.214515581315989888e-04,-1.125691918991764937e-04,-9.219425559232454566e-05,-6.361384988956526139e-05,-3.172282066899678813e-05,-1.787296263178177106e-06,2.212806109618612306e-05,3.811984341168231014e-05,4.637304955190217772e-05,4.840581993620565054e-05,4.622691691845182442e-05,4.173609629858507445e-05,3.642129133404079720e-05,3.127614669041730352e-05,2.684504045728232133e-05,2.332266222280687923e-05,2.066287707926609069e-05,1.867373566842347310e-05,1.709090588721370640e-05,1.563084319740729348e-05,1.402849957577095104e-05,1.206471012496042161e-05,9.586361835075361335e-06,6.520480360661897368e-06,2.881422942815270543e-06,-1.230139740309871161e-06,-5.637675805800659208e-06,-1.010859024999814338e-05,-1.438190878344272177e-05,-1.820073804612741601e-05,-2.134542794684515270e-05,-2.366272038133283796e-05,-2.508632698013784772e-05,-2.564501367224485747e-05,-2.545594734566184337e-05,-2.470366559140877441e-05,-2.360844783958813181e-05,-2.239076777362684830e-05,-2.123965400029304980e-05,-2.029131629171736822e-05,-1.962101665376643692e-05,-1.924731810928472661e-05,-1.914509166815901915e-05,-1.926258433261264743e-05,-1.953827561497788052e-05,-1.991448663806007888e-05,-2.034618538836518306e-05,-2.080474687962664636e-05,-2.127742663069679389e-05,-2.176390533093666403e-05,-2.227146784718483875e-05,-2.281021408181052021e-05,-2.338926955585495825e-05,-2.401441305739878505e-05,-2.468704507363534464e-05,-2.540410708406896741e-05,-2.615847617504929394e-05,-2.693944975561119283e-05,-2.773310726429584124e-05,-2.852249298173162802e-05,-2.928766008068522256e-05,-3.000564640339858596e-05,-3.065044537091239732e-05,-3.119301548041349820e-05,-3.160135703399293759e-05,-3.184067640078491057e-05,-3.187365634680065123e-05,-3.166085033155844702e-05,-3.116121927391544001e-05,-3.033282786843129923e-05,-2.913371594581940101e-05,-2.752295624581218363e-05,-2.546190554090208192e-05,-2.291564902638926944e-05,-1.985463049558405950e-05,-1.625645071807924107e-05,-1.210780591690205558e-05,-7.406525001236598855e-06,-2.163650671334562371e-06,3.594506510980340009e-06,9.824427954013243238e-06,1.646366551384968857e-05,2.342946035831018037e-05,3.061784175226468763e-05,3.790336078682837045e-05,4.513962842740608334e-05,5.216083662962373577e-05,5.878444552448432788e-05,6.481521312420210595e-05,7.005072387024721290e-05,7.428852983043996957e-05,7.733494723897085658e-05,7.901543999704629972e-05,7.918636370532426412e-05,7.774763065154544376e-05,7.465559001046973031e-05,6.993510772470948355e-05,6.368950552491440252e-05,5.610672272987958606e-05,4.745986803898993812e-05,3.810032446266875972e-05,2.844188258099014115e-05,1.893514544273101704e-05,1.003279335184694827e-05,2.148216534680057000e-06,-4.387746944421217174e-06,-9.365327982475084691e-06,-1.272228446919444280e-05,-1.455231931124683541e-05,-1.509292056738601633e-05,-1.469478858913975907e-05,-1.377943561246625072e-05,-1.279417463544464300e-05,-1.217375747134479642e-05,-1.231550401627381381e-05,-1.357069606289310037e-05,-1.625046039407083715e-05,-2.064069112870172234e-05,-2.701893081463546694e-05,-3.566650257079068197e-05,-4.687009129718863726e-05,-6.090866690378152090e-05,-7.802852142771610113e-05,-9.842084494472663574e-05,-1.222170702808589445e-04,-1.494959562677084961e-04,-1.802778923553590210e-04,-2.144988386000315711e-04,-2.519875497240054232e-04,-2.924647999273175111e-04,-3.355452732126041520e-04,-3.807067054736738062e-04,-4.272285805629203121e-04,-4.741561507152361812e-04,-5.203465866763394348e-04,-5.645931489020447266e-04,-6.057618597757714277e-04,-6.428502109316303840e-04,-6.749003088660670332e-04,-7.007478963280101229e-04,-7.186368733047154714e-04,-7.257601922597857729e-04,-7.178399156665498087e-04,-6.888850433625938723e-04,-6.313051214265670173e-04,-5.364982058707586446e-04,-3.960090484674165046e-04,-2.031991125850522739e-04,4.458539356588170149e-05,3.435690194728880948e-04,6.809099389092261329e-04,1.032421409801395672e-03,1.360950504040472865e-03,1.616514216370576072e-03,1.739284680420020686e-03,1.669655083251500235e-03,1.374306739406669624e-03,8.850903073223916539e-04,3.022552602804619770e-04
0.000000000000000000e+00,0.000000000000000000e+00,0.000000000000000000e+00,0.000000000000000000e+00,0.000000000000000000e+00,0.000000000000000000e+00,0.000000000000000000e+00,0.000000000000000000e+00,0.000000000000000000e+00,0.000000000000000000e+00,0.000000000000000000e+00,0.000000000000000000e+00,0.000000000000000000e+00,0.000000000000000000e+00,0.000000000000000000e+00,0.000000000000000000e+00,0.000000000000000000e+00,0.000000000000000000e+00,0.000000000000000000e+00,0.000000000000000000e+00,0.000000000000000000e+00,0.000000000000000000e+00,0.000000000000000000e+00,0.000000000000000000e+00,0.000000000000000000e+00,0.000000000000000000e+00,0.000000000000000000e+00,0.000000000000000000e+00,0.000000000000000000e+00,0.000000000000000000e+00,0.000000000000000000e+00,0.000000000000000000e+00,0.000000000000000000e+00,0.000000000000000000e+00,0.000000000000000000e+00,0.000000000000000000e+00,0.000000000000000000e+00,0.000000000000000000e+00,0.000000000000000000e+00,0.000000000000000000e+00,0.000000000000000000e+00,0.000000000000000000e+00,0.000000000000000000e+00,0.000000000000000000e+00,0.000000000000000000e+00,0.000000000000000000e+00,0.000000000000000000e+00,0.000000000000000000e+00,0.000000000000000000e+00,0.000000000000000000e+00,0.000000000000000000e+00,0.000000000000000000e+00,0.000000000000000000e+00,0.000000000000000000e+00,0.000000000000000000e+00,0.000000000000000000e+00,0.000000000000000000e+00,0.000000000000000000e+00,0.000000000000000000e+00,0.000000000000000000e+00,0.000000000000000000e+00,0.000000000000000000e+00,0.000000000000000000e+00,0.000000000000000000e+00,0.000000000000000000e+00,0.000000000000000000e+00,0.000000000000000000e+00,0.000000000000000000e+00,0.000000000000000000e+00,0.000000000000000000e+00,0.000000000000000000e+00,0.000000000000000000e+00,0.000000000000000000e+00,0.000000000000000000e+00,0.000000000000000000e+00,0.000000000000000000e+00,0.000000000000000000e+00,0.000000000000000000e+00,0.000000000000000000e+00,0.000000000000000000e+00,0.000000000000000000e+00,0.000000000000000000e+00,0.000000000000000000e+00,0.000000000000000000e+00,0.000000000000000000e+00,0.000000000000000000e+00,0.000000000000000000e+00,0.000000000000000000e+00,0.000000000000000000e+00,0.000000000000000000e+00,0.000000000000000000e+00,0.000000000000000000e+00,0.000000000000000000e+00,0.000000000000000000e+00,0.000000000000000000e+00,0.000000000000000000e+00,0.000000000000000000e+00,0.000000000000000000e+00,0.000000000000000000e+00,0.000000000000000000e+00,0.000000000000000000e+00,0.000000000000000000e+00,0.000000000000000000e+00,0.000000000000000000e+00,0.000000000000000000e+00,0.000000000000000000e+00,0.000000000000000000e+00,0.000000000000000000e+00,0.000000000000000000e+00,0.000000000000000000e+00,0.000000000000000000e+00,0.000000000000000000e+00,0.000000000000000000e+00,0.000000000000000000e+00,0.000000000000000000e+00,0.000000000000000000e+00,0.000000000000000000e+00,0.000000000000000000e+00,0.000000000000000000e+00,0.000000000000000000e+00,0.000000000000000000e+00,0.000000000000000000e+00,0.000000000000000000e+00,0.000000000000000000e+00,0.000000000000000000e+00,0.000000000000000000e+00,0.000000000000000000e+00,0.000000000000000000e+00,0.000000000000000000e+00,0.000000000000000000e+00,0.000000000000000000e+00,0.000000000000000000e+00,0.000000000000000000e+00,0.000000000000000000e+00,0.000000000000000000e+00,0.000000000000000000e+00,0.000000000000000000e+00,0.000000000000000000e+00,0.000000000000000000e+00,0.000000000000000000e+00,0.000000000000000000e+00,0.000000000000000000e+00,0.000000000000000000e+00,0.000000000000000000e+00,0.000000000000000000e+00,0.000000000000000000e+00,0.000000000000000000e+00,0.000000000000000000e+00,0.000000000000000000e+00,0.000000000000000000e+00,0.000000000000000000e+00,0.000000000000000000e+00,0.000000000000000000e+00,0.000000000000000000e+00,0.000000000000000000e+00,0.000000000000000000e+00,0.000000000000000000e+00,0.000000000000000000e+00,0.000000000000000000e+00,0.000000000000000000e+00,0.000000000000000000e+00,0.000000000000000000e+00,0.000000000000000000e+00,0.000000000000000000e+00,0.000000000000000000e+00,0.000000000000000000e+00,0.000000000000000000e+00,0.000000000000000000e+00,0.000000000000000000e+00,0.000000000000000000e+00,0.000000000000000000e+00,0.000000000000000000e+00,0.000000000000000000e+00,0.000000000000000000e+00,0.000000000000000000e+00,-1.250059584886788070e-03,-5.495374686747922337e-04,8.303293661500411524e-05,3.063580829350490836e-04,3.525147938284067155e-04,3.342342553154618455e-04,2.949535450419282908e-04,2.481460379669590366e-04,1.946236204907150660e-04,1.335294417290793011e-04,6.419805364310959166e-05,-1.122940552837804959e-05,-8.809992380463188349e-05,-1.593278120747351897e-04,-2.167340441730549730e-04,-2.526179362513238753e-04,-2.616063438119167642e-04,-2.421600014568454397e-04,-1.975206283014389452e-04,-1.356501146790881562e-04,-6.763492729631395033e-05,-4.628721605759680727e-06,4.529315559690768787e-05,7.867085331762763535e-05,9.616277457943021021e-05,1.009342291972677792e-04,9.702352756757492199e-05,8.822223486690402520e-05,7.751465099797869918e-05,6.692402446236031760e-05,5.759281023174599439e-05,4.996671673256734164e-05,4.400000630150394777e-05,3.933929286170335059e-05,3.546988959315149829e-05,3.182553462087230615e-05,2.786912677769400517e-05,2.315317155678780527e-05,1.736537435761575891e-05,1.036108979773163989e-05,2.180791625651987888e-06,-6.950592554101688725e-06,-1.664532179513299103e-05,-2.639579682009170029e-05,-3.563583798628391333e-05,-4.381345515971775916e-05,-5.046530758843838812e-05,-5.528121660670859102e-05,-5.814726763030542004e-05,-5.915843172837667981e-05,-5.859681173848122089e-05,-5.687892358570984376e-05,-5.448315600578135226e-05,-5.187367133997737323e-05,-4.943719826185265584e-05,-4.744415886480198474e-05,-4.603773115548970209e-05,-4.524704753435476414e-05,-4.501618289752338370e-05,-4.523941911495344797e-05,-4.579465769544239433e-05,-4.656950323383488016e-05,-4.747743573058122075e-05,-4.846401365129181655e-05,-4.950490257803506967e-05,-5.059857556199357908e-05,-5.175677009611157167e-05,-5.299532317166120841e-05,-5.432707998149142439e-05,-5.575750855336694082e-05,-5.728276778183217572e-05,-5.888947041495199184e-05,-6.055528640860132232e-05,-6.224972778686842928e-05,-6.393476406785990026e-05,-6.556518434117996166e-05,-6.708877854682566012e-05,-6.844646041674847024e-05,-6.957244339327403214e-05,-7.039454965727462844e-05,-7.083470721536002464e-05,-7.080967451724805154e-05,-7.023202563131826308e-05,-6.901142434921247375e-05,-6.705621203621252497e-05,-6.427532723461478891e-05,-6.058056727338510523e-05,-5.588919056918863692e-05,-5.012684622165536455e-05,-4.323080217533745823e-05,-3.515342806805828196e-05,-2.586587099960000713e-05,-1.536184524424542890e-05,-3.661437362410782612e-06,9.185190425296632687e-06,2.309433657878135531e-05,3.794569409426284945e-05,5.357986168496635745e-05,6.979663294014444943e-05,8.635428685575828372e-05,1.029701241392068470e-04,1.193225152125756668e-04,1.350547428586557856e-04,1.497809348936283524e-04,1.630943817808838648e-04,1.745785154130397704e-04,1.838207731707381114e-04,1.904294719737417891e-04,1.940536466690893371e-04,1.944055447757846297e-04,1.912850896601670902e-04,1.846051139823040490e-04,1.744155254896059609e-04,1.609238368187070110e-04,1.445087537888061196e-04,1.257229286788893367e-04,1.052807785816590460e-04,8.402776020731306142e-05,6.288903093625971218e-05,4.279828278027835245e-05,2.461167216257564508e-05,9.016560719275232042e-06,-3.551139157224365296e-06,-1.296571246461596883e-05,-1.943380024043307036e-05,-2.347424190126772331e-05,-2.585948237296182658e-05,-2.753158404785375861e-05,-2.951145915783973600e-05,-3.282014498168128367e-05,-3.842593271785365504e-05,-4.722264050546686408e-05,-6.003477257385864856e-05,-7.763739858691521179e-05,-1.007748405019976394e-04,-1.301639761460557853e-04,-1.664736832047204621e-04,-2.102790967016496823e-04,-2.619989323209221191e-04,-3.218356613527826758e-04,-3.897376650077816152e-04,-4.653778596136455103e-04,-5.481204774865510885e-04,-6.369645724697852894e-04,-7.304927117326007104e-04,-8.268646292607293152e-04,-9.238670342397387394e-04,-1.018999648368480683e-03,-1.109578658459148487e-03,-1.192858182318625674e-03,-1.266168425975157732e-03,-1.327046048718343290e-03,-1.373308086059450532e-03,-1.403008082769708698e-03,-1.414230337089000204e-03,-1.404726393500482654e-03,-1.371442721908191055e-03,-1.310032655749419211e-03,-1.214478610578399427e-03,-1.076974561565906263e-03,-8.882142738717066889e-04,-6.382085173954796763e-04,-3.177153879933427932e-04,7.966340953713299229e-05,5.546736743078300525e-04,1.098955376423021643e-03,1.691047414750990055e-03,2.292504293168440808e-03,2.844510425336962880e-03,3.266971232119350241e-03,3.460603335331406769e-03,3.320197894718668070e-03,2.766395411844173834e-03,1.826633188838856477e-03,6.176080855072637720e-04
0.000000000000000000e+00,0.000000000000000000e+00,0.000000000000000000e+00,0.000000000000000000e+00,0.000000000000000000e+00,0.000000000000000000e+00,0.000000000000000000e+00,0.000000000000000000e+00,0.000000000000000000e+00,0.000000000000000000e+00,0.000000000000000000e+00,0.000000000000000000e+00,0.000000000000000000e+00,0.000000000000000000e+00,0.000000000000000000e+00,0.000000000000000000e+00,0.000000000000000000e+00,0.000000000000000000e+00,0.000000000000000000e+00,0.000000000000000000e+00,0.000000000000000000e+00,0.000000000000000000e+00,0.000000000000000000e+00,0.000000000000000000e+00,0.000000000000000000e+00,0.000000000000000000e+00,0.000000000000000000e+00,0.000000000000000000e+00,0.000000000000000000e+00,0.000000000000000000e+00,0.000000000000000000e+00,0.000000000000000000e+00,0.000000000000000000e+00,0.000000000000000000e+00,0.000000000000000000e+00,0.000000000000000000e+00,0.000000000000000000e+00,0.000000000000000000e+00,0.000000000000000000e+00,0.000000000000000000e+00,0.000000000000000000e+00,0.000000000000000000e+00,0.000000000000000000e+00,0.000000000000000000e+00,0.000000000000000000e+00,0.000000000000000000e+00,0.000000000000000000e+00,0.000000000000000000e+00,0.000000000000000000e+00,0.000000000000000000e+00,0.000000000000000000e+00,0.000000000000000000e+00,0.000000000000000000e+00,0.000000000000000000e+00,0.000000000000000000e+00,0.000000000000000000e+00,0.000000000000000000e+00,0.000000000000000000e+00,0.000000000000000000e+00,0.000000000000000000e+00,0.000000000000000000e+00,0.000000000000000000e+00,0.000000000000000000e+00,0.000000000000000000e+00,0.000000000000000000e+00,0.000000000000000000e+00,0.000000000000000000e+00,0.000000000000000000e+00,0.000000000000000000e+00,0.000000000000000000e+00,0.000000000000000000e+00,0.000000000000000000e+00,0.000000000000000000e+00,0.000000000000000000e+00,0.000000000000000000e+00,0.000000000000000000e+00,0.000000000000000000e+00,0.000000000000000000e+00,0.000000000000000000e+00,0.000000000000000000e+00,0.000000000000000000e+00,0.000000000000000000e+00,0.000000000000000000e+00,0.000000000000000000e+00,0.000000000000000000e+00,0.000000000000000000e+00,0.000000000000000000e+00,0.000000000000000000e+00,0.000000000000000000e+00,0.000000000000000000e+00,0.000000000000000000e+00,0.000000000000000000e+00,0.000000000000000000e+00,0.000000000000000000e+00,0.000000000000000000e+00,0.000000000000000000e+00,0.000000000000000000e+00,0.000000000000000000e+00,0.000000000000000000e+00,0.000000000000000000e+00,0.000000000000000000e+00,0.000000000000000000e+00,0.000000000000000000e+00,0.000000000000000000e+00,0.000000000000000000e+00,0.000000000000000000e+00,0.000000000000000000e+00,0.000000000000000000e+00,0.000000000000000000e+00,0.000000000000000000e+00,0.000000000000000000e+00,0.000000000000000000e+00,0.000000000000000000e+00,0.000000000000000000e+00,0.000000000000000000e+00,0.000000000000000000e+00,0.000000000000000000e+00,0.000000000000000000e+00,0.000000000000000000e+00,0.000000000000000000e+00,0.000000000000000000e+00,0.000000000000000000e+00,0.000000000000000000e+00,0.000000000000000000e+00,0.000000000000000000e+00,0.000000000000000000e+00,0.000000000000000000e+00,0.000000000000000000e+00,0.000000000000000000e+00,0.000000000000000000e+00,0.000000000000000000e+00,0.000000000000000000e+00,0.000000000000000000e+00,0.000000000000000000e+00,0.000000000000000000e+00,0.000000000000000000e+00,0.000000000000000000e+00,0.000000000000000000e+00,0.000000000000000000e+00,0.000000000000000000e+00,0.000000000000000000e+00,0.000000000000000000e+00,0.000000000000000000e+00,0.000000000000000000e+00,0.000000000000000000e+00,0.000000000000000000e+00,0.000000000000000000e+00,0.000000000000000000e+00,0.000000000000000000e+00,0.000000000000000000e+00,0.000000000000000000e+00,0.000000000000000000e+00,0.000000000000000000e+00,0.000000000000000000e+00,0.000000000000000000e+00,0.000000000000000000e+00,0.000000000000000000e+00,0.000000000000000000e+00,0.000000000000000000e+00,0.000000000000000000e+00,0.000000000000000000e+00,0.000000000000000000e+00,0.000000000000000000e+00,0.000000000000000000e+00,0.000000000000000000e+00,0.000000000000000000e+00,0.000000000000000000e+00,0.000000000000000000e+00,0.000000000000000000e+00,0.000000000000000000e+00,0.000000000000000000e+00,0.000000000000000000e+00,0.000000000000000000e+00,0.000000000000000000e+00,0.000000000000000000e+00,-1.694753338793202708e-03,-9.557860204152388624e-04,-8.747215625977506292e-05,3.131018802603450666e-04,4.441624416272877524e-04,4.616280439524614678e-04,4.322026137072514334e-04,3.782315882213821705e-04,3.067657988843278528e-04,2.181921303451621547e-04,1.139932299975911266e-04,-1.862498593442626847e-06,-1.213969225547328038e-04,-2.332207850722416923e-04,-3.240270346698554804e-04,-3.812127095894724351e-04,-3.959859676701916000e-04,-3.660924738996162628e-04,-2.973611447706740198e-04,-2.031014871300402364e-04,-1.008638588894884071e-04,-7.355279520773996627e-06,6.601800636921950031e-05,1.148256820459418319e-04,1.404442946539759274e-04,1.476049589359445309e-04,1.421144410082261821e-04,1.293611551091116817e-04,1.135886440434250201e-04,9.770456129770750306e-05,8.339163573569055988e-05,7.135280091643635256e-05,6.158619705153847365e-05,5.363545718707643609e-05,4.679430382044129155e-05,4.026498521181151233e-05,3.327946918770033336e-05,2.519336758122675928e-05,1.555896649601411330e-05,4.178232618338056382e-06,-8.867754629340598397e-06,-2.321872853019682598e-05,-3.826917682854113090e-05,-5.323709169003920650e-05,-6.726223743405677111e-05,-7.952215363850351920e-05,-8.934855069883352533e-05,-9.632399416846983023e-05,-1.003399370117173380e-04,-1.016032551138877475e-04,-1.005889297057151167e-04,-9.794924634557732632e-05,-9.440064002127545662e-05,-9.061395961868435516e-05,-8.713048163909781403e-05,-8.431631554471649237e-05,-8.235625064644805024e-05,-8.127893716461007893e-05,-8.100070538777628319e-05,-8.137509093256544541e-05,-8.223772080660099004e-05,-8.344001363328422665e-05,-8.486900478987715723e-05,-8.645385705648873378e-05,-8.816190429261153432e-05,-8.998824123489842369e-05,-9.194294258043192762e-05,-9.403918298313654908e-05,-9.628422061602149250e-05,-9.867384371205834340e-05,-1.011898389833860838e-04,-1.037995091676713365e-04,-1.064562242546926950e-04,-1.091002589911301869e-04,-1.116595347451602576e-04,-1.140501823108409376e-04,-1.161770124363631601e-04,-1.179340345007328365e-04,-1.192051529707302614e-04,-1.198651375817222109e-04,-1.197809339859788434e-04,-1.188133603527838426e-04,-1.168192226317950056e-04,-1.136538695752914435e-04,-1.091741980368975449e-04,-1.032421050879997969e-04,-9.572836890604095774e-05,-8.651692271575308463e-05,-7.550946903953069682e-05,-6.263036284434307416e-05,-4.783167530868774375e-05,-3.109833216405722496e-05,-1.245320490145428445e-05,8.037983644855698431e-06,3.026209325093792232e-05,5.405451148477841513e-05,7.919579968268757161e-05,1.054092509074509371e-04,1.323595941285793127e-04,1.596531066012148593e-04,1.868394256251312542e-04,2.134153831256176321e-04,2.388312166547967277e-04,2.624995374789546487e-04,2.838074510065065705e-04,3.021322184881568068e-04,3.168608017630289864e-04,3.274135233376023434e-04,3.332718681282751056e-04,3.340101144404762287e-04,3.293299651495695899e-04,3.190966213925338865e-04,3.033737858516137196e-04,2.824539419995356136e-04,2.568790509377707706e-04,2.274457843349247824e-04,1.951889562318053829e-04,1.613374487158795610e-04,1.272392040216461953e-04,9.425616741336112828e-05,6.363628415554768247e-05,3.637677266821076377e-05,1.309887899937458996e-05,-6.043472136515152274e-06,-2.140241647496447290e-05,-3.381344499671451535e-05,-4.451612989915370162e-05,-5.503634960642718834e-05,-6.705620587451622259e-05,-8.229807794935884487e-05,-1.024416252050515522e-04,-1.290796099617949827e-04,-1.637042723309696545e-04,-2.077049874667438603e-04,-2.623537371743621892e-04,-3.287596681766721688e-04,-4.077864612409820826e-04,-4.999408187297548238e-04,-6.052508242538512558e-04,-7.231559613451691172e-04,-8.524239794511404662e-04,-9.910965033832980567e-04,-1.136462867765355425e-03,-1.285080449365876834e-03,-1.432874370954565022e-03,-1.575333823973115591e-03,-1.707788076661123861e-03,-1.825719198481952615e-03,-1.925061592592366717e-03,-2.002437425287476817e-03,-2.055279330478400855e-03,-2.081810076115668366e-03,-2.080872842842997755e-03,-2.051620685642043668e-03,-1.993091270156535384e-03,-1.903713386692502691e-03,-1.780810323945424163e-03,-1.620181380175075934e-03,-1.415852694326868132e-03,-1.160084595406647191e-03,-8.437079486942760959e-04,-4.568527819697982629e-04,9.867111969443693274e-06,5.635649939736871172e-04,1.206490801575574529e-03,1.932203444019549602e-03,2.720321697217984239e-03,3.529449019985478591e-03,4.289611562535119646e-03,4.894992499810167132e-03,5.203092170777819277e-03,5.043896174260611986e-03,4.265570350274805467e-03,2.835196413893364790e-03,9.274701052635823647e-04
0.000000000000000000e+00,0.000000000000000000e+00,0.000000000000000000e+00,0.000000000000000000e+00,0.000000000000000000e+00,0.000000000000000000e+00,0.000000000000000000e+00,0.000000000000000000e+00,0.000000000000000000e+00,0.000000000000000000e+00,0.000000000000000000e+00,0.000000000000000000e+00,0.000000000000000000e+00,0.000000000000000000e+00,0.000000000000000000e+00,0.000000000000000000e+00,0.000000000000000000e+00,0.000000000000000000e+00,0.000000000000000000e+00,0.000000000000000000e+00,0.000000000000000000e+00,0.000000000000000000e+00,0.000000000000000000e+00,0.000000000000000000e+00,0.000000000000000000e+00,0.000000000000000000e+00,0.000000000000000000e+00,0.000000000000000000e+00,0.000000000000000000e+00,0.000000000000000000e+00,0.000000000000000000e+00,0.000000000000000000e+00,0.000000000000000000e+00,0.000000000000000000e+00,0.000000000000000000e+00,0.000000000000000000e+00,0.000000000000000000e+00,0.000000000000000000e+00,0.000000000000000000e+00,0.000000000000000000e+00,0.000000000000000000e+00,0.000000000000000000e+00,0.000000000000000000e+00,0.000000000000000000e+00,0.000000000000000000e+00,0.000000000000000000e+00,0.000000000000000000e+00,0.000000000000000000e+00,0.000000000000000000e+00,0.000000000000000000e+00,0.000000000000000000e+00,0.000000000000000000e+00,0.000000000000000000e+00,0.000000000000000000e+00,0.000000000000000000e+00,0.000000000000000000e+00,0.000000000000000000e+00,0.000000000000000000e+00,0.000000000000000000e+00,0.000000000000000000e+00,0.000000000000000000e+00,0.000000000000000000e+00,0.000000000000000000e+00,0.000000000000000000e+00,0.000000000000000000e+00,0.000000000000000000e+00,0.000000000000000000e+00,0.000000000000000000e+00,0.000000000000000000e+00,0.000000000000000000e+00,0.000000000000000000e+00,0.000000000000000000e+00,0.000000000000000000e+00,0.000000000000000000e+00,0.000000000000000000e+00,0.000000000000000000e+00,0.000000000000000000e+00,0.000000000000000000e+00,0.000000000000000000e+00,0.000000000000000000e+00,0.000000000000000000e+00,0.000000000000000000e+00,0.000000000000000000e+00,0.000000000000000000e+00,0.000000000000000000e+00,0.000000000000000000e+00,0.000000000000000000e+00,0.000000000000000000e+00,0.000000000000000000e+00,0.000000000000000000e+00,0.000000000000000000e+00,0.000000000000000000e+00,0.000000000000000000e+00,0.000000000000000000e+00,0.000000000000000000e+00,0.000000000000000000e+00,0.000000000000000000e+00,0.000000000000000000e+00,0.000000000000000000e+00,0.000000000000000000e+00,0.000000000000000000e+00,0.000000000000000000e+00,0.000000000000000000e+00,0.000000000000000000e+00,0.000000000000000000e+00,0.000000000000000000e+00,0.000000000000000000e+00,0.000000000000000000e+00,0.000000000000000000e+00,0.000000000000000000e+00,0.000000000000000000e+00,0.000000000000000000e+00,0.000000000000000000e+00,0.000000000000000000e+00,0.000000000000000000e+00,0.000000000000000000e+00,0.000000000000000000e+00,0.000000000000000000e+00,0.000000000000000000e+00,0.000000000000000000e+00,0.000000000000000000e+00,0.000000000000000000e+00,0.000000000000000000e+00,0.000000000000000000e+00,0.000000000000000000e+00,0.000000000000000000e+00,0.000000000000000000e+00,0.000000000000000000e+00,0.000000000000000000e+00,0.000000000000000000e+00,0.000000000000000000e+00,0.000000000000000000e+00,0.000000000000000000e+00,0.000000000000000000e+00,0.000000000000000000e+00,0.000000000000000000e+00,0.000000000000000000e+00,0.000000000000000000e+00,0.000000000000000000e+00,0.000000000000000000e+00,0.000000000000000000e+00,0.000000000000000000e+00,0.000000000000000000e+00,0.000000000000000000e+00,0.000000000000000000e+00,0.000000000000000000e+00,0.000000000000000000e+00,0.000000000000000000e+00,0.000000000000000000e+00,0.000000000000000000e+00,0.000000000000000000e+00,0.000000000000000000e+00,0.000000000000000000e+00,0.000000000000000000e+00,0.000000000000000000e+00,0.000000000000000000e+00,0.000000000000000000e+00,0.000000000000000000e+00,0.000000000000000000e+00,0.000000000000000000e+00,0.000000000000000000e+00,0.000000000000000000e+00,0.000000000000000000e+00,0.000000000000000000e+00,0.000000000000000000e+00,0.000000000000000000e+00,0.000000000000000000e+00,0.000000000000000000e+00,0.000000000000000000e+00,0.000000000000000000e+00,0.000000000000000000e+00,0.000000000000000000e+00,0.000000000000000000e+00,0.000000000000000000e+00,0.000000000000000000e+00,-2.032240582375090688e-03,-1.342518037386050645e-03,-3.373472019873559801e-04,2.191197978291470816e-04,4.503341972123183498e-04,5.267047460838158394e-04,5.252655391706053181e-04,4.806193956360419947e-04,4.032250478873863875e-04,2.977282470964570985e-04,1.676284695835870639e-04,1.963964185760782796e-05,-1.350247188996754122e-04,-2.808603903771352038e-04,-3.998771817541757088e-04,-4.751429056822988636e-04,-4.949823504590924496e-04,-4.569045462561925706e-04,-3.694419567289129736e-04,-2.507685585481544597e-04,-1.236859713840635512e-04,-8.888990939138020838e-06,8.023193320303849711e-05,1.389869195212573277e-04,1.695218984984704007e-04,1.777317209632487468e-04,1.705979007318187551e-04,1.545176139321945358e-04,1.345255516218432049e-04,1.141045732299998347e-04,9.531912714835076735e-05,7.908832081137617484e-05,6.549143284459076357e-05,5.404932594291702886e-05,4.396047649179852493e-05,3.429035433360629157e-05,2.412269679555772609e-05,1.268180125854143572e-05,-5.692750409800714161e-07,-1.585613357339047227e-05,-3.305263368348401710e-05,-5.168122141406554417e-05,-7.096019616132242679e-05,-8.989793370208455842e-05,-1.074251858284908285e-04,-1.225473111081638931e-04,-1.344911444652012325e-04,-1.428188701916572711e-04,-1.474854664302640292e-04,-1.488273848016189035e-04,-1.474858826366666237e-04,-1.442842997246712733e-04,-1.400889410668917760e-04,-1.356843367341870402e-04,-1.316856287806288659e-04,-1.284977543405294801e-04,-1.263183286662850438e-04,-1.251725949428759705e-04,-1.249655641201549607e-04,-1.255374672446425547e-04,-1.267120536633490897e-04,-1.283315420887005899e-04,-1.302761350408607069e-04,-1.324693447705722481e-04,-1.348726021699154587e-04,-1.374736004215643180e-04,-1.402726461712687695e-04,-1.432702614424109355e-04,-1.464578495577693320e-04,-1.498118729277046410e-04,-1.532910250314541568e-04,-1.568354393691555587e-04,-1.603669915647635679e-04,-1.637900256407939337e-04,-1.669921723983935511e-04,-1.698451912181966157e-04,-1.722059130895734424e-04,-1.739174088650142147e-04,-1.748104975895592797e-04,-1.747056792466273841e-04,-1.734155470104657378e-04,-1.707477091748805056e-04,-1.665082322994526219e-04,-1.605055990306944555e-04,-1.525551578020147199e-04,-1.424840233079124711e-04,-1.301363699747741401e-04,-1.153790430623032428e-04,-9.810739774438339644e-05,-7.825126252158049009e-05,-5.578091312950021990e-05,-3.071293286304143240e-05,-3.115827676569134469e-06,2.688474528509448495e-05,5.910128699137037468e-05,9.328047027035746047e-05,1.291000432734237108e-04,1.661668346893664335e-04,2.040161047618569378e-04,2.421125266187572030e-04,2.798531261879240884e-04,3.165725568347608544e-04,3.515511302876927124e-04,3.840260671755394762e-04,4.132064568841840781e-04,4.382924163382563619e-04,4.584988863926730738e-04,4.730843778219435709e-04,4.813847362544652290e-04,4.828515916802630687e-04,4.770945335054549929e-04,4.639251562683772675e-04,4.433999266137581365e-04,4.158573726171318650e-04,3.819435428827312675e-04,3.426183432538761607e-04,2.991347395083335291e-04,2.529835920243698219e-04,2.057997640781538556e-04,1.592305651595799475e-04,1.147753165614638215e-04,7.361354211171679230e-05,3.644650092888434043e-05,3.379395827286317461e-06,-2.613281491561268848e-05,-5.326473074336014014e-05,-7.972980842977059096e-05,-1.076399966329610587e-04,-1.393454288766719979e-04,-1.772836544939574062e-04,-2.238579633358939061e-04,-2.813482645374723351e-04,-3.518416735646544453e-04,-4.371597610141049841e-04,-5.387596112260377565e-04,-6.575968462853387739e-04,-7.939563267534696179e-04,-9.472728246601049397e-04,-1.115973131826276813e-03,-1.297371201764858798e-03,-1.487642003374962160e-03,-1.681892464944831269e-03,-1.874344076582017214e-03,-2.058638130536521050e-03,-2.228254545913910256e-03,-2.376996509010765105e-03,-2.499459977567181600e-03,-2.591401796257848840e-03,-2.649944084720071667e-03,-2.673587770638299974e-03,-2.662042310648435675e-03,-2.615906764790105685e-03,-2.536248448088591467e-03,-2.424123189474399528e-03,-2.280079100942541612e-03,-2.103685723221330583e-03,-1.893129585728617857e-03,-1.644912320858649656e-03,-1.353679135134048693e-03,-1.012186601058421556e-03,-6.114238142180033943e-04,-1.409074111147838831e-04,4.107087050189897745e-04,1.054463852382817599e-03,1.798734107863027504e-03,2.645024023912064329e-03,3.580740071293923247e-03,4.568944295180679509e-03,5.534812213550958232e-03,6.352683355629639046e-03,6.835782697409451686e-03,6.742501048631589777e-03,5.814245655498455866e-03,3.918008660968796790e-03,1.253660782042432306e-03
0.000000000000000000e+00,0.000000000000000000e+00,0.000000000000000000e+00,0.000000000000000000e+00,0.000000000000000000e+00,0.000000000000000000e+00,0.000000000000000000e+00,0.000000000000000000e+00,0.000000000000000000e+00,0.000000000000000000e+00,0.000000000000000000e+00,0.000000000000000000e+00,0.000000000000000000e+00,0.000000000000000000e+00,0.000000000000000000e+00,0.000000000000000000e+00,0.000000000000000000e+00,0.000000000000000000e+00,0.000000000000000000e+00,0.000000000000000000e+00,0.000000000000000000e+00,0.000000000000000000e+00,0.000000000000000000e+00,0.000000000000000000e+00,0.000000000000000000e+00,0.000000000000000000e+00,0.000000000000000000e+00,0.000000000000000000e+00,0.000000000000000000e+00,0.000000000000000000e+00,0.000000000000000000e+00,0.000000000000000000e+00,0.000000000000000000e+00,0.000000000000000000e+00,0.000000000000000000e+00,0.000000000000000000e+00,0.000000000000000000e+00,0.000000000000000000e+00,0.000000000000000000e+00,0.000000000000000000e+00,0.000000000000000000e+00,0.000000000000000000e+00,0.000000000000000000e+00,0.000000000000000000e+00,0.000000000000000000e+00,0.000000000000000000e+00,0.000000000000000000e+00,0.000000000000000000e+00,0.000000000000000000e+00,0.000000000000000000e+00,0.000000000000000000e+00,0.000000000000000000e+00,0.000000000000000000e+00,0.000000000000000000e+00,0.000000000000000000e+00,0.000000000000000000e+00,0.000000000000000000e+00,0.000000000000000000e+00,0.000000000000000000e+00,0.000000000000000000e+00,0.000000000000000000e+00,0.000000000000000000e+00,0.000000000000000000e+00,0.000000000000000000e+00,0.000000000000000000e+00,0.000000000000000000e+00,0.000000000000000000e+00,0.000000000000000000e+00,0.000000000000000000e+00,0.000000000000000000e+00,0.000000000000000000e+00,0.000000000000000000e+00,0.000000000000000000e+00,0.000000000000000000e+00,0.000000000000000000e+00,0.000000000000000000e+00,0.000000000000000000e+00,0.000000000000000000e+00,0.000000000000000000e+00,0.000000000000000000e+00,0.000000000000000000e+00,0.000000000000000000e+00,0.000000000000000000e+00,0.000000000000000000e+00,0.000000000000000000e+00,0.000000000000000000e+00,0.000000000000000000e+00,0.000000000000000000e+00,0.000000000000000000e+00,0.000000000000000000e+00,0.000000000000000000e+00,0.000000000000000000e+00,0.000000000000000000e+00,0.000000000000000000e+00,0.000000000000000000e+00,0.000000000000000000e+00,0.000000000000000000e+00,0.000000000000000000e+00,0.000000000000000000e+00,0.000000000000000000e+00,0.000000000000000000e+00,0.000000000000000000e+00,0.000000000000000000e+00,0.000000000000000000e+00,0.000000000000000000e+00,0.000000000000000000e+00,0.000000000000000000e+00,0.000000000000000000e+00,0.000000000000000000e+00,0.000000000000000000e+00,0.000000000000000000e+00,0.000000000000000000e+00,0.000000000000000000e+00,0.000000000000000000e+00,0.000000000000000000e+00,0.000000000000000000e+00,0.000000000000000000e+00,0.000000000000000000e+00,0.000000000000000000e+00,0.000000000000000000e+00,0.000000000000000000e+00,0.000000000000000000e+00,0.000000000000000000e+00,0.000000000000000000e+00,0.000000000000000000e+00,0.000000000000000000e+00,0.000000000000000000e+00,0.000000000000000000e+00,0.000000000000000000e+00,0.000000000000000000e+00,0.000000000000000000e+00,0.000000000000000000e+00,0.000000000000000000e+00,0.000000000000000000e+00,0.000000000000000000e+00,0.000000000000000000e+00,0.000000000000000000e+00,0.000000000000000000e+00,0.000000000000000000e+00,0.000000000000000000e+00,0.000000000000000000e+00,0.000000000000000000e+00,0.000000000000000000e+00,0.000000000000000000e+00,0.000000000000000000e+00,0.000000000000000000e+00,0.000000000000000000e+00,0.000000000000000000e+00,0.000000000000000000e+00,0.000000000000000000e+00,0.000000000000000000e+00,0.000000000000000000e+00,0.000000000000000000e+00,0.000000000000000000e+00,0.000000000000000000e+00,0.000000000000000000e+00,0.000000000000000000e+00,0.000000000000000000e+00,0.000000000000000000e+00,0.000000000000000000e+00,0.000000000000000000e+00,0.000000000000000000e+00,0.000000000000000000e+00,0.000000000000000000e+00,0.000000000000000000e+00,0.000000000000000000e+00,0.000000000000000000e+00,0.000000000000000000e+00,0.000000000000000000e+00,0.000000000000000000e+00,0.000000000000000000e+00,0.000000000000000000e+00,0.000000000000000000e+00,0.000000000000000000e+00,0.000000000000000000e+00,-2.282845994683720733e-03,-1.709351768871391264e-03,-6.176273739597488424e-04,5.018371299241074153e-05,3.839410591476932018e-04,5.255465788576400973e-04,5.662963594739124293e-04,5.426443030139639677e-04,4.720398802399263026e-04,3.618724806261626827e-04,2.184153372687298053e-04,5.098973175868744696e-05,-1.263842389396437884e-04,-2.947414191998473090e-04,-4.326677176114518387e-04,-5.201247735745929014e-04,-5.437833106240023712e-04,-5.014401038554996363e-04,-4.039702914012657168e-04,-2.729162975807447144e-04,-1.341667267308188497e-04,-1.025502150810000638e-05,8.488043691267297926e-05,1.468249631355706623e-04,1.782976817918718242e-04,1.857676189063970100e-04,1.766829659279146392e-04,1.578054311374414600e-04,1.344635839183119536e-04,1.103886017140592082e-04,8.785301125159583353e-05,6.793844739808948153e-05,5.083287423051538977e-05,3.610862271680124742e-05,2.296245405162552984e-05,1.041698705905979896e-05,-2.509857532865446594e-06,-1.666114998789266238e-05,-3.262191227300016867e-05,-5.063038330032060258e-05,-7.052974260079703211e-05,-9.177112963679893499e-05,-1.134741742946718262e-04,-1.345425420036777794e-04,-1.538205883794339208e-04,-1.702665920744218786e-04,-1.831111316824711227e-04,-1.919693627435164628e-04,-1.968842766481633424e-04,-1.982935531854992733e-04,-1.969309199567002280e-04,-1.936882388501888605e-04,-1.894714194330398974e-04,-1.850799910484650487e-04,-1.811290639940796548e-04,-1.780187180907714451e-04,-1.759444343602747799e-04,-1.749356798938225073e-04,-1.749081217781733606e-04,-1.757167594753536422e-04,-1.772008272732610143e-04,-1.792153853259803901e-04,-1.816482716457864784e-04,-1.844240398207949445e-04,-1.874983648944566366e-04,-1.908470845097727259e-04,-1.944536960388660327e-04,-1.982980907617666101e-04,-2.023480088348861457e-04,-2.065535390438780824e-04,-2.108442175414111978e-04,-2.151279579328250926e-04,-2.192910807623756942e-04,-2.231989337406528856e-04,-2.266968523014938118e-04,-2.296114047894536460e-04,-2.317519735909747780e-04,-2.329127557780856180e-04,-2.328752585866443751e-04,-2.314113384772635215e-04,-2.282868053340485963e-04,-2.232655872330716290e-04,-2.161144300062249883e-04,-2.066080854252225576e-04,-1.945349250909105638e-04,-1.797029009852383838e-04,-1.619457620633911596e-04,-1.411294265377150705e-04,-1.171584049982236431e-04,-8.998216654332060447e-05,-5.960134093769958177e-05,-2.607364985435696119e-05,1.048053934902491058e-05,4.987314880538868073e-05,9.184393549698281149e-05,1.360567879128236760e-04,1.820969437129360026e-04,2.294693393193621264e-04,2.775983526094486322e-04,3.258292595723681845e-04,3.734317879126283399e-04,4.196062139179995189e-04,4.634925067927786143e-04,5.041830737043883574e-04,5.407396843393650569e-04,5.722151400228340894e-04,5.976801738341136179e-04,6.162559002772253960e-04,6.271518376475076172e-04,6.297090555413346587e-04,6.234472887699678539e-04,6.081138506212877860e-04,5.837308449761274484e-04,5.506355700910289114e-04,5.095073015490433031e-04,4.613721995313724766e-04,4.075774775994431796e-04,3.497269469081470722e-04,2.895733634899029453e-04,2.288690887663238883e-04,1.691850803732688861e-04,1.117176625032252542e-04,5.711020228575155170e-05,5.319537028119999706e-06,-4.444765077217069940e-05,-9.371542491236526892e-05,-1.446396605976565551e-04,-1.998487863569529163e-04,-2.622525310573548115e-04,-3.348461091877166199e-04,-4.205268610739694023e-04,-5.219250106656662816e-04,-6.412370133784516804e-04,-7.800454823230436362e-04,-9.391167392563126715e-04,-1.118183363642925041e-03,-1.315737940667488113e-03,-1.528877464632412289e-03,-1.753241081588797785e-03,-1.983077547682619932e-03,-2.211465694839963910e-03,-2.430691970635796145e-03,-2.632763115273117644e-03,-2.810002042010926668e-03,-2.955646726077885891e-03,-3.064358410520041671e-03,-3.132558354762756628e-03,-3.158546476842487294e-03,-3.142397413866162593e-03,-3.085665322386430941e-03,-2.990951376698545560e-03,-2.861396589953014383e-03,-2.700156022420398434e-03,-2.509896639983176438e-03,-2.292347268657641407e-03,-2.047916890661188784e-03,-1.775382104385245068e-03,-1.471633541800635792e-03,-1.131455088062444016e-03,-7.473199239477855546e-04,-3.091983029782783199e-04,1.955307989027560628e-04,7.818950688477594238e-04,1.466410816502735671e-03,2.264870639953620035e-03,3.187702329340479524e-03,4.232058322573535071e-03,5.369003499537546541e-03,6.526375171917670262e-03,7.567192313392846759e-03,8.270859950590417342e-03,8.323426261005054463e-03,7.351010120213124881e-03,5.067128039618595467e-03,1.624356210170931417e-03
0.000000000000000000e+00,0.000000000000000000e+00,0.000000000000000000e+00,0.000000000000000000e+00,0.000000000000000000e+00,0.000000000000000000e+00,0.000000000000000000e+00,0.000000000000000000e+00,0.000000000000000000e+00,0.000000000000000000e+00,0.000000000000000000e+00,0.000000000000000000e+00,0.000000000000000000e+00,0.000000000000000000e+00,0.000000000000000000e+00,0.000000000000000000e+00,0.000000000000000000e+00,0.000000000000000000e+00,0.000000000000000000e+00,0.000000000000000000e+00,0.000000000000000000e+00,0.000000000000000000e+00,0.000000000000000000e+00,0.000000000000000000e+00,0.000000000000000000e+00,0.000000000000000000e+00,0.000000000000000000e+00,0.000000000000000000e+00,0.000000000000000000e+00,0.000000000000000000e+00,0.000000000000000000e+00,0.000000000000000000e+00,0.000000000000000000e+00,0.000000000000000000e+00,0.000000000000000000e+00,0.000000000000000000e+00,0.000000000000000000e+00,0.000000000000000000e+00,0.000000000000000000e+00,0.000000000000000000e+00,0.000000000000000000e+00,0.000000000000000000e+00,0.000000000000000000e+00,0.000000000000000000e+00,0.000000000000000000e+00,0.000000000000000000e+00,0.000000000000000000e+00,0.000000000000000000e+00,0.000000000000000000e+00,0.000000000000000000e+00,0.000000000000000000e+00,0.000000000000000000e+00,0.000000000000000000e+00,0.000000000000000000e+00,0.000000000000000000e+00,0.000000000000000000e+00,0.000000000000000000e+00,0.000000000000000000e+00,0.000000000000000000e+00,0.000000000000000000e+00,0.000000000000000000e+00,0.000000000000000000e+00,0.000000000000000000e+00,0.000000000000000000e+00,0.000000000000000000e+00,0.000000000000000000e+00,0.000000000000000000e+00,0.000000000000000000e+00,0.000000000000000000e+00,0.000000000000000000e+00,0.000000000000000000e+00,0.000000000000000000e+00,0.000000000000000000e+00,0.000000000000000000e+00,0.000000000000000000e+00,0.000000000000000000e+00,0.000000000000000000e+00,0.000000000000000000e+00,0.000000000000000000e+00,0.000000000000000000e+00,0.000000000000000000e+00,0.000000000000000000e+00,0.000000000000000000e+00,0.000000000000000000e+00,0.000000000000000000e+00,0.000000000000000000e+00,0.000000000000000000e+00,0.000000000000000000e+00,0.000000000000000000e+00,0.000000000000000000e+00,0.000000000000000000e+00,0.000000000000000000e+00,0.000000000000000000e+00,0.000000000000000000e+00,0.000000000000000000e+00,0.000000000000000000e+00,0.000000000000000000e+00,0.000000000000000000e+00,0.000000000000000000e+00,0.000000000000000000e+00,0.000000000000000000e+00,0.000000000000000000e+00,0.000000000000000000e+00,0.000000000000000000e+00,0.000000000000000000e+00,0.000000000000000000e+00,0.000000000000000000e+00,0.000000000000000000e+00,0.000000000000000000e+00,0.000000000000000000e+00,0.000000000000000000e+00,0.000000000000000000e+00,0.000000000000000000e+00,0.000000000000000000e+00,0.000000000000000000e+00,0.000000000000000000e+00,0.000000000000000000e+00,0.000000000000000000e+00,0.000000000000000000e+00,0.000000000000000000e+00,0.000000000000000000e+00,0.000000000000000000e+00,0.000000000000000000e+00,0.000000000000000000e+00,0.000000000000000000e+00,0.000000000000000000e+00,0.000000000000000000e+00,0.000000000000000000e+00,0.000000000000000000e+00,0.000000000000000000e+00,0.000000000000000000e+00,0.000000000000000000e+00,0.000000000000000000e+00,0.000000000000000000e+00,0.000000000000000000e+00,0.000000000000000000e+00,0.000000000000000000e+00,0.000000000000000000e+00,0.000000000000000000e+00,0.000000000000000000e+00,0.000000000000000000e+00,0.000000000000000000e+00,0.000000000000000000e+00,0.000000000000000000e+00,0.000000000000000000e+00,0.000000000000000000e+00,0.000000000000000000e+00,0.000000000000000000e+00,0.000000000000000000e+00,0.000000000000000000e+00,0.000000000000000000e+00,0.000000000000000000e+00,0.000000000000000000e+00,0.000000000000000000e+00,0.000000000000000000e+00,0.000000000000000000e+00,0.000000000000000000e+00,0.000000000000000000e+00,0.000000000000000000e+00,0.000000000000000000e+00,0.000000000000000000e+00,0.000000000000000000e+00,0.000000000000000000e+00,0.000000000000000000e+00,0.000000000000000000e+00,0.000000000000000000e+00,0.000000000000000000e+00,0.000000000000000000e+00,0.000000000000000000e+00,0.000000000000000000e+00,0.000000000000000000e+00,0.000000000000000000e+00,0.000000000000000000e+00,0.000000000000000000e+00,0.000000000000000000e+00,-2.487668869598922989e-03,-2.035997745263862669e-03,-9.300035090659884663e-04,-1.575672874636239540e-04,2.599035778373600140e-04,4.725142529293979081e-04,5.584067763242413348e-04,5.636896973963870889e-04,5.094247657088866706e-04,4.059877153393601354e-04,2.622510898191792415e-04,8.922933045040883971e-05,-9.662209746499010989e-05,-2.743991361476770486e-04,-4.205686756373733215e-04,-5.138458118526790207e-04,-5.404500445103948723e-04,-4.989506218036842376e-04,-4.016275100246281034e-04,-2.713972255939535558e-04,-1.347209706045749680e-04,-1.388677766018241154e-05,7.780930652780075466e-05,1.364786381329567309e-04,1.650571155033928766e-04,1.699549236703482079e-04,1.584314319072952220e-04,1.370556714986883543e-04,1.110401619403055332e-04,8.409842615316865495e-05,5.856857710529574042e-05,3.564475500779279617e-05,1.563641372115465300e-05,-1.783824074993698029e-06,-1.735633989371375139e-05,-3.203559474174248181e-05,-4.681198168278672621e-05,-6.255331588044565666e-05,-7.987032824330588736e-05,-9.901677926024034910e-05,-1.198375101386367215e-04,-1.417759714817643543e-04,-1.639455440266304970e-04,-1.852580700551957962e-04,-2.045906194898239859e-04,-2.209613973199649206e-04,-2.336811316738875740e-04,-2.424499470191042992e-04,-2.473815934079018320e-04,-2.489542595343653144e-04,-2.479046142788167949e-04,-2.450935569936374034e-04,-2.413747548537502092e-04,-2.374907500670685461e-04,-2.340098388788945736e-04,-2.313049447394374171e-04,-2.295668936969741218e-04,-2.288401607958156928e-04,-2.290686589647530946e-04,-2.301411272789942875e-04,-2.319288319937909252e-04,-2.343117171629501060e-04,-2.371922255765672200e-04,-2.404983725847629691e-04,-2.441790693399790383e-04,-2.481951307789900048e-04,-2.525090282832906309e-04,-2.570755688933506144e-04,-2.618346583289203090e-04,-2.667064303100745372e-04,-2.715884639846810416e-04,-2.763545832028804425e-04,-2.808547528915458519e-04,-2.849157336660646466e-04,-2.883423214810552893e-04,-2.909191215978132504e-04,-2.924128715904789132e-04,-2.925753450151648716e-04,-2.911468576013779273e-04,-2.878603747214743616e-04,-2.824461947792733844e-04,-2.746371594021964594e-04,-2.641743223481433445e-04,-2.508129924692990690e-04,-2.343290554524138727e-04,-2.145254719276388372e-04,-1.912388492797547723e-04,-1.643459876888668232e-04,-1.337703095902817842e-04,-9.948809114449826000e-05,-6.153442547919325703e-05,-2.000885469513869451e-05,2.491938919835134567e-05,7.300660159258007167e-05,1.239303657889588431e-04,1.772859748872082945e-04,2.325836799884073707e-04,2.892469922583557236e-04,3.466123389429597934e-04,4.039304532071817341e-04,4.603699559083671879e-04,5.150236623986117427e-04,5.669182119319177843e-04,6.150276641545096871e-04,6.582917159751707284e-04,6.956391428877225537e-04,7.260169379498868222e-04,7.484253911633960985e-04,7.619589895905970467e-04,7.658524781418285651e-04,7.595306386711260906e-04,7.426592707388096322e-04,7.151934779998301824e-04,6.774177510647413610e-04,6.299706851716480299e-04,5.738458565581187236e-04,5.103599841595635742e-04,4.410807636278749619e-04,3.677103904247846122e-04,2.919271438680788393e-04,2.151960492074997194e-04,1.385690204671179984e-04,6.250238981255114030e-05,-1.327766603199180112e-05,-8.983574592186340305e-05,-1.689992913142889886e-04,-2.532430538692457623e-04,-3.455015333452195626e-04,-4.489335564514216627e-04,-5.666630926884169651e-04,-7.015129127522585963e-04,-8.557376774908176473e-04,-1.030757007818301546e-03,-1.226891733912556732e-03,-1.443117837059476908e-03,-1.676867841792895010e-03,-1.923921269959239953e-03,-2.178427667226514198e-03,-2.433095511098889042e-03,-2.679559603574540802e-03,-2.908911382278182335e-03,-3.112344839025958914e-03,-3.281841789969189207e-03,-3.410803757583623017e-03,-3.494539857320773466e-03,-3.530542444395055272e-03,-3.518519759959007950e-03,-3.460195088425031297e-03,-3.358916236498381627e-03,-3.219139701525855837e-03,-3.045859024992398061e-03,-2.844039677558428229e-03,-2.618105693557846048e-03,-2.371501695455662927e-03,-2.106334646195602740e-03,-1.823079945786747766e-03,-1.520324845848122644e-03,-1.194511122844500294e-03,-8.396511960391259740e-04,-4.469996051864303819e-04,-4.726363538890123050e-06,5.023346367278372360e-04,1.092621829186657921e-03,1.787193097247191925e-03,2.607776515879441179e-03,3.572757944587473533e-03,4.689246937257370886e-03,5.939780001605801836e-03,7.260975896214597568e-03,8.515612040696464088e-03,9.459771592499477064e-03,9.719828165301772072e-03,8.803711595409696028e-03,6.245358593411695983e-03,2.046572104448588208e-03
0.000000000000000000e+00,0.000000000000000000e+00,0.000000000000000000e+00,0.000000000000000000e+00,0.000000000000000000e+00,0.000000000000000000e+00,0.000000000000000000e+00,0.000000000000000000e+00,0.000000000000000000e+00,0.000000000000000000e+00,0.000000000000000000e+00,0.000000000000000000e+00,0.000000000000000000e+00,0.000000000000000000e+00,0.000000000000000000e+00,0.000000000000000000e+00,0.000000000000000000e+00,0.000000000000000000e+00,0.000000000000000000e+00,0.000000000000000000e+00,0.000000000000000000e+00,0.000000000000000000e+00,0.000000000000000000e+00,0.000000000000000000e+00,0.000000000000000000e+00,0.000000000000000000e+00,0.000000000000000000e+00,0.000000000000000000e+00,0.000000000000000000e+00,0.000000000000000000e+00,0.000000000000000000e+00,0.000000000000000000e+00,0.000000000000000000e+00,0.000000000000000000e+00,0.000000000000000000e+00,0.000000000000000000e+00,0.000000000000000000e+00,0.000000000000000000e+00,0.000000000000000000e+00,0.000000000000000000e+00,0.000000000000000000e+00,0.000000000000000000e+00,0.000000000000000000e+00,0.000000000000000000e+00,0.000000000000000000e+00,0.000000000000000000e+00,0.000000000000000000e+00,0.000000000000000000e+00,0.000000000000000000e+00,0.000000000000000000e+00,0.000000000000000000e+00,0.000000000000000000e+00,0.000000000000000000e+00,0.000000000000000000e+00,0.000000000000000000e+00,0.000000000000000000e+00,0.000000000000000000e+00,0.000000000000000000e+00,0.000000000000000000e+00,0.000000000000000000e+00,0.000000000000000000e+00,0.000000000000000000e+00,0.000000000000000000e+00,0.000000000000000000e+00,0.000000000000000000e+00,0.000000000000000000e+00,0.000000000000000000e+00,0.000000000000000000e+00,0.000000000000000000e+00,0.000000000000000000e+00,0.000000000000000000e+00,0.000000000000000000e+00,0.000000000000000000e+00,0.000000000000000000e+00,0.000000000000000000e+00,0.000000000000000000e+00,0.000000000000000000e+00,0.000000000000000000e+00,0.000000000000000000e+00,0.000000000000000000e+00,0.000000000000000000e+00,0.000000000000000000e+00,0.000000000000000000e+00,0.000000000000000000e+00,0.000000000000000000e+00,0.000000000000000000e+00,0.000000000000000000e+00,0.000000000000000000e+00,0.000000000000000000e+00,0.000000000000000000e+00,0.000000000000000000e+00,0.000000000000000000e+00,0.000000000000000000e+00,0.000000000000000000e+00,0.000000000000000000e+00,0.000000000000000000e+00,0.000000000000000000e+00,0.000000000000000000e+00,0.000000000000000000e+00,0.000000000000000000e+00,0.000000000000000000e+00,0.000000000000000000e+00,0.000000000000000000e+00,0.000000000000000000e+00,0.000000000000000000e+00,0.000000000000000000e+00,0.000000000000000000e+00,0.000000000000000000e+00,0.000000000000000000e+00,0.000000000000000000e+00,0.000000000000000000e+00,0.000000000000000000e+00,0.000000000000000000e+00,0.000000000000000000e+00,0.000000000000000000e+00,0.000000000000000000e+00,0.000000000000000000e+00,0.000000000000000000e+00,0.000000000000000000e+00,0.000000000000000000e+00,0.000000000000000000e+00,0.000000000000000000e+00,0.000000000000000000e+00,0.000000000000000000e+00,0.000000000000000000e+00,0.000000000000000000e+00,0.000000000000000000e+00,0.000000000000000000e+00,0.000000000000000000e+00,0.000000000000000000e+00,0.000000000000000000e+00,0.000000000000000000e+00,0.000000000000000000e+00,0.000000000000000000e+00,0.000000000000000000e+00,0.000000000000000000e+00,0.000000000000000000e+00,0.000000000000000000e+00,0.000000000000000000e+00,0.000000000000000000e+00,0.000000000000000000e+00,0.000000000000000000e+00,0.000000000000000000e+00,0.000000000000000000e+00,0.000000000000000000e+00,0.000000000000000000e+00,0.000000000000000000e+00,0.000000000000000000e+00,0.000000000000000000e+00,0.000000000000000000e+00,0.000000000000000000e+00,0.000000000000000000e+00,0.000000000000000000e+00,0.000000000000000000e+00,0.000000000000000000e+00,0.000000000000000000e+00,0.000000000000000000e+00,0.000000000000000000e+00,0.000000000000000000e+00,0.000000000000000000e+00,0.000000000000000000e+00,0.000000000000000000e+00,0.000000000000000000e+00,0.000000000000000000e+00,0.000000000000000000e+00,0.000000000000000000e+00,0.000000000000000000e+00,0.000000000000000000e+00,0.000000000000000000e+00,0.000000000000000000e+00,0.000000000000000000e+00,0.000000000000000000e+00,0.000000000000000000e+00,0.000000000000000000e+00,0.000000000000000000e+00,-2.616960651546927728e-03,-2.377259642276394018e-03,-1.238142441595342126e-03,-4.024256416887969168e-04,1.074069177507957910e-04,3.824471724454965279e-04,5.127673150487849305e-04,5.498240451115733035e-04,5.176121246836982385e-04,4.302752114480403746e-04,2.972767727784681336e-04,1.316633232450786697e-04,-4.958800853199602600e-05,-2.244700249614425239e-04,-3.693903819140026325e-04,-4.631698414761410286e-04,-4.928320518841322042e-04,-4.576530085810922481e-04,-3.702136681587634933e-04,-2.526954462523500061e-04,-1.299595761983638907e-04,-2.239659623478500441e-05,5.809647452448901212e-05,1.081981901910994382e-04,1.306667786133104486e-04,1.313266290353775473e-04,1.167480049742220986e-04,9.291391951867991736e-05,6.464066583622079891e-05,3.544562151259778590e-05,7.631137904494095434e-06,-1.754099162228930131e-05,-3.964795706507479652e-05,-5.890265401556130494e-05,-7.595741600360057712e-05,-9.171524709079979158e-05,-1.071491736121358033e-04,-1.231345240790644377e-04,-1.403048617159234201e-04,-1.589465448316716191e-04,-1.789469610923751495e-04,-1.998067385634193162e-04,-2.207168139396381882e-04,-2.406894499034261043e-04,-2.587206112214900772e-04,-2.739532893774576628e-04,-2.858099784044906594e-04,-2.940692084478126601e-04,-2.988743552255153152e-04,-3.006793183060126095e-04,-3.001497465493320536e-04,-2.980461057123013789e-04,-2.951142519861111972e-04,-2.920020326982873562e-04,-2.892103610975224116e-04,-2.870779991882483652e-04,-2.857930872265998642e-04,-2.854217505572970897e-04,-2.859441211144585215e-04,-2.872898041688429866e-04,-2.893672863621998045e-04,-2.920844075564397861e-04,-2.953593623178156990e-04,-2.991234676191068908e-04,-3.033179665329171202e-04,-3.078874335602769965e-04,-3.127720528804830936e-04,-3.179004010403616476e-04,-3.231836422839421221e-04,-3.285114368389258446e-04,-3.337494729690773068e-04,-3.387383628815601906e-04,-3.432936331522602161e-04,-3.472066091941147727e-04,-3.502460779299073940e-04,-3.521606736592321468e-04,-3.526819623581244306e-04,-3.515282018917727084e-04,-3.484087435424837432e-04,-3.430290200700798872e-04,-3.350960463175220883e-04,-3.243243405972521913e-04,-3.104421634814965897e-04,-2.931979634644082218e-04,-2.723669197929731917e-04,-2.477574790124205287e-04,-2.192177954883487074e-04,-1.866420031020461193e-04,-1.499762657718545992e-04,-1.092245732093964487e-04,-6.445426484166802221e-05,-1.580127313260485454e-05,3.652492387021839674e-05,9.223666784976286711e-05,1.509638630332760267e-04,2.122502076203103575e-04,2.755500929545592545e-04,3.402264335262848087e-04,4.055497830093465999e-04,4.706991861767104829e-04,5.347653057706654948e-04,5.967564453852504261e-04,6.556081559259105450e-04,7.101971497991870289e-04,7.593602267477907305e-04,8.019188157354807797e-04,8.367095426987879690e-04,8.626209350910864085e-04,8.786359446583962181e-04,8.838793637630766933e-04,8.776683708841791220e-04,8.595633362210445324e-04,8.294146671440971253e-04,7.873999761532183032e-04,7.340444224309411328e-04,6.702160817074886024e-04,5.970881807840599902e-04,5.160616588236384980e-04,4.286453919068127340e-04,3.362977763300940641e-04,2.402416995165712198e-04,1.412737282556632940e-04,3.959520602239727878e-05,-6.530478571156297430e-05,-1.746888057846955242e-04,-2.905174204203155963e-04,-4.153013952741936121e-04,-5.518722408900288623e-04,-7.030927836839281865e-04,-8.715322387332330011e-04,-1.059128167792446930e-03,-1.266854623034184774e-03,-1.494416015719372565e-03,-1.739991675899753244e-03,-2.000064274213337982e-03,-2.269370853675601717e-03,-2.541012560057661317e-03,-2.806745160788098360e-03,-3.057448659345777999e-03,-3.283745130797712745e-03,-3.476704558606868826e-03,-3.628555222070936181e-03,-3.733305043060720484e-03,-3.787188991285274711e-03,-3.788883904606567439e-03,-3.739469347474206132e-03,-3.642152512415866312e-03,-3.501807223758574613e-03,-3.324397155657299319e-03,-3.116358034042493279e-03,-2.884004433926043009e-03,-2.633009255649799464e-03,-2.367979415934760249e-03,-2.092128035822811687e-03,-1.807022373488122733e-03,-1.512375322488565196e-03,-1.205840146871705026e-03,-8.827788833249368200e-04,-5.359781320235970214e-04,-1.553232319558840691e-04,2.725595653987260649e-04,7.646012344123211037e-04,1.341449796877546789e-03,2.027154791666448738e-03,2.847962872885196305e-03,3.828968040317268055e-03,4.987115891124684758e-03,6.317369971466764433e-03,7.769764633062122006e-03,9.214201032195550034e-03,1.039704744271200895e-02,1.089744716783404115e-02,1.011787750558691690e-02,7.400431133157066819e-03,2.514724119483065234e-03
0.000000000000000000e+00,0.000000000000000000e+00,0.000000000000000000e+00,0.000000000000000000e+00,0.000000000000000000e+00,0.000000000000000000e+00,0.000000000000000000e+00,0.000000000000000000e+00,0.000000000000000000e+00,0.000000000000000000e+00,0.000000000000000000e+00,0.000000000000000000e+00,0.000000000000000000e+00,0.000000000000000000e+00,0.000000000000000000e+00,0.000000000000000000e+00,0.000000000000000000e+00,0.000000000000000000e+00,0.000000000000000000e+00,0.000000000000000000e+00,0.000000000000000000e+00,0.000000000000000000e+00,0.000000000000000000e+00,0.000000000000000000e+00,0.000000000000000000e+00,0.000000000000000000e+00,0.000000000000000000e+00,0.000000000000000000e+00,0.000000000000000000e+00,0.000000000000000000e+00,0.000000000000000000e+00,0.000000000000000000e+00,0.000000000000000000e+00,0.000000000000000000e+00,0.000000000000000000e+00,0.000000000000000000e+00,0.000000000000000000e+00,0.000000000000000000e+00,0.000000000000000000e+00,0.000000000000000000e+00,0.000000000000000000e+00,0.000000000000000000e+00,0.000000000000000000e+00,0.000000000000000000e+00,0.000000000000000000e+00,0.000000000000000000e+00,0.000000000000000000e+00,0.000000000000000000e+00,0.000000000000000000e+00,0.000000000000000000e+00,0.000000000000000000e+00,0.000000000000000000e+00,0.000000000000000000e+00,0.000000000000000000e+00,0.000000000000000000e+00,0.000000000000000000e+00,0.000000000000000000e+00,0.000000000000000000e+00,0.000000000000000000e+00,0.000000000000000000e+00,0.000000000000000000e+00,0.000000000000000000e+00,0.000000000000000000e+00,0.000000000000000000e+00,0.000000000000000000e+00,0.000000000000000000e+00,0.000000000000000000e+00,0.000000000000000000e+00,0.000000000000000000e+00,0.000000000000000000e+00,0.000000000000000000e+00,0.000000000000000000e+00,0.000000000000000000e+00,0.000000000000000000e+00,0.000000000000000000e+00,0.000000000000000000e+00,0.000000000000000000e+00,0.000000000000000000e+00,0.000000000000000000e+00,0.000000000000000000e+00,0.000000000000000000e+00,0.000000000000000000e+00,0.000000000000000000e+00,0.000000000000000000e+00,0.000000000000000000e+00,0.000000000000000000e+00,0.000000000000000000e+00,0.000000000000000000e+00,0.000000000000000000e+00,0.000000000000000000e+00,0.000000000000000000e+00,0.000000000000000000e+00,0.000000000000000000e+00,0.000000000000000000e+00,0.000000000000000000e+00,0.000000000000000000e+00,0.000000000000000000e+00,0.000000000000000000e+00,0.000000000000000000e+00,0.000000000000000000e+00,0.000000000000000000e+00,0.000000000000000000e+00,0.000000000000000000e+00,0.000000000000000000e+00,0.000000000000000000e+00,0.000000000000000000e+00,0.000000000000000000e+00,0.000000000000000000e+00,0.000000000000000000e+00,0.000000000000000000e+00,0.000000000000000000e+00,0.000000000000000000e+00,0.000000000000000000e+00,0.000000000000000000e+00,0.000000000000000000e+00,0.000000000000000000e+00,0.000000000000000000e+00,0.000000000000000000e+00,0.000000000000000000e+00,0.000000000000000000e+00,0.000000000000000000e+00,0.000000000000000000e+00,0.000000000000000000e+00,0.000000000000000000e+00,0.000000000000000000e+00,0.000000000000000000e+00,0.000000000000000000e+00,0.000000000000000000e+00,0.000000000000000000e+00,0.000000000000000000e+00,0.000000000000000000e+00,0.000000000000000000e+00,0.000000000000000000e+00,0.000000000000000000e+00,0.000000000000000000e+00,0.000000000000000000e+00,0.000000000000000000e+00,0.000000000000000000e+00,0.000000000000000000e+00,0.000000000000000000e+00,0.000000000000000000e+00,0.000000000000000000e+00,0.000000000000000000e+00,0.000000000000000000e+00,0.000000000000000000e+00,0.000000000000000000e+00,0.000000000000000000e+00,0.000000000000000000e+00,0.000000000000000000e+00,0.000000000000000000e+00,0.000000000000000000e+00,0.000000000000000000e+00,0.000000000000000000e+00,0.000000000000000000e+00,0.000000000000000000e+00,0.000000000000000000e+00,0.000000000000000000e+00,0.000000000000000000e+00,0.000000000000000000e+00,0.000000000000000000e+00,0.000000000000000000e+00,0.000000000000000000e+00,0.000000000000000000e+00,0.000000000000000000e+00,0.000000000000000000e+00,0.000000000000000000e+00,0.000000000000000000e+00,0.000000000000000000e+00,0.000000000000000000e+00,0.000000000000000000e+00,0.000000000000000000e+00,0.000000000000000000e+00,0.000000000000000000e+00,0.000000000000000000e+00,0.000000000000000000e+00,-2.721136335038277804e-03,-2.672045178284563390e-03,-1.598441327605323869e-03,-6.484939755848039000e-04,-5.642627597369098030e-05,2.715344380475621239e-04,4.428846253846832181e-04,5.094977481568462941e-04,5.031302399573677397e-04,4.370332824108936359e-04,3.235633119401043543e-04,1.750179896570902408e-04,9.009050465344803450e-06,-1.535973351858195839e-04,-2.901037405082431547e-04,-3.810321272262051097e-04,-4.146182999849806023e-04,-3.906982473723570061e-04,-3.208824414052165587e-04,-2.250134331796203836e-04,-1.247746089453591117e-04,-3.768727068912512018e-05,2.613670936334341698e-05,6.385622404150169309e-05,7.776238603678980652e-05,7.275135866181706504e-05,5.441519751170674431e-05,2.793186294087157573e-05,-2.428238962094519120e-06,-3.344548649555812190e-05,-6.292039116974922129e-05,-8.956914232197054292e-05,-1.128857424101604485e-04,-1.329878408402135294e-04,-1.504499543278499352e-04,-1.661273824288929868e-04,-1.809763300102205225e-04,-1.958820016864955672e-04,-2.115107375935165236e-04,-2.282041619007963980e-04,-2.459301145023586022e-04,-2.642979554269252727e-04,-2.826352536995977815e-04,-3.001116388770923835e-04,-3.158860471181595031e-04,-3.292487485119888029e-04,-3.397310511078340195e-04,-3.471637594726434623e-04,-3.516781327693256068e-04,-3.536565801578141406e-04,-3.536504678706312390e-04,-3.522865681462660306e-04,-3.501815529492169322e-04,-3.478775633720943266e-04,-3.458041872276498992e-04,-3.442656583330860822e-04,-3.434479396564586338e-04,-3.434386185624160783e-04,-3.442526177627048384e-04,-3.458579210486973049e-04,-3.481972513920110089e-04,-3.512035094065216493e-04,-3.548084657824810209e-04,-3.589454826192123348e-04,-3.635477962795018972e-04,-3.685441339451896300e-04,-3.738532676145298744e-04,-3.793787049194773217e-04,-3.850042502965226460e-04,-3.905907708956352087e-04,-3.959742324074262037e-04,-4.009649315838340186e-04,-4.053478110053177733e-04,-4.088837505309181439e-04,-4.113117535607443823e-04,-4.123519620710867873e-04,-4.117094377811433793e-04,-4.090786379032671036e-04,-4.041484999195542739e-04,-3.966080336565268468e-04,-3.861523064542416069e-04,-3.724886987589328519e-04,-3.553433067276951527e-04,-3.344673741360973417e-04,-3.096436503262401958e-04,-2.806925912060486642e-04,-2.474783465985642256e-04,-2.099145047485510981e-04,-1.679695923847029676e-04,-1.216723512006698607e-04,-7.111682729810269213e-05,-1.646731325426815018e-05,4.203682896556946232e-05,1.040764665001657106e-04,1.692481667370913001e-04,2.370599614239652015e-04,3.069276098239857669e-04,3.781716664353066879e-04,4.500157628506498437e-04,5.215866158584516821e-04,5.919163693715819886e-04,6.599479645506727606e-04,7.245442985506937500e-04,7.845019538792790065e-04,8.385702249483762945e-04,8.854760164738106551e-04,9.239549359524582743e-04,9.527885485162918347e-04,9.708472809840822983e-04,9.771378037731828781e-04,9.708528389640624142e-04,9.514202399376803145e-04,9.185469245540004270e-04,8.722519541405042301e-04,8.128819556626953532e-04,7.411015280472966213e-04,6.578517323544746855e-04,5.642717928282152753e-04,4.615831886741054752e-04,3.509414848826588858e-04,2.332689531240143821e-04,1.090888454962617041e-04,-2.161202757255516953e-05,-1.594642586688968522e-04,-3.057164503759970606e-04,-4.621414464382317660e-04,-6.308475519299590112e-04,-8.140076277414369033e-04,-1.013529452053837498e-03,-1.230696850774173423e-03,-1.465813650847137091e-03,-1.717883650024968224e-03,-1.984361329367342452e-03,-2.261009646513356761e-03,-2.541900011415733525e-03,-2.819581878085501703e-03,-3.085433365674982321e-03,-3.330180827571496433e-03,-3.544548250029814791e-03,-3.719971803101348746e-03,-3.849296118661310259e-03,-3.927362676590850400e-03,-3.951410960257708237e-03,-3.921239707726002777e-03,-3.839112208830186210e-03,-3.709427594561948236e-03,-3.538212036830251737e-03,-3.332503064792556851e-03,-3.099705309854724252e-03,-2.846986462495128267e-03,-2.580762660922688873e-03,-2.306297656524851965e-03,-2.027414891838101151e-03,-1.746300085542364534e-03,-1.463360871059328537e-03,-1.177102987169778830e-03,-8.839904621049600626e-04,-5.782581026921018979e-04,-2.516656878304733883e-04,1.068269154580521886e-04,5.114439151414274702e-04,9.800447864913208653e-04,1.534509889422261408e-03,2.200905888332628773e-03,3.008783295280592629e-03,3.988742440927513233e-03,5.166096509510364684e-03,6.547997638163590393e-03,8.099117299287066779e-03,9.702699231261052368e-03,1.110498034817391719e-02,1.185401235785801637e-02,1.126118785135975242e-02,8.485933475807274848e-03,3.013134686871400680e-03
0.000000000000000000e+00,0.000000000000000000e+00,0.000000000000000000e+00,0.000000000000000000e+00,0.000000000000000000e+00,0.000000000000000000e+00,0.000000000000000000e+00,0.000000000000000000e+00,0.000000000000000000e+00,0.000000000000000000e+00,0.000000000000000000e+00,0.000000000000000000e+00,0.000000000000000000e+00,0.000000000000000000e+00,0.000000000000000000e+00,0.000000000000000000e+00,0.000000000000000000e+00,0.000000000000000000e+00,0.000000000000000000e+00,0.000000000000000000e+00,0.000000000000000000e+00,0.000000000000000000e+00,0.000000000000000000e+00,0.000000000000000000e+00,0.000000000000000000e+00,0.000000000000000000e+00,0.000000000000000000e+00,0.000000000000000000e+00,0.000000000000000000e+00,0.000000000000000000e+00,0.000000000000000000e+00,0.000000000000000000e+00,0.000000000000000000e+00,0.000000000000000000e+00,0.000000000000000000e+00,0.000000000000000000e+00,0.000000000000000000e+00,0.000000000000000000e+00,0.000000000000000000e+00,0.000000000000000000e+00,0.000000000000000000e+00,0.000000000000000000e+00,0.000000000000000000e+00,0.000000000000000000e+00,0.000000000000000000e+00,0.000000000000000000e+00,0.000000000000000000e+00,0.000000000000000000e+00,0.000000000000000000e+00,0.000000000000000000e+00,0.000000000000000000e+00,0.000000000000000000e+00,0.000000000000000000e+00,0.000000000000000000e+00,0.000000000000000000e+00,0.000000000000000000e+00,0.000000000000000000e+00,0.000000000000000000e+00,0.000000000000000000e+00,0.000000000000000000e+00,0.000000000000000000e+00,0.000000000000000000e+00,0.000000000000000000e+00,0.000000000000000000e+00,0.000000000000000000e+00,0.000000000000000000e+00,0.000000000000000000e+00,0.000000000000000000e+00,0.000000000000000000e+00,0.000000000000000000e+00,0.000000000000000000e+00,0.000000000000000000e+00,0.000000000000000000e+00,0.000000000000000000e+00,0.000000000000000000e+00,0.000000000000000000e+00,0.000000000000000000e+00,0.000000000000000000e+00,0.000000000000000000e+00,0.000000000000000000e+00,0.000000000000000000e+00,0.000000000000000000e+00,0.000000000000000000e+00,0.000000000000000000e+00,0.000000000000000000e+00,0.000000000000000000e+00,0.000000000000000000e+00,0.000000000000000000e+00,0.000000000000000000e+00,0.000000000000000000e+00,0.000000000000000000e+00,0.000000000000000000e+00,0.000000000000000000e+00,0.000000000000000000e+00,0.000000000000000000e+00,0.000000000000000000e+00,0.000000000000000000e+00,0.000000000000000000e+00,0.000000000000000000e+00,0.000000000000000000e+00,0.000000000000000000e+00,0.000000000000000000e+00,0.000000000000000000e+00,0.000000000000000000e+00,0.000000000000000000e+00,0.000000000000000000e+00,0.000000000000000000e+00,0.000000000000000000e+00,0.000000000000000000e+00,0.000000000000000000e+00,0.000000000000000000e+00,0.000000000000000000e+00,0.000000000000000000e+00,0.000000000000000000e+00,0.000000000000000000e+00,0.000000000000000000e+00,0.000000000000000000e+00,0.000000000000000000e+00,0.000000000000000000e+00,0.000000000000000000e+00,0.000000000000000000e+00,0.000000000000000000e+00,0.000000000000000000e+00,0.000000000000000000e+00,0.000000000000000000e+00,0.000000000000000000e+00,0.000000000000000000e+00,0.000000000000000000e+00,0.000000000000000000e+00,0.000000000000000000e+00,0.000000000000000000e+00,0.000000000000000000e+00,0.000000000000000000e+00,0.000000000000000000e+00,0.000000000000000000e+00,0.000000000000000000e+00,0.000000000000000000e+00,0.000000000000000000e+00,0.000000000000000000e+00,0.000000000000000000e+00,0.000000000000000000e+00,0.000000000000000000e+00,0.000000000000000000e+00,0.000000000000000000e+00,0.000000000000000000e+00,0.000000000000000000e+00,0.000000000000000000e+00,0.000000000000000000e+00,0.000000000000000000e+00,0.000000000000000000e+00,0.000000000000000000e+00,0.000000000000000000e+00,0.000000000000000000e+00,0.000000000000000000e+00,0.000000000000000000e+00,0.000000000000000000e+00,0.000000000000000000e+00,0.000000000000000000e+00,0.000000000000000000e+00,0.000000000000000000e+00,0.000000000000000000e+00,0.000000000000000000e+00,0.000000000000000000e+00,0.000000000000000000e+00,0.000000000000000000e+00,0.000000000000000000e+00,0.000000000000000000e+00,0.000000000000000000e+00,0.000000000000000000e+00,0.000000000000000000e+00,0.000000000000000000e+00,0.000000000000000000e+00,0.000000000000000000e+00,0.000000000000000000e+00,0.000000000000000000e+00,-2.593083080049474361e-03,-3.139709962364397450e-03,-1.940593338225486903e-03,-8.682319238886846476e-04,-2.219233485696988847e-04,1.564378548010397047e-04,3.580531311971353993e-04,4.542371291949450743e-04,4.720811550667512778e-04,4.308199987383757299e-04,3.409474488642908157e-04,2.160382291181239898e-04,7.168478891138684700e-05,-7.251626326969909972e-05,-1.965186819708541013e-04,-2.829125684880555306e-04,-3.216051260993338097e-04,-3.123896786551287239e-04,-2.650921073925402568e-04,-1.961245726864639194e-04,-1.232491065298601271e-04,-6.069374275237017768e-05,-1.671926573100912387e-05,6.238645762241709807e-06,9.862246506201411864e-06,-1.999505910833411522e-06,-2.482676806147225064e-05,-5.430864216948036124e-05,-8.677020492300358543e-05,-1.193335636816539969e-04,-1.499491220922921381e-04,-1.773597336487813274e-04,-2.010244624440969371e-04,-2.210083450867765325e-04,-2.378420438971691475e-04,-2.523571791407389553e-04,-2.655094344414943167e-04,-2.782067573479349342e-04,-2.911628745306478515e-04,-3.047948611740176721e-04,-3.191777962987384521e-04,-3.340606830294437241e-04,-3.489374135875087605e-04,-3.631569683385569669e-04,-3.760501832867269478e-04,-3.870483316762929555e-04,-3.957720355917277713e-04,-4.020771714104253835e-04,-4.060550511501222789e-04,-4.079943055552514674e-04,-4.083186300645925298e-04,-4.075166066589103013e-04,-4.060775072219735917e-04,-4.044421351171295360e-04,-4.029723648163134196e-04,-4.019386524826196508e-04,-4.015220002979730946e-04,-4.018256327237976948e-04,-4.028915790283051773e-04,-4.047180591621991571e-04,-4.072746816170985423e-04,-4.105137173967925699e-04,-4.143768817228132969e-04,-4.187979720964668485e-04,-4.237022845239456128e-04,-4.290039571636194808e-04,-4.346023412958506548e-04,-4.403782816160577889e-04,-4.461909117693860748e-04,-4.518753166360101286e-04,-4.572412235405433302e-04,-4.620727648878911469e-04,-4.661292915530867087e-04,-4.691471853334729060e-04,-4.708426031000682746e-04,-4.709150715235290970e-04,-4.690518372827894391e-04,-4.649328617420798613e-04,-4.582363354294965107e-04,-4.486445768706617495e-04,-4.358501763486545338e-04,-4.195622476427131450e-04,-3.995126622260271950e-04,-3.754621592170542181e-04,-3.472062512435613517e-04,-3.145808778470401902e-04,-2.774677925595215840e-04,-2.357997025762739295e-04,-1.895652089249231164e-04,-1.388136156983179324e-04,-8.365968690189974665e-05,-2.428842395717283349e-05,3.904008616632283473e-05,1.059857453870894224e-04,1.761234971192449192e-04,2.489384938783755679e-04,3.238216130894553042e-04,4.000656606143937672e-04,4.768627095522168843e-04,5.533031266900256557e-04,6.283769389275000285e-04,7.009782837524454729e-04,7.699137532309962379e-04,8.339154459769136706e-04,8.916594522757532483e-04,9.417903028197415795e-04,9.829516217849342246e-04,1.013822842862328920e-03,1.033161339511195521e-03,1.039848632991644244e-03,1.032938445365596354e-03,1.011703299431005463e-03,9.756752434242934842e-04,9.246752576549131580e-04,8.588252006707887062e-04,7.785360743871687621e-04,6.844673228879871989e-04,5.774542488261314973e-04,4.584047258121944557e-04,3.281721385207984573e-04,1.874182443673587460e-04,3.648608942058830727e-05,-1.246926191330910460e-04,-2.966310344771684615e-04,-4.802418446000877969e-04,-6.767031892220648449e-04,-8.872388960128688726e-04,-1.112829516453060948e-03,-1.353881882901105012e-03,-1.609892591015263993e-03,-1.879144884971653594e-03,-2.158479450123254682e-03,-2.443177803359055864e-03,-2.726991431482079890e-03,-3.002338896435234432e-03,-3.260675958304539660e-03,-3.493021413700209740e-03,-3.690596665505736004e-03,-3.845514448349896235e-03,-3.951436452138651183e-03,-4.004115437861181272e-03,-4.001748204858680651e-03,-3.945091012203398410e-03,-3.837324281930013653e-03,-3.683690459075474564e-03,-3.490960186786433526e-03,-3.266801777361081054e-03,-3.019133559637523622e-03,-2.755529122066679732e-03,-2.482724922152187031e-03,-2.206253310368067218e-03,-1.930199300848923095e-03,-1.657057898656043651e-03,-1.387658002204988526e-03,-1.121113245512143572e-03,-8.547654035050017158e-04,-5.840867274515491306e-04,-3.025207418389161125e-04,-1.231726972709875450e-06,3.312450874014314468e-04,7.094850654267424077e-04,1.151747390709092090e-03,1.680610942283661821e-03,2.323393567909068716e-03,3.111991978770549134e-03,4.081030513121033758e-03,5.262715235100497504e-03,6.674745250760593870e-03,8.296611484585625709e-03,1.002722035641546820e-02,1.162102751829956898e-02,1.260736263113444722e-02,1.222525158247204230e-02,9.468056843126593583e-03,3.520744265624840396e-03
0.000000000000000000e+00,0.000000000000000000e+00,0.000000000000000000e+00,0.000000000000000000e+00,0.000000000000000000e+00,0.000000000000000000e+00,0.000000000000000000e+00,0.000000000000000000e+00,0.000000000000000000e+00,0.000000000000000000e+00,0.000000000000000000e+00,0.000000000000000000e+00,0.000000000000000000e+00,0.000000000000000000e+00,0.000000000000000000e+00,0.000000000000000000e+00,0.000000000000000000e+00,0.000000000000000000e+00,0.000000000000000000e+00,0.000000000000000000e+00,0.000000000000000000e+00,0.000000000000000000e+00,0.000000000000000000e+00,0.000000000000000000e+00,0.000000000000000000e+00,0.000000000000000000e+00,0.000000000000000000e+00,0.000000000000000000e+00,0.000000000000000000e+00,0.000000000000000000e+00,0.000000000000000000e+00,0.000000000000000000e+00,0.000000000000000000e+00,0.000000000000000000e+00,0.000000000000000000e+00,0.000000000000000000e+00,0.000000000000000000e+00,0.000000000000000000e+00,0.000000000000000000e+00,0.000000000000000000e+00,0.000000000000000000e+00,0.000000000000000000e+00,0.000000000000000000e+00,0.000000000000000000e+00,0.000000000000000000e+00,0.000000000000000000e+00,0.000000000000000000e+00,0.000000000000000000e+00,0.000000000000000000e+00,0.000000000000000000e+00,0.000000000000000000e+00,0.000000000000000000e+00,0.000000000000000000e+00,0.000000000000000000e+00,0.000000000000000000e+00,0.000000000000000000e+00,0.000000000000000000e+00,0.000000000000000000e+00,0.000000000000000000e+00,0.000000000000000000e+00,0.000000000000000000e+00,0.000000000000000000e+00,0.000000000000000000e+00,0.000000000000000000e+00,0.000000000000000000e+00,0.000000000000000000e+00,0.000000000000000000e+00,0.000000000000000000e+00,0.000000000000000000e+00,0.000000000000000000e+00,0.000000000000000000e+00,0.000000000000000000e+00,0.000000000000000000e+00,0.000000000000000000e+00,0.000000000000000000e+00,0.000000000000000000e+00,0.000000000000000000e+00,0.000000000000000000e+00,0.000000000000000000e+00,0.000000000000000000e+00,0.000000000000000000e+00,0.000000000000000000e+00,0.000000000000000000e+00,0.000000000000000000e+00,0.000000000000000000e+00,0.000000000000000000e+00,0.000000000000000000e+00,0.000000000000000000e+00,0.000000000000000000e+00,0.000000000000000000e+00,0.000000000000000000e+00,0.000000000000000000e+00,0.000000000000000000e+00,0.000000000000000000e+00,0.000000000000000000e+00,0.000000000000000000e+00,0.000000000000000000e+00,0.000000000000000000e+00,0.000000000000000000e+00,0.000000000000000000e+00,0.000000000000000000e+00,0.000000000000000000e+00,0.000000000000000000e+00,0.000000000000000000e+00,0.000000000000000000e+00,0.000000000000000000e+00,0.000000000000000000e+00,0.000000000000000000e+00,0.000000000000000000e+00,0.000000000000000000e+00,0.000000000000000000e+00,0.000000000000000000e+00,0.000000000000000000e+00,0.000000000000000000e+00,0.000000000000000000e+00,0.000000000000000000e+00,0.000000000000000000e+00,0.000000000000000000e+00,0.000000000000000000e+00,0.000000000000000000e+00,0.000000000000000000e+00,0.000000000000000000e+00,0.000000000000000000e+00,0.000000000000000000e+00,0.000000000000000000e+00,0.000000000000000000e+00,0.000000000000000000e+00,0.000000000000000000e+00,0.000000000000000000e+00,0.000000000000000000e+00,0.000000000000000000e+00,0.000000000000000000e+00,0.000000000000000000e+00,0.000000000000000000e+00,0.000000000000000000e+00,0.000000000000000000e+00,0.000000000000000000e+00,0.000000000000000000e+00,0.000000000000000000e+00,0.000000000000000000e+00,0.000000000000000000e+00,0.000000000000000000e+00,0.000000000000000000e+00,0.000000000000000000e+00,0.000000000000000000e+00,0.000000000000000000e+00,0.000000000000000000e+00,0.000000000000000000e+00,0.000000000000000000e+00,0.000000000000000000e+00,0.000000000000000000e+00,0.000000000000000000e+00,0.000000000000000000e+00,0.000000000000000000e+00,0.000000000000000000e+00,0.000000000000000000e+00,0.000000000000000000e+00,0.000000000000000000e+00,0.000000000000000000e+00,0.000000000000000000e+00,0.000000000000000000e+00,0.000000000000000000e+00,0.000000000000000000e+00,0.000000000000000000e+00,0.000000000000000000e+00,0.000000000000000000e+00,0.000000000000000000e+00,0.000000000000000000e+00,0.000000000000000000e+00,0.000000000000000000e+00,0.000000000000000000e+00,0.000000000000000000e+00,0.000000000000000000e+00,0.000000000000000000e+00,0.000000000000000000e+00,0.000000000000000000e+00,-3.584420830044141547e-03,-2.180736859252052715e-03,-1.097796549643367337e-03,-3.731148868576742860e-04,3.615481313257261337e-05,2.714464731901832201e-04,3.902652401992036174e-04,4.327236937897661266e-04,4.146892195979795981e-04,3.502768194187972522e-04,2.507600843234793968e-04,1.310212490021041374e-04,7.492820621618610838e-06,-1.023478926704007885e-04,-1.839292414682022249e-04,-2.284970530622406682e-04,-2.355920401646916310e-04,-2.126532114301314983e-04,-1.723576469732185867e-04,-1.283660045329846483e-04,-9.168038259605797407e-05,-6.877676180991376990e-05,-6.173323553878628329e-05,-6.944528121567185297e-05,-8.905540589667424302e-05,-1.170480534565584426e-04,-1.499326214362641831e-04,-1.846078506880045390e-04,-2.185474861610483828e-04,-2.498858944114167664e-04,-2.774438025987265130e-04,-3.007020545841132390e-04,-3.197266829314617561e-04,-3.350482999767748736e-04,-3.475070028561037458e-04,-3.580798460963000897e-04,-3.677130225464898838e-04,-3.771806530940837680e-04,-3.869882183638450202e-04,-3.973308795249699365e-04,-4.081077531485362135e-04,-4.189838327425195771e-04,-4.294838377221861427e-04,-4.390979285969197365e-04,-4.473790673120001311e-04,-4.540157102109836063e-04,-4.588705815957055175e-04,-4.619844780296931681e-04,-4.635512315308076901e-04,-4.638743518204192307e-04,-4.633169058458202496e-04,-4.622544129403074326e-04,-4.610372188060097936e-04,-4.599652507443780652e-04,-4.592751403398494790e-04,-4.591377639749333155e-04,-4.596632683604835409e-04,-4.609104178999688379e-04,-4.628974077840314057e-04,-4.656119294554887005e-04,-4.690190737226665788e-04,-4.730664483378555158e-04,-4.776865443394489024e-04,-4.827968339806538133e-04,-4.882983076602194234e-04,-4.940731928514752788e-04,-4.999825067059102471e-04,-5.058639424263183587e-04,-5.115304292355334591e-04,-5.167695681584852504e-04,-5.213440409024679102e-04,-5.249930150656486726e-04,-5.274345166597743358e-04,-5.283687030813462695e-04,-5.274819398300015835e-04,-5.244515609025940080e-04,-5.189511747251649180e-04,-5.106563664092953316e-04,-4.992506432101477066e-04,-4.844314749691378159e-04,-4.659162946448180140e-04,-4.434483463033218344e-04,-4.168022974704666873e-04,-3.857895682824266930e-04,-3.502633678057396585e-04,-3.101234653383826666e-04,-2.653207573767674089e-04,-2.158617167634964006e-04,-1.618128259848838988e-04,-1.033050990820803778e-04,-4.053878269190936919e-05,2.621170554953563549e-05,9.659259463066557493e-05,1.701653972198232583e-04,2.464015162873703195e-04,3.246770708858558825e-04,4.042682966163114815e-04,4.843479824842372933e-04,5.639835104865461527e-04,6.421371690707254999e-04,7.176695102158434135e-04,7.893465856571972323e-04,8.558518881289448738e-04,9.158037072390866036e-04,9.677783892358632432e-04,1.010339689961256603e-03,1.042074032166413885e-03,1.061630976139324575e-03,1.067767524661021074e-03,1.059394002575437871e-03,1.035618261394679208e-03,9.957840131172340705e-04,9.394983716903076380e-04,8.666433707133598067e-04,7.773665729793047740e-04,6.720471862663508116e-04,5.512366329046204010e-04,4.155764167032431123e-04,2.657011830635653063e-04,1.021403829850952921e-04,-7.476328143958093893e-05,-2.648979711468914689e-04,-4.683699568846398848e-04,-6.854202657470148414e-04,-9.162667669781388762e-04,-1.160880011396287327e-03,-1.418713609762960225e-03,-1.688420375092389812e-03,-1.967592364880553935e-03,-2.252565640888037728e-03,-2.538328703319338384e-03,-2.818566842042407369e-03,-3.085862676932484006e-03,-3.332055901949689414e-03,-3.548743932066688624e-03,-3.727882437409761694e-03,-3.862424283425464240e-03,-3.946921601543668980e-03,-3.978012700961144552e-03,-3.954725937686020057e-03,-3.878556361259794666e-03,-3.753303903938605326e-03,-3.584697454867405431e-03,-3.379859605080450836e-03,-3.146685982212484283e-03,-2.893217791191754484e-03,-2.627075740604248484e-03,-2.355002788916549412e-03,-2.082536749921792916e-03,-1.813809106603091149e-03,-1.551447186723842620e-03,-1.296546335581290170e-03,-1.048674243714329190e-03,-8.058738497527446511e-04,-5.646321262142544586e-04,-3.197915689762531447e-04,-6.437550564612972315e-05,2.106887458394920813e-04,5.169823472607048154e-04,8.691393975017703243e-04,1.285541021327404540e-03,1.789058124888603636e-03,2.407735264661371635e-03,3.174938170267794200e-03,4.128241792912904981e-03,5.305108416601754182e-03,6.732236960901621242e-03,8.402397948453323509e-03,1.023114582455229675e-02,1.198533906939987584e-02,1.318669010961760757e-02,1.301798088043929803e-02,1.032938868047829015e-02,4.014831446910898868e-03
0.000000000000000000e+00,0.000000000000000000e+00,0.000000000000000000e+00,0.000000000000000000e+00,0.000000000000000000e+00,0.000000000000000000e+00,0.000000000000000000e+00,0.000000000000000000e+00,0.000000000000000000e+00,0.000000000000000000e+00,0.000000000000000000e+00,0.000000000000000000e+00,0.000000000000000000e+00,0.000000000000000000e+00,0.000000000000000000e+00,0.000000000000000000e+00,0.000000000000000000e+00,0.000000000000000000e+00,0.000000000000000000e+00,0.000000000000000000e+00,0.000000000000000000e+00,0.000000000000000000e+00,0.000000000000000000e+00,0.000000000000000000e+00,0.000000000000000000e+00,0.000000000000000000e+00,0.000000000000000000e+00,0.000000000000000000e+00,0.000000000000000000e+00,0.000000000000000000e+00,0.000000000000000000e+00,0.000000000000000000e+00,0.000000000000000000e+00,0.000000000000000000e+00,0.000000000000000000e+00,0.000000000000000000e+00,0.000000000000000000e+00,0.000000000000000000e+00,0.000000000000000000e+00,0.000000000000000000e+00,0.000000000000000000e+00,0.000000000000000000e+00,0.000000000000000000e+00,0.000000000000000000e+00,0.000000000000000000e+00,0.000000000000000000e+00,0.000000000000000000e+00,0.000000000000000000e+00,0.000000000000000000e+00,0.000000000000000000e+00,0.000000000000000000e+00,0.000000000000000000e+00,0.000000000000000000e+00,0.000000000000000000e+00,0.000000000000000000e+00,0.000000000000000000e+00,0.000000000000000000e+00,0.000000000000000000e+00,0.000000000000000000e+00,0.000000000000000000e+00,0.000000000000000000e+00,0.000000000000000000e+00,0.000000000000000000e+00,0.000000000000000000e+00,0.000000000000000000e+00,0.000000000000000000e+00,0.000000000000000000e+00,0.000000000000000000e+00,0.000000000000000000e+00,0.000000000000000000e+00,0.000000000000000000e+00,0.000000000000000000e+00,0.000000000000000000e+00,0.000000000000000000e+00,0.000000000000000000e+00,0.000000000000000000e+00,0.000000000000000000e+00,0.000000000000000000e+00,0.000000000000000000e+00,0.000000000000000000e+00,0.000000000000000000e+00,0.000000000000000000e+00,0.000000000000000000e+00,0.000000000000000000e+00,0.000000000000000000e+00,0.000000000000000000e+00,0.000000000000000000e+00,0.000000000000000000e+00,0.000000000000000000e+00,0.000000000000000000e+00,0.000000000000000000e+00,0.000000000000000000e+00,0.000000000000000000e+00,0.000000000000000000e+00,0.000000000000000000e+00,0.000000000000000000e+00,0.000000000000000000e+00,0.000000000000000000e+00,0.000000000000000000e+00,0.000000000000000000e+00,0.000000000000000000e+00,0.000000000000000000e+00,0.000000000000000000e+00,0.000000000000000000e+00,0.000000000000000000e+00,0.000000000000000000e+00,0.000000000000000000e+00,0.000000000000000000e+00,0.000000000000000000e+00,0.000000000000000000e+00,0.000000000000000000e+00,0.000000000000000000e+00,0.000000000000000000e+00,0.000000000000000000e+00,0.000000000000000000e+00,0.000000000000000000e+00,0.000000000000000000e+00,0.000000000000000000e+00,0.000000000000000000e+00,0.000000000000000000e+00,0.000000000000000000e+00,0.000000000000000000e+00,0.000000000000000000e+00,0.000000000000000000e+00,0.000000000000000000e+00,0.000000000000000000e+00,0.000000000000000000e+00,0.000000000000000000e+00,0.000000000000000000e+00,0.000000000000000000e+00,0.000000000000000000e+00,0.000000000000000000e+00,0.000000000000000000e+00,0.000000000000000000e+00,0.000000000000000000e+00,0.000000000000000000e+00,0.000000000000000000e+00,0.000000000000000000e+00,0.000000000000000000e+00,0.000000000000000000e+00,0.000000000000000000e+00,0.000000000000000000e+00,0.000000000000000000e+00,0.000000000000000000e+00,0.000000000000000000e+00,0.000000000000000000e+00,0.000000000000000000e+00,0.000000000000000000e+00,0.000000000000000000e+00,0.000000000000000000e+00,0.000000000000000000e+00,0.000000000000000000e+00,0.000000000000000000e+00,0.000000000000000000e+00,0.000000000000000000e+00,0.000000000000000000e+00,0.000000000000000000e+00,0.000000000000000000e+00,0.000000000000000000e+00,0.000000000000000000e+00,0.000000000000000000e+00,0.000000000000000000e+00,0.000000000000000000e+00,0.000000000000000000e+00,0.000000000000000000e+00,0.000000000000000000e+00,0.000000000000000000e+00,0.000000000000000000e+00,0.000000000000000000e+00,0.000000000000000000e+00,0.000000000000000000e+00,0.000000000000000000e+00,0.000000000000000000e+00,0.000000000000000000e+00,0.000000000000000000e+00,0.000000000000000000e+00,-4.118114936703821255e-03,-2.558542063898609081e-03,-1.301559598633525005e-03,-5.320710026007652608e-04,-7.332928009893040710e-05,1.848975714899055579e-04,3.275313817417984286e-04,3.889945484956234146e-04,3.929146928200966072e-04,3.512780527675986742e-04,2.763916721421466453e-04,1.802349896880851290e-04,7.701256771160193177e-05,-1.925034475445716028e-05,-9.637805143607010229e-05,-1.470673505700227928e-04,-1.702435794697135490e-04,-1.710002680762695798e-04,-1.583635122670355006e-04,-1.422434197151040754e-04,-1.306919572222922069e-04,-1.285769303189747534e-04,-1.375922278689817877e-04,-1.570809715104310019e-04,-1.849927859258017131e-04,-2.186556641106134253e-04,-2.552811987199028894e-04,-2.922817392016567833e-04,-3.274704523075660286e-04,-3.591917936503104800e-04,-3.863919604378390489e-04,-4.086295549942263916e-04,-4.260240601682723275e-04,-4.391488308714088830e-04,-4.488832546749048813e-04,-4.562461882432812012e-04,-4.622349634464914298e-04,-4.676921793883000254e-04,-4.732161536833212677e-04,-4.791224859785092908e-04,-4.854553136318090338e-04,-4.920391258409461668e-04,-4.985566434250577423e-04,-5.046358694878139107e-04,-5.099303178359469247e-04,-5.141801428004562878e-04,-5.172475272491560945e-04,-5.191256902568619231e-04,-5.199258835761901530e-04,-5.198496901708110889e-04,-5.191546549920213107e-04,-5.181201692676661334e-04,-5.170184581640552540e-04,-5.160932347253632986e-04,-5.155466322103862287e-04,-5.155336093026389272e-04,-5.161621793587457601e-04,-5.174974589058274101e-04,-5.195675737128937826e-04,-5.223697813913339739e-04,-5.258756550583170266e-04,-5.300347004426866817e-04,-5.347762537754686745e-04,-5.400098631661318180e-04,-5.456245695414277787e-04,-5.514875848010851889e-04,-5.574428475336196814e-04,-5.633098599025405679e-04,-5.688831073698092863e-04,-5.739322603027591447e-04,-5.782032652743061092e-04,-5.814203588741567643e-04,-5.832889767006339474e-04,-5.834994833466491818e-04,-5.817316129700578946e-04,-5.776594840723120808e-04,-5.709570355442609773e-04,-5.613037245224296572e-04,-5.483903297712966951e-04,-5.319247173895435199e-04,-5.116374477299123974e-04,-4.872871325981566150e-04,-4.586654880300740085e-04,-4.256020676157778538e-04,-3.879687010008126100e-04,-3.456836983041433001e-04,-2.987159107715040202e-04,-2.470887585427855126e-04,-1.908843460394266567e-04,-1.302477816033834437e-04,-6.539179856105705423e-05,3.398262156320735037e-06,7.575910242012120295e-05,1.512438170142322983e-04,2.293160970104087643e-04,3.093445375713006502e-04,3.905974027142552411e-04,4.722383011731038586e-04,5.533233312158480303e-04,6.328003629994322565e-04,7.095112343604876312e-04,7.821977046860912643e-04,8.495119920471185578e-04,9.100325859083464343e-04,9.622857997389984474e-04,1.004773242825603196e-03,1.036005045762917760e-03,1.054538207661536451e-03,1.059018776303659272e-03,1.048225739096316552e-03,1.021113616019984080e-03,9.768499901191462966e-04,9.148437607465940112e-04,8.347599153397306827e-04,7.365172555991934041e-04,6.202669783080560530e-04,4.863524547712192261e-04,3.352539714386284153e-04,1.675262878788092867e-04,-1.625904447552168946e-05,-2.155516209113873252e-04,-4.298246139816976064e-04,-6.585284079633518155e-04,-9.009882672397791616e-04,-1.156248091026022351e-03,-1.422873195090189075e-03,-1.698735642104850672e-03,-1.980813960138706926e-03,-2.265043627555910020e-03,-2.546254469194236814e-03,-2.818225530730549509e-03,-3.073876928572509375e-03,-3.305602061900119945e-03,-3.505723766149556209e-03,-3.667037014146750772e-03,-3.783382088940533822e-03,-3.850179639133463616e-03,-3.864856465666256704e-03,-3.827100606067859474e-03,-3.738905997241540047e-03,-3.604397439827199037e-03,-3.429459588462810318e-03,-3.221222369253234907e-03,-2.987473106073574008e-03,-2.736069374196260177e-03,-2.474416413977500399e-03,-2.209052307477518684e-03,-1.945359299177205382e-03,-1.687396770619974161e-03,-1.437833837296983172e-03,-1.197950911341621235e-03,-9.676756039178501705e-04,-7.456216550178647318e-04,-5.291014147553197442e-04,-3.140892400184999017e-04,-9.511072575841170401e-05,1.349588628537788692e-04,3.852150211403175279e-04,6.671723392067861963e-04,9.953695226244099661e-04,1.388105528098716171e-03,1.868301254595440162e-03,2.464312478261046404e-03,3.210440241227480434e-03,4.146275923002282725e-03,5.313358975181863009e-03,6.745574395931318822e-03,8.447385651938563861e-03,1.034993006960777812e-02,1.223494683626950158e-02,1.362362212176374682e-02,1.365748579669297247e-02,1.106568130003247191e-02,4.476014816699442830e-03
0.000000000000000000e+00,0.000000000000000000e+00,0.000000000000000000e+00,0.000000000000000000e+00,0.000000000000000000e+00,0.000000000000000000e+00,0.000000000000000000e+00,0.000000000000000000e+00,0.000000000000000000e+00,0.000000000000000000e+00,0.000000000000000000e+00,0.000000000000000000e+00,0.000000000000000000e+00,0.000000000000000000e+00,0.000000000000000000e+00,0.000000000000000000e+00,0.000000000000000000e+00,0.000000000000000000e+00,0.000000000000000000e+00,0.000000000000000000e+00,0.000000000000000000e+00,0.000000000000000000e+00,0.000000000000000000e+00,0.000000000000000000e+00,0.000000000000000000e+00,0.000000000000000000e+00,0.000000000000000000e+00,0.000000000000000000e+00,0.000000000000000000e+00,0.000000000000000000e+00,0.000000000000000000e+00,0.000000000000000000e+00,0.000000000000000000e+00,0.000000000000000000e+00,0.000000000000000000e+00,0.000000000000000000e+00,0.000000000000000000e+00,0.000000000000000000e+00,0.000000000000000000e+00,0.000000000000000000e+00,0.000000000000000000e+00,0.000000000000000000e+00,0.000000000000000000e+00,0.000000000000000000e+00,0.000000000000000000e+00,0.000000000000000000e+00,0.000000000000000000e+00,0.000000000000000000e+00,0.000000000000000000e+00,0.000000000000000000e+00,0.000000000000000000e+00,0.000000000000000000e+00,0.000000000000000000e+00,0.000000000000000000e+00,0.000000000000000000e+00,0.000000000000000000e+00,0.000000000000000000e+00,0.000000000000000000e+00,0.000000000000000000e+00,0.000000000000000000e+00,0.000000000000000000e+00,0.000000000000000000e+00,0.000000000000000000e+00,0.000000000000000000e+00,0.000000000000000000e+00,0.000000000000000000e+00,0.000000000000000000e+00,0.000000000000000000e+00,0.000000000000000000e+00,0.000000000000000000e+00,0.000000000000000000e+00,0.000000000000000000e+00,0.000000000000000000e+00,0.000000000000000000e+00,0.000000000000000000e+00,0.000000000000000000e+00,0.000000000000000000e+00,0.000000000000000000e+00,0.000000000000000000e+00,0.000000000000000000e+00,0.000000000000000000e+00,0.000000000000000000e+00,0.000000000000000000e+00,0.000000000000000000e+00,0.000000000000000000e+00,0.000000000000000000e+00,0.000000000000000000e+00,0.000000000000000000e+00,0.000000000000000000e+00,0.000000000000000000e+00,0.000000000000000000e+00,0.000000000000000000e+00,0.000000000000000000e+00,0.000000000000000000e+00,0.000000000000000000e+00,0.000000000000000000e+00,0.000000000000000000e+00,0.000000000000000000e+00,0.000000000000000000e+00,0.000000000000000000e+00,0.000000000000000000e+00,0.000000000000000000e+00,0.000000000000000000e+00,0.000000000000000000e+00,0.000000000000000000e+00,0.000000000000000000e+00,0.000000000000000000e+00,0.000000000000000000e+00,0.000000000000000000e+00,0.000000000000000000e+00,0.000000000000000000e+00,0.000000000000000000e+00,0.000000000000000000e+00,0.000000000000000000e+00,0.000000000000000000e+00,0.000000000000000000e+00,0.000000000000000000e+00,0.000000000000000000e+00,0.000000000000000000e+00,0.000000000000000000e+00,0.000000000000000000e+00,0.000000000000000000e+00,0.000000000000000000e+00,0.000000000000000000e+00,0.000000000000000000e+00,0.000000000000000000e+00,0.000000000000000000e+00,0.000000000000000000e+00,0.000000000000000000e+00,0.000000000000000000e+00,0.000000000000000000e+00,0.000000000000000000e+00,0.000000000000000000e+00,0.000000000000000000e+00,0.000000000000000000e+00,0.000000000000000000e+00,0.000000000000000000e+00,0.000000000000000000e+00,0.000000000000000000e+00,0.000000000000000000e+00,0.000000000000000000e+00,0.000000000000000000e+00,0.000000000000000000e+00,0.000000000000000000e+00,0.000000000000000000e+00,0.000000000000000000e+00,0.000000000000000000e+00,0.000000000000000000e+00,0.000000000000000000e+00,0.000000000000000000e+00,0.000000000000000000e+00,0.000000000000000000e+00,0.000000000000000000e+00,0.000000000000000000e+00,0.000000000000000000e+00,0.000000000000000000e+00,0.000000000000000000e+00,0.000000000000000000e+00,0.000000000000000000e+00,0.000000000000000000e+00,0.000000000000000000e+00,0.000000000000000000e+00,0.000000000000000000e+00,0.000000000000000000e+00,0.000000000000000000e+00,0.000000000000000000e+00,0.000000000000000000e+00,0.000000000000000000e+00,0.000000000000000000e+00,0.000000000000000000e+00,0.000000000000000000e+00,0.000000000000000000e+00,0.000000000000000000e+00,0.000000000000000000e+00,0.000000000000000000e+00,0.000000000000000000e+00,-4.371008728901156458e-03,-2.918763277173638208e-03,-1.528544114724530393e-03,-6.711256040669191618e-04,-1.782867995318018425e-04,1.085662078651538314e-04,2.674900266243383697e-04,3.462094692601767692e-04,3.667818295862146621e-04,3.447210207329229011e-04,2.904150578363196944e-04,2.148960475339644325e-04,1.292107714678550844e-04,4.478155269245026143e-05,-2.879364824088860743e-05,-8.524736245800171492e-05,-1.230475750600972949e-04,-1.451019896535544920e-04,-1.573295322511993294e-04,-1.664023161105324274e-04,-1.778753640675426336e-04,-1.951818567649051699e-04,-2.195991643327376128e-04,-2.507243921339253408e-04,-2.870861374887153815e-04,-3.266472067295315019e-04,-3.671770038119879414e-04,-4.065205954589089644e-04,-4.428079139627201532e-04,-4.746098278193211441e-04,-5.010375841871133641e-04,-5.217741201560756499e-04,-5.370359540590898114e-04,-5.474736062929732184e-04,-5.540298697848954112e-04,-5.577802584984532363e-04,-5.597810130281153426e-04,-5.609453404020354203e-04,-5.619613447586084163e-04,-5.632564436328657293e-04,-5.650053041073441673e-04,-5.671722072521283384e-04,-5.695751282883609531e-04,-5.719576716721618990e-04,-5.740563022408124360e-04,-5.756534766005522901e-04,-5.766115429859759375e-04,-5.768866209275146789e-04,-5.765252060938478662e-04,-5.756483885867784249e-04,-5.744292357785961900e-04,-5.730683654792151794e-04,-5.717715152849710486e-04,-5.707314674706614587e-04,-5.701153430926175205e-04,-5.700572054655579863e-04,-5.706551716403522037e-04,-5.719718211561457960e-04,-5.740365777803320326e-04,-5.768488621051876160e-04,-5.803810908054786270e-04,-5.845809468466910217e-04,-5.893726863313988396e-04,-5.946575269604818239e-04,-6.003133521092384644e-04,-6.061940608296773449e-04,-6.121289127748599053e-04,-6.179221813358530416e-04,-6.233533619442894200e-04,-6.281781042231944891e-04,-6.321299593472932748e-04,-6.349229641883117692e-04,-6.362550248815184622e-04,-6.358120148974805239e-04,-6.332724670366789068e-04,-6.283127145357150041e-04,-6.206123240291264338e-04,-6.098596617336406785e-04,-5.957574438799452055e-04,-5.780281416615189573e-04,-5.564191390319370590e-04,-5.307075761121148819e-04,-5.007048499808215486e-04,-4.662607845593007435e-04,-4.272675194483912565e-04,-3.836632001313109537e-04,-3.354355771662827874e-04,-2.826256375452748182e-04,-2.253313965884043977e-04,-1.637119711912270539e-04,-9.799203388057348336e-05,-2.846670967723510074e-05,4.449307579523656495e-05,1.204348588836023746e-04,1.988186574273450593e-04,2.790109874757580100e-04,3.602792134628032849e-04,4.417866645657871137e-04,5.225890522313876791e-04,6.016328398777482430e-04,6.777563327362300149e-04,7.496943312726313648e-04,8.160871703214148034e-04,8.754948276760898731e-04,9.264165638415447447e-04,9.673163003415005505e-04,9.966536525777042362e-04,1.012920127836200446e-03,1.014679401537990676e-03,1.000609822020204036e-03,9.695465181865388750e-04,9.205198980049583311e-04,8.527870889034012752e-04,7.658530888399261256e-04,6.594791617257076202e-04,5.336774245859063435e-04,3.886926905657101905e-04,2.249753616676563337e-04,4.315217882964090423e-05,-1.559956740486963885e-04,-3.715360906589908955e-04,-6.023606894381677151e-04,-8.471232978710561360e-04,-1.104140962729646203e-03,-1.371264284741799009e-03,-1.645732806196562861e-03,-1.924039225141144661e-03,-2.201831648845130850e-03,-2.473884510255176632e-03,-2.734165192496009790e-03,-2.976014462931932721e-03,-3.192444906897207516e-03,-3.376544014558341064e-03,-3.521949744159131365e-03,-3.623349493096848176e-03,-3.676942097931653556e-03,-3.680800081544081948e-03,-3.635078019972549142e-03,-3.542032367174030409e-03,-3.405845320974344552e-03,-3.232275034408879123e-03,-3.028180126551359343e-03,-2.800982362126946089e-03,-2.558134225335911057e-03,-2.306648235996898357e-03,-2.052726284284671701e-03,-1.801504799435297254e-03,-1.556911567036338038e-03,-1.321614951734951301e-03,-1.097038345459306610e-03,-8.834098421216675769e-04,-6.798192112013346508e-04,-4.842561421301230665e-04,-2.936092965595199023e-04,-1.036049550716320705e-04,9.133010750331525861e-05,2.983037123510423366e-04,5.263037452987379735e-04,7.866813312895281577e-04,1.093774422064561734e-03,1.465697620296474955e-03,1.925250367190307118e-03,2.500888718861556375e-03,3.227433684640012256e-03,4.145913113865059077e-03,5.300875062066025961e-03,6.732012270768533355e-03,8.453502047851788395e-03,1.041066702224383370e-02,1.240024746093730014e-02,1.394795632748822324e-02,1.416549459959728918e-02,1.168227004219163541e-02,4.890776760942249640e-03
0.000000000000000000e+00,0.000000000000000000e+00,0.000000000000000000e+00,0.000000000000000000e+00,0.000000000000000000e+00,0.000000000000000000e+00,0.000000000000000000e+00,0.000000000000000000e+00,0.000000000000000000e+00,0.000000000000000000e+00,0.000000000000000000e+00,0.000000000000000000e+00,0.000000000000000000e+00,0.000000000000000000e+00,0.000000000000000000e+00,0.000000000000000000e+00,0.000000000000000000e+00,0.000000000000000000e+00,0.000000000000000000e+00,0.000000000000000000e+00,0.000000000000000000e+00,0.000000000000000000e+00,0.000000000000000000e+00,0.000000000000000000e+00,0.000000000000000000e+00,0.000000000000000000e+00,0.000000000000000000e+00,0.000000000000000000e+00,0.000000000000000000e+00,0.000000000000000000e+00,0.000000000000000000e+00,0.000000000000000000e+00,0.000000000000000000e+00,0.000000000000000000e+00,0.000000000000000000e+00,0.000000000000000000e+00,0.000000000000000000e+00,0.000000000000000000e+00,0.000000000000000000e+00,0.000000000000000000e+00,0.000000000000000000e+00,0.000000000000000000e+00,0.000000000000000000e+00,0.000000000000000000e+00,0.000000000000000000e+00,0.000000000000000000e+00,0.000000000000000000e+00,0.000000000000000000e+00,0.000000000000000000e+00,0.000000000000000000e+00,0.000000000000000000e+00,0.000000000000000000e+00,0.000000000000000000e+00,0.000000000000000000e+00,0.000000000000000000e+00,0.000000000000000000e+00,0.000000000000000000e+00,0.000000000000000000e+00,0.000000000000000000e+00,0.000000000000000000e+00,0.000000000000000000e+00,0.000000000000000000e+00,0.000000000000000000e+00,0.000000000000000000e+00,0.000000000000000000e+00,0.000000000000000000e+00,0.000000000000000000e+00,0.000000000000000000e+00,0.000000000000000000e+00,0.000000000000000000e+00,0.000000000000000000e+00,0.000000000000000000e+00,0.000000000000000000e+00,0.000000000000000000e+00,0.000000000000000000e+00,0.000000000000000000e+00,0.000000000000000000e+00,0.000000000000000000e+00,0.000000000000000000e+00,0.000000000000000000e+00,0.000000000000000000e+00,0.000000000000000000e+00,0.000000000000000000e+00,0.000000000000000000e+00,0.000000000000000000e+00,0.000000000000000000e+00,0.000000000000000000e+00,0.000000000000000000e+00,0.000000000000000000e+00,0.000000000000000000e+00,0.000000000000000000e+00,0.000000000000000000e+00,0.000000000000000000e+00,0.000000000000000000e+00,0.000000000000000000e+00,0.000000000000000000e+00,0.000000000000000000e+00,0.000000000000000000e+00,0.000000000000000000e+00,0.000000000000000000e+00,0.000000000000000000e+00,0.000000000000000000e+00,0.000000000000000000e+00,0.000000000000000000e+00,0.000000000000000000e+00,0.000000000000000000e+00,0.000000000000000000e+00,0.000000000000000000e+00,0.000000000000000000e+00,0.000000000000000000e+00,0.000000000000000000e+00,0.000000000000000000e+00,0.000000000000000000e+00,0.000000000000000000e+00,0.000000000000000000e+00,0.000000000000000000e+00,0.000000000000000000e+00,0.000000000000000000e+00,0.000000000000000000e+00,0.000000000000000000e+00,0.000000000000000000e+00,0.000000000000000000e+00,0.000000000000000000e+00,0.000000000000000000e+00,0.000000000000000000e+00,0.000000000000000000e+00,0.000000000000000000e+00,0.000000000000000000e+00,0.000000000000000000e+00,0.000000000000000000e+00,0.000000000000000000e+00,0.000000000000000000e+00,0.000000000000000000e+00,0.000000000000000000e+00,0.000000000000000000e+00,0.000000000000000000e+00,0.000000000000000000e+00,0.000000000000000000e+00,0.000000000000000000e+00,0.000000000000000000e+00,0.000000000000000000e+00,0.000000000000000000e+00,0.000000000000000000e+00,0.000000000000000000e+00,0.000000000000000000e+00,0.000000000000000000e+00,0.000000000000000000e+00,0.000000000000000000e+00,0.000000000000000000e+00,0.000000000000000000e+00,0.000000000000000000e+00,0.000000000000000000e+00,0.000000000000000000e+00,0.000000000000000000e+00,0.000000000000000000e+00,0.000000000000000000e+00,0.000000000000000000e+00,0.000000000000000000e+00,0.000000000000000000e+00,0.000000000000000000e+00,0.000000000000000000e+00,0.000000000000000000e+00,0.000000000000000000e+00,0.000000000000000000e+00,0.000000000000000000e+00,0.000000000000000000e+00,0.000000000000000000e+00,0.000000000000000000e+00,0.000000000000000000e+00,0.000000000000000000e+00,0.000000000000000000e+00,0.000000000000000000e+00,0.000000000000000000e+00,0.000000000000000000e+00,0.000000000000000000e+00,0.000000000000000000e+00,-4.579303556050620325e-03,-3.151244825838323601e-03,-1.749213950537458970e-03,-8.117106123127596244e-04,-2.717326047190996171e-04,3.838765637775469675e-05,2.139276936620378166e-04,3.044379344667752941e-04,3.381063328327987751e-04,3.302007295242788258e-04,2.919445491353655250e-04,2.323394689180732070e-04,1.605628994071288775e-04,8.531155299179758668e-05,1.427239545407012814e-05,-4.738123927470704847e-05,-9.765996967526760681e-05,-1.377971332478542064e-04,-1.711798187654411973e-04,-2.019146503551350123e-04,-2.335026984225606046e-04,-2.681574558178287816e-04,-3.066931381052151700e-04,-3.487828823165255686e-04,-3.933009070183167552e-04,-4.386420297276080087e-04,-4.829850825604839058e-04,-5.245257902632180069e-04,-5.616807157671064492e-04,-5.932547850674973209e-04,-6.185511068148110726e-04,-6.374102502619219011e-04,-6.501758879154215416e-04,-6.575987503468640845e-04,-6.606998865679914899e-04,-6.606192355068506595e-04,-6.584737596312312041e-04,-6.552438665527356154e-04,-6.516988164214248570e-04,-6.483639175106031913e-04,-6.455256236943409482e-04,-6.432660567160764734e-04,-6.415160607129846227e-04,-6.401154952941916394e-04,-6.388708008358026614e-04,-6.376024005863628261e-04,-6.361776983045923503e-04,-6.345285919952623616e-04,-6.326550337250826019e-04,-6.306178318482281954e-04,-6.285245875470301139e-04,-6.265125133907133723e-04,-6.247312132345542602e-04,-6.233275739998503807e-04,-6.224339745096715620e-04,-6.221601804691221423e-04,-6.225886598214341264e-04,-6.237726401738433830e-04,-6.257360459298818602e-04,-6.284744583368843561e-04,-6.319563898613303173e-04,-6.361243878181510299e-04,-6.408957245567523196e-04,-6.461626435341605692e-04,-6.517922869384477165e-04,-6.576265206582568735e-04,-6.634819032987884693e-04,-6.691500302651035492e-04,-6.743984388841719416e-04,-6.789721999559570828e-04,-6.825962569463597460e-04,-6.849785129377978544e-04,-6.858136125043229380e-04,-6.847873225475002799e-04,-6.815813847645447749e-04,-6.758786926005807107e-04,-6.673686380836648963e-04,-6.557524775484869801e-04,-6.407485798492790641e-04,-6.220974439292251438e-04,-5.995664037004493161e-04,-5.729539739274439698e-04,-5.420938296644997557e-04,-5.068584498084731339e-04,-4.671624905811109152e-04,-4.229659834951145854e-04,-3.742774739131344381e-04,-3.211572283802161345e-04,-2.637206418003065333e-04,-2.021419668107690042e-04,-1.366584671204224260e-04,-6.757506136480434034e-05,4.730525976397090802e-06,7.980215687587912797e-05,1.570993466084270808e-04,2.359912275242974009e-04,3.157507243259620065e-04,3.955493475198257184e-04,4.744531109274822121e-04,5.514201972093618533e-04,6.253011204828036202e-04,6.948422217677349124e-04,7.586933200820285446e-04,8.154202092318748500e-04,8.635224806812727026e-04,9.014569318888499645e-04,9.276665876747542967e-04,9.406150337154733443e-04,9.388252444216629335e-04,9.209214074542905774e-04,8.856715684046361685e-04,8.320284531108632390e-04,7.591657144596185422e-04,6.665071522535256443e-04,5.537471908862711409e-04,4.208620943901197810e-04,2.681130370841376806e-04,9.604410438092873630e-05,-9.451973088950907907e-05,-3.024681200507926761e-04,-5.263874199996608234e-04,-7.645237569412026684e-04,-1.014724873416654157e-03,-1.274363879704805023e-03,-1.540254590984946759e-03,-1.808574737275029298e-03,-2.074818506359889323e-03,-2.333802147367852135e-03,-2.579744548619909185e-03,-2.806438164328824494e-03,-3.007514525059991339e-03,-3.176793900577201159e-03,-3.308692560757310174e-03,-3.398646374519773659e-03,-3.443499519062096729e-03,-3.441804865488946267e-03,-3.393989996033901658e-03,-3.302359628978844205e-03,-3.170928806964191590e-03,-3.005106773409320538e-03,-2.811273468897814223e-03,-2.596303944716914398e-03,-2.367098201716917247e-03,-2.130165332266904799e-03,-1.891294866589357526e-03,-1.655329564039742084e-03,-1.426036851659056746e-03,-1.206063447295327353e-03,-9.969507625595909125e-04,-7.991856688826172624e-04,-6.122626910546176372e-04,-4.347351793996308972e-04,-2.642370933363337904e-04,-9.745759435606086735e-05,6.994532102487529776e-05,2.435097783415825267e-04,4.302259563242424065e-04,6.389056527338575747e-04,8.806771738913946219e-04,1.169635902487483432e-03,1.523649690016078530e-03,1.965333523455859918e-03,2.523093710287449207e-03,3.232054419472266214e-03,4.134203516938261651e-03,5.276383966365701811e-03,6.702811189220023690e-03,8.435755778439340408e-03,1.043275314976301570e-02,1.250491987601200401e-02,1.418496075485361184e-02,1.456392814942321368e-02,1.218974688069970717e-02,5.252304775471389534e-03
0.000000000000000000e+00,0.000000000000000000e+00,0.000000000000000000e+00,0.000000000000000000e+00,0.000000000000000000e+00,0.000000000000000000e+00,0.000000000000000000e+00,0.000000000000000000e+00,0.000000000000000000e+00,0.000000000000000000e+00,0.000000000000000000e+00,0.000000000000000000e+00,0.000000000000000000e+00,0.000000000000000000e+00,0.000000000000000000e+00,0.000000000000000000e+00,0.000000000000000000e+00,0.000000000000000000e+00,0.000000000000000000e+00,0.000000000000000000e+00,0.000000000000000000e+00,0.000000000000000000e+00,0.000000000000000000e+00,0.000000000000000000e+00,0.000000000000000000e+00,0.000000000000000000e+00,0.000000000000000000e+00,0.000000000000000000e+00,0.000000000000000000e+00,0.000000000000000000e+00,0.000000000000000000e+00,0.000000000000000000e+00,0.000000000000000000e+00,0.000000000000000000e+00,0.000000000000000000e+00,0.000000000000000000e+00,0.000000000000000000e+00,0.000000000000000000e+00,0.000000000000000000e+00,0.000000000000000000e+00,0.000000000000000000e+00,0.000000000000000000e+00,0.000000000000000000e+00,0.000000000000000000e+00,0.000000000000000000e+00,0.000000000000000000e+00,0.000000000000000000e+00,0.000000000000000000e+00,0.000000000000000000e+00,0.000000000000000000e+00,0.000000000000000000e+00,0.000000000000000000e+00,0.000000000000000000e+00,0.000000000000000000e+00,0.000000000000000000e+00,0.000000000000000000e+00,0.000000000000000000e+00,0.000000000000000000e+00,0.000000000000000000e+00,0.000000000000000000e+00,0.000000000000000000e+00,0.000000000000000000e+00,0.000000000000000000e+00,0.000000000000000000e+00,0.000000000000000000e+00,0.000000000000000000e+00,0.000000000000000000e+00,0.000000000000000000e+00,0.000000000000000000e+00,0.000000000000000000e+00,0.000000000000000000e+00,0.000000000000000000e+00,0.000000000000000000e+00,0.000000000000000000e+00,0.000000000000000000e+00,0.000000000000000000e+00,0.000000000000000000e+00,0.000000000000000000e+00,0.000000000000000000e+00,0.000000000000000000e+00,0.000000000000000000e+00,0.000000000000000000e+00,0.000000000000000000e+00,0.000000000000000000e+00,0.000000000000000000e+00,0.000000000000000000e+00,0.000000000000000000e+00,0.000000000000000000e+00,0.000000000000000000e+00,0.000000000000000000e+00,0.000000000000000000e+00,0.000000000000000000e+00,0.000000000000000000e+00,0.000000000000000000e+00,0.000000000000000000e+00,0.000000000000000000e+00,0.000000000000000000e+00,0.000000000000000000e+00,0.000000000000000000e+00,0.000000000000000000e+00,0.000000000000000000e+00,0.000000000000000000e+00,0.000000000000000000e+00,0.000000000000000000e+00,0.000000000000000000e+00,0.000000000000000000e+00,0.000000000000000000e+00,0.000000000000000000e+00,0.000000000000000000e+00,0.000000000000000000e+00,0.000000000000000000e+00,0.000000000000000000e+00,0.000000000000000000e+00,0.000000000000000000e+00,0.000000000000000000e+00,0.000000000000000000e+00,0.000000000000000000e+00,0.000000000000000000e+00,0.000000000000000000e+00,0.000000000000000000e+00,0.000000000000000000e+00,0.000000000000000000e+00,0.000000000000000000e+00,0.000000000000000000e+00,0.000000000000000000e+00,0.000000000000000000e+00,0.000000000000000000e+00,0.000000000000000000e+00,0.000000000000000000e+00,0.000000000000000000e+00,0.000000000000000000e+00,0.000000000000000000e+00,0.000000000000000000e+00,0.000000000000000000e+00,0.000000000000000000e+00,0.000000000000000000e+00,0.000000000000000000e+00,0.000000000000000000e+00,0.000000000000000000e+00,0.000000000000000000e+00,0.000000000000000000e+00,0.000000000000000000e+00,0.000000000000000000e+00,0.000000000000000000e+00,0.000000000000000000e+00,0.000000000000000000e+00,0.000000000000000000e+00,0.000000000000000000e+00,0.000000000000000000e+00,0.000000000000000000e+00,0.000000000000000000e+00,0.000000000000000000e+00,0.000000000000000000e+00,0.000000000000000000e+00,0.000000000000000000e+00,0.000000000000000000e+00,0.000000000000000000e+00,0.000000000000000000e+00,0.000000000000000000e+00,0.000000000000000000e+00,0.000000000000000000e+00,0.000000000000000000e+00,0.000000000000000000e+00,0.000000000000000000e+00,0.000000000000000000e+00,0.000000000000000000e+00,0.000000000000000000e+00,0.000000000000000000e+00,0.000000000000000000e+00,0.000000000000000000e+00,0.000000000000000000e+00,0.000000000000000000e+00,0.000000000000000000e+00,0.000000000000000000e+00,0.000000000000000000e+00,0.000000000000000000e+00,-4.722898511559670172e-03,-3.347964183186790538e-03,-1.914935354465080973e-03,-9.463263684425966826e-04,-3.590122100032009972e-04,-2.418621654706506121e-05,1.648417653729575738e-04,2.645877681752703482e-04,3.064095087933607956e-04,3.080376871419457114e-04,2.804402833040740665e-04,2.319963310388592406e-04,1.699314132288273597e-04,1.010946477910203877e-04,3.139387907185436764e-05,-3.480378621483693944e-05,-9.532644819972077436e-05,-1.501372677315987751e-04,-2.007697130580173646e-04,-2.493603557637499597e-04,-2.978213942986140299e-04,-3.473391278969688431e-04,-3.982595457663709354e-04,-4.501810441097618687e-04,-5.021345124666734810e-04,-5.527692253802371980e-04,-6.005463032353307046e-04,-6.439357539953265630e-04,-6.816099113220989601e-04,-7.126057850782114775e-04,-7.364324292007263639e-04,-7.531062428090690977e-04,-7.631142402866778829e-04,-7.673182613551133473e-04,-7.668230545184631219e-04,-7.628334411460525009e-04,-7.565232580137152586e-04,-7.489320494917309223e-04,-7.408978851657259997e-04,-7.330274731786158918e-04,-7.256993351024951288e-04,-7.190923391187601516e-04,-7.132303422632524890e-04,-7.080336697819976073e-04,-7.033693618202077136e-04,-6.990941184951419063e-04,-6.950862797548191694e-04,-6.912655608536446032e-04,-6.876012578618898594e-04,-6.841110130072842110e-04,-6.808529168320564748e-04,-6.779138106577759729e-04,-6.753963020261532016e-04,-6.734064099214793391e-04,-6.720430735179729487e-04,-6.713901122045189043e-04,-6.715106913918979974e-04,-6.724439740422278418e-04,-6.742034312579642990e-04,-6.767762328518905739e-04,-6.801232043708240090e-04,-6.841789754650672494e-04,-6.888521096863025727e-04,-6.940251601721528002e-04,-6.995547152914850233e-04,-7.052715720440822867e-04,-7.109812044570284172e-04,-7.164646864813282610e-04,-7.214801962072816882e-04,-7.257651804122340492e-04,-7.290392061004711188e-04,-7.310074741212613378e-04,-7.313649252211325367e-04,-7.298008322832555102e-04,-7.260037473189882894e-04,-7.196666571349544066e-04,-7.104921992319479561e-04,-6.981977971036916562e-04,-6.825205922171344265e-04,-6.632220752311354358e-04,-6.400923511513577574e-04,-6.129540082510454360e-04,-5.816655979493120078e-04,-5.461247682325439225e-04,-5.062711256852199136e-04,-4.620889270019350507e-04,-4.136097201178490354e-04,-3.609150653926802127e-04,-3.041394694897514746e-04,-2.434736561409058409e-04,-1.791682791403054371e-04,-1.115381506993098985e-04,-4.096701247267032624e-05,3.208718605441604780e-05,1.070866149614627588e-04,1.834076996553749646e-04,2.603353585846675407e-04,3.370577258016751445e-04,4.126618354865054850e-04,4.861308599307000351e-04,5.563436211340257740e-04,6.220771965874143843e-04,6.820134463573863590e-04,7.347501729248414899e-04,7.788174295908830563e-04,8.126992958754391183e-04,8.348612564503917399e-04,8.437830713889804156e-04,8.379966026212619509e-04,8.161274693279859131e-04,7.769387995514948032e-04,7.193749387849183476e-04,6.426029018413631283e-04,5.460496340035645487e-04,4.294337474968441598e-04,2.927912846861670379e-04,1.364961739073948077e-04,-3.872273901712313131e-05,-2.317651228905898630e-04,-4.411395190606824624e-04,-6.649374439841176931e-04,-9.007997151896575839e-04,-1.145876571156344108e-03,-1.396787411958736250e-03,-1.649590703055065595e-03,-1.899778687846328477e-03,-2.142313806845404147e-03,-2.371722972231547592e-03,-2.582261329623663192e-03,-2.768148727072105002e-03,-2.923870536571271210e-03,-3.044521394777632145e-03,-3.126158301048672945e-03,-3.166121177158537012e-03,-3.163277092695748142e-03,-3.118150478493719562e-03,-3.032915592584481228e-03,-2.911247031720796182e-03,-2.758045172781375780e-03,-2.579071397277637491e-03,-2.380538862757607729e-03,-2.168706374092718020e-03,-1.949516122872314416e-03,-1.728303395274208591e-03,-1.509591356971486022e-03,-1.296970386470532163e-03,-1.093050729158356665e-03,-8.994709570994584768e-04,-7.169417579511429489e-04,-5.453048109030080807e-04,-3.835876712208647634e-04,-2.300385001212467253e-04,-8.212532256556054268e-05,6.351244121979362242e-05,2.111744350307598501e-04,3.662831934290040046e-04,5.356593739797178150e-04,7.279017340801767271e-04,9.538985565340774020e-04,1.227484583284053042e-03,1.566275205937123693e-03,1.992663919756602463e-03,2.534954990274365400e-03,3.228407352894655750e-03,4.115689078343808503e-03,5.245331367936189107e-03,6.665140755537024390e-03,8.403931459908198232e-03,1.042968281665968000e-02,1.256642242265146488e-02,1.435509511387747690e-02,1.487260280148469498e-02,1.260123977883076569e-02,5.559369006685637923e-03
0.000000000000000000e+00,0.000000000000000000e+00,0.000000000000000000e+00,0.000000000000000000e+00,0.000000000000000000e+00,0.000000000000000000e+00,0.000000000000000000e+00,0.000000000000000000e+00,0.000000000000000000e+00,0.000000000000000000e+00,0.000000000000000000e+00,0.000000000000000000e+00,0.000000000000000000e+00,0.000000000000000000e+00,0.000000000000000000e+00,0.000000000000000000e+00,0.000000000000000000e+00,0.000000000000000000e+00,0.000000000000000000e+00,0.000000000000000000e+00,0.000000000000000000e+00,0.000000000000000000e+00,0.000000000000000000e+00,0.000000000000000000e+00,0.000000000000000000e+00,0.000000000000000000e+00,0.000000000000000000e+00,0.000000000000000000e+00,0.000000000000000000e+00,0.000000000000000000e+00,0.000000000000000000e+00,0.000000000000000000e+00,0.000000000000000000e+00,0.000000000000000000e+00,0.000000000000000000e+00,0.000000000000000000e+00,0.000000000000000000e+00,0.000000000000000000e+00,0.000000000000000000e+00,0.000000000000000000e+00,0.000000000000000000e+00,0.000000000000000000e+00,0.000000000000000000e+00,0.000000000000000000e+00,0.000000000000000000e+00,0.000000000000000000e+00,0.000000000000000000e+00,0.000000000000000000e+00,0.000000000000000000e+00,0.000000000000000000e+00,0.000000000000000000e+00,0.000000000000000000e+00,0.000000000000000000e+00,0.000000000000000000e+00,0.000000000000000000e+00,0.000000000000000000e+00,0.000000000000000000e+00,0.000000000000000000e+00,0.000000000000000000e+00,0.000000000000000000e+00,0.000000000000000000e+00,0.000000000000000000e+00,0.000000000000000000e+00,0.000000000000000000e+00,0.000000000000000000e+00,0.000000000000000000e+00,0.000000000000000000e+00,0.000000000000000000e+00,0.000000000000000000e+00,0.000000000000000000e+00,0.000000000000000000e+00,0.000000000000000000e+00,0.000000000000000000e+00,0.000000000000000000e+00,0.000000000000000000e+00,0.000000000000000000e+00,0.000000000000000000e+00,0.000000000000000000e+00,0.000000000000000000e+00,0.000000000000000000e+00,0.000000000000000000e+00,0.000000000000000000e+00,0.000000000000000000e+00,0.000000000000000000e+00,0.000000000000000000e+00,0.000000000000000000e+00,0.000000000000000000e+00,0.000000000000000000e+00,0.000000000000000000e+00,0.000000000000000000e+00,0.000000000000000000e+00,0.000000000000000000e+00,0.000000000000000000e+00,0.000000000000000000e+00,0.000000000000000000e+00,0.000000000000000000e+00,0.000000000000000000e+00,0.000000000000000000e+00,0.000000000000000000e+00,0.000000000000000000e+00,0.000000000000000000e+00,0.000000000000000000e+00,0.000000000000000000e+00,0.000000000000000000e+00,0.000000000000000000e+00,0.000000000000000000e+00,0.000000000000000000e+00,0.000000000000000000e+00,0.000000000000000000e+00,0.000000000000000000e+00,0.000000000000000000e+00,0.000000000000000000e+00,0.000000000000000000e+00,0.000000000000000000e+00,0.000000000000000000e+00,0.000000000000000000e+00,0.000000000000000000e+00,0.000000000000000000e+00,0.000000000000000000e+00,0.000000000000000000e+00,0.000000000000000000e+00,0.000000000000000000e+00,0.000000000000000000e+00,0.000000000000000000e+00,0.000000000000000000e+00,0.000000000000000000e+00,0.000000000000000000e+00,0.000000000000000000e+00,0.000000000000000000e+00,0.000000000000000000e+00,0.000000000000000000e+00,0.000000000000000000e+00,0.000000000000000000e+00,0.000000000000000000e+00,0.000000000000000000e+00,0.000000000000000000e+00,0.000000000000000000e+00,0.000000000000000000e+00,0.000000000000000000e+00,0.000000000000000000e+00,0.000000000000000000e+00,0.000000000000000000e+00,0.000000000000000000e+00,0.000000000000000000e+00,0.000000000000000000e+00,0.000000000000000000e+00,0.000000000000000000e+00,0.000000000000000000e+00,0.000000000000000000e+00,0.000000000000000000e+00,0.000000000000000000e+00,0.000000000000000000e+00,0.000000000000000000e+00,0.000000000000000000e+00,0.000000000000000000e+00,0.000000000000000000e+00,0.000000000000000000e+00,0.000000000000000000e+00,0.000000000000000000e+00,0.000000000000000000e+00,0.000000000000000000e+00,0.000000000000000000e+00,0.000000000000000000e+00,0.000000000000000000e+00,0.000000000000000000e+00,0.000000000000000000e+00,0.000000000000000000e+00,0.000000000000000000e+00,0.000000000000000000e+00,0.000000000000000000e+00,0.000000000000000000e+00,0.000000000000000000e+00,0.000000000000000000e+00,0.000000000000000000e+00,0.000000000000000000e+00,0.000000000000000000e+00,-4.856865793417935659e-03,-3.502771690019373680e-03,-2.063052808294893806e-03,-1.054405353809627658e-03,-4.394875202208423310e-04,-8.012683104874278686e-05,1.197408525088355133e-04,2.255204158910017543e-04,2.715852919553900626e-04,2.779946279234042942e-04,2.563026656351190453e-04,2.143124346659599404e-04,1.580928774088409528e-04,9.292575649825803431e-05,2.343684673865340941e-05,-4.678308228617641718e-05,-1.154807493398349186e-04,-1.818143344529099244e-04,-2.459998965460910027e-04,-3.087700995634379384e-04,-3.708356613986685496e-04,-4.325621369857265237e-04,-4.938409042978269973e-04,-5.541048877896268942e-04,-6.124010909262290504e-04,-6.675032719565422018e-04,-7.180545179081643595e-04,-7.627383984485612556e-04,-8.004529894645433935e-04,-8.304591385539800011e-04,-8.524736952233459824e-04,-8.666938457751575692e-04,-8.737531501574065905e-04,-8.746246927625218881e-04,-8.704937027010331736e-04,-8.626237989923932680e-04,-8.522368257596190256e-04,-8.404197380818515146e-04,-8.280646815079054394e-04,-8.158423321059655575e-04,-8.042041257482883962e-04,-7.934064896030789717e-04,-7.835491777136208667e-04,-7.746200010737609330e-04,-7.665392939633366379e-04,-7.591990485380110737e-04,-7.524935212442734585e-04,-7.463399557632137415e-04,-7.406896535689192493e-04,-7.355307625250160838e-04,-7.308848090114204677e-04,-7.267991848501654259e-04,-7.233376413848189570e-04,-7.205704500778171593e-04,-7.185653995377993316e-04,-7.173802987134839538e-04,-7.170572270478170734e-04,-7.176184479920025977e-04,-7.190637064877958198e-04,-7.213685506020242697e-04,-7.244833348546802750e-04,-7.283326401621381891e-04,-7.328149527142333855e-04,-7.378025487375472306e-04,-7.431416173068203582e-04,-7.486527062555150495e-04,-7.541315982076216831e-04,-7.593507168913483669e-04,-7.640611380925413235e-04,-7.679952407306354532e-04,-7.708699910258186815e-04,-7.723908101594409133e-04,-7.722559394359864793e-04,-7.701611874498581539e-04,-7.658049249112926574e-04,-7.588931833389078166e-04,-7.491447158750818517e-04,-7.362958892813351855e-04,-7.201052965464095710e-04,-7.003580057274839087e-04,-6.768693927692298737e-04,-6.494885399641459186e-04,-6.181012173688106917e-04,-5.826324976213694863e-04,-5.430490850743733113e-04,-4.993614641108722703e-04,-4.516259896444272661e-04,-3.999470523802397376e-04,-3.444794536182578309e-04,-2.854311163712808285e-04,-2.230662420646853893e-04,-1.577089921621052421e-04,-8.974773194540765133e-05,-1.963981531744627706e-05,5.208318475254524892e-05,1.248099839094820229e-04,1.978441078182454867e-04,2.703987917119435986e-04,3.415927108724355608e-04,4.104470995273409406e-04,4.758849397869459492e-04,5.367330141827381671e-04,5.917276495099425826e-04,6.395248935673602262e-04,6.787156872623837040e-04,7.078464057241806370e-04,7.254449866871509308e-04,7.300526819930317326e-04,7.202611418994834093e-04,6.947540409375638952e-04,6.523519014467584008e-04,5.920583698020907663e-04,5.131060851497818006e-04,4.150004607235845046e-04,2.975601048077560515e-04,1.609531667243497958e-04,5.729524445761220463e-06,-1.671506727812826132e-04,-3.562911979596515002e-04,-5.598357993550052113e-04,-7.754459525727949894e-04,-1.000281733116905941e-03,-1.230989651691773287e-03,-1.463704208030342652e-03,-1.694072655028833500e-03,-1.917314117661672113e-03,-2.128323839786055906e-03,-2.321830203492400869e-03,-2.492606030220806835e-03,-2.635726966786299582e-03,-2.746859719916712114e-03,-2.822553465902377223e-03,-2.860501249489219317e-03,-2.859736732721352218e-03,-2.820736562196463765e-03,-2.745409721403628978e-03,-2.636970686048677268e-03,-2.499709835621259386e-03,-2.338688737780289344e-03,-2.159396572424654610e-03,-1.967405715027031703e-03,-1.768059678063010030e-03,-1.566217271601152983e-03,-1.366065490715526014e-03,-1.171002822743583745e-03,-9.835859690599810592e-04,-8.055272036370265129e-04,-6.377264055620348281e-04,-4.803212894347472987e-04,-3.327397057566003780e-04,-1.937398649344066858e-04,-6.142525953364002405e-05,6.677675488218695068e-05,1.941845775547241485e-04,3.249903049071399997e-04,4.644603183157200096e-04,6.192209864083073273e-04,7.976510608548110148e-04,1.010397802348179984e-03,1.271048265105676443e-03,1.596969959257557017e-03,2.010343340458044074e-03,2.539332911466809627e-03,3.219256165818086459e-03,4.093231520670342037e-03,5.211075794816806030e-03,6.623380691991271468e-03,8.364296225927733350e-03,1.041048986750523972e-02,1.259737846613400748e-02,1.447422789529648375e-02,1.510864504655005242e-02,1.293035280106711975e-02,5.814722147019387583e-03
0.000000000000000000e+00,0.000000000000000000e+00,0.000000000000000000e+00,0.000000000000000000e+00,0.000000000000000000e+00,0.000000000000000000e+00,0.000000000000000000e+00,0.000000000000000000e+00,0.000000000000000000e+00,0.000000000000000000e+00,0.000000000000000000e+00,0.000000000000000000e+00,0.000000000000000000e+00,0.000000000000000000e+00,0.000000000000000000e+00,0.000000000000000000e+00,0.000000000000000000e+00,0.000000000000000000e+00,0.000000000000000000e+00,0.000000000000000000e+00,0.000000000000000000e+00,0.000000000000000000e+00,0.000000000000000000e+00,0.000000000000000000e+00,0.000000000000000000e+00,0.000000000000000000e+00,0.000000000000000000e+00,0.000000000000000000e+00,0.000000000000000000e+00,0.000000000000000000e+00,0.000000000000000000e+00,0.000000000000000000e+00,0.000000000000000000e+00,0.000000000000000000e+00,0.000000000000000000e+00,0.000000000000000000e+00,0.000000000000000000e+00,0.000000000000000000e+00,0.000000000000000000e+00,0.000000000000000000e+00,0.000000000000000000e+00,0.000000000000000000e+00,0.000000000000000000e+00,0.000000000000000000e+00,0.000000000000000000e+00,0.000000000000000000e+00,0.000000000000000000e+00,0.000000000000000000e+00,0.000000000000000000e+00,0.000000000000000000e+00,0.000000000000000000e+00,0.000000000000000000e+00,0.000000000000000000e+00,0.000000000000000000e+00,0.000000000000000000e+00,0.000000000000000000e+00,0.000000000000000000e+00,0.000000000000000000e+00,0.000000000000000000e+00,0.000000000000000000e+00,0.000000000000000000e+00,0.000000000000000000e+00,0.000000000000000000e+00,0.000000000000000000e+00,0.000000000000000000e+00,0.000000000000000000e+00,0.000000000000000000e+00,0.000000000000000000e+00,0.000000000000000000e+00,0.000000000000000000e+00,0.000000000000000000e+00,0.000000000000000000e+00,0.000000000000000000e+00,0.000000000000000000e+00,0.000000000000000000e+00,0.000000000000000000e+00,0.000000000000000000e+00,0.000000000000000000e+00,0.000000000000000000e+00,0.000000000000000000e+00,0.000000000000000000e+00,0.000000000000000000e+00,0.000000000000000000e+00,0.000000000000000000e+00,0.000000000000000000e+00,0.000000000000000000e+00,0.000000000000000000e+00,0.000000000000000000e+00,0.000000000000000000e+00,0.000000000000000000e+00,0.000000000000000000e+00,0.000000000000000000e+00,0.000000000000000000e+00,0.000000000000000000e+00,0.000000000000000000e+00,0.000000000000000000e+00,0.000000000000000000e+00,0.000000000000000000e+00,0.000000000000000000e+00,0.000000000000000000e+00,0.000000000000000000e+00,0.000000000000000000e+00,0.000000000000000000e+00,0.000000000000000000e+00,0.000000000000000000e+00,0.000000000000000000e+00,0.000000000000000000e+00,0.000000000000000000e+00,0.000000000000000000e+00,0.000000000000000000e+00,0.000000000000000000e+00,0.000000000000000000e+00,0.000000000000000000e+00,0.000000000000000000e+00,0.000000000000000000e+00,0.000000000000000000e+00,0.000000000000000000e+00,0.000000000000000000e+00,0.000000000000000000e+00,0.000000000000000000e+00,0.000000000000000000e+00,0.000000000000000000e+00,0.000000000000000000e+00,0.000000000000000000e+00,0.000000000000000000e+00,0.000000000000000000e+00,0.000000000000000000e+00,0.000000000000000000e+00,0.000000000000000000e+00,0.000000000000000000e+00,0.000000000000000000e+00,0.000000000000000000e+00,0.000000000000000000e+00,0.000000000000000000e+00,0.000000000000000000e+00,0.000000000000000000e+00,0.000000000000000000e+00,0.000000000000000000e+00,0.000000000000000000e+00,0.000000000000000000e+00,0.000000000000000000e+00,0.000000000000000000e+00,0.000000000000000000e+00,0.000000000000000000e+00,0.000000000000000000e+00,0.000000000000000000e+00,0.000000000000000000e+00,0.000000000000000000e+00,0.000000000000000000e+00,0.000000000000000000e+00,0.000000000000000000e+00,0.000000000000000000e+00,0.000000000000000000e+00,0.000000000000000000e+00,0.000000000000000000e+00,0.000000000000000000e+00,0.000000000000000000e+00,0.000000000000000000e+00,0.000000000000000000e+00,0.000000000000000000e+00,0.000000000000000000e+00,0.000000000000000000e+00,0.000000000000000000e+00,0.000000000000000000e+00,0.000000000000000000e+00,0.000000000000000000e+00,0.000000000000000000e+00,0.000000000000000000e+00,0.000000000000000000e+00,0.000000000000000000e+00,0.000000000000000000e+00,0.000000000000000000e+00,0.000000000000000000e+00,0.000000000000000000e+00,0.000000000000000000e+00,0.000000000000000000e+00,-4.962984710583690992e-03,-3.646053628210614399e-03,-2.186628764565676317e-03,-1.150837999987837802e-03,-5.053034214180503279e-04,-1.310884715713020161e-04,7.813009492642582264e-05,1.861523052287897555e-04,2.330498864687162333e-04,2.401154695831394907e-04,2.201265705822887597e-04,1.805691170415015705e-04,1.267705218339345782e-04,6.290147141037709670e-05,-7.426580102051516755e-06,-8.124791882503369341e-05,-1.563833504292927445e-04,-2.315051168076394210e-04,-3.059841579772071382e-04,-3.795858420204595881e-04,-4.521638971915488653e-04,-5.234416756291761187e-04,-5.929060456627449930e-04,-6.597785404866574619e-04,-7.230414405508885263e-04,-7.815075226834845715e-04,-8.339358705733682271e-04,-8.791790240202071623e-04,-9.163361237907233486e-04,-9.448788667439090823e-04,-9.647249257305176616e-04,-9.762461773162373806e-04,-9.802156647502001906e-04,-9.777088685472697886e-04,-9.699812051371790216e-04,-9.583434585900376442e-04,-9.440525133122568699e-04,-9.282281612772730209e-04,-9.118003620778752146e-04,-8.954861086192090298e-04,-8.797915801510629253e-04,-8.650334026534163296e-04,-8.513722245530763082e-04,-8.388521179826574550e-04,-8.274402364659493936e-04,-8.170624661036091779e-04,-8.076322902977445782e-04,-7.990715594063145044e-04,-7.913231241444983102e-04,-7.843562473793332145e-04,-7.781662871015116757e-04,-7.727703720686866133e-04,-7.682007306512186971e-04,-7.644970818058100057e-04,-7.616991418062114263e-04,-7.598399248771805928e-04,-7.589401756436851918e-04,-7.590040064222819492e-04,-7.600156371457049637e-04,-7.619370494512899255e-04,-7.647063534415563836e-04,-7.682367025929297396e-04,-7.724156548617480906e-04,-7.771049435532194219e-04,-7.821406757563116553e-04,-7.873340091839475417e-04,-7.924723698965304092e-04,-7.973212642003135687e-04,-8.016267151985377072e-04,-8.051183216382586279e-04,-8.075129017480560303e-04,-8.085186498311506273e-04,-8.078397044903732390e-04,-8.051810043653844385e-04,-8.002532943110286833e-04,-7.927781401055410517e-04,-7.824928156535393680e-04,-7.691549399426663184e-04,-7.525467630909915334e-04,-7.324790274847025207e-04,-7.087943619922908558e-04,-6.813702001030575404e-04,-6.501212472354138145e-04,-6.150015539735298117e-04,-5.760062811830569821e-04,-5.331732657348124769e-04,-4.865845130553004758e-04,-4.363677517703894886e-04,-3.826981877392284610e-04,-3.258005865885123058e-04,-2.659517966373975981e-04,-2.034837951319472260e-04,-1.387873011396931493e-04,-7.231594413365464026e-05,-4.590907548864830187e-06,6.379411951395546037e-05,1.321679420896650786e-04,1.997771607218993802e-04,2.657822084831950606e-04,3.292546493080117788e-04,3.891763736507189019e-04,4.444414419938140081e-04,4.938613889069469638e-04,5.361747546352745638e-04,5.700614570928344647e-04,5.941624270881680752e-04,6.071047717483255305e-04,6.075325850957698313e-04,5.941432828773495758e-04,5.657289307402064114e-04,5.212215285254729420e-04,4.597407853090821261e-04,3.806427117235987767e-04,2.835673890105724839e-04,1.684844712204808974e-04,3.573524239314832099e-05,-1.139297026879035373e-04,-2.793179395076834655e-04,-4.587686906161959270e-04,-6.501334794554112497e-04,-8.507658925963022811e-04,-1.057523570158598603e-03,-1.266787045995000031e-03,-1.474501514094194105e-03,-1.676248436316971242e-03,-1.867353455223105503e-03,-2.043034756504239456e-03,-2.198591571129919139e-03,-2.329626170899881058e-03,-2.432285358255412058e-03,-2.503500522164615449e-03,-2.541200579470481984e-03,-2.544471180531422249e-03,-2.513637395495209922e-03,-2.450255582399472540e-03,-2.357011870731987382e-03,-2.237537299403657629e-03,-2.096160468117458982e-03,-1.937625402824125946e-03,-1.766804153734749397e-03,-1.588430703759721339e-03,-1.406876329961524947e-03,-1.225978361921636287e-03,-1.048926063711271440e-03,-8.782002342877652827e-04,-7.155580175772182543e-04,-5.620511198157091557e-04,-4.180643465088853877e-04,-2.833611606682355380e-04,-1.571239951910796977e-04,-3.797778331804245482e-05,7.601320608820566992e-05,1.873853521478040360e-04,2.993614464963612553e-04,4.159937230332355781e-04,5.423750525964836974e-04,6.849352936253634040e-04,8.518387513759391677e-04,1.053509246759892900e-03,1.303303795234126610e-03,1.618367936584868367e-03,2.020678492794056140e-03,2.538261687058272244e-03,3.206430293404883419e-03,4.068618575749477148e-03,5.175592022814033341e-03,6.580141051047692403e-03,8.320691993973868342e-03,1.038114413748348133e-02,1.260666721895560213e-02,1.455450769766657333e-02,1.528630916540097556e-02,1.319011946215147869e-02,6.023390209549568663e-03
0.000000000000000000e+00,0.000000000000000000e+00,0.000000000000000000e+00,0.000000000000000000e+00,0.000000000000000000e+00,0.000000000000000000e+00,0.000000000000000000e+00,0.000000000000000000e+00,0.000000000000000000e+00,0.000000000000000000e+00,0.000000000000000000e+00,0.000000000000000000e+00,0.000000000000000000e+00,0.000000000000000000e+00,0.000000000000000000e+00,0.000000000000000000e+00,0.000000000000000000e+00,0.000000000000000000e+00,0.000000000000000000e+00,0.000000000000000000e+00,0.000000000000000000e+00,0.000000000000000000e+00,0.000000000000000000e+00,0.000000000000000000e+00,0.000000000000000000e+00,0.000000000000000000e+00,0.000000000000000000e+00,0.000000000000000000e+00,0.000000000000000000e+00,0.000000000000000000e+00,0.000000000000000000e+00,0.000000000000000000e+00,0.000000000000000000e+00,0.000000000000000000e+00,0.000000000000000000e+00,0.000000000000000000e+00,0.000000000000000000e+00,0.000000000000000000e+00,0.000000000000000000e+00,0.000000000000000000e+00,0.000000000000000000e+00,0.000000000000000000e+00,0.000000000000000000e+00,0.000000000000000000e+00,0.000000000000000000e+00,0.000000000000000000e+00,0.000000000000000000e+00,0.000000000000000000e+00,0.000000000000000000e+00,0.000000000000000000e+00,0.000000000000000000e+00,0.000000000000000000e+00,0.000000000000000000e+00,0.000000000000000000e+00,0.000000000000000000e+00,0.000000000000000000e+00,0.000000000000000000e+00,0.000000000000000000e+00,0.000000000000000000e+00,0.000000000000000000e+00,0.000000000000000000e+00,0.000000000000000000e+00,0.000000000000000000e+00,0.000000000000000000e+00,0.000000000000000000e+00,0.000000000000000000e+00,0.000000000000000000e+00,0.000000000000000000e+00,0.000000000000000000e+00,0.000000000000000000e+00,0.000000000000000000e+00,0.000000000000000000e+00,0.000000000000000000e+00,0.000000000000000000e+00,0.000000000000000000e+00,0.000000000000000000e+00,0.000000000000000000e+00,0.000000000000000000e+00,0.000000000000000000e+00,0.000000000000000000e+00,0.000000000000000000e+00,0.000000000000000000e+00,0.000000000000000000e+00,0.000000000000000000e+00,0.000000000000000000e+00,0.000000000000000000e+00,0.000000000000000000e+00,0.000000000000000000e+00,0.000000000000000000e+00,0.000000000000000000e+00,0.000000000000000000e+00,0.000000000000000000e+00,0.000000000000000000e+00,0.000000000000000000e+00,0.000000000000000000e+00,0.000000000000000000e+00,0.000000000000000000e+00,0.000000000000000000e+00,0.000000000000000000e+00,0.000000000000000000e+00,0.000000000000000000e+00,0.000000000000000000e+00,0.000000000000000000e+00,0.000000000000000000e+00,0.000000000000000000e+00,0.000000000000000000e+00,0.000000000000000000e+00,0.000000000000000000e+00,0.000000000000000000e+00,0.000000000000000000e+00,0.000000000000000000e+00,0.000000000000000000e+00,0.000000000000000000e+00,0.000000000000000000e+00,0.000000000000000000e+00,0.000000000000000000e+00,0.000000000000000000e+00,0.000000000000000000e+00,0.000000000000000000e+00,0.000000000000000000e+00,0.000000000000000000e+00,0.000000000000000000e+00,0.000000000000000000e+00,0.000000000000000000e+00,0.000000000000000000e+00,0.000000000000000000e+00,0.000000000000000000e+00,0.000000000000000000e+00,0.000000000000000000e+00,0.000000000000000000e+00,0.000000000000000000e+00,0.000000000000000000e+00,0.000000000000000000e+00,0.000000000000000000e+00,0.000000000000000000e+00,0.000000000000000000e+00,0.000000000000000000e+00,0.000000000000000000e+00,0.000000000000000000e+00,0.000000000000000000e+00,0.000000000000000000e+00,0.000000000000000000e+00,0.000000000000000000e+00,0.000000000000000000e+00,0.000000000000000000e+00,0.000000000000000000e+00,0.000000000000000000e+00,0.000000000000000000e+00,0.000000000000000000e+00,0.000000000000000000e+00,0.000000000000000000e+00,0.000000000000000000e+00,0.000000000000000000e+00,0.000000000000000000e+00,0.000000000000000000e+00,0.000000000000000000e+00,0.000000000000000000e+00,0.000000000000000000e+00,0.000000000000000000e+00,0.000000000000000000e+00,0.000000000000000000e+00,0.000000000000000000e+00,0.000000000000000000e+00,0.000000000000000000e+00,0.000000000000000000e+00,0.000000000000000000e+00,0.000000000000000000e+00,0.000000000000000000e+00,0.000000000000000000e+00,0.000000000000000000e+00,0.000000000000000000e+00,0.000000000000000000e+00,0.000000000000000000e+00,0.000000000000000000e+00,0.000000000000000000e+00,0.000000000000000000e+00,-5.057301762379475679e-03,-3.770860894581040332e-03,-2.301494072005443123e-03,-1.231977746871478277e-03,-5.640620746576045829e-04,-1.749285629146934311e-04,3.780791570793361883e-05,1.459284012438253047e-04,1.899866504126800743e-04,1.945489519347185056e-04,1.727104863267979701e-04,1.323639988102431517e-04,7.819631283481294005e-05,1.369378310075732133e-05,-5.833449676069867127e-05,-1.354310512314297547e-04,-2.155782334551811189e-04,-2.972157469213607323e-04,-3.792112501683113715e-04,-4.607113826247642165e-04,-5.409800420868372036e-04,-6.192637382138928975e-04,-6.947081010618077297e-04,-7.663232024767835642e-04,-8.329916976043232058e-04,-8.935244319740645157e-04,-9.467599137986854084e-04,-9.916932274952150288e-04,-1.027605442918952394e-03,-1.054164712841798622e-03,-1.071476154415011836e-03,-1.080072602433181962e-03,-1.080851763745775901e-03,-1.074976068781307746e-03,-1.063755344659983925e-03,-1.048531669212710753e-03,-1.030580814045056531e-03,-1.011038752321717638e-03,-9.908559914806561609e-04,-9.707782337634134062e-04,-9.513491144406521468e-04,-9.329294630592727686e-04,-9.157271977661880519e-04,-8.998323468280839798e-04,-8.852525234805371304e-04,-8.719452673779606476e-04,-8.598448803507849087e-04,-8.488825598300325055e-04,-8.389996638054713057e-04,-8.301547195661343730e-04,-8.223252916500033540e-04,-8.155060447376506717e-04,-8.097043387408078222e-04,-8.049345281943803658e-04,-8.012118897391112956e-04,-7.985468193171317390e-04,-7.969396821155379706e-04,-7.963764848330863368e-04,-7.968253938797449296e-04,-7.982340380537233547e-04,-8.005275066900724825e-04,-8.036069624647113399e-04,-8.073488194709759359e-04,-8.116044713701419788e-04,-8.162005842111273897e-04,-8.209399833018763597e-04,-8.256031652137855266e-04,-8.299504523991640091e-04,-8.337247859782365850e-04,-8.366551228444432274e-04,-8.384603738426400776e-04,-8.388537907392915093e-04,-8.375476870454587287e-04,-8.342583603095538340e-04,-8.287110756580409092e-04,-8.206449695620871227e-04,-8.098177420326665423e-04,-7.960100209616142704e-04,-7.790293059820786346e-04,-7.587134265244580575e-04,-7.349334808994109017e-04,-7.075962555932448174e-04,-6.766461576352093962e-04,-6.420667233221933213e-04,-6.038817948363340259e-04,-5.621564779875292935e-04,-5.169980109812177382e-04,-4.685566821366491590e-04,-4.170269356508753285e-04,-3.626487952635246582e-04,-3.057097177225569337e-04,-2.465469586340184060e-04,-1.855504949522227996e-04,-1.231664974353629941e-04,-5.990128217361984585e-05,3.674410909231186632e-06,6.692105602558043396e-05,1.291262317607045642e-04,1.895011820397607481e-04,2.471785460604294829e-04,3.012118455743341438e-04,3.505774215582514969e-04,3.941795919784653063e-04,4.308598000653624470e-04,4.594104068003670408e-04,4.785935945824061274e-04,4.871656679234119612e-04,4.839068883305189380e-04,4.676567914787863696e-04,4.373546127941271150e-04,3.920839946118337502e-04,3.311206910188011681e-04,2.539816668897786631e-04,1.604738552634608082e-04,5.074083468616119065e-05,-7.469427701659689010e-05,-2.148914274300436022e-04,-3.684635623072945575e-04,-5.335559698575351130e-04,-7.078375198423717376e-04,-8.885068126346141754e-04,-1.072316850756096238e-03,-1.255622342285674271e-03,-1.434453834492890401e-03,-1.604622156414456033e-03,-1.761854733281825432e-03,-1.901962026265812322e-03,-2.021027793699763358e-03,-2.115611661904766121e-03,-2.182947641309523467e-03,-2.221118975197984655e-03,-2.229189216427366824e-03,-2.207272373553069694e-03,-2.156531230390962110e-03,-2.079101537224838266e-03,-1.977949032977488909e-03,-1.856674340870314611e-03,-1.719286178569459991e-03,-1.569965274070505429e-03,-1.412839927927670184e-03,-1.251790104595725548e-03,-1.090291288941744405e-03,-9.313032911852461328e-04,-7.772035576249577840e-04,-6.297600312099195649e-04,-4.901353806655191214e-04,-3.589126598158600659e-04,-2.361316406554348098e-04,-1.213253990274797676e-04,-1.354712628982012635e-05,8.862174406705660258e-05,1.870908773192020945e-04,2.843157823806411670e-04,3.833973291904746320e-04,4.882353126287172968e-04,6.037493792334138734e-04,7.361810445502316993e-04,8.934980086270965984e-04,1.085921257819817687e-03,1.326605955371453838e-03,1.632498733386680400e-03,2.025397558928382705e-03,2.533189427554568933e-03,3.191157650996893566e-03,4.042938359814028659e-03,5.140015831568634647e-03,6.536885733946190373e-03,8.275430206352131848e-03,1.034548386773861441e-02,1.260052833398656556e-02,1.460509886600475093e-02,1.541730430130437181e-02,1.339234565453697838e-02,6.191407803002427906e-03
0.000000000000000000e+00,0.000000000000000000e+00,0.000000000000000000e+00,0.000000000000000000e+00,0.000000000000000000e+00,0.000000000000000000e+00,0.000000000000000000e+00,0.000000000000000000e+00,0.000000000000000000e+00,0.000000000000000000e+00,0.000000000000000000e+00,0.000000000000000000e+00,0.000000000000000000e+00,0.000000000000000000e+00,0.000000000000000000e+00,0.000000000000000000e+00,0.000000000000000000e+00,0.000000000000000000e+00,0.000000000000000000e+00,0.000000000000000000e+00,0.000000000000000000e+00,0.000000000000000000e+00,0.000000000000000000e+00,0.000000000000000000e+00,0.000000000000000000e+00,0.000000000000000000e+00,0.000000000000000000e+00,0.000000000000000000e+00,0.000000000000000000e+00,0.000000000000000000e+00,0.000000000000000000e+00,0.000000000000000000e+00,0.000000000000000000e+00,0.000000000000000000e+00,0.000000000000000000e+00,0.000000000000000000e+00,0.000000000000000000e+00,0.000000000000000000e+00,0.000000000000000000e+00,0.000000000000000000e+00,0.000000000000000000e+00,0.000000000000000000e+00,0.000000000000000000e+00,0.000000000000000000e+00,0.000000000000000000e+00,0.000000000000000000e+00,0.000000000000000000e+00,0.000000000000000000e+00,0.000000000000000000e+00,0.000000000000000000e+00,0.000000000000000000e+00,0.000000000000000000e+00,0.000000000000000000e+00,0.000000000000000000e+00,0.000000000000000000e+00,0.000000000000000000e+00,0.000000000000000000e+00,0.000000000000000000e+00,0.000000000000000000e+00,0.000000000000000000e+00,0.000000000000000000e+00,0.000000000000000000e+00,0.000000000000000000e+00,0.000000000000000000e+00,0.000000000000000000e+00,0.000000000000000000e+00,0.000000000000000000e+00,0.000000000000000000e+00,0.000000000000000000e+00,0.000000000000000000e+00,0.000000000000000000e+00,0.000000000000000000e+00,0.000000000000000000e+00,0.000000000000000000e+00,0.000000000000000000e+00,0.000000000000000000e+00,0.000000000000000000e+00,0.000000000000000000e+00,0.000000000000000000e+00,0.000000000000000000e+00,0.000000000000000000e+00,0.000000000000000000e+00,0.000000000000000000e+00,0.000000000000000000e+00,0.000000000000000000e+00,0.000000000000000000e+00,0.000000000000000000e+00,0.000000000000000000e+00,0.000000000000000000e+00,0.000000000000000000e+00,0.000000000000000000e+00,0.000000000000000000e+00,0.000000000000000000e+00,0.000000000000000000e+00,0.000000000000000000e+00,0.000000000000000000e+00,0.000000000000000000e+00,0.000000000000000000e+00,0.000000000000000000e+00,0.000000000000000000e+00,0.000000000000000000e+00,0.000000000000000000e+00,0.000000000000000000e+00,0.000000000000000000e+00,0.000000000000000000e+00,0.000000000000000000e+00,0.000000000000000000e+00,0.000000000000000000e+00,0.000000000000000000e+00,0.000000000000000000e+00,0.000000000000000000e+00,0.000000000000000000e+00,0.000000000000000000e+00,0.000000000000000000e+00,0.000000000000000000e+00,0.000000000000000000e+00,0.000000000000000000e+00,0.000000000000000000e+00,0.000000000000000000e+00,0.000000000000000000e+00,0.000000000000000000e+00,0.000000000000000000e+00,0.000000000000000000e+00,0.000000000000000000e+00,0.000000000000000000e+00,0.000000000000000000e+00,0.000000000000000000e+00,0.000000000000000000e+00,0.000000000000000000e+00,0.000000000000000000e+00,0.000000000000000000e+00,0.000000000000000000e+00,0.000000000000000000e+00,0.000000000000000000e+00,0.000000000000000000e+00,0.000000000000000000e+00,0.000000000000000000e+00,0.000000000000000000e+00,0.000000000000000000e+00,0.000000000000000000e+00,0.000000000000000000e+00,0.000000000000000000e+00,0.000000000000000000e+00,0.000000000000000000e+00,0.000000000000000000e+00,0.000000000000000000e+00,0.000000000000000000e+00,0.000000000000000000e+00,0.000000000000000000e+00,0.000000000000000000e+00,0.000000000000000000e+00,0.000000000000000000e+00,0.000000000000000000e+00,0.000000000000000000e+00,0.000000000000000000e+00,0.000000000000000000e+00,0.000000000000000000e+00,0.000000000000000000e+00,0.000000000000000000e+00,0.000000000000000000e+00,0.000000000000000000e+00,0.000000000000000000e+00,0.000000000000000000e+00,0.000000000000000000e+00,0.000000000000000000e+00,0.000000000000000000e+00,0.000000000000000000e+00,0.000000000000000000e+00,0.000000000000000000e+00,0.000000000000000000e+00,0.000000000000000000e+00,0.000000000000000000e+00,0.000000000000000000e+00,0.000000000000000000e+00,0.000000000000000000e+00,0.000000000000000000e+00,-5.134608076148393721e-03,-3.886196893899841482e-03,-2.403215128080352092e-03,-1.306717153915671649e-03,-6.148443343633135365e-04,-2.163540408769989792e-04,-1.221859672859939544e-06,1.030520522477656591e-04,1.421595673706110158e-04,1.412389759753037398e-04,1.150581195546787199e-04,7.135413748102852299e-05,1.477046823830546513e-05,-5.184492459254637863e-05,-1.261858294649017241e-04,-2.062679664026235570e-04,-2.902555772902805798e-04,-3.765420280650534288e-04,-4.637308169591395322e-04,-5.506059112556217598e-04,-6.360482275668208080e-04,-7.189667624792147769e-04,-7.982407900546703138e-04,-8.726975812002493553e-04,-9.411238827885553453e-04,-1.002320786472641690e-03,-1.055195553995864031e-03,-1.098873934377681992e-03,-1.132806315001707751e-03,-1.156842631584077295e-03,-1.171258637545592816e-03,-1.176729300051903735e-03,-1.174257180351290491e-03,-1.165071673497962423e-03,-1.150517542669731190e-03,-1.131949328581710601e-03,-1.110643391889508174e-03,-1.087733875875540731e-03,-1.064174032687020171e-03,-1.040720856783416536e-03,-1.017938881803567581e-03,-9.962181181982711527e-04,-9.758010004615396511e-04,-9.568136721238838273e-04,-9.392976911792403228e-04,-9.232391762602532069e-04,-9.085934029641262255e-04,-8.953038168412087846e-04,-8.833152478064433023e-04,-8.725817477759603875e-04,-8.630698849706752458e-04,-8.547585343534201859e-04,-8.476362289647063801e-04,-8.416970380907093808e-04,-8.369357620909548181e-04,-8.333430307148338408e-04,-8.309006952493361601e-04,-8.295777408899160030e-04,-8.293268251626685758e-04,-8.300814728642544630e-04,-8.317539221271384991e-04,-8.342336079610193980e-04,-8.373862781131130193e-04,-8.410537483595089368e-04,-8.450543143161637306e-04,-8.491838372909121585e-04,-8.532175137864680958e-04,-8.569123200890890616e-04,-8.600101004903710437e-04,-8.622412400686446784e-04,-8.633288370893880525e-04,-8.629932654057638226e-04,-8.609569993928210645e-04,-8.569495610729185647e-04,-8.507124455924565919e-04,-8.420038839938571952e-04,-8.306033145619926266e-04,-8.163154517494956332e-04,-7.989738671263102313e-04,-7.784440250800110823e-04,-7.546257488156554033e-04,-7.274551245035769430e-04,-6.969058847975148196e-04,-6.629903424567109042e-04,-6.257599720477849663e-04,-5.853057579626907070e-04,-5.417584421812684202e-04,-4.952888113966336710e-04,-4.461081625301640424e-04,-3.944690746102555759e-04,-3.406665956197695911e-04,-2.850399225237865890e-04,-2.279746145549519406e-04,-1.699053313304395459e-04,-1.113190290071805510e-04,-5.275847413839208710e-05,5.174150512851610734e-06,6.181386534117420408e-05,1.164301388626298858e-04,1.682252317184048632e-04,2.163341834644852684e-04,2.598270671890483968e-04,2.977142150278337847e-04,3.289551479932977082e-04,3.524718752572306591e-04,3.671670630164402139e-04,3.719473694046704490e-04,3.657520592045465429e-04,3.475868309617560444e-04,3.165625284429780654e-04,2.719380177113881261e-04,2.131660502529162879e-04,1.399405212737350789e-04,5.224324963815162959e-05,-4.961176453232264629e-05,-1.649387726630788622e-04,-2.926477128653659043e-04,-4.312211567777600148e-04,-5.787035259399346890e-04,-7.327055817843687808e-04,-8.904273509522976637e-04,-1.048702598366113266e-03,-1.204067551677935610e-03,-1.352855612312277517e-03,-1.491318067683451232e-03,-1.615768246618178635e-03,-1.722743251236355825e-03,-1.809173752362745529e-03,-1.872549035693335702e-03,-1.911062364577502349e-03,-1.923721551773197643e-03,-1.910411841876951712e-03,-1.871902707834937306e-03,-1.809796287210224805e-03,-1.726421836690748271e-03,-1.624686547073728084e-03,-1.507897321178611931e-03,-1.379570115341226906e-03,-1.243243110282205672e-03,-1.102307679291187172e-03,-9.598674757079924107e-04,-8.186316749466741828e-04,-6.808440787384036031e-04,-5.482459923880693376e-04,-4.220677231331781032e-04,-3.030415257727221137e-04,-1.914276082485501685e-04,-8.704453143470573275e-05,1.070460419140618155e-05,1.028181102874878999e-04,1.907014992690861594e-04,2.762001403674277963e-04,3.616665553947504973e-04,4.500701703920598424e-04,5.451599967535970077e-04,6.516916273761138743e-04,7.757352217667980122e-04,9.250822991432996805e-04,1.109777314951875069e-03,1.342798817291519699e-03,1.640923170424342901e-03,2.025787966567553673e-03,2.525153386445614257e-03,3.174248673833751123e-03,4.016841747162166500e-03,5.104942778738911363e-03,6.494386374363720141e-03,8.229817811606728387e-03,1.030596216158740329e-02,1.258329938483624365e-02,1.463293273934294057e-02,1.551110584676225132e-02,1.354738328297241425e-02,6.324929782040399420e-03
0.000000000000000000e+00,0.000000000000000000e+00,0.000000000000000000e+00,0.000000000000000000e+00,0.000000000000000000e+00,0.000000000000000000e+00,0.000000000000000000e+00,0.000000000000000000e+00,0.000000000000000000e+00,0.000000000000000000e+00,0.000000000000000000e+00,0.000000000000000000e+00,0.000000000000000000e+00,0.000000000000000000e+00,0.000000000000000000e+00,0.000000000000000000e+00,0.000000000000000000e+00,0.000000000000000000e+00,0.000000000000000000e+00,0.000000000000000000e+00,0.000000000000000000e+00,0.000000000000000000e+00,0.000000000000000000e+00,0.000000000000000000e+00,0.000000000000000000e+00,0.000000000000000000e+00,0.000000000000000000e+00,0.000000000000000000e+00,0.000000000000000000e+00,0.000000000000000000e+00,0.000000000000000000e+00,0.000000000000000000e+00,0.000000000000000000e+00,0.000000000000000000e+00,0.000000000000000000e+00,0.000000000000000000e+00,0.000000000000000000e+00,0.000000000000000000e+00,0.000000000000000000e+00,0.000000000000000000e+00,0.000000000000000000e+00,0.000000000000000000e+00,0.000000000000000000e+00,0.000000000000000000e+00,0.000000000000000000e+00,0.000000000000000000e+00,0.000000000000000000e+00,0.000000000000000000e+00,0.000000000000000000e+00,0.000000000000000000e+00,0.000000000000000000e+00,0.000000000000000000e+00,0.000000000000000000e+00,0.000000000000000000e+00,0.000000000000000000e+00,0.000000000000000000e+00,0.000000000000000000e+00,0.000000000000000000e+00,0.000000000000000000e+00,0.000000000000000000e+00,0.000000000000000000e+00,0.000000000000000000e+00,0.000000000000000000e+00,0.000000000000000000e+00,0.000000000000000000e+00,0.000000000000000000e+00,0.000000000000000000e+00,0.000000000000000000e+00,0.000000000000000000e+00,0.000000000000000000e+00,0.000000000000000000e+00,0.000000000000000000e+00,0.000000000000000000e+00,0.000000000000000000e+00,0.000000000000000000e+00,0.000000000000000000e+00,0.000000000000000000e+00,0.000000000000000000e+00,0.000000000000000000e+00,0.000000000000000000e+00,0.000000000000000000e+00,0.000000000000000000e+00,0.000000000000000000e+00,0.000000000000000000e+00,0.000000000000000000e+00,0.000000000000000000e+00,0.000000000000000000e+00,0.000000000000000000e+00,0.000000000000000000e+00,0.000000000000000000e+00,0.000000000000000000e+00,0.000000000000000000e+00,0.000000000000000000e+00,0.000000000000000000e+00,0.000000000000000000e+00,0.000000000000000000e+00,0.000000000000000000e+00,0.000000000000000000e+00,0.000000000000000000e+00,0.000000000000000000e+00,0.000000000000000000e+00,0.000000000000000000e+00,0.000000000000000000e+00,0.000000000000000000e+00,0.000000000000000000e+00,0.000000000000000000e+00,0.000000000000000000e+00,0.000000000000000000e+00,0.000000000000000000e+00,0.000000000000000000e+00,0.000000000000000000e+00,0.000000000000000000e+00,0.000000000000000000e+00,0.000000000000000000e+00,0.000000000000000000e+00,0.000000000000000000e+00,0.000000000000000000e+00,0.000000000000000000e+00,0.000000000000000000e+00,0.000000000000000000e+00,0.000000000000000000e+00,0.000000000000000000e+00,0.000000000000000000e+00,0.000000000000000000e+00,0.000000000000000000e+00,0.000000000000000000e+00,0.000000000000000000e+00,0.000000000000000000e+00,0.000000000000000000e+00,0.000000000000000000e+00,0.000000000000000000e+00,0.000000000000000000e+00,0.000000000000000000e+00,0.000000000000000000e+00,0.000000000000000000e+00,0.000000000000000000e+00,0.000000000000000000e+00,0.000000000000000000e+00,0.000000000000000000e+00,0.000000000000000000e+00,0.000000000000000000e+00,0.000000000000000000e+00,0.000000000000000000e+00,0.000000000000000000e+00,0.000000000000000000e+00,0.000000000000000000e+00,0.000000000000000000e+00,0.000000000000000000e+00,0.000000000000000000e+00,0.000000000000000000e+00,0.000000000000000000e+00,0.000000000000000000e+00,0.000000000000000000e+00,0.000000000000000000e+00,0.000000000000000000e+00,0.000000000000000000e+00,0.000000000000000000e+00,0.000000000000000000e+00,0.000000000000000000e+00,0.000000000000000000e+00,0.000000000000000000e+00,0.000000000000000000e+00,0.000000000000000000e+00,0.000000000000000000e+00,0.000000000000000000e+00,0.000000000000000000e+00,0.000000000000000000e+00,0.000000000000000000e+00,0.000000000000000000e+00,0.000000000000000000e+00,0.000000000000000000e+00,0.000000000000000000e+00,0.000000000000000000e+00,0.000000000000000000e+00,0.000000000000000000e+00,0.000000000000000000e+00,-5.203176662301755434e-03,-3.989305785559487533e-03,-2.497650665255909952e-03,-1.373821077436225948e-03,-6.632579511677301866e-04,-2.558235591679501359e-04,-4.203260512132750356e-05,5.711367462486092544e-05,8.863265149511355499e-05,8.058742798511348763e-05,4.799497394647606865e-05,-6.979901990025893260e-07,-6.119817856402056365e-05,-1.308707407492924973e-04,-2.079092636429709167e-04,-2.906457122965788904e-04,-3.774913492687281781e-04,-4.668763231902492688e-04,-5.573191409345458480e-04,-6.474106986395093731e-04,-7.358080216731595910e-04,-8.211959080803531413e-04,-9.022656172051489367e-04,-9.777090595657852469e-04,-1.046246176296034653e-03,-1.106684630518075824e-03,-1.158007817882553093e-03,-1.199471688300417010e-03,-1.230688304000518733e-03,-1.251675554572640684e-03,-1.262861204268141569e-03,-1.265040825643630115e-03,-1.259299116536595660e-03,-1.246909915988685114e-03,-1.229231331559141370e-03,-1.207609945874399101e-03,-1.183303332111189593e-03,-1.157425274066972145e-03,-1.130913981381497652e-03,-1.104520797618375322e-03,-1.078815368452071700e-03,-1.054202710893421347e-03,-1.030947720195727647e-03,-1.009203159531617700e-03,-9.890378918288255349e-04,-9.704629115079750623e-04,-9.534535587288257320e-04,-9.379670567271845274e-04,-9.239551687186720215e-04,-9.113722683471362071e-04,-9.001794561250221673e-04,-8.903455248190086328e-04,-8.818456197845453252e-04,-8.746583777315916110e-04,-8.687622108127736244e-04,-8.641312547802877664e-04,-8.607313581488003264e-04,-8.585163626977206303e-04,-8.574248322531333481e-04,-8.573773204567829501e-04,-8.582742325599073286e-04,-8.599943171412109634e-04,-8.623938187636251852e-04,-8.653063184662053778e-04,-8.685432853729120909e-04,-8.718953511590287484e-04,-8.751343036549170343e-04,-8.780157726469676755e-04,-8.802825565542891180e-04,-8.816685111714087520e-04,-8.819028979969405343e-04,-8.807150677691430668e-04,-8.778393406688017033e-04,-8.730199353381169064e-04,-8.660157991176065410e-04,-8.566051979084245410e-04,-8.445899394330266775e-04,-8.297991237316266035e-04,-8.120923422170731910e-04,-7.913622762196090244e-04,-7.675366797957579659e-04,-7.405797641212496715e-04,-7.104930339869302159e-04,-6.773156554578869167e-04,-6.411244596270605561e-04,-6.020337056425352626e-04,-5.601947391236563462e-04,-5.157956855471154851e-04,-4.690613150259617518e-04,-4.202532014291421813e-04,-3.696702777726422928e-04,-3.176498582273064222e-04,-2.645691587977615417e-04,-2.108473017740133124e-04,-1.569477359152336997e-04,-1.033809398224013696e-04,-5.070720100516485864e-05,4.608215603264577350e-07,4.945612544500796015e-05,9.555642854644358906e-05,1.379847712028913550e-04,1.759122156300578282e-04,2.084632596415389677e-04,2.347246211445809310e-04,2.537580224639549367e-04,2.646174792707353261e-04,2.663713961302907889e-04,2.581295493761094455e-04,2.390748259116694133e-04,2.084993462429888807e-04,1.658442657916761099e-04,1.107421183509190490e-04,4.306011355089836383e-05,-3.705758377695393647e-05,-1.291508513813711056e-04,-2.324103556835524953e-04,-3.456526907416453088e-04,-4.673066995194547456e-04,-5.954138607326386326e-04,-7.276455942660959306e-04,-8.613400777380103004e-04,-9.935605582723559641e-04,-1.121176089375825738e-03,-1.240964052769828871e-03,-1.349731741143319090e-03,-1.444451798460233069e-03,-1.522403728244764703e-03,-1.581311432384312774e-03,-1.619465372437664530e-03,-1.635817931511275580e-03,-1.630042165904955738e-03,-1.602547296430927070e-03,-1.554448573223329421e-03,-1.487493859012924916e-03,-1.403953647982476155e-03,-1.306484601087848883e-03,-1.197978620879885632e-03,-1.081409874262266070e-03,-9.596911358974405826e-04,-8.355486519252324157e-04,-7.114218463988952572e-04,-5.893909933554906033e-04,-4.711328826066361344e-04,-3.579017728188558264e-04,-2.505308295813024719e-04,-1.494477739682741621e-04,-5.469777212007501121e-05,3.403367926829122317e-05,1.174048038320627641e-04,1.964152666232757264e-04,2.724237822353787835e-04,3.471921455253847307e-04,4.229622611172596303e-04,5.025744679731893776e-04,5.896364368077146095e-04,6.887556678030961211e-04,8.058503808614700652e-04,9.485597120752638483e-04,1.126775640210103896e-03,1.353326911681235461e-03,1.644842098393801228e-03,2.022820007012234370e-03,2.514900057863029940e-03,3.156247601523311241e-03,3.990700292774835428e-03,5.070656864069612510e-03,6.452986765120305619e-03,8.184560944656978088e-03,1.026411185436440672e-02,1.255802954789834829e-02,1.464324348518106396e-02,1.557535186997411822e-02,1.366406652072534554e-02,6.429732673144162441e-03
0.000000000000000000e+00,0.000000000000000000e+00,0.000000000000000000e+00,0.000000000000000000e+00,0.000000000000000000e+00,0.000000000000000000e+00,0.000000000000000000e+00,0.000000000000000000e+00,0.000000000000000000e+00,0.000000000000000000e+00,0.000000000000000000e+00,0.000000000000000000e+00,0.000000000000000000e+00,0.000000000000000000e+00,0.000000000000000000e+00,0.000000000000000000e+00,0.000000000000000000e+00,0.000000000000000000e+00,0.000000000000000000e+00,0.000000000000000000e+00,0.000000000000000000e+00,0.000000000000000000e+00,0.000000000000000000e+00,0.000000000000000000e+00,0.000000000000000000e+00,0.000000000000000000e+00,0.000000000000000000e+00,0.000000000000000000e+00,0.000000000000000000e+00,0.000000000000000000e+00,0.000000000000000000e+00,0.000000000000000000e+00,0.000000000000000000e+00,0.000000000000000000e+00,0.000000000000000000e+00,0.000000000000000000e+00,0.000000000000000000e+00,0.000000000000000000e+00,0.000000000000000000e+00,0.000000000000000000e+00,0.000000000000000000e+00,0.000000000000000000e+00,0.000000000000000000e+00,0.000000000000000000e+00,0.000000000000000000e+00,0.000000000000000000e+00,0.000000000000000000e+00,0.000000000000000000e+00,0.000000000000000000e+00,0.000000000000000000e+00,0.000000000000000000e+00,0.000000000000000000e+00,0.000000000000000000e+00,0.000000000000000000e+00,0.000000000000000000e+00,0.000000000000000000e+00,0.000000000000000000e+00,0.000000000000000000e+00,0.000000000000000000e+00,0.000000000000000000e+00,0.000000000000000000e+00,0.000000000000000000e+00,0.000000000000000000e+00,0.000000000000000000e+00,0.000000000000000000e+00,0.000000000000000000e+00,0.000000000000000000e+00,0.000000000000000000e+00,0.000000000000000000e+00,0.000000000000000000e+00,0.000000000000000000e+00,0.000000000000000000e+00,0.000000000000000000e+00,0.000000000000000000e+00,0.000000000000000000e+00,0.000000000000000000e+00,0.000000000000000000e+00,0.000000000000000000e+00,0.000000000000000000e+00,0.000000000000000000e+00,0.000000000000000000e+00,0.000000000000000000e+00,0.000000000000000000e+00,0.000000000000000000e+00,0.000000000000000000e+00,0.000000000000000000e+00,0.000000000000000000e+00,0.000000000000000000e+00,0.000000000000000000e+00,0.000000000000000000e+00,0.000000000000000000e+00,0.000000000000000000e+00,0.000000000000000000e+00,0.000000000000000000e+00,0.000000000000000000e+00,0.000000000000000000e+00,0.000000000000000000e+00,0.000000000000000000e+00,0.000000000000000000e+00,0.000000000000000000e+00,0.000000000000000000e+00,0.000000000000000000e+00,0.000000000000000000e+00,0.000000000000000000e+00,0.000000000000000000e+00,0.000000000000000000e+00,0.000000000000000000e+00,0.000000000000000000e+00,0.000000000000000000e+00,0.000000000000000000e+00,0.000000000000000000e+00,0.000000000000000000e+00,0.000000000000000000e+00,0.000000000000000000e+00,0.000000000000000000e+00,0.000000000000000000e+00,0.000000000000000000e+00,0.000000000000000000e+00,0.000000000000000000e+00,0.000000000000000000e+00,0.000000000000000000e+00,0.000000000000000000e+00,0.000000000000000000e+00,0.000000000000000000e+00,0.000000000000000000e+00,0.000000000000000000e+00,0.000000000000000000e+00,0.000000000000000000e+00,0.000000000000000000e+00,0.000000000000000000e+00,0.000000000000000000e+00,0.000000000000000000e+00,0.000000000000000000e+00,0.000000000000000000e+00,0.000000000000000000e+00,0.000000000000000000e+00,0.000000000000000000e+00,0.000000000000000000e+00,0.000000000000000000e+00,0.000000000000000000e+00,0.000000000000000000e+00,0.000000000000000000e+00,0.000000000000000000e+00,0.000000000000000000e+00,0.000000000000000000e+00,0.000000000000000000e+00,0.000000000000000000e+00,0.000000000000000000e+00,0.000000000000000000e+00,0.000000000000000000e+00,0.000000000000000000e+00,0.000000000000000000e+00,0.000000000000000000e+00,0.000000000000000000e+00,0.000000000000000000e+00,0.000000000000000000e+00,0.000000000000000000e+00,0.000000000000000000e+00,0.000000000000000000e+00,0.000000000000000000e+00,0.000000000000000000e+00,0.000000000000000000e+00,0.000000000000000000e+00,0.000000000000000000e+00,0.000000000000000000e+00,0.000000000000000000e+00,0.000000000000000000e+00,0.000000000000000000e+00,0.000000000000000000e+00,0.000000000000000000e+00,0.000000000000000000e+00,0.000000000000000000e+00,0.000000000000000000e+00,0.000000000000000000e+00,0.000000000000000000e+00,0.000000000000000000e+00,-5.263010431951831332e-03,-4.084657607714366895e-03,-2.583638831713841975e-03,-1.437627922012448727e-03,-7.095806339190228714e-04,-2.969544345529864121e-04,-8.535123832907079661e-05,6.357717195093186262e-06,2.936857721881827921e-05,1.262370451208223017e-05,-2.737776490583770364e-05,-8.222586418641626780e-05,-1.474320721492144396e-04,-2.207331263954326697e-04,-3.005528998964632735e-04,-3.855708301739825734e-04,-4.743878133127054286e-04,-5.655648960626292153e-04,-6.576196568705115634e-04,-7.490805364858042987e-04,-8.384865452517576388e-04,-9.243965795009686593e-04,-1.005386317118924693e-03,-1.080071208236517378e-03,-1.147147152838582556e-03,-1.205459564057122061e-03,-1.254086170606144622e-03,-1.292419689891238701e-03,-1.320229429500358043e-03,-1.337688124547007761e-03,-1.345356245584917879e-03,-1.344127243988551667e-03,-1.335144053795176344e-03,-1.319701481153263446e-03,-1.299148759283535320e-03,-1.274803804100276949e-03,-1.247886100475033592e-03,-1.219470978292001070e-03,-1.190464575126552521e-03,-1.161596636919710965e-03,-1.133427231525598608e-03,-1.106363250061353750e-03,-1.080680816510122197e-03,-1.056550302909638412e-03,-1.034061303977873002e-03,-1.013245629433302429e-03,-9.940970376170028214e-04,-9.765870426499409854e-04,-9.606766277110679545e-04,-9.463240875839356702e-04,-9.334894810427984968e-04,-9.221363171570382032e-04,-9.122311390611072485e-04,-9.037416364889316617e-04,-8.966338377615138940e-04,-8.908688305917713147e-04,-8.863993572941102680e-04,-8.831665380924664252e-04,-8.810969034477154514e-04,-8.800998633423852847e-04,-8.800657073776789723e-04,-8.808642072375152086e-04,-8.823438792462017302e-04,-8.843319512367483603e-04,-8.866350641146532405e-04,-8.890407188884731767e-04,-8.913194578520055580e-04,-8.932277413092678956e-04,-8.945114545001905905e-04,-8.949099514228640428e-04,-8.941605193270705685e-04,-8.920031275529980482e-04,-8.881853127118869784e-04,-8.824670457388216448e-04,-8.746254297245719756e-04,-8.644590864075144291e-04,-8.517921075071761003e-04,-8.364774696048987712e-04,-8.183998409645241827e-04,-7.974777398497060171e-04,-7.736650388836857541e-04,-7.469518428742850545e-04,-7.173648004772304647e-04,-6.849669374022982144e-04,-6.498571229544253909e-04,-6.121692973501597669e-04,-5.720715972560867692e-04,-5.297655170754442776e-04,-4.854852371725316864e-04,-4.394972339258129213e-04,-3.921002637950894948e-04,-3.436257811710539674e-04,-2.944388117651613860e-04,-2.449392577114971694e-04,-1.955635616575184790e-04,-1.467866010879686383e-04,-9.912362187236192074e-05,-5.313194792121399268e-05,-9.412129610152731584e-06,3.139187539662037729e-05,6.859394770593960219e-05,1.014689761979366528e-04,1.292584819619427012e-04,1.511792501924920872e-04,1.664355136132670036e-04,1.742351488979728780e-04,1.738101748035985076e-04,1.644416071458465987e-04,1.454884742689857243e-04,1.164205391963778950e-04,7.685397151846465259e-05,2.658883234309962926e-05,-3.435319755222335372e-05,-1.056928294881699545e-04,-1.868612365693324273e-04,-2.769747327444142793e-04,-3.748187451111679308e-04,-4.788437822013562133e-04,-5.871759764105700203e-04,-6.976444490085659820e-04,-8.078271315543399068e-04,-9.151157025417066496e-04,-1.016798938216212367e-03,-1.110162073389275384e-03,-1.192597853239578268e-03,-1.261723051755355611e-03,-1.315492644340899350e-03,-1.352302888629724163e-03,-1.371074584510227450e-03,-1.371308903547509717e-03,-1.353110348980955929e-03,-1.317174361236347208e-03,-1.264740398352754303e-03,-1.197514515854439243e-03,-1.117568119581620204e-03,-1.027221363555323036e-03,-9.289204584647120120e-04,-8.251179447275538851e-04,-7.181638735647321225e-04,-6.102140359755508624e-04,-5.031591261298929731e-04,-3.985763168240688656e-04,-2.977023864375649481e-04,-2.014255439733607985e-04,-1.102915311484215692e-04,-2.451861004387934925e-05,5.598448491317729132e-05,1.316035501644476568e-04,2.030126947828997787e-04,2.711823486324022102e-04,3.374070377679489418e-04,4.033584643078074079e-04,4.711705230854959015e-04,5.435637520105688876e-04,6.240193869562515091e-04,7.170150089871709168e-04,8.283383626728394291e-04,9.654982874906441019e-04,1.138258182853270784e-03,1.359318725274072121e-03,1.645182491349215462e-03,2.017224121084289917e-03,2.502971497949480362e-03,3.137513435728040215e-03,3.964715617371768024e-03,5.037249675139254985e-03,6.412789882160940987e-03,8.139989800303075798e-03,1.022088845244446993e-02,1.252686140278277786e-02,1.464001386154699033e-02,1.561615405477843541e-02,1.374980130579326124e-02,6.510958075801948769e-03
0.000000000000000000e+00,0.000000000000000000e+00,0.000000000000000000e+00,0.000000000000000000e+00,0.000000000000000000e+00,0.000000000000000000e+00,0.000000000000000000e+00,0.000000000000000000e+00,0.000000000000000000e+00,0.000000000000000000e+00,0.000000000000000000e+00,0.000000000000000000e+00,0.000000000000000000e+00,0.000000000000000000e+00,0.000000000000000000e+00,0.000000000000000000e+00,0.000000000000000000e+00,0.000000000000000000e+00,0.000000000000000000e+00,0.000000000000000000e+00,0.000000000000000000e+00,0.000000000000000000e+00,0.000000000000000000e+00,0.000000000000000000e+00,0.000000000000000000e+00,0.000000000000000000e+00,0.000000000000000000e+00,0.000000000000000000e+00,0.000000000000000000e+00,0.000000000000000000e+00,0.000000000000000000e+00,0.000000000000000000e+00,0.000000000000000000e+00,0.000000000000000000e+00,0.000000000000000000e+00,0.000000000000000000e+00,0.000000000000000000e+00,0.000000000000000000e+00,0.000000000000000000e+00,0.000000000000000000e+00,0.000000000000000000e+00,0.000000000000000000e+00,0.000000000000000000e+00,0.000000000000000000e+00,0.000000000000000000e+00,0.000000000000000000e+00,0.000000000000000000e+00,0.000000000000000000e+00,0.000000000000000000e+00,0.000000000000000000e+00,0.000000000000000000e+00,0.000000000000000000e+00,0.000000000000000000e+00,0.000000000000000000e+00,0.000000000000000000e+00,0.000000000000000000e+00,0.000000000000000000e+00,0.000000000000000000e+00,0.000000000000000000e+00,0.000000000000000000e+00,0.000000000000000000e+00,0.000000000000000000e+00,0.000000000000000000e+00,0.000000000000000000e+00,0.000000000000000000e+00,0.000000000000000000e+00,0.000000000000000000e+00,0.000000000000000000e+00,0.000000000000000000e+00,0.000000000000000000e+00,0.000000000000000000e+00,0.000000000000000000e+00,0.000000000000000000e+00,0.000000000000000000e+00,0.000000000000000000e+00,0.000000000000000000e+00,0.000000000000000000e+00,0.000000000000000000e+00,0.000000000000000000e+00,0.000000000000000000e+00,0.000000000000000000e+00,0.000000000000000000e+00,0.000000000000000000e+00,0.000000000000000000e+00,0.000000000000000000e+00,0.000000000000000000e+00,0.000000000000000000e+00,0.000000000000000000e+00,0.000000000000000000e+00,0.000000000000000000e+00,0.000000000000000000e+00,0.000000000000000000e+00,0.000000000000000000e+00,0.000000000000000000e+00,0.000000000000000000e+00,0.000000000000000000e+00,0.000000000000000000e+00,0.000000000000000000e+00,0.000000000000000000e+00,0.000000000000000000e+00,0.000000000000000000e+00,0.000000000000000000e+00,0.000000000000000000e+00,0.000000000000000000e+00,0.000000000000000000e+00,0.000000000000000000e+00,0.000000000000000000e+00,0.000000000000000000e+00,0.000000000000000000e+00,0.000000000000000000e+00,0.000000000000000000e+00,0.000000000000000000e+00,0.000000000000000000e+00,0.000000000000000000e+00,0.000000000000000000e+00,0.000000000000000000e+00,0.000000000000000000e+00,0.000000000000000000e+00,0.000000000000000000e+00,0.000000000000000000e+00,0.000000000000000000e+00,0.000000000000000000e+00,0.000000000000000000e+00,0.000000000000000000e+00,0.000000000000000000e+00,0.000000000000000000e+00,0.000000000000000000e+00,0.000000000000000000e+00,0.000000000000000000e+00,0.000000000000000000e+00,0.000000000000000000e+00,0.000000000000000000e+00,0.000000000000000000e+00,0.000000000000000000e+00,0.000000000000000000e+00,0.000000000000000000e+00,0.000000000000000000e+00,0.000000000000000000e+00,0.000000000000000000e+00,0.000000000000000000e+00,0.000000000000000000e+00,0.000000000000000000e+00,0.000000000000000000e+00,0.000000000000000000e+00,0.000000000000000000e+00,0.000000000000000000e+00,0.000000000000000000e+00,0.000000000000000000e+00,0.000000000000000000e+00,0.000000000000000000e+00,0.000000000000000000e+00,0.000000000000000000e+00,0.000000000000000000e+00,0.000000000000000000e+00,0.000000000000000000e+00,0.000000000000000000e+00,0.000000000000000000e+00,0.000000000000000000e+00,0.000000000000000000e+00,0.000000000000000000e+00,0.000000000000000000e+00,0.000000000000000000e+00,0.000000000000000000e+00,0.000000000000000000e+00,0.000000000000000000e+00,0.000000000000000000e+00,0.000000000000000000e+00,0.000000000000000000e+00,0.000000000000000000e+00,0.000000000000000000e+00,0.000000000000000000e+00,0.000000000000000000e+00,0.000000000000000000e+00,0.000000000000000000e+00,0.000000000000000000e+00,0.000000000000000000e+00,-5.318487929711112130e-03,-4.172370756460961477e-03,-2.664672031226752828e-03,-1.498323539732015130e-03,-7.569632128137128695e-04,-3.404583470015994096e-04,-1.333288192462029351e-04,-4.957375241783635027e-05,-3.623135002651442499e-05,-6.206354266882974568e-05,-1.101893566763619193e-04,-1.715626771684650956e-04,-2.418816474416249135e-04,-3.189149478412478750e-04,-4.014009747043930970e-04,-4.882127805917975470e-04,-5.781866523078969984e-04,-6.700052040290685896e-04,-7.622670810090505537e-04,-8.535016809450848233e-04,-9.422188421783830046e-04,-1.026923147180588579e-03,-1.106146645383694746e-03,-1.178486500131326184e-03,-1.242664971560243376e-03,-1.297601488321958397e-03,-1.342491559139612992e-03,-1.376873615541131333e-03,-1.400671076834947076e-03,-1.414198410356104973e-03,-1.418129263772829277e-03,-1.413431949889826450e-03,-1.401283748212120428e-03,-1.382977256757943326e-03,-1.359831267412345670e-03,-1.333115277493861391e-03,-1.303992641666225707e-03,-1.273483643494829204e-03,-1.242447001943018485e-03,-1.211576665586086262e-03,-1.181410126494492107e-03,-1.152344512901585811e-03,-1.124657134533998135e-03,-1.098527750860809910e-03,-1.074060467475235550e-03,-1.051303761515025694e-03,-1.030267688269351743e-03,-1.010937782036987415e-03,-9.932855488488652289e-04,-9.772757307827083240e-04,-9.628707189484337747e-04,-9.500325956805252652e-04,-9.387233256413255681e-04,-9.289035938850408831e-04,-9.205307395982837912e-04,-9.135561619113684740e-04,-9.079225044442611279e-04,-9.035608573279365913e-04,-9.003881640369291268e-04,-8.983049776358207651e-04,-8.971936835857408695e-04,-8.969172827115031929e-04,-8.973188115323960014e-04,-8.982214573260058864e-04,-8.994294061771070147e-04,-9.007294363999916254e-04,-9.018932434600975337e-04,-9.026804512656309799e-04,-9.028422360598065220e-04,-9.021254597516211457e-04,-9.002771868133602456e-04,-8.970494393570579202e-04,-8.922040351007257770e-04,-8.855173483958040130e-04,-8.767848405212207933e-04,-8.658252169627142589e-04,-8.524840904967911914e-04,-8.366370538026413712e-04,-8.181920972547857430e-04,-7.970913402504015187e-04,-7.733120805307814368e-04,-7.468671990276414983e-04,-7.178049902780629481e-04,-6.862085142855589093e-04,-6.521945876547912942e-04,-6.159125444750858207e-04,-5.775429041326621922e-04,-5.372960795879861990e-04,-4.954112498896315201e-04,-4.521555013749252840e-04,-4.078233176202672471e-04,-3.627364654304473341e-04,-3.172442873352093371e-04,-2.717243676557483910e-04,-2.265834942031214961e-04,-1.822587885430594916e-04,-1.392188272196406406e-04,-9.796451947936756183e-05,-5.902944725089779589e-05,-2.297931246581994330e-05,9.589912327449351620e-06,3.805556678459447834e-05,6.177406888927217078e-05,8.008931464990362407e-05,9.234414170999799315e-05,9.789522642805840178e-05,9.613165100371886000e-05,8.649716758986484612e-05,6.851592347932938744e-05,4.182112991827010315e-05,6.185858560078162462e-06,-3.844518437518712370e-05,-9.192443092504787912e-05,-1.538726690302490000e-04,-2.236549136661690864e-04,-3.003633361768706265e-04,-3.828097086259937810e-04,-4.695296990639929416e-04,-5.588010307896002990e-04,-6.486769577493301962e-04,-7.370356786019386730e-04,-8.216451994171124597e-04,-9.002418002326611438e-04,-9.706187701383088345e-04,-1.030720625651198111e-03,-1.078736834640732023e-03,-1.113188361297802421e-03,-1.133000307881325795e-03,-1.137554649335487762e-03,-1.126718500231088833e-03,-1.100845361027049654e-03,-1.060749105337441831e-03,-1.007652801992459145e-03,-9.431165367233789853e-04,-8.689499940468867331e-04,-7.871165322412159750e-04,-6.996357706944236364e-04,-6.084913091756391501e-04,-5.155491942619923633e-04,-4.224912558510109410e-04,-3.307656516035016332e-04,-2.415550598190673026e-04,-1.557611830315223944e-04,-7.400269947288633720e-05,3.377296421307423284e-06,7.629902798890277646e-05,1.449338423985031430e-04,2.096970200956192417e-04,2.712502878632269687e-04,3.305187307353031276e-04,3.887267672327451005e-04,4.474585360710655463e-04,5.087487424662624639e-04,5.752119170081361520e-04,6.502196821427680016e-04,7.381390643241212942e-04,8.446473676984115600e-04,9.771442439499859658e-04,1.145284310958581036e-03,1.361659881247019241e-03,1.642663299889354171e-03,2.009558517699153342e-03,2.489765446882228391e-03,3.118289105573935228e-03,3.938985230132508418e-03,5.004712781227673400e-03,6.373762276553720726e-03,8.096226104155286596e-03,1.017687544625852508e-02,1.249132732577624798e-02,1.462628310904896464e-02,1.563839472069132250e-02,1.381070334752519148e-02,6.573029803400907631e-03
0.000000000000000000e+00,0.000000000000000000e+00,0.000000000000000000e+00,0.000000000000000000e+00,0.000000000000000000e+00,0.000000000000000000e+00,0.000000000000000000e+00,0.000000000000000000e+00,0.000000000000000000e+00,0.000000000000000000e+00,0.000000000000000000e+00,0.000000000000000000e+00,0.000000000000000000e+00,0.000000000000000000e+00,0.000000000000000000e+00,0.000000000000000000e+00,0.000000000000000000e+00,0.000000000000000000e+00,0.000000000000000000e+00,0.000000000000000000e+00,0.000000000000000000e+00,0.000000000000000000e+00,0.000000000000000000e+00,0.000000000000000000e+00,0.000000000000000000e+00,0.000000000000000000e+00,0.000000000000000000e+00,0.000000000000000000e+00,0.000000000000000000e+00,0.000000000000000000e+00,0.000000000000000000e+00,0.000000000000000000e+00,0.000000000000000000e+00,0.000000000000000000e+00,0.000000000000000000e+00,0.000000000000000000e+00,0.000000000000000000e+00,0.000000000000000000e+00,0.000000000000000000e+00,0.000000000000000000e+00,0.000000000000000000e+00,0.000000000000000000e+00,0.000000000000000000e+00,0.000000000000000000e+00,0.000000000000000000e+00,0.000000000000000000e+00,0.000000000000000000e+00,0.000000000000000000e+00,0.000000000000000000e+00,0.000000000000000000e+00,0.000000000000000000e+00,0.000000000000000000e+00,0.000000000000000000e+00,0.000000000000000000e+00,0.000000000000000000e+00,0.000000000000000000e+00,0.000000000000000000e+00,0.000000000000000000e+00,0.000000000000000000e+00,0.000000000000000000e+00,0.000000000000000000e+00,0.000000000000000000e+00,0.000000000000000000e+00,0.000000000000000000e+00,0.000000000000000000e+00,0.000000000000000000e+00,0.000000000000000000e+00,0.000000000000000000e+00,0.000000000000000000e+00,0.000000000000000000e+00,0.000000000000000000e+00,0.000000000000000000e+00,0.000000000000000000e+00,0.000000000000000000e+00,0.000000000000000000e+00,0.000000000000000000e+00,0.000000000000000000e+00,0.000000000000000000e+00,0.000000000000000000e+00,0.000000000000000000e+00,0.000000000000000000e+00,0.000000000000000000e+00,0.000000000000000000e+00,0.000000000000000000e+00,0.000000000000000000e+00,0.000000000000000000e+00,0.000000000000000000e+00,0.000000000000000000e+00,0.000000000000000000e+00,0.000000000000000000e+00,0.000000000000000000e+00,0.000000000000000000e+00,0.000000000000000000e+00,0.000000000000000000e+00,0.000000000000000000e+00,0.000000000000000000e+00,0.000000000000000000e+00,0.000000000000000000e+00,0.000000000000000000e+00,0.000000000000000000e+00,0.000000000000000000e+00,0.000000000000000000e+00,0.000000000000000000e+00,0.000000000000000000e+00,0.000000000000000000e+00,0.000000000000000000e+00,0.000000000000000000e+00,0.000000000000000000e+00,0.000000000000000000e+00,0.000000000000000000e+00,0.000000000000000000e+00,0.000000000000000000e+00,0.000000000000000000e+00,0.000000000000000000e+00,0.000000000000000000e+00,0.000000000000000000e+00,0.000000000000000000e+00,0.000000000000000000e+00,0.000000000000000000e+00,0.000000000000000000e+00,0.000000000000000000e+00,0.000000000000000000e+00,0.000000000000000000e+00,0.000000000000000000e+00,0.000000000000000000e+00,0.000000000000000000e+00,0.000000000000000000e+00,0.000000000000000000e+00,0.000000000000000000e+00,0.000000000000000000e+00,0.000000000000000000e+00,0.000000000000000000e+00,0.000000000000000000e+00,0.000000000000000000e+00,0.000000000000000000e+00,0.000000000000000000e+00,0.000000000000000000e+00,0.000000000000000000e+00,0.000000000000000000e+00,0.000000000000000000e+00,0.000000000000000000e+00,0.000000000000000000e+00,0.000000000000000000e+00,0.000000000000000000e+00,0.000000000000000000e+00,0.000000000000000000e+00,0.000000000000000000e+00,0.000000000000000000e+00,0.000000000000000000e+00,0.000000000000000000e+00,0.000000000000000000e+00,0.000000000000000000e+00,0.000000000000000000e+00,0.000000000000000000e+00,0.000000000000000000e+00,0.000000000000000000e+00,0.000000000000000000e+00,0.000000000000000000e+00,0.000000000000000000e+00,0.000000000000000000e+00,0.000000000000000000e+00,0.000000000000000000e+00,0.000000000000000000e+00,0.000000000000000000e+00,0.000000000000000000e+00,0.000000000000000000e+00,0.000000000000000000e+00,0.000000000000000000e+00,0.000000000000000000e+00,0.000000000000000000e+00,0.000000000000000000e+00,0.000000000000000000e+00,0.000000000000000000e+00,0.000000000000000000e+00,0.000000000000000000e+00,0.000000000000000000e+00,-5.370334637334949618e-03,-4.255313941053771518e-03,-2.741409242619830249e-03,-1.558556451699307519e-03,-8.060180770054174845e-04,-3.883604655019805784e-04,-1.864016700328887841e-04,-1.115988974656241940e-04,-1.079033308089414516e-04,-1.431203931137807028e-04,-1.992640420520334541e-04,-2.672351738159878059e-04,-3.425337007817592363e-04,-4.231489518607714452e-04,-5.079261753586343129e-04,-5.959806917142099680e-04,-6.863021029677653529e-04,-7.777374250963702386e-04,-8.689737348158712259e-04,-9.586036833028774252e-04,-1.045156814370649685e-03,-1.127150674304546168e-03,-1.203131701236774889e-03,-1.271737849909898750e-03,-1.331764991180554554e-03,-1.382243951017944747e-03,-1.422510049274060837e-03,-1.452256003267771763e-03,-1.471554900310735386e-03,-1.480849222184374642e-03,-1.480905796753424330e-03,-1.472745043776862474e-03,-1.457555405286719034e-03,-1.436605386730548063e-03,-1.411163471245330302e-03,-1.382433098038040329e-03,-1.351505849059263893e-03,-1.319332988087836044e-03,-1.286713161077575416e-03,-1.254292963422676656e-03,-1.222576753796246517e-03,-1.191942380467472286e-03,-1.162659984701445081e-03,-1.134911692500511745e-03,-1.108810580932179969e-03,-1.084417832291941592e-03,-1.061757416632174702e-03,-1.040827998124245393e-03,-1.021612028778689368e-03,-1.004082196515605546e-03,-9.882055254356331836e-04,-9.739455022750465735e-04,-9.612626276687742145e-04,-9.501137806998386946e-04,-9.404507508711222336e-04,-9.322182454980932741e-04,-9.253516322087377644e-04,-9.197746312142874832e-04,-9.153971354544976390e-04,-9.121133066635918590e-04,-9.098000734375564884e-04,-9.083161373570659836e-04,-9.075015759252675566e-04,-9.071781098415046193e-04,-9.071500796847659608e-04,-9.072061484301691169e-04,-9.071217167208720953e-04,-9.066620042065774970e-04,-9.055857195020084122e-04,-9.036492106903595486e-04,-9.006109649113694859e-04,-8.962363061581344508e-04,-8.903021312491605620e-04,-8.826015207400539440e-04,-8.729480694331719038e-04,-8.611797947666367282e-04,-8.471625048142599921e-04,-8.307925346787283860e-04,-8.119987939876702893e-04,-7.907441022755918756e-04,-7.670258260088672715e-04,-7.408758640626588766e-04,-7.123600602448595465e-04,-6.815771455844430978e-04,-6.486573326894758693e-04,-6.137606939980354498e-04,-5.770754590901542658e-04,-5.388163589730222188e-04,-4.992231321876678491e-04,-4.585592854328903616e-04,-4.171111754295236756e-04,-3.751874459485896041e-04,-3.331188190904773336e-04,-2.912581999105252222e-04,-2.499810131673721176e-04,-2.096856478970504721e-04,-1.707938441381477853e-04,-1.337508127366178045e-04,-9.902483618837606115e-05,-6.710605321244858480e-05,-3.850408994725994298e-05,-1.374417173741981485e-05,6.638657628547688639e-06,2.210756783353548532e-05,3.213454556499065933e-05,3.621382604083656282e-05,3.387829965832175302e-05,2.471887035335242427e-05,8.406506756775589370e-06,-1.528354950129556640e-05,-4.644624873823996155e-05,-8.502100269845892658e-05,-1.307671975151953377e-04,-1.832426821532220571e-04,-2.417871985472948510e-04,-3.055128378311120223e-04,-3.733035662609918322e-04,-4.438256303082378004e-04,-5.155502023162393185e-04,-5.867889557439492400e-04,-6.557423762477427708e-04,-7.205595594558994238e-04,-7.794070987075435225e-04,-8.305435473774068489e-04,-8.723950069083755490e-04,-9.036267983019767537e-04,-9.232060480808929829e-04,-9.304504203258122256e-04,-9.250591392918999485e-04,-9.071237773841603217e-04,-8.771178819617018703e-04,-8.358662027607785408e-04,-7.844958841385512877e-04,-7.243733472463210511e-04,-6.570315837744348034e-04,-5.840931293810621176e-04,-5.071940325501569967e-04,-4.279136858657284497e-04,-3.477144858925206613e-04,-2.678940414817494796e-04,-1.895511894467110737e-04,-1.135655852898770715e-04,-4.058925537299826793e-05,2.895260359321151790e-05,9.485507933627889202e-05,1.571251507931339041e-04,2.159755024988270315e-04,2.718245082371151993e-04,3.253063292850127551e-04,3.772950393146040204e-04,4.289471203352321197e-04,4.817672124091189096e-04,5.377033655536510954e-04,5.992794197628540124e-04,6.697747357489166947e-04,7.534637595016239250e-04,8.559319199019759785e-04,9.844873184842847704e-04,1.148693072828449978e-03,1.361047867545727525e-03,1.637847076372870268e-03,2.000251979147906183e-03,2.475578042733965218e-03,3.098736965039587243e-03,3.913546834751822738e-03,4.972982327927669317e-03,6.335806089365703456e-03,8.053271004170149336e-03,1.013242886054484780e-02,1.245252821965569037e-02,1.460438666194848259e-02,1.564595645170859667e-02,1.385176847500951131e-02,6.619664342017224368e-03
0.000000000000000000e+00,0.000000000000000000e+00,0.000000000000000000e+00,0.000000000000000000e+00,0.000000000000000000e+00,0.000000000000000000e+00,0.000000000000000000e+00,0.000000000000000000e+00,0.000000000000000000e+00,0.000000000000000000e+00,0.000000000000000000e+00,0.000000000000000000e+00,0.000000000000000000e+00,0.000000000000000000e+00,0.000000000000000000e+00,0.000000000000000000e+00,0.000000000000000000e+00,0.000000000000000000e+00,0.000000000000000000e+00,0.000000000000000000e+00,0.000000000000000000e+00,0.000000000000000000e+00,0.000000000000000000e+00,0.000000000000000000e+00,0.000000000000000000e+00,0.000000000000000000e+00,0.000000000000000000e+00,0.000000000000000000e+00,0.000000000000000000e+00,0.000000000000000000e+00,0.000000000000000000e+00,0.000000000000000000e+00,0.000000000000000000e+00,0.000000000000000000e+00,0.000000000000000000e+00,0.000000000000000000e+00,0.000000000000000000e+00,0.000000000000000000e+00,0.000000000000000000e+00,0.000000000000000000e+00,0.000000000000000000e+00,0.000000000000000000e+00,0.000000000000000000e+00,0.000000000000000000e+00,0.000000000000000000e+00,0.000000000000000000e+00,0.000000000000000000e+00,0.000000000000000000e+00,0.000000000000000000e+00,0.000000000000000000e+00,0.000000000000000000e+00,0.000000000000000000e+00,0.000000000000000000e+00,0.000000000000000000e+00,0.000000000000000000e+00,0.000000000000000000e+00,0.000000000000000000e+00,0.000000000000000000e+00,0.000000000000000000e+00,0.000000000000000000e+00,0.000000000000000000e+00,0.000000000000000000e+00,0.000000000000000000e+00,0.000000000000000000e+00,0.000000000000000000e+00,0.000000000000000000e+00,0.000000000000000000e+00,0.000000000000000000e+00,0.000000000000000000e+00,0.000000000000000000e+00,0.000000000000000000e+00,0.000000000000000000e+00,0.000000000000000000e+00,0.000000000000000000e+00,0.000000000000000000e+00,0.000000000000000000e+00,0.000000000000000000e+00,0.000000000000000000e+00,0.000000000000000000e+00,0.000000000000000000e+00,0.000000000000000000e+00,0.000000000000000000e+00,0.000000000000000000e+00,0.000000000000000000e+00,0.000000000000000000e+00,0.000000000000000000e+00,0.000000000000000000e+00,0.000000000000000000e+00,0.000000000000000000e+00,0.000000000000000000e+00,0.000000000000000000e+00,0.000000000000000000e+00,0.000000000000000000e+00,0.000000000000000000e+00,0.000000000000000000e+00,0.000000000000000000e+00,0.000000000000000000e+00,0.000000000000000000e+00,0.000000000000000000e+00,0.000000000000000000e+00,0.000000000000000000e+00,0.000000000000000000e+00,0.000000000000000000e+00,0.000000000000000000e+00,0.000000000000000000e+00,0.000000000000000000e+00,0.000000000000000000e+00,0.000000000000000000e+00,0.000000000000000000e+00,0.000000000000000000e+00,0.000000000000000000e+00,0.000000000000000000e+00,0.000000000000000000e+00,0.000000000000000000e+00,0.000000000000000000e+00,0.000000000000000000e+00,0.000000000000000000e+00,0.000000000000000000e+00,0.000000000000000000e+00,0.000000000000000000e+00,0.000000000000000000e+00,0.000000000000000000e+00,0.000000000000000000e+00,0.000000000000000000e+00,0.000000000000000000e+00,0.000000000000000000e+00,0.000000000000000000e+00,0.000000000000000000e+00,0.000000000000000000e+00,0.000000000000000000e+00,0.000000000000000000e+00,0.000000000000000000e+00,0.000000000000000000e+00,0.000000000000000000e+00,0.000000000000000000e+00,0.000000000000000000e+00,0.000000000000000000e+00,0.000000000000000000e+00,0.000000000000000000e+00,0.000000000000000000e+00,0.000000000000000000e+00,0.000000000000000000e+00,0.000000000000000000e+00,0.000000000000000000e+00,0.000000000000000000e+00,0.000000000000000000e+00,0.000000000000000000e+00,0.000000000000000000e+00,0.000000000000000000e+00,0.000000000000000000e+00,0.000000000000000000e+00,0.000000000000000000e+00,0.000000000000000000e+00,0.000000000000000000e+00,0.000000000000000000e+00,0.000000000000000000e+00,0.000000000000000000e+00,0.000000000000000000e+00,0.000000000000000000e+00,0.000000000000000000e+00,0.000000000000000000e+00,0.000000000000000000e+00,0.000000000000000000e+00,0.000000000000000000e+00,0.000000000000000000e+00,0.000000000000000000e+00,0.000000000000000000e+00,0.000000000000000000e+00,0.000000000000000000e+00,0.000000000000000000e+00,0.000000000000000000e+00,0.000000000000000000e+00,0.000000000000000000e+00,0.000000000000000000e+00,0.000000000000000000e+00,0.000000000000000000e+00,-5.420661036215750246e-03,-4.334383215253398251e-03,-2.816182767180124523e-03,-1.619088712545436147e-03,-8.585297150156958679e-04,-4.410683042032616740e-04,-2.454926245055244829e-04,-1.795636453568245005e-04,-1.855575563268182300e-04,-2.296743388479910311e-04,-2.935532795509659260e-04,-3.676533979101041837e-04,-4.475739162752509774e-04,-5.312948966943477607e-04,-6.178579799615892829e-04,-7.064961893749449042e-04,-7.963818522420682347e-04,-8.864845458801244062e-04,-9.756148621863671962e-04,-1.062443906997712550e-03,-1.145571764852793689e-03,-1.223573044848284093e-03,-1.295064859690482498e-03,-1.358774121769457457e-03,-1.413614751331010748e-03,-1.458759738810077580e-03,-1.493702860221409042e-03,-1.518295340703393250e-03,-1.532753114052399449e-03,-1.537630998155502162e-03,-1.533768522073850537e-03,-1.522215725483386196e-03,-1.504150330715335647e-03,-1.480796814383783652e-03,-1.453356112561430928e-03,-1.422951043383889787e-03,-1.390589226130792928e-03,-1.357142555651389684e-03,-1.323340608589669001e-03,-1.289774568197629397e-03,-1.256908297106405824e-03,-1.225093595023767469e-03,-1.194587298743623148e-03,-1.165568506023621081e-03,-1.138154756663069603e-03,-1.112416433893098286e-03,-1.088388993529196876e-03,-1.066082871296819079e-03,-1.045491106265385118e-03,-1.026594840007746985e-03,-1.009366937358997752e-03,-9.937740144233910868e-04,-9.797771777880796493e-04,-9.673317669814642189e-04,-9.563863735288459164e-04,-9.468813772653446184e-04,-9.387472128186796468e-04,-9.319025481928720333e-04,-9.262525364812754410e-04,-9.216872802081252846e-04,-9.180806343277123647e-04,-9.152894568554605917e-04,-9.131534020064017900e-04,-9.114953292046944428e-04,-9.101223793324719801e-04,-9.088277393633709469e-04,-9.073930863673412752e-04,-9.055916664023319412e-04,-9.031919321186037851e-04,-8.999616307230568022e-04,-8.956722099892108335e-04,-8.901033898323355191e-04,-8.830477380903703748e-04,-8.743150862757177646e-04,-8.637366301917135227e-04,-8.511685751775691132e-04,-8.364952109793792915e-04,-8.196313298202418914e-04,-8.005239367386166125e-04,-7.791532362643446624e-04,-7.555329170204758875e-04,-7.297097885237640138e-04,-7.017628552986827700e-04,-6.718019356654713996e-04,-6.399659497591896323e-04,-6.064210078480719102e-04,-5.713584302532914369e-04,-5.349928197729312629e-04,-4.975602917460390838e-04,-4.593169425513921110e-04,-4.205376102432091708e-04,-3.815149484584087693e-04,-3.425588021079534846e-04,-3.039958374856803524e-04,-2.661693448805769698e-04,-2.294390953868074852e-04,-1.941811000835468948e-04,-1.607870863833385966e-04,-1.296634770073957089e-04,-1.012296281616389319e-04,-7.591505910087318297e-05,-5.415538602633927719e-05,-3.638666966134791291e-05,-2.303790308800777352e-05,-1.452141202657774995e-05,-1.122101205270716483e-05,-1.347787170113667120e-05,-2.157417331185695881e-05,-3.571485610743964329e-05,-5.600796288869186310e-05,-8.244437583236551253e-05,-1.148779912760765272e-04,-1.530076302736972540e-04,-1.963621899015989233e-04,-2.442906809056524797e-04,-2.959588260905642552e-04,-3.503537718260905324e-04,-4.062981632983852088e-04,-4.624743449977046028e-04,-5.174587816215557188e-04,-5.697659903673209930e-04,-6.179003963690818738e-04,-6.604136586702154775e-04,-6.959642682459065864e-04,-7.233757013627233837e-04,-7.416892082088124075e-04,-7.502074797208446678e-04,-7.485259635996567660e-04,-7.365494467789989678e-04,-7.144925989503894508e-04,-6.828643749926889593e-04,-6.424373889205615973e-04,-5.942044913840557104e-04,-5.393257060181889028e-04,-4.790693244955969410e-04,-4.147512579270915640e-04,-3.476766587801767279e-04,-2.790873581822136723e-04,-2.101178587283447066e-04,-1.417615637633361854e-04,-7.484774556674601950e-05,-1.002858326544981829e-05,5.222541315265911364e-05,1.116240654811208381e-04,1.680532344803580208e-04,2.215707844915978573e-04,2.724060465710553824e-04,3.209660375600714840e-04,3.678516865144378393e-04,4.138876042565803087e-04,4.601693475320967064e-04,5.081331095578452400e-04,5.596538881344595472e-04,6.171801333673208184e-04,6.839148205630452308e-04,7.640560160749457815e-04,8.631127807610725197e-04,9.883166847247861365e-04,1.149152561748844996e-03,1.358037449017542855e-03,1.631178448057764340e-03,1.989640359210948731e-03,2.460634038275054305e-03,3.078970580607460431e-03,3.888405339882063626e-03,4.941974505017414192e-03,6.298796394783970007e-03,8.011068930251705189e-03,1.008776143845681837e-02,1.241127021811791291e-02,1.457612527619811353e-02,1.564192329232262993e-02,1.387704251001407874e-02,6.653930882532745408e-03
0.000000000000000000e+00,0.000000000000000000e+00,0.000000000000000000e+00,0.000000000000000000e+00,0.000000000000000000e+00,0.000000000000000000e+00,0.000000000000000000e+00,0.000000000000000000e+00,0.000000000000000000e+00,0.000000000000000000e+00,0.000000000000000000e+00,0.000000000000000000e+00,0.000000000000000000e+00,0.000000000000000000e+00,0.000000000000000000e+00,0.000000000000000000e+00,0.000000000000000000e+00,0.000000000000000000e+00,0.000000000000000000e+00,0.000000000000000000e+00,0.000000000000000000e+00,0.000000000000000000e+00,0.000000000000000000e+00,0.000000000000000000e+00,0.000000000000000000e+00,0.000000000000000000e+00,0.000000000000000000e+00,0.000000000000000000e+00,0.000000000000000000e+00,0.000000000000000000e+00,0.000000000000000000e+00,0.000000000000000000e+00,0.000000000000000000e+00,0.000000000000000000e+00,0.000000000000000000e+00,0.000000000000000000e+00,0.000000000000000000e+00,0.000000000000000000e+00,0.000000000000000000e+00,0.000000000000000000e+00,0.000000000000000000e+00,0.000000000000000000e+00,0.000000000000000000e+00,0.000000000000000000e+00,0.000000000000000000e+00,0.000000000000000000e+00,0.000000000000000000e+00,0.000000000000000000e+00,0.000000000000000000e+00,0.000000000000000000e+00,0.000000000000000000e+00,0.000000000000000000e+00,0.000000000000000000e+00,0.000000000000000000e+00,0.000000000000000000e+00,0.000000000000000000e+00,0.000000000000000000e+00,0.000000000000000000e+00,0.000000000000000000e+00,0.000000000000000000e+00,0.000000000000000000e+00,0.000000000000000000e+00,0.000000000000000000e+00,0.000000000000000000e+00,0.000000000000000000e+00,0.000000000000000000e+00,0.000000000000000000e+00,0.000000000000000000e+00,0.000000000000000000e+00,0.000000000000000000e+00,0.000000000000000000e+00,0.000000000000000000e+00,0.000000000000000000e+00,0.000000000000000000e+00,0.000000000000000000e+00,0.000000000000000000e+00,0.000000000000000000e+00,0.000000000000000000e+00,0.000000000000000000e+00,0.000000000000000000e+00,0.000000000000000000e+00,0.000000000000000000e+00,0.000000000000000000e+00,0.000000000000000000e+00,0.000000000000000000e+00,0.000000000000000000e+00,0.000000000000000000e+00,0.000000000000000000e+00,0.000000000000000000e+00,0.000000000000000000e+00,0.000000000000000000e+00,0.000000000000000000e+00,0.000000000000000000e+00,0.000000000000000000e+00,0.000000000000000000e+00,0.000000000000000000e+00,0.000000000000000000e+00,0.000000000000000000e+00,0.000000000000000000e+00,0.000000000000000000e+00,0.000000000000000000e+00,0.000000000000000000e+00,0.000000000000000000e+00,0.000000000000000000e+00,0.000000000000000000e+00,0.000000000000000000e+00,0.000000000000000000e+00,0.000000000000000000e+00,0.000000000000000000e+00,0.000000000000000000e+00,0.000000000000000000e+00,0.000000000000000000e+00,0.000000000000000000e+00,0.000000000000000000e+00,0.000000000000000000e+00,0.000000000000000000e+00,0.000000000000000000e+00,0.000000000000000000e+00,0.000000000000000000e+00,0.000000000000000000e+00,0.000000000000000000e+00,0.000000000000000000e+00,0.000000000000000000e+00,0.000000000000000000e+00,0.000000000000000000e+00,0.000000000000000000e+00,0.000000000000000000e+00,0.000000000000000000e+00,0.000000000000000000e+00,0.000000000000000000e+00,0.000000000000000000e+00,0.000000000000000000e+00,0.000000000000000000e+00,0.000000000000000000e+00,0.000000000000000000e+00,0.000000000000000000e+00,0.000000000000000000e+00,0.000000000000000000e+00,0.000000000000000000e+00,0.000000000000000000e+00,0.000000000000000000e+00,0.000000000000000000e+00,0.000000000000000000e+00,0.000000000000000000e+00,0.000000000000000000e+00,0.000000000000000000e+00,0.000000000000000000e+00,0.000000000000000000e+00,0.000000000000000000e+00,0.000000000000000000e+00,0.000000000000000000e+00,0.000000000000000000e+00,0.000000000000000000e+00,0.000000000000000000e+00,0.000000000000000000e+00,0.000000000000000000e+00,0.000000000000000000e+00,0.000000000000000000e+00,0.000000000000000000e+00,0.000000000000000000e+00,0.000000000000000000e+00,0.000000000000000000e+00,0.000000000000000000e+00,0.000000000000000000e+00,0.000000000000000000e+00,0.000000000000000000e+00,0.000000000000000000e+00,0.000000000000000000e+00,0.000000000000000000e+00,0.000000000000000000e+00,0.000000000000000000e+00,0.000000000000000000e+00,0.000000000000000000e+00,0.000000000000000000e+00,0.000000000000000000e+00,0.000000000000000000e+00,-5.470037549720663597e-03,-4.411403474535857162e-03,-2.889933559558848820e-03,-1.681524055532240694e-03,-9.149568682848633608e-04,-4.993948687922270804e-04,-3.104352877505089860e-04,-2.534093510406261050e-04,-2.684273553063851268e-04,-3.208928941807853274e-04,-3.917314967968315177e-04,-4.713444713860872877e-04,-5.552051462051318985e-04,-6.414275746918497419e-04,-7.291086838141484392e-04,-8.176400609747694077e-04,-9.063034396086113538e-04,-9.942106449757908034e-04,-1.080278570594007210e-03,-1.163288521605342204e-03,-1.241933616698417779e-03,-1.314890835968612242e-03,-1.380887888586067053e-03,-1.438784428787550414e-03,-1.487645465692788915e-03,-1.526810738479417780e-03,-1.555942989123283758e-03,-1.575051261818866555e-03,-1.584483026041110486e-03,-1.584887648818341386e-03,-1.577155846281712900e-03,-1.562345411324553334e-03,-1.541603045435387337e-03,-1.516091906907824456e-03,-1.486931461298453576e-03,-1.455153261655043814e-03,-1.421673013500580679e-03,-1.387277307264098408e-03,-1.352622002669005364e-03,-1.318238938297841122e-03,-1.284547842252526436e-03,-1.251870910381844759e-03,-1.220448146074775602e-03,-1.190452193143483675e-03,-1.162001868194062395e-03,-1.135173969599168053e-03,-1.110013184210632831e-03,-1.086540082609719401e-03,-1.064757297115419233e-03,-1.044654045831320188e-03,-1.026209203092619910e-03,-1.009393135729484865e-03,-9.941685273053522953e-04,-9.804904043167396877e-04,-9.683055642021590930e-04,-9.575515866469326998e-04,-9.481555929594169237e-04,-9.400329016624676048e-04,-9.330857169977770701e-04,-9.272019755234051129e-04,-9.222544682259987275e-04,-9.181003442071530504e-04,-9.145810907528783337e-04,-9.115230660409333763e-04,-9.087386399928450414e-04,-9.060279699104862401e-04,-9.031814076020785792e-04,-8.999824994302543313e-04,-8.962115084583799482e-04,-8.916493551065821609e-04,-8.860818478641917673e-04,-8.793040547194158705e-04,-8.711246564852543174e-04,-8.613701201058552486e-04,-8.498885392714533712e-04,-8.365530050153248236e-04,-8.212643949120015810e-04,-8.039534988594450099e-04,-7.845824356272484978e-04,-7.631453497362575451e-04,-7.396684157056285236e-04,-7.142092087372628722e-04,-6.868555305163799541e-04,-6.577237992196361413e-04,-6.269571277284473202e-04,-5.947232179630443328e-04,-5.612121968589701580e-04,-5.266345067316611887e-04,-4.912189451532891554e-04,-4.552109239900651791e-04,-4.188709899001543660e-04,-3.824736168622409568e-04,-3.463062508944563076e-04,-3.106685552371268389e-04,-2.758717755093307591e-04,-2.422381152755966657e-04,-2.100999870022475329e-04,-1.797989786123076195e-04,-1.516843561208759726e-04,-1.261109058580254421e-04,-1.034359094242243778e-04,-8.401503891102377758e-05,-6.819696500535158334e-05,-5.631648960998912205e-05,-4.868605740123241608e-05,-4.558556999304881125e-05,-4.725052576729378676e-05,-5.385863551104575018e-05,-6.551522192181036762e-05,-8.223789764427132446e-05,-1.039412254685540509e-04,-1.304222743214209315e-04,-1.613481714607142392e-04,-1.962468871550281959e-04,-2.345025487325646618e-04,-2.753565368256123756e-04,-3.179154429596248665e-04,-3.611666474793098097e-04,-4.040018143009864188e-04,-4.452480170827726185e-04,-4.837055569686787154e-04,-5.181908683349459093e-04,-5.475823125056143931e-04,-5.708662050254110967e-04,-5.871801750195897217e-04,-5.958509560333132612e-04,-5.964239689030427635e-04,-5.886825586691349192e-04,-5.726554453096860831e-04,-5.486117799367257273e-04,-5.170440935504351174e-04,-4.786403095934933230e-04,-4.342467888623719125e-04,-3.848250127528037392e-04,-3.314049212171495877e-04,-2.750380553600028960e-04,-2.167534830986411992e-04,-1.575190214876141315e-04,-9.820955474802630508e-05,-3.958337328519603805e-05,1.773347486086519290e-05,7.325569781580506081e-05,1.266417450992846083e-04,1.776933794080096563e-04,2.263542667754735193e-04,2.727101393482830307e-04,3.169931552253409958e-04,3.595931131467172671e-04,4.010783923022653505e-04,4.422298118273264300e-04,4.840913235348454774e-04,5.280423351391118261e-04,5.758979365959650829e-04,6.300448980728827302e-04,6.936237396758520180e-04,7.707695811340212547e-04,8.669280611442845052e-04,9.892658485369622886e-04,1.147200047872327542e-03,1.353074314731279133e-03,1.623013917118558370e-03,1.977989872545885680e-03,2.445107753007430464e-03,3.059069763090337211e-03,3.863549396204290273e-03,4.911599780292198042e-03,6.262605755554736045e-03,7.969538255935141105e-03,1.004300023500803198e-02,1.236814674851399211e-02,1.454289369669357901e-02,1.562873738432611626e-02,1.388977896506007198e-02,6.678333959181891738e-03
0.000000000000000000e+00,0.000000000000000000e+00,0.000000000000000000e+00,0.000000000000000000e+00,0.000000000000000000e+00,0.000000000000000000e+00,0.000000000000000000e+00,0.000000000000000000e+00,0.000000000000000000e+00,0.000000000000000000e+00,0.000000000000000000e+00,0.000000000000000000e+00,0.000000000000000000e+00,0.000000000000000000e+00,0.000000000000000000e+00,0.000000000000000000e+00,0.000000000000000000e+00,0.000000000000000000e+00,0.000000000000000000e+00,0.000000000000000000e+00,0.000000000000000000e+00,0.000000000000000000e+00,0.000000000000000000e+00,0.000000000000000000e+00,0.000000000000000000e+00,0.000000000000000000e+00,0.000000000000000000e+00,0.000000000000000000e+00,0.000000000000000000e+00,0.000000000000000000e+00,0.000000000000000000e+00,0.000000000000000000e+00,0.000000000000000000e+00,0.000000000000000000e+00,0.000000000000000000e+00,0.000000000000000000e+00,0.000000000000000000e+00,0.000000000000000000e+00,0.000000000000000000e+00,0.000000000000000000e+00,0.000000000000000000e+00,0.000000000000000000e+00,0.000000000000000000e+00,0.000000000000000000e+00,0.000000000000000000e+00,0.000000000000000000e+00,0.000000000000000000e+00,0.000000000000000000e+00,0.000000000000000000e+00,0.000000000000000000e+00,0.000000000000000000e+00,0.000000000000000000e+00,0.000000000000000000e+00,0.000000000000000000e+00,0.000000000000000000e+00,0.000000000000000000e+00,0.000000000000000000e+00,0.000000000000000000e+00,0.000000000000000000e+00,0.000000000000000000e+00,0.000000000000000000e+00,0.000000000000000000e+00,0.000000000000000000e+00,0.000000000000000000e+00,0.000000000000000000e+00,0.000000000000000000e+00,0.000000000000000000e+00,0.000000000000000000e+00,0.000000000000000000e+00,0.000000000000000000e+00,0.000000000000000000e+00,0.000000000000000000e+00,0.000000000000000000e+00,0.000000000000000000e+00,0.000000000000000000e+00,0.000000000000000000e+00,0.000000000000000000e+00,0.000000000000000000e+00,0.000000000000000000e+00,0.000000000000000000e+00,0.000000000000000000e+00,0.000000000000000000e+00,0.000000000000000000e+00,0.000000000000000000e+00,0.000000000000000000e+00,0.000000000000000000e+00,0.000000000000000000e+00,0.000000000000000000e+00,0.000000000000000000e+00,0.000000000000000000e+00,0.000000000000000000e+00,0.000000000000000000e+00,0.000000000000000000e+00,0.000000000000000000e+00,0.000000000000000000e+00,0.000000000000000000e+00,0.000000000000000000e+00,0.000000000000000000e+00,0.000000000000000000e+00,0.000000000000000000e+00,0.000000000000000000e+00,0.000000000000000000e+00,0.000000000000000000e+00,0.000000000000000000e+00,0.000000000000000000e+00,0.000000000000000000e+00,0.000000000000000000e+00,0.000000000000000000e+00,0.000000000000000000e+00,0.000000000000000000e+00,0.000000000000000000e+00,0.000000000000000000e+00,0.000000000000000000e+00,0.000000000000000000e+00,0.000000000000000000e+00,0.000000000000000000e+00,0.000000000000000000e+00,0.000000000000000000e+00,0.000000000000000000e+00,0.000000000000000000e+00,0.000000000000000000e+00,0.000000000000000000e+00,0.000000000000000000e+00,0.000000000000000000e+00,0.000000000000000000e+00,0.000000000000000000e+00,0.000000000000000000e+00,0.000000000000000000e+00,0.000000000000000000e+00,0.000000000000000000e+00,0.000000000000000000e+00,0.000000000000000000e+00,0.000000000000000000e+00,0.000000000000000000e+00,0.000000000000000000e+00,0.000000000000000000e+00,0.000000000000000000e+00,0.000000000000000000e+00,0.000000000000000000e+00,0.000000000000000000e+00,0.000000000000000000e+00,0.000000000000000000e+00,0.000000000000000000e+00,0.000000000000000000e+00,0.000000000000000000e+00,0.000000000000000000e+00,0.000000000000000000e+00,0.000000000000000000e+00,0.000000000000000000e+00,0.000000000000000000e+00,0.000000000000000000e+00,0.000000000000000000e+00,0.000000000000000000e+00,0.000000000000000000e+00,0.000000000000000000e+00,0.000000000000000000e+00,0.000000000000000000e+00,0.000000000000000000e+00,0.000000000000000000e+00,0.000000000000000000e+00,0.000000000000000000e+00,0.000000000000000000e+00,0.000000000000000000e+00,0.000000000000000000e+00,0.000000000000000000e+00,0.000000000000000000e+00,0.000000000000000000e+00,0.000000000000000000e+00,0.000000000000000000e+00,0.000000000000000000e+00,0.000000000000000000e+00,0.000000000000000000e+00,0.000000000000000000e+00,0.000000000000000000e+00,0.000000000000000000e+00,0.000000000000000000e+00,-5.519481709465105281e-03,-4.487204520058782342e-03,-2.964062103712986496e-03,-1.746437814338569006e-03,-9.760404955343051714e-04,-5.631797036192996752e-04,-3.810923378723293743e-04,-3.323428976075253733e-04,-3.557033633268821089e-04,-4.155395188191926114e-04,-4.924997699535506529e-04,-5.767319431904593605e-04,-6.637729689140381677e-04,-7.517317363442949487e-04,-8.398249537636751083e-04,-9.275161897218660127e-04,-1.014215792008680379e-03,-1.099138082413470517e-03,-1.181324187249439784e-03,-1.259666232914431879e-03,-1.332981916822623472e-03,-1.400076732970563682e-03,-1.459826266008997821e-03,-1.511252112873316851e-03,-1.553595991163842904e-03,-1.586377480181388284e-03,-1.609431580644578785e-03,-1.622917100695779819e-03,-1.627297610240725778e-03,-1.623296343310751122e-03,-1.611833157726558826e-03,-1.593952478275473088e-03,-1.570751957308132076e-03,-1.543319313896786629e-03,-1.512682636157659972e-03,-1.479776027718040675e-03,-1.445420089181644269e-03,-1.410314943489544923e-03,-1.375042719887335004e-03,-1.340076278164704319e-03,-1.305791428575836218e-03,-1.272480509311032897e-03,-1.240365865223806881e-03,-1.209612334897832656e-03,-1.180338289097483759e-03,-1.152625039609001412e-03,-1.126524620653892054e-03,-1.102066031979197789e-03,-1.079260086531998652e-03,-1.058103018988477365e-03,-1.038579022300977015e-03,-1.020661871932010282e-03,-1.004315796132219593e-03,-9.894957373132561972e-04,-9.761471442882456483e-04,-9.642054218800057445e-04,-9.535951600998330288e-04,-9.442292554555647846e-04,-9.360080359656136259e-04,-9.288184952452808573e-04,-9.225337406226521942e-04,-9.170127523295294389e-04,-9.121005447320831155e-04,-9.076288044980774811e-04,-9.034170637475060807e-04,-8.992744392281389228e-04,-8.950019413162247067e-04,-8.903953222993055052e-04,-8.852484023751433419e-04,-8.793567788155179105e-04,-8.725217988066175491e-04,-8.645546545791039364e-04,-8.552804492431594205e-04,-8.445420775281912160e-04,-8.322037742242073153e-04,-8.181541977152658992e-04,-8.023089416284179829e-04,-7.846123965594689262e-04,-7.650389197882673633e-04,-7.435933057376279982e-04,-7.203105867166090465e-04,-6.952552244095298959e-04,-6.685197807679093239e-04,-6.402231756156612132e-04,-6.105086512371034725e-04,-5.795415661330929197e-04,-5.475071358788263396e-04,-5.146082247873715000e-04,-4.810632735671731990e-04,-4.471044226614345318e-04,-4.129758643793400184e-04,-3.789324269936645033e-04,-3.452383661824396125e-04,-3.121663110859889518e-04,-2.799962883939001446e-04,-2.490147252361845677e-04,-2.195133136947806656e-04,-1.917876033150017832e-04,-1.661351764974640041e-04,-1.428532531325561446e-04,-1.222355693612621550e-04,-1.045683797401246998e-04,-9.012544635312397191e-05,-7.916190276030616257e-05,-7.190692141981850911e-05,-6.855517336771545754e-05,-6.925715390253657988e-05,-7.410855597446335615e-05,-8.313900221367400529e-05,-9.630059043649683698e-05,-1.134568601095323496e-04,-1.343729347095186952e-04,-1.587077188478772842e-04,-1.860091045200547213e-04,-2.157131455837058703e-04,-2.471480731326948727e-04,-2.795438342861143038e-04,-3.120475387450555955e-04,-3.437448029734673882e-04,-3.736865178552421134e-04,-4.009200749763865666e-04,-4.245236207001205886e-04,-4.436415208884096520e-04,-4.575189606302128742e-04,-4.655335083063653857e-04,-4.672215586890359840e-04,-4.622978338534077317e-04,-4.506665439534467501e-04,-4.324233598340958187e-04,-4.078479833198916851e-04,-3.773877694716905990e-04,-3.416335029185433854e-04,-3.012889993661152315e-04,-2.571366348417625865e-04,-2.100011481250110064e-04,-1.607140790859125487e-04,-1.100809867561961653e-04,-5.885315313065590852e-05,-7.704875465442969390e-06,4.278324684333715253e-05,9.213532192151830335e-05,1.399863875715636396e-04,1.860852459531890267e-04,2.302956490041201294e-04,2.725977605196337793e-04,3.130919404731546366e-04,3.520069774149950544e-04,3.897150739352861753e-04,4.267561599354449653e-04,4.638746427979059108e-04,5.020724021588337952e-04,5.426829473839394789e-04,5.874729453347516837e-04,6.387792009662082108e-04,6.996911954207475160e-04,7.742921323661963381e-04,8.679743247768018956e-04,9.878487573037487285e-04,1.143272371195921955e-03,1.346521542284945076e-03,1.613643246560247154e-03,1.965516092597831364e-03,2.429137788460611087e-03,3.039094752204044275e-03,3.838961817123578545e-03,4.881775106248016985e-03,6.227115028737240966e-03,7.928592756830615471e-03,9.998219328208178547e-03,1.232360213458160575e-02,1.450577540649061574e-02,1.560833072690301533e-02,1.389258147068464684e-02,6.694897333758439290e-03
0.000000000000000000e+00,0.000000000000000000e+00,0.000000000000000000e+00,0.000000000000000000e+00,0.000000000000000000e+00,0.000000000000000000e+00,0.000000000000000000e+00,0.000000000000000000e+00,0.000000000000000000e+00,0.000000000000000000e+00,0.000000000000000000e+00,0.000000000000000000e+00,0.000000000000000000e+00,0.000000000000000000e+00,0.000000000000000000e+00,0.000000000000000000e+00,0.000000000000000000e+00,0.000000000000000000e+00,0.000000000000000000e+00,0.000000000000000000e+00,0.000000000000000000e+00,0.000000000000000000e+00,0.000000000000000000e+00,0.000000000000000000e+00,0.000000000000000000e+00,0.000000000000000000e+00,0.000000000000000000e+00,0.000000000000000000e+00,0.000000000000000000e+00,0.000000000000000000e+00,0.000000000000000000e+00,0.000000000000000000e+00,0.000000000000000000e+00,0.000000000000000000e+00,0.000000000000000000e+00,0.000000000000000000e+00,0.000000000000000000e+00,0.000000000000000000e+00,0.000000000000000000e+00,0.000000000000000000e+00,0.000000000000000000e+00,0.000000000000000000e+00,0.000000000000000000e+00,0.000000000000000000e+00,0.000000000000000000e+00,0.000000000000000000e+00,0.000000000000000000e+00,0.000000000000000000e+00,0.000000000000000000e+00,0.000000000000000000e+00,0.000000000000000000e+00,0.000000000000000000e+00,0.000000000000000000e+00,0.000000000000000000e+00,0.000000000000000000e+00,0.000000000000000000e+00,0.000000000000000000e+00,0.000000000000000000e+00,0.000000000000000000e+00,0.000000000000000000e+00,0.000000000000000000e+00,0.000000000000000000e+00,0.000000000000000000e+00,0.000000000000000000e+00,0.000000000000000000e+00,0.000000000000000000e+00,0.000000000000000000e+00,0.000000000000000000e+00,0.000000000000000000e+00,0.000000000000000000e+00,0.000000000000000000e+00,0.000000000000000000e+00,0.000000000000000000e+00,0.000000000000000000e+00,0.000000000000000000e+00,0.000000000000000000e+00,0.000000000000000000e+00,0.000000000000000000e+00,0.000000000000000000e+00,0.000000000000000000e+00,0.000000000000000000e+00,0.000000000000000000e+00,0.000000000000000000e+00,0.000000000000000000e+00,0.000000000000000000e+00,0.000000000000000000e+00,0.000000000000000000e+00,0.000000000000000000e+00,0.000000000000000000e+00,0.000000000000000000e+00,0.000000000000000000e+00,0.000000000000000000e+00,0.000000000000000000e+00,0.000000000000000000e+00,0.000000000000000000e+00,0.000000000000000000e+00,0.000000000000000000e+00,0.000000000000000000e+00,0.000000000000000000e+00,0.000000000000000000e+00,0.000000000000000000e+00,0.000000000000000000e+00,0.000000000000000000e+00,0.000000000000000000e+00,0.000000000000000000e+00,0.000000000000000000e+00,0.000000000000000000e+00,0.000000000000000000e+00,0.000000000000000000e+00,0.000000000000000000e+00,0.000000000000000000e+00,0.000000000000000000e+00,0.000000000000000000e+00,0.000000000000000000e+00,0.000000000000000000e+00,0.000000000000000000e+00,0.000000000000000000e+00,0.000000000000000000e+00,0.000000000000000000e+00,0.000000000000000000e+00,0.000000000000000000e+00,0.000000000000000000e+00,0.000000000000000000e+00,0.000000000000000000e+00,0.000000000000000000e+00,0.000000000000000000e+00,0.000000000000000000e+00,0.000000000000000000e+00,0.000000000000000000e+00,0.000000000000000000e+00,0.000000000000000000e+00,0.000000000000000000e+00,0.000000000000000000e+00,0.000000000000000000e+00,0.000000000000000000e+00,0.000000000000000000e+00,0.000000000000000000e+00,0.000000000000000000e+00,0.000000000000000000e+00,0.000000000000000000e+00,0.000000000000000000e+00,0.000000000000000000e+00,0.000000000000000000e+00,0.000000000000000000e+00,0.000000000000000000e+00,0.000000000000000000e+00,0.000000000000000000e+00,0.000000000000000000e+00,0.000000000000000000e+00,0.000000000000000000e+00,0.000000000000000000e+00,0.000000000000000000e+00,0.000000000000000000e+00,0.000000000000000000e+00,0.000000000000000000e+00,0.000000000000000000e+00,0.000000000000000000e+00,0.000000000000000000e+00,0.000000000000000000e+00,0.000000000000000000e+00,0.000000000000000000e+00,0.000000000000000000e+00,0.000000000000000000e+00,0.000000000000000000e+00,0.000000000000000000e+00,0.000000000000000000e+00,0.000000000000000000e+00,0.000000000000000000e+00,0.000000000000000000e+00,0.000000000000000000e+00,0.000000000000000000e+00,0.000000000000000000e+00,0.000000000000000000e+00,0.000000000000000000e+00,0.000000000000000000e+00,0.000000000000000000e+00,-5.569350520150615109e-03,-4.562858319300527356e-03,-3.039215247384179606e-03,-1.814550346598686444e-03,-1.041714948154807063e-03,-6.322318303702822171e-04,-4.566232135760896703e-04,-4.154709178558385662e-04,-4.461085067880243252e-04,-5.123285994581013676e-04,-5.943566470793161137e-04,-6.823046430680607208e-04,-7.716471115306734567e-04,-8.605739478599535057e-04,-9.483339083824999594e-04,-1.034490709911076644e-03,-1.118532866422199384e-03,-1.199790155779130105e-03,-1.277412099300584804e-03,-1.350421797321042176e-03,-1.417772938799431509e-03,-1.478427744602584058e-03,-1.531431061968293759e-03,-1.575989136941259626e-03,-1.611532390989062029e-03,-1.637764904115964924e-03,-1.654687392726917347e-03,-1.662594490624083555e-03,-1.662045603922547620e-03,-1.653815381533300932e-03,-1.638830522456959831e-03,-1.618102746752316402e-03,-1.592665518927101646e-03,-1.563520981404753788e-03,-1.531600425799417142e-03,-1.497739166206004139e-03,-1.462664344917693820e-03,-1.426993152866379592e-03,-1.391238332590710985e-03,-1.355818074441064378e-03,-1.321067924711602634e-03,-1.287253022596429207e-03,-1.254579592390812860e-03,-1.223205149471919429e-03,-1.193247217985166303e-03,-1.164790579124950218e-03,-1.137893171753540707e-03,-1.112590808552439518e-03,-1.088900870431944038e-03,-1.066825127957265855e-03,-1.046351819903734584e-03,-1.027457102008902477e-03,-1.010105967410530881e-03,-9.942527299313125982e-04,-9.798411571120600825e-04,-9.668043349128838115e-04,-9.550643467380393655e-04,-9.445318481404718896e-04,-9.351056223698398949e-04,-9.266722020735487786e-04,-9.191056456857658440e-04,-9.122675539456045818e-04,-9.060074090975628065e-04,-9.001633075785635783e-04,-8.945631434764086173e-04,-8.890262770691407515e-04,-8.833656985976498857e-04,-8.773906661639534546e-04,-8.709097675730327007e-04,-8.637343243978803107e-04,-8.556820319194284423e-04,-8.465807064761951333e-04,-8.362720005091222502e-04,-8.246149400985441393e-04,-8.114891466938377231e-04,-7.967976177401861742e-04,-7.804689647979754343e-04,-7.624590351799189272e-04,-7.427518774490830551e-04,-7.213600445238421786e-04,-6.983242632728058497e-04,-6.737125288844025579e-04,-6.476187087433082695e-04,-6.201607576637040457e-04,-5.914786576646101530e-04,-5.617321962064373902e-04,-5.310986915374537416e-04,-4.997707592590705126e-04,-4.679541958037765391e-04,-4.358660300678709673e-04,-4.037327694497647168e-04,-3.717888392317394530e-04,-3.402751895009971600e-04,-3.094380196545170963e-04,-2.795275509223433988e-04,-2.507967599242362923e-04,-2.234999740035896378e-04,-1.978912194340973099e-04,-1.742222089618334594e-04,-1.527398536648307350e-04,-1.336831886805488873e-04,-1.172796124514754258e-04,-1.037403580576719514e-04,-9.325514296894992557e-05,-8.598598332294792642e-05,-8.206021153406382190e-05,-8.156280490970840011e-05,-8.452821764988768360e-05,-9.093200746825405893e-05,-1.006826544622593117e-04,-1.136140757180127518e-04,-1.294794331185838022e-04,-1.479469006828024386e-04,-1.685980850407667743e-04,-1.909297620739328224e-04,-2.143594912767071801e-04,-2.382354911749549550e-04,-2.618509075484316373e-04,-2.844622952417049733e-04,-3.053117888839674329e-04,-3.236520908338093977e-04,-3.387730935425151005e-04,-3.500287137101276767e-04,-3.568623767575128283e-04,-3.588295709706372690e-04,-3.556159990894829548e-04,-3.470500863447784469e-04,-3.331089441815758968e-04,-3.139173142208265873e-04,-2.897394973463740032e-04,-2.609647694527698143e-04,-2.280872559233461275e-04,-1.916816333400641194e-04,-1.523763055777820378e-04,-1.108258234612677714e-04,-6.768426355571003652e-05,-2.358105045271259833e-05,2.089967268196282350e-05,6.523550493098593346e-05,1.089779809090922030e-04,1.517609001760972340e-04,1.933056193860366887e-04,2.334244623977283764e-04,2.720236219582515373e-04,3.091070855779181584e-04,3.447832352178313597e-04,3.792759431010019598e-04,4.129422175384813874e-04,4.462988674710987257e-04,4.800612009560043295e-04,5.151976199416721152e-04,5.530049905646735329e-04,5.952111215032797721e-04,6.441123232650797052e-04,7.027562834832513233e-04,7.751829265134823829e-04,8.667392224894196256e-04,9.844872763373454030e-04,1.137729500462153790e-03,1.338678739049912027e-03,1.603305723073759903e-03,1.952396116789616946e-03,2.412836983519507390e-03,3.019092024917394233e-03,3.814624502530790818e-03,4.852426326910246231e-03,6.192219401468639257e-03,7.888150226597912332e-03,9.953461916689509276e-03,1.227797042015721027e-02,1.446561383603162283e-02,1.558222837785817189e-02,1.388752338350459498e-02,6.705246351371609535e-03
0.000000000000000000e+00,0.000000000000000000e+00,0.000000000000000000e+00,0.000000000000000000e+00,0.000000000000000000e+00,0.000000000000000000e+00,0.000000000000000000e+00,0.000000000000000000e+00,0.000000000000000000e+00,0.000000000000000000e+00,0.000000000000000000e+00,0.000000000000000000e+00,0.000000000000000000e+00,0.000000000000000000e+00,0.000000000000000000e+00,0.000000000000000000e+00,0.000000000000000000e+00,0.000000000000000000e+00,0.000000000000000000e+00,0.000000000000000000e+00,0.000000000000000000e+00,0.000000000000000000e+00,0.000000000000000000e+00,0.000000000000000000e+00,0.000000000000000000e+00,0.000000000000000000e+00,0.000000000000000000e+00,0.000000000000000000e+00,0.000000000000000000e+00,0.000000000000000000e+00,0.000000000000000000e+00,0.000000000000000000e+00,0.000000000000000000e+00,0.000000000000000000e+00,0.000000000000000000e+00,0.000000000000000000e+00,0.000000000000000000e+00,0.000000000000000000e+00,0.000000000000000000e+00,0.000000000000000000e+00,0.000000000000000000e+00,0.000000000000000000e+00,0.000000000000000000e+00,0.000000000000000000e+00,0.000000000000000000e+00,0.000000000000000000e+00,0.000000000000000000e+00,0.000000000000000000e+00,0.000000000000000000e+00,0.000000000000000000e+00,0.000000000000000000e+00,0.000000000000000000e+00,0.000000000000000000e+00,0.000000000000000000e+00,0.000000000000000000e+00,0.000000000000000000e+00,0.000000000000000000e+00,0.000000000000000000e+00,0.000000000000000000e+00,0.000000000000000000e+00,0.000000000000000000e+00,0.000000000000000000e+00,0.000000000000000000e+00,0.000000000000000000e+00,0.000000000000000000e+00,0.000000000000000000e+00,0.000000000000000000e+00,0.000000000000000000e+00,0.000000000000000000e+00,0.000000000000000000e+00,0.000000000000000000e+00,0.000000000000000000e+00,0.000000000000000000e+00,0.000000000000000000e+00,0.000000000000000000e+00,0.000000000000000000e+00,0.000000000000000000e+00,0.000000000000000000e+00,0.000000000000000000e+00,0.000000000000000000e+00,0.000000000000000000e+00,0.000000000000000000e+00,0.000000000000000000e+00,0.000000000000000000e+00,0.000000000000000000e+00,0.000000000000000000e+00,0.000000000000000000e+00,0.000000000000000000e+00,0.000000000000000000e+00,0.000000000000000000e+00,0.000000000000000000e+00,0.000000000000000000e+00,0.000000000000000000e+00,0.000000000000000000e+00,0.000000000000000000e+00,0.000000000000000000e+00,0.000000000000000000e+00,0.000000000000000000e+00,0.000000000000000000e+00,0.000000000000000000e+00,0.000000000000000000e+00,0.000000000000000000e+00,0.000000000000000000e+00,0.000000000000000000e+00,0.000000000000000000e+00,0.000000000000000000e+00,0.000000000000000000e+00,0.000000000000000000e+00,0.000000000000000000e+00,0.000000000000000000e+00,0.000000000000000000e+00,0.000000000000000000e+00,0.000000000000000000e+00,0.000000000000000000e+00,0.000000000000000000e+00,0.000000000000000000e+00,0.000000000000000000e+00,0.000000000000000000e+00,0.000000000000000000e+00,0.000000000000000000e+00,0.000000000000000000e+00,0.000000000000000000e+00,0.000000000000000000e+00,0.000000000000000000e+00,0.000000000000000000e+00,0.000000000000000000e+00,0.000000000000000000e+00,0.000000000000000000e+00,0.000000000000000000e+00,0.000000000000000000e+00,0.000000000000000000e+00,0.000000000000000000e+00,0.000000000000000000e+00,0.000000000000000000e+00,0.000000000000000000e+00,0.000000000000000000e+00,0.000000000000000000e+00,0.000000000000000000e+00,0.000000000000000000e+00,0.000000000000000000e+00,0.000000000000000000e+00,0.000000000000000000e+00,0.000000000000000000e+00,0.000000000000000000e+00,0.000000000000000000e+00,0.000000000000000000e+00,0.000000000000000000e+00,0.000000000000000000e+00,0.000000000000000000e+00,0.000000000000000000e+00,0.000000000000000000e+00,0.000000000000000000e+00,0.000000000000000000e+00,0.000000000000000000e+00,0.000000000000000000e+00,0.000000000000000000e+00,0.000000000000000000e+00,0.000000000000000000e+00,0.000000000000000000e+00,0.000000000000000000e+00,0.000000000000000000e+00,0.000000000000000000e+00,0.000000000000000000e+00,0.000000000000000000e+00,0.000000000000000000e+00,0.000000000000000000e+00,0.000000000000000000e+00,0.000000000000000000e+00,0.000000000000000000e+00,0.000000000000000000e+00,0.000000000000000000e+00,0.000000000000000000e+00,0.000000000000000000e+00,0.000000000000000000e+00,0.000000000000000000e+00,0.000000000000000000e+00,-5.620096254594302010e-03,-4.638878744160425914e-03,-3.116062135962003547e-03,-1.885954333106920318e-03,-1.111837209377071305e-03,-7.057408289159304180e-04,-5.360531846921156446e-04,-5.014310849398572216e-04,-5.382689609003696394e-04,-6.097155052087992059e-04,-6.958034971401662111e-04,-7.865026971513675719e-04,-8.773212777559654969e-04,-9.664453861146307407e-04,-1.053192762715772154e-03,-1.137174165293448544e-03,-1.217971031319626998e-03,-1.295003801018246173e-03,-1.367544247839202554e-03,-1.434746014994451408e-03,-1.495718633358315060e-03,-1.549593466871040893e-03,-1.595602404448778289e-03,-1.633144711846931012e-03,-1.661843366944736619e-03,-1.681580229258754569e-03,-1.692508325411486722e-03,-1.695037796229074143e-03,-1.689800904056627502e-03,-1.677600138813826114e-03,-1.659348190679445050e-03,-1.636007472532758234e-03,-1.608536218010890194e-03,-1.577845475978884374e-03,-1.544769302494015603e-03,-1.510047731529774511e-03,-1.474320685902578325e-03,-1.438130071979246485e-03,-1.401927197436014880e-03,-1.366082941999316675e-03,-1.330898775566445114e-03,-1.296617334112448337e-03,-1.263431859776468959e-03,-1.231494228162650093e-03,-1.200921573690481815e-03,-1.171801656337080480e-03,-1.144197176075657752e-03,-1.118149227303033956e-03,-1.093680063521793814e-03,-1.070795297634433629e-03,-1.049485637159523234e-03,-1.029728222438412895e-03,-1.011487626395948716e-03,-9.947165604421374496e-04,-9.793563337617309465e-04,-9.653371094651099675e-04,-9.525780094772948571e-04,-9.409871209505343186e-04,-9.304614669570391650e-04,-9.208870060415373952e-04,-9.121387330747070038e-04,-9.040809523528619673e-04,-8.965677952199215114e-04,-8.894440452023506284e-04,-8.825463247662156596e-04,-8.757046782760560246e-04,-8.687445663423993712e-04,-8.614892589663279872e-04,-8.537625895860247388e-04,-8.453920028387375317e-04,-8.362118060057392634e-04,-8.260665122903455360e-04,-8.148141524330135537e-04,-8.023294242138317685e-04,-7.885065542823407447e-04,-7.732617572739293498e-04,-7.565351982876770964e-04,-7.382923894691505997e-04,-7.185249828970341696e-04,-6.972509528174311360e-04,-6.745141928174556599e-04,-6.503835808423575390e-04,-6.249515893272512791e-04,-5.983325334389666406e-04,-5.706605604650807732e-04,-5.420874837172787045e-04,-5.127805588391677648e-04,-4.829202866954979264e-04,-4.526983096452710884e-04,-4.223154456299164157e-04,-3.919798817423013337e-04,-3.619055248068981192e-04,-3.323104849392998113e-04,-3.034156478841991108e-04,-2.754432760783475189e-04,-2.486155653817104607e-04,-2.231530762458704804e-04,-1.992729532709225523e-04,-1.771868470334335671e-04,-1.570984556840895213e-04,-1.392006124908380183e-04,-1.236718591292769182e-04,-1.106724648229921493e-04,-1.003398790672501204e-04,-9.278364199233717622e-05,-8.807982187587954943e-05,-8.626510417917779153e-05,-8.733072025384065165e-05,-9.121647414772171125e-05,-9.780519858068270297e-05,-1.069180385569749230e-04,-1.183110147952304021e-04,-1.316733484107562575e-04,-1.466280235446243592e-04,-1.627350156267719640e-04,-1.794975140826162721e-04,-1.963713171552576846e-04,-2.127773797473090506e-04,-2.281172645249302379e-04,-2.417910023745511474e-04,-2.532166329407624741e-04,-2.618504952525422050e-04,-2.672071936653150587e-04,-2.688780944713432472e-04,-2.665472233962866118e-04,-2.600035390692855995e-04,-2.491487477094951565e-04,-2.340000907543545751e-04,-2.146878613087022569e-04,-1.914477646042527133e-04,-1.646086005927025581e-04,-1.345760801364231528e-04,-1.018138525700222667e-04,-6.682299030826456944e-05,-3.012122083352937547e-05,7.776890340827193881e-06,4.637781234578520318e-05,8.522429075461195166e-05,1.239076355648103124e-04,1.620771084006581602e-04,1.994468077159582597e-04,2.358007423553007246e-04,2.709970078114936742e-04,3.049721557541652957e-04,3.377469925226651176e-04,3.694352114635138977e-04,4.002564757704484130e-04,4.305558964871131146e-04,4.608322876651033215e-04,4.917782244924440637e-04,5.243357342750848676e-04,5.597725645246791120e-04,5.997852938842512761e-04,6.466373232087693551e-04,7.033418042710574275e-04,7.739022170396853010e-04,8.636262227653830051e-04,9.795321900795221897e-04,1.130871742900804982e-03,1.329796539806263984e-03,1.592201474457231218e-03,1.938778047026069613e-03,2.396299196130892515e-03,2.999100176025104852e-03,3.790521846364902463e-03,4.823491362122935867e-03,6.157829715181284067e-03,7.848137933405311198e-03,9.908752397756378019e-03,1.223150612411650490e-02,1.442306725717564485e-02,1.555163318348331755e-02,1.387625162676818687e-02,6.710678106260912698e-03
0.000000000000000000e+00,0.000000000000000000e+00,0.000000000000000000e+00,0.000000000000000000e+00,0.000000000000000000e+00,0.000000000000000000e+00,0.000000000000000000e+00,0.000000000000000000e+00,0.000000000000000000e+00,0.000000000000000000e+00,0.000000000000000000e+00,0.000000000000000000e+00,0.000000000000000000e+00,0.000000000000000000e+00,0.000000000000000000e+00,0.000000000000000000e+00,0.000000000000000000e+00,0.000000000000000000e+00,0.000000000000000000e+00,0.000000000000000000e+00,0.000000000000000000e+00,0.000000000000000000e+00,0.000000000000000000e+00,0.000000000000000000e+00,0.000000000000000000e+00,0.000000000000000000e+00,0.000000000000000000e+00,0.000000000000000000e+00,0.000000000000000000e+00,0.000000000000000000e+00,0.000000000000000000e+00,0.000000000000000000e+00,0.000000000000000000e+00,0.000000000000000000e+00,0.000000000000000000e+00,0.000000000000000000e+00,0.000000000000000000e+00,0.000000000000000000e+00,0.000000000000000000e+00,0.000000000000000000e+00,0.000000000000000000e+00,0.000000000000000000e+00,0.000000000000000000e+00,0.000000000000000000e+00,0.000000000000000000e+00,0.000000000000000000e+00,0.000000000000000000e+00,0.000000000000000000e+00,0.000000000000000000e+00,0.000000000000000000e+00,0.000000000000000000e+00,0.000000000000000000e+00,0.000000000000000000e+00,0.000000000000000000e+00,0.000000000000000000e+00,0.000000000000000000e+00,0.000000000000000000e+00,0.000000000000000000e+00,0.000000000000000000e+00,0.000000000000000000e+00,0.000000000000000000e+00,0.000000000000000000e+00,0.000000000000000000e+00,0.000000000000000000e+00,0.000000000000000000e+00,0.000000000000000000e+00,0.000000000000000000e+00,0.000000000000000000e+00,0.000000000000000000e+00,0.000000000000000000e+00,0.000000000000000000e+00,0.000000000000000000e+00,0.000000000000000000e+00,0.000000000000000000e+00,0.000000000000000000e+00,0.000000000000000000e+00,0.000000000000000000e+00,0.000000000000000000e+00,0.000000000000000000e+00,0.000000000000000000e+00,0.000000000000000000e+00,0.000000000000000000e+00,0.000000000000000000e+00,0.000000000000000000e+00,0.000000000000000000e+00,0.000000000000000000e+00,0.000000000000000000e+00,0.000000000000000000e+00,0.000000000000000000e+00,0.000000000000000000e+00,0.000000000000000000e+00,0.000000000000000000e+00,0.000000000000000000e+00,0.000000000000000000e+00,0.000000000000000000e+00,0.000000000000000000e+00,0.000000000000000000e+00,0.000000000000000000e+00,0.000000000000000000e+00,0.000000000000000000e+00,0.000000000000000000e+00,0.000000000000000000e+00,0.000000000000000000e+00,0.000000000000000000e+00,0.000000000000000000e+00,0.000000000000000000e+00,0.000000000000000000e+00,0.000000000000000000e+00,0.000000000000000000e+00,0.000000000000000000e+00,0.000000000000000000e+00,0.000000000000000000e+00,0.000000000000000000e+00,0.000000000000000000e+00,0.000000000000000000e+00,0.000000000000000000e+00,0.000000000000000000e+00,0.000000000000000000e+00,0.000000000000000000e+00,0.000000000000000000e+00,0.000000000000000000e+00,0.000000000000000000e+00,0.000000000000000000e+00,0.000000000000000000e+00,0.000000000000000000e+00,0.000000000000000000e+00,0.000000000000000000e+00,0.000000000000000000e+00,0.000000000000000000e+00,0.000000000000000000e+00,0.000000000000000000e+00,0.000000000000000000e+00,0.000000000000000000e+00,0.000000000000000000e+00,0.000000000000000000e+00,0.000000000000000000e+00,0.000000000000000000e+00,0.000000000000000000e+00,0.000000000000000000e+00,0.000000000000000000e+00,0.000000000000000000e+00,0.000000000000000000e+00,0.000000000000000000e+00,0.000000000000000000e+00,0.000000000000000000e+00,0.000000000000000000e+00,0.000000000000000000e+00,0.000000000000000000e+00,0.000000000000000000e+00,0.000000000000000000e+00,0.000000000000000000e+00,0.000000000000000000e+00,0.000000000000000000e+00,0.000000000000000000e+00,0.000000000000000000e+00,0.000000000000000000e+00,0.000000000000000000e+00,0.000000000000000000e+00,0.000000000000000000e+00,0.000000000000000000e+00,0.000000000000000000e+00,0.000000000000000000e+00,0.000000000000000000e+00,0.000000000000000000e+00,0.000000000000000000e+00,0.000000000000000000e+00,0.000000000000000000e+00,0.000000000000000000e+00,0.000000000000000000e+00,0.000000000000000000e+00,0.000000000000000000e+00,0.000000000000000000e+00,0.000000000000000000e+00,0.000000000000000000e+00,0.000000000000000000e+00,0.000000000000000000e+00,-5.671843105589894664e-03,-4.715764563079121417e-03,-3.194819179708480519e-03,-1.960645796850745120e-03,-1.185759397386887491e-03,-7.827526712763663644e-04,-6.179865055050266743e-04,-5.887491021043311313e-04,-6.305442588292921183e-04,-7.061239677707852914e-04,-7.952506131830995150e-04,-8.878449315927136078e-04,-9.793649135215259319e-04,-1.068029432720801969e-03,-1.153170417834875009e-03,-1.234462818168429463e-03,-1.311552646121971798e-03,-1.383963124355355430e-03,-1.451080488875040268e-03,-1.512203201801646732e-03,-1.566601330096695785e-03,-1.613588240554108101e-03,-1.652586719872075954e-03,-1.683190953830695190e-03,-1.705208476207767821e-03,-1.718685382919224718e-03,-1.723906334125249046e-03,-1.721373545514963714e-03,-1.711767495871711203e-03,-1.695896359060460523e-03,-1.674640788021281067e-03,-1.648901767624482784e-03,-1.619556275485784218e-03,-1.587424133215116712e-03,-1.553246800534702860e-03,-1.517677174086204048e-03,-1.481278102432509241e-03,-1.444527048820310562e-03,-1.407824293738682260e-03,-1.371502598685086453e-03,-1.335836836476028602e-03,-1.301052713984851084e-03,-1.267334180549727681e-03,-1.234829472519954376e-03,-1.203655932232778041e-03,-1.173903828875287212e-03,-1.145639414885168917e-03,-1.118907418206725041e-03,-1.093733121522273309e-03,-1.070124129505693701e-03,-1.048071887630228896e-03,-1.027552986539467458e-03,-1.008530273035609633e-03,-9.909537796166083962e-04,-9.747614876318656460e-04,-9.598799407587800840e-04,-9.462247354438041219e-04,-9.337009202141240659e-04,-9.222033468413129605e-04,-9.116170211020153003e-04,-9.018175094455594841e-04,-8.926714588129302944e-04,-8.840372894997419479e-04,-8.757661148190118731e-04,-8.677029351977759170e-04,-8.596881391942963338e-04,-8.515593284739989737e-04,-8.431534609184272548e-04,-8.343092846064959064e-04,-8.248700101098102415e-04,-8.146861480324524112e-04,-8.036184187589224788e-04,-7.915406296847587357e-04,-7.783424076328789585e-04,-7.639316767592190058e-04,-7.482367802369881875e-04,-7.312081614094868062e-04,-7.128195413430186500e-04,-6.930685570446604247e-04,-6.719768521027714991e-04,-6.495896404020744730e-04,-6.259747883336998133e-04,-6.012214827024362721e-04,-5.754385660059717486e-04,-5.487526296359315076e-04,-5.213059561690863014e-04,-4.932543967980299168e-04,-4.647652580348776577e-04,-4.360152561500368830e-04,-4.071885784084724362e-04,-3.784750700134646142e-04,-3.500685451604695388e-04,-3.221652020576752954e-04,-2.949621054308410452e-04,-2.686556872334639520e-04,-2.434402070020688202e-04,-2.195061079857179242e-04,-1.970382037903583607e-04,-1.762136327457195775e-04,-1.571995238196086846e-04,-1.401503284168794576e-04,-1.252047876906843148e-04,-1.124825247616945861e-04,-1.020802769062973423e-04,-9.406781366369560305e-05,-8.848362414558386233e-05,-8.533049869544191387e-05,-8.457117651529614112e-05,-8.612427798783780413e-05,-8.986078622488002433e-05,-9.560138001898312759e-05,-1.031149455113878960e-04,-1.121185977985445523e-04,-1.222795221677562040e-04,-1.332188907449237273e-04,-1.445180239551495784e-04,-1.557268463494921912e-04,-1.663745408312339671e-04,-1.759821417226101116e-04,-1.840766411621486869e-04,-1.902060282159820967e-04,-1.939545538217113169e-04,-1.949574290913749233e-04,-1.929141330511380086e-04,-1.875995333777950196e-04,-1.788721150980957452e-04,-1.666787627001925997e-04,-1.510557453556320422e-04,-1.321257970314964659e-04,-1.100914467076042702e-04,-8.522501242772835941e-05,-5.785590259352986557e-05,-2.835603987619930461e-05,2.875681599899580445e-06,3.542899290681134262e-05,6.889707696986231548e-05,1.028899741642217260e-04,1.370461457749080024e-04,1.710420371113759771e-04,2.045997430527156272e-04,2.374931214913374145e-04,2.695529048369777478e-04,3.006715382430660247e-04,3.308086271876254378e-04,3.599980461656585810e-04,3.883579523564255277e-04,4.161052207574867279e-04,4.435761656497434302e-04,4.712559141617353648e-04,4.998194231611307898e-04,5.301879947610598724e-04,5.636061863539440194e-04,6.017454063147493083e-04,6.468421153421945744e-04,7.018806909233060850e-04,7.708334353548555295e-04,8.589733374746688329e-04,9.732786461086195698e-04,1.122952693038834632e-03,1.320086921404644903e-03,1.580499969322912918e-03,1.924787107022353071e-03,2.379603851220348648e-03,2.979151786496517847e-03,3.766641220320143466e-03,4.794918614525837779e-03,6.123872014596473158e-03,7.808493600889197458e-03,9.864104646842227625e-03,1.218440368008672121e-02,1.437864951518011240e-02,1.551749233273934034e-02,1.386006944383664542e-02,6.712224781583636495e-03
0.000000000000000000e+00,0.000000000000000000e+00,0.000000000000000000e+00,0.000000000000000000e+00,0.000000000000000000e+00,0.000000000000000000e+00,0.000000000000000000e+00,0.000000000000000000e+00,0.000000000000000000e+00,0.000000000000000000e+00,0.000000000000000000e+00,0.000000000000000000e+00,0.000000000000000000e+00,0.000000000000000000e+00,0.000000000000000000e+00,0.000000000000000000e+00,0.000000000000000000e+00,0.000000000000000000e+00,0.000000000000000000e+00,0.000000000000000000e+00,0.000000000000000000e+00,0.000000000000000000e+00,0.000000000000000000e+00,0.000000000000000000e+00,0.000000000000000000e+00,0.000000000000000000e+00,0.000000000000000000e+00,0.000000000000000000e+00,0.000000000000000000e+00,0.000000000000000000e+00,0.000000000000000000e+00,0.000000000000000000e+00,0.000000000000000000e+00,0.000000000000000000e+00,0.000000000000000000e+00,0.000000000000000000e+00,0.000000000000000000e+00,0.000000000000000000e+00,0.000000000000000000e+00,0.000000000000000000e+00,0.000000000000000000e+00,0.000000000000000000e+00,0.000000000000000000e+00,0.000000000000000000e+00,0.000000000000000000e+00,0.000000000000000000e+00,0.000000000000000000e+00,0.000000000000000000e+00,0.000000000000000000e+00,0.000000000000000000e+00,0.000000000000000000e+00,0.000000000000000000e+00,0.000000000000000000e+00,0.000000000000000000e+00,0.000000000000000000e+00,0.000000000000000000e+00,0.000000000000000000e+00,0.000000000000000000e+00,0.000000000000000000e+00,0.000000000000000000e+00,0.000000000000000000e+00,0.000000000000000000e+00,0.000000000000000000e+00,0.000000000000000000e+00,0.000000000000000000e+00,0.000000000000000000e+00,0.000000000000000000e+00,0.000000000000000000e+00,0.000000000000000000e+00,0.000000000000000000e+00,0.000000000000000000e+00,0.000000000000000000e+00,0.000000000000000000e+00,0.000000000000000000e+00,0.000000000000000000e+00,0.000000000000000000e+00,0.000000000000000000e+00,0.000000000000000000e+00,0.000000000000000000e+00,0.000000000000000000e+00,0.000000000000000000e+00,0.000000000000000000e+00,0.000000000000000000e+00,0.000000000000000000e+00,0.000000000000000000e+00,0.000000000000000000e+00,0.000000000000000000e+00,0.000000000000000000e+00,0.000000000000000000e+00,0.000000000000000000e+00,0.000000000000000000e+00,0.000000000000000000e+00,0.000000000000000000e+00,0.000000000000000000e+00,0.000000000000000000e+00,0.000000000000000000e+00,0.000000000000000000e+00,0.000000000000000000e+00,0.000000000000000000e+00,0.000000000000000000e+00,0.000000000000000000e+00,0.000000000000000000e+00,0.000000000000000000e+00,0.000000000000000000e+00,0.000000000000000000e+00,0.000000000000000000e+00,0.000000000000000000e+00,0.000000000000000000e+00,0.000000000000000000e+00,0.000000000000000000e+00,0.000000000000000000e+00,0.000000000000000000e+00,0.000000000000000000e+00,0.000000000000000000e+00,0.000000000000000000e+00,0.000000000000000000e+00,0.000000000000000000e+00,0.000000000000000000e+00,0.000000000000000000e+00,0.000000000000000000e+00,0.000000000000000000e+00,0.000000000000000000e+00,0.000000000000000000e+00,0.000000000000000000e+00,0.000000000000000000e+00,0.000000000000000000e+00,0.000000000000000000e+00,0.000000000000000000e+00,0.000000000000000000e+00,0.000000000000000000e+00,0.000000000000000000e+00,0.000000000000000000e+00,0.000000000000000000e+00,0.000000000000000000e+00,0.000000000000000000e+00,0.000000000000000000e+00,0.000000000000000000e+00,0.000000000000000000e+00,0.000000000000000000e+00,0.000000000000000000e+00,0.000000000000000000e+00,0.000000000000000000e+00,0.000000000000000000e+00,0.000000000000000000e+00,0.000000000000000000e+00,0.000000000000000000e+00,0.000000000000000000e+00,0.000000000000000000e+00,0.000000000000000000e+00,0.000000000000000000e+00,0.000000000000000000e+00,0.000000000000000000e+00,0.000000000000000000e+00,0.000000000000000000e+00,0.000000000000000000e+00,0.000000000000000000e+00,0.000000000000000000e+00,0.000000000000000000e+00,0.000000000000000000e+00,0.000000000000000000e+00,0.000000000000000000e+00,0.000000000000000000e+00,0.000000000000000000e+00,0.000000000000000000e+00,0.000000000000000000e+00,0.000000000000000000e+00,0.000000000000000000e+00,0.000000000000000000e+00,0.000000000000000000e+00,0.000000000000000000e+00,0.000000000000000000e+00,0.000000000000000000e+00,0.000000000000000000e+00,0.000000000000000000e+00,0.000000000000000000e+00,0.000000000000000000e+00,-5.724684269727114624e-03,-4.793675805981581668e-03,-3.275592346109326442e-03,-2.038232360335486774e-03,-1.262696773640792922e-03,-8.619671514512610875e-04,-7.009265357511126806e-04,-6.757173443224280410e-04,-7.212581347745916725e-04,-7.998799881436727656e-04,-8.911637135309429273e-04,-9.848964973380831215e-04,-1.076508750673002383e-03,-1.164189381705344351e-03,-1.247296982554261429e-03,-1.325538797038172895e-03,-1.398636679929284076e-03,-1.466204926961498043e-03,-1.527755723563755785e-03,-1.582731845035424429e-03,-1.630573171648025833e-03,-1.670775003985441529e-03,-1.702950986706227741e-03,-1.726880702039665415e-03,-1.742542429468136971e-03,-1.750125529640356474e-03,-1.750022750228290248e-03,-1.742803168164831469e-03,-1.729172562211018366e-03,-1.709925778301857368e-03,-1.685898513903923883e-03,-1.657923850741571756e-03,-1.626797533522028778e-03,-1.593253591930271062e-03,-1.557950462460294238e-03,-1.521465969329857323e-03,-1.484298980447287808e-03,-1.446875311627167458e-03,-1.409555766427722555e-03,-1.372644647923903019e-03,-1.336397707307867460e-03,-1.301028965672957911e-03,-1.266716258598296618e-03,-1.233605585188529176e-03,-1.201814485823157795e-03,-1.171434693355221388e-03,-1.142534293108829913e-03,-1.115159564768900598e-03,-1.089336632118889344e-03,-1.065072985962615178e-03,-1.042358915501920323e-03,-1.021168850237942584e-03,-1.001462609093472979e-03,-9.831865430626519648e-04,-9.662745672211680778e-04,-9.506490789920567360e-04,-9.362217741488575336e-04,-9.228943765744031203e-04,-9.105593117229849025e-04,-8.991003574627999279e-04,-8.883933162280511402e-04,-8.783067526901724813e-04,-8.687028455350345171e-04,-8.594383965704421955e-04,-8.503660371350987845e-04,-8.413356593861776251e-04,-8.321960888023276865e-04,-8.227969955653556197e-04,-8.129910256611035547e-04,-8.026361114140896690e-04,-7.915979041299001833e-04,-7.797522541268314331e-04,-7.669876528067552744e-04,-7.532075439118858951e-04,-7.383324120177329379e-04,-7.223015619749643479e-04,-7.050745165894520749e-04,-6.866319773144608516e-04,-6.669763153112650590e-04,-6.461315838092226288e-04,-6.241430671974808331e-04,-6.010764040956950325e-04,-5.770163403920193328e-04,-5.520651814590713143e-04,-5.263410204489972532e-04,-4.999758208885931535e-04,-4.731134273487038367e-04,-4.459075684357860156e-04,-4.185199027690779264e-04,-3.911181426801124943e-04,-3.638742729953962332e-04,-3.369628655740089019e-04,-3.105594745007813511e-04,-2.848390840557183876e-04,-2.599745711308910630e-04,-2.361351374975582625e-04,-2.134846637737917139e-04,-1.921799379356749595e-04,-1.723687147291457682e-04,-1.541875704981949830e-04,-1.377595284390542541e-04,-1.231914446233388588e-04,-1.105711627944355881e-04,-9.996446866240674166e-05,-9.141189921970898475e-05,-8.492549202088469176e-05,-8.048558942440498128e-05,-7.803784518825244564e-05,-7.749061006800492149e-05,-7.871289967268146122e-05,-8.153316485158199067e-05,-8.573909189982761891e-05,-9.107864945921364695e-05,-9.726257140438152515e-05,-1.039684146520637069e-04,-1.108462611149717015e-04,-1.175260424649663164e-04,-1.236263631341790023e-04,-1.287645843940521276e-04,-1.325678227216661503e-04,-1.346844152262483907e-04,-1.347953270535982872e-04,-1.326249259184965746e-04,-1.279505380055118516e-04,-1.206102288958329371e-04,-1.105083281309175041e-04,-9.761833131550999294e-05,-8.198296649925957389e-05,-6.371138819409203832e-05,-4.297365120366438725e-05,-1.999279640828767688e-05,4.964964429922385352e-06,3.160136879376422206e-05,5.959788013430712911e-05,8.862748673858635658e-05,1.183659639901319505e-04,1.485021711649134421e-04,1.787471196287622065e-04,2.088417338779854286e-04,2.385634119901090876e-04,2.677316671061199128e-04,2.962132933818096008e-04,3.239276525032195372e-04,3.508528357140639994e-04,3.770336346283461107e-04,4.025924804989608344e-04,4.277447983501241578e-04,4.528206101814412268e-04,4.782947157443883843e-04,5.048284414458413874e-04,5.333267721122156172e-04,5.650157623150346481e-04,6.015464365141094758e-04,6.451330770952008742e-04,6.987357983007376049e-04,7.662998349215146459e-04,8.530669055525768067e-04,9.659776805470742314e-04,1.114188548120889936e-03,1.309730886999544396e-03,1.568345858339372520e-03,1.910530260394681422e-03,2.362818899242653033e-03,2.959275568938986127e-03,3.742973608748805837e-03,4.766667034591365835e-03,6.090286171479657173e-03,7.769165546573758227e-03,9.819526159943369609e-03,1.213681303612105904e-02,1.433276272291665772e-02,1.548055115156824445e-02,1.384000711043136163e-02,6.710703892258217118e-03
0.000000000000000000e+00,0.000000000000000000e+00,0.000000000000000000e+00,0.000000000000000000e+00,0.000000000000000000e+00,0.000000000000000000e+00,0.000000000000000000e+00,0.000000000000000000e+00,0.000000000000000000e+00,0.000000000000000000e+00,0.000000000000000000e+00,0.000000000000000000e+00,0.000000000000000000e+00,0.000000000000000000e+00,0.000000000000000000e+00,0.000000000000000000e+00,0.000000000000000000e+00,0.000000000000000000e+00,0.000000000000000000e+00,0.000000000000000000e+00,0.000000000000000000e+00,0.000000000000000000e+00,0.000000000000000000e+00,0.000000000000000000e+00,0.000000000000000000e+00,0.000000000000000000e+00,0.000000000000000000e+00,0.000000000000000000e+00,0.000000000000000000e+00,0.000000000000000000e+00,0.000000000000000000e+00,0.000000000000000000e+00,0.000000000000000000e+00,0.000000000000000000e+00,0.000000000000000000e+00,0.000000000000000000e+00,0.000000000000000000e+00,0.000000000000000000e+00,0.000000000000000000e+00,0.000000000000000000e+00,0.000000000000000000e+00,0.000000000000000000e+00,0.000000000000000000e+00,0.000000000000000000e+00,0.000000000000000000e+00,0.000000000000000000e+00,0.000000000000000000e+00,0.000000000000000000e+00,0.000000000000000000e+00,0.000000000000000000e+00,0.000000000000000000e+00,0.000000000000000000e+00,0.000000000000000000e+00,0.000000000000000000e+00,0.000000000000000000e+00,0.000000000000000000e+00,0.000000000000000000e+00,0.000000000000000000e+00,0.000000000000000000e+00,0.000000000000000000e+00,0.000000000000000000e+00,0.000000000000000000e+00,0.000000000000000000e+00,0.000000000000000000e+00,0.000000000000000000e+00,0.000000000000000000e+00,0.000000000000000000e+00,0.000000000000000000e+00,0.000000000000000000e+00,0.000000000000000000e+00,0.000000000000000000e+00,0.000000000000000000e+00,0.000000000000000000e+00,0.000000000000000000e+00,0.000000000000000000e+00,0.000000000000000000e+00,0.000000000000000000e+00,0.000000000000000000e+00,0.000000000000000000e+00,0.000000000000000000e+00,0.000000000000000000e+00,0.000000000000000000e+00,0.000000000000000000e+00,0.000000000000000000e+00,0.000000000000000000e+00,0.000000000000000000e+00,0.000000000000000000e+00,0.000000000000000000e+00,0.000000000000000000e+00,0.000000000000000000e+00,0.000000000000000000e+00,0.000000000000000000e+00,0.000000000000000000e+00,0.000000000000000000e+00,0.000000000000000000e+00,0.000000000000000000e+00,0.000000000000000000e+00,0.000000000000000000e+00,0.000000000000000000e+00,0.000000000000000000e+00,0.000000000000000000e+00,0.000000000000000000e+00,0.000000000000000000e+00,0.000000000000000000e+00,0.000000000000000000e+00,0.000000000000000000e+00,0.000000000000000000e+00,0.000000000000000000e+00,0.000000000000000000e+00,0.000000000000000000e+00,0.000000000000000000e+00,0.000000000000000000e+00,0.000000000000000000e+00,0.000000000000000000e+00,0.000000000000000000e+00,0.000000000000000000e+00,0.000000000000000000e+00,0.000000000000000000e+00,0.000000000000000000e+00,0.000000000000000000e+00,0.000000000000000000e+00,0.000000000000000000e+00,0.000000000000000000e+00,0.000000000000000000e+00,0.000000000000000000e+00,0.000000000000000000e+00,0.000000000000000000e+00,0.000000000000000000e+00,0.000000000000000000e+00,0.000000000000000000e+00,0.000000000000000000e+00,0.000000000000000000e+00,0.000000000000000000e+00,0.000000000000000000e+00,0.000000000000000000e+00,0.000000000000000000e+00,0.000000000000000000e+00,0.000000000000000000e+00,0.000000000000000000e+00,0.000000000000000000e+00,0.000000000000000000e+00,0.000000000000000000e+00,0.000000000000000000e+00,0.000000000000000000e+00,0.000000000000000000e+00,0.000000000000000000e+00,0.000000000000000000e+00,0.000000000000000000e+00,0.000000000000000000e+00,0.000000000000000000e+00,0.000000000000000000e+00,0.000000000000000000e+00,0.000000000000000000e+00,0.000000000000000000e+00,0.000000000000000000e+00,0.000000000000000000e+00,0.000000000000000000e+00,0.000000000000000000e+00,0.000000000000000000e+00,0.000000000000000000e+00,0.000000000000000000e+00,0.000000000000000000e+00,0.000000000000000000e+00,0.000000000000000000e+00,0.000000000000000000e+00,0.000000000000000000e+00,0.000000000000000000e+00,0.000000000000000000e+00,0.000000000000000000e+00,0.000000000000000000e+00,0.000000000000000000e+00,0.000000000000000000e+00,0.000000000000000000e+00,0.000000000000000000e+00,0.000000000000000000e+00,0.000000000000000000e+00,-5.778532222561636074e-03,-4.872685217625762760e-03,-3.358207665983061873e-03,-2.118201994344422016e-03,-1.341600099586088375e-03,-9.420109060021171488e-04,-7.832054468823759731e-04,-7.606167889466933316e-04,-8.086646085866013153e-04,-8.893680187794028103e-04,-9.820511624267006228e-04,-1.076368224641790269e-03,-1.167642117577294674e-03,-1.254026252483100932e-03,-1.334863656202313125e-03,-1.409899257727408907e-03,-1.478914985388873589e-03,-1.541625570809679498e-03,-1.597665461074263037e-03,-1.646629044229624235e-03,-1.688123357786886197e-03,-1.721824497449512843e-03,-1.747526481552317233e-03,-1.765180653685526589e-03,-1.774915286594361914e-03,-1.777040002947760005e-03,-1.772030610259928704e-03,-1.760500195977230883e-03,-1.743160589982374695e-03,-1.720780201387182634e-03,-1.694143250523219742e-03,-1.664015293372975678e-03,-1.631117068369648988e-03,-1.596107650048983646e-03,-1.559576132860649583e-03,-1.522040208089527709e-03,-1.483949464230170179e-03,-1.445691449483252301e-03,-1.407598783329606831e-03,-1.369956148639802805e-03,-1.333006464917275112e-03,-1.296955965729965424e-03,-1.261978175487294589e-03,-1.228216956872928622e-03,-1.195788863655424666e-03,-1.164785034000718903e-03,-1.135272820458053163e-03,-1.107297294450683813e-03,-1.080882710234962879e-03,-1.056033963342613204e-03,-1.032738049362591113e-03,-1.010965505050371921e-03,-9.906718094670949586e-04,-9.717987187782728582e-04,-9.542755179686308572e-04,-9.380201776463749537e-04,-9.229404178669132954e-04,-9.089346874960047007e-04,-8.958930800371445917e-04,-8.836982114770583398e-04,-8.722260941934474555e-04,-8.613470418880738930e-04,-8.509266437498739415e-04,-8.408268421434894136e-04,-8.309071452421286320e-04,-8.210259966644171958e-04,-8.110423151317157440e-04,-8.008172029840565382e-04,-7.902158089009581879e-04,-7.791093139444813572e-04,-7.673769960105851582e-04,-7.549083141475738295e-04,-7.416049447714461720e-04,-7.273826957208810208e-04,-7.121732235882804584e-04,-6.959254842051662126e-04,-6.786068559512247215e-04,-6.602038898899195056e-04,-6.407226582524380536e-04,-6.201886926293409584e-04,-5.986465228185007190e-04,-5.761588461657368796e-04,-5.528053724520154812e-04,-5.286814014610487873e-04,-5.038961965890665197e-04,-4.785712201395661992e-04,-4.528382920642945193e-04,-4.268377271202006989e-04,-4.007164938281669066e-04,-3.746264264129964662e-04,-3.487225061059585061e-04,-3.231612153321566515e-04,-2.980989548910626015e-04,-2.736905047535674921e-04,-2.500875003043843666e-04,-2.274368920564188003e-04,-2.058793541348198696e-04,-1.855476093939462383e-04,-1.665646424995551186e-04,-1.490417810256006235e-04,-1.330766339016386027e-04,-1.187508909343513048e-04,-1.061280016912303104e-04,-9.525077134948821335e-05,-8.613892983346480307e-05,-7.878675300416580361e-05,-7.316083479516136676e-05,-6.919813076080863154e-05,-6.680440963641263302e-05,-6.585326331759576316e-05,-6.618582970348700395e-05,-6.761138003097416508e-05,-6.990890552185275461e-05,-7.282981110802513598e-05,-7.610178109740512137e-05,-7.943382865425863810e-05,-8.252247484648440564e-05,-8.505893207936843789e-05,-8.673709058008861590e-05,-8.726203556590177840e-05,-8.635875809163851154e-05,-8.378067523376435670e-05,-7.931754647001333755e-05,-7.280237228978829716e-05,-6.411688722589627425e-05,-5.319531822306386134e-05,-4.002616481337778167e-05,-2.465186944537511304e-05,-7.166372364742878203e-06,1.228932123298176048e-05,3.353331042777282805e-05,5.635034828358616266e-05,8.050034644281718816e-05,1.057273785544183344e-04,1.317687425763889588e-04,1.583636984184775263e-04,1.852615911763963702e-04,2.122291867286366530e-04,2.390571794998291291e-04,2.655659676865475337e-04,2.916109301552914754e-04,3.170875752117768864e-04,3.419370779978239141e-04,3.661528809419755770e-04,3.897892260220088665e-04,4.129727205144887326e-04,4.359183474342099109e-04,4.589517168134067855e-04,4.825398706165115914e-04,5.073335942433800918e-04,5.342250358783464520e-04,5.644254684864450766e-04,5.995693742309059129e-04,6.418526359923284021e-04,6.942146735755101109e-04,7.605767666011041062e-04,8.461518505596881757e-04,9.578445997535906626e-04,1.104765045018758643e-03,1.298883920818101482e-03,1.555863357359867820e-03,1.896099249661056634e-03,2.346002847650088818e-03,2.939496749102326386e-03,3.719512758371489643e-03,4.738703708199668539e-03,6.057023700863302211e-03,7.730111491263563263e-03,9.775021128228957024e-03,1.208885004100946486e-02,1.428572114802757753e-02,1.544139538341378348e-02,1.381687640478007281e-02,6.706762373703540996e-03
0.000000000000000000e+00,0.000000000000000000e+00,0.000000000000000000e+00,0.000000000000000000e+00,0.000000000000000000e+00,0.000000000000000000e+00,0.000000000000000000e+00,0.000000000000000000e+00,0.000000000000000000e+00,0.000000000000000000e+00,0.000000000000000000e+00,0.000000000000000000e+00,0.000000000000000000e+00,0.000000000000000000e+00,0.000000000000000000e+00,0.000000000000000000e+00,0.000000000000000000e+00,0.000000000000000000e+00,0.000000000000000000e+00,0.000000000000000000e+00,0.000000000000000000e+00,0.000000000000000000e+00,0.000000000000000000e+00,0.000000000000000000e+00,0.000000000000000000e+00,0.000000000000000000e+00,0.000000000000000000e+00,0.000000000000000000e+00,0.000000000000000000e+00,0.000000000000000000e+00,0.000000000000000000e+00,0.000000000000000000e+00,0.000000000000000000e+00,0.000000000000000000e+00,0.000000000000000000e+00,0.000000000000000000e+00,0.000000000000000000e+00,0.000000000000000000e+00,0.000000000000000000e+00,0.000000000000000000e+00,0.000000000000000000e+00,0.000000000000000000e+00,0.000000000000000000e+00,0.000000000000000000e+00,0.000000000000000000e+00,0.000000000000000000e+00,0.000000000000000000e+00,0.000000000000000000e+00,0.000000000000000000e+00,0.000000000000000000e+00,0.000000000000000000e+00,0.000000000000000000e+00,0.000000000000000000e+00,0.000000000000000000e+00,0.000000000000000000e+00,0.000000000000000000e+00,0.000000000000000000e+00,0.000000000000000000e+00,0.000000000000000000e+00,0.000000000000000000e+00,0.000000000000000000e+00,0.000000000000000000e+00,0.000000000000000000e+00,0.000000000000000000e+00,0.000000000000000000e+00,0.000000000000000000e+00,0.000000000000000000e+00,0.000000000000000000e+00,0.000000000000000000e+00,0.000000000000000000e+00,0.000000000000000000e+00,0.000000000000000000e+00,0.000000000000000000e+00,0.000000000000000000e+00,0.000000000000000000e+00,0.000000000000000000e+00,0.000000000000000000e+00,0.000000000000000000e+00,0.000000000000000000e+00,0.000000000000000000e+00,0.000000000000000000e+00,0.000000000000000000e+00,0.000000000000000000e+00,0.000000000000000000e+00,0.000000000000000000e+00,0.000000000000000000e+00,0.000000000000000000e+00,0.000000000000000000e+00,0.000000000000000000e+00,0.000000000000000000e+00,0.000000000000000000e+00,0.000000000000000000e+00,0.000000000000000000e+00,0.000000000000000000e+00,0.000000000000000000e+00,0.000000000000000000e+00,0.000000000000000000e+00,0.000000000000000000e+00,0.000000000000000000e+00,0.000000000000000000e+00,0.000000000000000000e+00,0.000000000000000000e+00,0.000000000000000000e+00,0.000000000000000000e+00,0.000000000000000000e+00,0.000000000000000000e+00,0.000000000000000000e+00,0.000000000000000000e+00,0.000000000000000000e+00,0.000000000000000000e+00,0.000000000000000000e+00,0.000000000000000000e+00,0.000000000000000000e+00,0.000000000000000000e+00,0.000000000000000000e+00,0.000000000000000000e+00,0.000000000000000000e+00,0.000000000000000000e+00,0.000000000000000000e+00,0.000000000000000000e+00,0.000000000000000000e+00,0.000000000000000000e+00,0.000000000000000000e+00,0.000000000000000000e+00,0.000000000000000000e+00,0.000000000000000000e+00,0.000000000000000000e+00,0.000000000000000000e+00,0.000000000000000000e+00,0.000000000000000000e+00,0.000000000000000000e+00,0.000000000000000000e+00,0.000000000000000000e+00,0.000000000000000000e+00,0.000000000000000000e+00,0.000000000000000000e+00,0.000000000000000000e+00,0.000000000000000000e+00,0.000000000000000000e+00,0.000000000000000000e+00,0.000000000000000000e+00,0.000000000000000000e+00,0.000000000000000000e+00,0.000000000000000000e+00,0.000000000000000000e+00,0.000000000000000000e+00,0.000000000000000000e+00,0.000000000000000000e+00,0.000000000000000000e+00,0.000000000000000000e+00,0.000000000000000000e+00,0.000000000000000000e+00,0.000000000000000000e+00,0.000000000000000000e+00,0.000000000000000000e+00,0.000000000000000000e+00,0.000000000000000000e+00,0.000000000000000000e+00,0.000000000000000000e+00,0.000000000000000000e+00,0.000000000000000000e+00,0.000000000000000000e+00,0.000000000000000000e+00,0.000000000000000000e+00,0.000000000000000000e+00,0.000000000000000000e+00,0.000000000000000000e+00,0.000000000000000000e+00,0.000000000000000000e+00,0.000000000000000000e+00,0.000000000000000000e+00,0.000000000000000000e+00,0.000000000000000000e+00,0.000000000000000000e+00,0.000000000000000000e+00,0.000000000000000000e+00,-5.833258581959967215e-03,-4.952671089757644529e-03,-3.442389838250967463e-03,-2.199846007882100447e-03,-1.421370161114145388e-03,-1.021405957866156587e-03,-8.631841727750500393e-04,-8.417119014807719537e-04,-8.911037635459863890e-04,-9.730380042549776265e-04,-1.066571444841240548e-03,-1.161125330118530216e-03,-1.251877554659623984e-03,-1.336881064674812431e-03,-1.415451464808806323e-03,-1.487345822336388380e-03,-1.552410086475868077e-03,-1.610452303691782073e-03,-1.661234916788518296e-03,-1.704499875207984806e-03,-1.740020079006937169e-03,-1.767641975524726454e-03,-1.787327333685611057e-03,-1.799179584211719508e-03,-1.803455476842615989e-03,-1.800561060351117768e-03,-1.791033458785088947e-03,-1.775511279471691899e-03,-1.754699965623175793e-03,-1.729335582006861789e-03,-1.700152053208176710e-03,-1.667854656608930069e-03,-1.633101263617429836e-03,-1.596491169596325928e-03,-1.558560665136041364e-03,-1.519783567931331549e-03,-1.480574978598572311e-03,-1.441296641136983678e-03,-1.402262713573625575e-03,-1.363745127047515928e-03,-1.325978153026386493e-03,-1.289162058034062745e-03,-1.253465944191374006e-03,-1.219029950702468952e-03,-1.185967035040742237e-03,-1.154364514731254752e-03,-1.124285519949266843e-03,-1.095770442192130385e-03,-1.068838428791424149e-03,-1.043488925541937763e-03,-1.019703255279713443e-03,-9.974461984470349863e-04,-9.766675466487356825e-04,-9.573035960226639008e-04,-9.392785617605541862e-04,-9.225058985380061574e-04,-9.068895274757950544e-04,-8.923249748046554021e-04,-8.787004402632171045e-04,-8.658978158453792305e-04,-8.537936836280203383e-04,-8.422603207970978190e-04,-8.311667428739554289e-04,-8.203798118765864541e-04,-8.097654337740304176e-04,-7.991898616039356130e-04,-7.885211134044515548e-04,-7.776305030370489393e-04,-7.663942713483726937e-04,-7.546952929348220125e-04,-7.424248226177331466e-04,-7.294842357411480353e-04,-7.157867085376172977e-04,-7.012587806360261579e-04,-6.858417405599088286e-04,-6.694927790816112287e-04,-6.521858620054337254e-04,-6.339122858650805608e-04,-6.146808929289980386e-04,-5.945179384803845777e-04,-5.734666181421011052e-04,-5.515862792065271076e-04,-5.289513515100416124e-04,-5.056500444123011601e-04,-4.817828609810460502e-04,-4.574609837312306718e-04,-4.328045826967726268e-04,-4.079410925010588311e-04,-3.830034952104708072e-04,-3.581286371438004851e-04,-3.334555952103514633e-04,-3.091240990968649135e-04,-2.852730040937934510e-04,-2.620388028215886954e-04,-2.395541564112254468e-04,-2.179464239004074821e-04,-1.973361660283553664e-04,-1.778356031864286959e-04,-1.595470099618207654e-04,-1.425610373748182529e-04,-1.269549612948715626e-04,-1.127908684923747197e-04,-1.001138028778811035e-04,-8.894991046262742810e-05,-7.930463469859208949e-05,-7.116103059541394364e-05,-6.447827827615158097e-05,-5.919049047584401546e-05,-5.520591554089643646e-05,-5.240664348209292015e-05,-5.064891924386207385e-05,-4.976416037480674379e-05,-4.956075801087961644e-05,-4.982671693380084644e-05,-5.033315596064667389e-05,-5.083865148591426456e-05,-5.109435974396969612e-05,-5.084980578096514573e-05,-4.985917590522076688e-05,-4.788790485992866166e-05,-4.471930704875969867e-05,-4.016097248587658481e-05,-3.405063106982535111e-05,-2.626119207491863441e-05,-1.670468659118862882e-05,-5.334884988371820060e-06,7.851576702617533507e-06,2.281564703164995947e-05,3.947788263291259408e-05,5.772194783136734629e-05,7.739940776431900981e-05,9.833556042387283540e-05,1.203360061075940392e-04,1.431936326291720937e-04,1.666957068091384688e-04,1.906308026389681026e-04,2.147953629902574733e-04,2.389997762501871689e-04,2.630739486115724383e-04,2.868724603602925576e-04,3.102795106192545089e-04,3.332139797529488109e-04,3.556350777978964676e-04,3.775492089603357153e-04,3.990188767867237983e-04,4.201746985562864302e-04,4.412319045742191768e-04,4.625130955920072999e-04,4.844795361214638001e-04,5.077739151606749891e-04,5.332783263189934050e-04,5.621922691809839133e-04,5.961367674528616090e-04,6.372923286579110225e-04,6.885804433755432540e-04,7.539007788317618345e-04,8.384391722581250412e-04,9.490651961244638045e-04,1.094842453985076696e-03,1.287680060852938605e-03,1.543159298399901036e-03,1.881572889640691602e-03,2.329206042085820837e-03,2.919837703744544623e-03,3.696254898503237470e-03,4.711003114490989671e-03,6.024046102441447600e-03,7.691297382881067714e-03,9.730591653338692415e-03,1.204060469766549298e-02,1.423777103341549236e-02,1.540048502377328911e-02,1.379131700611405109e-02,6.700910093937468073e-03
0.000000000000000000e+00,0.000000000000000000e+00,0.000000000000000000e+00,0.000000000000000000e+00,0.000000000000000000e+00,0.000000000000000000e+00,0.000000000000000000e+00,0.000000000000000000e+00,0.000000000000000000e+00,0.000000000000000000e+00,0.000000000000000000e+00,0.000000000000000000e+00,0.000000000000000000e+00,0.000000000000000000e+00,0.000000000000000000e+00,0.000000000000000000e+00,0.000000000000000000e+00,0.000000000000000000e+00,0.000000000000000000e+00,0.000000000000000000e+00,0.000000000000000000e+00,0.000000000000000000e+00,0.000000000000000000e+00,0.000000000000000000e+00,0.000000000000000000e+00,0.000000000000000000e+00,0.000000000000000000e+00,0.000000000000000000e+00,0.000000000000000000e+00,0.000000000000000000e+00,0.000000000000000000e+00,0.000000000000000000e+00,0.000000000000000000e+00,0.000000000000000000e+00,0.000000000000000000e+00,0.000000000000000000e+00,0.000000000000000000e+00,0.000000000000000000e+00,0.000000000000000000e+00,0.000000000000000000e+00,0.000000000000000000e+00,0.000000000000000000e+00,0.000000000000000000e+00,0.000000000000000000e+00,0.000000000000000000e+00,0.000000000000000000e+00,0.000000000000000000e+00,0.000000000000000000e+00,0.000000000000000000e+00,0.000000000000000000e+00,0.000000000000000000e+00,0.000000000000000000e+00,0.000000000000000000e+00,0.000000000000000000e+00,0.000000000000000000e+00,0.000000000000000000e+00,0.000000000000000000e+00,0.000000000000000000e+00,0.000000000000000000e+00,0.000000000000000000e+00,0.000000000000000000e+00,0.000000000000000000e+00,0.000000000000000000e+00,0.000000000000000000e+00,0.000000000000000000e+00,0.000000000000000000e+00,0.000000000000000000e+00,0.000000000000000000e+00,0.000000000000000000e+00,0.000000000000000000e+00,0.000000000000000000e+00,0.000000000000000000e+00,0.000000000000000000e+00,0.000000000000000000e+00,0.000000000000000000e+00,0.000000000000000000e+00,0.000000000000000000e+00,0.000000000000000000e+00,0.000000000000000000e+00,0.000000000000000000e+00,0.000000000000000000e+00,0.000000000000000000e+00,0.000000000000000000e+00,0.000000000000000000e+00,0.000000000000000000e+00,0.000000000000000000e+00,0.000000000000000000e+00,0.000000000000000000e+00,0.000000000000000000e+00,0.000000000000000000e+00,0.000000000000000000e+00,0.000000000000000000e+00,0.000000000000000000e+00,0.000000000000000000e+00,0.000000000000000000e+00,0.000000000000000000e+00,0.000000000000000000e+00,0.000000000000000000e+00,0.000000000000000000e+00,0.000000000000000000e+00,0.000000000000000000e+00,0.000000000000000000e+00,0.000000000000000000e+00,0.000000000000000000e+00,0.000000000000000000e+00,0.000000000000000000e+00,0.000000000000000000e+00,0.000000000000000000e+00,0.000000000000000000e+00,0.000000000000000000e+00,0.000000000000000000e+00,0.000000000000000000e+00,0.000000000000000000e+00,0.000000000000000000e+00,0.000000000000000000e+00,0.000000000000000000e+00,0.000000000000000000e+00,0.000000000000000000e+00,0.000000000000000000e+00,0.000000000000000000e+00,0.000000000000000000e+00,0.000000000000000000e+00,0.000000000000000000e+00,0.000000000000000000e+00,0.000000000000000000e+00,0.000000000000000000e+00,0.000000000000000000e+00,0.000000000000000000e+00,0.000000000000000000e+00,0.000000000000000000e+00,0.000000000000000000e+00,0.000000000000000000e+00,0.000000000000000000e+00,0.000000000000000000e+00,0.000000000000000000e+00,0.000000000000000000e+00,0.000000000000000000e+00,0.000000000000000000e+00,0.000000000000000000e+00,0.000000000000000000e+00,0.000000000000000000e+00,0.000000000000000000e+00,0.000000000000000000e+00,0.000000000000000000e+00,0.000000000000000000e+00,0.000000000000000000e+00,0.000000000000000000e+00,0.000000000000000000e+00,0.000000000000000000e+00,0.000000000000000000e+00,0.000000000000000000e+00,0.000000000000000000e+00,0.000000000000000000e+00,0.000000000000000000e+00,0.000000000000000000e+00,0.000000000000000000e+00,0.000000000000000000e+00,0.000000000000000000e+00,0.000000000000000000e+00,0.000000000000000000e+00,0.000000000000000000e+00,0.000000000000000000e+00,0.000000000000000000e+00,0.000000000000000000e+00,0.000000000000000000e+00,0.000000000000000000e+00,0.000000000000000000e+00,0.000000000000000000e+00,0.000000000000000000e+00,0.000000000000000000e+00,0.000000000000000000e+00,0.000000000000000000e+00,0.000000000000000000e+00,0.000000000000000000e+00,0.000000000000000000e+00,0.000000000000000000e+00,-5.888651356820950346e-03,-5.033444345330916406e-03,-3.527720827824059550e-03,-2.282413457774668062e-03,-1.500849498896412310e-03,-1.098737763558761812e-03,-9.392679154600884093e-04,-9.173970039079621958e-04,-9.670261939695107625e-04,-1.049515841345600173e-03,-1.143554526463787897e-03,-1.238257961903393729e-03,-1.328559188465827786e-03,-1.412365811170521873e-03,-1.488918987886741260e-03,-1.557977740750438956e-03,-1.619437385523688541e-03,-1.673201313476438629e-03,-1.719154346460417294e-03,-1.757184897096630014e-03,-1.787222113516516485e-03,-1.809272052620018376e-03,-1.823446619342462783e-03,-1.829982325439813949e-03,-1.829242902563195427e-03,-1.821711362602424162e-03,-1.807969568602236458e-03,-1.788670950097111028e-03,-1.764510156331147630e-03,-1.736193562615045288e-03,-1.704413502914871748e-03,-1.669828634172082840e-03,-1.633050647335437030e-03,-1.594637050567259675e-03,-1.555088872326387817e-03,-1.514851887364840029e-03,-1.474319902718442075e-03,-1.433838991379223719e-03,-1.393711819622722942e-03,-1.354201585699538104e-03,-1.315535353455651087e-03,-1.277906772926563125e-03,-1.241478289394125269e-03,-1.206382994412668512e-03,-1.172726272886156834e-03,-1.140587369978897543e-03,-1.110020965237883519e-03,-1.081058796281326876e-03,-1.053711344886068633e-03,-1.027969568691139207e-03,-1.003806652150251218e-03,-9.811797399409800079e-04,-9.600316219237324273e-04,-9.402923404323496439e-04,-9.218807032560810038e-04,-9.047056917399122098e-04,-8.886677660801965608e-04,-8.736600755621898133e-04,-8.595695908265684653e-04,-8.462781783991693563e-04,-8.336636425404791604e-04,-8.216007594495114376e-04,-8.099623290743856964e-04,-7.986202666919099778e-04,-7.874467524389530725e-04,-7.763154512219951758e-04,-7.651028079699740553e-04,-7.536894155274440369e-04,-7.419614428090231389e-04,-7.298121027938322958e-04,-7.171431301752803330e-04,-7.038662324191286880e-04,-6.899044708569671046e-04,-6.751935269090982060e-04,-6.596828064405614415e-04,-6.433363399457370279e-04,-6.261334401582440172e-04,-6.080690894077514204e-04,-5.891540377313039117e-04,-5.694146071085874356e-04,-5.488922074775616500e-04,-5.276425843788416911e-04,-5.057348260331902875e-04,-4.832501679578733679e-04,-4.602806358291822511e-04,-4.369275715662960147e-04,-4.133000839051894000e-04,-3.895134631443169745e-04,-3.656875910254358511e-04,-3.419453714190104766e-04,-3.184111965191788575e-04,-2.952094572903638317e-04,-2.724630967180531322e-04,-2.502922005160522164e-04,-2.288126128270138299e-04,-2.081345643287912809e-04,-1.883612972616854084e-04,-1.695876761344963606e-04,-1.518987743045577829e-04,-1.353684349321063304e-04,-1.200578099754578862e-04,-1.060138923273607137e-04,-9.326806388702867188e-05,-8.183469540158699797e-05,-7.170984226675551415e-05,-6.287009285465965677e-05,-5.527163231834324744e-05,-4.884959353221208654e-05,-4.351776802073893538e-05,-3.916875148620591339e-05,-3.567459149150067389e-05,-3.288799706545175982e-05,-3.064415288444695748e-05,-2.876316253974123082e-05,-2.705311862938202365e-05,-2.531377055582222993e-05,-2.334072743441752899e-05,-2.093010214793158039e-05,-1.788346787661641881e-05,-1.401296933429140841e-05,-9.146403109446730635e-06,-3.132063982502527755e-06,4.156856718970285426e-06,1.281853039305086665e-05,2.291960236380222841e-05,3.449331666404612353e-05,4.753877215571678503e-05,6.202136997823008105e-05,7.787444959459364417e-05,9.500204391199040008e-05,1.132826237210814196e-04,1.325736501233970447e-04,1.527167201042751521e-04,1.735430749413248625e-04,1.948792492257551208e-04,2.165526659990235452e-04,2.383970325518443864e-04,2.602574553320660092e-04,2.819952721006331489e-04,3.034926891193669716e-04,3.246574148544716901e-04,3.454275965120238968e-04,3.657775017770789443e-04,3.857245458345277453e-04,4.053384613515697817e-04,4.247536497658971648e-04,4.441860652932821257e-04,4.639563731602302154e-04,4.845216354897963836e-04,5.065184154386718172e-04,5.308210188860653517e-04,5.586196108509739692e-04,5.915242478676920393e-04,6.317024444945879913e-04,6.820598879052717101e-04,7.464763057415177558e-04,8.301115129937579546e-04,9.398002901672027325e-04,1.084559330151325246e-03,1.276234853948414374e-03,1.530325479581897113e-03,1.867018663831592363e-03,2.312471631015655064e-03,2.900317926869705465e-03,3.673197778889535341e-03,4.683545031366367732e-03,5.991322651664763264e-03,7.652695909754072580e-03,9.686238906941920662e-03,1.199214705844235153e-02,1.418910483581549420e-02,1.535818088977923893e-02,1.376383130399031970e-02,6.693549107162001521e-03
0.000000000000000000e+00,0.000000000000000000e+00,0.000000000000000000e+00,0.000000000000000000e+00,0.000000000000000000e+00,0.000000000000000000e+00,0.000000000000000000e+00,0.000000000000000000e+00,0.000000000000000000e+00,0.000000000000000000e+00,0.000000000000000000e+00,0.000000000000000000e+00,0.000000000000000000e+00,0.000000000000000000e+00,0.000000000000000000e+00,0.000000000000000000e+00,0.000000000000000000e+00,0.000000000000000000e+00,0.000000000000000000e+00,0.000000000000000000e+00,0.000000000000000000e+00,0.000000000000000000e+00,0.000000000000000000e+00,0.000000000000000000e+00,0.000000000000000000e+00,0.000000000000000000e+00,0.000000000000000000e+00,0.000000000000000000e+00,0.000000000000000000e+00,0.000000000000000000e+00,0.000000000000000000e+00,0.000000000000000000e+00,0.000000000000000000e+00,0.000000000000000000e+00,0.000000000000000000e+00,0.000000000000000000e+00,0.000000000000000000e+00,0.000000000000000000e+00,0.000000000000000000e+00,0.000000000000000000e+00,0.000000000000000000e+00,0.000000000000000000e+00,0.000000000000000000e+00,0.000000000000000000e+00,0.000000000000000000e+00,0.000000000000000000e+00,0.000000000000000000e+00,0.000000000000000000e+00,0.000000000000000000e+00,0.000000000000000000e+00,0.000000000000000000e+00,0.000000000000000000e+00,0.000000000000000000e+00,0.000000000000000000e+00,0.000000000000000000e+00,0.000000000000000000e+00,0.000000000000000000e+00,0.000000000000000000e+00,0.000000000000000000e+00,0.000000000000000000e+00,0.000000000000000000e+00,0.000000000000000000e+00,0.000000000000000000e+00,0.000000000000000000e+00,0.000000000000000000e+00,0.000000000000000000e+00,0.000000000000000000e+00,0.000000000000000000e+00,0.000000000000000000e+00,0.000000000000000000e+00,0.000000000000000000e+00,0.000000000000000000e+00,0.000000000000000000e+00,0.000000000000000000e+00,0.000000000000000000e+00,0.000000000000000000e+00,0.000000000000000000e+00,0.000000000000000000e+00,0.000000000000000000e+00,0.000000000000000000e+00,0.000000000000000000e+00,0.000000000000000000e+00,0.000000000000000000e+00,0.000000000000000000e+00,0.000000000000000000e+00,0.000000000000000000e+00,0.000000000000000000e+00,0.000000000000000000e+00,0.000000000000000000e+00,0.000000000000000000e+00,0.000000000000000000e+00,0.000000000000000000e+00,0.000000000000000000e+00,0.000000000000000000e+00,0.000000000000000000e+00,0.000000000000000000e+00,0.000000000000000000e+00,0.000000000000000000e+00,0.000000000000000000e+00,0.000000000000000000e+00,0.000000000000000000e+00,0.000000000000000000e+00,0.000000000000000000e+00,0.000000000000000000e+00,0.000000000000000000e+00,0.000000000000000000e+00,0.000000000000000000e+00,0.000000000000000000e+00,0.000000000000000000e+00,0.000000000000000000e+00,0.000000000000000000e+00,0.000000000000000000e+00,0.000000000000000000e+00,0.000000000000000000e+00,0.000000000000000000e+00,0.000000000000000000e+00,0.000000000000000000e+00,0.000000000000000000e+00,0.000000000000000000e+00,0.000000000000000000e+00,0.000000000000000000e+00,0.000000000000000000e+00,0.000000000000000000e+00,0.000000000000000000e+00,0.000000000000000000e+00,0.000000000000000000e+00,0.000000000000000000e+00,0.000000000000000000e+00,0.000000000000000000e+00,0.000000000000000000e+00,0.000000000000000000e+00,0.000000000000000000e+00,0.000000000000000000e+00,0.000000000000000000e+00,0.000000000000000000e+00,0.000000000000000000e+00,0.000000000000000000e+00,0.000000000000000000e+00,0.000000000000000000e+00,0.000000000000000000e+00,0.000000000000000000e+00,0.000000000000000000e+00,0.000000000000000000e+00,0.000000000000000000e+00,0.000000000000000000e+00,0.000000000000000000e+00,0.000000000000000000e+00,0.000000000000000000e+00,0.000000000000000000e+00,0.000000000000000000e+00,0.000000000000000000e+00,0.000000000000000000e+00,0.000000000000000000e+00,0.000000000000000000e+00,0.000000000000000000e+00,0.000000000000000000e+00,0.000000000000000000e+00,0.000000000000000000e+00,0.000000000000000000e+00,0.000000000000000000e+00,0.000000000000000000e+00,0.000000000000000000e+00,0.000000000000000000e+00,0.000000000000000000e+00,0.000000000000000000e+00,0.000000000000000000e+00,0.000000000000000000e+00,0.000000000000000000e+00,0.000000000000000000e+00,0.000000000000000000e+00,0.000000000000000000e+00,0.000000000000000000e+00,0.000000000000000000e+00,0.000000000000000000e+00,0.000000000000000000e+00,0.000000000000000000e+00,-5.944497316989851878e-03,-5.114736700612170645e-03,-3.613750382791847474e-03,-2.365115365032843895e-03,-1.578951129303596138e-03,-1.172676892646422591e-03,-1.010030653714685117e-03,-9.862287605795054275e-04,-1.035098174150317785e-03,-1.117634679506647076e-03,-1.212075775412614284e-03,-1.307097992778871818e-03,-1.397298505822307593e-03,-1.480355503089061118e-03,-1.555397271324485695e-03,-1.622153219197436337e-03,-1.680560413105552367e-03,-1.730607711896164089e-03,-1.772300240800359344e-03,-1.805664172671819778e-03,-1.830776433103630321e-03,-1.847787949548583466e-03,-1.856945167053479593e-03,-1.858599580748284373e-03,-1.853205885453901736e-03,-1.841310586070054331e-03,-1.823532483011320064e-03,-1.800537977086068145e-03,-1.773015918997677184e-03,-1.741653795803724692e-03,-1.707117932289504460e-03,-1.670038734717059319e-03,-1.631001125769376879e-03,-1.590539444716863567e-03,-1.549135988175564908e-03,-1.507221976149737642e-03,-1.465179969750446442e-03,-1.423346923029627587e-03,-1.382017358808520146e-03,-1.341446341625193240e-03,-1.301852149577557632e-03,-1.263418633264801584e-03,-1.226297340840186694e-03,-1.190609488037775148e-03,-1.156447863989465592e-03,-1.123878724891412984e-03,-1.092943715155520390e-03,-1.063661817335421599e-03,-1.036031324105392455e-03,-1.010031802557039482e-03,-9.856260248109240119e-04,-9.627618308691073684e-04,-9.413739014873506034e-04,-9.213854195665315168e-04,-9.027096125656031882e-04,-8.852511721790125689e-04,-8.689075594063436561e-04,-8.535702065035620815e-04,-8.391256350744118143e-04,-8.254565110379117688e-04,-8.124426603126514790e-04,-7.999620682338411939e-04,-7.878918844395191084e-04,-7.761094520463513932e-04,-7.644933750176832353e-04,-7.529246331533227159e-04,-7.412877465063509629e-04,-7.294719857598063384e-04,-7.173726159838286981e-04,-7.048921563000801237e-04,-6.919416290784138803e-04,-6.784417694311997487e-04,-6.643241590551100025e-04,-6.495322493557961849e-04,-6.340222359313684450e-04,-6.177637521866724459e-04,-6.007403514744147832e-04,-5.829497574133178607e-04,-5.644038672208155551e-04,-5.451285058881454775e-04,-5.251629354312952738e-04,-5.045591363046479259e-04,-4.833808827582344544e-04,-4.617026438172847276e-04,-4.396083422152117040e-04,-4.171900088743222927e-04,-3.945463663532344919e-04,-3.717813753359180094e-04,-3.490027701639787650e-04,-3.263206070312788735e-04,-3.038458385794604445e-04,-2.816889255354402166e-04,-2.599584867131539585e-04,-2.387599870645416833e-04,-2.181944565720178011e-04,-1.983572340381621125e-04,-1.793367263391999050e-04,-1.612131783920671532e-04,-1.440574491216622304e-04,-1.279297965101299753e-04,-1.128786777608332682e-04,-9.893958058869973897e-05,-8.613390627142752888e-05,-7.446793573318903040e-05,-6.393191445753825181e-05,-5.449930127287221744e-05,-4.612622828071437814e-05,-3.875122476001766753e-05,-3.229525559122257245e-05,-2.666212461459618223e-05,-2.173928494711930892e-05,-1.739909140055421633e-05,-1.350051527008804428e-05,-9.891328424977586392e-06,-6.410743245765016808e-06,-2.892476718918075589e-06,8.318167985949524200e-07,4.928820136586502894e-06,9.559635149915752991e-06,1.487579055653654200e-05,2.101531365425485609e-05,2.809901482577929966e-05,3.622714125321388896e-05,4.547655238735520694e-05,5.589855894122837664e-05,6.751754342719057346e-05,8.033044914017730515e-05,9.430718280297448923e-05,1.093919311700996963e-04,1.255053433794069248e-04,1.425474870289959923e-04,1.604014477753675232e-04,1.789374169811475796e-04,1.980170996396442848e-04,2.174982799897464455e-04,2.372394029619890633e-04,2.571040674893662246e-04,2.769653797258261429e-04,2.967101807524436625e-04,3.162432424690906100e-04,3.354916186923670223e-04,3.544094473680925775e-04,3.729836291797065072e-04,3.912409641046190570e-04,4.092575202885195720e-04,4.271712520045691831e-04,4.451991908454324656e-04,4.636609278134494038e-04,4.830106055571464448e-04,5.038802806551235516e-04,5.271383246037080828e-04,5.539675526583028465e-04,5.859690398723897730e-04,6.252991665353460106e-04,6.748493862578116946e-04,7.384806303754131275e-04,8.213272517538396230e-04,9.301891423592798490e-04,1.074035286011222612e-03,1.264647637660189445e-03,1.517440396543317822e-03,1.852493997710128251e-03,2.295836213896990281e-03,2.880954185191862953e-03,3.650340237813426252e-03,4.656313792329499351e-03,5.958829140014203045e-03,7.614285335799585337e-03,9.641963338866778310e-03,1.194353172052951655e-02,1.413987335885169561e-02,1.531476575750375692e-02,1.373481420679942624e-02,6.684995161103273083e-03
0.000000000000000000e+00,0.000000000000000000e+00,0.000000000000000000e+00,0.000000000000000000e+00,0.000000000000000000e+00,0.000000000000000000e+00,0.000000000000000000e+00,0.000000000000000000e+00,0.000000000000000000e+00,0.000000000000000000e+00,0.000000000000000000e+00,0.000000000000000000e+00,0.000000000000000000e+00,0.000000000000000000e+00,0.000000000000000000e+00,0.000000000000000000e+00,0.000000000000000000e+00,0.000000000000000000e+00,0.000000000000000000e+00,0.000000000000000000e+00,0.000000000000000000e+00,0.000000000000000000e+00,0.000000000000000000e+00,0.000000000000000000e+00,0.000000000000000000e+00,0.000000000000000000e+00,0.000000000000000000e+00,0.000000000000000000e+00,0.000000000000000000e+00,0.000000000000000000e+00,0.000000000000000000e+00,0.000000000000000000e+00,0.000000000000000000e+00,0.000000000000000000e+00,0.000000000000000000e+00,0.000000000000000000e+00,0.000000000000000000e+00,0.000000000000000000e+00,0.000000000000000000e+00,0.000000000000000000e+00,0.000000000000000000e+00,0.000000000000000000e+00,0.000000000000000000e+00,0.000000000000000000e+00,0.000000000000000000e+00,0.000000000000000000e+00,0.000000000000000000e+00,0.000000000000000000e+00,0.000000000000000000e+00,0.000000000000000000e+00,0.000000000000000000e+00,0.000000000000000000e+00,0.000000000000000000e+00,0.000000000000000000e+00,0.000000000000000000e+00,0.000000000000000000e+00,0.000000000000000000e+00,0.000000000000000000e+00,0.000000000000000000e+00,0.000000000000000000e+00,0.000000000000000000e+00,0.000000000000000000e+00,0.000000000000000000e+00,0.000000000000000000e+00,0.000000000000000000e+00,0.000000000000000000e+00,0.000000000000000000e+00,0.000000000000000000e+00,0.000000000000000000e+00,0.000000000000000000e+00,0.000000000000000000e+00,0.000000000000000000e+00,0.000000000000000000e+00,0.000000000000000000e+00,0.000000000000000000e+00,0.000000000000000000e+00,0.000000000000000000e+00,0.000000000000000000e+00,0.000000000000000000e+00,0.000000000000000000e+00,0.000000000000000000e+00,0.000000000000000000e+00,0.000000000000000000e+00,0.000000000000000000e+00,0.000000000000000000e+00,0.000000000000000000e+00,0.000000000000000000e+00,0.000000000000000000e+00,0.000000000000000000e+00,0.000000000000000000e+00,0.000000000000000000e+00,0.000000000000000000e+00,0.000000000000000000e+00,0.000000000000000000e+00,0.000000000000000000e+00,0.000000000000000000e+00,0.000000000000000000e+00,0.000000000000000000e+00,0.000000000000000000e+00,0.000000000000000000e+00,0.000000000000000000e+00,0.000000000000000000e+00,0.000000000000000000e+00,0.000000000000000000e+00,0.000000000000000000e+00,0.000000000000000000e+00,0.000000000000000000e+00,0.000000000000000000e+00,0.000000000000000000e+00,0.000000000000000000e+00,0.000000000000000000e+00,0.000000000000000000e+00,0.000000000000000000e+00,0.000000000000000000e+00,0.000000000000000000e+00,0.000000000000000000e+00,0.000000000000000000e+00,0.000000000000000000e+00,0.000000000000000000e+00,0.000000000000000000e+00,0.000000000000000000e+00,0.000000000000000000e+00,0.000000000000000000e+00,0.000000000000000000e+00,0.000000000000000000e+00,0.000000000000000000e+00,0.000000000000000000e+00,0.000000000000000000e+00,0.000000000000000000e+00,0.000000000000000000e+00,0.000000000000000000e+00,0.000000000000000000e+00,0.000000000000000000e+00,0.000000000000000000e+00,0.000000000000000000e+00,0.000000000000000000e+00,0.000000000000000000e+00,0.000000000000000000e+00,0.000000000000000000e+00,0.000000000000000000e+00,0.000000000000000000e+00,0.000000000000000000e+00,0.000000000000000000e+00,0.000000000000000000e+00,0.000000000000000000e+00,0.000000000000000000e+00,0.000000000000000000e+00,0.000000000000000000e+00,0.000000000000000000e+00,0.000000000000000000e+00,0.000000000000000000e+00,0.000000000000000000e+00,0.000000000000000000e+00,0.000000000000000000e+00,0.000000000000000000e+00,0.000000000000000000e+00,0.000000000000000000e+00,0.000000000000000000e+00,0.000000000000000000e+00,0.000000000000000000e+00,0.000000000000000000e+00,0.000000000000000000e+00,0.000000000000000000e+00,0.000000000000000000e+00,0.000000000000000000e+00,0.000000000000000000e+00,0.000000000000000000e+00,0.000000000000000000e+00,0.000000000000000000e+00,0.000000000000000000e+00,0.000000000000000000e+00,0.000000000000000000e+00,0.000000000000000000e+00,0.000000000000000000e+00,0.000000000000000000e+00,0.000000000000000000e+00,-6.000570336828456829e-03,-5.196264961877891490e-03,-3.699995393328973751e-03,-2.447209518130835648e-03,-1.654674042521189986e-03,-1.242071696514240355e-03,-1.074243200726324133e-03,-1.047015252363320660e-03,-1.094235403909477305e-03,-1.176506457356730952e-03,-1.271479739246264085e-03,-1.367259448865364591e-03,-1.457974301610350963e-03,-1.540989609307274110e-03,-1.615257749905754832e-03,-1.680450232029467037e-03,-1.736525265827615176e-03,-1.783550444462647959e-03,-1.821641991995033572e-03,-1.850957278656492492e-03,-1.871709447935395636e-03,-1.884182730540610515e-03,-1.888744258692452802e-03,-1.885848887180832569e-03,-1.876033019435281984e-03,-1.859902870224936465e-03,-1.838115977124770394e-03,-1.811360042887108068e-03,-1.780331825150619071e-03,-1.745718004014277895e-03,-1.708179282070392858e-03,-1.668338744777764747e-03,-1.626774124008089923e-03,-1.584013528543377685e-03,-1.540533882368943066e-03,-1.496761305067841746e-03,-1.453072696042521060e-03,-1.409798016959839433e-03,-1.367222888153192019e-03,-1.325591280888304465e-03,-1.285108189125224679e-03,-1.245942240796058757e-03,-1.208228245695238019e-03,-1.172069692081293291e-03,-1.137541206758697779e-03,-1.104690982236929131e-03,-1.073543168580502142e-03,-1.044100214189357285e-03,-1.016345137834021636e-03,-9.902437077335787992e-04,-9.657465080467889573e-04,-9.427908737112159973e-04,-9.213026829118751981e-04,-9.011980009569391450e-04,-8.823845777625026086e-04,-8.647632064875803446e-04,-8.482289568784794715e-04,-8.326723012952256522e-04,-8.179801539076895969e-04,-8.040368462724438838e-04,-7.907250612493342068e-04,-7.779267480558844537e-04,-7.655240365376527432e-04,-7.534001679678173791e-04,-7.414404522265828981e-04,-7.295332594357483661e-04,-7.175710448322374958e-04,-7.054514036135472663e-04,-6.930781424566127705e-04,-6.803623530313378893e-04,-6.672234634077186567e-04,-6.535902437635903763e-04,-6.394017354163287993e-04,-6.246080757642161023e-04,-6.091711874948847836e-04,-5.930653076716956712e-04,-5.762773315729376568e-04,-5.588069567702759781e-04,-5.406666149346590509e-04,-5.218811913945996857e-04,-5.024875354269895582e-04,-4.825337765639681285e-04,-4.620784639184642890e-04,-4.411895554709716625e-04,-4.199432829985182700e-04,-3.984229246124494856e-04,-3.767175119927452295e-04,-3.549205020198882218e-04,-3.331284346602877695e-04,-3.114395990456225662e-04,-2.899527204355318200e-04,-2.687656800752848975e-04,-2.479742711291123064e-04,-2.276709941376774192e-04,-2.079438885383635299e-04,-1.888753991697681453e-04,-1.705412725202909126e-04,-1.530094824282546642e-04,-1.363391836157900499e-04,-1.205796986927371018e-04,-1.057695452014752169e-04,-9.193551796196061448e-05,-7.909184404213673910e-05,-6.723943641183211201e-05,-5.636527397797608230e-05,-4.644194278488175047e-05,-3.742737265019481995e-05,-2.926480728184940739e-05,-2.188304182101300232e-05,-1.519696108574712765e-05,-9.108403406436673200e-06,-3.507369611957958329e-06,1.726415680628555856e-06,6.721592651541696065e-06,1.161292236277217200e-05,1.653874011144041231e-05,2.163815296842753845e-05,2.704804185924030279e-05,3.289994554618906001e-05,3.931691622983271377e-05,4.641045020392969622e-05,5.427760426865025620e-05,6.299841422728681196e-05,7.263372874021618245e-05,8.322356434171680317e-05,9.478607013985244608e-05,1.073171683175479718e-04,1.207909060378051122e-04,1.351605214159461730e-04,1.503601902605397622e-04,1.663073875219441456e-04,1.829057685716368867e-04,2.000484560236738259e-04,2.176216083589722298e-04,2.355081506584584148e-04,2.535915646665956049e-04,2.717596667737393556e-04,2.899083467801245981e-04,3.079452984447317168e-04,3.257938436591820684e-04,3.433970382254026665e-04,3.607223492973783002e-04,3.777673194584089890e-04,3.945667835807892872e-04,4.112023958447001150e-04,4.278154620668847097e-04,4.446243802562239869e-04,4.619483790249755248e-04,4.802397457089521422e-04,5.001273637327760535e-04,5.224751867557276370e-04,5.484602745805144302e-04,5.796762850739405797e-04,6.182698665403511514e-04,6.671193560654399167e-04,7.300675818257694634e-04,8.122236112320536244e-04,9.203520355099122172e-04,1.063373170838184580e-03,1.253003310249748347e-03,1.504570675295192157e-03,1.838047255499783645e-03,2.279330424856463363e-03,2.861760482215598700e-03,3.627681509134565024e-03,4.629296785179306747e-03,5.926546132806608143e-03,7.576048255167515746e-03,9.597765141122571383e-03,1.189480134652657131e-02,1.409019432694025818e-02,1.527046092501395738e-02,1.370457497158181735e-02,6.675496628377097265e-03
0.000000000000000000e+00,0.000000000000000000e+00,0.000000000000000000e+00,0.000000000000000000e+00,0.000000000000000000e+00,0.000000000000000000e+00,0.000000000000000000e+00,0.000000000000000000e+00,0.000000000000000000e+00,0.000000000000000000e+00,0.000000000000000000e+00,0.000000000000000000e+00,0.000000000000000000e+00,0.000000000000000000e+00,0.000000000000000000e+00,0.000000000000000000e+00,0.000000000000000000e+00,0.000000000000000000e+00,0.000000000000000000e+00,0.000000000000000000e+00,0.000000000000000000e+00,0.000000000000000000e+00,0.000000000000000000e+00,0.000000000000000000e+00,0.000000000000000000e+00,0.000000000000000000e+00,0.000000000000000000e+00,0.000000000000000000e+00,0.000000000000000000e+00,0.000000000000000000e+00,0.000000000000000000e+00,0.000000000000000000e+00,0.000000000000000000e+00,0.000000000000000000e+00,0.000000000000000000e+00,0.000000000000000000e+00,0.000000000000000000e+00,0.000000000000000000e+00,0.000000000000000000e+00,0.000000000000000000e+00,0.000000000000000000e+00,0.000000000000000000e+00,0.000000000000000000e+00,0.000000000000000000e+00,0.000000000000000000e+00,0.000000000000000000e+00,0.000000000000000000e+00,0.000000000000000000e+00,0.000000000000000000e+00,0.000000000000000000e+00,0.000000000000000000e+00,0.000000000000000000e+00,0.000000000000000000e+00,0.000000000000000000e+00,0.000000000000000000e+00,0.000000000000000000e+00,0.000000000000000000e+00,0.000000000000000000e+00,0.000000000000000000e+00,0.000000000000000000e+00,0.000000000000000000e+00,0.000000000000000000e+00,0.000000000000000000e+00,0.000000000000000000e+00,0.000000000000000000e+00,0.000000000000000000e+00,0.000000000000000000e+00,0.000000000000000000e+00,0.000000000000000000e+00,0.000000000000000000e+00,0.000000000000000000e+00,0.000000000000000000e+00,0.000000000000000000e+00,0.000000000000000000e+00,0.000000000000000000e+00,0.000000000000000000e+00,0.000000000000000000e+00,0.000000000000000000e+00,0.000000000000000000e+00,0.000000000000000000e+00,0.000000000000000000e+00,0.000000000000000000e+00,0.000000000000000000e+00,0.000000000000000000e+00,0.000000000000000000e+00,0.000000000000000000e+00,0.000000000000000000e+00,0.000000000000000000e+00,0.000000000000000000e+00,0.000000000000000000e+00,0.000000000000000000e+00,0.000000000000000000e+00,0.000000000000000000e+00,0.000000000000000000e+00,0.000000000000000000e+00,0.000000000000000000e+00,0.000000000000000000e+00,0.000000000000000000e+00,0.000000000000000000e+00,0.000000000000000000e+00,0.000000000000000000e+00,0.000000000000000000e+00,0.000000000000000000e+00,0.000000000000000000e+00,0.000000000000000000e+00,0.000000000000000000e+00,0.000000000000000000e+00,0.000000000000000000e+00,0.000000000000000000e+00,0.000000000000000000e+00,0.000000000000000000e+00,0.000000000000000000e+00,0.000000000000000000e+00,0.000000000000000000e+00,0.000000000000000000e+00,0.000000000000000000e+00,0.000000000000000000e+00,0.000000000000000000e+00,0.000000000000000000e+00,0.000000000000000000e+00,0.000000000000000000e+00,0.000000000000000000e+00,0.000000000000000000e+00,0.000000000000000000e+00,0.000000000000000000e+00,0.000000000000000000e+00,0.000000000000000000e+00,0.000000000000000000e+00,0.000000000000000000e+00,0.000000000000000000e+00,0.000000000000000000e+00,0.000000000000000000e+00,0.000000000000000000e+00,0.000000000000000000e+00,0.000000000000000000e+00,0.000000000000000000e+00,0.000000000000000000e+00,0.000000000000000000e+00,0.000000000000000000e+00,0.000000000000000000e+00,0.000000000000000000e+00,0.000000000000000000e+00,0.000000000000000000e+00,0.000000000000000000e+00,0.000000000000000000e+00,0.000000000000000000e+00,0.000000000000000000e+00,0.000000000000000000e+00,0.000000000000000000e+00,0.000000000000000000e+00,0.000000000000000000e+00,0.000000000000000000e+00,0.000000000000000000e+00,0.000000000000000000e+00,0.000000000000000000e+00,0.000000000000000000e+00,0.000000000000000000e+00,0.000000000000000000e+00,0.000000000000000000e+00,0.000000000000000000e+00,0.000000000000000000e+00,0.000000000000000000e+00,0.000000000000000000e+00,0.000000000000000000e+00,0.000000000000000000e+00,0.000000000000000000e+00,0.000000000000000000e+00,0.000000000000000000e+00,0.000000000000000000e+00,0.000000000000000000e+00,0.000000000000000000e+00,0.000000000000000000e+00,0.000000000000000000e+00,0.000000000000000000e+00,0.000000000000000000e+00,0.000000000000000000e+00,-6.056679765616134435e-03,-5.277747462407516091e-03,-3.786005666955314600e-03,-2.528015960269549851e-03,-1.727166583303157109e-03,-1.305964142990610408e-03,-1.130936444685437048e-03,-1.098841396199186880e-03,-1.143663074077051625e-03,-1.225546626647920287e-03,-1.321421049952961179e-03,-1.418645398327989145e-03,-1.510741122415159296e-03,-1.594649718475119526e-03,-1.669083026299769462e-03,-1.733611768366302795e-03,-1.788196467780202737e-03,-1.832969836794950871e-03,-1.868152720591260800e-03,-1.894024940437337391e-03,-1.910928473249546644e-03,-1.919271853405544103e-03,-1.919536417217250013e-03,-1.912276234074597675e-03,-1.898110666084151972e-03,-1.877712142665370534e-03,-1.851789613073113062e-03,-1.821069602831482896e-03,-1.786278073127981186e-03,-1.748123771218787047e-03,-1.707284438070135173e-03,-1.664396343177678176e-03,-1.620047129360411382e-03,-1.574771495878117848e-03,-1.529049336553888047e-03,-1.483305712699615336e-03,-1.437912184697724737e-03,-1.393189054759512002e-03,-1.349408213575471619e-03,-1.306796324885338510e-03,-1.265538190499316705e-03,-1.225780163594687808e-03,-1.187633539791977831e-03,-1.151177862932044153e-03,-1.116464115858557512e-03,-1.083517763584204751e-03,-1.052341634925046390e-03,-1.022918623375156447e-03,-9.952142003944357621e-04,-9.691787308959094521e-04,-9.447495906647819953e-04,-9.218530850825176759e-04,-9.004061766886358072e-04,-8.803180309149972842e-04,-8.614913949950356309e-04,-8.438238277274036012e-04,-8.272088003641269284e-04,-8.115366915714209697e-04,-7.966956987448299424e-04,-7.825726901275792576e-04,-7.690540182843327334e-04,-7.560263168331212910e-04,-7.433772955264375580e-04,-7.309965493700904676e-04,-7.187763884323285831e-04,-7.066126952476411592e-04,-6.944058063478256854e-04,-6.820614149192338188e-04,-6.694914808494106676e-04,-6.566151358246897531e-04,-6.433595611331997246e-04,-6.296608190303393032e-04,-6.154646103395986596e-04,-6.007269367247237155e-04,-5.854146405027107949e-04,-5.695058035047771347e-04,-5.529899837133372834e-04,-5.358682795341200263e-04,-5.181532109208105861e-04,-4.998684190319119171e-04,-4.810481862308608439e-04,-4.617367903596678752e-04,-4.419877064787142021e-04,-4.218626794194203626e-04,-4.014306875805065660e-04,-3.807668256011839279e-04,-3.599511279452128113e-04,-3.390673596455547902e-04,-3.182017926355320235e-04,-2.974419881567283864e-04,-2.768755968533982421e-04,-2.565891894104322096e-04,-2.366671220561068420e-04,-2.171904430215651786e-04,-1.982358390393405031e-04,-1.798746242052740366e-04,-1.621717687315148756e-04,-1.451849701975719371e-04,-1.289637674018406462e-04,-1.135487036096644329e-04,-9.897054527537171246e-05,-8.524956987073810583e-05,-7.239493653172777749e-05,-6.040416049243956220e-05,-4.926271187363730539e-05,-3.894376500398189747e-05,-2.940812229637930231e-05,-2.060433951785329624e-05,-1.246907447361006258e-05,-4.927680576509641204e-06,2.104940914694410244e-06,8.723219973529293210e-06,1.502952827288552203e-05,2.113252743098153615e-05,2.714527313701246348e-05,3.318310132967212153e-05,3.936133516035762920e-05,4.579286047173575930e-05,5.258562988675313376e-05,5.984016407548075760e-05,6.764712884558938774e-05,7.608507181173254598e-05,8.521840666985413279e-05,9.509573088715681021e-05,1.057485572328651882e-04,1.171905269145893881e-04,1.294171554244654505e-04,1.424061395913872824e-04,1.561182294580358088e-04,1.704986417086956684e-04,1.854789662864092742e-04,2.009794962633975376e-04,2.169118960495356201e-04,2.331821166694262269e-04,2.496934705804723176e-04,2.663497939314664483e-04,2.830586510268102464e-04,2.997345753701164198e-04,3.163023930187092332e-04,3.327007392226858404e-04,3.488859584397087875e-04,3.648366753318256191e-04,3.805594432666057529e-04,3.960960254492824624e-04,4.115330500357333742e-04,4.270150174846663199e-04,4.427619405795771811e-04,4.590932836278815337e-04,4.764603604751296200e-04,4.954899763077680276e-04,5.170428904171993920e-04,5.422916700094812482e-04,5.728237512369186747e-04,6.107770726094930271e-04,6.590175848041877373e-04,7.213703557605897565e-04,8.029190400429130244e-04,9.103923202149539389e-04,1.052660801256498618e-03,1.241373806853340910e-03,1.491772244162543632e-03,1.823718619344336881e-03,2.262979403590341301e-03,2.842748147644626536e-03,3.605220901600759888e-03,4.602483919202708836e-03,5.894458171581846810e-03,7.537970764508955882e-03,9.553644162100909110e-03,1.184598914719192479e-02,1.404015984349701179e-02,1.522543935418122808e-02,1.367335612299198054e-02,6.665247985898330001e-03
0.000000000000000000e+00,0.000000000000000000e+00,0.000000000000000000e+00,0.000000000000000000e+00,0.000000000000000000e+00,0.000000000000000000e+00,0.000000000000000000e+00,0.000000000000000000e+00,0.000000000000000000e+00,0.000000000000000000e+00,0.000000000000000000e+00,0.000000000000000000e+00,0.000000000000000000e+00,0.000000000000000000e+00,0.000000000000000000e+00,0.000000000000000000e+00,0.000000000000000000e+00,0.000000000000000000e+00,0.000000000000000000e+00,0.000000000000000000e+00,0.000000000000000000e+00,0.000000000000000000e+00,0.000000000000000000e+00,0.000000000000000000e+00,0.000000000000000000e+00,0.000000000000000000e+00,0.000000000000000000e+00,0.000000000000000000e+00,0.000000000000000000e+00,0.000000000000000000e+00,0.000000000000000000e+00,0.000000000000000000e+00,0.000000000000000000e+00,0.000000000000000000e+00,0.000000000000000000e+00,0.000000000000000000e+00,0.000000000000000000e+00,0.000000000000000000e+00,0.000000000000000000e+00,0.000000000000000000e+00,0.000000000000000000e+00,0.000000000000000000e+00,0.000000000000000000e+00,0.000000000000000000e+00,0.000000000000000000e+00,0.000000000000000000e+00,0.000000000000000000e+00,0.000000000000000000e+00,0.000000000000000000e+00,0.000000000000000000e+00,0.000000000000000000e+00,0.000000000000000000e+00,0.000000000000000000e+00,0.000000000000000000e+00,0.000000000000000000e+00,0.000000000000000000e+00,0.000000000000000000e+00,0.000000000000000000e+00,0.000000000000000000e+00,0.000000000000000000e+00,0.000000000000000000e+00,0.000000000000000000e+00,0.000000000000000000e+00,0.000000000000000000e+00,0.000000000000000000e+00,0.000000000000000000e+00,0.000000000000000000e+00,0.000000000000000000e+00,0.000000000000000000e+00,0.000000000000000000e+00,0.000000000000000000e+00,0.000000000000000000e+00,0.000000000000000000e+00,0.000000000000000000e+00,0.000000000000000000e+00,0.000000000000000000e+00,0.000000000000000000e+00,0.000000000000000000e+00,0.000000000000000000e+00,0.000000000000000000e+00,0.000000000000000000e+00,0.000000000000000000e+00,0.000000000000000000e+00,0.000000000000000000e+00,0.000000000000000000e+00,0.000000000000000000e+00,0.000000000000000000e+00,0.000000000000000000e+00,0.000000000000000000e+00,0.000000000000000000e+00,0.000000000000000000e+00,0.000000000000000000e+00,0.000000000000000000e+00,0.000000000000000000e+00,0.000000000000000000e+00,0.000000000000000000e+00,0.000000000000000000e+00,0.000000000000000000e+00,0.000000000000000000e+00,0.000000000000000000e+00,0.000000000000000000e+00,0.000000000000000000e+00,0.000000000000000000e+00,0.000000000000000000e+00,0.000000000000000000e+00,0.000000000000000000e+00,0.000000000000000000e+00,0.000000000000000000e+00,0.000000000000000000e+00,0.000000000000000000e+00,0.000000000000000000e+00,0.000000000000000000e+00,0.000000000000000000e+00,0.000000000000000000e+00,0.000000000000000000e+00,0.000000000000000000e+00,0.000000000000000000e+00,0.000000000000000000e+00,0.000000000000000000e+00,0.000000000000000000e+00,0.000000000000000000e+00,0.000000000000000000e+00,0.000000000000000000e+00,0.000000000000000000e+00,0.000000000000000000e+00,0.000000000000000000e+00,0.000000000000000000e+00,0.000000000000000000e+00,0.000000000000000000e+00,0.000000000000000000e+00,0.000000000000000000e+00,0.000000000000000000e+00,0.000000000000000000e+00,0.000000000000000000e+00,0.000000000000000000e+00,0.000000000000000000e+00,0.000000000000000000e+00,0.000000000000000000e+00,0.000000000000000000e+00,0.000000000000000000e+00,0.000000000000000000e+00,0.000000000000000000e+00,0.000000000000000000e+00,0.000000000000000000e+00,0.000000000000000000e+00,0.000000000000000000e+00,0.000000000000000000e+00,0.000000000000000000e+00,0.000000000000000000e+00,0.000000000000000000e+00,0.000000000000000000e+00,0.000000000000000000e+00,0.000000000000000000e+00,0.000000000000000000e+00,0.000000000000000000e+00,0.000000000000000000e+00,0.000000000000000000e+00,0.000000000000000000e+00,0.000000000000000000e+00,0.000000000000000000e+00,0.000000000000000000e+00,0.000000000000000000e+00,0.000000000000000000e+00,0.000000000000000000e+00,0.000000000000000000e+00,0.000000000000000000e+00,0.000000000000000000e+00,0.000000000000000000e+00,0.000000000000000000e+00,0.000000000000000000e+00,0.000000000000000000e+00,0.000000000000000000e+00,0.000000000000000000e+00,0.000000000000000000e+00,0.000000000000000000e+00,0.000000000000000000e+00,-6.112655537053164785e-03,-5.358926102635406218e-03,-3.871362376338464018e-03,-2.606950043523804592e-03,-1.795727266733086139e-03,-1.363623635432460995e-03,-1.179409689569218319e-03,-1.141108121625203017e-03,-1.182932616687183344e-03,-1.264508308191891403e-03,-1.361873427627951702e-03,-1.461459995120084881e-03,-1.556015282156259730e-03,-1.641939853204279175e-03,-1.717624082526604534e-03,-1.782494650197696383e-03,-1.836488613993687543e-03,-1.879793087039276006e-03,-1.912725797432227775e-03,-1.935685383165510528e-03,-1.949138775710220449e-03,-1.953618067508077968e-03,-1.949720555300557328e-03,-1.938106668331340560e-03,-1.919490937784850033e-03,-1.894630036933946582e-03,-1.864306611910762548e-03,-1.829311335755590779e-03,-1.790425325442057420e-03,-1.748404098068180807e-03,-1.703963896736538069e-03,-1.657771222309674516e-03,-1.610435494529254257e-03,-1.562504683172661170e-03,-1.514463534294244662e-03,-1.466733945998491793e-03,-1.419676981522079466e-03,-1.373596081551999243e-03,-1.328741066170242716e-03,-1.285312594760351255e-03,-1.243466816765176688e-03,-1.203320014561044338e-03,-1.164953096270903181e-03,-1.128415844108687479e-03,-1.093730862424044511e-03,-1.060897196531106808e-03,-1.029893614372769930e-03,-1.000681555653500652e-03,-9.732077620005070940e-04,-9.474066072624958519e-04,-9.232021495097252669e-04,-9.005099297835025439e-04,-8.792385418043801833e-04,-8.592910003711501420e-04,-8.405659331617869236e-04,-8.229586246487445578e-04,-8.063619359291124365e-04,-7.906671286563760233e-04,-7.757646145393042860e-04,-7.615446563185617390e-04,-7.478980375365914439e-04,-7.347167225327191518e-04,-7.218945176890958527e-04,-7.093277486349676506e-04,-6.969159563516976949e-04,-6.845626186296921737e-04,-6.721758909094650240e-04,-6.596693643068207019e-04,-6.469628263266229617e-04,-6.339830143456186241e-04,-6.206643406210652541e-04,-6.069495736069132350e-04,-5.927904508259129995e-04,-5.781482065394749842e-04,-5.629939902631185978e-04,-5.473091622859707411e-04,-5.310854475456926052e-04,-5.143249410713986820e-04,-4.970399552169113295e-04,-4.792527115853965620e-04,-4.609948782878499438e-04,-4.423069653818184339e-04,-4.232375885409067921e-04,-4.038426214968271065e-04,-3.841842534572411229e-04,-3.643299757225497816e-04,-3.443515154473029060e-04,-3.243237399906007015e-04,-3.043235474088650970e-04,-2.844287622438478286e-04,-2.647170471175750123e-04,-2.452648433669991500e-04,-2.261463456333375290e-04,-2.074325182050525877e-04,-1.891901538552817825e-04,-1.714809797205992491e-04,-1.543608095180530203e-04,-1.378787464423300894e-04,-1.220764376959534981e-04,-1.069873877136574548e-04,-9.263633518938019739e-05,-7.903870556557384612e-05,-6.620014932199541158e-05,-5.411618246023707927e-05,-4.277194388459404785e-05,-3.214208893866542444e-05,-2.219083536560520722e-05,-1.287218024633021060e-05,-4.130301642350747768e-06,4.099841581884537946e-06,1.189170493100095566e-05,1.932614414400585169e-05,2.649019547381326181e-05,3.347565836019943315e-05,4.037749733723323481e-05,4.729208552713845223e-05,5.431532135869747619e-05,6.154065646720081363e-05,6.905708183488638765e-05,7.694712539023256025e-05,8.528492171050729392e-05,9.413441835070199824e-05,1.035477863913138326e-04,1.135641013333215613e-04,1.242083561890443516e-04,1.354908593422871272e-04,1.474070568062202705e-04,1.599378017082969412e-04,1.730500745071213435e-04,1.866981374304012677e-04,2.008250871267045759e-04,2.153647538161474492e-04,2.302438837978391505e-04,2.453845388465030830e-04,2.607066499769411733e-04,2.761306779652219676e-04,2.915803568106125742e-04,3.069855325255117675e-04,3.222851559363833890e-04,3.374305486416604772e-04,3.523891350989147384e-04,3.671489266572886922e-04,3.817241581092042837e-04,3.961626219768773702e-04,4.105554292547620001e-04,4.250501581858490271e-04,4.398686526401477054e-04,4.553311114767693386e-04,4.718886000955363111e-04,4.901667295488607717e-04,5.110240352899711458e-04,5.356295630588603102e-04,5.655654103819591789e-04,6.029615015025933077e-04,6.506718199619180437e-04,7.125037334373064040e-04,7.935151459120656954e-04,9.003980977520722323e-04,1.041972447055209642e-03,1.229819370459758407e-03,1.479091400108135078e-03,1.809540875841345953e-03,2.246803284395682259e-03,2.823925914083022515e-03,3.582957414820338998e-03,4.575866667793410461e-03,5.862552542760346257e-03,7.500041540686204836e-03,9.509600114885030306e-03,1.179712107099810912e-02,1.398984158751388936e-02,1.517983593110551824e-02,1.364134696583070572e-02,6.654401907209138434e-03
0.000000000000000000e+00,0.000000000000000000e+00,0.000000000000000000e+00,0.000000000000000000e+00,0.000000000000000000e+00,0.000000000000000000e+00,0.000000000000000000e+00,0.000000000000000000e+00,0.000000000000000000e+00,0.000000000000000000e+00,0.000000000000000000e+00,0.000000000000000000e+00,0.000000000000000000e+00,0.000000000000000000e+00,0.000000000000000000e+00,0.000000000000000000e+00,0.000000000000000000e+00,0.000000000000000000e+00,0.000000000000000000e+00,0.000000000000000000e+00,0.000000000000000000e+00,0.000000000000000000e+00,0.000000000000000000e+00,0.000000000000000000e+00,0.000000000000000000e+00,0.000000000000000000e+00,0.000000000000000000e+00,0.000000000000000000e+00,0.000000000000000000e+00,0.000000000000000000e+00,0.000000000000000000e+00,0.000000000000000000e+00,0.000000000000000000e+00,0.000000000000000000e+00,0.000000000000000000e+00,0.000000000000000000e+00,0.000000000000000000e+00,0.000000000000000000e+00,0.000000000000000000e+00,0.000000000000000000e+00,0.000000000000000000e+00,0.000000000000000000e+00,0.000000000000000000e+00,0.000000000000000000e+00,0.000000000000000000e+00,0.000000000000000000e+00,0.000000000000000000e+00,0.000000000000000000e+00,0.000000000000000000e+00,0.000000000000000000e+00,0.000000000000000000e+00,0.000000000000000000e+00,0.000000000000000000e+00,0.000000000000000000e+00,0.000000000000000000e+00,0.000000000000000000e+00,0.000000000000000000e+00,0.000000000000000000e+00,0.000000000000000000e+00,0.000000000000000000e+00,0.000000000000000000e+00,0.000000000000000000e+00,0.000000000000000000e+00,0.000000000000000000e+00,0.000000000000000000e+00,0.000000000000000000e+00,0.000000000000000000e+00,0.000000000000000000e+00,0.000000000000000000e+00,0.000000000000000000e+00,0.000000000000000000e+00,0.000000000000000000e+00,0.000000000000000000e+00,0.000000000000000000e+00,0.000000000000000000e+00,0.000000000000000000e+00,0.000000000000000000e+00,0.000000000000000000e+00,0.000000000000000000e+00,0.000000000000000000e+00,0.000000000000000000e+00,0.000000000000000000e+00,0.000000000000000000e+00,0.000000000000000000e+00,0.000000000000000000e+00,0.000000000000000000e+00,0.000000000000000000e+00,0.000000000000000000e+00,0.000000000000000000e+00,0.000000000000000000e+00,0.000000000000000000e+00,0.000000000000000000e+00,0.000000000000000000e+00,0.000000000000000000e+00,0.000000000000000000e+00,0.000000000000000000e+00,0.000000000000000000e+00,0.000000000000000000e+00,0.000000000000000000e+00,0.000000000000000000e+00,0.000000000000000000e+00,0.000000000000000000e+00,0.000000000000000000e+00,0.000000000000000000e+00,0.000000000000000000e+00,0.000000000000000000e+00,0.000000000000000000e+00,0.000000000000000000e+00,0.000000000000000000e+00,0.000000000000000000e+00,0.000000000000000000e+00,0.000000000000000000e+00,0.000000000000000000e+00,0.000000000000000000e+00,0.000000000000000000e+00,0.000000000000000000e+00,0.000000000000000000e+00,0.000000000000000000e+00,0.000000000000000000e+00,0.000000000000000000e+00,0.000000000000000000e+00,0.000000000000000000e+00,0.000000000000000000e+00,0.000000000000000000e+00,0.000000000000000000e+00,0.000000000000000000e+00,0.000000000000000000e+00,0.000000000000000000e+00,0.000000000000000000e+00,0.000000000000000000e+00,0.000000000000000000e+00,0.000000000000000000e+00,0.000000000000000000e+00,0.000000000000000000e+00,0.000000000000000000e+00,0.000000000000000000e+00,0.000000000000000000e+00,0.000000000000000000e+00,0.000000000000000000e+00,0.000000000000000000e+00,0.000000000000000000e+00,0.000000000000000000e+00,0.000000000000000000e+00,0.000000000000000000e+00,0.000000000000000000e+00,0.000000000000000000e+00,0.000000000000000000e+00,0.000000000000000000e+00,0.000000000000000000e+00,0.000000000000000000e+00,0.000000000000000000e+00,0.000000000000000000e+00,0.000000000000000000e+00,0.000000000000000000e+00,0.000000000000000000e+00,0.000000000000000000e+00,0.000000000000000000e+00,0.000000000000000000e+00,0.000000000000000000e+00,0.000000000000000000e+00,0.000000000000000000e+00,0.000000000000000000e+00,0.000000000000000000e+00,0.000000000000000000e+00,0.000000000000000000e+00,0.000000000000000000e+00,0.000000000000000000e+00,0.000000000000000000e+00,0.000000000000000000e+00,0.000000000000000000e+00,0.000000000000000000e+00,0.000000000000000000e+00,0.000000000000000000e+00,0.000000000000000000e+00,0.000000000000000000e+00,0.000000000000000000e+00,-6.168368461916401424e-03,-5.439578210143797797e-03,-3.955707878952993868e-03,-2.683524946542862818e-03,-1.859821540988577720e-03,-1.414540818576511200e-03,-1.219246256343447339e-03,-1.173534256982271783e-03,-1.211941762582859506e-03,-1.293486876279336143e-03,-1.393140051930853458e-03,-1.496199022441242581e-03,-1.594461516840890106e-03,-1.683653302708986365e-03,-1.761759974954510248e-03,-1.828013867318381471e-03,-1.882305504760436706e-03,-1.924865323030603348e-03,-1.956106169003034648e-03,-1.976546464109999596e-03,-1.986783437368372634e-03,-1.987481138595919173e-03,-1.979366740225929362e-03,-1.963225903395757373e-03,-1.939892754861023000e-03,-1.910236306100075460e-03,-1.875143166140826262e-03,-1.835497901610614897e-03,-1.792163961217672777e-03,-1.745966160418340992e-03,-1.697676035190540979e-03,-1.648000781922322839e-03,-1.597576001191918383e-03,-1.546961959891345788e-03,-1.496643022770840527e-03,-1.447029631922971049e-03,-1.398462230856248453e-03,-1.351216506051265481e-03,-1.305509422867687100e-03,-1.261505590712993499e-03,-1.219323620273935534e-03,-1.179042213307606108e-03,-1.140705828285104020e-03,-1.104329824281717132e-03,-1.069905049953027293e-03,-1.037401876042766836e-03,-1.006773700744069194e-03,-9.779599684262402746e-04,-9.508887515063219010e-04,-9.254789464736277484e-04,-9.016421334364734842e-04,-8.792841473982419744e-04,-8.583064032357779708e-04,-8.386070162899409699e-04,-8.200817523119185559e-04,-8.026248424253757058e-04,-7.861296895412188228e-04,-7.704894964088079010e-04,-7.555978353974514066e-04,-7.413491851001111077e-04,-7.276394477355155235e-04,-7.143664668500875840e-04,-7.014305525642895289e-04,-6.887350272344994846e-04,-6.761867912745899659e-04,-6.636969146319065312e-04,-6.511812459814190698e-04,-6.385610378257501824e-04,-6.257635725899781363e-04,-6.127227816622829752e-04,-5.993798372452488607e-04,-5.856837049097862865e-04,-5.715916343218427559e-04,-5.570695751324233370e-04,-5.420924966647758074e-04,-5.266446011002272592e-04,-5.107194135550753578e-04,-4.943197447220639730e-04,-4.774575170154321275e-04,-4.601534578823268185e-04,-4.424366599414854013e-04,-4.243440197548402348e-04,-4.059195627775433451e-04,-3.872136726441212503e-04,-3.682822376438583088e-04,-3.491857357268618781e-04,-3.299882727122038111e-04,-3.107565946869947750e-04,-2.915590877666885479e-04,-2.724647830002843328e-04,-2.535423758875775670e-04,-2.348592736561313610e-04,-2.164806754557010971e-04,-1.984686941942066330e-04,-1.808815218019824058e-04,-1.637726437762317491e-04,-1.471901034089635534e-04,-1.311758209285598888e-04,-1.157649688724924736e-04,-1.009854104573769997e-04,-8.685720500370644622e-05,-7.339219005003880789e-05,-6.059364765312238305e-05,-4.845606735714870614e-05,-3.696501598887693926e-05,-2.609712810145437532e-05,-1.582022771737265915e-05,-6.093593866218823306e-06,3.131621928461810554e-06,1.191181814193822333e-05,2.031020307151963923e-05,2.839589109944888712e-05,3.624284066082315614e-05,4.392864223916923238e-05,5.153317127241918965e-05,5.913712493636219959e-05,6.682046853454253095e-05,7.466082207599287069e-05,8.273182418775217647e-05,9.110151541683758104e-05,9.983078820392217261e-05,1.089719541091085708e-04,1.185674806808734193e-04,1.286489496620993713e-04,1.392362843022923132e-04,1.503372869574895704e-04,1.619475175223298539e-04,1.740505310028927274e-04,1.866184770383838055e-04,1.996130497089503226e-04,2.129867605185379264e-04,2.266844967286659037e-04,2.406453184627493599e-04,2.548044476129354002e-04,2.690954056450770016e-04,2.834522725035950024e-04,2.978120599977876091e-04,3.121172271228254231e-04,3.263184065914050505e-04,3.403774690705441770e-04,3.542711204344086177e-04,3.679953171293651702e-04,3.815708948726155374e-04,3.950509482782871458e-04,4.085306781229391428e-04,4.221606538530070399e-04,4.361647334800261263e-04,4.508642597872435142e-04,4.667106330771828081e-04,4.843289693816473429e-04,5.045763267207736607e-04,5.286189501381658579e-04,5.580342116633358425e-04,5.949444483604916659e-04,6.421918408977135128e-04,7.035659074718355948e-04,7.840983156672125297e-04,8.904436814219132386e-04,1.031370134746311534e-03,1.218389708716262820e-03,1.466565771898953362e-03,1.795540163920354921e-03,2.230817649569875709e-03,2.805300066046994417e-03,3.560889577771767737e-03,4.549437746587956313e-03,5.830818831213360927e-03,7.462251342613786774e-03,9.465632446481310122e-03,1.174821717273085743e-02,1.393929539822721594e-02,1.513375560773774428e-02,1.360869551031121394e-02,6.643077571948085083e-03
0.000000000000000000e+00,0.000000000000000000e+00,0.000000000000000000e+00,0.000000000000000000e+00,0.000000000000000000e+00,0.000000000000000000e+00,0.000000000000000000e+00,0.000000000000000000e+00,0.000000000000000000e+00,0.000000000000000000e+00,0.000000000000000000e+00,0.000000000000000000e+00,0.000000000000000000e+00,0.000000000000000000e+00,0.000000000000000000e+00,0.000000000000000000e+00,0.000000000000000000e+00,0.000000000000000000e+00,0.000000000000000000e+00,0.000000000000000000e+00,0.000000000000000000e+00,0.000000000000000000e+00,0.000000000000000000e+00,0.000000000000000000e+00,0.000000000000000000e+00,0.000000000000000000e+00,0.000000000000000000e+00,0.000000000000000000e+00,0.000000000000000000e+00,0.000000000000000000e+00,0.000000000000000000e+00,0.000000000000000000e+00,0.000000000000000000e+00,0.000000000000000000e+00,0.000000000000000000e+00,0.000000000000000000e+00,0.000000000000000000e+00,0.000000000000000000e+00,0.000000000000000000e+00,0.000000000000000000e+00,0.000000000000000000e+00,0.000000000000000000e+00,0.000000000000000000e+00,0.000000000000000000e+00,0.000000000000000000e+00,0.000000000000000000e+00,0.000000000000000000e+00,0.000000000000000000e+00,0.000000000000000000e+00,0.000000000000000000e+00,0.000000000000000000e+00,0.000000000000000000e+00,0.000000000000000000e+00,0.000000000000000000e+00,0.000000000000000000e+00,0.000000000000000000e+00,0.000000000000000000e+00,0.000000000000000000e+00,0.000000000000000000e+00,0.000000000000000000e+00,0.000000000000000000e+00,0.000000000000000000e+00,0.000000000000000000e+00,0.000000000000000000e+00,0.000000000000000000e+00,0.000000000000000000e+00,0.000000000000000000e+00,0.000000000000000000e+00,0.000000000000000000e+00,0.000000000000000000e+00,0.000000000000000000e+00,0.000000000000000000e+00,0.000000000000000000e+00,0.000000000000000000e+00,0.000000000000000000e+00,0.000000000000000000e+00,0.000000000000000000e+00,0.000000000000000000e+00,0.000000000000000000e+00,0.000000000000000000e+00,0.000000000000000000e+00,0.000000000000000000e+00,0.000000000000000000e+00,0.000000000000000000e+00,0.000000000000000000e+00,0.000000000000000000e+00,0.000000000000000000e+00,0.000000000000000000e+00,0.000000000000000000e+00,0.000000000000000000e+00,0.000000000000000000e+00,0.000000000000000000e+00,0.000000000000000000e+00,0.000000000000000000e+00,0.000000000000000000e+00,0.000000000000000000e+00,0.000000000000000000e+00,0.000000000000000000e+00,0.000000000000000000e+00,0.000000000000000000e+00,0.000000000000000000e+00,0.000000000000000000e+00,0.000000000000000000e+00,0.000000000000000000e+00,0.000000000000000000e+00,0.000000000000000000e+00,0.000000000000000000e+00,0.000000000000000000e+00,0.000000000000000000e+00,0.000000000000000000e+00,0.000000000000000000e+00,0.000000000000000000e+00,0.000000000000000000e+00,0.000000000000000000e+00,0.000000000000000000e+00,0.000000000000000000e+00,0.000000000000000000e+00,0.000000000000000000e+00,0.000000000000000000e+00,0.000000000000000000e+00,0.000000000000000000e+00,0.000000000000000000e+00,0.000000000000000000e+00,0.000000000000000000e+00,0.000000000000000000e+00,0.000000000000000000e+00,0.000000000000000000e+00,0.000000000000000000e+00,0.000000000000000000e+00,0.000000000000000000e+00,0.000000000000000000e+00,0.000000000000000000e+00,0.000000000000000000e+00,0.000000000000000000e+00,0.000000000000000000e+00,0.000000000000000000e+00,0.000000000000000000e+00,0.000000000000000000e+00,0.000000000000000000e+00,0.000000000000000000e+00,0.000000000000000000e+00,0.000000000000000000e+00,0.000000000000000000e+00,0.000000000000000000e+00,0.000000000000000000e+00,0.000000000000000000e+00,0.000000000000000000e+00,0.000000000000000000e+00,0.000000000000000000e+00,0.000000000000000000e+00,0.000000000000000000e+00,0.000000000000000000e+00,0.000000000000000000e+00,0.000000000000000000e+00,0.000000000000000000e+00,0.000000000000000000e+00,0.000000000000000000e+00,0.000000000000000000e+00,0.000000000000000000e+00,0.000000000000000000e+00,0.000000000000000000e+00,0.000000000000000000e+00,0.000000000000000000e+00,0.000000000000000000e+00,0.000000000000000000e+00,0.000000000000000000e+00,0.000000000000000000e+00,0.000000000000000000e+00,0.000000000000000000e+00,0.000000000000000000e+00,0.000000000000000000e+00,0.000000000000000000e+00,0.000000000000000000e+00,0.000000000000000000e+00,0.000000000000000000e+00,0.000000000000000000e+00,-6.223705226666374421e-03,-5.519509971863485222e-03,-4.038732460149607392e-03,-2.757351617828245494e-03,-1.919064987836459606e-03,-1.458423123190881248e-03,-1.250298689390489737e-03,-1.196157696287648191e-03,-1.230928126780426492e-03,-1.312922475764170685e-03,-1.415843515846076537e-03,-1.523638704822291579e-03,-1.626966004164597792e-03,-1.720739833298870220e-03,-1.802451618060934733e-03,-1.871091935934480598e-03,-1.926482459607489414e-03,-1.968892723589266060e-03,-1.998834764009103059e-03,-2.016958023789121399e-03,-2.024005605454254602e-03,-2.020795067244409403e-03,-2.008210055210125390e-03,-1.987193390374446256e-03,-1.958733879753987370e-03,-1.923849206554425085e-03,-1.883564398915442677e-03,-1.838888173536872483e-03,-1.790790145517445970e-03,-1.740180819657971946e-03,-1.687895616241320796e-03,-1.634683858333107771e-03,-1.581202687708023425e-03,-1.528015484546349848e-03,-1.475594054333928843e-03,-1.424323717220516610e-03,-1.374510384308587135e-03,-1.326388807722869451e-03,-1.280131305080048354e-03,-1.235856421823006666e-03,-1.193637143394641643e-03,-1.153508413995898681e-03,-1.115473829451506249e-03,-1.079511464430511205e-03,-1.045578852079204419e-03,-1.013617178519032967e-03,-9.835547712016708653e-04,-9.553099744071082752e-04,-9.287934985603926458e-04,-9.039103313968621656e-04,-8.805612831309036787e-04,-8.586442367414125936e-04,-8.380551566789125589e-04,-8.186889102331965746e-04,-8.004399386545511244e-04,-7.832028189180311383e-04,-7.668727409767046215e-04,-7.513459316161005038e-04,-7.365200408321780816e-04,-7.222945145540051511e-04,-7.085709626816997109e-04,-6.952535399877155181e-04,-6.822493424683208525e-04,-6.694688303866693597e-04,-6.568262741608593821e-04,-6.442402278789959719e-04,-6.316340203679606316e-04,-6.189362624990999828e-04,-6.060813552611312360e-04,-5.930099922723111117e-04,-5.796696374526235599e-04,-5.660149684276476363e-04,-5.520082649444241381e-04,-5.376197324011461635e-04,-5.228277412151531795e-04,-5.076189745695778612e-04,-4.919884695693797511e-04,-4.759395493516633191e-04,-4.594836376652226590e-04,-4.426399600429318051e-04,-4.254351304521681600e-04,-4.079026342265743878e-04,-3.900822128494982094e-04,-3.720191666455243827e-04,-3.537635855828412173e-04,-3.353695269899803749e-04,-3.168941522342292021e-04,-2.983968410886298763e-04,-2.799382949952099295e-04,-2.615796455429868065e-04,-2.433815766786448390e-04,-2.254034733031867331e-04,-2.077026014530909833e-04,-1.903333290718311674e-04,-1.733463898278661715e-04,-1.567881964066325387e-04,-1.407002044074976874e-04,-1.251183323298795346e-04,-1.100724391305047583e-04,-9.558586547259357614e-05,-8.167504182589546908e-05,-6.834917112248082877e-05,-5.560999127398176490e-05,-4.345162677970595776e-05,-3.186053625242697484e-05,-2.081556547520757605e-05,-1.028811274022361062e-05,-2.424145449944196752e-07,9.364043799118890182e-06,1.857998826339968973e-05,2.745968661616501939e-05,3.606215053925626677e-05,4.445021497103655313e-05,5.268950283270128844e-05,6.084728790071795010e-05,6.899127203479321461e-05,7.718829763420748894e-05,8.550302039673258624e-05,9.399657186683825255e-05,1.027252456183129367e-04,1.117392441844046658e-04,1.210815270130259131e-04,1.307868002204179013e-04,1.408806890393695809e-04,1.513791298151966665e-04,1.622880140822418715e-04,1.736031080095978591e-04,1.853102620312483968e-04,1.973859126029580281e-04,2.097978681606136404e-04,2.225063588285654942e-04,2.354653229504031782e-04,2.486238967074237086e-04,2.619280753428137242e-04,2.753225185871646294e-04,2.887524883871056352e-04,3.021659261317097517e-04,3.155157090575459581e-04,3.287621638401618906e-04,3.418759699091452968e-04,3.548416500058215739e-04,3.676619323795317384e-04,3.803633757163812825e-04,3.930037873311315023e-04,4.056821412042720533e-04,4.185519295873776934e-04,4.318391728454577783e-04,4.458666828689146835e-04,4.610866513798424627e-04,4.781242331597277090e-04,4.978355607255179581e-04,5.213845817009834507e-04,5.503443302706034291e-04,5.868297605017830506e-04,6.336712177032173630e-04,6.946400658511732050e-04,7.747411659935266644e-04,8.805909252715666104e-04,1.020904867103942246e-03,1.207125077759654049e-03,1.454225250646547967e-03,1.781736694549744451e-03,2.215034010689652128e-03,2.786874621421011385e-03,3.539015300362997885e-03,4.523190559866681511e-03,5.799248105256063317e-03,7.424592361945874137e-03,9.421740444343093199e-03,1.169929301875385387e-02,1.388856443848376226e-02,1.508727972223191001e-02,1.357551675188103588e-02,6.631368343148840404e-03
0.000000000000000000e+00,0.000000000000000000e+00,0.000000000000000000e+00,0.000000000000000000e+00,0.000000000000000000e+00,0.000000000000000000e+00,0.000000000000000000e+00,0.000000000000000000e+00,0.000000000000000000e+00,0.000000000000000000e+00,0.000000000000000000e+00,0.000000000000000000e+00,0.000000000000000000e+00,0.000000000000000000e+00,0.000000000000000000e+00,0.000000000000000000e+00,0.000000000000000000e+00,0.000000000000000000e+00,0.000000000000000000e+00,0.000000000000000000e+00,0.000000000000000000e+00,0.000000000000000000e+00,0.000000000000000000e+00,0.000000000000000000e+00,0.000000000000000000e+00,0.000000000000000000e+00,0.000000000000000000e+00,0.000000000000000000e+00,0.000000000000000000e+00,0.000000000000000000e+00,0.000000000000000000e+00,0.000000000000000000e+00,0.000000000000000000e+00,0.000000000000000000e+00,0.000000000000000000e+00,0.000000000000000000e+00,0.000000000000000000e+00,0.000000000000000000e+00,0.000000000000000000e+00,0.000000000000000000e+00,0.000000000000000000e+00,0.000000000000000000e+00,0.000000000000000000e+00,0.000000000000000000e+00,0.000000000000000000e+00,0.000000000000000000e+00,0.000000000000000000e+00,0.000000000000000000e+00,0.000000000000000000e+00,0.000000000000000000e+00,0.000000000000000000e+00,0.000000000000000000e+00,0.000000000000000000e+00,0.000000000000000000e+00,0.000000000000000000e+00,0.000000000000000000e+00,0.000000000000000000e+00,0.000000000000000000e+00,0.000000000000000000e+00,0.000000000000000000e+00,0.000000000000000000e+00,0.000000000000000000e+00,0.000000000000000000e+00,0.000000000000000000e+00,0.000000000000000000e+00,0.000000000000000000e+00,0.000000000000000000e+00,0.000000000000000000e+00,0.000000000000000000e+00,0.000000000000000000e+00,0.000000000000000000e+00,0.000000000000000000e+00,0.000000000000000000e+00,0.000000000000000000e+00,0.000000000000000000e+00,0.000000000000000000e+00,0.000000000000000000e+00,0.000000000000000000e+00,0.000000000000000000e+00,0.000000000000000000e+00,0.000000000000000000e+00,0.000000000000000000e+00,0.000000000000000000e+00,0.000000000000000000e+00,0.000000000000000000e+00,0.000000000000000000e+00,0.000000000000000000e+00,0.000000000000000000e+00,0.000000000000000000e+00,0.000000000000000000e+00,0.000000000000000000e+00,0.000000000000000000e+00,0.000000000000000000e+00,0.000000000000000000e+00,0.000000000000000000e+00,0.000000000000000000e+00,0.000000000000000000e+00,0.000000000000000000e+00,0.000000000000000000e+00,0.000000000000000000e+00,0.000000000000000000e+00,0.000000000000000000e+00,0.000000000000000000e+00,0.000000000000000000e+00,0.000000000000000000e+00,0.000000000000000000e+00,0.000000000000000000e+00,0.000000000000000000e+00,0.000000000000000000e+00,0.000000000000000000e+00,0.000000000000000000e+00,0.000000000000000000e+00,0.000000000000000000e+00,0.000000000000000000e+00,0.000000000000000000e+00,0.000000000000000000e+00,0.000000000000000000e+00,0.000000000000000000e+00,0.000000000000000000e+00,0.000000000000000000e+00,0.000000000000000000e+00,0.000000000000000000e+00,0.000000000000000000e+00,0.000000000000000000e+00,0.000000000000000000e+00,0.000000000000000000e+00,0.000000000000000000e+00,0.000000000000000000e+00,0.000000000000000000e+00,0.000000000000000000e+00,0.000000000000000000e+00,0.000000000000000000e+00,0.000000000000000000e+00,0.000000000000000000e+00,0.000000000000000000e+00,0.000000000000000000e+00,0.000000000000000000e+00,0.000000000000000000e+00,0.000000000000000000e+00,0.000000000000000000e+00,0.000000000000000000e+00,0.000000000000000000e+00,0.000000000000000000e+00,0.000000000000000000e+00,0.000000000000000000e+00,0.000000000000000000e+00,0.000000000000000000e+00,0.000000000000000000e+00,0.000000000000000000e+00,0.000000000000000000e+00,0.000000000000000000e+00,0.000000000000000000e+00,0.000000000000000000e+00,0.000000000000000000e+00,0.000000000000000000e+00,0.000000000000000000e+00,0.000000000000000000e+00,0.000000000000000000e+00,0.000000000000000000e+00,0.000000000000000000e+00,0.000000000000000000e+00,0.000000000000000000e+00,0.000000000000000000e+00,0.000000000000000000e+00,0.000000000000000000e+00,0.000000000000000000e+00,0.000000000000000000e+00,0.000000000000000000e+00,0.000000000000000000e+00,0.000000000000000000e+00,0.000000000000000000e+00,0.000000000000000000e+00,0.000000000000000000e+00,0.000000000000000000e+00,0.000000000000000000e+00,0.000000000000000000e+00,-6.278569296338789782e-03,-5.598555653629851483e-03,-4.120179207991250814e-03,-2.828127898112517673e-03,-1.973213397637350701e-03,-1.495171839360563042e-03,-1.272674607261722792e-03,-1.209316499283005775e-03,-1.240460106449913641e-03,-1.323584834249591545e-03,-1.430912747924846951e-03,-1.544811603134182238e-03,-1.654608163034716707e-03,-1.754266102268518292e-03,-1.840698186965914526e-03,-1.912608956221697847e-03,-1.969737289796245645e-03,-2.012395081098295336e-03,-2.041209109955096235e-03,-2.056982557897837904e-03,-2.060634230427404578e-03,-2.053170550777028581e-03,-2.035672331210491414e-03,-2.009282971565436431e-03,-1.975189727726599925e-03,-1.934599380258256477e-03,-1.888709636220034906e-03,-1.838678982550484174e-03,-1.785599195216081275e-03,-1.730472752408654955e-03,-1.674196649669765008e-03,-1.617553082344841105e-03,-1.561206612838659472e-03,-1.505706762906594770e-03,-1.451494816639476099e-03,-1.398913483682541611e-03,-1.348218213551901192e-03,-1.299589116117296633e-03,-1.253142704927972390e-03,-1.208942898301679962e-03,-1.167010941019529235e-03,-1.127334074823967353e-03,-1.089872923430260619e-03,-1.054567645395975773e-03,-1.021342964396234265e-03,-9.901122160350266967e-04,-9.607805555985822780e-04,-9.332474710660084707e-04,-9.074087274944175278e-04,-8.831578599462793075e-04,-8.603873073224874461e-04,-8.389892722872322036e-04,-8.188563685211843477e-04,-7.998821144351256785e-04,-7.819613112842762042e-04,-7.649903463654362298e-04,-7.488674432992213983e-04,-7.334928877787117406e-04,-7.187692403102403102e-04,-7.046015561585028354e-04,-6.908976168777242449e-04,-6.775681875641557505e-04,-6.645272985078302594e-04,-6.516925599015301355e-04,-6.389855030196517653e-04,-6.263319512219653893e-04,-6.136624093398835569e-04,-6.009124699682007447e-04,-5.880232211994801915e-04,-5.749416504835431520e-04,-5.616210265072861616e-04,-5.480212515394567883e-04,-5.341091654412934283e-04,-5.198587936802650600e-04,-5.052515221678061368e-04,-4.902761934636171897e-04,-4.749291110372054914e-04,-4.592139503495729991e-04,-4.431415690082503799e-04,-4.267297201952844178e-04,-4.100026678627897254e-04,-3.929907133943514219e-04,-3.757296379046263591e-04,-3.582600742431058601e-04,-3.406268169104964571e-04,-3.228780863245036647e-04,-3.050647574556723677e-04,-2.872395693647840039e-04,-2.694563252971691417e-04,-2.517690980474143660e-04,-2.342314483190624844e-04,-2.168956678768905002e-04,-1.998120526598833751e-04,-1.830282146149839434e-04,-1.665884351791245186e-04,-1.505330668436720399e-04,-1.348979844707251616e-04,-1.197140916341245633e-04,-1.050068836057060364e-04,-9.079607224503561313e-05,-7.709527531938867230e-05,-6.391177618460109461e-05,-5.124635758956277515e-05,-3.909321615627248721e-05,-2.743996207969678206e-05,-1.626771040185149262e-05,-5.551268053446881615e-06,4.740578523013909232e-06,1.464467280129214046e-05,2.420299286186827867e-05,3.346205223075071589e-05,4.247219940388408658e-05,5.128682136446854217e-05,5.996145898036853384e-05,6.855284495805091870e-05,7.711787845394638520e-05,8.571255319293924642e-05,9.439086007293977069e-05,1.032036876824951035e-04,1.121977484800267471e-04,1.214145597828592671e-04,1.308895121425231059e-04,1.406510567690082418e-04,1.507200447635620184e-04,1.611092464050617923e-04,1.718230764863382977e-04,1.828575431899424084e-04,1.942004327607098943e-04,2.058317310977866280e-04,2.177242774318983412e-04,2.298446347407284468e-04,2.421541587109994338e-04,2.546102415210484441e-04,2.671677113738985475e-04,2.797803725250879608e-04,2.924026867285138814e-04,3.049916141804165479e-04,3.175086636562665893e-04,3.299222367458244588e-04,3.422104039055162022e-04,3.543643114574159263e-04,3.663925036321469980e-04,3.783265468335035098e-04,3.902284807654660711e-04,4.022007931351803266e-04,4.143998391541255013e-04,4.270539126730975169e-04,4.404875420811378301e-04,4.551540522073908488e-04,4.716790253817040304e-04,4.909180507313282279e-04,5.140330979119515529e-04,5.425930619437268005e-04,5.787055411772347490e-04,6.251888616145073263e-04,6.857958254925344659e-04,7.655038764271637590e-04,8.708904704930574151e-04,1.010617769688083130e-03,1.196057316010631661e-03,1.442092869144246010e-03,1.768145446286790773e-03,2.199460269260540383e-03,2.768651542710799489e-03,3.517331838497033368e-03,4.497119032238388117e-03,5.767832694013064546e-03,7.387057963098435896e-03,9.377923134295949176e-03,1.165036042583026017e-02,1.383768200121013835e-02,1.504047102627932390e-02,1.354190015950593531e-02,6.619346821683102546e-03
0.000000000000000000e+00,0.000000000000000000e+00,0.000000000000000000e+00,0.000000000000000000e+00,0.000000000000000000e+00,0.000000000000000000e+00,0.000000000000000000e+00,0.000000000000000000e+00,0.000000000000000000e+00,0.000000000000000000e+00,0.000000000000000000e+00,0.000000000000000000e+00,0.000000000000000000e+00,0.000000000000000000e+00,0.000000000000000000e+00,0.000000000000000000e+00,0.000000000000000000e+00,0.000000000000000000e+00,0.000000000000000000e+00,0.000000000000000000e+00,0.000000000000000000e+00,0.000000000000000000e+00,0.000000000000000000e+00,0.000000000000000000e+00,0.000000000000000000e+00,0.000000000000000000e+00,0.000000000000000000e+00,0.000000000000000000e+00,0.000000000000000000e+00,0.000000000000000000e+00,0.000000000000000000e+00,0.000000000000000000e+00,0.000000000000000000e+00,0.000000000000000000e+00,0.000000000000000000e+00,0.000000000000000000e+00,0.000000000000000000e+00,0.000000000000000000e+00,0.000000000000000000e+00,0.000000000000000000e+00,0.000000000000000000e+00,0.000000000000000000e+00,0.000000000000000000e+00,0.000000000000000000e+00,0.000000000000000000e+00,0.000000000000000000e+00,0.000000000000000000e+00,0.000000000000000000e+00,0.000000000000000000e+00,0.000000000000000000e+00,0.000000000000000000e+00,0.000000000000000000e+00,0.000000000000000000e+00,0.000000000000000000e+00,0.000000000000000000e+00,0.000000000000000000e+00,0.000000000000000000e+00,0.000000000000000000e+00,0.000000000000000000e+00,0.000000000000000000e+00,0.000000000000000000e+00,0.000000000000000000e+00,0.000000000000000000e+00,0.000000000000000000e+00,0.000000000000000000e+00,0.000000000000000000e+00,0.000000000000000000e+00,0.000000000000000000e+00,0.000000000000000000e+00,0.000000000000000000e+00,0.000000000000000000e+00,0.000000000000000000e+00,0.000000000000000000e+00,0.000000000000000000e+00,0.000000000000000000e+00,0.000000000000000000e+00,0.000000000000000000e+00,0.000000000000000000e+00,0.000000000000000000e+00,0.000000000000000000e+00,0.000000000000000000e+00,0.000000000000000000e+00,0.000000000000000000e+00,0.000000000000000000e+00,0.000000000000000000e+00,0.000000000000000000e+00,0.000000000000000000e+00,0.000000000000000000e+00,0.000000000000000000e+00,0.000000000000000000e+00,0.000000000000000000e+00,0.000000000000000000e+00,0.000000000000000000e+00,0.000000000000000000e+00,0.000000000000000000e+00,0.000000000000000000e+00,0.000000000000000000e+00,0.000000000000000000e+00,0.000000000000000000e+00,0.000000000000000000e+00,0.000000000000000000e+00,0.000000000000000000e+00,0.000000000000000000e+00,0.000000000000000000e+00,0.000000000000000000e+00,0.000000000000000000e+00,0.000000000000000000e+00,0.000000000000000000e+00,0.000000000000000000e+00,0.000000000000000000e+00,0.000000000000000000e+00,0.000000000000000000e+00,0.000000000000000000e+00,0.000000000000000000e+00,0.000000000000000000e+00,0.000000000000000000e+00,0.000000000000000000e+00,0.000000000000000000e+00,0.000000000000000000e+00,0.000000000000000000e+00,0.000000000000000000e+00,0.000000000000000000e+00,0.000000000000000000e+00,0.000000000000000000e+00,0.000000000000000000e+00,0.000000000000000000e+00,0.000000000000000000e+00,0.000000000000000000e+00,0.000000000000000000e+00,0.000000000000000000e+00,0.000000000000000000e+00,0.000000000000000000e+00,0.000000000000000000e+00,0.000000000000000000e+00,0.000000000000000000e+00,0.000000000000000000e+00,0.000000000000000000e+00,0.000000000000000000e+00,0.000000000000000000e+00,0.000000000000000000e+00,0.000000000000000000e+00,0.000000000000000000e+00,0.000000000000000000e+00,0.000000000000000000e+00,0.000000000000000000e+00,0.000000000000000000e+00,0.000000000000000000e+00,0.000000000000000000e+00,0.000000000000000000e+00,0.000000000000000000e+00,0.000000000000000000e+00,0.000000000000000000e+00,0.000000000000000000e+00,0.000000000000000000e+00,0.000000000000000000e+00,0.000000000000000000e+00,0.000000000000000000e+00,0.000000000000000000e+00,0.000000000000000000e+00,0.000000000000000000e+00,0.000000000000000000e+00,0.000000000000000000e+00,0.000000000000000000e+00,0.000000000000000000e+00,0.000000000000000000e+00,0.000000000000000000e+00,0.000000000000000000e+00,0.000000000000000000e+00,0.000000000000000000e+00,0.000000000000000000e+00,0.000000000000000000e+00,0.000000000000000000e+00,0.000000000000000000e+00,0.000000000000000000e+00,0.000000000000000000e+00,0.000000000000000000e+00,-6.332852515556565247e-03,-5.676556696990918242e-03,-4.199822237242489299e-03,-2.895621535924090828e-03,-2.022136527166141368e-03,-1.524859239493609993e-03,-1.286708862462307423e-03,-1.213628595226591556e-03,-1.241414102968089930e-03,-1.326554806788065363e-03,-1.439558228415316679e-03,-1.560979962410898253e-03,-1.678625126483373900e-03,-1.785376621755847522e-03,-1.877492262045638146e-03,-1.953358290325793011e-03,-2.012627393161150243e-03,-2.055670547488847553e-03,-2.083257954613425018e-03,-2.096384752187094476e-03,-2.096190341943968312e-03,-2.083920640911637954e-03,-2.060906904525197300e-03,-2.028545946690208518e-03,-1.988271478398237480e-03,-1.941519026361511989e-03,-1.889687278834071204e-03,-1.834100368085506919e-03,-1.775975894703314207e-03,-1.716401470641189860e-03,-1.656320707721660544e-03,-1.596528425838990859e-03,-1.537673720523984912e-03,-1.480269057786079076e-03,-1.424703440499948404e-03,-1.371257852032697075e-03,-1.320121455686018271e-03,-1.271407411551006604e-03,-1.225167521394552846e-03,-1.181405244827580039e-03,-1.140086877021941839e-03,-1.101150878450543602e-03,-1.064515462289671857e-03,-1.030084629547766252e-03,-9.977528637192946241e-04,-9.674087136968292878e-04,-9.389374685878280847e-04,-9.122231181811141839e-04,-8.871497528465133739e-04,-8.636025431296016127e-04,-8.414684002932448954e-04,-8.206364112560531054e-04,-8.009981084467690656e-04,-7.824476345197416789e-04,-7.648818349683224804e-04,-7.482003167901663367e-04,-7.323054889686347229e-04,-7.171026094026568699e-04,-7.024998436537851620e-04,-6.884083518798742507e-04,-6.747424030192682252e-04,-6.614195270737351388e-04,-6.483607001104452639e-04,-6.354905682797129486e-04,-6.227377016363730769e-04,-6.100348798390365550e-04,-5.973193970979400521e-04,-5.845333847008673351e-04,-5.716241357814197052e-04,-5.585444277809476117e-04,-5.452528256810905329e-04,-5.317139598931192642e-04,-5.178987618436707574e-04,-5.037846512812111039e-04,-4.893556601169002894e-04,-4.746024887883779032e-04,-4.595224834751510503e-04,-4.441195336852193161e-04,-4.284038833511335576e-04,-4.123918594346158840e-04,-3.961055164802951669e-04,-3.795722056387969561e-04,-3.628240714363055279e-04,-3.458974884279812320e-04,-3.288324445322247632e-04,-3.116718852131898231e-04,-2.944610270336923811e-04,-2.772466549486518259e-04,-2.600764118144512820e-04,-2.429980931056707630e-04,-2.260589539545832514e-04,-2.093050391638313738e-04,-1.927805413447754919e-04,-1.765271952870424497e-04,-1.605837118742905036e-04,-1.449852575564738511e-04,-1.297629815174758654e-04,-1.149435952647929430e-04,-1.005490064656890434e-04,-8.659601129363961661e-05,-7.309604748437490459e-05,-6.005501241134019168e-05,-4.747314899270120374e-05,-3.534500376620337419e-05,-2.365946025463451264e-05,-1.239985142007156076e-05,-1.544153866840515361e-06,8.934733859302590117e-06,1.906862769327630070e-05,2.889360931500366408e-05,3.844949354254447674e-05,4.777921536310379946e-05,5.692814121933656619e-05,6.594331223152107620e-05,7.487262805900031233e-05,8.376398395898227627e-05,9.266437449984200490e-05,1.016189818802100203e-04,1.106702673614046043e-04,1.198570889931616231e-04,1.292138684106943316e-04,1.387698334579301799e-04,1.485483610489780426e-04,1.585664468779648213e-04,1.688343233769105391e-04,1.793552470369317025e-04,1.901254679680592415e-04,2.011343921934622249e-04,2.123649371180508715e-04,2.237940780027567931e-04,2.353935740643605290e-04,2.471308630899303905e-04,2.589701086636943305e-04,2.708733908725694255e-04,2.828020347805763890e-04,2.947180878504744735e-04,3.065859730155135994e-04,3.183743751609317916e-04,3.300584514837000250e-04,3.416225076346444197e-04,3.530633401347419635e-04,3.643945286905474852e-04,3.756520622351761877e-04,3.869018175935097005e-04,3.982495785586628802e-04,4.098545040168853799e-04,4.219472351559449457e-04,4.348541921078861658e-04,4.490300725518175831e-04,4.651011478090374615e-04,4.839227008695066025e-04,5.066548876883934316e-04,5.348625099242643698e-04,5.706456980894952227e-04,6.168104668696503326e-04,6.770905856000885865e-04,7.564354686415427449e-04,8.613829460794227575e-04,1.000541205011262714e-03,1.185210843062146696e-03,1.430185660254338449e-03,1.754776842088293185e-03,2.184101189254228966e-03,2.750630976305056333e-03,3.495835790390553009e-03,4.471217319956104566e-03,5.736565672245138789e-03,7.349642234907749483e-03,9.334179337512168995e-03,1.160142838376192025e-02,1.378667343993151238e-02,1.499337755375274202e-02,1.350791470218391278e-02,6.607069713437261661e-03
0.000000000000000000e+00,0.000000000000000000e+00,0.000000000000000000e+00,0.000000000000000000e+00,0.000000000000000000e+00,0.000000000000000000e+00,0.000000000000000000e+00,0.000000000000000000e+00,0.000000000000000000e+00,0.000000000000000000e+00,0.000000000000000000e+00,0.000000000000000000e+00,0.000000000000000000e+00,0.000000000000000000e+00,0.000000000000000000e+00,0.000000000000000000e+00,0.000000000000000000e+00,0.000000000000000000e+00,0.000000000000000000e+00,0.000000000000000000e+00,0.000000000000000000e+00,0.000000000000000000e+00,0.000000000000000000e+00,0.000000000000000000e+00,0.000000000000000000e+00,0.000000000000000000e+00,0.000000000000000000e+00,0.000000000000000000e+00,0.000000000000000000e+00,0.000000000000000000e+00,0.000000000000000000e+00,0.000000000000000000e+00,0.000000000000000000e+00,0.000000000000000000e+00,0.000000000000000000e+00,0.000000000000000000e+00,0.000000000000000000e+00,0.000000000000000000e+00,0.000000000000000000e+00,0.000000000000000000e+00,0.000000000000000000e+00,0.000000000000000000e+00,0.000000000000000000e+00,0.000000000000000000e+00,0.000000000000000000e+00,0.000000000000000000e+00,0.000000000000000000e+00,0.000000000000000000e+00,0.000000000000000000e+00,0.000000000000000000e+00,0.000000000000000000e+00,0.000000000000000000e+00,0.000000000000000000e+00,0.000000000000000000e+00,0.000000000000000000e+00,0.000000000000000000e+00,0.000000000000000000e+00,0.000000000000000000e+00,0.000000000000000000e+00,0.000000000000000000e+00,0.000000000000000000e+00,0.000000000000000000e+00,0.000000000000000000e+00,0.000000000000000000e+00,0.000000000000000000e+00,0.000000000000000000e+00,0.000000000000000000e+00,0.000000000000000000e+00,0.000000000000000000e+00,0.000000000000000000e+00,0.000000000000000000e+00,0.000000000000000000e+00,0.000000000000000000e+00,0.000000000000000000e+00,0.000000000000000000e+00,0.000000000000000000e+00,0.000000000000000000e+00,0.000000000000000000e+00,0.000000000000000000e+00,0.000000000000000000e+00,0.000000000000000000e+00,0.000000000000000000e+00,0.000000000000000000e+00,0.000000000000000000e+00,0.000000000000000000e+00,0.000000000000000000e+00,0.000000000000000000e+00,0.000000000000000000e+00,0.000000000000000000e+00,0.000000000000000000e+00,0.000000000000000000e+00,0.000000000000000000e+00,0.000000000000000000e+00,0.000000000000000000e+00,0.000000000000000000e+00,0.000000000000000000e+00,0.000000000000000000e+00,0.000000000000000000e+00,0.000000000000000000e+00,0.000000000000000000e+00,0.000000000000000000e+00,0.000000000000000000e+00,0.000000000000000000e+00,0.000000000000000000e+00,0.000000000000000000e+00,0.000000000000000000e+00,0.000000000000000000e+00,0.000000000000000000e+00,0.000000000000000000e+00,0.000000000000000000e+00,0.000000000000000000e+00,0.000000000000000000e+00,0.000000000000000000e+00,0.000000000000000000e+00,0.000000000000000000e+00,0.000000000000000000e+00,0.000000000000000000e+00,0.000000000000000000e+00,0.000000000000000000e+00,0.000000000000000000e+00,0.000000000000000000e+00,0.000000000000000000e+00,0.000000000000000000e+00,0.000000000000000000e+00,0.000000000000000000e+00,0.000000000000000000e+00,0.000000000000000000e+00,0.000000000000000000e+00,0.000000000000000000e+00,0.000000000000000000e+00,0.000000000000000000e+00,0.000000000000000000e+00,0.000000000000000000e+00,0.000000000000000000e+00,0.000000000000000000e+00,0.000000000000000000e+00,0.000000000000000000e+00,0.000000000000000000e+00,0.000000000000000000e+00,0.000000000000000000e+00,0.000000000000000000e+00,0.000000000000000000e+00,0.000000000000000000e+00,0.000000000000000000e+00,0.000000000000000000e+00,0.000000000000000000e+00,0.000000000000000000e+00,0.000000000000000000e+00,0.000000000000000000e+00,0.000000000000000000e+00,0.000000000000000000e+00,0.000000000000000000e+00,0.000000000000000000e+00,0.000000000000000000e+00,0.000000000000000000e+00,0.000000000000000000e+00,0.000000000000000000e+00,0.000000000000000000e+00,0.000000000000000000e+00,0.000000000000000000e+00,0.000000000000000000e+00,0.000000000000000000e+00,0.000000000000000000e+00,0.000000000000000000e+00,0.000000000000000000e+00,0.000000000000000000e+00,0.000000000000000000e+00,0.000000000000000000e+00,0.000000000000000000e+00,0.000000000000000000e+00,0.000000000000000000e+00,0.000000000000000000e+00,0.000000000000000000e+00,0.000000000000000000e+00,0.000000000000000000e+00,0.000000000000000000e+00,-6.386428976501430481e-03,-5.753352817464361599e-03,-4.277457692697566975e-03,-2.959651984404708999e-03,-2.065797610303419206e-03,-1.547700876705088678e-03,-1.292938779483353284e-03,-1.209964545303644692e-03,-1.234951045703827415e-03,-1.323197230479231535e-03,-1.443244427736705858e-03,-1.573601635692512945e-03,-1.700374789100697484e-03,-1.815251584597974994e-03,-1.913777632234175139e-03,-1.994005280324085208e-03,-2.055515215156873167e-03,-2.098770295882215666e-03,-2.124730191225698926e-03,-2.134636810054552167e-03,-2.129911648498288880e-03,-2.112104630938179371e-03,-2.082861188649487612e-03,-2.043889129645291153e-03,-1.996915511729957602e-03,-1.943637040143873047e-03,-1.885669877674456957e-03,-1.824504774077004548e-03,-1.761473020916041630e-03,-1.697725474318571804e-03,-1.634224556699074736e-03,-1.571747514564410253e-03,-1.510898357487605809e-03,-1.452125579069135164e-03,-1.395743037722875458e-03,-1.341951788233137046e-03,-1.290861231894938500e-03,-1.242508485662159601e-03,-1.196875359466848671e-03,-1.153902700129035529e-03,-1.113502130769838038e-03,-1.075565387544011537e-03,-1.039971544788070770e-03,-1.006592461489390486e-03,-9.752967708662920853e-04,-9.459527176718294204e-04,-9.184300990132893486e-04,-8.926015337593026268e-04,-8.683432324492637664e-04,-8.455354154838667273e-04,-8.240624824499835806e-04,-8.038130229932483745e-04,-7.846797248436898848e-04,-7.665592322921526260e-04,-7.493519815790737615e-04,-7.329620441912888459e-04,-7.172969875816913093e-04,-7.022677714366386530e-04,-6.877886796213771286e-04,-6.737772986860862505e-04,-6.601545379982834373e-04,-6.468446980371197943e-04,-6.337755787879108781e-04,-6.208786314472167266e-04,-6.080891428481257147e-04,-5.953464527750914692e-04,-5.825941913675363728e-04,-5.697805341099814857e-04,-5.568584599530668720e-04,-5.437860080715801753e-04,-5.305265180292234898e-04,-5.170488479031234595e-04,-5.033275555590084388e-04,-4.893430380181625593e-04,-4.750816159254748756e-04,-4.605355598588986967e-04,-4.457030486443050400e-04,-4.305880594158972559e-04,-4.152001837154556179e-04,-3.995543730925010567e-04,-3.836706129839825472e-04,-3.675735320723635979e-04,-3.512919499990938715e-04,-3.348583736377939882e-04,-3.183084478519285590e-04,-3.016803726686746994e-04,-2.850142943984384537e-04,-2.683516828924779776e-04,-2.517347026189938964e-04,-2.352055887101268939e-04,-2.188060347078849140e-04,-2.025766012836504400e-04,-1.865561511435539382e-04,-1.707813172596810408e-04,-1.552860081300739018e-04,-1.401009553253805605e-04,-1.252533059456881377e-04,-1.107662639191209897e-04,-9.665878228280503043e-05,-8.294530964054595043e-05,-6.963559295260106157e-05,-5.673453948642169091e-05,-4.424214029137470285e-05,-3.215345766765269944e-05,-2.045867901244001751e-05,-9.143238792658015936e-06,1.811989469878501486e-06,1.243043078223880706e-05,2.273947512806741378e-05,3.277007438831796741e-05,4.255627091397060926e-05,5.213466204648827522e-05,6.154380430186685142e-05,7.082356481373412260e-05,8.001442690046331322e-05,8.915676122185371070e-05,9.829007307787060064e-05,1.074522415691087383e-04,1.166787650433982168e-04,1.260020325825786207e-04,1.354506391048649358e-04,1.450487664449361341e-04,1.548156489744181646e-04,1.647651457496264644e-04,1.749054351216163840e-04,1.852388493326926949e-04,1.957618583179833904e-04,2.064652120955101232e-04,2.173342416352967764e-04,2.283493183977263212e-04,2.394864642472962493e-04,2.507181064212981865e-04,2.620139677391606844e-04,2.733420909241309491e-04,2.846699987660967720e-04,2.959660095658117303e-04,3.072007413187465550e-04,3.183488689649708160e-04,3.293912295360830705e-04,3.403174205847808438e-04,3.511290932846529433e-04,3.618442233743980802e-04,3.725027404317041548e-04,3.831740290821285385e-04,3.939669810794570290e-04,4.050434949181453163e-04,4.166365960854645305e-04,4.290747063347694198e-04,4.428140455987741387e-04,4.584817260952032806e-04,4.769328389064945713e-04,4.993257633242534224e-04,5.272211310344563154e-04,5.627113885929667511e-04,6.085898734029399071e-04,6.685708222381276863e-04,7.475750338307637086e-04,8.521001251821755558e-04,9.906998384475870171e-04,1.174603614435371698e-03,1.418515467297588395e-03,1.741637390567415088e-03,2.168958839990501111e-03,2.732811489381109342e-03,3.474523136509513090e-03,4.445479736197710877e-03,5.705440762684476329e-03,7.312339877896334786e-03,9.290507607505563148e-03,1.155250343406981003e-02,1.373555786934762928e-02,1.494603571121042376e-02,1.347361353961692293e-02,6.594580864440873109e-03
0.000000000000000000e+00,0.000000000000000000e+00,0.000000000000000000e+00,0.000000000000000000e+00,0.000000000000000000e+00,0.000000000000000000e+00,0.000000000000000000e+00,0.000000000000000000e+00,0.000000000000000000e+00,0.000000000000000000e+00,0.000000000000000000e+00,0.000000000000000000e+00,0.000000000000000000e+00,0.000000000000000000e+00,0.000000000000000000e+00,0.000000000000000000e+00,0.000000000000000000e+00,0.000000000000000000e+00,0.000000000000000000e+00,0.000000000000000000e+00,0.000000000000000000e+00,0.000000000000000000e+00,0.000000000000000000e+00,0.000000000000000000e+00,0.000000000000000000e+00,0.000000000000000000e+00,0.000000000000000000e+00,0.000000000000000000e+00,0.000000000000000000e+00,0.000000000000000000e+00,0.000000000000000000e+00,0.000000000000000000e+00,0.000000000000000000e+00,0.000000000000000000e+00,0.000000000000000000e+00,0.000000000000000000e+00,0.000000000000000000e+00,0.000000000000000000e+00,0.000000000000000000e+00,0.000000000000000000e+00,0.000000000000000000e+00,0.000000000000000000e+00,0.000000000000000000e+00,0.000000000000000000e+00,0.000000000000000000e+00,0.000000000000000000e+00,0.000000000000000000e+00,0.000000000000000000e+00,0.000000000000000000e+00,0.000000000000000000e+00,0.000000000000000000e+00,0.000000000000000000e+00,0.000000000000000000e+00,0.000000000000000000e+00,0.000000000000000000e+00,0.000000000000000000e+00,0.000000000000000000e+00,0.000000000000000000e+00,0.000000000000000000e+00,0.000000000000000000e+00,0.000000000000000000e+00,0.000000000000000000e+00,0.000000000000000000e+00,0.000000000000000000e+00,0.000000000000000000e+00,0.000000000000000000e+00,0.000000000000000000e+00,0.000000000000000000e+00,0.000000000000000000e+00,0.000000000000000000e+00,0.000000000000000000e+00,0.000000000000000000e+00,0.000000000000000000e+00,0.000000000000000000e+00,0.000000000000000000e+00,0.000000000000000000e+00,0.000000000000000000e+00,0.000000000000000000e+00,0.000000000000000000e+00,0.000000000000000000e+00,0.000000000000000000e+00,0.000000000000000000e+00,0.000000000000000000e+00,0.000000000000000000e+00,0.000000000000000000e+00,0.000000000000000000e+00,0.000000000000000000e+00,0.000000000000000000e+00,0.000000000000000000e+00,0.000000000000000000e+00,0.000000000000000000e+00,0.000000000000000000e+00,0.000000000000000000e+00,0.000000000000000000e+00,0.000000000000000000e+00,0.000000000000000000e+00,0.000000000000000000e+00,0.000000000000000000e+00,0.000000000000000000e+00,0.000000000000000000e+00,0.000000000000000000e+00,0.000000000000000000e+00,0.000000000000000000e+00,0.000000000000000000e+00,0.000000000000000000e+00,0.000000000000000000e+00,0.000000000000000000e+00,0.000000000000000000e+00,0.000000000000000000e+00,0.000000000000000000e+00,0.000000000000000000e+00,0.000000000000000000e+00,0.000000000000000000e+00,0.000000000000000000e+00,0.000000000000000000e+00,0.000000000000000000e+00,0.000000000000000000e+00,0.000000000000000000e+00,0.000000000000000000e+00,0.000000000000000000e+00,0.000000000000000000e+00,0.000000000000000000e+00,0.000000000000000000e+00,0.000000000000000000e+00,0.000000000000000000e+00,0.000000000000000000e+00,0.000000000000000000e+00,0.000000000000000000e+00,0.000000000000000000e+00,0.000000000000000000e+00,0.000000000000000000e+00,0.000000000000000000e+00,0.000000000000000000e+00,0.000000000000000000e+00,0.000000000000000000e+00,0.000000000000000000e+00,0.000000000000000000e+00,0.000000000000000000e+00,0.000000000000000000e+00,0.000000000000000000e+00,0.000000000000000000e+00,0.000000000000000000e+00,0.000000000000000000e+00,0.000000000000000000e+00,0.000000000000000000e+00,0.000000000000000000e+00,0.000000000000000000e+00,0.000000000000000000e+00,0.000000000000000000e+00,0.000000000000000000e+00,0.000000000000000000e+00,0.000000000000000000e+00,0.000000000000000000e+00,0.000000000000000000e+00,0.000000000000000000e+00,0.000000000000000000e+00,0.000000000000000000e+00,0.000000000000000000e+00,0.000000000000000000e+00,0.000000000000000000e+00,0.000000000000000000e+00,0.000000000000000000e+00,0.000000000000000000e+00,0.000000000000000000e+00,0.000000000000000000e+00,0.000000000000000000e+00,0.000000000000000000e+00,0.000000000000000000e+00,0.000000000000000000e+00,0.000000000000000000e+00,0.000000000000000000e+00,0.000000000000000000e+00,0.000000000000000000e+00,0.000000000000000000e+00,0.000000000000000000e+00,0.000000000000000000e+00,-6.439132251657019197e-03,-5.828759221763741248e-03,-4.352880845860015654e-03,-3.020069765364760510e-03,-2.104229244979802065e-03,-1.564033019352435499e-03,-1.292078831639691464e-03,-1.199423664176629952e-03,-1.222488666380738874e-03,-1.315131920294805839e-03,-1.443654977175061081e-03,-1.584292232802492510e-03,-1.721293056720737307e-03,-1.845063507748522999e-03,-1.950406354246628790e-03,-2.035050033364644868e-03,-2.098539370851525664e-03,-2.141482963073462666e-03,-2.165095085388298122e-03,-2.170937613143421839e-03,-2.160791133094683725e-03,-2.136585904795038678e-03,-2.100350931120301481e-03,-2.054161527329076333e-03,-2.000076689808347966e-03,-1.940072726279288597e-03,-1.875981881744490229e-03,-1.809443433774192119e-03,-1.741872168108058068e-03,-1.674445096583259502e-03,-1.608104206305997633e-03,-1.543571627448260541e-03,-1.481373083108103754e-03,-1.421865770022493489e-03,-1.365267488971075088e-03,-1.311684695662113228e-03,-1.261137940891471788e-03,-1.213583889915555375e-03,-1.168933637548661038e-03,-1.127067428345753875e-03,-1.087846106774523203e-03,-1.051119754620963905e-03,-1.016733991014214834e-03,-9.845344083475105531e-04,-9.543695525516158410e-04,-9.260928114803931854e-04,-8.995634946170125287e-04,-8.746473445338959771e-04,-8.512166514376616434e-04,-8.291501151442203996e-04,-8.083325469085328235e-04,-7.886544922812492543e-04,-7.700118187697241367e-04,-7.523053120582468521e-04,-7.354402971283474991e-04,-7.193263071869548594e-04,-7.038768021613069775e-04,-6.890089484633828794e-04,-6.746434545391686178e-04,-6.607044681076235408e-04,-6.471195263376625095e-04,-6.338195617568729906e-04,-6.207389535584734120e-04,-6.078156248830972460e-04,-5.949911745427619806e-04,-5.822110417097890647e-04,-5.694246909602033481e-04,-5.565858143662101663e-04,-5.436525372926750239e-04,-5.305876232907368473e-04,-5.173586646366798826e-04,-5.039382534131579697e-04,-4.903041204766073148e-04,-4.764392377482444822e-04,-4.623318730201766741e-04,-4.479755943475757459e-04,-4.333692160584831882e-04,-4.185166860032139943e-04,-4.034269096303990223e-04,-3.881135136028393919e-04,-3.725945483427062742e-04,-3.568921353026297612e-04,-3.410320618217362173e-04,-3.250433318609974613e-04,-3.089576780951097429e-04,-2.928090451253711536e-04,-2.766330507498010417e-04,-2.604664353334265841e-04,-2.443465064901021865e-04,-2.283105883287188463e-04,-2.123954818176123261e-04,-1.966369440078802810e-04,-1.810691914983025505e-04,-1.657244340879185113e-04,-1.506324427539817968e-04,-1.358201562287405671e-04,-1.213113293281442275e-04,-1.071262259986481444e-04,-9.328135966584904116e-05,-7.978928295282291985e-05,-6.665842914552064452e-05,-5.389300685149264037e-05,-4.149295017721919501e-05,-2.945392528286832078e-05,-1.776739548109985538e-05,-6.420744931358765709e-06,4.602537395662007704e-06,1.532261463837715455e-05,2.576299912905984985e-05,3.595019247684310478e-05,4.591326938627614989e-05,5.568341020963292633e-05,6.529338492402547429e-05,7.477699617911111524e-05,8.416848655712584539e-05,9.350192078373858789e-05,1.028105509026519472e-04,1.121261785131967006e-04,1.214785250398149472e-04,1.308946272334681512e-04,1.403982711700064458e-04,1.500094838105954747e-04,1.597440959274960565e-04,1.696133949455750137e-04,1.796238792448453180e-04,1.897771288734526225e-04,2.000697989851099644e-04,2.104937447728192550e-04,2.210362773575597192e-04,2.316805529083691586e-04,2.424060891287684624e-04,2.531894085054635780e-04,2.640048032839626508e-04,2.748252274542584703e-04,2.856233233261711610e-04,2.963726087414574029e-04,3.070488637328027608e-04,3.176317862255407490e-04,3.281070151020912978e-04,3.384686687419489960e-04,3.487226010615225341e-04,3.588906574782435078e-04,3.690163081477960765e-04,3.791721666894904926e-04,3.894700649354172826e-04,4.000745682600532625e-04,4.112210883280083447e-04,4.232400995234821407e-04,4.365894149946466965e-04,4.518970461818409444e-04,4.700179046217127531e-04,4.921085269312213111e-04,5.197252042861254121e-04,5.549524081098523853e-04,6.005703889883730112e-04,6.602733484830052143e-04,7.389529302026120626e-04,8.430660476311127669e-04,9.811116700971184244e-04,1.164248037246802319e-03,1.407089721106281064e-03,1.728730298540664132e-03,2.154033031293828716e-03,2.715190318659066286e-03,3.453389306413420963e-03,4.419900618961974600e-03,5.674452020878946110e-03,7.275145895197640197e-03,9.246906255074025319e-03,1.150359028363827189e-02,1.368434934307693682e-02,1.489847262453754609e-02,1.343903704175896351e-02,6.581914352099648390e-03
0.000000000000000000e+00,0.000000000000000000e+00,0.000000000000000000e+00,0.000000000000000000e+00,0.000000000000000000e+00,0.000000000000000000e+00,0.000000000000000000e+00,0.000000000000000000e+00,0.000000000000000000e+00,0.000000000000000000e+00,0.000000000000000000e+00,0.000000000000000000e+00,0.000000000000000000e+00,0.000000000000000000e+00,0.000000000000000000e+00,0.000000000000000000e+00,0.000000000000000000e+00,0.000000000000000000e+00,0.000000000000000000e+00,0.000000000000000000e+00,0.000000000000000000e+00,0.000000000000000000e+00,0.000000000000000000e+00,0.000000000000000000e+00,0.000000000000000000e+00,0.000000000000000000e+00,0.000000000000000000e+00,0.000000000000000000e+00,0.000000000000000000e+00,0.000000000000000000e+00,0.000000000000000000e+00,0.000000000000000000e+00,0.000000000000000000e+00,0.000000000000000000e+00,0.000000000000000000e+00,0.000000000000000000e+00,0.000000000000000000e+00,0.000000000000000000e+00,0.000000000000000000e+00,0.000000000000000000e+00,0.000000000000000000e+00,0.000000000000000000e+00,0.000000000000000000e+00,0.000000000000000000e+00,0.000000000000000000e+00,0.000000000000000000e+00,0.000000000000000000e+00,0.000000000000000000e+00,0.000000000000000000e+00,0.000000000000000000e+00,0.000000000000000000e+00,0.000000000000000000e+00,0.000000000000000000e+00,0.000000000000000000e+00,0.000000000000000000e+00,0.000000000000000000e+00,0.000000000000000000e+00,0.000000000000000000e+00,0.000000000000000000e+00,0.000000000000000000e+00,0.000000000000000000e+00,0.000000000000000000e+00,0.000000000000000000e+00,0.000000000000000000e+00,0.000000000000000000e+00,0.000000000000000000e+00,0.000000000000000000e+00,0.000000000000000000e+00,0.000000000000000000e+00,0.000000000000000000e+00,0.000000000000000000e+00,0.000000000000000000e+00,0.000000000000000000e+00,0.000000000000000000e+00,0.000000000000000000e+00,0.000000000000000000e+00,0.000000000000000000e+00,0.000000000000000000e+00,0.000000000000000000e+00,0.000000000000000000e+00,0.000000000000000000e+00,0.000000000000000000e+00,0.000000000000000000e+00,0.000000000000000000e+00,0.000000000000000000e+00,0.000000000000000000e+00,0.000000000000000000e+00,0.000000000000000000e+00,0.000000000000000000e+00,0.000000000000000000e+00,0.000000000000000000e+00,0.000000000000000000e+00,0.000000000000000000e+00,0.000000000000000000e+00,0.000000000000000000e+00,0.000000000000000000e+00,0.000000000000000000e+00,0.000000000000000000e+00,0.000000000000000000e+00,0.000000000000000000e+00,0.000000000000000000e+00,0.000000000000000000e+00,0.000000000000000000e+00,0.000000000000000000e+00,0.000000000000000000e+00,0.000000000000000000e+00,0.000000000000000000e+00,0.000000000000000000e+00,0.000000000000000000e+00,0.000000000000000000e+00,0.000000000000000000e+00,0.000000000000000000e+00,0.000000000000000000e+00,0.000000000000000000e+00,0.000000000000000000e+00,0.000000000000000000e+00,0.000000000000000000e+00,0.000000000000000000e+00,0.000000000000000000e+00,0.000000000000000000e+00,0.000000000000000000e+00,0.000000000000000000e+00,0.000000000000000000e+00,0.000000000000000000e+00,0.000000000000000000e+00,0.000000000000000000e+00,0.000000000000000000e+00,0.000000000000000000e+00,0.000000000000000000e+00,0.000000000000000000e+00,0.000000000000000000e+00,0.000000000000000000e+00,0.000000000000000000e+00,0.000000000000000000e+00,0.000000000000000000e+00,0.000000000000000000e+00,0.000000000000000000e+00,0.000000000000000000e+00,0.000000000000000000e+00,0.000000000000000000e+00,0.000000000000000000e+00,0.000000000000000000e+00,0.000000000000000000e+00,0.000000000000000000e+00,0.000000000000000000e+00,0.000000000000000000e+00,0.000000000000000000e+00,0.000000000000000000e+00,0.000000000000000000e+00,0.000000000000000000e+00,0.000000000000000000e+00,0.000000000000000000e+00,0.000000000000000000e+00,0.000000000000000000e+00,0.000000000000000000e+00,0.000000000000000000e+00,0.000000000000000000e+00,0.000000000000000000e+00,0.000000000000000000e+00,0.000000000000000000e+00,0.000000000000000000e+00,0.000000000000000000e+00,0.000000000000000000e+00,0.000000000000000000e+00,0.000000000000000000e+00,0.000000000000000000e+00,0.000000000000000000e+00,0.000000000000000000e+00,0.000000000000000000e+00,0.000000000000000000e+00,0.000000000000000000e+00,0.000000000000000000e+00,0.000000000000000000e+00,0.000000000000000000e+00,0.000000000000000000e+00,0.000000000000000000e+00,-6.490752350040019346e-03,-5.902557971420289810e-03,-4.425875152817011771e-03,-3.076741795052927598e-03,-2.137519015054746997e-03,-1.574296024487850318e-03,-1.285003732225634783e-03,-1.183311814404580707e-03,-1.205674883830943440e-03,-1.304199080088244873e-03,-1.442652568872209535e-03,-1.594778766950742752e-03,-1.742845427933824255e-03,-1.875928409106175383e-03,-1.988094646991341724e-03,-2.076790931989778988e-03,-2.141590664681346061e-03,-2.183325945967341634e-03,-2.203552251021406901e-03,-2.204242450394396612e-03,-2.187626938590840706e-03,-2.156099754563725601e-03,-2.112142348211449271e-03,-2.058245005292179668e-03,-1.996820986344469920e-03,-1.930123261599175216e-03,-1.860175641882012539e-03,-1.788725895604526862e-03,-1.717223822295670934e-03,-1.646822111618644708e-03,-1.578394948021610107e-03,-1.512568440136108925e-03,-1.449757351373634050e-03,-1.390203555690683801e-03,-1.334012911655591384e-03,-1.281188434559410103e-03,-1.231658677855151625e-03,-1.185301007736990885e-03,-1.141959981027467494e-03,-1.101461350094788639e-03,-1.063622355435286417e-03,-1.028259003062530815e-03,-9.951909701865933530e-04,-9.642447135649411362e-04,-9.352552480690882368e-04,-9.080669826436292428e-04,-8.825339028176941002e-04,-8.585193307442592079e-04,-8.358954210699516031e-04,-8.145425184669731521e-04,-7.943484532690703401e-04,-7.752078386536536640e-04,-7.570213999288864229e-04,-7.396953655656733932e-04,-7.231409269588501103e-04,-7.072737793314378329e-04,-6.920137394862430763e-04,-6.772844444192263570e-04,-6.630131216594345369e-04,-6.491304315576399255e-04,-6.355703708235415934e-04,-6.222702359057163653e-04,-6.091706352179545409e-04,-5.962155477654239311e-04,-5.833524170022214711e-04,-5.705322763852236322e-04,-5.577098951899786593e-04,-5.448439400189852193e-04,-5.318971404577155877e-04,-5.188364536244422127e-04,-5.056332163898794464e-04,-4.922632799304754465e-04,-4.787071163762748644e-04,-4.649498929217390814e-04,-4.509815049367342813e-04,-4.367965649741079536e-04,-4.223943417229476631e-04,-4.077786480178395546e-04,-3.929576749826862656e-04,-3.779437740212761602e-04,-3.627531869306434373e-04,-3.474057284189698480e-04,-3.319244242177314609e-04,-3.163351111619701990e-04,-3.006660046501962954e-04,-2.849472411200948863e-04,-2.692104022422837310e-04,-2.534880287591349487e-04,-2.378131309956159063e-04,-2.222187033778196582e-04,-2.067372495355808068e-04,-1.914003241024828247e-04,-1.762380968802412448e-04,-1.612789439733848345e-04,-1.465490705326933155e-04,-1.320721682302841195e-04,-1.178691112237544692e-04,-1.039576924832189681e-04,-9.035240363148972745e-05,-7.706425920876975677e-05,-6.410066816911495281e-05,-5.146535275872934808e-05,-3.915831737238906413e-05,-2.717586682593182726e-05,-1.551067637661969636e-05,-4.151912095733250531e-06,6.914596548099400602e-06,1.770613437932647621e-05,2.824282740402348136e-05,3.854732279540499780e-05,4.864442204301533309e-05,5.856067293681091121e-05,6.832392198279901570e-05,7.796283506179169803e-05,8.750638985666332173e-05,9.698335033925328406e-05,1.064217290838581224e-04,1.158482503430427159e-04,1.252878219115211782e-04,1.347630310645961101e-04,1.442936742631465731e-04,1.538963372140223222e-04,1.635840352136171897e-04,1.733659297824414460e-04,1.832471296277557026e-04,1.932285890553413839e-04,2.033071078583417344e-04,2.134754411877641360e-04,2.237225185447605535e-04,2.340337759991227616e-04,2.443915976878671876e-04,2.547758698464025343e-04,2.651646460845506303e-04,2.755349343491931440e-04,2.858636177511608505e-04,2.961285406076326560e-04,3.063098027397451704e-04,3.163913358594069229e-04,3.263628631005525255e-04,3.362223919341101198e-04,3.459794427827216231e-04,3.556592948116166111e-04,3.653086230355815744e-04,3.750030296290878125e-04,3.848571316226783107e-04,3.950380776812670259e-04,4.057836346608030792e-04,4.174263287056108373e-04,4.304255696228208761e-04,4.454102482715838261e-04,4.632350257869049387e-04,4.850544495463064926e-04,5.124202296983353068e-04,5.474085220170487156e-04,5.927860605543684713e-04,6.522265269214175222e-04,7.305919295603380444e-04,8.342980892687357685e-04,9.717890074142684475e-04,1.154151826457873236e-03,1.395912156714845549e-03,1.716056032184820656e-03,2.139321706030971118e-03,2.697763595004733141e-03,3.432429248273399531e-03,4.394474303790958311e-03,5.643593797064481825e-03,7.238055558836846773e-03,9.203373314241560660e-03,1.145469197610260968e-02,1.363305786342567001e-02,1.485070802388212957e-02,1.340421571895026101e-02,6.569096280468109637e-03
0.000000000000000000e+00,0.000000000000000000e+00,0.000000000000000000e+00,0.000000000000000000e+00,0.000000000000000000e+00,0.000000000000000000e+00,0.000000000000000000e+00,0.000000000000000000e+00,0.000000000000000000e+00,0.000000000000000000e+00,0.000000000000000000e+00,0.000000000000000000e+00,0.000000000000000000e+00,0.000000000000000000e+00,0.000000000000000000e+00,0.000000000000000000e+00,0.000000000000000000e+00,0.000000000000000000e+00,0.000000000000000000e+00,0.000000000000000000e+00,0.000000000000000000e+00,0.000000000000000000e+00,0.000000000000000000e+00,0.000000000000000000e+00,0.000000000000000000e+00,0.000000000000000000e+00,0.000000000000000000e+00,0.000000000000000000e+00,0.000000000000000000e+00,0.000000000000000000e+00,0.000000000000000000e+00,0.000000000000000000e+00,0.000000000000000000e+00,0.000000000000000000e+00,0.000000000000000000e+00,0.000000000000000000e+00,0.000000000000000000e+00,0.000000000000000000e+00,0.000000000000000000e+00,0.000000000000000000e+00,0.000000000000000000e+00,0.000000000000000000e+00,0.000000000000000000e+00,0.000000000000000000e+00,0.000000000000000000e+00,0.000000000000000000e+00,0.000000000000000000e+00,0.000000000000000000e+00,0.000000000000000000e+00,0.000000000000000000e+00,0.000000000000000000e+00,0.000000000000000000e+00,0.000000000000000000e+00,0.000000000000000000e+00,0.000000000000000000e+00,0.000000000000000000e+00,0.000000000000000000e+00,0.000000000000000000e+00,0.000000000000000000e+00,0.000000000000000000e+00,0.000000000000000000e+00,0.000000000000000000e+00,0.000000000000000000e+00,0.000000000000000000e+00,0.000000000000000000e+00,0.000000000000000000e+00,0.000000000000000000e+00,0.000000000000000000e+00,0.000000000000000000e+00,0.000000000000000000e+00,0.000000000000000000e+00,0.000000000000000000e+00,0.000000000000000000e+00,0.000000000000000000e+00,0.000000000000000000e+00,0.000000000000000000e+00,0.000000000000000000e+00,0.000000000000000000e+00,0.000000000000000000e+00,0.000000000000000000e+00,0.000000000000000000e+00,0.000000000000000000e+00,0.000000000000000000e+00,0.000000000000000000e+00,0.000000000000000000e+00,0.000000000000000000e+00,0.000000000000000000e+00,0.000000000000000000e+00,0.000000000000000000e+00,0.000000000000000000e+00,0.000000000000000000e+00,0.000000000000000000e+00,0.000000000000000000e+00,0.000000000000000000e+00,0.000000000000000000e+00,0.000000000000000000e+00,0.000000000000000000e+00,0.000000000000000000e+00,0.000000000000000000e+00,0.000000000000000000e+00,0.000000000000000000e+00,0.000000000000000000e+00,0.000000000000000000e+00,0.000000000000000000e+00,0.000000000000000000e+00,0.000000000000000000e+00,0.000000000000000000e+00,0.000000000000000000e+00,0.000000000000000000e+00,0.000000000000000000e+00,0.000000000000000000e+00,0.000000000000000000e+00,0.000000000000000000e+00,0.000000000000000000e+00,0.000000000000000000e+00,0.000000000000000000e+00,0.000000000000000000e+00,0.000000000000000000e+00,0.000000000000000000e+00,0.000000000000000000e+00,0.000000000000000000e+00,0.000000000000000000e+00,0.000000000000000000e+00,0.000000000000000000e+00,0.000000000000000000e+00,0.000000000000000000e+00,0.000000000000000000e+00,0.000000000000000000e+00,0.000000000000000000e+00,0.000000000000000000e+00,0.000000000000000000e+00,0.000000000000000000e+00,0.000000000000000000e+00,0.000000000000000000e+00,0.000000000000000000e+00,0.000000000000000000e+00,0.000000000000000000e+00,0.000000000000000000e+00,0.000000000000000000e+00,0.000000000000000000e+00,0.000000000000000000e+00,0.000000000000000000e+00,0.000000000000000000e+00,0.000000000000000000e+00,0.000000000000000000e+00,0.000000000000000000e+00,0.000000000000000000e+00,0.000000000000000000e+00,0.000000000000000000e+00,0.000000000000000000e+00,0.000000000000000000e+00,0.000000000000000000e+00,0.000000000000000000e+00,0.000000000000000000e+00,0.000000000000000000e+00,0.000000000000000000e+00,0.000000000000000000e+00,0.000000000000000000e+00,0.000000000000000000e+00,0.000000000000000000e+00,0.000000000000000000e+00,0.000000000000000000e+00,0.000000000000000000e+00,0.000000000000000000e+00,0.000000000000000000e+00,0.000000000000000000e+00,0.000000000000000000e+00,0.000000000000000000e+00,0.000000000000000000e+00,0.000000000000000000e+00,0.000000000000000000e+00,0.000000000000000000e+00,0.000000000000000000e+00,0.000000000000000000e+00,0.000000000000000000e+00,0.000000000000000000e+00,-6.541026861631078250e-03,-5.974484712816830259e-03,-4.496198977287287415e-03,-3.129542072327607793e-03,-2.165802581711910937e-03,-1.579029487087036526e-03,-1.272739182091841333e-03,-1.163124905384294201e-03,-1.186359185053024231e-03,-1.292419694245345837e-03,-1.442228587237335408e-03,-1.606843326414432969e-03,-1.766467903928827920e-03,-1.908849797151106415e-03,-2.027373785927005616e-03,-2.119287598513220402e-03,-2.184290342774109633e-03,-2.223542620157433879e-03,-2.239049514464920652e-03,-2.233302597928859146e-03,-2.209082245804840691e-03,-2.169330522201300127e-03,-2.117040931042837599e-03,-2.055147755787193470e-03,-1.986415491627376885e-03,-1.913342606358144635e-03,-1.838092898217693521e-03,-1.762460156113477595e-03,-1.687864702281842346e-03,-1.615375295124696440e-03,-1.545747931513486882e-03,-1.479473602704610207e-03,-1.416828522833291169e-03,-1.357922166730190106e-03,-1.302740186660242099e-03,-1.251180761084732520e-03,-1.203084007119128735e-03,-1.158254833099308994e-03,-1.116480003038408057e-03,-1.077540376800957284e-03,-1.041219286727945118e-03,-1.007307948177945485e-03,-9.756086573268630668e-04,-9.459364068165001692e-04,-9.181193994098314987e-04,-8.919988393658152088e-04,-8.674282679237045471e-04,-8.442726478135772735e-04,-8.224073268748389792e-04,-8.017169809786568735e-04,-7.820945896666001585e-04,-7.634404881955828047e-04,-7.456615105769600531e-04,-7.286702394466165614e-04,-7.123843596781297702e-04,-6.967261188558654134e-04,-6.816218844139147011e-04,-6.670017951459244381e-04,-6.527994947771798614e-04,-6.389519433818516021e-04,-6.253992945343025533e-04,-6.120848335743842581e-04,-5.989549657954732842e-04,-5.859592497947447220e-04,-5.730504655265339581e-04,-5.601847119151134782e-04,-5.473215239778117958e-04,-5.344240038425064230e-04,-5.214589559918393277e-04,-5.083970208568024552e-04,-4.952127977332138791e-04,-4.818849513315713227e-04,-4.683962940416972875e-04,-4.547338390132908345e-04,-4.408888178221454651e-04,-4.268566592364878075e-04,-4.126369250765051151e-04,-3.982332016008123857e-04,-3.836529449996839793e-04,-3.689072816225379766e-04,-3.540107642061191017e-04,-3.389810868804595044e-04,-3.238387626597167505e-04,-3.086067679469347278e-04,-2.933101596437066427e-04,-2.779756704722647514e-04,-2.626312892279226313e-04,-2.473058318595036621e-04,-2.320285104354595875e-04,-2.168285054493473258e-04,-2.017345482166274116e-04,-1.867745178281087458e-04,-1.719750587024468402e-04,-1.573612219328897495e-04,-1.429561356198576205e-04,-1.287807060787513177e-04,-1.148533543338279916e-04,-1.011897886180721407e-04,-8.780281668585552288e-05,-7.470219769040059338e-05,-6.189453701216971837e-05,-4.938322297479755247e-05,-3.716840852564988018e-05,-2.524703605312290372e-05,-1.361290809572152804e-05,-2.256801288389218997e-06,8.833374146506516402e-06,1.967237300258526758e-05,3.027737013702007170e-05,4.066767680611170607e-05,5.086441755814143751e-05,6.089017399170860192e-05,7.076859587165931721e-05,8.052398765246194536e-05,9.018087243198977710e-05,9.976354337375419479e-05,1.092956063790649239e-04,1.187995261157882225e-04,1.282961809065684996e-04,1.378044403489393028e-04,1.473407723739101455e-04,1.569188944898633952e-04,1.665494759788836341e-04,1.762399051926135372e-04,1.859941271710148297e-04,1.958125634467020710e-04,2.056921162568715834e-04,2.156262656419474430e-04,2.256052583360004652e-04,2.356163941533511677e-04,2.456444074457844631e-04,2.556719500381531940e-04,2.656801773173620915e-04,2.756494520548443392e-04,2.855601817938183042e-04,2.953938253804470632e-04,3.051341150684169085e-04,3.147685713643086141e-04,3.242904138584235246e-04,3.337010197880097137e-04,3.430131327257806466e-04,3.522551015579758905e-04,3.614765207491536033e-04,3.707557692356043696e-04,3.802101020561960342e-04,3.900091554529520237e-04,4.003929905806913781e-04,4.116961392511986491e-04,4.243795545063817399e-04,4.390729225161069484e-04,4.566305172372854158e-04,4.782046889570163600e-04,5.053422775452733181e-04,5.401107538289951068e-04,5.852629047775554164e-04,6.444514393486841563e-04,7.225083185271939483e-04,8.258079804890721114e-04,9.627393850328056597e-04,1.144318806643606799e-03,1.384983481521186860e-03,1.703612838305168086e-03,2.124821310914558250e-03,2.680526566530846456e-03,3.411637516027916060e-03,4.369195073660681918e-03,5.612860546219116710e-03,7.201064194170272818e-03,9.159906541057740922e-03,1.140581029972855161e-02,1.358169009573424388e-02,1.480275564628166785e-02,1.336917201003767590e-02,6.556146751729676446e-03
0.000000000000000000e+00,0.000000000000000000e+00,0.000000000000000000e+00,0.000000000000000000e+00,0.000000000000000000e+00,0.000000000000000000e+00,0.000000000000000000e+00,0.000000000000000000e+00,0.000000000000000000e+00,0.000000000000000000e+00,0.000000000000000000e+00,0.000000000000000000e+00,0.000000000000000000e+00,0.000000000000000000e+00,0.000000000000000000e+00,0.000000000000000000e+00,0.000000000000000000e+00,0.000000000000000000e+00,0.000000000000000000e+00,0.000000000000000000e+00,0.000000000000000000e+00,0.000000000000000000e+00,0.000000000000000000e+00,0.000000000000000000e+00,0.000000000000000000e+00,0.000000000000000000e+00,0.000000000000000000e+00,0.000000000000000000e+00,0.000000000000000000e+00,0.000000000000000000e+00,0.000000000000000000e+00,0.000000000000000000e+00,0.000000000000000000e+00,0.000000000000000000e+00,0.000000000000000000e+00,0.000000000000000000e+00,0.000000000000000000e+00,0.000000000000000000e+00,0.000000000000000000e+00,0.000000000000000000e+00,0.000000000000000000e+00,0.000000000000000000e+00,0.000000000000000000e+00,0.000000000000000000e+00,0.000000000000000000e+00,0.000000000000000000e+00,0.000000000000000000e+00,0.000000000000000000e+00,0.000000000000000000e+00,0.000000000000000000e+00,0.000000000000000000e+00,0.000000000000000000e+00,0.000000000000000000e+00,0.000000000000000000e+00,0.000000000000000000e+00,0.000000000000000000e+00,0.000000000000000000e+00,0.000000000000000000e+00,0.000000000000000000e+00,0.000000000000000000e+00,0.000000000000000000e+00,0.000000000000000000e+00,0.000000000000000000e+00,0.000000000000000000e+00,0.000000000000000000e+00,0.000000000000000000e+00,0.000000000000000000e+00,0.000000000000000000e+00,0.000000000000000000e+00,0.000000000000000000e+00,0.000000000000000000e+00,0.000000000000000000e+00,0.000000000000000000e+00,0.000000000000000000e+00,0.000000000000000000e+00,0.000000000000000000e+00,0.000000000000000000e+00,0.000000000000000000e+00,0.000000000000000000e+00,0.000000000000000000e+00,0.000000000000000000e+00,0.000000000000000000e+00,0.000000000000000000e+00,0.000000000000000000e+00,0.000000000000000000e+00,0.000000000000000000e+00,0.000000000000000000e+00,0.000000000000000000e+00,0.000000000000000000e+00,0.000000000000000000e+00,0.000000000000000000e+00,0.000000000000000000e+00,0.000000000000000000e+00,0.000000000000000000e+00,0.000000000000000000e+00,0.000000000000000000e+00,0.000000000000000000e+00,0.000000000000000000e+00,0.000000000000000000e+00,0.000000000000000000e+00,0.000000000000000000e+00,0.000000000000000000e+00,0.000000000000000000e+00,0.000000000000000000e+00,0.000000000000000000e+00,0.000000000000000000e+00,0.000000000000000000e+00,0.000000000000000000e+00,0.000000000000000000e+00,0.000000000000000000e+00,0.000000000000000000e+00,0.000000000000000000e+00,0.000000000000000000e+00,0.000000000000000000e+00,0.000000000000000000e+00,0.000000000000000000e+00,0.000000000000000000e+00,0.000000000000000000e+00,0.000000000000000000e+00,0.000000000000000000e+00,0.000000000000000000e+00,0.000000000000000000e+00,0.000000000000000000e+00,0.000000000000000000e+00,0.000000000000000000e+00,0.000000000000000000e+00,0.000000000000000000e+00,0.000000000000000000e+00,0.000000000000000000e+00,0.000000000000000000e+00,0.000000000000000000e+00,0.000000000000000000e+00,0.000000000000000000e+00,0.000000000000000000e+00,0.000000000000000000e+00,0.000000000000000000e+00,0.000000000000000000e+00,0.000000000000000000e+00,0.000000000000000000e+00,0.000000000000000000e+00,0.000000000000000000e+00,0.000000000000000000e+00,0.000000000000000000e+00,0.000000000000000000e+00,0.000000000000000000e+00,0.000000000000000000e+00,0.000000000000000000e+00,0.000000000000000000e+00,0.000000000000000000e+00,0.000000000000000000e+00,0.000000000000000000e+00,0.000000000000000000e+00,0.000000000000000000e+00,0.000000000000000000e+00,0.000000000000000000e+00,0.000000000000000000e+00,0.000000000000000000e+00,0.000000000000000000e+00,0.000000000000000000e+00,0.000000000000000000e+00,0.000000000000000000e+00,0.000000000000000000e+00,0.000000000000000000e+00,0.000000000000000000e+00,0.000000000000000000e+00,0.000000000000000000e+00,0.000000000000000000e+00,0.000000000000000000e+00,0.000000000000000000e+00,0.000000000000000000e+00,0.000000000000000000e+00,0.000000000000000000e+00,0.000000000000000000e+00,0.000000000000000000e+00,0.000000000000000000e+00,0.000000000000000000e+00,-6.589649355537112278e-03,-6.044230515270630245e-03,-4.563585854601142668e-03,-3.178353801911920195e-03,-2.189270080184821127e-03,-1.578878188695051910e-03,-1.256461636621630145e-03,-1.140534315995692842e-03,-1.166560996762854843e-03,-1.281945959437127882e-03,-1.444440329314109579e-03,-1.622252085469395692e-03,-1.793495315940858313e-03,-1.944652127419287634e-03,-2.068535042600976818e-03,-2.162321570197715467e-03,-2.225970750833939152e-03,-2.261105397335699298e-03,-2.270310201244706005e-03,-2.256716372035899674e-03,-2.223757808899390863e-03,-2.175000328276984439e-03,-2.113988854609047396e-03,-2.044100910718635138e-03,-1.968414643344070219e-03,-1.889609022093850831e-03,-1.809908148762988519e-03,-1.731069759989939697e-03,-1.654409750831930398e-03,-1.580850869929017891e-03,-1.510984139387563496e-03,-1.445133813749067617e-03,-1.383419403780160881e-03,-1.325810763116767226e-03,-1.272174314016551308e-03,-1.222310005978091609e-03,-1.175979592181660869e-03,-1.132927354405926417e-03,-1.092894611866375345e-03,-1.055629347982496320e-03,-1.020892146040066348e-03,-9.884594448459878627e-04,-9.581249137567182704e-04,-9.296995715899070015e-04,-9.030111036342369389e-04,-8.779027135665054288e-04,-8.542317361591958858e-04,-8.318681723028597359e-04,-8.106932426664157417e-04,-7.905980270702338535e-04,-7.714822201929076194e-04,-7.532530247136756110e-04,-7.358241829029930382e-04,-7.191151478016900378e-04,-7.030503836871963667e-04,-6.875587894502034570e-04,-6.725732314429836876e-04,-6.580301771966980563e-04,-6.438694167558480777e-04,-6.300338629959741652e-04,-6.164694191670026715e-04,-6.031249058035142475e-04,-5.899520369552378393e-04,-5.769054385726488533e-04,-5.639427002622181143e-04,-5.510244535059862381e-04,-5.381144683410158357e-04,-5.251797616142020106e-04,-5.121907094328023670e-04,-4.991211570368259739e-04,-4.859485194776589040e-04,-4.726538667525451870e-04,-4.592219878807950705e-04,-4.456414284457016440e-04,-4.319044976189489668e-04,-4.180072405329407037e-04,-4.039493739391780344e-04,-3.897341827184311303e-04,-3.753683773601301245e-04,-3.608619118574074255e-04,-3.462277643701466086e-04,-3.314816819201686681e-04,-3.166418935023887688e-04,-3.017287943583052846e-04,-2.867646073744240377e-04,-2.717730252854484870e-04,-2.567788406123709308e-04,-2.418075672987255982e-04,-2.268850613080949333e-04,-2.120371438118602775e-04,-1.972892340270942407e-04,-1.826659945329021180e-04,-1.681909955652423339e-04,-1.538864000522855390e-04,-1.397726751777665091e-04,-1.258683310988149590e-04,-1.121896919112042002e-04,-9.875069841529436295e-05,-8.556274720039391607e-05,-7.263456465767949657e-05,-5.997211999377178980e-05,-4.757857502771965845e-05,-3.545427448632934624e-05,-2.359677380819314620e-05,-1.200090781878732383e-05,-6.588964930734241389e-07,1.043950925874452002e-05,2.130684645141166047e-05,3.195772116737139097e-05,4.240855768047756714e-05,5.267731396476737615e-05,6.278317050148026954e-05,7.274619178808885305e-05,8.258696887978746030e-05,9.232624360334510695e-05,1.019845243575750516e-04,1.115816955304819514e-04,1.211366320480100807e-04,1.306668224081449880e-04,1.401880130149344740e-04,1.497138780390429432e-04,1.592557281821310137e-04,1.688222625351369177e-04,1.784193763281711001e-04,1.880500275497111191e-04,1.977141734342487177e-04,2.074087776434949712e-04,2.171278967211976861e-04,2.268628445920758128e-04,2.366024421642192561e-04,2.463333508632582075e-04,2.560404990528732127e-04,2.657076054059321550e-04,2.753178171055335375e-04,2.848544816474249267e-04,2.943020911698667158e-04,3.036474484799726566e-04,3.128811345263549418e-04,3.219993822921160998e-04,3.310065098396072270e-04,3.399181147443255122e-04,3.487653084611761563e-04,3.576003584319046181e-04,3.665042296145218132e-04,3.755966715753309500e-04,3.850497000264189312e-04,3.951055827515168885e-04,4.061007725799251154e-04,4.184976651883152250e-04,4.329266064812653633e-04,4.502412955690563053e-04,4.715916336136567592e-04,4.985192696527559640e-04,5.330826086483199389e-04,5.780200732244705937e-04,6.369629891631770719e-04,7.147129282468618052e-04,8.176027506084365811e-04,9.539664077733509950e-04,1.134749638830475933e-03,1.374301972190926369e-03,1.691397203862321204e-03,2.110527116346045708e-03,2.663473785215533622e-03,3.391008337266315179e-03,4.344057148343937087e-03,5.582246810226797890e-03,7.164167180130196280e-03,9.116503393112490236e-03,1.135694583826432971e-02,1.353024994500271090e-02,1.475462436868001971e-02,1.333392210402847312e-02,6.543080906105087392e-03
0.000000000000000000e+00,0.000000000000000000e+00,0.000000000000000000e+00,0.000000000000000000e+00,0.000000000000000000e+00,0.000000000000000000e+00,0.000000000000000000e+00,0.000000000000000000e+00,0.000000000000000000e+00,0.000000000000000000e+00,0.000000000000000000e+00,0.000000000000000000e+00,0.000000000000000000e+00,0.000000000000000000e+00,0.000000000000000000e+00,0.000000000000000000e+00,0.000000000000000000e+00,0.000000000000000000e+00,0.000000000000000000e+00,0.000000000000000000e+00,0.000000000000000000e+00,0.000000000000000000e+00,0.000000000000000000e+00,0.000000000000000000e+00,0.000000000000000000e+00,0.000000000000000000e+00,0.000000000000000000e+00,0.000000000000000000e+00,0.000000000000000000e+00,0.000000000000000000e+00,0.000000000000000000e+00,0.000000000000000000e+00,0.000000000000000000e+00,0.000000000000000000e+00,0.000000000000000000e+00,0.000000000000000000e+00,0.000000000000000000e+00,0.000000000000000000e+00,0.000000000000000000e+00,0.000000000000000000e+00,0.000000000000000000e+00,0.000000000000000000e+00,0.000000000000000000e+00,0.000000000000000000e+00,0.000000000000000000e+00,0.000000000000000000e+00,0.000000000000000000e+00,0.000000000000000000e+00,0.000000000000000000e+00,0.000000000000000000e+00,0.000000000000000000e+00,0.000000000000000000e+00,0.000000000000000000e+00,0.000000000000000000e+00,0.000000000000000000e+00,0.000000000000000000e+00,0.000000000000000000e+00,0.000000000000000000e+00,0.000000000000000000e+00,0.000000000000000000e+00,0.000000000000000000e+00,0.000000000000000000e+00,0.000000000000000000e+00,0.000000000000000000e+00,0.000000000000000000e+00,0.000000000000000000e+00,0.000000000000000000e+00,0.000000000000000000e+00,0.000000000000000000e+00,0.000000000000000000e+00,0.000000000000000000e+00,0.000000000000000000e+00,0.000000000000000000e+00,0.000000000000000000e+00,0.000000000000000000e+00,0.000000000000000000e+00,0.000000000000000000e+00,0.000000000000000000e+00,0.000000000000000000e+00,0.000000000000000000e+00,0.000000000000000000e+00,0.000000000000000000e+00,0.000000000000000000e+00,0.000000000000000000e+00,0.000000000000000000e+00,0.000000000000000000e+00,0.000000000000000000e+00,0.000000000000000000e+00,0.000000000000000000e+00,0.000000000000000000e+00,0.000000000000000000e+00,0.000000000000000000e+00,0.000000000000000000e+00,0.000000000000000000e+00,0.000000000000000000e+00,0.000000000000000000e+00,0.000000000000000000e+00,0.000000000000000000e+00,0.000000000000000000e+00,0.000000000000000000e+00,0.000000000000000000e+00,0.000000000000000000e+00,0.000000000000000000e+00,0.000000000000000000e+00,0.000000000000000000e+00,0.000000000000000000e+00,0.000000000000000000e+00,0.000000000000000000e+00,0.000000000000000000e+00,0.000000000000000000e+00,0.000000000000000000e+00,0.000000000000000000e+00,0.000000000000000000e+00,0.000000000000000000e+00,0.000000000000000000e+00,0.000000000000000000e+00,0.000000000000000000e+00,0.000000000000000000e+00,0.000000000000000000e+00,0.000000000000000000e+00,0.000000000000000000e+00,0.000000000000000000e+00,0.000000000000000000e+00,0.000000000000000000e+00,0.000000000000000000e+00,0.000000000000000000e+00,0.000000000000000000e+00,0.000000000000000000e+00,0.000000000000000000e+00,0.000000000000000000e+00,0.000000000000000000e+00,0.000000000000000000e+00,0.000000000000000000e+00,0.000000000000000000e+00,0.000000000000000000e+00,0.000000000000000000e+00,0.000000000000000000e+00,0.000000000000000000e+00,0.000000000000000000e+00,0.000000000000000000e+00,0.000000000000000000e+00,0.000000000000000000e+00,0.000000000000000000e+00,0.000000000000000000e+00,0.000000000000000000e+00,0.000000000000000000e+00,0.000000000000000000e+00,0.000000000000000000e+00,0.000000000000000000e+00,0.000000000000000000e+00,0.000000000000000000e+00,0.000000000000000000e+00,0.000000000000000000e+00,0.000000000000000000e+00,0.000000000000000000e+00,0.000000000000000000e+00,0.000000000000000000e+00,0.000000000000000000e+00,0.000000000000000000e+00,0.000000000000000000e+00,0.000000000000000000e+00,0.000000000000000000e+00,0.000000000000000000e+00,0.000000000000000000e+00,0.000000000000000000e+00,0.000000000000000000e+00,0.000000000000000000e+00,0.000000000000000000e+00,0.000000000000000000e+00,0.000000000000000000e+00,0.000000000000000000e+00,0.000000000000000000e+00,0.000000000000000000e+00,0.000000000000000000e+00,0.000000000000000000e+00,0.000000000000000000e+00,-6.636278210780049459e-03,-6.111446529512523651e-03,-4.627750652466682164e-03,-3.223081902780983252e-03,-2.208183758439819910e-03,-1.574609107774570770e-03,-1.237503826785720006e-03,-1.117372755625191264e-03,-1.148430784371868435e-03,-1.274999706358358490e-03,-1.451332156829755402e-03,-1.642668447245740132e-03,-1.825075121367173260e-03,-1.983904013661850173e-03,-2.111568671015677350e-03,-2.205356634514266546e-03,-2.265660595272726580e-03,-2.294728734879265299e-03,-2.295874580923983228e-03,-2.272997680796415895e-03,-2.230282783045420703e-03,-2.171974079153859809e-03,-2.102172921086305993e-03,-2.024657110100007255e-03,-1.942738179674588636e-03,-1.859174740828093645e-03,-1.776146935248205201e-03,-1.695282154715272273e-03,-1.617715325072589761e-03,-1.544167227455811283e-03,-1.475027823708039559e-03,-1.410435665346061480e-03,-1.350348031070026890e-03,-1.294599290985557925e-03,-1.242947051495359081e-03,-1.195106971942786703e-03,-1.150777832412881859e-03,-1.109658694475994418e-03,-1.071459936570009130e-03,-1.035909753151765785e-03,-1.002757418623586270e-03,-9.717743507798240346e-04,-9.427537417980478510e-04,-9.155093258729055973e-04,-8.898736726162961115e-04,-8.656962795957647266e-04,-8.428416332353871844e-04,-8.211873508431781011e-04,-8.006224613243348182e-04,-7.810458595572920566e-04,-7.623649417282939459e-04,-7.444944231417118322e-04,-7.273553267731760683e-04,-7.108741321394428450e-04,-6.949820679576883264e-04,-6.796145353800865522e-04,-6.647106458972754399e-04,-6.502128610987563742e-04,-6.360667206084428356e-04,-6.222206467472834839e-04,-6.086258148117715564e-04,-5.952360790640509516e-04,-5.820079456442205351e-04,-5.689005836988400263e-04,-5.558758675949136089e-04,-5.428984421539511393e-04,-5.299358048217597339e-04,-5.169583970192914452e-04,-5.039396993833623276e-04,-4.908563234536880053e-04,-4.776880953576137707e-04,-4.644181245848849680e-04,-4.510328544759008166e-04,-4.375220883999524275e-04,-4.238789896357397671e-04,-4.101000501679034080e-04,-3.961850280849288212e-04,-3.821368502861640032e-04,-3.679614820247770635e-04,-3.536677616041087181e-04,-3.392672036208992515e-04,-3.247737706078725325e-04,-3.102036181606229476e-04,-2.955748146583981944e-04,-2.809070419876315240e-04,-2.662212791774367271e-04,-2.515394761951901645e-04,-2.368842200680209393e-04,-2.222784009029550546e-04,-2.077448797145044982e-04,-1.933061655047281632e-04,-1.789841028494559274e-04,-1.647995769968739509e-04,-1.507722368302466293e-04,-1.369202421093350321e-04,-1.232600343499204595e-04,-1.098061371463986607e-04,-9.657098432804426332e-05,-8.356478121124330646e-05,-7.079539644984702022e-05,-5.826828929955554879e-05,-4.598646899332109721e-05,-3.395049066408426501e-05,-2.215848376458865707e-05,-1.060621704976897769e-05,7.128046682161221201e-07,1.180720834342681957e-05,2.268759067894747381e-05,3.336632313058233518e-05,4.385733040060497756e-05,5.417583994012174341e-05,6.433810993853789398e-05,7.436113415856967189e-05,8.426233224435317811e-05,9.405922487647725035e-05,1.037691036476087541e-04,1.134086961555344324e-04,1.229938373989839288e-04,1.325391490060561232e-04,1.420577383151375552e-04,1.515609194857481397e-04,1.610579689816772175e-04,1.705559175494590965e-04,1.800593904790817590e-04,1.895704973766283437e-04,1.990887818309336683e-04,2.086112307576523379e-04,2.181323521439820291e-04,2.276443199380076370e-04,2.371371942553382180e-04,2.465992168052201679e-04,2.560171925169723466e-04,2.653769634137610961e-04,2.746639951919250394e-04,2.838640977221641736e-04,2.929643209733540110e-04,3.019540778067352329e-04,3.108265752980086624e-04,3.195806609663961713e-04,3.282232370988904255e-04,3.367724451175106606e-04,3.452618965311213413e-04,3.537463151409529901e-04,3.623090762821988228e-04,3.710722815286863910e-04,3.802102058602243955e-04,3.899672126548870419e-04,4.006815587712196777e-04,4.128169437951674384e-04,4.270041975956067942e-04,4.440962192195328784e-04,4.652401787509436912e-04,4.919721971715426819e-04,5.263412341326528755e-04,5.710709545350188630e-04,6.297709382408067528e-04,7.072120964961670997e-04,8.096856025325081373e-04,9.454705250028663886e-04,1.125442481962447318e-03,1.363864014786802213e-03,1.679404270624047053e-03,2.096433508528004405e-03,2.646599285156126056e-03,3.370535691500870477e-03,4.319054669203701256e-03,5.551747100640084046e-03,7.127359794575039223e-03,9.073161003069386485e-03,1.130809823548653906e-02,1.347873898220239286e-02,1.470631902604962495e-02,1.329847697706587444e-02,6.529910186824339734e-03
0.000000000000000000e+00,0.000000000000000000e+00,0.000000000000000000e+00,0.000000000000000000e+00,0.000000000000000000e+00,0.000000000000000000e+00,0.000000000000000000e+00,0.000000000000000000e+00,0.000000000000000000e+00,0.000000000000000000e+00,0.000000000000000000e+00,0.000000000000000000e+00,0.000000000000000000e+00,0.000000000000000000e+00,0.000000000000000000e+00,0.000000000000000000e+00,0.000000000000000000e+00,0.000000000000000000e+00,0.000000000000000000e+00,0.000000000000000000e+00,0.000000000000000000e+00,0.000000000000000000e+00,0.000000000000000000e+00,0.000000000000000000e+00,0.000000000000000000e+00,0.000000000000000000e+00,0.000000000000000000e+00,0.000000000000000000e+00,0.000000000000000000e+00,0.000000000000000000e+00,0.000000000000000000e+00,0.000000000000000000e+00,0.000000000000000000e+00,0.000000000000000000e+00,0.000000000000000000e+00,0.000000000000000000e+00,0.000000000000000000e+00,0.000000000000000000e+00,0.000000000000000000e+00,0.000000000000000000e+00,0.000000000000000000e+00,0.000000000000000000e+00,0.000000000000000000e+00,0.000000000000000000e+00,0.000000000000000000e+00,0.000000000000000000e+00,0.000000000000000000e+00,0.000000000000000000e+00,0.000000000000000000e+00,0.000000000000000000e+00,0.000000000000000000e+00,0.000000000000000000e+00,0.000000000000000000e+00,0.000000000000000000e+00,0.000000000000000000e+00,0.000000000000000000e+00,0.000000000000000000e+00,0.000000000000000000e+00,0.000000000000000000e+00,0.000000000000000000e+00,0.000000000000000000e+00,0.000000000000000000e+00,0.000000000000000000e+00,0.000000000000000000e+00,0.000000000000000000e+00,0.000000000000000000e+00,0.000000000000000000e+00,0.000000000000000000e+00,0.000000000000000000e+00,0.000000000000000000e+00,0.000000000000000000e+00,0.000000000000000000e+00,0.000000000000000000e+00,0.000000000000000000e+00,0.000000000000000000e+00,0.000000000000000000e+00,0.000000000000000000e+00,0.000000000000000000e+00,0.000000000000000000e+00,0.000000000000000000e+00,0.000000000000000000e+00,0.000000000000000000e+00,0.000000000000000000e+00,0.000000000000000000e+00,0.000000000000000000e+00,0.000000000000000000e+00,0.000000000000000000e+00,0.000000000000000000e+00,0.000000000000000000e+00,0.000000000000000000e+00,0.000000000000000000e+00,0.000000000000000000e+00,0.000000000000000000e+00,0.000000000000000000e+00,0.000000000000000000e+00,0.000000000000000000e+00,0.000000000000000000e+00,0.000000000000000000e+00,0.000000000000000000e+00,0.000000000000000000e+00,0.000000000000000000e+00,0.000000000000000000e+00,0.000000000000000000e+00,0.000000000000000000e+00,0.000000000000000000e+00,0.000000000000000000e+00,0.000000000000000000e+00,0.000000000000000000e+00,0.000000000000000000e+00,0.000000000000000000e+00,0.000000000000000000e+00,0.000000000000000000e+00,0.000000000000000000e+00,0.000000000000000000e+00,0.000000000000000000e+00,0.000000000000000000e+00,0.000000000000000000e+00,0.000000000000000000e+00,0.000000000000000000e+00,0.000000000000000000e+00,0.000000000000000000e+00,0.000000000000000000e+00,0.000000000000000000e+00,0.000000000000000000e+00,0.000000000000000000e+00,0.000000000000000000e+00,0.000000000000000000e+00,0.000000000000000000e+00,0.000000000000000000e+00,0.000000000000000000e+00,0.000000000000000000e+00,0.000000000000000000e+00,0.000000000000000000e+00,0.000000000000000000e+00,0.000000000000000000e+00,0.000000000000000000e+00,0.000000000000000000e+00,0.000000000000000000e+00,0.000000000000000000e+00,0.000000000000000000e+00,0.000000000000000000e+00,0.000000000000000000e+00,0.000000000000000000e+00,0.000000000000000000e+00,0.000000000000000000e+00,0.000000000000000000e+00,0.000000000000000000e+00,0.000000000000000000e+00,0.000000000000000000e+00,0.000000000000000000e+00,0.000000000000000000e+00,0.000000000000000000e+00,0.000000000000000000e+00,0.000000000000000000e+00,0.000000000000000000e+00,0.000000000000000000e+00,0.000000000000000000e+00,0.000000000000000000e+00,0.000000000000000000e+00,0.000000000000000000e+00,0.000000000000000000e+00,0.000000000000000000e+00,0.000000000000000000e+00,0.000000000000000000e+00,0.000000000000000000e+00,0.000000000000000000e+00,0.000000000000000000e+00,0.000000000000000000e+00,0.000000000000000000e+00,0.000000000000000000e+00,0.000000000000000000e+00,0.000000000000000000e+00,0.000000000000000000e+00,0.000000000000000000e+00,0.000000000000000000e+00,0.000000000000000000e+00,-6.680559153592474653e-03,-6.175762272866835469e-03,-4.688407998674746537e-03,-3.263675582923489596e-03,-2.222904074485700099e-03,-1.567132691361802386e-03,-1.217360204269570239e-03,-1.095613626757371969e-03,-1.134199819031313705e-03,-1.273795047007707931e-03,-1.464839943368709436e-03,-1.669550204787919158e-03,-1.862069048562079105e-03,-2.026833885581246376e-03,-2.156101549827524333e-03,-2.247503980718586723e-03,-2.302081932925830864e-03,-2.322900154771322199e-03,-2.314164858862956514e-03,-2.280670883382514974e-03,-2.227430813349274077e-03,-2.159383392997309137e-03,-2.081140422662842646e-03,-1.996783035343615859e-03,-1.909729512765183162e-03,-1.822685749534998191e-03,-1.737669073245577851e-03,-1.656082027192675539e-03,-1.578811723720247419e-03,-1.506336066749844197e-03,-1.438824661554647657e-03,-1.376227406666589775e-03,-1.318347626691425845e-03,-1.264899310873906580e-03,-1.215549747651508859e-03,-1.169949733694624142e-03,-1.127753818618877114e-03,-1.088632950099085095e-03,-1.052281575247980506e-03,-1.018420877952743841e-03,-9.867994453018891221e-04,-9.571923254079549694e-04,-9.293991557567510536e-04,-9.032418319184815254e-04,-8.785620207080477393e-04,-8.552187121827620198e-04,-8.330859207363515385e-04,-8.120505960114085542e-04,-7.920107663968998287e-04,-7.728739188610208926e-04,-7.545556042340813502e-04,-7.369782515460248989e-04,-7.200701714319315393e-04,-7.037647280010739812e-04,-6.879996598534170345e-04,-6.727165311164122041e-04,-6.578602966102886510e-04,-6.433789646799211283e-04,-6.292233453332817623e-04,-6.153468697381657242e-04,-6.017054718228635616e-04,-5.882575201943733784e-04,-5.749637936468679012e-04,-5.617874900804628721e-04,-5.486942638583561325e-04,-5.356522823739554495e-04,-5.226322979517254459e-04,-5.096077264009914697e-04,-4.965547291407271420e-04,-4.834522907036195886e-04,-4.702822893210030085e-04,-4.570295530395485279e-04,-4.436819000277676152e-04,-4.302301564180161593e-04,-4.166681515571310241e-04,-4.029926851645348833e-04,-3.892034677021882511e-04,-3.753030297811606186e-04,-3.612966034579478828e-04,-3.471919726345624123e-04,-3.329992969620006182e-04,-3.187309077699508760e-04,-3.044010818314106677e-04,-2.900257925448246517e-04,-2.756224454622640792e-04,-2.612095984284734272e-04,-2.468066739786992070e-04,-2.324336645031460733e-04,-2.181108381216248200e-04,-2.038584455830689624e-04,-1.896964360622164949e-04,-1.756441816241474717e-04,-1.617202178871110670e-04,-1.479419998894228718e-04,-1.343256801998662388e-04,-1.208859074105021443e-04,-1.076356515206217498e-04,-9.458605348110647108e-05,-8.174630490743182206e-05,-6.912355441157285254e-05,-5.672284612093139966e-05,-4.454708608183966011e-05,-3.259704172379943016e-05,-2.087136938200645172e-05,-9.366674673469574275e-06,1.922399953147548637e-06,1.300305610577707351e-05,2.388419515872467435e-05,3.457624486814477228e-05,4.509096403269789152e-05,5.544122187362559862e-05,6.564076010348011850e-05,7.570393508718807716e-05,8.564544898228694764e-05,9.548006811845782869e-05,1.052223384712415568e-04,1.148862974086914353e-04,1.244851924649247737e-04,1.340312071489133973e-04,1.435352051782074324e-04,1.530064936596493646e-04,1.624526167381778032e-04,1.718791802185399870e-04,1.812897181547622530e-04,1.906856013104776554e-04,2.000659974042804810e-04,2.094278821863171467e-04,2.187661101972857708e-04,2.280735440400801807e-04,2.373412512106224434e-04,2.465587693629171990e-04,2.557144525559996583e-04,2.647959062290110646e-04,2.737905333428632473e-04,2.826862149769954441e-04,2.914721688200208193e-04,3.001400389292702446e-04,3.086852997363247393e-04,3.171090818454534721e-04,3.254205727836014580e-04,3.336401942487606962e-04,3.418038300636428817e-04,3.499684663747812223e-04,3.582197238116427906e-04,3.666819125286921444e-04,3.755314353216118945e-04,3.850146201441259760e-04,3.954713844632877528e-04,4.073665629730017015e-04,4.213312635798346570e-04,4.382173337725503654e-04,4.591689127213647204e-04,4.857162509496127300e-04,5.198984949188801587e-04,5.644241891730065802e-04,6.228808553983535218e-04,7.000085401791767900e-04,8.020566984435449631e-04,9.372497180799671491e-04,1.116393572814898842e-03,1.353664570747639987e-03,1.667628185986508088e-03,2.082534228869822434e-03,2.629896719542176332e-03,3.350213358667302344e-03,4.294181686277074445e-03,5.521355878868046407e-03,7.090637220305266546e-03,9.029876155112611172e-03,1.125926617322637116e-02,1.342715674872039383e-02,1.465784107556870192e-02,1.326284351681245900e-02,6.516642923574399691e-03
0.000000000000000000e+00,0.000000000000000000e+00,0.000000000000000000e+00,0.000000000000000000e+00,0.000000000000000000e+00,0.000000000000000000e+00,0.000000000000000000e+00,0.000000000000000000e+00,0.000000000000000000e+00,0.000000000000000000e+00,0.000000000000000000e+00,0.000000000000000000e+00,0.000000000000000000e+00,0.000000000000000000e+00,0.000000000000000000e+00,0.000000000000000000e+00,0.000000000000000000e+00,0.000000000000000000e+00,0.000000000000000000e+00,0.000000000000000000e+00,0.000000000000000000e+00,0.000000000000000000e+00,0.000000000000000000e+00,0.000000000000000000e+00,0.000000000000000000e+00,0.000000000000000000e+00,0.000000000000000000e+00,0.000000000000000000e+00,0.000000000000000000e+00,0.000000000000000000e+00,0.000000000000000000e+00,0.000000000000000000e+00,0.000000000000000000e+00,0.000000000000000000e+00,0.000000000000000000e+00,0.000000000000000000e+00,0.000000000000000000e+00,0.000000000000000000e+00,0.000000000000000000e+00,0.000000000000000000e+00,0.000000000000000000e+00,0.000000000000000000e+00,0.000000000000000000e+00,0.000000000000000000e+00,0.000000000000000000e+00,0.000000000000000000e+00,0.000000000000000000e+00,0.000000000000000000e+00,0.000000000000000000e+00,0.000000000000000000e+00,0.000000000000000000e+00,0.000000000000000000e+00,0.000000000000000000e+00,0.000000000000000000e+00,0.000000000000000000e+00,0.000000000000000000e+00,0.000000000000000000e+00,0.000000000000000000e+00,0.000000000000000000e+00,0.000000000000000000e+00,0.000000000000000000e+00,0.000000000000000000e+00,0.000000000000000000e+00,0.000000000000000000e+00,0.000000000000000000e+00,0.000000000000000000e+00,0.000000000000000000e+00,0.000000000000000000e+00,0.000000000000000000e+00,0.000000000000000000e+00,0.000000000000000000e+00,0.000000000000000000e+00,0.000000000000000000e+00,0.000000000000000000e+00,0.000000000000000000e+00,0.000000000000000000e+00,0.000000000000000000e+00,0.000000000000000000e+00,0.000000000000000000e+00,0.000000000000000000e+00,0.000000000000000000e+00,0.000000000000000000e+00,0.000000000000000000e+00,0.000000000000000000e+00,0.000000000000000000e+00,0.000000000000000000e+00,0.000000000000000000e+00,0.000000000000000000e+00,0.000000000000000000e+00,0.000000000000000000e+00,0.000000000000000000e+00,0.000000000000000000e+00,0.000000000000000000e+00,0.000000000000000000e+00,0.000000000000000000e+00,0.000000000000000000e+00,0.000000000000000000e+00,0.000000000000000000e+00,0.000000000000000000e+00,0.000000000000000000e+00,0.000000000000000000e+00,0.000000000000000000e+00,0.000000000000000000e+00,0.000000000000000000e+00,0.000000000000000000e+00,0.000000000000000000e+00,0.000000000000000000e+00,0.000000000000000000e+00,0.000000000000000000e+00,0.000000000000000000e+00,0.000000000000000000e+00,0.000000000000000000e+00,0.000000000000000000e+00,0.000000000000000000e+00,0.000000000000000000e+00,0.000000000000000000e+00,0.000000000000000000e+00,0.000000000000000000e+00,0.000000000000000000e+00,0.000000000000000000e+00,0.000000000000000000e+00,0.000000000000000000e+00,0.000000000000000000e+00,0.000000000000000000e+00,0.000000000000000000e+00,0.000000000000000000e+00,0.000000000000000000e+00,0.000000000000000000e+00,0.000000000000000000e+00,0.000000000000000000e+00,0.000000000000000000e+00,0.000000000000000000e+00,0.000000000000000000e+00,0.000000000000000000e+00,0.000000000000000000e+00,0.000000000000000000e+00,0.000000000000000000e+00,0.000000000000000000e+00,0.000000000000000000e+00,0.000000000000000000e+00,0.000000000000000000e+00,0.000000000000000000e+00,0.000000000000000000e+00,0.000000000000000000e+00,0.000000000000000000e+00,0.000000000000000000e+00,0.000000000000000000e+00,0.000000000000000000e+00,0.000000000000000000e+00,0.000000000000000000e+00,0.000000000000000000e+00,0.000000000000000000e+00,0.000000000000000000e+00,0.000000000000000000e+00,0.000000000000000000e+00,0.000000000000000000e+00,0.000000000000000000e+00,0.000000000000000000e+00,0.000000000000000000e+00,0.000000000000000000e+00,0.000000000000000000e+00,0.000000000000000000e+00,0.000000000000000000e+00,0.000000000000000000e+00,0.000000000000000000e+00,0.000000000000000000e+00,0.000000000000000000e+00,0.000000000000000000e+00,0.000000000000000000e+00,0.000000000000000000e+00,0.000000000000000000e+00,0.000000000000000000e+00,0.000000000000000000e+00,0.000000000000000000e+00,0.000000000000000000e+00,0.000000000000000000e+00,-6.722149344652430039e-03,-6.236808943144204163e-03,-4.745297501500035826e-03,-3.300157829416169170e-03,-2.233919783581937192e-03,-1.557524049771068144e-03,-1.197686512096151181e-03,-1.077339797941238983e-03,-1.126115190755776858e-03,-1.280445081272897547e-03,-1.486680289145018031e-03,-1.704035205309756837e-03,-1.904948210703961715e-03,-2.073245793588065090e-03,-2.201342035392055401e-03,-2.287502652735631022e-03,-2.333670460748270194e-03,-2.343942063577698996e-03,-2.323585582458751343e-03,-2.278400857456786433e-03,-2.214264023923369004e-03,-2.136764192966915648e-03,-2.050909777182797350e-03,-1.960927945590581860e-03,-1.870175976065926830e-03,-1.781156820571682536e-03,-1.695608023541841577e-03,-1.614627535491421160e-03,-1.538808696878165650e-03,-1.468367672726785455e-03,-1.403254497950975205e-03,-1.343244011042952525e-03,-1.288006364539162054e-03,-1.237158949373353290e-03,-1.190302656779195552e-03,-1.147045724016292848e-03,-1.107018225408643117e-03,-1.069879849351868277e-03,-1.035323076423437343e-03,-1.003073377751980246e-03,-9.728876058860572249e-04,-9.445514018234517535e-04,-9.178761634213697309e-04,-8.926959268256090888e-04,-8.688643680246436454e-04,-8.462520408409313598e-04,-8.247439030945678384e-04,-8.042371463680402649e-04,-7.846393207944947620e-04,-7.658667343859256902e-04,-7.478431009580420452e-04,-7.304984079480053441e-04,-7.137679779217259365e-04,-6.975916970986951841e-04,-6.819133898458508338e-04,-6.666803170375645024e-04,-6.518427828012239317e-04,-6.373538316406748448e-04,-6.231690249062940643e-04,-6.092462817079158117e-04,-5.955457766592773140e-04,-5.820298819382979660e-04,-5.686631486680757477e-04,-5.554123168297190639e-04,-5.422463505014227247e-04,-5.291364886881508561e-04,-5.160563096447088336e-04,-5.029817995845959093e-04,-4.898914244664153610e-04,-4.767661962767988457e-04,-4.635897332541557810e-04,-4.503483061036287101e-04,-4.370308705234794006e-04,-4.236290789291597770e-04,-4.101372727719729033e-04,-3.965524493759259501e-04,-3.828742059343065072e-04,-3.691046557449338661e-04,-3.552483206472850479e-04,-3.413119959181529716e-04,-3.273045928988750652e-04,-3.132369567036617070e-04,-2.991216654726044422e-04,-2.849728094074777639e-04,-2.708057570052699856e-04,-2.566369073025488745e-04,-2.424834361782890870e-04,-2.283630357314862737e-04,-2.142936550704864918e-04,-2.002932413724830510e-04,-1.863794895197986375e-04,-1.725695987224644499e-04,-1.588800441659424115e-04,-1.453263614399138710e-04,-1.319229513822079065e-04,-1.186829023393624633e-04,-1.056178370118401026e-04,-9.273778011650618720e-05,-8.005105357351237621e-05,-6.756419470715499997e-05,-5.528190374291865072e-05,-4.320701540071516242e-05,-3.134050047407533750e-05,-1.968149154844096513e-05,-8.227338370284576860e-06,3.026313595317419261e-06,1.408541631150446682e-05,2.495739109124729305e-05,3.565097464793516645e-05,4.617604697574076797e-05,5.654343696184239830e-05,6.676471410679547889e-05,7.685196290663508277e-05,8.681754898912323723e-05,9.667387430852023651e-05,1.064331312157068001e-04,1.161070534872774240e-04,1.257066747680187283e-04,1.352420932059871352e-04,1.447222531276712092e-04,1.541547429738232403e-04,1.635456203286456221e-04,1.728992633169656838e-04,1.822182586967428428e-04,1.915033256017527666e-04,2.007532844292494881e-04,2.099650694764437764e-04,2.191337942179901117e-04,2.282528682900933044e-04,2.373141758350411871e-04,2.463083170411092815e-04,2.552249265566030028e-04,2.640530780643151449e-04,2.727817988988584063e-04,2.814007198239238923e-04,2.899009047782792072e-04,2.982759156648584161e-04,3.065231959348861061e-04,3.146458815325443425e-04,3.226551918638895559e-04,3.305736018890780958e-04,3.384390668493342854e-04,3.463106581403906114e-04,3.542760837458272158e-04,3.624617169680445158e-04,3.710459468532317480e-04,3.802769182892818301e-04,3.904960448444408740e-04,4.021691046399480376e-04,4.159272560893688582e-04,4.326210268812234879e-04,4.533912171667955969e-04,4.797618684202793076e-04,5.137619646370101927e-04,5.580846023039058926e-04,6.162949830746683065e-04,6.931021471405474869e-04,7.947138670176131462e-04,9.293001141747234779e-04,1.107597739538443166e-03,1.343697587163716119e-03,1.656062411371681540e-03,2.068822586718775235e-03,2.613359488166466880e-03,3.330034974237229464e-03,4.269432149843866570e-03,5.491067475436640227e-03,7.053994426610957560e-03,8.986645229495637474e-03,1.121044752971013178e-02,1.337550100156952894e-02,1.460918905577155910e-02,1.322702510767326430e-02,6.503285151752202960e-03
0.000000000000000000e+00,0.000000000000000000e+00,0.000000000000000000e+00,0.000000000000000000e+00,0.000000000000000000e+00,0.000000000000000000e+00,0.000000000000000000e+00,0.000000000000000000e+00,0.000000000000000000e+00,0.000000000000000000e+00,0.000000000000000000e+00,0.000000000000000000e+00,0.000000000000000000e+00,0.000000000000000000e+00,0.000000000000000000e+00,0.000000000000000000e+00,0.000000000000000000e+00,0.000000000000000000e+00,0.000000000000000000e+00,0.000000000000000000e+00,0.000000000000000000e+00,0.000000000000000000e+00,0.000000000000000000e+00,0.000000000000000000e+00,0.000000000000000000e+00,0.000000000000000000e+00,0.000000000000000000e+00,0.000000000000000000e+00,0.000000000000000000e+00,0.000000000000000000e+00,0.000000000000000000e+00,0.000000000000000000e+00,0.000000000000000000e+00,0.000000000000000000e+00,0.000000000000000000e+00,0.000000000000000000e+00,0.000000000000000000e+00,0.000000000000000000e+00,0.000000000000000000e+00,0.000000000000000000e+00,0.000000000000000000e+00,0.000000000000000000e+00,0.000000000000000000e+00,0.000000000000000000e+00,0.000000000000000000e+00,0.000000000000000000e+00,0.000000000000000000e+00,0.000000000000000000e+00,0.000000000000000000e+00,0.000000000000000000e+00,0.000000000000000000e+00,0.000000000000000000e+00,0.000000000000000000e+00,0.000000000000000000e+00,0.000000000000000000e+00,0.000000000000000000e+00,0.000000000000000000e+00,0.000000000000000000e+00,0.000000000000000000e+00,0.000000000000000000e+00,0.000000000000000000e+00,0.000000000000000000e+00,0.000000000000000000e+00,0.000000000000000000e+00,0.000000000000000000e+00,0.000000000000000000e+00,0.000000000000000000e+00,0.000000000000000000e+00,0.000000000000000000e+00,0.000000000000000000e+00,0.000000000000000000e+00,0.000000000000000000e+00,0.000000000000000000e+00,0.000000000000000000e+00,0.000000000000000000e+00,0.000000000000000000e+00,0.000000000000000000e+00,0.000000000000000000e+00,0.000000000000000000e+00,0.000000000000000000e+00,0.000000000000000000e+00,0.000000000000000000e+00,0.000000000000000000e+00,0.000000000000000000e+00,0.000000000000000000e+00,0.000000000000000000e+00,0.000000000000000000e+00,0.000000000000000000e+00,0.000000000000000000e+00,0.000000000000000000e+00,0.000000000000000000e+00,0.000000000000000000e+00,0.000000000000000000e+00,0.000000000000000000e+00,0.000000000000000000e+00,0.000000000000000000e+00,0.000000000000000000e+00,0.000000000000000000e+00,0.000000000000000000e+00,0.000000000000000000e+00,0.000000000000000000e+00,0.000000000000000000e+00,0.000000000000000000e+00,0.000000000000000000e+00,0.000000000000000000e+00,0.000000000000000000e+00,0.000000000000000000e+00,0.000000000000000000e+00,0.000000000000000000e+00,0.000000000000000000e+00,0.000000000000000000e+00,0.000000000000000000e+00,0.000000000000000000e+00,0.000000000000000000e+00,0.000000000000000000e+00,0.000000000000000000e+00,0.000000000000000000e+00,0.000000000000000000e+00,0.000000000000000000e+00,0.000000000000000000e+00,0.000000000000000000e+00,0.000000000000000000e+00,0.000000000000000000e+00,0.000000000000000000e+00,0.000000000000000000e+00,0.000000000000000000e+00,0.000000000000000000e+00,0.000000000000000000e+00,0.000000000000000000e+00,0.000000000000000000e+00,0.000000000000000000e+00,0.000000000000000000e+00,0.000000000000000000e+00,0.000000000000000000e+00,0.000000000000000000e+00,0.000000000000000000e+00,0.000000000000000000e+00,0.000000000000000000e+00,0.000000000000000000e+00,0.000000000000000000e+00,0.000000000000000000e+00,0.000000000000000000e+00,0.000000000000000000e+00,0.000000000000000000e+00,0.000000000000000000e+00,0.000000000000000000e+00,0.000000000000000000e+00,0.000000000000000000e+00,0.000000000000000000e+00,0.000000000000000000e+00,0.000000000000000000e+00,0.000000000000000000e+00,0.000000000000000000e+00,0.000000000000000000e+00,0.000000000000000000e+00,0.000000000000000000e+00,0.000000000000000000e+00,0.000000000000000000e+00,0.000000000000000000e+00,0.000000000000000000e+00,0.000000000000000000e+00,0.000000000000000000e+00,0.000000000000000000e+00,0.000000000000000000e+00,0.000000000000000000e+00,0.000000000000000000e+00,0.000000000000000000e+00,0.000000000000000000e+00,0.000000000000000000e+00,0.000000000000000000e+00,0.000000000000000000e+00,0.000000000000000000e+00,0.000000000000000000e+00,0.000000000000000000e+00,0.000000000000000000e+00,0.000000000000000000e+00,-6.760747549842189251e-03,-6.294250213752398092e-03,-4.798214399704410493e-03,-3.332655837591877706e-03,-2.241873794416894810e-03,-1.547034090174562344e-03,-1.180284811375471778e-03,-1.064694603641206825e-03,-1.126356877078171824e-03,-1.296852835189918557e-03,-1.518229092339011066e-03,-1.746822845278120373e-03,-1.953691932059546752e-03,-2.122447132510662127e-03,-2.246045844237847498e-03,-2.323730334344438399e-03,-2.358635158874193734e-03,-2.356119048444180793e-03,-2.322669884653376024e-03,-2.265160216048014985e-03,-2.190295874440885242e-03,-2.104188071169413570e-03,-2.012049595888131068e-03,-1.918041929502937613e-03,-1.825270969538046349e-03,-1.735891369335555452e-03,-1.651265786532300078e-03,-1.572136530967745919e-03,-1.498785866982413470e-03,-1.431174198660406819e-03,-1.369052253984035569e-03,-1.312047337565430249e-03,-1.259726220392776369e-03,-1.211638516243913411e-03,-1.167344735939914975e-03,-1.126432930845429076e-03,-1.088527251902009175e-03,-1.053291067267691453e-03,-1.020426628403389496e-03,-9.896727132618081575e-04,-9.608012264799415227e-04,-9.336133970978808573e-04,-9.079359703042707555e-04,-8.836176196054315850e-04,-8.605256955627042272e-04,-8.385433542130804954e-04,-8.175670687558225964e-04,-7.975045010541402220e-04,-7.782727020172764418e-04,-7.597966010327970735e-04,-7.420077498929763139e-04,-7.248432832814119715e-04,-7.082450676494982328e-04,-6.921590074744810202e-04,-6.765344888098116490e-04,-6.613239359489273125e-04,-6.464824678034877684e-04,-6.319676348895761223e-04,-6.177392282456312328e-04,-6.037591446457692568e-04,-5.899913027561140121e-04,-5.764015971057723101e-04,-5.629578869514362304e-04,-5.496300087008012094e-04,-5.363898106117819800e-04,-5.232111995522893948e-04,-5.100701995359551962e-04,-4.969450125063597104e-04,-4.838160817751826310e-04,-4.706661491496698922e-04,-4.574803068056981065e-04,-4.442460355653586840e-04,-4.309532313948394116e-04,-4.175942125568215093e-04,-4.041637101677728137e-04,-3.906588355252648055e-04,-3.770790280316843948e-04,-3.634259780881580570e-04,-3.497035299145360076e-04,-3.359175596684027434e-04,-3.220758349306203101e-04,-3.081878518447556180e-04,-2.942646569865837612e-04,-2.803186509930042898e-04,-2.663633818419743646e-04,-2.524133252918661944e-04,-2.384836609317741811e-04,-2.245900415208121955e-04,-2.107483643424513053e-04,-1.969745421226810173e-04,-1.832842822400350836e-04,-1.696928713990473081e-04,-1.562149742895619297e-04,-1.428644428433322963e-04,-1.296541442753604192e-04,-1.165958038647190435e-04,-1.036998702578370774e-04,-9.097539856901312304e-05,-7.842995863830804859e-05,-6.606956306113682617e-05,-5.389862193857060190e-05,-4.191991834660927776e-05,-3.013461107438952463e-05,-1.854225806088650238e-05,-7.140866686917158130e-06,4.073036183526965745e-06,1.510430867040628683e-05,2.595908046820806863e-05,3.664461628624295509e-05,4.716916425932246104e-05,5.754178458682341089e-05,6.777216705231024535e-05,7.787043328590076809e-05,8.784693296105130860e-05,9.771203046852192705e-05,1.074758917692782102e-04,1.171482686675155460e-04,1.267382906149570312e-04,1.362542619011589227e-04,1.457034745409690037e-04,1.550920351281113692e-04,1.644247158347872894e-04,1.737048279679603358e-04,1.829341277854652542e-04,1.921127529146015212e-04,2.012391984394863893e-04,2.103103310840770759e-04,2.193214503071476591e-04,2.282663957590931668e-04,2.371377111127805071e-04,2.459268670783399985e-04,2.546245580308963466e-04,2.632210829937527727e-04,2.717068358160427640e-04,2.800729313588846254e-04,2.883120133492553358e-04,2.964193005359012554e-04,3.043939551856057659e-04,3.122408834054214385e-04,3.199731190365382024e-04,3.276149917601532745e-04,3.352063478936565389e-04,3.428081794732730503e-04,3.505101285557266685e-04,3.584404835929491228e-04,3.667794695698487362e-04,3.757768871939582474e-04,3.857754653767259644e-04,3.972417172956760898e-04,4.108066099942307421e-04,4.273190740766821859e-04,4.479162619021198090e-04,4.741156776468572983e-04,5.079358168523208589e-04,5.520540368840776710e-04,6.100130060088894196e-04,6.864906724698015186e-04,7.876532193228214353e-04,9.216165145560074965e-04,1.099048837498509167e-03,1.333956338495966140e-03,1.644699971982601077e-03,2.055291623154732131e-03,2.596980824033516370e-03,3.309994050380045318e-03,4.244799883704982076e-03,5.460876054902069794e-03,7.017426161813055362e-03,8.943464157532764539e-03,1.116163930810596359e-02,1.332376784665345072e-02,1.456035896119015245e-02,1.319102232168120094e-02,6.489840924860300515e-03
0.000000000000000000e+00,0.000000000000000000e+00,0.000000000000000000e+00,0.000000000000000000e+00,0.000000000000000000e+00,0.000000000000000000e+00,0.000000000000000000e+00,0.000000000000000000e+00,0.000000000000000000e+00,0.000000000000000000e+00,0.000000000000000000e+00,0.000000000000000000e+00,0.000000000000000000e+00,0.000000000000000000e+00,0.000000000000000000e+00,0.000000000000000000e+00,0.000000000000000000e+00,0.000000000000000000e+00,0.000000000000000000e+00,0.000000000000000000e+00,0.000000000000000000e+00,0.000000000000000000e+00,0.000000000000000000e+00,0.000000000000000000e+00,0.000000000000000000e+00,0.000000000000000000e+00,0.000000000000000000e+00,0.000000000000000000e+00,0.000000000000000000e+00,0.000000000000000000e+00,0.000000000000000000e+00,0.000000000000000000e+00,0.000000000000000000e+00,0.000000000000000000e+00,0.000000000000000000e+00,0.000000000000000000e+00,0.000000000000000000e+00,0.000000000000000000e+00,0.000000000000000000e+00,0.000000000000000000e+00,0.000000000000000000e+00,0.000000000000000000e+00,0.000000000000000000e+00,0.000000000000000000e+00,0.000000000000000000e+00,0.000000000000000000e+00,0.000000000000000000e+00,0.000000000000000000e+00,0.000000000000000000e+00,0.000000000000000000e+00,0.000000000000000000e+00,0.000000000000000000e+00,0.000000000000000000e+00,0.000000000000000000e+00,0.000000000000000000e+00,0.000000000000000000e+00,0.000000000000000000e+00,0.000000000000000000e+00,0.000000000000000000e+00,0.000000000000000000e+00,0.000000000000000000e+00,0.000000000000000000e+00,0.000000000000000000e+00,0.000000000000000000e+00,0.000000000000000000e+00,0.000000000000000000e+00,0.000000000000000000e+00,0.000000000000000000e+00,0.000000000000000000e+00,0.000000000000000000e+00,0.000000000000000000e+00,0.000000000000000000e+00,0.000000000000000000e+00,0.000000000000000000e+00,0.000000000000000000e+00,0.000000000000000000e+00,0.000000000000000000e+00,0.000000000000000000e+00,0.000000000000000000e+00,0.000000000000000000e+00,0.000000000000000000e+00,0.000000000000000000e+00,0.000000000000000000e+00,0.000000000000000000e+00,0.000000000000000000e+00,0.000000000000000000e+00,0.000000000000000000e+00,0.000000000000000000e+00,0.000000000000000000e+00,0.000000000000000000e+00,0.000000000000000000e+00,0.000000000000000000e+00,0.000000000000000000e+00,0.000000000000000000e+00,0.000000000000000000e+00,0.000000000000000000e+00,0.000000000000000000e+00,0.000000000000000000e+00,0.000000000000000000e+00,0.000000000000000000e+00,0.000000000000000000e+00,0.000000000000000000e+00,0.000000000000000000e+00,0.000000000000000000e+00,0.000000000000000000e+00,0.000000000000000000e+00,0.000000000000000000e+00,0.000000000000000000e+00,0.000000000000000000e+00,0.000000000000000000e+00,0.000000000000000000e+00,0.000000000000000000e+00,0.000000000000000000e+00,0.000000000000000000e+00,0.000000000000000000e+00,0.000000000000000000e+00,0.000000000000000000e+00,0.000000000000000000e+00,0.000000000000000000e+00,0.000000000000000000e+00,0.000000000000000000e+00,0.000000000000000000e+00,0.000000000000000000e+00,0.000000000000000000e+00,0.000000000000000000e+00,0.000000000000000000e+00,0.000000000000000000e+00,0.000000000000000000e+00,0.000000000000000000e+00,0.000000000000000000e+00,0.000000000000000000e+00,0.000000000000000000e+00,0.000000000000000000e+00,0.000000000000000000e+00,0.000000000000000000e+00,0.000000000000000000e+00,0.000000000000000000e+00,0.000000000000000000e+00,0.000000000000000000e+00,0.000000000000000000e+00,0.000000000000000000e+00,0.000000000000000000e+00,0.000000000000000000e+00,0.000000000000000000e+00,0.000000000000000000e+00,0.000000000000000000e+00,0.000000000000000000e+00,0.000000000000000000e+00,0.000000000000000000e+00,0.000000000000000000e+00,0.000000000000000000e+00,0.000000000000000000e+00,0.000000000000000000e+00,0.000000000000000000e+00,0.000000000000000000e+00,0.000000000000000000e+00,0.000000000000000000e+00,0.000000000000000000e+00,0.000000000000000000e+00,0.000000000000000000e+00,0.000000000000000000e+00,0.000000000000000000e+00,0.000000000000000000e+00,0.000000000000000000e+00,0.000000000000000000e+00,0.000000000000000000e+00,0.000000000000000000e+00,0.000000000000000000e+00,0.000000000000000000e+00,0.000000000000000000e+00,0.000000000000000000e+00,0.000000000000000000e+00,0.000000000000000000e+00,0.000000000000000000e+00,0.000000000000000000e+00,0.000000000000000000e+00,-6.796122499249177516e-03,-6.347814251272749370e-03,-4.847041358026949950e-03,-3.361429290109684085e-03,-2.247581007119989725e-03,-1.537086699055965466e-03,-1.167069859540829967e-03,-1.059812967725455362e-03,-1.136937337552134221e-03,-1.324591128096195506e-03,-1.560397693697504213e-03,-1.798063218910076182e-03,-2.007704381741252236e-03,-2.173204685098810776e-03,-2.288520768507769625e-03,-2.354263140372219159e-03,-2.375074160283415035e-03,-2.357802006911218114e-03,-2.310272144523606991e-03,-2.240419951968150580e-03,-2.155645008925871197e-03,-2.062351411698483492e-03,-1.965691441361849725e-03,-1.869519282223464692e-03,-1.776507757211636361e-03,-1.688349538361716981e-03,-1.605976416949918663e-03,-1.529760892201252999e-03,-1.459687105762371394e-03,-1.395488137707230451e-03,-1.336750767583089585e-03,-1.282991242564112495e-03,-1.233707005328003349e-03,-1.188409693142900361e-03,-1.146644322291977226e-03,-1.107998797183329994e-03,-1.072106999712686736e-03,-1.038647885740619919e-03,-1.007342309554312785e-03,-9.779487405216543815e-04,-9.502586189803304733e-04,-9.240918005008374233e-04,-8.992923361959161534e-04,-8.757247029500325264e-04,-8.532705187848247178e-04,-8.318257282895621333e-04,-8.112982227719261336e-04,-7.916058445787397570e-04,-7.726747282873198779e-04,-7.544379276708840665e-04,-7.368342884481479758e-04,-7.198075249369780427e-04,-7.033054717945777870e-04,-6.872794789508177580e-04,-6.716839308554586451e-04,-6.564758660990500146e-04,-6.416146858006872757e-04,-6.270619321847687670e-04,-6.127811305045459313e-04,-5.987376791445021482e-04,-5.848987842170184004e-04,-5.712334258300297502e-04,-5.577123545926089944e-04,-5.443081071840316903e-04,-5.309950410737371111e-04,-5.177493782487109638e-04,-5.045492589609840281e-04,-4.913747959781814131e-04,-4.782081309875719035e-04,-4.650334841374307790e-04,-4.518371989661270119e-04,-4.386077742393642274e-04,-4.253358856408104099e-04,-4.120143894958695741e-04,-3.986383123136766978e-04,-3.852048191249820837e-04,-3.717131653578364969e-04,-3.581646260789153363e-04,-3.445624083415455528e-04,-3.309115412890626480e-04,-3.172187507261403487e-04,-3.034923135471581678e-04,-2.897418996179515743e-04,-2.759783970930547469e-04,-2.622137294878765365e-04,-2.484606608700791908e-04,-2.347325979983755373e-04,-2.210433859009192429e-04,-2.074071059905378540e-04,-1.938378730959811275e-04,-1.803496405325305302e-04,-1.669560092737008448e-04,-1.536700501871550071e-04,-1.405041349225430089e-04,-1.274697841289168629e-04,-1.145775280250253261e-04,-1.018367876433087891e-04,-8.925577117884314041e-05,-7.684139336935682791e-05,-6.459921176683771759e-05,-5.253338741994550330e-05,-4.064666329597113717e-05,-2.894036755266344953e-05,-1.741443450492743616e-05,-6.067449983236328409e-06,5.103286517234563776e-06,1.610167663493075377e-05,2.693272290114888683e-05,3.760240767414113248e-05,4.811755965634036163e-05,5.848570274236873862e-05,6.871489599157157909e-05,7.881356006755036695e-05,8.879029930766984408e-05,9.865371541229986830e-05,1.084122222387537177e-04,1.180738583392276352e-04,1.276461069445830761e-04,1.371357206141803954e-04,1.465485602796353834e-04,1.558894463331682171e-04,1.651620312592870987e-04,1.743686917092510428e-04,1.835104490517690593e-04,1.925869164721817162e-04,2.015962811663973603e-04,2.105353201576839496e-04,2.193994583049358631e-04,2.281828685223076536e-04,2.368786243046822418e-04,2.454789084250502272e-04,2.539752926081533446e-04,2.623591003714757655e-04,2.706218783842783142e-04,2.787560047979589718e-04,2.867554805800175415e-04,2.946169619906631129e-04,3.023411180605793495e-04,3.099344234433170221e-04,3.174115370720948870e-04,3.247984668277091960e-04,3.321367853477196559e-04,3.394892498079625119e-04,3.469472859472664183e-04,3.546409466678053231e-04,3.627521352632370115e-04,3.715321365937469399e-04,3.813248021042503120e-04,3.925971602317773453e-04,4.059797363290063910e-04,4.223195837078536920e-04,4.427499031288789047e-04,4.687813480844764814e-04,5.024216254865882707e-04,5.463320990467702021e-04,6.040327353642506187e-04,6.801703545089305813e-04,7.808696900012876679e-04,9.141928556309905163e-04,1.090740127183290791e-03,1.324433721514128685e-03,1.633533672500034339e-03,2.041934254115061482e-03,2.580753873310201799e-03,3.290084002746177828e-03,4.220278566743628640e-03,5.430775545540726841e-03,6.980926848373931147e-03,8.900328327462228226e-03,1.111283770889091513e-02,1.327195186798218497e-02,1.451134448607820787e-02,1.315483324303416343e-02,6.476312855835776074e-03
0.000000000000000000e+00,0.000000000000000000e+00,0.000000000000000000e+00,0.000000000000000000e+00,0.000000000000000000e+00,0.000000000000000000e+00,0.000000000000000000e+00,0.000000000000000000e+00,0.000000000000000000e+00,0.000000000000000000e+00,0.000000000000000000e+00,0.000000000000000000e+00,0.000000000000000000e+00,0.000000000000000000e+00,0.000000000000000000e+00,0.000000000000000000e+00,0.000000000000000000e+00,0.000000000000000000e+00,0.000000000000000000e+00,0.000000000000000000e+00,0.000000000000000000e+00,0.000000000000000000e+00,0.000000000000000000e+00,0.000000000000000000e+00,0.000000000000000000e+00,0.000000000000000000e+00,0.000000000000000000e+00,0.000000000000000000e+00,0.000000000000000000e+00,0.000000000000000000e+00,0.000000000000000000e+00,0.000000000000000000e+00,0.000000000000000000e+00,0.000000000000000000e+00,0.000000000000000000e+00,0.000000000000000000e+00,0.000000000000000000e+00,0.000000000000000000e+00,0.000000000000000000e+00,0.000000000000000000e+00,0.000000000000000000e+00,0.000000000000000000e+00,0.000000000000000000e+00,0.000000000000000000e+00,0.000000000000000000e+00,0.000000000000000000e+00,0.000000000000000000e+00,0.000000000000000000e+00,0.000000000000000000e+00,0.000000000000000000e+00,0.000000000000000000e+00,0.000000000000000000e+00,0.000000000000000000e+00,0.000000000000000000e+00,0.000000000000000000e+00,0.000000000000000000e+00,0.000000000000000000e+00,0.000000000000000000e+00,0.000000000000000000e+00,0.000000000000000000e+00,0.000000000000000000e+00,0.000000000000000000e+00,0.000000000000000000e+00,0.000000000000000000e+00,0.000000000000000000e+00,0.000000000000000000e+00,0.000000000000000000e+00,0.000000000000000000e+00,0.000000000000000000e+00,0.000000000000000000e+00,0.000000000000000000e+00,0.000000000000000000e+00,0.000000000000000000e+00,0.000000000000000000e+00,0.000000000000000000e+00,0.000000000000000000e+00,0.000000000000000000e+00,0.000000000000000000e+00,0.000000000000000000e+00,0.000000000000000000e+00,0.000000000000000000e+00,0.000000000000000000e+00,0.000000000000000000e+00,0.000000000000000000e+00,0.000000000000000000e+00,0.000000000000000000e+00,0.000000000000000000e+00,0.000000000000000000e+00,0.000000000000000000e+00,0.000000000000000000e+00,0.000000000000000000e+00,0.000000000000000000e+00,0.000000000000000000e+00,0.000000000000000000e+00,0.000000000000000000e+00,0.000000000000000000e+00,0.000000000000000000e+00,0.000000000000000000e+00,0.000000000000000000e+00,0.000000000000000000e+00,0.000000000000000000e+00,0.000000000000000000e+00,0.000000000000000000e+00,0.000000000000000000e+00,0.000000000000000000e+00,0.000000000000000000e+00,0.000000000000000000e+00,0.000000000000000000e+00,0.000000000000000000e+00,0.000000000000000000e+00,0.000000000000000000e+00,0.000000000000000000e+00,0.000000000000000000e+00,0.000000000000000000e+00,0.000000000000000000e+00,0.000000000000000000e+00,0.000000000000000000e+00,0.000000000000000000e+00,0.000000000000000000e+00,0.000000000000000000e+00,0.000000000000000000e+00,0.000000000000000000e+00,0.000000000000000000e+00,0.000000000000000000e+00,0.000000000000000000e+00,0.000000000000000000e+00,0.000000000000000000e+00,0.000000000000000000e+00,0.000000000000000000e+00,0.000000000000000000e+00,0.000000000000000000e+00,0.000000000000000000e+00,0.000000000000000000e+00,0.000000000000000000e+00,0.000000000000000000e+00,0.000000000000000000e+00,0.000000000000000000e+00,0.000000000000000000e+00,0.000000000000000000e+00,0.000000000000000000e+00,0.000000000000000000e+00,0.000000000000000000e+00,0.000000000000000000e+00,0.000000000000000000e+00,0.000000000000000000e+00,0.000000000000000000e+00,0.000000000000000000e+00,0.000000000000000000e+00,0.000000000000000000e+00,0.000000000000000000e+00,0.000000000000000000e+00,0.000000000000000000e+00,0.000000000000000000e+00,0.000000000000000000e+00,0.000000000000000000e+00,0.000000000000000000e+00,0.000000000000000000e+00,0.000000000000000000e+00,0.000000000000000000e+00,0.000000000000000000e+00,0.000000000000000000e+00,0.000000000000000000e+00,0.000000000000000000e+00,0.000000000000000000e+00,0.000000000000000000e+00,0.000000000000000000e+00,0.000000000000000000e+00,0.000000000000000000e+00,0.000000000000000000e+00,0.000000000000000000e+00,0.000000000000000000e+00,0.000000000000000000e+00,0.000000000000000000e+00,0.000000000000000000e+00,0.000000000000000000e+00,0.000000000000000000e+00,-6.828138337273402872e-03,-6.397324099293400998e-03,-4.891776142643590973e-03,-3.386889047715039083e-03,-2.252030164118076251e-03,-1.529254206789638871e-03,-1.160011174560326552e-03,-1.064729965925455876e-03,-1.159585605901788897e-03,-1.364777897828892573e-03,-1.613517741276027182e-03,-1.857268387397856442e-03,-2.065766332719524805e-03,-2.223748044069894219e-03,-2.326690114633554133e-03,-2.377002210608094353e-03,-2.381158066500561540e-03,-2.347687446164131893e-03,-2.285787839626556277e-03,-2.204326764877594363e-03,-2.111133560300464292e-03,-2.012578815206747269e-03,-1.913448083118999415e-03,-1.817059338723593436e-03,-1.725515421525371197e-03,-1.639986372185994225e-03,-1.560964243617108879e-03,-1.488473828404954799e-03,-1.422239372894246352e-03,-1.361810875325570247e-03,-1.306654920095983536e-03,-1.256216221745807800e-03,-1.209956470025071043e-03,-1.167376556813573682e-03,-1.128027277639211080e-03,-1.091512475539873532e-03,-1.057487561341394341e-03,-1.025655467169395065e-03,-9.957614122100867660e-04,-9.675873476200830053e-04,-9.409465952704387489e-04,-9.156789475000198060e-04,-8.916463467864882593e-04,-8.687291636090463919e-04,-8.468230460344486257e-04,-8.258362811171948833e-04,-8.056876074201641067e-04,-7.863044092812135604e-04,-7.676212375962672202e-04,-7.495785992327363327e-04,-7.321219745662002750e-04,-7.152010194782132575e-04,-6.987689251273157933e-04,-6.827819036238362733e-04,-6.671987834910704475e-04,-6.519806914992509013e-04,-6.370908119211280817e-04,-6.224942051908340709e-04,-6.081576814278405983e-04,-5.940497140807411832e-04,-5.801403919208964919e-04,-5.664013968064007939e-04,-5.528060073826755044e-04,-5.393291176559373602e-04,-5.259472719133010364e-04,-5.126387058785545486e-04,-4.993833963723055824e-04,-4.861631099323250843e-04,-4.729614532145043240e-04,-4.597639160724447576e-04,-4.465579106603261603e-04,-4.333327979234341716e-04,-4.200799054291794545e-04,-4.067925284636457321e-04,-3.934659190928550604e-04,-3.800972557861343284e-04,-3.666855991576963882e-04,-3.532318271333866511e-04,-3.397385559887327201e-04,-3.262100412387748281e-04,-3.126520656789213547e-04,-2.990718091544872117e-04,-2.854777081339468980e-04,-2.718793001362753608e-04,-2.582870617296618033e-04,-2.447122354550056557e-04,-2.311666548478780333e-04,-2.176625630174740906e-04,-2.042124342039685996e-04,-1.908287936774927425e-04,-1.775240454461592902e-04,-1.643103028631889861e-04,-1.511992314782023019e-04,-1.382018988235983274e-04,-1.253286402285188987e-04,-1.125889348814625276e-04,-9.999130090079023133e-05,-8.754320313774483723e-05,-7.525098209066969225e-05,-6.311979717724010275e-05,-5.115359233368634164e-05,-3.935507674592455526e-05,-2.772572825995726545e-05,-1.626581188116458992e-05,-4.974420468221734903e-06,6.150470313881840086e-06,1.711192614496634726e-05,2.791396554665002755e-05,3.856145259306014220e-05,4.905997935184254168e-05,5.941573247994585792e-05,6.963535273379997973e-05,7.972578242439616039e-05,8.969410979167622398e-05,9.954740596236390509e-05,1.092925636229097878e-04,1.189361337057568351e-04,1.284841692651122330e-04,1.379420734211265478e-04,1.473144604299616873e-04,1.566050272279173583e-04,1.658164441925206014e-04,1.749502628369838369e-04,1.840068487177425830e-04,1.929853376668030571e-04,2.018836232541641577e-04,2.106983743683950294e-04,2.194250910539243904e-04,2.280581993777118543e-04,2.365911952367441963e-04,2.450168421337471495e-04,2.533274377520996741e-04,2.615151630074694263e-04,2.695725390352947935e-04,2.774930221985187065e-04,2.852717830932391526e-04,2.929067291778100963e-04,3.003998542950447209e-04,3.077590263459674597e-04,3.150003618586690187e-04,3.221513872945371113e-04,3.292552485718928099e-04,3.363763190543383346e-04,3.436076594591850730e-04,3.510809338678876762e-04,3.589795603593155826e-04,3.675561283103349615e-04,3.771554104293340769e-04,3.882447234952326825e-04,4.014538971038616490e-04,4.176278287350886423e-04,4.378954727005061193e-04,4.637603359868895875e-04,4.972190633611272420e-04,5.409168052520289122e-04,5.983506989824346383e-04,6.741364422972137040e-04,7.743574964711657594e-04,9.070225957590917487e-04,1.082664586521918815e-03,1.315122493620098521e-03,1.622556264349252599e-03,2.028743372064167622e-03,2.564671737977296164e-03,3.270298142438714077e-03,4.195861684661155409e-03,5.400759578912277259e-03,6.944490544059963091e-03,8.857232496558085921e-03,1.106403801653776248e-02,1.322004615217357328e-02,1.446213722448919971e-02,1.311845389993925547e-02,6.462702277089864798e-03
0.000000000000000000e+00,0.000000000000000000e+00,0.000000000000000000e+00,0.000000000000000000e+00,0.000000000000000000e+00,0.000000000000000000e+00,0.000000000000000000e+00,0.000000000000000000e+00,0.000000000000000000e+00,0.000000000000000000e+00,0.000000000000000000e+00,0.000000000000000000e+00,0.000000000000000000e+00,0.000000000000000000e+00,0.000000000000000000e+00,0.000000000000000000e+00,0.000000000000000000e+00,0.000000000000000000e+00,0.000000000000000000e+00,0.000000000000000000e+00,0.000000000000000000e+00,0.000000000000000000e+00,0.000000000000000000e+00,0.000000000000000000e+00,0.000000000000000000e+00,0.000000000000000000e+00,0.000000000000000000e+00,0.000000000000000000e+00,0.000000000000000000e+00,0.000000000000000000e+00,0.000000000000000000e+00,0.000000000000000000e+00,0.000000000000000000e+00,0.000000000000000000e+00,0.000000000000000000e+00,0.000000000000000000e+00,0.000000000000000000e+00,0.000000000000000000e+00,0.000000000000000000e+00,0.000000000000000000e+00,0.000000000000000000e+00,0.000000000000000000e+00,0.000000000000000000e+00,0.000000000000000000e+00,0.000000000000000000e+00,0.000000000000000000e+00,0.000000000000000000e+00,0.000000000000000000e+00,0.000000000000000000e+00,0.000000000000000000e+00,0.000000000000000000e+00,0.000000000000000000e+00,0.000000000000000000e+00,0.000000000000000000e+00,0.000000000000000000e+00,0.000000000000000000e+00,0.000000000000000000e+00,0.000000000000000000e+00,0.000000000000000000e+00,0.000000000000000000e+00,0.000000000000000000e+00,0.000000000000000000e+00,0.000000000000000000e+00,0.000000000000000000e+00,0.000000000000000000e+00,0.000000000000000000e+00,0.000000000000000000e+00,0.000000000000000000e+00,0.000000000000000000e+00,0.000000000000000000e+00,0.000000000000000000e+00,0.000000000000000000e+00,0.000000000000000000e+00,0.000000000000000000e+00,0.000000000000000000e+00,0.000000000000000000e+00,0.000000000000000000e+00,0.000000000000000000e+00,0.000000000000000000e+00,0.000000000000000000e+00,0.000000000000000000e+00,0.000000000000000000e+00,0.000000000000000000e+00,0.000000000000000000e+00,0.000000000000000000e+00,0.000000000000000000e+00,0.000000000000000000e+00,0.000000000000000000e+00,0.000000000000000000e+00,0.000000000000000000e+00,0.000000000000000000e+00,0.000000000000000000e+00,0.000000000000000000e+00,0.000000000000000000e+00,0.000000000000000000e+00,0.000000000000000000e+00,0.000000000000000000e+00,0.000000000000000000e+00,0.000000000000000000e+00,0.000000000000000000e+00,0.000000000000000000e+00,0.000000000000000000e+00,0.000000000000000000e+00,0.000000000000000000e+00,0.000000000000000000e+00,0.000000000000000000e+00,0.000000000000000000e+00,0.000000000000000000e+00,0.000000000000000000e+00,0.000000000000000000e+00,0.000000000000000000e+00,0.000000000000000000e+00,0.000000000000000000e+00,0.000000000000000000e+00,0.000000000000000000e+00,0.000000000000000000e+00,0.000000000000000000e+00,0.000000000000000000e+00,0.000000000000000000e+00,0.000000000000000000e+00,0.000000000000000000e+00,0.000000000000000000e+00,0.000000000000000000e+00,0.000000000000000000e+00,0.000000000000000000e+00,0.000000000000000000e+00,0.000000000000000000e+00,0.000000000000000000e+00,0.000000000000000000e+00,0.000000000000000000e+00,0.000000000000000000e+00,0.000000000000000000e+00,0.000000000000000000e+00,0.000000000000000000e+00,0.000000000000000000e+00,0.000000000000000000e+00,0.000000000000000000e+00,0.000000000000000000e+00,0.000000000000000000e+00,0.000000000000000000e+00,0.000000000000000000e+00,0.000000000000000000e+00,0.000000000000000000e+00,0.000000000000000000e+00,0.000000000000000000e+00,0.000000000000000000e+00,0.000000000000000000e+00,0.000000000000000000e+00,0.000000000000000000e+00,0.000000000000000000e+00,0.000000000000000000e+00,0.000000000000000000e+00,0.000000000000000000e+00,0.000000000000000000e+00,0.000000000000000000e+00,0.000000000000000000e+00,0.000000000000000000e+00,0.000000000000000000e+00,0.000000000000000000e+00,0.000000000000000000e+00,0.000000000000000000e+00,0.000000000000000000e+00,0.000000000000000000e+00,0.000000000000000000e+00,0.000000000000000000e+00,0.000000000000000000e+00,0.000000000000000000e+00,0.000000000000000000e+00,0.000000000000000000e+00,0.000000000000000000e+00,0.000000000000000000e+00,0.000000000000000000e+00,0.000000000000000000e+00,0.000000000000000000e+00,0.000000000000000000e+00,0.000000000000000000e+00,-6.856772823795616485e-03,-6.442722822484761407e-03,-4.932553508508674515e-03,-3.409606132165159380e-03,-2.256370083746066669e-03,-1.525212189950718748e-03,-1.161052938380014625e-03,-1.081271702105207492e-03,-1.195624118684373259e-03,-1.417959079278960670e-03,-1.677249889654191476e-03,-1.923263374147249783e-03,-2.126041090234713753e-03,-2.271839882541417006e-03,-2.358231854198407449e-03,-2.389876693237181181e-03,-2.375375768689749322e-03,-2.325046679710127909e-03,-2.249354737906085477e-03,-2.157809967115478095e-03,-2.058278197037412185e-03,-1.956710625134549120e-03,-1.857235093118546777e-03,-1.762465867772564261e-03,-1.673870419443638721e-03,-1.592095495786161876e-03,-1.517227389813609459e-03,-1.448992934591687752e-03,-1.386910564580683082e-03,-1.330398696128952006e-03,-1.278848862700783387e-03,-1.231671528882422387e-03,-1.188322009415980268e-03,-1.148312696316475690e-03,-1.111216400874136126e-03,-1.076664325893442404e-03,-1.044341119868484125e-03,-1.013978632456068651e-03,-9.853493856798712335e-04,-9.582603431428402636e-04,-9.325472793587431027e-04,-9.080698641931664187e-04,-8.847074759500372877e-04,-8.623556909836054907e-04,-8.409233780021775585e-04,-8.203303091398522545e-04,-8.005052108335236746e-04,-7.813841764807768087e-04,-7.629093818980488663e-04,-7.450280448574004644e-04,-7.276915890797939872e-04,-7.108549707749009169e-04,-6.944761431851367850e-04,-6.785156294868072754e-04,-6.629361901001838957e-04,-6.477025629900572427e-04,-6.327812698664218643e-04,-6.181404718782313552e-04,-6.037498717710062905e-04,-5.895806489827217596e-04,-5.756054271045829042e-04,-5.617982620023394920e-04,-5.481346517337334218e-04,-5.345915578132577747e-04,-5.211474401463134015e-04,-5.077822959494197267e-04,-4.944777057194998764e-04,-4.812168769951843950e-04,-4.679846894968248800e-04,-4.547677327102402100e-04,-4.415543400066871196e-04,-4.283346107029516376e-04,-4.151004247376365616e-04,-4.018454417841895387e-04,-3.885650901818756432e-04,-3.752565380234796906e-04,-3.619186525823777571e-04,-3.485519409811322646e-04,-3.351584791028338543e-04,-3.217418221777434842e-04,-3.083069048212318817e-04,-2.948599244163744118e-04,-2.814082163148206835e-04,-2.679601151155940075e-04,-2.545248110694235417e-04,-2.411121961045001566e-04,-2.277327089343749301e-04,-2.143971738240237112e-04,-2.011166427054744427e-04,-1.879022351391670259e-04,-1.747649858642001132e-04,-1.617156942082602052e-04,-1.487647849984554673e-04,-1.359221749137072067e-04,-1.231971536900126408e-04,-1.105982737385220982e-04,-9.813325726188042229e-05,-8.580891403454801681e-05,-7.363107854765363824e-05,-6.160455930678650151e-05,-4.973310855899943603e-05,-3.801940489591221830e-05,-2.646505655817809149e-05,-1.507061759543008834e-05,-3.835624228083578827e-06,7.241356674730871687e-06,1.816266016765336543e-05,2.893144512956861259e-05,3.955159920668514627e-05,5.002763522815797134e-05,6.036457339975617709e-05,7.056781781538084934e-05,8.064302222304388736e-05,9.059595365066351971e-05,1.004323494799917428e-04,1.101577765716749353e-04,1.197774886785839287e-04,1.292962906412454356e-04,1.387184062066007138e-04,1.480473577182823508e-04,1.572858550510340550e-04,1.664357016411115457e-04,1.754977154785889088e-04,1.844716724520622576e-04,1.933562705000390583e-04,2.021491216764708927e-04,2.108467716390110907e-04,2.194447540589775124e-04,2.279376816773192162e-04,2.363193834683892836e-04,2.445830942274549802e-04,2.527217111122173642e-04,2.607281323746716640e-04,2.685957034802409103e-04,2.763188023599047059e-04,2.838936093301055378e-04,2.913191228148403361e-04,2.985985031635096805e-04,3.057408567582705944e-04,3.127636071103975725e-04,3.196956525243906349e-04,3.265815678892447938e-04,3.334871984545572450e-04,3.405070921068890488e-04,3.477743685649136904e-04,3.554737925910392716e-04,3.638590727042469337e-04,3.732756960878102831e-04,3.841910372406288562e-04,3.972339757272998835e-04,4.132469795886280217e-04,4.333544732716800366e-04,4.590525402159879322e-04,4.923265156049485636e-04,5.358051491106525198e-04,5.929626567292230243e-04,6.683836544671185615e-04,7.681105370245237167e-04,9.000990495215331578e-04,1.074815180291594820e-03,1.306015478509460785e-03,1.611760591143491855e-03,2.015711936174014937e-03,2.548727517197656427e-03,3.250629674669409420e-03,4.171542491043442324e-03,5.370821409475388074e-03,6.908110824827255400e-03,8.814170642413290610e-03,1.101523459487450257e-02,1.316804233922520134e-02,1.441272678893575250e-02,1.308187845394113806e-02,6.449009617053395697e-03
0.000000000000000000e+00,0.000000000000000000e+00,0.000000000000000000e+00,0.000000000000000000e+00,0.000000000000000000e+00,0.000000000000000000e+00,0.000000000000000000e+00,0.000000000000000000e+00,0.000000000000000000e+00,0.000000000000000000e+00,0.000000000000000000e+00,0.000000000000000000e+00,0.000000000000000000e+00,0.000000000000000000e+00,0.000000000000000000e+00,0.000000000000000000e+00,0.000000000000000000e+00,0.000000000000000000e+00,0.000000000000000000e+00,0.000000000000000000e+00,0.000000000000000000e+00,0.000000000000000000e+00,0.000000000000000000e+00,0.000000000000000000e+00,0.000000000000000000e+00,0.000000000000000000e+00,0.000000000000000000e+00,0.000000000000000000e+00,0.000000000000000000e+00,0.000000000000000000e+00,0.000000000000000000e+00,0.000000000000000000e+00,0.000000000000000000e+00,0.000000000000000000e+00,0.000000000000000000e+00,0.000000000000000000e+00,0.000000000000000000e+00,0.000000000000000000e+00,0.000000000000000000e+00,0.000000000000000000e+00,0.000000000000000000e+00,0.000000000000000000e+00,0.000000000000000000e+00,0.000000000000000000e+00,0.000000000000000000e+00,0.000000000000000000e+00,0.000000000000000000e+00,0.000000000000000000e+00,0.000000000000000000e+00,0.000000000000000000e+00,0.000000000000000000e+00,0.000000000000000000e+00,0.000000000000000000e+00,0.000000000000000000e+00,0.000000000000000000e+00,0.000000000000000000e+00,0.000000000000000000e+00,0.000000000000000000e+00,0.000000000000000000e+00,0.000000000000000000e+00,0.000000000000000000e+00,0.000000000000000000e+00,0.000000000000000000e+00,0.000000000000000000e+00,0.000000000000000000e+00,0.000000000000000000e+00,0.000000000000000000e+00,0.000000000000000000e+00,0.000000000000000000e+00,0.000000000000000000e+00,0.000000000000000000e+00,0.000000000000000000e+00,0.000000000000000000e+00,0.000000000000000000e+00,0.000000000000000000e+00,0.000000000000000000e+00,0.000000000000000000e+00,0.000000000000000000e+00,0.000000000000000000e+00,0.000000000000000000e+00,0.000000000000000000e+00,0.000000000000000000e+00,0.000000000000000000e+00,0.000000000000000000e+00,0.000000000000000000e+00,0.000000000000000000e+00,0.000000000000000000e+00,0.000000000000000000e+00,0.000000000000000000e+00,0.000000000000000000e+00,0.000000000000000000e+00,0.000000000000000000e+00,0.000000000000000000e+00,0.000000000000000000e+00,0.000000000000000000e+00,0.000000000000000000e+00,0.000000000000000000e+00,0.000000000000000000e+00,0.000000000000000000e+00,0.000000000000000000e+00,0.000000000000000000e+00,0.000000000000000000e+00,0.000000000000000000e+00,0.000000000000000000e+00,0.000000000000000000e+00,0.000000000000000000e+00,0.000000000000000000e+00,0.000000000000000000e+00,0.000000000000000000e+00,0.000000000000000000e+00,0.000000000000000000e+00,0.000000000000000000e+00,0.000000000000000000e+00,0.000000000000000000e+00,0.000000000000000000e+00,0.000000000000000000e+00,0.000000000000000000e+00,0.000000000000000000e+00,0.000000000000000000e+00,0.000000000000000000e+00,0.000000000000000000e+00,0.000000000000000000e+00,0.000000000000000000e+00,0.000000000000000000e+00,0.000000000000000000e+00,0.000000000000000000e+00,0.000000000000000000e+00,0.000000000000000000e+00,0.000000000000000000e+00,0.000000000000000000e+00,0.000000000000000000e+00,0.000000000000000000e+00,0.000000000000000000e+00,0.000000000000000000e+00,0.000000000000000000e+00,0.000000000000000000e+00,0.000000000000000000e+00,0.000000000000000000e+00,0.000000000000000000e+00,0.000000000000000000e+00,0.000000000000000000e+00,0.000000000000000000e+00,0.000000000000000000e+00,0.000000000000000000e+00,0.000000000000000000e+00,0.000000000000000000e+00,0.000000000000000000e+00,0.000000000000000000e+00,0.000000000000000000e+00,0.000000000000000000e+00,0.000000000000000000e+00,0.000000000000000000e+00,0.000000000000000000e+00,0.000000000000000000e+00,0.000000000000000000e+00,0.000000000000000000e+00,0.000000000000000000e+00,0.000000000000000000e+00,0.000000000000000000e+00,0.000000000000000000e+00,0.000000000000000000e+00,0.000000000000000000e+00,0.000000000000000000e+00,0.000000000000000000e+00,0.000000000000000000e+00,0.000000000000000000e+00,0.000000000000000000e+00,0.000000000000000000e+00,0.000000000000000000e+00,0.000000000000000000e+00,0.000000000000000000e+00,0.000000000000000000e+00,0.000000000000000000e+00,0.000000000000000000e+00,0.000000000000000000e+00,0.000000000000000000e+00,-6.882126375524015224e-03,-6.484089286673880119e-03,-4.969655723323745423e-03,-3.430305317156551702e-03,-2.261875893970138798e-03,-1.526671537085512193e-03,-1.172013422709429270e-03,-1.110934571687716100e-03,-1.245848959127387892e-03,-1.484013220878880679e-03,-1.750532916243465386e-03,-1.994194459072503884e-03,-2.186151900334046792e-03,-2.314927338794500744e-03,-2.380799732200100747e-03,-2.391113823658424283e-03,-2.356811247682080029e-03,-2.289950468320568321e-03,-2.201968606296134286e-03,-2.102559084620388759e-03,-1.999143471448558678e-03,-1.896880724668303540e-03,-1.799030724931318607e-03,-1.707432350626384744e-03,-1.622928968499186926e-03,-1.545693491792268261e-03,-1.475469661079039036e-03,-1.411751098622580740e-03,-1.353909997538121912e-03,-1.301284031831010041e-03,-1.253230590057623130e-03,-1.209157226606229858e-03,-1.168535864305175233e-03,-1.130906539386266219e-03,-1.095874896131636064e-03,-1.063106329447280080e-03,-1.032318684987191919e-03,-1.003274690270774096e-03,-9.757747925536697188e-04,-9.496507342900694119e-04,-9.247599949340967393e-04,-9.009810939225495596e-04,-8.782096930064293896e-04,-8.563553963954177338e-04,-8.353391500116655712e-04,-8.150911352995219043e-04,-7.955490745788424464e-04,-7.766568666143890002e-04,-7.583634949814106394e-04,-7.406221517708051500e-04,-7.233895405921592081e-04,-7.066253192558331463e-04,-6.902916611094526587e-04,-6.743529074877379747e-04,-6.587753002070183229e-04,-6.435267743459984055e-04,-6.285768064640669074e-04,-6.138963030973700703e-04,-5.994575282408553174e-04,-5.852340571808983772e-04,-5.712007574561092345e-04,-5.573337858451015824e-04,-5.436106035886078408e-04,-5.300099998014225471e-04,-5.165121262975704963e-04,-5.030985344149044736e-04,-4.897522177125416621e-04,-4.764576514445498429e-04,-4.632008331574158713e-04,-4.499693155357067627e-04,-4.367522363204662294e-04,-4.235403366579847746e-04,-4.103259732499023944e-04,-3.971031159669965809e-04,-3.838673369440952676e-04,-3.706157832181914487e-04,-3.573471396631655735e-04,-3.440615747320720447e-04,-3.307606765083741522e-04,-3.174473719966641565e-04,-3.041258378572090477e-04,-2.908013958698838397e-04,-2.774804019571955891e-04,-2.641701223316430657e-04,-2.508786061139233262e-04,-2.376145481667122771e-04,-2.243871518608206222e-04,-2.112059855873184722e-04,-1.980808429311020082e-04,-1.850216002677123293e-04,-1.720380817385159210e-04,-1.591399251965769661e-04,-1.463364589688013356e-04,-1.336365827857948483e-04,-1.210486624805142775e-04,-1.085804315315579718e-04,-9.623890871075710927e-05,-8.403032462535196996e-05,-7.196006600769224099e-05,-6.003263027530120573e-05,-4.825159875911654332e-05,-3.661962089103241817e-05,-2.513841725824193408e-05,-1.380879363171996542e-05,-2.630673348113450699e-06,8.396859969855638772e-06,1.927550254602488928e-05,3.000766152163241379e-05,4.059637075952033671e-05,5.104519949283517775e-05,6.135814825253784106e-05,7.153954016193420486e-05,8.159390270438806258e-05,9.152584797597657529e-05,1.013399472146777464e-04,1.110406074726993887e-04,1.206319469009777977e-04,1.301176762676499671e-04,1.395009838259580678e-04,1.487844307969969832e-04,1.579698551814209492e-04,1.670582907058868654e-04,1.760498992304224998e-04,1.849439229535054189e-04,1.937386555164651860e-04,2.024314381196180455e-04,2.110186810519217449e-04,2.194959172570335371e-04,2.278578908302934943e-04,2.360986891858494368e-04,2.442119266461304709e-04,2.521909933745963492e-04,2.600293865427387896e-04,2.677211483219539014e-04,2.752614441698200166e-04,2.826473261484699589e-04,2.898787439607082832e-04,2.969598846798973874e-04,3.039009543589616096e-04,3.107205458677659259e-04,3.174487923736015881e-04,3.241315598779578150e-04,3.308360244740792726e-04,3.376580738108167913e-04,3.447321257997877880e-04,3.522441203783574937e-04,3.604486959270087579e-04,3.696918441266822987e-04,3.804407654394091859e-04,3.933231374275441726e-04,4.091787320869897217e-04,4.291271732475527645e-04,4.546568624863417916e-04,4.877416023430621245e-04,5.309935828069276128e-04,5.878640364745824770e-04,6.629065656518791762e-04,7.621227240897105598e-04,8.934156653940451441e-04,1.067185081098607005e-03,1.297105731014921558e-03,1.601139699049603264e-03,2.002833031111595809e-03,2.532914317413869319e-03,3.231071664080235536e-03,4.147313932296908638e-03,5.340953819234042430e-03,6.871780692275623187e-03,8.771135808863831165e-03,1.096642073056812439e-02,1.311593057283388930e-02,1.436310090538285393e-02,1.304509948933894707e-02,6.435234489034051715e-03
0.000000000000000000e+00,0.000000000000000000e+00,0.000000000000000000e+00,0.000000000000000000e+00,0.000000000000000000e+00,0.000000000000000000e+00,0.000000000000000000e+00,0.000000000000000000e+00,0.000000000000000000e+00,0.000000000000000000e+00,0.000000000000000000e+00,0.000000000000000000e+00,0.000000000000000000e+00,0.000000000000000000e+00,0.000000000000000000e+00,0.000000000000000000e+00,0.000000000000000000e+00,0.000000000000000000e+00,0.000000000000000000e+00,0.000000000000000000e+00,0.000000000000000000e+00,0.000000000000000000e+00,0.000000000000000000e+00,0.000000000000000000e+00,0.000000000000000000e+00,0.000000000000000000e+00,0.000000000000000000e+00,0.000000000000000000e+00,0.000000000000000000e+00,0.000000000000000000e+00,0.000000000000000000e+00,0.000000000000000000e+00,0.000000000000000000e+00,0.000000000000000000e+00,0.000000000000000000e+00,0.000000000000000000e+00,0.000000000000000000e+00,0.000000000000000000e+00,0.000000000000000000e+00,0.000000000000000000e+00,0.000000000000000000e+00,0.000000000000000000e+00,0.000000000000000000e+00,0.000000000000000000e+00,0.000000000000000000e+00,0.000000000000000000e+00,0.000000000000000000e+00,0.000000000000000000e+00,0.000000000000000000e+00,0.000000000000000000e+00,0.000000000000000000e+00,0.000000000000000000e+00,0.000000000000000000e+00,0.000000000000000000e+00,0.000000000000000000e+00,0.000000000000000000e+00,0.000000000000000000e+00,0.000000000000000000e+00,0.000000000000000000e+00,0.000000000000000000e+00,0.000000000000000000e+00,0.000000000000000000e+00,0.000000000000000000e+00,0.000000000000000000e+00,0.000000000000000000e+00,0.000000000000000000e+00,0.000000000000000000e+00,0.000000000000000000e+00,0.000000000000000000e+00,0.000000000000000000e+00,0.000000000000000000e+00,0.000000000000000000e+00,0.000000000000000000e+00,0.000000000000000000e+00,0.000000000000000000e+00,0.000000000000000000e+00,0.000000000000000000e+00,0.000000000000000000e+00,0.000000000000000000e+00,0.000000000000000000e+00,0.000000000000000000e+00,0.000000000000000000e+00,0.000000000000000000e+00,0.000000000000000000e+00,0.000000000000000000e+00,0.000000000000000000e+00,0.000000000000000000e+00,0.000000000000000000e+00,0.000000000000000000e+00,0.000000000000000000e+00,0.000000000000000000e+00,0.000000000000000000e+00,0.000000000000000000e+00,0.000000000000000000e+00,0.000000000000000000e+00,0.000000000000000000e+00,0.000000000000000000e+00,0.000000000000000000e+00,0.000000000000000000e+00,0.000000000000000000e+00,0.000000000000000000e+00,0.000000000000000000e+00,0.000000000000000000e+00,0.000000000000000000e+00,0.000000000000000000e+00,0.000000000000000000e+00,0.000000000000000000e+00,0.000000000000000000e+00,0.000000000000000000e+00,0.000000000000000000e+00,0.000000000000000000e+00,0.000000000000000000e+00,0.000000000000000000e+00,0.000000000000000000e+00,0.000000000000000000e+00,0.000000000000000000e+00,0.000000000000000000e+00,0.000000000000000000e+00,0.000000000000000000e+00,0.000000000000000000e+00,0.000000000000000000e+00,0.000000000000000000e+00,0.000000000000000000e+00,0.000000000000000000e+00,0.000000000000000000e+00,0.000000000000000000e+00,0.000000000000000000e+00,0.000000000000000000e+00,0.000000000000000000e+00,0.000000000000000000e+00,0.000000000000000000e+00,0.000000000000000000e+00,0.000000000000000000e+00,0.000000000000000000e+00,0.000000000000000000e+00,0.000000000000000000e+00,0.000000000000000000e+00,0.000000000000000000e+00,0.000000000000000000e+00,0.000000000000000000e+00,0.000000000000000000e+00,0.000000000000000000e+00,0.000000000000000000e+00,0.000000000000000000e+00,0.000000000000000000e+00,0.000000000000000000e+00,0.000000000000000000e+00,0.000000000000000000e+00,0.000000000000000000e+00,0.000000000000000000e+00,0.000000000000000000e+00,0.000000000000000000e+00,0.000000000000000000e+00,0.000000000000000000e+00,0.000000000000000000e+00,0.000000000000000000e+00,0.000000000000000000e+00,0.000000000000000000e+00,0.000000000000000000e+00,0.000000000000000000e+00,0.000000000000000000e+00,0.000000000000000000e+00,0.000000000000000000e+00,0.000000000000000000e+00,0.000000000000000000e+00,0.000000000000000000e+00,0.000000000000000000e+00,0.000000000000000000e+00,0.000000000000000000e+00,0.000000000000000000e+00,0.000000000000000000e+00,0.000000000000000000e+00,0.000000000000000000e+00,0.000000000000000000e+00,0.000000000000000000e+00,0.000000000000000000e+00,-6.904421507303709453e-03,-6.521644682512491888e-03,-5.003513538819202161e-03,-3.449847003663298207e-03,-2.269900666286059354e-03,-1.535295425483297789e-03,-1.194474510213887905e-03,-1.154766959711355087e-03,-1.310430224647820109e-03,-1.562095819752327541e-03,-1.831590727140806245e-03,-2.067610247624522991e-03,-2.243341858402777503e-03,-2.350376607920842513e-03,-2.392312306993157629e-03,-2.379538941097496425e-03,-2.325389932269908595e-03,-2.243394633208938959e-03,-2.145449263038605447e-03,-2.040843226535201272e-03,-1.936074155923040189e-03,-1.835235866744893687e-03,-1.740636800610732057e-03,-1.653367744764571616e-03,-1.573717935679061659e-03,-1.501465594554119050e-03,-1.436088022963804981e-03,-1.376913423464882309e-03,-1.323224317303773982e-03,-1.274322125040612454e-03,-1.229563278033624476e-03,-1.188375982057442290e-03,-1.150264647565166871e-03,-1.114807006631542748e-03,-1.081647353655987125e-03,-1.050488142821219724e-03,-1.021081316991168412e-03,-9.932201382387617541e-04,-9.667319037658295058e-04,-9.414716778678482645e-04,-9.173170350953731809e-04,-8.941637260262685211e-04,-8.719221525988068728e-04,-8.505145237655552552e-04,-8.298725779202930546e-04,-8.099357625973318707e-04,-7.906497872485331122e-04,-7.719654705220862449e-04,-7.538378274522638655e-04,-7.362253435378049394e-04,-7.190894029409648953e-04,-7.023938352516754906e-04,-6.861045624379003872e-04,-6.701893216348237719e-04,-6.546174546132421494e-04,-6.393597465635192725e-04,-6.243883106997825515e-04,-6.096765053144645018e-04,-5.951988829771267609e-04,-5.809311605642372787e-04,-5.668502116330329660e-04,-5.529340709922505323e-04,-5.391619542574067328e-04,-5.255142830261236254e-04,-5.119727194117306779e-04,-4.985202010035682998e-04,-4.851409806249826987e-04,-4.718206621164922955e-04,-4.585462369955573990e-04,-4.453061133021055129e-04,-4.320901419689162151e-04,-4.188896321338712696e-04,-4.056973612776536287e-04,-3.925075717788320193e-04,-3.793159603944531153e-04,-3.661196525223894566e-04,-3.529171684597993421e-04,-3.397083738369780642e-04,-3.264944221476097103e-04,-3.132776818741564656e-04,-3.000616567705699620e-04,-2.868508920744159709e-04,-2.736508757680753659e-04,-2.604679278828177388e-04,-2.473090874108852520e-04,-2.341819899717158498e-04,-2.210947461177498533e-04,-2.080558134894765860e-04,-1.950738728690985140e-04,-1.821577013275490250e-04,-1.693160525176824261e-04,-1.565575372144514571e-04,-1.438905140106321869e-04,-1.313229831243374873e-04,-1.188624929550164620e-04,-1.065160521689846758e-04,-9.429005658638394164e-05,-8.219022347330577584e-05,-7.022154206694550651e-05,-5.838823279159407028e-05,-4.669372348603390135e-05,-3.514063499339427739e-05,-2.373078388691709958e-05,-1.246519461725256908e-05,-1.344128269511826144e-06,9.632879785706524969e-06,2.046696679544533670e-05,3.115988174283453293e-05,4.171391079330189459e-05,5.213179663273606823e-05,6.241664650478349853e-05,7.257183635504613889e-05,8.260090661824749181e-05,9.250745684244726793e-05,1.022950354171024467e-04,1.119670313217756112e-04,1.215265648848619379e-04,1.309763841008881543e-04,1.403187641977717752e-04,1.495554165444633375e-04,1.586874052691979956e-04,1.677150771613426393e-04,1.766380039485115601e-04,1.854549420528642820e-04,1.941638098525480234e-04,2.027616873797491003e-04,2.112448399856309636e-04,2.196087715108519379e-04,2.278483112202993191e-04,2.359577422643588818e-04,2.439309810118190920e-04,2.517618202756656196e-04,2.594442550853178365e-04,2.669729146785310278e-04,2.743436359824750429e-04,2.815542222041151829e-04,2.886054508267798711e-04,2.955024103643607691e-04,3.022562801160990319e-04,3.088866946517156761e-04,3.154248923902862540e-04,3.219178973322621667e-04,3.284340776393589786e-04,3.350705134313507953e-04,3.419627618545189956e-04,3.492977640817419285e-04,3.573308966153961280e-04,3.664084442067652085e-04,3.769972021921577199e-04,3.897233980449841487e-04,4.054238491486654157e-04,4.252131207706912682e-04,4.505716919450021975e-04,4.834616312885655015e-04,5.264784344615885958e-04,5.830503126976004482e-04,6.576999428992699260e-04,7.563882756150734979e-04,8.869662701331162795e-04,1.059767866058899596e-03,1.288386686397097018e-03,1.590686940156111392e-03,1.990099926091126910e-03,2.517225269131207876e-03,3.211617010346543878e-03,4.123168582817337766e-03,5.311149010837526441e-03,6.835492412641825527e-03,8.728119884860156830e-03,1.091758855514027640e-02,1.306369948795723344e-02,1.431324545401007134e-02,1.300810814584582066e-02,6.421375984352603768e-03
0.000000000000000000e+00,0.000000000000000000e+00,0.000000000000000000e+00,0.000000000000000000e+00,0.000000000000000000e+00,0.000000000000000000e+00,0.000000000000000000e+00,0.000000000000000000e+00,0.000000000000000000e+00,0.000000000000000000e+00,0.000000000000000000e+00,0.000000000000000000e+00,0.000000000000000000e+00,0.000000000000000000e+00,0.000000000000000000e+00,0.000000000000000000e+00,0.000000000000000000e+00,0.000000000000000000e+00,0.000000000000000000e+00,0.000000000000000000e+00,0.000000000000000000e+00,0.000000000000000000e+00,0.000000000000000000e+00,0.000000000000000000e+00,0.000000000000000000e+00,0.000000000000000000e+00,0.000000000000000000e+00,0.000000000000000000e+00,0.000000000000000000e+00,0.000000000000000000e+00,0.000000000000000000e+00,0.000000000000000000e+00,0.000000000000000000e+00,0.000000000000000000e+00,0.000000000000000000e+00,0.000000000000000000e+00,0.000000000000000000e+00,0.000000000000000000e+00,0.000000000000000000e+00,0.000000000000000000e+00,0.000000000000000000e+00,0.000000000000000000e+00,0.000000000000000000e+00,0.000000000000000000e+00,0.000000000000000000e+00,0.000000000000000000e+00,0.000000000000000000e+00,0.000000000000000000e+00,0.000000000000000000e+00,0.000000000000000000e+00,0.000000000000000000e+00,0.000000000000000000e+00,0.000000000000000000e+00,0.000000000000000000e+00,0.000000000000000000e+00,0.000000000000000000e+00,0.000000000000000000e+00,0.000000000000000000e+00,0.000000000000000000e+00,0.000000000000000000e+00,0.000000000000000000e+00,0.000000000000000000e+00,0.000000000000000000e+00,0.000000000000000000e+00,0.000000000000000000e+00,0.000000000000000000e+00,0.000000000000000000e+00,0.000000000000000000e+00,0.000000000000000000e+00,0.000000000000000000e+00,0.000000000000000000e+00,0.000000000000000000e+00,0.000000000000000000e+00,0.000000000000000000e+00,0.000000000000000000e+00,0.000000000000000000e+00,0.000000000000000000e+00,0.000000000000000000e+00,0.000000000000000000e+00,0.000000000000000000e+00,0.000000000000000000e+00,0.000000000000000000e+00,0.000000000000000000e+00,0.000000000000000000e+00,0.000000000000000000e+00,0.000000000000000000e+00,0.000000000000000000e+00,0.000000000000000000e+00,0.000000000000000000e+00,0.000000000000000000e+00,0.000000000000000000e+00,0.000000000000000000e+00,0.000000000000000000e+00,0.000000000000000000e+00,0.000000000000000000e+00,0.000000000000000000e+00,0.000000000000000000e+00,0.000000000000000000e+00,0.000000000000000000e+00,0.000000000000000000e+00,0.000000000000000000e+00,0.000000000000000000e+00,0.000000000000000000e+00,0.000000000000000000e+00,0.000000000000000000e+00,0.000000000000000000e+00,0.000000000000000000e+00,0.000000000000000000e+00,0.000000000000000000e+00,0.000000000000000000e+00,0.000000000000000000e+00,0.000000000000000000e+00,0.000000000000000000e+00,0.000000000000000000e+00,0.000000000000000000e+00,0.000000000000000000e+00,0.000000000000000000e+00,0.000000000000000000e+00,0.000000000000000000e+00,0.000000000000000000e+00,0.000000000000000000e+00,0.000000000000000000e+00,0.000000000000000000e+00,0.000000000000000000e+00,0.000000000000000000e+00,0.000000000000000000e+00,0.000000000000000000e+00,0.000000000000000000e+00,0.000000000000000000e+00,0.000000000000000000e+00,0.000000000000000000e+00,0.000000000000000000e+00,0.000000000000000000e+00,0.000000000000000000e+00,0.000000000000000000e+00,0.000000000000000000e+00,0.000000000000000000e+00,0.000000000000000000e+00,0.000000000000000000e+00,0.000000000000000000e+00,0.000000000000000000e+00,0.000000000000000000e+00,0.000000000000000000e+00,0.000000000000000000e+00,0.000000000000000000e+00,0.000000000000000000e+00,0.000000000000000000e+00,0.000000000000000000e+00,0.000000000000000000e+00,0.000000000000000000e+00,0.000000000000000000e+00,0.000000000000000000e+00,0.000000000000000000e+00,0.000000000000000000e+00,0.000000000000000000e+00,0.000000000000000000e+00,0.000000000000000000e+00,0.000000000000000000e+00,0.000000000000000000e+00,0.000000000000000000e+00,0.000000000000000000e+00,0.000000000000000000e+00,0.000000000000000000e+00,0.000000000000000000e+00,0.000000000000000000e+00,0.000000000000000000e+00,0.000000000000000000e+00,0.000000000000000000e+00,0.000000000000000000e+00,0.000000000000000000e+00,0.000000000000000000e+00,0.000000000000000000e+00,0.000000000000000000e+00,0.000000000000000000e+00,0.000000000000000000e+00,0.000000000000000000e+00,-6.923991525516479291e-03,-6.555746545895974574e-03,-5.034693568090908324e-03,-3.469194314070444228e-03,-2.281812233714395309e-03,-1.552605362859242524e-03,-1.229670690233449371e-03,-1.213267183022859966e-03,-1.388848702146359753e-03,-1.650639111409653824e-03,-1.918010061119510869e-03,-2.140622683362273029e-03,-2.294713833956927695e-03,-2.375772175578104526e-03,-2.391268509625298772e-03,-2.354839693268887674e-03,-2.282015648216636269e-03,-2.187259657482192813e-03,-2.082230844435170244e-03,-1.975200180979951384e-03,-1.871375031460997427e-03,-1.773674966073183080e-03,-1.683503161208842755e-03,-1.601299908088062033e-03,-1.526899133364027251e-03,-1.459772559308063211e-03,-1.399206981308997663e-03,-1.344427488945871023e-03,-1.294675074313444410e-03,-1.249249964593063429e-03,-1.207531738776673269e-03,-1.168984801899202938e-03,-1.133155264006678554e-03,-1.099663289192210616e-03,-1.068193545945279486e-03,-1.038485353543270196e-03,-1.010323424246784875e-03,-9.835296314539322422e-04,-9.579559584264354640e-04,-9.334786078004289741e-04,-9.099931756906141835e-04,-8.874107473257277119e-04,-8.656547733656364940e-04,-8.446585839629451413e-04,-8.243634237827505854e-04,-8.047168991698202233e-04,-7.856717574720499747e-04,-7.671849242855138676e-04,-7.492167492894410714e-04,-7.317304119799627202e-04,-7.146914589300217436e-04,-6.980674403954142786e-04,-6.818276311122632282e-04,-6.659428133303247352e-04,-6.503851151881401282e-04,-6.351278887177005386e-04,-6.201456256054948234e-04,-6.054138984960955169e-04,-5.909093287456701482e-04,-5.766095701219038508e-04,-5.624933108961782235e-04,-5.485402847277749162e-04,-5.347312938808409816e-04,-5.210482357601329629e-04,-5.074741371710274123e-04,-4.939931875836414080e-04,-4.805907763953773284e-04,-4.672535255239847825e-04,-4.539693227797201376e-04,-4.407273473331038715e-04,-4.275180931970319013e-04,-4.143333820646325546e-04,-4.011663719402965966e-04,-3.880115529899392764e-04,-3.748647376295026522e-04,-3.617230364532216728e-04,-3.485848276657107429e-04,-3.354497118602899324e-04,-3.223184604588465478e-04,-3.091929499056461834e-04,-2.960760905046046676e-04,-2.829717422189005692e-04,-2.698846267999763086e-04,-2.568202287591709460e-04,-2.437846949141192856e-04,-2.307847251784737397e-04,-2.178274645661540192e-04,-2.049203891786169688e-04,-1.920711962435922701e-04,-1.792876910154263368e-04,-1.665776805564385160e-04,-1.539488671971213200e-04,-1.414087515022150973e-04,-1.289645374972127746e-04,-1.166230496599973308e-04,-1.043906543778686457e-04,-9.227319495342740019e-05,-8.027593280616171273e-05,-6.840350345459935539e-05,-5.665987990825242153e-05,-4.504835147786560390e-05,-3.357151066170044708e-05,-2.223125550339753726e-05,-1.102880013179547228e-05,3.529976865433286964e-08,1.096111372393645918e-05,2.174928943222705741e-05,3.240099890526273356e-05,4.291787248520632491e-05,5.330192749466045737e-05,6.355548697533773723e-05,7.368109498904182092e-05,8.368142472410279858e-05,9.355918554062382956e-05,1.033170259827635620e-04,1.129574384915625276e-04,1.224826636194781466e-04,1.318945990088199168e-04,1.411947116917240577e-04,1.503839584345105485e-04,1.594627134356804319e-04,1.684307075398630549e-04,1.772869791014145241e-04,1.860298401866542081e-04,1.946568593245054889e-04,2.031648643654208268e-04,2.115499683392634868e-04,2.198076225485299303e-04,2.279327027188335613e-04,2.359196347502484994e-04,2.437625711582366340e-04,2.514556300657805657e-04,2.589932172689494733e-04,2.663704538579374920e-04,2.735837465395491320e-04,2.806315428817857398e-04,2.875153374546063735e-04,2.942410063187602840e-04,3.008205852417156949e-04,3.072746305088195923e-04,3.136353617583142106e-04,3.199508313820851896e-04,3.262904624151448255e-04,3.327523801388096599e-04,3.394731208227826807e-04,3.466404512894323661e-04,3.545102930431022004e-04,3.634290122345194612e-04,3.738627697766979839e-04,3.864360996388566116e-04,4.019826142306782025e-04,4.216115743702144886e-04,4.467953115821952058e-04,4.794839777575708208e-04,5.222562591121311876e-04,5.785173255558261843e-04,6.527590300640645623e-04,7.509019623204225662e-04,8.807452770198844058e-04,1.052557684610816576e-03,1.279852286823267770e-03,1.580396056517704116e-03,1.977506115348789950e-03,2.501653521690343218e-03,3.192258395418892409e-03,4.099098542731191390e-03,5.281398469755411301e-03,6.799237342642314337e-03,8.685113366268213189e-03,1.086872884259746340e-02,1.301133609595676865e-02,1.426314448424139715e-02,1.297089433283479809e-02,6.407432749004065599e-03
0.000000000000000000e+00,0.000000000000000000e+00,0.000000000000000000e+00,0.000000000000000000e+00,0.000000000000000000e+00,0.000000000000000000e+00,0.000000000000000000e+00,0.000000000000000000e+00,0.000000000000000000e+00,0.000000000000000000e+00,0.000000000000000000e+00,0.000000000000000000e+00,0.000000000000000000e+00,0.000000000000000000e+00,0.000000000000000000e+00,0.000000000000000000e+00,0.000000000000000000e+00,0.000000000000000000e+00,0.000000000000000000e+00,0.000000000000000000e+00,0.000000000000000000e+00,0.000000000000000000e+00,0.000000000000000000e+00,0.000000000000000000e+00,0.000000000000000000e+00,0.000000000000000000e+00,0.000000000000000000e+00,0.000000000000000000e+00,0.000000000000000000e+00,0.000000000000000000e+00,0.000000000000000000e+00,0.000000000000000000e+00,0.000000000000000000e+00,0.000000000000000000e+00,0.000000000000000000e+00,0.000000000000000000e+00,0.000000000000000000e+00,0.000000000000000000e+00,0.000000000000000000e+00,0.000000000000000000e+00,0.000000000000000000e+00,0.000000000000000000e+00,0.000000000000000000e+00,0.000000000000000000e+00,0.000000000000000000e+00,0.000000000000000000e+00,0.000000000000000000e+00,0.000000000000000000e+00,0.000000000000000000e+00,0.000000000000000000e+00,0.000000000000000000e+00,0.000000000000000000e+00,0.000000000000000000e+00,0.000000000000000000e+00,0.000000000000000000e+00,0.000000000000000000e+00,0.000000000000000000e+00,0.000000000000000000e+00,0.000000000000000000e+00,0.000000000000000000e+00,0.000000000000000000e+00,0.000000000000000000e+00,0.000000000000000000e+00,0.000000000000000000e+00,0.000000000000000000e+00,0.000000000000000000e+00,0.000000000000000000e+00,0.000000000000000000e+00,0.000000000000000000e+00,0.000000000000000000e+00,0.000000000000000000e+00,0.000000000000000000e+00,0.000000000000000000e+00,0.000000000000000000e+00,0.000000000000000000e+00,0.000000000000000000e+00,0.000000000000000000e+00,0.000000000000000000e+00,0.000000000000000000e+00,0.000000000000000000e+00,0.000000000000000000e+00,0.000000000000000000e+00,0.000000000000000000e+00,0.000000000000000000e+00,0.000000000000000000e+00,0.000000000000000000e+00,0.000000000000000000e+00,0.000000000000000000e+00,0.000000000000000000e+00,0.000000000000000000e+00,0.000000000000000000e+00,0.000000000000000000e+00,0.000000000000000000e+00,0.000000000000000000e+00,0.000000000000000000e+00,0.000000000000000000e+00,0.000000000000000000e+00,0.000000000000000000e+00,0.000000000000000000e+00,0.000000000000000000e+00,0.000000000000000000e+00,0.000000000000000000e+00,0.000000000000000000e+00,0.000000000000000000e+00,0.000000000000000000e+00,0.000000000000000000e+00,0.000000000000000000e+00,0.000000000000000000e+00,0.000000000000000000e+00,0.000000000000000000e+00,0.000000000000000000e+00,0.000000000000000000e+00,0.000000000000000000e+00,0.000000000000000000e+00,0.000000000000000000e+00,0.000000000000000000e+00,0.000000000000000000e+00,0.000000000000000000e+00,0.000000000000000000e+00,0.000000000000000000e+00,0.000000000000000000e+00,0.000000000000000000e+00,0.000000000000000000e+00,0.000000000000000000e+00,0.000000000000000000e+00,0.000000000000000000e+00,0.000000000000000000e+00,0.000000000000000000e+00,0.000000000000000000e+00,0.000000000000000000e+00,0.000000000000000000e+00,0.000000000000000000e+00,0.000000000000000000e+00,0.000000000000000000e+00,0.000000000000000000e+00,0.000000000000000000e+00,0.000000000000000000e+00,0.000000000000000000e+00,0.000000000000000000e+00,0.000000000000000000e+00,0.000000000000000000e+00,0.000000000000000000e+00,0.000000000000000000e+00,0.000000000000000000e+00,0.000000000000000000e+00,0.000000000000000000e+00,0.000000000000000000e+00,0.000000000000000000e+00,0.000000000000000000e+00,0.000000000000000000e+00,0.000000000000000000e+00,0.000000000000000000e+00,0.000000000000000000e+00,0.000000000000000000e+00,0.000000000000000000e+00,0.000000000000000000e+00,0.000000000000000000e+00,0.000000000000000000e+00,0.000000000000000000e+00,0.000000000000000000e+00,0.000000000000000000e+00,0.000000000000000000e+00,0.000000000000000000e+00,0.000000000000000000e+00,0.000000000000000000e+00,0.000000000000000000e+00,0.000000000000000000e+00,0.000000000000000000e+00,0.000000000000000000e+00,0.000000000000000000e+00,0.000000000000000000e+00,0.000000000000000000e+00,0.000000000000000000e+00,0.000000000000000000e+00,0.000000000000000000e+00,0.000000000000000000e+00,-6.941261813596684600e-03,-6.586873909047101516e-03,-5.063877074845420274e-03,-3.489372361603604832e-03,-2.298924671472097041e-03,-1.579889085480190103e-03,-1.278393587010059765e-03,-1.286315526587465371e-03,-1.479885563140574114e-03,-1.747419789894980860e-03,-2.006894139034961447e-03,-2.210142551837315870e-03,-2.337529055651689069e-03,-2.389237623051146918e-03,-2.377023402744022837e-03,-2.317715206928598528e-03,-2.228531501579744493e-03,-2.124081774906296134e-03,-2.015014567104018561e-03,-1.908079784381490991e-03,-1.807031332591152060e-03,-1.713676979151817267e-03,-1.628649182590421974e-03,-1.551862622751110435e-03,-1.482797402114593250e-03,-1.420702420892942276e-03,-1.364741934493968363e-03,-1.314089952186212962e-03,-1.267983103249949259e-03,-1.225745208213814118e-03,-1.186794277985591057e-03,-1.150639321918348491e-03,-1.116871823287181450e-03,-1.085154974506133841e-03,-1.055212547207497881e-03,-1.026818434668001984e-03,-9.997873713307211911e-04,-9.739669965514618404e-04,-9.492312471981574845e-04,-9.254749584420923162e-04,-9.026095178548678918e-04,-8.805594016537895974e-04,-8.592594391529099129e-04,-8.386526613575421424e-04,-8.186886188914193740e-04,-7.993220667628007882e-04,-7.805119411110549802e-04,-7.622205605291657027e-04,-7.444130071839884059e-04,-7.270566445408180832e-04,-7.101207465677711024e-04,-6.935762102485594494e-04,-6.773953383483747237e-04,-6.615516732869587604e-04,-6.460198765280511599e-04,-6.307756397434193495e-04,-6.157956267241028805e-04,-6.010574352451820198e-04,-5.865395804007030468e-04,-5.722214899281307613e-04,-5.580835144534402594e-04,-5.441069437663759601e-04,-5.302740330859018148e-04,-5.165680307844010884e-04,-5.029732123855195280e-04,-4.894749124297084449e-04,-4.760595596320995899e-04,-4.627147068392891143e-04,-4.494290616812890329e-04,-4.361925092920626384e-04,-4.229961334755388629e-04,-4.098322276178011829e-04,-3.966943022387423956e-04,-3.835770804853272419e-04,-3.704764890040612105e-04,-3.573896355930924833e-04,-3.443147816588106188e-04,-3.312513010577693888e-04,-3.181996339317883231e-04,-3.051612273269039654e-04,-2.921384717054091086e-04,-2.791346253486880354e-04,-2.661537361494912841e-04,-2.532005529825948021e-04,-2.402804364352132424e-04,-2.273992612537346653e-04,-2.145633204463153420e-04,-2.017792235435365400e-04,-1.890537989737715364e-04,-1.763939931712831465e-04,-1.638067762483478369e-04,-1.512990469409326974e-04,-1.388775463878281352e-04,-1.265487735279160184e-04,-1.143189112872099574e-04,-1.021937564058820238e-04,-9.017866158827792531e-05,-7.827848290802919603e-05,-6.649754057493809480e-05,-5.483958611141730876e-05,-4.330778339938761438e-05,-3.190469680678073751e-05,-2.063229315477147269e-05,-9.491950935725983814e-06,1.515517192966671308e-06,1.238983497990338635e-05,2.313122096522855602e-05,3.374034071230564401e-05,4.421824845332483788e-05,5.456632382268233829e-05,6.478620007206728417e-05,7.487968904125379501e-05,8.484870012040143013e-05,9.469515802592737297e-05,1.044209174624441714e-04,1.140276789872034821e-04,1.235169049749693939e-04,1.328897394367871312e-04,1.421469314025920738e-04,1.512887650150742031e-04,1.603149968685745009e-04,1.692248031408417192e-04,1.780167379703995493e-04,1.866887051574026425e-04,1.952379458348275476e-04,2.036610441003979487e-04,2.119539550776991597e-04,2.201120581470031724e-04,2.281302428969416275e-04,2.360030329167444544e-04,2.437247603923150987e-04,2.512898019859567829e-04,2.586928984826604330e-04,2.659295792638900909e-04,2.729967306901245764e-04,2.798933489886957149e-04,2.866215453385089753e-04,2.931878784929370157e-04,2.996051315031981847e-04,3.058946683705371611e-04,3.120895702110872637e-04,3.182387908439728128e-04,3.244126721328144630e-04,3.307102371637039417e-04,3.372688403984145386e-04,3.442768976750162110e-04,3.519906817502028908e-04,3.607564290063349595e-04,3.710394389662365522e-04,3.834623134661697920e-04,3.988552172278701747e-04,4.183218713219976075e-04,4.433262479115142513e-04,4.758064139809461534e-04,5.183241455733803016e-04,5.742615630596471484e-04,6.480798030622738791e-04,7.456593340614885114e-04,8.747478815741180054e-04,1.045549422137417904e-03,1.271497111282216853e-03,1.570261274559557043e-03,1.965045374065371459e-03,2.486192256996940138e-03,3.172988249556743176e-03,4.075095350649095630e-03,5.251692821785786634e-03,6.763005690481062836e-03,8.642105054794653810e-03,1.081983086436206706e-02,1.295882569927886245e-02,1.421278017477314339e-02,1.293344683381236239e-02,6.393403252572925875e-03
0.000000000000000000e+00,0.000000000000000000e+00,0.000000000000000000e+00,0.000000000000000000e+00,0.000000000000000000e+00,0.000000000000000000e+00,0.000000000000000000e+00,0.000000000000000000e+00,0.000000000000000000e+00,0.000000000000000000e+00,0.000000000000000000e+00,0.000000000000000000e+00,0.000000000000000000e+00,0.000000000000000000e+00,0.000000000000000000e+00,0.000000000000000000e+00,0.000000000000000000e+00,0.000000000000000000e+00,0.000000000000000000e+00,0.000000000000000000e+00,0.000000000000000000e+00,0.000000000000000000e+00,0.000000000000000000e+00,0.000000000000000000e+00,0.000000000000000000e+00,0.000000000000000000e+00,0.000000000000000000e+00,0.000000000000000000e+00,0.000000000000000000e+00,0.000000000000000000e+00,0.000000000000000000e+00,0.000000000000000000e+00,0.000000000000000000e+00,0.000000000000000000e+00,0.000000000000000000e+00,0.000000000000000000e+00,0.000000000000000000e+00,0.000000000000000000e+00,0.000000000000000000e+00,0.000000000000000000e+00,0.000000000000000000e+00,0.000000000000000000e+00,0.000000000000000000e+00,0.000000000000000000e+00,0.000000000000000000e+00,0.000000000000000000e+00,0.000000000000000000e+00,0.000000000000000000e+00,0.000000000000000000e+00,0.000000000000000000e+00,0.000000000000000000e+00,0.000000000000000000e+00,0.000000000000000000e+00,0.000000000000000000e+00,0.000000000000000000e+00,0.000000000000000000e+00,0.000000000000000000e+00,0.000000000000000000e+00,0.000000000000000000e+00,0.000000000000000000e+00,0.000000000000000000e+00,0.000000000000000000e+00,0.000000000000000000e+00,0.000000000000000000e+00,0.000000000000000000e+00,0.000000000000000000e+00,0.000000000000000000e+00,0.000000000000000000e+00,0.000000000000000000e+00,0.000000000000000000e+00,0.000000000000000000e+00,0.000000000000000000e+00,0.000000000000000000e+00,0.000000000000000000e+00,0.000000000000000000e+00,0.000000000000000000e+00,0.000000000000000000e+00,0.000000000000000000e+00,0.000000000000000000e+00,0.000000000000000000e+00,0.000000000000000000e+00,0.000000000000000000e+00,0.000000000000000000e+00,0.000000000000000000e+00,0.000000000000000000e+00,0.000000000000000000e+00,0.000000000000000000e+00,0.000000000000000000e+00,0.000000000000000000e+00,0.000000000000000000e+00,0.000000000000000000e+00,0.000000000000000000e+00,0.000000000000000000e+00,0.000000000000000000e+00,0.000000000000000000e+00,0.000000000000000000e+00,0.000000000000000000e+00,0.000000000000000000e+00,0.000000000000000000e+00,0.000000000000000000e+00,0.000000000000000000e+00,0.000000000000000000e+00,0.000000000000000000e+00,0.000000000000000000e+00,0.000000000000000000e+00,0.000000000000000000e+00,0.000000000000000000e+00,0.000000000000000000e+00,0.000000000000000000e+00,0.000000000000000000e+00,0.000000000000000000e+00,0.000000000000000000e+00,0.000000000000000000e+00,0.000000000000000000e+00,0.000000000000000000e+00,0.000000000000000000e+00,0.000000000000000000e+00,0.000000000000000000e+00,0.000000000000000000e+00,0.000000000000000000e+00,0.000000000000000000e+00,0.000000000000000000e+00,0.000000000000000000e+00,0.000000000000000000e+00,0.000000000000000000e+00,0.000000000000000000e+00,0.000000000000000000e+00,0.000000000000000000e+00,0.000000000000000000e+00,0.000000000000000000e+00,0.000000000000000000e+00,0.000000000000000000e+00,0.000000000000000000e+00,0.000000000000000000e+00,0.000000000000000000e+00,0.000000000000000000e+00,0.000000000000000000e+00,0.000000000000000000e+00,0.000000000000000000e+00,0.000000000000000000e+00,0.000000000000000000e+00,0.000000000000000000e+00,0.000000000000000000e+00,0.000000000000000000e+00,0.000000000000000000e+00,0.000000000000000000e+00,0.000000000000000000e+00,0.000000000000000000e+00,0.000000000000000000e+00,0.000000000000000000e+00,0.000000000000000000e+00,0.000000000000000000e+00,0.000000000000000000e+00,0.000000000000000000e+00,0.000000000000000000e+00,0.000000000000000000e+00,0.000000000000000000e+00,0.000000000000000000e+00,0.000000000000000000e+00,0.000000000000000000e+00,0.000000000000000000e+00,0.000000000000000000e+00,0.000000000000000000e+00,0.000000000000000000e+00,0.000000000000000000e+00,0.000000000000000000e+00,0.000000000000000000e+00,0.000000000000000000e+00,0.000000000000000000e+00,0.000000000000000000e+00,0.000000000000000000e+00,0.000000000000000000e+00,0.000000000000000000e+00,0.000000000000000000e+00,0.000000000000000000e+00,0.000000000000000000e+00,-6.956723513470432566e-03,-6.615602050130605337e-03,-5.091828008331462756e-03,-3.511418929371467029e-03,-2.322427233567236904e-03,-1.618117792246958871e-03,-1.340923395869442853e-03,-1.373152568801115463e-03,-1.581674062813056116e-03,-1.849696569813610641e-03,-2.095083610223761033e-03,-2.273166089977823011e-03,-2.369521629869030064e-03,-2.389714546402301690e-03,-2.349948873063639754e-03,-2.269847057008028256e-03,-2.167486003030366041e-03,-2.056681327207686167e-03,-1.946381099859109112e-03,-1.841547204510631756e-03,-1.744542648756717586e-03,-1.656244530639199974e-03,-1.576676571170493009e-03,-1.505345609791353427e-03,-1.441468597817607920e-03,-1.384144862584003920e-03,-1.332472435152317518e-03,-1.285614029837304747e-03,-1.242827744957821293e-03,-1.203476245506870240e-03,-1.167023726299433678e-03,-1.133026523095393041e-03,-1.101121046423719297e-03,-1.071011239406755456e-03,-1.042456782511606709e-03,-1.015262624683324014e-03,-9.892700418940158103e-04,-9.643491978687514189e-04,-9.403930780693374328e-04,-9.173126130709451272e-04,-8.950328062184141099e-04,-8.734896826127247797e-04,-8.526279050157606907e-04,-8.323989169630077300e-04,-8.127595053655607346e-04,-7.936706872501887331e-04,-7.750968528872173059e-04,-7.570051038780609316e-04,-7.393647467839374815e-04,-7.221469033259395563e-04,-7.053242157095947294e-04,-6.888706216759671709e-04,-6.727611886603451774e-04,-6.569719896552888259e-04,-6.414800168136533792e-04,-6.262631201271088395e-04,-6.112999713268136215e-04,-5.965700428921902766e-04,-5.820536046120797138e-04,-5.677317286448755858e-04,-5.535863067830248821e-04,-5.396000712596473771e-04,-5.257566237387282550e-04,-5.120404640461835967e-04,-4.984370240905838150e-04,-4.849326985690089928e-04,-4.715148784946090609e-04,-4.581719789836306541e-04,-4.448934677807860820e-04,-4.316698857664292557e-04,-4.184928663712934632e-04,-4.053551450292883131e-04,-3.922505660654759807e-04,-3.791740781167310999e-04,-3.661217259672077491e-04,-3.530906299579478626e-04,-3.400789613537852124e-04,-3.270859049902280643e-04,-3.141116180675774801e-04,-3.011571766300879735e-04,-2.882245189992897901e-04,-2.753163779222202699e-04,-2.624362109896080609e-04,-2.495881213114043047e-04,-2.367767781707986975e-04,-2.240073298711489495e-04,-2.112853185413410577e-04,-1.986165893348401082e-04,-1.860072037013716848e-04,-1.734633493784552328e-04,-1.609912565592393522e-04,-1.485971130891356720e-04,-1.362869877846742080e-04,-1.240667549313825857e-04,-1.119420285760344084e-04,-9.991809987089279334e-05,-8.799988551022486119e-05,-7.619188074374674921e-05,-6.449812433447405001e-05,-5.292216920850269766e-05,-4.146706543107914872e-05,-3.013534955169676336e-05,-1.892904617130035898e-05,-7.849676112569348602e-06,3.101723782847802442e-06,1.392457446167154811e-05,2.461871790305556252e-05,3.518437460223464229e-05,4.562209200951748201e-05,5.593268825622557715e-05,6.611718877371048036e-05,7.617675962683456248e-05,8.611263606421558500e-05,9.592604955364649442e-05,1.056181526912879759e-04,1.151899446568744641e-04,1.246421974758253279e-04,1.339753851237130756e-04,1.431896165954201221e-04,1.522845743167314139e-04,1.612594599078737427e-04,1.701129480529519939e-04,1.788431514795031576e-04,1.874475973474273914e-04,1.959232193399678475e-04,2.042663657117396855e-04,2.124728295227358555e-04,2.205379021295359289e-04,2.284564593615018627e-04,2.362230839046466902e-04,2.438322388335225450e-04,2.512785012095310883e-04,2.585568802615393420e-04,2.656632395980216199e-04,2.725948645206170131e-04,2.793512132140691241e-04,2.859349212664851945e-04,2.923531325664685153e-04,2.986192743714387310e-04,3.047554091872053104e-04,3.107953632831881945e-04,3.167888670397459657e-04,3.228070460321523613e-04,3.289496738209154439e-04,3.353547616080680628e-04,3.422111970221616405e-04,3.497754101802396862e-04,3.583932973996505154e-04,3.685290722579010868e-04,3.808031701982997688e-04,3.960420720665767057e-04,4.153437324462666536e-04,4.401635622995219745e-04,4.724273858669872698e-04,5.146799772501248812e-04,5.702804043470292156e-04,6.436591939736331473e-04,7.406569229935805639e-04,8.689702419052180212e-04,1.038738855080430278e-03,1.263316502326935695e-03,1.560277398743232981e-03,1.952711812764147421e-03,2.470834696178718717e-03,3.153798700818324571e-03,4.051149866022522340e-03,5.222021654416315710e-03,6.726786234572183949e-03,8.599081739643693253e-03,1.077088214620345978e-02,1.290615168926736653e-02,1.416213273499041490e-02,1.289575345108905438e-02,6.379285891890594529e-03
0.000000000000000000e+00,0.000000000000000000e+00,0.000000000000000000e+00,0.000000000000000000e+00,0.000000000000000000e+00,0.000000000000000000e+00,0.000000000000000000e+00,0.000000000000000000e+00,0.000000000000000000e+00,0.000000000000000000e+00,0.000000000000000000e+00,0.000000000000000000e+00,0.000000000000000000e+00,0.000000000000000000e+00,0.000000000000000000e+00,0.000000000000000000e+00,0.000000000000000000e+00,0.000000000000000000e+00,0.000000000000000000e+00,0.000000000000000000e+00,0.000000000000000000e+00,0.000000000000000000e+00,0.000000000000000000e+00,0.000000000000000000e+00,0.000000000000000000e+00,0.000000000000000000e+00,0.000000000000000000e+00,0.000000000000000000e+00,0.000000000000000000e+00,0.000000000000000000e+00,0.000000000000000000e+00,0.000000000000000000e+00,0.000000000000000000e+00,0.000000000000000000e+00,0.000000000000000000e+00,0.000000000000000000e+00,0.000000000000000000e+00,0.000000000000000000e+00,0.000000000000000000e+00,0.000000000000000000e+00,0.000000000000000000e+00,0.000000000000000000e+00,0.000000000000000000e+00,0.000000000000000000e+00,0.000000000000000000e+00,0.000000000000000000e+00,0.000000000000000000e+00,0.000000000000000000e+00,0.000000000000000000e+00,0.000000000000000000e+00,0.000000000000000000e+00,0.000000000000000000e+00,0.000000000000000000e+00,0.000000000000000000e+00,0.000000000000000000e+00,0.000000000000000000e+00,0.000000000000000000e+00,0.000000000000000000e+00,0.000000000000000000e+00,0.000000000000000000e+00,0.000000000000000000e+00,0.000000000000000000e+00,0.000000000000000000e+00,0.000000000000000000e+00,0.000000000000000000e+00,0.000000000000000000e+00,0.000000000000000000e+00,0.000000000000000000e+00,0.000000000000000000e+00,0.000000000000000000e+00,0.000000000000000000e+00,0.000000000000000000e+00,0.000000000000000000e+00,0.000000000000000000e+00,0.000000000000000000e+00,0.000000000000000000e+00,0.000000000000000000e+00,0.000000000000000000e+00,0.000000000000000000e+00,0.000000000000000000e+00,0.000000000000000000e+00,0.000000000000000000e+00,0.000000000000000000e+00,0.000000000000000000e+00,0.000000000000000000e+00,0.000000000000000000e+00,0.000000000000000000e+00,0.000000000000000000e+00,0.000000000000000000e+00,0.000000000000000000e+00,0.000000000000000000e+00,0.000000000000000000e+00,0.000000000000000000e+00,0.000000000000000000e+00,0.000000000000000000e+00,0.000000000000000000e+00,0.000000000000000000e+00,0.000000000000000000e+00,0.000000000000000000e+00,0.000000000000000000e+00,0.000000000000000000e+00,0.000000000000000000e+00,0.000000000000000000e+00,0.000000000000000000e+00,0.000000000000000000e+00,0.000000000000000000e+00,0.000000000000000000e+00,0.000000000000000000e+00,0.000000000000000000e+00,0.000000000000000000e+00,0.000000000000000000e+00,0.000000000000000000e+00,0.000000000000000000e+00,0.000000000000000000e+00,0.000000000000000000e+00,0.000000000000000000e+00,0.000000000000000000e+00,0.000000000000000000e+00,0.000000000000000000e+00,0.000000000000000000e+00,0.000000000000000000e+00,0.000000000000000000e+00,0.000000000000000000e+00,0.000000000000000000e+00,0.000000000000000000e+00,0.000000000000000000e+00,0.000000000000000000e+00,0.000000000000000000e+00,0.000000000000000000e+00,0.000000000000000000e+00,0.000000000000000000e+00,0.000000000000000000e+00,0.000000000000000000e+00,0.000000000000000000e+00,0.000000000000000000e+00,0.000000000000000000e+00,0.000000000000000000e+00,0.000000000000000000e+00,0.000000000000000000e+00,0.000000000000000000e+00,0.000000000000000000e+00,0.000000000000000000e+00,0.000000000000000000e+00,0.000000000000000000e+00,0.000000000000000000e+00,0.000000000000000000e+00,0.000000000000000000e+00,0.000000000000000000e+00,0.000000000000000000e+00,0.000000000000000000e+00,0.000000000000000000e+00,0.000000000000000000e+00,0.000000000000000000e+00,0.000000000000000000e+00,0.000000000000000000e+00,0.000000000000000000e+00,0.000000000000000000e+00,0.000000000000000000e+00,0.000000000000000000e+00,0.000000000000000000e+00,0.000000000000000000e+00,0.000000000000000000e+00,0.000000000000000000e+00,0.000000000000000000e+00,0.000000000000000000e+00,0.000000000000000000e+00,0.000000000000000000e+00,0.000000000000000000e+00,0.000000000000000000e+00,0.000000000000000000e+00,0.000000000000000000e+00,0.000000000000000000e+00,0.000000000000000000e+00,0.000000000000000000e+00,0.000000000000000000e+00,0.000000000000000000e+00,-6.970905437405900025e-03,-6.642573039844049641e-03,-5.119357558212226170e-03,-3.536335446160663361e-03,-2.353321760955820723e-03,-1.667885735692708604e-03,-1.417000266232929656e-03,-1.472413269122163247e-03,-1.691815171020340193e-03,-1.954408690040214565e-03,-2.179422047971867667e-03,-2.327073131451825368e-03,-2.389171879952944975e-03,-2.377132325927279206e-03,-2.311422743048914975e-03,-2.213677180170496844e-03,-2.101753794606245427e-03,-1.987752591752492241e-03,-1.878477045514973008e-03,-1.777121825973254632e-03,-1.684889928557331031e-03,-1.601944163048578439e-03,-1.527841102086844238e-03,-1.461776750797536906e-03,-1.402782321051486382e-03,-1.349868548629871295e-03,-1.302110486955017745e-03,-1.258687077842167695e-03,-1.218893524001051507e-03,-1.182138719005720526e-03,-1.147935020286048333e-03,-1.115884759007028815e-03,-1.085666110483737498e-03,-1.057019768193840107e-03,-1.029737110921276257e-03,-1.003650092041333134e-03,-9.786228308164691796e-04,-9.545447529955208496e-04,-9.313250807298470609e-04,-9.088884561509379340e-04,-8.871715006718587562e-04,-8.661201284383637398e-04,-8.456874643349801025e-04,-8.258322361026451154e-04,-8.065175403573238578e-04,-7.877098959506791424e-04,-7.693785228874178584e-04,-7.514947918686339361e-04,-7.340318089963249063e-04,-7.169641010859754754e-04,-7.002673825812546224e-04,-6.839183815691577198e-04,-6.678947157415772657e-04,-6.521748027509628644e-04,-6.367378018885510704e-04,-6.215635756076295926e-04,-6.066326716567297609e-04,-5.919263164893872123e-04,-5.774264229212324557e-04,-5.631156034873008136e-04,-5.489771936906864000e-04,-5.349952767734152993e-04,-5.211547151195732768e-04,-5.074411799856170906e-04,-4.938411854831829210e-04,-4.803421184519376334e-04,-4.669322707487049036e-04,-4.536008653577286919e-04,-4.403380832821021055e-04,-4.271350823687686347e-04,-4.139840154398167962e-04,-4.008780387376334009e-04,-3.878113184829606029e-04,-3.747790265069206794e-04,-3.617773331720972540e-04,-3.488033885944906388e-04,-3.358553007887464786e-04,-3.229321019164077718e-04,-3.100337116332361489e-04,-2.971608889577957561e-04,-2.843151819478593849e-04,-2.714988668729647497e-04,-2.587148863391665614e-04,-2.459667783385810556e-04,-2.332586057215918301e-04,-2.205948783709756815e-04,-2.079804774861777103e-04,-1.954205745801121364e-04,-1.829205543870933784e-04,-1.704859346037680256e-04,-1.581222913287432625e-04,-1.458351834563074122e-04,-1.336300844157560486e-04,-1.215123148551145533e-04,-1.094869840769356232e-04,-9.755893417597289558e-05,-8.573269400323416513e-05,-7.401243728419897212e-05,-6.240195124455304436e-05,-5.090461047494786813e-05,-3.952336156337633302e-05,-2.826071366281297217e-05,-1.711873964498526144e-05,-6.099083484433443266e-06,4.797022391364480390e-06,1.556873362992110558e-05,2.621556155549220976e-05,3.673733514951594566e-05,4.713415554865765355e-05,5.740634579124809190e-05,6.755439490131039343e-05,7.757889843087758099e-05,8.748049549514066829e-05,9.725980378167744524e-05,1.069173534957082705e-04,1.164535210538453523e-04,1.258684643984560867e-04,1.351620600518746104e-04,1.443338446817207430e-04,1.533829606106540400e-04,1.623081089680396478e-04,1.711075092924012884e-04,1.797788703336172268e-04,1.883193704313170739e-04,1.967256535809156230e-04,2.049938395695229468e-04,2.131195563139210943e-04,2.210979936651525344e-04,2.289239901005590383e-04,2.365921540834513075e-04,2.440970370926005882e-04,2.514333655318418993e-04,2.585963581209092181e-04,2.655821464567929748e-04,2.723883418322866332e-04,2.790147851225972071e-04,2.854645509675632700e-04,2.917452768778216608e-04,2.978709363065240047e-04,3.038641850488264036e-04,3.097594810828399603e-04,3.156072083057768997e-04,3.214791417742018107e-04,3.274756583787631604e-04,3.337352643920814049e-04,3.404471417690937128e-04,3.478676842438990845e-04,3.563422387388399471e-04,3.663337104704863611e-04,3.784601377884362107e-04,3.935440864585618387e-04,4.126775239625965833e-04,4.373071047573182232e-04,4.693462582683206722e-04,5.113226681636091116e-04,5.665723456022795377e-04,6.394953057751417676e-04,7.358924458596352710e-04,8.634096667805691129e-04,1.032122822334636918e-03,1.255306716918264424e-03,1.550439936318509949e-03,1.940499967692582359e-03,2.455574144891428581e-03,3.134681561115700617e-03,4.027252181383467536e-03,5.192373346788631792e-03,6.690565984968427880e-03,8.556027841446579851e-03,1.072186827356694586e-02,1.285329534333677290e-02,1.411118021112181369e-02,1.285780103885541398e-02,6.365079269284773349e-03
0.000000000000000000e+00,0.000000000000000000e+00,0.000000000000000000e+00,0.000000000000000000e+00,0.000000000000000000e+00,0.000000000000000000e+00,0.000000000000000000e+00,0.000000000000000000e+00,0.000000000000000000e+00,0.000000000000000000e+00,0.000000000000000000e+00,0.000000000000000000e+00,0.000000000000000000e+00,0.000000000000000000e+00,0.000000000000000000e+00,0.000000000000000000e+00,0.000000000000000000e+00,0.000000000000000000e+00,0.000000000000000000e+00,0.000000000000000000e+00,0.000000000000000000e+00,0.000000000000000000e+00,0.000000000000000000e+00,0.000000000000000000e+00,0.000000000000000000e+00,0.000000000000000000e+00,0.000000000000000000e+00,0.000000000000000000e+00,0.000000000000000000e+00,0.000000000000000000e+00,0.000000000000000000e+00,0.000000000000000000e+00,0.000000000000000000e+00,0.000000000000000000e+00,0.000000000000000000e+00,0.000000000000000000e+00,0.000000000000000000e+00,0.000000000000000000e+00,0.000000000000000000e+00,0.000000000000000000e+00,0.000000000000000000e+00,0.000000000000000000e+00,0.000000000000000000e+00,0.000000000000000000e+00,0.000000000000000000e+00,0.000000000000000000e+00,0.000000000000000000e+00,0.000000000000000000e+00,0.000000000000000000e+00,0.000000000000000000e+00,0.000000000000000000e+00,0.000000000000000000e+00,0.000000000000000000e+00,0.000000000000000000e+00,0.000000000000000000e+00,0.000000000000000000e+00,0.000000000000000000e+00,0.000000000000000000e+00,0.000000000000000000e+00,0.000000000000000000e+00,0.000000000000000000e+00,0.000000000000000000e+00,0.000000000000000000e+00,0.000000000000000000e+00,0.000000000000000000e+00,0.000000000000000000e+00,0.000000000000000000e+00,0.000000000000000000e+00,0.000000000000000000e+00,0.000000000000000000e+00,0.000000000000000000e+00,0.000000000000000000e+00,0.000000000000000000e+00,0.000000000000000000e+00,0.000000000000000000e+00,0.000000000000000000e+00,0.000000000000000000e+00,0.000000000000000000e+00,0.000000000000000000e+00,0.000000000000000000e+00,0.000000000000000000e+00,0.000000000000000000e+00,0.000000000000000000e+00,0.000000000000000000e+00,0.000000000000000000e+00,0.000000000000000000e+00,0.000000000000000000e+00,0.000000000000000000e+00,0.000000000000000000e+00,0.000000000000000000e+00,0.000000000000000000e+00,0.000000000000000000e+00,0.000000000000000000e+00,0.000000000000000000e+00,0.000000000000000000e+00,0.000000000000000000e+00,0.000000000000000000e+00,0.000000000000000000e+00,0.000000000000000000e+00,0.000000000000000000e+00,0.000000000000000000e+00,0.000000000000000000e+00,0.000000000000000000e+00,0.000000000000000000e+00,0.000000000000000000e+00,0.000000000000000000e+00,0.000000000000000000e+00,0.000000000000000000e+00,0.000000000000000000e+00,0.000000000000000000e+00,0.000000000000000000e+00,0.000000000000000000e+00,0.000000000000000000e+00,0.000000000000000000e+00,0.000000000000000000e+00,0.000000000000000000e+00,0.000000000000000000e+00,0.000000000000000000e+00,0.000000000000000000e+00,0.000000000000000000e+00,0.000000000000000000e+00,0.000000000000000000e+00,0.000000000000000000e+00,0.000000000000000000e+00,0.000000000000000000e+00,0.000000000000000000e+00,0.000000000000000000e+00,0.000000000000000000e+00,0.000000000000000000e+00,0.000000000000000000e+00,0.000000000000000000e+00,0.000000000000000000e+00,0.000000000000000000e+00,0.000000000000000000e+00,0.000000000000000000e+00,0.000000000000000000e+00,0.000000000000000000e+00,0.000000000000000000e+00,0.000000000000000000e+00,0.000000000000000000e+00,0.000000000000000000e+00,0.000000000000000000e+00,0.000000000000000000e+00,0.000000000000000000e+00,0.000000000000000000e+00,0.000000000000000000e+00,0.000000000000000000e+00,0.000000000000000000e+00,0.000000000000000000e+00,0.000000000000000000e+00,0.000000000000000000e+00,0.000000000000000000e+00,0.000000000000000000e+00,0.000000000000000000e+00,0.000000000000000000e+00,0.000000000000000000e+00,0.000000000000000000e+00,0.000000000000000000e+00,0.000000000000000000e+00,0.000000000000000000e+00,0.000000000000000000e+00,0.000000000000000000e+00,0.000000000000000000e+00,0.000000000000000000e+00,0.000000000000000000e+00,0.000000000000000000e+00,0.000000000000000000e+00,0.000000000000000000e+00,0.000000000000000000e+00,0.000000000000000000e+00,0.000000000000000000e+00,0.000000000000000000e+00,0.000000000000000000e+00,0.000000000000000000e+00,0.000000000000000000e+00,0.000000000000000000e+00,-6.984343960772286877e-03,-6.668461397772796999e-03,-5.147284250550350666e-03,-3.565038457004445112e-03,-2.392371358331210097e-03,-1.729377023912137936e-03,-1.505839494515675290e-03,-1.582215204116992503e-03,-1.807546193836734360e-03,-2.058412462008884190e-03,-2.257029471005238958e-03,-2.369886753987863765e-03,-2.395880923923114636e-03,-2.352420569996733872e-03,-2.263634759110533159e-03,-2.152041168827984949e-03,-2.034115313266908042e-03,-1.919533465143145098e-03,-1.812853323598583163e-03,-1.715764743576795887e-03,-1.628603134254065065e-03,-1.550999075587057184e-03,-1.482146675884481787e-03,-1.421010245637918537e-03,-1.366500770279029239e-03,-1.317588254222507808e-03,-1.273354989903790861e-03,-1.233012801216766237e-03,-1.195901433677937177e-03,-1.161477551757680946e-03,-1.129299688470397937e-03,-1.099012295322715407e-03,-1.070330637528025576e-03,-1.043027358473633563e-03,-1.016920993676758648e-03,-9.918664090289872146e-04,-9.677469961564407700e-04,-9.444683930462062157e-04,-9.219534933639514590e-04,-9.001385159160711288e-04,-8.789699371451988518e-04,-8.584021116493381837e-04,-8.383954406676084404e-04,-8.189149672881972531e-04,-7.999293071410733215e-04,-7.814098351834013320e-04,-7.633300732506945706e-04,-7.456652281176178506e-04,-7.283918488732982590e-04,-7.114875718611354989e-04,-6.949309369680653796e-04,-6.787012543281467376e-04,-6.627785141478380630e-04,-6.471433248788596888e-04,-6.317768779716194686e-04,-6.166609280466769363e-04,-6.017777902658037054e-04,-5.871103456465284970e-04,-5.726420581793335808e-04,-5.583569951408797263e-04,-5.442398556025259673e-04,-5.302759986041088829e-04,-5.164514768414143553e-04,-5.027530673370417475e-04,-4.891683057200290480e-04,-4.756855155059197407e-04,-4.622938395688266379e-04,-4.489832649685234346e-04,-4.357446486901812225e-04,-4.225697352165765021e-04,-4.094511738184095561e-04,-3.963825263572344102e-04,-3.833582738273823569e-04,-3.703738124197558852e-04,-3.574254476438426488e-04,-3.445103773888889853e-04,-3.316266727315085876e-04,-3.187732475909748546e-04,-3.059498262719961034e-04,-2.931569003055095428e-04,-2.803956837710640357e-04,-2.676680588671198234e-04,-2.549765209353293443e-04,-2.423241150813644474e-04,-2.297143734948390366e-04,-2.171512460266480373e-04,-2.046390328815784858e-04,-1.921823124322250269e-04,-1.797858726558898925e-04,-1.674546396569645621e-04,-1.551936113012118831e-04,-1.430077899077863242e-04,-1.309021214220451763e-04,-1.188814355064629532e-04,-1.069503932737826506e-04,-9.511343760025622472e-05,-8.337475194993733949e-05,-7.173822317084929657e-05,-6.020741332492227001e-05,-4.878553655668491415e-05,-3.747544514041937385e-05,-2.627962128105327958e-05,-1.520017784679980923e-05,-4.238865203437209887e-06,6.602913659458010641e-06,1.732408191655215697e-05,2.792386042405756776e-05,3.840173352153295676e-05,4.875740894385307232e-05,5.899077272619293101e-05,6.910183992700151382e-05,7.909070136400424462e-05,8.895746816634871490e-05,9.870221363379800736e-05,1.083249151622292842e-04,1.178253950026719060e-04,1.272032635469015551e-04,1.364578631820957449e-04,1.455882173259080454e-04,1.545929819870343848e-04,1.634704054159142510e-04,1.722182925800039223e-04,1.808339811127520030e-04,1.893143250802517769e-04,1.976556946201548021e-04,2.058539878660039059e-04,2.139046652871791376e-04,2.218028038139720909e-04,2.295431842216463954e-04,2.371204117254755513e-04,2.445290888862275912e-04,2.517640462365867949e-04,2.588206593244920758e-04,2.656952680148467897e-04,2.723857431360452558e-04,2.788922352416416356e-04,2.852181784592388203e-04,2.913716175693098855e-04,2.973669785895064919e-04,3.032274089055120867e-04,3.089878873736396714e-04,3.146993301245285066e-04,3.204340284730675744e-04,3.262928159353527561e-04,3.324145322916078238e-04,3.389884764274747023e-04,3.462708122827454910e-04,3.546061289445071301e-04,3.644558025086999751e-04,3.764352460312772163e-04,3.913628821909565414e-04,4.103244741880786111e-04,4.347577275216019609e-04,4.665635257194482516e-04,5.082523709675924178e-04,5.631372052541265332e-04,6.355876143736130307e-04,7.313650019417848288e-04,8.580648077798417846e-04,1.025699408367103296e-03,1.247465095303127271e-03,1.540745243678226300e-03,1.928404913071282093e-03,2.440404055633797666e-03,3.115628319444365118e-03,4.003391525941107747e-03,5.162734875129197827e-03,6.654329794361489407e-03,8.512925065574099281e-03,1.067277262814599927e-02,1.280023546938511073e-02,1.405989815732209582e-02,1.281957549490175471e-02,6.350782332320875807e-03
0.000000000000000000e+00,0.000000000000000000e+00,0.000000000000000000e+00,0.000000000000000000e+00,0.000000000000000000e+00,0.000000000000000000e+00,0.000000000000000000e+00,0.000000000000000000e+00,0.000000000000000000e+00,0.000000000000000000e+00,0.000000000000000000e+00,0.000000000000000000e+00,0.000000000000000000e+00,0.000000000000000000e+00,0.000000000000000000e+00,0.000000000000000000e+00,0.000000000000000000e+00,0.000000000000000000e+00,0.000000000000000000e+00,0.000000000000000000e+00,0.000000000000000000e+00,0.000000000000000000e+00,0.000000000000000000e+00,0.000000000000000000e+00,0.000000000000000000e+00,0.000000000000000000e+00,0.000000000000000000e+00,0.000000000000000000e+00,0.000000000000000000e+00,0.000000000000000000e+00,0.000000000000000000e+00,0.000000000000000000e+00,0.000000000000000000e+00,0.000000000000000000e+00,0.000000000000000000e+00,0.000000000000000000e+00,0.000000000000000000e+00,0.000000000000000000e+00,0.000000000000000000e+00,0.000000000000000000e+00,0.000000000000000000e+00,0.000000000000000000e+00,0.000000000000000000e+00,0.000000000000000000e+00,0.000000000000000000e+00,0.000000000000000000e+00,0.000000000000000000e+00,0.000000000000000000e+00,0.000000000000000000e+00,0.000000000000000000e+00,0.000000000000000000e+00,0.000000000000000000e+00,0.000000000000000000e+00,0.000000000000000000e+00,0.000000000000000000e+00,0.000000000000000000e+00,0.000000000000000000e+00,0.000000000000000000e+00,0.000000000000000000e+00,0.000000000000000000e+00,0.000000000000000000e+00,0.000000000000000000e+00,0.000000000000000000e+00,0.000000000000000000e+00,0.000000000000000000e+00,0.000000000000000000e+00,0.000000000000000000e+00,0.000000000000000000e+00,0.000000000000000000e+00,0.000000000000000000e+00,0.000000000000000000e+00,0.000000000000000000e+00,0.000000000000000000e+00,0.000000000000000000e+00,0.000000000000000000e+00,0.000000000000000000e+00,0.000000000000000000e+00,0.000000000000000000e+00,0.000000000000000000e+00,0.000000000000000000e+00,0.000000000000000000e+00,0.000000000000000000e+00,0.000000000000000000e+00,0.000000000000000000e+00,0.000000000000000000e+00,0.000000000000000000e+00,0.000000000000000000e+00,0.000000000000000000e+00,0.000000000000000000e+00,0.000000000000000000e+00,0.000000000000000000e+00,0.000000000000000000e+00,0.000000000000000000e+00,0.000000000000000000e+00,0.000000000000000000e+00,0.000000000000000000e+00,0.000000000000000000e+00,0.000000000000000000e+00,0.000000000000000000e+00,0.000000000000000000e+00,0.000000000000000000e+00,0.000000000000000000e+00,0.000000000000000000e+00,0.000000000000000000e+00,0.000000000000000000e+00,0.000000000000000000e+00,0.000000000000000000e+00,0.000000000000000000e+00,0.000000000000000000e+00,0.000000000000000000e+00,0.000000000000000000e+00,0.000000000000000000e+00,0.000000000000000000e+00,0.000000000000000000e+00,0.000000000000000000e+00,0.000000000000000000e+00,0.000000000000000000e+00,0.000000000000000000e+00,0.000000000000000000e+00,0.000000000000000000e+00,0.000000000000000000e+00,0.000000000000000000e+00,0.000000000000000000e+00,0.000000000000000000e+00,0.000000000000000000e+00,0.000000000000000000e+00,0.000000000000000000e+00,0.000000000000000000e+00,0.000000000000000000e+00,0.000000000000000000e+00,0.000000000000000000e+00,0.000000000000000000e+00,0.000000000000000000e+00,0.000000000000000000e+00,0.000000000000000000e+00,0.000000000000000000e+00,0.000000000000000000e+00,0.000000000000000000e+00,0.000000000000000000e+00,0.000000000000000000e+00,0.000000000000000000e+00,0.000000000000000000e+00,0.000000000000000000e+00,0.000000000000000000e+00,0.000000000000000000e+00,0.000000000000000000e+00,0.000000000000000000e+00,0.000000000000000000e+00,0.000000000000000000e+00,0.000000000000000000e+00,0.000000000000000000e+00,0.000000000000000000e+00,0.000000000000000000e+00,0.000000000000000000e+00,0.000000000000000000e+00,0.000000000000000000e+00,0.000000000000000000e+00,0.000000000000000000e+00,0.000000000000000000e+00,0.000000000000000000e+00,0.000000000000000000e+00,0.000000000000000000e+00,0.000000000000000000e+00,0.000000000000000000e+00,0.000000000000000000e+00,0.000000000000000000e+00,0.000000000000000000e+00,0.000000000000000000e+00,0.000000000000000000e+00,0.000000000000000000e+00,0.000000000000000000e+00,0.000000000000000000e+00,0.000000000000000000e+00,0.000000000000000000e+00,0.000000000000000000e+00,0.000000000000000000e+00,-6.997556651978169631e-03,-6.693941864584536904e-03,-5.176397470445919316e-03,-3.598320215343088317e-03,-2.440069068048694723e-03,-1.802366427629500945e-03,-1.606191752260376039e-03,-1.700293011259836886e-03,-1.925943144593617951e-03,-2.158724909643321491e-03,-2.325542534948943536e-03,-2.400447907577927739e-03,-2.390007985233046604e-03,-2.317355992175412251e-03,-2.209253522745496193e-03,-2.087754666080101056e-03,-1.966911858532075300e-03,-1.853634305827518746e-03,-1.750464933021442845e-03,-1.657971327483405682e-03,-1.575874238208700056e-03,-1.503392862612692310e-03,-1.439436015827495014e-03,-1.382804625818294820e-03,-1.332343136369061164e-03,-1.287015195697957699e-03,-1.245928918403110819e-03,-1.208337067442765865e-03,-1.173625439995499425e-03,-1.141296127688193546e-03,-1.110949472113492362e-03,-1.082266858966204285e-03,-1.054995375543881994e-03,-1.028934676404170967e-03,-1.003926039368980118e-03,-9.798434173644875785e-04,-9.565862270832373518e-04,-9.340736015253860332e-04,-9.122398541121292401e-04,-8.910309270289437471e-04,-8.704016329921732478e-04,-8.503135262166006776e-04,-8.307332719570661907e-04,-8.116314034224090266e-04,-7.929813822030225973e-04,-7.747588899390814776e-04,-7.569413007076531297e-04,-7.395072883930333373e-04,-7.224365407783565765e-04,-7.057095513367054587e-04,-6.893074742968250193e-04,-6.732120236291696570e-04,-6.574054097891727675e-04,-6.418703002809795577e-04,-6.265898030506610039e-04,-6.115474619241614016e-04,-5.967272665094392132e-04,-5.821136674360226707e-04,-5.676916014067741496e-04,-5.534465174450123749e-04,-5.393644099421556013e-04,-5.254318498590974072e-04,-5.116360205091519857e-04,-4.979647492148393025e-04,-4.844065420191425646e-04,-4.709506126597983637e-04,-4.575869135304256284e-04,-4.443061596195158449e-04,-4.310998534638527048e-04,-4.179603018805721245e-04,-4.048806327491158929e-04,-3.918548025228797672e-04,-3.788776029771928188e-04,-3.659446579235180121e-04,-3.530524185855889543e-04,-3.401981485398194939e-04,-3.273799070420553808e-04,-3.145965219314526416e-04,-3.018475610193388395e-04,-2.891332935490595292e-04,-2.764546506137138164e-04,-2.638131765912237977e-04,-2.512109803359300307e-04,-2.386506786891090092e-04,-2.261353407759671532e-04,-2.136684261963554170e-04,-2.012537251730295415e-04,-1.888952943432050421e-04,-1.765973957445390982e-04,-1.643644332855194023e-04,-1.522008936307041435e-04,-1.401112864139826195e-04,-1.281000899816978707e-04,-1.161716982228246602e-04,-1.043303738570759112e-04,-9.258020439726328643e-05,-8.092506524627411082e-05,-6.936858681459965616e-05,-5.791412914510766824e-05,-4.656476161346153014e-05,-3.532325017627485874e-05,-2.419205042881435459e-05,-1.317330790326088881e-05,-2.268864576735550102e-06,8.519728037312162866e-06,1.919118952072851043e-05,2.974448559648588884e-05,4.017879715577178564e-05,5.049348501204764024e-05,6.068804920749757271e-05,7.076208564625748564e-05,8.071523813225232262e-05,9.054714958882411464e-05,1.002574097847728726e-04,1.098455043129340945e-04,1.193107613946563022e-04,1.286523021916146010e-04,1.378689904655490438e-04,1.469593881871354040e-04,1.559217122476817320e-04,1.647537998309918155e-04,1.734530770238995004e-04,1.820165393160944826e-04,1.904407382345618867e-04,1.987217841870562302e-04,2.068553599024021623e-04,2.148367566466291556e-04,2.226609286368630577e-04,2.303225812079927120e-04,2.378162908062108596e-04,2.451366780002943815e-04,2.522786370850116843e-04,2.592376530281367180e-04,2.660102197277563443e-04,2.725944066065468527e-04,2.789906062487824685e-04,2.852025377346566323e-04,2.912385713162063449e-04,2.971134958904094099e-04,3.028508520069994191e-04,3.084860311278499862e-04,3.140703622090693309e-04,3.196765208617507775e-04,3.254056513113185367e-04,3.313967657626839180e-04,3.378391030200730925e-04,3.449884042952642161e-04,3.531882931457889412e-04,3.628983968652353979e-04,3.747312763573381646e-04,3.895009845010996563e-04,4.082868637047642308e-04,4.325174771304327579e-04,4.640810074873941995e-04,5.054706759343137804e-04,5.599763277261695597e-04,6.319371775924850472e-04,7.270752872111728004e-04,8.529358774092196931e-04,1.019468162525332972e-03,1.239790276119005210e-03,1.531190728604725796e-03,1.916422437123140726e-03,2.425318159284650665e-03,3.096630204153680462e-03,3.979556232071905508e-03,5.133091657072882431e-03,6.618059942221227177e-03,8.469752077675005847e-03,1.062357617611663606e-02,1.274694798989596013e-02,1.400825911982466095e-02,1.278106157682916931e-02,6.336394653869742606e-03
0.000000000000000000e+00,0.000000000000000000e+00,0.000000000000000000e+00,0.000000000000000000e+00,0.000000000000000000e+00,0.000000000000000000e+00,0.000000000000000000e+00,0.000000000000000000e+00,0.000000000000000000e+00,0.000000000000000000e+00,0.000000000000000000e+00,0.000000000000000000e+00,0.000000000000000000e+00,0.000000000000000000e+00,0.000000000000000000e+00,0.000000000000000000e+00,0.000000000000000000e+00,0.000000000000000000e+00,0.000000000000000000e+00,0.000000000000000000e+00,0.000000000000000000e+00,0.000000000000000000e+00,0.000000000000000000e+00,0.000000000000000000e+00,0.000000000000000000e+00,0.000000000000000000e+00,0.000000000000000000e+00,0.000000000000000000e+00,0.000000000000000000e+00,0.000000000000000000e+00,0.000000000000000000e+00,0.000000000000000000e+00,0.000000000000000000e+00,0.000000000000000000e+00,0.000000000000000000e+00,0.000000000000000000e+00,0.000000000000000000e+00,0.000000000000000000e+00,0.000000000000000000e+00,0.000000000000000000e+00,0.000000000000000000e+00,0.000000000000000000e+00,0.000000000000000000e+00,0.000000000000000000e+00,0.000000000000000000e+00,0.000000000000000000e+00,0.000000000000000000e+00,0.000000000000000000e+00,0.000000000000000000e+00,0.000000000000000000e+00,0.000000000000000000e+00,0.000000000000000000e+00,0.000000000000000000e+00,0.000000000000000000e+00,0.000000000000000000e+00,0.000000000000000000e+00,0.000000000000000000e+00,0.000000000000000000e+00,0.000000000000000000e+00,0.000000000000000000e+00,0.000000000000000000e+00,0.000000000000000000e+00,0.000000000000000000e+00,0.000000000000000000e+00,0.000000000000000000e+00,0.000000000000000000e+00,0.000000000000000000e+00,0.000000000000000000e+00,0.000000000000000000e+00,0.000000000000000000e+00,0.000000000000000000e+00,0.000000000000000000e+00,0.000000000000000000e+00,0.000000000000000000e+00,0.000000000000000000e+00,0.000000000000000000e+00,0.000000000000000000e+00,0.000000000000000000e+00,0.000000000000000000e+00,0.000000000000000000e+00,0.000000000000000000e+00,0.000000000000000000e+00,0.000000000000000000e+00,0.000000000000000000e+00,0.000000000000000000e+00,0.000000000000000000e+00,0.000000000000000000e+00,0.000000000000000000e+00,0.000000000000000000e+00,0.000000000000000000e+00,0.000000000000000000e+00,0.000000000000000000e+00,0.000000000000000000e+00,0.000000000000000000e+00,0.000000000000000000e+00,0.000000000000000000e+00,0.000000000000000000e+00,0.000000000000000000e+00,0.000000000000000000e+00,0.000000000000000000e+00,0.000000000000000000e+00,0.000000000000000000e+00,0.000000000000000000e+00,0.000000000000000000e+00,0.000000000000000000e+00,0.000000000000000000e+00,0.000000000000000000e+00,0.000000000000000000e+00,0.000000000000000000e+00,0.000000000000000000e+00,0.000000000000000000e+00,0.000000000000000000e+00,0.000000000000000000e+00,0.000000000000000000e+00,0.000000000000000000e+00,0.000000000000000000e+00,0.000000000000000000e+00,0.000000000000000000e+00,0.000000000000000000e+00,0.000000000000000000e+00,0.000000000000000000e+00,0.000000000000000000e+00,0.000000000000000000e+00,0.000000000000000000e+00,0.000000000000000000e+00,0.000000000000000000e+00,0.000000000000000000e+00,0.000000000000000000e+00,0.000000000000000000e+00,0.000000000000000000e+00,0.000000000000000000e+00,0.000000000000000000e+00,0.000000000000000000e+00,0.000000000000000000e+00,0.000000000000000000e+00,0.000000000000000000e+00,0.000000000000000000e+00,0.000000000000000000e+00,0.000000000000000000e+00,0.000000000000000000e+00,0.000000000000000000e+00,0.000000000000000000e+00,0.000000000000000000e+00,0.000000000000000000e+00,0.000000000000000000e+00,0.000000000000000000e+00,0.000000000000000000e+00,0.000000000000000000e+00,0.000000000000000000e+00,0.000000000000000000e+00,0.000000000000000000e+00,0.000000000000000000e+00,0.000000000000000000e+00,0.000000000000000000e+00,0.000000000000000000e+00,0.000000000000000000e+00,0.000000000000000000e+00,0.000000000000000000e+00,0.000000000000000000e+00,0.000000000000000000e+00,0.000000000000000000e+00,0.000000000000000000e+00,0.000000000000000000e+00,0.000000000000000000e+00,0.000000000000000000e+00,0.000000000000000000e+00,0.000000000000000000e+00,0.000000000000000000e+00,0.000000000000000000e+00,0.000000000000000000e+00,0.000000000000000000e+00,0.000000000000000000e+00,0.000000000000000000e+00,0.000000000000000000e+00,0.000000000000000000e+00,0.000000000000000000e+00,-7.011019230489976342e-03,-6.719658378092257904e-03,-5.207423159906795357e-03,-3.636817538688667112e-03,-2.496625812794210988e-03,-1.886251130275330701e-03,-1.716439173740319599e-03,-1.824160912750419101e-03,-2.044129377251382475e-03,-2.252739556593167953e-03,-2.383283804702659037e-03,-2.418474790493183816e-03,-2.372764440010868749e-03,-2.274280722241533558e-03,-2.151039638788441403e-03,-2.023260989561646850e-03,-1.901855303456080398e-03,-1.791036120591776555e-03,-1.691782040260976375e-03,-1.603903777356817210e-03,-1.526669558363129633e-03,-1.458960328984974710e-03,-1.399465759789952869e-03,-1.346883304084842484e-03,-1.300031401010373448e-03,-1.257889164606818076e-03,-1.219599931267178637e-03,-1.184459369724559247e-03,-1.151896994373466290e-03,-1.121455732170402149e-03,-1.092772228432524083e-03,-1.065559208096957195e-03,-1.039590348422517359e-03,-1.014687655632170961e-03,-9.907111277306240599e-04,-9.675504027474315059e-04,-9.451180844280121073e-04,-9.233444541114578432e-04,-9.021733161391982990e-04,-8.815587559740171693e-04,-8.614626310084092745e-04,-8.418526398674197131e-04,-8.227008499821088878e-04,-8.039825800132371610e-04,-7.856755608412005227e-04,-7.677593077132114849e-04,-7.502146580400665798e-04,-7.330234317490852327e-04,-7.161681892115798805e-04,-6.996320589604878041e-04,-6.833986230153156526e-04,-6.674518408579906614e-04,-6.517760075192381231e-04,-6.363557317311223241e-04,-6.211759344064101719e-04,-6.062218562758028622e-04,-5.914790781639248833e-04,-5.769335442985612603e-04,-5.625715941016905773e-04,-5.483799933578400922e-04,-5.343459712634816231e-04,-5.204572542259500731e-04,-5.067021036466257209e-04,-4.930693485181350923e-04,-4.795484207380178816e-04,-4.661293839608847021e-04,-4.528029643466233134e-04,-4.395605739047108904e-04,-4.263943349909131799e-04,-4.132970965180037914e-04,-4.002624505190880430e-04,-3.872847396419849212e-04,-3.743590642917535055e-04,-3.614812801599159679e-04,-3.486479948923674349e-04,-3.358565549222066468e-04,-3.231050311713241658e-04,-3.103921950547357559e-04,-2.977174933841217753e-04,-2.850810141325982121e-04,-2.724834514454637074e-04,-2.599260624691239539e-04,-2.474106240552531024e-04,-2.349393825616912369e-04,-2.225150043527395567e-04,-2.101405209147505341e-04,-1.978192756103570849e-04,-1.855548667180850981e-04,-1.733510930990749997e-04,-1.612118978947720688e-04,-1.491413158197961648e-04,-1.371434202352412972e-04,-1.252222746933602906e-04,-1.133818859359736074e-04,-1.016261620832681182e-04,-8.995887379717736358e-05,-7.838362113816107232e-05,-6.690380470028624315e-05,-5.552260267880353178e-05,-4.424295326106477127e-05,-3.306754289301972426e-05,-2.199880062404754302e-05,-1.103889796542815866e-05,-1.897552736731914837e-07,1.054694701990691158e-05,2.116975051703676305e-05,3.167739708026818391e-05,4.206880056129385617e-05,5.234301589235588911e-05,6.249920212943822686e-05,7.253658435310171224e-05,8.245441023017302637e-05,9.225190714939158305e-05,1.019282349606965058e-04,1.114824411874455051e-04,1.209134129914718849e-04,1.302198336778865391e-04,1.394001372984633160e-04,1.484524700433855155e-04,1.573746513264095829e-04,1.661641441896281228e-04,1.748180274115226289e-04,1.833329800240137634e-04,1.917052703612428014e-04,1.999307617621216078e-04,2.080049272804134473e-04,2.159228876253703239e-04,2.236794658155771484e-04,2.312692761403038039e-04,2.386868436471772893e-04,2.459267773717988665e-04,2.529839990636149590e-04,2.598540601412800406e-04,2.665335589796252323e-04,2.730207074087666677e-04,2.793160770862288867e-04,2.854236019821374589e-04,2.913519001638559670e-04,2.971160374219647708e-04,3.027398522401302493e-04,3.082590430641226524e-04,3.137252343869948346e-04,3.192113557832297718e-04,3.248187174962321793e-04,3.306863440004235359e-04,3.370032377556498020e-04,3.440245249809371518e-04,3.520926566429242012e-04,3.616652920878653428e-04,3.733519134301645248e-04,3.879619764981570009e-04,4.065681843646006270e-04,4.305897598813479424e-04,4.619020214134470620e-04,5.029807951631506957e-04,5.570927798654900284e-04,6.285468453642805396e-04,7.230258190266913810e-04,8.480248877794181869e-04,1.013430348897971338e-03,1.232282451556452945e-03,1.521775100233604787e-03,1.904549270881568217e-03,2.410310649717108816e-03,3.077678293159384713e-03,3.955733737425680754e-03,5.103427409376180314e-03,6.581735702678595881e-03,8.426484256748526663e-03,1.057425721788621265e-02,1.269340530631330420e-02,1.395623185737105906e-02,1.274224254082965968e-02,6.321916566547769109e-03
0.000000000000000000e+00,0.000000000000000000e+00,0.000000000000000000e+00,0.000000000000000000e+00,0.000000000000000000e+00,0.000000000000000000e+00,0.000000000000000000e+00,0.000000000000000000e+00,0.000000000000000000e+00,0.000000000000000000e+00,0.000000000000000000e+00,0.000000000000000000e+00,0.000000000000000000e+00,0.000000000000000000e+00,0.000000000000000000e+00,0.000000000000000000e+00,0.000000000000000000e+00,0.000000000000000000e+00,0.000000000000000000e+00,0.000000000000000000e+00,0.000000000000000000e+00,0.000000000000000000e+00,0.000000000000000000e+00,0.000000000000000000e+00,0.000000000000000000e+00,0.000000000000000000e+00,0.000000000000000000e+00,0.000000000000000000e+00,0.000000000000000000e+00,0.000000000000000000e+00,0.000000000000000000e+00,0.000000000000000000e+00,0.000000000000000000e+00,0.000000000000000000e+00,0.000000000000000000e+00,0.000000000000000000e+00,0.000000000000000000e+00,0.000000000000000000e+00,0.000000000000000000e+00,0.000000000000000000e+00,0.000000000000000000e+00,0.000000000000000000e+00,0.000000000000000000e+00,0.000000000000000000e+00,0.000000000000000000e+00,0.000000000000000000e+00,0.000000000000000000e+00,0.000000000000000000e+00,0.000000000000000000e+00,0.000000000000000000e+00,0.000000000000000000e+00,0.000000000000000000e+00,0.000000000000000000e+00,0.000000000000000000e+00,0.000000000000000000e+00,0.000000000000000000e+00,0.000000000000000000e+00,0.000000000000000000e+00,0.000000000000000000e+00,0.000000000000000000e+00,0.000000000000000000e+00,0.000000000000000000e+00,0.000000000000000000e+00,0.000000000000000000e+00,0.000000000000000000e+00,0.000000000000000000e+00,0.000000000000000000e+00,0.000000000000000000e+00,0.000000000000000000e+00,0.000000000000000000e+00,0.000000000000000000e+00,0.000000000000000000e+00,0.000000000000000000e+00,0.000000000000000000e+00,0.000000000000000000e+00,0.000000000000000000e+00,0.000000000000000000e+00,0.000000000000000000e+00,0.000000000000000000e+00,0.000000000000000000e+00,0.000000000000000000e+00,0.000000000000000000e+00,0.000000000000000000e+00,0.000000000000000000e+00,0.000000000000000000e+00,0.000000000000000000e+00,0.000000000000000000e+00,0.000000000000000000e+00,0.000000000000000000e+00,0.000000000000000000e+00,0.000000000000000000e+00,0.000000000000000000e+00,0.000000000000000000e+00,0.000000000000000000e+00,0.000000000000000000e+00,0.000000000000000000e+00,0.000000000000000000e+00,0.000000000000000000e+00,0.000000000000000000e+00,0.000000000000000000e+00,0.000000000000000000e+00,0.000000000000000000e+00,0.000000000000000000e+00,0.000000000000000000e+00,0.000000000000000000e+00,0.000000000000000000e+00,0.000000000000000000e+00,0.000000000000000000e+00,0.000000000000000000e+00,0.000000000000000000e+00,0.000000000000000000e+00,0.000000000000000000e+00,0.000000000000000000e+00,0.000000000000000000e+00,0.000000000000000000e+00,0.000000000000000000e+00,0.000000000000000000e+00,0.000000000000000000e+00,0.000000000000000000e+00,0.000000000000000000e+00,0.000000000000000000e+00,0.000000000000000000e+00,0.000000000000000000e+00,0.000000000000000000e+00,0.000000000000000000e+00,0.000000000000000000e+00,0.000000000000000000e+00,0.000000000000000000e+00,0.000000000000000000e+00,0.000000000000000000e+00,0.000000000000000000e+00,0.000000000000000000e+00,0.000000000000000000e+00,0.000000000000000000e+00,0.000000000000000000e+00,0.000000000000000000e+00,0.000000000000000000e+00,0.000000000000000000e+00,0.000000000000000000e+00,0.000000000000000000e+00,0.000000000000000000e+00,0.000000000000000000e+00,0.000000000000000000e+00,0.000000000000000000e+00,0.000000000000000000e+00,0.000000000000000000e+00,0.000000000000000000e+00,0.000000000000000000e+00,0.000000000000000000e+00,0.000000000000000000e+00,0.000000000000000000e+00,0.000000000000000000e+00,0.000000000000000000e+00,0.000000000000000000e+00,0.000000000000000000e+00,0.000000000000000000e+00,0.000000000000000000e+00,0.000000000000000000e+00,0.000000000000000000e+00,0.000000000000000000e+00,0.000000000000000000e+00,0.000000000000000000e+00,0.000000000000000000e+00,0.000000000000000000e+00,0.000000000000000000e+00,0.000000000000000000e+00,0.000000000000000000e+00,0.000000000000000000e+00,0.000000000000000000e+00,0.000000000000000000e+00,0.000000000000000000e+00,0.000000000000000000e+00,0.000000000000000000e+00,0.000000000000000000e+00,0.000000000000000000e+00,0.000000000000000000e+00,-7.025149637601230991e-03,-6.746200161082747775e-03,-5.240998412024989832e-03,-3.680995084209240983e-03,-2.561981030880272365e-03,-1.980110894837179385e-03,-1.834716096846510970e-03,-1.951283130067287940e-03,-2.159463741863208806e-03,-2.338385963599732241e-03,-2.429338043577913483e-03,-2.424503588283731352e-03,-2.345994466582785546e-03,-2.225762184855240109e-03,-2.091499757927426251e-03,-1.960416586019804713e-03,-1.840007362169993272e-03,-1.732208216890128525e-03,-1.636940444491867064e-03,-1.553512812089196185e-03,-1.480819383964487347e-03,-1.417457869786366417e-03,-1.361962367835780913e-03,-1.312975869640175706e-03,-1.269317836431729058e-03,-1.229994544955106094e-03,-1.194187547018928834e-03,-1.161233517078316593e-03,-1.130601182005295776e-03,-1.101868700479307576e-03,-1.074703255104888589e-03,-1.048843496678927628e-03,-1.024084869987145884e-03,-1.000267574657942755e-03,-9.772668170303314833e-04,-9.549849940803823312e-04,-9.333454786048000270e-04,-9.122877122778898966e-04,-8.917633598426973670e-04,-8.717333141313906826e-04,-8.521653822751829683e-04,-8.330325091789516495e-04,-8.143114265153571750e-04,-7.959816310894175621e-04,-7.780246220332761144e-04,-7.604233338686595869e-04,-7.431617235337401864e-04,-7.262244707261654355e-04,-7.095967688414759993e-04,-6.932641799227927783e-04,-6.772125429565850271e-04,-6.614279170072212641e-04,-6.458965557586478397e-04,-6.306048993962701287e-04,-6.155395849586707113e-04,-6.006874637037092502e-04,-5.860356297314718793e-04,-5.715714498713949038e-04,-5.572826010200849188e-04,-5.431571054318543859e-04,-5.291833711599842763e-04,-5.153502281400206865e-04,-5.016469677667988961e-04,-4.880633764443647270e-04,-4.745897715491263790e-04,-4.612170303612230697e-04,-4.479366207751048928e-04,-4.347406243332251757e-04,-4.216217604808622098e-04,-4.085734025478226779e-04,-3.955895942862489110e-04,-3.826650575965705485e-04,-3.697952001755158854e-04,-3.569761140160875924e-04,-3.442045733500837456e-04,-3.314780233961512408e-04,-3.187945682649301316e-04,-3.061529499387653634e-04,-2.935525263635025187e-04,-2.809932412444484068e-04,-2.684755931755659648e-04,-2.560005974577466759e-04,-2.435697477102095150e-04,-2.311849714446683607e-04,-2.188485860631164692e-04,-2.065632503005472641e-04,-1.943319168188457294e-04,-1.821577818587744849e-04,-1.700442368055206409e-04,-1.579948184848572069e-04,-1.460131621123077488e-04,-1.341029546455092748e-04,-1.222678914499783021e-04,-1.105116349691159013e-04,-9.883777723597854219e-05,-8.724980585178736324e-05,-7.575107415117241232e-05,-6.434477610195118470e-05,-5.303392550772657388e-05,-4.182134097702904689e-05,-3.070963505844246522e-05,-1.970120990525191880e-05,-8.798256703921719511e-06,1.997237885310862587e-06,1.268348219529985865e-05,2.325886281052502890e-05,3.372192566059218120e-05,4.407134999122434171e-05,5.430592133842779452e-05,6.442449773164758285e-05,7.442597628639025182e-05,8.430925362019110086e-05,9.407318823334325159e-05,1.037165575255416240e-04,1.132380185146499664e-04,1.226360642009430876e-04,1.319089855210971553e-04,1.410548301572234491e-04,1.500713690027539104e-04,1.589560609539929930e-04,1.677060277258181657e-04,1.763180289089713419e-04,1.847884500121879886e-04,1.931132935336616978e-04,2.012881871864204315e-04,2.093083996580754420e-04,2.171688800988202158e-04,2.248643129511358925e-04,2.323892076598893931e-04,2.397380176962706649e-04,2.469053140218657565e-04,2.538860130045050129e-04,2.606756933619134914e-04,2.672710124543255716e-04,2.736702725116644933e-04,2.798741654967242323e-04,2.858867742852212322e-04,2.917168909786582265e-04,2.973797758583709983e-04,3.028994733503670152e-04,3.083118861106399653e-04,3.136688193426362382e-04,3.190433283299501160e-04,3.245367463937465571e-04,3.302879515740899416e-04,3.364855349317515381e-04,3.433838163797156757e-04,3.513238678737972526e-04,3.607611617987213095e-04,3.723018741213216160e-04,3.867506341941747100e-04,4.051732827262174291e-04,4.289794962655534591e-04,4.600315522046378243e-04,5.007877477499089085e-04,5.544915560788186808e-04,6.254214876633400763e-04,7.192211890884183485e-04,8.433359294313190870e-04,1.007589249755655317e-03,1.224943690633587033e-03,1.512498702649801982e-03,1.892783415697320195e-03,2.395376480617924641e-03,3.058763744453331379e-03,3.931910708595822909e-03,5.073724103692678518e-03,6.545332965638944733e-03,8.383093575162208974e-03,1.052479119637971146e-02,1.263957550765673447e-02,1.390378023014561711e-02,1.270309947426799882e-02,6.307349373574592556e-03
0.000000000000000000e+00,0.000000000000000000e+00,0.000000000000000000e+00,0.000000000000000000e+00,0.000000000000000000e+00,0.000000000000000000e+00,0.000000000000000000e+00,0.000000000000000000e+00,0.000000000000000000e+00,0.000000000000000000e+00,0.000000000000000000e+00,0.000000000000000000e+00,0.000000000000000000e+00,0.000000000000000000e+00,0.000000000000000000e+00,0.000000000000000000e+00,0.000000000000000000e+00,0.000000000000000000e+00,0.000000000000000000e+00,0.000000000000000000e+00,0.000000000000000000e+00,0.000000000000000000e+00,0.000000000000000000e+00,0.000000000000000000e+00,0.000000000000000000e+00,0.000000000000000000e+00,0.000000000000000000e+00,0.000000000000000000e+00,0.000000000000000000e+00,0.000000000000000000e+00,0.000000000000000000e+00,0.000000000000000000e+00,0.000000000000000000e+00,0.000000000000000000e+00,0.000000000000000000e+00,0.000000000000000000e+00,0.000000000000000000e+00,0.000000000000000000e+00,0.000000000000000000e+00,0.000000000000000000e+00,0.000000000000000000e+00,0.000000000000000000e+00,0.000000000000000000e+00,0.000000000000000000e+00,0.000000000000000000e+00,0.000000000000000000e+00,0.000000000000000000e+00,0.000000000000000000e+00,0.000000000000000000e+00,0.000000000000000000e+00,0.000000000000000000e+00,0.000000000000000000e+00,0.000000000000000000e+00,0.000000000000000000e+00,0.000000000000000000e+00,0.000000000000000000e+00,0.000000000000000000e+00,0.000000000000000000e+00,0.000000000000000000e+00,0.000000000000000000e+00,0.000000000000000000e+00,0.000000000000000000e+00,0.000000000000000000e+00,0.000000000000000000e+00,0.000000000000000000e+00,0.000000000000000000e+00,0.000000000000000000e+00,0.000000000000000000e+00,0.000000000000000000e+00,0.000000000000000000e+00,0.000000000000000000e+00,0.000000000000000000e+00,0.000000000000000000e+00,0.000000000000000000e+00,0.000000000000000000e+00,0.000000000000000000e+00,0.000000000000000000e+00,0.000000000000000000e+00,0.000000000000000000e+00,0.000000000000000000e+00,0.000000000000000000e+00,0.000000000000000000e+00,0.000000000000000000e+00,0.000000000000000000e+00,0.000000000000000000e+00,0.000000000000000000e+00,0.000000000000000000e+00,0.000000000000000000e+00,0.000000000000000000e+00,0.000000000000000000e+00,0.000000000000000000e+00,0.000000000000000000e+00,0.000000000000000000e+00,0.000000000000000000e+00,0.000000000000000000e+00,0.000000000000000000e+00,0.000000000000000000e+00,0.000000000000000000e+00,0.000000000000000000e+00,0.000000000000000000e+00,0.000000000000000000e+00,0.000000000000000000e+00,0.000000000000000000e+00,0.000000000000000000e+00,0.000000000000000000e+00,0.000000000000000000e+00,0.000000000000000000e+00,0.000000000000000000e+00,0.000000000000000000e+00,0.000000000000000000e+00,0.000000000000000000e+00,0.000000000000000000e+00,0.000000000000000000e+00,0.000000000000000000e+00,0.000000000000000000e+00,0.000000000000000000e+00,0.000000000000000000e+00,0.000000000000000000e+00,0.000000000000000000e+00,0.000000000000000000e+00,0.000000000000000000e+00,0.000000000000000000e+00,0.000000000000000000e+00,0.000000000000000000e+00,0.000000000000000000e+00,0.000000000000000000e+00,0.000000000000000000e+00,0.000000000000000000e+00,0.000000000000000000e+00,0.000000000000000000e+00,0.000000000000000000e+00,0.000000000000000000e+00,0.000000000000000000e+00,0.000000000000000000e+00,0.000000000000000000e+00,0.000000000000000000e+00,0.000000000000000000e+00,0.000000000000000000e+00,0.000000000000000000e+00,0.000000000000000000e+00,0.000000000000000000e+00,0.000000000000000000e+00,0.000000000000000000e+00,0.000000000000000000e+00,0.000000000000000000e+00,0.000000000000000000e+00,0.000000000000000000e+00,0.000000000000000000e+00,0.000000000000000000e+00,0.000000000000000000e+00,0.000000000000000000e+00,0.000000000000000000e+00,0.000000000000000000e+00,0.000000000000000000e+00,0.000000000000000000e+00,0.000000000000000000e+00,0.000000000000000000e+00,0.000000000000000000e+00,0.000000000000000000e+00,0.000000000000000000e+00,0.000000000000000000e+00,0.000000000000000000e+00,0.000000000000000000e+00,0.000000000000000000e+00,0.000000000000000000e+00,0.000000000000000000e+00,0.000000000000000000e+00,0.000000000000000000e+00,0.000000000000000000e+00,0.000000000000000000e+00,0.000000000000000000e+00,0.000000000000000000e+00,0.000000000000000000e+00,0.000000000000000000e+00,0.000000000000000000e+00,0.000000000000000000e+00,-7.040297113366139441e-03,-6.774082442010014374e-03,-5.277652260451860464e-03,-3.731139658404505465e-03,-2.635830268068200481e-03,-2.082785912647067052e-03,-1.959037234114139811e-03,-2.079229902919558712e-03,-2.269685196705117491e-03,-2.414215689093274133e-03,-2.463532848388489283e-03,-2.419732951085592620e-03,-2.311896285152691306e-03,-2.174271992766329837e-03,-2.032651432193038205e-03,-1.900435456617535681e-03,-1.781885658814817350e-03,-1.677271295303626748e-03,-1.585875116730505298e-03,-1.506626872710470355e-03,-1.438082319167721798e-03,-1.378614028152523509e-03,-1.326659250506475587e-03,-1.280841719523921575e-03,-1.239997321367024849e-03,-1.203164164584357917e-03,-1.169561019265463091e-03,-1.138561502639045576e-03,-1.109668098884754404e-03,-1.082488429673989904e-03,-1.056714738994505177e-03,-1.032106703297297002e-03,-1.008477302725571418e-03,-9.856813542144674065e-04,-9.636062919579367657e-04,-9.421648073102372161e-04,-9.212890130992617416e-04,-9.009258432217458028e-04,-8.810334515365310717e-04,-8.615784091846427628e-04,-8.425335418470485853e-04,-8.238762705716355965e-04,-8.055873529184456308e-04,-7.876499329950419764e-04,-7.700488357044986149e-04,-7.527700446560745646e-04,-7.358003257771858225e-04,-7.191269568438745860e-04,-7.027375429546524202e-04,-6.866198913321872781e-04,-6.707619368373589613e-04,-6.551516991835844858e-04,-6.397772700307085246e-04,-6.246268151274887064e-04,-6.096885939446025334e-04,-5.949509844674584144e-04,-5.804025185165814955e-04,-5.660319167583126440e-04,-5.518281306137043981e-04,-5.377803808252677687e-04,-5.238782007948355936e-04,-5.101114745489769868e-04,-4.964704779460182068e-04,-4.829459130910369489e-04,-4.695289449962312587e-04,-4.562112306936723220e-04,-4.429849500586847174e-04,-4.298428287259012663e-04,-4.167781622742182867e-04,-4.037848321935576853e-04,-3.908573225441682288e-04,-3.779907280983384340e-04,-3.651807625701252607e-04,-3.524237581990801631e-04,-3.397166649313515681e-04,-3.270570410868376635e-04,-3.144430432977064283e-04,-3.018734083388147213e-04,-2.893474340993066512e-04,-2.768649531618440872e-04,-2.644263056115200372e-04,-2.520323054812346163e-04,-2.396842067207975344e-04,-2.273836640846240440e-04,-2.151326939904497015e-04,-2.029336317599570686e-04,-1.907890893625602041e-04,-1.787019111160211666e-04,-1.666751304467197501e-04,-1.547119262264144712e-04,-1.428155807037122965e-04,-1.309894386180530403e-04,-1.192368683799077575e-04,-1.075612259690924188e-04,-9.596582125880641020e-05,-8.445388846744025660e-05,-7.302855923812860380e-05,-6.169284107878197075e-05,-5.044959844037993072e-05,-3.930154016766364549e-05,-2.825120938289047237e-05,-1.730098050765248446e-05,-6.453058285570161886e-06,4.290515555565283144e-06,1.492785430039497196e-05,2.545721036601787630e-05,3.587695896470926340e-05,4.618557391343559360e-05,5.638160407450034918e-05,6.646364221683657200e-05,7.643029578171461685e-05,8.628015057076323540e-05,9.601173777533912536e-05,1.056234946360527403e-04,1.151137300209712389e-04,1.244805845351583417e-04,1.337219972633605443e-04,1.428356681504846300e-04,1.518190289082942742e-04,1.606692109411770990e-04,1.693830240075031805e-04,1.779569337567497389e-04,1.863870528369303227e-04,1.946691336472037258e-04,2.027985787590892567e-04,2.107704575220185786e-04,2.185795469021796803e-04,2.262203864107689547e-04,2.336873684644440153e-04,2.409748569491944130e-04,2.480773608583201981e-04,2.549897614038834723e-04,2.617076288334808584e-04,2.682276376307941444e-04,2.745481321924660677e-04,2.806698698640008090e-04,2.865970202609366803e-04,2.923384794702791321e-04,2.979096234291947801e-04,3.033346138815664499e-04,3.086494580436286122e-04,3.139060298728681489e-04,3.191773847138773697e-04,3.245647383699622364e-04,3.302066658193238721e-04,3.362911734446690100e-04,3.430715849308754056e-04,3.508873876358129646e-04,3.601916479445848077e-04,3.715870069444477211e-04,3.858730346480519074e-04,4.041084798362987065e-04,4.276932557780114955e-04,4.584764050945696300e-04,4.988985365320413494e-04,5.521797825973849810e-04,6.225682306882917042e-04,7.156683353187248599e-04,8.388754814472054473e-04,1.001950513951828294e-03,1.217778322252110069e-03,1.503363923166388351e-03,1.881124559735123996e-03,2.380511762695436840e-03,3.039878134199237858e-03,3.908073272420899830e-03,5.043962009682948812e-03,6.508823944621739722e-03,8.339548670298733632e-03,1.047515048557916793e-02,1.258542125695057134e-02,1.385086165342081475e-02,1.266361026336840570e-02,6.292695363568747216e-03
0.000000000000000000e+00,0.000000000000000000e+00,0.000000000000000000e+00,0.000000000000000000e+00,0.000000000000000000e+00,0.000000000000000000e+00,0.000000000000000000e+00,0.000000000000000000e+00,0.000000000000000000e+00,0.000000000000000000e+00,0.000000000000000000e+00,0.000000000000000000e+00,0.000000000000000000e+00,0.000000000000000000e+00,0.000000000000000000e+00,0.000000000000000000e+00,0.000000000000000000e+00,0.000000000000000000e+00,0.000000000000000000e+00,0.000000000000000000e+00,0.000000000000000000e+00,0.000000000000000000e+00,0.000000000000000000e+00,0.000000000000000000e+00,0.000000000000000000e+00,0.000000000000000000e+00,0.000000000000000000e+00,0.000000000000000000e+00,0.000000000000000000e+00,0.000000000000000000e+00,0.000000000000000000e+00,0.000000000000000000e+00,0.000000000000000000e+00,0.000000000000000000e+00,0.000000000000000000e+00,0.000000000000000000e+00,0.000000000000000000e+00,0.000000000000000000e+00,0.000000000000000000e+00,0.000000000000000000e+00,0.000000000000000000e+00,0.000000000000000000e+00,0.000000000000000000e+00,0.000000000000000000e+00,0.000000000000000000e+00,0.000000000000000000e+00,0.000000000000000000e+00,0.000000000000000000e+00,0.000000000000000000e+00,0.000000000000000000e+00,0.000000000000000000e+00,0.000000000000000000e+00,0.000000000000000000e+00,0.000000000000000000e+00,0.000000000000000000e+00,0.000000000000000000e+00,0.000000000000000000e+00,0.000000000000000000e+00,0.000000000000000000e+00,0.000000000000000000e+00,0.000000000000000000e+00,0.000000000000000000e+00,0.000000000000000000e+00,0.000000000000000000e+00,0.000000000000000000e+00,0.000000000000000000e+00,0.000000000000000000e+00,0.000000000000000000e+00,0.000000000000000000e+00,0.000000000000000000e+00,0.000000000000000000e+00,0.000000000000000000e+00,0.000000000000000000e+00,0.000000000000000000e+00,0.000000000000000000e+00,0.000000000000000000e+00,0.000000000000000000e+00,0.000000000000000000e+00,0.000000000000000000e+00,0.000000000000000000e+00,0.000000000000000000e+00,0.000000000000000000e+00,0.000000000000000000e+00,0.000000000000000000e+00,0.000000000000000000e+00,0.000000000000000000e+00,0.000000000000000000e+00,0.000000000000000000e+00,0.000000000000000000e+00,0.000000000000000000e+00,0.000000000000000000e+00,0.000000000000000000e+00,0.000000000000000000e+00,0.000000000000000000e+00,0.000000000000000000e+00,0.000000000000000000e+00,0.000000000000000000e+00,0.000000000000000000e+00,0.000000000000000000e+00,0.000000000000000000e+00,0.000000000000000000e+00,0.000000000000000000e+00,0.000000000000000000e+00,0.000000000000000000e+00,0.000000000000000000e+00,0.000000000000000000e+00,0.000000000000000000e+00,0.000000000000000000e+00,0.000000000000000000e+00,0.000000000000000000e+00,0.000000000000000000e+00,0.000000000000000000e+00,0.000000000000000000e+00,0.000000000000000000e+00,0.000000000000000000e+00,0.000000000000000000e+00,0.000000000000000000e+00,0.000000000000000000e+00,0.000000000000000000e+00,0.000000000000000000e+00,0.000000000000000000e+00,0.000000000000000000e+00,0.000000000000000000e+00,0.000000000000000000e+00,0.000000000000000000e+00,0.000000000000000000e+00,0.000000000000000000e+00,0.000000000000000000e+00,0.000000000000000000e+00,0.000000000000000000e+00,0.000000000000000000e+00,0.000000000000000000e+00,0.000000000000000000e+00,0.000000000000000000e+00,0.000000000000000000e+00,0.000000000000000000e+00,0.000000000000000000e+00,0.000000000000000000e+00,0.000000000000000000e+00,0.000000000000000000e+00,0.000000000000000000e+00,0.000000000000000000e+00,0.000000000000000000e+00,0.000000000000000000e+00,0.000000000000000000e+00,0.000000000000000000e+00,0.000000000000000000e+00,0.000000000000000000e+00,0.000000000000000000e+00,0.000000000000000000e+00,0.000000000000000000e+00,0.000000000000000000e+00,0.000000000000000000e+00,0.000000000000000000e+00,0.000000000000000000e+00,0.000000000000000000e+00,0.000000000000000000e+00,0.000000000000000000e+00,0.000000000000000000e+00,0.000000000000000000e+00,0.000000000000000000e+00,0.000000000000000000e+00,0.000000000000000000e+00,0.000000000000000000e+00,0.000000000000000000e+00,0.000000000000000000e+00,0.000000000000000000e+00,0.000000000000000000e+00,0.000000000000000000e+00,0.000000000000000000e+00,0.000000000000000000e+00,0.000000000000000000e+00,0.000000000000000000e+00,0.000000000000000000e+00,0.000000000000000000e+00,0.000000000000000000e+00,-7.056738937241052896e-03,-6.803736141023978418e-03,-5.317797233897221011e-03,-3.787368435877163948e-03,-2.717668040189660100e-03,-2.192964059791368409e-03,-2.087419149171845963e-03,-2.205803087596896854e-03,-2.373001873654816476e-03,-2.479413670082838798e-03,-2.486340877520328615e-03,-2.405812746775001874e-03,-2.272744281704029614e-03,-2.121944062516552439e-03,-1.975925232721217634e-03,-1.843962465557873274e-03,-1.727627360652176335e-03,-1.626145046007735013e-03,-1.538412834446493960e-03,-1.463010256561331256e-03,-1.398189602665071045e-03,-1.342162779875647827e-03,-1.293317471983112090e-03,-1.250279671252876824e-03,-1.211908844830762895e-03,-1.177275319504895610e-03,-1.145631854318482747e-03,-1.116383979030470715e-03,-1.089062346752559841e-03,-1.063298627054198994e-03,-1.038805234092665892e-03,-1.015358626351143320e-03,-9.927857250294851686e-04,-9.709529637287567065e-04,-9.497575191977697048e-04,-9.291203265043928260e-04,-9.089805475934089728e-04,-8.892912128908158232e-04,-8.700158104583996348e-04,-8.511256313013270715e-04,-8.325977213945702981e-04,-8.144133108950428338e-04,-7.965566238131709543e-04,-7.790139808955248019e-04,-7.617731354363771598e-04,-7.448227836220591876e-04,-7.281522143586682165e-04,-7.117510596184342632e-04,-6.956091273357094956e-04,-6.797162902896929136e-04,-6.640624238684762195e-04,-6.486373733328815129e-04,-6.334309499763594430e-04,-6.184329407396241436e-04,-6.036331347151969095e-04,-5.890213534962689427e-04,-5.745874915858428800e-04,-5.603215553436736258e-04,-5.462137084410940199e-04,-5.322543130177828262e-04,-5.184339753174861719e-04,-5.047435852192632289e-04,-4.911743587880589793e-04,-4.777178735011233281e-04,-4.643661055334012645e-04,-4.511114591585073017e-04,-4.379467977239696018e-04,-4.248654666309730301e-04,-4.118613175212041191e-04,-3.989287244247064195e-04,-3.860626005944755245e-04,-3.732584072354416132e-04,-3.605121623210065778e-04,-3.478204413655782410e-04,-3.351803777669794000e-04,-3.225896554006140132e-04,-3.100465004024777747e-04,-2.975496657482132649e-04,-2.850984147975722262e-04,-2.726924984414638817e-04,-2.603321311790332397e-04,-2.480179618697221709e-04,-2.357510435561176697e-04,-2.235327992606699640e-04,-2.113649871259338543e-04,-1.992496629867165545e-04,-1.871891426388032343e-04,-1.751859630861317429e-04,-1.632428438621597218e-04,-1.513626489045173781e-04,-1.395483488611600929e-04,-1.278029855003620554e-04,-1.161296368576283049e-04,-1.045313859624019779e-04,-9.301129051507272670e-05,-8.157235750024414088e-05,-7.021751883499361302e-05,-5.894961314093833158e-05,-4.777136847704133312e-05,-3.668539218003067054e-05,-2.569416140833137726e-05,-1.480002154790363941e-05,-4.005184872513376895e-06,6.688262426328994217e-06,1.727835359485388675e-05,2.776322604479166116e-05,3.814110729341740923e-05,4.841029226071616291e-05,5.856912278061643135e-05,6.861595868579670220e-05,7.854915226344341347e-05,8.836701471931387823e-05,9.806778730455718201e-05,1.076496050824323728e-04,1.171104667750472525e-04,1.264481980691414982e-04,1.356604225485566766e-04,1.447445271126717435e-04,1.536976367497221250e-04,1.625165851154450553e-04,1.711978965226274246e-04,1.797377655589914346e-04,1.881320508295879147e-04,1.963762690969363893e-04,2.044656075711299102e-04,2.123949411828266614e-04,2.201588745481632462e-04,2.277517969148395332e-04,2.351679730261840872e-04,2.424016611995456619e-04,2.494472870128657026e-04,2.562996695682156849e-04,2.629543379961969793e-04,2.694079454075834815e-04,2.756588336690076022e-04,2.817077742353595450e-04,2.875589649946789866e-04,2.932213396712518767e-04,2.987103146763365200e-04,3.040500840238098191e-04,3.092766633065051384e-04,3.144418866217697024e-04,3.196186869201011788e-04,3.249080249116558005e-04,3.304480186797618436e-04,3.364259191335520430e-04,3.430938658155102054e-04,3.507895571756674256e-04,3.599634346898546232e-04,3.712143742202035721e-04,3.853366493436192509e-04,4.033816793457052521e-04,4.267393839192834982e-04,4.572453565665250078e-04,4.973223279908179023e-04,5.501669325669675953e-04,6.199967133755634194e-04,7.123768458957858421e-04,8.346527681203198086e-04,9.965225694363436838e-04,1.210793403103114846e-03,1.494375709672601110e-03,1.869574630144312313e-03,2.365714324417359828e-03,3.021013983385507917e-03,3.884207454942625003e-03,5.014119932906254892e-03,6.472177093988386483e-03,8.295815186433583635e-03,1.042530422773957355e-02,1.253089839409109521e-02,1.379742504734549416e-02,1.262374807835600285e-02,6.277957799503788502e-03
0.000000000000000000e+00,0.000000000000000000e+00,0.000000000000000000e+00,0.000000000000000000e+00,0.000000000000000000e+00,0.000000000000000000e+00,0.000000000000000000e+00,0.000000000000000000e+00,0.000000000000000000e+00,0.000000000000000000e+00,0.000000000000000000e+00,0.000000000000000000e+00,0.000000000000000000e+00,0.000000000000000000e+00,0.000000000000000000e+00,0.000000000000000000e+00,0.000000000000000000e+00,0.000000000000000000e+00,0.000000000000000000e+00,0.000000000000000000e+00,0.000000000000000000e+00,0.000000000000000000e+00,0.000000000000000000e+00,0.000000000000000000e+00,0.000000000000000000e+00,0.000000000000000000e+00,0.000000000000000000e+00,0.000000000000000000e+00,0.000000000000000000e+00,0.000000000000000000e+00,0.000000000000000000e+00,0.000000000000000000e+00,0.000000000000000000e+00,0.000000000000000000e+00,0.000000000000000000e+00,0.000000000000000000e+00,0.000000000000000000e+00,0.000000000000000000e+00,0.000000000000000000e+00,0.000000000000000000e+00,0.000000000000000000e+00,0.000000000000000000e+00,0.000000000000000000e+00,0.000000000000000000e+00,0.000000000000000000e+00,0.000000000000000000e+00,0.000000000000000000e+00,0.000000000000000000e+00,0.000000000000000000e+00,0.000000000000000000e+00,0.000000000000000000e+00,0.000000000000000000e+00,0.000000000000000000e+00,0.000000000000000000e+00,0.000000000000000000e+00,0.000000000000000000e+00,0.000000000000000000e+00,0.000000000000000000e+00,0.000000000000000000e+00,0.000000000000000000e+00,0.000000000000000000e+00,0.000000000000000000e+00,0.000000000000000000e+00,0.000000000000000000e+00,0.000000000000000000e+00,0.000000000000000000e+00,0.000000000000000000e+00,0.000000000000000000e+00,0.000000000000000000e+00,0.000000000000000000e+00,0.000000000000000000e+00,0.000000000000000000e+00,0.000000000000000000e+00,0.000000000000000000e+00,0.000000000000000000e+00,0.000000000000000000e+00,0.000000000000000000e+00,0.000000000000000000e+00,0.000000000000000000e+00,0.000000000000000000e+00,0.000000000000000000e+00,0.000000000000000000e+00,0.000000000000000000e+00,0.000000000000000000e+00,0.000000000000000000e+00,0.000000000000000000e+00,0.000000000000000000e+00,0.000000000000000000e+00,0.000000000000000000e+00,0.000000000000000000e+00,0.000000000000000000e+00,0.000000000000000000e+00,0.000000000000000000e+00,0.000000000000000000e+00,0.000000000000000000e+00,0.000000000000000000e+00,0.000000000000000000e+00,0.000000000000000000e+00,0.000000000000000000e+00,0.000000000000000000e+00,0.000000000000000000e+00,0.000000000000000000e+00,0.000000000000000000e+00,0.000000000000000000e+00,0.000000000000000000e+00,0.000000000000000000e+00,0.000000000000000000e+00,0.000000000000000000e+00,0.000000000000000000e+00,0.000000000000000000e+00,0.000000000000000000e+00,0.000000000000000000e+00,0.000000000000000000e+00,0.000000000000000000e+00,0.000000000000000000e+00,0.000000000000000000e+00,0.000000000000000000e+00,0.000000000000000000e+00,0.000000000000000000e+00,0.000000000000000000e+00,0.000000000000000000e+00,0.000000000000000000e+00,0.000000000000000000e+00,0.000000000000000000e+00,0.000000000000000000e+00,0.000000000000000000e+00,0.000000000000000000e+00,0.000000000000000000e+00,0.000000000000000000e+00,0.000000000000000000e+00,0.000000000000000000e+00,0.000000000000000000e+00,0.000000000000000000e+00,0.000000000000000000e+00,0.000000000000000000e+00,0.000000000000000000e+00,0.000000000000000000e+00,0.000000000000000000e+00,0.000000000000000000e+00,0.000000000000000000e+00,0.000000000000000000e+00,0.000000000000000000e+00,0.000000000000000000e+00,0.000000000000000000e+00,0.000000000000000000e+00,0.000000000000000000e+00,0.000000000000000000e+00,0.000000000000000000e+00,0.000000000000000000e+00,0.000000000000000000e+00,0.000000000000000000e+00,0.000000000000000000e+00,0.000000000000000000e+00,0.000000000000000000e+00,0.000000000000000000e+00,0.000000000000000000e+00,0.000000000000000000e+00,0.000000000000000000e+00,0.000000000000000000e+00,0.000000000000000000e+00,0.000000000000000000e+00,0.000000000000000000e+00,0.000000000000000000e+00,0.000000000000000000e+00,0.000000000000000000e+00,0.000000000000000000e+00,0.000000000000000000e+00,0.000000000000000000e+00,0.000000000000000000e+00,0.000000000000000000e+00,0.000000000000000000e+00,0.000000000000000000e+00,0.000000000000000000e+00,0.000000000000000000e+00,0.000000000000000000e+00,0.000000000000000000e+00,-7.074681172970713472e-03,-6.835502630005785632e-03,-5.361727328663346698e-03,-3.849645290546046487e-03,-2.806837271478486787e-03,-2.309265339067712291e-03,-2.217981389652114773e-03,-2.329120760383463287e-03,-2.468122575238838878e-03,-2.533746671753055874e-03,-2.498732330705981733e-03,-2.384621165141067017e-03,-2.230659922920729277e-03,-2.070439854905547269e-03,-1.922188042681117343e-03,-1.791217683627061540e-03,-1.677148017512198122e-03,-1.578650743836261701e-03,-1.494326488291106148e-03,-1.422400192558994020e-03,-1.360874440055806446e-03,-1.307862269116115590e-03,-1.261733733811620101e-03,-1.221128079119425348e-03,-1.184930580937723762e-03,-1.152241793875138616e-03,-1.122344171872491879e-03,-1.094669947893675815e-03,-1.068772716956963150e-03,-1.044303400594458978e-03,-1.020990389594374171e-03,-9.986233569678143809e-04,-9.770401782225313341e-04,-9.561164235893206478e-04,-9.357569605397588874e-04,-9.158892701713878919e-04,-8.964581564143060287e-04,-8.774215757045800103e-04,-8.587473729790913880e-04,-8.404107392327016214e-04,-8.223922502280959709e-04,-8.046763609818514441e-04,-7.872502659242206586e-04,-7.701030395475496520e-04,-7.532250019980302668e-04,-7.366072517630826207e-04,-7.202413337973772624e-04,-7.041190037239080214e-04,-6.882320726701967846e-04,-6.725723052956432283e-04,-6.571313659113732844e-04,-6.419007922411230091e-04,-6.268719978583955042e-04,-6.120362867262736303e-04,-5.973848846090157707e-04,-5.829089732048977832e-04,-5.685997343067702645e-04,-5.544483915050194044e-04,-5.404462583218220314e-04,-5.265847812204140681e-04,-5.128555870205052250e-04,-4.992505235932656604e-04,-4.857617034969863323e-04,-4.723815398678995873e-04,-4.591027842492891769e-04,-4.459185563029838847e-04,-4.328223749508694766e-04,-4.198081815219328232e-04,-4.068703639805095092e-04,-3.940037733806870486e-04,-3.812037409001892249e-04,-3.684660872674471398e-04,-3.557871321454120586e-04,-3.431636961599638302e-04,-3.305931023112188070e-04,-3.180731704868736847e-04,-3.056022109067614892e-04,-2.931790113441691136e-04,-2.808028229621787903e-04,-2.684733408272824422e-04,-2.561906828765696340e-04,-2.439553646900152653e-04,-2.317682727102765149e-04,-2.196306345843761047e-04,-2.075439880700425343e-04,-1.955101485171942602e-04,-1.835311751067541988e-04,-1.716093371897530373e-04,-1.597470796046829939e-04,-1.479469896311854673e-04,-1.362117631287233679e-04,-1.245441738119326799e-04,-1.129470418744051355e-04,-1.014232071694773818e-04,-8.997550183194189194e-05,-7.860672875651353536e-05,-6.731963950609228420e-05,-5.611691921637685336e-05,-4.500117079042778519e-05,-3.397490703337697896e-05,-2.304054178845213460e-05,-1.220038973983799961e-05,-1.456664768113819900e-06,9.188512531576737135e-06,1.973310938778825507e-05,3.017516596528076225e-05,4.051278329936628157e-05,5.074410176979891472e-05,6.086728330334225729e-05,7.088048430228607194e-05,8.078183333513429449e-05,9.056939994324198298e-05,1.002411693569344326e-04,1.097950089068351777e-04,1.192286415997382133e-04,1.285396121526891046e-04,1.377252615702792983e-04,1.467826951540146519e-04,1.557087606203627899e-04,1.645000209282285110e-04,1.731527391263809341e-04,1.816628597144903223e-04,1.900260046208735484e-04,1.982374684796130463e-04,2.062922324699284894e-04,2.141849820960728358e-04,2.219101500390201838e-04,2.294619710332370039e-04,2.368345730520677965e-04,2.440220948474860552e-04,2.510188595086720138e-04,2.578195997983174646e-04,2.644197740958645609e-04,2.708159789048213942e-04,2.770065123175250430e-04,2.829921122327427158e-04,2.887769500582028186e-04,2.943699346031605963e-04,2.997864514149957351e-04,3.050506456072019372e-04,3.101984488546988251e-04,3.152815506673425005e-04,3.203726430012631028e-04,3.255722976821990872e-04,3.310180256972216207e-04,3.368961550344315220e-04,3.434574560277421813e-04,3.510376359229628413e-04,3.600842930588809719e-04,3.711923063597386907e-04,3.851504114781182449e-04,4.030024518870688492e-04,4.261281086030921871e-04,4.563492886334879779e-04,4.960706212013076639e-04,5.484650373014937500e-04,6.177193492751883877e-04,7.093592802295653650e-04,8.306801470611423254e-04,9.913170847814351504e-04,1.203999255687945077e-03,1.485542182347766730e-03,1.858138466945860948e-03,2.350984423077523509e-03,3.002165463518638618e-03,3.860299823536539505e-03,4.984175653266005070e-03,6.435357302932210623e-03,8.251856448573671385e-03,1.037521813393509074e-02,1.247595409143770033e-02,1.374340818206339597e-02,1.258347929389027134e-02,6.263140616568064339e-03
0.000000000000000000e+00,0.000000000000000000e+00,0.000000000000000000e+00,0.000000000000000000e+00,0.000000000000000000e+00,0.000000000000000000e+00,0.000000000000000000e+00,0.000000000000000000e+00,0.000000000000000000e+00,0.000000000000000000e+00,0.000000000000000000e+00,0.000000000000000000e+00,0.000000000000000000e+00,0.000000000000000000e+00,0.000000000000000000e+00,0.000000000000000000e+00,0.000000000000000000e+00,0.000000000000000000e+00,0.000000000000000000e+00,0.000000000000000000e+00,0.000000000000000000e+00,0.000000000000000000e+00,0.000000000000000000e+00,0.000000000000000000e+00,0.000000000000000000e+00,0.000000000000000000e+00,0.000000000000000000e+00,0.000000000000000000e+00,0.000000000000000000e+00,0.000000000000000000e+00,0.000000000000000000e+00,0.000000000000000000e+00,0.000000000000000000e+00,0.000000000000000000e+00,0.000000000000000000e+00,0.000000000000000000e+00,0.000000000000000000e+00,0.000000000000000000e+00,0.000000000000000000e+00,0.000000000000000000e+00,0.000000000000000000e+00,0.000000000000000000e+00,0.000000000000000000e+00,0.000000000000000000e+00,0.000000000000000000e+00,0.000000000000000000e+00,0.000000000000000000e+00,0.000000000000000000e+00,0.000000000000000000e+00,0.000000000000000000e+00,0.000000000000000000e+00,0.000000000000000000e+00,0.000000000000000000e+00,0.000000000000000000e+00,0.000000000000000000e+00,0.000000000000000000e+00,0.000000000000000000e+00,0.000000000000000000e+00,0.000000000000000000e+00,0.000000000000000000e+00,0.000000000000000000e+00,0.000000000000000000e+00,0.000000000000000000e+00,0.000000000000000000e+00,0.000000000000000000e+00,0.000000000000000000e+00,0.000000000000000000e+00,0.000000000000000000e+00,0.000000000000000000e+00,0.000000000000000000e+00,0.000000000000000000e+00,0.000000000000000000e+00,0.000000000000000000e+00,0.000000000000000000e+00,0.000000000000000000e+00,0.000000000000000000e+00,0.000000000000000000e+00,0.000000000000000000e+00,0.000000000000000000e+00,0.000000000000000000e+00,0.000000000000000000e+00,0.000000000000000000e+00,0.000000000000000000e+00,0.000000000000000000e+00,0.000000000000000000e+00,0.000000000000000000e+00,0.000000000000000000e+00,0.000000000000000000e+00,0.000000000000000000e+00,0.000000000000000000e+00,0.000000000000000000e+00,0.000000000000000000e+00,0.000000000000000000e+00,0.000000000000000000e+00,0.000000000000000000e+00,0.000000000000000000e+00,0.000000000000000000e+00,0.000000000000000000e+00,0.000000000000000000e+00,0.000000000000000000e+00,0.000000000000000000e+00,0.000000000000000000e+00,0.000000000000000000e+00,0.000000000000000000e+00,0.000000000000000000e+00,0.000000000000000000e+00,0.000000000000000000e+00,0.000000000000000000e+00,0.000000000000000000e+00,0.000000000000000000e+00,0.000000000000000000e+00,0.000000000000000000e+00,0.000000000000000000e+00,0.000000000000000000e+00,0.000000000000000000e+00,0.000000000000000000e+00,0.000000000000000000e+00,0.000000000000000000e+00,0.000000000000000000e+00,0.000000000000000000e+00,0.000000000000000000e+00,0.000000000000000000e+00,0.000000000000000000e+00,0.000000000000000000e+00,0.000000000000000000e+00,0.000000000000000000e+00,0.000000000000000000e+00,0.000000000000000000e+00,0.000000000000000000e+00,0.000000000000000000e+00,0.000000000000000000e+00,0.000000000000000000e+00,0.000000000000000000e+00,0.000000000000000000e+00,0.000000000000000000e+00,0.000000000000000000e+00,0.000000000000000000e+00,0.000000000000000000e+00,0.000000000000000000e+00,0.000000000000000000e+00,0.000000000000000000e+00,0.000000000000000000e+00,0.000000000000000000e+00,0.000000000000000000e+00,0.000000000000000000e+00,0.000000000000000000e+00,0.000000000000000000e+00,0.000000000000000000e+00,0.000000000000000000e+00,0.000000000000000000e+00,0.000000000000000000e+00,0.000000000000000000e+00,0.000000000000000000e+00,0.000000000000000000e+00,0.000000000000000000e+00,0.000000000000000000e+00,0.000000000000000000e+00,0.000000000000000000e+00,0.000000000000000000e+00,0.000000000000000000e+00,0.000000000000000000e+00,0.000000000000000000e+00,0.000000000000000000e+00,0.000000000000000000e+00,0.000000000000000000e+00,0.000000000000000000e+00,0.000000000000000000e+00,0.000000000000000000e+00,0.000000000000000000e+00,0.000000000000000000e+00,0.000000000000000000e+00,0.000000000000000000e+00,0.000000000000000000e+00,0.000000000000000000e+00,0.000000000000000000e+00,0.000000000000000000e+00,-7.094264984799265872e-03,-6.869636280091151806e-03,-5.409625057613824672e-03,-3.917805717442956505e-03,-2.902581804584496248e-03,-2.430316743973450194e-03,-2.349020910884011722e-03,-2.447659893242395013e-03,-2.554239541908063810e-03,-2.577469814867067686e-03,-2.502009888091693852e-03,-2.358066921433686972e-03,-2.187457809208222855e-03,-2.020916923368152544e-03,-1.871845823888015990e-03,-1.742154075776329971e-03,-1.630259754641781795e-03,-1.534568274137234874e-03,-1.453364879873019237e-03,-1.384531243208780415e-03,-1.325889397097443703e-03,-1.275502219335156347e-03,-1.231739946677808985e-03,-1.193259659633729916e-03,-1.158972041281451214e-03,-1.128004662258772503e-03,-1.099665065252468680e-03,-1.073407279284815290e-03,-1.048803225007348969e-03,-1.025518990712325764e-03,-1.003295445803360775e-03,-9.819325372380921513e-04,-9.612766456198148287e-04,-9.412104452361430345e-04,-9.216448068078373365e-04,-9.025123529010837435e-04,-8.837623553246896609e-04,-8.653567103814078457e-04,-8.472667871426832302e-04,-8.294709698998141206e-04,-8.119527614143576787e-04,-7.946993252130528330e-04,-7.777003819365621139e-04,-7.609473764035619555e-04,-7.444328634934512792e-04,-7.281500555646324303e-04,-7.120925023537731614e-04,-6.962538637397644751e-04,-6.806277618659050538e-04,-6.652076845116963646e-04,-6.499869361511331420e-04,-6.349586154253398411e-04,-6.201156213159526474e-04,-6.054506705792835064e-04,-5.909563322008566785e-04,-5.766250638787828947e-04,-5.624492586070369568e-04,-5.484212881731503810e-04,-5.345335530549302078e-04,-5.207785266793377903e-04,-5.071488040114718919e-04,-4.936371430854789074e-04,-4.802365093611054734e-04,-4.669401121622349560e-04,-4.537414428658097980e-04,-4.406343049517887252e-04,-4.276128452317396996e-04,-4.146715772604242230e-04,-4.018054055652110594e-04,-3.890096425170807746e-04,-3.762800255192526137e-04,-3.636127272262050644e-04,-3.510043654231284724e-04,-3.384520063646941361e-04,-3.259531671334979877e-04,-3.135058120635772993e-04,-3.011083476510706012e-04,-2.887596123288615839e-04,-2.764588643185654916e-04,-2.642057653350904909e-04,-2.520003620927741125e-04,-2.398430648420092582e-04,-2.277346235708193548e-04,-2.156761025702024534e-04,-2.036688526420968217e-04,-1.917144831158282682e-04,-1.798148315626201237e-04,-1.679719348192422197e-04,-1.561879977977950317e-04,-1.444653651030059676e-04,-1.328064905190256954e-04,-1.212139107531129065e-04,-1.096902170991843482e-04,-9.823803271993193794e-05,-8.685998784833511769e-05,-7.555870184415834937e-05,-6.433676308967754907e-05,-5.319671682186994521e-05,-4.214105062216427213e-05,-3.117218873529387872e-05,-2.029248374506363410e-05,-9.504217763833608057e-06,1.190399451875693669e-06,1.178922240501906204e-05,2.229016540188111397e-05,3.269118786653589520e-05,4.299028398647224375e-05,5.318546210056746660e-05,6.327472922205470680e-05,7.325606548241523058e-05,8.312740461780546630e-05,9.288660474377535207e-05,1.025314261770018628e-04,1.120595000924756149e-04,1.214683053216842050e-04,1.307551367174909296e-04,1.399170828697626561e-04,1.489509963315618381e-04,1.578534745976073700e-04,1.666208348515305180e-04,1.752491012299596518e-04,1.837339876572595496e-04,1.920708956767583158e-04,2.002549106637422477e-04,2.082808169008959454e-04,2.161431157297431381e-04,2.238360690370117196e-04,2.313537539809091257e-04,2.386901542796421283e-04,2.458392771508210940e-04,2.527953265166465601e-04,2.595529273068942198e-04,2.661074405459955359e-04,2.724553741889663852e-04,2.785949448215174740e-04,2.845268128284890387e-04,2.902550722549126160e-04,2.957885484655380223e-04,3.011425289625838694e-04,3.063410330780580470e-04,3.114198206855356508e-04,3.164303365076610690e-04,3.214449175218807319e-04,3.265636175392585367e-04,3.319231948560051647e-04,3.377088914924459315e-04,3.441699274443154287e-04,3.516398195455708916e-04,3.605631064449809730e-04,3.715304378785885472e-04,3.853247662379558286e-04,4.029821042597225172e-04,4.258716339112780455e-04,4.558013140154113657e-04,4.951574125410637857e-04,5.470888999621616958e-04,6.157515998086015435e-04,7.066315133893275686e-04,8.269735366704061928e-04,9.863494910118454119e-04,1.197410093406115188e-03,1.476875366232991739e-03,1.846824658509213036e-03,2.336325664817160731e-03,2.983329362065312469e-03,3.836338437799638890e-03,4.954106689268056481e-03,6.398326537128583985e-03,8.207634550837410517e-03,1.032485427812620746e-02,1.242052459451867263e-02,1.368873438877978542e-02,1.254276077031696822e-02,6.248247958513772869e-03
0.000000000000000000e+00,0.000000000000000000e+00,0.000000000000000000e+00,0.000000000000000000e+00,0.000000000000000000e+00,0.000000000000000000e+00,0.000000000000000000e+00,0.000000000000000000e+00,0.000000000000000000e+00,0.000000000000000000e+00,0.000000000000000000e+00,0.000000000000000000e+00,0.000000000000000000e+00,0.000000000000000000e+00,0.000000000000000000e+00,0.000000000000000000e+00,0.000000000000000000e+00,0.000000000000000000e+00,0.000000000000000000e+00,0.000000000000000000e+00,0.000000000000000000e+00,0.000000000000000000e+00,0.000000000000000000e+00,0.000000000000000000e+00,0.000000000000000000e+00,0.000000000000000000e+00,0.000000000000000000e+00,0.000000000000000000e+00,0.000000000000000000e+00,0.000000000000000000e+00,0.000000000000000000e+00,0.000000000000000000e+00,0.000000000000000000e+00,0.000000000000000000e+00,0.000000000000000000e+00,0.000000000000000000e+00,0.000000000000000000e+00,0.000000000000000000e+00,0.000000000000000000e+00,0.000000000000000000e+00,0.000000000000000000e+00,0.000000000000000000e+00,0.000000000000000000e+00,0.000000000000000000e+00,0.000000000000000000e+00,0.000000000000000000e+00,0.000000000000000000e+00,0.000000000000000000e+00,0.000000000000000000e+00,0.000000000000000000e+00,0.000000000000000000e+00,0.000000000000000000e+00,0.000000000000000000e+00,0.000000000000000000e+00,0.000000000000000000e+00,0.000000000000000000e+00,0.000000000000000000e+00,0.000000000000000000e+00,0.000000000000000000e+00,0.000000000000000000e+00,0.000000000000000000e+00,0.000000000000000000e+00,0.000000000000000000e+00,0.000000000000000000e+00,0.000000000000000000e+00,0.000000000000000000e+00,0.000000000000000000e+00,0.000000000000000000e+00,0.000000000000000000e+00,0.000000000000000000e+00,0.000000000000000000e+00,0.000000000000000000e+00,0.000000000000000000e+00,0.000000000000000000e+00,0.000000000000000000e+00,0.000000000000000000e+00,0.000000000000000000e+00,0.000000000000000000e+00,0.000000000000000000e+00,0.000000000000000000e+00,0.000000000000000000e+00,0.000000000000000000e+00,0.000000000000000000e+00,0.000000000000000000e+00,0.000000000000000000e+00,0.000000000000000000e+00,0.000000000000000000e+00,0.000000000000000000e+00,0.000000000000000000e+00,0.000000000000000000e+00,0.000000000000000000e+00,0.000000000000000000e+00,0.000000000000000000e+00,0.000000000000000000e+00,0.000000000000000000e+00,0.000000000000000000e+00,0.000000000000000000e+00,0.000000000000000000e+00,0.000000000000000000e+00,0.000000000000000000e+00,0.000000000000000000e+00,0.000000000000000000e+00,0.000000000000000000e+00,0.000000000000000000e+00,0.000000000000000000e+00,0.000000000000000000e+00,0.000000000000000000e+00,0.000000000000000000e+00,0.000000000000000000e+00,0.000000000000000000e+00,0.000000000000000000e+00,0.000000000000000000e+00,0.000000000000000000e+00,0.000000000000000000e+00,0.000000000000000000e+00,0.000000000000000000e+00,0.000000000000000000e+00,0.000000000000000000e+00,0.000000000000000000e+00,0.000000000000000000e+00,0.000000000000000000e+00,0.000000000000000000e+00,0.000000000000000000e+00,0.000000000000000000e+00,0.000000000000000000e+00,0.000000000000000000e+00,0.000000000000000000e+00,0.000000000000000000e+00,0.000000000000000000e+00,0.000000000000000000e+00,0.000000000000000000e+00,0.000000000000000000e+00,0.000000000000000000e+00,0.000000000000000000e+00,0.000000000000000000e+00,0.000000000000000000e+00,0.000000000000000000e+00,0.000000000000000000e+00,0.000000000000000000e+00,0.000000000000000000e+00,0.000000000000000000e+00,0.000000000000000000e+00,0.000000000000000000e+00,0.000000000000000000e+00,0.000000000000000000e+00,0.000000000000000000e+00,0.000000000000000000e+00,0.000000000000000000e+00,0.000000000000000000e+00,0.000000000000000000e+00,0.000000000000000000e+00,0.000000000000000000e+00,0.000000000000000000e+00,0.000000000000000000e+00,0.000000000000000000e+00,0.000000000000000000e+00,0.000000000000000000e+00,0.000000000000000000e+00,0.000000000000000000e+00,0.000000000000000000e+00,0.000000000000000000e+00,0.000000000000000000e+00,0.000000000000000000e+00,0.000000000000000000e+00,0.000000000000000000e+00,0.000000000000000000e+00,0.000000000000000000e+00,0.000000000000000000e+00,0.000000000000000000e+00,0.000000000000000000e+00,0.000000000000000000e+00,0.000000000000000000e+00,0.000000000000000000e+00,0.000000000000000000e+00,0.000000000000000000e+00,0.000000000000000000e+00,-7.115574501656131076e-03,-6.906310093105104929e-03,-5.461572226010970831e-03,-3.991583821259775400e-03,-3.004094264008717353e-03,-2.554810415120789546e-03,-2.479056757905406284e-03,-2.560261551421478231e-03,-2.630976192689251422e-03,-2.611213283366802061e-03,-2.497652374557235867e-03,-2.327938114501383084e-03,-2.144570183529316033e-03,-1.974074975965400651e-03,-1.824978480963305527e-03,-1.696588881031349614e-03,-1.586740711348011640e-03,-1.493661952225736056e-03,-1.415270478974863183e-03,-1.349151054814230017e-03,-1.293014193798686182e-03,-1.244903766728760021e-03,-1.203198357550446873e-03,-1.166574242980185968e-03,-1.133965729314126685e-03,-1.104523666574854825e-03,-1.077576242414864452e-03,-1.052594926459733812e-03,-1.029166041375338897e-03,-1.006967451593705027e-03,-9.857496399065391723e-04,-9.653204321543093882e-04,-9.455327204062577732e-04,-9.262746223828122140e-04,-9.074616247137330324e-04,-8.890303264430586376e-04,-8.709334837385553476e-04,-8.531360971827007958e-04,-8.356123461700984542e-04,-8.183431948442410238e-04,-8.013145433471030067e-04,-7.845158041732538728e-04,-7.679388240758047929e-04,-7.515770684757883168e-04,-7.354250205742949263e-04,-7.194777372885069900e-04,-7.037305360350783710e-04,-6.881787716257125546e-04,-6.728176921465038813e-04,-6.576423443954378979e-04,-6.426475272366019131e-04,-6.278277703047237257e-04,-6.131773419005582268e-04,-5.986902674506850005e-04,-5.843603654898282037e-04,-5.701812851264428635e-04,-5.561465539496369048e-04,-5.422496223628921978e-04,-5.284839144669287777e-04,-5.148428729321090315e-04,-5.013200082287796143e-04,-4.879089406063032456e-04,-4.746034448355417024e-04,-4.613974870066123385e-04,-4.482852628922031593e-04,-4.352612282947699619e-04,-4.223201302696239813e-04,-4.094570308369338161e-04,-3.966673311500730362e-04,-3.839467888419166195e-04,-3.712915352997265216e-04,-3.586980867250231728e-04,-3.461633544180074467e-04,-3.336846494450976881e-04,-3.212596858172143337e-04,-3.088865787897119826e-04,-2.965638410572613926e-04,-2.842903749810447270e-04,-2.720654622085310974e-04,-2.598887503939667477e-04,-2.477602369340808344e-04,-2.356802510259815159e-04,-2.236494324869397067e-04,-2.116687102443441117e-04,-1.997392774418721764e-04,-1.878625676489031275e-04,-1.760402276218358240e-04,-1.642740926392842709e-04,-1.525661583705721928e-04,-1.409185567715868104e-04,-1.293335285026239647e-04,-1.178134007638887413e-04,-1.063605616244908962e-04,-9.497744106456001967e-05,-8.366648843982634018e-05,-7.243015783259673321e-05,-6.127088969779735618e-05,-5.019110140949396923e-05,-3.919317390239379645e-05,-2.827944804487445737e-05,-1.745221681381966983e-05,-6.713727831310254231e-06,3.933818692816043370e-06,1.448826123653057068e-05,2.494747333766737785e-05,3.530934897491664893e-05,4.557179364989911763e-05,5.573270447425526520e-05,6.578995665451903296e-05,7.574137917234067987e-05,8.558473764222983542e-05,9.531770673467430488e-05,1.049378506336336284e-04,1.144425935985651040e-04,1.238291994987057731e-04,1.330947421673160441e-04,1.422360857763752993e-04,1.512498569600497986e-04,1.601324282028997376e-04,1.688798942283736479e-04,1.774880612711327043e-04,1.859524311624810686e-04,1.942682006611531030e-04,2.024302584367910899e-04,2.104332010822987571e-04,2.182713515274868046e-04,2.259388029056266865e-04,2.334294730531212016e-04,2.407371956718723505e-04,2.478558365903460480e-04,2.547794663671888531e-04,2.615025834331781711e-04,2.680204279906240055e-04,2.743293909326821362e-04,2.804275732920888538e-04,2.863155179114801807e-04,2.919971947476492709e-04,2.974812915698243757e-04,3.027829352540662247e-04,3.079259472963733054e-04,3.129458329457769335e-04,3.178936972303562144e-04,3.228414136766985629e-04,3.278883946313161527e-04,3.331705058697585005e-04,3.388717460721651226e-04,3.452396090898512070e-04,3.526052266854393298e-04,3.614098644399772091e-04,3.722397115879200560e-04,3.858716894571375192e-04,4.033337176625816198e-04,4.259842042558012573e-04,4.556168739970824395e-04,4.945993366566925125e-04,5.460562907751442558e-04,6.141122367107623107e-04,7.042130803405565560e-04,8.235528580356332859e-04,9.816395373004216818e-04,1.191044705129552664e-03,1.468392015902060489e-03,1.835646510065393373e-03,2.321746106665593858e-03,2.964506287370216597e-03,3.812314099302134465e-03,4.923891400716891645e-03,6.361045016972996860e-03,8.163111885069683146e-03,1.027417077571865338e-02,1.236453241635902117e-02,1.363330859654035901e-02,1.250153644907422978e-02,6.233283300409365839e-03
0.000000000000000000e+00,0.000000000000000000e+00,0.000000000000000000e+00,0.000000000000000000e+00,0.000000000000000000e+00,0.000000000000000000e+00,0.000000000000000000e+00,0.000000000000000000e+00,0.000000000000000000e+00,0.000000000000000000e+00,0.000000000000000000e+00,0.000000000000000000e+00,0.000000000000000000e+00,0.000000000000000000e+00,0.000000000000000000e+00,0.000000000000000000e+00,0.000000000000000000e+00,0.000000000000000000e+00,0.000000000000000000e+00,0.000000000000000000e+00,0.000000000000000000e+00,0.000000000000000000e+00,0.000000000000000000e+00,0.000000000000000000e+00,0.000000000000000000e+00,0.000000000000000000e+00,0.000000000000000000e+00,0.000000000000000000e+00,0.000000000000000000e+00,0.000000000000000000e+00,0.000000000000000000e+00,0.000000000000000000e+00,0.000000000000000000e+00,0.000000000000000000e+00,0.000000000000000000e+00,0.000000000000000000e+00,0.000000000000000000e+00,0.000000000000000000e+00,0.000000000000000000e+00,0.000000000000000000e+00,0.000000000000000000e+00,0.000000000000000000e+00,0.000000000000000000e+00,0.000000000000000000e+00,0.000000000000000000e+00,0.000000000000000000e+00,0.000000000000000000e+00,0.000000000000000000e+00,0.000000000000000000e+00,0.000000000000000000e+00,0.000000000000000000e+00,0.000000000000000000e+00,0.000000000000000000e+00,0.000000000000000000e+00,0.000000000000000000e+00,0.000000000000000000e+00,0.000000000000000000e+00,0.000000000000000000e+00,0.000000000000000000e+00,0.000000000000000000e+00,0.000000000000000000e+00,0.000000000000000000e+00,0.000000000000000000e+00,0.000000000000000000e+00,0.000000000000000000e+00,0.000000000000000000e+00,0.000000000000000000e+00,0.000000000000000000e+00,0.000000000000000000e+00,0.000000000000000000e+00,0.000000000000000000e+00,0.000000000000000000e+00,0.000000000000000000e+00,0.000000000000000000e+00,0.000000000000000000e+00,0.000000000000000000e+00,0.000000000000000000e+00,0.000000000000000000e+00,0.000000000000000000e+00,0.000000000000000000e+00,0.000000000000000000e+00,0.000000000000000000e+00,0.000000000000000000e+00,0.000000000000000000e+00,0.000000000000000000e+00,0.000000000000000000e+00,0.000000000000000000e+00,0.000000000000000000e+00,0.000000000000000000e+00,0.000000000000000000e+00,0.000000000000000000e+00,0.000000000000000000e+00,0.000000000000000000e+00,0.000000000000000000e+00,0.000000000000000000e+00,0.000000000000000000e+00,0.000000000000000000e+00,0.000000000000000000e+00,0.000000000000000000e+00,0.000000000000000000e+00,0.000000000000000000e+00,0.000000000000000000e+00,0.000000000000000000e+00,0.000000000000000000e+00,0.000000000000000000e+00,0.000000000000000000e+00,0.000000000000000000e+00,0.000000000000000000e+00,0.000000000000000000e+00,0.000000000000000000e+00,0.000000000000000000e+00,0.000000000000000000e+00,0.000000000000000000e+00,0.000000000000000000e+00,0.000000000000000000e+00,0.000000000000000000e+00,0.000000000000000000e+00,0.000000000000000000e+00,0.000000000000000000e+00,0.000000000000000000e+00,0.000000000000000000e+00,0.000000000000000000e+00,0.000000000000000000e+00,0.000000000000000000e+00,0.000000000000000000e+00,0.000000000000000000e+00,0.000000000000000000e+00,0.000000000000000000e+00,0.000000000000000000e+00,0.000000000000000000e+00,0.000000000000000000e+00,0.000000000000000000e+00,0.000000000000000000e+00,0.000000000000000000e+00,0.000000000000000000e+00,0.000000000000000000e+00,0.000000000000000000e+00,0.000000000000000000e+00,0.000000000000000000e+00,0.000000000000000000e+00,0.000000000000000000e+00,0.000000000000000000e+00,0.000000000000000000e+00,0.000000000000000000e+00,0.000000000000000000e+00,0.000000000000000000e+00,0.000000000000000000e+00,0.000000000000000000e+00,0.000000000000000000e+00,0.000000000000000000e+00,0.000000000000000000e+00,0.000000000000000000e+00,0.000000000000000000e+00,0.000000000000000000e+00,0.000000000000000000e+00,0.000000000000000000e+00,0.000000000000000000e+00,0.000000000000000000e+00,0.000000000000000000e+00,0.000000000000000000e+00,0.000000000000000000e+00,0.000000000000000000e+00,0.000000000000000000e+00,0.000000000000000000e+00,0.000000000000000000e+00,0.000000000000000000e+00,0.000000000000000000e+00,0.000000000000000000e+00,0.000000000000000000e+00,0.000000000000000000e+00,0.000000000000000000e+00,0.000000000000000000e+00,0.000000000000000000e+00,0.000000000000000000e+00,0.000000000000000000e+00,0.000000000000000000e+00,-7.138647599558690590e-03,-6.945626381023049800e-03,-5.517566020632150292e-03,-4.070641308333936351e-03,-3.110557624668569381e-03,-2.681544300170644532e-03,-2.606848461712668683e-03,-2.666108554181504438e-03,-2.698316038696594622e-03,-2.635868772039070673e-03,-2.487184515651957688e-03,-2.295804678784216582e-03,-2.103037318010490646e-03,-1.930246151476720318e-03,-1.781469389984551965e-03,-1.654292254283466377e-03,-1.546365798912308336e-03,-1.455691174895538216e-03,-1.379791713397762959e-03,-1.316029004548057921e-03,-1.262056619994632572e-03,-1.215915291839470913e-03,-1.175995135907751841e-03,-1.140991464936207860e-03,-1.109859662513605757e-03,-1.081770051238653638e-03,-1.056067449588775223e-03,-1.032237051343932880e-03,-1.009876329015140049e-03,-9.886721566135792116e-04,-9.683823089398759052e-04,-9.488205529457155408e-04,-9.298446738045062056e-04,-9.113468763819671577e-04,-8.932461201853846402e-04,-8.754820114718254607e-04,-8.580099631984051132e-04,-8.407973691339349059e-04,-8.238206040385935135e-04,-8.070626772061625584e-04,-7.905114187659847058e-04,-7.741580799637237361e-04,-7.579962721807867367e-04,-7.420211620239308822e-04,-7.262288779345232436e-04,-7.106160700751544069e-04,-6.951795999235419214e-04,-6.799163180249174088e-04,-6.648229205955077286e-04,-6.498958545772690271e-04,-6.351312709387282006e-04,-6.205250027226724826e-04,-6.060725728102273448e-04,-5.917692119509266636e-04,-5.776098948250945339e-04,-5.635893774149912687e-04,-5.497022451354888423e-04,-5.359429572474080482e-04,-5.223058979163202166e-04,-5.087854211886643375e-04,-4.953759002770827475e-04,-4.820717696728116903e-04,-4.688675698653285728e-04,-4.557579843458907072e-04,-4.427378778854593818e-04,-4.298023271459150830e-04,-4.169466517388900314e-04,-4.041664382704165059e-04,-3.914575643337602265e-04,-3.788162163743948280e-04,-3.662389069429088616e-04,-3.537224866243804389e-04,-3.412641546050327462e-04,-3.288614646723968141e-04,-3.165123290634262146e-04,-3.042150186016633279e-04,-2.919681599882960831e-04,-2.797707303836855929e-04,-2.676220485576869717e-04,-2.555217644658832644e-04,-2.434698449261230816e-04,-2.314665589773967278e-04,-2.195124589899599124e-04,-2.076083628076366304e-04,-1.957553313971031037e-04,-1.839546489385338035e-04,-1.722077982640920211e-04,-1.605164401654827903e-04,-1.488823879484663223e-04,-1.373075872560074455e-04,-1.257940910591254723e-04,-1.143440412397069364e-04,-1.029596452600959938e-04,-9.164316064388143351e-05,-8.039687443608969333e-05,-6.922309156667370183e-05,-5.812411805030443017e-05,-4.710225402316832856e-05,-3.615978142086822205e-05,-2.529896225092371104e-05,-1.452203124268475549e-05,-3.831199654318468788e-06,6.771346885959382978e-06,1.728343902039439979e-05,2.770292069714487687e-05,3.802763452681198021e-05,4.825541404425239992e-05,5.838406433013465258e-05,6.841135011854139719e-05,7.833497248717836341e-05,8.815255368282263223e-05,9.786161092049631028e-05,1.074595390296354772e-04,1.169435826263166530e-04,1.263108179161506089e-04,1.355581247436278406e-04,1.446821691618010032e-04,1.536793771832304669e-04,1.625459201394717198e-04,1.712776924789136818e-04,1.798703026562006630e-04,1.883190582846682945e-04,1.966189666281213709e-04,2.047647322252784774e-04,2.127507735511493994e-04,2.205712416066829833e-04,2.282200639164259242e-04,2.356909987397411794e-04,2.429777258676392578e-04,2.500739621340648182e-04,2.569736331498899602e-04,2.636710951490190791e-04,2.701614473526642887e-04,2.764409387093963769e-04,2.825075245955471618e-04,2.883615945286619776e-04,2.940069521963574375e-04,2.994520984695909528e-04,3.047119421814309002e-04,3.098100404321323499e-04,3.147815668670998985e-04,3.196771981164851675e-04,3.245682423461268497e-04,3.295533538749949071e-04,3.347673732571764438e-04,3.403929056757720793e-04,3.466755500640260768e-04,3.539438648925370473e-04,3.626356345218897698e-04,3.733323595012066724e-04,3.868046820978987034e-04,4.040721612560401539e-04,4.264821439063567750e-04,4.558138125151369401e-04,4.944157856648598868e-04,5.453881242088629792e-04,6.128235925275146538e-04,7.021275177996607686e-04,8.204424886622453282e-04,9.772118792231053105e-04,1.184927201369563934e-03,1.460114541599622125e-03,1.824623166109315148e-03,2.307259579200915400e-03,2.945702174647806329e-03,3.788221989695087638e-03,4.893510553776796342e-03,6.323473115460875697e-03,8.118253148587174436e-03,1.022312133485378874e-02,1.230788305641396761e-02,1.357701277365858800e-02,1.245973329272928934e-02,6.218248269715418407e-03
0.000000000000000000e+00,0.000000000000000000e+00,0.000000000000000000e+00,0.000000000000000000e+00,0.000000000000000000e+00,0.000000000000000000e+00,0.000000000000000000e+00,0.000000000000000000e+00,0.000000000000000000e+00,0.000000000000000000e+00,0.000000000000000000e+00,0.000000000000000000e+00,0.000000000000000000e+00,0.000000000000000000e+00,0.000000000000000000e+00,0.000000000000000000e+00,0.000000000000000000e+00,0.000000000000000000e+00,0.000000000000000000e+00,0.000000000000000000e+00,0.000000000000000000e+00,0.000000000000000000e+00,0.000000000000000000e+00,0.000000000000000000e+00,0.000000000000000000e+00,0.000000000000000000e+00,0.000000000000000000e+00,0.000000000000000000e+00,0.000000000000000000e+00,0.000000000000000000e+00,0.000000000000000000e+00,0.000000000000000000e+00,0.000000000000000000e+00,0.000000000000000000e+00,0.000000000000000000e+00,0.000000000000000000e+00,0.000000000000000000e+00,0.000000000000000000e+00,0.000000000000000000e+00,0.000000000000000000e+00,0.000000000000000000e+00,0.000000000000000000e+00,0.000000000000000000e+00,0.000000000000000000e+00,0.000000000000000000e+00,0.000000000000000000e+00,0.000000000000000000e+00,0.000000000000000000e+00,0.000000000000000000e+00,0.000000000000000000e+00,0.000000000000000000e+00,0.000000000000000000e+00,0.000000000000000000e+00,0.000000000000000000e+00,0.000000000000000000e+00,0.000000000000000000e+00,0.000000000000000000e+00,0.000000000000000000e+00,0.000000000000000000e+00,0.000000000000000000e+00,0.000000000000000000e+00,0.000000000000000000e+00,0.000000000000000000e+00,0.000000000000000000e+00,0.000000000000000000e+00,0.000000000000000000e+00,0.000000000000000000e+00,0.000000000000000000e+00,0.000000000000000000e+00,0.000000000000000000e+00,0.000000000000000000e+00,0.000000000000000000e+00,0.000000000000000000e+00,0.000000000000000000e+00,0.000000000000000000e+00,0.000000000000000000e+00,0.000000000000000000e+00,0.000000000000000000e+00,0.000000000000000000e+00,0.000000000000000000e+00,0.000000000000000000e+00,0.000000000000000000e+00,0.000000000000000000e+00,0.000000000000000000e+00,0.000000000000000000e+00,0.000000000000000000e+00,0.000000000000000000e+00,0.000000000000000000e+00,0.000000000000000000e+00,0.000000000000000000e+00,0.000000000000000000e+00,0.000000000000000000e+00,0.000000000000000000e+00,0.000000000000000000e+00,0.000000000000000000e+00,0.000000000000000000e+00,0.000000000000000000e+00,0.000000000000000000e+00,0.000000000000000000e+00,0.000000000000000000e+00,0.000000000000000000e+00,0.000000000000000000e+00,0.000000000000000000e+00,0.000000000000000000e+00,0.000000000000000000e+00,0.000000000000000000e+00,0.000000000000000000e+00,0.000000000000000000e+00,0.000000000000000000e+00,0.000000000000000000e+00,0.000000000000000000e+00,0.000000000000000000e+00,0.000000000000000000e+00,0.000000000000000000e+00,0.000000000000000000e+00,0.000000000000000000e+00,0.000000000000000000e+00,0.000000000000000000e+00,0.000000000000000000e+00,0.000000000000000000e+00,0.000000000000000000e+00,0.000000000000000000e+00,0.000000000000000000e+00,0.000000000000000000e+00,0.000000000000000000e+00,0.000000000000000000e+00,0.000000000000000000e+00,0.000000000000000000e+00,0.000000000000000000e+00,0.000000000000000000e+00,0.000000000000000000e+00,0.000000000000000000e+00,0.000000000000000000e+00,0.000000000000000000e+00,0.000000000000000000e+00,0.000000000000000000e+00,0.000000000000000000e+00,0.000000000000000000e+00,0.000000000000000000e+00,0.000000000000000000e+00,0.000000000000000000e+00,0.000000000000000000e+00,0.000000000000000000e+00,0.000000000000000000e+00,0.000000000000000000e+00,0.000000000000000000e+00,0.000000000000000000e+00,0.000000000000000000e+00,0.000000000000000000e+00,0.000000000000000000e+00,0.000000000000000000e+00,0.000000000000000000e+00,0.000000000000000000e+00,0.000000000000000000e+00,0.000000000000000000e+00,0.000000000000000000e+00,0.000000000000000000e+00,0.000000000000000000e+00,0.000000000000000000e+00,0.000000000000000000e+00,0.000000000000000000e+00,0.000000000000000000e+00,0.000000000000000000e+00,0.000000000000000000e+00,0.000000000000000000e+00,0.000000000000000000e+00,0.000000000000000000e+00,0.000000000000000000e+00,0.000000000000000000e+00,0.000000000000000000e+00,0.000000000000000000e+00,0.000000000000000000e+00,0.000000000000000000e+00,0.000000000000000000e+00,0.000000000000000000e+00,0.000000000000000000e+00,-7.163485941777589759e-03,-6.987627855298788118e-03,-5.577535168868162294e-03,-4.154593078948823869e-03,-3.221176394709061516e-03,-2.809444824257947403e-03,-2.731393023357737981e-03,-2.764685777159949908e-03,-2.756526113192121069e-03,-2.652488270897473011e-03,-2.472079529120423547e-03,-2.262969390538821859e-03,-2.063543114895795283e-03,-1.889499142763813354e-03,-1.741107821752095391e-03,-1.615034590703405028e-03,-1.508914780633248236e-03,-1.420416368176830035e-03,-1.346691551855131591e-03,-1.284958994926577646e-03,-1.232849508014484050e-03,-1.188406943392227326e-03,-1.150034162995279465e-03,-1.116444471654058114e-03,-1.086611402822849209e-03,-1.059721169932703122e-03,-1.035131750517289057e-03,-1.012338970109208673e-03,-9.909487985610889588e-04,-9.706548847439682402e-04,-9.512204261678105848e-04,-9.324635669931465726e-04,-9.142456723796297830e-04,-8.964619248164616737e-04,-8.790338129230014681e-04,-8.619031411787347365e-04,-8.450272810966208458e-04,-8.283754125810206814e-04,-8.119255748793260171e-04,-7.956623553380558949e-04,-7.795751012877629154e-04,-7.636565362476883251e-04,-7.479017099158520501e-04,-7.323071985853025741e-04,-7.168705150949287183e-04,-7.015896689179305619e-04,-6.864628556030828374e-04,-6.714882326362330098e-04,-6.566637745333259689e-04,-6.419871754047380480e-04,-6.274558004323252001e-04,-6.130666615882196481e-04,-5.988164238261305030e-04,-5.847014213539025859e-04,-5.707176926153396381e-04,-5.568610165486534728e-04,-5.431269600439355208e-04,-5.295109216921641774e-04,-5.160081823445142541e-04,-5.026139496709105484e-04,-4.893234069944800597e-04,-4.761317551892576172e-04,-4.630342570095085362e-04,-4.500262740971772103e-04,-4.371033049286905258e-04,-4.242610156048945967e-04,-4.114952705895670864e-04,-3.988021570688980028e-04,-3.861780086530263085e-04,-3.736194237618748761e-04,-3.611232827408469349e-04,-3.486867606519193424e-04,-3.363073379971927247e-04,-3.239828080176306176e-04,-3.117112810668386377e-04,-2.994911865197203327e-04,-2.873212709821058365e-04,-2.752005951151842043e-04,-2.631285261022150209e-04,-2.511047299131192990e-04,-2.391291586710674760e-04,-2.272020390910863767e-04,-2.153238555986166801e-04,-2.034953358593740466e-04,-1.917174306716100222e-04,-1.799912976390085240e-04,-1.683182789785636223e-04,-1.566998844797139689e-04,-1.451377684405802003e-04,-1.336337130857845389e-04,-1.221896058396339994e-04,-1.108074243290891301e-04,-9.948921513234387391e-05,-8.823708138913845961e-05,-7.705316404216119809e-05,-6.593963293823329865e-05,-5.489867142424888343e-05,-4.393247164765612368e-05,-3.304322318326287475e-05,-2.223311303559802449e-05,-1.150431875272992001e-05,-8.590134001238466583e-07,9.700636628109841769e-06,2.017246164908571856e-05,3.055428623104462294e-05,4.084391449056538117e-05,5.103912329144670367e-05,6.113764329486509792e-05,7.113714837400146010e-05,8.103523314569441359e-05,9.082939938391331814e-05,1.005170309804724870e-04,1.100953783547561985e-04,1.195615319924495259e-04,1.289124060684363783e-04,1.381447119411002952e-04,1.472549424706319022e-04,1.562393471599297565e-04,1.650939190631815702e-04,1.738143737922508950e-04,1.823961416398496495e-04,1.908343536463377960e-04,1.991238429202850824e-04,2.072591427999950840e-04,2.152345038832073414e-04,2.230439127274373029e-04,2.306811357362066400e-04,2.381397730320190440e-04,2.454133486553790257e-04,2.524954252585738393e-04,2.593797747044085996e-04,2.660605984839895096e-04,2.725328381948865716e-04,2.787925798397162093e-04,2.848376072852602434e-04,2.906681255609924329e-04,2.962877349100597867e-04,3.017047054053158348e-04,3.069336762470069161e-04,3.119978798559580580e-04,3.169320880549096847e-04,3.217864676369967922e-04,3.266316672873724090e-04,3.315654750257914624e-04,3.367215822264882168e-04,3.422810594641348945e-04,3.484874511052457407e-04,3.556665629016120744e-04,3.642524977226618810e-04,3.748218453343694066e-04,3.881387240241697769e-04,4.052140628778709195e-04,4.273838518895339421e-04,4.564124043749341521e-04,4.946289821639046711e-04,5.451085909782669601e-04,6.119117690298237931e-04,7.004026699886276540e-04,8.176716903414831547e-04,9.730966571089910352e-04,1.179087774538009571e-03,1.452071983829308259e-03,1.813780829372444716e-03,2.292887170208084135e-03,2.926930037614195509e-03,3.764063652192219285e-03,4.862949339038091096e-03,6.285574030707660742e-03,8.073027765821132185e-03,1.017165454679542884e-02,1.225046120256655796e-02,1.351970087775677259e-02,1.241725664175762772e-02,6.203140949252110292e-03
0.000000000000000000e+00,0.000000000000000000e+00,0.000000000000000000e+00,0.000000000000000000e+00,0.000000000000000000e+00,0.000000000000000000e+00,0.000000000000000000e+00,0.000000000000000000e+00,0.000000000000000000e+00,0.000000000000000000e+00,0.000000000000000000e+00,0.000000000000000000e+00,0.000000000000000000e+00,0.000000000000000000e+00,0.000000000000000000e+00,0.000000000000000000e+00,0.000000000000000000e+00,0.000000000000000000e+00,0.000000000000000000e+00,0.000000000000000000e+00,0.000000000000000000e+00,0.000000000000000000e+00,0.000000000000000000e+00,0.000000000000000000e+00,0.000000000000000000e+00,0.000000000000000000e+00,0.000000000000000000e+00,0.000000000000000000e+00,0.000000000000000000e+00,0.000000000000000000e+00,0.000000000000000000e+00,0.000000000000000000e+00,0.000000000000000000e+00,0.000000000000000000e+00,0.000000000000000000e+00,0.000000000000000000e+00,0.000000000000000000e+00,0.000000000000000000e+00,0.000000000000000000e+00,0.000000000000000000e+00,0.000000000000000000e+00,0.000000000000000000e+00,0.000000000000000000e+00,0.000000000000000000e+00,0.000000000000000000e+00,0.000000000000000000e+00,0.000000000000000000e+00,0.000000000000000000e+00,0.000000000000000000e+00,0.000000000000000000e+00,0.000000000000000000e+00,0.000000000000000000e+00,0.000000000000000000e+00,0.000000000000000000e+00,0.000000000000000000e+00,0.000000000000000000e+00,0.000000000000000000e+00,0.000000000000000000e+00,0.000000000000000000e+00,0.000000000000000000e+00,0.000000000000000000e+00,0.000000000000000000e+00,0.000000000000000000e+00,0.000000000000000000e+00,0.000000000000000000e+00,0.000000000000000000e+00,0.000000000000000000e+00,0.000000000000000000e+00,0.000000000000000000e+00,0.000000000000000000e+00,0.000000000000000000e+00,0.000000000000000000e+00,0.000000000000000000e+00,0.000000000000000000e+00,0.000000000000000000e+00,0.000000000000000000e+00,0.000000000000000000e+00,0.000000000000000000e+00,0.000000000000000000e+00,0.000000000000000000e+00,0.000000000000000000e+00,0.000000000000000000e+00,0.000000000000000000e+00,0.000000000000000000e+00,0.000000000000000000e+00,0.000000000000000000e+00,0.000000000000000000e+00,0.000000000000000000e+00,0.000000000000000000e+00,0.000000000000000000e+00,0.000000000000000000e+00,0.000000000000000000e+00,0.000000000000000000e+00,0.000000000000000000e+00,0.000000000000000000e+00,0.000000000000000000e+00,0.000000000000000000e+00,0.000000000000000000e+00,0.000000000000000000e+00,0.000000000000000000e+00,0.000000000000000000e+00,0.000000000000000000e+00,0.000000000000000000e+00,0.000000000000000000e+00,0.000000000000000000e+00,0.000000000000000000e+00,0.000000000000000000e+00,0.000000000000000000e+00,0.000000000000000000e+00,0.000000000000000000e+00,0.000000000000000000e+00,0.000000000000000000e+00,0.000000000000000000e+00,0.000000000000000000e+00,0.000000000000000000e+00,0.000000000000000000e+00,0.000000000000000000e+00,0.000000000000000000e+00,0.000000000000000000e+00,0.000000000000000000e+00,0.000000000000000000e+00,0.000000000000000000e+00,0.000000000000000000e+00,0.000000000000000000e+00,0.000000000000000000e+00,0.000000000000000000e+00,0.000000000000000000e+00,0.000000000000000000e+00,0.000000000000000000e+00,0.000000000000000000e+00,0.000000000000000000e+00,0.000000000000000000e+00,0.000000000000000000e+00,0.000000000000000000e+00,0.000000000000000000e+00,0.000000000000000000e+00,0.000000000000000000e+00,0.000000000000000000e+00,0.000000000000000000e+00,0.000000000000000000e+00,0.000000000000000000e+00,0.000000000000000000e+00,0.000000000000000000e+00,0.000000000000000000e+00,0.000000000000000000e+00,0.000000000000000000e+00,0.000000000000000000e+00,0.000000000000000000e+00,0.000000000000000000e+00,0.000000000000000000e+00,0.000000000000000000e+00,0.000000000000000000e+00,0.000000000000000000e+00,0.000000000000000000e+00,0.000000000000000000e+00,0.000000000000000000e+00,0.000000000000000000e+00,0.000000000000000000e+00,0.000000000000000000e+00,0.000000000000000000e+00,0.000000000000000000e+00,0.000000000000000000e+00,0.000000000000000000e+00,0.000000000000000000e+00,0.000000000000000000e+00,0.000000000000000000e+00,0.000000000000000000e+00,0.000000000000000000e+00,0.000000000000000000e+00,0.000000000000000000e+00,0.000000000000000000e+00,0.000000000000000000e+00,0.000000000000000000e+00,0.000000000000000000e+00,0.000000000000000000e+00,0.000000000000000000e+00,-7.190065915260845236e-03,-7.032310983020584154e-03,-5.641357657637116260e-03,-4.243030328926905743e-03,-3.335198849497976459e-03,-2.937575500659229347e-03,-2.851907945407572420e-03,-2.855733221742164183e-03,-2.806085047577424035e-03,-2.662201836797935522e-03,-2.453694111208043396e-03,-2.230456767449300309e-03,-2.026475446445879635e-03,-1.851736150613550805e-03,-1.703657460623723323e-03,-1.578603613874411411e-03,-1.474171535192898928e-03,-1.387604462826506468e-03,-1.315752392873400806e-03,-1.255758232940987510e-03,-1.205246245741818049e-03,-1.162265426948161503e-03,-1.125231821246397900e-03,-1.092875018834602160e-03,-1.064183691730510991e-03,-1.038356749517296363e-03,-1.014762406005281477e-03,-9.929045844609496550e-04,-9.723956081953430766e-04,-9.529341055792712447e-04,-9.342871947305445230e-04,-9.162761354629002765e-04,-8.987648061749254572e-04,-8.816504581412824967e-04,-8.648563282903623441e-04,-8.483257433079342260e-04,-8.320174433194739037e-04,-8.159018760641743905e-04,-7.999582868719703251e-04,-7.841724336177925778e-04,-7.685348166896352690e-04,-7.530393053768411624e-04,-7.376820938878284224e-04,-7.224609033069992600e-04,-7.073743914702532208e-04,-6.924217106343781960e-04,-6.776021942695420984e-04,-6.629151291124468943e-04,-6.483596068188854410e-04,-6.339344225521439426e-04,-6.196380230617251021e-04,-6.054684788678887670e-04,-5.914234875544474362e-04,-5.775003872994414296e-04,-5.636961896726654098e-04,-5.500076140109662380e-04,-5.364311333192773581e-04,-5.229630167900055707e-04,-5.095993791759194065e-04,-4.963362245316291829e-04,-4.831694940669359448e-04,-4.700951075541640522e-04,-4.571090068646193640e-04,-4.442071928135416198e-04,-4.313857624868972472e-04,-4.186409401380784064e-04,-4.059691074077188431e-04,-3.933668279843735289e-04,-3.808308708655090712e-04,-3.683582292621202466e-04,-3.559461374382013872e-04,-3.435920843473392662e-04,-3.312938243679456251e-04,-3.190493858578735535e-04,-3.068570758997552373e-04,-2.947154839003482039e-04,-2.826234805500957769e-04,-2.705802167660060521e-04,-2.585851172797977763e-04,-2.466378754185778689e-04,-2.347384419390853853e-04,-2.228870163264956388e-04,-2.110840316766924110e-04,-1.993301433544056344e-04,-1.876262108707226937e-04,-1.759732848527188634e-04,-1.643725869618703614e-04,-1.528254962018794590e-04,-1.413335279852246296e-04,-1.298983208341908206e-04,-1.185216157041604117e-04,-1.072052440963378972e-04,-9.595110868088486521e-05,-8.476117374487216491e-05,-7.363744804783190856e-05,-6.258197839729325311e-05,-5.159683552667928896e-05,-4.068411143336978674e-05,-2.984590889866726955e-05,-1.908434304195032706e-05,-8.401534907508123674e-06,2.200382521523760864e-06,1.271926646255952119e-05,2.315295384129633684e-05,3.349925918729825035e-05,4.375595987797856450e-05,5.392079005625516444e-05,6.399142205534141814e-05,7.396545683225453456e-05,8.384040223288362131e-05,9.361366064652535963e-05,1.032825049709222597e-04,1.128440643934659207e-04,1.222952991061569911e-04,1.316329853295863310e-04,1.408536900445087579e-04,1.499537566351540323e-04,1.589292812176971959e-04,1.677761006912477804e-04,1.764897727728014756e-04,1.850655689846859907e-04,1.934984614951154884e-04,2.017831249456416719e-04,2.099139350534106436e-04,2.178849857373692559e-04,2.256901078720318526e-04,2.333229128264211133e-04,2.407768459597427950e-04,2.480452759992040832e-04,2.551216088568667513e-04,2.619994568424649094e-04,2.686728575259252874e-04,2.751365819984766909e-04,2.813865364788333684e-04,2.874203120573708115e-04,2.932379031441107787e-04,2.988426748655361852e-04,3.042426286041761225e-04,3.094520888913927727e-04,3.144939103240409735e-04,3.194024004625210431e-04,3.242271432805519851e-04,3.290380430370274767e-04,3.339319230791019640e-04,3.390412122391604863e-04,3.445453165644458016e-04,3.506855777973307540e-04,3.577848811916396646e-04,3.662734590148221587e-04,3.767227780045622116e-04,3.898901949136985667e-04,4.067777429973520507e-04,4.287097562662831496e-04,4.574353392512389856e-04,4.952640049515921218e-04,5.452452407252673851e-04,6.114067959673881317e-04,6.990709472500369675e-04,8.152749966769841632e-04,9.693300474311754332e-04,1.173563454877129533e-03,1.444301019412484038e-03,1.803154064152867435e-03,2.278658867632435761e-03,2.908211980181129794e-03,3.739849353628563015e-03,4.832199924182682335e-03,6.247317342803773710e-03,8.027412654774544742e-03,1.011971288047876401e-02,1.219212659905718511e-02,1.346119358894573223e-02,1.237398520450940648e-02,6.187953795068226043e-03
0.000000000000000000e+00,0.000000000000000000e+00,0.000000000000000000e+00,0.000000000000000000e+00,0.000000000000000000e+00,0.000000000000000000e+00,0.000000000000000000e+00,0.000000000000000000e+00,0.000000000000000000e+00,0.000000000000000000e+00,0.000000000000000000e+00,0.000000000000000000e+00,0.000000000000000000e+00,0.000000000000000000e+00,0.000000000000000000e+00,0.000000000000000000e+00,0.000000000000000000e+00,0.000000000000000000e+00,0.000000000000000000e+00,0.000000000000000000e+00,0.000000000000000000e+00,0.000000000000000000e+00,0.000000000000000000e+00,0.000000000000000000e+00,0.000000000000000000e+00,0.000000000000000000e+00,0.000000000000000000e+00,0.000000000000000000e+00,0.000000000000000000e+00,0.000000000000000000e+00,0.000000000000000000e+00,0.000000000000000000e+00,0.000000000000000000e+00,0.000000000000000000e+00,0.000000000000000000e+00,0.000000000000000000e+00,0.000000000000000000e+00,0.000000000000000000e+00,0.000000000000000000e+00,0.000000000000000000e+00,0.000000000000000000e+00,0.000000000000000000e+00,0.000000000000000000e+00,0.000000000000000000e+00,0.000000000000000000e+00,0.000000000000000000e+00,0.000000000000000000e+00,0.000000000000000000e+00,0.000000000000000000e+00,0.000000000000000000e+00,0.000000000000000000e+00,0.000000000000000000e+00,0.000000000000000000e+00,0.000000000000000000e+00,0.000000000000000000e+00,0.000000000000000000e+00,0.000000000000000000e+00,0.000000000000000000e+00,0.000000000000000000e+00,0.000000000000000000e+00,0.000000000000000000e+00,0.000000000000000000e+00,0.000000000000000000e+00,0.000000000000000000e+00,0.000000000000000000e+00,0.000000000000000000e+00,0.000000000000000000e+00,0.000000000000000000e+00,0.000000000000000000e+00,0.000000000000000000e+00,0.000000000000000000e+00,0.000000000000000000e+00,0.000000000000000000e+00,0.000000000000000000e+00,0.000000000000000000e+00,0.000000000000000000e+00,0.000000000000000000e+00,0.000000000000000000e+00,0.000000000000000000e+00,0.000000000000000000e+00,0.000000000000000000e+00,0.000000000000000000e+00,0.000000000000000000e+00,0.000000000000000000e+00,0.000000000000000000e+00,0.000000000000000000e+00,0.000000000000000000e+00,0.000000000000000000e+00,0.000000000000000000e+00,0.000000000000000000e+00,0.000000000000000000e+00,0.000000000000000000e+00,0.000000000000000000e+00,0.000000000000000000e+00,0.000000000000000000e+00,0.000000000000000000e+00,0.000000000000000000e+00,0.000000000000000000e+00,0.000000000000000000e+00,0.000000000000000000e+00,0.000000000000000000e+00,0.000000000000000000e+00,0.000000000000000000e+00,0.000000000000000000e+00,0.000000000000000000e+00,0.000000000000000000e+00,0.000000000000000000e+00,0.000000000000000000e+00,0.000000000000000000e+00,0.000000000000000000e+00,0.000000000000000000e+00,0.000000000000000000e+00,0.000000000000000000e+00,0.000000000000000000e+00,0.000000000000000000e+00,0.000000000000000000e+00,0.000000000000000000e+00,0.000000000000000000e+00,0.000000000000000000e+00,0.000000000000000000e+00,0.000000000000000000e+00,0.000000000000000000e+00,0.000000000000000000e+00,0.000000000000000000e+00,0.000000000000000000e+00,0.000000000000000000e+00,0.000000000000000000e+00,0.000000000000000000e+00,0.000000000000000000e+00,0.000000000000000000e+00,0.000000000000000000e+00,0.000000000000000000e+00,0.000000000000000000e+00,0.000000000000000000e+00,0.000000000000000000e+00,0.000000000000000000e+00,0.000000000000000000e+00,0.000000000000000000e+00,0.000000000000000000e+00,0.000000000000000000e+00,0.000000000000000000e+00,0.000000000000000000e+00,0.000000000000000000e+00,0.000000000000000000e+00,0.000000000000000000e+00,0.000000000000000000e+00,0.000000000000000000e+00,0.000000000000000000e+00,0.000000000000000000e+00,0.000000000000000000e+00,0.000000000000000000e+00,0.000000000000000000e+00,0.000000000000000000e+00,0.000000000000000000e+00,0.000000000000000000e+00,0.000000000000000000e+00,0.000000000000000000e+00,0.000000000000000000e+00,0.000000000000000000e+00,0.000000000000000000e+00,0.000000000000000000e+00,0.000000000000000000e+00,0.000000000000000000e+00,0.000000000000000000e+00,0.000000000000000000e+00,0.000000000000000000e+00,0.000000000000000000e+00,0.000000000000000000e+00,0.000000000000000000e+00,0.000000000000000000e+00,0.000000000000000000e+00,0.000000000000000000e+00,0.000000000000000000e+00,0.000000000000000000e+00,0.000000000000000000e+00,0.000000000000000000e+00,-7.218347451633812771e-03,-7.079637592251718757e-03,-5.708875746448341046e-03,-4.335537855289133338e-03,-3.451929611296717087e-03,-3.065134356499774320e-03,-2.967806285779707540e-03,-2.939198851484659761e-03,-2.847620977704259492e-03,-2.666155100273660383e-03,-2.433230286771616204e-03,-2.199027282257367752e-03,-1.991994575515614735e-03,-1.816771183502946356e-03,-1.668893855289988641e-03,-1.544804179264063328e-03,-1.441922656530599412e-03,-1.357034051096427454e-03,-1.286777427148468088e-03,-1.228263990574566221e-03,-1.179116394295201976e-03,-1.137389726780276521e-03,-1.101513024468987745e-03,-1.070229982642009444e-03,-1.042541542304203624e-03,-1.017656553288220390e-03,-9.949510421385803806e-04,-9.739349694713305555e-04,-9.542252869221644731e-04,-9.355241620447889064e-04,-9.176014267993359841e-04,-9.002804379021019966e-04,-8.834267197880019693e-04,-8.669388473159060637e-04,-8.507411598650184859e-04,-8.347779415307409389e-04,-8.190088034215344632e-04,-8.034050192888426414e-04,-7.879466459400513191e-04,-7.726202572525801447e-04,-7.574171868384787457e-04,-7.423321600373754487e-04,-7.273622524822735387e-04,-7.125060905453237461e-04,-6.977632587705513267e-04,-6.831338529840924774e-04,-6.686181627166736322e-04,-6.542164378589396430e-04,-6.399287355286330118e-04,-6.257548134288240397e-04,-6.116940733982570650e-04,-5.977455290167908806e-04,-5.839078050095985236e-04,-5.701791471516591070e-04,-5.565574520247225073e-04,-5.430402987919778724e-04,-5.296249928391259321e-04,-5.163086065187872786e-04,-5.030880267816121437e-04,-4.899599977001617337e-04,-4.769211668993985948e-04,-4.639681261853306716e-04,-4.510974539398950804e-04,-4.383057516050419293e-04,-4.255896801332970472e-04,-4.129459908777317651e-04,-4.003715551165012206e-04,-3.878633889579465900e-04,-3.754186760300163390e-04,-3.630347868624090322e-04,-3.507092953326391960e-04,-3.384399930896842749e-04,-3.262249001794854356e-04,-3.140622747750042255e-04,-3.019506181581123111e-04,-2.898886799027037176e-04,-2.778754574338188153e-04,-2.659101969449989447e-04,-2.539923879384097796e-04,-2.421217603383589326e-04,-2.302982746013864800e-04,-2.185221156506140508e-04,-2.067936793130478810e-04,-1.951135638462033297e-04,-1.834825535846405873e-04,-1.719016089227463657e-04,-1.603718481305879500e-04,-1.488945367138701258e-04,-1.374710684109994255e-04,-1.261029548765312046e-04,-1.147918068731419830e-04,-1.035393251980436908e-04,-9.234728302872600037e-05,-8.121751892510559569e-05,-7.015192118637055105e-05,-5.915242364237053169e-05,-4.822099274504262765e-05,-3.735962671991661731e-05,-2.657034596252447520e-05,-1.585519595786647647e-05,-5.216241379049546763e-06,5.344427000235120811e-06,1.582469430336396377e-05,2.622241061937243483e-05,3.653538910623295368e-05,4.676139122537895820e-05,5.689812117266786353e-05,6.694320767300433500e-05,7.689419517162506305e-05,8.674852277897771729e-05,9.650351285608971632e-05,1.061563478845037746e-04,1.157040572687110294e-04,1.251434930913282440e-04,1.344713161580053142e-04,1.436839718098201701e-04,1.527776764984404006e-04,1.617483951386000055e-04,1.705918299167230384e-04,1.793034012021065720e-04,1.878782410408477558e-04,1.963111806431676993e-04,2.045967524018872988e-04,2.127291888453815142e-04,2.207024395902928526e-04,2.285101900923150638e-04,2.361459046074788188e-04,2.436028792737596671e-04,2.508743304538502616e-04,2.579535076237485930e-04,2.648338609679005062e-04,2.715092585745794646e-04,2.779742921759756390e-04,2.842246758368451140e-04,2.902577915492312536e-04,2.960734024265655371e-04,3.016746128287564220e-04,3.070691241850152819e-04,3.122709086325771823e-04,3.173023978462674783e-04,3.221973815469371979e-04,3.270047976462214681e-04,3.317937317215866283e-04,3.366599557481236046e-04,3.417345353345255200e-04,3.471950957062841102e-04,3.532806423717129839e-04,3.603109872889199137e-04,3.687123180875657167e-04,3.790507806568643181e-04,3.920767453717300408e-04,4.087830930892316010e-04,4.304822066898960904e-04,4.589076375533297802e-04,4.963487401630508299e-04,5.458289839161936836e-04,6.113427036849275638e-04,6.981694947400076453e-04,8.132925098389573665e-04,9.659547271954406792e-04,1.168398790658601487e-03,1.436846914089697468e-03,1.792787084953434808e-03,2.264615249131862913e-03,2.889581347237660074e-03,3.715600705455352013e-03,4.801264457041476245e-03,6.208683367499628382e-03,7.981395121019956712e-03,1.006723125459019902e-02,1.213270970814336012e-02,1.340127315930036110e-02,1.232976595709301890e-02,6.172671029075026475e-03
0.000000000000000000e+00,0.000000000000000000e+00,0.000000000000000000e+00,0.000000000000000000e+00,0.000000000000000000e+00,0.000000000000000000e+00,0.000000000000000000e+00,0.000000000000000000e+00,0.000000000000000000e+00,0.000000000000000000e+00,0.000000000000000000e+00,0.000000000000000000e+00,0.000000000000000000e+00,0.000000000000000000e+00,0.000000000000000000e+00,0.000000000000000000e+00,0.000000000000000000e+00,0.000000000000000000e+00,0.000000000000000000e+00,0.000000000000000000e+00,0.000000000000000000e+00,0.000000000000000000e+00,0.000000000000000000e+00,0.000000000000000000e+00,0.000000000000000000e+00,0.000000000000000000e+00,0.000000000000000000e+00,0.000000000000000000e+00,0.000000000000000000e+00,0.000000000000000000e+00,0.000000000000000000e+00,0.000000000000000000e+00,0.000000000000000000e+00,0.000000000000000000e+00,0.000000000000000000e+00,0.000000000000000000e+00,0.000000000000000000e+00,0.000000000000000000e+00,0.000000000000000000e+00,0.000000000000000000e+00,0.000000000000000000e+00,0.000000000000000000e+00,0.000000000000000000e+00,0.000000000000000000e+00,0.000000000000000000e+00,0.000000000000000000e+00,0.000000000000000000e+00,0.000000000000000000e+00,0.000000000000000000e+00,0.000000000000000000e+00,0.000000000000000000e+00,0.000000000000000000e+00,0.000000000000000000e+00,0.000000000000000000e+00,0.000000000000000000e+00,0.000000000000000000e+00,0.000000000000000000e+00,0.000000000000000000e+00,0.000000000000000000e+00,0.000000000000000000e+00,0.000000000000000000e+00,0.000000000000000000e+00,0.000000000000000000e+00,0.000000000000000000e+00,0.000000000000000000e+00,0.000000000000000000e+00,0.000000000000000000e+00,0.000000000000000000e+00,0.000000000000000000e+00,0.000000000000000000e+00,0.000000000000000000e+00,0.000000000000000000e+00,0.000000000000000000e+00,0.000000000000000000e+00,0.000000000000000000e+00,0.000000000000000000e+00,0.000000000000000000e+00,0.000000000000000000e+00,0.000000000000000000e+00,0.000000000000000000e+00,0.000000000000000000e+00,0.000000000000000000e+00,0.000000000000000000e+00,0.000000000000000000e+00,0.000000000000000000e+00,0.000000000000000000e+00,0.000000000000000000e+00,0.000000000000000000e+00,0.000000000000000000e+00,0.000000000000000000e+00,0.000000000000000000e+00,0.000000000000000000e+00,0.000000000000000000e+00,0.000000000000000000e+00,0.000000000000000000e+00,0.000000000000000000e+00,0.000000000000000000e+00,0.000000000000000000e+00,0.000000000000000000e+00,0.000000000000000000e+00,0.000000000000000000e+00,0.000000000000000000e+00,0.000000000000000000e+00,0.000000000000000000e+00,0.000000000000000000e+00,0.000000000000000000e+00,0.000000000000000000e+00,0.000000000000000000e+00,0.000000000000000000e+00,0.000000000000000000e+00,0.000000000000000000e+00,0.000000000000000000e+00,0.000000000000000000e+00,0.000000000000000000e+00,0.000000000000000000e+00,0.000000000000000000e+00,0.000000000000000000e+00,0.000000000000000000e+00,0.000000000000000000e+00,0.000000000000000000e+00,0.000000000000000000e+00,0.000000000000000000e+00,0.000000000000000000e+00,0.000000000000000000e+00,0.000000000000000000e+00,0.000000000000000000e+00,0.000000000000000000e+00,0.000000000000000000e+00,0.000000000000000000e+00,0.000000000000000000e+00,0.000000000000000000e+00,0.000000000000000000e+00,0.000000000000000000e+00,0.000000000000000000e+00,0.000000000000000000e+00,0.000000000000000000e+00,0.000000000000000000e+00,0.000000000000000000e+00,0.000000000000000000e+00,0.000000000000000000e+00,0.000000000000000000e+00,0.000000000000000000e+00,0.000000000000000000e+00,0.000000000000000000e+00,0.000000000000000000e+00,0.000000000000000000e+00,0.000000000000000000e+00,0.000000000000000000e+00,0.000000000000000000e+00,0.000000000000000000e+00,0.000000000000000000e+00,0.000000000000000000e+00,0.000000000000000000e+00,0.000000000000000000e+00,0.000000000000000000e+00,0.000000000000000000e+00,0.000000000000000000e+00,0.000000000000000000e+00,0.000000000000000000e+00,0.000000000000000000e+00,0.000000000000000000e+00,0.000000000000000000e+00,0.000000000000000000e+00,0.000000000000000000e+00,0.000000000000000000e+00,0.000000000000000000e+00,0.000000000000000000e+00,0.000000000000000000e+00,0.000000000000000000e+00,0.000000000000000000e+00,0.000000000000000000e+00,0.000000000000000000e+00,0.000000000000000000e+00,0.000000000000000000e+00,0.000000000000000000e+00,0.000000000000000000e+00,-7.248282662728490131e-03,-7.129546811368424331e-03,-5.779910272321962805e-03,-4.431707745131721089e-03,-3.570735735813699695e-03,-3.191444876343338920e-03,-3.078669372672582054e-03,-3.015196067847318410e-03,-2.881861360683691999e-03,-2.665464455702973821e-03,-2.411717472529206156e-03,-2.169206328740775833e-03,-1.960098979660117313e-03,-1.784386318712459204e-03,-1.636618597806805200e-03,-1.513451601730985861e-03,-1.411958451676346114e-03,-1.328499196042701083e-03,-1.259589433598491074e-03,-1.202329971034813349e-03,-1.154342110281135177e-03,-1.113687887875244821e-03,-1.078808413057089511e-03,-1.048459072981164364e-03,-1.021650479198513151e-03,-9.975990862142237493e-04,-9.756867361723570381e-04,-9.554277565472047784e-04,-9.364423393541902599e-04,-9.184350350860509245e-04,-9.011774185353185664e-04,-8.844941201270582493e-04,-8.682516050015179647e-04,-8.523491613058864751e-04,-8.367116974283707711e-04,-8.212839845380935384e-04,-8.060260863419417858e-04,-7.909097278151911575e-04,-7.759154391178067463e-04,-7.610303035688171071e-04,-7.462462086383138708e-04,-7.315584803999051772e-04,-7.169648417964925944e-04,-7.024646095731088696e-04,-6.880580972998423007e-04,-6.737461625738171709e-04,-6.595298836147765699e-04,-6.454103195446533403e-04,-6.313883513087259047e-04,-6.174645690268446008e-04,-6.036392100196966192e-04,-5.899121211606295429e-04,-5.762827534939956144e-04,-5.627501679094436098e-04,-5.493130610577277254e-04,-5.359697940142407139e-04,-5.227184329828698595e-04,-5.095567878714963271e-04,-4.964824576328220667e-04,-4.834928712812587548e-04,-4.705853324574349353e-04,-4.577570590589994325e-04,-4.450052241353479759e-04,-4.323269918534436364e-04,-4.197195527953348276e-04,-4.071801547448746709e-04,-3.947061313184002033e-04,-3.822949270647490062e-04,-3.699441194354591159e-04,-3.576514386046401916e-04,-3.454147833931537834e-04,-3.332322364231531196e-04,-3.211020745049329608e-04,-3.090227794578440232e-04,-2.969930431968187965e-04,-2.850117743835564642e-04,-2.730780984439076515e-04,-2.611913603088416550e-04,-2.493511197563637663e-04,-2.375571506649188302e-04,-2.258094322380065284e-04,-2.141081453440015544e-04,-2.024536603332495412e-04,-1.908465311713741601e-04,-1.792874806743035892e-04,-1.677773932203560734e-04,-1.563172982903951252e-04,-1.449083625851190361e-04,-1.335518727935378915e-04,-1.222492279637517722e-04,-1.110019224276091661e-04,-9.981153925013034527e-05,-8.867973419185716760e-05,-7.760823098965884397e-05,-6.659880714372897121e-05,-5.565329167441170511e-05,-4.477355339779712370e-05,-3.396150167140801730e-05,-2.321907768423958423e-05,-1.254825855867559815e-05,-1.951052023794084041e-06,8.570495917778367216e-06,1.901430273626717111e-05,2.937823811241240210e-05,3.966012209145715274e-05,4.985771037804431901e-05,5.996868908336045330e-05,6.999065691704513335e-05,7.992111690200029656e-05,8.975745598557785673e-05,9.949693428368363202e-05,1.091366628064674595e-04,1.186735909756882608e-04,1.281044833387499156e-04,1.374259063023897370e-04,1.466342049190143260e-04,1.557254900468368539e-04,1.646956166043363505e-04,1.735401727898401299e-04,1.822544617458720273e-04,1.908334952269017304e-04,1.992719816247242920e-04,2.075643278751128091e-04,2.157046386750133141e-04,2.236867329987619066e-04,2.315041627855524511e-04,2.391502550997172958e-04,2.466181647535900458e-04,2.539009614130381481e-04,2.609917415092291495e-04,2.678837940037702946e-04,2.745708158200487457e-04,2.810472147969260491e-04,2.873085052607140264e-04,2.933518490974692194e-04,2.991767633325615578e-04,3.047860724452590257e-04,3.101871538993968783e-04,3.153935977761320006e-04,3.204273766867966368e-04,3.253217189002055847e-04,3.301248640855316413e-04,3.349050171583325681e-04,3.397568255854345747e-04,3.448099059982590118e-04,3.502400028036217901e-04,3.562836692855453238e-04,3.632575100654628704e-04,3.715835136577605685e-04,3.818223270494947225e-04,3.947171284402550091e-04,4.112514066446994231e-04,4.327253109954639883e-04,4.608565009332175888e-04,4.979137569331820419e-04,5.468940077149172727e-04,6.117574991030159601e-04,6.977402546948340955e-04,8.117700830784277790e-04,9.630202204056857599e-04,1.163646413690080190e-03,1.429764375136390086e-03,1.782734976806137290e-03,2.250809160042507341e-03,2.871084954085008790e-03,3.691353487182413417e-03,4.770158496063442097e-03,6.169668213999174831e-03,7.934975650580346901e-03,1.001413518513499107e-02,1.207200754004103191e-02,1.333967891127603618e-02,1.228440941779848639e-02,6.157265714001704422e-03
0.000000000000000000e+00,0.000000000000000000e+00,0.000000000000000000e+00,0.000000000000000000e+00,0.000000000000000000e+00,0.000000000000000000e+00,0.000000000000000000e+00,0.000000000000000000e+00,0.000000000000000000e+00,0.000000000000000000e+00,0.000000000000000000e+00,0.000000000000000000e+00,0.000000000000000000e+00,0.000000000000000000e+00,0.000000000000000000e+00,0.000000000000000000e+00,0.000000000000000000e+00,0.000000000000000000e+00,0.000000000000000000e+00,0.000000000000000000e+00,0.000000000000000000e+00,0.000000000000000000e+00,0.000000000000000000e+00,0.000000000000000000e+00,0.000000000000000000e+00,0.000000000000000000e+00,0.000000000000000000e+00,0.000000000000000000e+00,0.000000000000000000e+00,0.000000000000000000e+00,0.000000000000000000e+00,0.000000000000000000e+00,0.000000000000000000e+00,0.000000000000000000e+00,0.000000000000000000e+00,0.000000000000000000e+00,0.000000000000000000e+00,0.000000000000000000e+00,0.000000000000000000e+00,0.000000000000000000e+00,0.000000000000000000e+00,0.000000000000000000e+00,0.000000000000000000e+00,0.000000000000000000e+00,0.000000000000000000e+00,0.000000000000000000e+00,0.000000000000000000e+00,0.000000000000000000e+00,0.000000000000000000e+00,0.000000000000000000e+00,0.000000000000000000e+00,0.000000000000000000e+00,0.000000000000000000e+00,0.000000000000000000e+00,0.000000000000000000e+00,0.000000000000000000e+00,0.000000000000000000e+00,0.000000000000000000e+00,0.000000000000000000e+00,0.000000000000000000e+00,0.000000000000000000e+00,0.000000000000000000e+00,0.000000000000000000e+00,0.000000000000000000e+00,0.000000000000000000e+00,0.000000000000000000e+00,0.000000000000000000e+00,0.000000000000000000e+00,0.000000000000000000e+00,0.000000000000000000e+00,0.000000000000000000e+00,0.000000000000000000e+00,0.000000000000000000e+00,0.000000000000000000e+00,0.000000000000000000e+00,0.000000000000000000e+00,0.000000000000000000e+00,0.000000000000000000e+00,0.000000000000000000e+00,0.000000000000000000e+00,0.000000000000000000e+00,0.000000000000000000e+00,0.000000000000000000e+00,0.000000000000000000e+00,0.000000000000000000e+00,0.000000000000000000e+00,0.000000000000000000e+00,0.000000000000000000e+00,0.000000000000000000e+00,0.000000000000000000e+00,0.000000000000000000e+00,0.000000000000000000e+00,0.000000000000000000e+00,0.000000000000000000e+00,0.000000000000000000e+00,0.000000000000000000e+00,0.000000000000000000e+00,0.000000000000000000e+00,0.000000000000000000e+00,0.000000000000000000e+00,0.000000000000000000e+00,0.000000000000000000e+00,0.000000000000000000e+00,0.000000000000000000e+00,0.000000000000000000e+00,0.000000000000000000e+00,0.000000000000000000e+00,0.000000000000000000e+00,0.000000000000000000e+00,0.000000000000000000e+00,0.000000000000000000e+00,0.000000000000000000e+00,0.000000000000000000e+00,0.000000000000000000e+00,0.000000000000000000e+00,0.000000000000000000e+00,0.000000000000000000e+00,0.000000000000000000e+00,0.000000000000000000e+00,0.000000000000000000e+00,0.000000000000000000e+00,0.000000000000000000e+00,0.000000000000000000e+00,0.000000000000000000e+00,0.000000000000000000e+00,0.000000000000000000e+00,0.000000000000000000e+00,0.000000000000000000e+00,0.000000000000000000e+00,0.000000000000000000e+00,0.000000000000000000e+00,0.000000000000000000e+00,0.000000000000000000e+00,0.000000000000000000e+00,0.000000000000000000e+00,0.000000000000000000e+00,0.000000000000000000e+00,0.000000000000000000e+00,0.000000000000000000e+00,0.000000000000000000e+00,0.000000000000000000e+00,0.000000000000000000e+00,0.000000000000000000e+00,0.000000000000000000e+00,0.000000000000000000e+00,0.000000000000000000e+00,0.000000000000000000e+00,0.000000000000000000e+00,0.000000000000000000e+00,0.000000000000000000e+00,0.000000000000000000e+00,0.000000000000000000e+00,0.000000000000000000e+00,0.000000000000000000e+00,0.000000000000000000e+00,0.000000000000000000e+00,0.000000000000000000e+00,0.000000000000000000e+00,0.000000000000000000e+00,0.000000000000000000e+00,0.000000000000000000e+00,0.000000000000000000e+00,0.000000000000000000e+00,0.000000000000000000e+00,0.000000000000000000e+00,0.000000000000000000e+00,0.000000000000000000e+00,0.000000000000000000e+00,0.000000000000000000e+00,0.000000000000000000e+00,0.000000000000000000e+00,0.000000000000000000e+00,0.000000000000000000e+00,0.000000000000000000e+00,0.000000000000000000e+00,0.000000000000000000e+00,-7.279821859759227042e-03,-7.181964161892149742e-03,-5.854271250078322934e-03,-4.531147864029966624e-03,-3.691047032451905130e-03,-3.315943205765144088e-03,-3.184220482059474996e-03,-3.083967746005619216e-03,-2.909593879865804162e-03,-2.661186018440684590e-03,-2.390008154104235772e-03,-2.141319838484227831e-03,-1.930682515372748138e-03,-1.754367098726282524e-03,-1.606658763557256009e-03,-1.484365191067487863e-03,-1.384075978511735416e-03,-1.301811127046674336e-03,-1.234028250347033763e-03,-1.177823159259663117e-03,-1.130815478744945672e-03,-1.091074738506607467e-03,-1.057052521533616589e-03,-1.027513486156699397e-03,-1.001475629332720637e-03,-9.781610422645503275e-04,-9.569557383708031948e-04,-9.373770554403422928e-04,-9.190473067640057836e-04,-9.016724950045932599e-04,-8.850251554784105325e-04,-8.689305267556631397e-04,-8.532554419946514115e-04,-8.378994040603748080e-04,-8.227874518205381855e-04,-8.078644537796076828e-04,-7.930905768469071393e-04,-7.784376813364328983e-04,-7.638864832959820893e-04,-7.494243122958815914e-04,-7.350433676751107377e-04,-7.207393529234221207e-04,-7.065104317444513169e-04,-6.923564198779891309e-04,-6.782781824596592927e-04,-6.642771742403508900e-04,-6.503551094535318803e-04,-6.365137149378514428e-04,-6.227545643901115716e-04,-6.090789590845271679e-04,-5.954878597277520015e-04,-5.819818430002815296e-04,-5.685610907634662753e-04,-5.552253909847864417e-04,-5.419741592165854167e-04,-5.288064636907681198e-04,-5.157210625609377850e-04,-5.027164399410665981e-04,-4.897908485264278709e-04,-4.769423488193238504e-04,-4.641688514773858782e-04,-4.514681557216040225e-04,-4.388379884372069478e-04,-4.262760394448320131e-04,-4.137799954104669675e-04,-4.013475704036126128e-04,-3.889765334659446203e-04,-3.766647338208627691e-04,-3.644101220058973173e-04,-3.522107700586105095e-04,-3.400648868164385364e-04,-3.279708337171682387e-04,-3.159271348465646592e-04,-3.039324887374374325e-04,-2.919857734587374639e-04,-2.800860545908510739e-04,-2.682325855934648623e-04,-2.564248121949310984e-04,-2.446623684184177179e-04,-2.329450777684818940e-04,-2.212729454413848540e-04,-2.096461568306939036e-04,-1.980650665875352990e-04,-1.865301950896064616e-04,-1.750422151252362915e-04,-1.636019470427139521e-04,-1.522103438813395904e-04,-1.408684859451938003e-04,-1.295775652255668950e-04,-1.183388801598560811e-04,-1.071538201915973469e-04,-9.602386145569280290e-05,-8.495055228453802642e-05,-7.393551049914911394e-05,-6.298041058721800308e-05,-5.208698318035902839e-05,-4.125700451602683629e-05,-3.049229856367399283e-05,-1.979472925162846191e-05,-9.166205574691851964e-06,1.391323072276434675e-06,1.187585861599642287e-05,2.228535567282949708e-05,3.261771006268492242e-05,4.287075685433526832e-05,5.304225579576612456e-05,6.312988618382006309e-05,7.313122950109342409e-05,8.304376143269328887e-05,9.286483216270835441e-05,1.025916560316725290e-04,1.122212901100771239e-04,1.217506221644123202e-04,1.311763482941041077e-04,1.404949600741173612e-04,1.497027222544402398e-04,1.587956602130014157e-04,1.677695390363464958e-04,1.766198528510356538e-04,1.853418071574074535e-04,1.939303123788378388e-04,2.023799723396306136e-04,2.106850857865083288e-04,2.188396457942018566e-04,2.268373555992773158e-04,2.346716471629220913e-04,2.423357223158159005e-04,2.498226048725255694e-04,2.571252263112317198e-04,2.642365366533358062e-04,2.711496682122497355e-04,2.778581491710378488e-04,2.843562035292866177e-04,2.906391433870440799e-04,2.967039051908562392e-04,3.025497513937601391e-04,3.081792145171600083e-04,3.135993318980881319e-04,3.188232906897275312e-04,3.238725781381876652e-04,3.287798284892302545e-04,3.335925433606498364e-04,3.383779988954890047e-04,3.432296604089365381e-04,3.482756270684186700e-04,3.536896815838903689e-04,3.597058300540252824e-04,3.666373585903138620e-04,3.749019266422718875e-04,3.850545299976440962e-04,3.978309751692083547e-04,4.142051449069720104e-04,4.354646957582999217e-04,4.633110744421540974e-04,4.999920807962940188e-04,5.484775740090934177e-04,6.126930067671854281e-04,6.978298753895633170e-04,8.107593310488933570e-04,9.605830540412866247e-04,1.159367399034099723e-03,1.423118189288085549e-03,1.773064704569186174e-03,2.237307204921352901e-03,2.852785187389115986e-03,3.667160438206504974e-03,4.738914642966814660e-03,6.130289187449847015e-03,7.888170210796094026e-03,9.960338460566283900e-03,1.200978000746307818e-02,1.327610396955753586e-02,1.223768580959122380e-02,6.141696498823817629e-03
0.000000000000000000e+00,0.000000000000000000e+00,0.000000000000000000e+00,0.000000000000000000e+00,0.000000000000000000e+00,0.000000000000000000e+00,0.000000000000000000e+00,0.000000000000000000e+00,0.000000000000000000e+00,0.000000000000000000e+00,0.000000000000000000e+00,0.000000000000000000e+00,0.000000000000000000e+00,0.000000000000000000e+00,0.000000000000000000e+00,0.000000000000000000e+00,0.000000000000000000e+00,0.000000000000000000e+00,0.000000000000000000e+00,0.000000000000000000e+00,0.000000000000000000e+00,0.000000000000000000e+00,0.000000000000000000e+00,0.000000000000000000e+00,0.000000000000000000e+00,0.000000000000000000e+00,0.000000000000000000e+00,0.000000000000000000e+00,0.000000000000000000e+00,0.000000000000000000e+00,0.000000000000000000e+00,0.000000000000000000e+00,0.000000000000000000e+00,0.000000000000000000e+00,0.000000000000000000e+00,0.000000000000000000e+00,0.000000000000000000e+00,0.000000000000000000e+00,0.000000000000000000e+00,0.000000000000000000e+00,0.000000000000000000e+00,0.000000000000000000e+00,0.000000000000000000e+00,0.000000000000000000e+00,0.000000000000000000e+00,0.000000000000000000e+00,0.000000000000000000e+00,0.000000000000000000e+00,0.000000000000000000e+00,0.000000000000000000e+00,0.000000000000000000e+00,0.000000000000000000e+00,0.000000000000000000e+00,0.000000000000000000e+00,0.000000000000000000e+00,0.000000000000000000e+00,0.000000000000000000e+00,0.000000000000000000e+00,0.000000000000000000e+00,0.000000000000000000e+00,0.000000000000000000e+00,0.000000000000000000e+00,0.000000000000000000e+00,0.000000000000000000e+00,0.000000000000000000e+00,0.000000000000000000e+00,0.000000000000000000e+00,0.000000000000000000e+00,0.000000000000000000e+00,0.000000000000000000e+00,0.000000000000000000e+00,0.000000000000000000e+00,0.000000000000000000e+00,0.000000000000000000e+00,0.000000000000000000e+00,0.000000000000000000e+00,0.000000000000000000e+00,0.000000000000000000e+00,0.000000000000000000e+00,0.000000000000000000e+00,0.000000000000000000e+00,0.000000000000000000e+00,0.000000000000000000e+00,0.000000000000000000e+00,0.000000000000000000e+00,0.000000000000000000e+00,0.000000000000000000e+00,0.000000000000000000e+00,0.000000000000000000e+00,0.000000000000000000e+00,0.000000000000000000e+00,0.000000000000000000e+00,0.000000000000000000e+00,0.000000000000000000e+00,0.000000000000000000e+00,0.000000000000000000e+00,0.000000000000000000e+00,0.000000000000000000e+00,0.000000000000000000e+00,0.000000000000000000e+00,0.000000000000000000e+00,0.000000000000000000e+00,0.000000000000000000e+00,0.000000000000000000e+00,0.000000000000000000e+00,0.000000000000000000e+00,0.000000000000000000e+00,0.000000000000000000e+00,0.000000000000000000e+00,0.000000000000000000e+00,0.000000000000000000e+00,0.000000000000000000e+00,0.000000000000000000e+00,0.000000000000000000e+00,0.000000000000000000e+00,0.000000000000000000e+00,0.000000000000000000e+00,0.000000000000000000e+00,0.000000000000000000e+00,0.000000000000000000e+00,0.000000000000000000e+00,0.000000000000000000e+00,0.000000000000000000e+00,0.000000000000000000e+00,0.000000000000000000e+00,0.000000000000000000e+00,0.000000000000000000e+00,0.000000000000000000e+00,0.000000000000000000e+00,0.000000000000000000e+00,0.000000000000000000e+00,0.000000000000000000e+00,0.000000000000000000e+00,0.000000000000000000e+00,0.000000000000000000e+00,0.000000000000000000e+00,0.000000000000000000e+00,0.000000000000000000e+00,0.000000000000000000e+00,0.000000000000000000e+00,0.000000000000000000e+00,0.000000000000000000e+00,0.000000000000000000e+00,0.000000000000000000e+00,0.000000000000000000e+00,0.000000000000000000e+00,0.000000000000000000e+00,0.000000000000000000e+00,0.000000000000000000e+00,0.000000000000000000e+00,0.000000000000000000e+00,0.000000000000000000e+00,0.000000000000000000e+00,0.000000000000000000e+00,0.000000000000000000e+00,0.000000000000000000e+00,0.000000000000000000e+00,0.000000000000000000e+00,0.000000000000000000e+00,0.000000000000000000e+00,0.000000000000000000e+00,0.000000000000000000e+00,0.000000000000000000e+00,0.000000000000000000e+00,0.000000000000000000e+00,0.000000000000000000e+00,0.000000000000000000e+00,0.000000000000000000e+00,0.000000000000000000e+00,0.000000000000000000e+00,0.000000000000000000e+00,0.000000000000000000e+00,0.000000000000000000e+00,0.000000000000000000e+00,0.000000000000000000e+00,0.000000000000000000e+00,-7.312919064050811720e-03,-7.236810124962920858e-03,-5.931767148123547398e-03,-4.633487732591612743e-03,-3.812353618307329477e-03,-3.438164767861298047e-03,-3.284301773235914854e-03,-3.145857210915683957e-03,-2.931636529612786837e-03,-2.654294667433674485e-03,-2.368782425974756602e-03,-2.115531694836792626e-03,-1.903580656934579637e-03,-1.726520873752836194e-03,-1.578859286302377153e-03,-1.457365112003993499e-03,-1.358082654336448562e-03,-1.276797990521251697e-03,-1.209948049469309478e-03,-1.154621462274544588e-03,-1.108436627978703513e-03,-1.069470368669373775e-03,-1.036182682941720829e-03,-1.007345221535660461e-03,-9.819813788585296608e-04,-9.593172228915253360e-04,-9.387415793907619198e-04,-9.197736900519042124e-04,-9.020370826142321431e-04,-8.852384603697818983e-04,-8.691506877361498875e-04,-8.535990740120710189e-04,-8.384503566360113286e-04,-8.236038481900379623e-04,-8.089843597943457976e-04,-7.945365371041172419e-04,-7.802203608926226242e-04,-7.660075632285009203e-04,-7.518788038881380094e-04,-7.378214350707407686e-04,-7.238277603013116212e-04,-7.098936671469922334e-04,-6.960175794813397042e-04,-6.821996433125761478e-04,-6.684411174289841585e-04,-6.547439061215913365e-04,-6.411102215613120143e-04,-6.275423294316457299e-04,-6.140423759010071262e-04,-6.006122614476567525e-04,-5.872535659848848646e-04,-5.739674993297120068e-04,-5.607548844430230561e-04,-5.476161533180786203e-04,-5.345513634758629860e-04,-5.215602192041264356e-04,-5.086421048453475865e-04,-4.957961180562545046e-04,-4.830211092979550544e-04,-4.703157190806740869e-04,-4.576784177569720728e-04,-4.451075425488673566e-04,-4.326013345689155008e-04,-4.201579732568284779e-04,-4.077756086717502408e-04,-3.954523917082679481e-04,-3.831865004352979511e-04,-3.709761653305618159e-04,-3.588196894582294078e-04,-3.467154689429807909e-04,-3.346620075538325615e-04,-3.226579330555415866e-04,-3.107020068295827920e-04,-2.987931365319855840e-04,-2.869303810947379258e-04,-2.751129598760015363e-04,-2.633402532880009615e-04,-2.516118086522505220e-04,-2.399273368137651600e-04,-2.282867150492652575e-04,-2.166899801611743364e-04,-2.051373289070258939e-04,-1.936291081957669199e-04,-1.821658136227617762e-04,-1.707480774932078945e-04,-1.593766661192452935e-04,-1.480524664356855651e-04,-1.367764827346857140e-04,-1.255498226495812143e-04,-1.143736940058198373e-04,-1.032493909478866942e-04,-9.217829157202014673e-05,-8.116184493551926028e-05,-7.020157008664909895e-05,-5.929904462334697167e-05,-4.845590564648327215e-05,-3.767384043316011427e-05,-2.695458973038803430e-05,-1.629994098546032547e-05,-5.711734280457199302e-06,4.808141566607466595e-06,1.525774025278579284e-05,2.563505883900355910e-05,3.593802614658865173e-05,4.616450052143294860e-05,5.631225547645205156e-05,6.637897449050552247e-05,7.636223414021382099e-05,8.625949620729406024e-05,9.606808869206667355e-05,1.057851956596419623e-04,1.154078366753421284e-04,1.249328549866021763e-04,1.343568960825456478e-04,1.436763950049377736e-04,1.528875549458265305e-04,1.619863347519935441e-04,1.709684287987627124e-04,1.798292561950079731e-04,1.885639437387626107e-04,1.971673191137379212e-04,2.056338997655786003e-04,2.139578938116035590e-04,2.221331995779648951e-04,2.301534205407238301e-04,2.380118837107214841e-04,2.457016795720672639e-04,2.532157136374235088e-04,2.605467905323996416e-04,2.676877237865037812e-04,2.746314974046467749e-04,2.813714775099089333e-04,2.879017091058395515e-04,2.942173049325764685e-04,3.003149766537208804e-04,3.061937303545843878e-04,3.118558020186949884e-04,3.173078811005222580e-04,3.225627404168421829e-04,3.276413662100458382e-04,3.325757781834384709e-04,3.374127137109137072e-04,3.422184874521643893e-04,3.470853423111502521e-04,3.521398110925836244e-04,3.575536559071286155e-04,3.635582652413314395e-04,3.704635226955314635e-04,3.786826585050269596e-04,3.887648971875182278e-04,4.014385282558482451e-04,4.176676496844800262e-04,4.387272009736344655e-04,4.663021276764412869e-04,5.026188684641655227e-04,5.506196985711752116e-04,6.141945679623381660e-04,6.984894524100780959e-04,8.103174442603831070e-04,9.587066886326362988e-04,1.155631370039207238e-03,1.416983580377471474e-03,1.763855824885815840e-03,2.224190942026641610e-03,2.834761837065260300e-03,3.643093848315929247e-03,4.707586191699209173e-03,6.090590135583450609e-03,7.841011694704892732e-03,9.905740464327121575e-03,1.194574739229546309e-02,1.321019396972512167e-02,1.218932279130349738e-02,6.125904370179831825e-03
0.000000000000000000e+00,0.000000000000000000e+00,0.000000000000000000e+00,0.000000000000000000e+00,0.000000000000000000e+00,0.000000000000000000e+00,0.000000000000000000e+00,0.000000000000000000e+00,0.000000000000000000e+00,0.000000000000000000e+00,0.000000000000000000e+00,0.000000000000000000e+00,0.000000000000000000e+00,0.000000000000000000e+00,0.000000000000000000e+00,0.000000000000000000e+00,0.000000000000000000e+00,0.000000000000000000e+00,0.000000000000000000e+00,0.000000000000000000e+00,0.000000000000000000e+00,0.000000000000000000e+00,0.000000000000000000e+00,0.000000000000000000e+00,0.000000000000000000e+00,0.000000000000000000e+00,0.000000000000000000e+00,0.000000000000000000e+00,0.000000000000000000e+00,0.000000000000000000e+00,0.000000000000000000e+00,0.000000000000000000e+00,0.000000000000000000e+00,0.000000000000000000e+00,0.000000000000000000e+00,0.000000000000000000e+00,0.000000000000000000e+00,0.000000000000000000e+00,0.000000000000000000e+00,0.000000000000000000e+00,0.000000000000000000e+00,0.000000000000000000e+00,0.000000000000000000e+00,0.000000000000000000e+00,0.000000000000000000e+00,0.000000000000000000e+00,0.000000000000000000e+00,0.000000000000000000e+00,0.000000000000000000e+00,0.000000000000000000e+00,0.000000000000000000e+00,0.000000000000000000e+00,0.000000000000000000e+00,0.000000000000000000e+00,0.000000000000000000e+00,0.000000000000000000e+00,0.000000000000000000e+00,0.000000000000000000e+00,0.000000000000000000e+00,0.000000000000000000e+00,0.000000000000000000e+00,0.000000000000000000e+00,0.000000000000000000e+00,0.000000000000000000e+00,0.000000000000000000e+00,0.000000000000000000e+00,0.000000000000000000e+00,0.000000000000000000e+00,0.000000000000000000e+00,0.000000000000000000e+00,0.000000000000000000e+00,0.000000000000000000e+00,0.000000000000000000e+00,0.000000000000000000e+00,0.000000000000000000e+00,0.000000000000000000e+00,0.000000000000000000e+00,0.000000000000000000e+00,0.000000000000000000e+00,0.000000000000000000e+00,0.000000000000000000e+00,0.000000000000000000e+00,0.000000000000000000e+00,0.000000000000000000e+00,0.000000000000000000e+00,0.000000000000000000e+00,0.000000000000000000e+00,0.000000000000000000e+00,0.000000000000000000e+00,0.000000000000000000e+00,0.000000000000000000e+00,0.000000000000000000e+00,0.000000000000000000e+00,0.000000000000000000e+00,0.000000000000000000e+00,0.000000000000000000e+00,0.000000000000000000e+00,0.000000000000000000e+00,0.000000000000000000e+00,0.000000000000000000e+00,0.000000000000000000e+00,0.000000000000000000e+00,0.000000000000000000e+00,0.000000000000000000e+00,0.000000000000000000e+00,0.000000000000000000e+00,0.000000000000000000e+00,0.000000000000000000e+00,0.000000000000000000e+00,0.000000000000000000e+00,0.000000000000000000e+00,0.000000000000000000e+00,0.000000000000000000e+00,0.000000000000000000e+00,0.000000000000000000e+00,0.000000000000000000e+00,0.000000000000000000e+00,0.000000000000000000e+00,0.000000000000000000e+00,0.000000000000000000e+00,0.000000000000000000e+00,0.000000000000000000e+00,0.000000000000000000e+00,0.000000000000000000e+00,0.000000000000000000e+00,0.000000000000000000e+00,0.000000000000000000e+00,0.000000000000000000e+00,0.000000000000000000e+00,0.000000000000000000e+00,0.000000000000000000e+00,0.000000000000000000e+00,0.000000000000000000e+00,0.000000000000000000e+00,0.000000000000000000e+00,0.000000000000000000e+00,0.000000000000000000e+00,0.000000000000000000e+00,0.000000000000000000e+00,0.000000000000000000e+00,0.000000000000000000e+00,0.000000000000000000e+00,0.000000000000000000e+00,0.000000000000000000e+00,0.000000000000000000e+00,0.000000000000000000e+00,0.000000000000000000e+00,0.000000000000000000e+00,0.000000000000000000e+00,0.000000000000000000e+00,0.000000000000000000e+00,0.000000000000000000e+00,0.000000000000000000e+00,0.000000000000000000e+00,0.000000000000000000e+00,0.000000000000000000e+00,0.000000000000000000e+00,0.000000000000000000e+00,0.000000000000000000e+00,0.000000000000000000e+00,0.000000000000000000e+00,0.000000000000000000e+00,0.000000000000000000e+00,0.000000000000000000e+00,0.000000000000000000e+00,0.000000000000000000e+00,0.000000000000000000e+00,0.000000000000000000e+00,0.000000000000000000e+00,0.000000000000000000e+00,0.000000000000000000e+00,0.000000000000000000e+00,0.000000000000000000e+00,0.000000000000000000e+00,0.000000000000000000e+00,0.000000000000000000e+00,-7.347535057796100028e-03,-7.294005738228223450e-03,-6.012210715299126824e-03,-4.738380918752365355e-03,-3.934201382826109372e-03,-3.557731700057219400e-03,-3.378855250770048009e-03,-3.201285279292632752e-03,-2.948814404235942151e-03,-2.645669902677268669e-03,-2.348558018658609102e-03,-2.091879994084602443e-03,-1.878605298972239749e-03,-1.700682364056846970e-03,-1.553073780111894871e-03,-1.432272758633952592e-03,-1.333798958485150378e-03,-1.253303289633639654e-03,-1.187215009891258097e-03,-1.132612031117401045e-03,-1.087112412586549882e-03,-1.048799161791027839e-03,-1.016138445776930323e-03,-9.879068321448549600e-04,-9.631313831450237289e-04,-9.410407357843926989e-04,-9.210253979708329496e-04,-9.026056061328062820e-04,-8.854053634775196999e-04,-8.691314646215396846e-04,-8.535565933277843628e-04,-8.385056965394702220e-04,-8.238450426741317223e-04,-8.094734274591730994e-04,-7.953151446705842122e-04,-7.813143568584644035e-04,-7.674306220588920707e-04,-7.536353267334017312e-04,-7.399088730286280729e-04,-7.262384479624383379e-04,-7.126162832076849600e-04,-6.990382848340815844e-04,-6.855029808068091937e-04,-6.720107001339475743e-04,-6.585629562403242428e-04,-6.451619718211891669e-04,-6.318103333619105692e-04,-6.185107290601020696e-04,-6.052657682275567773e-04,-5.920778480502652012e-04,-5.789490717016736133e-04,-5.658811925478485000e-04,-5.528755910980712954e-04,-5.399332656194472634e-04,-5.270548432901159047e-04,-5.142405973251348936e-04,-5.014904759633355283e-04,-4.888041327158649000e-04,-4.761809624292785638e-04,-4.636201363618840609e-04,-4.511206391747533853e-04,-4.386813044142059297e-04,-4.263008492413355738e-04,-4.139779078794452848e-04,-4.017110621110560613e-04,-3.894988710162639468e-04,-3.773398959505035394e-04,-3.652327256944052866e-04,-3.531759955869683953e-04,-3.411684081878878249e-04,-3.292087470788136847e-04,-3.172958936499528019e-04,-3.054288362351735044e-04,-2.936066834862480885e-04,-2.818286692287093678e-04,-2.700941626179892982e-04,-2.584026689644484758e-04,-2.467538368595304584e-04,-2.351474553105042551e-04,-2.235834581463490007e-04,-2.120619179264954083e-04,-2.005830480438649209e-04,-1.891471939841103743e-04,-1.777548336549864254e-04,-1.664065666714373054e-04,-1.551031135111826807e-04,-1.438453035411858686e-04,-1.326340736153739600e-04,-1.214704555567765610e-04,-1.103555748060827056e-04,-9.929063807009832403e-05,-8.827693261688423869e-05,-7.731581476775159945e-05,-6.640871039644099161e-05,-5.555710487720152458e-05,-4.476254526904073066e-05,-3.402663224012619488e-05,-2.335102431757296669e-05,-1.273743219676688893e-05,-2.187625327687452891e-06,8.296571103323860719e-06,1.871326709115323609e-05,2.906050799333120040e-05,3.933626291140343377e-05,4.953842199776274890e-05,5.966478238179160606e-05,6.971304270081991872e-05,7.968078677652296981e-05,8.956547560328628743e-05,9.936442911153399123e-05,1.090748159899127033e-04,1.186936340036033301e-04,1.282176981835256649e-04,1.376436203211845659e-04,1.469677962472555393e-04,1.561863853346105995e-04,1.652952978606860219e-04,1.742901756776749219e-04,1.831663811055701579e-04,1.919189805053998690e-04,2.005427369458840964e-04,2.090320994638785129e-04,2.173812031944663775e-04,2.255838690152831396e-04,2.336336174373595859e-04,2.415236867769963546e-04,2.492470717442374709e-04,2.567965743955946721e-04,2.641648864920488767e-04,2.713446981480213509e-04,2.783288571032443851e-04,2.851105783585621456e-04,2.916837376257463369e-04,2.980432566458392435e-04,3.041856291620396351e-04,3.101096100759144643e-04,3.158171421273865491e-04,3.213145680086212648e-04,3.266142448455850778e-04,3.317366536276948933e-04,3.367131919554476713e-04,3.415898215100248271e-04,3.464318795710129382e-04,3.513303655166272860e-04,3.564102186913555904e-04,3.618411464429174243e-04,3.678518772103925262e-04,3.747488395640773281e-04,3.829407695565635638e-04,3.929710392828648729e-04,4.055603184723128251e-04,4.216627872493337588e-04,4.425404915807095167e-04,4.698616355128476074e-04,5.058309614873763432e-04,5.533626843278344762e-04,6.163105645529922587e-04,6.997740599464103697e-04,8.105067531093722907e-04,9.574611517843290833e-04,1.152516254010521081e-03,1.411446160853729436e-03,1.755200734800268537e-03,2.211557563742250643e-03,2.817113381604072122e-03,3.619247605950009269e-03,4.676250391694791037e-03,6.050646064912411186e-03,7.793550036665644262e-03,9.850223264891789024e-03,1.187958946290631514e-02,1.314154844008464003e-02,1.213900539753855895e-02,6.109809562650842484e-03
0.000000000000000000e+00,0.000000000000000000e+00,0.000000000000000000e+00,0.000000000000000000e+00,0.000000000000000000e+00,0.000000000000000000e+00,0.000000000000000000e+00,0.000000000000000000e+00,0.000000000000000000e+00,0.000000000000000000e+00,0.000000000000000000e+00,0.000000000000000000e+00,0.000000000000000000e+00,0.000000000000000000e+00,0.000000000000000000e+00,0.000000000000000000e+00,0.000000000000000000e+00,0.000000000000000000e+00,0.000000000000000000e+00,0.000000000000000000e+00,0.000000000000000000e+00,0.000000000000000000e+00,0.000000000000000000e+00,0.000000000000000000e+00,0.000000000000000000e+00,0.000000000000000000e+00,0.000000000000000000e+00,0.000000000000000000e+00,0.000000000000000000e+00,0.000000000000000000e+00,0.000000000000000000e+00,0.000000000000000000e+00,0.000000000000000000e+00,0.000000000000000000e+00,0.000000000000000000e+00,0.000000000000000000e+00,0.000000000000000000e+00,0.000000000000000000e+00,0.000000000000000000e+00,0.000000000000000000e+00,0.000000000000000000e+00,0.000000000000000000e+00,0.000000000000000000e+00,0.000000000000000000e+00,0.000000000000000000e+00,0.000000000000000000e+00,0.000000000000000000e+00,0.000000000000000000e+00,0.000000000000000000e+00,0.000000000000000000e+00,0.000000000000000000e+00,0.000000000000000000e+00,0.000000000000000000e+00,0.000000000000000000e+00,0.000000000000000000e+00,0.000000000000000000e+00,0.000000000000000000e+00,0.000000000000000000e+00,0.000000000000000000e+00,0.000000000000000000e+00,0.000000000000000000e+00,0.000000000000000000e+00,0.000000000000000000e+00,0.000000000000000000e+00,0.000000000000000000e+00,0.000000000000000000e+00,0.000000000000000000e+00,0.000000000000000000e+00,0.000000000000000000e+00,0.000000000000000000e+00,0.000000000000000000e+00,0.000000000000000000e+00,0.000000000000000000e+00,0.000000000000000000e+00,0.000000000000000000e+00,0.000000000000000000e+00,0.000000000000000000e+00,0.000000000000000000e+00,0.000000000000000000e+00,0.000000000000000000e+00,0.000000000000000000e+00,0.000000000000000000e+00,0.000000000000000000e+00,0.000000000000000000e+00,0.000000000000000000e+00,0.000000000000000000e+00,0.000000000000000000e+00,0.000000000000000000e+00,0.000000000000000000e+00,0.000000000000000000e+00,0.000000000000000000e+00,0.000000000000000000e+00,0.000000000000000000e+00,0.000000000000000000e+00,0.000000000000000000e+00,0.000000000000000000e+00,0.000000000000000000e+00,0.000000000000000000e+00,0.000000000000000000e+00,0.000000000000000000e+00,0.000000000000000000e+00,0.000000000000000000e+00,0.000000000000000000e+00,0.000000000000000000e+00,0.000000000000000000e+00,0.000000000000000000e+00,0.000000000000000000e+00,0.000000000000000000e+00,0.000000000000000000e+00,0.000000000000000000e+00,0.000000000000000000e+00,0.000000000000000000e+00,0.000000000000000000e+00,0.000000000000000000e+00,0.000000000000000000e+00,0.000000000000000000e+00,0.000000000000000000e+00,0.000000000000000000e+00,0.000000000000000000e+00,0.000000000000000000e+00,0.000000000000000000e+00,0.000000000000000000e+00,0.000000000000000000e+00,0.000000000000000000e+00,0.000000000000000000e+00,0.000000000000000000e+00,0.000000000000000000e+00,0.000000000000000000e+00,0.000000000000000000e+00,0.000000000000000000e+00,0.000000000000000000e+00,0.000000000000000000e+00,0.000000000000000000e+00,0.000000000000000000e+00,0.000000000000000000e+00,0.000000000000000000e+00,0.000000000000000000e+00,0.000000000000000000e+00,0.000000000000000000e+00,0.000000000000000000e+00,0.000000000000000000e+00,0.000000000000000000e+00,0.000000000000000000e+00,0.000000000000000000e+00,0.000000000000000000e+00,0.000000000000000000e+00,0.000000000000000000e+00,0.000000000000000000e+00,0.000000000000000000e+00,0.000000000000000000e+00,0.000000000000000000e+00,0.000000000000000000e+00,0.000000000000000000e+00,0.000000000000000000e+00,0.000000000000000000e+00,0.000000000000000000e+00,0.000000000000000000e+00,0.000000000000000000e+00,0.000000000000000000e+00,0.000000000000000000e+00,0.000000000000000000e+00,0.000000000000000000e+00,0.000000000000000000e+00,0.000000000000000000e+00,0.000000000000000000e+00,0.000000000000000000e+00,0.000000000000000000e+00,0.000000000000000000e+00,0.000000000000000000e+00,0.000000000000000000e+00,0.000000000000000000e+00,0.000000000000000000e+00,0.000000000000000000e+00,0.000000000000000000e+00,0.000000000000000000e+00,0.000000000000000000e+00,-7.383640148752505447e-03,-7.353477566607865418e-03,-6.095423700880358946e-03,-4.845506195288323999e-03,-4.056187317629546957e-03,-3.674342311268924844e-03,-3.467907686248429284e-03,-3.250731986570218508e-03,-2.961941015600634119e-03,-2.636086369236414605e-03,-2.329703973406807224e-03,-2.070310785905138829e-03,-1.855568935349205355e-03,-1.676710885212267079e-03,-1.529157416467419751e-03,-1.408913512420863039e-03,-1.311059635765874894e-03,-1.231183882913433180e-03,-1.165705619653746453e-03,-1.111690097190158513e-03,-1.066755518781491467e-03,-1.028989228731278394e-03,-9.968613320595052542e-04,-9.691514437533269629e-04,-9.448887800573719511e-04,-9.233033443713767850e-04,-9.037863777674176721e-04,-8.858583577653580303e-04,-8.691431563083229029e-04,-8.533471637320456764e-04,-8.382424714445384662e-04,-8.236533166724367911e-04,-8.094452004880772029e-04,-7.955161414908320898e-04,-7.817896849666981264e-04,-7.682093021139267067e-04,-7.547339376661875866e-04,-7.413344562123785984e-04,-7.279908373519953331e-04,-7.146899476870265241e-04,-7.014237998856256810e-04,-6.881881787598113746e-04,-6.749815831432908787e-04,-6.618043981624972165e-04,-6.486582708577393226e-04,-6.355456271891813964e-04,-6.224693183936448430e-04,-6.094323512949539846e-04,-5.964376999023589514e-04,-5.834881652045898707e-04,-5.705862860420191605e-04,-5.577342770865545982e-04,-5.449339992304099442e-04,-5.321869448754928738e-04,-5.194942434256044454e-04,-5.068566741850679888e-04,-4.942746907243185123e-04,-4.817484479908712837e-04,-4.692778346722009707e-04,-4.568625059887003112e-04,-4.445019176609822827e-04,-4.321953597367957632e-04,-4.199419888385546142e-04,-4.077408605016533539e-04,-3.955909577144364818e-04,-3.834912200584322155e-04,-3.714405672056981622e-04,-3.594379238727617078e-04,-3.474822378354996445e-04,-3.355725006696537579e-04,-3.237077607205712348e-04,-3.118871401994162624e-04,-3.001098437909653855e-04,-2.883751725940009430e-04,-2.766825287913649077e-04,-2.650314266362565870e-04,-2.534214934338119155e-04,-2.418524777341500922e-04,-2.303242469450452357e-04,-2.188367930057712955e-04,-2.073902270649181424e-04,-1.959847830075717168e-04,-1.846208097292902420e-04,-1.732987729905199068e-04,-1.620192459143112481e-04,-1.507829097148759604e-04,-1.395905430891226473e-04,-1.284430223803317763e-04,-1.173413105249986998e-04,-1.062864572043440374e-04,-9.527958799246097528e-05,-8.432190503334769749e-05,-7.341467701055375006e-05,-6.255924085281219045e-05,-5.175699308987294703e-05,-4.100939302722781473e-05,-3.031795596928383728e-05,-1.968425821262785743e-05,-9.109932514076050651e-06,1.403324846088803038e-06,1.185375608978611198e-05,2.223953266163574487e-05,3.255875459740036222e-05,4.280943898945524328e-05,5.298951666315868461e-05,6.309681845317423245e-05,7.312906927255843057e-05,8.308387237492830825e-05,9.295870102095551816e-05,1.027508810135151294e-04,1.124575802952399855e-04,1.220757901612801015e-04,1.316023132648914083e-04,1.410337440589134301e-04,1.503664558652807487e-04,1.595965812986913329e-04,1.687199993312151999e-04,1.777323167782919643e-04,1.866288567452705556e-04,1.954046428383416549e-04,2.040543911886355565e-04,2.125725001118940465e-04,2.209530493623023826e-04,2.291897998915042739e-04,2.372762066020767785e-04,2.452054363024537683e-04,2.529704048660664389e-04,2.605638275630785630e-04,2.679782996183964331e-04,2.752064036844274731e-04,2.822408667473822082e-04,2.890747677009270844e-04,2.957018274232466114e-04,3.021167904763406940e-04,3.083159458006007932e-04,3.142978094130903749e-04,3.200640422064340439e-04,3.256206504370904621e-04,3.309795846818905938e-04,3.361608284015495671e-04,3.411951632367865844e-04,3.461277794272000835e-04,3.510230390059289156e-04,3.559706974146536920e-04,3.610940972252486944e-04,3.665608841342609617e-04,3.725971153183667913e-04,3.795057473944088195e-04,3.876909976631446393e-04,3.976903501836243082e-04,4.102168030057913410e-04,4.262145415277528789e-04,4.469326027354350583e-04,4.740222735816554270e-04,5.096663314313478431e-04,5.567505179792872367e-04,6.190917720923311491e-04,7.017420704701599716e-04,8.113940314426731221e-04,9.569223535875711392e-04,1.150107652421564512e-03,1.406601420999405421e-03,1.747204372777668140e-03,2.199519940451574729e-03,2.799957550928706355e-03,3.595738463757853099e-03,4.645010985116646007e-03,6.010566376815284877e-03,7.745850670928746025e-03,9.793648792654159607e-03,1.181094691025016442e-02,1.306972555825114748e-02,1.208637886837432215e-02,6.093309103549349529e-03
0.000000000000000000e+00,0.000000000000000000e+00,0.000000000000000000e+00,0.000000000000000000e+00,0.000000000000000000e+00,0.000000000000000000e+00,0.000000000000000000e+00,0.000000000000000000e+00,0.000000000000000000e+00,0.000000000000000000e+00,0.000000000000000000e+00,0.000000000000000000e+00,0.000000000000000000e+00,0.000000000000000000e+00,0.000000000000000000e+00,0.000000000000000000e+00,0.000000000000000000e+00,0.000000000000000000e+00,0.000000000000000000e+00,0.000000000000000000e+00,0.000000000000000000e+00,0.000000000000000000e+00,0.000000000000000000e+00,0.000000000000000000e+00,0.000000000000000000e+00,0.000000000000000000e+00,0.000000000000000000e+00,0.000000000000000000e+00,0.000000000000000000e+00,0.000000000000000000e+00,0.000000000000000000e+00,0.000000000000000000e+00,0.000000000000000000e+00,0.000000000000000000e+00,0.000000000000000000e+00,0.000000000000000000e+00,0.000000000000000000e+00,0.000000000000000000e+00,0.000000000000000000e+00,0.000000000000000000e+00,0.000000000000000000e+00,0.000000000000000000e+00,0.000000000000000000e+00,0.000000000000000000e+00,0.000000000000000000e+00,0.000000000000000000e+00,0.000000000000000000e+00,0.000000000000000000e+00,0.000000000000000000e+00,0.000000000000000000e+00,0.000000000000000000e+00,0.000000000000000000e+00,0.000000000000000000e+00,0.000000000000000000e+00,0.000000000000000000e+00,0.000000000000000000e+00,0.000000000000000000e+00,0.000000000000000000e+00,0.000000000000000000e+00,0.000000000000000000e+00,0.000000000000000000e+00,0.000000000000000000e+00,0.000000000000000000e+00,0.000000000000000000e+00,0.000000000000000000e+00,0.000000000000000000e+00,0.000000000000000000e+00,0.000000000000000000e+00,0.000000000000000000e+00,0.000000000000000000e+00,0.000000000000000000e+00,0.000000000000000000e+00,0.000000000000000000e+00,0.000000000000000000e+00,0.000000000000000000e+00,0.000000000000000000e+00,0.000000000000000000e+00,0.000000000000000000e+00,0.000000000000000000e+00,0.000000000000000000e+00,0.000000000000000000e+00,0.000000000000000000e+00,0.000000000000000000e+00,0.000000000000000000e+00,0.000000000000000000e+00,0.000000000000000000e+00,0.000000000000000000e+00,0.000000000000000000e+00,0.000000000000000000e+00,0.000000000000000000e+00,0.000000000000000000e+00,0.000000000000000000e+00,0.000000000000000000e+00,0.000000000000000000e+00,0.000000000000000000e+00,0.000000000000000000e+00,0.000000000000000000e+00,0.000000000000000000e+00,0.000000000000000000e+00,0.000000000000000000e+00,0.000000000000000000e+00,0.000000000000000000e+00,0.000000000000000000e+00,0.000000000000000000e+00,0.000000000000000000e+00,0.000000000000000000e+00,0.000000000000000000e+00,0.000000000000000000e+00,0.000000000000000000e+00,0.000000000000000000e+00,0.000000000000000000e+00,0.000000000000000000e+00,0.000000000000000000e+00,0.000000000000000000e+00,0.000000000000000000e+00,0.000000000000000000e+00,0.000000000000000000e+00,0.000000000000000000e+00,0.000000000000000000e+00,0.000000000000000000e+00,0.000000000000000000e+00,0.000000000000000000e+00,0.000000000000000000e+00,0.000000000000000000e+00,0.000000000000000000e+00,0.000000000000000000e+00,0.000000000000000000e+00,0.000000000000000000e+00,0.000000000000000000e+00,0.000000000000000000e+00,0.000000000000000000e+00,0.000000000000000000e+00,0.000000000000000000e+00,0.000000000000000000e+00,0.000000000000000000e+00,0.000000000000000000e+00,0.000000000000000000e+00,0.000000000000000000e+00,0.000000000000000000e+00,0.000000000000000000e+00,0.000000000000000000e+00,0.000000000000000000e+00,0.000000000000000000e+00,0.000000000000000000e+00,0.000000000000000000e+00,0.000000000000000000e+00,0.000000000000000000e+00,0.000000000000000000e+00,0.000000000000000000e+00,0.000000000000000000e+00,0.000000000000000000e+00,0.000000000000000000e+00,0.000000000000000000e+00,0.000000000000000000e+00,0.000000000000000000e+00,0.000000000000000000e+00,0.000000000000000000e+00,0.000000000000000000e+00,0.000000000000000000e+00,0.000000000000000000e+00,0.000000000000000000e+00,0.000000000000000000e+00,0.000000000000000000e+00,0.000000000000000000e+00,0.000000000000000000e+00,0.000000000000000000e+00,0.000000000000000000e+00,0.000000000000000000e+00,0.000000000000000000e+00,0.000000000000000000e+00,0.000000000000000000e+00,0.000000000000000000e+00,0.000000000000000000e+00,0.000000000000000000e+00,0.000000000000000000e+00,0.000000000000000000e+00,-7.421214935376869472e-03,-7.415160159837189124e-03,-6.181238964574112781e-03,-4.954566923720898040e-03,-4.177954922695380387e-03,-3.787762671552248345e-03,-3.551558913872549482e-03,-3.294721707694896196e-03,-2.971802682641259009e-03,-2.626207881411530762e-03,-2.312456853378293438e-03,-2.050708283531334740e-03,-1.834299320942074521e-03,-1.654483013625649215e-03,-1.506963294049847241e-03,-1.387120143284357836e-03,-1.289713403275960860e-03,-1.210308081401746455e-03,-1.145305474494153495e-03,-1.091758104501428742e-03,-1.047283838466119650e-03,-1.009972084588362830e-03,-9.782947805509433197e-04,-9.510329018440737961e-04,-9.272164847825873583e-04,-9.060758619146811214e-04,-8.870022022004354478e-04,-8.695155928778044259e-04,-8.532392730233606410e-04,-8.378788239802489575e-04,-8.232054129591315477e-04,-8.090422904677654512e-04,-7.952539546408354549e-04,-7.817374425144234468e-04,-7.684153698829526572e-04,-7.552303531899747348e-04,-7.421405737125392468e-04,-7.291162341153414016e-04,-7.161367592127652762e-04,-7.031885692529221341e-04,-6.902633371814693650e-04,-6.773566104644363232e-04,-6.644667469080464293e-04,-6.515940799261767027e-04,-6.387402862670042963e-04,-6.259078952443088975e-04,-6.130999269064964143e-04,-6.003196148771366026e-04,-5.875702101573738578e-04,-5.748548340954301710e-04,-5.621763819990635179e-04,-5.495374549713727581e-04,-5.369403236487172749e-04,-5.243869081495469405e-04,-5.118787777425043038e-04,-4.994171594222926881e-04,-4.870029574593367464e-04,-4.746367772530218866e-04,-4.623189538177899151e-04,-4.500495821815839745e-04,-4.378285481876014015e-04,-4.256555605534998745e-04,-4.135301805153776089e-04,-4.014518529311235590e-04,-3.894199327549978124e-04,-3.774337134464772871e-04,-3.654924489069357428e-04,-3.535953781101087122e-04,-3.417417419528018295e-04,-3.299308039483336125e-04,-3.181618623402521760e-04,-3.064342673682411136e-04,-2.947474293301674346e-04,-2.831008329260397685e-04,-2.714940417250184595e-04,-2.599267097957308763e-04,-2.483985828270634014e-04,-2.369095071766184023e-04,-2.254594279412146479e-04,-2.140483956638653809e-04,-2.026765617585409387e-04,-1.913441832075718648e-04,-1.800516158292929435e-04,-1.687993173873227710e-04,-1.575878392790413054e-04,-1.464178285554982228e-04,-1.352900186543745274e-04,-1.242052308460219118e-04,-1.131643646249313524e-04,-1.021683990825551444e-04,-9.121838354905724010e-05,-8.031543937990071448e-05,-6.946075141266446038e-05,-5.865557062421647769e-05,-4.790120692174975518e-05,-3.719903307443305179e-05,-2.655047928420856151e-05,-1.595703871842105406e-05,-5.420264210353202565e-06,5.058224373067792620e-06,1.547674105995883574e-05,2.583352443213532006e-05,3.612673604782907675e-05,4.635444908660138572e-05,5.651464423693631454e-05,6.660519638225173176e-05,7.662386803046273610e-05,8.656829419094578973e-05,9.643597353074647653e-05,1.062242516906660892e-04,1.159303104677759960e-04,1.255511499232901229e-04,1.350835760228355031e-04,1.445241820241632261e-04,1.538693351792718431e-04,1.631151580841426994e-04,1.722575153163080587e-04,1.812919957536346675e-04,1.902139004788566039e-04,1.990182276597017433e-04,2.076996638641526063e-04,2.162525741627770854e-04,2.246710004678225488e-04,2.329486614499663255e-04,2.410789641386263153e-04,2.490550216960867470e-04,2.568696891427780637e-04,2.645156130906611358e-04,2.719853105049369535e-04,2.792712750038390808e-04,2.863661314088269375e-04,2.932628412417920185e-04,2.999549894473949561e-04,3.064371624429826292e-04,3.127054635677908520e-04,3.187581892827063570e-04,3.245967381428665121e-04,3.302267996178372546e-04,3.356599376065149223e-04,3.409156580983420002e-04,3.460241471454679084e-04,3.510298442072582879e-04,3.559961571889674881e-04,3.610116191483961844e-04,3.661979980192118871e-04,3.717209004057575746e-04,3.778037350710137837e-04,3.847460090484258462e-04,3.929474415188220359e-04,4.029396446341803988e-04,4.154279517630159527e-04,4.313465431621779818e-04,4.519314055794145424e-04,4.788168147818287214e-04,5.141634016950750877e-04,5.608281127251602384e-04,6.225905210589004679e-04,7.044542353255892845e-04,8.130495026835743867e-04,9.571710326113498602e-04,1.148497753713302767e-03,1.402553654075773971e-03,1.739983229177670832e-03,2.188205828301595639e-03,2.783430893645730264e-03,3.572706157643565448e-03,4.613999510556978344e-03,5.970495929540003271e-03,7.697991034305055706e-03,9.735856431005393899e-03,1.173942558789107561e-02,1.299425072664045673e-02,1.203105481829668845e-02,6.076275274659785272e-03
0.000000000000000000e+00,0.000000000000000000e+00,0.000000000000000000e+00,0.000000000000000000e+00,0.000000000000000000e+00,0.000000000000000000e+00,0.000000000000000000e+00,0.000000000000000000e+00,0.000000000000000000e+00,0.000000000000000000e+00,0.000000000000000000e+00,0.000000000000000000e+00,0.000000000000000000e+00,0.000000000000000000e+00,0.000000000000000000e+00,0.000000000000000000e+00,0.000000000000000000e+00,0.000000000000000000e+00,0.000000000000000000e+00,0.000000000000000000e+00,0.000000000000000000e+00,0.000000000000000000e+00,0.000000000000000000e+00,0.000000000000000000e+00,0.000000000000000000e+00,0.000000000000000000e+00,0.000000000000000000e+00,0.000000000000000000e+00,0.000000000000000000e+00,0.000000000000000000e+00,0.000000000000000000e+00,0.000000000000000000e+00,0.000000000000000000e+00,0.000000000000000000e+00,0.000000000000000000e+00,0.000000000000000000e+00,0.000000000000000000e+00,0.000000000000000000e+00,0.000000000000000000e+00,0.000000000000000000e+00,0.000000000000000000e+00,0.000000000000000000e+00,0.000000000000000000e+00,0.000000000000000000e+00,0.000000000000000000e+00,0.000000000000000000e+00,0.000000000000000000e+00,0.000000000000000000e+00,0.000000000000000000e+00,0.000000000000000000e+00,0.000000000000000000e+00,0.000000000000000000e+00,0.000000000000000000e+00,0.000000000000000000e+00,0.000000000000000000e+00,0.000000000000000000e+00,0.000000000000000000e+00,0.000000000000000000e+00,0.000000000000000000e+00,0.000000000000000000e+00,0.000000000000000000e+00,0.000000000000000000e+00,0.000000000000000000e+00,0.000000000000000000e+00,0.000000000000000000e+00,0.000000000000000000e+00,0.000000000000000000e+00,0.000000000000000000e+00,0.000000000000000000e+00,0.000000000000000000e+00,0.000000000000000000e+00,0.000000000000000000e+00,0.000000000000000000e+00,0.000000000000000000e+00,0.000000000000000000e+00,0.000000000000000000e+00,0.000000000000000000e+00,0.000000000000000000e+00,0.000000000000000000e+00,0.000000000000000000e+00,0.000000000000000000e+00,0.000000000000000000e+00,0.000000000000000000e+00,0.000000000000000000e+00,0.000000000000000000e+00,0.000000000000000000e+00,0.000000000000000000e+00,0.000000000000000000e+00,0.000000000000000000e+00,0.000000000000000000e+00,0.000000000000000000e+00,0.000000000000000000e+00,0.000000000000000000e+00,0.000000000000000000e+00,0.000000000000000000e+00,0.000000000000000000e+00,0.000000000000000000e+00,0.000000000000000000e+00,0.000000000000000000e+00,0.000000000000000000e+00,0.000000000000000000e+00,0.000000000000000000e+00,0.000000000000000000e+00,0.000000000000000000e+00,0.000000000000000000e+00,0.000000000000000000e+00,0.000000000000000000e+00,0.000000000000000000e+00,0.000000000000000000e+00,0.000000000000000000e+00,0.000000000000000000e+00,0.000000000000000000e+00,0.000000000000000000e+00,0.000000000000000000e+00,0.000000000000000000e+00,0.000000000000000000e+00,0.000000000000000000e+00,0.000000000000000000e+00,0.000000000000000000e+00,0.000000000000000000e+00,0.000000000000000000e+00,0.000000000000000000e+00,0.000000000000000000e+00,0.000000000000000000e+00,0.000000000000000000e+00,0.000000000000000000e+00,0.000000000000000000e+00,0.000000000000000000e+00,0.000000000000000000e+00,0.000000000000000000e+00,0.000000000000000000e+00,0.000000000000000000e+00,0.000000000000000000e+00,0.000000000000000000e+00,0.000000000000000000e+00,0.000000000000000000e+00,0.000000000000000000e+00,0.000000000000000000e+00,0.000000000000000000e+00,0.000000000000000000e+00,0.000000000000000000e+00,0.000000000000000000e+00,0.000000000000000000e+00,0.000000000000000000e+00,0.000000000000000000e+00,0.000000000000000000e+00,0.000000000000000000e+00,0.000000000000000000e+00,0.000000000000000000e+00,0.000000000000000000e+00,0.000000000000000000e+00,0.000000000000000000e+00,0.000000000000000000e+00,0.000000000000000000e+00,0.000000000000000000e+00,0.000000000000000000e+00,0.000000000000000000e+00,0.000000000000000000e+00,0.000000000000000000e+00,0.000000000000000000e+00,0.000000000000000000e+00,0.000000000000000000e+00,0.000000000000000000e+00,0.000000000000000000e+00,0.000000000000000000e+00,0.000000000000000000e+00,0.000000000000000000e+00,0.000000000000000000e+00,0.000000000000000000e+00,0.000000000000000000e+00,0.000000000000000000e+00,0.000000000000000000e+00,0.000000000000000000e+00,0.000000000000000000e+00,0.000000000000000000e+00,0.000000000000000000e+00,-7.460251137930902152e-03,-7.478998165652625887e-03,-6.269502185108954788e-03,-5.065290461356133922e-03,-4.299190573694156026e-03,-3.897820064385167094e-03,-3.629972275244917976e-03,-3.333810141710876092e-03,-2.979144907338557129e-03,-2.616584514417604791e-03,-2.296938887357612841e-03,-2.032920857718697408e-03,-1.814646211646404233e-03,-1.633884073312451106e-03,-1.486342373713128457e-03,-1.366735620716865492e-03,-1.269621756875933313e-03,-1.190554192606542829e-03,-1.125908447702766253e-03,-1.072725065372118159e-03,-1.028620059292489159e-03,-9.916825017890740744e-04,-9.603842132561669562e-04,-9.335059995847573610e-04,-9.100775329487329098e-04,-8.893285713699424552e-04,-8.706495198315255136e-04,-8.535595408878766336e-04,-8.376808226098860681e-04,-8.227178060475890710e-04,-8.084404672339530300e-04,-7.946708512060568453e-04,-7.812722697757082391e-04,-7.681406213201222516e-04,-7.551974538321722412e-04,-7.423844044683274414e-04,-7.296587760387622220e-04,-7.169900012837238101e-04,-7.043568469947618198e-04,-6.917451875776245603e-04,-6.791462594522611543e-04,-6.665552784331587894e-04,-6.539703690600352738e-04,-6.413917230597396312e-04,-6.288209590435483391e-04,-6.162606243020375685e-04,-6.037138247724263248e-04,-5.911839407722697731e-04,-5.786744230331608519e-04,-5.661886391750235855e-04,-5.537297700736564096e-04,-5.413007357956567010e-04,-5.289041526398006099e-04,-5.165423078661552465e-04,-5.042171534162946970e-04,-4.919303101780669483e-04,-4.796830825569323815e-04,-4.674764790259597217e-04,-4.553112365877951635e-04,-4.431878487199524420e-04,-4.311065928951261176e-04,-4.190675608060128116e-04,-4.070706853074018542e-04,-3.951157701906974338e-04,-3.832025145082257052e-04,-3.713305401327534759e-04,-3.594994120729038431e-04,-3.477086626550649471e-04,-3.359578071821988027e-04,-3.242463644510092330e-04,-3.125738680025605789e-04,-3.009398834128801338e-04,-2.893440158088191787e-04,-2.777859244448893563e-04,-2.662653269708733497e-04,-2.547820115127299523e-04,-2.433358379353059810e-04,-2.319267475321822882e-04,-2.205547615520116406e-04,-2.092199887037068950e-04,-1.979226213222993623e-04,-1.866629409858981247e-04,-1.754413127703020653e-04,-1.642581893518487877e-04,-1.531141038797004532e-04,-1.420096730158803731e-04,-1.309455890040829346e-04,-1.199226221224285188e-04,-1.089416125172170947e-04,-9.800347252774047730e-05,-8.710917882679157292e-05,-7.625977505811895173e-05,-6.545636480021281534e-05,-5.470011493053237770e-05,-4.399224988774124508e-05,-3.333405613696758185e-05,-2.272687813928157201e-05,-1.217212422760737917e-05,-1.671264606655587755e-06,8.774161137936694504e-06,1.916254378245586945e-05,2.949219519144102836e-05,3.976134568039802381e-05,4.996813293354094502e-05,6.011059696477370073e-05,7.018666727008039880e-05,8.019415545966724582e-05,9.013074077606558971e-05,9.999396056871955301e-05,1.097811943913229286e-04,1.194896525962218202e-04,1.291163593220928879e-04,1.386581396042869789e-04,1.481116016884909202e-04,1.574731232225198222e-04,1.667388335162753570e-04,1.759045996430711205e-04,1.849660095921125088e-04,1.939183595584521402e-04,2.027566395170087477e-04,2.114755238016582744e-04,2.200693616953515496e-04,2.285321748693629272e-04,2.368576575216680118e-04,2.450391868745623297e-04,2.530698408378706564e-04,2.609424323790368269e-04,2.686495587238866916e-04,2.761836784178662045e-04,2.835372165067144589e-04,2.907027168398805279e-04,2.976730455318542549e-04,3.044416744532401861e-04,3.110030556702844803e-04,3.173531317999340128e-04,3.234900057627887460e-04,3.294148411385973462e-04,3.351330394117522818e-04,3.406558083437038055e-04,3.460022089091925558e-04,3.512018663741505223e-04,3.562985068692317635e-04,3.613546248657053856e-04,3.664575754166346337e-04,3.717276006079172691e-04,3.773283216308735894e-04,3.834805580166746508e-04,3.904804319429621535e-04,3.987232343962927644e-04,4.087347789410602063e-04,4.212128073353245340e-04,4.370815601871518995e-04,4.575640192568928861e-04,4.842774525578562327e-04,5.193602713983978564e-04,5.656404219398774181e-04,6.268596898490098488e-04,7.079725479647687924e-04,8.155455670584090032e-04,9.582913462080193965e-04,1.147783794638628212e-03,1.399414311349137310e-03,1.733663640330007204e-03,2.177756183540854699e-03,2.767687241504157829e-03,3.550312195697747850e-03,4.583375029632109909e-03,5.930613375590870415e-03,7.650055135190735565e-03,9.676661520998570271e-03,1.166460397683970196e-02,1.291462917573037855e-02,1.197262102031816135e-02,6.058555512889464596e-03
0.000000000000000000e+00,0.000000000000000000e+00,0.000000000000000000e+00,0.000000000000000000e+00,0.000000000000000000e+00,0.000000000000000000e+00,0.000000000000000000e+00,0.000000000000000000e+00,0.000000000000000000e+00,0.000000000000000000e+00,0.000000000000000000e+00,0.000000000000000000e+00,0.000000000000000000e+00,0.000000000000000000e+00,0.000000000000000000e+00,0.000000000000000000e+00,0.000000000000000000e+00,0.000000000000000000e+00,0.000000000000000000e+00,0.000000000000000000e+00,0.000000000000000000e+00,0.000000000000000000e+00,0.000000000000000000e+00,0.000000000000000000e+00,0.000000000000000000e+00,0.000000000000000000e+00,0.000000000000000000e+00,0.000000000000000000e+00,0.000000000000000000e+00,0.000000000000000000e+00,0.000000000000000000e+00,0.000000000000000000e+00,0.000000000000000000e+00,0.000000000000000000e+00,0.000000000000000000e+00,0.000000000000000000e+00,0.000000000000000000e+00,0.000000000000000000e+00,0.000000000000000000e+00,0.000000000000000000e+00,0.000000000000000000e+00,0.000000000000000000e+00,0.000000000000000000e+00,0.000000000000000000e+00,0.000000000000000000e+00,0.000000000000000000e+00,0.000000000000000000e+00,0.000000000000000000e+00,0.000000000000000000e+00,0.000000000000000000e+00,0.000000000000000000e+00,0.000000000000000000e+00,0.000000000000000000e+00,0.000000000000000000e+00,0.000000000000000000e+00,0.000000000000000000e+00,0.000000000000000000e+00,0.000000000000000000e+00,0.000000000000000000e+00,0.000000000000000000e+00,0.000000000000000000e+00,0.000000000000000000e+00,0.000000000000000000e+00,0.000000000000000000e+00,0.000000000000000000e+00,0.000000000000000000e+00,0.000000000000000000e+00,0.000000000000000000e+00,0.000000000000000000e+00,0.000000000000000000e+00,0.000000000000000000e+00,0.000000000000000000e+00,0.000000000000000000e+00,0.000000000000000000e+00,0.000000000000000000e+00,0.000000000000000000e+00,0.000000000000000000e+00,0.000000000000000000e+00,0.000000000000000000e+00,0.000000000000000000e+00,0.000000000000000000e+00,0.000000000000000000e+00,0.000000000000000000e+00,0.000000000000000000e+00,0.000000000000000000e+00,0.000000000000000000e+00,0.000000000000000000e+00,0.000000000000000000e+00,0.000000000000000000e+00,0.000000000000000000e+00,0.000000000000000000e+00,0.000000000000000000e+00,0.000000000000000000e+00,0.000000000000000000e+00,0.000000000000000000e+00,0.000000000000000000e+00,0.000000000000000000e+00,0.000000000000000000e+00,0.000000000000000000e+00,0.000000000000000000e+00,0.000000000000000000e+00,0.000000000000000000e+00,0.000000000000000000e+00,0.000000000000000000e+00,0.000000000000000000e+00,0.000000000000000000e+00,0.000000000000000000e+00,0.000000000000000000e+00,0.000000000000000000e+00,0.000000000000000000e+00,0.000000000000000000e+00,0.000000000000000000e+00,0.000000000000000000e+00,0.000000000000000000e+00,0.000000000000000000e+00,0.000000000000000000e+00,0.000000000000000000e+00,0.000000000000000000e+00,0.000000000000000000e+00,0.000000000000000000e+00,0.000000000000000000e+00,0.000000000000000000e+00,0.000000000000000000e+00,0.000000000000000000e+00,0.000000000000000000e+00,0.000000000000000000e+00,0.000000000000000000e+00,0.000000000000000000e+00,0.000000000000000000e+00,0.000000000000000000e+00,0.000000000000000000e+00,0.000000000000000000e+00,0.000000000000000000e+00,0.000000000000000000e+00,0.000000000000000000e+00,0.000000000000000000e+00,0.000000000000000000e+00,0.000000000000000000e+00,0.000000000000000000e+00,0.000000000000000000e+00,0.000000000000000000e+00,0.000000000000000000e+00,0.000000000000000000e+00,0.000000000000000000e+00,0.000000000000000000e+00,0.000000000000000000e+00,0.000000000000000000e+00,0.000000000000000000e+00,0.000000000000000000e+00,0.000000000000000000e+00,0.000000000000000000e+00,0.000000000000000000e+00,0.000000000000000000e+00,0.000000000000000000e+00,0.000000000000000000e+00,0.000000000000000000e+00,0.000000000000000000e+00,0.000000000000000000e+00,0.000000000000000000e+00,0.000000000000000000e+00,0.000000000000000000e+00,0.000000000000000000e+00,0.000000000000000000e+00,0.000000000000000000e+00,0.000000000000000000e+00,0.000000000000000000e+00,0.000000000000000000e+00,0.000000000000000000e+00,0.000000000000000000e+00,0.000000000000000000e+00,0.000000000000000000e+00,0.000000000000000000e+00,0.000000000000000000e+00,0.000000000000000000e+00,0.000000000000000000e+00,0.000000000000000000e+00,-7.500750665446404182e-03,-7.544946624464951394e-03,-6.360072103449914034e-03,-5.177427171589466665e-03,-4.419620748329155559e-03,-4.004398005907815195e-03,-3.703366572849200403e-03,-3.368572431075291147e-03,-2.984660504232101476e-03,-2.607652940827000741e-03,-2.283177595579284191e-03,-2.016782143273092125e-03,-1.796481824424496932e-03,-1.614800811683641309e-03,-1.467145841434747394e-03,-1.347614573974237947e-03,-1.250657401295563690e-03,-1.171809458646286099e-03,-1.107416016209180872e-03,-1.054506020952415343e-03,-1.010691357085523020e-03,-9.740584233702972387e-04,-9.430771212138800352e-04,-9.165266920257039663e-04,-8.934353854912866107e-04,-8.730315889301485961e-04,-8.547043421709407457e-04,-8.379714257539167856e-04,-8.224536258714531959e-04,-8.078539712737915161e-04,-7.939410331814424505e-04,-7.805354804550834399e-04,-7.674992990503541872e-04,-7.547271314494172819e-04,-7.421393561227115649e-04,-7.296765397902980291e-04,-7.172950224964661252e-04,-7.049633871131688514e-04,-6.926596649910070130e-04,-6.803691087825313811e-04,-6.680824432535169711e-04,-6.557944780186536482e-04,-6.435030302302543028e-04,-6.312080764212349730e-04,-6.189111042696474789e-04,-6.066146072857879577e-04,-5.943217067597151822e-04,-5.820358607488235149e-04,-5.697606525428679323e-04,-5.574996309753323500e-04,-5.452561997231191587e-04,-5.330335375956076014e-04,-5.208345489813349678e-04,-5.086618334951109165e-04,-4.965176737547559015e-04,-4.844040353592449569e-04,-4.723225764207426348e-04,-4.602746647699198753e-04,-4.482613983271876231e-04,-4.362836305333717005e-04,-4.243419945466362980e-04,-4.124369315545740595e-04,-4.005687149877544583e-04,-3.887374788602563540e-04,-3.769432399172954209e-04,-3.651859242143520434e-04,-3.534653857950635029e-04,-3.417814302865870000e-04,-3.301338293696010236e-04,-3.185223409785835954e-04,-3.069467197082316489e-04,-2.954067339732113751e-04,-2.839021729988530293e-04,-2.724328614538405226e-04,-2.609986635387362419e-04,-2.495994953208930051e-04,-2.382353261592569903e-04,-2.269061888202329670e-04,-2.156121784752440052e-04,-2.043534607703597196e-04,-1.931302687417315754e-04,-1.819429091059069693e-04,-1.707917575075531289e-04,-1.596772633604514712e-04,-1.485999439092141011e-04,-1.375603880301462403e-04,-1.265592496397071459e-04,-1.155972508938332406e-04,-1.046751754704094934e-04,-9.379387159022624972e-05,-8.295424567091620597e-05,-7.215726557167487438e-05,-6.140395508695107674e-05,-5.069539779505801726e-05,-4.003273282303327968e-05,-2.941715964573818096e-05,-1.884993549792467543e-05,-8.332381414031994729e-06,2.134118409819344923e-06,1.254810912046498575e-05,2.290806368737259390e-05,3.321237381810098534e-05,4.345934616689052038e-05,5.364719161405761828e-05,6.377401918589735354e-05,7.383782372819943838e-05,8.383647761145051269e-05,9.376771690908897693e-05,1.036291310497810733e-04,1.134181476889615825e-04,1.231320205668255316e-04,1.327678133481790613e-04,1.423223860616355243e-04,1.517923782999395642e-04,1.611741947758451774e-04,1.704639884566730771e-04,1.796576460311990271e-04,1.887507718740374853e-04,1.977386746670984296e-04,2.066163536673972499e-04,2.153784885474330148e-04,2.240194305047500645e-04,2.325331988533349667e-04,2.409134814485320718e-04,2.491536441853085078e-04,2.572467486436742713e-04,2.651855852519042068e-04,2.729627220645630009e-04,2.805705803076194546e-04,2.880015385565469293e-04,2.952480830064965495e-04,3.023030090150705595e-04,3.091597016097171412e-04,3.158125064424970475e-04,3.222572353489675835e-04,3.284918298186855910e-04,3.345172531171031736e-04,3.403386562082079229e-04,3.459669315162259857e-04,3.514207395448617848e-04,3.567291938177152063e-04,3.619353613293104085e-04,3.671008835162323757e-04,3.723120049830107173e-04,3.776875180596121133e-04,3.833891443479151158e-04,3.896352111992386455e-04,3.967185652365521221e-04,4.050301916053151269e-04,4.150902401239212470e-04,4.275890060344554079e-04,4.434409397356288006e-04,4.638561605685475654e-04,4.904350441238932356e-04,5.252938361239150320e-04,5.712314196808954570e-04,6.319515258417400050e-04,7.123588852603383002e-04,8.189552427103999636e-04,9.603690922793592637e-04,1.148066047672543100e-03,1.397299748637941853e-03,1.728379303923104288e-03,2.168322485050290602e-03,2.752894922956663874e-03,3.528737088712215631e-03,4.553321893016292789e-03,5.891126340251448545e-03,7.602126389598620575e-03,9.615855212128866097e-03,1.158604391670752312e-02,1.283036231306994464e-02,1.191065462801557152e-02,6.039973995265492113e-03
0.000000000000000000e+00,0.000000000000000000e+00,0.000000000000000000e+00,0.000000000000000000e+00,0.000000000000000000e+00,0.000000000000000000e+00,0.000000000000000000e+00,0.000000000000000000e+00,0.000000000000000000e+00,0.000000000000000000e+00,0.000000000000000000e+00,0.000000000000000000e+00,0.000000000000000000e+00,0.000000000000000000e+00,0.000000000000000000e+00,0.000000000000000000e+00,0.000000000000000000e+00,0.000000000000000000e+00,0.000000000000000000e+00,0.000000000000000000e+00,0.000000000000000000e+00,0.000000000000000000e+00,0.000000000000000000e+00,0.000000000000000000e+00,0.000000000000000000e+00,0.000000000000000000e+00,0.000000000000000000e+00,0.000000000000000000e+00,0.000000000000000000e+00,0.000000000000000000e+00,0.000000000000000000e+00,0.000000000000000000e+00,0.000000000000000000e+00,0.000000000000000000e+00,0.000000000000000000e+00,0.000000000000000000e+00,0.000000000000000000e+00,0.000000000000000000e+00,0.000000000000000000e+00,0.000000000000000000e+00,0.000000000000000000e+00,0.000000000000000000e+00,0.000000000000000000e+00,0.000000000000000000e+00,0.000000000000000000e+00,0.000000000000000000e+00,0.000000000000000000e+00,0.000000000000000000e+00,0.000000000000000000e+00,0.000000000000000000e+00,0.000000000000000000e+00,0.000000000000000000e+00,0.000000000000000000e+00,0.000000000000000000e+00,0.000000000000000000e+00,0.000000000000000000e+00,0.000000000000000000e+00,0.000000000000000000e+00,0.000000000000000000e+00,0.000000000000000000e+00,0.000000000000000000e+00,0.000000000000000000e+00,0.000000000000000000e+00,0.000000000000000000e+00,0.000000000000000000e+00,0.000000000000000000e+00,0.000000000000000000e+00,0.000000000000000000e+00,0.000000000000000000e+00,0.000000000000000000e+00,0.000000000000000000e+00,0.000000000000000000e+00,0.000000000000000000e+00,0.000000000000000000e+00,0.000000000000000000e+00,0.000000000000000000e+00,0.000000000000000000e+00,0.000000000000000000e+00,0.000000000000000000e+00,0.000000000000000000e+00,0.000000000000000000e+00,0.000000000000000000e+00,0.000000000000000000e+00,0.000000000000000000e+00,0.000000000000000000e+00,0.000000000000000000e+00,0.000000000000000000e+00,0.000000000000000000e+00,0.000000000000000000e+00,0.000000000000000000e+00,0.000000000000000000e+00,0.000000000000000000e+00,0.000000000000000000e+00,0.000000000000000000e+00,0.000000000000000000e+00,0.000000000000000000e+00,0.000000000000000000e+00,0.000000000000000000e+00,0.000000000000000000e+00,0.000000000000000000e+00,0.000000000000000000e+00,0.000000000000000000e+00,0.000000000000000000e+00,0.000000000000000000e+00,0.000000000000000000e+00,0.000000000000000000e+00,0.000000000000000000e+00,0.000000000000000000e+00,0.000000000000000000e+00,0.000000000000000000e+00,0.000000000000000000e+00,0.000000000000000000e+00,0.000000000000000000e+00,0.000000000000000000e+00,0.000000000000000000e+00,0.000000000000000000e+00,0.000000000000000000e+00,0.000000000000000000e+00,0.000000000000000000e+00,0.000000000000000000e+00,0.000000000000000000e+00,0.000000000000000000e+00,0.000000000000000000e+00,0.000000000000000000e+00,0.000000000000000000e+00,0.000000000000000000e+00,0.000000000000000000e+00,0.000000000000000000e+00,0.000000000000000000e+00,0.000000000000000000e+00,0.000000000000000000e+00,0.000000000000000000e+00,0.000000000000000000e+00,0.000000000000000000e+00,0.000000000000000000e+00,0.000000000000000000e+00,0.000000000000000000e+00,0.000000000000000000e+00,0.000000000000000000e+00,0.000000000000000000e+00,0.000000000000000000e+00,0.000000000000000000e+00,0.000000000000000000e+00,0.000000000000000000e+00,0.000000000000000000e+00,0.000000000000000000e+00,0.000000000000000000e+00,0.000000000000000000e+00,0.000000000000000000e+00,0.000000000000000000e+00,0.000000000000000000e+00,0.000000000000000000e+00,0.000000000000000000e+00,0.000000000000000000e+00,0.000000000000000000e+00,0.000000000000000000e+00,0.000000000000000000e+00,0.000000000000000000e+00,0.000000000000000000e+00,0.000000000000000000e+00,0.000000000000000000e+00,0.000000000000000000e+00,0.000000000000000000e+00,0.000000000000000000e+00,0.000000000000000000e+00,0.000000000000000000e+00,0.000000000000000000e+00,0.000000000000000000e+00,0.000000000000000000e+00,0.000000000000000000e+00,0.000000000000000000e+00,0.000000000000000000e+00,0.000000000000000000e+00,0.000000000000000000e+00,0.000000000000000000e+00,0.000000000000000000e+00,-7.542725104677975613e-03,-7.612971325220378033e-03,-6.452820971068809301e-03,-5.290750039545767149e-03,-4.539010175908940632e-03,-4.107432168085610805e-03,-3.772008447764458195e-03,-3.399591395583366829e-03,-2.988979049837694416e-03,-2.599739916624643592e-03,-2.271126192303480479e-03,-2.002126881337890595e-03,-1.779696971925804911e-03,-1.597116832764544593e-03,-1.449228570009382898e-03,-1.329623477174685228e-03,-1.232702841730580652e-03,-1.153969352023812359e-03,-1.089736721946246495e-03,-1.037021638034922805e-03,-9.934292053762807523e-04,-9.570409552606299686e-04,-9.263231990995840969e-04,-9.000523386314999378e-04,-8.772542479662640046e-04,-8.571552351282449604e-04,-8.391424462519673144e-04,-8.227318847999478754e-04,-8.075426383919939591e-04,-7.932761000043558018e-04,-7.796992660636536563e-04,-7.666312985599049203e-04,-7.539327545871560158e-04,-7.414969372900101626e-04,-7.292429849401475166e-04,-7.171103314963572437e-04,-7.050542964874151200e-04,-6.930425576460786698e-04,-6.810523561974967614e-04,-6.690682682397199174e-04,-6.570804511813476984e-04,-6.450832518837605568e-04,-6.330741225109683470e-04,-6.210527661445353759e-04,-6.090204806810045959e-04,-5.969796469094969769e-04,-5.849333426057169542e-04,-5.728850452713031734e-04,-5.608384132307172492e-04,-5.487971202359964631e-04,-5.367647378869373287e-04,-5.247446506451875240e-04,-5.127399998145342353e-04,-5.007536483446337798e-04,-4.887881627048593341e-04,-4.768458086750857632e-04,-4.649285558120588987e-04,-4.530380913231090768e-04,-4.411758363046416713e-04,-4.293429686370216496e-04,-4.175404438367295661e-04,-4.057690214149819812e-04,-3.940292863543914839e-04,-3.823216759432330005e-04,-3.706464997362773450e-04,-3.590039650492460191e-04,-3.473941939940922759e-04,-3.358172463629255301e-04,-3.242731329275122900e-04,-3.127618351852313539e-04,-3.012833149557605367e-04,-2.898375312546090264e-04,-2.784244467946527511e-04,-2.670440424976004636e-04,-2.556963214363048458e-04,-2.443813212276676246e-04,-2.330991156534057828e-04,-2.218498249902099728e-04,-2.106336155065584282e-04,-1.994507078686131956e-04,-1.883013748272499251e-04,-1.771859479391627175e-04,-1.661048138245091736e-04,-1.550584195013341338e-04,-1.440472676480367750e-04,-1.330719209189929603e-04,-1.221329967021228286e-04,-1.112311708205191400e-04,-1.003671722732531272e-04,-8.954178671563643157e-05,-7.875585163909735174e-05,-6.801026000156200899e-05,-5.730595627172216182e-05,-4.664394055724293029e-05,-3.602526590516586170e-05,-2.545104324957278105e-05,-1.492244031022417442e-05,-4.440687635168053705e-06,5.992920624478234060e-06,1.637701936601163846e-05,2.671016969118839447e-05,3.699085011623352875e-05,4.721745155615096991e-05,5.738826703784936619e-05,6.750148449724617224e-05,7.755517501666954472e-05,8.754728350636394084e-05,9.747561555642864854e-05,1.073378261602107918e-04,1.171314053434387463e-04,1.268536651758226123e-04,1.365017244238102723e-04,1.460724942077178470e-04,1.555626620361852982e-04,1.649686766248451659e-04,1.742867318505679725e-04,1.835127515046766720e-04,1.926423740213760753e-04,2.016709383899709920e-04,2.105934710907995022e-04,2.194046752053093905e-04,2.280989220542524866e-04,2.366702470125233869e-04,2.451123502687152034e-04,2.534186054657905059e-04,2.615820774191885225e-04,2.695955542830535609e-04,2.774515960352628226e-04,2.851426087769792415e-04,2.926609480734029128e-04,2.999990675133078905e-04,3.071497185301891200e-04,3.141062283056995723e-04,3.208628674729669316e-04,3.274153513366521084e-04,3.337614973642946247e-04,3.399021096541541913e-04,3.458421339706728936e-04,3.515921976785267231e-04,3.571706167116999071e-04,3.626060554760190870e-04,3.679409922019482920e-04,3.732362949548852118e-04,3.785771883516011928e-04,3.840811182922796016e-04,3.899080249866235639e-04,3.962738791451412808e-04,4.034684068719217678e-04,4.118784641417824245e-04,4.220187363068222323e-04,4.345722934765627529e-04,4.504440353586797825e-04,4.708314673474409172e-04,4.973183117277490397e-04,5.319988460707586984e-04,5.776429916834178481e-04,6.379163418654742795e-04,7.176734787703044870e-04,8.233503778934509430e-04,9.634896261428440526e-04,1.149445405296324520e-03,1.396328443060779103e-03,1.724268100956916593e-03,2.160063153400061577e-03,2.739232809458219502e-03,3.508176065836613507e-03,4.524045488982059680e-03,5.852263534255929336e-03,7.554279357919188760e-03,9.553206146715538874e-03,1.150330439130538285e-02,1.274096713113694393e-02,1.184473831873999669e-02,6.020335245488082042e-03
0.000000000000000000e+00,0.000000000000000000e+00,0.000000000000000000e+00,0.000000000000000000e+00,0.000000000000000000e+00,0.000000000000000000e+00,0.000000000000000000e+00,0.000000000000000000e+00,0.000000000000000000e+00,0.000000000000000000e+00,0.000000000000000000e+00,0.000000000000000000e+00,0.000000000000000000e+00,0.000000000000000000e+00,0.000000000000000000e+00,0.000000000000000000e+00,0.000000000000000000e+00,0.000000000000000000e+00,0.000000000000000000e+00,0.000000000000000000e+00,0.000000000000000000e+00,0.000000000000000000e+00,0.000000000000000000e+00,0.000000000000000000e+00,0.000000000000000000e+00,0.000000000000000000e+00,0.000000000000000000e+00,0.000000000000000000e+00,0.000000000000000000e+00,0.000000000000000000e+00,0.000000000000000000e+00,0.000000000000000000e+00,0.000000000000000000e+00,0.000000000000000000e+00,0.000000000000000000e+00,0.000000000000000000e+00,0.000000000000000000e+00,0.000000000000000000e+00,0.000000000000000000e+00,0.000000000000000000e+00,0.000000000000000000e+00,0.000000000000000000e+00,0.000000000000000000e+00,0.000000000000000000e+00,0.000000000000000000e+00,0.000000000000000000e+00,0.000000000000000000e+00,0.000000000000000000e+00,0.000000000000000000e+00,0.000000000000000000e+00,0.000000000000000000e+00,0.000000000000000000e+00,0.000000000000000000e+00,0.000000000000000000e+00,0.000000000000000000e+00,0.000000000000000000e+00,0.000000000000000000e+00,0.000000000000000000e+00,0.000000000000000000e+00,0.000000000000000000e+00,0.000000000000000000e+00,0.000000000000000000e+00,0.000000000000000000e+00,0.000000000000000000e+00,0.000000000000000000e+00,0.000000000000000000e+00,0.000000000000000000e+00,0.000000000000000000e+00,0.000000000000000000e+00,0.000000000000000000e+00,0.000000000000000000e+00,0.000000000000000000e+00,0.000000000000000000e+00,0.000000000000000000e+00,0.000000000000000000e+00,0.000000000000000000e+00,0.000000000000000000e+00,0.000000000000000000e+00,0.000000000000000000e+00,0.000000000000000000e+00,0.000000000000000000e+00,0.000000000000000000e+00,0.000000000000000000e+00,0.000000000000000000e+00,0.000000000000000000e+00,0.000000000000000000e+00,0.000000000000000000e+00,0.000000000000000000e+00,0.000000000000000000e+00,0.000000000000000000e+00,0.000000000000000000e+00,0.000000000000000000e+00,0.000000000000000000e+00,0.000000000000000000e+00,0.000000000000000000e+00,0.000000000000000000e+00,0.000000000000000000e+00,0.000000000000000000e+00,0.000000000000000000e+00,0.000000000000000000e+00,0.000000000000000000e+00,0.000000000000000000e+00,0.000000000000000000e+00,0.000000000000000000e+00,0.000000000000000000e+00,0.000000000000000000e+00,0.000000000000000000e+00,0.000000000000000000e+00,0.000000000000000000e+00,0.000000000000000000e+00,0.000000000000000000e+00,0.000000000000000000e+00,0.000000000000000000e+00,0.000000000000000000e+00,0.000000000000000000e+00,0.000000000000000000e+00,0.000000000000000000e+00,0.000000000000000000e+00,0.000000000000000000e+00,0.000000000000000000e+00,0.000000000000000000e+00,0.000000000000000000e+00,0.000000000000000000e+00,0.000000000000000000e+00,0.000000000000000000e+00,0.000000000000000000e+00,0.000000000000000000e+00,0.000000000000000000e+00,0.000000000000000000e+00,0.000000000000000000e+00,0.000000000000000000e+00,0.000000000000000000e+00,0.000000000000000000e+00,0.000000000000000000e+00,0.000000000000000000e+00,0.000000000000000000e+00,0.000000000000000000e+00,0.000000000000000000e+00,0.000000000000000000e+00,0.000000000000000000e+00,0.000000000000000000e+00,0.000000000000000000e+00,0.000000000000000000e+00,0.000000000000000000e+00,0.000000000000000000e+00,0.000000000000000000e+00,0.000000000000000000e+00,0.000000000000000000e+00,0.000000000000000000e+00,0.000000000000000000e+00,0.000000000000000000e+00,0.000000000000000000e+00,0.000000000000000000e+00,0.000000000000000000e+00,0.000000000000000000e+00,0.000000000000000000e+00,0.000000000000000000e+00,0.000000000000000000e+00,0.000000000000000000e+00,0.000000000000000000e+00,0.000000000000000000e+00,0.000000000000000000e+00,0.000000000000000000e+00,0.000000000000000000e+00,0.000000000000000000e+00,0.000000000000000000e+00,0.000000000000000000e+00,0.000000000000000000e+00,0.000000000000000000e+00,0.000000000000000000e+00,0.000000000000000000e+00,0.000000000000000000e+00,0.000000000000000000e+00,0.000000000000000000e+00,0.000000000000000000e+00,0.000000000000000000e+00,-7.586193792638727847e-03,-7.683047805922296920e-03,-6.547634134187143261e-03,-5.405054232183375239e-03,-4.657160699347621946e-03,-4.206907275550372631e-03,-3.836205383412540516e-03,-3.427446224730082858e-03,-2.992658223417951711e-03,-2.593069050873731372e-03,-2.260683972552813333e-03,-1.988801494792551226e-03,-1.764194818443250200e-03,-1.580711140356243823e-03,-1.432452311755026382e-03,-1.312639853596811283e-03,-1.215649258457790613e-03,-1.136937003910581685e-03,-1.072785652918205324e-03,-1.020197842395723737e-03,-9.767691935717800773e-04,-9.405743323523157095e-04,-9.100744271005227828e-04,-8.840418712459901900e-04,-8.614992994903584566e-04,-8.416703038040315027e-04,-8.239396677531045333e-04,-8.078212732937882241e-04,-7.929322573878663273e-04,-7.789721935156477964e-04,-7.657063696372922411e-04,-7.529523433365272692e-04,-7.405691706166104161e-04,-7.284487602538312727e-04,-7.165089661934295490e-04,-7.046880519382977106e-04,-6.929402818250628149e-04,-6.812323946163694605e-04,-6.695408068119392420e-04,-6.578493818020812256e-04,-6.461476713716653121e-04,-6.344295192273898638e-04,-6.226919699975862459e-04,-6.109344089491946465e-04,-5.991578982440876272e-04,-5.873646588539838988e-04,-5.755576771078980492e-04,-5.637404016412980940e-04,-5.519165174509819711e-04,-5.400897752224428786e-04,-5.282638671802690608e-04,-5.164423371848362448e-04,-5.046285184946692039e-04,-4.928254939627577536e-04,-4.810360721552835454e-04,-4.692627790576606888e-04,-4.575078575369069447e-04,-4.457732778908132820e-04,-4.340607499846282219e-04,-4.223717435785719239e-04,-4.107075058734932786e-04,-3.990690858680099652e-04,-3.874573531450490249e-04,-3.758730231204002181e-04,-3.643166748593068918e-04,-3.527887753705251481e-04,-3.412896950384131534e-04,-3.298197296605591541e-04,-3.183791126235722339e-04,-3.069680340531125086e-04,-2.955866496563929976e-04,-2.842350971524990229e-04,-2.729135023365504564e-04,-2.616219932924923868e-04,-2.503607042326859281e-04,-2.391297877589886088e-04,-2.279294167168309157e-04,-2.167597945400808260e-04,-2.056211552805884248e-04,-1.945137721356297660e-04,-1.834379559306824564e-04,-1.723940620467063719e-04,-1.613824877049532531e-04,-1.504036775633985524e-04,-1.394581201960738432e-04,-1.285463526906049914e-04,-1.176689567684256884e-04,-1.068265627588839368e-04,-9.601984580918412860e-05,-8.524952960470069392e-05,-7.451638308612506709e-05,-6.382122426103026237e-05,-5.316491781470195343e-05,-4.254837933562434038e-05,-3.197257417323691480e-05,-2.143852237529118301e-05,-1.094729910256095320e-05,-5.000405407628548887e-07,9.902053875453056852e-06,2.025771437101880388e-05,3.056559661748046585e-05,4.082427332460711593e-05,5.103222794522008790e-05,6.118784488409902524e-05,7.128940111092240501e-05,8.133505499273167481e-05,9.132283588567513403e-05,1.012506316649283250e-04,1.111161764448448440e-04,1.209170369463138006e-04,1.306505985839919750e-04,1.403140508878366135e-04,1.499043723036179139e-04,1.594183149986564015e-04,1.688523888764592346e-04,1.782028462776634242e-04,1.874656659697733550e-04,1.966365385693538334e-04,2.057108517235392521e-04,2.146836776587897778e-04,2.235497615856503625e-04,2.323035138389922989e-04,2.409390050026597363e-04,2.494499670239321248e-04,2.578298011538311565e-04,2.660715958172856941e-04,2.741681580208816800e-04,2.821120616864123245e-04,2.898957210318163133e-04,2.975114932754323598e-04,3.049518259033417306e-04,3.122094550325146844e-04,3.192776812225877519e-04,3.261507342677394243e-04,3.328242707073287968e-04,3.392960257884895066e-04,3.455666910780387123e-04,3.516410592473944016e-04,3.575295512398285079e-04,3.632502045341755325e-04,3.688313094782568976e-04,3.743148409648754766e-04,3.797609915412770184e-04,3.852540781995148107e-04,3.909103300943885190e-04,3.968880559032010938e-04,4.034010432668889415e-04,4.107360984487743393e-04,4.192761796780815516e-04,4.295307727378249157e-04,4.421760225264784747e-04,4.581076113777038578e-04,4.785107908875612498e-04,5.049530014933986547e-04,5.395069058080803788e-04,5.849137460311554194e-04,6.448011027471424678e-04,7.239732363995745462e-04,8.287996608668014593e-04,9.677355053587231339e-04,1.152020600623516761e-03,1.396617726092238589e-03,1.721468277868963385e-03,2.153139128089933286e-03,2.726885267836478763e-03,3.488833329446341079e-03,4.495766015119389246e-03,5.814264220925412056e-03,7.506571187668630712e-03,9.488464238903178763e-03,1.141595766835167870e-02,1.264599745132954402e-02,1.177447832719780499e-02,5.999429698605502140e-03
0.000000000000000000e+00,0.000000000000000000e+00,0.000000000000000000e+00,0.000000000000000000e+00,0.000000000000000000e+00,0.000000000000000000e+00,0.000000000000000000e+00,0.000000000000000000e+00,0.000000000000000000e+00,0.000000000000000000e+00,0.000000000000000000e+00,0.000000000000000000e+00,0.000000000000000000e+00,0.000000000000000000e+00,0.000000000000000000e+00,0.000000000000000000e+00,0.000000000000000000e+00,0.000000000000000000e+00,0.000000000000000000e+00,0.000000000000000000e+00,0.000000000000000000e+00,0.000000000000000000e+00,0.000000000000000000e+00,0.000000000000000000e+00,0.000000000000000000e+00,0.000000000000000000e+00,0.000000000000000000e+00,0.000000000000000000e+00,0.000000000000000000e+00,0.000000000000000000e+00,0.000000000000000000e+00,0.000000000000000000e+00,0.000000000000000000e+00,0.000000000000000000e+00,0.000000000000000000e+00,0.000000000000000000e+00,0.000000000000000000e+00,0.000000000000000000e+00,0.000000000000000000e+00,0.000000000000000000e+00,0.000000000000000000e+00,0.000000000000000000e+00,0.000000000000000000e+00,0.000000000000000000e+00,0.000000000000000000e+00,0.000000000000000000e+00,0.000000000000000000e+00,0.000000000000000000e+00,0.000000000000000000e+00,0.000000000000000000e+00,0.000000000000000000e+00,0.000000000000000000e+00,0.000000000000000000e+00,0.000000000000000000e+00,0.000000000000000000e+00,0.000000000000000000e+00,0.000000000000000000e+00,0.000000000000000000e+00,0.000000000000000000e+00,0.000000000000000000e+00,0.000000000000000000e+00,0.000000000000000000e+00,0.000000000000000000e+00,0.000000000000000000e+00,0.000000000000000000e+00,0.000000000000000000e+00,0.000000000000000000e+00,0.000000000000000000e+00,0.000000000000000000e+00,0.000000000000000000e+00,0.000000000000000000e+00,0.000000000000000000e+00,0.000000000000000000e+00,0.000000000000000000e+00,0.000000000000000000e+00,0.000000000000000000e+00,0.000000000000000000e+00,0.000000000000000000e+00,0.000000000000000000e+00,0.000000000000000000e+00,0.000000000000000000e+00,0.000000000000000000e+00,0.000000000000000000e+00,0.000000000000000000e+00,0.000000000000000000e+00,0.000000000000000000e+00,0.000000000000000000e+00,0.000000000000000000e+00,0.000000000000000000e+00,0.000000000000000000e+00,0.000000000000000000e+00,0.000000000000000000e+00,0.000000000000000000e+00,0.000000000000000000e+00,0.000000000000000000e+00,0.000000000000000000e+00,0.000000000000000000e+00,0.000000000000000000e+00,0.000000000000000000e+00,0.000000000000000000e+00,0.000000000000000000e+00,0.000000000000000000e+00,0.000000000000000000e+00,0.000000000000000000e+00,0.000000000000000000e+00,0.000000000000000000e+00,0.000000000000000000e+00,0.000000000000000000e+00,0.000000000000000000e+00,0.000000000000000000e+00,0.000000000000000000e+00,0.000000000000000000e+00,0.000000000000000000e+00,0.000000000000000000e+00,0.000000000000000000e+00,0.000000000000000000e+00,0.000000000000000000e+00,0.000000000000000000e+00,0.000000000000000000e+00,0.000000000000000000e+00,0.000000000000000000e+00,0.000000000000000000e+00,0.000000000000000000e+00,0.000000000000000000e+00,0.000000000000000000e+00,0.000000000000000000e+00,0.000000000000000000e+00,0.000000000000000000e+00,0.000000000000000000e+00,0.000000000000000000e+00,0.000000000000000000e+00,0.000000000000000000e+00,0.000000000000000000e+00,0.000000000000000000e+00,0.000000000000000000e+00,0.000000000000000000e+00,0.000000000000000000e+00,0.000000000000000000e+00,0.000000000000000000e+00,0.000000000000000000e+00,0.000000000000000000e+00,0.000000000000000000e+00,0.000000000000000000e+00,0.000000000000000000e+00,0.000000000000000000e+00,0.000000000000000000e+00,0.000000000000000000e+00,0.000000000000000000e+00,0.000000000000000000e+00,0.000000000000000000e+00,0.000000000000000000e+00,0.000000000000000000e+00,0.000000000000000000e+00,0.000000000000000000e+00,0.000000000000000000e+00,0.000000000000000000e+00,0.000000000000000000e+00,0.000000000000000000e+00,0.000000000000000000e+00,0.000000000000000000e+00,0.000000000000000000e+00,0.000000000000000000e+00,0.000000000000000000e+00,0.000000000000000000e+00,0.000000000000000000e+00,0.000000000000000000e+00,0.000000000000000000e+00,0.000000000000000000e+00,0.000000000000000000e+00,0.000000000000000000e+00,0.000000000000000000e+00,0.000000000000000000e+00,0.000000000000000000e+00,0.000000000000000000e+00,0.000000000000000000e+00,0.000000000000000000e+00,-7.631182181462982904e-03,-7.755160505026385820e-03,-6.644409734128636780e-03,-5.520156819468324816e-03,-4.773910350812266522e-03,-4.302854119562593387e-03,-3.896298498992207659e-03,-3.452701259009061021e-03,-2.996177050184322017e-03,-2.587770255779681377e-03,-2.251715393363475960e-03,-1.976669727222475290e-03,-1.749884196902380847e-03,-1.565459414074540879e-03,-1.416687929346583004e-03,-1.296551123360154293e-03,-1.199395780045079329e-03,-1.120622766519993249e-03,-1.056484033577245480e-03,-1.003965568421312515e-03,-9.606509321495579129e-04,-9.246059498123159305e-04,-8.942852031006388262e-04,-8.684560041608961091e-04,-8.461369600818590027e-04,-8.265483703774065619e-04,-8.090722364442660573e-04,-7.932200164457055541e-04,-7.786066813155183720e-04,-7.649298344397549446e-04,-7.519529516470084421e-04,-7.394919163905386457e-04,-7.274042370282120164e-04,-7.155803970298045980e-04,-7.039369443391570603e-04,-6.924109554939749224e-04,-6.809556247892381564e-04,-6.695367369240871631e-04,-6.581298666232931202e-04,-6.467181449811485166e-04,-6.352904953845680538e-04,-6.238402325603939740e-04,-6.123639646453425461e-04,-6.008607274613987810e-04,-5.893313133079120707e-04,-5.777777472617482693e-04,-5.662028864510875803e-04,-5.546101117584374424e-04,-5.430030951385341137e-04,-5.313856241746256091e-04,-5.197614716671933527e-04,-5.081343012443683554e-04,-4.965075991699444352e-04,-4.848846302393001887e-04,-4.732684083177561216e-04,-4.616616841244219720e-04,-4.500669397767185728e-04,-4.384863960663226722e-04,-4.269220205443748388e-04,-4.153755452789748589e-04,-4.038484811512105623e-04,-3.923421401853463011e-04,-3.808576517117782012e-04,-3.693959859741311803e-04,-3.579579698623470106e-04,-3.465443099121477645e-04,-3.351556061862282334e-04,-3.237923733465961984e-04,-3.124550517649496970e-04,-3.011440259446459427e-04,-2.898596326737151794e-04,-2.786021768665750153e-04,-2.673719372485847579e-04,-2.561691801015164300e-04,-2.449941630505494679e-04,-2.338471470071476108e-04,-2.227283983037538293e-04,-2.116381988593309072e-04,-2.005768467823296382e-04,-1.895446648171157601e-04,-1.785419996529103055e-04,-1.675692288451299469e-04,-1.566267591473992544e-04,-1.457150321563032650e-04,-1.348345220198111298e-04,-1.239857401067380070e-04,-1.131692324942253287e-04,-1.023855840115218849e-04,-9.163541591961268777e-05,-8.091938967647308489e-05,-7.023820519401520880e-05,-5.959260464841501062e-05,-4.898337166371547808e-05,-3.841133547219731219e-05,-2.787737134065030437e-05,-1.738240536096148634e-05,-6.927416397365985177e-06,3.486558245097492480e-06,1.385841912285950960e-05,2.418699790746819828e-05,3.447105177495668639e-05,4.470925544138278974e-05,5.490019355559524350e-05,6.504235144233098476e-05,7.513410549273388155e-05,8.517371260795451675e-05,9.515929865923815681e-05,1.050888466868113273e-04,1.149601835755348703e-04,1.247709671279780843e-04,1.345186711856889250e-04,1.442005717691129943e-04,1.538137309804902620e-04,1.633549825151014718e-04,1.728209148379818876e-04,1.822078565525413912e-04,1.915118596080749101e-04,2.007286853315009743e-04,2.098537888834265720e-04,2.188823073416236366e-04,2.278090474429428716e-04,2.366284781728963374e-04,2.453347252930332531e-04,2.539215727995118121e-04,2.623824703317365254e-04,2.707105512397577941e-04,2.788986634956267929e-04,2.869394179963994274e-04,2.948252613942855269e-04,3.025485783752471410e-04,3.101018381224036370e-04,3.174777915332974935e-04,3.246697455634210369e-04,3.316719255452639276e-04,3.384799697750882322e-04,3.450915765528372718e-04,3.515073759507326566e-04,3.577320652011531073e-04,3.637759244456373288e-04,3.696567875365069271e-04,3.754026566562552992e-04,3.810551021593224408e-04,3.866737553716344668e-04,3.923421581494803876e-04,3.981754771527488057e-04,4.043305692940539551e-04,4.110192490705577876e-04,4.185256477128645666e-04,4.272291106435590919e-04,4.376342538038919703e-04,4.504106752321002062e-04,4.664452679353216181e-04,4.869115039603807787e-04,5.133610502971890956e-04,5.478454711749703885e-04,5.930778057214884571e-04,6.526479726615786814e-04,7.313099962264718416e-04,8.353665233862101695e-04,9.731839768750484869e-04,1.155885202477607322e-03,1.398280202154736102e-03,1.720114197693196467e-03,2.147708862869738677e-03,2.716036342163628391e-03,3.470915210360151805e-03,4.468710747329509778e-03,5.777366080609640415e-03,7.459033873834088751e-03,9.421366694918914542e-03,1.132360683165645719e-02,1.254506550227970502e-02,1.169952309484106022e-02,5.977041117829311190e-03
0.000000000000000000e+00,0.000000000000000000e+00,0.000000000000000000e+00,0.000000000000000000e+00,0.000000000000000000e+00,0.000000000000000000e+00,0.000000000000000000e+00,0.000000000000000000e+00,0.000000000000000000e+00,0.000000000000000000e+00,0.000000000000000000e+00,0.000000000000000000e+00,0.000000000000000000e+00,0.000000000000000000e+00,0.000000000000000000e+00,0.000000000000000000e+00,0.000000000000000000e+00,0.000000000000000000e+00,0.000000000000000000e+00,0.000000000000000000e+00,0.000000000000000000e+00,0.000000000000000000e+00,0.000000000000000000e+00,0.000000000000000000e+00,0.000000000000000000e+00,0.000000000000000000e+00,0.000000000000000000e+00,0.000000000000000000e+00,0.000000000000000000e+00,0.000000000000000000e+00,0.000000000000000000e+00,0.000000000000000000e+00,0.000000000000000000e+00,0.000000000000000000e+00,0.000000000000000000e+00,0.000000000000000000e+00,0.000000000000000000e+00,0.000000000000000000e+00,0.000000000000000000e+00,0.000000000000000000e+00,0.000000000000000000e+00,0.000000000000000000e+00,0.000000000000000000e+00,0.000000000000000000e+00,0.000000000000000000e+00,0.000000000000000000e+00,0.000000000000000000e+00,0.000000000000000000e+00,0.000000000000000000e+00,0.000000000000000000e+00,0.000000000000000000e+00,0.000000000000000000e+00,0.000000000000000000e+00,0.000000000000000000e+00,0.000000000000000000e+00,0.000000000000000000e+00,0.000000000000000000e+00,0.000000000000000000e+00,0.000000000000000000e+00,0.000000000000000000e+00,0.000000000000000000e+00,0.000000000000000000e+00,0.000000000000000000e+00,0.000000000000000000e+00,0.000000000000000000e+00,0.000000000000000000e+00,0.000000000000000000e+00,0.000000000000000000e+00,0.000000000000000000e+00,0.000000000000000000e+00,0.000000000000000000e+00,0.000000000000000000e+00,0.000000000000000000e+00,0.000000000000000000e+00,0.000000000000000000e+00,0.000000000000000000e+00,0.000000000000000000e+00,0.000000000000000000e+00,0.000000000000000000e+00,0.000000000000000000e+00,0.000000000000000000e+00,0.000000000000000000e+00,0.000000000000000000e+00,0.000000000000000000e+00,0.000000000000000000e+00,0.000000000000000000e+00,0.000000000000000000e+00,0.000000000000000000e+00,0.000000000000000000e+00,0.000000000000000000e+00,0.000000000000000000e+00,0.000000000000000000e+00,0.000000000000000000e+00,0.000000000000000000e+00,0.000000000000000000e+00,0.000000000000000000e+00,0.000000000000000000e+00,0.000000000000000000e+00,0.000000000000000000e+00,0.000000000000000000e+00,0.000000000000000000e+00,0.000000000000000000e+00,0.000000000000000000e+00,0.000000000000000000e+00,0.000000000000000000e+00,0.000000000000000000e+00,0.000000000000000000e+00,0.000000000000000000e+00,0.000000000000000000e+00,0.000000000000000000e+00,0.000000000000000000e+00,0.000000000000000000e+00,0.000000000000000000e+00,0.000000000000000000e+00,0.000000000000000000e+00,0.000000000000000000e+00,0.000000000000000000e+00,0.000000000000000000e+00,0.000000000000000000e+00,0.000000000000000000e+00,0.000000000000000000e+00,0.000000000000000000e+00,0.000000000000000000e+00,0.000000000000000000e+00,0.000000000000000000e+00,0.000000000000000000e+00,0.000000000000000000e+00,0.000000000000000000e+00,0.000000000000000000e+00,0.000000000000000000e+00,0.000000000000000000e+00,0.000000000000000000e+00,0.000000000000000000e+00,0.000000000000000000e+00,0.000000000000000000e+00,0.000000000000000000e+00,0.000000000000000000e+00,0.000000000000000000e+00,0.000000000000000000e+00,0.000000000000000000e+00,0.000000000000000000e+00,0.000000000000000000e+00,0.000000000000000000e+00,0.000000000000000000e+00,0.000000000000000000e+00,0.000000000000000000e+00,0.000000000000000000e+00,0.000000000000000000e+00,0.000000000000000000e+00,0.000000000000000000e+00,0.000000000000000000e+00,0.000000000000000000e+00,0.000000000000000000e+00,0.000000000000000000e+00,0.000000000000000000e+00,0.000000000000000000e+00,0.000000000000000000e+00,0.000000000000000000e+00,0.000000000000000000e+00,0.000000000000000000e+00,0.000000000000000000e+00,0.000000000000000000e+00,0.000000000000000000e+00,0.000000000000000000e+00,0.000000000000000000e+00,0.000000000000000000e+00,0.000000000000000000e+00,0.000000000000000000e+00,0.000000000000000000e+00,0.000000000000000000e+00,0.000000000000000000e+00,0.000000000000000000e+00,0.000000000000000000e+00,0.000000000000000000e+00,0.000000000000000000e+00,0.000000000000000000e+00,-7.677719857465288393e-03,-7.829301118429530387e-03,-6.743057694270200575e-03,-5.635896274686011398e-03,-4.889132658545605227e-03,-4.395346904042327606e-03,-3.952655617263276314e-03,-3.475895864080604490e-03,-2.999932163804731790e-03,-2.583891802365796252e-03,-2.244066943976896072e-03,-1.965614125635558457e-03,-1.736674045020038162e-03,-1.551236934798870580e-03,-1.401816340197999501e-03,-1.281253413881535373e-03,-1.183848954930677433e-03,-1.104943755423501471e-03,-1.040758817775527334e-03,-9.882604972058762170e-04,-9.450179144168501097e-04,-9.090863242398136311e-04,-8.789123826567166739e-04,-8.532573328601175677e-04,-8.311350319389101656e-04,-8.117619619387613211e-04,-7.945169646207010184e-04,-7.789088074920174016e-04,-7.645501112170462231e-04,-7.511363861521745938e-04,-7.384292176759447339e-04,-7.262427686097652334e-04,-7.144329748568975513e-04,-7.028888838974245825e-04,-6.915257351790937267e-04,-6.802794197848820905e-04,-6.691020642689929918e-04,-6.579585003381845576e-04,-6.468234592878715529e-04,-6.356793348311239782e-04,-6.245144129639425062e-04,-6.133214665568875300e-04,-6.020966505550394074e-04,-5.908386311733867732e-04,-5.795479075204209261e-04,-5.682262827558599762e-04,-5.568764564634706314e-04,-5.455017115897650790e-04,-5.341056754233589488e-04,-5.226921398345262849e-04,-5.112649250020425079e-04,-4.998277809361989510e-04,-4.883843136887850355e-04,-4.769379372417480016e-04,-4.654918387280919758e-04,-4.540489624489166525e-04,-4.426119996635586185e-04,-4.311833926359150680e-04,-4.197653387749922748e-04,-4.083598058113894146e-04,-3.969685429457255814e-04,-3.855931011195494126e-04,-3.742348466609193066e-04,-3.628949831954678021e-04,-3.515745653899385943e-04,-3.402745205663851389e-04,-3.289956611141892757e-04,-3.177387044782011699e-04,-3.065042832825346690e-04,-2.952929628962777447e-04,-2.841052489767016058e-04,-2.729416025806154656e-04,-2.618024455390568182e-04,-2.506881735751041555e-04,-2.395991600897040064e-04,-2.285357676124920225e-04,-2.174983502620945802e-04,-2.064872635518023337e-04,-1.955028656057255110e-04,-1.845455253408914101e-04,-1.736156226278725288e-04,-1.627135550174508476e-04,-1.518397371342074275e-04,-1.409946061778714877e-04,-1.301786208672499182e-04,-1.193922659932883878e-04,-1.086360512738110786e-04,-9.791051528468750745e-05,-8.721622460316196944e-05,-7.655377744743055413e-05,-6.592380346177624929e-05,-5.532696737151890696e-05,-4.476396972879625059e-05,-3.423555087117927944e-05,-2.374249291130340838e-05,-1.328562426524672349e-05,-2.865823133864454408e-06,7.515977161551150963e-06,1.785878300344113844e-05,2.816153413854601906e-05,3.842309666313037538e-05,4.864225553802503871e-05,5.881770565915820504e-05,6.894804314801962638e-05,7.903175450708957428e-05,8.906720666510282969e-05,9.905263429095240277e-05,1.089861286327803203e-04,1.188656231351833942e-04,1.286888811698470620e-04,1.384534801819646901e-04,1.481567984832082732e-04,1.577959982539500316e-04,1.673680116820942983e-04,1.768695233079532216e-04,1.862969559715873657e-04,1.956464532568863727e-04,2.049138660395097538e-04,2.140947362539153515e-04,2.231842854225887178e-04,2.321774017993662089e-04,2.410686333340891557e-04,2.498521817137411738e-04,2.585219041228130213e-04,2.670713202965404481e-04,2.754936307996142843e-04,2.837817477070816194e-04,2.919283429714350530e-04,2.999259210852291786e-04,3.077669211366349119e-04,3.154438629932759027e-04,3.229495437144072113e-04,3.302773111267193001e-04,3.374214241801441012e-04,3.443775455346556299e-04,3.511433844133412152e-04,3.577195637444252141e-04,3.641107472138855553e-04,3.703271452287986527e-04,3.763864698045381926e-04,3.823165297153873887e-04,3.881586007767214410e-04,3.939718814686922672e-04,3.998392885822447756e-04,4.058751023912574593e-04,4.122349348653955837e-04,4.191288706693718888e-04,4.268386518947795533e-04,4.357403465652950696e-04,4.463340923882530261e-04,4.592833946477914431e-04,4.754668776322908065e-04,4.960468209109135601e-04,5.225597634702107940e-04,5.570368533767343063e-04,6.021636014788667819e-04,6.614928513819356157e-04,7.397287519015735991e-04,8.431069907157968772e-04,9.799043755457413976e-04,1.161124474214703887e-03,1.401419967973720595e-03,1.720331810824833781e-03,2.143922939908367645e-03,2.706863437465633054e-03,3.454622558405510708e-03,4.443105378526760428e-03,5.741792727244883141e-03,7.411668329430644818e-03,9.351646034086100179e-03,1.122590339467425223e-02,1.243786210980683815e-02,1.161958102016514942e-02,5.952955315984939828e-03
0.000000000000000000e+00,0.000000000000000000e+00,0.000000000000000000e+00,0.000000000000000000e+00,0.000000000000000000e+00,0.000000000000000000e+00,0.000000000000000000e+00,0.000000000000000000e+00,0.000000000000000000e+00,0.000000000000000000e+00,0.000000000000000000e+00,0.000000000000000000e+00,0.000000000000000000e+00,0.000000000000000000e+00,0.000000000000000000e+00,0.000000000000000000e+00,0.000000000000000000e+00,0.000000000000000000e+00,0.000000000000000000e+00,0.000000000000000000e+00,0.000000000000000000e+00,0.000000000000000000e+00,0.000000000000000000e+00,0.000000000000000000e+00,0.000000000000000000e+00,0.000000000000000000e+00,0.000000000000000000e+00,0.000000000000000000e+00,0.000000000000000000e+00,0.000000000000000000e+00,0.000000000000000000e+00,0.000000000000000000e+00,0.000000000000000000e+00,0.000000000000000000e+00,0.000000000000000000e+00,0.000000000000000000e+00,0.000000000000000000e+00,0.000000000000000000e+00,0.000000000000000000e+00,0.000000000000000000e+00,0.000000000000000000e+00,0.000000000000000000e+00,0.000000000000000000e+00,0.000000000000000000e+00,0.000000000000000000e+00,0.000000000000000000e+00,0.000000000000000000e+00,0.000000000000000000e+00,0.000000000000000000e+00,0.000000000000000000e+00,0.000000000000000000e+00,0.000000000000000000e+00,0.000000000000000000e+00,0.000000000000000000e+00,0.000000000000000000e+00,0.000000000000000000e+00,0.000000000000000000e+00,0.000000000000000000e+00,0.000000000000000000e+00,0.000000000000000000e+00,0.000000000000000000e+00,0.000000000000000000e+00,0.000000000000000000e+00,0.000000000000000000e+00,0.000000000000000000e+00,0.000000000000000000e+00,0.000000000000000000e+00,0.000000000000000000e+00,0.000000000000000000e+00,0.000000000000000000e+00,0.000000000000000000e+00,0.000000000000000000e+00,0.000000000000000000e+00,0.000000000000000000e+00,0.000000000000000000e+00,0.000000000000000000e+00,0.000000000000000000e+00,0.000000000000000000e+00,0.000000000000000000e+00,0.000000000000000000e+00,0.000000000000000000e+00,0.000000000000000000e+00,0.000000000000000000e+00,0.000000000000000000e+00,0.000000000000000000e+00,0.000000000000000000e+00,0.000000000000000000e+00,0.000000000000000000e+00,0.000000000000000000e+00,0.000000000000000000e+00,0.000000000000000000e+00,0.000000000000000000e+00,0.000000000000000000e+00,0.000000000000000000e+00,0.000000000000000000e+00,0.000000000000000000e+00,0.000000000000000000e+00,0.000000000000000000e+00,0.000000000000000000e+00,0.000000000000000000e+00,0.000000000000000000e+00,0.000000000000000000e+00,0.000000000000000000e+00,0.000000000000000000e+00,0.000000000000000000e+00,0.000000000000000000e+00,0.000000000000000000e+00,0.000000000000000000e+00,0.000000000000000000e+00,0.000000000000000000e+00,0.000000000000000000e+00,0.000000000000000000e+00,0.000000000000000000e+00,0.000000000000000000e+00,0.000000000000000000e+00,0.000000000000000000e+00,0.000000000000000000e+00,0.000000000000000000e+00,0.000000000000000000e+00,0.000000000000000000e+00,0.000000000000000000e+00,0.000000000000000000e+00,0.000000000000000000e+00,0.000000000000000000e+00,0.000000000000000000e+00,0.000000000000000000e+00,0.000000000000000000e+00,0.000000000000000000e+00,0.000000000000000000e+00,0.000000000000000000e+00,0.000000000000000000e+00,0.000000000000000000e+00,0.000000000000000000e+00,0.000000000000000000e+00,0.000000000000000000e+00,0.000000000000000000e+00,0.000000000000000000e+00,0.000000000000000000e+00,0.000000000000000000e+00,0.000000000000000000e+00,0.000000000000000000e+00,0.000000000000000000e+00,0.000000000000000000e+00,0.000000000000000000e+00,0.000000000000000000e+00,0.000000000000000000e+00,0.000000000000000000e+00,0.000000000000000000e+00,0.000000000000000000e+00,0.000000000000000000e+00,0.000000000000000000e+00,0.000000000000000000e+00,0.000000000000000000e+00,0.000000000000000000e+00,0.000000000000000000e+00,0.000000000000000000e+00,0.000000000000000000e+00,0.000000000000000000e+00,0.000000000000000000e+00,0.000000000000000000e+00,0.000000000000000000e+00,0.000000000000000000e+00,0.000000000000000000e+00,0.000000000000000000e+00,0.000000000000000000e+00,0.000000000000000000e+00,0.000000000000000000e+00,0.000000000000000000e+00,0.000000000000000000e+00,0.000000000000000000e+00,0.000000000000000000e+00,0.000000000000000000e+00,0.000000000000000000e+00,0.000000000000000000e+00,0.000000000000000000e+00,0.000000000000000000e+00,-7.725838836022783616e-03,-7.905467246156495584e-03,-6.843498799586771736e-03,-5.752131867899623434e-03,-5.002735543995389875e-03,-4.484499713513040615e-03,-4.005663408503910838e-03,-3.497534865302064002e-03,-3.004236874016897457e-03,-2.581414020598914692e-03,-2.237580762499635778e-03,-1.955534256719769232e-03,-1.724469975366487622e-03,-1.537922076699650047e-03,-1.387728480679880196e-03,-1.266650688507901324e-03,-1.168922431811643924e-03,-1.089823493656466363e-03,-1.025542415626302419e-03,-9.730229124665152511e-04,-9.298174784941878402e-04,-8.939691460869615301e-04,-8.639154052636402849e-04,-8.384105193170815701e-04,-8.164629304449797474e-04,-7.972848232210708389e-04,-7.802515384780154672e-04,-7.648689167892438415e-04,-7.507470706444194187e-04,-7.375793180239157212e-04,-7.251252967795025241e-04,-7.131974222850651470e-04,-7.016500513948549034e-04,-6.903708021320110327e-04,-6.792736191422899406e-04,-6.682932250262453924e-04,-6.573806955575150655e-04,-6.464999245742320943e-04,-6.356248116429212731e-04,-6.247370208043800206e-04,-6.138242038143231763e-04,-6.028785904005895795e-04,-5.918958765826824687e-04,-5.808743492214970931e-04,-5.698142007167731476e-04,-5.587169955487270153e-04,-5.475852560877222724e-04,-5.364221452893375760e-04,-5.252312217098964540e-04,-5.140162559200661240e-04,-5.027810887607071138e-04,-4.915295292164550446e-04,-4.802652753891631984e-04,-4.689918627227101480e-04,-4.577126241832775314e-04,-4.464306707139798999e-04,-4.351488764520459237e-04,-4.238698796236529997e-04,-4.125960828618287181e-04,-4.013296658138627761e-04,-3.900725932544418166e-04,-3.788266332822538612e-04,-3.675933685696551991e-04,-3.563742165371309588e-04,-3.451704412213039627e-04,-3.339831734287748580e-04,-3.228134217733113456e-04,-3.116620914774350412e-04,-3.005299935958119181e-04,-2.894178616113166741e-04,-2.783263584515860314e-04,-2.672560907460790579e-04,-2.562076139627904878e-04,-2.451814447523371411e-04,-2.341780647855045772e-04,-2.231979315509136487e-04,-2.122414811803405841e-04,-2.013091377325017749e-04,-1.904013150547921595e-04,-1.795184245370413294e-04,-1.686608761469852048e-04,-1.578290847935121194e-04,-1.470234707897545437e-04,-1.362444650432431366e-04,-1.254925092334715500e-04,-1.147680600844045297e-04,-1.040715895763202870e-04,-9.340358860800532681e-05,-8.276456758605313130e-05,-7.215505979443195481e-05,-6.157562268346165651e-05,-5.102684124159187181e-05,-4.050933027463115871e-05,-3.002373805525541419e-05,-1.957074984790117589e-05,-9.151092089269099756e-06,1.234462620009810897e-06,1.158509057515525908e-05,2.189991033114271367e-05,3.217797680969482378e-05,4.241827289194597837e-05,5.261970242987507458e-05,6.278108000392459466e-05,7.290112275217304906e-05,8.297843829927738300e-05,9.301151537228752439e-05,1.029987099774613759e-04,1.129382348278109189e-04,1.228281439136514328e-04,1.326663208233050764e-04,1.424504619293301476e-04,1.521780637562829600e-04,1.618464051057387715e-04,1.714525337330713277e-04,1.809932478963440839e-04,1.904650827881319679e-04,1.998642922658570061e-04,2.091868358168575781e-04,2.184283617058777093e-04,2.275841958537933019e-04,2.366493284757554291e-04,2.456184073342886597e-04,2.544857314262169976e-04,2.632452529825546686e-04,2.718905843529301398e-04,2.804150164824809120e-04,2.888115496312681618e-04,2.970729418677076376e-04,3.051917819504048300e-04,3.131605913356446660e-04,3.209719706271182038e-04,3.286187955156494788e-04,3.360944903385652675e-04,3.433933870188601530e-04,3.505112166730109868e-04,3.574457491149533547e-04,3.641976567551765786e-04,3.707716345619093573e-04,3.771778981308760641e-04,3.834341244910940711e-04,3.895680304073906026e-04,3.956207158028814965e-04,4.016510858733417428e-04,4.077415967641855781e-04,4.140058367495389109e-04,4.205984028088814654e-04,4.277279221966804354e-04,4.356740702414788557e-04,4.448100185137525073e-04,4.556318747873502667e-04,4.687975760635365715e-04,4.851780856683230304e-04,5.059251853531388215e-04,5.325610639582826523e-04,5.670972977491673577e-04,6.121927413875820866e-04,6.713639877794659854e-04,7.492659533966907403e-04,8.520676018387918823e-04,9.879555837836576961e-04,1.167812279913356659e-03,1.406128861093125168e-03,1.722234132258836266e-03,2.141918669639115459e-03,2.699530971836230746e-03,3.440142944624527237e-03,4.419165345591525955e-03,5.707742443094789182e-03,7.364441177834555458e-03,9.279039656501373440e-03,1.112256368744300207e-02,1.232417396277822250e-02,1.153443597270537892e-02,5.926969616520057042e-03
0.000000000000000000e+00,0.000000000000000000e+00,0.000000000000000000e+00,0.000000000000000000e+00,0.000000000000000000e+00,0.000000000000000000e+00,0.000000000000000000e+00,0.000000000000000000e+00,0.000000000000000000e+00,0.000000000000000000e+00,0.000000000000000000e+00,0.000000000000000000e+00,0.000000000000000000e+00,0.000000000000000000e+00,0.000000000000000000e+00,0.000000000000000000e+00,0.000000000000000000e+00,0.000000000000000000e+00,0.000000000000000000e+00,0.000000000000000000e+00,0.000000000000000000e+00,0.000000000000000000e+00,0.000000000000000000e+00,0.000000000000000000e+00,0.000000000000000000e+00,0.000000000000000000e+00,0.000000000000000000e+00,0.000000000000000000e+00,0.000000000000000000e+00,0.000000000000000000e+00,0.000000000000000000e+00,0.000000000000000000e+00,0.000000000000000000e+00,0.000000000000000000e+00,0.000000000000000000e+00,0.000000000000000000e+00,0.000000000000000000e+00,0.000000000000000000e+00,0.000000000000000000e+00,0.000000000000000000e+00,0.000000000000000000e+00,0.000000000000000000e+00,0.000000000000000000e+00,0.000000000000000000e+00,0.000000000000000000e+00,0.000000000000000000e+00,0.000000000000000000e+00,0.000000000000000000e+00,0.000000000000000000e+00,0.000000000000000000e+00,0.000000000000000000e+00,0.000000000000000000e+00,0.000000000000000000e+00,0.000000000000000000e+00,0.000000000000000000e+00,0.000000000000000000e+00,0.000000000000000000e+00,0.000000000000000000e+00,0.000000000000000000e+00,0.000000000000000000e+00,0.000000000000000000e+00,0.000000000000000000e+00,0.000000000000000000e+00,0.000000000000000000e+00,0.000000000000000000e+00,0.000000000000000000e+00,0.000000000000000000e+00,0.000000000000000000e+00,0.000000000000000000e+00,0.000000000000000000e+00,0.000000000000000000e+00,0.000000000000000000e+00,0.000000000000000000e+00,0.000000000000000000e+00,0.000000000000000000e+00,0.000000000000000000e+00,0.000000000000000000e+00,0.000000000000000000e+00,0.000000000000000000e+00,0.000000000000000000e+00,0.000000000000000000e+00,0.000000000000000000e+00,0.000000000000000000e+00,0.000000000000000000e+00,0.000000000000000000e+00,0.000000000000000000e+00,0.000000000000000000e+00,0.000000000000000000e+00,0.000000000000000000e+00,0.000000000000000000e+00,0.000000000000000000e+00,0.000000000000000000e+00,0.000000000000000000e+00,0.000000000000000000e+00,0.000000000000000000e+00,0.000000000000000000e+00,0.000000000000000000e+00,0.000000000000000000e+00,0.000000000000000000e+00,0.000000000000000000e+00,0.000000000000000000e+00,0.000000000000000000e+00,0.000000000000000000e+00,0.000000000000000000e+00,0.000000000000000000e+00,0.000000000000000000e+00,0.000000000000000000e+00,0.000000000000000000e+00,0.000000000000000000e+00,0.000000000000000000e+00,0.000000000000000000e+00,0.000000000000000000e+00,0.000000000000000000e+00,0.000000000000000000e+00,0.000000000000000000e+00,0.000000000000000000e+00,0.000000000000000000e+00,0.000000000000000000e+00,0.000000000000000000e+00,0.000000000000000000e+00,0.000000000000000000e+00,0.000000000000000000e+00,0.000000000000000000e+00,0.000000000000000000e+00,0.000000000000000000e+00,0.000000000000000000e+00,0.000000000000000000e+00,0.000000000000000000e+00,0.000000000000000000e+00,0.000000000000000000e+00,0.000000000000000000e+00,0.000000000000000000e+00,0.000000000000000000e+00,0.000000000000000000e+00,0.000000000000000000e+00,0.000000000000000000e+00,0.000000000000000000e+00,0.000000000000000000e+00,0.000000000000000000e+00,0.000000000000000000e+00,0.000000000000000000e+00,0.000000000000000000e+00,0.000000000000000000e+00,0.000000000000000000e+00,0.000000000000000000e+00,0.000000000000000000e+00,0.000000000000000000e+00,0.000000000000000000e+00,0.000000000000000000e+00,0.000000000000000000e+00,0.000000000000000000e+00,0.000000000000000000e+00,0.000000000000000000e+00,0.000000000000000000e+00,0.000000000000000000e+00,0.000000000000000000e+00,0.000000000000000000e+00,0.000000000000000000e+00,0.000000000000000000e+00,0.000000000000000000e+00,0.000000000000000000e+00,0.000000000000000000e+00,0.000000000000000000e+00,0.000000000000000000e+00,0.000000000000000000e+00,0.000000000000000000e+00,0.000000000000000000e+00,0.000000000000000000e+00,0.000000000000000000e+00,0.000000000000000000e+00,0.000000000000000000e+00,0.000000000000000000e+00,0.000000000000000000e+00,0.000000000000000000e+00,0.000000000000000000e+00,0.000000000000000000e+00,-7.775571533432764325e-03,-7.983660552529183926e-03,-6.945663627343873388e-03,-5.868743228710100387e-03,-5.114660354519147585e-03,-4.570462703195925930e-03,-4.055719363992633074e-03,-3.518080544494644937e-03,-3.009323722757123194e-03,-2.580264383556719020e-03,-2.232104917019003647e-03,-1.946342924875710300e-03,-1.713173306588414938e-03,-1.525399352613279920e-03,-1.374324603710435494e-03,-1.252654123625200752e-03,-1.154536632404396272e-03,-1.075191523102325859e-03,-1.010772396738691872e-03,-9.581975004272372341e-04,-9.150006857330652893e-04,-8.792112227785903568e-04,-8.492562885352024056e-04,-8.238823244459110660e-04,-8.020917448024415114e-04,-7.830919966121202775e-04,-7.662546107717704662e-04,-7.510822913192398117e-04,-7.371825077519442940e-04,-7.242463065039798616e-04,-7.120313391285435119e-04,-7.003482633591051913e-04,-6.890498659677875585e-04,-6.780223565555991948e-04,-6.671784125026153324e-04,-6.564516180029446703e-04,-6.457920276373183910e-04,-6.351626245385964993e-04,-6.245364998783291309e-04,-6.138946068330577901e-04,-6.032239767727035811e-04,-5.925163051854301670e-04,-5.817668332126407554e-04,-5.709734678853435434e-04,-5.601360902281163519e-04,-5.492560176234844056e-04,-5.383355834718333774e-04,-5.273778160899846414e-04,-5.163861882026023458e-04,-5.053644299630523666e-04,-4.943163821862260957e-04,-4.832458909752686466e-04,-4.721567238857676233e-04,-4.610525148032806691e-04,-4.499367194365899020e-04,-4.388125923993801600e-04,-4.276831681000014119e-04,-4.165512585559718022e-04,-4.054194500587008807e-04,-3.942901132123184747e-04,-3.831654081593144335e-04,-3.720473006815474474e-04,-3.609375712011975374e-04,-3.498378331822235500e-04,-3.387495432572786317e-04,-3.276740198569190812e-04,-3.166124529813755780e-04,-3.055659217261453252e-04,-2.945354026986759578e-04,-2.835217855424151988e-04,-2.725258795181349954e-04,-2.615484267943543714e-04,-2.505901074222079269e-04,-2.396515507757034059e-04,-2.287333394929171298e-04,-2.178360194729924522e-04,-2.069601031025862937e-04,-1.961060778670995776e-04,-1.852744088871005038e-04,-1.744655460972091511e-04,-1.636799261719470403e-04,-1.529179783792607996e-04,-1.421801261138497209e-04,-1.314667916325744661e-04,-1.207783974503282519e-04,-1.101153701965616093e-04,-9.947814215902971797e-05,-8.886715455029935823e-05,-7.828285951024233742e-05,-6.772572308775479935e-05,-5.719622799706935030e-05,-4.669487660288602736e-05,-3.622219469106497986e-05,-2.577873472521135151e-05,-1.536508086169165364e-05,-4.981852721729595663e-06,5.370288151974779033e-06,1.569063378749263523e-05,2.597842172884117084e-05,3.623282960452984283e-05,4.645296536463109705e-05,5.663786078081762979e-05,6.678645992506479652e-05,7.689761150643186871e-05,8.697005560587507732e-05,9.700241481004971656e-05,1.069931792828069674e-04,1.169406967089443904e-04,1.268431558505080548e-04,1.366985753704646361e-04,1.465047860960178071e-04,1.562594188616919766e-04,1.659598858043549708e-04,1.756033674719629665e-04,1.851867936372612953e-04,1.947068301042994827e-04,2.041598598042871835e-04,2.135419700700007619e-04,2.228489352620339342e-04,2.320762058933164803e-04,2.412188948869933857e-04,2.502717710230893309e-04,2.592292524286322311e-04,2.680854087419545003e-04,2.768339680358222754e-04,2.854683354540274421e-04,2.939816242486198807e-04,3.023667044320817697e-04,3.106162762647342291e-04,3.187229723571317311e-04,3.266795049327202226e-04,3.344788616035733507e-04,3.421145796842344497e-04,3.495811042659176899e-04,3.568742799233796405e-04,3.639919877655809497e-04,3.709350075950263587e-04,3.777081321616444580e-04,3.843216594367139158e-04,3.907933214223578700e-04,3.971508485528147422e-04,4.034352893549664220e-04,4.097054032137933087e-04,4.160433606194131298e-04,4.225622661991727011e-04,4.294159501505808753e-04,4.368118783848903798e-04,4.450280122320625668e-04,4.544350465564344298e-04,4.655255567788616215e-04,4.789524983885964969e-04,4.955798599563871398e-04,5.165497184708571802e-04,5.433708133989211854e-04,5.780361463445689296e-04,6.231789765808726494e-04,6.822807017454545582e-04,7.599479282412068470e-04,8.622834617317425053e-04,9.973836341185804682e-04,1.176008144294739440e-03,1.412482874741332163e-03,1.725916903006193773e-03,2.141814913048061767e-03,2.694184303165282884e-03,3.427643098008989562e-03,4.397087943449406316e-03,5.675379394201313446e-03,7.317284609925732604e-03,9.203300096553637677e-03,1.101338272423553304e-02,1.220389673512538992e-02,1.144395949342331617e-02,5.898902216196157469e-03
0.000000000000000000e+00,0.000000000000000000e+00,0.000000000000000000e+00,0.000000000000000000e+00,0.000000000000000000e+00,0.000000000000000000e+00,0.000000000000000000e+00,0.000000000000000000e+00,0.000000000000000000e+00,0.000000000000000000e+00,0.000000000000000000e+00,0.000000000000000000e+00,0.000000000000000000e+00,0.000000000000000000e+00,0.000000000000000000e+00,0.000000000000000000e+00,0.000000000000000000e+00,0.000000000000000000e+00,0.000000000000000000e+00,0.000000000000000000e+00,0.000000000000000000e+00,0.000000000000000000e+00,0.000000000000000000e+00,0.000000000000000000e+00,0.000000000000000000e+00,0.000000000000000000e+00,0.000000000000000000e+00,0.000000000000000000e+00,0.000000000000000000e+00,0.000000000000000000e+00,0.000000000000000000e+00,0.000000000000000000e+00,0.000000000000000000e+00,0.000000000000000000e+00,0.000000000000000000e+00,0.000000000000000000e+00,0.000000000000000000e+00,0.000000000000000000e+00,0.000000000000000000e+00,0.000000000000000000e+00,0.000000000000000000e+00,0.000000000000000000e+00,0.000000000000000000e+00,0.000000000000000000e+00,0.000000000000000000e+00,0.000000000000000000e+00,0.000000000000000000e+00,0.000000000000000000e+00,0.000000000000000000e+00,0.000000000000000000e+00,0.000000000000000000e+00,0.000000000000000000e+00,0.000000000000000000e+00,0.000000000000000000e+00,0.000000000000000000e+00,0.000000000000000000e+00,0.000000000000000000e+00,0.000000000000000000e+00,0.000000000000000000e+00,0.000000000000000000e+00,0.000000000000000000e+00,0.000000000000000000e+00,0.000000000000000000e+00,0.000000000000000000e+00,0.000000000000000000e+00,0.000000000000000000e+00,0.000000000000000000e+00,0.000000000000000000e+00,0.000000000000000000e+00,0.000000000000000000e+00,0.000000000000000000e+00,0.000000000000000000e+00,0.000000000000000000e+00,0.000000000000000000e+00,0.000000000000000000e+00,0.000000000000000000e+00,0.000000000000000000e+00,0.000000000000000000e+00,0.000000000000000000e+00,0.000000000000000000e+00,0.000000000000000000e+00,0.000000000000000000e+00,0.000000000000000000e+00,0.000000000000000000e+00,0.000000000000000000e+00,0.000000000000000000e+00,0.000000000000000000e+00,0.000000000000000000e+00,0.000000000000000000e+00,0.000000000000000000e+00,0.000000000000000000e+00,0.000000000000000000e+00,0.000000000000000000e+00,0.000000000000000000e+00,0.000000000000000000e+00,0.000000000000000000e+00,0.000000000000000000e+00,0.000000000000000000e+00,0.000000000000000000e+00,0.000000000000000000e+00,0.000000000000000000e+00,0.000000000000000000e+00,0.000000000000000000e+00,0.000000000000000000e+00,0.000000000000000000e+00,0.000000000000000000e+00,0.000000000000000000e+00,0.000000000000000000e+00,0.000000000000000000e+00,0.000000000000000000e+00,0.000000000000000000e+00,0.000000000000000000e+00,0.000000000000000000e+00,0.000000000000000000e+00,0.000000000000000000e+00,0.000000000000000000e+00,0.000000000000000000e+00,0.000000000000000000e+00,0.000000000000000000e+00,0.000000000000000000e+00,0.000000000000000000e+00,0.000000000000000000e+00,0.000000000000000000e+00,0.000000000000000000e+00,0.000000000000000000e+00,0.000000000000000000e+00,0.000000000000000000e+00,0.000000000000000000e+00,0.000000000000000000e+00,0.000000000000000000e+00,0.000000000000000000e+00,0.000000000000000000e+00,0.000000000000000000e+00,0.000000000000000000e+00,0.000000000000000000e+00,0.000000000000000000e+00,0.000000000000000000e+00,0.000000000000000000e+00,0.000000000000000000e+00,0.000000000000000000e+00,0.000000000000000000e+00,0.000000000000000000e+00,0.000000000000000000e+00,0.000000000000000000e+00,0.000000000000000000e+00,0.000000000000000000e+00,0.000000000000000000e+00,0.000000000000000000e+00,0.000000000000000000e+00,0.000000000000000000e+00,0.000000000000000000e+00,0.000000000000000000e+00,0.000000000000000000e+00,0.000000000000000000e+00,0.000000000000000000e+00,0.000000000000000000e+00,0.000000000000000000e+00,0.000000000000000000e+00,0.000000000000000000e+00,0.000000000000000000e+00,0.000000000000000000e+00,0.000000000000000000e+00,0.000000000000000000e+00,0.000000000000000000e+00,0.000000000000000000e+00,0.000000000000000000e+00,0.000000000000000000e+00,0.000000000000000000e+00,0.000000000000000000e+00,0.000000000000000000e+00,0.000000000000000000e+00,0.000000000000000000e+00,0.000000000000000000e+00,0.000000000000000000e+00,0.000000000000000000e+00,0.000000000000000000e+00,-7.826949083324454687e-03,-8.063885337089602562e-03,-7.049491806383429392e-03,-5.985630006856376174e-03,-5.224880316932731250e-03,-4.653416987588684939e-03,-4.103222673512514976e-03,-3.537945414782047923e-03,-3.015349349301981070e-03,-2.580332512110094199e-03,-2.227500105860838638e-03,-1.937961479576419573e-03,-1.702682242050674059e-03,-1.513561543387639428e-03,-1.361513442263578367e-03,-1.239181814136810925e-03,-1.140618530278848103e-03,-1.060983160615941055e-03,-9.963913431523900837e-04,-9.437332884769691855e-04,-9.005223341316553496e-04,-8.647725580787559308e-04,-8.348997630015198793e-04,-8.096417894666600636e-04,-7.879944575304129476e-04,-7.691600727532546620e-04,-7.525060757823964254e-04,-7.375318483513110040e-04,-7.238421022312488970e-04,-7.111255507714998652e-04,-6.991378360503913095e-04,-6.876878622512302454e-04,-6.766268681453011403e-04,-6.658396883298489492e-04,-6.552377721277053346e-04,-6.447536066268632965e-04,-6.343362655451970436e-04,-6.239478588850991313e-04,-6.135607027779190576e-04,-6.031550680674130013e-04,-5.927173889482185596e-04,-5.822388446176137008e-04,-5.717142340648428880e-04,-5.611410923627861745e-04,-5.505189924636102669e-04,-5.398490038519377721e-04,-5.291332664294361209e-04,-5.183746660821877180e-04,-5.075765790570737008e-04,-4.967426820348965454e-04,-4.858768007739716491e-04,-4.749828019028749814e-04,-4.640645047058246939e-04,-4.531256229929392148e-04,-4.421697162746314729e-04,-4.312001636886386713e-04,-4.202201408292241622e-04,-4.092326145738576127e-04,-3.982403362797951431e-04,-3.872458492711757200e-04,-3.762514913313733458e-04,-3.652594086995327610e-04,-3.542715629759273475e-04,-3.432897477293884287e-04,-3.323155970257442369e-04,-3.213506024854508297e-04,-3.103961219100193525e-04,-2.994533954542977065e-04,-2.885235533384323679e-04,-2.776076302118434588e-04,-2.667065713909135515e-04,-2.558212450903689958e-04,-2.449524473125654013e-04,-2.341009122733785552e-04,-2.232673164954219135e-04,-2.124522878780167449e-04,-2.016564093478400842e-04,-1.908802266715090251e-04,-1.801242516786784797e-04,-1.693889687447716012e-04,-1.586748376089419557e-04,-1.479822985991830115e-04,-1.373117752221710572e-04,-1.266636783255681363e-04,-1.160384086866317804e-04,-1.054363603411723042e-04,-9.485792342137273642e-05,-8.430348692543887577e-05,-7.377344208466985625e-05,-6.326818487047971510e-05,-5.278812016057844448e-05,-4.233366426433353029e-05,-3.190525012578357021e-05,-2.150333012831924718e-05,-1.112838253958015946e-05,-7.809148356451315654e-07,9.538528438411202580e-06,1.982936161064364309e-05,3.009094846898838181e-05,4.032259728439475873e-05,5.052354975364615439e-05,6.069297495635567338e-05,7.082995661364232664e-05,8.093348588111056591e-05,9.100244694616331422e-05,1.010356086062229921e-04,1.110316082894273205e-04,1.209889424253663711e-04,1.309059490385971742e-04,1.407807969706392130e-04,1.506114672761300465e-04,1.603957414227409628e-04,1.701311818220415414e-04,1.798151192437467114e-04,1.894446329737462637e-04,1.990165378693196604e-04,2.085273649175997906e-04,2.179733486974754842e-04,2.273504096065947328e-04,2.366541431159432647e-04,2.458798057984093433e-04,2.550223088649151829e-04,2.640762116410241204e-04,2.730357238126603385e-04,2.818947126137064151e-04,2.906467215726575635e-04,2.992850021581465372e-04,3.078025626003706196e-04,3.161922423718602909e-04,3.244468144987767912e-04,3.325591341744493952e-04,3.405223346506211285e-04,3.483301030712742741e-04,3.559770382149489974e-04,3.634591433979093822e-04,3.707744619833237051e-04,3.779239393717430504e-04,3.849125330128539638e-04,3.917507011307654334e-04,3.984563218043447766e-04,4.050572466815289445e-04,4.115946003034478369e-04,4.181271481139085247e-04,4.247369563515150095e-04,4.315368634463454521e-04,4.386801936418640397e-04,4.463735647349219835e-04,4.548935998234592904e-04,4.646089672260950956e-04,4.760092474281584765e-04,4.897430528750662537e-04,5.066681502533381407e-04,5.279177902221450242e-04,5.549882724322772239e-04,5.898551586839676820e-04,6.351273469346265139e-04,6.942523110817457781e-04,7.717895363124477326e-04,8.737765598702605489e-04,1.008219615880787210e-03,1.185754661480357703e-03,1.420538976662974722e-03,1.731454724718166664e-03,2.143707485026354054e-03,2.690944342028588412e-03,3.417262139103849003e-03,4.377046110207659727e-03,5.644828316278133196e-03,7.270099196171472648e-03,9.124204988345851683e-03,1.089824464420645171e-02,1.207704350759987097e-02,1.134811923073385069e-02,5.868600828408523928e-03
0.000000000000000000e+00,0.000000000000000000e+00,0.000000000000000000e+00,0.000000000000000000e+00,0.000000000000000000e+00,0.000000000000000000e+00,0.000000000000000000e+00,0.000000000000000000e+00,0.000000000000000000e+00,0.000000000000000000e+00,0.000000000000000000e+00,0.000000000000000000e+00,0.000000000000000000e+00,0.000000000000000000e+00,0.000000000000000000e+00,0.000000000000000000e+00,0.000000000000000000e+00,0.000000000000000000e+00,0.000000000000000000e+00,0.000000000000000000e+00,0.000000000000000000e+00,0.000000000000000000e+00,0.000000000000000000e+00,0.000000000000000000e+00,0.000000000000000000e+00,0.000000000000000000e+00,0.000000000000000000e+00,0.000000000000000000e+00,0.000000000000000000e+00,0.000000000000000000e+00,0.000000000000000000e+00,0.000000000000000000e+00,0.000000000000000000e+00,0.000000000000000000e+00,0.000000000000000000e+00,0.000000000000000000e+00,0.000000000000000000e+00,0.000000000000000000e+00,0.000000000000000000e+00,0.000000000000000000e+00,0.000000000000000000e+00,0.000000000000000000e+00,0.000000000000000000e+00,0.000000000000000000e+00,0.000000000000000000e+00,0.000000000000000000e+00,0.000000000000000000e+00,0.000000000000000000e+00,0.000000000000000000e+00,0.000000000000000000e+00,0.000000000000000000e+00,0.000000000000000000e+00,0.000000000000000000e+00,0.000000000000000000e+00,0.000000000000000000e+00,0.000000000000000000e+00,0.000000000000000000e+00,0.000000000000000000e+00,0.000000000000000000e+00,0.000000000000000000e+00,0.000000000000000000e+00,0.000000000000000000e+00,0.000000000000000000e+00,0.000000000000000000e+00,0.000000000000000000e+00,0.000000000000000000e+00,0.000000000000000000e+00,0.000000000000000000e+00,0.000000000000000000e+00,0.000000000000000000e+00,0.000000000000000000e+00,0.000000000000000000e+00,0.000000000000000000e+00,0.000000000000000000e+00,0.000000000000000000e+00,0.000000000000000000e+00,0.000000000000000000e+00,0.000000000000000000e+00,0.000000000000000000e+00,0.000000000000000000e+00,0.000000000000000000e+00,0.000000000000000000e+00,0.000000000000000000e+00,0.000000000000000000e+00,0.000000000000000000e+00,0.000000000000000000e+00,0.000000000000000000e+00,0.000000000000000000e+00,0.000000000000000000e+00,0.000000000000000000e+00,0.000000000000000000e+00,0.000000000000000000e+00,0.000000000000000000e+00,0.000000000000000000e+00,0.000000000000000000e+00,0.000000000000000000e+00,0.000000000000000000e+00,0.000000000000000000e+00,0.000000000000000000e+00,0.000000000000000000e+00,0.000000000000000000e+00,0.000000000000000000e+00,0.000000000000000000e+00,0.000000000000000000e+00,0.000000000000000000e+00,0.000000000000000000e+00,0.000000000000000000e+00,0.000000000000000000e+00,0.000000000000000000e+00,0.000000000000000000e+00,0.000000000000000000e+00,0.000000000000000000e+00,0.000000000000000000e+00,0.000000000000000000e+00,0.000000000000000000e+00,0.000000000000000000e+00,0.000000000000000000e+00,0.000000000000000000e+00,0.000000000000000000e+00,0.000000000000000000e+00,0.000000000000000000e+00,0.000000000000000000e+00,0.000000000000000000e+00,0.000000000000000000e+00,0.000000000000000000e+00,0.000000000000000000e+00,0.000000000000000000e+00,0.000000000000000000e+00,0.000000000000000000e+00,0.000000000000000000e+00,0.000000000000000000e+00,0.000000000000000000e+00,0.000000000000000000e+00,0.000000000000000000e+00,0.000000000000000000e+00,0.000000000000000000e+00,0.000000000000000000e+00,0.000000000000000000e+00,0.000000000000000000e+00,0.000000000000000000e+00,0.000000000000000000e+00,0.000000000000000000e+00,0.000000000000000000e+00,0.000000000000000000e+00,0.000000000000000000e+00,0.000000000000000000e+00,0.000000000000000000e+00,0.000000000000000000e+00,0.000000000000000000e+00,0.000000000000000000e+00,0.000000000000000000e+00,0.000000000000000000e+00,0.000000000000000000e+00,0.000000000000000000e+00,0.000000000000000000e+00,0.000000000000000000e+00,0.000000000000000000e+00,0.000000000000000000e+00,0.000000000000000000e+00,0.000000000000000000e+00,0.000000000000000000e+00,0.000000000000000000e+00,0.000000000000000000e+00,0.000000000000000000e+00,0.000000000000000000e+00,0.000000000000000000e+00,0.000000000000000000e+00,0.000000000000000000e+00,0.000000000000000000e+00,0.000000000000000000e+00,0.000000000000000000e+00,0.000000000000000000e+00,0.000000000000000000e+00,0.000000000000000000e+00,0.000000000000000000e+00,0.000000000000000000e+00,-7.879999325327746024e-03,-8.146146933510248211e-03,-7.154931453921142652e-03,-6.102711895500391101e-03,-5.333399224542879902e-03,-4.733569576471289946e-03,-4.148565730272674688e-03,-3.557487171159383343e-03,-3.022401892654639956e-03,-2.581484637368204865e-03,-2.223643465813923432e-03,-1.930315474731474122e-03,-1.692894485911956197e-03,-1.502310723088600038e-03,-1.349211413393879575e-03,-1.226158554485218570e-03,-1.127101355576179322e-03,-1.047139207510649605e-03,-9.823466297809906392e-04,-9.295834794801593462e-04,-8.863408392810238033e-04,-8.506162704747081710e-04,-8.208132196542254622e-04,-7.956602049596468110e-04,-7.741459291330440038e-04,-7.554671854761897546e-04,-7.389870705283790127e-04,-7.242014793690225048e-04,-7.107122694444120486e-04,-6.982057749178848796e-04,-6.864356189397016793e-04,-6.752089684511057175e-04,-6.643755476273572333e-04,-6.538188599428882948e-04,-6.434491758692640695e-04,-6.331979361656104753e-04,-6.230132832292696338e-04,-6.128565003574212421e-04,-6.026991706536580316e-04,-5.925209195082992803e-04,-5.823076153124327400e-04,-5.720499467792078060e-04,-5.617422911187188155e-04,-5.513818266500684776e-04,-5.409678286519448587e-04,-5.305011246761084757e-04,-5.199836630966390245e-04,-5.094181857309891624e-04,-4.988079675611225682e-04,-4.881566242357713702e-04,-4.774679566038992034e-04,-4.667458400379436833e-04,-4.559941323147316929e-04,-4.452166127972629803e-04,-4.344169297019515150e-04,-4.235985710877991943e-04,-4.127648379325141539e-04,-4.019188360678317435e-04,-3.910634661222125844e-04,-3.802014284733780218e-04,-3.693352231790252146e-04,-3.584671618608266169e-04,-3.475993726783846026e-04,-3.367338151261122545e-04,-3.258722871198989281e-04,-3.150164404443748134e-04,-3.041677883650263539e-04,-2.933277203832911247e-04,-2.824975093490870938e-04,-2.716783245901583776e-04,-2.608712378983954580e-04,-2.500772346268702036e-04,-2.392972185667094050e-04,-2.285320212730530484e-04,-2.177824063508726786e-04,-2.070490774923878347e-04,-1.963326825678338953e-04,-1.856338205277024945e-04,-1.749530453159266468e-04,-1.642908715531797115e-04,-1.536477782379423794e-04,-1.430242132466635777e-04,-1.324205969541926843e-04,-1.218373257307671262e-04,-1.112747756821850880e-04,-1.007333053661617047e-04,-9.021325987104922501e-05,-7.971497301377613481e-05,-6.923877200792098654e-05,-5.878497943341839347e-05,-4.835391874107376108e-05,-3.794591627099563755e-05,-2.756130780890599430e-05,-1.720044091024744464e-05,-6.863682692855004725e-06,3.448577298462295680e-06,1.373591790919677308e-05,2.399788275911394632e-05,3.423396955244242991e-05,4.444362552717367982e-05,5.462623518160466141e-05,6.478111464166217282e-05,7.490749777619348034e-05,8.500452937831456891e-05,9.507124969901032741e-05,1.051065863850511448e-04,1.151093375221736473e-04,1.250781623247106231e-04,1.350115628438074351e-04,1.449078734615142988e-04,1.547652414972883802e-04,1.645816156287244463e-04,1.743547257374714391e-04,1.840820704874338595e-04,1.937608969182756137e-04,2.033881876030978089e-04,2.129606407809300469e-04,2.224746578652734717e-04,2.319263254056197151e-04,2.413114043432995864e-04,2.506253159730521189e-04,2.598631354566493580e-04,2.690195854838915192e-04,2.780890385079989001e-04,2.870655244397344544e-04,2.959427494466186897e-04,3.047141285076378366e-04,3.133728343988930994e-04,3.219118735613598877e-04,3.303241887074277803e-04,3.386028093168615420e-04,3.467410478904610935e-04,3.547327780517127568e-04,3.625727924590421507e-04,3.702572979884499716e-04,3.777845505975662788e-04,3.851557187332276997e-04,3.923759905947830505e-04,3.994560616338339062e-04,4.064140462839006644e-04,4.132780243812657199e-04,4.200893238225822022e-04,4.269068687449430709e-04,4.338128045819489168e-04,4.409199249012231664e-04,4.483813152785848981e-04,4.564030685718656073e-04,4.652608600154959934e-04,4.753218022495614989e-04,4.870730469085969377e-04,5.011595407862446056e-04,5.184336336766988971e-04,5.400206972972677747e-04,5.674056914268746235e-04,6.025479903743037689e-04,6.480335162946563405e-04,7.072772844369271074e-04,7.847930925722204978e-04,8.865544048816219455e-04,1.020477953506862111e-03,1.197075340129383344e-03,1.430332441299968661e-03,1.738897800167120162e-03,2.147665305207321212e-03,2.689902997107507330e-03,3.409105925454036269e-03,4.359184349327388519e-03,5.616172789221104272e-03,7.222758746970428349e-03,9.041565564906640234e-03,1.077712915810263503e-02,1.194374854229572624e-02,1.124698370366781879e-02,5.835950020464085626e-03
0.000000000000000000e+00,0.000000000000000000e+00,0.000000000000000000e+00,0.000000000000000000e+00,0.000000000000000000e+00,0.000000000000000000e+00,0.000000000000000000e+00,0.000000000000000000e+00,0.000000000000000000e+00,0.000000000000000000e+00,0.000000000000000000e+00,0.000000000000000000e+00,0.000000000000000000e+00,0.000000000000000000e+00,0.000000000000000000e+00,0.000000000000000000e+00,0.000000000000000000e+00,0.000000000000000000e+00,0.000000000000000000e+00,0.000000000000000000e+00,0.000000000000000000e+00,0.000000000000000000e+00,0.000000000000000000e+00,0.000000000000000000e+00,0.000000000000000000e+00,0.000000000000000000e+00,0.000000000000000000e+00,0.000000000000000000e+00,0.000000000000000000e+00,0.000000000000000000e+00,0.000000000000000000e+00,0.000000000000000000e+00,0.000000000000000000e+00,0.000000000000000000e+00,0.000000000000000000e+00,0.000000000000000000e+00,0.000000000000000000e+00,0.000000000000000000e+00,0.000000000000000000e+00,0.000000000000000000e+00,0.000000000000000000e+00,0.000000000000000000e+00,0.000000000000000000e+00,0.000000000000000000e+00,0.000000000000000000e+00,0.000000000000000000e+00,0.000000000000000000e+00,0.000000000000000000e+00,0.000000000000000000e+00,0.000000000000000000e+00,0.000000000000000000e+00,0.000000000000000000e+00,0.000000000000000000e+00,0.000000000000000000e+00,0.000000000000000000e+00,0.000000000000000000e+00,0.000000000000000000e+00,0.000000000000000000e+00,0.000000000000000000e+00,0.000000000000000000e+00,0.000000000000000000e+00,0.000000000000000000e+00,0.000000000000000000e+00,0.000000000000000000e+00,0.000000000000000000e+00,0.000000000000000000e+00,0.000000000000000000e+00,0.000000000000000000e+00,0.000000000000000000e+00,0.000000000000000000e+00,0.000000000000000000e+00,0.000000000000000000e+00,0.000000000000000000e+00,0.000000000000000000e+00,0.000000000000000000e+00,0.000000000000000000e+00,0.000000000000000000e+00,0.000000000000000000e+00,0.000000000000000000e+00,0.000000000000000000e+00,0.000000000000000000e+00,0.000000000000000000e+00,0.000000000000000000e+00,0.000000000000000000e+00,0.000000000000000000e+00,0.000000000000000000e+00,0.000000000000000000e+00,0.000000000000000000e+00,0.000000000000000000e+00,0.000000000000000000e+00,0.000000000000000000e+00,0.000000000000000000e+00,0.000000000000000000e+00,0.000000000000000000e+00,0.000000000000000000e+00,0.000000000000000000e+00,0.000000000000000000e+00,0.000000000000000000e+00,0.000000000000000000e+00,0.000000000000000000e+00,0.000000000000000000e+00,0.000000000000000000e+00,0.000000000000000000e+00,0.000000000000000000e+00,0.000000000000000000e+00,0.000000000000000000e+00,0.000000000000000000e+00,0.000000000000000000e+00,0.000000000000000000e+00,0.000000000000000000e+00,0.000000000000000000e+00,0.000000000000000000e+00,0.000000000000000000e+00,0.000000000000000000e+00,0.000000000000000000e+00,0.000000000000000000e+00,0.000000000000000000e+00,0.000000000000000000e+00,0.000000000000000000e+00,0.000000000000000000e+00,0.000000000000000000e+00,0.000000000000000000e+00,0.000000000000000000e+00,0.000000000000000000e+00,0.000000000000000000e+00,0.000000000000000000e+00,0.000000000000000000e+00,0.000000000000000000e+00,0.000000000000000000e+00,0.000000000000000000e+00,0.000000000000000000e+00,0.000000000000000000e+00,0.000000000000000000e+00,0.000000000000000000e+00,0.000000000000000000e+00,0.000000000000000000e+00,0.000000000000000000e+00,0.000000000000000000e+00,0.000000000000000000e+00,0.000000000000000000e+00,0.000000000000000000e+00,0.000000000000000000e+00,0.000000000000000000e+00,0.000000000000000000e+00,0.000000000000000000e+00,0.000000000000000000e+00,0.000000000000000000e+00,0.000000000000000000e+00,0.000000000000000000e+00,0.000000000000000000e+00,0.000000000000000000e+00,0.000000000000000000e+00,0.000000000000000000e+00,0.000000000000000000e+00,0.000000000000000000e+00,0.000000000000000000e+00,0.000000000000000000e+00,0.000000000000000000e+00,0.000000000000000000e+00,0.000000000000000000e+00,0.000000000000000000e+00,0.000000000000000000e+00,0.000000000000000000e+00,0.000000000000000000e+00,0.000000000000000000e+00,0.000000000000000000e+00,0.000000000000000000e+00,0.000000000000000000e+00,0.000000000000000000e+00,0.000000000000000000e+00,0.000000000000000000e+00,0.000000000000000000e+00,0.000000000000000000e+00,0.000000000000000000e+00,0.000000000000000000e+00,0.000000000000000000e+00,-7.934744907148639712e-03,-8.230450272063963638e-03,-7.261938575252639694e-03,-6.219928180950511087e-03,-5.440249174717774402e-03,-4.811147398382870956e-03,-4.192125688932812379e-03,-3.577005148673189933e-03,-3.030509468641478729e-03,-2.583575993444476703e-03,-2.220429623649117917e-03,-1.923331371094133416e-03,-1.683710406996711878e-03,-1.491558450772278478e-03,-1.337342128517792373e-03,-1.213515777685719070e-03,-1.113924429004485659e-03,-1.033605830896858636e-03,-9.685903744768247338e-04,-9.157054608316526250e-04,-8.724182985791771377e-04,-8.367087073884788744e-04,-8.069668682099802532e-04,-7.819113082038819463e-04,-7.605231292190701596e-04,-7.419932720690164407e-04,-7.256802593069055151e-04,-7.110763545665985683e-04,-6.977804804538603484e-04,-6.854765596038057528e-04,-6.739161986447006134e-04,-6.629048542152344301e-04,-6.522907788986081860e-04,-6.419561978990895356e-04,-6.318102604599131963e-04,-6.217834198876430940e-04,-6.118229445881055804e-04,-6.018893451845567025e-04,-5.919535211603750438e-04,-5.819944965849748126e-04,-5.719976124843425191e-04,-5.619530998101846583e-04,-5.518549410882271546e-04,-5.416999796335073220e-04,-5.314872097800070342e-04,-5.212172292385427877e-04,-5.108918027157632966e-04,-5.005135319731093997e-04,-4.900855913269697248e-04,-4.796115329505319723e-04,-4.690951277540564594e-04,-4.585402526029370052e-04,-4.479507947597257691e-04,-4.373305887042527613e-04,-4.266833599162490063e-04,-4.160126931585470542e-04,-4.053220021268275834e-04,-3.946145186064730324e-04,-3.838932793906399692e-04,-3.731611287257632849e-04,-3.624207158587299492e-04,-3.516745048051470729e-04,-3.409247775615966976e-04,-3.301736470822591520e-04,-3.194230630847786061e-04,-3.086748258664722072e-04,-2.979305930316999886e-04,-2.871918927899562305e-04,-2.764601305676457448e-04,-2.657366008512512725e-04,-2.550224930067484207e-04,-2.443189011885414761e-04,-2.336268292733973632e-04,-2.229471990242000391e-04,-2.122808546031987483e-04,-2.016285694977766293e-04,-1.909910510511177888e-04,-1.803689463702910843e-04,-1.697628469115210616e-04,-1.591732932875961428e-04,-1.486007798244560747e-04,-1.380457582681651600e-04,-1.275086423898597033e-04,-1.169898107567586321e-04,-1.064896115618365621e-04,-9.600836467243963155e-05,-8.554636687770792532e-05,-7.510389346774387056e-05,-6.468120412086208527e-05,-5.427854430026733782e-05,-4.389615200605054301e-05,-3.353425926577325981e-05,-2.319309994839512408e-05,-1.287291160188874093e-05,-2.573944494629017547e-06,7.703535967210050348e-06,1.795923883639818404e-05,2.819284441798473103e-05,3.840399240455006258e-05,4.859227770050648227e-05,5.875723703237504430e-05,6.889834365572864686e-05,7.901499242642912144e-05,8.910649328109713206e-05,9.917205480417181252e-05,1.092107764206236688e-04,1.192216305553766057e-04,1.292034535216063536e-04,1.391549264371945134e-04,1.490745648527672779e-04,1.589606986636934777e-04,1.688114605996379324e-04,1.786247654839509687e-04,1.883982978130363246e-04,1.981294908908363213e-04,2.078155139255523712e-04,2.174532518522870653e-04,2.270392927289939099e-04,2.365699095713482845e-04,2.460410494605109479e-04,2.554483196060809377e-04,2.647869807045401280e-04,2.740519409907978508e-04,2.832377583551480863e-04,2.923386487949802565e-04,3.013485051926531751e-04,3.102609310904710276e-04,3.190692898191365215e-04,3.277667821460817938e-04,3.363465492441316835e-04,3.448018255939347908e-04,3.531261358103419696e-04,3.613135757424855215e-04,3.693591710118564078e-04,3.772593755295648699e-04,3.850127065686020271e-04,3.926206111482997648e-04,4.000885720250111754e-04,4.074275962935302057e-04,4.146561221885843463e-04,4.218025616816044234e-04,4.289085702945850823e-04,4.360333805893158721e-04,4.432593982324923307e-04,4.506995917720828227e-04,4.585070754266251571e-04,4.668877425691435215e-04,4.761167164883097153e-04,4.865600350728343159e-04,4.987030034261316375e-04,5.131876045402540294e-04,5.308616117069810602e-04,5.528435148009748718e-04,5.806081021438801951e-04,6.160999056115215892e-04,6.618833812614539859e-04,7.213427152001996613e-04,7.989476672144007465e-04,9.006091034186355492e-04,1.034155207968544222e-03,1.209973064484619722e-03,1.441874906641658341e-03,1.748269523233132597e-03,2.153727580851997822e-03,2.691119674144486825e-03,3.403242981002166118e-03,4.343617136750541584e-03,5.589456589686842350e-03,7.175115900041584803e-03,8.955232700767428930e-03,1.065011400253834152e-02,1.180426713186590558e-02,1.114072410858354435e-02,5.800877111900460542e-03
0.000000000000000000e+00,0.000000000000000000e+00,0.000000000000000000e+00,0.000000000000000000e+00,0.000000000000000000e+00,0.000000000000000000e+00,0.000000000000000000e+00,0.000000000000000000e+00,0.000000000000000000e+00,0.000000000000000000e+00,0.000000000000000000e+00,0.000000000000000000e+00,0.000000000000000000e+00,0.000000000000000000e+00,0.000000000000000000e+00,0.000000000000000000e+00,0.000000000000000000e+00,0.000000000000000000e+00,0.000000000000000000e+00,0.000000000000000000e+00,0.000000000000000000e+00,0.000000000000000000e+00,0.000000000000000000e+00,0.000000000000000000e+00,0.000000000000000000e+00,0.000000000000000000e+00,0.000000000000000000e+00,0.000000000000000000e+00,0.000000000000000000e+00,0.000000000000000000e+00,0.000000000000000000e+00,0.000000000000000000e+00,0.000000000000000000e+00,0.000000000000000000e+00,0.000000000000000000e+00,0.000000000000000000e+00,0.000000000000000000e+00,0.000000000000000000e+00,0.000000000000000000e+00,0.000000000000000000e+00,0.000000000000000000e+00,0.000000000000000000e+00,0.000000000000000000e+00,0.000000000000000000e+00,0.000000000000000000e+00,0.000000000000000000e+00,0.000000000000000000e+00,0.000000000000000000e+00,0.000000000000000000e+00,0.000000000000000000e+00,0.000000000000000000e+00,0.000000000000000000e+00,0.000000000000000000e+00,0.000000000000000000e+00,0.000000000000000000e+00,0.000000000000000000e+00,0.000000000000000000e+00,0.000000000000000000e+00,0.000000000000000000e+00,0.000000000000000000e+00,0.000000000000000000e+00,0.000000000000000000e+00,0.000000000000000000e+00,0.000000000000000000e+00,0.000000000000000000e+00,0.000000000000000000e+00,0.000000000000000000e+00,0.000000000000000000e+00,0.000000000000000000e+00,0.000000000000000000e+00,0.000000000000000000e+00,0.000000000000000000e+00,0.000000000000000000e+00,0.000000000000000000e+00,0.000000000000000000e+00,0.000000000000000000e+00,0.000000000000000000e+00,0.000000000000000000e+00,0.000000000000000000e+00,0.000000000000000000e+00,0.000000000000000000e+00,0.000000000000000000e+00,0.000000000000000000e+00,0.000000000000000000e+00,0.000000000000000000e+00,0.000000000000000000e+00,0.000000000000000000e+00,0.000000000000000000e+00,0.000000000000000000e+00,0.000000000000000000e+00,0.000000000000000000e+00,0.000000000000000000e+00,0.000000000000000000e+00,0.000000000000000000e+00,0.000000000000000000e+00,0.000000000000000000e+00,0.000000000000000000e+00,0.000000000000000000e+00,0.000000000000000000e+00,0.000000000000000000e+00,0.000000000000000000e+00,0.000000000000000000e+00,0.000000000000000000e+00,0.000000000000000000e+00,0.000000000000000000e+00,0.000000000000000000e+00,0.000000000000000000e+00,0.000000000000000000e+00,0.000000000000000000e+00,0.000000000000000000e+00,0.000000000000000000e+00,0.000000000000000000e+00,0.000000000000000000e+00,0.000000000000000000e+00,0.000000000000000000e+00,0.000000000000000000e+00,0.000000000000000000e+00,0.000000000000000000e+00,0.000000000000000000e+00,0.000000000000000000e+00,0.000000000000000000e+00,0.000000000000000000e+00,0.000000000000000000e+00,0.000000000000000000e+00,0.000000000000000000e+00,0.000000000000000000e+00,0.000000000000000000e+00,0.000000000000000000e+00,0.000000000000000000e+00,0.000000000000000000e+00,0.000000000000000000e+00,0.000000000000000000e+00,0.000000000000000000e+00,0.000000000000000000e+00,0.000000000000000000e+00,0.000000000000000000e+00,0.000000000000000000e+00,0.000000000000000000e+00,0.000000000000000000e+00,0.000000000000000000e+00,0.000000000000000000e+00,0.000000000000000000e+00,0.000000000000000000e+00,0.000000000000000000e+00,0.000000000000000000e+00,0.000000000000000000e+00,0.000000000000000000e+00,0.000000000000000000e+00,0.000000000000000000e+00,0.000000000000000000e+00,0.000000000000000000e+00,0.000000000000000000e+00,0.000000000000000000e+00,0.000000000000000000e+00,0.000000000000000000e+00,0.000000000000000000e+00,0.000000000000000000e+00,0.000000000000000000e+00,0.000000000000000000e+00,0.000000000000000000e+00,0.000000000000000000e+00,0.000000000000000000e+00,0.000000000000000000e+00,0.000000000000000000e+00,0.000000000000000000e+00,0.000000000000000000e+00,0.000000000000000000e+00,0.000000000000000000e+00,0.000000000000000000e+00,0.000000000000000000e+00,0.000000000000000000e+00,0.000000000000000000e+00,0.000000000000000000e+00,0.000000000000000000e+00,0.000000000000000000e+00,0.000000000000000000e+00,-7.991201336995622240e-03,-8.316798226548542325e-03,-7.370476261174159494e-03,-6.337237065048682491e-03,-5.545488239390841678e-03,-4.886391953098185789e-03,-4.234258040237216629e-03,-3.596739917098623878e-03,-3.039650298753280439e-03,-2.586461240853552349e-03,-2.217769970464736860e-03,-1.916934913464396267e-03,-1.675036003755316126e-03,-1.481225377008875800e-03,-1.325836065111160329e-03,-1.201191404195744040e-03,-1.101032906557496876e-03,-1.020334346487687628e-03,-9.550792547602705591e-04,-9.020606475520453983e-04,-8.587203567222490615e-04,-8.230193270179935513e-04,-7.933336307520661530e-04,-7.683711842743349467e-04,-7.471050419386009991e-04,-7.287199801124140397e-04,-7.125697399430702770e-04,-6.981428266938575870e-04,-6.850351624136021694e-04,-6.729282381095567488e-04,-6.615716569056727739e-04,-6.507692012674978288e-04,-6.403677035538747489e-04,-6.302481711431440637e-04,-6.203186968819901764e-04,-6.105088122952484833e-04,-6.007649757592010281e-04,-5.910469856459481253e-04,-5.813251135435120983e-04,-5.715778324738701992e-04,-5.617900006166811309e-04,-5.519514297978309666e-04,-5.420557407854974512e-04,-5.320994692942010093e-04,-5.220813509857873949e-04,-5.120017711676027499e-04,-5.018623239413367004e-04,-4.916654800081121050e-04,-4.814143184184198820e-04,-4.711123299795772846e-04,-4.607632549680921509e-04,-4.503709685555325019e-04,-4.399393823065895744e-04,-4.294723789347433085e-04,-4.189737530568360207e-04,-4.084471769961725346e-04,-3.978961673640967703e-04,-3.873240715562162816e-04,-3.767340518980571290e-04,-3.661290856152369364e-04,-3.555119601851579238e-04,-3.448852809892446374e-04,-3.342514729327488257e-04,-3.236127916020148723e-04,-3.129713279471674648e-04,-3.023290204629363025e-04,-2.916876611623977263e-04,-2.810489073914932117e-04,-2.704142880402870056e-04,-2.597852140617650115e-04,-2.491629842032092035e-04,-2.385487936943928358e-04,-2.279437392984772100e-04,-2.173488262763275715e-04,-2.067649731555076895e-04,-1.961930174883736203e-04,-1.856337208136029412e-04,-1.750877735045189396e-04,-1.645557999953722330e-04,-1.540383626567124451e-04,-1.435359671646766074e-04,-1.330490653654111831e-04,-1.225780608111790406e-04,-1.121233107602649437e-04,-1.016851320248962642e-04,-9.126380231909273812e-05,-8.085956658567013794e-05,-7.047263793701641636e-05,-6.010320466094631572e-05,-4.975143103346219670e-05,-3.941746521162212629e-05,-2.910144019797781205e-05,-1.880348279848090138e-05,-8.523714992080787866e-06,1.737735896627201094e-06,1.198073519205881467e-05,2.220512936196506392e-05,3.241074316961721827e-05,4.259736674929327348e-05,5.276475173679592498e-05,6.291259687908227561e-05,7.304054299316489545e-05,8.314815710610392121e-05,9.323492613029424868e-05,1.033002395775319297e-04,1.133433818835647170e-04,1.233635137962662794e-04,1.333596633283571351e-04,1.433307059891784116e-04,1.532753544008203211e-04,1.631921376234524482e-04,1.730793895517231010e-04,1.829352276975889020e-04,1.927575406006080863e-04,2.025439666147956809e-04,2.122918807664271623e-04,2.219983743913264240e-04,2.316602422368936988e-04,2.412739643123310962e-04,2.508356946750843627e-04,2.603412477616386589e-04,2.697860914349086846e-04,2.791653416258950003e-04,2.884737642023797364e-04,2.977057844236539043e-04,3.068555056021896477e-04,3.159167444042676812e-04,3.248830800798499095e-04,3.337479342781114874e-04,3.425046744205497741e-04,3.511467695167418200e-04,3.596679877445463488e-04,3.680626812485753474e-04,3.763261457142353977e-04,3.844551232291812176e-04,3.924484383587294634e-04,4.003078690121070400e-04,4.080392525754713488e-04,4.156539778975263961e-04,4.231708895492147814e-04,4.306188300671465988e-04,4.380399007858622813e-04,4.454937858689505745e-04,4.530633254123332784e-04,4.608618759247785283e-04,4.690428411120434854e-04,4.778122347976853485e-04,4.874450204570652742e-04,4.983066411061415997e-04,5.108811407057487321e-04,5.258082492365213998e-04,5.439320210691454610e-04,5.663650898239693237e-04,5.945732846865870629e-04,6.304877048295455273e-04,6.766529425427919965e-04,7.364241142978037065e-04,8.142287712616540002e-04,9.159169028020185989e-04,1.049229433317608621e-03,1.224429216494776285e-03,1.455153212004457654e-03,1.759564983214210922e-03,2.161902096676799213e-03,2.694618766862383677e-03,3.399702300909088551e-03,4.330429617037513321e-03,5.564686651490849227e-03,7.127006610818891960e-03,8.865099636266660435e-03,1.051737375073059921e-02,1.165897255890414527e-02,1.102961413124906379e-02,5.763356677613164225e-03
0.000000000000000000e+00,0.000000000000000000e+00,0.000000000000000000e+00,0.000000000000000000e+00,0.000000000000000000e+00,0.000000000000000000e+00,0.000000000000000000e+00,0.000000000000000000e+00,0.000000000000000000e+00,0.000000000000000000e+00,0.000000000000000000e+00,0.000000000000000000e+00,0.000000000000000000e+00,0.000000000000000000e+00,0.000000000000000000e+00,0.000000000000000000e+00,0.000000000000000000e+00,0.000000000000000000e+00,0.000000000000000000e+00,0.000000000000000000e+00,0.000000000000000000e+00,0.000000000000000000e+00,0.000000000000000000e+00,0.000000000000000000e+00,0.000000000000000000e+00,0.000000000000000000e+00,0.000000000000000000e+00,0.000000000000000000e+00,0.000000000000000000e+00,0.000000000000000000e+00,0.000000000000000000e+00,0.000000000000000000e+00,0.000000000000000000e+00,0.000000000000000000e+00,0.000000000000000000e+00,0.000000000000000000e+00,0.000000000000000000e+00,0.000000000000000000e+00,0.000000000000000000e+00,0.000000000000000000e+00,0.000000000000000000e+00,0.000000000000000000e+00,0.000000000000000000e+00,0.000000000000000000e+00,0.000000000000000000e+00,0.000000000000000000e+00,0.000000000000000000e+00,0.000000000000000000e+00,0.000000000000000000e+00,0.000000000000000000e+00,0.000000000000000000e+00,0.000000000000000000e+00,0.000000000000000000e+00,0.000000000000000000e+00,0.000000000000000000e+00,0.000000000000000000e+00,0.000000000000000000e+00,0.000000000000000000e+00,0.000000000000000000e+00,0.000000000000000000e+00,0.000000000000000000e+00,0.000000000000000000e+00,0.000000000000000000e+00,0.000000000000000000e+00,0.000000000000000000e+00,0.000000000000000000e+00,0.000000000000000000e+00,0.000000000000000000e+00,0.000000000000000000e+00,0.000000000000000000e+00,0.000000000000000000e+00,0.000000000000000000e+00,0.000000000000000000e+00,0.000000000000000000e+00,0.000000000000000000e+00,0.000000000000000000e+00,0.000000000000000000e+00,0.000000000000000000e+00,0.000000000000000000e+00,0.000000000000000000e+00,0.000000000000000000e+00,0.000000000000000000e+00,0.000000000000000000e+00,0.000000000000000000e+00,0.000000000000000000e+00,0.000000000000000000e+00,0.000000000000000000e+00,0.000000000000000000e+00,0.000000000000000000e+00,0.000000000000000000e+00,0.000000000000000000e+00,0.000000000000000000e+00,0.000000000000000000e+00,0.000000000000000000e+00,0.000000000000000000e+00,0.000000000000000000e+00,0.000000000000000000e+00,0.000000000000000000e+00,0.000000000000000000e+00,0.000000000000000000e+00,0.000000000000000000e+00,0.000000000000000000e+00,0.000000000000000000e+00,0.000000000000000000e+00,0.000000000000000000e+00,0.000000000000000000e+00,0.000000000000000000e+00,0.000000000000000000e+00,0.000000000000000000e+00,0.000000000000000000e+00,0.000000000000000000e+00,0.000000000000000000e+00,0.000000000000000000e+00,0.000000000000000000e+00,0.000000000000000000e+00,0.000000000000000000e+00,0.000000000000000000e+00,0.000000000000000000e+00,0.000000000000000000e+00,0.000000000000000000e+00,0.000000000000000000e+00,0.000000000000000000e+00,0.000000000000000000e+00,0.000000000000000000e+00,0.000000000000000000e+00,0.000000000000000000e+00,0.000000000000000000e+00,0.000000000000000000e+00,0.000000000000000000e+00,0.000000000000000000e+00,0.000000000000000000e+00,0.000000000000000000e+00,0.000000000000000000e+00,0.000000000000000000e+00,0.000000000000000000e+00,0.000000000000000000e+00,0.000000000000000000e+00,0.000000000000000000e+00,0.000000000000000000e+00,0.000000000000000000e+00,0.000000000000000000e+00,0.000000000000000000e+00,0.000000000000000000e+00,0.000000000000000000e+00,0.000000000000000000e+00,0.000000000000000000e+00,0.000000000000000000e+00,0.000000000000000000e+00,0.000000000000000000e+00,0.000000000000000000e+00,0.000000000000000000e+00,0.000000000000000000e+00,0.000000000000000000e+00,0.000000000000000000e+00,0.000000000000000000e+00,0.000000000000000000e+00,0.000000000000000000e+00,0.000000000000000000e+00,0.000000000000000000e+00,0.000000000000000000e+00,0.000000000000000000e+00,0.000000000000000000e+00,0.000000000000000000e+00,0.000000000000000000e+00,0.000000000000000000e+00,0.000000000000000000e+00,0.000000000000000000e+00,0.000000000000000000e+00,0.000000000000000000e+00,0.000000000000000000e+00,0.000000000000000000e+00,0.000000000000000000e+00,0.000000000000000000e+00,0.000000000000000000e+00,0.000000000000000000e+00,0.000000000000000000e+00,-8.049375393366735992e-03,-8.405189944588655968e-03,-7.480513209219219473e-03,-6.454613705862749864e-03,-5.649196662030879328e-03,-4.959553149043688207e-03,-4.275290898513329010e-03,-3.616874764862333582e-03,-3.049763113432183391e-03,-2.590002048981823041e-03,-2.215590379505565349e-03,-1.911051046482240565e-03,-1.666785154671268252e-03,-1.471240686528496556e-03,-1.314630494036738177e-03,-1.189129793440548647e-03,-1.088377693251454687e-03,-1.007281191960381897e-03,-9.417745286397988594e-04,-8.886145500608173429e-04,-8.452163181894234651e-04,-8.095208530839549188e-04,-7.798893355724664887e-04,-7.550184962123515772e-04,-7.338729289906692184e-04,-7.156309600578592521e-04,-6.996413621495680161e-04,-6.853887716421506668e-04,-6.724660575217509617e-04,-6.605522700836200878e-04,-6.493950311947968394e-04,-6.387964933327757409e-04,-6.286021270981221980e-04,-6.186917890012655699e-04,-6.089725863581207455e-04,-5.993732003538788282e-04,-5.898393488437979120e-04,-5.803301838092295509e-04,-5.708154099954221771e-04,-5.612730049257439943e-04,-5.516873936496332134e-04,-5.420480126512508675e-04,-5.323481589349004844e-04,-5.225840930140375354e-04,-5.127543190478885083e-04,-5.028590321772907030e-04,-4.928996736355834973e-04,-4.828785966025368574e-04,-4.727987946481328001e-04,-4.626637035385600767e-04,-4.524770362395623608e-04,-4.422426668530247571e-04,-4.319645296493298333e-04,-4.216465520554787722e-04,-4.112925928369307016e-04,-4.009064056582655779e-04,-3.904916029652448712e-04,-3.800516399571844239e-04,-3.695897962192803152e-04,-3.591091732636361115e-04,-3.486126878748096731e-04,-3.381030776530378882e-04,-3.275829012067388280e-04,-3.170545475000111925e-04,-3.065202395657618808e-04,-2.959820450620062366e-04,-2.854418816204499229e-04,-2.749015271729002524e-04,-2.643626258541336826e-04,-2.538266971802215048e-04,-2.432951417603078186e-04,-2.327692487520763309e-04,-2.222502010814824465e-04,-2.117390811961462286e-04,-2.012368761096886580e-04,-1.907444819636766392e-04,-1.802627093995074696e-04,-1.697922873040031691e-04,-1.593338686319180223e-04,-1.488880333113406802e-04,-1.384552943663873870e-04,-1.280360999159508304e-04,-1.176308395650236871e-04,-1.072398456176273338e-04,-9.686339985220100246e-05,-8.650173415932673328e-05,-7.615503784654259619e-05,-6.582345793937481213e-05,-5.550710719185060612e-05,-4.520606432832725212e-05,-3.492038295111200819e-05,-2.465009200424064112e-05,-1.439520574514187275e-05,-4.155724684471956643e-06,6.068353243042831178e-06,1.627703103133952954e-05,2.647030012956037032e-05,3.664813788094527355e-05,4.681049367456832086e-05,5.695728529216577001e-05,6.708838364897888335e-05,7.720360790023820348e-05,8.730270877690431337e-05,9.738536233721065399e-05,1.074511519507355211e-04,1.174995606219383253e-04,1.275299517298461691e-04,1.375415598963698847e-04,1.475334706564959664e-04,1.575046099032344313e-04,1.674537227462578588e-04,1.773793616450060665e-04,1.872798648368392892e-04,1.971533433946599443e-04,2.069976597898697359e-04,2.168104143224152498e-04,2.265889246980192526e-04,2.363302126440797353e-04,2.460309859124228831e-04,2.556876265525894810e-04,2.652961776684958982e-04,2.748523359718115324e-04,2.843514472028877468e-04,2.937885075892629526e-04,3.031581745324298362e-04,3.124547850278168275e-04,3.216723927764693954e-04,3.308048174425802859e-04,3.398457270016429915e-04,3.487887415242285172e-04,3.576275923883275292e-04,3.663563207493360273e-04,3.749695666984750463e-04,3.834629302291921735e-04,3.918334793937618436e-04,4.000803881056188009e-04,4.082058129105513452e-04,4.162160005925849148e-04,4.241227857300015999e-04,4.319454947186067233e-04,4.397134910439983737e-04,4.474694309529153157e-04,4.552735832237466036e-04,4.632093853935579037e-04,4.713907827947376927e-04,4.799717166533178417e-04,4.891586279819898223e-04,4.992266995445448705e-04,5.105412471890381082e-04,5.235856288828407909e-04,5.389980254394422790e-04,5.576196282448748261e-04,5.805582465078547175e-04,6.092719804993417540e-04,6.456799409668491667e-04,6.923085171418275020e-04,7.524856074149243509e-04,8.305985236338954587e-04,9.324383075922014442e-04,1.065660217073249091e-03,1.240403610655358693e-03,1.470129193461152404e-03,1.772750590878657872e-03,2.172164844876860179e-03,2.700388235613446469e-03,3.398473644736681523e-03,4.319680308995546385e-03,5.541835825144608187e-03,7.078251874848846825e-03,8.771101041403229701e-03,1.037917572367537747e-02,1.150835132520210136e-02,1.091402879327134194e-02,5.723414079512488192e-03
0.000000000000000000e+00,0.000000000000000000e+00,0.000000000000000000e+00,0.000000000000000000e+00,0.000000000000000000e+00,0.000000000000000000e+00,0.000000000000000000e+00,0.000000000000000000e+00,0.000000000000000000e+00,0.000000000000000000e+00,0.000000000000000000e+00,0.000000000000000000e+00,0.000000000000000000e+00,0.000000000000000000e+00,0.000000000000000000e+00,0.000000000000000000e+00,0.000000000000000000e+00,0.000000000000000000e+00,0.000000000000000000e+00,0.000000000000000000e+00,0.000000000000000000e+00,0.000000000000000000e+00,0.000000000000000000e+00,0.000000000000000000e+00,0.000000000000000000e+00,0.000000000000000000e+00,0.000000000000000000e+00,0.000000000000000000e+00,0.000000000000000000e+00,0.000000000000000000e+00,0.000000000000000000e+00,0.000000000000000000e+00,0.000000000000000000e+00,0.000000000000000000e+00,0.000000000000000000e+00,0.000000000000000000e+00,0.000000000000000000e+00,0.000000000000000000e+00,0.000000000000000000e+00,0.000000000000000000e+00,0.000000000000000000e+00,0.000000000000000000e+00,0.000000000000000000e+00,0.000000000000000000e+00,0.000000000000000000e+00,0.000000000000000000e+00,0.000000000000000000e+00,0.000000000000000000e+00,0.000000000000000000e+00,0.000000000000000000e+00,0.000000000000000000e+00,0.000000000000000000e+00,0.000000000000000000e+00,0.000000000000000000e+00,0.000000000000000000e+00,0.000000000000000000e+00,0.000000000000000000e+00,0.000000000000000000e+00,0.000000000000000000e+00,0.000000000000000000e+00,0.000000000000000000e+00,0.000000000000000000e+00,0.000000000000000000e+00,0.000000000000000000e+00,0.000000000000000000e+00,0.000000000000000000e+00,0.000000000000000000e+00,0.000000000000000000e+00,0.000000000000000000e+00,0.000000000000000000e+00,0.000000000000000000e+00,0.000000000000000000e+00,0.000000000000000000e+00,0.000000000000000000e+00,0.000000000000000000e+00,0.000000000000000000e+00,0.000000000000000000e+00,0.000000000000000000e+00,0.000000000000000000e+00,0.000000000000000000e+00,0.000000000000000000e+00,0.000000000000000000e+00,0.000000000000000000e+00,0.000000000000000000e+00,0.000000000000000000e+00,0.000000000000000000e+00,0.000000000000000000e+00,0.000000000000000000e+00,0.000000000000000000e+00,0.000000000000000000e+00,0.000000000000000000e+00,0.000000000000000000e+00,0.000000000000000000e+00,0.000000000000000000e+00,0.000000000000000000e+00,0.000000000000000000e+00,0.000000000000000000e+00,0.000000000000000000e+00,0.000000000000000000e+00,0.000000000000000000e+00,0.000000000000000000e+00,0.000000000000000000e+00,0.000000000000000000e+00,0.000000000000000000e+00,0.000000000000000000e+00,0.000000000000000000e+00,0.000000000000000000e+00,0.000000000000000000e+00,0.000000000000000000e+00,0.000000000000000000e+00,0.000000000000000000e+00,0.000000000000000000e+00,0.000000000000000000e+00,0.000000000000000000e+00,0.000000000000000000e+00,0.000000000000000000e+00,0.000000000000000000e+00,0.000000000000000000e+00,0.000000000000000000e+00,0.000000000000000000e+00,0.000000000000000000e+00,0.000000000000000000e+00,0.000000000000000000e+00,0.000000000000000000e+00,0.000000000000000000e+00,0.000000000000000000e+00,0.000000000000000000e+00,0.000000000000000000e+00,0.000000000000000000e+00,0.000000000000000000e+00,0.000000000000000000e+00,0.000000000000000000e+00,0.000000000000000000e+00,0.000000000000000000e+00,0.000000000000000000e+00,0.000000000000000000e+00,0.000000000000000000e+00,0.000000000000000000e+00,0.000000000000000000e+00,0.000000000000000000e+00,0.000000000000000000e+00,0.000000000000000000e+00,0.000000000000000000e+00,0.000000000000000000e+00,0.000000000000000000e+00,0.000000000000000000e+00,0.000000000000000000e+00,0.000000000000000000e+00,0.000000000000000000e+00,0.000000000000000000e+00,0.000000000000000000e+00,0.000000000000000000e+00,0.000000000000000000e+00,0.000000000000000000e+00,0.000000000000000000e+00,0.000000000000000000e+00,0.000000000000000000e+00,0.000000000000000000e+00,0.000000000000000000e+00,0.000000000000000000e+00,0.000000000000000000e+00,0.000000000000000000e+00,0.000000000000000000e+00,0.000000000000000000e+00,0.000000000000000000e+00,0.000000000000000000e+00,0.000000000000000000e+00,0.000000000000000000e+00,0.000000000000000000e+00,0.000000000000000000e+00,0.000000000000000000e+00,0.000000000000000000e+00,0.000000000000000000e+00,0.000000000000000000e+00,0.000000000000000000e+00,0.000000000000000000e+00,-8.109264022478124972e-03,-8.495619263270821203e-03,-7.592022070980228993e-03,-6.572047963704159140e-03,-5.751473005190755813e-03,-5.030883899931104346e-03,-4.315521459362345151e-03,-3.637540116507844042e-03,-3.060758481014185309e-03,-2.594072726596334099e-03,-2.213828454782894219e-03,-1.905605237632383491e-03,-1.658880971171636329e-03,-1.461541495621599329e-03,-1.303669387012393191e-03,-1.177281546602347226e-03,-1.075915223450343286e-03,-9.944077304963223896e-04,-9.286418490648210705e-04,-8.753365966565040393e-04,-8.318789741879438352e-04,-7.961891022727361680e-04,-7.666125425959079403e-04,-7.418343059903389960e-04,-7.208101447181560839e-04,-7.027116731193545950e-04,-6.868825276572507795e-04,-6.728033803408975866e-04,-6.600640068260184030e-04,-6.483410174773044125e-04,-6.373800834840900832e-04,-6.269817785138306378e-04,-6.169902760841943379e-04,-6.072843542862411135e-04,-5.977702109132915697e-04,-5.883757530330258317e-04,-5.790460321500871159e-04,-5.697396242015656401e-04,-5.604257326118214973e-04,-5.510818993238985860e-04,-5.416921703541774640e-04,-5.322456549301700845e-04,-5.227353685853104682e-04,-5.131573332470431128e-04,-5.035098529293152497e-04,-4.937929589321604076e-04,-4.840079613883167234e-04,-4.741571134059208918e-04,-4.642433366741485008e-04,-4.542700219041645167e-04,-4.442408615985694973e-04,-4.341597327512231302e-04,-4.240305939059931689e-04,-4.138574166455598552e-04,-4.036441216743177972e-04,-3.933945403661141945e-04,-3.831123763426691193e-04,-3.728011870569264505e-04,-3.624643631991362439e-04,-3.521051238554380220e-04,-3.417265080457953077e-04,-3.313313781687905833e-04,-3.209224189275855618e-04,-3.105021448824697261e-04,-3.000729033455898148e-04,-2.896368833307039008e-04,-2.791961204065097966e-04,-2.687525055422410221e-04,-2.583077907934603289e-04,-2.478635971363651164e-04,-2.374214202234941609e-04,-2.269826366065984941e-04,-2.165485091731971499e-04,-2.061201916928957810e-04,-1.956987341551347519e-04,-1.852850861272245866e-04,-1.748801025074953638e-04,-1.644845461492711860e-04,-1.540990942150123545e-04,-1.437243400982265128e-04,-1.333608002211607486e-04,-1.230089151645947663e-04,-1.126690568237911574e-04,-1.023415288392716106e-04,-9.202657419331630988e-05,-8.172437514965455159e-05,-7.143506141805711909e-05,-6.115870983727339201e-05,-5.089535326141825255e-05,-4.064498026247779036e-05,-3.040754491487313417e-05,-2.018296680159629752e-05,-9.971141855639971529e-06,2.280570739849979007e-07,1.041476819907259173e-05,2.058913943433450988e-05,3.075131510122418364e-05,4.090143357093615253e-05,5.103961263549250415e-05,6.116594597153628024e-05,7.128048715464562488e-05,8.138324479584754995e-05,9.147416521283634379e-05,1.015531261243605163e-04,1.116199180396057640e-04,1.216742364340510357e-04,1.317156619721549025e-04,1.417436511334773243e-04,1.517575154509408046e-04,1.617564106132737302e-04,1.717393149887520040e-04,1.817050173132883314e-04,1.916520948927999445e-04,2.015789001183956181e-04,2.114835389368380225e-04,2.213638566500840139e-04,2.312174175663927913e-04,2.410414909222955164e-04,2.508330331752229875e-04,2.605886755527819201e-04,2.703047113851060612e-04,2.799770879565519196e-04,2.896014028762748833e-04,2.991729049319514231e-04,3.086865062144859839e-04,3.181368001279915908e-04,3.275181005676582090e-04,3.368244910850501199e-04,3.460499100969870504e-04,3.551882550354883757e-04,3.642335453938267201e-04,3.731801221664273935e-04,3.820229419710384250e-04,3.907579396958657568e-04,3.993825428258863919e-04,4.078963116064322661e-04,4.163018230438878691e-04,4.246057812027538439e-04,4.328205223898721836e-04,4.409659211190609398e-04,4.490719416486196446e-04,4.571818921881889140e-04,4.653567454757830948e-04,4.736806841340968446e-04,4.822684260497216505e-04,4.912746791436409417e-04,5.009065978582004103e-04,5.114399414804564553e-04,5.232403435417660098e-04,5.367910280280253259e-04,5.527293079710805628e-04,5.718943474646214029e-04,5.953901472493796851e-04,6.246683006003277139e-04,6.616373780422498156e-04,7.088072495929572964e-04,7.694804997284434255e-04,8.480062679960201225e-04,9.501187444141929528e-04,1.083389385511696274e-03,1.257835230862114047e-03,1.486740432800005320e-03,1.787764843679749173e-03,2.184461002355677240e-03,2.708379170680124456e-03,3.399510835847573131e-03,4.311405064858047677e-03,5.520843237427011316e-03,7.028655221660941310e-03,8.673208466853246992e-03,1.023587380317975658e-02,1.135299748566341062e-02,1.079444295099823807e-02,5.681128394152871498e-03
0.000000000000000000e+00,0.000000000000000000e+00,0.000000000000000000e+00,0.000000000000000000e+00,0.000000000000000000e+00,0.000000000000000000e+00,0.000000000000000000e+00,0.000000000000000000e+00,0.000000000000000000e+00,0.000000000000000000e+00,0.000000000000000000e+00,0.000000000000000000e+00,0.000000000000000000e+00,0.000000000000000000e+00,0.000000000000000000e+00,0.000000000000000000e+00,0.000000000000000000e+00,0.000000000000000000e+00,0.000000000000000000e+00,0.000000000000000000e+00,0.000000000000000000e+00,0.000000000000000000e+00,0.000000000000000000e+00,0.000000000000000000e+00,0.000000000000000000e+00,0.000000000000000000e+00,0.000000000000000000e+00,0.000000000000000000e+00,0.000000000000000000e+00,0.000000000000000000e+00,0.000000000000000000e+00,0.000000000000000000e+00,0.000000000000000000e+00,0.000000000000000000e+00,0.000000000000000000e+00,0.000000000000000000e+00,0.000000000000000000e+00,0.000000000000000000e+00,0.000000000000000000e+00,0.000000000000000000e+00,0.000000000000000000e+00,0.000000000000000000e+00,0.000000000000000000e+00,0.000000000000000000e+00,0.000000000000000000e+00,0.000000000000000000e+00,0.000000000000000000e+00,0.000000000000000000e+00,0.000000000000000000e+00,0.000000000000000000e+00,0.000000000000000000e+00,0.000000000000000000e+00,0.000000000000000000e+00,0.000000000000000000e+00,0.000000000000000000e+00,0.000000000000000000e+00,0.000000000000000000e+00,0.000000000000000000e+00,0.000000000000000000e+00,0.000000000000000000e+00,0.000000000000000000e+00,0.000000000000000000e+00,0.000000000000000000e+00,0.000000000000000000e+00,0.000000000000000000e+00,0.000000000000000000e+00,0.000000000000000000e+00,0.000000000000000000e+00,0.000000000000000000e+00,0.000000000000000000e+00,0.000000000000000000e+00,0.000000000000000000e+00,0.000000000000000000e+00,0.000000000000000000e+00,0.000000000000000000e+00,0.000000000000000000e+00,0.000000000000000000e+00,0.000000000000000000e+00,0.000000000000000000e+00,0.000000000000000000e+00,0.000000000000000000e+00,0.000000000000000000e+00,0.000000000000000000e+00,0.000000000000000000e+00,0.000000000000000000e+00,0.000000000000000000e+00,0.000000000000000000e+00,0.000000000000000000e+00,0.000000000000000000e+00,0.000000000000000000e+00,0.000000000000000000e+00,0.000000000000000000e+00,0.000000000000000000e+00,0.000000000000000000e+00,0.000000000000000000e+00,0.000000000000000000e+00,0.000000000000000000e+00,0.000000000000000000e+00,0.000000000000000000e+00,0.000000000000000000e+00,0.000000000000000000e+00,0.000000000000000000e+00,0.000000000000000000e+00,0.000000000000000000e+00,0.000000000000000000e+00,0.000000000000000000e+00,0.000000000000000000e+00,0.000000000000000000e+00,0.000000000000000000e+00,0.000000000000000000e+00,0.000000000000000000e+00,0.000000000000000000e+00,0.000000000000000000e+00,0.000000000000000000e+00,0.000000000000000000e+00,0.000000000000000000e+00,0.000000000000000000e+00,0.000000000000000000e+00,0.000000000000000000e+00,0.000000000000000000e+00,0.000000000000000000e+00,0.000000000000000000e+00,0.000000000000000000e+00,0.000000000000000000e+00,0.000000000000000000e+00,0.000000000000000000e+00,0.000000000000000000e+00,0.000000000000000000e+00,0.000000000000000000e+00,0.000000000000000000e+00,0.000000000000000000e+00,0.000000000000000000e+00,0.000000000000000000e+00,0.000000000000000000e+00,0.000000000000000000e+00,0.000000000000000000e+00,0.000000000000000000e+00,0.000000000000000000e+00,0.000000000000000000e+00,0.000000000000000000e+00,0.000000000000000000e+00,0.000000000000000000e+00,0.000000000000000000e+00,0.000000000000000000e+00,0.000000000000000000e+00,0.000000000000000000e+00,0.000000000000000000e+00,0.000000000000000000e+00,0.000000000000000000e+00,0.000000000000000000e+00,0.000000000000000000e+00,0.000000000000000000e+00,0.000000000000000000e+00,0.000000000000000000e+00,0.000000000000000000e+00,0.000000000000000000e+00,0.000000000000000000e+00,0.000000000000000000e+00,0.000000000000000000e+00,0.000000000000000000e+00,0.000000000000000000e+00,0.000000000000000000e+00,0.000000000000000000e+00,0.000000000000000000e+00,0.000000000000000000e+00,0.000000000000000000e+00,0.000000000000000000e+00,0.000000000000000000e+00,0.000000000000000000e+00,0.000000000000000000e+00,0.000000000000000000e+00,0.000000000000000000e+00,0.000000000000000000e+00,0.000000000000000000e+00,0.000000000000000000e+00,0.000000000000000000e+00,-8.170853724606342433e-03,-8.588073310726713344e-03,-7.704977330886048602e-03,-6.689541136201465274e-03,-5.852429054365857440e-03,-5.100633838856283298e-03,-4.355212631351340798e-03,-3.658818714754644239e-03,-3.072529264506748594e-03,-2.598563411351147070e-03,-2.212430472490515502e-03,-1.900525495938027538e-03,-1.651256312243810052e-03,-1.452072440445444654e-03,-1.292903442502083130e-03,-1.165603444205993034e-03,-1.063607437469369808e-03,-9.816802780565040028e-04,-9.156513349366334062e-04,-8.622002492027251112e-04,-8.186847613258477121e-04,-7.830031848653451433e-04,-7.534847840228144555e-04,-7.288023533450883971e-04,-7.079024504165125180e-04,-6.899497383401687663e-04,-6.742825666770377660e-04,-6.603775613093992121e-04,-6.478213751610930856e-04,-6.362881883058265969e-04,-6.255217590592663732e-04,-6.153211395754100942e-04,-6.055292761971639310e-04,-5.960239457215830722e-04,-5.867105166676888283e-04,-5.775162022098944770e-04,-5.683854654917457625e-04,-5.592763804983099871e-04,-5.501577185425564126e-04,-5.410066495898729032e-04,-5.318068983939401974e-04,-5.225472986919725733e-04,-5.132206305171872849e-04,-5.038227174995753939e-04,-4.943516985221595725e-04,-4.848074710019722013e-04,-4.751912393328121113e-04,-4.655051775403443062e-04,-4.557521525011017766e-04,-4.459355232344171705e-04,-4.360589718868048857e-04,-4.261263854319644810e-04,-4.161417512246059851e-04,-4.061090872493209789e-04,-3.960323765695252288e-04,-3.859155271003200096e-04,-3.757623312772874740e-04,-3.655764454121357746e-04,-3.553613671538365776e-04,-3.451204283370757448e-04,-3.348567849032763467e-04,-3.245734182712724735e-04,-3.142731331474488002e-04,-3.039585633061540068e-04,-2.936321738057807453e-04,-2.832962683679433121e-04,-2.729529938535852295e-04,-2.626043476593657006e-04,-2.522521832675292549e-04,-2.418982167555437104e-04,-2.315440326441491341e-04,-2.211910889125175161e-04,-2.108407226816084383e-04,-2.004941535875147580e-04,-1.901524894153306549e-04,-1.798167282769147545e-04,-1.694877647042248951e-04,-1.591663911561949185e-04,-1.488533048282055708e-04,-1.385491085933471147e-04,-1.282543183824901131e-04,-1.179693634592688208e-04,-1.076945942350694652e-04,-9.743028194071702325e-05,-8.717662692410091006e-05,-7.693375792222093229e-05,-6.670174095200896063e-05,-5.648057841652390741e-05,-4.627021872388487229e-05,-3.607055549997566115e-05,-2.588143810033886210e-05,-1.570267121649303438e-05,-5.534026431788693269e-06,4.624757514602072716e-06,1.477396201217496585e-05,2.491388742501069383e-05,3.504483913322506243e-05,4.516712528030068330e-05,5.528104152159181000e-05,6.538686749233688967e-05,7.548485024880999511e-05,8.557519930673469690e-05,9.565806879721877425e-05,1.057335509604431746e-04,1.158016570857769143e-04,1.258623093807316950e-04,1.359153208187835016e-04,1.459603853508555733e-04,1.559970568504685101e-04,1.660247376925684840e-04,1.760426570759510286e-04,1.860498580783926086e-04,1.960451757654043986e-04,2.060272229651926256e-04,2.159943687784084511e-04,2.259447235396647635e-04,2.358761186761014332e-04,2.457860917169669827e-04,2.556718690114594844e-04,2.655303523281740013e-04,2.753581069024403660e-04,2.851513523578192268e-04,2.949059601766182100e-04,3.046174537238522458e-04,3.142810219828313218e-04,3.238915369447886326e-04,3.334435950661927719e-04,3.429315661658174485e-04,3.523496817685056477e-04,3.616921395112831063e-04,3.709532703929524240e-04,3.801277391875509731e-04,3.892108440551719697e-04,3.981988810645396837e-04,4.070896654656089059e-04,4.158831747418855417e-04,4.245824410344713759e-04,4.331946652186585050e-04,4.417327316114949835e-04,4.502171178962884783e-04,4.586784559643882235e-04,4.671607881762267515e-04,4.757258935858263492e-04,4.844588282594701804e-04,4.934752445646676177e-04,5.029308218493911244e-04,5.130336869961550379e-04,5.240605030524556150e-04,5.363776333706576699e-04,5.504686848895869134e-04,5.669707473161003609e-04,5.867217554539787879e-04,6.108228806553372969e-04,6.407203978550577144e-04,6.783137600362156537e-04,7.260979908836893201e-04,7.873522791971290184e-04,8.663897154573442635e-04,9.688898593601998760e-04,1.102342471123733854e-03,1.276643885229566131e-03,1.504902098813431848e-03,1.804520427245757432e-03,2.198707423549445348e-03,2.718506574176093697e-03,3.402738888008281261e-03,4.305621547739854268e-03,5.501610523375083384e-03,6.977995461386430655e-03,8.571422931487569785e-03,1.008790102207412186e-02,1.119360647947603010e-02,1.067142953116569093e-02,5.636635085382073890e-03
0.000000000000000000e+00,0.000000000000000000e+00,0.000000000000000000e+00,0.000000000000000000e+00,0.000000000000000000e+00,0.000000000000000000e+00,0.000000000000000000e+00,0.000000000000000000e+00,0.000000000000000000e+00,0.000000000000000000e+00,0.000000000000000000e+00,0.000000000000000000e+00,0.000000000000000000e+00,0.000000000000000000e+00,0.000000000000000000e+00,0.000000000000000000e+00,0.000000000000000000e+00,0.000000000000000000e+00,0.000000000000000000e+00,0.000000000000000000e+00,0.000000000000000000e+00,0.000000000000000000e+00,0.000000000000000000e+00,0.000000000000000000e+00,0.000000000000000000e+00,0.000000000000000000e+00,0.000000000000000000e+00,0.000000000000000000e+00,0.000000000000000000e+00,0.000000000000000000e+00,0.000000000000000000e+00,0.000000000000000000e+00,0.000000000000000000e+00,0.000000000000000000e+00,0.000000000000000000e+00,0.000000000000000000e+00,0.000000000000000000e+00,0.000000000000000000e+00,0.000000000000000000e+00,0.000000000000000000e+00,0.000000000000000000e+00,0.000000000000000000e+00,0.000000000000000000e+00,0.000000000000000000e+00,0.000000000000000000e+00,0.000000000000000000e+00,0.000000000000000000e+00,0.000000000000000000e+00,0.000000000000000000e+00,0.000000000000000000e+00,0.000000000000000000e+00,0.000000000000000000e+00,0.000000000000000000e+00,0.000000000000000000e+00,0.000000000000000000e+00,0.000000000000000000e+00,0.000000000000000000e+00,0.000000000000000000e+00,0.000000000000000000e+00,0.000000000000000000e+00,0.000000000000000000e+00,0.000000000000000000e+00,0.000000000000000000e+00,0.000000000000000000e+00,0.000000000000000000e+00,0.000000000000000000e+00,0.000000000000000000e+00,0.000000000000000000e+00,0.000000000000000000e+00,0.000000000000000000e+00,0.000000000000000000e+00,0.000000000000000000e+00,0.000000000000000000e+00,0.000000000000000000e+00,0.000000000000000000e+00,0.000000000000000000e+00,0.000000000000000000e+00,0.000000000000000000e+00,0.000000000000000000e+00,0.000000000000000000e+00,0.000000000000000000e+00,0.000000000000000000e+00,0.000000000000000000e+00,0.000000000000000000e+00,0.000000000000000000e+00,0.000000000000000000e+00,0.000000000000000000e+00,0.000000000000000000e+00,0.000000000000000000e+00,0.000000000000000000e+00,0.000000000000000000e+00,0.000000000000000000e+00,0.000000000000000000e+00,0.000000000000000000e+00,0.000000000000000000e+00,0.000000000000000000e+00,0.000000000000000000e+00,0.000000000000000000e+00,0.000000000000000000e+00,0.000000000000000000e+00,0.000000000000000000e+00,0.000000000000000000e+00,0.000000000000000000e+00,0.000000000000000000e+00,0.000000000000000000e+00,0.000000000000000000e+00,0.000000000000000000e+00,0.000000000000000000e+00,0.000000000000000000e+00,0.000000000000000000e+00,0.000000000000000000e+00,0.000000000000000000e+00,0.000000000000000000e+00,0.000000000000000000e+00,0.000000000000000000e+00,0.000000000000000000e+00,0.000000000000000000e+00,0.000000000000000000e+00,0.000000000000000000e+00,0.000000000000000000e+00,0.000000000000000000e+00,0.000000000000000000e+00,0.000000000000000000e+00,0.000000000000000000e+00,0.000000000000000000e+00,0.000000000000000000e+00,0.000000000000000000e+00,0.000000000000000000e+00,0.000000000000000000e+00,0.000000000000000000e+00,0.000000000000000000e+00,0.000000000000000000e+00,0.000000000000000000e+00,0.000000000000000000e+00,0.000000000000000000e+00,0.000000000000000000e+00,0.000000000000000000e+00,0.000000000000000000e+00,0.000000000000000000e+00,0.000000000000000000e+00,0.000000000000000000e+00,0.000000000000000000e+00,0.000000000000000000e+00,0.000000000000000000e+00,0.000000000000000000e+00,0.000000000000000000e+00,0.000000000000000000e+00,0.000000000000000000e+00,0.000000000000000000e+00,0.000000000000000000e+00,0.000000000000000000e+00,0.000000000000000000e+00,0.000000000000000000e+00,0.000000000000000000e+00,0.000000000000000000e+00,0.000000000000000000e+00,0.000000000000000000e+00,0.000000000000000000e+00,0.000000000000000000e+00,0.000000000000000000e+00,0.000000000000000000e+00,0.000000000000000000e+00,0.000000000000000000e+00,0.000000000000000000e+00,0.000000000000000000e+00,0.000000000000000000e+00,0.000000000000000000e+00,0.000000000000000000e+00,0.000000000000000000e+00,0.000000000000000000e+00,0.000000000000000000e+00,0.000000000000000000e+00,0.000000000000000000e+00,0.000000000000000000e+00,0.000000000000000000e+00,0.000000000000000000e+00,-8.234120520901735962e-03,-8.682531632587909415e-03,-7.819353767025935195e-03,-6.807103340995779468e-03,-5.952185514972665667e-03,-5.169044185476400974e-03,-4.394591444938932695e-03,-3.680752362753743519e-03,-3.084960665874552418e-03,-2.603381926796496416e-03,-2.211348965155247957e-03,-1.895744686602707186e-03,-1.643853657769790699e-03,-1.442785320659819258e-03,-1.282289944610025441e-03,-1.154058201734791322e-03,-1.051421553508018148e-03,-9.690698806110618554e-04,-9.027773477563520417e-04,-8.491827748927413110e-04,-8.056135248568489001e-04,-7.699452562155938411e-04,-7.404903022911945784e-04,-7.159087786978750789e-04,-6.951377217481142590e-04,-6.773346241899607083e-04,-6.618324141339842689e-04,-6.481036020925544415e-04,-6.357316989118837192e-04,-6.243884719415972650e-04,-6.138158109548513168e-04,-6.038113091857357125e-04,-5.942167602721484636e-04,-5.849090207347510404e-04,-5.757927136289672180e-04,-5.667944416909414390e-04,-5.578581608226740231e-04,-5.489415201352884112e-04,-5.400129310358593900e-04,-5.310492580563612366e-04,-5.220339654444293518e-04,-5.129556661793625936e-04,-5.038069537723768128e-04,-4.945834968344211971e-04,-4.852833071448127661e-04,-4.759061811821471461e-04,-4.664532459500354855e-04,-4.569266203219510009e-04,-4.473291363404299933e-04,-4.376641375298023686e-04,-4.279353085497441330e-04,-4.181465560869542528e-04,-4.083019033755377523e-04,-3.984054194359946217e-04,-3.884611523615757686e-04,-3.784730875444421746e-04,-3.684451058466575702e-04,-3.583809608910109050e-04,-3.482842548806091057e-04,-3.381584292138774088e-04,-3.280067529889846853e-04,-3.178323223273006896e-04,-3.076380572147823346e-04,-2.974267055365587497e-04,-2.872008447440696586e-04,-2.769628877097499555e-04,-2.667150869349321773e-04,-2.564595405463448866e-04,-2.461981977811075078e-04,-2.359328642111658495e-04,-2.256652077196759072e-04,-2.153967623486265233e-04,-2.051289342468018060e-04,-1.948630039220382933e-04,-1.846001321663590892e-04,-1.743413610984553396e-04,-1.640876205488848094e-04,-1.538397284763504114e-04,-1.435983981428495706e-04,-1.333642380949867526e-04,-1.231377600179639519e-04,-1.129193781871502779e-04,-1.027094178199370098e-04,-9.250811403131024878e-05,-8.231562069460084704e-05,-7.213200909535693412e-05,-6.195727740098396841e-05,-5.179134924609143730e-05,-4.163408392982890865e-05,-3.148527520393270255e-05,-2.134466234875512835e-05,-1.121192945567830396e-05,-1.086717528787862785e-06,9.031375467382149599e-06,1.914278137015334080e-05,2.924796077020136255e-05,3.934738856066432412e-05,4.944155167821876964e-05,5.953093339581269557e-05,6.961600967287631583e-05,7.969723218322837899e-05,8.977502312208428487e-05,9.984975700055956664e-05,1.099217537911997947e-04,1.199912595652379932e-04,1.300584378955020929e-04,1.401233494695087241e-04,1.501859417129040809e-04,1.602460275790484846e-04,1.703032734175456155e-04,1.803571772305395920e-04,1.904070548973950286e-04,2.004520183246677088e-04,2.104909602722848379e-04,2.205225330356032733e-04,2.305451323525562108e-04,2.405568776005323982e-04,2.505555956646693524e-04,2.605388042133690673e-04,2.705036971066565338e-04,2.804471332898495557e-04,2.903656265337808051e-04,3.002553441397847345e-04,3.101121058755514645e-04,3.199313994658012817e-04,3.297083971060483024e-04,3.394379993649469665e-04,3.491148835768682793e-04,3.587335955282559634e-04,3.682886539331338069e-04,3.777747221696864562e-04,3.871868095750035277e-04,3.965205769621338089e-04,4.057727031011313973e-04,4.149414135842578754e-04,4.240271271596319429e-04,4.330333576181619572e-04,4.419678325768770484e-04,4.508440194136972617e-04,4.596830409805236178e-04,4.685162485510932116e-04,4.773884834253734936e-04,4.863624133603082250e-04,4.955240734188929349e-04,5.049901864090558089e-04,5.149175784342415211e-04,5.255155746532452895e-04,5.370620319512880124e-04,5.499244142569796601e-04,5.645871827927149587e-04,5.816877986964280080e-04,6.020637123057274347e-04,6.268141891209586458e-04,6.573813187331654711e-04,6.956568072149140608e-04,7.441224628898479273e-04,8.060359761424632776e-04,8.856765299468840735e-04,9.886713636611226940e-04,1.122430857231266656e-03,1.296732694902472463e-03,1.524509799341598835e-03,1.822907624820416239e-03,2.214796482284045378e-03,2.730651549948497070e-03,3.408065332925722200e-03,4.302332971110572890e-03,5.483992628523746971e-03,6.926015053735298972e-03,8.465765855593811173e-03,9.935761617625694930e-03,1.103096821248520862e-02,1.054565683553863702e-02,5.590128327476671412e-03
0.000000000000000000e+00,0.000000000000000000e+00,0.000000000000000000e+00,0.000000000000000000e+00,0.000000000000000000e+00,0.000000000000000000e+00,0.000000000000000000e+00,0.000000000000000000e+00,0.000000000000000000e+00,0.000000000000000000e+00,0.000000000000000000e+00,0.000000000000000000e+00,0.000000000000000000e+00,0.000000000000000000e+00,0.000000000000000000e+00,0.000000000000000000e+00,0.000000000000000000e+00,0.000000000000000000e+00,0.000000000000000000e+00,0.000000000000000000e+00,0.000000000000000000e+00,0.000000000000000000e+00,0.000000000000000000e+00,0.000000000000000000e+00,0.000000000000000000e+00,0.000000000000000000e+00,0.000000000000000000e+00,0.000000000000000000e+00,0.000000000000000000e+00,0.000000000000000000e+00,0.000000000000000000e+00,0.000000000000000000e+00,0.000000000000000000e+00,0.000000000000000000e+00,0.000000000000000000e+00,0.000000000000000000e+00,0.000000000000000000e+00,0.000000000000000000e+00,0.000000000000000000e+00,0.000000000000000000e+00,0.000000000000000000e+00,0.000000000000000000e+00,0.000000000000000000e+00,0.000000000000000000e+00,0.000000000000000000e+00,0.000000000000000000e+00,0.000000000000000000e+00,0.000000000000000000e+00,0.000000000000000000e+00,0.000000000000000000e+00,0.000000000000000000e+00,0.000000000000000000e+00,0.000000000000000000e+00,0.000000000000000000e+00,0.000000000000000000e+00,0.000000000000000000e+00,0.000000000000000000e+00,0.000000000000000000e+00,0.000000000000000000e+00,0.000000000000000000e+00,0.000000000000000000e+00,0.000000000000000000e+00,0.000000000000000000e+00,0.000000000000000000e+00,0.000000000000000000e+00,0.000000000000000000e+00,0.000000000000000000e+00,0.000000000000000000e+00,0.000000000000000000e+00,0.000000000000000000e+00,0.000000000000000000e+00,0.000000000000000000e+00,0.000000000000000000e+00,0.000000000000000000e+00,0.000000000000000000e+00,0.000000000000000000e+00,0.000000000000000000e+00,0.000000000000000000e+00,0.000000000000000000e+00,0.000000000000000000e+00,0.000000000000000000e+00,0.000000000000000000e+00,0.000000000000000000e+00,0.000000000000000000e+00,0.000000000000000000e+00,0.000000000000000000e+00,0.000000000000000000e+00,0.000000000000000000e+00,0.000000000000000000e+00,0.000000000000000000e+00,0.000000000000000000e+00,0.000000000000000000e+00,0.000000000000000000e+00,0.000000000000000000e+00,0.000000000000000000e+00,0.000000000000000000e+00,0.000000000000000000e+00,0.000000000000000000e+00,0.000000000000000000e+00,0.000000000000000000e+00,0.000000000000000000e+00,0.000000000000000000e+00,0.000000000000000000e+00,0.000000000000000000e+00,0.000000000000000000e+00,0.000000000000000000e+00,0.000000000000000000e+00,0.000000000000000000e+00,0.000000000000000000e+00,0.000000000000000000e+00,0.000000000000000000e+00,0.000000000000000000e+00,0.000000000000000000e+00,0.000000000000000000e+00,0.000000000000000000e+00,0.000000000000000000e+00,0.000000000000000000e+00,0.000000000000000000e+00,0.000000000000000000e+00,0.000000000000000000e+00,0.000000000000000000e+00,0.000000000000000000e+00,0.000000000000000000e+00,0.000000000000000000e+00,0.000000000000000000e+00,0.000000000000000000e+00,0.000000000000000000e+00,0.000000000000000000e+00,0.000000000000000000e+00,0.000000000000000000e+00,0.000000000000000000e+00,0.000000000000000000e+00,0.000000000000000000e+00,0.000000000000000000e+00,0.000000000000000000e+00,0.000000000000000000e+00,0.000000000000000000e+00,0.000000000000000000e+00,0.000000000000000000e+00,0.000000000000000000e+00,0.000000000000000000e+00,0.000000000000000000e+00,0.000000000000000000e+00,0.000000000000000000e+00,0.000000000000000000e+00,0.000000000000000000e+00,0.000000000000000000e+00,0.000000000000000000e+00,0.000000000000000000e+00,0.000000000000000000e+00,0.000000000000000000e+00,0.000000000000000000e+00,0.000000000000000000e+00,0.000000000000000000e+00,0.000000000000000000e+00,0.000000000000000000e+00,0.000000000000000000e+00,0.000000000000000000e+00,0.000000000000000000e+00,0.000000000000000000e+00,0.000000000000000000e+00,0.000000000000000000e+00,0.000000000000000000e+00,0.000000000000000000e+00,0.000000000000000000e+00,0.000000000000000000e+00,0.000000000000000000e+00,0.000000000000000000e+00,0.000000000000000000e+00,0.000000000000000000e+00,0.000000000000000000e+00,0.000000000000000000e+00,0.000000000000000000e+00,0.000000000000000000e+00,0.000000000000000000e+00,0.000000000000000000e+00,-8.299029997566289424e-03,-8.778965529122587444e-03,-7.935124866812791680e-03,-6.924750569495368747e-03,-6.050867176368303346e-03,-5.236342182913709085e-03,-4.433847358070158902e-03,-3.703348005166196433e-03,-3.097937962286183722e-03,-2.608453755295524201e-03,-2.210540795226409016e-03,-1.891202479869557532e-03,-1.636624617987461486e-03,-1.433638928206794729e-03,-1.271792712423327467e-03,-1.142614408179438079e-03,-1.039330072853767058e-03,-9.565523718667956563e-04,-8.899985999740551643e-04,-8.362654046890163374e-04,-7.926487256953104483e-04,-7.570007715415522954e-04,-7.276163508888970882e-04,-7.031424682399097610e-04,-6.825063354283348888e-04,-6.648580740857328248e-04,-6.495250705755080834e-04,-6.359756620817322076e-04,-6.237902068413056283e-04,-6.126380840957894531e-04,-6.022593649972569820e-04,-5.924502510372303991e-04,-5.830514613904297806e-04,-5.739390165690007100e-04,-5.650168808208407435e-04,-5.562111325203240647e-04,-5.474653039068189987e-04,-5.387366986978500650e-04,-5.299934429713313612e-04,-5.212121647628560920e-04,-5.123761309911940625e-04,-5.034737910765239985e-04,-4.944976034942826426e-04,-4.854431276664326628e-04,-4.763082888850104710e-04,-4.670928182526510263e-04,-4.577977963690905397e-04,-4.484253135336197112e-04,-4.389781895709740688e-04,-4.294597713189914068e-04,-4.198737613786485742e-04,-4.102240983714092659e-04,-4.005148508670417352e-04,-3.907501458323028691e-04,-3.809341012055044622e-04,-3.710707828093084059e-04,-3.611641614296505444e-04,-3.512180882233928761e-04,-3.412362691978459506e-04,-3.312222536921767980e-04,-3.211794216603976746e-04,-3.111109809901631469e-04,-3.010199635081015090e-04,-2.909092273071976439e-04,-2.807814579780047704e-04,-2.706391729972661250e-04,-2.604847257669917066e-04,-2.503203102772230248e-04,-2.401479665918897699e-04,-2.299695848446339102e-04,-2.197869113701032178e-04,-2.096015514421720508e-04,-1.994149754906140927e-04,-1.892285203037141468e-04,-1.790433952297250191e-04,-1.688606821520107740e-04,-1.586813421125702413e-04,-1.485062146833694338e-04,-1.383360254095996342e-04,-1.281713848681762316e-04,-1.180127968721304235e-04,-1.078606571450924930e-04,-9.771526207597783090e-05,-8.757680701128943532e-05,-7.744539553305945865e-05,-6.732103755458348137e-05,-5.720365920865553856e-05,-4.709310098293078943e-05,-3.698912832776354387e-05,-2.689143009811064395e-05,-1.679963002050020949e-05,-6.713285738078214487e-06,3.368098717802032094e-06,1.344507300288513030e-05,2.351822687505859664e-05,3.358818914779478906e-05,4.365561292038103560e-05,5.372117319738848148e-05,6.378555089665747483e-05,7.384942895301502557e-05,8.391347510024814546e-05,9.397833630449659405e-05,1.040446203594591509e-04,1.141128885283029570e-04,1.241836360338941046e-04,1.342572828258351654e-04,1.443341531075440897e-04,1.544144641913302739e-04,1.644983052714352287e-04,1.745856243914418939e-04,1.846762067695133680e-04,1.947696599879737147e-04,2.048653923172098171e-04,2.149625963774812458e-04,2.250602281235979368e-04,2.351569894698499771e-04,2.452513089534913036e-04,2.553413242215819487e-04,2.654248659877253211e-04,2.754994419955277018e-04,2.855622268791785314e-04,2.956100504500593020e-04,3.056393977534713462e-04,3.156464066281934036e-04,3.256268850658777672e-04,3.355763265508869986e-04,3.454899565225233362e-04,3.553627799660198476e-04,3.651896765775173486e-04,3.749655050335219458e-04,3.846852794017218183e-04,3.943443711118424597e-04,4.039388206702634702e-04,4.134657060440915860e-04,4.229236796096778493e-04,4.323136179987753427e-04,4.416395342982287796e-04,4.509097022836694121e-04,4.601381950564972854e-04,4.693468081568319167e-04,4.785676471435470840e-04,4.878463975715607468e-04,4.972466758392440683e-04,5.068555758229776904e-04,5.167909972804267957e-04,5.272110548582957263e-04,5.383264597084823225e-04,5.504165095350685129e-04,5.638500910484054319e-04,5.791129368123009184e-04,5.968434139251672585e-04,6.178791671659886230e-04,6.433184087756027049e-04,6.746001018796649951e-04,7.136095022969366061e-04,7.628167665438551201e-04,8.254599340208539993e-04,9.057864094045200553e-04,1.009373481137605926e-03,1.143554657773608769e-03,1.317991483018694180e-03,1.545443528937781889e-03,1.842799196888701956e-03,2.232601177293327445e-03,2.744665669234326241e-03,3.415395810590716400e-03,4.301529741280668909e-03,5.467783083612046471e-03,6.872405886087935498e-03,8.356270217727543304e-03,9.780023192442715077e-03,1.086595871882665293e-02,1.041788371583507802e-02,5.541862557157830119e-03
0.000000000000000000e+00,0.000000000000000000e+00,0.000000000000000000e+00,0.000000000000000000e+00,0.000000000000000000e+00,0.000000000000000000e+00,0.000000000000000000e+00,0.000000000000000000e+00,0.000000000000000000e+00,0.000000000000000000e+00,0.000000000000000000e+00,0.000000000000000000e+00,0.000000000000000000e+00,0.000000000000000000e+00,0.000000000000000000e+00,0.000000000000000000e+00,0.000000000000000000e+00,0.000000000000000000e+00,0.000000000000000000e+00,0.000000000000000000e+00,0.000000000000000000e+00,0.000000000000000000e+00,0.000000000000000000e+00,0.000000000000000000e+00,0.000000000000000000e+00,0.000000000000000000e+00,0.000000000000000000e+00,0.000000000000000000e+00,0.000000000000000000e+00,0.000000000000000000e+00,0.000000000000000000e+00,0.000000000000000000e+00,0.000000000000000000e+00,0.000000000000000000e+00,0.000000000000000000e+00,0.000000000000000000e+00,0.000000000000000000e+00,0.000000000000000000e+00,0.000000000000000000e+00,0.000000000000000000e+00,0.000000000000000000e+00,0.000000000000000000e+00,0.000000000000000000e+00,0.000000000000000000e+00,0.000000000000000000e+00,0.000000000000000000e+00,0.000000000000000000e+00,0.000000000000000000e+00,0.000000000000000000e+00,0.000000000000000000e+00,0.000000000000000000e+00,0.000000000000000000e+00,0.000000000000000000e+00,0.000000000000000000e+00,0.000000000000000000e+00,0.000000000000000000e+00,0.000000000000000000e+00,0.000000000000000000e+00,0.000000000000000000e+00,0.000000000000000000e+00,0.000000000000000000e+00,0.000000000000000000e+00,0.000000000000000000e+00,0.000000000000000000e+00,0.000000000000000000e+00,0.000000000000000000e+00,0.000000000000000000e+00,0.000000000000000000e+00,0.000000000000000000e+00,0.000000000000000000e+00,0.000000000000000000e+00,0.000000000000000000e+00,0.000000000000000000e+00,0.000000000000000000e+00,0.000000000000000000e+00,0.000000000000000000e+00,0.000000000000000000e+00,0.000000000000000000e+00,0.000000000000000000e+00,0.000000000000000000e+00,0.000000000000000000e+00,0.000000000000000000e+00,0.000000000000000000e+00,0.000000000000000000e+00,0.000000000000000000e+00,0.000000000000000000e+00,0.000000000000000000e+00,0.000000000000000000e+00,0.000000000000000000e+00,0.000000000000000000e+00,0.000000000000000000e+00,0.000000000000000000e+00,0.000000000000000000e+00,0.000000000000000000e+00,0.000000000000000000e+00,0.000000000000000000e+00,0.000000000000000000e+00,0.000000000000000000e+00,0.000000000000000000e+00,0.000000000000000000e+00,0.000000000000000000e+00,0.000000000000000000e+00,0.000000000000000000e+00,0.000000000000000000e+00,0.000000000000000000e+00,0.000000000000000000e+00,0.000000000000000000e+00,0.000000000000000000e+00,0.000000000000000000e+00,0.000000000000000000e+00,0.000000000000000000e+00,0.000000000000000000e+00,0.000000000000000000e+00,0.000000000000000000e+00,0.000000000000000000e+00,0.000000000000000000e+00,0.000000000000000000e+00,0.000000000000000000e+00,0.000000000000000000e+00,0.000000000000000000e+00,0.000000000000000000e+00,0.000000000000000000e+00,0.000000000000000000e+00,0.000000000000000000e+00,0.000000000000000000e+00,0.000000000000000000e+00,0.000000000000000000e+00,0.000000000000000000e+00,0.000000000000000000e+00,0.000000000000000000e+00,0.000000000000000000e+00,0.000000000000000000e+00,0.000000000000000000e+00,0.000000000000000000e+00,0.000000000000000000e+00,0.000000000000000000e+00,0.000000000000000000e+00,0.000000000000000000e+00,0.000000000000000000e+00,0.000000000000000000e+00,0.000000000000000000e+00,0.000000000000000000e+00,0.000000000000000000e+00,0.000000000000000000e+00,0.000000000000000000e+00,0.000000000000000000e+00,0.000000000000000000e+00,0.000000000000000000e+00,0.000000000000000000e+00,0.000000000000000000e+00,0.000000000000000000e+00,0.000000000000000000e+00,0.000000000000000000e+00,0.000000000000000000e+00,0.000000000000000000e+00,0.000000000000000000e+00,0.000000000000000000e+00,0.000000000000000000e+00,0.000000000000000000e+00,0.000000000000000000e+00,0.000000000000000000e+00,0.000000000000000000e+00,0.000000000000000000e+00,0.000000000000000000e+00,0.000000000000000000e+00,0.000000000000000000e+00,0.000000000000000000e+00,0.000000000000000000e+00,0.000000000000000000e+00,0.000000000000000000e+00,0.000000000000000000e+00,0.000000000000000000e+00,0.000000000000000000e+00,0.000000000000000000e+00,0.000000000000000000e+00,0.000000000000000000e+00,-8.365537662763801452e-03,-8.877337921431218554e-03,-8.052262165120654264e-03,-7.042502951163397140e-03,-6.148599578173804224e-03,-5.302737459257232146e-03,-4.473132633307480566e-03,-3.726584549257192912e-03,-3.111352884040342187e-03,-2.613721254068961455e-03,-2.209966295328045279e-03,-1.886846789512434995e-03,-1.629529247403493312e-03,-1.424598801230315178e-03,-1.261381825882218087e-03,-1.131246230177869634e-03,-1.027310499938866592e-03,-9.441080906328140057e-04,-8.772978641072935041e-04,-8.234330276445926038e-04,-7.797771156887800060e-04,-7.441581386792192306e-04,-7.148528228729878267e-04,-6.904946570203181894e-04,-6.700007469113657870e-04,-6.525136590386360199e-04,-6.373551309929254222e-04,-6.239892789257889651e-04,-6.119933060849548200e-04,-6.010342345061076398e-04,-5.908503716873893859e-04,-5.812365984877770810e-04,-5.720326411160937949e-04,-5.631137709793805580e-04,-5.543833824933490405e-04,-5.457671177585867979e-04,-5.372081708420647353e-04,-5.286635813379738161e-04,-5.201012663751013653e-04,-5.114976882067792966e-04,-5.028359814396376548e-04,-4.941044909848196255e-04,-4.852955936902383634e-04,-4.764047875619198554e-04,-4.674299540245278883e-04,-4.583707963898152500e-04,-4.492283819054205662e-04,-4.400048009468251098e-04,-4.307028858287265984e-04,-4.213260075843792756e-04,-4.118779042375845492e-04,-4.023625605642416935e-04,-3.927841018579244104e-04,-3.831467217810939933e-04,-3.734546146752506460e-04,-3.637119313823816615e-04,-3.539227356431973496e-04,-3.440909778120928718e-04,-3.342204683090251667e-04,-3.243148640799801193e-04,-3.143776548599627675e-04,-3.044121585392107294e-04,-2.944215164598502606e-04,-2.844086940778461870e-04,-2.743764818600078989e-04,-2.643274982694581018e-04,-2.542641937271115861e-04,-2.441888540178655410e-04,-2.341036058359374794e-04,-2.240104196251025608e-04,-2.139111158812938784e-04,-2.038073668516176824e-04,-1.937007030129304409e-04,-1.835925133072166646e-04,-1.734840515950472801e-04,-1.633764356512036316e-04,-1.532706539638692238e-04,-1.431675641282564848e-04,-1.330679004505038788e-04,-1.229722721352744668e-04,-1.128811717054651324e-04,-1.027949729564063520e-04,-9.271393996745148122e-05,-8.263822479549697247e-05,-7.256787701353110465e-05,-6.250284131681621384e-05,-5.244296766307440181e-05,-4.238800903368719760e-05,-3.233763227772750164e-05,-2.229141629410442027e-05,-1.224886371047547900e-05,-2.209399783837610690e-06,7.827614940955698603e-06,1.786288472588237124e-05,2.789716489144238934e-05,3.793126065867250256e-05,4.796601224248025125e-05,5.800229222490981592e-05,6.804098945525974263e-05,7.808300477212283259e-05,8.812923371151433006e-05,9.818056041913096773e-05,1.082378392120609146e-04,1.183018865567461790e-04,1.283734615713726069e-04,1.384532559856641411e-04,1.485418737311896935e-04,1.586398188442197758e-04,1.687474743650276346e-04,1.788650882070747308e-04,1.889927516866553531e-04,1.991303834689794427e-04,2.092777081941566471e-04,2.194342387545571268e-04,2.295992557063069673e-04,2.397717883764680904e-04,2.499505961128060125e-04,2.601341491399702575e-04,2.703206133103178968e-04,2.805078323543943285e-04,2.906933188143234282e-04,3.008742405863621045e-04,3.110474224254182181e-04,3.212093418116970908e-04,3.313561482629900370e-04,3.414836771547952459e-04,3.515874988177149912e-04,3.616629649576269946e-04,3.717053073689969601e-04,3.817097416279772787e-04,3.916716482641164438e-04,4.015867750773315808e-04,4.114515552026752447e-04,4.212634771866314719e-04,4.310216303343428462e-04,4.407273581106595315e-04,4.503851812921254956e-04,4.600039281739552906e-04,4.695982871337145903e-04,4.791907385045036960e-04,4.888141590040973906e-04,4.985151028173908250e-04,5.083581706913725901e-04,5.184315672373972141e-04,5.288544436331725582e-04,5.397863082183042846e-04,5.514394040254248005e-04,5.640946690160660807e-04,5.781226809919060190e-04,5.940108002048310673e-04,6.123987662590233555e-04,6.341250220027826569e-04,6.602874968363706175e-04,6.923229987679397615e-04,7.321115402714450113e-04,7.821131040080906306e-04,8.455478559848276024e-04,9.266335192273182078e-04,1.030899843553686589e-03,1.165606166807325568e-03,1.340300882328874892e-03,1.567572531693403430e-03,1.864056575428137217e-03,2.251980944631885081e-03,2.760378371806262391e-03,3.424652622283237777e-03,4.303186885807245773e-03,5.452694511079792319e-03,6.816795222018644414e-03,8.242974084403189433e-03,9.621309458476797957e-03,1.069952944834353346e-02,1.028895107381937353e-02,5.492152343482219375e-03
0.000000000000000000e+00,0.000000000000000000e+00,0.000000000000000000e+00,0.000000000000000000e+00,0.000000000000000000e+00,0.000000000000000000e+00,0.000000000000000000e+00,0.000000000000000000e+00,0.000000000000000000e+00,0.000000000000000000e+00,0.000000000000000000e+00,0.000000000000000000e+00,0.000000000000000000e+00,0.000000000000000000e+00,0.000000000000000000e+00,0.000000000000000000e+00,0.000000000000000000e+00,0.000000000000000000e+00,0.000000000000000000e+00,0.000000000000000000e+00,0.000000000000000000e+00,0.000000000000000000e+00,0.000000000000000000e+00,0.000000000000000000e+00,0.000000000000000000e+00,0.000000000000000000e+00,0.000000000000000000e+00,0.000000000000000000e+00,0.000000000000000000e+00,0.000000000000000000e+00,0.000000000000000000e+00,0.000000000000000000e+00,0.000000000000000000e+00,0.000000000000000000e+00,0.000000000000000000e+00,0.000000000000000000e+00,0.000000000000000000e+00,0.000000000000000000e+00,0.000000000000000000e+00,0.000000000000000000e+00,0.000000000000000000e+00,0.000000000000000000e+00,0.000000000000000000e+00,0.000000000000000000e+00,0.000000000000000000e+00,0.000000000000000000e+00,0.000000000000000000e+00,0.000000000000000000e+00,0.000000000000000000e+00,0.000000000000000000e+00,0.000000000000000000e+00,0.000000000000000000e+00,0.000000000000000000e+00,0.000000000000000000e+00,0.000000000000000000e+00,0.000000000000000000e+00,0.000000000000000000e+00,0.000000000000000000e+00,0.000000000000000000e+00,0.000000000000000000e+00,0.000000000000000000e+00,0.000000000000000000e+00,0.000000000000000000e+00,0.000000000000000000e+00,0.000000000000000000e+00,0.000000000000000000e+00,0.000000000000000000e+00,0.000000000000000000e+00,0.000000000000000000e+00,0.000000000000000000e+00,0.000000000000000000e+00,0.000000000000000000e+00,0.000000000000000000e+00,0.000000000000000000e+00,0.000000000000000000e+00,0.000000000000000000e+00,0.000000000000000000e+00,0.000000000000000000e+00,0.000000000000000000e+00,0.000000000000000000e+00,0.000000000000000000e+00,0.000000000000000000e+00,0.000000000000000000e+00,0.000000000000000000e+00,0.000000000000000000e+00,0.000000000000000000e+00,0.000000000000000000e+00,0.000000000000000000e+00,0.000000000000000000e+00,0.000000000000000000e+00,0.000000000000000000e+00,0.000000000000000000e+00,0.000000000000000000e+00,0.000000000000000000e+00,0.000000000000000000e+00,0.000000000000000000e+00,0.000000000000000000e+00,0.000000000000000000e+00,0.000000000000000000e+00,0.000000000000000000e+00,0.000000000000000000e+00,0.000000000000000000e+00,0.000000000000000000e+00,0.000000000000000000e+00,0.000000000000000000e+00,0.000000000000000000e+00,0.000000000000000000e+00,0.000000000000000000e+00,0.000000000000000000e+00,0.000000000000000000e+00,0.000000000000000000e+00,0.000000000000000000e+00,0.000000000000000000e+00,0.000000000000000000e+00,0.000000000000000000e+00,0.000000000000000000e+00,0.000000000000000000e+00,0.000000000000000000e+00,0.000000000000000000e+00,0.000000000000000000e+00,0.000000000000000000e+00,0.000000000000000000e+00,0.000000000000000000e+00,0.000000000000000000e+00,0.000000000000000000e+00,0.000000000000000000e+00,0.000000000000000000e+00,0.000000000000000000e+00,0.000000000000000000e+00,0.000000000000000000e+00,0.000000000000000000e+00,0.000000000000000000e+00,0.000000000000000000e+00,0.000000000000000000e+00,0.000000000000000000e+00,0.000000000000000000e+00,0.000000000000000000e+00,0.000000000000000000e+00,0.000000000000000000e+00,0.000000000000000000e+00,0.000000000000000000e+00,0.000000000000000000e+00,0.000000000000000000e+00,0.000000000000000000e+00,0.000000000000000000e+00,0.000000000000000000e+00,0.000000000000000000e+00,0.000000000000000000e+00,0.000000000000000000e+00,0.000000000000000000e+00,0.000000000000000000e+00,0.000000000000000000e+00,0.000000000000000000e+00,0.000000000000000000e+00,0.000000000000000000e+00,0.000000000000000000e+00,0.000000000000000000e+00,0.000000000000000000e+00,0.000000000000000000e+00,0.000000000000000000e+00,0.000000000000000000e+00,0.000000000000000000e+00,0.000000000000000000e+00,0.000000000000000000e+00,0.000000000000000000e+00,0.000000000000000000e+00,0.000000000000000000e+00,0.000000000000000000e+00,0.000000000000000000e+00,0.000000000000000000e+00,0.000000000000000000e+00,0.000000000000000000e+00,0.000000000000000000e+00,0.000000000000000000e+00,0.000000000000000000e+00,0.000000000000000000e+00,-8.433588967984021606e-03,-8.977603042008709677e-03,-8.170734215281067955e-03,-7.160382484007359223e-03,-6.245505223018865681e-03,-5.368418393445272691e-03,-4.512562924405349486e-03,-3.750418620625844707e-03,-3.125107326690317825e-03,-2.619141570371424747e-03,-2.209588941117494008e-03,-1.882634443164310804e-03,-1.622535378925160383e-03,-1.415637088957794011e-03,-1.251033495784534006e-03,-1.119933352545094503e-03,-1.015345358567894740e-03,-9.317219621432064076e-04,-8.646621167435855930e-04,-8.106743960617805375e-04,-7.669890021756146535e-04,-7.314090408774554224e-04,-7.021926298042380872e-04,-6.779593618723921914e-04,-6.576159742510257313e-04,-6.402973092503936973e-04,-6.253193602758966210e-04,-6.121419838913904178e-04,-6.003392330250361970e-04,-5.895758089360754114e-04,-5.795883146775530253e-04,-5.701703849269523436e-04,-5.611608370229635278e-04,-5.524342822857075891e-04,-5.438936360060026834e-04,-5.354641936180977186e-04,-5.270888978737274001e-04,-5.187246068294827433e-04,-5.103391063429802733e-04,-5.019087649354150513e-04,-4.934166512972378146e-04,-4.848510663359416328e-04,-4.762043602018179540e-04,-4.674720188615282511e-04,-4.586519241618576873e-04,-4.497437909526056645e-04,-4.407487079832597210e-04,-4.316687962146962946e-04,-4.225069270538626140e-04,-4.132665185355112111e-04,-4.039513635080380105e-04,-3.945655090244900806e-04,-3.851131503419774442e-04,-3.755985583545405453e-04,-3.660260120568414551e-04,-3.563997534981880257e-04,-3.467239438971581955e-04,-3.370026358703053946e-04,-3.272397461651032312e-04,-3.174390402380628624e-04,-3.076041176909541548e-04,-2.977384057588655002e-04,-2.878451540113934341e-04,-2.779274334037153929e-04,-2.679881369228306952e-04,-2.580299812455540544e-04,-2.480555106957509429e-04,-2.380670994912082773e-04,-2.280669573955034467e-04,-2.180571314966515289e-04,-2.080395126886804143e-04,-1.980158364173805949e-04,-1.879876894005560388e-04,-1.779565089952719035e-04,-1.679235898678264297e-04,-1.578900821141251184e-04,-1.478569981674354272e-04,-1.378252103025042006e-04,-1.277954582833563783e-04,-1.177683467480601843e-04,-1.077443536978268766e-04,-9.772382779714133946e-05,-8.770699748481976233e-05,-7.769396814444944565e-05,-6.768473173366206376e-05,-5.767916398056344986e-05,-4.767703459712523156e-05,-3.767800475069663590e-05,-2.768163796033631344e-05,-1.768739811172226063e-05,-7.694661160800766236e-06,2.297286009563634756e-06,1.228923293309333958e-05,2.228204556683254168e-05,3.227665256748544820e-05,4.227404390597029230e-05,5.227525600594224483e-05,6.228136874707357492e-05,7.229348943419733364e-05,8.231274800093246822e-05,9.234027981544663810e-05,1.023772189250263812e-04,1.124246797463018550e-04,1.224837482230368047e-04,1.325554624949506696e-04,1.426408018806745489e-04,1.527406666790313752e-04,1.628558649361329955e-04,1.729870916128111303e-04,1.831349131559048668e-04,1.932997463683332607e-04,2.034818408979293444e-04,2.136812582938186686e-04,2.238978526719339560e-04,2.341312506736002296e-04,2.443808308114243650e-04,2.546457054209205284e-04,2.649246996199961456e-04,2.752163369630209648e-04,2.855188196888987467e-04,2.958300208238697740e-04,3.061474686641698587e-04,3.164683498057957998e-04,3.267895029699530857e-04,3.371074403209930559e-04,3.474183593805667551e-04,3.577181947812238983e-04,3.680026630896242562e-04,3.782673650597934861e-04,3.885078882934745966e-04,3.987199931488544040e-04,4.088998149516914196e-04,4.190441884159134948e-04,4.291510190394271645e-04,4.392198369736956699e-04,4.492524538267573977e-04,4.592538971677766093e-04,4.692335470007060676e-04,4.792067031937481095e-04,4.891965272011867963e-04,4.992366652198732338e-04,5.093745427848176809e-04,5.196757555215833794e-04,5.302296416029866769e-04,5.411566445546185482e-04,5.526177330763500962e-04,5.648267838953178414e-04,5.780665244326542223e-04,5.927094347663512501e-04,6.092447946327476200e-04,6.283141101377076989e-04,6.507571451777369826e-04,6.776722282355048628e-04,7.104948887208021278e-04,7.511010046271026329e-04,8.019417681741224276e-04,8.662211709936322576e-04,9.481293123143337120e-04,1.053150859106752411e-03,1.188473895524347389e-03,1.363537165852564707e-03,1.590761113844595207e-03,1.886537358442197344e-03,2.272787773252465168e-03,2.777608893466207689e-03,3.435793828216657502e-03,4.307255035107205622e-03,5.438336480391724875e-03,6.758735636813176066e-03,8.125918943640364836e-03,9.460294065381605680e-03,1.053269336138387344e-02,1.015976830006683554e-02,5.441369542069850532e-03
0.000000000000000000e+00,0.000000000000000000e+00,0.000000000000000000e+00,0.000000000000000000e+00,0.000000000000000000e+00,0.000000000000000000e+00,0.000000000000000000e+00,0.000000000000000000e+00,0.000000000000000000e+00,0.000000000000000000e+00,0.000000000000000000e+00,0.000000000000000000e+00,0.000000000000000000e+00,0.000000000000000000e+00,0.000000000000000000e+00,0.000000000000000000e+00,0.000000000000000000e+00,0.000000000000000000e+00,0.000000000000000000e+00,0.000000000000000000e+00,0.000000000000000000e+00,0.000000000000000000e+00,0.000000000000000000e+00,0.000000000000000000e+00,0.000000000000000000e+00,0.000000000000000000e+00,0.000000000000000000e+00,0.000000000000000000e+00,0.000000000000000000e+00,0.000000000000000000e+00,0.000000000000000000e+00,0.000000000000000000e+00,0.000000000000000000e+00,0.000000000000000000e+00,0.000000000000000000e+00,0.000000000000000000e+00,0.000000000000000000e+00,0.000000000000000000e+00,0.000000000000000000e+00,0.000000000000000000e+00,0.000000000000000000e+00,0.000000000000000000e+00,0.000000000000000000e+00,0.000000000000000000e+00,0.000000000000000000e+00,0.000000000000000000e+00,0.000000000000000000e+00,0.000000000000000000e+00,0.000000000000000000e+00,0.000000000000000000e+00,0.000000000000000000e+00,0.000000000000000000e+00,0.000000000000000000e+00,0.000000000000000000e+00,0.000000000000000000e+00,0.000000000000000000e+00,0.000000000000000000e+00,0.000000000000000000e+00,0.000000000000000000e+00,0.000000000000000000e+00,0.000000000000000000e+00,0.000000000000000000e+00,0.000000000000000000e+00,0.000000000000000000e+00,0.000000000000000000e+00,0.000000000000000000e+00,0.000000000000000000e+00,0.000000000000000000e+00,0.000000000000000000e+00,0.000000000000000000e+00,0.000000000000000000e+00,0.000000000000000000e+00,0.000000000000000000e+00,0.000000000000000000e+00,0.000000000000000000e+00,0.000000000000000000e+00,0.000000000000000000e+00,0.000000000000000000e+00,0.000000000000000000e+00,0.000000000000000000e+00,0.000000000000000000e+00,0.000000000000000000e+00,0.000000000000000000e+00,0.000000000000000000e+00,0.000000000000000000e+00,0.000000000000000000e+00,0.000000000000000000e+00,0.000000000000000000e+00,0.000000000000000000e+00,0.000000000000000000e+00,0.000000000000000000e+00,0.000000000000000000e+00,0.000000000000000000e+00,0.000000000000000000e+00,0.000000000000000000e+00,0.000000000000000000e+00,0.000000000000000000e+00,0.000000000000000000e+00,0.000000000000000000e+00,0.000000000000000000e+00,0.000000000000000000e+00,0.000000000000000000e+00,0.000000000000000000e+00,0.000000000000000000e+00,0.000000000000000000e+00,0.000000000000000000e+00,0.000000000000000000e+00,0.000000000000000000e+00,0.000000000000000000e+00,0.000000000000000000e+00,0.000000000000000000e+00,0.000000000000000000e+00,0.000000000000000000e+00,0.000000000000000000e+00,0.000000000000000000e+00,0.000000000000000000e+00,0.000000000000000000e+00,0.000000000000000000e+00,0.000000000000000000e+00,0.000000000000000000e+00,0.000000000000000000e+00,0.000000000000000000e+00,0.000000000000000000e+00,0.000000000000000000e+00,0.000000000000000000e+00,0.000000000000000000e+00,0.000000000000000000e+00,0.000000000000000000e+00,0.000000000000000000e+00,0.000000000000000000e+00,0.000000000000000000e+00,0.000000000000000000e+00,0.000000000000000000e+00,0.000000000000000000e+00,0.000000000000000000e+00,0.000000000000000000e+00,0.000000000000000000e+00,0.000000000000000000e+00,0.000000000000000000e+00,0.000000000000000000e+00,0.000000000000000000e+00,0.000000000000000000e+00,0.000000000000000000e+00,0.000000000000000000e+00,0.000000000000000000e+00,0.000000000000000000e+00,0.000000000000000000e+00,0.000000000000000000e+00,0.000000000000000000e+00,0.000000000000000000e+00,0.000000000000000000e+00,0.000000000000000000e+00,0.000000000000000000e+00,0.000000000000000000e+00,0.000000000000000000e+00,0.000000000000000000e+00,0.000000000000000000e+00,0.000000000000000000e+00,0.000000000000000000e+00,0.000000000000000000e+00,0.000000000000000000e+00,0.000000000000000000e+00,0.000000000000000000e+00,0.000000000000000000e+00,0.000000000000000000e+00,0.000000000000000000e+00,0.000000000000000000e+00,0.000000000000000000e+00,0.000000000000000000e+00,0.000000000000000000e+00,0.000000000000000000e+00,0.000000000000000000e+00,0.000000000000000000e+00,0.000000000000000000e+00,0.000000000000000000e+00,0.000000000000000000e+00,-8.503119703170393395e-03,-9.079706452091020757e-03,-8.290506144481036080e-03,-7.278411635717071254e-03,-6.341701198375929334e-03,-5.433550719420057046e-03,-4.552220289226613197e-03,-3.774791112587621948e-03,-3.139116067318914287e-03,-2.624684489870942380e-03,-2.209375821534486240e-03,-1.878531275272906807e-03,-1.615617954644841007e-03,-1.406732227463343464e-03,-1.240729680774618629e-03,-1.108660615891434451e-03,-1.003421836361462509e-03,-9.193831345527130093e-04,-8.520821585271218680e-04,-7.979817207925253997e-04,-7.542778133939941152e-04,-7.187479682933812890e-04,-6.896311973838518961e-04,-6.655328401046649084e-04,-6.453490202043797586e-04,-6.282067005453819807e-04,-6.134160458548226346e-04,-6.004326229292324211e-04,-5.888273456197357309e-04,-5.782626357874944435e-04,-5.684734550912162341e-04,-5.592522693191903128e-04,-5.504370732460233707e-04,-5.419019087575895934e-04,-5.335493040528338244e-04,-5.253042985408605276e-04,-5.171096714437509395e-04,-5.089221826840766103e-04,-5.007095653544272338e-04,-4.924481671118174789e-04,-4.841210580123480266e-04,-4.757165563850380280e-04,-4.672270416161698921e-04,-4.586480380629299005e-04,-4.499774734187915871e-04,-4.412151145856963016e-04,-4.323621079241791879e-04,-4.234206367916292825e-04,-4.143936396438783793e-04,-4.052846057034106635e-04,-3.960974034485780252e-04,-3.868361597270930370e-04,-3.775051543702381482e-04,-3.681087473632632017e-04,-3.586513118632525402e-04,-3.491371885028574356e-04,-3.395706416113729482e-04,-3.299558301736576224e-04,-3.202967801581250843e-04,-3.105973673679346511e-04,-3.008613022513589017e-04,-2.910921215983687006e-04,-2.812931827563340515e-04,-2.714676611320965055e-04,-2.616185506561137801e-04,-2.517486641946719617e-04,-2.418606375616987395e-04,-2.319569307125791762e-04,-2.220398335430286195e-04,-2.121114667126110926e-04,-2.021737883049402494e-04,-1.922285937190615617e-04,-1.822775225989050718e-04,-1.723220574381270978e-04,-1.623635304213356283e-04,-1.524031207858927192e-04,-1.424418617657244139e-04,-1.324806373066753746e-04,-1.225201896404891702e-04,-1.125611159434577649e-04,-1.026038767405521403e-04,-9.264879262660673546e-05,-8.269605330717796270e-05,-7.274571432853125814e-05,-6.279770662018138282e-05,-5.285183336727363975e-05,-4.290778010957473808e-05,-3.296511201299548444e-05,-2.302328462741948597e-05,-1.308164182932826534e-05,-3.139427360346443782e-06,6.804216259180200978e-06,1.675023526581636069e-05,2.669966446420257914e-05,3.665361371650118540e-05,4.661326621245064566e-05,5.657986383835618123e-05,6.655470368238651676e-05,7.653912225232689399e-05,8.653449002171649052e-05,9.654219450632060763e-05,1.065636326903607035e-04,1.166001930103850064e-04,1.266532455313367801e-04,1.367241229392450344e-04,1.468141083729721300e-04,1.569244155876426859e-04,1.670561743975037161e-04,1.772104102547411683e-04,1.873880273213659293e-04,1.975897878146815143e-04,2.078162928214559565e-04,2.180679619144338050e-04,2.283450119695318076e-04,2.386474377944874914e-04,2.489749894589459345e-04,2.593271550592234965e-04,2.697031375064763009e-04,2.801018411823425792e-04,2.905218498816630030e-04,3.009614201665462840e-04,3.114184634513746000e-04,3.218905506158537704e-04,3.323749034060408114e-04,3.428684177836136102e-04,3.533676734957399111e-04,3.638689884652681261e-04,3.743684615205241403e-04,3.848620781125320972e-04,3.953458113912443036e-04,4.058158127285774338e-04,4.162686132431823289e-04,4.267014544414987880e-04,4.371126603971066545e-04,4.475022000755800853e-04,4.578723471840018266e-04,4.682286261880234208e-04,4.785809551016997573e-04,4.889452284240464576e-04,4.993452695124405739e-04,5.098154739811901768e-04,5.204041198753438366e-04,5.311777830462631120e-04,5.422269288335897219e-04,5.536733002314815719e-04,5.656793540710769582e-04,5.784606579507064377e-04,5.923018270033968006e-04,6.075773968080170956e-04,6.247787928956600317e-04,6.445496083460147425e-04,6.677313694724370955e-04,6.954233964604990053e-04,7.290607213151682016e-04,7.705160985955093137e-04,8.222332205698620845e-04,8.874015295176084818e-04,9.701855303944356560e-04,1.076027329088247771e-03,1.212046946502371965e-03,1.387577510823221911e-03,1.614875145432379455e-03,1.910103582940307371e-03,2.294871982285374978e-03,2.796183871958537754e-03,3.448828645877890370e-03,4.313642367132708259e-03,5.424193495765643712e-03,6.697702827182025823e-03,8.005154880771313958e-03,9.297695842684298995e-03,1.036650732983181340e-02,1.003129376019627067e-02,5.389936707910080067e-03
0.000000000000000000e+00,0.000000000000000000e+00,0.000000000000000000e+00,0.000000000000000000e+00,0.000000000000000000e+00,0.000000000000000000e+00,0.000000000000000000e+00,0.000000000000000000e+00,0.000000000000000000e+00,0.000000000000000000e+00,0.000000000000000000e+00,0.000000000000000000e+00,0.000000000000000000e+00,0.000000000000000000e+00,0.000000000000000000e+00,0.000000000000000000e+00,0.000000000000000000e+00,0.000000000000000000e+00,0.000000000000000000e+00,0.000000000000000000e+00,0.000000000000000000e+00,0.000000000000000000e+00,0.000000000000000000e+00,0.000000000000000000e+00,0.000000000000000000e+00,0.000000000000000000e+00,0.000000000000000000e+00,0.000000000000000000e+00,0.000000000000000000e+00,0.000000000000000000e+00,0.000000000000000000e+00,0.000000000000000000e+00,0.000000000000000000e+00,0.000000000000000000e+00,0.000000000000000000e+00,0.000000000000000000e+00,0.000000000000000000e+00,0.000000000000000000e+00,0.000000000000000000e+00,0.000000000000000000e+00,0.000000000000000000e+00,0.000000000000000000e+00,0.000000000000000000e+00,0.000000000000000000e+00,0.000000000000000000e+00,0.000000000000000000e+00,0.000000000000000000e+00,0.000000000000000000e+00,0.000000000000000000e+00,0.000000000000000000e+00,0.000000000000000000e+00,0.000000000000000000e+00,0.000000000000000000e+00,0.000000000000000000e+00,0.000000000000000000e+00,0.000000000000000000e+00,0.000000000000000000e+00,0.000000000000000000e+00,0.000000000000000000e+00,0.000000000000000000e+00,0.000000000000000000e+00,0.000000000000000000e+00,0.000000000000000000e+00,0.000000000000000000e+00,0.000000000000000000e+00,0.000000000000000000e+00,0.000000000000000000e+00,0.000000000000000000e+00,0.000000000000000000e+00,0.000000000000000000e+00,0.000000000000000000e+00,0.000000000000000000e+00,0.000000000000000000e+00,0.000000000000000000e+00,0.000000000000000000e+00,0.000000000000000000e+00,0.000000000000000000e+00,0.000000000000000000e+00,0.000000000000000000e+00,0.000000000000000000e+00,0.000000000000000000e+00,0.000000000000000000e+00,0.000000000000000000e+00,0.000000000000000000e+00,0.000000000000000000e+00,0.000000000000000000e+00,0.000000000000000000e+00,0.000000000000000000e+00,0.000000000000000000e+00,0.000000000000000000e+00,0.000000000000000000e+00,0.000000000000000000e+00,0.000000000000000000e+00,0.000000000000000000e+00,0.000000000000000000e+00,0.000000000000000000e+00,0.000000000000000000e+00,0.000000000000000000e+00,0.000000000000000000e+00,0.000000000000000000e+00,0.000000000000000000e+00,0.000000000000000000e+00,0.000000000000000000e+00,0.000000000000000000e+00,0.000000000000000000e+00,0.000000000000000000e+00,0.000000000000000000e+00,0.000000000000000000e+00,0.000000000000000000e+00,0.000000000000000000e+00,0.000000000000000000e+00,0.000000000000000000e+00,0.000000000000000000e+00,0.000000000000000000e+00,0.000000000000000000e+00,0.000000000000000000e+00,0.000000000000000000e+00,0.000000000000000000e+00,0.000000000000000000e+00,0.000000000000000000e+00,0.000000000000000000e+00,0.000000000000000000e+00,0.000000000000000000e+00,0.000000000000000000e+00,0.000000000000000000e+00,0.000000000000000000e+00,0.000000000000000000e+00,0.000000000000000000e+00,0.000000000000000000e+00,0.000000000000000000e+00,0.000000000000000000e+00,0.000000000000000000e+00,0.000000000000000000e+00,0.000000000000000000e+00,0.000000000000000000e+00,0.000000000000000000e+00,0.000000000000000000e+00,0.000000000000000000e+00,0.000000000000000000e+00,0.000000000000000000e+00,0.000000000000000000e+00,0.000000000000000000e+00,0.000000000000000000e+00,0.000000000000000000e+00,0.000000000000000000e+00,0.000000000000000000e+00,0.000000000000000000e+00,0.000000000000000000e+00,0.000000000000000000e+00,0.000000000000000000e+00,0.000000000000000000e+00,0.000000000000000000e+00,0.000000000000000000e+00,0.000000000000000000e+00,0.000000000000000000e+00,0.000000000000000000e+00,0.000000000000000000e+00,0.000000000000000000e+00,0.000000000000000000e+00,0.000000000000000000e+00,0.000000000000000000e+00,0.000000000000000000e+00,0.000000000000000000e+00,0.000000000000000000e+00,0.000000000000000000e+00,0.000000000000000000e+00,0.000000000000000000e+00,0.000000000000000000e+00,0.000000000000000000e+00,0.000000000000000000e+00,0.000000000000000000e+00,0.000000000000000000e+00,0.000000000000000000e+00,0.000000000000000000e+00,0.000000000000000000e+00,0.000000000000000000e+00,-8.574056099767680267e-03,-9.183584627119167204e-03,-8.411538283685435907e-03,-7.396610755710414896e-03,-6.437295877168075151e-03,-5.498275921383001530e-03,-4.592156230952523614e-03,-3.799632631791559877e-03,-3.153307524172753104e-03,-2.630329707431179435e-03,-2.209298204497880166e-03,-1.874511690460509876e-03,-1.608758504448776650e-03,-1.397868734650480234e-03,-1.230457927594226812e-03,-1.097417962736010975e-03,-9.915318171491308355e-04,-9.070850920326110987e-04,-8.395528044768168965e-04,-7.853509370962598367e-04,-7.416404378954204527e-04,-7.061726294018680003e-04,-6.771669463225614242e-04,-6.532141371477293143e-04,-6.331994830491544752e-04,-6.162419245426359283e-04,-6.016457227319064842e-04,-5.888621319327765535e-04,-5.774589438163009241e-04,-5.670963465466414329e-04,-5.575077266107511141e-04,-5.484844605533248764e-04,-5.398638085526658113e-04,-5.315193349178806920e-04,-5.233532736223022808e-04,-5.152904993168544185e-04,-5.072737159507874046e-04,-4.992596691428168379e-04,-4.912161181351713986e-04,-4.831194630448854823e-04,-4.749528430872637956e-04,-4.667046560434942918e-04,-4.583673671597363682e-04,-4.499365904107938867e-04,-4.414103456472854691e-04,-4.327884933299356901e-04,-4.240722746163883873e-04,-4.152639682416947998e-04,-4.063666089069687022e-04,-3.973837825197250296e-04,-3.883194553388585033e-04,-3.791778529001088474e-04,-3.699633555821721679e-04,-3.606804256593224554e-04,-3.513335412383915128e-04,-3.419271501250683632e-04,-3.324656265194947543e-04,-3.229532409369403304e-04,-3.133941324347723923e-04,-3.037922899183495215e-04,-2.941515365212128566e-04,-2.844755196224873074e-04,-2.747677046754311053e-04,-2.650313712384481761e-04,-2.552696133078710401e-04,-2.454853385774659075e-04,-2.356812725441333753e-04,-2.258599587721198229e-04,-2.160237648655981865e-04,-2.061748824652465963e-04,-1.963153340770778436e-04,-1.864469722269477354e-04,-1.765714865535008182e-04,-1.666904017716934884e-04,-1.568050846242047931e-04,-1.469167406175761654e-04,-1.370264209207908699e-04,-1.271350184118680672e-04,-1.172432750532082933e-04,-1.073517779150746920e-04,-9.746096733364530606e-05,-8.757113313111488902e-05,-7.768242341247122808e-05,-6.779484093708291678e-05,-5.790825239296697462e-05,-4.802238503064802557e-05,-3.813683645758365323e-05,-2.825107179683781743e-05,-1.836443411202408788e-05,-8.476142372478338998e-06,1.414697368613946596e-06,1.130909290189582145e-05,2.120815378310361270e-05,3.111309084029259580e-05,4.102520306780883265e-05,5.094587543446532434e-05,6.087656467036352536e-05,7.081879514589906022e-05,8.077414351739499931e-05,9.074423247948987974e-05,1.007307142814567962e-04,1.107352621870922980e-04,1.207595529147862220e-04,1.308052556709592357e-04,1.408740136210958759e-04,1.509674303977387498e-04,1.610870507719855448e-04,1.712343445872643020e-04,1.814106868868414454e-04,1.916173392877208487e-04,2.018554299310854408e-04,2.121259324077109020e-04,2.224296460562844870e-04,2.327671726985786527e-04,2.431388980552733775e-04,2.535449668017240431e-04,2.639852662550799421e-04,2.744594007052640096e-04,2.849666791666746095e-04,2.955060906974166040e-04,3.060762990774772087e-04,3.166756221335149924e-04,3.273020379770821635e-04,3.379531735646162331e-04,3.486263300721246811e-04,3.593184896383892594e-04,3.700263723217935919e-04,3.807464761743562420e-04,3.914751862788426267e-04,4.022088735970954154e-04,4.129440898851441909e-04,4.236777678314559850e-04,4.344075576446154241e-04,4.451321993234284152e-04,4.558520931903775868e-04,4.665699622329296317e-04,4.772918095603704766e-04,4.880280673155863703e-04,4.987951954667799257e-04,5.096176453424547913e-04,5.205305244149714683e-04,5.315829237744342873e-04,5.428423606332535975e-04,5.544003928968708854e-04,5.663800374001985065e-04,5.789452291220587628e-04,5.923132403288804051e-04,6.067706226347591462e-04,6.226940641526496891e-04,6.405772992794016383e-04,6.610662579156675314e-04,6.850045923982722718e-04,7.134931230489803414e-04,7.479670772673742375e-04,7.902970088647872943e-04,8.429203210584433267e-04,9.090134772704542426e-04,9.927174190901854635e-04,1.099434328295758028e-03,1.236219718904059319e-03,1.412305662607109139e-03,1.639789279502039355e-03,1.934630283397972741e-03,2.318087839394091920e-03,2.815961423368127953e-03,3.463824189440834877e-03,4.322186033039435334e-03,5.409606916895462296e-03,6.633104920949192684e-03,7.880753990264239423e-03,9.134275614295105095e-03,1.020205089011573182e-02,9.904509327577451852e-03,5.338316216472710485e-03
0.000000000000000000e+00,0.000000000000000000e+00,0.000000000000000000e+00,0.000000000000000000e+00,0.000000000000000000e+00,0.000000000000000000e+00,0.000000000000000000e+00,0.000000000000000000e+00,0.000000000000000000e+00,0.000000000000000000e+00,0.000000000000000000e+00,0.000000000000000000e+00,0.000000000000000000e+00,0.000000000000000000e+00,0.000000000000000000e+00,0.000000000000000000e+00,0.000000000000000000e+00,0.000000000000000000e+00,0.000000000000000000e+00,0.000000000000000000e+00,0.000000000000000000e+00,0.000000000000000000e+00,0.000000000000000000e+00,0.000000000000000000e+00,0.000000000000000000e+00,0.000000000000000000e+00,0.000000000000000000e+00,0.000000000000000000e+00,0.000000000000000000e+00,0.000000000000000000e+00,0.000000000000000000e+00,0.000000000000000000e+00,0.000000000000000000e+00,0.000000000000000000e+00,0.000000000000000000e+00,0.000000000000000000e+00,0.000000000000000000e+00,0.000000000000000000e+00,0.000000000000000000e+00,0.000000000000000000e+00,0.000000000000000000e+00,0.000000000000000000e+00,0.000000000000000000e+00,0.000000000000000000e+00,0.000000000000000000e+00,0.000000000000000000e+00,0.000000000000000000e+00,0.000000000000000000e+00,0.000000000000000000e+00,0.000000000000000000e+00,0.000000000000000000e+00,0.000000000000000000e+00,0.000000000000000000e+00,0.000000000000000000e+00,0.000000000000000000e+00,0.000000000000000000e+00,0.000000000000000000e+00,0.000000000000000000e+00,0.000000000000000000e+00,0.000000000000000000e+00,0.000000000000000000e+00,0.000000000000000000e+00,0.000000000000000000e+00,0.000000000000000000e+00,0.000000000000000000e+00,0.000000000000000000e+00,0.000000000000000000e+00,0.000000000000000000e+00,0.000000000000000000e+00,0.000000000000000000e+00,0.000000000000000000e+00,0.000000000000000000e+00,0.000000000000000000e+00,0.000000000000000000e+00,0.000000000000000000e+00,0.000000000000000000e+00,0.000000000000000000e+00,0.000000000000000000e+00,0.000000000000000000e+00,0.000000000000000000e+00,0.000000000000000000e+00,0.000000000000000000e+00,0.000000000000000000e+00,0.000000000000000000e+00,0.000000000000000000e+00,0.000000000000000000e+00,0.000000000000000000e+00,0.000000000000000000e+00,0.000000000000000000e+00,0.000000000000000000e+00,0.000000000000000000e+00,0.000000000000000000e+00,0.000000000000000000e+00,0.000000000000000000e+00,0.000000000000000000e+00,0.000000000000000000e+00,0.000000000000000000e+00,0.000000000000000000e+00,0.000000000000000000e+00,0.000000000000000000e+00,0.000000000000000000e+00,0.000000000000000000e+00,0.000000000000000000e+00,0.000000000000000000e+00,0.000000000000000000e+00,0.000000000000000000e+00,0.000000000000000000e+00,0.000000000000000000e+00,0.000000000000000000e+00,0.000000000000000000e+00,0.000000000000000000e+00,0.000000000000000000e+00,0.000000000000000000e+00,0.000000000000000000e+00,0.000000000000000000e+00,0.000000000000000000e+00,0.000000000000000000e+00,0.000000000000000000e+00,0.000000000000000000e+00,0.000000000000000000e+00,0.000000000000000000e+00,0.000000000000000000e+00,0.000000000000000000e+00,0.000000000000000000e+00,0.000000000000000000e+00,0.000000000000000000e+00,0.000000000000000000e+00,0.000000000000000000e+00,0.000000000000000000e+00,0.000000000000000000e+00,0.000000000000000000e+00,0.000000000000000000e+00,0.000000000000000000e+00,0.000000000000000000e+00,0.000000000000000000e+00,0.000000000000000000e+00,0.000000000000000000e+00,0.000000000000000000e+00,0.000000000000000000e+00,0.000000000000000000e+00,0.000000000000000000e+00,0.000000000000000000e+00,0.000000000000000000e+00,0.000000000000000000e+00,0.000000000000000000e+00,0.000000000000000000e+00,0.000000000000000000e+00,0.000000000000000000e+00,0.000000000000000000e+00,0.000000000000000000e+00,0.000000000000000000e+00,0.000000000000000000e+00,0.000000000000000000e+00,0.000000000000000000e+00,0.000000000000000000e+00,0.000000000000000000e+00,0.000000000000000000e+00,0.000000000000000000e+00,0.000000000000000000e+00,0.000000000000000000e+00,0.000000000000000000e+00,0.000000000000000000e+00,0.000000000000000000e+00,0.000000000000000000e+00,0.000000000000000000e+00,0.000000000000000000e+00,0.000000000000000000e+00,0.000000000000000000e+00,0.000000000000000000e+00,0.000000000000000000e+00,0.000000000000000000e+00,0.000000000000000000e+00,0.000000000000000000e+00,0.000000000000000000e+00,0.000000000000000000e+00,0.000000000000000000e+00,-8.646315703849806467e-03,-9.289164988417366112e-03,-8.533785291689520089e-03,-7.514996183293981905e-03,-6.532386845257199572e-03,-5.562711598767024375e-03,-4.632396681524876894e-03,-3.824869561463362620e-03,-3.167624349896244317e-03,-2.636064708792052857e-03,-2.209332381296139243e-03,-1.870557972051819584e-03,-1.601944598609466360e-03,-1.389036769158001790e-03,-1.220210916235466405e-03,-1.086200003114222911e-03,-9.796714431305425606e-04,-8.948251996357333175e-04,-8.270724006787923219e-04,-7.727811839165948981e-04,-7.290766603876187727e-04,-6.936833389593831910e-04,-6.648006303498830809e-04,-6.410043737109920878e-04,-6.211687936393070096e-04,-6.044046771345139421e-04,-5.900103159865585038e-04,-5.774326363404599363e-04,-5.662363299984730100e-04,-5.560794010815527490e-04,-5.466937300563590131e-04,-5.378696858717882476e-04,-5.294438834685799697e-04,-5.212895022818601768e-04,-5.133085754511673747e-04,-5.054259043828178682e-04,-4.975842061340554883e-04,-4.897402958699495360e-04,-4.818620379172029082e-04,-4.739259581984087339e-04,-4.659153329673327020e-04,-4.578187016266743758e-04,-4.496286721314488445e-04,-4.413409995995151128e-04,-4.329538427373457550e-04,-4.244671975348045267e-04,-4.158824376803511229e-04,-4.072019708909220678e-04,-3.984289580039445527e-04,-3.895671078679009778e-04,-3.806205074796891017e-04,-3.715935007965110088e-04,-3.624905855673559774e-04,-3.533163403932402364e-04,-3.440753599238204584e-04,-3.347722084904913636e-04,-3.254113776307383712e-04,-3.159972552086721107e-04,-3.065340978461752433e-04,-2.970260108856667561e-04,-2.874769325390675559e-04,-2.778906223612162031e-04,-2.682706547856799728e-04,-2.586204137758755833e-04,-2.489430930658024111e-04,-2.392416943605475026e-04,-2.295190315663559973e-04,-2.197777302471200364e-04,-2.100202337929092384e-04,-2.002488027260691393e-04,-1.904655216855697297e-04,-1.806722979685830967e-04,-1.708708687367927847e-04,-1.610627984585535986e-04,-1.512494859050917447e-04,-1.414321603923289592e-04,-1.316118885521734463e-04,-1.217895698356312185e-04,-1.119659435664992154e-04,-1.021415844264317790e-04,-9.231691020073074644e-05,-8.249217757985920598e-05,-7.266749052763266006e-05,-6.284279638022168880e-05,-5.301789466199686822e-05,-4.319243357080358400e-05,-3.336591926781818117e-05,-2.353771301592851102e-05,-1.370704106832664101e-05,-3.872992752215934941e-06,5.965468914133479256e-06,1.580950788640331052e-05,2.566040360057777168e-05,3.551955006596700838e-05,4.538844335692685477e-05,5.526867884407239234e-05,6.516193758362940898e-05,7.506998144565912704e-05,8.499463836623401215e-05,9.493779516889865153e-05,1.049013816900749499e-04,1.148873611248169799e-04,1.248977130839301001e-04,1.349344213235007656e-04,1.449994558470876283e-04,1.550947579159249695e-04,1.652222213748344773e-04,1.753836748874413806e-04,1.855808627526348996e-04,1.958154243755391667e-04,2.060888749574586948e-04,2.164025823079696986e-04,2.267577479554260943e-04,2.371553815567989485e-04,2.475962832197716834e-04,2.580810160209751395e-04,2.686098907241963891e-04,2.791829373588513435e-04,2.897998941649453553e-04,3.004601799513368244e-04,3.111628901713797777e-04,3.219067730993535820e-04,3.326902377262148675e-04,3.435113390265549425e-04,3.543678053296491219e-04,3.652570417015579135e-04,3.761761893602699075e-04,3.871221624613806092e-04,3.980917602470856022e-04,4.090817629318843304e-04,4.200891306952801827e-04,4.311112016165144175e-04,4.421460338084398038e-04,4.531927769413277821e-04,4.642522505668070622e-04,4.753276082172197504e-04,4.864253060061548423e-04,4.975562572448233344e-04,5.087374471488767275e-04,5.199939077657259306e-04,5.313614049287215726e-04,5.428897844102990432e-04,5.546474436285425561e-04,5.667269723804220938e-04,5.792526053616747859e-04,5.923897106793710610e-04,6.063572388415038343e-04,6.214436809613753474e-04,6.380279230485195584e-04,6.566061137587671714e-04,6.778267060088614786e-04,7.025357728133097739e-04,7.318360701557430088e-04,7.671636397682674025e-04,8.103876881046644803e-04,8.639404861341650399e-04,9.309870697549330401e-04,1.015646900008252860e-03,1.123285067745481659e-03,1.260896622340575406e-03,1.437617649299551166e-03,1.665394548654582432e-03,1.960013171490698411e-03,2.342299761055702777e-03,2.836860295407709221e-03,3.480898002706446677e-03,4.332613144422527672e-03,5.393764816733839090e-03,6.564305445940504455e-03,7.752831952121116282e-03,8.970834180880207093e-03,1.004040183183876021e-02,9.780389917510573169e-03,5.286995145004158049e-03
0.000000000000000000e+00,0.000000000000000000e+00,0.000000000000000000e+00,0.000000000000000000e+00,0.000000000000000000e+00,0.000000000000000000e+00,0.000000000000000000e+00,0.000000000000000000e+00,0.000000000000000000e+00,0.000000000000000000e+00,0.000000000000000000e+00,0.000000000000000000e+00,0.000000000000000000e+00,0.000000000000000000e+00,0.000000000000000000e+00,0.000000000000000000e+00,0.000000000000000000e+00,0.000000000000000000e+00,0.000000000000000000e+00,0.000000000000000000e+00,0.000000000000000000e+00,0.000000000000000000e+00,0.000000000000000000e+00,0.000000000000000000e+00,0.000000000000000000e+00,0.000000000000000000e+00,0.000000000000000000e+00,0.000000000000000000e+00,0.000000000000000000e+00,0.000000000000000000e+00,0.000000000000000000e+00,0.000000000000000000e+00,0.000000000000000000e+00,0.000000000000000000e+00,0.000000000000000000e+00,0.000000000000000000e+00,0.000000000000000000e+00,0.000000000000000000e+00,0.000000000000000000e+00,0.000000000000000000e+00,0.000000000000000000e+00,0.000000000000000000e+00,0.000000000000000000e+00,0.000000000000000000e+00,0.000000000000000000e+00,0.000000000000000000e+00,0.000000000000000000e+00,0.000000000000000000e+00,0.000000000000000000e+00,0.000000000000000000e+00,0.000000000000000000e+00,0.000000000000000000e+00,0.000000000000000000e+00,0.000000000000000000e+00,0.000000000000000000e+00,0.000000000000000000e+00,0.000000000000000000e+00,0.000000000000000000e+00,0.000000000000000000e+00,0.000000000000000000e+00,0.000000000000000000e+00,0.000000000000000000e+00,0.000000000000000000e+00,0.000000000000000000e+00,0.000000000000000000e+00,0.000000000000000000e+00,0.000000000000000000e+00,0.000000000000000000e+00,0.000000000000000000e+00,0.000000000000000000e+00,0.000000000000000000e+00,0.000000000000000000e+00,0.000000000000000000e+00,0.000000000000000000e+00,0.000000000000000000e+00,0.000000000000000000e+00,0.000000000000000000e+00,0.000000000000000000e+00,0.000000000000000000e+00,0.000000000000000000e+00,0.000000000000000000e+00,0.000000000000000000e+00,0.000000000000000000e+00,0.000000000000000000e+00,0.000000000000000000e+00,0.000000000000000000e+00,0.000000000000000000e+00,0.000000000000000000e+00,0.000000000000000000e+00,0.000000000000000000e+00,0.000000000000000000e+00,0.000000000000000000e+00,0.000000000000000000e+00,0.000000000000000000e+00,0.000000000000000000e+00,0.000000000000000000e+00,0.000000000000000000e+00,0.000000000000000000e+00,0.000000000000000000e+00,0.000000000000000000e+00,0.000000000000000000e+00,0.000000000000000000e+00,0.000000000000000000e+00,0.000000000000000000e+00,0.000000000000000000e+00,0.000000000000000000e+00,0.000000000000000000e+00,0.000000000000000000e+00,0.000000000000000000e+00,0.000000000000000000e+00,0.000000000000000000e+00,0.000000000000000000e+00,0.000000000000000000e+00,0.000000000000000000e+00,0.000000000000000000e+00,0.000000000000000000e+00,0.000000000000000000e+00,0.000000000000000000e+00,0.000000000000000000e+00,0.000000000000000000e+00,0.000000000000000000e+00,0.000000000000000000e+00,0.000000000000000000e+00,0.000000000000000000e+00,0.000000000000000000e+00,0.000000000000000000e+00,0.000000000000000000e+00,0.000000000000000000e+00,0.000000000000000000e+00,0.000000000000000000e+00,0.000000000000000000e+00,0.000000000000000000e+00,0.000000000000000000e+00,0.000000000000000000e+00,0.000000000000000000e+00,0.000000000000000000e+00,0.000000000000000000e+00,0.000000000000000000e+00,0.000000000000000000e+00,0.000000000000000000e+00,0.000000000000000000e+00,0.000000000000000000e+00,0.000000000000000000e+00,0.000000000000000000e+00,0.000000000000000000e+00,0.000000000000000000e+00,0.000000000000000000e+00,0.000000000000000000e+00,0.000000000000000000e+00,0.000000000000000000e+00,0.000000000000000000e+00,0.000000000000000000e+00,0.000000000000000000e+00,0.000000000000000000e+00,0.000000000000000000e+00,0.000000000000000000e+00,0.000000000000000000e+00,0.000000000000000000e+00,0.000000000000000000e+00,0.000000000000000000e+00,0.000000000000000000e+00,0.000000000000000000e+00,0.000000000000000000e+00,0.000000000000000000e+00,0.000000000000000000e+00,0.000000000000000000e+00,0.000000000000000000e+00,0.000000000000000000e+00,0.000000000000000000e+00,0.000000000000000000e+00,0.000000000000000000e+00,0.000000000000000000e+00,0.000000000000000000e+00,0.000000000000000000e+00,0.000000000000000000e+00,0.000000000000000000e+00,-8.719808039169600622e-03,-9.396365617983439000e-03,-8.657194386786698156e-03,-7.633577153168633056e-03,-6.627057802824104504e-03,-5.626951128644362352e-03,-4.672946066249634121e-03,-3.850428471409642148e-03,-3.182022690270989301e-03,-2.641882597850205450e-03,-2.209460170853703911e-03,-1.866659447650066217e-03,-1.595169461514759366e-03,-1.380231885412852621e-03,-1.209986316800320053e-03,-1.075005986081756801e-03,-9.678411848392633535e-04,-8.826048686174186014e-04,-8.146430821303475393e-04,-7.602751531999232685e-04,-7.165896008036038139e-04,-6.812835452131491259e-04,-6.525359487992299238e-04,-6.289074406404571204e-04,-6.092609884125817395e-04,-5.926991051880077434e-04,-5.785140559807104349e-04,-5.661484294353913687e-04,-5.551638444950093062e-04,-5.452161743638224856e-04,-5.360358650264567416e-04,-5.274123610914398415e-04,-5.191817225532450618e-04,-5.112168371569362135e-04,-5.034196307050315625e-04,-4.957149227648087551e-04,-4.880455316129720614e-04,-4.803684254937966151e-04,-4.726516524144677039e-04,-4.648719371680034131e-04,-4.570127607031597189e-04,-4.490628661020719154e-04,-4.410150608637851541e-04,-4.328652928882419223e-04,-4.246119066589312862e-04,-4.162550760153961040e-04,-4.077963453666600584e-04,-3.992382855915831532e-04,-3.905842142258241184e-04,-3.818379900847218328e-04,-3.730038447017559227e-04,-3.640862610921313238e-04,-3.550898721207261695e-04,-3.460193876905453929e-04,-3.368795314883926825e-04,-3.276749945902829287e-04,-3.184103941321309397e-04,-3.090902418841704998e-04,-2.997189171722080604e-04,-2.903006457281296130e-04,-2.808394838008320912e-04,-2.713393052488266479e-04,-2.618037948712949921e-04,-2.522364417928096131e-04,-2.426405396320569700e-04,-2.330191837557740243e-04,-2.233752756362794210e-04,-2.137115216434645900e-04,-2.040304394107145031e-04,-1.943343566087301483e-04,-1.846254180626706110e-04,-1.749055838268384567e-04,-1.651766364403032964e-04,-1.554401779850866461e-04,-1.456976370426191203e-04,-1.359502645862560870e-04,-1.261991405340945230e-04,-1.164451688445282304e-04,-1.066890841230710524e-04,-9.693144667680990358e-05,-8.717264967696481174e-05,-7.741291462666263887e-05,-6.765229910935507734e-05,-5.789069270014997624e-05,-4.812782512713871563e-05,-3.836326269441508801e-05,-2.859641686832112810e-05,-1.882654147832859456e-05,-9.052741867518128459e-06,7.260268170613963276e-07,1.051094976931401548e-05,2.030335283141548403e-05,3.010469178057539815e-05,3.991655090647199341e-05,4.974063129089386292e-05,5.957874735230696386e-05,6.943281402163497856e-05,7.930484100002184553e-05,8.919691879122527587e-05,9.911121046120245485e-05,1.090499365393221061e-04,1.190153641029641533e-04,1.290097906107157274e-04,1.390355301676514518e-04,1.490948964097924294e-04,1.591901858411253921e-04,1.693236599585421658e-04,1.794975255980641284e-04,1.897139165798774447e-04,1.999748710680216476e-04,2.102823131349997043e-04,2.206380272341994849e-04,2.310436402525465401e-04,2.415005933461701994e-04,2.520101252952901424e-04,2.625732422092853379e-04,2.731907033939340052e-04,2.838629898710772642e-04,2.945902946159082857e-04,3.053724916086003886e-04,3.162091333763137040e-04,3.270994236185329048e-04,3.380422267822133292e-04,3.490360495541403019e-04,3.600790701818972058e-04,3.711691379140077659e-04,3.823038347278338530e-04,3.934805081310550076e-04,4.046963861541205232e-04,4.159486694560584827e-04,4.272347339927735389e-04,4.385523258266147513e-04,4.498999082895844106e-04,4.612770317915858656e-04,4.726849193638271089e-04,4.841271316202657880e-04,4.956105460017984137e-04,5.071465164785826521e-04,5.187525039613308199e-04,5.304540626046995010e-04,5.422875493725936615e-04,5.543034899571932204e-04,5.665710813525842628e-04,5.791838617119311272e-04,5.922672009386459845e-04,6.059878244966931385e-04,6.205662995187895660e-04,6.362930199116665145e-04,6.535490705652031085e-04,6.728330710679053181e-04,6.947961309805157333e-04,7.202869835649075743e-04,7.504107005413126422e-04,7.866047052948056239e-04,8.307376697283968842e-04,8.852378732647866360e-04,9.532605081937358359e-04,1.038905762774783997e-03,1.147504783311381182e-03,1.285996807235506275e-03,1.463427583576941762e-03,1.691606260609424461e-03,1.986174507787582220e-03,2.367391436595144526e-03,2.858890200836044625e-03,3.500192221035148144e-03,4.344494830667341295e-03,5.375704350196157909e-03,6.490660509533379557e-03,7.621576126669423780e-03,8.808210425640039185e-03,9.882609451312173929e-03,9.659869888197272422e-03,5.236466770487247305e-03
0.000000000000000000e+00,0.000000000000000000e+00,0.000000000000000000e+00,0.000000000000000000e+00,0.000000000000000000e+00,0.000000000000000000e+00,0.000000000000000000e+00,0.000000000000000000e+00,0.000000000000000000e+00,0.000000000000000000e+00,0.000000000000000000e+00,0.000000000000000000e+00,0.000000000000000000e+00,0.000000000000000000e+00,0.000000000000000000e+00,0.000000000000000000e+00,0.000000000000000000e+00,0.000000000000000000e+00,0.000000000000000000e+00,0.000000000000000000e+00,0.000000000000000000e+00,0.000000000000000000e+00,0.000000000000000000e+00,0.000000000000000000e+00,0.000000000000000000e+00,0.000000000000000000e+00,0.000000000000000000e+00,0.000000000000000000e+00,0.000000000000000000e+00,0.000000000000000000e+00,0.000000000000000000e+00,0.000000000000000000e+00,0.000000000000000000e+00,0.000000000000000000e+00,0.000000000000000000e+00,0.000000000000000000e+00,0.000000000000000000e+00,0.000000000000000000e+00,0.000000000000000000e+00,0.000000000000000000e+00,0.000000000000000000e+00,0.000000000000000000e+00,0.000000000000000000e+00,0.000000000000000000e+00,0.000000000000000000e+00,0.000000000000000000e+00,0.000000000000000000e+00,0.000000000000000000e+00,0.000000000000000000e+00,0.000000000000000000e+00,0.000000000000000000e+00,0.000000000000000000e+00,0.000000000000000000e+00,0.000000000000000000e+00,0.000000000000000000e+00,0.000000000000000000e+00,0.000000000000000000e+00,0.000000000000000000e+00,0.000000000000000000e+00,0.000000000000000000e+00,0.000000000000000000e+00,0.000000000000000000e+00,0.000000000000000000e+00,0.000000000000000000e+00,0.000000000000000000e+00,0.000000000000000000e+00,0.000000000000000000e+00,0.000000000000000000e+00,0.000000000000000000e+00,0.000000000000000000e+00,0.000000000000000000e+00,0.000000000000000000e+00,0.000000000000000000e+00,0.000000000000000000e+00,0.000000000000000000e+00,0.000000000000000000e+00,0.000000000000000000e+00,0.000000000000000000e+00,0.000000000000000000e+00,0.000000000000000000e+00,0.000000000000000000e+00,0.000000000000000000e+00,0.000000000000000000e+00,0.000000000000000000e+00,0.000000000000000000e+00,0.000000000000000000e+00,0.000000000000000000e+00,0.000000000000000000e+00,0.000000000000000000e+00,0.000000000000000000e+00,0.000000000000000000e+00,0.000000000000000000e+00,0.000000000000000000e+00,0.000000000000000000e+00,0.000000000000000000e+00,0.000000000000000000e+00,0.000000000000000000e+00,0.000000000000000000e+00,0.000000000000000000e+00,0.000000000000000000e+00,0.000000000000000000e+00,0.000000000000000000e+00,0.000000000000000000e+00,0.000000000000000000e+00,0.000000000000000000e+00,0.000000000000000000e+00,0.000000000000000000e+00,0.000000000000000000e+00,0.000000000000000000e+00,0.000000000000000000e+00,0.000000000000000000e+00,0.000000000000000000e+00,0.000000000000000000e+00,0.000000000000000000e+00,0.000000000000000000e+00,0.000000000000000000e+00,0.000000000000000000e+00,0.000000000000000000e+00,0.000000000000000000e+00,0.000000000000000000e+00,0.000000000000000000e+00,0.000000000000000000e+00,0.000000000000000000e+00,0.000000000000000000e+00,0.000000000000000000e+00,0.000000000000000000e+00,0.000000000000000000e+00,0.000000000000000000e+00,0.000000000000000000e+00,0.000000000000000000e+00,0.000000000000000000e+00,0.000000000000000000e+00,0.000000000000000000e+00,0.000000000000000000e+00,0.000000000000000000e+00,0.000000000000000000e+00,0.000000000000000000e+00,0.000000000000000000e+00,0.000000000000000000e+00,0.000000000000000000e+00,0.000000000000000000e+00,0.000000000000000000e+00,0.000000000000000000e+00,0.000000000000000000e+00,0.000000000000000000e+00,0.000000000000000000e+00,0.000000000000000000e+00,0.000000000000000000e+00,0.000000000000000000e+00,0.000000000000000000e+00,0.000000000000000000e+00,0.000000000000000000e+00,0.000000000000000000e+00,0.000000000000000000e+00,0.000000000000000000e+00,0.000000000000000000e+00,0.000000000000000000e+00,0.000000000000000000e+00,0.000000000000000000e+00,0.000000000000000000e+00,0.000000000000000000e+00,0.000000000000000000e+00,0.000000000000000000e+00,0.000000000000000000e+00,0.000000000000000000e+00,0.000000000000000000e+00,0.000000000000000000e+00,0.000000000000000000e+00,0.000000000000000000e+00,0.000000000000000000e+00,0.000000000000000000e+00,0.000000000000000000e+00,0.000000000000000000e+00,0.000000000000000000e+00,0.000000000000000000e+00,0.000000000000000000e+00,-8.794436177193189902e-03,-9.505095713680531203e-03,-8.781704562598614816e-03,-7.752353983146490456e-03,-6.721377056852588343e-03,-5.691065038963011129e-03,-4.713792403097355477e-03,-3.876240525611705182e-03,-3.196471673979153511e-03,-2.647780822638426748e-03,-2.209669348874165710e-03,-1.862811653762501190e-03,-1.588431477743434397e-03,-1.371454525530477024e-03,-1.199786289879692510e-03,-1.063839301123147268e-03,-9.560453236280342954e-04,-8.704290053540247700e-04,-8.022701763342721636e-04,-7.478384384549560627e-04,-7.041850014779341702e-04,-6.689790512214763805e-04,-6.403787001879558335e-04,-6.169290843036002352e-04,-5.974817279341603990e-04,-5.811307605480044722e-04,-5.671623713016437978e-04,-5.550148082783275651e-04,-5.442466492877611091e-04,-5.345116930616909288e-04,-5.255390249423689143e-04,-5.171172498534275415e-04,-5.090819639069445917e-04,-5.013058565722347580e-04,-4.936908396972720806e-04,-4.861618420216915577e-04,-4.786618706115854994e-04,-4.711481296829704265e-04,-4.635889288627389701e-04,-4.559612642322046459e-04,-4.482488885033519962e-04,-4.404408099752304463e-04,-4.325300920936004127e-04,-4.245129268384652873e-04,-4.163878911420328295e-04,-4.081553788614361990e-04,-3.998171432522855872e-04,-3.913759525669497025e-04,-3.828353117154921124e-04,-3.741992567095632472e-04,-3.654721876847262540e-04,-3.566587476847428266e-04,-3.477637228029102005e-04,-3.387919696079911354e-04,-3.297483536985204382e-04,-3.206377034759651701e-04,-3.114647702579131277e-04,-3.022341965659877368e-04,-2.929504898178581949e-04,-2.836180003166821942e-04,-2.742409055213928170e-04,-2.648231959485715728e-04,-2.553686683888808755e-04,-2.458809181545478038e-04,-2.363633391922391968e-04,-2.268191205046164965e-04,-2.172512506295124347e-04,-2.076625159062467103e-04,-1.980555070345285532e-04,-1.884326174783111998e-04,-1.787960506898773178e-04,-1.691478178708436669e-04,-1.594897452099991952e-04,-1.498234706933993421e-04,-1.401504509316121372e-04,-1.304719568436668044e-04,-1.207890798912774705e-04,-1.111027269099266416e-04,-1.014136261400601965e-04,-9.172232196184256284e-05,-8.202918130486090535e-05,-7.233438886317569813e-05,-6.263795402983323205e-05,-5.293970669782608148e-05,-4.323930456910550843e-05,-3.353622959574428439e-05,-2.382979566069031664e-05,-1.411914592175459548e-05,-4.403261017762034237e-06,5.319042351584198856e-06,1.504910253482106347e-05,2.478841278837838310e-05,3.453861154070429339e-05,4.430148035534420042e-05,5.407893319185808387e-05,6.387301215398450067e-05,7.368587563814335724e-05,8.351979160014068662e-05,9.337712454596351901e-05,1.032603260950389762e-04,1.131719208257461024e-04,1.231144939512205706e-04,1.330906760878734990e-04,1.431031278927542773e-04,1.531545238827462297e-04,1.632475339191061020e-04,1.733848062779767894e-04,1.835689459111147098e-04,1.938024970633156637e-04,2.040879183046650700e-04,2.144275651116815695e-04,2.248236617642458853e-04,2.352782844789906092e-04,2.457933304116962769e-04,2.563705021826161428e-04,2.670112744799721665e-04,2.777168812074572732e-04,2.884882806237652666e-04,2.993261469875845254e-04,3.102308359360003687e-04,3.212023835770654338e-04,3.322404751344895093e-04,3.433444562348106029e-04,3.545133101081244403e-04,3.657456888097478489e-04,3.770399080896917870e-04,3.883940112696486480e-04,3.998057972999101060e-04,4.112729382867147247e-04,4.227930669183797754e-04,4.343639823434028587e-04,4.459838408316808681e-04,4.576515073558583345e-04,4.693669225954729784e-04,4.811316949961475854e-04,4.929497655524819888e-04,5.048283970134554485e-04,5.167793378726770817e-04,5.288204680343077573e-04,5.409777962540998674e-04,5.532881924585010460e-04,5.658027742724403399e-04,5.785914417940391137e-04,5.917485793205929214e-04,6.054005875077395852e-04,6.197154483830124259e-04,6.349152557274443222e-04,6.512922380256469740e-04,6.692296456454507577e-04,6.892285892938085834e-04,7.119429313379782229e-04,7.382242685074662594e-04,7.691803363447920292e-04,8.062504852348071965e-04,8.513036629034277658e-04,9.067653320764116395e-04,9.757825261648613718e-04,1.062438590438002711e-03,1.172034339254927502e-03,1.311458556559809028e-03,1.489673264782064932e-03,1.718371460868267165e-03,2.013066100707597630e-03,2.393280579805332018e-03,2.882175508862439006e-03,3.521826975492146732e-03,4.357200090522239319e-03,5.354330757789804024e-03,6.411568435970054630e-03,7.487276625707236198e-03,8.647277674434511799e-03,9.729666392751995518e-03,9.543808766514000688e-03,5.187210162994209534e-03
0.000000000000000000e+00,0.000000000000000000e+00,0.000000000000000000e+00,0.000000000000000000e+00,0.000000000000000000e+00,0.000000000000000000e+00,0.000000000000000000e+00,0.000000000000000000e+00,0.000000000000000000e+00,0.000000000000000000e+00,0.000000000000000000e+00,0.000000000000000000e+00,0.000000000000000000e+00,0.000000000000000000e+00,0.000000000000000000e+00,0.000000000000000000e+00,0.000000000000000000e+00,0.000000000000000000e+00,0.000000000000000000e+00,0.000000000000000000e+00,0.000000000000000000e+00,0.000000000000000000e+00,0.000000000000000000e+00,0.000000000000000000e+00,0.000000000000000000e+00,0.000000000000000000e+00,0.000000000000000000e+00,0.000000000000000000e+00,0.000000000000000000e+00,0.000000000000000000e+00,0.000000000000000000e+00,0.000000000000000000e+00,0.000000000000000000e+00,0.000000000000000000e+00,0.000000000000000000e+00,0.000000000000000000e+00,0.000000000000000000e+00,0.000000000000000000e+00,0.000000000000000000e+00,0.000000000000000000e+00,0.000000000000000000e+00,0.000000000000000000e+00,0.000000000000000000e+00,0.000000000000000000e+00,0.000000000000000000e+00,0.000000000000000000e+00,0.000000000000000000e+00,0.000000000000000000e+00,0.000000000000000000e+00,0.000000000000000000e+00,0.000000000000000000e+00,0.000000000000000000e+00,0.000000000000000000e+00,0.000000000000000000e+00,0.000000000000000000e+00,0.000000000000000000e+00,0.000000000000000000e+00,0.000000000000000000e+00,0.000000000000000000e+00,0.000000000000000000e+00,0.000000000000000000e+00,0.000000000000000000e+00,0.000000000000000000e+00,0.000000000000000000e+00,0.000000000000000000e+00,0.000000000000000000e+00,0.000000000000000000e+00,0.000000000000000000e+00,0.000000000000000000e+00,0.000000000000000000e+00,0.000000000000000000e+00,0.000000000000000000e+00,0.000000000000000000e+00,0.000000000000000000e+00,0.000000000000000000e+00,0.000000000000000000e+00,0.000000000000000000e+00,0.000000000000000000e+00,0.000000000000000000e+00,0.000000000000000000e+00,0.000000000000000000e+00,0.000000000000000000e+00,0.000000000000000000e+00,0.000000000000000000e+00,0.000000000000000000e+00,0.000000000000000000e+00,0.000000000000000000e+00,0.000000000000000000e+00,0.000000000000000000e+00,0.000000000000000000e+00,0.000000000000000000e+00,0.000000000000000000e+00,0.000000000000000000e+00,0.000000000000000000e+00,0.000000000000000000e+00,0.000000000000000000e+00,0.000000000000000000e+00,0.000000000000000000e+00,0.000000000000000000e+00,0.000000000000000000e+00,0.000000000000000000e+00,0.000000000000000000e+00,0.000000000000000000e+00,0.000000000000000000e+00,0.000000000000000000e+00,0.000000000000000000e+00,0.000000000000000000e+00,0.000000000000000000e+00,0.000000000000000000e+00,0.000000000000000000e+00,0.000000000000000000e+00,0.000000000000000000e+00,0.000000000000000000e+00,0.000000000000000000e+00,0.000000000000000000e+00,0.000000000000000000e+00,0.000000000000000000e+00,0.000000000000000000e+00,0.000000000000000000e+00,0.000000000000000000e+00,0.000000000000000000e+00,0.000000000000000000e+00,0.000000000000000000e+00,0.000000000000000000e+00,0.000000000000000000e+00,0.000000000000000000e+00,0.000000000000000000e+00,0.000000000000000000e+00,0.000000000000000000e+00,0.000000000000000000e+00,0.000000000000000000e+00,0.000000000000000000e+00,0.000000000000000000e+00,0.000000000000000000e+00,0.000000000000000000e+00,0.000000000000000000e+00,0.000000000000000000e+00,0.000000000000000000e+00,0.000000000000000000e+00,0.000000000000000000e+00,0.000000000000000000e+00,0.000000000000000000e+00,0.000000000000000000e+00,0.000000000000000000e+00,0.000000000000000000e+00,0.000000000000000000e+00,0.000000000000000000e+00,0.000000000000000000e+00,0.000000000000000000e+00,0.000000000000000000e+00,0.000000000000000000e+00,0.000000000000000000e+00,0.000000000000000000e+00,0.000000000000000000e+00,0.000000000000000000e+00,0.000000000000000000e+00,0.000000000000000000e+00,0.000000000000000000e+00,0.000000000000000000e+00,0.000000000000000000e+00,0.000000000000000000e+00,0.000000000000000000e+00,0.000000000000000000e+00,0.000000000000000000e+00,0.000000000000000000e+00,0.000000000000000000e+00,0.000000000000000000e+00,0.000000000000000000e+00,0.000000000000000000e+00,0.000000000000000000e+00,0.000000000000000000e+00,0.000000000000000000e+00,0.000000000000000000e+00,0.000000000000000000e+00,0.000000000000000000e+00,0.000000000000000000e+00,-8.870097738855560465e-03,-9.615255798495528014e-03,-8.907245285925222134e-03,-7.871315569331771220e-03,-6.815395337960686480e-03,-5.755101417041023557e-03,-4.754910621953305043e-03,-3.902243648292664027e-03,-3.210951767443507264e-03,-2.653759936615662091e-03,-2.209953588324887683e-03,-1.859015583872994544e-03,-1.581733881497590947e-03,-1.362709805189204300e-03,-1.189617398802002941e-03,-1.052707506782411340e-03,-9.442920891020996181e-04,-8.583062570541443326e-04,-7.899625567305175455e-04,-7.354799963984922891e-04,-6.918717962753342336e-04,-6.567786903428787879e-04,-6.283375614558292825e-04,-6.050777863042235355e-04,-5.858392725934418507e-04,-5.697076666855215932e-04,-5.559630404757791170e-04,-5.440393042584546531e-04,-5.334920306199272691e-04,-5.239730032247443166e-04,-5.152100224783595552e-04,-5.069909393507366496e-04,-4.991509775107706411e-04,-4.915627214744305125e-04,-4.841281620250398798e-04,-4.767724273668296235e-04,-4.694388000270165585e-04,-4.620848021364329350e-04,-4.546790819044712576e-04,-4.471989782074029343e-04,-4.396285817418114743e-04,-4.319572268412722859e-04,-4.241782886906146437e-04,-4.162882541869986075e-04,-4.082859790452783187e-04,-4.001721191208856441e-04,-3.919486745748096217e-04,-3.836186453192219539e-04,-3.751857544993152864e-04,-3.666542428635275776e-04,-3.580287036136601013e-04,-3.493139612843583963e-04,-3.405149738470107223e-04,-3.316367604785404452e-04,-3.226843421318733446e-04,-3.136626956681166250e-04,-3.045767156677481866e-04,-2.954311826985589972e-04,-2.862307380374583526e-04,-2.769798610755606861e-04,-2.676828539374002188e-04,-2.583438264153135313e-04,-2.489666891569345232e-04,-2.395551449344799646e-04,-2.301126887057093596e-04,-2.206426033340639758e-04,-2.111479641651816839e-04,-2.016316369193795095e-04,-1.920962844219395579e-04,-1.825443648141345822e-04,-1.729781388538621204e-04,-1.633996675295659371e-04,-1.538108192133766253e-04,-1.442132663667968612e-04,-1.346084921405621719e-04,-1.249977859943194713e-04,-1.153822495047618769e-04,-1.057627910784324779e-04,-9.614013127719383872e-05,-8.651479735328038536e-05,-7.688712873055224360e-05,-6.725727205275000749e-05,-5.762518710133153699e-05,-4.799064256031523125e-05,-3.835322226623462974e-05,-2.871232174524090204e-05,-1.906715478000480779e-05,-9.416750973866921408e-06,2.400371995295288686e-07,9.904535447492583689e-06,1.957823994050223511e-05,2.926281663964519126e-05,3.896009273768722591e-05,4.867205391574622761e-05,5.840083477685477473e-05,6.814871369735984953e-05,7.791810213068292048e-05,8.771153677033063142e-05,9.753166767221475549e-05,1.073812474942057875e-04,1.172631184506915756e-04,1.271801984349239139e-04,1.371354668789652378e-04,1.471319476010983626e-04,1.571726937109640986e-04,1.672607670580708637e-04,1.773992223969361943e-04,1.875910833607280156e-04,1.978393261962533591e-04,2.081468522485205167e-04,2.185164717040086505e-04,2.289508726688005392e-04,2.394526055295479415e-04,2.500240488568041854e-04,2.606673952446688790e-04,2.713846145200807659e-04,2.821774423107663472e-04,2.930473414750965188e-04,3.039954952836544134e-04,3.150227687436055906e-04,3.261297093435615714e-04,3.373165112679428522e-04,3.485830284398427317e-04,3.599287468902858658e-04,3.713528178300454165e-04,3.828540472910168233e-04,3.944309619712104017e-04,4.060818317443465504e-04,4.178047893814053749e-04,4.295979123384901697e-04,4.414594313240319408e-04,4.533879157148635024e-04,4.653826288605445545e-04,4.774438911017661906e-04,4.895736775206982732e-04,5.017762813857011995e-04,5.140593124685159925e-04,5.264348643735426801e-04,5.389211747876710302e-04,5.515446336511935308e-04,5.643425381129381184e-04,5.773665003501680373e-04,5.906870156406899197e-04,6.043991986292087141e-04,6.186303604334217202e-04,6.335496209173113432e-04,6.493804906644774387e-04,6.664169432955673869e-04,6.850443393862210538e-04,7.057662798074562085e-04,7.292394573129648561e-04,7.563185223557910728e-04,7.881142195387987309e-04,8.260683864134418320e-04,8.720511017550942488e-04,9.284862830690722652e-04,9.985146753018064869e-04,1.086205556359603162e-03,1.196833665816638597e-03,1.337243448201081396e-03,1.516321794266152359e-03,1.745675308838795601e-03,2.040669877120057738e-03,2.419941915290994578e-03,2.906962201382090605e-03,3.545834468297002183e-03,4.369859640414157712e-03,5.328456639302265284e-03,6.326528389834099562e-03,7.350355613837321507e-03,8.488936027052043642e-03,9.582480060340389794e-03,9.432959004867250141e-03,5.139669776147681203e-03
0.000000000000000000e+00,0.000000000000000000e+00,0.000000000000000000e+00,0.000000000000000000e+00,0.000000000000000000e+00,0.000000000000000000e+00,0.000000000000000000e+00,0.000000000000000000e+00,0.000000000000000000e+00,0.000000000000000000e+00,0.000000000000000000e+00,0.000000000000000000e+00,0.000000000000000000e+00,0.000000000000000000e+00,0.000000000000000000e+00,0.000000000000000000e+00,0.000000000000000000e+00,0.000000000000000000e+00,0.000000000000000000e+00,0.000000000000000000e+00,0.000000000000000000e+00,0.000000000000000000e+00,0.000000000000000000e+00,0.000000000000000000e+00,0.000000000000000000e+00,0.000000000000000000e+00,0.000000000000000000e+00,0.000000000000000000e+00,0.000000000000000000e+00,0.000000000000000000e+00,0.000000000000000000e+00,0.000000000000000000e+00,0.000000000000000000e+00,0.000000000000000000e+00,0.000000000000000000e+00,0.000000000000000000e+00,0.000000000000000000e+00,0.000000000000000000e+00,0.000000000000000000e+00,0.000000000000000000e+00,0.000000000000000000e+00,0.000000000000000000e+00,0.000000000000000000e+00,0.000000000000000000e+00,0.000000000000000000e+00,0.000000000000000000e+00,0.000000000000000000e+00,0.000000000000000000e+00,0.000000000000000000e+00,0.000000000000000000e+00,0.000000000000000000e+00,0.000000000000000000e+00,0.000000000000000000e+00,0.000000000000000000e+00,0.000000000000000000e+00,0.000000000000000000e+00,0.000000000000000000e+00,0.000000000000000000e+00,0.000000000000000000e+00,0.000000000000000000e+00,0.000000000000000000e+00,0.000000000000000000e+00,0.000000000000000000e+00,0.000000000000000000e+00,0.000000000000000000e+00,0.000000000000000000e+00,0.000000000000000000e+00,0.000000000000000000e+00,0.000000000000000000e+00,0.000000000000000000e+00,0.000000000000000000e+00,0.000000000000000000e+00,0.000000000000000000e+00,0.000000000000000000e+00,0.000000000000000000e+00,0.000000000000000000e+00,0.000000000000000000e+00,0.000000000000000000e+00,0.000000000000000000e+00,0.000000000000000000e+00,0.000000000000000000e+00,0.000000000000000000e+00,0.000000000000000000e+00,0.000000000000000000e+00,0.000000000000000000e+00,0.000000000000000000e+00,0.000000000000000000e+00,0.000000000000000000e+00,0.000000000000000000e+00,0.000000000000000000e+00,0.000000000000000000e+00,0.000000000000000000e+00,0.000000000000000000e+00,0.000000000000000000e+00,0.000000000000000000e+00,0.000000000000000000e+00,0.000000000000000000e+00,0.000000000000000000e+00,0.000000000000000000e+00,0.000000000000000000e+00,0.000000000000000000e+00,0.000000000000000000e+00,0.000000000000000000e+00,0.000000000000000000e+00,0.000000000000000000e+00,0.000000000000000000e+00,0.000000000000000000e+00,0.000000000000000000e+00,0.000000000000000000e+00,0.000000000000000000e+00,0.000000000000000000e+00,0.000000000000000000e+00,0.000000000000000000e+00,0.000000000000000000e+00,0.000000000000000000e+00,0.000000000000000000e+00,0.000000000000000000e+00,0.000000000000000000e+00,0.000000000000000000e+00,0.000000000000000000e+00,0.000000000000000000e+00,0.000000000000000000e+00,0.000000000000000000e+00,0.000000000000000000e+00,0.000000000000000000e+00,0.000000000000000000e+00,0.000000000000000000e+00,0.000000000000000000e+00,0.000000000000000000e+00,0.000000000000000000e+00,0.000000000000000000e+00,0.000000000000000000e+00,0.000000000000000000e+00,0.000000000000000000e+00,0.000000000000000000e+00,0.000000000000000000e+00,0.000000000000000000e+00,0.000000000000000000e+00,0.000000000000000000e+00,0.000000000000000000e+00,0.000000000000000000e+00,0.000000000000000000e+00,0.000000000000000000e+00,0.000000000000000000e+00,0.000000000000000000e+00,0.000000000000000000e+00,0.000000000000000000e+00,0.000000000000000000e+00,0.000000000000000000e+00,0.000000000000000000e+00,0.000000000000000000e+00,0.000000000000000000e+00,0.000000000000000000e+00,0.000000000000000000e+00,0.000000000000000000e+00,0.000000000000000000e+00,0.000000000000000000e+00,0.000000000000000000e+00,0.000000000000000000e+00,0.000000000000000000e+00,0.000000000000000000e+00,0.000000000000000000e+00,0.000000000000000000e+00,0.000000000000000000e+00,0.000000000000000000e+00,0.000000000000000000e+00,0.000000000000000000e+00,0.000000000000000000e+00,0.000000000000000000e+00,0.000000000000000000e+00,0.000000000000000000e+00,0.000000000000000000e+00,0.000000000000000000e+00,0.000000000000000000e+00,0.000000000000000000e+00,0.000000000000000000e+00,-8.946686536009332974e-03,-9.726738678301470944e-03,-9.033736603476550525e-03,-7.990438831934195893e-03,-6.909145704159971868e-03,-5.819088016402806235e-03,-4.796266484248234811e-03,-3.928384461097945458e-03,-3.225453516846365273e-03,-2.659823156447748815e-03,-2.210312274640429189e-03,-1.855276993931765988e-03,-1.575084271934275044e-03,-1.354006992251681040e-03,-1.179490084735842310e-03,-1.041621780030245860e-03,-9.325930661871291352e-04,-8.462483615059639098e-04,-7.777319234577977905e-04,-7.232113491939871734e-04,-6.796612282029611089e-04,-6.446933551947568557e-04,-6.164230269554952938e-04,-5.933636128025684183e-04,-5.743432444597435177e-04,-5.584389963757903277e-04,-5.449247900001510329e-04,-5.332302066676514055e-04,-5.229078540774090289e-04,-5.136075632283010383e-04,-5.050559272146253054e-04,-4.970401297757200349e-04,-4.893951138894266431e-04,-4.819934521934738053e-04,-4.747373066613207724e-04,-4.675520943300668004e-04,-4.603814587609950082e-04,-4.531833207431588267e-04,-4.459267428008028265e-04,-4.385894769005839358e-04,-4.311560167864996840e-04,-4.236160825694238775e-04,-4.159634159792375890e-04,-4.081948487897197860e-04,-4.003095610495286186e-04,-3.923085119210952616e-04,-3.841939859492487976e-04,-3.759692485192074152e-04,-3.676382714866843629e-04,-3.592055275910560489e-04,-3.506758273567406260e-04,-3.420541981453875777e-04,-3.333457883805507577e-04,-3.245557957611782773e-04,-3.156894100157646866e-04,-3.067517675840677766e-04,-2.977479153444214689e-04,-2.886827791408062469e-04,-2.795611397749094766e-04,-2.703876101274369881e-04,-2.611666203174007575e-04,-2.519024019224768828e-04,-2.425989812301646226e-04,-2.332601697118347000e-04,-2.238895640344328855e-04,-2.144905412245306749e-04,-2.050662633031361350e-04,-1.956196749586108514e-04,-1.861535104139766463e-04,-1.766702916256491129e-04,-1.671723356226111285e-04,-1.576617521501997557e-04,-1.481404506643552816e-04,-1.386101370836214752e-04,-1.290723200526634220e-04,-1.195283066360236588e-04,-1.099792075858247760e-04,-1.004259320755968005e-04,-9.086919219030491711e-05,-8.130949737751707869e-05,-7.174715882960783447e-05,-6.218228444339081982e-05,-5.261478351688176779e-05,-4.304436254115789824e-05,-3.347053018235194259e-05,-2.389259398085153189e-05,-1.430966559502852151e-05,-4.720658653998912106e-06,4.875705560622670453e-06,1.448089872940374045e-05,2.409657915874354736e-05,3.372459049751473382e-05,4.336695456025570688e-05,5.302586778643950317e-05,6.270369304458791758e-05,7.240295348318977122e-05,8.212632318146664758e-05,9.187661808888249746e-05,1.016567854630992290e-04,1.114698916496924074e-04,1.213191103189470470e-04,1.312077068811951994e-04,1.411390256043801663e-04,1.511164704964792821e-04,1.611434914564660028e-04,1.712235614937928643e-04,1.813601621440155925e-04,1.915567569398163620e-04,2.018167764228028752e-04,2.121435878418720541e-04,2.225404802206527334e-04,2.330106303561365038e-04,2.435570885735136081e-04,2.541827412437696384e-04,2.648902981091684743e-04,2.756822517817106820e-04,2.865608679017160381e-04,2.975281425059485849e-04,3.085857969043198233e-04,3.197352345497171330e-04,3.309775435621924752e-04,3.423134560446086118e-04,3.537433629487859933e-04,3.652672810478520488e-04,3.768848878311068288e-04,3.885955052234091041e-04,4.003981672351139380e-04,4.122916360795079809e-04,4.242745237471113652e-04,4.363453671502186856e-04,4.485028388359327180e-04,4.607459260013679046e-04,4.730742887731359146e-04,4.854886179810629808e-04,4.979912376802037889e-04,5.105867659944773136e-04,5.232831215493511344e-04,5.360926930647945225e-04,5.490340133272932641e-04,5.621337775522821430e-04,5.754296206646444855e-04,5.889735470229332578e-04,6.028365327697222595e-04,6.171142994125164687e-04,6.319349393595839444e-04,6.474685819443554450e-04,6.639400348357401031e-04,6.816449182532429958e-04,7.009706406581280892e-04,7.224232891403775799e-04,7.466624681802313873e-04,7.745460868541298796e-04,8.071882756648672596e-04,8.460339778188095874e-04,8.929553594556492377e-04,9.503762355704299799e-04,1.021433221184651951e-03,1.110184801094115260e-03,1.221884718448741809e-03,1.363340012513128332e-03,1.543374916628939336e-03,1.773544870700154933e-03,2.068997768135957555e-03,2.447437551731020903e-03,2.933597055903784667e-03,3.572078913142217021e-03,4.381350756581517056e-03,5.296862865065892455e-03,6.235202689162651010e-03,7.211389433578842441e-03,8.334098452015194225e-03,9.441844689945915955e-03,9.327938369432861934e-03,5.094236969125445075e-03
0.000000000000000000e+00,0.000000000000000000e+00,0.000000000000000000e+00,0.000000000000000000e+00,0.000000000000000000e+00,0.000000000000000000e+00,0.000000000000000000e+00,0.000000000000000000e+00,0.000000000000000000e+00,0.000000000000000000e+00,0.000000000000000000e+00,0.000000000000000000e+00,0.000000000000000000e+00,0.000000000000000000e+00,0.000000000000000000e+00,0.000000000000000000e+00,0.000000000000000000e+00,0.000000000000000000e+00,0.000000000000000000e+00,0.000000000000000000e+00,0.000000000000000000e+00,0.000000000000000000e+00,0.000000000000000000e+00,0.000000000000000000e+00,0.000000000000000000e+00,0.000000000000000000e+00,0.000000000000000000e+00,0.000000000000000000e+00,0.000000000000000000e+00,0.000000000000000000e+00,0.000000000000000000e+00,0.000000000000000000e+00,0.000000000000000000e+00,0.000000000000000000e+00,0.000000000000000000e+00,0.000000000000000000e+00,0.000000000000000000e+00,0.000000000000000000e+00,0.000000000000000000e+00,0.000000000000000000e+00,0.000000000000000000e+00,0.000000000000000000e+00,0.000000000000000000e+00,0.000000000000000000e+00,0.000000000000000000e+00,0.000000000000000000e+00,0.000000000000000000e+00,0.000000000000000000e+00,0.000000000000000000e+00,0.000000000000000000e+00,0.000000000000000000e+00,0.000000000000000000e+00,0.000000000000000000e+00,0.000000000000000000e+00,0.000000000000000000e+00,0.000000000000000000e+00,0.000000000000000000e+00,0.000000000000000000e+00,0.000000000000000000e+00,0.000000000000000000e+00,0.000000000000000000e+00,0.000000000000000000e+00,0.000000000000000000e+00,0.000000000000000000e+00,0.000000000000000000e+00,0.000000000000000000e+00,0.000000000000000000e+00,0.000000000000000000e+00,0.000000000000000000e+00,0.000000000000000000e+00,0.000000000000000000e+00,0.000000000000000000e+00,0.000000000000000000e+00,0.000000000000000000e+00,0.000000000000000000e+00,0.000000000000000000e+00,0.000000000000000000e+00,0.000000000000000000e+00,0.000000000000000000e+00,0.000000000000000000e+00,0.000000000000000000e+00,0.000000000000000000e+00,0.000000000000000000e+00,0.000000000000000000e+00,0.000000000000000000e+00,0.000000000000000000e+00,0.000000000000000000e+00,0.000000000000000000e+00,0.000000000000000000e+00,0.000000000000000000e+00,0.000000000000000000e+00,0.000000000000000000e+00,0.000000000000000000e+00,0.000000000000000000e+00,0.000000000000000000e+00,0.000000000000000000e+00,0.000000000000000000e+00,0.000000000000000000e+00,0.000000000000000000e+00,0.000000000000000000e+00,0.000000000000000000e+00,0.000000000000000000e+00,0.000000000000000000e+00,0.000000000000000000e+00,0.000000000000000000e+00,0.000000000000000000e+00,0.000000000000000000e+00,0.000000000000000000e+00,0.000000000000000000e+00,0.000000000000000000e+00,0.000000000000000000e+00,0.000000000000000000e+00,0.000000000000000000e+00,0.000000000000000000e+00,0.000000000000000000e+00,0.000000000000000000e+00,0.000000000000000000e+00,0.000000000000000000e+00,0.000000000000000000e+00,0.000000000000000000e+00,0.000000000000000000e+00,0.000000000000000000e+00,0.000000000000000000e+00,0.000000000000000000e+00,0.000000000000000000e+00,0.000000000000000000e+00,0.000000000000000000e+00,0.000000000000000000e+00,0.000000000000000000e+00,0.000000000000000000e+00,0.000000000000000000e+00,0.000000000000000000e+00,0.000000000000000000e+00,0.000000000000000000e+00,0.000000000000000000e+00,0.000000000000000000e+00,0.000000000000000000e+00,0.000000000000000000e+00,0.000000000000000000e+00,0.000000000000000000e+00,0.000000000000000000e+00,0.000000000000000000e+00,0.000000000000000000e+00,0.000000000000000000e+00,0.000000000000000000e+00,0.000000000000000000e+00,0.000000000000000000e+00,0.000000000000000000e+00,0.000000000000000000e+00,0.000000000000000000e+00,0.000000000000000000e+00,0.000000000000000000e+00,0.000000000000000000e+00,0.000000000000000000e+00,0.000000000000000000e+00,0.000000000000000000e+00,0.000000000000000000e+00,0.000000000000000000e+00,0.000000000000000000e+00,0.000000000000000000e+00,0.000000000000000000e+00,0.000000000000000000e+00,0.000000000000000000e+00,0.000000000000000000e+00,0.000000000000000000e+00,0.000000000000000000e+00,0.000000000000000000e+00,0.000000000000000000e+00,0.000000000000000000e+00,0.000000000000000000e+00,0.000000000000000000e+00,0.000000000000000000e+00,0.000000000000000000e+00,0.000000000000000000e+00,0.000000000000000000e+00,0.000000000000000000e+00,-9.024093057548041377e-03,-9.839429896203609818e-03,-9.161088746400791391e-03,-8.109687622264629553e-03,-7.002642904836263969e-03,-5.883033317043658006e-03,-4.837818559148443498e-03,-3.954618109873040376e-03,-3.239975375570837857e-03,-2.665975811197253149e-03,-2.210749972239751514e-03,-1.851605877410633389e-03,-1.568494377037949828e-03,-1.345359380849709590e-03,-1.169418668564596673e-03,-1.030597035469999184e-03,-9.209634311856629242e-04,-8.342705033835902569e-04,-7.655932828119833182e-04,-7.110471900151352697e-04,-6.675675820778577971e-04,-6.327368573429584080e-04,-6.046483931037468758e-04,-5.817993209511872080e-04,-5.630058508033591825e-04,-5.473364067817937341e-04,-5.340587344349250008e-04,-5.225981007249152653e-04,-5.125041928089950046e-04,-5.034249541303483346e-04,-4.950858496389376907e-04,-4.872734832610110508e-04,-4.798226089778308647e-04,-4.726058800578564699e-04,-4.655257209176890429e-04,-4.585079255454294479e-04,-4.514965826613515825e-04,-4.444500909533293832e-04,-4.373380014605430643e-04,-4.301385480764223480e-04,-4.228366912722069586e-04,-4.154225954413429144e-04,-4.078904225545006666e-04,-4.002373982829981721e-04,-3.924630717626095399e-04,-3.845687461450103691e-04,-3.765570273446879491e-04,-3.684314797012857570e-04,-3.601963540436605099e-04,-3.518563822878322499e-04,-3.434166165673614365e-04,-3.348823085505329392e-04,-3.262588158923645804e-04,-3.175515309953173327e-04,-3.087658260593494118e-04,-2.999070084987790733e-04,-2.909802867561419801e-04,-2.819907393727402538e-04,-2.729432924584489434e-04,-2.638426968568695439e-04,-2.546935140224709728e-04,-2.455000998168305865e-04,-2.362665979161730117e-04,-2.269969297073817522e-04,-2.176947942507039089e-04,-2.083636630526805068e-04,-1.990067847111580575e-04,-1.896271825325142422e-04,-1.802276614872401809e-04,-1.708108065870099100e-04,-1.613789902170634553e-04,-1.519343700035690695e-04,-1.424788955730194983e-04,-1.330143055116690882e-04,-1.235421331785904200e-04,-1.140637026158539618e-04,-1.045801331469222036e-04,-9.509233427540743388e-05,-8.560100920128568456e-05,-7.610664931060687481e-05,-6.660953728379635037e-05,-5.710974204773593897e-05,-4.760712203871057845e-05,-3.810132108042461082e-05,-2.859177187682786675e-05,-1.907769293375648681e-05,-9.558092262315760442e-06,-3.176558109386409184e-08,9.502699586276075637e-06,1.904692402710915855e-05,2.860273210011265765e-05,3.817214977257074913e-05,4.775739903042889472e-05,5.736089345998951835e-05,6.698523161949064629e-05,7.663318979593136823e-05,8.630771419016599005e-05,9.601191052452814304e-05,1.057490349742580749e-04,1.155224803581296933e-04,1.253357658294125727e-04,1.351925194317775815e-04,1.450964666388008097e-04,1.550514090973132797e-04,1.650612121836696254e-04,1.751297797948334382e-04,1.852610411754517341e-04,1.954589216616806481e-04,2.057273291337260285e-04,2.160701206805976863e-04,2.264910891628190250e-04,2.369939258580610209e-04,2.475822077918732149e-04,2.582593565684428985e-04,2.690286273726655774e-04,2.798930644273782257e-04,2.908554929382352263e-04,3.019184720313265475e-04,3.130842915134626064e-04,3.243549238711083103e-04,3.357320287324922869e-04,3.472169068000599177e-04,3.588105166391334809e-04,3.705134356746921727e-04,3.823258969088846556e-04,3.942477660150638477e-04,4.062786106498288141e-04,4.184177093242646647e-04,4.306641745045194317e-04,4.430170200932150460e-04,4.554753737417047924e-04,4.680386482854116204e-04,4.807069022168911640e-04,4.934811909094766365e-04,5.063641729118353819e-04,5.193607668504458428e-04,5.324791648501519571e-04,5.457320032172572428e-04,5.591380491070484368e-04,5.727242284669213125e-04,5.865284251971971188e-04,6.006029334418009529e-04,6.150190952148557088e-04,6.298731143867860455e-04,6.452937344811451913e-04,6.614519657221634447e-04,6.785737946454349807e-04,6.969563942656870330e-04,7.169891684396137270e-04,7.391807042543311560e-04,7.641936285137094272e-04,7.928893600502130235e-04,8.263858632111403812e-04,8.661319139190964533e-04,9.140028885238883844e-04,9.724242010904071828e-04,1.044530905877373659e-03,1.134374647882694818e-03,1.247194210572491815e-03,1.389767261124845140e-03,1.570874143763751219e-03,1.802049464973035564e-03,2.098095256850128314e-03,2.475949071721638469e-03,2.962471735080453045e-03,3.600172825525933210e-03,4.390313065844231831e-03,5.258379613459849417e-03,6.137476594069359893e-03,7.071118772866639111e-03,8.183669429882153498e-03,9.308415514828412979e-03,9.229209196727173117e-03,5.051235129410605769e-03
0.000000000000000000e+00,0.000000000000000000e+00,0.000000000000000000e+00,0.000000000000000000e+00,0.000000000000000000e+00,0.000000000000000000e+00,0.000000000000000000e+00,0.000000000000000000e+00,0.000000000000000000e+00,0.000000000000000000e+00,0.000000000000000000e+00,0.000000000000000000e+00,0.000000000000000000e+00,0.000000000000000000e+00,0.000000000000000000e+00,0.000000000000000000e+00,0.000000000000000000e+00,0.000000000000000000e+00,0.000000000000000000e+00,0.000000000000000000e+00,0.000000000000000000e+00,0.000000000000000000e+00,0.000000000000000000e+00,0.000000000000000000e+00,0.000000000000000000e+00,0.000000000000000000e+00,0.000000000000000000e+00,0.000000000000000000e+00,0.000000000000000000e+00,0.000000000000000000e+00,0.000000000000000000e+00,0.000000000000000000e+00,0.000000000000000000e+00,0.000000000000000000e+00,0.000000000000000000e+00,0.000000000000000000e+00,0.000000000000000000e+00,0.000000000000000000e+00,0.000000000000000000e+00,0.000000000000000000e+00,0.000000000000000000e+00,0.000000000000000000e+00,0.000000000000000000e+00,0.000000000000000000e+00,0.000000000000000000e+00,0.000000000000000000e+00,0.000000000000000000e+00,0.000000000000000000e+00,0.000000000000000000e+00,0.000000000000000000e+00,0.000000000000000000e+00,0.000000000000000000e+00,0.000000000000000000e+00,0.000000000000000000e+00,0.000000000000000000e+00,0.000000000000000000e+00,0.000000000000000000e+00,0.000000000000000000e+00,0.000000000000000000e+00,0.000000000000000000e+00,0.000000000000000000e+00,0.000000000000000000e+00,0.000000000000000000e+00,0.000000000000000000e+00,0.000000000000000000e+00,0.000000000000000000e+00,0.000000000000000000e+00,0.000000000000000000e+00,0.000000000000000000e+00,0.000000000000000000e+00,0.000000000000000000e+00,0.000000000000000000e+00,0.000000000000000000e+00,0.000000000000000000e+00,0.000000000000000000e+00,0.000000000000000000e+00,0.000000000000000000e+00,0.000000000000000000e+00,0.000000000000000000e+00,0.000000000000000000e+00,0.000000000000000000e+00,0.000000000000000000e+00,0.000000000000000000e+00,0.000000000000000000e+00,0.000000000000000000e+00,0.000000000000000000e+00,0.000000000000000000e+00,0.000000000000000000e+00,0.000000000000000000e+00,0.000000000000000000e+00,0.000000000000000000e+00,0.000000000000000000e+00,0.000000000000000000e+00,0.000000000000000000e+00,0.000000000000000000e+00,0.000000000000000000e+00,0.000000000000000000e+00,0.000000000000000000e+00,0.000000000000000000e+00,0.000000000000000000e+00,0.000000000000000000e+00,0.000000000000000000e+00,0.000000000000000000e+00,0.000000000000000000e+00,0.000000000000000000e+00,0.000000000000000000e+00,0.000000000000000000e+00,0.000000000000000000e+00,0.000000000000000000e+00,0.000000000000000000e+00,0.000000000000000000e+00,0.000000000000000000e+00,0.000000000000000000e+00,0.000000000000000000e+00,0.000000000000000000e+00,0.000000000000000000e+00,0.000000000000000000e+00,0.000000000000000000e+00,0.000000000000000000e+00,0.000000000000000000e+00,0.000000000000000000e+00,0.000000000000000000e+00,0.000000000000000000e+00,0.000000000000000000e+00,0.000000000000000000e+00,0.000000000000000000e+00,0.000000000000000000e+00,0.000000000000000000e+00,0.000000000000000000e+00,0.000000000000000000e+00,0.000000000000000000e+00,0.000000000000000000e+00,0.000000000000000000e+00,0.000000000000000000e+00,0.000000000000000000e+00,0.000000000000000000e+00,0.000000000000000000e+00,0.000000000000000000e+00,0.000000000000000000e+00,0.000000000000000000e+00,0.000000000000000000e+00,0.000000000000000000e+00,0.000000000000000000e+00,0.000000000000000000e+00,0.000000000000000000e+00,0.000000000000000000e+00,0.000000000000000000e+00,0.000000000000000000e+00,0.000000000000000000e+00,0.000000000000000000e+00,0.000000000000000000e+00,0.000000000000000000e+00,0.000000000000000000e+00,0.000000000000000000e+00,0.000000000000000000e+00,0.000000000000000000e+00,0.000000000000000000e+00,0.000000000000000000e+00,0.000000000000000000e+00,0.000000000000000000e+00,0.000000000000000000e+00,0.000000000000000000e+00,0.000000000000000000e+00,0.000000000000000000e+00,0.000000000000000000e+00,0.000000000000000000e+00,0.000000000000000000e+00,0.000000000000000000e+00,0.000000000000000000e+00,0.000000000000000000e+00,0.000000000000000000e+00,0.000000000000000000e+00,0.000000000000000000e+00,0.000000000000000000e+00,0.000000000000000000e+00,0.000000000000000000e+00,-9.102205383496153601e-03,-9.953208647356959551e-03,-9.289203037567601157e-03,-8.229013640210482150e-03,-7.095884863000325067e-03,-5.946929290847153757e-03,-4.879521007829019062e-03,-3.980908376206513874e-03,-3.254522224774586674e-03,-2.672225390583827295e-03,-2.211275913463417279e-03,-1.848015958559914330e-03,-1.561979595779483488e-03,-1.336783790564418425e-03,-1.159420813832695010e-03,-1.019651329722369958e-03,-9.094212825965489102e-04,-8.223905570565043233e-04,-7.535640910766201739e-04,-6.990044190664722020e-04,-6.556071073258389710e-04,-6.209247336619677865e-04,-5.930284478517707522e-04,-5.703989327606558872e-04,-5.518403456078504457e-04,-5.364123930485943225e-04,-5.233766278001145047e-04,-5.121540232351126350e-04,-5.022913947168636652e-04,-4.934348661201574254e-04,-4.853088551092733707e-04,-4.776994739225692605e-04,-4.704413791900260489e-04,-4.634073966789197365e-04,-4.565003034239592809e-04,-4.496463571013032778e-04,-4.427901741307347142e-04,-4.358907086587985018e-04,-4.289180727129786254e-04,-4.218510492603628212e-04,-4.146751275386933479e-04,-4.073809731941730817e-04,-3.999632206902609664e-04,-3.924195373007713372e-04,-3.847498847862458821e-04,-3.769559498777432459e-04,-3.690406958461110417e-04,-3.610080185798486075e-04,-3.528624773429827515e-04,-3.446090897169091474e-04,-3.362531731101755074e-04,-3.278002244471536243e-04,-3.192558289186042805e-04,-3.106255893970247045e-04,-3.019150738554559699e-04,-2.931297716989353765e-04,-2.842750618048616959e-04,-2.753561824179523096e-04,-2.663782102964239954e-04,-2.573460382582539179e-04,-2.482643619606519827e-04,-2.391376635924931545e-04,-2.299702055412814188e-04,-2.207660199604228072e-04,-2.115289086916820110e-04,-2.022624378302020074e-04,-1.929699423277766296e-04,-1.836545237194820888e-04,-1.743190571110276677e-04,-1.649661899181166394e-04,-1.555983491454444184e-04,-1.462177396677103813e-04,-1.368263506835194353e-04,-1.274259530408918309e-04,-1.180181044843167545e-04,-1.086041459112843086e-04,-9.918520516893336299e-05,-8.976219224245304796e-05,-8.033580165967344052e-05,-7.090650713194997462e-05,-6.147456321429707376e-05,-5.204000032465413191e-05,-4.260262635796360667e-05,-3.316202269711985765e-05,-2.371754598805515189e-05,-1.426832533168370120e-05,-4.813264223523006914e-06,4.648960840776145729e-06,1.411989807604959920e-05,2.360131996753011874e-05,3.309522035035674981e-05,4.260381170066657928e-05,5.212952134864126864e-05,6.167498610028879235e-05,7.124304738423901104e-05,8.083674281467018966e-05,9.045930011262163931e-05,1.001141252609555766e-04,1.098047951231088552e-04,1.195350419023823884e-04,1.293087444736232543e-04,1.391299089103290422e-04,1.490026586302275536e-04,1.589312108003588175e-04,1.689198654820998468e-04,1.789729777668441410e-04,1.890949461982654122e-04,1.992901805365486262e-04,2.095630898418068854e-04,2.199180458250006315e-04,2.303593711071728726e-04,2.408912982077736548e-04,2.515179586634305243e-04,2.622433378443730315e-04,2.730712658560476816e-04,2.840053685998612885e-04,2.950490617359446174e-04,3.062054988001415307e-04,3.174775700759395079e-04,3.288678492845672000e-04,3.403786001918924012e-04,3.520117246511530497e-04,3.637687814669201365e-04,3.756509408201566405e-04,3.876590228633575792e-04,3.997934674804155017e-04,4.120544051704798177e-04,4.244416578244100268e-04,4.369548630708323901e-04,4.495935330864719685e-04,4.623572679912360734e-04,4.752459185287697080e-04,4.882599479442266432e-04,5.014007753358490620e-04,5.146713846606617952e-04,5.280769763090914504e-04,5.416259862667129445e-04,5.553312566535081787e-04,5.692117339254812837e-04,5.832945057791219697e-04,5.976176216937827655e-04,6.122335686190245917e-04,6.272139450637501850e-04,6.426553191094094755e-04,6.586869629391267807e-04,6.754806493165933356e-04,6.932634395368500110e-04,7.123339856696161293e-04,7.330836630596475941e-04,7.560236133063684546e-04,7.818196538345307915e-04,8.113370459800463503e-04,8.456981516372800772e-04,8.863564724611809999e-04,9.351919601381568446e-04,9.946336908487935120e-04,1.067818284598739866e-03,1.158795374446057935e-03,1.272795861837738070e-03,1.416577984771082849e-03,1.598904702730125993e-03,1.831297068781718995e-03,2.128053225254058003e-03,2.505798623690250540e-03,2.993930735711229033e-03,3.629404053806228707e-03,4.395200543801359994e-03,5.211981439901731440e-03,6.033508381475138731e-03,6.930443327785777360e-03,8.038516444234528394e-03,9.182686912519642114e-03,9.137066245281157476e-03,5.010909601647099351e-03
0.000000000000000000e+00,0.000000000000000000e+00,0.000000000000000000e+00,0.000000000000000000e+00,0.000000000000000000e+00,0.000000000000000000e+00,0.000000000000000000e+00,0.000000000000000000e+00,0.000000000000000000e+00,0.000000000000000000e+00,0.000000000000000000e+00,0.000000000000000000e+00,0.000000000000000000e+00,0.000000000000000000e+00,0.000000000000000000e+00,0.000000000000000000e+00,0.000000000000000000e+00,0.000000000000000000e+00,0.000000000000000000e+00,0.000000000000000000e+00,0.000000000000000000e+00,0.000000000000000000e+00,0.000000000000000000e+00,0.000000000000000000e+00,0.000000000000000000e+00,0.000000000000000000e+00,0.000000000000000000e+00,0.000000000000000000e+00,0.000000000000000000e+00,0.000000000000000000e+00,0.000000000000000000e+00,0.000000000000000000e+00,0.000000000000000000e+00,0.000000000000000000e+00,0.000000000000000000e+00,0.000000000000000000e+00,0.000000000000000000e+00,0.000000000000000000e+00,0.000000000000000000e+00,0.000000000000000000e+00,0.000000000000000000e+00,0.000000000000000000e+00,0.000000000000000000e+00,0.000000000000000000e+00,0.000000000000000000e+00,0.000000000000000000e+00,0.000000000000000000e+00,0.000000000000000000e+00,0.000000000000000000e+00,0.000000000000000000e+00,0.000000000000000000e+00,0.000000000000000000e+00,0.000000000000000000e+00,0.000000000000000000e+00,0.000000000000000000e+00,0.000000000000000000e+00,0.000000000000000000e+00,0.000000000000000000e+00,0.000000000000000000e+00,0.000000000000000000e+00,0.000000000000000000e+00,0.000000000000000000e+00,0.000000000000000000e+00,0.000000000000000000e+00,0.000000000000000000e+00,0.000000000000000000e+00,0.000000000000000000e+00,0.000000000000000000e+00,0.000000000000000000e+00,0.000000000000000000e+00,0.000000000000000000e+00,0.000000000000000000e+00,0.000000000000000000e+00,0.000000000000000000e+00,0.000000000000000000e+00,0.000000000000000000e+00,0.000000000000000000e+00,0.000000000000000000e+00,0.000000000000000000e+00,0.000000000000000000e+00,0.000000000000000000e+00,0.000000000000000000e+00,0.000000000000000000e+00,0.000000000000000000e+00,0.000000000000000000e+00,0.000000000000000000e+00,0.000000000000000000e+00,0.000000000000000000e+00,0.000000000000000000e+00,0.000000000000000000e+00,0.000000000000000000e+00,0.000000000000000000e+00,0.000000000000000000e+00,0.000000000000000000e+00,0.000000000000000000e+00,0.000000000000000000e+00,0.000000000000000000e+00,0.000000000000000000e+00,0.000000000000000000e+00,0.000000000000000000e+00,0.000000000000000000e+00,0.000000000000000000e+00,0.000000000000000000e+00,0.000000000000000000e+00,0.000000000000000000e+00,0.000000000000000000e+00,0.000000000000000000e+00,0.000000000000000000e+00,0.000000000000000000e+00,0.000000000000000000e+00,0.000000000000000000e+00,0.000000000000000000e+00,0.000000000000000000e+00,0.000000000000000000e+00,0.000000000000000000e+00,0.000000000000000000e+00,0.000000000000000000e+00,0.000000000000000000e+00,0.000000000000000000e+00,0.000000000000000000e+00,0.000000000000000000e+00,0.000000000000000000e+00,0.000000000000000000e+00,0.000000000000000000e+00,0.000000000000000000e+00,0.000000000000000000e+00,0.000000000000000000e+00,0.000000000000000000e+00,0.000000000000000000e+00,0.000000000000000000e+00,0.000000000000000000e+00,0.000000000000000000e+00,0.000000000000000000e+00,0.000000000000000000e+00,0.000000000000000000e+00,0.000000000000000000e+00,0.000000000000000000e+00,0.000000000000000000e+00,0.000000000000000000e+00,0.000000000000000000e+00,0.000000000000000000e+00,0.000000000000000000e+00,0.000000000000000000e+00,0.000000000000000000e+00,0.000000000000000000e+00,0.000000000000000000e+00,0.000000000000000000e+00,0.000000000000000000e+00,0.000000000000000000e+00,0.000000000000000000e+00,0.000000000000000000e+00,0.000000000000000000e+00,0.000000000000000000e+00,0.000000000000000000e+00,0.000000000000000000e+00,0.000000000000000000e+00,0.000000000000000000e+00,0.000000000000000000e+00,0.000000000000000000e+00,0.000000000000000000e+00,0.000000000000000000e+00,0.000000000000000000e+00,0.000000000000000000e+00,0.000000000000000000e+00,0.000000000000000000e+00,0.000000000000000000e+00,0.000000000000000000e+00,0.000000000000000000e+00,0.000000000000000000e+00,0.000000000000000000e+00,0.000000000000000000e+00,0.000000000000000000e+00,0.000000000000000000e+00,0.000000000000000000e+00,0.000000000000000000e+00,0.000000000000000000e+00,-9.180908617406545805e-03,-1.006794784528555926e-02,-9.417971874856382458e-03,-8.348356334691272446e-03,-7.188853237902595450e-03,-6.010752969698444220e-03,-4.921324720107758503e-03,-4.007226363339405455e-03,-3.269103367782442288e-03,-2.678581376529223790e-03,-2.211903392540467018e-03,-1.844524410393956395e-03,-1.555558883393399301e-03,-1.328300567904449735e-03,-1.149517646337994484e-03,-1.008806098313736821e-03,-8.979880020368949129e-04,-8.106295804436113549e-04,-7.416648886460879822e-04,-6.871029241324529439e-04,-6.437989482530236335e-04,-6.092753276856278152e-04,-5.815807018799244591e-04,-5.591791132361778474e-04,-5.408625498452362089e-04,-5.256819447495426597e-04,-5.128926489700890747e-04,-5.019113689708974138e-04,-4.922821010644739832e-04,-4.836492201179969671e-04,-4.757361786736816851e-04,-4.683286857853323905e-04,-4.612613919364082151e-04,-4.544073862639188416e-04,-4.476698871215861373e-04,-4.409757008705364380e-04,-4.342700522160578675e-04,-4.275125263155815669e-04,-4.206738666275436421e-04,-4.137334704000928515e-04,-4.066774158304642286e-04,-3.994969251155019432e-04,-3.921871559415659797e-04,-3.847462635703372056e-04,-3.771746647657222640e-04,-3.694744684660561016e-04,-3.616490304710602652e-04,-3.537026101746498568e-04,-3.456401042263816258e-04,-3.374668420022720211e-04,-3.291884295964510841e-04,-3.208106300028784109e-04,-3.123392741866469848e-04,-3.037801912637014593e-04,-2.951391583019065032e-04,-2.864218577495681781e-04,-2.776338477800615961e-04,-2.687805333042047641e-04,-2.598671469427590104e-04,-2.508987273217292606e-04,-2.418801069183375545e-04,-2.328158960072996457e-04,-2.237104766930181050e-04,-2.145679924406493897e-04,-2.053923479672978942e-04,-1.961872038182792678e-04,-1.869559808679643941e-04,-1.777018583434829041e-04,-1.684277807656601783e-04,-1.591364572527059838e-04,-1.498303686823494274e-04,-1.405117665960761524e-04,-1.311826792696254977e-04,-1.218449095821402871e-04,-1.125000395744978776e-04,-1.031494271890341717e-04,-9.379420911584496440e-05,-8.443529639904198876e-05,-7.507337557470843625e-05,-6.570890357847356043e-05,-5.634210777971663988e-05,-4.697298114093102946e-05,-3.760128196199196408e-05,-2.822653006328444401e-05,-1.884800660313344509e-05,-9.464751576612536209e-06,-7.556375621709870263e-08,9.321000255028002874e-06,1.872662577308798363e-05,2.814323898847789402e-05,3.757300609481228464e-05,4.701832977463930055e-05,5.648184743886862098e-05,6.596642481200974575e-05,7.547515306910874402e-05,8.501133910800451083e-05,9.457850141356877497e-05,1.041803566402246719e-04,1.138208141201541083e-04,1.235039584419652108e-04,1.332340426203527549e-04,1.430154664166197350e-04,1.528527682820524580e-04,1.627505992168761764e-04,1.727137136950678995e-04,1.827469389044321087e-04,1.928551649595453411e-04,2.030433094151573689e-04,2.133163071837600525e-04,2.236790702751173066e-04,2.341364779672974099e-04,2.446933318135187559e-04,2.553543467844194940e-04,2.661241017155617158e-04,2.770070323663380838e-04,2.880073777015507088e-04,2.991291761424131300e-04,3.103762084489760276e-04,3.217519989777303476e-04,3.332597566069499186e-04,3.449023837413463830e-04,3.566824179559803022e-04,3.686020531384147760e-04,3.806630867541189144e-04,3.928669604373151436e-04,4.052147217261113698e-04,4.177070965019629052e-04,4.303444808573436741e-04,4.431270664799573638e-04,4.560548898289250698e-04,4.691280461521099370e-04,4.823468422777525688e-04,4.957121591231347397e-04,5.092257858690164320e-04,5.228910305685534853e-04,5.367133649922780150e-04,5.507014481844541877e-04,5.648682956087727573e-04,5.792329876245402550e-04,5.938227148038078673e-04,6.086756193875590736e-04,6.238442955186072241e-04,6.394005013286258943e-04,6.554410653881129895e-04,6.720956833709630564e-04,6.895367939086736444e-04,7.079924568719584040e-04,7.277627665071821237e-04,7.492410948765653627e-04,7.729412586825964732e-04,7.995325234398899987e-04,8.298844469220553787e-04,8.651245185902434404e-04,9.067120908750204555e-04,9.565333866540996592e-04,1.017023690569409961e-03,1.091325046520515065e-03,1.183490961411212726e-03,1.298752669607686813e-03,1.443862367932685804e-03,1.627597543007844360e-03,1.861429083439976231e-03,2.159031405301144700e-03,2.537442540579639642e-03,3.028152122023786575e-03,3.658691315756172884e-03,4.394369534141503997e-03,5.156886491926289916e-03,5.923762577042844882e-03,6.790399426385556984e-03,7.899436365381599240e-03,9.064976699957490169e-03,9.051634156335482129e-03,4.973423081215292557e-03
0.000000000000000000e+00,0.000000000000000000e+00,0.000000000000000000e+00,0.000000000000000000e+00,0.000000000000000000e+00,0.000000000000000000e+00,0.000000000000000000e+00,0.000000000000000000e+00,0.000000000000000000e+00,0.000000000000000000e+00,0.000000000000000000e+00,0.000000000000000000e+00,0.000000000000000000e+00,0.000000000000000000e+00,0.000000000000000000e+00,0.000000000000000000e+00,0.000000000000000000e+00,0.000000000000000000e+00,0.000000000000000000e+00,0.000000000000000000e+00,0.000000000000000000e+00,0.000000000000000000e+00,0.000000000000000000e+00,0.000000000000000000e+00,0.000000000000000000e+00,0.000000000000000000e+00,0.000000000000000000e+00,0.000000000000000000e+00,0.000000000000000000e+00,0.000000000000000000e+00,0.000000000000000000e+00,0.000000000000000000e+00,0.000000000000000000e+00,0.000000000000000000e+00,0.000000000000000000e+00,0.000000000000000000e+00,0.000000000000000000e+00,0.000000000000000000e+00,0.000000000000000000e+00,0.000000000000000000e+00,0.000000000000000000e+00,0.000000000000000000e+00,0.000000000000000000e+00,0.000000000000000000e+00,0.000000000000000000e+00,0.000000000000000000e+00,0.000000000000000000e+00,0.000000000000000000e+00,0.000000000000000000e+00,0.000000000000000000e+00,0.000000000000000000e+00,0.000000000000000000e+00,0.000000000000000000e+00,0.000000000000000000e+00,0.000000000000000000e+00,0.000000000000000000e+00,0.000000000000000000e+00,0.000000000000000000e+00,0.000000000000000000e+00,0.000000000000000000e+00,0.000000000000000000e+00,0.000000000000000000e+00,0.000000000000000000e+00,0.000000000000000000e+00,0.000000000000000000e+00,0.000000000000000000e+00,0.000000000000000000e+00,0.000000000000000000e+00,0.000000000000000000e+00,0.000000000000000000e+00,0.000000000000000000e+00,0.000000000000000000e+00,0.000000000000000000e+00,0.000000000000000000e+00,0.000000000000000000e+00,0.000000000000000000e+00,0.000000000000000000e+00,0.000000000000000000e+00,0.000000000000000000e+00,0.000000000000000000e+00,0.000000000000000000e+00,0.000000000000000000e+00,0.000000000000000000e+00,0.000000000000000000e+00,0.000000000000000000e+00,0.000000000000000000e+00,0.000000000000000000e+00,0.000000000000000000e+00,0.000000000000000000e+00,0.000000000000000000e+00,0.000000000000000000e+00,0.000000000000000000e+00,0.000000000000000000e+00,0.000000000000000000e+00,0.000000000000000000e+00,0.000000000000000000e+00,0.000000000000000000e+00,0.000000000000000000e+00,0.000000000000000000e+00,0.000000000000000000e+00,0.000000000000000000e+00,0.000000000000000000e+00,0.000000000000000000e+00,0.000000000000000000e+00,0.000000000000000000e+00,0.000000000000000000e+00,0.000000000000000000e+00,0.000000000000000000e+00,0.000000000000000000e+00,0.000000000000000000e+00,0.000000000000000000e+00,0.000000000000000000e+00,0.000000000000000000e+00,0.000000000000000000e+00,0.000000000000000000e+00,0.000000000000000000e+00,0.000000000000000000e+00,0.000000000000000000e+00,0.000000000000000000e+00,0.000000000000000000e+00,0.000000000000000000e+00,0.000000000000000000e+00,0.000000000000000000e+00,0.000000000000000000e+00,0.000000000000000000e+00,0.000000000000000000e+00,0.000000000000000000e+00,0.000000000000000000e+00,0.000000000000000000e+00,0.000000000000000000e+00,0.000000000000000000e+00,0.000000000000000000e+00,0.000000000000000000e+00,0.000000000000000000e+00,0.000000000000000000e+00,0.000000000000000000e+00,0.000000000000000000e+00,0.000000000000000000e+00,0.000000000000000000e+00,0.000000000000000000e+00,0.000000000000000000e+00,0.000000000000000000e+00,0.000000000000000000e+00,0.000000000000000000e+00,0.000000000000000000e+00,0.000000000000000000e+00,0.000000000000000000e+00,0.000000000000000000e+00,0.000000000000000000e+00,0.000000000000000000e+00,0.000000000000000000e+00,0.000000000000000000e+00,0.000000000000000000e+00,0.000000000000000000e+00,0.000000000000000000e+00,0.000000000000000000e+00,0.000000000000000000e+00,0.000000000000000000e+00,0.000000000000000000e+00,0.000000000000000000e+00,0.000000000000000000e+00,0.000000000000000000e+00,0.000000000000000000e+00,0.000000000000000000e+00,0.000000000000000000e+00,0.000000000000000000e+00,0.000000000000000000e+00,0.000000000000000000e+00,0.000000000000000000e+00,0.000000000000000000e+00,0.000000000000000000e+00,0.000000000000000000e+00,0.000000000000000000e+00,0.000000000000000000e+00,0.000000000000000000e+00,0.000000000000000000e+00,-9.260084957164892508e-03,-1.018351442699509148e-02,-9.547279644053200190e-03,-8.467644442958622772e-03,-7.281515744472371460e-03,-6.074469588555534913e-03,-4.963179627251115486e-03,-4.033550172443930992e-03,-3.283731559162252761e-03,-2.685055550833854651e-03,-2.212649329056729473e-03,-1.841151530890607806e-03,-1.549254360269386932e-03,-1.319933120280300607e-03,-1.139733206658324763e-03,-9.980855099954227469e-04,-8.866874973498085162e-04,-7.990109339428445650e-04,-7.299182848661189479e-04,-6.753644234489700280e-04,-6.321638403761845873e-04,-5.978083370984446643e-04,-5.703237877376910164e-04,-5.481574235013122152e-04,-5.300889629336470558e-04,-5.151605213101521311e-04,-5.026212480294823398e-04,-4.918836157460704846e-04,-4.824888589092994704e-04,-4.740796767462611069e-04,-4.663786403442727094e-04,-4.591711445251516377e-04,-4.522919244476812845e-04,-4.456144224785787522e-04,-4.390423855008691845e-04,-4.325032517528830151e-04,-4.259429327872529380e-04,-4.193217182129420329e-04,-4.126110512066127997e-04,-4.057910064056959791e-04,-3.988483091237298556e-04,-3.917747914981275711e-04,-3.845661833677789456e-04,-3.772211727162770025e-04,-3.697406721484681438e-04,-3.621272500341003145e-04,-3.543846885631075330e-04,-3.465176413959401738e-04,-3.385313703996444836e-04,-3.304315418538279823e-04,-3.222240729930808418e-04,-3.139150128229135808e-04,-3.055104554975720003e-04,-2.970164713843200226e-04,-2.884390592230043023e-04,-2.797841048298962724e-04,-2.710573537917678041e-04,-2.622643838865827410e-04,-2.534105880175946597e-04,-2.445011536337165299e-04,-2.355410518115309230e-04,-2.265350218422912800e-04,-2.174875657547873514e-04,-2.084029381332250491e-04,-1.992851460126302638e-04,-1.901379437058736991e-04,-1.809648371556872581e-04,-1.717690824430226251e-04,-1.625536926062126847e-04,-1.533214376992538669e-04,-1.440748517713908090e-04,-1.348162325970499696e-04,-1.255476472879043430e-04,-1.162709308799441012e-04,-1.069876900800060209e-04,-9.769930061909675540e-05,-8.840690898620109483e-05,-7.911142856429485999e-05,-6.981353933622856797e-05,-6.051368316193505057e-05,-5.121206200101097096e-05,-4.190863328054576635e-05,-3.260310753995323304e-05,-2.329494481778683409e-05,-1.398335225617287461e-05,-4.667281932306775298e-06,4.654571451055525727e-06,1.398377102585801397e-05,2.332213979453489030e-05,3.267175893080888279e-05,4.203496920416006168e-05,5.141436659708328969e-05,6.081280281293583963e-05,7.023337773976737945e-05,7.967943881199064410e-05,8.915456988125173361e-05,9.866258925303725876e-05,1.082075345581127161e-04,1.177936593740278195e-04,1.274254137547263836e-04,1.371074394572565551e-04,1.468445458538967022e-04,1.566417038901707934e-04,1.665040171603147446e-04,1.764367148303702193e-04,1.864451177089182228e-04,1.965346304757246867e-04,2.067107026352482473e-04,2.169788205067558768e-04,2.273444630084137108e-04,2.378130940003135227e-04,2.483901129339538267e-04,2.590808483005072244e-04,2.698905033113140192e-04,2.808241514158932176e-04,2.918866773830626092e-04,3.030827761616963659e-04,3.144168900813764755e-04,3.258932128245366449e-04,3.375156241074462617e-04,3.492877014037230714e-04,3.612126546652829999e-04,3.732933500264262110e-04,3.855322493314012364e-04,3.979314529279279872e-04,4.104926527270512143e-04,4.232172062824986615e-04,4.361061190006202456e-04,4.491601704586129255e-04,4.623799530641816238e-04,4.757660863209231452e-04,4.893193586693647115e-04,5.030410898959153344e-04,5.169334548696181194e-04,5.310000946263437665e-04,5.452467531001151373e-04,5.596823036573192727e-04,5.743199156309384754e-04,5.891787717699340822e-04,6.042861215824027769e-04,6.196801433672172437e-04,6.354134706163408561e-04,6.515579441728633564e-04,6.682105725674479090e-04,6.855013974721487630e-04,7.036034608224557346e-04,7.227457878123893327e-04,7.432299331121378864e-04,7.654513623228353632e-04,7.899267817645325976e-04,8.173292867045600435e-04,8.485333511307792398e-04,8.846725465927559500e-04,9.272135107974913007e-04,9.780508697391590046e-04,1.039629293275283646e-03,1.115101037561532730e-03,1.208530569051028715e-03,1.325159114924637314e-03,1.471751475746745476e-03,1.657127841160204200e-03,1.892617696820070262e-03,2.191289879906342577e-03,2.571421266614856444e-03,3.065018669669186940e-03,3.686584766816726998e-03,4.386196005756312286e-03,5.092647001265429227e-03,5.809019731777559023e-03,6.652120955249128144e-03,7.767119923190712524e-03,8.955418448488280947e-03,8.972874636024783662e-03,4.938856645707518853e-03
0.000000000000000000e+00,0.000000000000000000e+00,0.000000000000000000e+00,0.000000000000000000e+00,0.000000000000000000e+00,0.000000000000000000e+00,0.000000000000000000e+00,0.000000000000000000e+00,0.000000000000000000e+00,0.000000000000000000e+00,0.000000000000000000e+00,0.000000000000000000e+00,0.000000000000000000e+00,0.000000000000000000e+00,0.000000000000000000e+00,0.000000000000000000e+00,0.000000000000000000e+00,0.000000000000000000e+00,0.000000000000000000e+00,0.000000000000000000e+00,0.000000000000000000e+00,0.000000000000000000e+00,0.000000000000000000e+00,0.000000000000000000e+00,0.000000000000000000e+00,0.000000000000000000e+00,0.000000000000000000e+00,0.000000000000000000e+00,0.000000000000000000e+00,0.000000000000000000e+00,0.000000000000000000e+00,0.000000000000000000e+00,0.000000000000000000e+00,0.000000000000000000e+00,0.000000000000000000e+00,0.000000000000000000e+00,0.000000000000000000e+00,0.000000000000000000e+00,0.000000000000000000e+00,0.000000000000000000e+00,0.000000000000000000e+00,0.000000000000000000e+00,0.000000000000000000e+00,0.000000000000000000e+00,0.000000000000000000e+00,0.000000000000000000e+00,0.000000000000000000e+00,0.000000000000000000e+00,0.000000000000000000e+00,0.000000000000000000e+00,0.000000000000000000e+00,0.000000000000000000e+00,0.000000000000000000e+00,0.000000000000000000e+00,0.000000000000000000e+00,0.000000000000000000e+00,0.000000000000000000e+00,0.000000000000000000e+00,0.000000000000000000e+00,0.000000000000000000e+00,0.000000000000000000e+00,0.000000000000000000e+00,0.000000000000000000e+00,0.000000000000000000e+00,0.000000000000000000e+00,0.000000000000000000e+00,0.000000000000000000e+00,0.000000000000000000e+00,0.000000000000000000e+00,0.000000000000000000e+00,0.000000000000000000e+00,0.000000000000000000e+00,0.000000000000000000e+00,0.000000000000000000e+00,0.000000000000000000e+00,0.000000000000000000e+00,0.000000000000000000e+00,0.000000000000000000e+00,0.000000000000000000e+00,0.000000000000000000e+00,0.000000000000000000e+00,0.000000000000000000e+00,0.000000000000000000e+00,0.000000000000000000e+00,0.000000000000000000e+00,0.000000000000000000e+00,0.000000000000000000e+00,0.000000000000000000e+00,0.000000000000000000e+00,0.000000000000000000e+00,0.000000000000000000e+00,0.000000000000000000e+00,0.000000000000000000e+00,0.000000000000000000e+00,0.000000000000000000e+00,0.000000000000000000e+00,0.000000000000000000e+00,0.000000000000000000e+00,0.000000000000000000e+00,0.000000000000000000e+00,0.000000000000000000e+00,0.000000000000000000e+00,0.000000000000000000e+00,0.000000000000000000e+00,0.000000000000000000e+00,0.000000000000000000e+00,0.000000000000000000e+00,0.000000000000000000e+00,0.000000000000000000e+00,0.000000000000000000e+00,0.000000000000000000e+00,0.000000000000000000e+00,0.000000000000000000e+00,0.000000000000000000e+00,0.000000000000000000e+00,0.000000000000000000e+00,0.000000000000000000e+00,0.000000000000000000e+00,0.000000000000000000e+00,0.000000000000000000e+00,0.000000000000000000e+00,0.000000000000000000e+00,0.000000000000000000e+00,0.000000000000000000e+00,0.000000000000000000e+00,0.000000000000000000e+00,0.000000000000000000e+00,0.000000000000000000e+00,0.000000000000000000e+00,0.000000000000000000e+00,0.000000000000000000e+00,0.000000000000000000e+00,0.000000000000000000e+00,0.000000000000000000e+00,0.000000000000000000e+00,0.000000000000000000e+00,0.000000000000000000e+00,0.000000000000000000e+00,0.000000000000000000e+00,0.000000000000000000e+00,0.000000000000000000e+00,0.000000000000000000e+00,0.000000000000000000e+00,0.000000000000000000e+00,0.000000000000000000e+00,0.000000000000000000e+00,0.000000000000000000e+00,0.000000000000000000e+00,0.000000000000000000e+00,0.000000000000000000e+00,0.000000000000000000e+00,0.000000000000000000e+00,0.000000000000000000e+00,0.000000000000000000e+00,0.000000000000000000e+00,0.000000000000000000e+00,0.000000000000000000e+00,0.000000000000000000e+00,0.000000000000000000e+00,0.000000000000000000e+00,0.000000000000000000e+00,0.000000000000000000e+00,0.000000000000000000e+00,0.000000000000000000e+00,0.000000000000000000e+00,0.000000000000000000e+00,0.000000000000000000e+00,0.000000000000000000e+00,0.000000000000000000e+00,0.000000000000000000e+00,0.000000000000000000e+00,0.000000000000000000e+00,0.000000000000000000e+00,0.000000000000000000e+00,0.000000000000000000e+00,0.000000000000000000e+00,-9.339612331703920148e-03,-1.029976872194734126e-02,-9.677002310995459072e-03,-8.586795880213306253e-03,-7.373826998976397255e-03,-6.138034286003271958e-03,-5.005035602090434493e-03,-4.059863706228556898e-03,-3.298421789275197448e-03,-2.691662062959137517e-03,-2.213533921744860293e-03,-1.837920699315906880e-03,-1.543091358646778632e-03,-1.311708061843484732e-03,-1.130094700982263228e-03,-9.875168354331776300e-04,-8.755467047345184047e-04,-7.875609315953239695e-04,-7.183497706185432239e-04,-6.638134494360160408e-04,-6.207252711053736416e-04,-5.865461542763599889e-04,-5.592789798890713268e-04,-5.373540177293407603e-04,-5.195386316338404444e-04,-5.048660864222910636e-04,-4.925793382609047885e-04,-4.820866650678456902e-04,-4.729266005515856525e-04,-4.647402440648313866e-04,-4.572493699408554141e-04,-4.502391477541793446e-04,-4.435444873096540896e-04,-4.370392726147607500e-04,-4.306278643374199374e-04,-4.242384135520798011e-04,-4.178175947741311113e-04,-4.113264730184724798e-04,-4.047372569790309480e-04,-3.980307594253621774e-04,-3.911944087062923158e-04,-3.842206982640210440e-04,-3.771059771815036578e-04,-3.698495092988016478e-04,-3.624527424930601774e-04,-3.549187406060221668e-04,-3.472517450642069719e-04,-3.394568337274717963e-04,-3.315396608174778843e-04,-3.235062540818452875e-04,-3.153628639052374612e-04,-3.071158449167584142e-04,-2.987715716060164559e-04,-2.903363704006956631e-04,-2.818164741005277168e-04,-2.732179820357937450e-04,-2.645468350991605024e-04,-2.558087898666510903e-04,-2.470094035842667203e-04,-2.381540151098231932e-04,-2.292477353800198407e-04,-2.202954330646959109e-04,-2.113017297033409391e-04,-2.022709901880560606e-04,-1.932073227042797295e-04,-1.841145740975224298e-04,-1.749963340284637324e-04,-1.658559341881044133e-04,-1.566964549050769648e-04,-1.475207261662310389e-04,-1.383313343305237972e-04,-1.291306229037579849e-04,-1.199206976076168862e-04,-1.107034258787410052e-04,-1.014804396756223371e-04,-9.225313358124526684e-05,-8.302266525386866756e-05,-7.378995219902494498e-05,-6.455566985927570852e-05,-5.532024736146799791e-05,-4.608386372853716449e-05,-3.684644352531836616e-05,-2.760765216246422474e-05,-1.836689251468265352e-05,-9.123300039363997372e-06,1.242590434112799428e-07,9.377192582738789935e-06,1.863718243946823767e-05,2.790618907209605344e-05,3.718644913860579584e-05,4.648047947759163210e-05,5.579107179740886054e-05,6.512129570917923199e-05,7.447448998631753042e-05,8.385426439710741203e-05,9.326448706396173367e-05,1.027092849128070196e-04,1.121930266899734478e-04,1.217203219348716851e-04,1.312959992807707292e-04,1.409251039739086082e-04,1.506128711583176304e-04,1.603647220848420046e-04,1.701862321432168266e-04,1.800831260222359852e-04,1.900612403112602797e-04,2.001265179920290861e-04,2.102849654909288589e-04,2.205426470049914975e-04,2.309056359544234532e-04,2.413800097789034320e-04,2.519717958260449600e-04,2.626869674110147795e-04,2.735313843001671357e-04,2.845107910232840638e-04,2.956307523024145510e-04,3.068966548818210507e-04,3.183136385769809798e-04,3.298866033363999297e-04,3.416201371907689978e-04,3.535185310715733675e-04,3.655857061003169191e-04,3.778252402113167481e-04,3.902402994068352934e-04,4.028336830569794781e-04,4.156077677117479808e-04,4.285645830206598924e-04,4.417057836467801440e-04,4.550327765391207831e-04,4.685467483202729582e-04,4.822488795304237063e-04,4.961404745794914311e-04,5.102233233798881586e-04,5.245000134812807715e-04,5.389745404943052437e-04,5.536529353974127023e-04,5.685442925896325725e-04,5.836619327068683040e-04,5.990251277528780378e-04,6.146611623569440399e-04,6.306082162836768989e-04,6.469189192729430478e-04,6.636651460691969087e-04,6.809440374105895505e-04,6.988859425054262447e-04,7.176644917228460537e-04,7.375097016704414924e-04,7.587246808745104270e-04,7.817071817128202213e-04,8.069771397333656750e-04,8.352120256123943655e-04,8.672920669783951370e-04,9.043581653858216458e-04,9.478860811553440529e-04,9.997815399187723849e-04,1.062502582404747584e-03,1.139217601918114187e-03,1.234010420201790692e-03,1.352144120694621617e-03,1.500420458599488385e-03,1.687710264125150822e-03,1.925072477563089012e-03,2.225216615898257221e-03,2.608258478654670171e-03,3.104004465060088581e-03,3.711323381420445020e-03,4.369210871468263112e-03,5.019218748395591796e-03,5.690358593500615368e-03,6.516786044106615168e-03,7.642117865365374331e-03,8.853962645150214444e-03,8.900602221093038488e-03,4.907216011139471992e-03
0.000000000000000000e+00,0.000000000000000000e+00,0.000000000000000000e+00,0.000000000000000000e+00,0.000000000000000000e+00,0.000000000000000000e+00,0.000000000000000000e+00,0.000000000000000000e+00,0.000000000000000000e+00,0.000000000000000000e+00,0.000000000000000000e+00,0.000000000000000000e+00,0.000000000000000000e+00,0.000000000000000000e+00,0.000000000000000000e+00,0.000000000000000000e+00,0.000000000000000000e+00,0.000000000000000000e+00,0.000000000000000000e+00,0.000000000000000000e+00,0.000000000000000000e+00,0.000000000000000000e+00,0.000000000000000000e+00,0.000000000000000000e+00,0.000000000000000000e+00,0.000000000000000000e+00,0.000000000000000000e+00,0.000000000000000000e+00,0.000000000000000000e+00,0.000000000000000000e+00,0.000000000000000000e+00,0.000000000000000000e+00,0.000000000000000000e+00,0.000000000000000000e+00,0.000000000000000000e+00,0.000000000000000000e+00,0.000000000000000000e+00,0.000000000000000000e+00,0.000000000000000000e+00,0.000000000000000000e+00,0.000000000000000000e+00,0.000000000000000000e+00,0.000000000000000000e+00,0.000000000000000000e+00,0.000000000000000000e+00,0.000000000000000000e+00,0.000000000000000000e+00,0.000000000000000000e+00,0.000000000000000000e+00,0.000000000000000000e+00,0.000000000000000000e+00,0.000000000000000000e+00,0.000000000000000000e+00,0.000000000000000000e+00,0.000000000000000000e+00,0.000000000000000000e+00,0.000000000000000000e+00,0.000000000000000000e+00,0.000000000000000000e+00,0.000000000000000000e+00,0.000000000000000000e+00,0.000000000000000000e+00,0.000000000000000000e+00,0.000000000000000000e+00,0.000000000000000000e+00,0.000000000000000000e+00,0.000000000000000000e+00,0.000000000000000000e+00,0.000000000000000000e+00,0.000000000000000000e+00,0.000000000000000000e+00,0.000000000000000000e+00,0.000000000000000000e+00,0.000000000000000000e+00,0.000000000000000000e+00,0.000000000000000000e+00,0.000000000000000000e+00,0.000000000000000000e+00,0.000000000000000000e+00,0.000000000000000000e+00,0.000000000000000000e+00,0.000000000000000000e+00,0.000000000000000000e+00,0.000000000000000000e+00,0.000000000000000000e+00,0.000000000000000000e+00,0.000000000000000000e+00,0.000000000000000000e+00,0.000000000000000000e+00,0.000000000000000000e+00,0.000000000000000000e+00,0.000000000000000000e+00,0.000000000000000000e+00,0.000000000000000000e+00,0.000000000000000000e+00,0.000000000000000000e+00,0.000000000000000000e+00,0.000000000000000000e+00,0.000000000000000000e+00,0.000000000000000000e+00,0.000000000000000000e+00,0.000000000000000000e+00,0.000000000000000000e+00,0.000000000000000000e+00,0.000000000000000000e+00,0.000000000000000000e+00,0.000000000000000000e+00,0.000000000000000000e+00,0.000000000000000000e+00,0.000000000000000000e+00,0.000000000000000000e+00,0.000000000000000000e+00,0.000000000000000000e+00,0.000000000000000000e+00,0.000000000000000000e+00,0.000000000000000000e+00,0.000000000000000000e+00,0.000000000000000000e+00,0.000000000000000000e+00,0.000000000000000000e+00,0.000000000000000000e+00,0.000000000000000000e+00,0.000000000000000000e+00,0.000000000000000000e+00,0.000000000000000000e+00,0.000000000000000000e+00,0.000000000000000000e+00,0.000000000000000000e+00,0.000000000000000000e+00,0.000000000000000000e+00,0.000000000000000000e+00,0.000000000000000000e+00,0.000000000000000000e+00,0.000000000000000000e+00,0.000000000000000000e+00,0.000000000000000000e+00,0.000000000000000000e+00,0.000000000000000000e+00,0.000000000000000000e+00,0.000000000000000000e+00,0.000000000000000000e+00,0.000000000000000000e+00,0.000000000000000000e+00,0.000000000000000000e+00,0.000000000000000000e+00,0.000000000000000000e+00,0.000000000000000000e+00,0.000000000000000000e+00,0.000000000000000000e+00,0.000000000000000000e+00,0.000000000000000000e+00,0.000000000000000000e+00,0.000000000000000000e+00,0.000000000000000000e+00,0.000000000000000000e+00,0.000000000000000000e+00,0.000000000000000000e+00,0.000000000000000000e+00,0.000000000000000000e+00,0.000000000000000000e+00,0.000000000000000000e+00,0.000000000000000000e+00,0.000000000000000000e+00,0.000000000000000000e+00,0.000000000000000000e+00,0.000000000000000000e+00,0.000000000000000000e+00,0.000000000000000000e+00,0.000000000000000000e+00,0.000000000000000000e+00,0.000000000000000000e+00,0.000000000000000000e+00,0.000000000000000000e+00,0.000000000000000000e+00,0.000000000000000000e+00,0.000000000000000000e+00,-9.419364223565384470e-03,-1.041656411951852150e-02,-9.807007767495250911e-03,-8.705719038582962130e-03,-7.465730828623571950e-03,-6.201395198453403187e-03,-5.046844667474511409e-03,-4.086156784059650181e-03,-3.313191194386838276e-03,-2.698417886680879157e-03,-2.214580485000861368e-03,-1.834858204472078350e-03,-1.537098101892655317e-03,-1.303654766111469847e-03,-1.120631922965961876e-03,-9.771297280269735340e-04,-8.645947179212582455e-04,-7.763078071410448163e-04,-7.069865121242700171e-04,-6.524759629979022492e-04,-6.095079105032233987e-04,-5.755121118606360171e-04,-5.484682563062036722e-04,-5.267895239740276328e-04,-5.092308554353786217e-04,-4.948166447206718424e-04,-4.827836722560902884e-04,-4.725360667546779745e-04,-4.636097266603701945e-04,-4.556442298499504369e-04,-4.483606398406522189e-04,-4.415439900729965935e-04,-4.350294542091519777e-04,-4.286914448952940863e-04,-4.224350199232380573e-04,-4.161891219374279512e-04,-4.099012620885836419e-04,-4.035333492475057259e-04,-3.970584208976506548e-04,-3.904580862483966026e-04,-3.837205302588136296e-04,-3.768389568617635968e-04,-3.698103794318625959e-04,-3.626346789343873594e-04,-3.553138762124608821e-04,-3.478515650340829857e-04,-3.402524774183198104e-04,-3.325221439803211269e-04,-3.246666371180591411e-04,-3.166923693770987689e-04,-3.086059451095199868e-04,-3.004140430438856087e-04,-2.921233340441980455e-04,-2.837404143326712988e-04,-2.752717620876451608e-04,-2.667236992327644230e-04,-2.581023687643494769e-04,-2.494137108630080845e-04,-2.406634500077096538e-04,-2.318570778434248750e-04,-2.229998451881263924e-04,-2.140967492050870394e-04,-2.051525293075948011e-04,-1.961716587159591956e-04,-1.871583445235255796e-04,-1.781165239221992990e-04,-1.690498681424627034e-04,-1.599617826070101438e-04,-1.508554132481737769e-04,-1.417336486900903111e-04,-1.325991266123019235e-04,-1.234542357754350110e-04,-1.143011204644136337e-04,-1.051416810843109267e-04,-9.597757590299279455e-05,-8.681022003005021406e-05,-7.764078440242694562e-05,-6.847019328026698122e-05,-5.929912051678836468e-05,-5.012798585714677555e-05,-4.095694892330803253e-05,-3.178590519973800282e-05,-2.261447874004629080e-05,-1.344201903742649605e-05,-4.267593362230956953e-06,4.910014699293106921e-06,1.409231290136786795e-05,2.328109973457288465e-05,3.247847185377276621e-05,4.168682092940997452e-05,5.090884047465134337e-05,6.014751953353272287e-05,6.940614852640006078e-05,7.868830920043888295e-05,8.799787921906645312e-05,9.733901786602232559e-05,1.067161691880207704e-04,1.161340429794449099e-04,1.255976163821074067e-04,1.351121097397832904e-04,1.446829866860375969e-04,1.543159245395278644e-04,1.640168130430511885e-04,1.737917190438299743e-04,1.836468841759082531e-04,1.935886836378313935e-04,2.036236232418180158e-04,2.137582921687821780e-04,2.239993599377079563e-04,2.343535230927412932e-04,2.448275027820652006e-04,2.554279854199637467e-04,2.661616217143537204e-04,2.770349614642193337e-04,2.880544550533349559e-04,2.992263827194825004e-04,3.105568597738895338e-04,3.220517609802065937e-04,3.337167311533521786e-04,3.455571058578635162e-04,3.575779297848497343e-04,3.697838761026172585e-04,3.821792764619031356e-04,3.947680434872435223e-04,4.075537190210706080e-04,4.205394082089064490e-04,4.337278576145359903e-04,4.471214163389283162e-04,4.607221644265173757e-04,4.745319283916138984e-04,4.885524953065541881e-04,5.027857300918975878e-04,5.172339357808251967e-04,5.319001530316616426e-04,5.467887687831381530e-04,5.619061329620230480e-04,5.772615866028923742e-04,5.928686200370997640e-04,6.087466045076023570e-04,6.249228616258061626e-04,6.414355666274473150e-04,6.583373347427382439e-04,6.757000628307749781e-04,6.936210193833166259e-04,7.122308742144601570e-04,7.317038939370382146e-04,7.522711902053582939e-04,7.742376164263455084e-04,7.980035295020978039e-04,8.240925947576206593e-04,8.531874146602922565e-04,8.861750876906587760e-04,9.242054709974232380e-04,9.687658032506887406e-04,1.021776330295773218e-03,1.085713468163304867e-03,1.163768996349638998e-03,1.260055970982608279e-03,1.379874553167557017e-03,1.530089860960295129e-03,1.719592705068614426e-03,1.959059986085007025e-03,2.261329601696263850e-03,2.648315972911649725e-03,3.144102978491769562e-03,3.730950158251122081e-03,4.342238357376017668e-03,4.936999841165085577e-03,5.569110081966554583e-03,6.385553862665309388e-03,7.524812047761878300e-03,8.760386087414574058e-03,8.834506232524578367e-03,4.878442006083200111e-03
0.000000000000000000e+00,0.000000000000000000e+00,0.000000000000000000e+00,0.000000000000000000e+00,0.000000000000000000e+00,0.000000000000000000e+00,0.000000000000000000e+00,0.000000000000000000e+00,0.000000000000000000e+00,0.000000000000000000e+00,0.000000000000000000e+00,0.000000000000000000e+00,0.000000000000000000e+00,0.000000000000000000e+00,0.000000000000000000e+00,0.000000000000000000e+00,0.000000000000000000e+00,0.000000000000000000e+00,0.000000000000000000e+00,0.000000000000000000e+00,0.000000000000000000e+00,0.000000000000000000e+00,0.000000000000000000e+00,0.000000000000000000e+00,0.000000000000000000e+00,0.000000000000000000e+00,0.000000000000000000e+00,0.000000000000000000e+00,0.000000000000000000e+00,0.000000000000000000e+00,0.000000000000000000e+00,0.000000000000000000e+00,0.000000000000000000e+00,0.000000000000000000e+00,0.000000000000000000e+00,0.000000000000000000e+00,0.000000000000000000e+00,0.000000000000000000e+00,0.000000000000000000e+00,0.000000000000000000e+00,0.000000000000000000e+00,0.000000000000000000e+00,0.000000000000000000e+00,0.000000000000000000e+00,0.000000000000000000e+00,0.000000000000000000e+00,0.000000000000000000e+00,0.000000000000000000e+00,0.000000000000000000e+00,0.000000000000000000e+00,0.000000000000000000e+00,0.000000000000000000e+00,0.000000000000000000e+00,0.000000000000000000e+00,0.000000000000000000e+00,0.000000000000000000e+00,0.000000000000000000e+00,0.000000000000000000e+00,0.000000000000000000e+00,0.000000000000000000e+00,0.000000000000000000e+00,0.000000000000000000e+00,0.000000000000000000e+00,0.000000000000000000e+00,0.000000000000000000e+00,0.000000000000000000e+00,0.000000000000000000e+00,0.000000000000000000e+00,0.000000000000000000e+00,0.000000000000000000e+00,0.000000000000000000e+00,0.000000000000000000e+00,0.000000000000000000e+00,0.000000000000000000e+00,0.000000000000000000e+00,0.000000000000000000e+00,0.000000000000000000e+00,0.000000000000000000e+00,0.000000000000000000e+00,0.000000000000000000e+00,0.000000000000000000e+00,0.000000000000000000e+00,0.000000000000000000e+00,0.000000000000000000e+00,0.000000000000000000e+00,0.000000000000000000e+00,0.000000000000000000e+00,0.000000000000000000e+00,0.000000000000000000e+00,0.000000000000000000e+00,0.000000000000000000e+00,0.000000000000000000e+00,0.000000000000000000e+00,0.000000000000000000e+00,0.000000000000000000e+00,0.000000000000000000e+00,0.000000000000000000e+00,0.000000000000000000e+00,0.000000000000000000e+00,0.000000000000000000e+00,0.000000000000000000e+00,0.000000000000000000e+00,0.000000000000000000e+00,0.000000000000000000e+00,0.000000000000000000e+00,0.000000000000000000e+00,0.000000000000000000e+00,0.000000000000000000e+00,0.000000000000000000e+00,0.000000000000000000e+00,0.000000000000000000e+00,0.000000000000000000e+00,0.000000000000000000e+00,0.000000000000000000e+00,0.000000000000000000e+00,0.000000000000000000e+00,0.000000000000000000e+00,0.000000000000000000e+00,0.000000000000000000e+00,0.000000000000000000e+00,0.000000000000000000e+00,0.000000000000000000e+00,0.000000000000000000e+00,0.000000000000000000e+00,0.000000000000000000e+00,0.000000000000000000e+00,0.000000000000000000e+00,0.000000000000000000e+00,0.000000000000000000e+00,0.000000000000000000e+00,0.000000000000000000e+00,0.000000000000000000e+00,0.000000000000000000e+00,0.000000000000000000e+00,0.000000000000000000e+00,0.000000000000000000e+00,0.000000000000000000e+00,0.000000000000000000e+00,0.000000000000000000e+00,0.000000000000000000e+00,0.000000000000000000e+00,0.000000000000000000e+00,0.000000000000000000e+00,0.000000000000000000e+00,0.000000000000000000e+00,0.000000000000000000e+00,0.000000000000000000e+00,0.000000000000000000e+00,0.000000000000000000e+00,0.000000000000000000e+00,0.000000000000000000e+00,0.000000000000000000e+00,0.000000000000000000e+00,0.000000000000000000e+00,0.000000000000000000e+00,0.000000000000000000e+00,0.000000000000000000e+00,0.000000000000000000e+00,0.000000000000000000e+00,0.000000000000000000e+00,0.000000000000000000e+00,0.000000000000000000e+00,0.000000000000000000e+00,0.000000000000000000e+00,0.000000000000000000e+00,0.000000000000000000e+00,0.000000000000000000e+00,0.000000000000000000e+00,0.000000000000000000e+00,0.000000000000000000e+00,0.000000000000000000e+00,0.000000000000000000e+00,0.000000000000000000e+00,0.000000000000000000e+00,0.000000000000000000e+00,0.000000000000000000e+00,-9.499208202023963835e-03,-1.053374602108722406e-02,-9.937154815851476780e-03,-8.824312112528804805e-03,-7.557160773496354907e-03,-6.264494901989822902e-03,-5.088561772946332933e-03,-4.112424483678431449e-03,-3.328058710188374313e-03,-2.705343020062122347e-03,-2.215815423564135040e-03,-1.831993387520789839e-03,-1.531305895913557267e-03,-1.295805637111321733e-03,-1.111377624617283224e-03,-9.669567205523613108e-04,-8.538634351129628652e-04,-7.652825333557435180e-04,-6.958583598277751515e-04,-6.413805649308806011e-04,-5.985390332297557897e-04,-5.647321194318721338e-04,-5.379161501815029126e-04,-5.164871084014963738e-04,-4.991874581206037385e-04,-4.850327136310505615e-04,-4.732535052821267170e-04,-4.632498638713161655e-04,-4.545551217103356990e-04,-4.468074156493032989e-04,-4.397271849537496896e-04,-4.330994156140562947e-04,-4.267596330086518685e-04,-4.205828634458913572e-04,-4.144749426932883558e-04,-4.083656809415041897e-04,-4.022034967014407854e-04,-3.959512081987450458e-04,-3.895827420701615290e-04,-3.830805595397992038e-04,-3.764336532012861570e-04,-3.696359843836459339e-04,-3.626852737605071168e-04,-3.555820589402927082e-04,-3.483289699104413122e-04,-3.409301635614046312e-04,-3.333908927921299162e-04,-3.257171686603601451e-04,-3.179155068267996531e-04,-3.099927273715128839e-04,-3.019558089177789163e-04,-2.938117723505201243e-04,-2.855676005609220362e-04,-2.772301729617473553e-04,-2.688062240749366258e-04,-2.603023071324365783e-04,-2.517247735979787440e-04,-2.430797515668042558e-04,-2.343731350296061899e-04,-2.256105690949785833e-04,-2.167974436633228680e-04,-2.079388826126866183e-04,-1.990397406208210763e-04,-1.901045962709577337e-04,-1.811377523333185789e-04,-1.721432332308186184e-04,-1.631247887582068393e-04,-1.540858954560241762e-04,-1.450297625509782773e-04,-1.359593355299577714e-04,-1.268773020470751074e-04,-1.177860954274423697e-04,-1.086878983806411307e-04,-9.958464490574940901e-05,-9.047802082604783282e-05,-8.136946379646444968e-05,-7.226016061706724294e-05,-6.315104554704541618e-05,-5.404279451997821257e-05,-4.493582207333865822e-05,-3.583027286207717894e-05,-2.672601804713298283e-05,-1.762264512518942595e-05,-8.519455076308663473e-06,5.845484026141402889e-07,9.690659996930209432e-06,1.880048358665723933e-05,2.791593107417103257e-05,3.703923297501529241e-05,4.617293446833217984e-05,5.531990538467478752e-05,6.448333281809075365e-05,7.366673009391835523e-05,8.287392530416471466e-05,9.210906895608308043e-05,1.013766178753500456e-04,1.106813413406777211e-04,1.200282998462169441e-04,1.294228496253400755e-04,1.388706158256807909e-04,1.483774954613651515e-04,1.579496246383680497e-04,1.675933801209794041e-04,1.773153403300373101e-04,1.871222858514822297e-04,1.970211540087670528e-04,2.070190387828009092e-04,2.171231388412167367e-04,2.273407574799135664e-04,2.376792440733537849e-04,2.481459947870787381e-04,2.587483875069186397e-04,2.694937842144872289e-04,2.803894595680967686e-04,2.914426059901411973e-04,3.026602562369245337e-04,3.140492924541110056e-04,3.256163633496455992e-04,3.373678988135408313e-04,3.493100228546837773e-04,3.614485760566385334e-04,3.737890265247717676e-04,3.863365038274354287e-04,3.990957123266206216e-04,4.120709829283115554e-04,4.252661971116269242e-04,4.386848677522141630e-04,4.523300891461277907e-04,4.662046668970528914e-04,4.803111212217999349e-04,4.946519008990170937e-04,5.092294873534914789e-04,5.240467530718207400e-04,5.391072476938716393e-04,5.544158038542171827e-04,5.699791423564536368e-04,5.858068989721772115e-04,6.019127774173523016e-04,6.183162864340565343e-04,6.350448182796088669e-04,6.521365734959642512e-04,6.696441829213928233e-04,6.876396008216152048e-04,7.062202741841889413e-04,7.255172722001836843e-04,7.457056252820696554e-04,7.670177421804219835e-04,7.897605357956137421e-04,8.143374428894144257e-04,8.412765630549349930e-04,8.712666548213873156e-04,9.052031619177196156e-04,9.442470064467349111e-04,9.898999252425171817e-04,1.044101025436616325e-03,1.109351349870724797e-03,1.188874793038687157e-03,1.286825395624336798e-03,1.408559647613641082e-03,1.561024482801666533e-03,1.753054113066062573e-03,1.994933902224384128e-03,2.300231044499433889e-03,2.691628245466360075e-03,3.183819341085395663e-03,3.743474449797566054e-03,4.304521187213738824e-03,4.846834116572775256e-03,5.446787308781660640e-03,6.259497940856485754e-03,7.415394188810052294e-03,8.674307649809040802e-03,8.774175506307744371e-03,4.852423501418919212e-03
0.000000000000000000e+00,0.000000000000000000e+00,0.000000000000000000e+00,0.000000000000000000e+00,0.000000000000000000e+00,0.000000000000000000e+00,0.000000000000000000e+00,0.000000000000000000e+00,0.000000000000000000e+00,0.000000000000000000e+00,0.000000000000000000e+00,0.000000000000000000e+00,0.000000000000000000e+00,0.000000000000000000e+00,0.000000000000000000e+00,0.000000000000000000e+00,0.000000000000000000e+00,0.000000000000000000e+00,0.000000000000000000e+00,0.000000000000000000e+00,0.000000000000000000e+00,0.000000000000000000e+00,0.000000000000000000e+00,0.000000000000000000e+00,0.000000000000000000e+00,0.000000000000000000e+00,0.000000000000000000e+00,0.000000000000000000e+00,0.000000000000000000e+00,0.000000000000000000e+00,0.000000000000000000e+00,0.000000000000000000e+00,0.000000000000000000e+00,0.000000000000000000e+00,0.000000000000000000e+00,0.000000000000000000e+00,0.000000000000000000e+00,0.000000000000000000e+00,0.000000000000000000e+00,0.000000000000000000e+00,0.000000000000000000e+00,0.000000000000000000e+00,0.000000000000000000e+00,0.000000000000000000e+00,0.000000000000000000e+00,0.000000000000000000e+00,0.000000000000000000e+00,0.000000000000000000e+00,0.000000000000000000e+00,0.000000000000000000e+00,0.000000000000000000e+00,0.000000000000000000e+00,0.000000000000000000e+00,0.000000000000000000e+00,0.000000000000000000e+00,0.000000000000000000e+00,0.000000000000000000e+00,0.000000000000000000e+00,0.000000000000000000e+00,0.000000000000000000e+00,0.000000000000000000e+00,0.000000000000000000e+00,0.000000000000000000e+00,0.000000000000000000e+00,0.000000000000000000e+00,0.000000000000000000e+00,0.000000000000000000e+00,0.000000000000000000e+00,0.000000000000000000e+00,0.000000000000000000e+00,0.000000000000000000e+00,0.000000000000000000e+00,0.000000000000000000e+00,0.000000000000000000e+00,0.000000000000000000e+00,0.000000000000000000e+00,0.000000000000000000e+00,0.000000000000000000e+00,0.000000000000000000e+00,0.000000000000000000e+00,0.000000000000000000e+00,0.000000000000000000e+00,0.000000000000000000e+00,0.000000000000000000e+00,0.000000000000000000e+00,0.000000000000000000e+00,0.000000000000000000e+00,0.000000000000000000e+00,0.000000000000000000e+00,0.000000000000000000e+00,0.000000000000000000e+00,0.000000000000000000e+00,0.000000000000000000e+00,0.000000000000000000e+00,0.000000000000000000e+00,0.000000000000000000e+00,0.000000000000000000e+00,0.000000000000000000e+00,0.000000000000000000e+00,0.000000000000000000e+00,0.000000000000000000e+00,0.000000000000000000e+00,0.000000000000000000e+00,0.000000000000000000e+00,0.000000000000000000e+00,0.000000000000000000e+00,0.000000000000000000e+00,0.000000000000000000e+00,0.000000000000000000e+00,0.000000000000000000e+00,0.000000000000000000e+00,0.000000000000000000e+00,0.000000000000000000e+00,0.000000000000000000e+00,0.000000000000000000e+00,0.000000000000000000e+00,0.000000000000000000e+00,0.000000000000000000e+00,0.000000000000000000e+00,0.000000000000000000e+00,0.000000000000000000e+00,0.000000000000000000e+00,0.000000000000000000e+00,0.000000000000000000e+00,0.000000000000000000e+00,0.000000000000000000e+00,0.000000000000000000e+00,0.000000000000000000e+00,0.000000000000000000e+00,0.000000000000000000e+00,0.000000000000000000e+00,0.000000000000000000e+00,0.000000000000000000e+00,0.000000000000000000e+00,0.000000000000000000e+00,0.000000000000000000e+00,0.000000000000000000e+00,0.000000000000000000e+00,0.000000000000000000e+00,0.000000000000000000e+00,0.000000000000000000e+00,0.000000000000000000e+00,0.000000000000000000e+00,0.000000000000000000e+00,0.000000000000000000e+00,0.000000000000000000e+00,0.000000000000000000e+00,0.000000000000000000e+00,0.000000000000000000e+00,0.000000000000000000e+00,0.000000000000000000e+00,0.000000000000000000e+00,0.000000000000000000e+00,0.000000000000000000e+00,0.000000000000000000e+00,0.000000000000000000e+00,0.000000000000000000e+00,0.000000000000000000e+00,0.000000000000000000e+00,0.000000000000000000e+00,0.000000000000000000e+00,0.000000000000000000e+00,0.000000000000000000e+00,0.000000000000000000e+00,0.000000000000000000e+00,0.000000000000000000e+00,0.000000000000000000e+00,0.000000000000000000e+00,0.000000000000000000e+00,0.000000000000000000e+00,0.000000000000000000e+00,0.000000000000000000e+00,0.000000000000000000e+00,0.000000000000000000e+00,0.000000000000000000e+00,0.000000000000000000e+00,-9.579006270016034857e-03,-1.065115132152140778e-02,-1.006729305172633822e-02,-8.942464007514241628e-03,-7.648042072151436596e-03,-6.327273141565347564e-03,-5.130146780858554391e-03,-4.138667695267067397e-03,-3.343045655239343036e-03,-2.712460953938710013e-03,-2.217268265529350781e-03,-1.829358526076004920e-03,-1.525748815594821662e-03,-1.288195623848810726e-03,-1.102366858863590513e-03,-9.570323883542488459e-04,-8.433865324689104404e-04,-7.545175941260586936e-04,-6.849964093182505168e-04,-6.305568379950532302e-04,-5.878466373989211288e-04,-5.542325575067314153e-04,-5.276474204764975990e-04,-5.064699261000904463e-04,-4.894300248190717193e-04,-4.755343542737007663e-04,-4.640074291739665520e-04,-4.542452398330227301e-04,-4.457786255585213515e-04,-4.382443648771493423e-04,-4.313623601768567313e-04,-4.249176383621917452e-04,-4.187461631506781399e-04,-4.127236576512872002e-04,-4.067568140727533064e-04,-4.007763834641221495e-04,-3.947317595739634590e-04,-3.885867326219001128e-04,-3.823161759298440471e-04,-3.759034556297715106e-04,-3.693384204376066928e-04,-3.626158336650585324e-04,-3.557341641559546913e-04,-3.486946437580542213e-04,-3.415005460183167759e-04,-3.341566225483975482e-04,-3.266686759219289524e-04,-3.190432239323920264e-04,-3.112872492429618167e-04,-3.034080008996780839e-04,-2.954128508017200339e-04,-2.873091787553364571e-04,-2.791042940223608911e-04,-2.708053712756569673e-04,-2.624194109830652977e-04,-2.539532049970719563e-04,-2.454133181526742800e-04,-2.368060692427596066e-04,-2.281375224537318897e-04,-2.194134753688968694e-04,-2.106394544556872345e-04,-2.018207067776103304e-04,-1.929621979261584273e-04,-1.840686071808886977e-04,-1.751443281514230698e-04,-1.661934679068459723e-04,-1.572198505108762996e-04,-1.482270199264764190e-04,-1.392182455167176953e-04,-1.301965272430026597e-04,-1.211646010125891641e-04,-1.121249438713810775e-04,-1.030797768834004860e-04,-9.403106854118469904e-05,-8.498053395340559538e-05,-7.592963601597447630e-05,-6.687958084048449602e-05,-5.783131696113188362e-05,-4.878552722955441554e-05,-3.974262643331763999e-05,-3.070275006021748660e-05,-2.166575114051371399e-05,-1.263118689237336764e-05,-3.598316166673220422e-06,5.433914778298196896e-06,1.446687301260415331e-05,2.350225327696363103e-05,3.254207621963372117e-05,4.158870251363284005e-05,5.064482804397285143e-05,5.971349741353793955e-05,6.879809537892531265e-05,7.790235929744300817e-05,8.703036610805455625e-05,9.618654339006456994e-05,1.053756512809795454e-04,1.146027919495263414e-04,1.238733859011685893e-04,1.331931797758532314e-04,1.425682165539334575e-04,1.520048417278518514e-04,1.615096670145846802e-04,1.710895751076253149e-04,1.807516765962061903e-04,1.905033136635956280e-04,2.003520100029945489e-04,2.103054739818039330e-04,2.203715414409696904e-04,2.305581789956284429e-04,2.408734196990041840e-04,2.513253672954490975e-04,2.619221248303252119e-04,2.726718008063020132e-04,2.835824309395796987e-04,2.946619873061971824e-04,3.059182936003495656e-04,3.173590385283170607e-04,3.289916851897555687e-04,3.408234902661047040e-04,3.528614086664175415e-04,3.651121206695111233e-04,3.775819340357409386e-04,3.902768225551308894e-04,4.032023299181494063e-04,4.163636256900196501e-04,4.297654191238323498e-04,4.434120433918990311e-04,4.573073944460432695e-04,4.714550629350298190e-04,4.858583252007605624e-04,5.005203572942735525e-04,5.154443256079628945e-04,5.306337431178934734e-04,5.460927415716519337e-04,5.618266736143361561e-04,5.778427058435345147e-04,5.941508430805409217e-04,6.107650760079068753e-04,6.277051230205242093e-04,6.449985192905451688e-04,6.626835644892456684e-04,6.808129857875433238e-04,6.994588888025447164e-04,7.187190187464112577e-04,7.387250052237025189e-04,7.596528698691782993e-04,7.817366439042866587e-04,8.052857693699112980e-04,8.307074364962842945e-04,8.585351413335240997e-04,8.894651631579157626e-04,9.244032215349308815e-04,9.645240322442946062e-04,1.011347697215865017e-03,1.066837677712817022e-03,1.133527361113872587e-03,1.214683120235493909e-03,1.314514189833854282e-03,1.438454910180187764e-03,1.593529450297623187e-03,1.788412083787063516e-03,2.033160431981540384e-03,2.342498779307290290e-03,2.737752110936316537e-03,3.221239175954460944e-03,3.747059490951856926e-03,4.255815836342032553e-03,4.749978419281224509e-03,5.324999401507182935e-03,6.139543466937991655e-03,7.313854370862415272e-03,8.595208074970194997e-03,8.719122411158694921e-03,4.829010673876837911e-03
0.000000000000000000e+00,0.000000000000000000e+00,0.000000000000000000e+00,0.000000000000000000e+00,0.000000000000000000e+00,0.000000000000000000e+00,0.000000000000000000e+00,0.000000000000000000e+00,0.000000000000000000e+00,0.000000000000000000e+00,0.000000000000000000e+00,0.000000000000000000e+00,0.000000000000000000e+00,0.000000000000000000e+00,0.000000000000000000e+00,0.000000000000000000e+00,0.000000000000000000e+00,0.000000000000000000e+00,0.000000000000000000e+00,0.000000000000000000e+00,0.000000000000000000e+00,0.000000000000000000e+00,0.000000000000000000e+00,0.000000000000000000e+00,0.000000000000000000e+00,0.000000000000000000e+00,0.000000000000000000e+00,0.000000000000000000e+00,0.000000000000000000e+00,0.000000000000000000e+00,0.000000000000000000e+00,0.000000000000000000e+00,0.000000000000000000e+00,0.000000000000000000e+00,0.000000000000000000e+00,0.000000000000000000e+00,0.000000000000000000e+00,0.000000000000000000e+00,0.000000000000000000e+00,0.000000000000000000e+00,0.000000000000000000e+00,0.000000000000000000e+00,0.000000000000000000e+00,0.000000000000000000e+00,0.000000000000000000e+00,0.000000000000000000e+00,0.000000000000000000e+00,0.000000000000000000e+00,0.000000000000000000e+00,0.000000000000000000e+00,0.000000000000000000e+00,0.000000000000000000e+00,0.000000000000000000e+00,0.000000000000000000e+00,0.000000000000000000e+00,0.000000000000000000e+00,0.000000000000000000e+00,0.000000000000000000e+00,0.000000000000000000e+00,0.000000000000000000e+00,0.000000000000000000e+00,0.000000000000000000e+00,0.000000000000000000e+00,0.000000000000000000e+00,0.000000000000000000e+00,0.000000000000000000e+00,0.000000000000000000e+00,0.000000000000000000e+00,0.000000000000000000e+00,0.000000000000000000e+00,0.000000000000000000e+00,0.000000000000000000e+00,0.000000000000000000e+00,0.000000000000000000e+00,0.000000000000000000e+00,0.000000000000000000e+00,0.000000000000000000e+00,0.000000000000000000e+00,0.000000000000000000e+00,0.000000000000000000e+00,0.000000000000000000e+00,0.000000000000000000e+00,0.000000000000000000e+00,0.000000000000000000e+00,0.000000000000000000e+00,0.000000000000000000e+00,0.000000000000000000e+00,0.000000000000000000e+00,0.000000000000000000e+00,0.000000000000000000e+00,0.000000000000000000e+00,0.000000000000000000e+00,0.000000000000000000e+00,0.000000000000000000e+00,0.000000000000000000e+00,0.000000000000000000e+00,0.000000000000000000e+00,0.000000000000000000e+00,0.000000000000000000e+00,0.000000000000000000e+00,0.000000000000000000e+00,0.000000000000000000e+00,0.000000000000000000e+00,0.000000000000000000e+00,0.000000000000000000e+00,0.000000000000000000e+00,0.000000000000000000e+00,0.000000000000000000e+00,0.000000000000000000e+00,0.000000000000000000e+00,0.000000000000000000e+00,0.000000000000000000e+00,0.000000000000000000e+00,0.000000000000000000e+00,0.000000000000000000e+00,0.000000000000000000e+00,0.000000000000000000e+00,0.000000000000000000e+00,0.000000000000000000e+00,0.000000000000000000e+00,0.000000000000000000e+00,0.000000000000000000e+00,0.000000000000000000e+00,0.000000000000000000e+00,0.000000000000000000e+00,0.000000000000000000e+00,0.000000000000000000e+00,0.000000000000000000e+00,0.000000000000000000e+00,0.000000000000000000e+00,0.000000000000000000e+00,0.000000000000000000e+00,0.000000000000000000e+00,0.000000000000000000e+00,0.000000000000000000e+00,0.000000000000000000e+00,0.000000000000000000e+00,0.000000000000000000e+00,0.000000000000000000e+00,0.000000000000000000e+00,0.000000000000000000e+00,0.000000000000000000e+00,0.000000000000000000e+00,0.000000000000000000e+00,0.000000000000000000e+00,0.000000000000000000e+00,0.000000000000000000e+00,0.000000000000000000e+00,0.000000000000000000e+00,0.000000000000000000e+00,0.000000000000000000e+00,0.000000000000000000e+00,0.000000000000000000e+00,0.000000000000000000e+00,0.000000000000000000e+00,0.000000000000000000e+00,0.000000000000000000e+00,0.000000000000000000e+00,0.000000000000000000e+00,0.000000000000000000e+00,0.000000000000000000e+00,0.000000000000000000e+00,0.000000000000000000e+00,0.000000000000000000e+00,0.000000000000000000e+00,0.000000000000000000e+00,0.000000000000000000e+00,0.000000000000000000e+00,0.000000000000000000e+00,0.000000000000000000e+00,0.000000000000000000e+00,0.000000000000000000e+00,0.000000000000000000e+00,0.000000000000000000e+00,0.000000000000000000e+00,0.000000000000000000e+00,-9.658613783616583001e-03,-1.076860750429444770e-02,-1.019726167046264113e-02,-9.060053275939242146e-03,-7.738291765384790709e-03,-6.389667805476718226e-03,-5.171564888149755151e-03,-4.164892727557064842e-03,-3.358175848635847928e-03,-2.719798838966857191e-03,-2.218971791367462150e-03,-1.826989044439627325e-03,-1.520463962260278730e-03,-1.280862561098370473e-03,-1.093637434967920357e-03,-9.473939539069228940e-04,-8.332002487189818030e-04,-7.440479757743728283e-04,-6.744342198884281181e-04,-6.200368078642508893e-04,-5.774611573523218523e-04,-5.440422469969153317e-04,-5.176892785776403359e-04,-4.967636021704448018e-04,-4.799826318343190226e-04,-4.663441421962276584e-04,-4.550665742626035172e-04,-4.455419404402845480e-04,-4.372986632457457321e-04,-4.299722470480991368e-04,-4.232821447604623289e-04,-4.170135115080748694e-04,-4.110028339877238712e-04,-4.051266126375789698e-04,-3.992924714780037585e-04,-3.934321723975542232e-04,-3.874961487976815648e-04,-3.814492221310999314e-04,-3.752672666614238826e-04,-3.689346032995642925e-04,-3.624419826226345405e-04,-3.557850121095720354e-04,-3.489629475650061932e-04,-3.419777509470377165e-04,-3.348333723441701288e-04,-3.275351885544759614e-04,-3.200895797033496320e-04,-3.125035959080157489e-04,-3.047847099909460275e-04,-2.969406209357511534e-04,-2.889791125056083714e-04,-2.809079398237533795e-04,-2.727347524788703462e-04,-2.644670320786659504e-04,-2.561120541724240507e-04,-2.476768560207404622e-04,-2.391682200859125457e-04,-2.305926578895506210e-04,-2.219564035855960821e-04,-2.132654052026935272e-04,-2.045253220572554819e-04,-1.957415195605696518e-04,-1.869190684432407300e-04,-1.780627425546954024e-04,-1.691770200222131998e-04,-1.602660845517819442e-04,-1.513338288371479450e-04,-1.423838593765631793e-04,-1.334195014785170418e-04,-1.244438063626504402e-04,-1.154595558246625616e-04,-1.064692693615480404e-04,-9.747520607938371217e-05,-8.847936983482184293e-05,-7.948350690807211533e-05,-7.048910850492297818e-05,-6.149740405383098620e-05,-5.250936139560050629e-05,-4.352567605022787136e-05,-3.454676958119159698e-05,-2.557277528444252548e-05,-1.660353553704771166e-05,-7.638584910191850119e-06,1.322852062153228292e-06,1.028187896193495242e-05,1.923992785557297982e-05,2.819877758600212173e-05,3.716055139686039817e-05,4.612773498624623604e-05,5.510317076506244085e-05,6.409007527577906369e-05,7.309202934568598069e-05,8.211299440231095801e-05,9.115729775034427248e-05,1.002296474241561345e-04,1.093351119197917624e-04,1.184791333837793381e-04,1.276675012090642246e-04,1.369063634798914288e-04,1.462021939047940570e-04,1.555618015801932231e-04,1.649922908290895793e-04,1.745010695162059716e-04,1.840958014662520128e-04,1.937844137349873644e-04,2.035750413881282778e-04,2.134760342990230813e-04,2.234958941815847204e-04,2.336432816483625225e-04,2.439269455024614761e-04,2.543557309414076067e-04,2.649385012265914174e-04,2.756841480488462386e-04,2.866015058197943503e-04,2.976993653329755790e-04,3.089863810785360492e-04,3.204710894723136879e-04,3.321618098551583375e-04,3.440666688118299422e-04,3.561934960275426991e-04,3.685498567646018349e-04,3.811429447955565187e-04,3.939796263093963574e-04,4.070663341826430198e-04,4.204091290242138994e-04,4.340136028462348119e-04,4.478849675724427500e-04,4.620279829711546678e-04,4.764470913457221788e-04,4.911463964932951494e-04,5.061298782008651293e-04,5.214014695805482781e-04,5.369654110304235978e-04,5.528265084850110100e-04,5.689907311621568735e-04,5.854657924442038634e-04,6.022621707190729942e-04,6.193942522169701816e-04,6.368820774139970524e-04,6.547534431485980012e-04,6.730468756139099985e-04,6.918153412112994791e-04,7.111312634103606270e-04,7.310928910976966346e-04,7.518326778969454133e-04,7.735279889052765505e-04,7.964149577714954228e-04,8.208062203298932069e-04,8.471136444596653534e-04,8.758774123092412768e-04,9.078031234113556744e-04,9.438092881896130047e-04,9.850879365783014006e-04,1.033182472055381223e-03,1.090087601962008452e-03,1.158378421932830093e-03,1.241375984507762714e-03,1.343361587410477846e-03,1.469864830446143255e-03,1.627946984321821874e-03,1.826043406459151560e-03,2.074313877276434161e-03,2.388520370056377348e-03,2.785670858654357759e-03,3.254173765118236524e-03,3.740209263797485140e-03,4.196444755643751259e-03,4.648036812606690625e-03,5.205358683749439219e-03,6.026415569670022336e-03,7.219980362263457054e-03,8.522451502516124530e-03,8.668803337135023990e-03,4.808026515754276059e-03
0.000000000000000000e+00,0.000000000000000000e+00,0.000000000000000000e+00,0.000000000000000000e+00,0.000000000000000000e+00,0.000000000000000000e+00,0.000000000000000000e+00,0.000000000000000000e+00,0.000000000000000000e+00,0.000000000000000000e+00,0.000000000000000000e+00,0.000000000000000000e+00,0.000000000000000000e+00,0.000000000000000000e+00,0.000000000000000000e+00,0.000000000000000000e+00,0.000000000000000000e+00,0.000000000000000000e+00,0.000000000000000000e+00,0.000000000000000000e+00,0.000000000000000000e+00,0.000000000000000000e+00,0.000000000000000000e+00,0.000000000000000000e+00,0.000000000000000000e+00,0.000000000000000000e+00,0.000000000000000000e+00,0.000000000000000000e+00,0.000000000000000000e+00,0.000000000000000000e+00,0.000000000000000000e+00,0.000000000000000000e+00,0.000000000000000000e+00,0.000000000000000000e+00,0.000000000000000000e+00,0.000000000000000000e+00,0.000000000000000000e+00,0.000000000000000000e+00,0.000000000000000000e+00,0.000000000000000000e+00,0.000000000000000000e+00,0.000000000000000000e+00,0.000000000000000000e+00,0.000000000000000000e+00,0.000000000000000000e+00,0.000000000000000000e+00,0.000000000000000000e+00,0.000000000000000000e+00,0.000000000000000000e+00,0.000000000000000000e+00,0.000000000000000000e+00,0.000000000000000000e+00,0.000000000000000000e+00,0.000000000000000000e+00,0.000000000000000000e+00,0.000000000000000000e+00,0.000000000000000000e+00,0.000000000000000000e+00,0.000000000000000000e+00,0.000000000000000000e+00,0.000000000000000000e+00,0.000000000000000000e+00,0.000000000000000000e+00,0.000000000000000000e+00,0.000000000000000000e+00,0.000000000000000000e+00,0.000000000000000000e+00,0.000000000000000000e+00,0.000000000000000000e+00,0.000000000000000000e+00,0.000000000000000000e+00,0.000000000000000000e+00,0.000000000000000000e+00,0.000000000000000000e+00,0.000000000000000000e+00,0.000000000000000000e+00,0.000000000000000000e+00,0.000000000000000000e+00,0.000000000000000000e+00,0.000000000000000000e+00,0.000000000000000000e+00,0.000000000000000000e+00,0.000000000000000000e+00,0.000000000000000000e+00,0.000000000000000000e+00,0.000000000000000000e+00,0.000000000000000000e+00,0.000000000000000000e+00,0.000000000000000000e+00,0.000000000000000000e+00,0.000000000000000000e+00,0.000000000000000000e+00,0.000000000000000000e+00,0.000000000000000000e+00,0.000000000000000000e+00,0.000000000000000000e+00,0.000000000000000000e+00,0.000000000000000000e+00,0.000000000000000000e+00,0.000000000000000000e+00,0.000000000000000000e+00,0.000000000000000000e+00,0.000000000000000000e+00,0.000000000000000000e+00,0.000000000000000000e+00,0.000000000000000000e+00,0.000000000000000000e+00,0.000000000000000000e+00,0.000000000000000000e+00,0.000000000000000000e+00,0.000000000000000000e+00,0.000000000000000000e+00,0.000000000000000000e+00,0.000000000000000000e+00,0.000000000000000000e+00,0.000000000000000000e+00,0.000000000000000000e+00,0.000000000000000000e+00,0.000000000000000000e+00,0.000000000000000000e+00,0.000000000000000000e+00,0.000000000000000000e+00,0.000000000000000000e+00,0.000000000000000000e+00,0.000000000000000000e+00,0.000000000000000000e+00,0.000000000000000000e+00,0.000000000000000000e+00,0.000000000000000000e+00,0.000000000000000000e+00,0.000000000000000000e+00,0.000000000000000000e+00,0.000000000000000000e+00,0.000000000000000000e+00,0.000000000000000000e+00,0.000000000000000000e+00,0.000000000000000000e+00,0.000000000000000000e+00,0.000000000000000000e+00,0.000000000000000000e+00,0.000000000000000000e+00,0.000000000000000000e+00,0.000000000000000000e+00,0.000000000000000000e+00,0.000000000000000000e+00,0.000000000000000000e+00,0.000000000000000000e+00,0.000000000000000000e+00,0.000000000000000000e+00,0.000000000000000000e+00,0.000000000000000000e+00,0.000000000000000000e+00,0.000000000000000000e+00,0.000000000000000000e+00,0.000000000000000000e+00,0.000000000000000000e+00,0.000000000000000000e+00,0.000000000000000000e+00,0.000000000000000000e+00,0.000000000000000000e+00,0.000000000000000000e+00,0.000000000000000000e+00,0.000000000000000000e+00,0.000000000000000000e+00,0.000000000000000000e+00,0.000000000000000000e+00,0.000000000000000000e+00,0.000000000000000000e+00,0.000000000000000000e+00,0.000000000000000000e+00,0.000000000000000000e+00,0.000000000000000000e+00,0.000000000000000000e+00,0.000000000000000000e+00,0.000000000000000000e+00,0.000000000000000000e+00,-9.737880805063501080e-03,-1.088593259343224179e-02,-1.032688943234164915e-02,-9.176949053609198895e-03,-7.827820525685667830e-03,-6.451617181372384761e-03,-5.212788123362345830e-03,-4.191111893978045205e-03,-3.373476355270205868e-03,-2.727387775195236081e-03,-2.220962037760024210e-03,-1.824923305541768966e-03,-1.515491047163837392e-03,-1.273846560085524970e-03,-1.085229113071477800e-03,-9.380802739667424032e-04,-8.233421505417624518e-04,-7.339096956327204090e-04,-6.642060936727766512e-04,-6.098529630347952757e-04,-5.674132184123746765e-04,-5.341899362536630487e-04,-5.080686085728374976e-04,-4.873931889243506379e-04,-4.708685470104994426e-04,-4.574836190718274491e-04,-4.464508222791618982e-04,-4.371582591530201066e-04,-4.291320149802381706e-04,-4.220064057756992264e-04,-4.155005225708582385e-04,-4.093997350920721345e-04,-4.035411358185822831e-04,-3.978020805937171355e-04,-3.920911977111863548e-04,-3.863413267585760953e-04,-3.805040019756078702e-04,-3.745451321311970964e-04,-3.684416436504196974e-04,-3.621788592999523209e-04,-3.557484746937243474e-04,-3.491469813994290024e-04,-3.423744589578306689e-04,-3.354336335641446682e-04,-3.283291632856167241e-04,-3.210670792136411473e-04,-3.136543656527582507e-04,-3.060986294642981044e-04,-2.984078556333933925e-04,-2.905902128892128445e-04,-2.826539142234866880e-04,-2.746071051771036345e-04,-2.664577882285516027e-04,-2.582137620952061987e-04,-2.498825849308803607e-04,-2.414715444529566969e-04,-2.329876431464598734e-04,-2.244375852970512694e-04,-2.158277726798837318e-04,-2.071642994983085293e-04,-1.984529518669227968e-04,-1.896992062988586529e-04,-1.809082304637896774e-04,-1.720848842457889773e-04,-1.632337216521305911e-04,-1.543589948373745905e-04,-1.454646575191775751e-04,-1.365543721283740892e-04,-1.276315143128755843e-04,-1.186991822356151850e-04,-1.097602004521882474e-04,-1.008171291976926043e-04,-9.187226518218150192e-05,-8.292764867236297635e-05,-7.398505947105002325e-05,-6.504602090730903321e-05,-5.611179073772427342e-05,-4.718336239244082258e-05,-3.826145126907408878e-05,-2.934649387109472925e-05,-2.043863004730302234e-05,-1.153770087809256428e-05,-2.643227858921062777e-06,6.245588983491270984e-06,1.512989346668313757e-05,2.401117324764042024e-05,3.289128254141996207e-05,4.177243910512656698e-05,5.065724669704148384e-05,5.954868832634193515e-05,6.845014803690623018e-05,7.736539964131570221e-05,8.629862735196033093e-05,9.525440916208917201e-05,1.042377359371547750e-04,1.132539887100080114e-04,1.223089560263514088e-04,1.314088045182802418e-04,1.405600944372922107e-04,1.497697429405880193e-04,1.590450378908352916e-04,1.683935933855987396e-04,1.778233620823140232e-04,1.873425826183322236e-04,1.969597909037096534e-04,2.066837592039005790e-04,2.165235070212150927e-04,2.264882317422426956e-04,2.365873199073280212e-04,2.468302694579532579e-04,2.572267023489217992e-04,2.677862785672664768e-04,2.785187111742629855e-04,2.894336724046452200e-04,3.005408123304274446e-04,3.118496575242928276e-04,3.233696346528957752e-04,3.351099624600692092e-04,3.470796818138473802e-04,3.592875422855612544e-04,3.717420406696163217e-04,3.844513044696021005e-04,3.974231420197589558e-04,4.106649271704704285e-04,4.241836664019539788e-04,4.379858926689019069e-04,4.520777592541305430e-04,4.664649573353922053e-04,4.811528544283754272e-04,4.961464619928097203e-04,5.114506510892670183e-04,5.270702170798088068e-04,5.430102315161610804e-04,5.592762870315296647e-04,5.758750904402637830e-04,5.928150321235875443e-04,6.101072030609482966e-04,6.277665343009797413e-04,6.458135484355755638e-04,6.642764784420266593e-04,6.831942694708176538e-04,7.026203462909596034e-04,7.226277064724207031e-04,7.433154147280162868e-04,7.648171407160499159e-04,7.873121022138129073e-04,8.110392106105578005e-04,8.363152077758841899e-04,8.635578831516348705e-04,8.933158141940987463e-04,9.263062785474010779e-04,9.634638411568723602e-04,1.006002370240591639e-03,1.055494826417881313e-03,1.113975678019855659e-03,1.184072857248686739e-03,1.269176286209366651e-03,1.373657247376933090e-03,1.503142780482686573e-03,1.664658187473092238e-03,1.866409211622489361e-03,2.119013340974886667e-03,2.438297887591731310e-03,2.833783382978269198e-03,3.280365197241942327e-03,3.721929856738412108e-03,4.127298511305300781e-03,4.542867476280696218e-03,5.089389857835600016e-03,5.920602967001245207e-03,7.133367125569417544e-03,8.455306761224275561e-03,8.622634161570967223e-03,4.789275313785506215e-03
0.000000000000000000e+00,0.000000000000000000e+00,0.000000000000000000e+00,0.000000000000000000e+00,0.000000000000000000e+00,0.000000000000000000e+00,0.000000000000000000e+00,0.000000000000000000e+00,0.000000000000000000e+00,0.000000000000000000e+00,0.000000000000000000e+00,0.000000000000000000e+00,0.000000000000000000e+00,0.000000000000000000e+00,0.000000000000000000e+00,0.000000000000000000e+00,0.000000000000000000e+00,0.000000000000000000e+00,0.000000000000000000e+00,0.000000000000000000e+00,0.000000000000000000e+00,0.000000000000000000e+00,0.000000000000000000e+00,0.000000000000000000e+00,0.000000000000000000e+00,0.000000000000000000e+00,0.000000000000000000e+00,0.000000000000000000e+00,0.000000000000000000e+00,0.000000000000000000e+00,0.000000000000000000e+00,0.000000000000000000e+00,0.000000000000000000e+00,0.000000000000000000e+00,0.000000000000000000e+00,0.000000000000000000e+00,0.000000000000000000e+00,0.000000000000000000e+00,0.000000000000000000e+00,0.000000000000000000e+00,0.000000000000000000e+00,0.000000000000000000e+00,0.000000000000000000e+00,0.000000000000000000e+00,0.000000000000000000e+00,0.000000000000000000e+00,0.000000000000000000e+00,0.000000000000000000e+00,0.000000000000000000e+00,0.000000000000000000e+00,0.000000000000000000e+00,0.000000000000000000e+00,0.000000000000000000e+00,0.000000000000000000e+00,0.000000000000000000e+00,0.000000000000000000e+00,0.000000000000000000e+00,0.000000000000000000e+00,0.000000000000000000e+00,0.000000000000000000e+00,0.000000000000000000e+00,0.000000000000000000e+00,0.000000000000000000e+00,0.000000000000000000e+00,0.000000000000000000e+00,0.000000000000000000e+00,0.000000000000000000e+00,0.000000000000000000e+00,0.000000000000000000e+00,0.000000000000000000e+00,0.000000000000000000e+00,0.000000000000000000e+00,0.000000000000000000e+00,0.000000000000000000e+00,0.000000000000000000e+00,0.000000000000000000e+00,0.000000000000000000e+00,0.000000000000000000e+00,0.000000000000000000e+00,0.000000000000000000e+00,0.000000000000000000e+00,0.000000000000000000e+00,0.000000000000000000e+00,0.000000000000000000e+00,0.000000000000000000e+00,0.000000000000000000e+00,0.000000000000000000e+00,0.000000000000000000e+00,0.000000000000000000e+00,0.000000000000000000e+00,0.000000000000000000e+00,0.000000000000000000e+00,0.000000000000000000e+00,0.000000000000000000e+00,0.000000000000000000e+00,0.000000000000000000e+00,0.000000000000000000e+00,0.000000000000000000e+00,0.000000000000000000e+00,0.000000000000000000e+00,0.000000000000000000e+00,0.000000000000000000e+00,0.000000000000000000e+00,0.000000000000000000e+00,0.000000000000000000e+00,0.000000000000000000e+00,0.000000000000000000e+00,0.000000000000000000e+00,0.000000000000000000e+00,0.000000000000000000e+00,0.000000000000000000e+00,0.000000000000000000e+00,0.000000000000000000e+00,0.000000000000000000e+00,0.000000000000000000e+00,0.000000000000000000e+00,0.000000000000000000e+00,0.000000000000000000e+00,0.000000000000000000e+00,0.000000000000000000e+00,0.000000000000000000e+00,0.000000000000000000e+00,0.000000000000000000e+00,0.000000000000000000e+00,0.000000000000000000e+00,0.000000000000000000e+00,0.000000000000000000e+00,0.000000000000000000e+00,0.000000000000000000e+00,0.000000000000000000e+00,0.000000000000000000e+00,0.000000000000000000e+00,0.000000000000000000e+00,0.000000000000000000e+00,0.000000000000000000e+00,0.000000000000000000e+00,0.000000000000000000e+00,0.000000000000000000e+00,0.000000000000000000e+00,0.000000000000000000e+00,0.000000000000000000e+00,0.000000000000000000e+00,0.000000000000000000e+00,0.000000000000000000e+00,0.000000000000000000e+00,0.000000000000000000e+00,0.000000000000000000e+00,0.000000000000000000e+00,0.000000000000000000e+00,0.000000000000000000e+00,0.000000000000000000e+00,0.000000000000000000e+00,0.000000000000000000e+00,0.000000000000000000e+00,0.000000000000000000e+00,0.000000000000000000e+00,0.000000000000000000e+00,0.000000000000000000e+00,0.000000000000000000e+00,0.000000000000000000e+00,0.000000000000000000e+00,0.000000000000000000e+00,0.000000000000000000e+00,0.000000000000000000e+00,0.000000000000000000e+00,0.000000000000000000e+00,0.000000000000000000e+00,0.000000000000000000e+00,0.000000000000000000e+00,0.000000000000000000e+00,0.000000000000000000e+00,0.000000000000000000e+00,0.000000000000000000e+00,0.000000000000000000e+00,0.000000000000000000e+00,0.000000000000000000e+00,-9.816651847144189022e-03,-1.100293492002722522e-02,-1.045599392706535354e-02,-9.293010129825748228e-03,-7.916532604952508656e-03,-6.513060435905815987e-03,-5.253795214296276377e-03,-4.217342988733275601e-03,-3.388977557376000871e-03,-2.735262763359043534e-03,-2.223278352555885934e-03,-1.823202747297965375e-03,-1.510872614218006444e-03,-1.267190350212297600e-03,-1.077184100105525125e-03,-9.291325269333667800e-04,-8.138520448967665345e-04,-7.241409678479937681e-04,-6.543485168943978525e-04,-6.000399874310297565e-04,-5.577356706580838220e-04,-5.247066407762924871e-04,-4.988146130506307526e-04,-4.783861143673190245e-04,-4.621134744192825577e-04,-4.489768247957035972e-04,-4.381826150932784081e-04,-4.291151101805511388e-04,-4.212981399278498693e-04,-4.143649184519536161e-04,-4.080342617312796515e-04,-4.020918386133929038e-04,-3.963754274030933575e-04,-3.907633140615266484e-04,-3.851651998347649765e-04,-3.795150649191614918e-04,-3.737656016070598744e-04,-3.678838582623124038e-04,-3.618478611416221422e-04,-3.556439787688399530e-04,-3.492648921987016463e-04,-3.427080146959394515e-04,-3.359742844362606832e-04,-3.290672245418661650e-04,-3.219922314317707774e-04,-3.147560188797778069e-04,-3.073662015312551691e-04,-2.998309671570956831e-04,-2.921588347648662706e-04,-2.843584625673916343e-04,-2.764385100630443169e-04,-2.684075281919753669e-04,-2.602738846533796785e-04,-2.520457051131926095e-04,-2.437308373391106997e-04,-2.353368238876166565e-04,-2.268708887748815191e-04,-2.183399280113010354e-04,-2.097505073291789680e-04,-2.011088613216890475e-04,-1.924208951059514948e-04,-1.836921871485588595e-04,-1.749279917882860336e-04,-1.661332442711376087e-04,-1.573125636528194065e-04,-1.484702602160657020e-04,-1.396103390443550368e-04,-1.307365100402023775e-04,-1.218521919304138210e-04,-1.129605241397054090e-04,-1.040643697572724740e-04,-9.516632726685378396e-05,-8.626873004649556799e-05,-7.737365563532994149e-05,-6.848291979767724528e-05,-5.959808218863140344e-05,-5.072043455733517313e-05,-4.185100314160950701e-05,-3.299053158776642149e-05,-2.413948089785807182e-05,-1.529800777362394314e-05,-6.465963069112037240e-06,2.357133413586066150e-06,1.117209443637418599e-05,1.998009249187816512e-05,2.878265941963739061e-05,3.758171407796327533e-05,4.637955866727795032e-05,5.517890611873591737e-05,6.398287225539670713e-05,7.279500244123670335e-05,8.161925875535399548e-05,9.046004542116457586e-05,9.932219009631439036e-05,1.082109676757334027e-04,1.171320748930819596e-04,1.260916522867720638e-04,1.350962514309451512e-04,1.441528550155619438e-04,1.532688361027143226e-04,1.624519764194065174e-04,1.717104171331140414e-04,1.810526756401994281e-04,1.904875874821731596e-04,2.000243221070250070e-04,2.096723156863028036e-04,2.194412865217894369e-04,2.293411586766102477e-04,2.393820778861228775e-04,2.495743260760976208e-04,2.599283388035551257e-04,2.704546108993913993e-04,2.811637166022434918e-04,2.920662067285918241e-04,3.031726327653163169e-04,3.144934361749652857e-04,3.260389778224050345e-04,3.378194203360315511e-04,3.498447644381646581e-04,3.621247258334972735e-04,3.746687804718774320e-04,3.874860384644071521e-04,4.005853013085020889e-04,4.139749372373570098e-04,4.276629554821347501e-04,4.416568909388176364e-04,4.559639045684210743e-04,4.705906915939745317e-04,4.855436248780693829e-04,5.008287124055458336e-04,5.164518150787978778e-04,5.324187001271373605e-04,5.487353915547086430e-04,5.654084030948452544e-04,5.824453269820905037e-04,5.998553935470324686e-04,6.176504848321661377e-04,6.358462733785147283e-04,6.544639803494879888e-04,6.735325163716048870e-04,6.930915173038133467e-04,7.131951794475717291e-04,7.339174425312209238e-04,7.553586332796310195e-04,7.776541919014102544e-04,8.009858979252789876e-04,8.255963658529778511e-04,8.518076740828705749e-04,8.800451896972476913e-04,9.108681356925074765e-04,9.450085428185292773e-04,9.834212452726623713e-04,1.027347719062928193e-03,1.078398297537312657e-03,1.138657489777091664e-03,1.210818959757115369e-03,1.298357221296477871e-03,1.405747427782929682e-03,1.538689755271426983e-03,1.704094184449264420e-03,1.910063481245604386e-03,2.167784960977933804e-03,2.491271429998258118e-03,2.879993457372019994e-03,3.297723051392817319e-03,3.691846893738774324e-03,4.049789613218369999e-03,4.436471595196192670e-03,4.978448338888954126e-03,5.822338079090789292e-03,7.053434062569064432e-03,8.392966676895393871e-03,8.580000285909933702e-03,4.772547588623007354e-03
0.000000000000000000e+00,0.000000000000000000e+00,0.000000000000000000e+00,0.000000000000000000e+00,0.000000000000000000e+00,0.000000000000000000e+00,0.000000000000000000e+00,0.000000000000000000e+00,0.000000000000000000e+00,0.000000000000000000e+00,0.000000000000000000e+00,0.000000000000000000e+00,0.000000000000000000e+00,0.000000000000000000e+00,0.000000000000000000e+00,0.000000000000000000e+00,0.000000000000000000e+00,0.000000000000000000e+00,0.000000000000000000e+00,0.000000000000000000e+00,0.000000000000000000e+00,0.000000000000000000e+00,0.000000000000000000e+00,0.000000000000000000e+00,0.000000000000000000e+00,0.000000000000000000e+00,0.000000000000000000e+00,0.000000000000000000e+00,0.000000000000000000e+00,0.000000000000000000e+00,0.000000000000000000e+00,0.000000000000000000e+00,0.000000000000000000e+00,0.000000000000000000e+00,0.000000000000000000e+00,0.000000000000000000e+00,0.000000000000000000e+00,0.000000000000000000e+00,0.000000000000000000e+00,0.000000000000000000e+00,0.000000000000000000e+00,0.000000000000000000e+00,0.000000000000000000e+00,0.000000000000000000e+00,0.000000000000000000e+00,0.000000000000000000e+00,0.000000000000000000e+00,0.000000000000000000e+00,0.000000000000000000e+00,0.000000000000000000e+00,0.000000000000000000e+00,0.000000000000000000e+00,0.000000000000000000e+00,0.000000000000000000e+00,0.000000000000000000e+00,0.000000000000000000e+00,0.000000000000000000e+00,0.000000000000000000e+00,0.000000000000000000e+00,0.000000000000000000e+00,0.000000000000000000e+00,0.000000000000000000e+00,0.000000000000000000e+00,0.000000000000000000e+00,0.000000000000000000e+00,0.000000000000000000e+00,0.000000000000000000e+00,0.000000000000000000e+00,0.000000000000000000e+00,0.000000000000000000e+00,0.000000000000000000e+00,0.000000000000000000e+00,0.000000000000000000e+00,0.000000000000000000e+00,0.000000000000000000e+00,0.000000000000000000e+00,0.000000000000000000e+00,0.000000000000000000e+00,0.000000000000000000e+00,0.000000000000000000e+00,0.000000000000000000e+00,0.000000000000000000e+00,0.000000000000000000e+00,0.000000000000000000e+00,0.000000000000000000e+00,0.000000000000000000e+00,0.000000000000000000e+00,0.000000000000000000e+00,0.000000000000000000e+00,0.000000000000000000e+00,0.000000000000000000e+00,0.000000000000000000e+00,0.000000000000000000e+00,0.000000000000000000e+00,0.000000000000000000e+00,0.000000000000000000e+00,0.000000000000000000e+00,0.000000000000000000e+00,0.000000000000000000e+00,0.000000000000000000e+00,0.000000000000000000e+00,0.000000000000000000e+00,0.000000000000000000e+00,0.000000000000000000e+00,0.000000000000000000e+00,0.000000000000000000e+00,0.000000000000000000e+00,0.000000000000000000e+00,0.000000000000000000e+00,0.000000000000000000e+00,0.000000000000000000e+00,0.000000000000000000e+00,0.000000000000000000e+00,0.000000000000000000e+00,0.000000000000000000e+00,0.000000000000000000e+00,0.000000000000000000e+00,0.000000000000000000e+00,0.000000000000000000e+00,0.000000000000000000e+00,0.000000000000000000e+00,0.000000000000000000e+00,0.000000000000000000e+00,0.000000000000000000e+00,0.000000000000000000e+00,0.000000000000000000e+00,0.000000000000000000e+00,0.000000000000000000e+00,0.000000000000000000e+00,0.000000000000000000e+00,0.000000000000000000e+00,0.000000000000000000e+00,0.000000000000000000e+00,0.000000000000000000e+00,0.000000000000000000e+00,0.000000000000000000e+00,0.000000000000000000e+00,0.000000000000000000e+00,0.000000000000000000e+00,0.000000000000000000e+00,0.000000000000000000e+00,0.000000000000000000e+00,0.000000000000000000e+00,0.000000000000000000e+00,0.000000000000000000e+00,0.000000000000000000e+00,0.000000000000000000e+00,0.000000000000000000e+00,0.000000000000000000e+00,0.000000000000000000e+00,0.000000000000000000e+00,0.000000000000000000e+00,0.000000000000000000e+00,0.000000000000000000e+00,0.000000000000000000e+00,0.000000000000000000e+00,0.000000000000000000e+00,0.000000000000000000e+00,0.000000000000000000e+00,0.000000000000000000e+00,0.000000000000000000e+00,0.000000000000000000e+00,0.000000000000000000e+00,0.000000000000000000e+00,0.000000000000000000e+00,0.000000000000000000e+00,0.000000000000000000e+00,0.000000000000000000e+00,0.000000000000000000e+00,0.000000000000000000e+00,0.000000000000000000e+00,0.000000000000000000e+00,0.000000000000000000e+00,0.000000000000000000e+00,0.000000000000000000e+00,0.000000000000000000e+00,-9.894767819893247537e-03,-1.111941377435654750e-02,-1.058438217013660601e-02,-9.408086397216663607e-03,-8.004327782568260510e-03,-6.573939432497773704e-03,-5.294572485080195623e-03,-4.243609591923384189e-03,-3.404713616268510365e-03,-2.743462655384620603e-03,-2.225963160172751438e-03,-1.821871445896742353e-03,-1.506653413569891600e-03,-1.260938462206363320e-03,-1.069546027955668591e-03,-9.205929651265703758e-04,-8.047704827119467027e-04,-7.147804370129860578e-04,-6.448981056441110580e-04,-5.906324048047348774e-04,-5.484609232774277816e-04,-5.156226632115815502e-04,-4.899555185927080905e-04,-4.697685763968536599e-04,-4.537416434127365195e-04,-4.408460898148067967e-04,-4.302824606694203463e-04,-4.214312599214289413e-04,-4.138141463269423494e-04,-4.070633193852798222e-04,-4.008974062430319379e-04,-3.951024576942746645e-04,-3.895170153449247440e-04,-3.840203668745173103e-04,-3.785233516790839333e-04,-3.729611498991653416e-04,-3.672876655384725813e-04,-3.614711354978022506e-04,-3.554907304629027027e-04,-3.493339059262643006e-04,-3.429943664625300834e-04,-3.364704827338974068e-04,-3.297640848913509703e-04,-3.228795244634340362e-04,-3.158229656357731106e-04,-3.086018325090313119e-04,-3.012243955957999886e-04,-2.936994471600984672e-04,-2.860360614696470642e-04,-2.782434052423296143e-04,-2.703306008880351796e-04,-2.623066186518737265e-04,-2.541802024839702467e-04,-2.459598132804945115e-04,-2.376535936267564983e-04,-2.292693432228847818e-04,-2.208145068031300111e-04,-2.122961684799517797e-04,-2.037210514759132908e-04,-1.950955219632568790e-04,-1.864255930771272223e-04,-1.777169327534575789e-04,-1.689748683337245435e-04,-1.602043963341015780e-04,-1.514101866901942440e-04,-1.425965942892439161e-04,-1.337676629650129065e-04,-1.249271389670058359e-04,-1.160784745634723769e-04,-1.072248428948481590e-04,-9.836913995440293155e-05,-8.951399903678173599e-05,-8.066178876598460777e-05,-7.181462476322012217e-05,-6.297436156385254470e-05,-5.414260012203664352e-05,-4.532067298923917224e-05,-3.650964792825343440e-05,-2.771030701655968092e-05,-1.892314739790484042e-05,-1.014835522217782746e-05,-1.385804656632932965e-06,7.364972233935838601e-06,1.610478662192469911e-05,2.483482543415801945e-05,3.355665058317497423e-05,4.227223219292732469e-05,5.098394423346926189e-05,5.969459743871192737e-05,6.840743028650209145e-05,7.712614108520858601e-05,8.585487341442958858e-05,9.459824690719387317e-05,1.033613362048888277e-04,1.121497000144877274e-04,1.209693527053816382e-04,1.298267914278866458e-04,1.387289596229133765e-04,1.476832721706850394e-04,1.566975701738404004e-04,1.657801442612724175e-04,1.749396801001709364e-04,1.841852801640241543e-04,1.935263995668207008e-04,2.029728668010129591e-04,2.125348096454070148e-04,2.222226755871394011e-04,2.320471477305118609e-04,2.420191658136167448e-04,2.521498322357769981e-04,2.624504347628414604e-04,2.729323429909883488e-04,2.836070339846355373e-04,2.944859797077627075e-04,3.055806769511260263e-04,3.169025265236741435e-04,3.284628689511877656e-04,3.402728565961109621e-04,3.523434968089121221e-04,3.646855187544182286e-04,3.773094261248842820e-04,3.902253614836366557e-04,4.034431715282195993e-04,4.169722735659174692e-04,4.308217381026178310e-04,4.450001652975255333e-04,4.595157932787912554e-04,4.743763984131062032e-04,4.895894450643076918e-04,5.051620347955358909e-04,5.211011276991984889e-04,5.374135866812412799e-04,5.541065277323854168e-04,5.711875434470867208e-04,5.886652886664739057e-04,6.065500333396501307e-04,6.248546742954417393e-04,6.435958776705330998e-04,6.627958468484230776e-04,6.824844926949420482e-04,7.027025108861866898e-04,7.235052992777714484e-04,7.449682484052119139e-04,7.671935633556707049e-04,7.903192174703163250e-04,8.145305186278802749e-04,8.400750335201759159e-04,8.672818203213912384e-04,8.965860137088194504e-04,9.285604290794687195e-04,9.639558371236732872e-04,1.003752737574706289e-03,1.049227467350161407e-03,1.102037272497668466e-03,1.164328720914200145e-03,1.238875520624321391e-03,1.329251847053746416e-03,1.440037855657497895e-03,1.576953711454800316e-03,1.746750926895780870e-03,1.957611449304050288e-03,2.220859006948188493e-03,2.546213442178049246e-03,2.921893427972888958e-03,3.304556863139677513e-03,3.650266243373313357e-03,3.965765319531693207e-03,4.330875012844955657e-03,4.873652730109625554e-03,5.731591940153524765e-03,6.979446666836043242e-03,8.334564310674393364e-03,8.540261872799036549e-03,4.757621773759750788e-03
0.000000000000000000e+00,0.000000000000000000e+00,0.000000000000000000e+00,0.000000000000000000e+00,0.000000000000000000e+00,0.000000000000000000e+00,0.000000000000000000e+00,0.000000000000000000e+00,0.000000000000000000e+00,0.000000000000000000e+00,0.000000000000000000e+00,0.000000000000000000e+00,0.000000000000000000e+00,0.000000000000000000e+00,0.000000000000000000e+00,0.000000000000000000e+00,0.000000000000000000e+00,0.000000000000000000e+00,0.000000000000000000e+00,0.000000000000000000e+00,0.000000000000000000e+00,0.000000000000000000e+00,0.000000000000000000e+00,0.000000000000000000e+00,0.000000000000000000e+00,0.000000000000000000e+00,0.000000000000000000e+00,0.000000000000000000e+00,0.000000000000000000e+00,0.000000000000000000e+00,0.000000000000000000e+00,0.000000000000000000e+00,0.000000000000000000e+00,0.000000000000000000e+00,0.000000000000000000e+00,0.000000000000000000e+00,0.000000000000000000e+00,0.000000000000000000e+00,0.000000000000000000e+00,0.000000000000000000e+00,0.000000000000000000e+00,0.000000000000000000e+00,0.000000000000000000e+00,0.000000000000000000e+00,0.000000000000000000e+00,0.000000000000000000e+00,0.000000000000000000e+00,0.000000000000000000e+00,0.000000000000000000e+00,0.000000000000000000e+00,0.000000000000000000e+00,0.000000000000000000e+00,0.000000000000000000e+00,0.000000000000000000e+00,0.000000000000000000e+00,0.000000000000000000e+00,0.000000000000000000e+00,0.000000000000000000e+00,0.000000000000000000e+00,0.000000000000000000e+00,0.000000000000000000e+00,0.000000000000000000e+00,0.000000000000000000e+00,0.000000000000000000e+00,0.000000000000000000e+00,0.000000000000000000e+00,0.000000000000000000e+00,0.000000000000000000e+00,0.000000000000000000e+00,0.000000000000000000e+00,0.000000000000000000e+00,0.000000000000000000e+00,0.000000000000000000e+00,0.000000000000000000e+00,0.000000000000000000e+00,0.000000000000000000e+00,0.000000000000000000e+00,0.000000000000000000e+00,0.000000000000000000e+00,0.000000000000000000e+00,0.000000000000000000e+00,0.000000000000000000e+00,0.000000000000000000e+00,0.000000000000000000e+00,0.000000000000000000e+00,0.000000000000000000e+00,0.000000000000000000e+00,0.000000000000000000e+00,0.000000000000000000e+00,0.000000000000000000e+00,0.000000000000000000e+00,0.000000000000000000e+00,0.000000000000000000e+00,0.000000000000000000e+00,0.000000000000000000e+00,0.000000000000000000e+00,0.000000000000000000e+00,0.000000000000000000e+00,0.000000000000000000e+00,0.000000000000000000e+00,0.000000000000000000e+00,0.000000000000000000e+00,0.000000000000000000e+00,0.000000000000000000e+00,0.000000000000000000e+00,0.000000000000000000e+00,0.000000000000000000e+00,0.000000000000000000e+00,0.000000000000000000e+00,0.000000000000000000e+00,0.000000000000000000e+00,0.000000000000000000e+00,0.000000000000000000e+00,0.000000000000000000e+00,0.000000000000000000e+00,0.000000000000000000e+00,0.000000000000000000e+00,0.000000000000000000e+00,0.000000000000000000e+00,0.000000000000000000e+00,0.000000000000000000e+00,0.000000000000000000e+00,0.000000000000000000e+00,0.000000000000000000e+00,0.000000000000000000e+00,0.000000000000000000e+00,0.000000000000000000e+00,0.000000000000000000e+00,0.000000000000000000e+00,0.000000000000000000e+00,0.000000000000000000e+00,0.000000000000000000e+00,0.000000000000000000e+00,0.000000000000000000e+00,0.000000000000000000e+00,0.000000000000000000e+00,0.000000000000000000e+00,0.000000000000000000e+00,0.000000000000000000e+00,0.000000000000000000e+00,0.000000000000000000e+00,0.000000000000000000e+00,0.000000000000000000e+00,0.000000000000000000e+00,0.000000000000000000e+00,0.000000000000000000e+00,0.000000000000000000e+00,0.000000000000000000e+00,0.000000000000000000e+00,0.000000000000000000e+00,0.000000000000000000e+00,0.000000000000000000e+00,0.000000000000000000e+00,0.000000000000000000e+00,0.000000000000000000e+00,0.000000000000000000e+00,0.000000000000000000e+00,0.000000000000000000e+00,0.000000000000000000e+00,0.000000000000000000e+00,0.000000000000000000e+00,0.000000000000000000e+00,0.000000000000000000e+00,0.000000000000000000e+00,0.000000000000000000e+00,0.000000000000000000e+00,0.000000000000000000e+00,0.000000000000000000e+00,0.000000000000000000e+00,0.000000000000000000e+00,0.000000000000000000e+00,0.000000000000000000e+00,0.000000000000000000e+00,0.000000000000000000e+00,0.000000000000000000e+00,0.000000000000000000e+00,-9.972066701838347771e-03,-1.123516020429190729e-02,-1.071185079306274067e-02,-9.522018459729613901e-03,-8.091101353468617072e-03,-6.634198785321754679e-03,-5.335113182065000931e-03,-4.269940232887672535e-03,-3.420722170735748628e-03,-2.752029781024415735e-03,-2.229061789097467119e-03,-1.820976080451131409e-03,-1.502880517147802721e-03,-1.255137521738532939e-03,-1.062360459748712014e-03,-9.125056701992164147e-04,-7.961397969488189647e-04,-7.058685272013156013e-04,-6.358932877904830729e-04,-5.816666090417483463e-04,-5.396233325954949075e-04,-5.069703431141242772e-04,-4.815216866003090511e-04,-4.615690103087497832e-04,-4.457796253245201808e-04,-4.331161911347443621e-04,-4.227734164903034397e-04,-4.141281243004312114e-04,-4.066998877997914769e-04,-4.001199788376197863e-04,-3.941069202328585804e-04,-3.884472247282659877e-04,-3.829802710306302264e-04,-3.775864159094179757e-04,-3.721776975785304870e-04,-3.666905508785669120e-04,-3.610801407555625929e-04,-3.553159374909608745e-04,-3.493782971507203858e-04,-3.432558003124597419e-04,-3.369432106494708781e-04,-3.304398900379834441e-04,-3.237485926533221472e-04,-3.168745291748811897e-04,-3.098246607121254667e-04,-3.026071494825168439e-04,-2.952309478272090301e-04,-2.877054767232708012e-04,-2.800403876467768833e-04,-2.722453755512703726e-04,-2.643300427477025252e-04,-2.563037931126077498e-04,-2.481757580300397812e-04,-2.399547417890839204e-04,-2.316491865248772807e-04,-2.232671505903796323e-04,-2.148162974370559670e-04,-2.063038941328045734e-04,-1.977368130064842161e-04,-1.891215407670727164e-04,-1.804641850043888418e-04,-1.717704878195742220e-04,-1.630458328207291092e-04,-1.542952605189637548e-04,-1.455234742794523500e-04,-1.367348568458776254e-04,-1.279334750468499437e-04,-1.191230974576434817e-04,-1.103071977140851207e-04,-1.014889728859432898e-04,-9.267134438234317980e-05,-8.385697548131304025e-05,-7.504826766122790239e-05,-6.624737493719232769e-05,-5.745619333171620298e-05,-4.867637042214288938e-05,-3.990928710079334150e-05,-3.115606251022082690e-05,-2.241752881211829323e-05,-1.369423274582152687e-05,-4.986404566779032364e-06,3.706042406719360998e-06,1.238354744174125096e-05,2.104690315497272950e-05,2.969729401019131204e-05,3.833629516952846109e-05,4.696591193077197338e-05,5.558857466260485247e-05,6.420717790694616383e-05,7.282507010585344959e-05,8.144609174077489485e-05,9.007455888710092428e-05,9.871529992739285072e-05,1.073736319453870821e-04,1.160553955913099259e-04,1.247669233832660669e-04,1.335150725101369581e-04,1.423071842614723366e-04,1.511511147617551967e-04,1.600551848559311112e-04,1.690282089260593907e-04,1.780794346593157155e-04,1.872185702755415878e-04,1.964557137424100929e-04,2.058013789441355686e-04,2.152664140817599648e-04,2.248620275299518590e-04,2.345996953618892389e-04,2.444911878461435888e-04,2.545484662637554729e-04,2.647837112008033706e-04,2.752092090729761631e-04,2.858373835412684550e-04,2.966806724438498014e-04,3.077515638080758438e-04,3.190624642365163643e-04,3.306257411544508812e-04,3.424535841713521292e-04,3.545580554354560735e-04,3.669509461852997630e-04,3.796438374908761115e-04,3.926479552517911711e-04,4.059742443489197054e-04,4.196332270245209666e-04,4.336350949522320354e-04,4.479895788723664736e-04,4.627060662672838266e-04,4.777934957230354942e-04,4.932605147528613520e-04,5.091154233544674564e-04,5.253664007502105611e-04,5.420215438030851970e-04,5.590892191813884521e-04,5.765782813796816071e-04,5.944986576400843699e-04,6.128618989384904039e-04,6.316821931466460845e-04,6.509775176534444811e-04,6.707714225621380774e-04,6.910952406310459824e-04,7.119912171477641057e-04,7.335165282591237564e-04,7.557487025666471004e-04,7.787926581560683211e-04,8.027899331092203583e-04,8.279306648807861118e-04,8.544690428117460721e-04,8.827432840974475678e-04,9.132011690147055381e-04,9.464329370831211499e-04,9.832132160582343801e-04,1.024554974223741612e-03,1.071778311960704241e-03,1.126598633005364411e-03,1.191237952568472173e-03,1.268564452719787459e-03,1.362261375009671130e-03,1.476993251977646226e-03,1.618431913543999599e-03,1.793189082469279607e-03,2.009589724349988404e-03,2.277945004358520459e-03,2.601236078330949192e-03,2.957019623091184952e-03,3.299772533016906949e-03,3.598172727551576019e-03,3.877389419307676003e-03,4.228012768412162635e-03,4.775834408946491756e-03,5.648081132895245264e-03,6.910539828857624294e-03,8.279186106789583263e-03,8.502755598681003071e-03,4.744263143739961205e-03
0.000000000000000000e+00,0.000000000000000000e+00,0.000000000000000000e+00,0.000000000000000000e+00,0.000000000000000000e+00,0.000000000000000000e+00,0.000000000000000000e+00,0.000000000000000000e+00,0.000000000000000000e+00,0.000000000000000000e+00,0.000000000000000000e+00,0.000000000000000000e+00,0.000000000000000000e+00,0.000000000000000000e+00,0.000000000000000000e+00,0.000000000000000000e+00,0.000000000000000000e+00,0.000000000000000000e+00,0.000000000000000000e+00,0.000000000000000000e+00,0.000000000000000000e+00,0.000000000000000000e+00,0.000000000000000000e+00,0.000000000000000000e+00,0.000000000000000000e+00,0.000000000000000000e+00,0.000000000000000000e+00,0.000000000000000000e+00,0.000000000000000000e+00,0.000000000000000000e+00,0.000000000000000000e+00,0.000000000000000000e+00,0.000000000000000000e+00,0.000000000000000000e+00,0.000000000000000000e+00,0.000000000000000000e+00,0.000000000000000000e+00,0.000000000000000000e+00,0.000000000000000000e+00,0.000000000000000000e+00,0.000000000000000000e+00,0.000000000000000000e+00,0.000000000000000000e+00,0.000000000000000000e+00,0.000000000000000000e+00,0.000000000000000000e+00,0.000000000000000000e+00,0.000000000000000000e+00,0.000000000000000000e+00,0.000000000000000000e+00,0.000000000000000000e+00,0.000000000000000000e+00,0.000000000000000000e+00,0.000000000000000000e+00,0.000000000000000000e+00,0.000000000000000000e+00,0.000000000000000000e+00,0.000000000000000000e+00,0.000000000000000000e+00,0.000000000000000000e+00,0.000000000000000000e+00,0.000000000000000000e+00,0.000000000000000000e+00,0.000000000000000000e+00,0.000000000000000000e+00,0.000000000000000000e+00,0.000000000000000000e+00,0.000000000000000000e+00,0.000000000000000000e+00,0.000000000000000000e+00,0.000000000000000000e+00,0.000000000000000000e+00,0.000000000000000000e+00,0.000000000000000000e+00,0.000000000000000000e+00,0.000000000000000000e+00,0.000000000000000000e+00,0.000000000000000000e+00,0.000000000000000000e+00,0.000000000000000000e+00,0.000000000000000000e+00,0.000000000000000000e+00,0.000000000000000000e+00,0.000000000000000000e+00,0.000000000000000000e+00,0.000000000000000000e+00,0.000000000000000000e+00,0.000000000000000000e+00,0.000000000000000000e+00,0.000000000000000000e+00,0.000000000000000000e+00,0.000000000000000000e+00,0.000000000000000000e+00,0.000000000000000000e+00,0.000000000000000000e+00,0.000000000000000000e+00,0.000000000000000000e+00,0.000000000000000000e+00,0.000000000000000000e+00,0.000000000000000000e+00,0.000000000000000000e+00,0.000000000000000000e+00,0.000000000000000000e+00,0.000000000000000000e+00,0.000000000000000000e+00,0.000000000000000000e+00,0.000000000000000000e+00,0.000000000000000000e+00,0.000000000000000000e+00,0.000000000000000000e+00,0.000000000000000000e+00,0.000000000000000000e+00,0.000000000000000000e+00,0.000000000000000000e+00,0.000000000000000000e+00,0.000000000000000000e+00,0.000000000000000000e+00,0.000000000000000000e+00,0.000000000000000000e+00,0.000000000000000000e+00,0.000000000000000000e+00,0.000000000000000000e+00,0.000000000000000000e+00,0.000000000000000000e+00,0.000000000000000000e+00,0.000000000000000000e+00,0.000000000000000000e+00,0.000000000000000000e+00,0.000000000000000000e+00,0.000000000000000000e+00,0.000000000000000000e+00,0.000000000000000000e+00,0.000000000000000000e+00,0.000000000000000000e+00,0.000000000000000000e+00,0.000000000000000000e+00,0.000000000000000000e+00,0.000000000000000000e+00,0.000000000000000000e+00,0.000000000000000000e+00,0.000000000000000000e+00,0.000000000000000000e+00,0.000000000000000000e+00,0.000000000000000000e+00,0.000000000000000000e+00,0.000000000000000000e+00,0.000000000000000000e+00,0.000000000000000000e+00,0.000000000000000000e+00,0.000000000000000000e+00,0.000000000000000000e+00,0.000000000000000000e+00,0.000000000000000000e+00,0.000000000000000000e+00,0.000000000000000000e+00,0.000000000000000000e+00,0.000000000000000000e+00,0.000000000000000000e+00,0.000000000000000000e+00,0.000000000000000000e+00,0.000000000000000000e+00,0.000000000000000000e+00,0.000000000000000000e+00,0.000000000000000000e+00,0.000000000000000000e+00,0.000000000000000000e+00,0.000000000000000000e+00,0.000000000000000000e+00,0.000000000000000000e+00,0.000000000000000000e+00,0.000000000000000000e+00,0.000000000000000000e+00,0.000000000000000000e+00,0.000000000000000000e+00,0.000000000000000000e+00,0.000000000000000000e+00,-1.004838628775482114e-02,-1.134995865956572349e-02,-1.083818751860384996e-02,-9.634639880370875556e-03,-8.176746386633947442e-03,-6.693787364870291620e-03,-5.375417875715769386e-03,-4.296368342097917764e-03,-3.437044312597496275e-03,-2.761009502141547993e-03,-2.232621898671337604e-03,-1.820565196479051245e-03,-1.499602420286358069e-03,-1.249835171712122958e-03,-1.055673603592880783e-03,-9.049150249638361794e-04,-7.880022991023040088e-04,-6.974453334012696874e-04,-6.273718649873597820e-04,-5.731780785013816442e-04,-5.312560566567694695e-04,-4.987805452678657899e-04,-4.735417338144729568e-04,-4.538138440437643651e-04,-4.382517293308003047e-04,-4.258093973137351638e-04,-4.156757943245490685e-04,-4.072241456515366515e-04,-3.999720261460359234e-04,-3.935498668519329902e-04,-3.876761692048909225e-04,-3.821379852772148001e-04,-3.767756012511131705e-04,-3.714705065004512193e-04,-3.661359946526879759e-04,-3.607098060265423499e-04,-3.551484119924600675e-04,-3.494225577494500354e-04,-3.435138228751072353e-04,-3.374119489253924451e-04,-3.311127925912301664e-04,-3.246167397073750072e-04,-3.179274999460457917e-04,-3.110511737572165827e-04,-3.039955485358072636e-04,-2.967695528493061608e-04,-2.893828473782020325e-04,-2.818455065791454083e-04,-2.741677815087466795e-04,-2.663599152806150547e-04,-2.584320069784424635e-04,-2.503939079177820931e-04,-2.422551471490120819e-04,-2.340248790743990157e-04,-2.257118481925642474e-04,-2.173243705888861519e-04,-2.088703235450782049e-04,-2.003571485722888503e-04,-1.917918549649509890e-04,-1.831810347684705530e-04,-1.745308720189668800e-04,-1.658471629606619456e-04,-1.571353258823334127e-04,-1.484004230689136444e-04,-1.396471689856363426e-04,-1.308799527251796777e-04,-1.221028438823230607e-04,-1.133196152089998362e-04,-1.045337459010904966e-04,-9.574844406700856638e-05,-8.696664657569396666e-05,-7.819104002192404522e-05,-6.942405518002376307e-05,-6.066788423423224205e-05,-5.192446750500771477e-05,-4.319550518674346030e-05,-3.448243528364913784e-05,-2.578643991197468989e-05,-1.710841518117132287e-05,-8.448973501274580373e-06,1.915931462733940325e-07,8.813313216378501380e-06,1.741657747538986805e-05,2.600213945448572915e-05,3.457116063530128275e-05,4.312520895587447896e-05,5.166630519014158736e-05,6.019691719272028983e-05,6.872000591497017994e-05,7.723901381512072940e-05,8.575790973856193405e-05,9.428117042452480786e-05,1.028138237896273808e-04,1.113614225110942196e-04,1.199300853103963868e-04,1.285264616308401170e-04,1.371577707132917994e-04,1.458317565462573294e-04,1.545567247501195127e-04,1.633414871017101568e-04,1.721953964082845753e-04,1.811282800081868212e-04,1.901504729795682315e-04,1.992727401541376990e-04,2.085063082023299349e-04,2.178627758876039845e-04,2.273541457869120619e-04,2.369927227332534225e-04,2.467911461534897039e-04,2.567622769193915033e-04,2.669192315035873609e-04,2.772752577763722462e-04,2.878437723923784925e-04,2.986382264463881124e-04,3.096721477124938062e-04,3.209589975410732758e-04,3.325122198088866724e-04,3.443450910535558328e-04,3.564707782903339347e-04,3.689021851813296341e-04,3.816520212731901434e-04,3.947326480586194780e-04,4.081561627872560736e-04,4.219342498031995042e-04,4.360782832374910864e-04,4.505991916197626328e-04,4.655075864669052993e-04,4.808136533574083969e-04,4.965273198313082184e-04,5.126581968358024689e-04,5.292158134200727069e-04,5.462096538334700871e-04,5.636495147868785405e-04,5.815457236818407337e-04,5.999097269059112556e-04,6.187546461044916369e-04,6.380962983165894189e-04,6.579543682861349694e-04,6.783542156292487676e-04,6.993291387538861465e-04,7.209235731514786931e-04,7.431972354887234847e-04,7.662307079564056444e-04,7.901327375612394359e-04,8.150498073970550116e-04,8.411786202137764299e-04,8.687822041507962207e-04,8.982108029015159782e-04,9.299285898933254890e-04,9.645481501936990255e-04,1.002874421984459915e-03,1.045961201485633499e-03,1.095182882417116256e-03,1.152325601494527630e-03,1.219700505061838917e-03,1.300281678194857181e-03,1.397857667061352298e-03,1.517131980367654584e-03,1.663668754055154780e-03,1.843984763161009548e-03,2.066262519159034472e-03,2.338050521921306892e-03,2.653928232850717283e-03,2.983141572732762609e-03,3.283008629914139099e-03,3.537167791115456913e-03,3.787002159794755803e-03,4.129622896403127401e-03,4.685504328009308141e-03,5.571283686877776670e-03,6.845741407879666479e-03,8.225883213138647163e-03,8.466795028176163709e-03,4.732221006276506221e-03
0.000000000000000000e+00,0.000000000000000000e+00,0.000000000000000000e+00,0.000000000000000000e+00,0.000000000000000000e+00,0.000000000000000000e+00,0.000000000000000000e+00,0.000000000000000000e+00,0.000000000000000000e+00,0.000000000000000000e+00,0.000000000000000000e+00,0.000000000000000000e+00,0.000000000000000000e+00,0.000000000000000000e+00,0.000000000000000000e+00,0.000000000000000000e+00,0.000000000000000000e+00,0.000000000000000000e+00,0.000000000000000000e+00,0.000000000000000000e+00,0.000000000000000000e+00,0.000000000000000000e+00,0.000000000000000000e+00,0.000000000000000000e+00,0.000000000000000000e+00,0.000000000000000000e+00,0.000000000000000000e+00,0.000000000000000000e+00,0.000000000000000000e+00,0.000000000000000000e+00,0.000000000000000000e+00,0.000000000000000000e+00,0.000000000000000000e+00,0.000000000000000000e+00,0.000000000000000000e+00,0.000000000000000000e+00,0.000000000000000000e+00,0.000000000000000000e+00,0.000000000000000000e+00,0.000000000000000000e+00,0.000000000000000000e+00,0.000000000000000000e+00,0.000000000000000000e+00,0.000000000000000000e+00,0.000000000000000000e+00,0.000000000000000000e+00,0.000000000000000000e+00,0.000000000000000000e+00,0.000000000000000000e+00,0.000000000000000000e+00,0.000000000000000000e+00,0.000000000000000000e+00,0.000000000000000000e+00,0.000000000000000000e+00,0.000000000000000000e+00,0.000000000000000000e+00,0.000000000000000000e+00,0.000000000000000000e+00,0.000000000000000000e+00,0.000000000000000000e+00,0.000000000000000000e+00,0.000000000000000000e+00,0.000000000000000000e+00,0.000000000000000000e+00,0.000000000000000000e+00,0.000000000000000000e+00,0.000000000000000000e+00,0.000000000000000000e+00,0.000000000000000000e+00,0.000000000000000000e+00,0.000000000000000000e+00,0.000000000000000000e+00,0.000000000000000000e+00,0.000000000000000000e+00,0.000000000000000000e+00,0.000000000000000000e+00,0.000000000000000000e+00,0.000000000000000000e+00,0.000000000000000000e+00,0.000000000000000000e+00,0.000000000000000000e+00,0.000000000000000000e+00,0.000000000000000000e+00,0.000000000000000000e+00,0.000000000000000000e+00,0.000000000000000000e+00,0.000000000000000000e+00,0.000000000000000000e+00,0.000000000000000000e+00,0.000000000000000000e+00,0.000000000000000000e+00,0.000000000000000000e+00,0.000000000000000000e+00,0.000000000000000000e+00,0.000000000000000000e+00,0.000000000000000000e+00,0.000000000000000000e+00,0.000000000000000000e+00,0.000000000000000000e+00,0.000000000000000000e+00,0.000000000000000000e+00,0.000000000000000000e+00,0.000000000000000000e+00,0.000000000000000000e+00,0.000000000000000000e+00,0.000000000000000000e+00,0.000000000000000000e+00,0.000000000000000000e+00,0.000000000000000000e+00,0.000000000000000000e+00,0.000000000000000000e+00,0.000000000000000000e+00,0.000000000000000000e+00,0.000000000000000000e+00,0.000000000000000000e+00,0.000000000000000000e+00,0.000000000000000000e+00,0.000000000000000000e+00,0.000000000000000000e+00,0.000000000000000000e+00,0.000000000000000000e+00,0.000000000000000000e+00,0.000000000000000000e+00,0.000000000000000000e+00,0.000000000000000000e+00,0.000000000000000000e+00,0.000000000000000000e+00,0.000000000000000000e+00,0.000000000000000000e+00,0.000000000000000000e+00,0.000000000000000000e+00,0.000000000000000000e+00,0.000000000000000000e+00,0.000000000000000000e+00,0.000000000000000000e+00,0.000000000000000000e+00,0.000000000000000000e+00,0.000000000000000000e+00,0.000000000000000000e+00,0.000000000000000000e+00,0.000000000000000000e+00,0.000000000000000000e+00,0.000000000000000000e+00,0.000000000000000000e+00,0.000000000000000000e+00,0.000000000000000000e+00,0.000000000000000000e+00,0.000000000000000000e+00,0.000000000000000000e+00,0.000000000000000000e+00,0.000000000000000000e+00,0.000000000000000000e+00,0.000000000000000000e+00,0.000000000000000000e+00,0.000000000000000000e+00,0.000000000000000000e+00,0.000000000000000000e+00,0.000000000000000000e+00,0.000000000000000000e+00,0.000000000000000000e+00,0.000000000000000000e+00,0.000000000000000000e+00,0.000000000000000000e+00,0.000000000000000000e+00,0.000000000000000000e+00,0.000000000000000000e+00,0.000000000000000000e+00,0.000000000000000000e+00,0.000000000000000000e+00,0.000000000000000000e+00,0.000000000000000000e+00,0.000000000000000000e+00,0.000000000000000000e+00,0.000000000000000000e+00,0.000000000000000000e+00,0.000000000000000000e+00,-1.012356497284267950e-02,-1.146358858672895040e-02,-1.096317240728670282e-02,-9.745777401940592527e-03,-8.261153822096039059e-03,-6.752658051940550743e-03,-5.415493421623041558e-03,-4.322931124488178789e-03,-3.453723834447043270e-03,-2.770449518533696798e-03,-2.236693046624815221e-03,-1.820688978670423341e-03,-1.496869034387401194e-03,-1.245080309591249093e-03,-1.049532828863940746e-03,-8.978665440731507753e-04,-7.804014574358005127e-04,-6.895521749345036918e-04,-6.193729626514902923e-04,-5.652037372281237251e-04,-5.233938361283622205e-04,-4.910858632133733312e-04,-4.660461567115219768e-04,-4.465315378909934219e-04,-4.311844488292684396e-04,-4.189503104530632868e-04,-4.090123847950973088e-04,-4.007403851685695803e-04,-3.936499755149295622e-04,-3.873708315549848091e-04,-3.816215134835707784e-04,-3.761896861488152550e-04,-3.709166088645540413e-04,-3.656849619453939634e-04,-3.604093457321780325e-04,-3.550288516478871574e-04,-3.495012982319188155e-04,-3.437987429762795976e-04,-3.379040236854335879e-04,-3.318080761748093584e-04,-3.255078823278005021e-04,-3.190048837755369215e-04,-3.123037770617624240e-04,-3.054115836426766757e-04,-2.983369477842111512e-04,-2.910895943368742213e-04,-2.836799208515256260e-04,-2.761186822256440888e-04,-2.684167536610343506e-04,-2.605849484190770086e-04,-2.526338809949774285e-04,-2.445738653365544103e-04,-2.364148392599740476e-04,-2.281663143256950266e-04,-2.198373398920219063e-04,-2.114364879296096254e-04,-2.029718430577086101e-04,-1.944510105165581906e-04,-1.858811215792393430e-04,-1.772688550610006122e-04,-1.686204495261026972e-04,-1.599417310459532978e-04,-1.512381263297370539e-04,-1.425146923547453376e-04,-1.337761273357413990e-04,-1.250268002384065510e-04,-1.162707583220050128e-04,-1.075117557993915315e-04,-9.875325740024679566e-05,-8.999846569684675503e-05,-8.125031991767860768e-05,-7.251152083890753631e-05,-6.378452313468067317e-05,-5.507155579830918618e-05,-4.637460574795459047e-05,-3.769543193691928716e-05,-2.903553897468746741e-05,-2.039618485821367971e-05,-1.177834532777705294e-05,-3.182716853507738310e-06,5.390326523953732471e-06,1.394073289027019915e-05,2.246882135514074679e-05,3.097528231207041631e-05,3.946123009440786941e-05,4.792820122512235915e-05,5.637820852150588358e-05,6.481373471194353734e-05,7.323778613415954993e-05,8.165387982969470819e-05,9.006609587313496666e-05,9.847905673753942074e-05,1.068979777826836670e-04,1.153286378452702312e-04,1.237774275198177693e-04,1.322513099621428444e-04,1.407578667709667491e-04,1.493052481488625638e-04,1.579022164253766913e-04,1.665580848628124425e-04,1.752827590324574855e-04,1.840866636480339600e-04,1.929807821515220018e-04,2.019765710859837383e-04,2.110859984330518005e-04,2.203214452291149626e-04,2.296957434078209816e-04,2.392220646154668206e-04,2.489139585411568960e-04,2.587852292089928060e-04,2.688499750266675728e-04,2.791224532323843778e-04,2.896171231657654441e-04,3.003485000465147526e-04,3.113312032724152079e-04,3.225798013427105880e-04,3.341088673376366690e-04,3.459328175875900986e-04,3.580659768815153176e-04,3.705224144236081429e-04,3.833160217222246870e-04,3.964603504545872342e-04,4.099687064349257230e-04,4.238539953781629999e-04,4.381288371677883567e-04,4.528054277957801088e-04,4.678956804053923660e-04,4.834111164893755970e-04,4.993630461772022083e-04,5.157625122554795839e-04,5.326205361355518947e-04,5.499481598327951928e-04,5.677568129381328158e-04,5.860585390175989794e-04,6.048665935684369339e-04,6.241960157132783737e-04,6.440646640573387044e-04,6.644944220937912998e-04,6.855130425842425636e-04,7.071564851075603673e-04,7.294722054035138572e-04,7.525234580898228611e-04,7.763950861732020741e-04,8.012011427783995382e-04,8.270948848306057099e-04,8.542818733296046263e-04,8.830368848879827873e-04,9.137259172616323151e-04,9.468343420777094966e-04,9.830032817446858300e-04,1.023075894809223054e-03,1.068156676423824081e-03,1.119686084899854236e-03,1.179533880243270605e-03,1.250111954825833998e-03,1.334503318977831249e-03,1.436577749063603976e-03,1.561014273637368081e-03,1.713229682233064887e-03,1.899599565344812059e-03,2.127371385528745943e-03,2.399414702304039464e-03,2.701611747763430632e-03,2.998541608487878540e-03,3.254698842211386448e-03,3.469353882678037539e-03,3.696968042173321822e-03,4.037153397517674082e-03,4.602835390122713213e-03,5.500461285767904024e-03,6.783995830512166980e-03,8.173682755564170080e-03,8.431671803851993607e-03,4.721225344430429391e-03
0.000000000000000000e+00,0.000000000000000000e+00,0.000000000000000000e+00,0.000000000000000000e+00,0.000000000000000000e+00,0.000000000000000000e+00,0.000000000000000000e+00,0.000000000000000000e+00,0.000000000000000000e+00,0.000000000000000000e+00,0.000000000000000000e+00,0.000000000000000000e+00,0.000000000000000000e+00,0.000000000000000000e+00,0.000000000000000000e+00,0.000000000000000000e+00,0.000000000000000000e+00,0.000000000000000000e+00,0.000000000000000000e+00,0.000000000000000000e+00,0.000000000000000000e+00,0.000000000000000000e+00,0.000000000000000000e+00,0.000000000000000000e+00,0.000000000000000000e+00,0.000000000000000000e+00,0.000000000000000000e+00,0.000000000000000000e+00,0.000000000000000000e+00,0.000000000000000000e+00,0.000000000000000000e+00,0.000000000000000000e+00,0.000000000000000000e+00,0.000000000000000000e+00,0.000000000000000000e+00,0.000000000000000000e+00,0.000000000000000000e+00,0.000000000000000000e+00,0.000000000000000000e+00,0.000000000000000000e+00,0.000000000000000000e+00,0.000000000000000000e+00,0.000000000000000000e+00,0.000000000000000000e+00,0.000000000000000000e+00,0.000000000000000000e+00,0.000000000000000000e+00,0.000000000000000000e+00,0.000000000000000000e+00,0.000000000000000000e+00,0.000000000000000000e+00,0.000000000000000000e+00,0.000000000000000000e+00,0.000000000000000000e+00,0.000000000000000000e+00,0.000000000000000000e+00,0.000000000000000000e+00,0.000000000000000000e+00,0.000000000000000000e+00,0.000000000000000000e+00,0.000000000000000000e+00,0.000000000000000000e+00,0.000000000000000000e+00,0.000000000000000000e+00,0.000000000000000000e+00,0.000000000000000000e+00,0.000000000000000000e+00,0.000000000000000000e+00,0.000000000000000000e+00,0.000000000000000000e+00,0.000000000000000000e+00,0.000000000000000000e+00,0.000000000000000000e+00,0.000000000000000000e+00,0.000000000000000000e+00,0.000000000000000000e+00,0.000000000000000000e+00,0.000000000000000000e+00,0.000000000000000000e+00,0.000000000000000000e+00,0.000000000000000000e+00,0.000000000000000000e+00,0.000000000000000000e+00,0.000000000000000000e+00,0.000000000000000000e+00,0.000000000000000000e+00,0.000000000000000000e+00,0.000000000000000000e+00,0.000000000000000000e+00,0.000000000000000000e+00,0.000000000000000000e+00,0.000000000000000000e+00,0.000000000000000000e+00,0.000000000000000000e+00,0.000000000000000000e+00,0.000000000000000000e+00,0.000000000000000000e+00,0.000000000000000000e+00,0.000000000000000000e+00,0.000000000000000000e+00,0.000000000000000000e+00,0.000000000000000000e+00,0.000000000000000000e+00,0.000000000000000000e+00,0.000000000000000000e+00,0.000000000000000000e+00,0.000000000000000000e+00,0.000000000000000000e+00,0.000000000000000000e+00,0.000000000000000000e+00,0.000000000000000000e+00,0.000000000000000000e+00,0.000000000000000000e+00,0.000000000000000000e+00,0.000000000000000000e+00,0.000000000000000000e+00,0.000000000000000000e+00,0.000000000000000000e+00,0.000000000000000000e+00,0.000000000000000000e+00,0.000000000000000000e+00,0.000000000000000000e+00,0.000000000000000000e+00,0.000000000000000000e+00,0.000000000000000000e+00,0.000000000000000000e+00,0.000000000000000000e+00,0.000000000000000000e+00,0.000000000000000000e+00,0.000000000000000000e+00,0.000000000000000000e+00,0.000000000000000000e+00,0.000000000000000000e+00,0.000000000000000000e+00,0.000000000000000000e+00,0.000000000000000000e+00,0.000000000000000000e+00,0.000000000000000000e+00,0.000000000000000000e+00,0.000000000000000000e+00,0.000000000000000000e+00,0.000000000000000000e+00,0.000000000000000000e+00,0.000000000000000000e+00,0.000000000000000000e+00,0.000000000000000000e+00,0.000000000000000000e+00,0.000000000000000000e+00,0.000000000000000000e+00,0.000000000000000000e+00,0.000000000000000000e+00,0.000000000000000000e+00,0.000000000000000000e+00,0.000000000000000000e+00,0.000000000000000000e+00,0.000000000000000000e+00,0.000000000000000000e+00,0.000000000000000000e+00,0.000000000000000000e+00,0.000000000000000000e+00,0.000000000000000000e+00,0.000000000000000000e+00,0.000000000000000000e+00,0.000000000000000000e+00,0.000000000000000000e+00,0.000000000000000000e+00,0.000000000000000000e+00,0.000000000000000000e+00,0.000000000000000000e+00,0.000000000000000000e+00,0.000000000000000000e+00,0.000000000000000000e+00,0.000000000000000000e+00,0.000000000000000000e+00,0.000000000000000000e+00,0.000000000000000000e+00,-1.019744495899316261e-02,-1.157582670870546671e-02,-1.108658009869219890e-02,-9.855254000326631875e-03,-8.344215110765938401e-03,-6.810769124861180794e-03,-5.455353076349200858e-03,-4.349669227421933300e-03,-3.470806739179563803e-03,-2.780399075904141717e-03,-2.241325791422825887e-03,-1.821398220841540915e-03,-1.494730512148456127e-03,-1.240921736833924035e-03,-1.043985096475052651e-03,-8.914050394204790957e-04,-7.733797531402814051e-04,-6.822291041257718238e-04,-6.119341600488709251e-04,-5.577786834759790313e-04,-5.160693058489706836e-04,-4.839165053087687656e-04,-4.590627893802888266e-04,-4.397476162385011351e-04,-4.246010728684440085e-04,-4.125600660098294051e-04,-4.028022565052591006e-04,-3.946939340655980315e-04,-3.877489397988358004e-04,-3.815962783952492874e-04,-3.759546462650472406e-04,-3.706123907531433111e-04,-3.654118055361392048e-04,-3.602368155344223269e-04,-3.550033744637064647e-04,-3.496519662329857967e-04,-3.441417936057573467e-04,-3.384462608378717061e-04,-3.325494965929399636e-04,-3.264436630614942110e-04,-3.201268991824761487e-04,-3.136017347454916567e-04,-3.068738857661950791e-04,-2.999513277662754535e-04,-2.928435947194554735e-04,-2.855612402083205050e-04,-2.781154297904392977e-04,-2.705176282659508321e-04,-2.627793617941687741e-04,-2.549120375695945045e-04,-2.469268053825582928e-04,-2.388344575370243781e-04,-2.306453514940405775e-04,-2.223693619259304536e-04,-2.140158436252894347e-04,-2.055936197722240018e-04,-1.971109722027110107e-04,-1.885756547022642341e-04,-1.799949003811246635e-04,-1.713754504060822817e-04,-1.627235695984271342e-04,-1.540450827016744541e-04,-1.453453914922227393e-04,-1.366295132468228453e-04,-1.279020953045998201e-04,-1.191674528446743357e-04,-1.104295788537186431e-04,-1.016921798612281669e-04,-9.295868031858155319e-05,-8.423225558542904424e-05,-7.551582992106670893e-05,-6.681210577940537314e-05,-5.812355394818854754e-05,-4.945243738362844761e-05,-4.080079136487079172e-05,-3.217044005476375876e-05,-2.356296531893337540e-05,-1.497971583961024773e-05,-6.421765290054451677e-06,2.110084187453526693e-06,1.061535238267520501e-05,1.909388066907095460e-05,2.754588879881692199e-05,3.597197520902592412e-05,4.437317801098108127e-05,5.275097316619115388e-05,6.110733716583162736e-05,6.944474015416516547e-05,7.776620813470986628e-05,8.607530881022418278e-05,9.437621212107538985e-05,1.026736674173595629e-04,1.109730618241311649e-04,1.192803876814061255e-04,1.276022984201815127e-04,1.359460652575516300e-04,1.443196304256166699e-04,1.527315522496437998e-04,1.611910557995244067e-04,1.697079656357881070e-04,1.782927541248987646e-04,1.869564612290318319e-04,1.957107408457133707e-04,2.045677671329948315e-04,2.135402793912428803e-04,2.226414746027624569e-04,2.318850515743928209e-04,2.412850896480834087e-04,2.508560930573667017e-04,2.606128561428332408e-04,2.705705091660489292e-04,2.807443708671458933e-04,2.911499973348780817e-04,3.018030234070833567e-04,3.127192166247112098e-04,3.239143098191037649e-04,3.354040626850716272e-04,3.472040889048101002e-04,3.593299283956496114e-04,3.717968734261055592e-04,3.846200550220334386e-04,3.978142736394754144e-04,4.113941035248860228e-04,4.253737347331377149e-04,4.397670997585990385e-04,4.545877356862967704e-04,4.698489392836490471e-04,4.855636625637904527e-04,5.017447082191889545e-04,5.184046821876570369e-04,5.355562552643461935e-04,5.532122180650775800e-04,5.713858641799095901e-04,5.900912353990248700e-04,6.093437385031245761e-04,6.291607461977783994e-04,6.495626616677374317e-04,6.705741755077961833e-04,6.922261666695737545e-04,7.145581403631166492e-04,7.376216400880915161e-04,7.614847522295217167e-04,7.862381566953466697e-04,8.120031468690296853e-04,8.389421473596791112e-04,8.672725653969067970e-04,8.972846854954760667e-04,9.293650112412838674e-04,9.640261221648747762e-04,1.001945218721219267e-03,1.044012959607551819e-03,1.091395505763022170e-03,1.145611388772165224e-03,1.208625127518803523e-03,1.282954750964818971e-03,1.371780015955821478e-03,1.479004603371838729e-03,1.609211601986446733e-03,1.767617600291479692e-03,1.960162212653578442e-03,2.191914469824655411e-03,2.459603794403355040e-03,2.741678154719852378e-03,3.002241382320895106e-03,3.216052548869698883e-03,3.397175351668038981e-03,3.609521012444784436e-03,3.951685196744168620e-03,4.527658429193798933e-03,5.434685944554889896e-03,6.724188167719082412e-03,8.121600749730362515e-03,8.396659552266143300e-03,4.710984357005502943e-03
0.000000000000000000e+00,0.000000000000000000e+00,0.000000000000000000e+00,0.000000000000000000e+00,0.000000000000000000e+00,0.000000000000000000e+00,0.000000000000000000e+00,0.000000000000000000e+00,0.000000000000000000e+00,0.000000000000000000e+00,0.000000000000000000e+00,0.000000000000000000e+00,0.000000000000000000e+00,0.000000000000000000e+00,0.000000000000000000e+00,0.000000000000000000e+00,0.000000000000000000e+00,0.000000000000000000e+00,0.000000000000000000e+00,0.000000000000000000e+00,0.000000000000000000e+00,0.000000000000000000e+00,0.000000000000000000e+00,0.000000000000000000e+00,0.000000000000000000e+00,0.000000000000000000e+00,0.000000000000000000e+00,0.000000000000000000e+00,0.000000000000000000e+00,0.000000000000000000e+00,0.000000000000000000e+00,0.000000000000000000e+00,0.000000000000000000e+00,0.000000000000000000e+00,0.000000000000000000e+00,0.000000000000000000e+00,0.000000000000000000e+00,0.000000000000000000e+00,0.000000000000000000e+00,0.000000000000000000e+00,0.000000000000000000e+00,0.000000000000000000e+00,0.000000000000000000e+00,0.000000000000000000e+00,0.000000000000000000e+00,0.000000000000000000e+00,0.000000000000000000e+00,0.000000000000000000e+00,0.000000000000000000e+00,0.000000000000000000e+00,0.000000000000000000e+00,0.000000000000000000e+00,0.000000000000000000e+00,0.000000000000000000e+00,0.000000000000000000e+00,0.000000000000000000e+00,0.000000000000000000e+00,0.000000000000000000e+00,0.000000000000000000e+00,0.000000000000000000e+00,0.000000000000000000e+00,0.000000000000000000e+00,0.000000000000000000e+00,0.000000000000000000e+00,0.000000000000000000e+00,0.000000000000000000e+00,0.000000000000000000e+00,0.000000000000000000e+00,0.000000000000000000e+00,0.000000000000000000e+00,0.000000000000000000e+00,0.000000000000000000e+00,0.000000000000000000e+00,0.000000000000000000e+00,0.000000000000000000e+00,0.000000000000000000e+00,0.000000000000000000e+00,0.000000000000000000e+00,0.000000000000000000e+00,0.000000000000000000e+00,0.000000000000000000e+00,0.000000000000000000e+00,0.000000000000000000e+00,0.000000000000000000e+00,0.000000000000000000e+00,0.000000000000000000e+00,0.000000000000000000e+00,0.000000000000000000e+00,0.000000000000000000e+00,0.000000000000000000e+00,0.000000000000000000e+00,0.000000000000000000e+00,0.000000000000000000e+00,0.000000000000000000e+00,0.000000000000000000e+00,0.000000000000000000e+00,0.000000000000000000e+00,0.000000000000000000e+00,0.000000000000000000e+00,0.000000000000000000e+00,0.000000000000000000e+00,0.000000000000000000e+00,0.000000000000000000e+00,0.000000000000000000e+00,0.000000000000000000e+00,0.000000000000000000e+00,0.000000000000000000e+00,0.000000000000000000e+00,0.000000000000000000e+00,0.000000000000000000e+00,0.000000000000000000e+00,0.000000000000000000e+00,0.000000000000000000e+00,0.000000000000000000e+00,0.000000000000000000e+00,0.000000000000000000e+00,0.000000000000000000e+00,0.000000000000000000e+00,0.000000000000000000e+00,0.000000000000000000e+00,0.000000000000000000e+00,0.000000000000000000e+00,0.000000000000000000e+00,0.000000000000000000e+00,0.000000000000000000e+00,0.000000000000000000e+00,0.000000000000000000e+00,0.000000000000000000e+00,0.000000000000000000e+00,0.000000000000000000e+00,0.000000000000000000e+00,0.000000000000000000e+00,0.000000000000000000e+00,0.000000000000000000e+00,0.000000000000000000e+00,0.000000000000000000e+00,0.000000000000000000e+00,0.000000000000000000e+00,0.000000000000000000e+00,0.000000000000000000e+00,0.000000000000000000e+00,0.000000000000000000e+00,0.000000000000000000e+00,0.000000000000000000e+00,0.000000000000000000e+00,0.000000000000000000e+00,0.000000000000000000e+00,0.000000000000000000e+00,0.000000000000000000e+00,0.000000000000000000e+00,0.000000000000000000e+00,0.000000000000000000e+00,0.000000000000000000e+00,0.000000000000000000e+00,0.000000000000000000e+00,0.000000000000000000e+00,0.000000000000000000e+00,0.000000000000000000e+00,0.000000000000000000e+00,0.000000000000000000e+00,0.000000000000000000e+00,0.000000000000000000e+00,0.000000000000000000e+00,0.000000000000000000e+00,0.000000000000000000e+00,0.000000000000000000e+00,0.000000000000000000e+00,0.000000000000000000e+00,0.000000000000000000e+00,0.000000000000000000e+00,0.000000000000000000e+00,0.000000000000000000e+00,0.000000000000000000e+00,0.000000000000000000e+00,0.000000000000000000e+00,0.000000000000000000e+00,-1.026987305710798035e-02,-1.168644922165612728e-02,-1.120818189325877706e-02,-9.962889640579366407e-03,-8.425822446007922781e-03,-6.868083875566720342e-03,-5.495015310155820960e-03,-4.376625425242923646e-03,-3.488340138184406990e-03,-2.790908044996371143e-03,-2.246571065026873367e-03,-1.822743957716245434e-03,-1.493237157534651246e-03,-1.237408374611055455e-03,-1.039077517574817436e-03,-8.855755584072207360e-04,-7.669800324763619915e-04,-6.755167002189155397e-04,-6.050937474288510315e-04,-5.509389242367100084e-04,-5.093162144891546280e-04,-4.773040014111363540e-04,-4.526209943141942804e-04,-4.334893356457739338e-04,-4.185268215920047810e-04,-4.066619232786640274e-04,-3.970667873006647757e-04,-3.891043697125462020e-04,-3.822867762896979072e-04,-3.762424224788112601e-04,-3.706902143180403823e-04,-3.654192461547610361e-04,-3.602729013791942892e-04,-3.551363970074805296e-04,-3.499270807947491859e-04,-3.445868649692714167e-04,-3.390763688373554644e-04,-3.333703740984112537e-04,-3.274543302822785495e-04,-3.213216566159021216e-04,-3.149716807518021956e-04,-3.084080539408135457e-04,-3.016375463149036334e-04,-2.946691234850312897e-04,-2.875132457145589799e-04,-2.801813320656311294e-04,-2.726853518799928584e-04,-2.650375140728000387e-04,-2.572500271842872023e-04,-2.493349203976804153e-04,-2.413039023712916249e-04,-2.331682624543180858e-04,-2.249387906776723089e-04,-2.166257318532718531e-04,-2.082387467465443684e-04,-1.997869039684203017e-04,-1.912786702014451160e-04,-1.827219293195195867e-04,-1.741239918026311114e-04,-1.654916315549166044e-04,-1.568311053298289143e-04,-1.481481987086704949e-04,-1.394482479209675524e-04,-1.307361885777300406e-04,-1.220165747019421823e-04,-1.132936262542362141e-04,-1.045712423632969246e-04,-9.585304548590159034e-05,-8.714238722081430529e-05,-7.844238800313357482e-05,-6.975593453466089153e-05,-6.108571414042553529e-05,-5.243420257444329004e-05,-4.380369158500697517e-05,-3.519626521620271834e-05,-2.661381891303824220e-05,-1.805802296213802891e-05,-9.530332916117865923e-06,-1.031940842465392034e-06,7.436220952278031614e-06,1.587353846899093530e-05,2.427971599006043199e-05,3.265484173925590241e-05,4.099938860949618394e-05,4.931428441470653751e-05,5.760091031782178485e-05,6.586117295125844284e-05,7.409749733381496462e-05,8.231289838925718639e-05,9.051096575680637991e-05,9.869593324681330017e-05,1.068726539468874479e-04,1.150466670437634960e-04,1.232241621429629402e-04,1.314120432061930397e-04,1.396178811037704045e-04,1.478499745629748626e-04,1.561172900956602448e-04,1.644295200637770711e-04,1.727970092796927157e-04,1.812308104595275308e-04,1.897425968769815292e-04,1.983447155636506611e-04,2.070500854876294720e-04,2.158722489708564190e-04,2.248252550436718674e-04,2.339237097237989937e-04,2.431826444928806305e-04,2.526175663268414445e-04,2.622443116815124323e-04,2.720790975056539907e-04,2.821383617546276384e-04,2.924388170846191565e-04,3.029972797757910755e-04,3.138307284103950662e-04,3.249561241813798572e-04,3.363904775618482986e-04,3.481506642462113446e-04,3.602535034992501001e-04,3.727155752687424982e-04,3.855533143911707710e-04,3.987828355754837817e-04,4.124200478557854001e-04,4.264804952716926044e-04,4.409794962619165235e-04,4.559320096697387897e-04,4.713528053962742726e-04,4.872563696631004079e-04,5.036571187846459845e-04,5.205693678698806309e-04,5.380076136336074287e-04,5.559866127996380318e-04,5.745217901072687114e-04,5.936295163328770934e-04,6.133277566208958104e-04,6.336367190693059735e-04,6.545799662737101024e-04,6.761857485912877450e-04,6.984889887959889196e-04,7.215338559999024759e-04,7.453773432336930705e-04,7.700940297212848168e-04,7.957824642407042336e-04,8.225736757593312505e-04,8.506423361145960945e-04,8.802215137932732679e-04,9.116217410905839112e-04,9.452559059149769202e-04,9.816710332724801896e-04,1.021589144331874624e-03,1.065958579923962897e-03,1.116018207783774216e-03,1.173374933117799206e-03,1.240093899796760593e-03,1.318792670326729725e-03,1.412714428875355178e-03,1.525727733027712691e-03,1.662236178965898837e-03,1.827107011061265959e-03,2.025206245179208848e-03,2.258051317815437230e-03,2.515776332661338530e-03,2.771949081020596596e-03,2.994141235160852673e-03,3.168953134138488906e-03,3.323227765731855306e-03,3.526617300632413181e-03,3.873874937953749199e-03,4.459471505970133420e-03,5.372870888395621901e-03,6.665169577057388287e-03,8.068657681341366919e-03,8.361021404516838160e-03,4.701183789961700492e-03
0.000000000000000000e+00,0.000000000000000000e+00,0.000000000000000000e+00,0.000000000000000000e+00,0.000000000000000000e+00,0.000000000000000000e+00,0.000000000000000000e+00,0.000000000000000000e+00,0.000000000000000000e+00,0.000000000000000000e+00,0.000000000000000000e+00,0.000000000000000000e+00,0.000000000000000000e+00,0.000000000000000000e+00,0.000000000000000000e+00,0.000000000000000000e+00,0.000000000000000000e+00,0.000000000000000000e+00,0.000000000000000000e+00,0.000000000000000000e+00,0.000000000000000000e+00,0.000000000000000000e+00,0.000000000000000000e+00,0.000000000000000000e+00,0.000000000000000000e+00,0.000000000000000000e+00,0.000000000000000000e+00,0.000000000000000000e+00,0.000000000000000000e+00,0.000000000000000000e+00,0.000000000000000000e+00,0.000000000000000000e+00,0.000000000000000000e+00,0.000000000000000000e+00,0.000000000000000000e+00,0.000000000000000000e+00,0.000000000000000000e+00,0.000000000000000000e+00,0.000000000000000000e+00,0.000000000000000000e+00,0.000000000000000000e+00,0.000000000000000000e+00,0.000000000000000000e+00,0.000000000000000000e+00,0.000000000000000000e+00,0.000000000000000000e+00,0.000000000000000000e+00,0.000000000000000000e+00,0.000000000000000000e+00,0.000000000000000000e+00,0.000000000000000000e+00,0.000000000000000000e+00,0.000000000000000000e+00,0.000000000000000000e+00,0.000000000000000000e+00,0.000000000000000000e+00,0.000000000000000000e+00,0.000000000000000000e+00,0.000000000000000000e+00,0.000000000000000000e+00,0.000000000000000000e+00,0.000000000000000000e+00,0.000000000000000000e+00,0.000000000000000000e+00,0.000000000000000000e+00,0.000000000000000000e+00,0.000000000000000000e+00,0.000000000000000000e+00,0.000000000000000000e+00,0.000000000000000000e+00,0.000000000000000000e+00,0.000000000000000000e+00,0.000000000000000000e+00,0.000000000000000000e+00,0.000000000000000000e+00,0.000000000000000000e+00,0.000000000000000000e+00,0.000000000000000000e+00,0.000000000000000000e+00,0.000000000000000000e+00,0.000000000000000000e+00,0.000000000000000000e+00,0.000000000000000000e+00,0.000000000000000000e+00,0.000000000000000000e+00,0.000000000000000000e+00,0.000000000000000000e+00,0.000000000000000000e+00,0.000000000000000000e+00,0.000000000000000000e+00,0.000000000000000000e+00,0.000000000000000000e+00,0.000000000000000000e+00,0.000000000000000000e+00,0.000000000000000000e+00,0.000000000000000000e+00,0.000000000000000000e+00,0.000000000000000000e+00,0.000000000000000000e+00,0.000000000000000000e+00,0.000000000000000000e+00,0.000000000000000000e+00,0.000000000000000000e+00,0.000000000000000000e+00,0.000000000000000000e+00,0.000000000000000000e+00,0.000000000000000000e+00,0.000000000000000000e+00,0.000000000000000000e+00,0.000000000000000000e+00,0.000000000000000000e+00,0.000000000000000000e+00,0.000000000000000000e+00,0.000000000000000000e+00,0.000000000000000000e+00,0.000000000000000000e+00,0.000000000000000000e+00,0.000000000000000000e+00,0.000000000000000000e+00,0.000000000000000000e+00,0.000000000000000000e+00,0.000000000000000000e+00,0.000000000000000000e+00,0.000000000000000000e+00,0.000000000000000000e+00,0.000000000000000000e+00,0.000000000000000000e+00,0.000000000000000000e+00,0.000000000000000000e+00,0.000000000000000000e+00,0.000000000000000000e+00,0.000000000000000000e+00,0.000000000000000000e+00,0.000000000000000000e+00,0.000000000000000000e+00,0.000000000000000000e+00,0.000000000000000000e+00,0.000000000000000000e+00,0.000000000000000000e+00,0.000000000000000000e+00,0.000000000000000000e+00,0.000000000000000000e+00,0.000000000000000000e+00,0.000000000000000000e+00,0.000000000000000000e+00,0.000000000000000000e+00,0.000000000000000000e+00,0.000000000000000000e+00,0.000000000000000000e+00,0.000000000000000000e+00,0.000000000000000000e+00,0.000000000000000000e+00,0.000000000000000000e+00,0.000000000000000000e+00,0.000000000000000000e+00,0.000000000000000000e+00,0.000000000000000000e+00,0.000000000000000000e+00,0.000000000000000000e+00,0.000000000000000000e+00,0.000000000000000000e+00,0.000000000000000000e+00,0.000000000000000000e+00,0.000000000000000000e+00,0.000000000000000000e+00,0.000000000000000000e+00,0.000000000000000000e+00,0.000000000000000000e+00,0.000000000000000000e+00,0.000000000000000000e+00,0.000000000000000000e+00,0.000000000000000000e+00,0.000000000000000000e+00,0.000000000000000000e+00,0.000000000000000000e+00,0.000000000000000000e+00,-1.034070391622352904e-02,-1.179523443821664345e-02,-1.132774845026823796e-02,-1.006850496169079713e-02,-8.505871876973247411e-03,-6.924572111175969838e-03,-5.534503825803706312e-03,-4.403844100149772664e-03,-3.506371441563213391e-03,-2.802025900802220231e-03,-2.252479039200193812e-03,-1.824776204764379890e-03,-1.492438015894770754e-03,-1.234587663154871609e-03,-1.034855506527602087e-03,-8.804212340164484099e-04,-7.612429996718154609e-04,-6.694531592457442790e-04,-5.988873759141114580e-04,-5.447175582912701028e-04,-5.031651229480873372e-04,-4.712764069659176902e-04,-4.467463692064760827e-04,-4.277798966710713081e-04,-4.129825694582289417e-04,-4.012745093395090126e-04,-3.918224404635191230e-04,-3.839860772736652830e-04,-3.772758773021128416e-04,-3.713197460523968898e-04,-3.658368685107927696e-04,-3.606171454420469490e-04,-3.555050996993944028e-04,-3.503872823470192640e-04,-3.451824707396309536e-04,-3.398340370182635216e-04,-3.343040461650720937e-04,-3.285686861189326133e-04,-3.226147567204130408e-04,-3.164369657202014156e-04,-3.100358632435650181e-04,-3.034162586000820863e-04,-2.965860149696042738e-04,-2.895551291625891410e-04,-2.823350299548104824e-04,-2.749380445614696563e-04,-2.673769878514567727e-04,-2.596648527620425660e-04,-2.518145668525267758e-04,-2.438388137722499358e-04,-2.357498881101121940e-04,-2.275595972292518735e-04,-2.192791776883067621e-04,-2.109192510332883993e-04,-2.024897827231253065e-04,-1.940000776696395722e-04,-1.854587703374715177e-04,-1.768738501094937847e-04,-1.682526730951966595e-04,-1.596020078655157009e-04,-1.509280594825195118e-04,-1.422365263974393484e-04,-1.335326280956405562e-04,-1.248211655593123564e-04,-1.161065460546202246e-04,-1.073928419332108433e-04,-9.868380837377418655e-05,-8.998293735702798197e-05,-8.129346591734411655e-05,-7.261842360555884860e-05,-6.396062994569452992e-05,-5.532273447050919517e-05,-4.670720230716700929e-05,-3.811634566565164572e-05,-2.955229601995438930e-05,-2.101702566416371499e-05,-1.251230525621022177e-05,-4.039715268057679932e-06,4.399410408506361619e-06,1.280398096339019866e-05,2.117321626715348981e-05,2.950664777643598500e-05,3.780419406312680744e-05,4.606616259022549241e-05,5.429333019720081633e-05,6.248694233092684264e-05,7.064879550261795314e-05,7.878123046402395332e-05,8.688721385769843314e-05,9.497032238016896752e-05,1.030348218599421789e-04,1.110856405652404833e-04,1.191284450387085781e-04,1.271696014501068426e-04,1.352162480053928481e-04,1.432762434396247836e-04,1.513582359798342077e-04,1.594715981724443893e-04,1.676264925579397586e-04,1.758337921695998774e-04,1.841051432167661644e-04,1.924528706615800163e-04,2.008900382528533684e-04,2.094303386413521348e-04,2.180881511564829092e-04,2.268784160746228538e-04,2.358166906672444995e-04,2.449190075452829926e-04,2.542019297601505034e-04,2.636823936593783160e-04,2.733777642304620033e-04,2.833056636910397065e-04,2.934840288777836796e-04,3.039309278922757633e-04,3.146646221613582750e-04,3.257033748526501089e-04,3.370655211801031970e-04,3.487692738701625721e-04,3.608328061737970478e-04,3.732740611758414017e-04,3.861108525605742772e-04,3.993606858166781040e-04,4.130408820025184818e-04,4.271684200128871142e-04,4.417600888182764357e-04,4.568323617178154288e-04,4.724015841040623783e-04,4.884838949170501382e-04,5.050954625827934691e-04,5.222524792167959791e-04,5.399714716960093844e-04,5.582694165961944082e-04,5.771641844238876388e-04,5.966748682057396690e-04,6.168224803833567346e-04,6.376306728709086550e-04,6.591269203763780882e-04,6.813439624326082713e-04,7.043219082811367658e-04,7.281109929933265827e-04,7.527753762856690886e-04,7.783982318490124518e-04,8.050885505992247696e-04,8.329902486064625971e-04,8.622941077892996159e-04,8.932535852741394769e-04,9.262052258559796839e-04,9.615952596537735101e-04,1.000013397372234193e-03,1.042235884933874739e-03,1.089278765097674616e-03,1.142462834564355679e-03,1.203488791310193323e-03,1.274518031235098367e-03,1.358242816015958103e-03,1.457911751153094255e-03,1.577266801907271183e-03,1.720403619379118863e-03,1.891504287895784051e-03,2.093456422447968149e-03,2.323204866547217383e-03,2.565074959377797344e-03,2.790991540045957217e-03,2.975047813001474063e-03,3.115780600803236440e-03,3.250049339578368109e-03,3.449805772606417010e-03,3.803921542559139581e-03,4.397463454971012146e-03,5.313806561918763167e-03,6.605785190040147116e-03,8.013897272075803588e-03,8.324021406369648893e-03,4.691488661624279403e-03
0.000000000000000000e+00,0.000000000000000000e+00,0.000000000000000000e+00,0.000000000000000000e+00,0.000000000000000000e+00,0.000000000000000000e+00,0.000000000000000000e+00,0.000000000000000000e+00,0.000000000000000000e+00,0.000000000000000000e+00,0.000000000000000000e+00,0.000000000000000000e+00,0.000000000000000000e+00,0.000000000000000000e+00,0.000000000000000000e+00,0.000000000000000000e+00,0.000000000000000000e+00,0.000000000000000000e+00,0.000000000000000000e+00,0.000000000000000000e+00,0.000000000000000000e+00,0.000000000000000000e+00,0.000000000000000000e+00,0.000000000000000000e+00,0.000000000000000000e+00,0.000000000000000000e+00,0.000000000000000000e+00,0.000000000000000000e+00,0.000000000000000000e+00,0.000000000000000000e+00,0.000000000000000000e+00,0.000000000000000000e+00,0.000000000000000000e+00,0.000000000000000000e+00,0.000000000000000000e+00,0.000000000000000000e+00,0.000000000000000000e+00,0.000000000000000000e+00,0.000000000000000000e+00,0.000000000000000000e+00,0.000000000000000000e+00,0.000000000000000000e+00,0.000000000000000000e+00,0.000000000000000000e+00,0.000000000000000000e+00,0.000000000000000000e+00,0.000000000000000000e+00,0.000000000000000000e+00,0.000000000000000000e+00,0.000000000000000000e+00,0.000000000000000000e+00,0.000000000000000000e+00,0.000000000000000000e+00,0.000000000000000000e+00,0.000000000000000000e+00,0.000000000000000000e+00,0.000000000000000000e+00,0.000000000000000000e+00,0.000000000000000000e+00,0.000000000000000000e+00,0.000000000000000000e+00,0.000000000000000000e+00,0.000000000000000000e+00,0.000000000000000000e+00,0.000000000000000000e+00,0.000000000000000000e+00,0.000000000000000000e+00,0.000000000000000000e+00,0.000000000000000000e+00,0.000000000000000000e+00,0.000000000000000000e+00,0.000000000000000000e+00,0.000000000000000000e+00,0.000000000000000000e+00,0.000000000000000000e+00,0.000000000000000000e+00,0.000000000000000000e+00,0.000000000000000000e+00,0.000000000000000000e+00,0.000000000000000000e+00,0.000000000000000000e+00,0.000000000000000000e+00,0.000000000000000000e+00,0.000000000000000000e+00,0.000000000000000000e+00,0.000000000000000000e+00,0.000000000000000000e+00,0.000000000000000000e+00,0.000000000000000000e+00,0.000000000000000000e+00,0.000000000000000000e+00,0.000000000000000000e+00,0.000000000000000000e+00,0.000000000000000000e+00,0.000000000000000000e+00,0.000000000000000000e+00,0.000000000000000000e+00,0.000000000000000000e+00,0.000000000000000000e+00,0.000000000000000000e+00,0.000000000000000000e+00,0.000000000000000000e+00,0.000000000000000000e+00,0.000000000000000000e+00,0.000000000000000000e+00,0.000000000000000000e+00,0.000000000000000000e+00,0.000000000000000000e+00,0.000000000000000000e+00,0.000000000000000000e+00,0.000000000000000000e+00,0.000000000000000000e+00,0.000000000000000000e+00,0.000000000000000000e+00,0.000000000000000000e+00,0.000000000000000000e+00,0.000000000000000000e+00,0.000000000000000000e+00,0.000000000000000000e+00,0.000000000000000000e+00,0.000000000000000000e+00,0.000000000000000000e+00,0.000000000000000000e+00,0.000000000000000000e+00,0.000000000000000000e+00,0.000000000000000000e+00,0.000000000000000000e+00,0.000000000000000000e+00,0.000000000000000000e+00,0.000000000000000000e+00,0.000000000000000000e+00,0.000000000000000000e+00,0.000000000000000000e+00,0.000000000000000000e+00,0.000000000000000000e+00,0.000000000000000000e+00,0.000000000000000000e+00,0.000000000000000000e+00,0.000000000000000000e+00,0.000000000000000000e+00,0.000000000000000000e+00,0.000000000000000000e+00,0.000000000000000000e+00,0.000000000000000000e+00,0.000000000000000000e+00,0.000000000000000000e+00,0.000000000000000000e+00,0.000000000000000000e+00,0.000000000000000000e+00,0.000000000000000000e+00,0.000000000000000000e+00,0.000000000000000000e+00,0.000000000000000000e+00,0.000000000000000000e+00,0.000000000000000000e+00,0.000000000000000000e+00,0.000000000000000000e+00,0.000000000000000000e+00,0.000000000000000000e+00,0.000000000000000000e+00,0.000000000000000000e+00,0.000000000000000000e+00,0.000000000000000000e+00,0.000000000000000000e+00,0.000000000000000000e+00,0.000000000000000000e+00,0.000000000000000000e+00,0.000000000000000000e+00,0.000000000000000000e+00,0.000000000000000000e+00,0.000000000000000000e+00,0.000000000000000000e+00,0.000000000000000000e+00,0.000000000000000000e+00,0.000000000000000000e+00,0.000000000000000000e+00,-1.040980040154000294e-02,-1.190196510128746499e-02,-1.144505241744720944e-02,-1.017192238787090024e-02,-8.584263668444697126e-03,-6.980209774266570369e-03,-5.573846355681324159e-03,-4.431369831994672916e-03,-3.524947087852654034e-03,-2.813800714462669564e-03,-2.259098421650662051e-03,-1.827543545040261237e-03,-1.492380780693550353e-03,-1.232505823264457749e-03,-1.031363441179694541e-03,-8.759843846917546957e-04,-7.562087943624249808e-04,-6.640763791596965759e-04,-5.933506732283964002e-04,-5.391479372224346634e-04,-4.976471182156046646e-04,-4.658625708764910374e-04,-4.414655647512092198e-04,-4.226438033762205276e-04,-4.079907349821923512e-04,-3.964182251452393101e-04,-3.870876713564107741e-04,-3.793556395601764683e-04,-3.727310245317115751e-04,-3.668412972371852977e-04,-3.614059853626580316e-04,-3.562158487779809005e-04,-3.511165923858840026e-04,-3.459961361015905543e-04,-3.407747159434263025e-04,-3.353971899941163336e-04,-3.298270938840040171e-04,-3.240420479137457507e-04,-3.180302307754385971e-04,-3.117876710104436084e-04,-3.053161775375590106e-04,-2.986217584481346454e-04,-2.917134145290729364e-04,-2.846022217177301777e-04,-2.773006273399512183e-04,-2.698219178832221782e-04,-2.621798042774772168e-04,-2.543881121489442970e-04,-2.464605331083657156e-04,-2.384104454410118645e-04,-2.302507633911739097e-04,-2.219938386946439810e-04,-2.136513722384766466e-04,-2.052343710873150043e-04,-1.967531044657245415e-04,-1.882171030124907805e-04,-1.796351485848974347e-04,-1.710153064671784322e-04,-1.623649399254736814e-04,-1.536907659717905530e-04,-1.449988848455433497e-04,-1.362948493832068827e-04,-1.275836997296719789e-04,-1.188700373747723904e-04,-1.101580571381923282e-04,-1.014516191626523299e-04,-9.275427257745047895e-05,-8.406932103935715113e-05,-7.539983457140876741e-05,-6.674870616833198571e-05,-5.811864997953316284e-05,-4.951224785630561204e-05,-4.093193288731990887e-05,-3.238002509535977563e-05,-2.385869920783646381e-05,-1.537000854076580870e-05,-6.915836056594698716e-06,1.502093551372216760e-06,9.882278692414084358e-06,1.822343823102847319e-05,2.652458911193503131e-05,3.478504901769792051e-05,4.300452282969065732e-05,5.118310633913441887e-05,5.932137796750489294e-05,6.742039963796969118e-05,7.548181042608751703e-05,8.350782076134266433e-05,9.150130491674205986e-05,9.946578522556233067e-05,1.074055213180125139e-04,1.153254822447331038e-04,1.232314316501118261e-04,1.311298866817230103e-04,1.390281989930676812e-04,1.469344996519712592e-04,1.548577760676281550e-04,1.628078022028595073e-04,1.707952116539759825e-04,1.788314125767739426e-04,1.869286572447755002e-04,1.950999411418653242e-04,2.033590693097219316e-04,2.117205390643568587e-04,2.201996034156502614e-04,2.288121369730213082e-04,2.375746968050186051e-04,2.465043714145221678e-04,2.556188396605242065e-04,2.649362032795529254e-04,2.744750449884700251e-04,2.842542459919616157e-04,2.942930451812663306e-04,3.046108444412988676e-04,3.152272719438320458e-04,3.261619798024327607e-04,3.374347156968517266e-04,3.490651193166198637e-04,3.610728076956490123e-04,3.734771786594539189e-04,3.862975160018392029e-04,3.995528095837269471e-04,4.132618867998071434e-04,4.274432602232940918e-04,4.421152921714931400e-04,4.572960827107321914e-04,4.730036759249071888e-04,4.892560055990413919e-04,5.060711576970009385e-04,5.234674016373097897e-04,5.414635382389528136e-04,5.600790674225239463e-04,5.793346829654368426e-04,5.992526738790882610e-04,6.198576916756180647e-04,6.411775719833118876e-04,6.632446216788144468e-04,6.860972107581106037e-04,7.097820441393612760e-04,7.343571573346517525e-04,7.598960047912730947e-04,7.864929576986392145e-04,8.142706254293632148e-04,8.433896725672400179e-04,8.740616657025250926e-04,9.065660636497399182e-04,9.412720807903466854e-04,9.786670075296976905e-04,1.019391851744158627e-03,1.064286023072157257e-03,1.114441246890660996e-03,1.171264687895620009e-03,1.236546958102083390e-03,1.312525304187994605e-03,1.401918245357132876e-03,1.507894266621434857e-03,1.633942562512459779e-03,1.783626679572135072e-03,1.959903385926416077e-03,2.162777513110628481e-03,2.384374957352075955e-03,2.605063572659773678e-03,2.798325092695894741e-03,2.946580637486410741e-03,3.059175836815185637e-03,3.179913748552645140e-03,3.380127262369040687e-03,3.741560790171483911e-03,4.340553114568064703e-03,5.256202855925640009e-03,6.544904969664947121e-03,7.956408156327936590e-03,8.284939409308399519e-03,4.681547444590029167e-03
0.000000000000000000e+00,0.000000000000000000e+00,0.000000000000000000e+00,0.000000000000000000e+00,0.000000000000000000e+00,0.000000000000000000e+00,0.000000000000000000e+00,0.000000000000000000e+00,0.000000000000000000e+00,0.000000000000000000e+00,0.000000000000000000e+00,0.000000000000000000e+00,0.000000000000000000e+00,0.000000000000000000e+00,0.000000000000000000e+00,0.000000000000000000e+00,0.000000000000000000e+00,0.000000000000000000e+00,0.000000000000000000e+00,0.000000000000000000e+00,0.000000000000000000e+00,0.000000000000000000e+00,0.000000000000000000e+00,0.000000000000000000e+00,0.000000000000000000e+00,0.000000000000000000e+00,0.000000000000000000e+00,0.000000000000000000e+00,0.000000000000000000e+00,0.000000000000000000e+00,0.000000000000000000e+00,0.000000000000000000e+00,0.000000000000000000e+00,0.000000000000000000e+00,0.000000000000000000e+00,0.000000000000000000e+00,0.000000000000000000e+00,0.000000000000000000e+00,0.000000000000000000e+00,0.000000000000000000e+00,0.000000000000000000e+00,0.000000000000000000e+00,0.000000000000000000e+00,0.000000000000000000e+00,0.000000000000000000e+00,0.000000000000000000e+00,0.000000000000000000e+00,0.000000000000000000e+00,0.000000000000000000e+00,0.000000000000000000e+00,0.000000000000000000e+00,0.000000000000000000e+00,0.000000000000000000e+00,0.000000000000000000e+00,0.000000000000000000e+00,0.000000000000000000e+00,0.000000000000000000e+00,0.000000000000000000e+00,0.000000000000000000e+00,0.000000000000000000e+00,0.000000000000000000e+00,0.000000000000000000e+00,0.000000000000000000e+00,0.000000000000000000e+00,0.000000000000000000e+00,0.000000000000000000e+00,0.000000000000000000e+00,0.000000000000000000e+00,0.000000000000000000e+00,0.000000000000000000e+00,0.000000000000000000e+00,0.000000000000000000e+00,0.000000000000000000e+00,0.000000000000000000e+00,0.000000000000000000e+00,0.000000000000000000e+00,0.000000000000000000e+00,0.000000000000000000e+00,0.000000000000000000e+00,0.000000000000000000e+00,0.000000000000000000e+00,0.000000000000000000e+00,0.000000000000000000e+00,0.000000000000000000e+00,0.000000000000000000e+00,0.000000000000000000e+00,0.000000000000000000e+00,0.000000000000000000e+00,0.000000000000000000e+00,0.000000000000000000e+00,0.000000000000000000e+00,0.000000000000000000e+00,0.000000000000000000e+00,0.000000000000000000e+00,0.000000000000000000e+00,0.000000000000000000e+00,0.000000000000000000e+00,0.000000000000000000e+00,0.000000000000000000e+00,0.000000000000000000e+00,0.000000000000000000e+00,0.000000000000000000e+00,0.000000000000000000e+00,0.000000000000000000e+00,0.000000000000000000e+00,0.000000000000000000e+00,0.000000000000000000e+00,0.000000000000000000e+00,0.000000000000000000e+00,0.000000000000000000e+00,0.000000000000000000e+00,0.000000000000000000e+00,0.000000000000000000e+00,0.000000000000000000e+00,0.000000000000000000e+00,0.000000000000000000e+00,0.000000000000000000e+00,0.000000000000000000e+00,0.000000000000000000e+00,0.000000000000000000e+00,0.000000000000000000e+00,0.000000000000000000e+00,0.000000000000000000e+00,0.000000000000000000e+00,0.000000000000000000e+00,0.000000000000000000e+00,0.000000000000000000e+00,0.000000000000000000e+00,0.000000000000000000e+00,0.000000000000000000e+00,0.000000000000000000e+00,0.000000000000000000e+00,0.000000000000000000e+00,0.000000000000000000e+00,0.000000000000000000e+00,0.000000000000000000e+00,0.000000000000000000e+00,0.000000000000000000e+00,0.000000000000000000e+00,0.000000000000000000e+00,0.000000000000000000e+00,0.000000000000000000e+00,0.000000000000000000e+00,0.000000000000000000e+00,0.000000000000000000e+00,0.000000000000000000e+00,0.000000000000000000e+00,0.000000000000000000e+00,0.000000000000000000e+00,0.000000000000000000e+00,0.000000000000000000e+00,0.000000000000000000e+00,0.000000000000000000e+00,0.000000000000000000e+00,0.000000000000000000e+00,0.000000000000000000e+00,0.000000000000000000e+00,0.000000000000000000e+00,0.000000000000000000e+00,0.000000000000000000e+00,0.000000000000000000e+00,0.000000000000000000e+00,0.000000000000000000e+00,0.000000000000000000e+00,0.000000000000000000e+00,0.000000000000000000e+00,0.000000000000000000e+00,0.000000000000000000e+00,0.000000000000000000e+00,0.000000000000000000e+00,0.000000000000000000e+00,0.000000000000000000e+00,0.000000000000000000e+00,0.000000000000000000e+00,0.000000000000000000e+00,0.000000000000000000e+00,-1.047703649768025672e-02,-1.200643095710540731e-02,-1.155987119504160894e-02,-1.027297029496337423e-02,-8.660905955843418297e-03,-7.034980728829729781e-03,-5.613074680014046823e-03,-4.459246773919033069e-03,-3.544111606282331593e-03,-2.826278051797258967e-03,-2.266475211767614729e-03,-1.831091736650633257e-03,-1.493110220186711929e-03,-1.231206052837630202e-03,-1.028642562795487481e-03,-8.723040518041465458e-04,-7.519141040064242524e-04,-6.594205952497977745e-04,-5.885153609898976547e-04,-5.342592354337057699e-04,-4.927888176178318088e-04,-4.610865647335148174e-04,-4.368001371422481792e-04,-4.181001430153263323e-04,-4.035679957336615062e-04,-3.921074067404506109e-04,-3.828745477046166935e-04,-3.752229305149720208e-04,-3.686599708619174120e-04,-3.628127762806162941e-04,-3.574012749140188252e-04,-3.522171315672122495e-04,-3.471072687695404596e-04,-3.419610036708435239e-04,-3.367000546698264984e-04,-3.312707880621609834e-04,-3.256382331454605130e-04,-3.197814688224700423e-04,-3.136900833422877561e-04,-3.073614625435278124e-04,-3.007987165775686741e-04,-2.940091008652805614e-04,-2.870028075833287295e-04,-2.797920500224516829e-04,-2.723903551126940917e-04,-2.648120310376882733e-04,-2.570717465614412943e-04,-2.491842193524678893e-04,-2.411639599445705511e-04,-2.330250899230383479e-04,-2.247811838756325357e-04,-2.164451692477881259e-04,-2.080292320083513430e-04,-1.995447740896839667e-04,-1.910023658693376866e-04,-1.824117489472210259e-04,-1.737818258029853421e-04,-1.651206992909451550e-04,-1.564356907661123761e-04,-1.477334069175191198e-04,-1.390197761263752365e-04,-1.303001318563090432e-04,-1.215792563093138974e-04,-1.128614699103246843e-04,-1.041506725983277251e-04,-9.545043095741436985e-05,-8.676400986518009555e-05,-7.809445135256314107e-05,-6.944459179135793704e-05,-6.081712896269417213e-05,-5.221462220079267700e-05,-4.363954616565336649e-05,-3.509427291167491425e-05,-2.658111185908012958e-05,-1.810227314152824550e-05,-9.659893370605242231e-06,-1.255979786302848655e-06,7.107577805491491920e-06,1.542908099660744237e-05,2.370702200693144209e-05,3.194017224352140277e-05,4.012758794227158654e-05,4.826870859019274663e-05,5.636336388207132086e-05,6.441187766161927432e-05,7.241507167469931477e-05,8.037437123483729079e-05,8.829180157454659178e-05,9.617009180799567685e-05,1.040126602225690725e-04,1.118237141045874098e-04,1.196082215908211155e-04,1.273720063717311858e-04,1.351217049610976178e-04,1.428648562402691231e-04,1.506098435293263388e-04,1.583659792228055900e-04,1.661434311457401472e-04,1.739533026095777695e-04,1.818075425922357114e-04,1.897190215682654612e-04,1.977014250439410666e-04,2.057693254247198197e-04,2.139380583687158365e-04,2.222237908283584908e-04,2.306433797335601284e-04,2.392144363546817615e-04,2.479551671337557354e-04,2.568844347777737630e-04,2.660215817430207461e-04,2.753864890691524406e-04,2.849993841854705731e-04,2.948808995116158232e-04,3.050518679398052358e-04,3.155333846172146532e-04,3.263465955610315170e-04,3.375127676151941630e-04,3.490530779139403212e-04,3.609886984610928573e-04,3.733405962434405254e-04,3.861296399120968652e-04,3.993764220763552637e-04,4.131013961817528511e-04,4.273247340909109193e-04,4.420665020291695028e-04,4.573465689074819097e-04,4.731848325283230560e-04,4.896011990912576845e-04,5.066158773463060386e-04,5.242494607896648487e-04,5.425233228861087425e-04,5.614598570471835944e-04,5.810830394107301382e-04,6.014189299121392015e-04,6.224965368234354739e-04,6.443487765670720315e-04,6.670139040934223518e-04,6.905373043009185212e-04,7.149739869356984629e-04,7.403918888747708458e-04,7.668763293739330701e-04,7.945360036782250258e-04,8.235109205928884410e-04,8.539830268381035702e-04,8.861900514815899575e-04,9.204437252966618781e-04,9.571530569003398837e-04,9.968541422555603389e-04,1.040247068916485152e-03,1.088241006696694839e-03,1.142006492488617042e-03,1.203032714015114541e-03,1.273181815368861804e-03,1.354724889322268463e-03,1.450330369548867744e-03,1.562967692286865813e-03,1.695690042131774546e-03,1.851183310004883911e-03,2.030548552104900067e-03,2.230357227406486523e-03,2.438599352267075814e-03,2.634106175071748105e-03,2.794474924313635963e-03,2.910965240832799616e-03,3.001772658347078016e-03,3.114646618024189545e-03,3.318054107053236470e-03,3.686090958836180098e-03,4.287444443226736193e-03,5.198737356051272816e-03,6.481456932728908889e-03,7.895347565651749874e-03,8.243088875243758523e-03,4.670998903101624723e-03
0.000000000000000000e+00,0.000000000000000000e+00,0.000000000000000000e+00,0.000000000000000000e+00,0.000000000000000000e+00,0.000000000000000000e+00,0.000000000000000000e+00,0.000000000000000000e+00,0.000000000000000000e+00,0.000000000000000000e+00,0.000000000000000000e+00,0.000000000000000000e+00,0.000000000000000000e+00,0.000000000000000000e+00,0.000000000000000000e+00,0.000000000000000000e+00,0.000000000000000000e+00,0.000000000000000000e+00,0.000000000000000000e+00,0.000000000000000000e+00,0.000000000000000000e+00,0.000000000000000000e+00,0.000000000000000000e+00,0.000000000000000000e+00,0.000000000000000000e+00,0.000000000000000000e+00,0.000000000000000000e+00,0.000000000000000000e+00,0.000000000000000000e+00,0.000000000000000000e+00,0.000000000000000000e+00,0.000000000000000000e+00,0.000000000000000000e+00,0.000000000000000000e+00,0.000000000000000000e+00,0.000000000000000000e+00,0.000000000000000000e+00,0.000000000000000000e+00,0.000000000000000000e+00,0.000000000000000000e+00,0.000000000000000000e+00,0.000000000000000000e+00,0.000000000000000000e+00,0.000000000000000000e+00,0.000000000000000000e+00,0.000000000000000000e+00,0.000000000000000000e+00,0.000000000000000000e+00,0.000000000000000000e+00,0.000000000000000000e+00,0.000000000000000000e+00,0.000000000000000000e+00,0.000000000000000000e+00,0.000000000000000000e+00,0.000000000000000000e+00,0.000000000000000000e+00,0.000000000000000000e+00,0.000000000000000000e+00,0.000000000000000000e+00,0.000000000000000000e+00,0.000000000000000000e+00,0.000000000000000000e+00,0.000000000000000000e+00,0.000000000000000000e+00,0.000000000000000000e+00,0.000000000000000000e+00,0.000000000000000000e+00,0.000000000000000000e+00,0.000000000000000000e+00,0.000000000000000000e+00,0.000000000000000000e+00,0.000000000000000000e+00,0.000000000000000000e+00,0.000000000000000000e+00,0.000000000000000000e+00,0.000000000000000000e+00,0.000000000000000000e+00,0.000000000000000000e+00,0.000000000000000000e+00,0.000000000000000000e+00,0.000000000000000000e+00,0.000000000000000000e+00,0.000000000000000000e+00,0.000000000000000000e+00,0.000000000000000000e+00,0.000000000000000000e+00,0.000000000000000000e+00,0.000000000000000000e+00,0.000000000000000000e+00,0.000000000000000000e+00,0.000000000000000000e+00,0.000000000000000000e+00,0.000000000000000000e+00,0.000000000000000000e+00,0.000000000000000000e+00,0.000000000000000000e+00,0.000000000000000000e+00,0.000000000000000000e+00,0.000000000000000000e+00,0.000000000000000000e+00,0.000000000000000000e+00,0.000000000000000000e+00,0.000000000000000000e+00,0.000000000000000000e+00,0.000000000000000000e+00,0.000000000000000000e+00,0.000000000000000000e+00,0.000000000000000000e+00,0.000000000000000000e+00,0.000000000000000000e+00,0.000000000000000000e+00,0.000000000000000000e+00,0.000000000000000000e+00,0.000000000000000000e+00,0.000000000000000000e+00,0.000000000000000000e+00,0.000000000000000000e+00,0.000000000000000000e+00,0.000000000000000000e+00,0.000000000000000000e+00,0.000000000000000000e+00,0.000000000000000000e+00,0.000000000000000000e+00,0.000000000000000000e+00,0.000000000000000000e+00,0.000000000000000000e+00,0.000000000000000000e+00,0.000000000000000000e+00,0.000000000000000000e+00,0.000000000000000000e+00,0.000000000000000000e+00,0.000000000000000000e+00,0.000000000000000000e+00,0.000000000000000000e+00,0.000000000000000000e+00,0.000000000000000000e+00,0.000000000000000000e+00,0.000000000000000000e+00,0.000000000000000000e+00,0.000000000000000000e+00,0.000000000000000000e+00,0.000000000000000000e+00,0.000000000000000000e+00,0.000000000000000000e+00,0.000000000000000000e+00,0.000000000000000000e+00,0.000000000000000000e+00,0.000000000000000000e+00,0.000000000000000000e+00,0.000000000000000000e+00,0.000000000000000000e+00,0.000000000000000000e+00,0.000000000000000000e+00,0.000000000000000000e+00,0.000000000000000000e+00,0.000000000000000000e+00,0.000000000000000000e+00,0.000000000000000000e+00,0.000000000000000000e+00,0.000000000000000000e+00,0.000000000000000000e+00,0.000000000000000000e+00,0.000000000000000000e+00,0.000000000000000000e+00,0.000000000000000000e+00,0.000000000000000000e+00,0.000000000000000000e+00,0.000000000000000000e+00,0.000000000000000000e+00,0.000000000000000000e+00,0.000000000000000000e+00,0.000000000000000000e+00,0.000000000000000000e+00,0.000000000000000000e+00,0.000000000000000000e+00,0.000000000000000000e+00,-1.054229703196504948e-02,-1.210843077655171171e-02,-1.167198982822697899e-02,-1.037148433978048699e-02,-8.735715215091834768e-03,-7.088876384068454155e-03,-5.652223417688262072e-03,-4.487517245605939127e-03,-3.563906389218145059e-03,-2.839500046274190219e-03,-2.274652073443732703e-03,-1.835463387123462044e-03,-1.494668195292264343e-03,-1.230728932971438981e-03,-1.026731824166522700e-03,-8.694173382900444559e-04,-7.483940377411386555e-04,-6.555188245624767908e-04,-5.844122962907858255e-04,-5.300801059655834693e-04,-4.886166473098616219e-04,-4.569725850681532011e-04,-4.327720688499299851e-04,-4.141687154590047268e-04,-3.997320127716327918e-04,-3.883576285603554390e-04,-3.791966136543589824e-04,-3.715995205514766161e-04,-3.650723663395860305e-04,-3.592419603665842156e-04,-3.538286813892243285e-04,-3.486251364096933049e-04,-3.434794926118466549e-04,-3.382824847958321927e-04,-3.329573308948267202e-04,-3.274519228105948992e-04,-3.217328039178512632e-04,-3.157805376238505919e-04,-3.095861547151392327e-04,-3.031484395054476525e-04,-2.964718529967615233e-04,-2.895649557909180582e-04,-2.824391965722631843e-04,-2.751079970809043530e-04,-2.675860390374346846e-04,-2.598887295769329955e-04,-2.520317721964512045e-04,-2.440308508051947762e-04,-2.359013638160226134e-04,-2.276582375915552027e-04,-2.193157588089925114e-04,-2.108874708838143512e-04,-2.023860720173759867e-04,-1.938233720365077791e-04,-1.852102405686624270e-04,-1.765566131875453309e-04,-1.678714809856692003e-04,-1.591629380541437124e-04,-1.504382040674535534e-04,-1.417037036461992990e-04,-1.329651111994722631e-04,-1.242274504046013666e-04,-1.154951489499082118e-04,-1.067721459064066808e-04,-9.806194472513954353e-05,-8.936771800839069901e-05,-8.069234949106729080e-05,-7.203852846660857155e-05,-6.340877432997818887e-05,-5.480551582529019091e-05,-4.623109457828742693e-05,-3.768782706836677602e-05,-2.917798593108575773e-05,-2.070384436323052677e-05,-1.226763505739826100e-05,-3.871577311559144113e-06,4.482186201431212899e-06,1.279157865482854680e-05,2.105467291497441906e-05,2.926969399622942494e-05,3.743511949100957885e-05,4.554968981375500671e-05,5.361251960977513666e-05,6.162310972064823273e-05,6.958146427982417749e-05,7.748809908705361286e-05,8.534415997464979376e-05,9.315142294722386412e-05,1.009124100086009220e-04,1.086303770826136506e-04,1.163094245217317739e-04,1.239544701655848904e-04,1.315713533465461460e-04,1.391667919295080295e-04,1.467484798467882381e-04,1.543250277269857165e-04,1.619060544041045577e-04,1.695021108848645815e-04,1.771247663044276483e-04,1.847865149628330527e-04,1.925008571241702945e-04,2.002821887658886126e-04,2.081458774185578607e-04,2.161081341146730195e-04,2.241860842186024403e-04,2.323976210181139858e-04,2.407614714181520541e-04,2.492970309055214640e-04,2.580244242416835396e-04,2.669643223124579874e-04,2.761379986840575189e-04,2.855671302366023984e-04,2.952738517154711848e-04,3.052805440646149250e-04,3.156098908465999994e-04,3.262846606893012643e-04,3.373277714135695287e-04,3.487620756709527048e-04,3.606104404598714616e-04,3.728955475214524792e-04,3.856399973879489902e-04,3.988661382793068952e-04,4.125962049995913496e-04,4.268521922505785467e-04,4.416560402045271679e-04,4.570295712336305653e-04,4.729947371945960764e-04,4.895736443297722456e-04,5.067888846889979362e-04,5.246636857316002746e-04,5.432223647015590974e-04,5.624906639599974592e-04,5.824964021015910116e-04,6.032701064307961856e-04,6.248460061358034274e-04,6.472631731772026395e-04,6.705671413705736189e-04,6.948119541518351641e-04,7.200629447834765422e-04,7.464004171899325931e-04,7.739245458232207669e-04,8.027619453861647861e-04,8.330743008458348434e-04,8.650698523437777999e-04,8.990182438507295570e-04,9.352698735091408535e-04,9.742803011905118785e-04,1.016640929499591306e-03,1.063116001823237759e-03,1.114686027545173756e-03,1.172594991952728184e-03,1.238396369055028189e-03,1.313985852325681106e-03,1.401600324810990195e-03,1.503750204849847250e-03,1.623045629369263346e-03,1.761852020419498073e-03,1.921558300124244110e-03,2.100911368792934136e-03,2.293110719019486859e-03,2.483442659340785730e-03,2.651596006517585070e-03,2.780858405823118367e-03,2.870743955356142105e-03,2.945933537029546672e-03,3.055489129769487031e-03,3.263479243749370200e-03,3.636430559017551391e-03,4.236695928256371466e-03,5.140107757193290369e-03,6.414460925982805491e-03,7.829965424435255533e-03,8.197836529571620942e-03,4.659481392990692979e-03
0.000000000000000000e+00,0.000000000000000000e+00,0.000000000000000000e+00,0.000000000000000000e+00,0.000000000000000000e+00,0.000000000000000000e+00,0.000000000000000000e+00,0.000000000000000000e+00,0.000000000000000000e+00,0.000000000000000000e+00,0.000000000000000000e+00,0.000000000000000000e+00,0.000000000000000000e+00,0.000000000000000000e+00,0.000000000000000000e+00,0.000000000000000000e+00,0.000000000000000000e+00,0.000000000000000000e+00,0.000000000000000000e+00,0.000000000000000000e+00,0.000000000000000000e+00,0.000000000000000000e+00,0.000000000000000000e+00,0.000000000000000000e+00,0.000000000000000000e+00,0.000000000000000000e+00,0.000000000000000000e+00,0.000000000000000000e+00,0.000000000000000000e+00,0.000000000000000000e+00,0.000000000000000000e+00,0.000000000000000000e+00,0.000000000000000000e+00,0.000000000000000000e+00,0.000000000000000000e+00,0.000000000000000000e+00,0.000000000000000000e+00,0.000000000000000000e+00,0.000000000000000000e+00,0.000000000000000000e+00,0.000000000000000000e+00,0.000000000000000000e+00,0.000000000000000000e+00,0.000000000000000000e+00,0.000000000000000000e+00,0.000000000000000000e+00,0.000000000000000000e+00,0.000000000000000000e+00,0.000000000000000000e+00,0.000000000000000000e+00,0.000000000000000000e+00,0.000000000000000000e+00,0.000000000000000000e+00,0.000000000000000000e+00,0.000000000000000000e+00,0.000000000000000000e+00,0.000000000000000000e+00,0.000000000000000000e+00,0.000000000000000000e+00,0.000000000000000000e+00,0.000000000000000000e+00,0.000000000000000000e+00,0.000000000000000000e+00,0.000000000000000000e+00,0.000000000000000000e+00,0.000000000000000000e+00,0.000000000000000000e+00,0.000000000000000000e+00,0.000000000000000000e+00,0.000000000000000000e+00,0.000000000000000000e+00,0.000000000000000000e+00,0.000000000000000000e+00,0.000000000000000000e+00,0.000000000000000000e+00,0.000000000000000000e+00,0.000000000000000000e+00,0.000000000000000000e+00,0.000000000000000000e+00,0.000000000000000000e+00,0.000000000000000000e+00,0.000000000000000000e+00,0.000000000000000000e+00,0.000000000000000000e+00,0.000000000000000000e+00,0.000000000000000000e+00,0.000000000000000000e+00,0.000000000000000000e+00,0.000000000000000000e+00,0.000000000000000000e+00,0.000000000000000000e+00,0.000000000000000000e+00,0.000000000000000000e+00,0.000000000000000000e+00,0.000000000000000000e+00,0.000000000000000000e+00,0.000000000000000000e+00,0.000000000000000000e+00,0.000000000000000000e+00,0.000000000000000000e+00,0.000000000000000000e+00,0.000000000000000000e+00,0.000000000000000000e+00,0.000000000000000000e+00,0.000000000000000000e+00,0.000000000000000000e+00,0.000000000000000000e+00,0.000000000000000000e+00,0.000000000000000000e+00,0.000000000000000000e+00,0.000000000000000000e+00,0.000000000000000000e+00,0.000000000000000000e+00,0.000000000000000000e+00,0.000000000000000000e+00,0.000000000000000000e+00,0.000000000000000000e+00,0.000000000000000000e+00,0.000000000000000000e+00,0.000000000000000000e+00,0.000000000000000000e+00,0.000000000000000000e+00,0.000000000000000000e+00,0.000000000000000000e+00,0.000000000000000000e+00,0.000000000000000000e+00,0.000000000000000000e+00,0.000000000000000000e+00,0.000000000000000000e+00,0.000000000000000000e+00,0.000000000000000000e+00,0.000000000000000000e+00,0.000000000000000000e+00,0.000000000000000000e+00,0.000000000000000000e+00,0.000000000000000000e+00,0.000000000000000000e+00,0.000000000000000000e+00,0.000000000000000000e+00,0.000000000000000000e+00,0.000000000000000000e+00,0.000000000000000000e+00,0.000000000000000000e+00,0.000000000000000000e+00,0.000000000000000000e+00,0.000000000000000000e+00,0.000000000000000000e+00,0.000000000000000000e+00,0.000000000000000000e+00,0.000000000000000000e+00,0.000000000000000000e+00,0.000000000000000000e+00,0.000000000000000000e+00,0.000000000000000000e+00,0.000000000000000000e+00,0.000000000000000000e+00,0.000000000000000000e+00,0.000000000000000000e+00,0.000000000000000000e+00,0.000000000000000000e+00,0.000000000000000000e+00,0.000000000000000000e+00,0.000000000000000000e+00,0.000000000000000000e+00,0.000000000000000000e+00,0.000000000000000000e+00,0.000000000000000000e+00,0.000000000000000000e+00,0.000000000000000000e+00,0.000000000000000000e+00,0.000000000000000000e+00,0.000000000000000000e+00,0.000000000000000000e+00,0.000000000000000000e+00,0.000000000000000000e+00,0.000000000000000000e+00,-1.060548005258511728e-02,-1.220777464422903580e-02,-1.178120358639086693e-02,-1.046731199519723710e-02,-8.808620467845234420e-03,-7.141897796613249673e-03,-5.691330041457717988e-03,-4.516221107600314026e-03,-3.584368838081754705e-03,-2.853504393374184985e-03,-2.283667141898219378e-03,-1.840696566102188953e-03,-1.497092033649270217e-03,-1.231110503610769943e-03,-1.025665588981313631e-03,-8.673566567757916377e-04,-7.456788538928542636e-04,-6.523990165055087781e-04,-5.810670027263901841e-04,-5.266335629929806694e-04,-4.851510599727937301e-04,-4.535384999841319707e-04,-4.293966463847356330e-04,-4.108622498147098908e-04,-3.964929980918884597e-04,-3.851766358738739409e-04,-3.760592028531090244e-04,-3.684883864480699824e-04,-3.619688814133662858e-04,-3.561272570477801158e-04,-3.506843841705004029e-04,-3.454338400375408548e-04,-3.402250548333005955e-04,-3.349501941876599671e-04,-3.295339875529167931e-04,-3.239258673327109414e-04,-3.180939117948077661e-04,-3.120201983380302825e-04,-3.056972399380968541e-04,-2.991252702890524989e-04,-2.923101633201480938e-04,-2.852618575629933600e-04,-2.779931401942815103e-04,-2.705187308238157719e-04,-2.628545604013846678e-04,-2.550172317826394290e-04,-2.470235793532011789e-04,-2.388903457057429069e-04,-2.306339028883850684e-04,-2.222700581022799839e-04,-2.138138739619611310e-04,-2.052795590189836347e-04,-1.966803565229012290e-04,-1.880284990675966795e-04,-1.793351518766077833e-04,-1.706104217538979677e-04,-1.618633471400651117e-04,-1.531019540372640622e-04,-1.443332846905207392e-04,-1.355634908484524355e-04,-1.267978896255371902e-04,-1.180410811441738085e-04,-1.092970175389061259e-04,-1.005691306957094417e-04,-9.186040042437279573e-05,-8.317347939243180952e-05,-7.451074881626328550e-05,-6.587443065506809784e-05,-5.726662245129312179e-05,-4.868939033005709546e-05,-4.014477815630572948e-05,-3.163487842081355502e-05,-2.316181412890972133e-05,-1.472778740159304099e-05,-6.335034478143283499e-06,2.014146904182775534e-06,1.031746829555527052e-05,1.857264256022777486e-05,2.677747816845071498e-05,3.492988689013444320e-05,4.302799688487748937e-05,5.107016982755956450e-05,5.905512620588493160e-05,6.698196471440714223e-05,7.485029333097718710e-05,8.266024468508406838e-05,9.041260768200947697e-05,9.810883364371307818e-05,1.057511642164629082e-04,1.133426239782109519e-04,1.208871415047453905e-04,1.283895255745313990e-04,1.358555779928312152e-04,1.432920522489166694e-04,1.507067581949477603e-04,1.581085030530752545e-04,1.655071886334899447e-04,1.729137348108387116e-04,1.803401699498736435e-04,1.877995368649731001e-04,1.953059769125778790e-04,2.028746182410285986e-04,2.105216536660848279e-04,2.182642107385584628e-04,2.261204231226761482e-04,2.341092818515573158e-04,2.422506997418704647e-04,2.505653434551592348e-04,2.590746907431923872e-04,2.678008438069608859e-04,2.767665800414186093e-04,2.859951488042929320e-04,2.955103178806733574e-04,3.053361581438214620e-04,3.154970900858909276e-04,3.260176637647409312e-04,3.369226121582787363e-04,3.482366369070962679e-04,3.599844775898473773e-04,3.721907167755463593e-04,3.848798764116707471e-04,3.980762585453326871e-04,4.118040820478429558e-04,4.260873784361215392e-04,4.409501847843629529e-04,4.564165182256577145e-04,4.725106453532617570e-04,4.892571658003034944e-04,5.066813870220960485e-04,5.248095600815975243e-04,5.436694063253325266e-04,5.632905741765054227e-04,5.837054010985675634e-04,6.049497130316989222e-04,6.270639805848641449e-04,6.500946881340142211e-04,6.740961898732430015e-04,6.991330734169760603e-04,7.252832864432134019e-04,7.526422630408659796e-04,7.813283308128597150e-04,8.114899084375886990e-04,8.433148504406232614e-04,8.770427561517490402e-04,9.129806805096932773e-04,9.515232866178127257e-04,9.931777503515040566e-04,1.038594182880426186e-03,1.088600833415091394e-03,1.144242835156568426e-03,1.206819774637617757e-03,1.277913953952225252e-03,1.359393253530030710e-03,1.453363999369322590e-03,1.562037966879877005e-03,1.687465388284886420e-03,1.831032189423163151e-03,1.992464687023788334e-03,2.168010149812438225e-03,2.348196235793461890e-03,2.517375729189457595e-03,2.657980572863376852e-03,2.759528157424433539e-03,2.828452479965886442e-03,2.893526966367632614e-03,3.003026613399122514e-03,3.215757653705567619e-03,3.591204516229027591e-03,4.186799874139982350e-03,5.079085051906557721e-03,6.343060532802749160e-03,7.759627113784014173e-03,8.148622715502878630e-03,4.646644456858357690e-03
0.000000000000000000e+00,0.000000000000000000e+00,0.000000000000000000e+00,0.000000000000000000e+00,0.000000000000000000e+00,0.000000000000000000e+00,0.000000000000000000e+00,0.000000000000000000e+00,0.000000000000000000e+00,0.000000000000000000e+00,0.000000000000000000e+00,0.000000000000000000e+00,0.000000000000000000e+00,0.000000000000000000e+00,0.000000000000000000e+00,0.000000000000000000e+00,0.000000000000000000e+00,0.000000000000000000e+00,0.000000000000000000e+00,0.000000000000000000e+00,0.000000000000000000e+00,0.000000000000000000e+00,0.000000000000000000e+00,0.000000000000000000e+00,0.000000000000000000e+00,0.000000000000000000e+00,0.000000000000000000e+00,0.000000000000000000e+00,0.000000000000000000e+00,0.000000000000000000e+00,0.000000000000000000e+00,0.000000000000000000e+00,0.000000000000000000e+00,0.000000000000000000e+00,0.000000000000000000e+00,0.000000000000000000e+00,0.000000000000000000e+00,0.000000000000000000e+00,0.000000000000000000e+00,0.000000000000000000e+00,0.000000000000000000e+00,0.000000000000000000e+00,0.000000000000000000e+00,0.000000000000000000e+00,0.000000000000000000e+00,0.000000000000000000e+00,0.000000000000000000e+00,0.000000000000000000e+00,0.000000000000000000e+00,0.000000000000000000e+00,0.000000000000000000e+00,0.000000000000000000e+00,0.000000000000000000e+00,0.000000000000000000e+00,0.000000000000000000e+00,0.000000000000000000e+00,0.000000000000000000e+00,0.000000000000000000e+00,0.000000000000000000e+00,0.000000000000000000e+00,0.000000000000000000e+00,0.000000000000000000e+00,0.000000000000000000e+00,0.000000000000000000e+00,0.000000000000000000e+00,0.000000000000000000e+00,0.000000000000000000e+00,0.000000000000000000e+00,0.000000000000000000e+00,0.000000000000000000e+00,0.000000000000000000e+00,0.000000000000000000e+00,0.000000000000000000e+00,0.000000000000000000e+00,0.000000000000000000e+00,0.000000000000000000e+00,0.000000000000000000e+00,0.000000000000000000e+00,0.000000000000000000e+00,0.000000000000000000e+00,0.000000000000000000e+00,0.000000000000000000e+00,0.000000000000000000e+00,0.000000000000000000e+00,0.000000000000000000e+00,0.000000000000000000e+00,0.000000000000000000e+00,0.000000000000000000e+00,0.000000000000000000e+00,0.000000000000000000e+00,0.000000000000000000e+00,0.000000000000000000e+00,0.000000000000000000e+00,0.000000000000000000e+00,0.000000000000000000e+00,0.000000000000000000e+00,0.000000000000000000e+00,0.000000000000000000e+00,0.000000000000000000e+00,0.000000000000000000e+00,0.000000000000000000e+00,0.000000000000000000e+00,0.000000000000000000e+00,0.000000000000000000e+00,0.000000000000000000e+00,0.000000000000000000e+00,0.000000000000000000e+00,0.000000000000000000e+00,0.000000000000000000e+00,0.000000000000000000e+00,0.000000000000000000e+00,0.000000000000000000e+00,0.000000000000000000e+00,0.000000000000000000e+00,0.000000000000000000e+00,0.000000000000000000e+00,0.000000000000000000e+00,0.000000000000000000e+00,0.000000000000000000e+00,0.000000000000000000e+00,0.000000000000000000e+00,0.000000000000000000e+00,0.000000000000000000e+00,0.000000000000000000e+00,0.000000000000000000e+00,0.000000000000000000e+00,0.000000000000000000e+00,0.000000000000000000e+00,0.000000000000000000e+00,0.000000000000000000e+00,0.000000000000000000e+00,0.000000000000000000e+00,0.000000000000000000e+00,0.000000000000000000e+00,0.000000000000000000e+00,0.000000000000000000e+00,0.000000000000000000e+00,0.000000000000000000e+00,0.000000000000000000e+00,0.000000000000000000e+00,0.000000000000000000e+00,0.000000000000000000e+00,0.000000000000000000e+00,0.000000000000000000e+00,0.000000000000000000e+00,0.000000000000000000e+00,0.000000000000000000e+00,0.000000000000000000e+00,0.000000000000000000e+00,0.000000000000000000e+00,0.000000000000000000e+00,0.000000000000000000e+00,0.000000000000000000e+00,0.000000000000000000e+00,0.000000000000000000e+00,0.000000000000000000e+00,0.000000000000000000e+00,0.000000000000000000e+00,0.000000000000000000e+00,0.000000000000000000e+00,0.000000000000000000e+00,0.000000000000000000e+00,0.000000000000000000e+00,0.000000000000000000e+00,0.000000000000000000e+00,0.000000000000000000e+00,0.000000000000000000e+00,0.000000000000000000e+00,0.000000000000000000e+00,0.000000000000000000e+00,0.000000000000000000e+00,0.000000000000000000e+00,0.000000000000000000e+00,0.000000000000000000e+00,0.000000000000000000e+00,0.000000000000000000e+00,-1.066649580105546655e-02,-1.230428542236664674e-02,-1.188732095551364720e-02,-1.056031392817060981e-02,-8.879563624252346035e-03,-7.194055000888589096e-03,-5.730433493342696610e-03,-4.545394415892334804e-03,-3.605531340016315811e-03,-2.868323648866321664e-03,-2.293553623081639493e-03,-1.846824715385299992e-03,-1.500414801389541577e-03,-1.232382949268612899e-03,-1.025474793626118342e-03,-8.661514243101200343e-04,-7.437962400168756424e-04,-6.500869611302140683e-04,-5.785032392266400850e-04,-5.239412332506019829e-04,-4.824114798320056985e-04,-4.508014903000348616e-04,-4.266887916219066893e-04,-4.081934144704656522e-04,-3.938613868124061232e-04,-3.825726597160265135e-04,-3.734683743185761447e-04,-3.658934452093031277e-04,-3.593513148863093512e-04,-3.534683617725224865e-04,-3.479659797289619055e-04,-3.426387334740609285e-04,-3.373373245658560157e-04,-3.319553542357502594e-04,-3.264190696032102869e-04,-3.206794554475532444e-04,-3.147061462303305706e-04,-3.084827666948537143e-04,-3.020033592977112275e-04,-2.952696690258580100e-04,-2.882890593017571395e-04,-2.810729366988298241e-04,-2.736355289591582045e-04,-2.659929650441121107e-04,-2.581625432134066422e-04,-2.501621831964962839e-04,-2.420099709591767281e-04,-2.337238240550208062e-04,-2.253211963535589342e-04,-2.168188722019101392e-04,-2.082327713561122923e-04,-1.995778305514434199e-04,-1.908678807184316156e-04,-1.821155975450768419e-04,-1.733324389227441247e-04,-1.645286561890451792e-04,-1.557132851344343518e-04,-1.468942112238894059e-04,-1.380782061713290885e-04,-1.292710371264799531e-04,-1.204775364499133727e-04,-1.117017404189438824e-04,-1.029469761432643234e-04,-9.421601304417872734e-05,-8.551115018078495110e-05,-7.683436471767517227e-05,-6.818738518221997131e-05,-5.957182434255181639e-05,-5.098922767811541108e-05,-4.244118223245278341e-05,-3.392933390658991154e-05,-2.545546828332416871e-05,-1.702149461335062108e-05,-8.629498436728609236e-06,-2.816931633036529626e-07,8.019553537626492422e-06,1.627179833492675812e-05,2.447251911525822127e-05,3.261922039718943844e-05,4.070944880846485194e-05,4.874091969125578689e-05,5.671154399310642007e-05,6.461956833564528203e-05,7.246360492210543621e-05,8.024277730708470092e-05,8.795674584732664485e-05,9.560585291053887071e-05,1.031911379650607983e-04,1.107144774015489814e-04,1.181785846357693404e-04,1.255871410790554768e-04,1.329447782148031928e-04,1.402571981173097982e-04,1.475311364144043299e-04,1.547744725277597243e-04,1.619961737806233538e-04,1.692063963382967420e-04,1.764164110655479874e-04,1.836386961018223352e-04,1.908868448718031624e-04,1.981756508521855746e-04,2.055209977658630654e-04,2.129399365687619319e-04,2.204505574130781974e-04,2.280720583047240123e-04,2.358245981206942056e-04,2.437293560665586539e-04,2.518083652194417241e-04,2.600845621722242440e-04,2.685816015262106732e-04,2.773238961397518697e-04,2.863364148544806200e-04,2.956447156235160836e-04,3.052747314785644785e-04,3.152528013568201178e-04,3.256054526655751324e-04,3.363594375438549848e-04,3.475415240122613019e-04,3.591785483889612307e-04,3.712972306839494607e-04,3.839242568611443392e-04,3.970861379189121300e-04,4.108093389348520708e-04,4.251202055734531939e-04,4.400451609757947795e-04,4.556107289814999035e-04,4.718438259558645773e-04,4.887719181539535145e-04,5.064234456342300243e-04,5.248281650909460919e-04,5.440177620611234529e-04,5.640264575845289939e-04,5.848919038124080882e-04,6.066561880925193297e-04,6.293671862459330980e-04,6.530802075721034959e-04,6.778601327204902697e-04,7.037841476164505804e-04,7.309452646546595045e-04,7.594569409874150911e-04,7.894590175387369065e-04,8.211255374148577557e-04,8.546747316440048581e-04,8.903819717150770943e-04,9.285959813259645488e-04,9.697591483988198674e-04,1.014431847325503481e-03,1.063320880995295139e-03,1.117310250247145753e-03,1.177491368885565451e-03,1.245185677914579722e-03,1.321948431912253882e-03,1.409534213975215415e-03,1.509796680941920570e-03,1.624483711055681266e-03,1.754869843623547586e-03,1.901107024130794989e-03,2.061098255845935506e-03,2.228895224095718813e-03,2.393485016319830353e-03,2.539947390163601812e-03,2.654587846489288739e-03,2.732830271123062697e-03,2.786320178898825124e-03,2.845780087191857044e-03,2.957191482493557767e-03,3.173795691178425346e-03,3.548850680978079576e-03,4.136264972894614436e-03,5.014563299730013905e-03,6.266550472048438604e-03,7.683832947524321839e-03,8.094980837522179964e-03,4.632161972244769159e-03
0.000000000000000000e+00,0.000000000000000000e+00,0.000000000000000000e+00,0.000000000000000000e+00,0.000000000000000000e+00,0.000000000000000000e+00,0.000000000000000000e+00,0.000000000000000000e+00,0.000000000000000000e+00,0.000000000000000000e+00,0.000000000000000000e+00,0.000000000000000000e+00,0.000000000000000000e+00,0.000000000000000000e+00,0.000000000000000000e+00,0.000000000000000000e+00,0.000000000000000000e+00,0.000000000000000000e+00,0.000000000000000000e+00,0.000000000000000000e+00,0.000000000000000000e+00,0.000000000000000000e+00,0.000000000000000000e+00,0.000000000000000000e+00,0.000000000000000000e+00,0.000000000000000000e+00,0.000000000000000000e+00,0.000000000000000000e+00,0.000000000000000000e+00,0.000000000000000000e+00,0.000000000000000000e+00,0.000000000000000000e+00,0.000000000000000000e+00,0.000000000000000000e+00,0.000000000000000000e+00,0.000000000000000000e+00,0.000000000000000000e+00,0.000000000000000000e+00,0.000000000000000000e+00,0.000000000000000000e+00,0.000000000000000000e+00,0.000000000000000000e+00,0.000000000000000000e+00,0.000000000000000000e+00,0.000000000000000000e+00,0.000000000000000000e+00,0.000000000000000000e+00,0.000000000000000000e+00,0.000000000000000000e+00,0.000000000000000000e+00,0.000000000000000000e+00,0.000000000000000000e+00,0.000000000000000000e+00,0.000000000000000000e+00,0.000000000000000000e+00,0.000000000000000000e+00,0.000000000000000000e+00,0.000000000000000000e+00,0.000000000000000000e+00,0.000000000000000000e+00,0.000000000000000000e+00,0.000000000000000000e+00,0.000000000000000000e+00,0.000000000000000000e+00,0.000000000000000000e+00,0.000000000000000000e+00,0.000000000000000000e+00,0.000000000000000000e+00,0.000000000000000000e+00,0.000000000000000000e+00,0.000000000000000000e+00,0.000000000000000000e+00,0.000000000000000000e+00,0.000000000000000000e+00,0.000000000000000000e+00,0.000000000000000000e+00,0.000000000000000000e+00,0.000000000000000000e+00,0.000000000000000000e+00,0.000000000000000000e+00,0.000000000000000000e+00,0.000000000000000000e+00,0.000000000000000000e+00,0.000000000000000000e+00,0.000000000000000000e+00,0.000000000000000000e+00,0.000000000000000000e+00,0.000000000000000000e+00,0.000000000000000000e+00,0.000000000000000000e+00,0.000000000000000000e+00,0.000000000000000000e+00,0.000000000000000000e+00,0.000000000000000000e+00,0.000000000000000000e+00,0.000000000000000000e+00,0.000000000000000000e+00,0.000000000000000000e+00,0.000000000000000000e+00,0.000000000000000000e+00,0.000000000000000000e+00,0.000000000000000000e+00,0.000000000000000000e+00,0.000000000000000000e+00,0.000000000000000000e+00,0.000000000000000000e+00,0.000000000000000000e+00,0.000000000000000000e+00,0.000000000000000000e+00,0.000000000000000000e+00,0.000000000000000000e+00,0.000000000000000000e+00,0.000000000000000000e+00,0.000000000000000000e+00,0.000000000000000000e+00,0.000000000000000000e+00,0.000000000000000000e+00,0.000000000000000000e+00,0.000000000000000000e+00,0.000000000000000000e+00,0.000000000000000000e+00,0.000000000000000000e+00,0.000000000000000000e+00,0.000000000000000000e+00,0.000000000000000000e+00,0.000000000000000000e+00,0.000000000000000000e+00,0.000000000000000000e+00,0.000000000000000000e+00,0.000000000000000000e+00,0.000000000000000000e+00,0.000000000000000000e+00,0.000000000000000000e+00,0.000000000000000000e+00,0.000000000000000000e+00,0.000000000000000000e+00,0.000000000000000000e+00,0.000000000000000000e+00,0.000000000000000000e+00,0.000000000000000000e+00,0.000000000000000000e+00,0.000000000000000000e+00,0.000000000000000000e+00,0.000000000000000000e+00,0.000000000000000000e+00,0.000000000000000000e+00,0.000000000000000000e+00,0.000000000000000000e+00,0.000000000000000000e+00,0.000000000000000000e+00,0.000000000000000000e+00,0.000000000000000000e+00,0.000000000000000000e+00,0.000000000000000000e+00,0.000000000000000000e+00,0.000000000000000000e+00,0.000000000000000000e+00,0.000000000000000000e+00,0.000000000000000000e+00,0.000000000000000000e+00,0.000000000000000000e+00,0.000000000000000000e+00,0.000000000000000000e+00,0.000000000000000000e+00,0.000000000000000000e+00,0.000000000000000000e+00,0.000000000000000000e+00,0.000000000000000000e+00,0.000000000000000000e+00,0.000000000000000000e+00,0.000000000000000000e+00,0.000000000000000000e+00,0.000000000000000000e+00,0.000000000000000000e+00,0.000000000000000000e+00,0.000000000000000000e+00,-1.072526823315386735e-02,-1.239780050909254118e-02,-1.199016563949593071e-02,-1.065036843932201660e-02,-8.948503681831875695e-03,-7.245368880089940455e-03,-5.769573789550569952e-03,-4.575068598579240704e-03,-3.627420391494636746e-03,-2.883984238226724832e-03,-2.304338613358285128e-03,-1.853875260669583845e-03,-1.504663641535290653e-03,-1.234572582438599490e-03,-1.026184476419968227e-03,-8.658250430940986819e-04,-7.427676616410891107e-04,-6.486019390111291130e-04,-5.767379041369698461e-04,-5.220174843183636795e-04,-4.804096426193125817e-04,-4.487706001736562443e-04,-4.246548328175470252e-04,-4.061658235163582401e-04,-3.918380985829190478e-04,-3.805439538819172527e-04,-3.714197464405892459e-04,-3.638077056626374357e-04,-3.572100830863176148e-04,-3.512531037205358420e-04,-3.456587027485601800e-04,-3.402224372166503586e-04,-3.347962777942278313e-04,-3.292752582508369150e-04,-3.235871452207379046e-04,-3.176844876736884763e-04,-3.115385019499473029e-04,-3.051344026157391787e-04,-2.984678225588240736e-04,-2.915420980745447367e-04,-2.843661806791434482e-04,-2.769530606234858077e-04,-2.693185365865577376e-04,-2.614802886835128283e-04,-2.534571320987594038e-04,-2.452684563411865562e-04,-2.369337508211778439e-04,-2.284722537866895164e-04,-2.199026361810127732e-04,-2.112427793178334862e-04,-2.025095608251513966e-04,-1.937187231322352757e-04,-1.848847367973883060e-04,-1.760207442123250244e-04,-1.671384905906729015e-04,-1.582483363737687302e-04,-1.493592504262528998e-04,-1.404788850757414354e-04,-1.316136235391562230e-04,-1.227687069820641603e-04,-1.139483225549849874e-04,-1.051557661445497172e-04,-9.639355247512270829e-05,-8.766359383923530381e-05,-7.896731221873058324e-05,-7.030581475522274654e-05,-6.167998999876256447e-05,-5.309066435380967831e-05,-4.453866889768196685e-05,-3.602496596235023438e-05,-2.755067822299363774e-05,-1.911718005138400266e-05,-1.072608599268118866e-05,-2.379306598334692611e-06,5.921002293358143629e-06,1.417241625611484722e-05,2.237232856835531206e-05,3.051795498003672611e-05,3.860645071859859540e-05,4.663493732553280433e-05,5.460064348798346475e-05,6.250094556269601438e-05,7.033352315931677668e-05,7.809640355873056030e-05,8.578812274351619660e-05,9.340776485410554216e-05,1.009551211307537139e-04,1.084307176328511239e-04,1.158359665723280538e-04,1.231731773339673835e-04,1.304456964018682217e-04,1.376578985564454638e-04,1.448153136346186712e-04,1.519245969587669552e-04,1.589936432087368020e-04,1.660315368016620368e-04,1.730486542099477984e-04,1.800565955172495254e-04,1.870682764711522109e-04,1.940978421396919742e-04,2.011607494058058625e-04,2.082736630618664292e-04,2.154545286798310204e-04,2.227224508196955796e-04,2.300977554122852586e-04,2.376018492712382590e-04,2.452572706478022653e-04,2.530875293301274574e-04,2.611171442638814404e-04,2.693714645414018935e-04,2.778766941709619035e-04,2.866596963389977828e-04,2.957480075893776685e-04,3.051696308125784337e-04,3.149530440872134042e-04,3.251269916544217899e-04,3.357204961763425436e-04,3.467626611885243665e-04,3.582826993327165965e-04,3.703097643127921824e-04,3.828730118041688535e-04,3.960014839540847522e-04,4.097242244912893639e-04,4.240702446785081644e-04,4.390687201294180973e-04,4.547490743443946873e-04,4.711412926281882902e-04,4.882761690033996524e-04,5.061857843095615575e-04,5.249039774634106257e-04,5.444670553605536825e-04,5.649145777691743199e-04,5.862904072498759112e-04,6.086439538915979462e-04,6.320317547123216299e-04,6.565194361820888679e-04,6.821841664737585652e-04,7.091177972639593806e-04,7.374307983447804396e-04,7.672573725210102714e-04,7.987618849096599170e-04,8.321472006333560526e-04,8.676650961678949309e-04,9.056294776690139610e-04,9.464324539584486121e-04,9.905637965759771322e-04,1.038633123682450093e-03,1.091394078863255641e-03,1.149767440888973440e-03,1.214858516140787095e-03,1.287959509370300475e-03,1.370523128451910143e-03,1.464085861443430430e-03,1.570112305217408232e-03,1.689720975166591815e-03,1.823232537502043459e-03,1.969443973364351768e-03,2.124569591761682388e-03,2.281141459875311861e-03,2.427844988880848917e-03,2.551718525355053425e-03,2.643309954056975719e-03,2.703052014464396319e-03,2.746044210616914102e-03,2.803224574312016774e-03,2.917336432347916123e-03,3.136175530155571513e-03,3.507734508816682129e-03,4.083694106505109979e-03,4.945601589768138830e-03,6.184397069610242381e-03,7.602232573168139253e-03,8.036554276417084974e-03,4.615746090699814411e-03
0.000000000000000000e+00,0.000000000000000000e+00,0.000000000000000000e+00,0.000000000000000000e+00,0.000000000000000000e+00,0.000000000000000000e+00,0.000000000000000000e+00,0.000000000000000000e+00,0.000000000000000000e+00,0.000000000000000000e+00,0.000000000000000000e+00,0.000000000000000000e+00,0.000000000000000000e+00,0.000000000000000000e+00,0.000000000000000000e+00,0.000000000000000000e+00,0.000000000000000000e+00,0.000000000000000000e+00,0.000000000000000000e+00,0.000000000000000000e+00,0.000000000000000000e+00,0.000000000000000000e+00,0.000000000000000000e+00,0.000000000000000000e+00,0.000000000000000000e+00,0.000000000000000000e+00,0.000000000000000000e+00,0.000000000000000000e+00,0.000000000000000000e+00,0.000000000000000000e+00,0.000000000000000000e+00,0.000000000000000000e+00,0.000000000000000000e+00,0.000000000000000000e+00,0.000000000000000000e+00,0.000000000000000000e+00,0.000000000000000000e+00,0.000000000000000000e+00,0.000000000000000000e+00,0.000000000000000000e+00,0.000000000000000000e+00,0.000000000000000000e+00,0.000000000000000000e+00,0.000000000000000000e+00,0.000000000000000000e+00,0.000000000000000000e+00,0.000000000000000000e+00,0.000000000000000000e+00,0.000000000000000000e+00,0.000000000000000000e+00,0.000000000000000000e+00,0.000000000000000000e+00,0.000000000000000000e+00,0.000000000000000000e+00,0.000000000000000000e+00,0.000000000000000000e+00,0.000000000000000000e+00,0.000000000000000000e+00,0.000000000000000000e+00,0.000000000000000000e+00,0.000000000000000000e+00,0.000000000000000000e+00,0.000000000000000000e+00,0.000000000000000000e+00,0.000000000000000000e+00,0.000000000000000000e+00,0.000000000000000000e+00,0.000000000000000000e+00,0.000000000000000000e+00,0.000000000000000000e+00,0.000000000000000000e+00,0.000000000000000000e+00,0.000000000000000000e+00,0.000000000000000000e+00,0.000000000000000000e+00,0.000000000000000000e+00,0.000000000000000000e+00,0.000000000000000000e+00,0.000000000000000000e+00,0.000000000000000000e+00,0.000000000000000000e+00,0.000000000000000000e+00,0.000000000000000000e+00,0.000000000000000000e+00,0.000000000000000000e+00,0.000000000000000000e+00,0.000000000000000000e+00,0.000000000000000000e+00,0.000000000000000000e+00,0.000000000000000000e+00,0.000000000000000000e+00,0.000000000000000000e+00,0.000000000000000000e+00,0.000000000000000000e+00,0.000000000000000000e+00,0.000000000000000000e+00,0.000000000000000000e+00,0.000000000000000000e+00,0.000000000000000000e+00,0.000000000000000000e+00,0.000000000000000000e+00,0.000000000000000000e+00,0.000000000000000000e+00,0.000000000000000000e+00,0.000000000000000000e+00,0.000000000000000000e+00,0.000000000000000000e+00,0.000000000000000000e+00,0.000000000000000000e+00,0.000000000000000000e+00,0.000000000000000000e+00,0.000000000000000000e+00,0.000000000000000000e+00,0.000000000000000000e+00,0.000000000000000000e+00,0.000000000000000000e+00,0.000000000000000000e+00,0.000000000000000000e+00,0.000000000000000000e+00,0.000000000000000000e+00,0.000000000000000000e+00,0.000000000000000000e+00,0.000000000000000000e+00,0.000000000000000000e+00,0.000000000000000000e+00,0.000000000000000000e+00,0.000000000000000000e+00,0.000000000000000000e+00,0.000000000000000000e+00,0.000000000000000000e+00,0.000000000000000000e+00,0.000000000000000000e+00,0.000000000000000000e+00,0.000000000000000000e+00,0.000000000000000000e+00,0.000000000000000000e+00,0.000000000000000000e+00,0.000000000000000000e+00,0.000000000000000000e+00,0.000000000000000000e+00,0.000000000000000000e+00,0.000000000000000000e+00,0.000000000000000000e+00,0.000000000000000000e+00,0.000000000000000000e+00,0.000000000000000000e+00,0.000000000000000000e+00,0.000000000000000000e+00,0.000000000000000000e+00,0.000000000000000000e+00,0.000000000000000000e+00,0.000000000000000000e+00,0.000000000000000000e+00,0.000000000000000000e+00,0.000000000000000000e+00,0.000000000000000000e+00,0.000000000000000000e+00,0.000000000000000000e+00,0.000000000000000000e+00,0.000000000000000000e+00,0.000000000000000000e+00,0.000000000000000000e+00,0.000000000000000000e+00,0.000000000000000000e+00,0.000000000000000000e+00,0.000000000000000000e+00,0.000000000000000000e+00,0.000000000000000000e+00,0.000000000000000000e+00,0.000000000000000000e+00,0.000000000000000000e+00,0.000000000000000000e+00,0.000000000000000000e+00,0.000000000000000000e+00,0.000000000000000000e+00,0.000000000000000000e+00,-1.078173273870909957e-02,-1.248817198418062518e-02,-1.208957885608651951e-02,-1.073737183067276918e-02,-9.015415600509198504e-03,-7.295868788625598476e-03,-5.808789367338847674e-03,-4.605268408079038478e-03,-3.650055116219376710e-03,-2.900505385367832534e-03,-2.316042432971868355e-03,-1.861869371559150138e-03,-1.509860018635911846e-03,-1.237700627704690741e-03,-1.027815160366670746e-03,-8.663969346942525154e-04,-7.426110919269933702e-04,-6.479601826821579716e-04,-5.757852523240594234e-04,-5.208744142562301768e-04,-4.791553630037360002e-04,-4.474532816903027026e-04,-4.232998163764807673e-04,-4.047821011662749166e-04,-3.904233336623773895e-04,-3.790882988975002020e-04,-3.699086816370363755e-04,-3.622241056296407425e-04,-3.555356803259072398e-04,-3.494695004003157317e-04,-3.437480457710797460e-04,-3.381678568515504905e-04,-3.325821597660650643e-04,-3.268874095713250865e-04,-3.210128903980926274e-04,-3.149127278238958070e-04,-3.085597516032984500e-04,-3.019408193711164740e-04,-2.950532315183169779e-04,-2.879020164752664999e-04,-2.804978380552629303e-04,-2.728554153061659381e-04,-2.649922813404460300e-04,-2.569278449078258339e-04,-2.486826253818205635e-04,-2.402776733640148599e-04,-2.317340718688662871e-04,-2.230725625073802965e-04,-2.143132030604265391e-04,-2.054751225783492386e-04,-1.965762835854664530e-04,-1.876333324934511312e-04,-1.786614457598965943e-04,-1.696742635418442200e-04,-1.606838129979913903e-04,-1.517005208458557851e-04,-1.427332098024255719e-04,-1.337891846199922160e-04,-1.248742935673054178e-04,-1.159930764125650086e-04,-1.071488756509862754e-04,-9.834402767499569658e-05,-8.958000211868166057e-05,-8.085761284479451292e-05,-7.217716133739823141e-05,-6.353864405888302218e-05,-5.494187786846575430e-05,-4.638668410213522310e-05,-3.787297901694406467e-05,-2.940092082108558679e-05,-2.097095453420891821e-05,-1.258391491712511833e-05,-4.241021912473540971e-06,4.056061061113299235e-06,1.230527914333821686e-05,2.050416822942805061e-05,2.864994915630603801e-05,3.673954400755928443e-05,4.476970556944896761e-05,5.273705990407635548e-05,6.063826243619224157e-05,6.847005684615404544e-05,7.622944706010469312e-05,8.391376105157499874e-05,9.152082765611458748e-05,9.904903482953643769e-05,1.064975022297129300e-04,1.138661261035584871e-04,1.211557412709177639e-04,1.283681473184634600e-04,1.355062558750596928e-04,1.425740950183569731e-04,1.495769400179989390e-04,1.565212952825208344e-04,1.634150090329612346e-04,1.702672340944072851e-04,1.770885282776572648e-04,1.838907960114177266e-04,1.906873761865270371e-04,1.974929662209547394e-04,2.043236983019968626e-04,2.111970466173415152e-04,2.181318918509382772e-04,2.251484113695059166e-04,2.322681307604685806e-04,2.395137960443443292e-04,2.469094103758972354e-04,2.544800873178027444e-04,2.622520710181926108e-04,2.702525706276688827e-04,2.785097636004726473e-04,2.870526136123157865e-04,2.959108591272691406e-04,3.051148205760862396e-04,3.146953797949425470e-04,3.246837865053012434e-04,3.351116384211947860e-04,3.460107020219475209e-04,3.574129079486949466e-04,3.693502066890393706e-04,3.818545995143922791e-04,3.949580562490821018e-04,4.086926087516381243e-04,4.230903656732943685e-04,4.381837036163446883e-04,4.540054228980828729e-04,4.705890814192954493e-04,4.879693467100136074e-04,5.061825308645083715e-04,5.252672104961163572e-04,5.452650428361250192e-04,5.662217542842937689e-04,5.881883589810246076e-04,6.112226734358849889e-04,6.353911390614059608e-04,6.607711289286494335e-04,6.874537229042897938e-04,7.155472630097980480e-04,7.451816718274375737e-04,7.765140029922979912e-04,8.097352236355432557e-04,8.450788412419708070e-04,8.828313469873048198e-04,9.233450903375765070e-04,9.670532741558082431e-04,1.014487194867534766e-03,1.066294337046252852e-03,1.123255652699421724e-03,1.186297617352085471e-03,1.256492813212864131e-03,1.335037981240001000e-03,1.423194463015748160e-03,1.522169300360923716e-03,1.632910254864335369e-03,1.755780168963483800e-03,1.890066679225670858e-03,2.033287310537220012e-03,2.180376071428564815e-03,2.323193061218740453e-03,2.451178166163131902e-03,2.554006756384627399e-03,2.626234607607549204e-03,2.672130887279538028e-03,2.708670012102613878e-03,2.765736149874780531e-03,2.882362505899109355e-03,3.101297130026375772e-03,3.466258867979153235e-03,4.027849912277520900e-03,4.871454529086572185e-03,6.096249831183076992e-03,7.514632584887244796e-03,7.973108808730445043e-03,4.597160537705161955e-03
0.000000000000000000e+00,0.000000000000000000e+00,0.000000000000000000e+00,0.000000000000000000e+00,0.000000000000000000e+00,0.000000000000000000e+00,0.000000000000000000e+00,0.000000000000000000e+00,0.000000000000000000e+00,0.000000000000000000e+00,0.000000000000000000e+00,0.000000000000000000e+00,0.000000000000000000e+00,0.000000000000000000e+00,0.000000000000000000e+00,0.000000000000000000e+00,0.000000000000000000e+00,0.000000000000000000e+00,0.000000000000000000e+00,0.000000000000000000e+00,0.000000000000000000e+00,0.000000000000000000e+00,0.000000000000000000e+00,0.000000000000000000e+00,0.000000000000000000e+00,0.000000000000000000e+00,0.000000000000000000e+00,0.000000000000000000e+00,0.000000000000000000e+00,0.000000000000000000e+00,0.000000000000000000e+00,0.000000000000000000e+00,0.000000000000000000e+00,0.000000000000000000e+00,0.000000000000000000e+00,0.000000000000000000e+00,0.000000000000000000e+00,0.000000000000000000e+00,0.000000000000000000e+00,0.000000000000000000e+00,0.000000000000000000e+00,0.000000000000000000e+00,0.000000000000000000e+00,0.000000000000000000e+00,0.000000000000000000e+00,0.000000000000000000e+00,0.000000000000000000e+00,0.000000000000000000e+00,0.000000000000000000e+00,0.000000000000000000e+00,0.000000000000000000e+00,0.000000000000000000e+00,0.000000000000000000e+00,0.000000000000000000e+00,0.000000000000000000e+00,0.000000000000000000e+00,0.000000000000000000e+00,0.000000000000000000e+00,0.000000000000000000e+00,0.000000000000000000e+00,0.000000000000000000e+00,0.000000000000000000e+00,0.000000000000000000e+00,0.000000000000000000e+00,0.000000000000000000e+00,0.000000000000000000e+00,0.000000000000000000e+00,0.000000000000000000e+00,0.000000000000000000e+00,0.000000000000000000e+00,0.000000000000000000e+00,0.000000000000000000e+00,0.000000000000000000e+00,0.000000000000000000e+00,0.000000000000000000e+00,0.000000000000000000e+00,0.000000000000000000e+00,0.000000000000000000e+00,0.000000000000000000e+00,0.000000000000000000e+00,0.000000000000000000e+00,0.000000000000000000e+00,0.000000000000000000e+00,0.000000000000000000e+00,0.000000000000000000e+00,0.000000000000000000e+00,0.000000000000000000e+00,0.000000000000000000e+00,0.000000000000000000e+00,0.000000000000000000e+00,0.000000000000000000e+00,0.000000000000000000e+00,0.000000000000000000e+00,0.000000000000000000e+00,0.000000000000000000e+00,0.000000000000000000e+00,0.000000000000000000e+00,0.000000000000000000e+00,0.000000000000000000e+00,0.000000000000000000e+00,0.000000000000000000e+00,0.000000000000000000e+00,0.000000000000000000e+00,0.000000000000000000e+00,0.000000000000000000e+00,0.000000000000000000e+00,0.000000000000000000e+00,0.000000000000000000e+00,0.000000000000000000e+00,0.000000000000000000e+00,0.000000000000000000e+00,0.000000000000000000e+00,0.000000000000000000e+00,0.000000000000000000e+00,0.000000000000000000e+00,0.000000000000000000e+00,0.000000000000000000e+00,0.000000000000000000e+00,0.000000000000000000e+00,0.000000000000000000e+00,0.000000000000000000e+00,0.000000000000000000e+00,0.000000000000000000e+00,0.000000000000000000e+00,0.000000000000000000e+00,0.000000000000000000e+00,0.000000000000000000e+00,0.000000000000000000e+00,0.000000000000000000e+00,0.000000000000000000e+00,0.000000000000000000e+00,0.000000000000000000e+00,0.000000000000000000e+00,0.000000000000000000e+00,0.000000000000000000e+00,0.000000000000000000e+00,0.000000000000000000e+00,0.000000000000000000e+00,0.000000000000000000e+00,0.000000000000000000e+00,0.000000000000000000e+00,0.000000000000000000e+00,0.000000000000000000e+00,0.000000000000000000e+00,0.000000000000000000e+00,0.000000000000000000e+00,0.000000000000000000e+00,0.000000000000000000e+00,0.000000000000000000e+00,0.000000000000000000e+00,0.000000000000000000e+00,0.000000000000000000e+00,0.000000000000000000e+00,0.000000000000000000e+00,0.000000000000000000e+00,0.000000000000000000e+00,0.000000000000000000e+00,0.000000000000000000e+00,0.000000000000000000e+00,0.000000000000000000e+00,0.000000000000000000e+00,0.000000000000000000e+00,0.000000000000000000e+00,0.000000000000000000e+00,0.000000000000000000e+00,0.000000000000000000e+00,0.000000000000000000e+00,0.000000000000000000e+00,0.000000000000000000e+00,0.000000000000000000e+00,0.000000000000000000e+00,0.000000000000000000e+00,0.000000000000000000e+00,0.000000000000000000e+00,0.000000000000000000e+00,0.000000000000000000e+00,-1.083583592717044831e-02,-1.257526712645008239e-02,-1.218541970546756746e-02,-1.082124136824180738e-02,-9.080292845386205708e-03,-7.345592620393890521e-03,-5.848114992650612493e-03,-4.636009751255862170e-03,-3.673445197820755011e-03,-2.917896993789701691e-03,-2.328676386567383582e-03,-1.870819593905251278e-03,-1.516017160997233486e-03,-1.241780384117816384e-03,-1.030379622856627706e-03,-8.678787961212470385e-04,-7.433366418479899450e-04,-6.481697783546491601e-04,-5.756509908719663251e-04,-5.205150824499883916e-04,-4.786488696300815167e-04,-4.468468208088494749e-04,-4.226180311247721235e-04,-4.040335218216049547e-04,-3.896053562790812775e-04,-3.781909582898256212e-04,-3.689174471001681051e-04,-3.611219065495640417e-04,-3.543043351678907844e-04,-3.480907005019803248e-04,-3.422040115343863800e-04,-3.364417661928968749e-04,-3.306584193285618954e-04,-3.247518278890866258e-04,-3.186527890092719778e-04,-3.123170212599846564e-04,-3.057190098519391207e-04,-2.988473261450280108e-04,-2.917010390153762208e-04,-2.842870001714829288e-04,-2.766177458590669434e-04,-2.687099100102427300e-04,-2.605829685962868692e-04,-2.522582843210402861e-04,-2.437583175160460140e-04,-2.351060209261720180e-04,-2.263243100337181503e-04,-2.174356584782379811e-04,-2.084617228345361046e-04,-1.994230673078647986e-04,-1.903388967075176665e-04,-1.812268821845855710e-04,-1.721029867279734850e-04,-1.629813842577940174e-04,-1.538743744394538871e-04,-1.447923934951866355e-04,-1.357440160367347182e-04,-1.267360528729560550e-04,-1.177736314557458722e-04,-1.088603678604013178e-04,-9.999850832150760803e-05,-9.118915352164153640e-05,-8.243243570013799595e-05,-7.372776736014318170e-05,-6.507402492995669320e-05,-5.646979329916620278e-05,-4.791352894367155744e-05,-3.940377589067471593e-05,-3.093928708377037415e-05,-2.251919442076465982e-05,-1.414307492162181211e-05,-5.811065735844226775e-06,2.476129910624793282e-06,1.071718362603252709e-05,1.891019360826632443e-05,2.705267598243996723e-05,3.514166686815513307e-05,4.317375532266632548e-05,5.114522616801673438e-05,5.905212418180337297e-05,6.689042663098877480e-05,7.465612665396152725e-05,8.234542267687078364e-05,8.995480764171549532e-05,9.748126216721942228e-05,1.049223373448050404e-04,1.122763408152624529e-04,1.195424040688869400e-04,1.267206540675379302e-04,1.338122593467742526e-04,1.408195828003256126e-04,1.477462036738377827e-04,1.545970497721153272e-04,1.613783951465799251e-04,1.680979725106490240e-04,1.747649486864714984e-04,1.813900195761482888e-04,1.879853663210877724e-04,1.945647351801723442e-04,2.011433768396018497e-04,2.077381124652918627e-04,2.143672574067123757e-04,2.210506732272622741e-04,2.278096757397230887e-04,2.346670714143744764e-04,2.416470486711387870e-04,2.487751961635306392e-04,2.560783760341119129e-04,2.635847216871392237e-04,2.713234927371615287e-04,2.793250513288222958e-04,2.876207009306170292e-04,2.962426430545494972e-04,3.052238057537947692e-04,3.145977865597726739e-04,3.243986813353143869e-04,3.346610242410842781e-04,3.454196333976863723e-04,3.567095647688018505e-04,3.685659980552348719e-04,3.810242288055616178e-04,3.941196263392728310e-04,4.078876973736206084e-04,4.223641575950758749e-04,4.375851105412583764e-04,4.535872855223904861e-04,4.704083874143190629e-04,4.880875663834445435e-04,5.066660089612144919e-04,5.261877221253673242e-04,5.467004581896959354e-04,5.682569243495239541e-04,5.909161736324732321e-04,6.147454043984584967e-04,6.398220235192146393e-04,6.662362979637509583e-04,6.940944251670250935e-04,7.235224593865421418e-04,7.546709180320788869e-04,7.877206195159970961e-04,8.228895651267702921e-04,8.604414762167425642e-04,9.006956876152480201e-04,9.440388457515061721e-04,9.909376369744847708e-04,1.041952201892278789e-03,1.097748033191756588e-03,1.159103786070827874e-03,1.226909408091551856e-03,1.302147262255864404e-03,1.385844416039907177e-03,1.478981433381494192e-03,1.582338373686222998e-03,1.696257137691766686e-03,1.820297738582468856e-03,1.952772850623198586e-03,2.090185957809592970e-03,2.226756037716372434e-03,2.354472278789320437e-03,2.464238154136442430e-03,2.548534451263945785e-03,2.605311538599183827e-03,2.641470467636485887e-03,2.674582746550012349e-03,2.732648900411353832e-03,2.850877262837990880e-03,3.067517639361307027e-03,3.422956752818147666e-03,3.967702207693392033e-03,4.791588862982960537e-03,6.001943048664786645e-03,7.420996287014784351e-03,7.904538952884497885e-03,4.576231895123631516e-03
0.000000000000000000e+00,0.000000000000000000e+00,0.000000000000000000e+00,0.000000000000000000e+00,0.000000000000000000e+00,0.000000000000000000e+00,0.000000000000000000e+00,0.000000000000000000e+00,0.000000000000000000e+00,0.000000000000000000e+00,0.000000000000000000e+00,0.000000000000000000e+00,0.000000000000000000e+00,0.000000000000000000e+00,0.000000000000000000e+00,0.000000000000000000e+00,0.000000000000000000e+00,0.000000000000000000e+00,0.000000000000000000e+00,0.000000000000000000e+00,0.000000000000000000e+00,0.000000000000000000e+00,0.000000000000000000e+00,0.000000000000000000e+00,0.000000000000000000e+00,0.000000000000000000e+00,0.000000000000000000e+00,0.000000000000000000e+00,0.000000000000000000e+00,0.000000000000000000e+00,0.000000000000000000e+00,0.000000000000000000e+00,0.000000000000000000e+00,0.000000000000000000e+00,0.000000000000000000e+00,0.000000000000000000e+00,0.000000000000000000e+00,0.000000000000000000e+00,0.000000000000000000e+00,0.000000000000000000e+00,0.000000000000000000e+00,0.000000000000000000e+00,0.000000000000000000e+00,0.000000000000000000e+00,0.000000000000000000e+00,0.000000000000000000e+00,0.000000000000000000e+00,0.000000000000000000e+00,0.000000000000000000e+00,0.000000000000000000e+00,0.000000000000000000e+00,0.000000000000000000e+00,0.000000000000000000e+00,0.000000000000000000e+00,0.000000000000000000e+00,0.000000000000000000e+00,0.000000000000000000e+00,0.000000000000000000e+00,0.000000000000000000e+00,0.000000000000000000e+00,0.000000000000000000e+00,0.000000000000000000e+00,0.000000000000000000e+00,0.000000000000000000e+00,0.000000000000000000e+00,0.000000000000000000e+00,0.000000000000000000e+00,0.000000000000000000e+00,0.000000000000000000e+00,0.000000000000000000e+00,0.000000000000000000e+00,0.000000000000000000e+00,0.000000000000000000e+00,0.000000000000000000e+00,0.000000000000000000e+00,0.000000000000000000e+00,0.000000000000000000e+00,0.000000000000000000e+00,0.000000000000000000e+00,0.000000000000000000e+00,0.000000000000000000e+00,0.000000000000000000e+00,0.000000000000000000e+00,0.000000000000000000e+00,0.000000000000000000e+00,0.000000000000000000e+00,0.000000000000000000e+00,0.000000000000000000e+00,0.000000000000000000e+00,0.000000000000000000e+00,0.000000000000000000e+00,0.000000000000000000e+00,0.000000000000000000e+00,0.000000000000000000e+00,0.000000000000000000e+00,0.000000000000000000e+00,0.000000000000000000e+00,0.000000000000000000e+00,0.000000000000000000e+00,0.000000000000000000e+00,0.000000000000000000e+00,0.000000000000000000e+00,0.000000000000000000e+00,0.000000000000000000e+00,0.000000000000000000e+00,0.000000000000000000e+00,0.000000000000000000e+00,0.000000000000000000e+00,0.000000000000000000e+00,0.000000000000000000e+00,0.000000000000000000e+00,0.000000000000000000e+00,0.000000000000000000e+00,0.000000000000000000e+00,0.000000000000000000e+00,0.000000000000000000e+00,0.000000000000000000e+00,0.000000000000000000e+00,0.000000000000000000e+00,0.000000000000000000e+00,0.000000000000000000e+00,0.000000000000000000e+00,0.000000000000000000e+00,0.000000000000000000e+00,0.000000000000000000e+00,0.000000000000000000e+00,0.000000000000000000e+00,0.000000000000000000e+00,0.000000000000000000e+00,0.000000000000000000e+00,0.000000000000000000e+00,0.000000000000000000e+00,0.000000000000000000e+00,0.000000000000000000e+00,0.000000000000000000e+00,0.000000000000000000e+00,0.000000000000000000e+00,0.000000000000000000e+00,0.000000000000000000e+00,0.000000000000000000e+00,0.000000000000000000e+00,0.000000000000000000e+00,0.000000000000000000e+00,0.000000000000000000e+00,0.000000000000000000e+00,0.000000000000000000e+00,0.000000000000000000e+00,0.000000000000000000e+00,0.000000000000000000e+00,0.000000000000000000e+00,0.000000000000000000e+00,0.000000000000000000e+00,0.000000000000000000e+00,0.000000000000000000e+00,0.000000000000000000e+00,0.000000000000000000e+00,0.000000000000000000e+00,0.000000000000000000e+00,0.000000000000000000e+00,0.000000000000000000e+00,0.000000000000000000e+00,0.000000000000000000e+00,0.000000000000000000e+00,0.000000000000000000e+00,0.000000000000000000e+00,0.000000000000000000e+00,0.000000000000000000e+00,0.000000000000000000e+00,0.000000000000000000e+00,0.000000000000000000e+00,0.000000000000000000e+00,0.000000000000000000e+00,0.000000000000000000e+00,0.000000000000000000e+00,0.000000000000000000e+00,0.000000000000000000e+00,-1.088753245918588214e-02,-1.265896750685355579e-02,-1.227756712443702457e-02,-1.090191472281257061e-02,-9.143144599640051773e-03,-7.394582522407823835e-03,-5.887577935956895062e-03,-4.667297046710542491e-03,-3.697588764598439166e-03,-2.936157761490253669e-03,-2.342241155764430548e-03,-1.880728609755563663e-03,-1.523139322217679581e-03,-1.246817131997758751e-03,-1.033883581761900136e-03,-8.702761831999007930e-04,-7.449491187145280751e-04,-6.492342504875756124e-04,-5.763368993475151804e-04,-5.209391564617326699e-04,-4.788874445901881213e-04,-4.469459313936794916e-04,-4.226015102451107994e-04,-4.039093774876172127e-04,-3.893706836925276619e-04,-3.778356498658620006e-04,-3.684269283028438684e-04,-3.604791113889741373e-04,-3.534910945901645796e-04,-3.470886975121562231e-04,-3.409954200091336166e-04,-3.350096730601733407e-04,-3.289871001595198784e-04,-3.228269333925766244e-04,-3.164614780638517750e-04,-3.098480686895412973e-04,-3.029629022356420363e-04,-2.957963557609772352e-04,-2.883493964489462899e-04,-2.806308657839883132e-04,-2.726553745198124178e-04,-2.644417047951584578e-04,-2.560115360028823771e-04,-2.473884656478652884e-04,-2.385971898175794667e-04,-2.296628633036254974e-04,-2.206105312463917838e-04,-2.114646840459520638e-04,-2.022488411579955847e-04,-1.929852359573175509e-04,-1.836945122196959187e-04,-1.743955173752171717e-04,-1.651051022722791319e-04,-1.558380206448970547e-04,-1.466068335332912159e-04,-1.374219167113220706e-04,-1.282914696176238635e-04,-1.192216268215190764e-04,-1.102165625902506340e-04,-1.012786918014722430e-04,-9.240884972136538685e-05,-8.360655648535925686e-05,-7.487024167273547337e-05,-6.619753879230762066e-05,-5.758551950242935436e-05,-4.903098312875702987e-05,-4.053066719104528391e-05,-3.208150165429351776e-05,-2.368076931890437475e-05,-1.532630300304292943e-05,-7.016578886269799201e-06,1.249155014500033952e-06,9.470859023794162357e-06,1.764764338245467570e-05,2.577781876063152934e-05,3.385890078653557939e-05,4.188772095423154326e-05,4.986048219610100780e-05,5.777291714204095080e-05,6.562038097322296507e-05,7.339804266530393850e-05,8.110100018485647878e-05,8.872448914056564335e-05,9.626400456505521445e-05,1.037155113980074971e-04,1.110755584734069405e-04,1.183414779787968392e-04,1.255114811636593971e-04,1.325848382708685348e-04,1.395619498831114180e-04,1.464445027537877885e-04,1.532355142845801379e-04,1.599394628467452255e-04,1.665623059560527924e-04,1.731115864437782128e-04,1.795964274072335673e-04,1.860276173514532829e-04,1.924175860412088448e-04,1.987804717495967612e-04,2.051320814849724023e-04,2.114899420861185691e-04,2.178732466962805564e-04,2.243028895109859002e-04,2.308013986021490241e-04,2.373929523027880654e-04,2.441032970924626006e-04,2.509597424066903576e-04,2.579910618272591365e-04,2.652274630823887197e-04,2.727004717143445751e-04,2.804428745420885368e-04,2.884885874750071650e-04,2.968725737733238831e-04,3.056307016562346190e-04,3.147996431874970158e-04,3.244167326817142959e-04,3.345198579597594710e-04,3.451473373711665062e-04,3.563378227262747758e-04,3.681302212927652410e-04,3.805636391927810563e-04,3.936773851569496199e-04,4.075109945693156641e-04,4.221043637782556971e-04,4.374979077731203612e-04,4.537328868285812043e-04,4.708517645300384479e-04,4.888988024396526827e-04,5.079207007237346002e-04,5.279675535175877305e-04,5.490938755809889613e-04,5.713600369545449248e-04,5.948338139419827308e-04,6.195924666891349008e-04,6.457250131489848189e-04,6.733351895430694485e-04,7.025447416899755371e-04,7.334976187818399501e-04,7.663646946522023606e-04,8.013496472055997967e-04,8.386955675470426528e-04,8.786928888308868577e-04,9.216879951166161980e-04,9.680927611436463071e-04,1.018393719600260271e-03,1.073160050072314220e-03,1.133047413979227725e-03,1.198794387586164974e-03,1.271205148373223291e-03,1.351110872425430928e-03,1.439298598245194582e-03,1.536395322270886704e-03,1.642693124677522187e-03,1.757903824059244349e-03,1.880837530112693980e-03,2.009020662659150892e-03,2.138327012893616926e-03,2.262834541098050073e-03,2.375265273603371398e-03,2.468321008900098857e-03,2.537083183811397399e-03,2.582117050119112078e-03,2.611877327423981453e-03,2.643591506145937051e-03,2.702914703015746583e-03,2.821356527096848497e-03,3.033270960569600227e-03,3.376558425387658248e-03,3.902454240247297829e-03,4.705685536922419102e-03,5.901487321990651555e-03,7.321435145092992577e-03,7.830866958543859432e-03,4.552857165906427049e-03
0.000000000000000000e+00,0.000000000000000000e+00,0.000000000000000000e+00,0.000000000000000000e+00,0.000000000000000000e+00,0.000000000000000000e+00,0.000000000000000000e+00,0.000000000000000000e+00,0.000000000000000000e+00,0.000000000000000000e+00,0.000000000000000000e+00,0.000000000000000000e+00,0.000000000000000000e+00,0.000000000000000000e+00,0.000000000000000000e+00,0.000000000000000000e+00,0.000000000000000000e+00,0.000000000000000000e+00,0.000000000000000000e+00,0.000000000000000000e+00,0.000000000000000000e+00,0.000000000000000000e+00,0.000000000000000000e+00,0.000000000000000000e+00,0.000000000000000000e+00,0.000000000000000000e+00,0.000000000000000000e+00,0.000000000000000000e+00,0.000000000000000000e+00,0.000000000000000000e+00,0.000000000000000000e+00,0.000000000000000000e+00,0.000000000000000000e+00,0.000000000000000000e+00,0.000000000000000000e+00,0.000000000000000000e+00,0.000000000000000000e+00,0.000000000000000000e+00,0.000000000000000000e+00,0.000000000000000000e+00,0.000000000000000000e+00,0.000000000000000000e+00,0.000000000000000000e+00,0.000000000000000000e+00,0.000000000000000000e+00,0.000000000000000000e+00,0.000000000000000000e+00,0.000000000000000000e+00,0.000000000000000000e+00,0.000000000000000000e+00,0.000000000000000000e+00,0.000000000000000000e+00,0.000000000000000000e+00,0.000000000000000000e+00,0.000000000000000000e+00,0.000000000000000000e+00,0.000000000000000000e+00,0.000000000000000000e+00,0.000000000000000000e+00,0.000000000000000000e+00,0.000000000000000000e+00,0.000000000000000000e+00,0.000000000000000000e+00,0.000000000000000000e+00,0.000000000000000000e+00,0.000000000000000000e+00,0.000000000000000000e+00,0.000000000000000000e+00,0.000000000000000000e+00,0.000000000000000000e+00,0.000000000000000000e+00,0.000000000000000000e+00,0.000000000000000000e+00,0.000000000000000000e+00,0.000000000000000000e+00,0.000000000000000000e+00,0.000000000000000000e+00,0.000000000000000000e+00,0.000000000000000000e+00,0.000000000000000000e+00,0.000000000000000000e+00,0.000000000000000000e+00,0.000000000000000000e+00,0.000000000000000000e+00,0.000000000000000000e+00,0.000000000000000000e+00,0.000000000000000000e+00,0.000000000000000000e+00,0.000000000000000000e+00,0.000000000000000000e+00,0.000000000000000000e+00,0.000000000000000000e+00,0.000000000000000000e+00,0.000000000000000000e+00,0.000000000000000000e+00,0.000000000000000000e+00,0.000000000000000000e+00,0.000000000000000000e+00,0.000000000000000000e+00,0.000000000000000000e+00,0.000000000000000000e+00,0.000000000000000000e+00,0.000000000000000000e+00,0.000000000000000000e+00,0.000000000000000000e+00,0.000000000000000000e+00,0.000000000000000000e+00,0.000000000000000000e+00,0.000000000000000000e+00,0.000000000000000000e+00,0.000000000000000000e+00,0.000000000000000000e+00,0.000000000000000000e+00,0.000000000000000000e+00,0.000000000000000000e+00,0.000000000000000000e+00,0.000000000000000000e+00,0.000000000000000000e+00,0.000000000000000000e+00,0.000000000000000000e+00,0.000000000000000000e+00,0.000000000000000000e+00,0.000000000000000000e+00,0.000000000000000000e+00,0.000000000000000000e+00,0.000000000000000000e+00,0.000000000000000000e+00,0.000000000000000000e+00,0.000000000000000000e+00,0.000000000000000000e+00,0.000000000000000000e+00,0.000000000000000000e+00,0.000000000000000000e+00,0.000000000000000000e+00,0.000000000000000000e+00,0.000000000000000000e+00,0.000000000000000000e+00,0.000000000000000000e+00,0.000000000000000000e+00,0.000000000000000000e+00,0.000000000000000000e+00,0.000000000000000000e+00,0.000000000000000000e+00,0.000000000000000000e+00,0.000000000000000000e+00,0.000000000000000000e+00,0.000000000000000000e+00,0.000000000000000000e+00,0.000000000000000000e+00,0.000000000000000000e+00,0.000000000000000000e+00,0.000000000000000000e+00,0.000000000000000000e+00,0.000000000000000000e+00,0.000000000000000000e+00,0.000000000000000000e+00,0.000000000000000000e+00,0.000000000000000000e+00,0.000000000000000000e+00,0.000000000000000000e+00,0.000000000000000000e+00,0.000000000000000000e+00,0.000000000000000000e+00,0.000000000000000000e+00,0.000000000000000000e+00,0.000000000000000000e+00,0.000000000000000000e+00,0.000000000000000000e+00,0.000000000000000000e+00,0.000000000000000000e+00,0.000000000000000000e+00,0.000000000000000000e+00,0.000000000000000000e+00,0.000000000000000000e+00,0.000000000000000000e+00,0.000000000000000000e+00,-1.093678576628357053e-02,-1.273917218140756952e-02,-1.236592290026712095e-02,-1.097935587412243209e-02,-9.204001179032450172e-03,-7.442888067853759004e-03,-5.927199290578543181e-03,-4.699124347337608164e-03,-3.722473033946541339e-03,-2.955275074816797985e-03,-2.356725831755129234e-03,-1.891587396918741277e-03,-1.531219073347303171e-03,-1.252804570524487186e-03,-1.038321311947153257e-03,-8.735833269196619563e-04,-7.474420698574166895e-04,-6.511458292749838610e-04,-5.778333117925040690e-04,-5.221345705122700746e-04,-4.798562219937972271e-04,-4.477326494432041322e-04,-4.232289942210763919e-04,-4.043849926120368730e-04,-3.896911588293893174e-04,-3.779906942148939355e-04,-3.684018854769872237e-04,-3.602568650868493653e-04,-3.530534070599212343e-04,-3.464171313107372542e-04,-3.400719614182313262e-04,-3.338171526175642899e-04,-3.275094798409268373e-04,-3.210495147563534909e-04,-3.143710661090958207e-04,-3.074331170360039035e-04,-3.002136516922642470e-04,-2.927049738287466137e-04,-2.849101169534675620e-04,-2.768401262120283356e-04,-2.685119443388441331e-04,-2.599467977773430418e-04,-2.511688984542527459e-04,-2.422044324903231368e-04,-2.330807020039556013e-04,-2.238254397197501466e-04,-2.144661921104220150e-04,-2.050298216205128277e-04,-1.955420394735489335e-04,-1.860270387141697141e-04,-1.765071456131294737e-04,-1.670025702484157870e-04,-1.575311749082670488e-04,-1.481083469550792896e-04,-1.387468913290103040e-04,-1.294570317136798634e-04,-1.202464296689708268e-04,-1.111203111629801681e-04,-1.020816027775727430e-04,-9.313116673293681035e-05,-8.426802998075741955e-05,-7.548969676705550582e-05,-6.679243400522143030e-05,-5.817162073293045884e-05,-4.962204695460028982e-05,-4.113825709494439183e-05,-3.271482117243105749e-05,-2.434663459465746601e-05,-1.602912866516942574e-05,-7.758499348693365170e-06,4.681641644748316306e-07,8.652736517697930989e-06,1.679601786384503977e-05,2.489767865481565582e-05,3.295630756837296578e-05,4.096943495267986424e-05,4.893365389535003779e-05,5.684470648014387653e-05,6.469766040665609935e-05,7.248703972894109679e-05,8.020703814720468727e-05,8.785167530518973454e-05,9.541502748577450072e-05,1.028913905804848804e-04,1.102755096341745395e-04,1.175627316372210599e-04,1.247492187556215894e-04,1.318320788713959264e-04,1.388095527624197585e-04,1.456811159689909917e-04,1.524476353192877917e-04,1.591114403163618510e-04,1.656764482883477585e-04,1.721482070509228808e-04,1.785339909968754960e-04,1.848428194937008480e-04,1.910855281147321935e-04,1.972747683653048353e-04,2.034250582169633661e-04,2.095527679127752810e-04,2.156761521947529346e-04,2.218153248319604731e-04,2.279922724256037991e-04,2.342308179501104333e-04,2.405566136632755010e-04,2.469970920722318309e-04,2.535814338939289887e-04,2.603405040412379106e-04,2.673067903468647009e-04,2.745143228980125895e-04,2.819985807199912927e-04,2.897963952789422157e-04,2.979458256029718193e-04,3.064860509891941692e-04,3.154572200882477554e-04,3.249003438258341600e-04,3.348571309566310467e-04,3.453699001873276669e-04,3.564814239566294236e-04,3.682348890592418065e-04,3.806737821357701504e-04,3.938419406954401895e-04,4.077835276686215746e-04,4.225432289012516821e-04,4.381663791330465507e-04,4.546993766551160913e-04,4.721900382142515777e-04,4.906883160128110545e-04,5.102469744787882511e-04,5.309227103187708942e-04,5.527772622068905959e-04,5.758790548415511747e-04,6.003048781344673401e-04,6.261422065535313282e-04,6.534916222487104250e-04,6.824700038642041123e-04,7.132139145353930294e-04,7.458838938326665469e-04,7.806690478879568405e-04,8.177926364510544220e-04,8.575179473019160781e-04,9.001550082780901581e-04,9.460671174896352967e-04,9.956772417372165493e-04,1.049472458779748428e-03,1.108005270420570933e-03,1.171888231028452932e-03,1.241778366562862985e-03,1.318344950946650140e-03,1.402213908110892283e-03,1.493879576520776905e-03,1.593575712956168131e-03,1.701098358271379424e-03,1.815579682326318384e-03,1.935223582977487053e-03,2.057042048871895925e-03,2.176685316111262852e-03,2.288557123122497965e-03,2.386464320833403714e-03,2.464933477490359633e-03,2.521227030153271390e-03,2.557737839812205052e-03,2.583600540704849083e-03,2.615070359025257161e-03,2.675272786663419108e-03,2.792285166276600814e-03,2.997154748445910420e-03,3.326028666036965568e-03,3.831547479462292169e-03,4.613628106780702162e-03,5.795051989007651665e-03,7.216192570247649193e-03,7.752234317537152163e-03,4.527006666229869102e-03
0.000000000000000000e+00,0.000000000000000000e+00,0.000000000000000000e+00,0.000000000000000000e+00,0.000000000000000000e+00,0.000000000000000000e+00,0.000000000000000000e+00,0.000000000000000000e+00,0.000000000000000000e+00,0.000000000000000000e+00,0.000000000000000000e+00,0.000000000000000000e+00,0.000000000000000000e+00,0.000000000000000000e+00,0.000000000000000000e+00,0.000000000000000000e+00,0.000000000000000000e+00,0.000000000000000000e+00,0.000000000000000000e+00,0.000000000000000000e+00,0.000000000000000000e+00,0.000000000000000000e+00,0.000000000000000000e+00,0.000000000000000000e+00,0.000000000000000000e+00,0.000000000000000000e+00,0.000000000000000000e+00,0.000000000000000000e+00,0.000000000000000000e+00,0.000000000000000000e+00,0.000000000000000000e+00,0.000000000000000000e+00,0.000000000000000000e+00,0.000000000000000000e+00,0.000000000000000000e+00,0.000000000000000000e+00,0.000000000000000000e+00,0.000000000000000000e+00,0.000000000000000000e+00,0.000000000000000000e+00,0.000000000000000000e+00,0.000000000000000000e+00,0.000000000000000000e+00,0.000000000000000000e+00,0.000000000000000000e+00,0.000000000000000000e+00,0.000000000000000000e+00,0.000000000000000000e+00,0.000000000000000000e+00,0.000000000000000000e+00,0.000000000000000000e+00,0.000000000000000000e+00,0.000000000000000000e+00,0.000000000000000000e+00,0.000000000000000000e+00,0.000000000000000000e+00,0.000000000000000000e+00,0.000000000000000000e+00,0.000000000000000000e+00,0.000000000000000000e+00,0.000000000000000000e+00,0.000000000000000000e+00,0.000000000000000000e+00,0.000000000000000000e+00,0.000000000000000000e+00,0.000000000000000000e+00,0.000000000000000000e+00,0.000000000000000000e+00,0.000000000000000000e+00,0.000000000000000000e+00,0.000000000000000000e+00,0.000000000000000000e+00,0.000000000000000000e+00,0.000000000000000000e+00,0.000000000000000000e+00,0.000000000000000000e+00,0.000000000000000000e+00,0.000000000000000000e+00,0.000000000000000000e+00,0.000000000000000000e+00,0.000000000000000000e+00,0.000000000000000000e+00,0.000000000000000000e+00,0.000000000000000000e+00,0.000000000000000000e+00,0.000000000000000000e+00,0.000000000000000000e+00,0.000000000000000000e+00,0.000000000000000000e+00,0.000000000000000000e+00,0.000000000000000000e+00,0.000000000000000000e+00,0.000000000000000000e+00,0.000000000000000000e+00,0.000000000000000000e+00,0.000000000000000000e+00,0.000000000000000000e+00,0.000000000000000000e+00,0.000000000000000000e+00,0.000000000000000000e+00,0.000000000000000000e+00,0.000000000000000000e+00,0.000000000000000000e+00,0.000000000000000000e+00,0.000000000000000000e+00,0.000000000000000000e+00,0.000000000000000000e+00,0.000000000000000000e+00,0.000000000000000000e+00,0.000000000000000000e+00,0.000000000000000000e+00,0.000000000000000000e+00,0.000000000000000000e+00,0.000000000000000000e+00,0.000000000000000000e+00,0.000000000000000000e+00,0.000000000000000000e+00,0.000000000000000000e+00,0.000000000000000000e+00,0.000000000000000000e+00,0.000000000000000000e+00,0.000000000000000000e+00,0.000000000000000000e+00,0.000000000000000000e+00,0.000000000000000000e+00,0.000000000000000000e+00,0.000000000000000000e+00,0.000000000000000000e+00,0.000000000000000000e+00,0.000000000000000000e+00,0.000000000000000000e+00,0.000000000000000000e+00,0.000000000000000000e+00,0.000000000000000000e+00,0.000000000000000000e+00,0.000000000000000000e+00,0.000000000000000000e+00,0.000000000000000000e+00,0.000000000000000000e+00,0.000000000000000000e+00,0.000000000000000000e+00,0.000000000000000000e+00,0.000000000000000000e+00,0.000000000000000000e+00,0.000000000000000000e+00,0.000000000000000000e+00,0.000000000000000000e+00,0.000000000000000000e+00,0.000000000000000000e+00,0.000000000000000000e+00,0.000000000000000000e+00,0.000000000000000000e+00,0.000000000000000000e+00,0.000000000000000000e+00,0.000000000000000000e+00,0.000000000000000000e+00,0.000000000000000000e+00,0.000000000000000000e+00,0.000000000000000000e+00,0.000000000000000000e+00,0.000000000000000000e+00,0.000000000000000000e+00,0.000000000000000000e+00,0.000000000000000000e+00,0.000000000000000000e+00,0.000000000000000000e+00,0.000000000000000000e+00,0.000000000000000000e+00,0.000000000000000000e+00,0.000000000000000000e+00,0.000000000000000000e+00,0.000000000000000000e+00,0.000000000000000000e+00,0.000000000000000000e+00,0.000000000000000000e+00,0.000000000000000000e+00,-1.098356947965271023e-02,-1.281580204243477558e-02,-1.245042052563401572e-02,-1.105356143691164396e-02,-9.262917966163113775e-03,-7.490569105065391156e-03,-5.966998575805976084e-03,-4.731481610679364770e-03,-3.748080612585401230e-03,-2.975230701050911915e-03,-2.372112846459328850e-03,-1.903379351933546723e-03,-1.540240673562868904e-03,-1.259727627160098793e-03,-1.043678154366314793e-03,-8.777856907638267392e-04,-7.508007300755773937e-04,-6.538891299221655283e-04,-5.801237870668315109e-04,-5.240833804952466958e-04,-4.815353138702437095e-04,-4.491847470057969420e-04,-4.244755766526560228e-04,-4.054325171175519080e-04,-3.905357845490180506e-04,-3.786217919228625109e-04,-3.688045826048573983e-04,-3.604138603897816305e-04,-3.529462397062384520e-04,-3.460270609003826092e-04,-3.393805737935661209e-04,-3.328067836700477440e-04,-3.261635225138696022e-04,-3.193526589632498668e-04,-3.123095045998883299e-04,-3.049947387230032337e-04,-2.973882343025335308e-04,-2.894843791680461447e-04,-2.812884881812906745e-04,-2.728140801928054335e-04,-2.640807527046421378e-04,-2.551125452542776480e-04,-2.459366108665867368e-04,-2.365821622514325509e-04,-2.270795653487128979e-04,-2.174595953047945879e-04,-2.077527592155851879e-04,-1.979887311299298079e-04,-1.881958212297779706e-04,-1.784005428763914909e-04,-1.686272074833053815e-04,-1.588976205795414700e-04,-1.492308105520540301e-04,-1.396428671762451885e-04,-1.301468186494615176e-04,-1.207526240727107300e-04,-1.114672048093647889e-04,-1.022945892785620157e-04,-9.323608829964770406e-05,-8.429057242362207397e-05,-7.545476235659732414e-05,-6.672360142901812409e-05,-5.809061671906760014e-05,-4.954833710399141652e-05,-4.108867270450451085e-05,-3.270332567362786507e-05,-2.438413705229788812e-05,-1.612344335647265350e-05,-7.914349556201535777e-06,2.490030122765128867e-07,8.371264389912590014e-06,1.645571560066081413e-05,2.450420774251059683e-05,3.251711176311150207e-05,4.049336393118920749e-05,4.843051424621341091e-05,5.632486119942627063e-05,6.417157795244471125e-05,7.196491288738958696e-05,7.969836912438464465e-05,8.736494587137395428e-05,9.495734684477065662e-05,1.024682381062672559e-04,1.098904622952104337e-04,1.172172906105165262e-04,1.244426229859881537e-04,1.315612163928906494e-04,1.385688571043378265e-04,1.454625543060967478e-04,1.522406777976392149e-04,1.589031125441610901e-04,1.654513611330052532e-04,1.718886597811934431e-04,1.782200490738804417e-04,1.844524553022097138e-04,1.905947358645736060e-04,1.966577317005863352e-04,2.026542948123775554e-04,2.085993173488065889e-04,2.145097475453817590e-04,2.204045987529099906e-04,2.263049573572965541e-04,2.322339718306087007e-04,2.382168530947552355e-04,2.442808406348094151e-04,2.504551932543039035e-04,2.567711271998703048e-04,2.632617939635614941e-04,2.699621848067403334e-04,2.769090926818875971e-04,2.841409789062655095e-04,2.916979186537895907e-04,2.996214289653639589e-04,3.079544016836407625e-04,3.167408976214479616e-04,3.260260774653428277e-04,3.358559750783716991e-04,3.462774461857111860e-04,3.573379448765209355e-04,3.690855220858626682e-04,3.815686434117200512e-04,3.948362841790274496e-04,4.089378429360483323e-04,4.239233960411347151e-04,4.398437781156000937e-04,4.567510749509473902e-04,4.746989581487231374e-04,4.937435094019464524e-04,5.139439106811233889e-04,5.353637052858765391e-04,5.580719573889708802e-04,5.821450661215067657e-04,6.076685192504143775e-04,6.347393851021689536e-04,6.634687910952000471e-04,6.939852157646595474e-04,7.264378053084528681e-04,7.610005390270309757e-04,7.978763925011127635e-04,8.373022463813732576e-04,8.795535373852355265e-04,9.249491487091688908e-04,9.738551520787720262e-04,1.026687281940889341e-03,1.083909897809898128e-03,1.146030070467098658e-03,1.213582990778600164e-03,1.287105394685620968e-03,1.367091226887799530e-03,1.453924528877568144e-03,1.547783290968522988e-03,1.648511018437351112e-03,1.755455569709276015e-03,1.867283473478835096e-03,1.981792133186230289e-03,2.095769550430874421e-03,2.204988871051275987e-03,2.304484776814882258e-03,2.389271453529681361e-03,2.455521742181368452e-03,2.502178235156514354e-03,2.532762809225431056e-03,2.556438524874119281e-03,2.588117473348404765e-03,2.648399732273801557e-03,2.762260374492803410e-03,2.957979393759975484e-03,3.270574886983465025e-03,3.754647580440308077e-03,4.515479919955710762e-03,5.682940380917204937e-03,7.105621508694546888e-03,7.668886475873015231e-03,4.498721627867983096e-03
0.000000000000000000e+00,0.000000000000000000e+00,0.000000000000000000e+00,0.000000000000000000e+00,0.000000000000000000e+00,0.000000000000000000e+00,0.000000000000000000e+00,0.000000000000000000e+00,0.000000000000000000e+00,0.000000000000000000e+00,0.000000000000000000e+00,0.000000000000000000e+00,0.000000000000000000e+00,0.000000000000000000e+00,0.000000000000000000e+00,0.000000000000000000e+00,0.000000000000000000e+00,0.000000000000000000e+00,0.000000000000000000e+00,0.000000000000000000e+00,0.000000000000000000e+00,0.000000000000000000e+00,0.000000000000000000e+00,0.000000000000000000e+00,0.000000000000000000e+00,0.000000000000000000e+00,0.000000000000000000e+00,0.000000000000000000e+00,0.000000000000000000e+00,0.000000000000000000e+00,0.000000000000000000e+00,0.000000000000000000e+00,0.000000000000000000e+00,0.000000000000000000e+00,0.000000000000000000e+00,0.000000000000000000e+00,0.000000000000000000e+00,0.000000000000000000e+00,0.000000000000000000e+00,0.000000000000000000e+00,0.000000000000000000e+00,0.000000000000000000e+00,0.000000000000000000e+00,0.000000000000000000e+00,0.000000000000000000e+00,0.000000000000000000e+00,0.000000000000000000e+00,0.000000000000000000e+00,0.000000000000000000e+00,0.000000000000000000e+00,0.000000000000000000e+00,0.000000000000000000e+00,0.000000000000000000e+00,0.000000000000000000e+00,0.000000000000000000e+00,0.000000000000000000e+00,0.000000000000000000e+00,0.000000000000000000e+00,0.000000000000000000e+00,0.000000000000000000e+00,0.000000000000000000e+00,0.000000000000000000e+00,0.000000000000000000e+00,0.000000000000000000e+00,0.000000000000000000e+00,0.000000000000000000e+00,0.000000000000000000e+00,0.000000000000000000e+00,0.000000000000000000e+00,0.000000000000000000e+00,0.000000000000000000e+00,0.000000000000000000e+00,0.000000000000000000e+00,0.000000000000000000e+00,0.000000000000000000e+00,0.000000000000000000e+00,0.000000000000000000e+00,0.000000000000000000e+00,0.000000000000000000e+00,0.000000000000000000e+00,0.000000000000000000e+00,0.000000000000000000e+00,0.000000000000000000e+00,0.000000000000000000e+00,0.000000000000000000e+00,0.000000000000000000e+00,0.000000000000000000e+00,0.000000000000000000e+00,0.000000000000000000e+00,0.000000000000000000e+00,0.000000000000000000e+00,0.000000000000000000e+00,0.000000000000000000e+00,0.000000000000000000e+00,0.000000000000000000e+00,0.000000000000000000e+00,0.000000000000000000e+00,0.000000000000000000e+00,0.000000000000000000e+00,0.000000000000000000e+00,0.000000000000000000e+00,0.000000000000000000e+00,0.000000000000000000e+00,0.000000000000000000e+00,0.000000000000000000e+00,0.000000000000000000e+00,0.000000000000000000e+00,0.000000000000000000e+00,0.000000000000000000e+00,0.000000000000000000e+00,0.000000000000000000e+00,0.000000000000000000e+00,0.000000000000000000e+00,0.000000000000000000e+00,0.000000000000000000e+00,0.000000000000000000e+00,0.000000000000000000e+00,0.000000000000000000e+00,0.000000000000000000e+00,0.000000000000000000e+00,0.000000000000000000e+00,0.000000000000000000e+00,0.000000000000000000e+00,0.000000000000000000e+00,0.000000000000000000e+00,0.000000000000000000e+00,0.000000000000000000e+00,0.000000000000000000e+00,0.000000000000000000e+00,0.000000000000000000e+00,0.000000000000000000e+00,0.000000000000000000e+00,0.000000000000000000e+00,0.000000000000000000e+00,0.000000000000000000e+00,0.000000000000000000e+00,0.000000000000000000e+00,0.000000000000000000e+00,0.000000000000000000e+00,0.000000000000000000e+00,0.000000000000000000e+00,0.000000000000000000e+00,0.000000000000000000e+00,0.000000000000000000e+00,0.000000000000000000e+00,0.000000000000000000e+00,0.000000000000000000e+00,0.000000000000000000e+00,0.000000000000000000e+00,0.000000000000000000e+00,0.000000000000000000e+00,0.000000000000000000e+00,0.000000000000000000e+00,0.000000000000000000e+00,0.000000000000000000e+00,0.000000000000000000e+00,0.000000000000000000e+00,0.000000000000000000e+00,0.000000000000000000e+00,0.000000000000000000e+00,0.000000000000000000e+00,0.000000000000000000e+00,0.000000000000000000e+00,0.000000000000000000e+00,0.000000000000000000e+00,0.000000000000000000e+00,0.000000000000000000e+00,0.000000000000000000e+00,0.000000000000000000e+00,0.000000000000000000e+00,0.000000000000000000e+00,0.000000000000000000e+00,0.000000000000000000e+00,0.000000000000000000e+00,0.000000000000000000e+00,0.000000000000000000e+00,-1.102787010568576781e-02,-1.288880649919088572e-02,-1.253103117447987302e-02,-1.112456986248903414e-02,-9.319984676535471649e-03,-7.537704419639699831e-03,-6.007002260374431218e-03,-4.764363851160148197e-03,-3.774398701533575144e-03,-2.996009686998491947e-03,-2.388386150791769851e-03,-1.916087270280047820e-03,-1.550185410413932154e-03,-1.267565729611480835e-03,-1.049931459025245373e-03,-8.828584393486767256e-04,-7.549980802424697841e-04,-6.574349690446186717e-04,-5.831769751042388105e-04,-5.267519737552957965e-04,-4.838886551542205062e-04,-4.512634203144334105e-04,-4.262993812142425111e-04,-4.070066549822133357e-04,-3.918555291939919394e-04,-3.796759030011982294e-04,-3.695777441975161681e-04,-3.608883838326606606e-04,-3.531032429330515613e-04,-3.458472856322923248e-04,-3.388449641428457307e-04,-3.318969113990590685e-04,-3.248619204625349875e-04,-3.176431036367987357e-04,-3.101772769889003713e-04,-3.024268799511982322e-04,-2.943738059313964436e-04,-2.860147284039404251e-04,-2.773575157165135961e-04,-2.684185007818221287e-04,-2.592203404446500659e-04,-2.497903488738702823e-04,-2.401591301360391677e-04,-2.303594699029383594e-04,-2.204253682735308160e-04,-2.103912213126396676e-04,-2.002910683597873781e-04,-1.901579418197543085e-04,-1.800232571050640665e-04,-1.699162957585543838e-04,-1.598637300228060378e-04,-1.498892490138837869e-04,-1.400132382663592007e-04,-1.302525733497947509e-04,-1.206204780030952563e-04,-1.111265036608717773e-04,-1.017765766709695038e-04,-9.257316387070267519e-05,-8.351549762853146966e-05,-7.459990418858425702e-05,-6.582017174280358927e-05,-5.716799617158232696e-05,-4.863343805338864748e-05,-4.020542517498718949e-05,-3.187223412202829203e-05,-2.362198429463160297e-05,-1.544308084756892247e-05,-7.324641536974839249e-06,7.431508911645122049e-07,8.768732625591149036e-06,1.675893106772862018e-05,2.471878366505304958e-05,3.265144860686046348e-05,4.055816226867553400e-05,4.843828222911770694e-05,5.628936872310963093e-05,6.410733789742971000e-05,7.188663996946400138e-05,7.962049157387427107e-05,8.730111810516203992e-05,9.492003193864669323e-05,1.024683069286416232e-04,1.099368712647538239e-04,1.173167852479101793e-04,1.245995214564549788e-04,1.317772220738797615e-04,1.388429453726305169e-04,1.457908867139504462e-04,1.526165790479505158e-04,1.593170708901417855e-04,1.658910771123240009e-04,1.723391149169430721e-04,1.786636074151515361e-04,1.848689837212227048e-04,1.909617415973227932e-04,1.969505207461650644e-04,2.028461325696357049e-04,2.086616165592609896e-04,2.144122446218179527e-04,2.201155688004111251e-04,2.257914046988214994e-04,2.314618752109986436e-04,2.371513734592555519e-04,2.428866031658258166e-04,2.486965176005388376e-04,2.546123538708371819e-04,2.606675415992095075e-04,2.668977264614293588e-04,2.733406412701426817e-04,2.800361140418443275e-04,2.870258952726296824e-04,2.943536479637204046e-04,3.020647284000385819e-04,3.102061601540118422e-04,3.188263719187252820e-04,3.279751649019320512e-04,3.377034206868460516e-04,3.480630821188634852e-04,3.591068571597112518e-04,3.708882474814136077e-04,3.834612905992280918e-04,3.968806872017036991e-04,4.112016422429415905e-04,4.264801598731972777e-04,4.427730625823677116e-04,4.601385392048884938e-04,4.786364373056177187e-04,4.983291628569663486e-04,5.192823525529226530e-04,5.415662310164599206e-04,5.652567737709366302e-04,5.904376255456312162e-04,6.172018559092133519e-04,6.456545223994287911e-04,6.759150867571657104e-04,7.081206491969792858e-04,7.424290015035359732e-04,7.790224121190915483e-04,8.181110613643745744e-04,8.599368948693253975e-04,9.047766264227972456e-04,9.529443264611192621e-04,1.004791914248177485e-03,1.060707325794202956e-03,1.121107883730844889e-03,1.186427532812863372e-03,1.257094300697498635e-03,1.333495352386018231e-03,1.415925139394400489e-03,1.504513852964725618e-03,1.599133260974849348e-03,1.699281168536164593e-03,1.803949574699885991e-03,1.911490364646940311e-03,2.019506112043973397e-03,2.124814747508002588e-03,2.223555675254738732e-03,2.311539280915772022e-03,2.384941220662992450e-03,2.441296234549977882e-03,2.480736663993724465e-03,2.507347115451577166e-03,2.529870673453095842e-03,2.561697255984775410e-03,2.621018414806068966e-03,2.730049089252141285e-03,2.914779512754868667e-03,3.209630415959812376e-03,3.671616068905520554e-03,4.411453641930897403e-03,5.565560743299715826e-03,6.990158290371889516e-03,7.581152637016985892e-03,4.468107093079023463e-03
0.000000000000000000e+00,0.000000000000000000e+00,0.000000000000000000e+00,0.000000000000000000e+00,0.000000000000000000e+00,0.000000000000000000e+00,0.000000000000000000e+00,0.000000000000000000e+00,0.000000000000000000e+00,0.000000000000000000e+00,0.000000000000000000e+00,0.000000000000000000e+00,0.000000000000000000e+00,0.000000000000000000e+00,0.000000000000000000e+00,0.000000000000000000e+00,0.000000000000000000e+00,0.000000000000000000e+00,0.000000000000000000e+00,0.000000000000000000e+00,0.000000000000000000e+00,0.000000000000000000e+00,0.000000000000000000e+00,0.000000000000000000e+00,0.000000000000000000e+00,0.000000000000000000e+00,0.000000000000000000e+00,0.000000000000000000e+00,0.000000000000000000e+00,0.000000000000000000e+00,0.000000000000000000e+00,0.000000000000000000e+00,0.000000000000000000e+00,0.000000000000000000e+00,0.000000000000000000e+00,0.000000000000000000e+00,0.000000000000000000e+00,0.000000000000000000e+00,0.000000000000000000e+00,0.000000000000000000e+00,0.000000000000000000e+00,0.000000000000000000e+00,0.000000000000000000e+00,0.000000000000000000e+00,0.000000000000000000e+00,0.000000000000000000e+00,0.000000000000000000e+00,0.000000000000000000e+00,0.000000000000000000e+00,0.000000000000000000e+00,0.000000000000000000e+00,0.000000000000000000e+00,0.000000000000000000e+00,0.000000000000000000e+00,0.000000000000000000e+00,0.000000000000000000e+00,0.000000000000000000e+00,0.000000000000000000e+00,0.000000000000000000e+00,0.000000000000000000e+00,0.000000000000000000e+00,0.000000000000000000e+00,0.000000000000000000e+00,0.000000000000000000e+00,0.000000000000000000e+00,0.000000000000000000e+00,0.000000000000000000e+00,0.000000000000000000e+00,0.000000000000000000e+00,0.000000000000000000e+00,0.000000000000000000e+00,0.000000000000000000e+00,0.000000000000000000e+00,0.000000000000000000e+00,0.000000000000000000e+00,0.000000000000000000e+00,0.000000000000000000e+00,0.000000000000000000e+00,0.000000000000000000e+00,0.000000000000000000e+00,0.000000000000000000e+00,0.000000000000000000e+00,0.000000000000000000e+00,0.000000000000000000e+00,0.000000000000000000e+00,0.000000000000000000e+00,0.000000000000000000e+00,0.000000000000000000e+00,0.000000000000000000e+00,0.000000000000000000e+00,0.000000000000000000e+00,0.000000000000000000e+00,0.000000000000000000e+00,0.000000000000000000e+00,0.000000000000000000e+00,0.000000000000000000e+00,0.000000000000000000e+00,0.000000000000000000e+00,0.000000000000000000e+00,0.000000000000000000e+00,0.000000000000000000e+00,0.000000000000000000e+00,0.000000000000000000e+00,0.000000000000000000e+00,0.000000000000000000e+00,0.000000000000000000e+00,0.000000000000000000e+00,0.000000000000000000e+00,0.000000000000000000e+00,0.000000000000000000e+00,0.000000000000000000e+00,0.000000000000000000e+00,0.000000000000000000e+00,0.000000000000000000e+00,0.000000000000000000e+00,0.000000000000000000e+00,0.000000000000000000e+00,0.000000000000000000e+00,0.000000000000000000e+00,0.000000000000000000e+00,0.000000000000000000e+00,0.000000000000000000e+00,0.000000000000000000e+00,0.000000000000000000e+00,0.000000000000000000e+00,0.000000000000000000e+00,0.000000000000000000e+00,0.000000000000000000e+00,0.000000000000000000e+00,0.000000000000000000e+00,0.000000000000000000e+00,0.000000000000000000e+00,0.000000000000000000e+00,0.000000000000000000e+00,0.000000000000000000e+00,0.000000000000000000e+00,0.000000000000000000e+00,0.000000000000000000e+00,0.000000000000000000e+00,0.000000000000000000e+00,0.000000000000000000e+00,0.000000000000000000e+00,0.000000000000000000e+00,0.000000000000000000e+00,0.000000000000000000e+00,0.000000000000000000e+00,0.000000000000000000e+00,0.000000000000000000e+00,0.000000000000000000e+00,0.000000000000000000e+00,0.000000000000000000e+00,0.000000000000000000e+00,0.000000000000000000e+00,0.000000000000000000e+00,0.000000000000000000e+00,0.000000000000000000e+00,0.000000000000000000e+00,0.000000000000000000e+00,0.000000000000000000e+00,0.000000000000000000e+00,0.000000000000000000e+00,0.000000000000000000e+00,0.000000000000000000e+00,0.000000000000000000e+00,0.000000000000000000e+00,0.000000000000000000e+00,0.000000000000000000e+00,0.000000000000000000e+00,0.000000000000000000e+00,0.000000000000000000e+00,0.000000000000000000e+00,0.000000000000000000e+00,0.000000000000000000e+00,0.000000000000000000e+00,0.000000000000000000e+00,0.000000000000000000e+00,-1.106968071401762989e-02,-1.295815629800100947e-02,-1.260775966622311797e-02,-1.119245269643565945e-02,-9.375313497518591999e-03,-7.584379939489156210e-03,-6.047236607167905467e-03,-4.797768420238493307e-03,-3.801419157955668836e-03,-3.017602897318075617e-03,-2.405536114438952891e-03,-1.929700358828330669e-03,-1.561040215183451220e-03,-1.276302491291696770e-03,-1.057060715323267491e-03,-8.887765498890237226e-04,-7.600045838382734047e-04,-6.617496529041877419e-04,-5.869555577070290032e-04,-5.300999807078243245e-04,-4.868732605997787071e-04,-4.539232925541342493e-04,-4.286526066727787605e-04,-4.090569402860032289e-04,-3.935968768955019751e-04,-3.810960204163609693e-04,-3.706604296964067981e-04,-3.616151520201441667e-04,-3.534544113010681899e-04,-3.458027152314794911e-04,-3.383845914009835825e-04,-3.310011650495812995e-04,-3.235120808840231412e-04,-3.158216366627327170e-04,-3.078681636690973594e-04,-2.996159500058661663e-04,-2.910490824411324641e-04,-2.821667780474442161e-04,-2.729798025659177117e-04,-2.635077282707807135e-04,-2.537767739091062783e-04,-2.438180983664884596e-04,-2.336663848681148578e-04,-2.233586634414871301e-04,-2.129332685455709827e-04,-2.024289273422657425e-04,-1.918839134260879470e-04,-1.813352902945794965e-04,-1.708182024187252716e-04,-1.603652535994896748e-04,-1.500059429397508691e-04,-1.397662034968723103e-04,-1.296680186669664297e-04,-1.197291592512311038e-04,-1.099630155998360158e-04,-1.003785605429200438e-04,-9.098041376055404389e-05,-8.176903326363881464e-05,-7.274099995759602665e-05,-6.388941024470479548e-05,-5.520433889512562124e-05,-4.667337754938639949e-05,-3.828220980506323259e-05,-3.001522118318605467e-05,-2.185610714127539690e-05,-1.378847362968952902e-05,-5.796399277230020182e-06,2.135047078030177017e-06,1.001935553745429862e-05,1.786819610246780351e-05,2.569112282398928606e-05,3.349536446882071458e-05,4.128570171743061747e-05,4.906443284334076951e-05,5.683141665508246391e-05,6.458419484631459657e-05,7.231817236473611231e-05,8.002686094310411705e-05,8.770215590001481632e-05,9.533465768965058973e-05,1.029140009527909985e-04,1.104292116933908944e-04,1.178690478310924863e-04,1.252223550936020120e-04,1.324783849922593734e-04,1.396271205474495689e-04,1.466595467366881152e-04,1.535679277327207395e-04,1.603460162063891352e-04,1.669892755783031072e-04,1.734950256593802652e-04,1.798626134054163116e-04,1.860935004033502621e-04,1.921913919421689907e-04,1.981622762465229349e-04,2.040145247292128009e-04,2.097588943582884573e-04,2.154086122596259685e-04,2.209793513401822347e-04,2.264893099217384390e-04,2.319591668765149728e-04,2.374121623218040792e-04,2.428740332458830897e-04,2.483730960183434247e-04,2.539401584155308268e-04,2.596086002382272709e-04,2.654142539385082999e-04,2.713954768092050334e-04,2.775929906908836120e-04,2.840499384943817943e-04,2.908116741731968467e-04,2.979257981403111034e-04,3.054418922251888506e-04,3.134115332729391383e-04,3.218879746556353640e-04,3.309261455180028083e-04,3.405822911415781577e-04,3.509139774167761025e-04,3.619797172230006200e-04,3.738390156468999505e-04,3.865520279344839038e-04,4.001796996009766697e-04,4.147835217343998266e-04,4.304258393161915393e-04,4.471697891603097189e-04,4.650798666948865643e-04,4.842221474774925931e-04,5.046652139235810594e-04,5.264807690522676836e-04,5.497450252021986476e-04,5.745398119867894341e-04,6.009545105043339079e-04,6.290877251591422232e-04,6.590497940683688778e-04,6.909650154548568858e-04,7.249746483672401881e-04,7.612395164003916666e-04,7.999431710693395833e-04,8.412943497731422251e-04,8.855294804929216262e-04,9.329137716919404417e-04,9.837412593391393553e-04,1.038331966815307260e-03,1.097025915408558153e-03,1.160171526021217024e-03,1.228107305354053007e-03,1.301133718052385020e-03,1.379473571312059277e-03,1.463218030890935063e-03,1.552257677281542077e-03,1.646198653889599343e-03,1.744268374181336730e-03,1.845219153584777647e-03,1.947245357641774061e-03,2.047941285929438283e-03,2.144340961861912389e-03,2.233084219222390004e-03,2.310775237624934208e-03,2.374604440510666784e-03,2.423153108193257244e-03,2.457314599679376842e-03,2.481309846644921824e-03,2.503180014072961795e-03,2.534744078705978600e-03,2.591957695551334612e-03,2.694601335786791629e-03,2.866794798116765585e-03,3.142820589835550790e-03,3.582473923601565535e-03,4.301877525344161360e-03,5.443396029086095163e-03,6.870295346003492572e-03,7.489422779246922984e-03,4.435321015066898999e-03
0.000000000000000000e+00,0.000000000000000000e+00,0.000000000000000000e+00,0.000000000000000000e+00,0.000000000000000000e+00,0.000000000000000000e+00,0.000000000000000000e+00,0.000000000000000000e+00,0.000000000000000000e+00,0.000000000000000000e+00,0.000000000000000000e+00,0.000000000000000000e+00,0.000000000000000000e+00,0.000000000000000000e+00,0.000000000000000000e+00,0.000000000000000000e+00,0.000000000000000000e+00,0.000000000000000000e+00,0.000000000000000000e+00,0.000000000000000000e+00,0.000000000000000000e+00,0.000000000000000000e+00,0.000000000000000000e+00,0.000000000000000000e+00,0.000000000000000000e+00,0.000000000000000000e+00,0.000000000000000000e+00,0.000000000000000000e+00,0.000000000000000000e+00,0.000000000000000000e+00,0.000000000000000000e+00,0.000000000000000000e+00,0.000000000000000000e+00,0.000000000000000000e+00,0.000000000000000000e+00,0.000000000000000000e+00,0.000000000000000000e+00,0.000000000000000000e+00,0.000000000000000000e+00,0.000000000000000000e+00,0.000000000000000000e+00,0.000000000000000000e+00,0.000000000000000000e+00,0.000000000000000000e+00,0.000000000000000000e+00,0.000000000000000000e+00,0.000000000000000000e+00,0.000000000000000000e+00,0.000000000000000000e+00,0.000000000000000000e+00,0.000000000000000000e+00,0.000000000000000000e+00,0.000000000000000000e+00,0.000000000000000000e+00,0.000000000000000000e+00,0.000000000000000000e+00,0.000000000000000000e+00,0.000000000000000000e+00,0.000000000000000000e+00,0.000000000000000000e+00,0.000000000000000000e+00,0.000000000000000000e+00,0.000000000000000000e+00,0.000000000000000000e+00,0.000000000000000000e+00,0.000000000000000000e+00,0.000000000000000000e+00,0.000000000000000000e+00,0.000000000000000000e+00,0.000000000000000000e+00,0.000000000000000000e+00,0.000000000000000000e+00,0.000000000000000000e+00,0.000000000000000000e+00,0.000000000000000000e+00,0.000000000000000000e+00,0.000000000000000000e+00,0.000000000000000000e+00,0.000000000000000000e+00,0.000000000000000000e+00,0.000000000000000000e+00,0.000000000000000000e+00,0.000000000000000000e+00,0.000000000000000000e+00,0.000000000000000000e+00,0.000000000000000000e+00,0.000000000000000000e+00,0.000000000000000000e+00,0.000000000000000000e+00,0.000000000000000000e+00,0.000000000000000000e+00,0.000000000000000000e+00,0.000000000000000000e+00,0.000000000000000000e+00,0.000000000000000000e+00,0.000000000000000000e+00,0.000000000000000000e+00,0.000000000000000000e+00,0.000000000000000000e+00,0.000000000000000000e+00,0.000000000000000000e+00,0.000000000000000000e+00,0.000000000000000000e+00,0.000000000000000000e+00,0.000000000000000000e+00,0.000000000000000000e+00,0.000000000000000000e+00,0.000000000000000000e+00,0.000000000000000000e+00,0.000000000000000000e+00,0.000000000000000000e+00,0.000000000000000000e+00,0.000000000000000000e+00,0.000000000000000000e+00,0.000000000000000000e+00,0.000000000000000000e+00,0.000000000000000000e+00,0.000000000000000000e+00,0.000000000000000000e+00,0.000000000000000000e+00,0.000000000000000000e+00,0.000000000000000000e+00,0.000000000000000000e+00,0.000000000000000000e+00,0.000000000000000000e+00,0.000000000000000000e+00,0.000000000000000000e+00,0.000000000000000000e+00,0.000000000000000000e+00,0.000000000000000000e+00,0.000000000000000000e+00,0.000000000000000000e+00,0.000000000000000000e+00,0.000000000000000000e+00,0.000000000000000000e+00,0.000000000000000000e+00,0.000000000000000000e+00,0.000000000000000000e+00,0.000000000000000000e+00,0.000000000000000000e+00,0.000000000000000000e+00,0.000000000000000000e+00,0.000000000000000000e+00,0.000000000000000000e+00,0.000000000000000000e+00,0.000000000000000000e+00,0.000000000000000000e+00,0.000000000000000000e+00,0.000000000000000000e+00,0.000000000000000000e+00,0.000000000000000000e+00,0.000000000000000000e+00,0.000000000000000000e+00,0.000000000000000000e+00,0.000000000000000000e+00,0.000000000000000000e+00,0.000000000000000000e+00,0.000000000000000000e+00,0.000000000000000000e+00,0.000000000000000000e+00,0.000000000000000000e+00,0.000000000000000000e+00,0.000000000000000000e+00,0.000000000000000000e+00,0.000000000000000000e+00,0.000000000000000000e+00,0.000000000000000000e+00,0.000000000000000000e+00,0.000000000000000000e+00,0.000000000000000000e+00,0.000000000000000000e+00,0.000000000000000000e+00,0.000000000000000000e+00,0.000000000000000000e+00,0.000000000000000000e+00,0.000000000000000000e+00,-1.110898537277764386e-02,-1.302382866463888504e-02,-1.268062326667785365e-02,-1.125729324796297115e-02,-9.429016022668072414e-03,-7.630665508653657406e-03,-6.087705178023446358e-03,-4.831673556053798363e-03,-3.829118776764246519e-03,-3.039990055854928548e-03,-2.423546041604429050e-03,-1.944204452981146023e-03,-1.572791567575951331e-03,-1.285922715529136265e-03,-1.065046803119173860e-03,-8.955150670075923396e-04,-7.657882092326867259e-04,-6.667935477658726426e-04,-5.914125015705129149e-04,-5.340736686593967669e-04,-4.904296691056492675e-04,-4.571001054109854935e-04,-4.314668937243243429e-04,-4.115112368230090497e-04,-3.956838784388225227e-04,-3.828020565841718219e-04,-3.719679282491631473e-04,-3.625042896713026076e-04,-3.539041809894610401e-04,-3.457916100609919816e-04,-3.378910838364301427e-04,-3.300040964151200354e-04,-3.219910346618203847e-04,-3.137573224784174076e-04,-3.052428250960109940e-04,-2.964137921760579691e-04,-2.872567191523410328e-04,-2.777736871792753815e-04,-2.679787841505924828e-04,-2.578953469610249165e-04,-2.475537753161691419e-04,-2.369897757569252813e-04,-2.262428847182761311e-04,-2.153552052368665648e-04,-2.043702708027969855e-04,-1.933320180365249899e-04,-1.822838240178297354e-04,-1.712676174639513190e-04,-1.603230466622482871e-04,-1.494867267099180973e-04,-1.387915647482318286e-04,-1.282661881340795311e-04,-1.179344813122716677e-04,-1.078152502733418291e-04,-9.792202114939258266e-05,-8.826297993702161338e-05,-7.884105700247142745e-05,-6.965414838832089848e-05,-6.069547358690469206e-05,-5.195404632058211281e-05,-4.341525517741682530e-05,-3.506151677020805514e-05,-2.687299839114952146e-05,-1.882836213148980693e-05,-1.090553168094577726e-05,-3.082427076537687497e-06,4.662322696341044668e-06,1.234874687303867480e-05,1.999495751831217933e-05,2.761668946324304319e-05,3.522691842820774430e-05,4.283561443401694992e-05,5.044957750265724472e-05,5.807241234059382106e-05,6.570457321295292651e-05,7.334353710010700351e-05,8.098402177157147989e-05,8.861831160847815400e-05,9.623659535442028183e-05,1.038273876184065770e-04,1.113779277013838669e-04,1.188746404450629501e-04,1.263035424698093071e-04,1.336506943412778291e-04,1.409025708767403439e-04,1.480464686725952112e-04,1.550708103265655772e-04,1.619654858658556307e-04,1.687220758137008864e-04,1.753341204639368930e-04,1.817972611701523800e-04,1.881094443854076741e-04,1.942709909948637473e-04,2.002847500537904889e-04,2.061561112696009375e-04,2.118931265788146488e-04,2.175064819562947120e-04,2.230096044609069519e-04,2.284186072319104326e-04,2.337523959070287802e-04,2.390325954562809061e-04,2.442836637360988844e-04,2.495328019908510169e-04,2.548100764306824835e-04,2.601483076554682436e-04,2.655831952119112600e-04,2.711531762279414167e-04,2.768995439005489411e-04,2.828662629694674892e-04,2.891000715116727568e-04,2.956502410102137971e-04,3.025686521577030785e-04,3.099094907368809041e-04,3.177292929634090591e-04,3.260865758409977233e-04,3.350418565456707146e-04,3.446572279254774321e-04,3.549963699131588072e-04,3.661240974374781773e-04,3.781063994235230800e-04,3.910100065701957884e-04,4.049025136408525684e-04,4.198520362844788576e-04,4.359274925723148749e-04,4.531984383691394706e-04,4.717356011192237698e-04,4.916109982309201966e-04,5.128988251238017710e-04,5.356759644567893851e-04,5.600233234684909127e-04,5.860268232852492353e-04,6.137792443409428303e-04,6.433817274933728873e-04,6.749460993079174111e-04,7.085967928201591633e-04,7.444734511813092719e-04,7.827329389224500561e-04,8.235517008604339821e-04,8.671271023185365447e-04,9.136784429962394255e-04,9.634461024620729697e-04,1.016689119677185570e-03,1.073679369353462004e-03,1.134692100271600997e-03,1.199990637112678107e-03,1.269804493040801573e-03,1.344298602679305180e-03,1.423532999394959940e-03,1.507411681159721894e-03,1.595621794850510906e-03,1.687565335714315100e-03,1.782289459109343477e-03,1.878424902943406742e-03,1.974146758711494212e-03,2.067181175600336755e-03,2.154889781783557706e-03,2.234455691222717293e-03,2.303211833578628319e-03,2.359171816536254594e-03,2.401664444772811866e-03,2.431997902735454943e-03,2.454229934071396665e-03,2.475543617865708871e-03,2.506218367426032469e-03,2.560165049884392287e-03,2.655028262220600083e-03,2.813430741203072020e-03,3.069920739926149719e-03,3.487363691319843653e-03,4.187162932472020954e-03,5.316975708916582381e-03,6.746555330874564292e-03,7.394124265385050056e-03,4.400561267784913917e-03
0.000000000000000000e+00,0.000000000000000000e+00,0.000000000000000000e+00,0.000000000000000000e+00,0.000000000000000000e+00,0.000000000000000000e+00,0.000000000000000000e+00,0.000000000000000000e+00,0.000000000000000000e+00,0.000000000000000000e+00,0.000000000000000000e+00,0.000000000000000000e+00,0.000000000000000000e+00,0.000000000000000000e+00,0.000000000000000000e+00,0.000000000000000000e+00,0.000000000000000000e+00,0.000000000000000000e+00,0.000000000000000000e+00,0.000000000000000000e+00,0.000000000000000000e+00,0.000000000000000000e+00,0.000000000000000000e+00,0.000000000000000000e+00,0.000000000000000000e+00,0.000000000000000000e+00,0.000000000000000000e+00,0.000000000000000000e+00,0.000000000000000000e+00,0.000000000000000000e+00,0.000000000000000000e+00,0.000000000000000000e+00,0.000000000000000000e+00,0.000000000000000000e+00,0.000000000000000000e+00,0.000000000000000000e+00,0.000000000000000000e+00,0.000000000000000000e+00,0.000000000000000000e+00,0.000000000000000000e+00,0.000000000000000000e+00,0.000000000000000000e+00,0.000000000000000000e+00,0.000000000000000000e+00,0.000000000000000000e+00,0.000000000000000000e+00,0.000000000000000000e+00,0.000000000000000000e+00,0.000000000000000000e+00,0.000000000000000000e+00,0.000000000000000000e+00,0.000000000000000000e+00,0.000000000000000000e+00,0.000000000000000000e+00,0.000000000000000000e+00,0.000000000000000000e+00,0.000000000000000000e+00,0.000000000000000000e+00,0.000000000000000000e+00,0.000000000000000000e+00,0.000000000000000000e+00,0.000000000000000000e+00,0.000000000000000000e+00,0.000000000000000000e+00,0.000000000000000000e+00,0.000000000000000000e+00,0.000000000000000000e+00,0.000000000000000000e+00,0.000000000000000000e+00,0.000000000000000000e+00,0.000000000000000000e+00,0.000000000000000000e+00,0.000000000000000000e+00,0.000000000000000000e+00,0.000000000000000000e+00,0.000000000000000000e+00,0.000000000000000000e+00,0.000000000000000000e+00,0.000000000000000000e+00,0.000000000000000000e+00,0.000000000000000000e+00,0.000000000000000000e+00,0.000000000000000000e+00,0.000000000000000000e+00,0.000000000000000000e+00,0.000000000000000000e+00,0.000000000000000000e+00,0.000000000000000000e+00,0.000000000000000000e+00,0.000000000000000000e+00,0.000000000000000000e+00,0.000000000000000000e+00,0.000000000000000000e+00,0.000000000000000000e+00,0.000000000000000000e+00,0.000000000000000000e+00,0.000000000000000000e+00,0.000000000000000000e+00,0.000000000000000000e+00,0.000000000000000000e+00,0.000000000000000000e+00,0.000000000000000000e+00,0.000000000000000000e+00,0.000000000000000000e+00,0.000000000000000000e+00,0.000000000000000000e+00,0.000000000000000000e+00,0.000000000000000000e+00,0.000000000000000000e+00,0.000000000000000000e+00,0.000000000000000000e+00,0.000000000000000000e+00,0.000000000000000000e+00,0.000000000000000000e+00,0.000000000000000000e+00,0.000000000000000000e+00,0.000000000000000000e+00,0.000000000000000000e+00,0.000000000000000000e+00,0.000000000000000000e+00,0.000000000000000000e+00,0.000000000000000000e+00,0.000000000000000000e+00,0.000000000000000000e+00,0.000000000000000000e+00,0.000000000000000000e+00,0.000000000000000000e+00,0.000000000000000000e+00,0.000000000000000000e+00,0.000000000000000000e+00,0.000000000000000000e+00,0.000000000000000000e+00,0.000000000000000000e+00,0.000000000000000000e+00,0.000000000000000000e+00,0.000000000000000000e+00,0.000000000000000000e+00,0.000000000000000000e+00,0.000000000000000000e+00,0.000000000000000000e+00,0.000000000000000000e+00,0.000000000000000000e+00,0.000000000000000000e+00,0.000000000000000000e+00,0.000000000000000000e+00,0.000000000000000000e+00,0.000000000000000000e+00,0.000000000000000000e+00,0.000000000000000000e+00,0.000000000000000000e+00,0.000000000000000000e+00,0.000000000000000000e+00,0.000000000000000000e+00,0.000000000000000000e+00,0.000000000000000000e+00,0.000000000000000000e+00,0.000000000000000000e+00,0.000000000000000000e+00,0.000000000000000000e+00,0.000000000000000000e+00,0.000000000000000000e+00,0.000000000000000000e+00,0.000000000000000000e+00,0.000000000000000000e+00,0.000000000000000000e+00,0.000000000000000000e+00,0.000000000000000000e+00,0.000000000000000000e+00,0.000000000000000000e+00,0.000000000000000000e+00,0.000000000000000000e+00,0.000000000000000000e+00,0.000000000000000000e+00,0.000000000000000000e+00,0.000000000000000000e+00,0.000000000000000000e+00,-1.114574672809320009e-02,-1.308579185695201048e-02,-1.274963941269613432e-02,-1.131916770999163643e-02,-9.481179377226664137e-03,-7.676588993422178535e-03,-6.128364929439540816e-03,-4.866015074566755125e-03,-3.857434767670943170e-03,-3.063114514138693886e-03,-2.442367382634474861e-03,-1.959559399615261495e-03,-1.585406556629745910e-03,-1.296398629843261135e-03,-1.073864200089807682e-03,-9.030475998510419143e-04,-7.723186889263118594e-04,-6.725301397381984025e-04,-5.965035314604998128e-04,-5.386205172302540320e-04,-4.944974940151168922e-04,-4.607265992249426215e-04,-4.346692934576148115e-04,-4.142919392142690289e-04,-3.980348786056473473e-04,-3.847084150468985868e-04,-3.734103637079972228e-04,-3.634610163331741068e-04,-3.543521133179170055e-04,-3.457071120736817174e-04,-3.372504475702651225e-04,-3.287839123491778951e-04,-3.201685648717949163e-04,-3.113109238992966665e-04,-3.021524364828899554e-04,-2.926614675595051599e-04,-2.828271972673413858e-04,-2.726549729109380604e-04,-2.621627333593422489e-04,-2.513782288775607480e-04,-2.403368018331508585e-04,-2.290795675308300637e-04,-2.176518619748626286e-04,-2.061018724650539083e-04,-1.944793862420232341e-04,-1.828346211934643887e-04,-1.712171195200460521e-04,-1.596746965297948090e-04,-1.482524552733531726e-04,-1.369918724051361319e-04,-1.259299836475069460e-04,-1.150986753279304060e-04,-1.045241183026297815e-04,-9.422634203639172464e-05,-8.421898586111663200e-05,-7.450920949000386340e-05,-6.509779626727853034e-05,-5.597941176936552644e-05,-4.714304658943535911e-05,-3.857258580757816910e-05,-3.024753100778782705e-05,-2.214379915453723802e-05,-1.423462498649330506e-05,-6.491476821525196962e-06,1.114981663833638173e-06,8.613983458043875409e-06,1.603376004439677059e-05,2.340075784843987611e-05,3.073890904685232239e-05,3.806906317058616405e-05,4.540849972181948998e-05,5.277062829028276753e-05,6.016477531575010004e-05,6.759616430531454701e-05,7.506596754123980855e-05,8.257153846864928701e-05,9.010668312636406399e-05,9.766208613685027130e-05,1.052257326447773075e-04,1.127834533065903922e-04,1.203194195206315427e-04,1.278167326987794672e-04,1.352579218705937062e-04,1.426255140372760261e-04,1.499024781093696293e-04,1.570727305492830312e-04,1.641214883844224585e-04,1.710356843456239159e-04,1.778042120216478993e-04,1.844182450079840567e-04,1.908713762268932090e-04,1.971598525461224578e-04,2.032826239952175806e-04,2.092415156728756414e-04,2.150412092177348691e-04,2.206893773643235873e-04,2.261966206198398491e-04,2.315765881849429103e-04,2.368458889638671314e-04,2.420242170613068886e-04,2.471342491446094393e-04,2.522017845442450735e-04,2.572556321141519450e-04,2.623277659764762819e-04,2.674531964562854459e-04,2.726701346530930681e-04,2.780198353811181309e-04,2.835467581907755966e-04,2.892983663363242388e-04,2.953252691784876414e-04,3.016809605551313916e-04,3.084219282321329966e-04,3.156073183481634525e-04,3.232990024741113928e-04,3.315611628031789435e-04,3.404603171100328970e-04,3.500648325338617025e-04,3.604449234459885338e-04,3.716721197518432361e-04,3.838192716172321569e-04,3.969600198642748512e-04,4.111688629094797692e-04,4.265206998112706753e-04,4.430910360398978491e-04,4.609556909285046568e-04,4.801912362800204353e-04,5.008749745165575135e-04,5.230857113307555394e-04,5.469041102488536327e-04,5.724138864915472935e-04,5.997026136946130570e-04,6.288633730460961970e-04,6.599960067305540900e-04,6.932091380994552347e-04,7.286217028459990004e-04,7.663650353193342344e-04,8.065842181368639875e-04,8.494395537400147890e-04,8.951067935389620846e-04,9.437767115591131836e-04,9.956525319811020472e-04,1.050945432588545675e-03,1.109866466523264832e-03,1.172614723719231020e-03,1.239359990563742566e-03,1.310219525202820957e-03,1.385227573380625040e-03,1.464297762005045906e-03,1.547178485415870008e-03,1.633403422564906312e-03,1.722240578571499186e-03,1.812646159266248849e-03,1.903232366558638622e-03,1.992260150799426803e-03,2.077675732758907986e-03,2.157214754557139173e-03,2.228582158300514843e-03,2.289730620953343235e-03,2.339299324743642546e-03,2.377106675136277103e-03,2.404613713002996377e-03,2.425520304432938947e-03,2.446084057341876318e-03,2.475120339610721847e-03,2.524685110231126781e-03,2.610560320024690826e-03,2.754212943221081341e-03,2.990816127339078825e-03,3.386516624044376509e-03,4.067776977971238224e-03,5.186851833020285699e-03,6.619468217851040906e-03,7.295699583345060732e-03,4.364051824072097754e-03
0.000000000000000000e+00,0.000000000000000000e+00,0.000000000000000000e+00,0.000000000000000000e+00,0.000000000000000000e+00,0.000000000000000000e+00,0.000000000000000000e+00,0.000000000000000000e+00,0.000000000000000000e+00,0.000000000000000000e+00,0.000000000000000000e+00,0.000000000000000000e+00,0.000000000000000000e+00,0.000000000000000000e+00,0.000000000000000000e+00,0.000000000000000000e+00,0.000000000000000000e+00,0.000000000000000000e+00,0.000000000000000000e+00,0.000000000000000000e+00,0.000000000000000000e+00,0.000000000000000000e+00,0.000000000000000000e+00,0.000000000000000000e+00,0.000000000000000000e+00,0.000000000000000000e+00,0.000000000000000000e+00,0.000000000000000000e+00,0.000000000000000000e+00,0.000000000000000000e+00,0.000000000000000000e+00,0.000000000000000000e+00,0.000000000000000000e+00,0.000000000000000000e+00,0.000000000000000000e+00,0.000000000000000000e+00,0.000000000000000000e+00,0.000000000000000000e+00,0.000000000000000000e+00,0.000000000000000000e+00,0.000000000000000000e+00,0.000000000000000000e+00,0.000000000000000000e+00,0.000000000000000000e+00,0.000000000000000000e+00,0.000000000000000000e+00,0.000000000000000000e+00,0.000000000000000000e+00,0.000000000000000000e+00,0.000000000000000000e+00,0.000000000000000000e+00,0.000000000000000000e+00,0.000000000000000000e+00,0.000000000000000000e+00,0.000000000000000000e+00,0.000000000000000000e+00,0.000000000000000000e+00,0.000000000000000000e+00,0.000000000000000000e+00,0.000000000000000000e+00,0.000000000000000000e+00,0.000000000000000000e+00,0.000000000000000000e+00,0.000000000000000000e+00,0.000000000000000000e+00,0.000000000000000000e+00,0.000000000000000000e+00,0.000000000000000000e+00,0.000000000000000000e+00,0.000000000000000000e+00,0.000000000000000000e+00,0.000000000000000000e+00,0.000000000000000000e+00,0.000000000000000000e+00,0.000000000000000000e+00,0.000000000000000000e+00,0.000000000000000000e+00,0.000000000000000000e+00,0.000000000000000000e+00,0.000000000000000000e+00,0.000000000000000000e+00,0.000000000000000000e+00,0.000000000000000000e+00,0.000000000000000000e+00,0.000000000000000000e+00,0.000000000000000000e+00,0.000000000000000000e+00,0.000000000000000000e+00,0.000000000000000000e+00,0.000000000000000000e+00,0.000000000000000000e+00,0.000000000000000000e+00,0.000000000000000000e+00,0.000000000000000000e+00,0.000000000000000000e+00,0.000000000000000000e+00,0.000000000000000000e+00,0.000000000000000000e+00,0.000000000000000000e+00,0.000000000000000000e+00,0.000000000000000000e+00,0.000000000000000000e+00,0.000000000000000000e+00,0.000000000000000000e+00,0.000000000000000000e+00,0.000000000000000000e+00,0.000000000000000000e+00,0.000000000000000000e+00,0.000000000000000000e+00,0.000000000000000000e+00,0.000000000000000000e+00,0.000000000000000000e+00,0.000000000000000000e+00,0.000000000000000000e+00,0.000000000000000000e+00,0.000000000000000000e+00,0.000000000000000000e+00,0.000000000000000000e+00,0.000000000000000000e+00,0.000000000000000000e+00,0.000000000000000000e+00,0.000000000000000000e+00,0.000000000000000000e+00,0.000000000000000000e+00,0.000000000000000000e+00,0.000000000000000000e+00,0.000000000000000000e+00,0.000000000000000000e+00,0.000000000000000000e+00,0.000000000000000000e+00,0.000000000000000000e+00,0.000000000000000000e+00,0.000000000000000000e+00,0.000000000000000000e+00,0.000000000000000000e+00,0.000000000000000000e+00,0.000000000000000000e+00,0.000000000000000000e+00,0.000000000000000000e+00,0.000000000000000000e+00,0.000000000000000000e+00,0.000000000000000000e+00,0.000000000000000000e+00,0.000000000000000000e+00,0.000000000000000000e+00,0.000000000000000000e+00,0.000000000000000000e+00,0.000000000000000000e+00,0.000000000000000000e+00,0.000000000000000000e+00,0.000000000000000000e+00,0.000000000000000000e+00,0.000000000000000000e+00,0.000000000000000000e+00,0.000000000000000000e+00,0.000000000000000000e+00,0.000000000000000000e+00,0.000000000000000000e+00,0.000000000000000000e+00,0.000000000000000000e+00,0.000000000000000000e+00,0.000000000000000000e+00,0.000000000000000000e+00,0.000000000000000000e+00,0.000000000000000000e+00,0.000000000000000000e+00,0.000000000000000000e+00,0.000000000000000000e+00,0.000000000000000000e+00,0.000000000000000000e+00,0.000000000000000000e+00,0.000000000000000000e+00,0.000000000000000000e+00,0.000000000000000000e+00,0.000000000000000000e+00,0.000000000000000000e+00,-1.117991178638920273e-02,-1.314402395542586463e-02,-1.281484462673672560e-02,-1.137816944330071259e-02,-9.531892111299676215e-03,-7.722163014041053680e-03,-6.169150288246492628e-03,-4.900703409099316232e-03,-3.886273733096083823e-03,-3.086883859227372313e-03,-2.461912290290623265e-03,-1.975684169063405757e-03,-1.598812384255155926e-03,-1.307665871077045303e-03,-1.083456093975573636e-03,-9.113227308094779293e-04,-7.795469821423144097e-04,-6.789091790988701757e-04,-6.021737339044910082e-04,-5.436780990663590872e-04,-4.990050445736503911e-04,-4.647212449258105067e-04,-4.381689155312598638e-04,-4.172998713628718755e-04,-4.005436126518625134e-04,-3.867026098975469609e-04,-3.748693532531601814e-04,-3.643608159265449573e-04,-3.546669241769176200e-04,-3.454103344234306676e-04,-3.363153253180631861e-04,-3.271839675610502024e-04,-3.178779916131179990e-04,-3.083050401092765061e-04,-2.984082380773576937e-04,-2.881582695473008222e-04,-2.775473382134125756e-04,-2.665845455995469269e-04,-2.552923203972841241e-04,-2.437036121435621116e-04,-2.318596284834926829e-04,-2.198079398304290347e-04,-2.076008332495139070e-04,-1.952938149546537842e-04,-1.829442167802159997e-04,-1.706098541875294982e-04,-1.583477424030295486e-04,-1.462128458941508154e-04,-1.342569025547511751e-04,-1.225273095490331222e-04,-1.110661336886766215e-04,-9.990923163176741837e-05,-8.908555304141860102e-05,-7.861659918338127718e-05,-6.851611158077605115e-05,-5.878994231413997573e-05,-4.943617663944352246e-05,-4.044543433755193031e-05,-3.180141489618324878e-05,-2.348158728310481474e-05,-1.545808566959211062e-05,-7.698688874897243112e-06,-1.679455754920644486e-07,7.171695084053802518e-06,1.435867869369027844e-05,2.143121908198122327e-05,2.842616798481558744e-05,3.537803953811538874e-05,4.231808815718836054e-05,4.927360003630712742e-05,5.626727332370899101e-05,6.331684638482661998e-05,7.043482364663652734e-05,7.762845757538887077e-05,8.489981066882632639e-05,9.224605738329812957e-05,9.965982610187580550e-05,1.071297469593621854e-04,1.146409853504782943e-04,1.221759391203706361e-04,1.297148629633282227e-04,1.372366166624455525e-04,1.447192869814623787e-04,1.521409035358583996e-04,1.594799849970903708e-04,1.667161632274900850e-04,1.738306066805205257e-04,1.808065208066196897e-04,1.876294289734759381e-04,1.942875440896091603e-04,2.007719123723773617e-04,2.070766733770088778e-04,2.131990900369272305e-04,2.191397278869995928e-04,2.249024034206987524e-04,2.304943175204704530e-04,2.359259543221340954e-04,2.412112008340225539e-04,2.463672226943257565e-04,2.514145940416587341e-04,2.563771668537773922e-04,2.612822242105835267e-04,2.661603482970898858e-04,2.710455984471872365e-04,2.759753717070193577e-04,2.809905966809207148e-04,2.861355716883167734e-04,2.914581578652744825e-04,2.970095744010588777e-04,3.028445702593019948e-04,3.090211543569456633e-04,3.156007252898603704e-04,3.226477173571628914e-04,3.302296725965367602e-04,3.384167920274318330e-04,3.472819446983896221e-04,3.569001276813375096e-04,3.673484225629879444e-04,3.787053869541902209e-04,3.910509888662067925e-04,4.044659752923156692e-04,4.190318374026651615e-04,4.348302259605539067e-04,4.519430227881149884e-04,4.704518952915648280e-04,4.904385681808373903e-04,5.119846245549300673e-04,5.351720786429655036e-04,5.600835280597131005e-04,5.868031093608351654e-04,6.154170673784015166e-04,6.460151089715590990e-04,6.786913553151207885e-04,7.135459664584710860e-04,7.506862490803416135e-04,7.902281708798946768e-04,8.322970735311895638e-04,8.770282952626603156e-04,9.245664531144962657e-04,9.750638197394864400e-04,1.028676485997420545e-03,1.085558429098374593e-03,1.145852152036097409e-03,1.209675757639903622e-03,1.277105285505951730e-03,1.348152215128291731e-03,1.422735633432155745e-03,1.500649699212987156e-03,1.581527507032431988e-03,1.664803786510917014e-03,1.749680223526612786e-03,1.835098960333198014e-03,1.919732188884944310e-03,2.001994955977600462e-03,2.080095417827785079e-03,2.152141350950054818e-03,2.216299952219282724e-03,2.271019867513651182e-03,2.315385477084835712e-03,2.349497309759849585e-03,2.374783088908123153e-03,2.394471142915804637e-03,2.413885371163189755e-03,2.440474405002012598e-03,2.484621826591782226e-03,2.560502875317855181e-03,2.688748420925052979e-03,2.905472404413622471e-03,3.280229530137589167e-03,3.944222514840686408e-03,5.053580330127437764e-03,6.489552079782016925e-03,7.194586304342259070e-03,4.326029403100191580e-03
0.000000000000000000e+00,0.000000000000000000e+00,0.000000000000000000e+00,0.000000000000000000e+00,0.000000000000000000e+00,0.000000000000000000e+00,0.000000000000000000e+00,0.000000000000000000e+00,0.000000000000000000e+00,0.000000000000000000e+00,0.000000000000000000e+00,0.000000000000000000e+00,0.000000000000000000e+00,0.000000000000000000e+00,0.000000000000000000e+00,0.000000000000000000e+00,0.000000000000000000e+00,0.000000000000000000e+00,0.000000000000000000e+00,0.000000000000000000e+00,0.000000000000000000e+00,0.000000000000000000e+00,0.000000000000000000e+00,0.000000000000000000e+00,0.000000000000000000e+00,0.000000000000000000e+00,0.000000000000000000e+00,0.000000000000000000e+00,0.000000000000000000e+00,0.000000000000000000e+00,0.000000000000000000e+00,0.000000000000000000e+00,0.000000000000000000e+00,0.000000000000000000e+00,0.000000000000000000e+00,0.000000000000000000e+00,0.000000000000000000e+00,0.000000000000000000e+00,0.000000000000000000e+00,0.000000000000000000e+00,0.000000000000000000e+00,0.000000000000000000e+00,0.000000000000000000e+00,0.000000000000000000e+00,0.000000000000000000e+00,0.000000000000000000e+00,0.000000000000000000e+00,0.000000000000000000e+00,0.000000000000000000e+00,0.000000000000000000e+00,0.000000000000000000e+00,0.000000000000000000e+00,0.000000000000000000e+00,0.000000000000000000e+00,0.000000000000000000e+00,0.000000000000000000e+00,0.000000000000000000e+00,0.000000000000000000e+00,0.000000000000000000e+00,0.000000000000000000e+00,0.000000000000000000e+00,0.000000000000000000e+00,0.000000000000000000e+00,0.000000000000000000e+00,0.000000000000000000e+00,0.000000000000000000e+00,0.000000000000000000e+00,0.000000000000000000e+00,0.000000000000000000e+00,0.000000000000000000e+00,0.000000000000000000e+00,0.000000000000000000e+00,0.000000000000000000e+00,0.000000000000000000e+00,0.000000000000000000e+00,0.000000000000000000e+00,0.000000000000000000e+00,0.000000000000000000e+00,0.000000000000000000e+00,0.000000000000000000e+00,0.000000000000000000e+00,0.000000000000000000e+00,0.000000000000000000e+00,0.000000000000000000e+00,0.000000000000000000e+00,0.000000000000000000e+00,0.000000000000000000e+00,0.000000000000000000e+00,0.000000000000000000e+00,0.000000000000000000e+00,0.000000000000000000e+00,0.000000000000000000e+00,0.000000000000000000e+00,0.000000000000000000e+00,0.000000000000000000e+00,0.000000000000000000e+00,0.000000000000000000e+00,0.000000000000000000e+00,0.000000000000000000e+00,0.000000000000000000e+00,0.000000000000000000e+00,0.000000000000000000e+00,0.000000000000000000e+00,0.000000000000000000e+00,0.000000000000000000e+00,0.000000000000000000e+00,0.000000000000000000e+00,0.000000000000000000e+00,0.000000000000000000e+00,0.000000000000000000e+00,0.000000000000000000e+00,0.000000000000000000e+00,0.000000000000000000e+00,0.000000000000000000e+00,0.000000000000000000e+00,0.000000000000000000e+00,0.000000000000000000e+00,0.000000000000000000e+00,0.000000000000000000e+00,0.000000000000000000e+00,0.000000000000000000e+00,0.000000000000000000e+00,0.000000000000000000e+00,0.000000000000000000e+00,0.000000000000000000e+00,0.000000000000000000e+00,0.000000000000000000e+00,0.000000000000000000e+00,0.000000000000000000e+00,0.000000000000000000e+00,0.000000000000000000e+00,0.000000000000000000e+00,0.000000000000000000e+00,0.000000000000000000e+00,0.000000000000000000e+00,0.000000000000000000e+00,0.000000000000000000e+00,0.000000000000000000e+00,0.000000000000000000e+00,0.000000000000000000e+00,0.000000000000000000e+00,0.000000000000000000e+00,0.000000000000000000e+00,0.000000000000000000e+00,0.000000000000000000e+00,0.000000000000000000e+00,0.000000000000000000e+00,0.000000000000000000e+00,0.000000000000000000e+00,0.000000000000000000e+00,0.000000000000000000e+00,0.000000000000000000e+00,0.000000000000000000e+00,0.000000000000000000e+00,0.000000000000000000e+00,0.000000000000000000e+00,0.000000000000000000e+00,0.000000000000000000e+00,0.000000000000000000e+00,0.000000000000000000e+00,0.000000000000000000e+00,0.000000000000000000e+00,0.000000000000000000e+00,0.000000000000000000e+00,0.000000000000000000e+00,0.000000000000000000e+00,0.000000000000000000e+00,0.000000000000000000e+00,0.000000000000000000e+00,0.000000000000000000e+00,0.000000000000000000e+00,0.000000000000000000e+00,0.000000000000000000e+00,0.000000000000000000e+00,0.000000000000000000e+00,0.000000000000000000e+00,-1.121143232387914086e-02,-1.319853600737760403e-02,-1.287633142054806987e-02,-1.143444800857121822e-02,-9.581286441030392384e-03,-7.767431820307846811e-03,-6.210025900226656334e-03,-4.935678423156615417e-03,-3.915563724591591965e-03,-3.111216277646876825e-03,-2.482091332121995342e-03,-1.992484424239443150e-03,-1.612912675912043115e-03,-1.319629289801664117e-03,-1.093731378712260683e-03,-9.202554901315496355e-04,-7.873948414592815562e-04,-6.858581764461516538e-04,-6.083538220202945601e-04,-5.491768571041891244e-04,-5.038787810429867179e-04,-4.690034644980164481e-04,-4.418762391331247695e-04,-4.204360158625106299e-04,-4.031020369716888031e-04,-3.886685315600815413e-04,-3.762215538905887106e-04,-3.650734310463911729e-04,-3.547111262213903404e-04,-3.447557491608789775e-04,-3.349310731876164039e-04,-3.250393726411293822e-04,-3.149431132619143160e-04,-3.045511916223942947e-04,-2.938086065967734656e-04,-2.826886582270920958e-04,-2.711870135283329583e-04,-2.593171352462729051e-04,-2.471067277103097381e-04,-2.345948998333958894e-04,-2.218298499177638193e-04,-2.088668761524341212e-04,-1.957666164003866202e-04,-1.825933951689122326e-04,-1.694136571821614856e-04,-1.562944163557271218e-04,-1.433017542841195685e-04,-1.304993275780150729e-04,-1.179469556192665376e-04,-1.056992617379222079e-04,-9.380446233480861944e-05,-8.230327565119821174e-05,-7.122805485574408221e-05,-6.060210273611857628e-05,-5.043927238731978790e-05,-4.074378678019044284e-05,-3.151037466769295638e-05,-2.272462568306692594e-05,-1.436365311116201968e-05,-6.396936266673744148e-06,1.212575676966962762e-06,8.507254212994852247e-06,1.553339548898485193e-05,2.233981529784552256e-05,2.897634742221263677e-05,3.549243716442226177e-05,4.193572730357445974e-05,4.835083517863535260e-05,5.477819549539759682e-05,6.125316852353652022e-05,6.780526022496137647e-05,7.445765168621475312e-05,8.122685366000421470e-05,8.812268098026755821e-05,9.514833188642108708e-05,1.023007668950009737e-04,1.095711438348515525e-04,1.169455087358833888e-04,1.244054752020406259e-04,1.319291043538160378e-04,1.394916993568687724e-04,1.470667468780853429e-04,1.546267050785041198e-04,1.621438971220530597e-04,1.695911969200626093e-04,1.769427969726316890e-04,1.841747311090079990e-04,1.912654756514224977e-04,1.981962850926020166e-04,2.049516212529369353e-04,2.115193108676472898e-04,2.178908267048727061e-04,2.240613000536202236e-04,2.300296958594769765e-04,2.357987246829948273e-04,2.413749594122893433e-04,2.467686911878593545e-04,2.519940306719158671e-04,2.570687441797658780e-04,2.620143714487298226e-04,2.668560651072330757e-04,2.716227423465671477e-04,2.763469356542680531e-04,2.810649804442436734e-04,2.858168703987116989e-04,2.906464695187832093e-04,2.956013536961537365e-04,3.007330255301278931e-04,3.060967161298340402e-04,3.117515752630094597e-04,3.177604045652446881e-04,3.241897947935197988e-04,3.311097643131218570e-04,3.385938201280744905e-04,3.467184843331794480e-04,3.555632665198012209e-04,3.652100757478360989e-04,3.757431083824132843e-04,3.872481631396305240e-04,3.998124691895372520e-04,4.135239454994546135e-04,4.284710176064280185e-04,4.447418880948455643e-04,4.624244148082907058e-04,4.816054840557814276e-04,5.023710441429398918e-04,5.248056905871996631e-04,5.489929577103554561e-04,5.750152231094332817e-04,6.029543400483886994e-04,6.328919258129972383e-04,6.649103440001981205e-04,6.990933301206331101e-04,7.355271754663022209e-04,7.743014327595543460e-04,8.155098831283795219e-04,8.592507304468643319e-04,9.056265345617038002e-04,9.547428444468145179e-04,1.006705776937587065e-03,1.061617515002832423e-03,1.119569715821778534e-03,1.180633905016906411e-03,1.244848714685366448e-03,1.312203382679241661e-03,1.382617559322844381e-03,1.455917647034306057e-03,1.531810461783242707e-03,1.609855918218546433e-03,1.689440929942657120e-03,1.769758154157113905e-03,1.849793923597891059e-03,1.928331998779074345e-03,2.003976396349783917e-03,2.075203586254688315e-03,2.140460838411121190e-03,2.198300731302123712e-03,2.247548268356475316e-03,2.287581521285136053e-03,2.318626355969017564e-03,2.341954409131333237e-03,2.360268509505359779e-03,2.377988544831780102e-03,2.401304477945748021e-03,2.439105110050174274e-03,2.504206521585252126e-03,2.616705298070322316e-03,2.813922363034899836e-03,3.168853204939691640e-03,3.817025378793732424e-03,4.917706884791679146e-03,6.357297161468604581e-03,7.091199366746158035e-03,4.286730949781592664e-03
0.000000000000000000e+00,0.000000000000000000e+00,0.000000000000000000e+00,0.000000000000000000e+00,0.000000000000000000e+00,0.000000000000000000e+00,0.000000000000000000e+00,0.000000000000000000e+00,0.000000000000000000e+00,0.000000000000000000e+00,0.000000000000000000e+00,0.000000000000000000e+00,0.000000000000000000e+00,0.000000000000000000e+00,0.000000000000000000e+00,0.000000000000000000e+00,0.000000000000000000e+00,0.000000000000000000e+00,0.000000000000000000e+00,0.000000000000000000e+00,0.000000000000000000e+00,0.000000000000000000e+00,0.000000000000000000e+00,0.000000000000000000e+00,0.000000000000000000e+00,0.000000000000000000e+00,0.000000000000000000e+00,0.000000000000000000e+00,0.000000000000000000e+00,0.000000000000000000e+00,0.000000000000000000e+00,0.000000000000000000e+00,0.000000000000000000e+00,0.000000000000000000e+00,0.000000000000000000e+00,0.000000000000000000e+00,0.000000000000000000e+00,0.000000000000000000e+00,0.000000000000000000e+00,0.000000000000000000e+00,0.000000000000000000e+00,0.000000000000000000e+00,0.000000000000000000e+00,0.000000000000000000e+00,0.000000000000000000e+00,0.000000000000000000e+00,0.000000000000000000e+00,0.000000000000000000e+00,0.000000000000000000e+00,0.000000000000000000e+00,0.000000000000000000e+00,0.000000000000000000e+00,0.000000000000000000e+00,0.000000000000000000e+00,0.000000000000000000e+00,0.000000000000000000e+00,0.000000000000000000e+00,0.000000000000000000e+00,0.000000000000000000e+00,0.000000000000000000e+00,0.000000000000000000e+00,0.000000000000000000e+00,0.000000000000000000e+00,0.000000000000000000e+00,0.000000000000000000e+00,0.000000000000000000e+00,0.000000000000000000e+00,0.000000000000000000e+00,0.000000000000000000e+00,0.000000000000000000e+00,0.000000000000000000e+00,0.000000000000000000e+00,0.000000000000000000e+00,0.000000000000000000e+00,0.000000000000000000e+00,0.000000000000000000e+00,0.000000000000000000e+00,0.000000000000000000e+00,0.000000000000000000e+00,0.000000000000000000e+00,0.000000000000000000e+00,0.000000000000000000e+00,0.000000000000000000e+00,0.000000000000000000e+00,0.000000000000000000e+00,0.000000000000000000e+00,0.000000000000000000e+00,0.000000000000000000e+00,0.000000000000000000e+00,0.000000000000000000e+00,0.000000000000000000e+00,0.000000000000000000e+00,0.000000000000000000e+00,0.000000000000000000e+00,0.000000000000000000e+00,0.000000000000000000e+00,0.000000000000000000e+00,0.000000000000000000e+00,0.000000000000000000e+00,0.000000000000000000e+00,0.000000000000000000e+00,0.000000000000000000e+00,0.000000000000000000e+00,0.000000000000000000e+00,0.000000000000000000e+00,0.000000000000000000e+00,0.000000000000000000e+00,0.000000000000000000e+00,0.000000000000000000e+00,0.000000000000000000e+00,0.000000000000000000e+00,0.000000000000000000e+00,0.000000000000000000e+00,0.000000000000000000e+00,0.000000000000000000e+00,0.000000000000000000e+00,0.000000000000000000e+00,0.000000000000000000e+00,0.000000000000000000e+00,0.000000000000000000e+00,0.000000000000000000e+00,0.000000000000000000e+00,0.000000000000000000e+00,0.000000000000000000e+00,0.000000000000000000e+00,0.000000000000000000e+00,0.000000000000000000e+00,0.000000000000000000e+00,0.000000000000000000e+00,0.000000000000000000e+00,0.000000000000000000e+00,0.000000000000000000e+00,0.000000000000000000e+00,0.000000000000000000e+00,0.000000000000000000e+00,0.000000000000000000e+00,0.000000000000000000e+00,0.000000000000000000e+00,0.000000000000000000e+00,0.000000000000000000e+00,0.000000000000000000e+00,0.000000000000000000e+00,0.000000000000000000e+00,0.000000000000000000e+00,0.000000000000000000e+00,0.000000000000000000e+00,0.000000000000000000e+00,0.000000000000000000e+00,0.000000000000000000e+00,0.000000000000000000e+00,0.000000000000000000e+00,0.000000000000000000e+00,0.000000000000000000e+00,0.000000000000000000e+00,0.000000000000000000e+00,0.000000000000000000e+00,0.000000000000000000e+00,0.000000000000000000e+00,0.000000000000000000e+00,0.000000000000000000e+00,0.000000000000000000e+00,0.000000000000000000e+00,0.000000000000000000e+00,0.000000000000000000e+00,0.000000000000000000e+00,0.000000000000000000e+00,0.000000000000000000e+00,0.000000000000000000e+00,0.000000000000000000e+00,0.000000000000000000e+00,0.000000000000000000e+00,0.000000000000000000e+00,0.000000000000000000e+00,0.000000000000000000e+00,0.000000000000000000e+00,0.000000000000000000e+00,-1.124025642297970390e-02,-1.324937164899959996e-02,-1.293424196523840393e-02,-1.148820846428369978e-02,-9.629544658584676675e-03,-7.812488120119870892e-03,-6.251012539992273354e-03,-4.970940680909797377e-03,-3.945292190913371466e-03,-3.136084331637388044e-03,-2.502861258585441576e-03,-2.009899921475256663e-03,-1.627630490000623979e-03,-1.332196865965801572e-03,-1.104586460792006180e-03,-9.297351720664971198e-04,-7.957493383622780839e-04,-6.932658895467359514e-04,-6.149364535479907856e-04,-5.550131645811821586e-04,-5.090165160444203507e-04,-4.734687850382404695e-04,-4.456805454917661799e-04,-4.235802024057229399e-04,-4.055787616182869636e-04,-3.904632100719333376e-04,-3.773129807856737410e-04,-3.654346095960242513e-04,-3.543105612446625485e-04,-3.435590155719827851e-04,-3.329023442557596329e-04,-3.221426471714638595e-04,-3.111431235875605403e-04,-2.998141293152964534e-04,-2.881028549771783975e-04,-2.759856385054866774e-04,-2.634621692802730192e-04,-2.505510089111460796e-04,-2.372860749535827738e-04,-2.237137813019523115e-04,-2.098906607750807137e-04,-1.958812671052953644e-04,-1.817562754608621138e-04,-1.675906457506517761e-04,-1.534618456955411298e-04,-1.394480489756610617e-04,-1.256263665635078120e-04,-1.120710584224235472e-04,-9.885182737396893066e-05,-8.603215637664640594e-05,-7.366781865361612697e-05,-6.180551936402985970e-05,-5.048181064618524264e-05,-3.972222089591578647e-05,-2.954073922298984281e-05,-1.993956599331280191e-05,-1.090926037684227108e-05,-2.429158935149651428e-06,5.531817282069830170e-06,1.301413083534098051e-05,2.006626478240427865e-05,2.674322530087686026e-05,3.310480777200065566e-05,3.921384833786054313e-05,4.513435318052039778e-05,5.092974269915979491e-05,5.666108698870266395e-05,6.238557525824961144e-05,6.815507049741729832e-05,7.401498982504896458e-05,8.000333019345291525e-05,8.615007337395488168e-05,9.247675523502851434e-05,9.899642616523592542e-05,1.057137533206362675e-04,1.126254873064679236e-04,1.197210128374281973e-04,1.269832075940531405e-04,1.343893032565018366e-04,1.419119828504992195e-04,1.495203896957619522e-04,1.571813011802433409e-04,1.648601299982554232e-04,1.725220329244459515e-04,1.801327802953222549e-04,1.876596982153466101e-04,1.950723271560336736e-04,2.023431437110778522e-04,2.094479771836732008e-04,2.163665036921638056e-04,2.230824329685353628e-04,2.295838061521788664e-04,2.358629969609147420e-04,2.419168688205374114e-04,2.477466504849756943e-04,2.533580159078234755e-04,2.587608946134089833e-04,2.639695316408047503e-04,2.690022818773954590e-04,2.738816925429620125e-04,2.786343132492622929e-04,2.832908243087071823e-04,2.878858744322200860e-04,2.924582582094528401e-04,2.970507744291321878e-04,3.017104384203942911e-04,3.064883386382420650e-04,3.114398562912705807e-04,3.166244876541474736e-04,3.221060356158407978e-04,3.279523609419196430e-04,3.342355086797057259e-04,3.410313538550378766e-04,3.484196305053814517e-04,3.564834463022061787e-04,3.653091932531642529e-04,3.749859209918261944e-04,3.856051250399986107e-04,3.972599888721437423e-04,4.100450668891531198e-04,4.240554297203074654e-04,4.393862838164535180e-04,4.561320818707477465e-04,4.743861480247725960e-04,4.942398436267982434e-04,5.157822927261699122e-04,5.390997162195282615e-04,5.642753667428350352e-04,5.913891474370871690e-04,6.205178498383844606e-04,6.517351336762349781e-04,6.851120886100650143e-04,7.207175385611706538e-04,7.586187873274857253e-04,7.988819961622241990e-04,8.415727014294567933e-04,8.867556851977564198e-04,9.344944747916272528e-04,9.848497122540527098e-04,1.037876424155671166e-03,1.093619505566116416e-03,1.152107250993374609e-03,1.213342441448304193e-03,1.277290776971102410e-03,1.343866602033324002e-03,1.412915961787126768e-03,1.484197748208649801e-03,1.557363608264984581e-03,1.631938601307823507e-03,1.707304238898465013e-03,1.782687073065090250e-03,1.857155878166983449e-03,1.929633115248146139e-03,1.998920539769401868e-03,2.063745781556353565e-03,2.122847118936650648e-03,2.175082973762404101e-03,2.219549976346012633e-03,2.255801226059842707e-03,2.284077350580759544e-03,2.305421824953498948e-03,2.322000762906062388e-03,2.337384341042939191e-03,2.356619513394554635e-03,2.387278674311456989e-03,2.441063218433955212e-03,2.537815760349256336e-03,2.716269040159462016e-03,3.052790138970566929e-03,3.686726271311574314e-03,4.779755666786837665e-03,6.223152629133410323e-03,6.985915893663605450e-03,4.246382373975236130e-03
0.000000000000000000e+00,0.000000000000000000e+00,0.000000000000000000e+00,0.000000000000000000e+00,0.000000000000000000e+00,0.000000000000000000e+00,0.000000000000000000e+00,0.000000000000000000e+00,0.000000000000000000e+00,0.000000000000000000e+00,0.000000000000000000e+00,0.000000000000000000e+00,0.000000000000000000e+00,0.000000000000000000e+00,0.000000000000000000e+00,0.000000000000000000e+00,0.000000000000000000e+00,0.000000000000000000e+00,0.000000000000000000e+00,0.000000000000000000e+00,0.000000000000000000e+00,0.000000000000000000e+00,0.000000000000000000e+00,0.000000000000000000e+00,0.000000000000000000e+00,0.000000000000000000e+00,0.000000000000000000e+00,0.000000000000000000e+00,0.000000000000000000e+00,0.000000000000000000e+00,0.000000000000000000e+00,0.000000000000000000e+00,0.000000000000000000e+00,0.000000000000000000e+00,0.000000000000000000e+00,0.000000000000000000e+00,0.000000000000000000e+00,0.000000000000000000e+00,0.000000000000000000e+00,0.000000000000000000e+00,0.000000000000000000e+00,0.000000000000000000e+00,0.000000000000000000e+00,0.000000000000000000e+00,0.000000000000000000e+00,0.000000000000000000e+00,0.000000000000000000e+00,0.000000000000000000e+00,0.000000000000000000e+00,0.000000000000000000e+00,0.000000000000000000e+00,0.000000000000000000e+00,0.000000000000000000e+00,0.000000000000000000e+00,0.000000000000000000e+00,0.000000000000000000e+00,0.000000000000000000e+00,0.000000000000000000e+00,0.000000000000000000e+00,0.000000000000000000e+00,0.000000000000000000e+00,0.000000000000000000e+00,0.000000000000000000e+00,0.000000000000000000e+00,0.000000000000000000e+00,0.000000000000000000e+00,0.000000000000000000e+00,0.000000000000000000e+00,0.000000000000000000e+00,0.000000000000000000e+00,0.000000000000000000e+00,0.000000000000000000e+00,0.000000000000000000e+00,0.000000000000000000e+00,0.000000000000000000e+00,0.000000000000000000e+00,0.000000000000000000e+00,0.000000000000000000e+00,0.000000000000000000e+00,0.000000000000000000e+00,0.000000000000000000e+00,0.000000000000000000e+00,0.000000000000000000e+00,0.000000000000000000e+00,0.000000000000000000e+00,0.000000000000000000e+00,0.000000000000000000e+00,0.000000000000000000e+00,0.000000000000000000e+00,0.000000000000000000e+00,0.000000000000000000e+00,0.000000000000000000e+00,0.000000000000000000e+00,0.000000000000000000e+00,0.000000000000000000e+00,0.000000000000000000e+00,0.000000000000000000e+00,0.000000000000000000e+00,0.000000000000000000e+00,0.000000000000000000e+00,0.000000000000000000e+00,0.000000000000000000e+00,0.000000000000000000e+00,0.000000000000000000e+00,0.000000000000000000e+00,0.000000000000000000e+00,0.000000000000000000e+00,0.000000000000000000e+00,0.000000000000000000e+00,0.000000000000000000e+00,0.000000000000000000e+00,0.000000000000000000e+00,0.000000000000000000e+00,0.000000000000000000e+00,0.000000000000000000e+00,0.000000000000000000e+00,0.000000000000000000e+00,0.000000000000000000e+00,0.000000000000000000e+00,0.000000000000000000e+00,0.000000000000000000e+00,0.000000000000000000e+00,0.000000000000000000e+00,0.000000000000000000e+00,0.000000000000000000e+00,0.000000000000000000e+00,0.000000000000000000e+00,0.000000000000000000e+00,0.000000000000000000e+00,0.000000000000000000e+00,0.000000000000000000e+00,0.000000000000000000e+00,0.000000000000000000e+00,0.000000000000000000e+00,0.000000000000000000e+00,0.000000000000000000e+00,0.000000000000000000e+00,0.000000000000000000e+00,0.000000000000000000e+00,0.000000000000000000e+00,0.000000000000000000e+00,0.000000000000000000e+00,0.000000000000000000e+00,0.000000000000000000e+00,0.000000000000000000e+00,0.000000000000000000e+00,0.000000000000000000e+00,0.000000000000000000e+00,0.000000000000000000e+00,0.000000000000000000e+00,0.000000000000000000e+00,0.000000000000000000e+00,0.000000000000000000e+00,0.000000000000000000e+00,0.000000000000000000e+00,0.000000000000000000e+00,0.000000000000000000e+00,0.000000000000000000e+00,0.000000000000000000e+00,0.000000000000000000e+00,0.000000000000000000e+00,0.000000000000000000e+00,0.000000000000000000e+00,0.000000000000000000e+00,0.000000000000000000e+00,0.000000000000000000e+00,0.000000000000000000e+00,0.000000000000000000e+00,0.000000000000000000e+00,0.000000000000000000e+00,0.000000000000000000e+00,0.000000000000000000e+00,0.000000000000000000e+00,0.000000000000000000e+00,0.000000000000000000e+00,0.000000000000000000e+00,-1.126629456761733469e-02,-1.329655033779723536e-02,-1.298870920769677230e-02,-1.153964289664442117e-02,-9.676827585828785480e-03,-7.857404771337355223e-03,-6.292126893205501198e-03,-5.006502947435318915e-03,-3.975470242867823120e-03,-3.161494821764399520e-03,-2.524220860871254687e-03,-2.027917187999431735e-03,-1.642935174204312532e-03,-1.345317289301585463e-03,-1.115947604524016295e-03,-9.396668895293868069e-04,-8.044982123807583327e-04,-7.010086386538099930e-04,-6.217929148066121074e-04,-5.610587303501486526e-04,-5.142933280675711328e-04,-4.779956495595979972e-04,-4.494609112171531065e-04,-4.266079491610709918e-04,-4.078415026671437901e-04,-3.919435005914254739e-04,-3.779881611124214728e-04,-3.652763676779381078e-04,-3.532850399988251644e-04,-3.416278099929234832e-04,-3.300241424258279640e-04,-3.182750151405483994e-04,-3.062440420459609011e-04,-2.938431887017084053e-04,-2.810222631865993796e-04,-2.677612318360003620e-04,-2.540645502243953145e-04,-2.399568076702625027e-04,-2.254792876337894270e-04,-2.106871013658440876e-04,-1.956467490030419924e-04,-1.804338955142026401e-04,-1.651313071835246854e-04,-1.498267958237186226e-04,-1.346111887173622693e-04,-1.195762249282876873e-04,-1.048124592954354368e-04,-9.040711345829853247e-05,-7.644200199226113066e-05,-6.299149346658663778e-05,-5.012066374162144002e-05,-3.788360290612030184e-05,-2.632204447634596268e-05,-1.546426096669986899e-05,-5.324389034897592380e-06,4.097905062938027281e-06,1.281727407715221687e-05,2.086218493736823976e-05,2.827393721506370327e-05,3.510538238814326826e-05,4.141923976162361140e-05,4.728622577204637039e-05,5.278290206611787862e-05,5.798948735402972138e-05,6.298753484544149359e-05,6.785773543026094457e-05,7.267773114081077263e-05,7.752020177298028509e-05,8.245108024254148022e-05,8.752815284095949943e-05,9.279986323698790371e-05,9.830456474445568068e-05,1.040699999038534644e-04,1.101132400240922165e-04,1.164408251179362732e-04,1.230493287066032170e-04,1.299260537475634906e-04,1.370500827852873574e-04,1.443933612482911665e-04,1.519220448053329464e-04,1.595977706395479000e-04,1.673791015763660499e-04,1.752227916099778691e-04,1.830851487717417652e-04,1.909231375783283834e-04,1.986955300413406058e-04,2.063637425360533310e-04,2.138927035669287613e-04,2.212513830378184227e-04,2.284133647806780318e-04,2.353570819989654552e-04,2.420661326799049143e-04,2.485292772426659909e-04,2.547405677987360246e-04,2.606991863689595229e-04,2.664094706252110060e-04,2.718806727017482609e-04,2.771269569934378262e-04,2.821671455774873451e-04,2.870247443506308642e-04,2.917277182969550990e-04,2.963085772077226005e-04,3.008041982447843599e-04,3.052559766978484566e-04,3.097096888534050618e-04,3.142156905132624132e-04,3.188287933490576765e-04,3.236084768314340067e-04,3.286187379952326096e-04,3.339282723376681963e-04,3.396102510714379009e-04,3.457424239060857005e-04,3.524067796391944988e-04,3.596895284787399410e-04,3.676806108619986831e-04,3.764735284056617269e-04,3.861646811188524384e-04,3.968530329680905141e-04,4.086392779707448668e-04,4.216253478382976779e-04,4.359134323156660254e-04,4.516053624775844574e-04,4.688015403637590820e-04,4.876002623072055045e-04,5.080966463674434913e-04,5.303819926345292772e-04,5.545428281122129080e-04,5.806604252326783748e-04,6.088100977212694380e-04,6.390609944006556738e-04,6.714757507627138692e-04,7.061106128017215038e-04,7.430154450497107078e-04,7.822340862127978925e-04,8.238045067540749299e-04,8.677590351234685433e-04,9.141241429091449041e-04,9.629198271715864489e-04,1.014158130461110261e-03,1.067840613667018481e-03,1.123954433035618573e-03,1.182466684717822011e-03,1.243316913297461265e-03,1.306407456133238916e-03,1.371591982947574159e-03,1.438662148398533319e-03,1.507333447956243086e-03,1.577230673514925900e-03,1.647875020985719056e-03,1.718673835454053150e-03,1.788915549532273715e-03,1.857771699674886420e-03,1.924311310703963373e-03,1.987524822875473118e-03,2.046360991144226260e-03,2.099796053661000250e-03,2.146921370057012796e-03,2.187020296920019410e-03,2.219734486459525990e-03,2.245248481581193362e-03,2.264344920134808356e-03,2.278672540340721635e-03,2.291023533684290875e-03,2.305425978767392924e-03,2.328319449314742665e-03,2.370531377900591402e-03,2.451899526874478947e-03,2.612699482054312711e-03,2.932495626820430436e-03,3.553873073290424438e-03,4.640218799708361805e-03,6.087515466110275317e-03,6.879062651698559724e-03,4.205188461822814694e-03
0.000000000000000000e+00,0.000000000000000000e+00,0.000000000000000000e+00,0.000000000000000000e+00,0.000000000000000000e+00,0.000000000000000000e+00,0.000000000000000000e+00,0.000000000000000000e+00,0.000000000000000000e+00,0.000000000000000000e+00,0.000000000000000000e+00,0.000000000000000000e+00,0.000000000000000000e+00,0.000000000000000000e+00,0.000000000000000000e+00,0.000000000000000000e+00,0.000000000000000000e+00,0.000000000000000000e+00,0.000000000000000000e+00,0.000000000000000000e+00,0.000000000000000000e+00,0.000000000000000000e+00,0.000000000000000000e+00,0.000000000000000000e+00,0.000000000000000000e+00,0.000000000000000000e+00,0.000000000000000000e+00,0.000000000000000000e+00,0.000000000000000000e+00,0.000000000000000000e+00,0.000000000000000000e+00,0.000000000000000000e+00,0.000000000000000000e+00,0.000000000000000000e+00,0.000000000000000000e+00,0.000000000000000000e+00,0.000000000000000000e+00,0.000000000000000000e+00,0.000000000000000000e+00,0.000000000000000000e+00,0.000000000000000000e+00,0.000000000000000000e+00,0.000000000000000000e+00,0.000000000000000000e+00,0.000000000000000000e+00,0.000000000000000000e+00,0.000000000000000000e+00,0.000000000000000000e+00,0.000000000000000000e+00,0.000000000000000000e+00,0.000000000000000000e+00,0.000000000000000000e+00,0.000000000000000000e+00,0.000000000000000000e+00,0.000000000000000000e+00,0.000000000000000000e+00,0.000000000000000000e+00,0.000000000000000000e+00,0.000000000000000000e+00,0.000000000000000000e+00,0.000000000000000000e+00,0.000000000000000000e+00,0.000000000000000000e+00,0.000000000000000000e+00,0.000000000000000000e+00,0.000000000000000000e+00,0.000000000000000000e+00,0.000000000000000000e+00,0.000000000000000000e+00,0.000000000000000000e+00,0.000000000000000000e+00,0.000000000000000000e+00,0.000000000000000000e+00,0.000000000000000000e+00,0.000000000000000000e+00,0.000000000000000000e+00,0.000000000000000000e+00,0.000000000000000000e+00,0.000000000000000000e+00,0.000000000000000000e+00,0.000000000000000000e+00,0.000000000000000000e+00,0.000000000000000000e+00,0.000000000000000000e+00,0.000000000000000000e+00,0.000000000000000000e+00,0.000000000000000000e+00,0.000000000000000000e+00,0.000000000000000000e+00,0.000000000000000000e+00,0.000000000000000000e+00,0.000000000000000000e+00,0.000000000000000000e+00,0.000000000000000000e+00,0.000000000000000000e+00,0.000000000000000000e+00,0.000000000000000000e+00,0.000000000000000000e+00,0.000000000000000000e+00,0.000000000000000000e+00,0.000000000000000000e+00,0.000000000000000000e+00,0.000000000000000000e+00,0.000000000000000000e+00,0.000000000000000000e+00,0.000000000000000000e+00,0.000000000000000000e+00,0.000000000000000000e+00,0.000000000000000000e+00,0.000000000000000000e+00,0.000000000000000000e+00,0.000000000000000000e+00,0.000000000000000000e+00,0.000000000000000000e+00,0.000000000000000000e+00,0.000000000000000000e+00,0.000000000000000000e+00,0.000000000000000000e+00,0.000000000000000000e+00,0.000000000000000000e+00,0.000000000000000000e+00,0.000000000000000000e+00,0.000000000000000000e+00,0.000000000000000000e+00,0.000000000000000000e+00,0.000000000000000000e+00,0.000000000000000000e+00,0.000000000000000000e+00,0.000000000000000000e+00,0.000000000000000000e+00,0.000000000000000000e+00,0.000000000000000000e+00,0.000000000000000000e+00,0.000000000000000000e+00,0.000000000000000000e+00,0.000000000000000000e+00,0.000000000000000000e+00,0.000000000000000000e+00,0.000000000000000000e+00,0.000000000000000000e+00,0.000000000000000000e+00,0.000000000000000000e+00,0.000000000000000000e+00,0.000000000000000000e+00,0.000000000000000000e+00,0.000000000000000000e+00,0.000000000000000000e+00,0.000000000000000000e+00,0.000000000000000000e+00,0.000000000000000000e+00,0.000000000000000000e+00,0.000000000000000000e+00,0.000000000000000000e+00,0.000000000000000000e+00,0.000000000000000000e+00,0.000000000000000000e+00,0.000000000000000000e+00,0.000000000000000000e+00,0.000000000000000000e+00,0.000000000000000000e+00,0.000000000000000000e+00,0.000000000000000000e+00,0.000000000000000000e+00,0.000000000000000000e+00,0.000000000000000000e+00,0.000000000000000000e+00,0.000000000000000000e+00,0.000000000000000000e+00,0.000000000000000000e+00,0.000000000000000000e+00,0.000000000000000000e+00,0.000000000000000000e+00,0.000000000000000000e+00,0.000000000000000000e+00,0.000000000000000000e+00,0.000000000000000000e+00,-1.128937728805291286e-02,-1.334003341206547143e-02,-1.303980960134883474e-02,-1.158888108069306387e-02,-9.723223866079268654e-03,-7.902182593249457154e-03,-6.333325165029459608e-03,-5.042324265019658067e-03,-4.006062943061289121e-03,-3.187419179838348136e-03,-2.546148249517802501e-03,-2.046517537682743249e-03,-1.658806246774111428e-03,-1.358961127331395104e-03,-1.127769499975742268e-03,-9.499833210049804652e-04,-8.135490054639911298e-04,-7.089690149843808640e-04,-6.287848314226803393e-04,-5.671605421457008751e-04,-5.195486351576640875e-04,-4.824213605166473187e-04,-4.530549625615881509e-04,-4.293560799553540106e-04,-4.097225460431819753e-04,-3.929324206304405515e-04,-3.780568486820622218e-04,-3.643928277399586645e-04,-3.514122525588816342e-04,-3.387233695676358011e-04,-3.260411707104990181e-04,-3.131640279780386130e-04,-2.999551059549945852e-04,-2.863278346954020010e-04,-2.722350345884903952e-04,-2.576610259398570452e-04,-2.426159695080135916e-04,-2.271316277986655562e-04,-2.112580332124043732e-04,-1.950606538563538458e-04,-1.786179031502092428e-04,-1.620187869606856559e-04,-1.453606495051323801e-04,-1.287468649871251159e-04,-1.122845023068838968e-04,-9.608185863891787794e-05,-8.024595827993751343e-05,-6.487995554706957053e-05,-5.008059475956365609e-05,-3.593569164541388208e-05,-2.252182651485424493e-05,-9.902217444132088009e-06,1.875021694790148724e-06,1.277829001255895947e-05,2.279337903791162285e-05,3.192391568212965466e-05,4.019119907730057874e-05,4.763357847602744493e-05,5.430523659210370597e-05,6.027458151721924463e-05,6.562214159632784609e-05,7.043821325693743753e-05,7.482017304565594844e-05,7.886973465473879686e-05,8.269006129374470687e-05,8.638302661703003472e-05,9.004651578333284438e-05,9.377205579314196659e-05,9.764263357728800326e-05,1.017309753458458534e-04,1.060981041104928229e-04,1.107924280915266024e-04,1.158491332918216261e-04,1.212901130399936109e-04,1.271241672971507128e-04,1.333476899717732063e-04,1.399455430493434381e-04,1.468923293742811071e-04,1.541537373747012556e-04,1.616881731055582632e-04,1.694483368808627727e-04,1.773829741272869626e-04,1.854384507712718267e-04,1.935604067040664852e-04,2.016951372599689880e-04,2.097909869212992776e-04,2.177994076720955101e-04,2.256760002387529318e-04,2.333811924821036139e-04,2.408809076386468422e-04,2.481468748827354636e-04,2.551569671424003261e-04,2.618952105223125806e-04,2.683518780289829682e-04,2.745232958336183858e-04,2.804117972917485684e-04,2.860254291987038397e-04,2.913778639498302409e-04,2.964880927599712786e-04,3.013803700972792301e-04,3.060839520604288831e-04,3.106331152101650221e-04,3.150669651364322219e-04,3.194295386853736860e-04,3.237696763251599486e-04,3.281411876722653163e-04,3.326027558416446827e-04,3.372181244729345324e-04,3.420559853060059106e-04,3.471901321884895259e-04,3.526992754689401311e-04,3.586671048722712540e-04,3.651819755771405687e-04,3.723368265298455091e-04,3.802286920561306427e-04,3.889584336279183069e-04,3.986300458799170768e-04,4.093501764914362143e-04,4.212272153858095947e-04,4.343705988146031043e-04,4.488896957430094873e-04,4.648929197446063292e-04,4.824864588863385026e-04,5.017732543811725477e-04,5.228516602976302245e-04,5.458143896504705694e-04,5.707472331234619703e-04,5.977281121357883465e-04,6.268260166191161635e-04,6.581003196434239300e-04,6.916000858854934926e-04,7.273637609484409454e-04,7.654189181362389344e-04,8.057823009396936336e-04,8.484598838808549842e-04,8.934469976656178678e-04,9.407282783733842899e-04,9.902772681243863194e-04,1.042055480144246475e-03,1.096010553225408102e-03,1.152073427804647162e-03,1.210154048102305520e-03,1.270135774551563439e-03,1.331868042630584984e-03,1.395157888298521930e-03,1.459760087583775786e-03,1.525367145008347473e-03,1.591599207070513696e-03,1.657995883748088380e-03,1.724010398124838648e-03,1.789007954765074087e-03,1.852269236368918716e-03,1.913004511474577802e-03,1.970373686573043299e-03,2.023512084147303155e-03,2.071583977786092649e-03,2.113852612856172760e-03,2.149724205254933702e-03,2.178871524169516145e-03,2.201384902004570668e-03,2.217783577996485390e-03,2.229240571731694494e-03,2.237855862544607752e-03,2.246772538519125305e-03,2.261486505500666551e-03,2.292181641250233808e-03,2.358896680153259751e-03,2.503498586122836732e-03,2.808474734487048045e-03,3.419009684902958764e-03,4.499545616290275517e-03,5.950722071780411779e-03,6.770907220312005238e-03,4.163324606062561613e-03
0.000000000000000000e+00,0.000000000000000000e+00,0.000000000000000000e+00,0.000000000000000000e+00,0.000000000000000000e+00,0.000000000000000000e+00,0.000000000000000000e+00,0.000000000000000000e+00,0.000000000000000000e+00,0.000000000000000000e+00,0.000000000000000000e+00,0.000000000000000000e+00,0.000000000000000000e+00,0.000000000000000000e+00,0.000000000000000000e+00,0.000000000000000000e+00,0.000000000000000000e+00,0.000000000000000000e+00,0.000000000000000000e+00,0.000000000000000000e+00,0.000000000000000000e+00,0.000000000000000000e+00,0.000000000000000000e+00,0.000000000000000000e+00,0.000000000000000000e+00,0.000000000000000000e+00,0.000000000000000000e+00,0.000000000000000000e+00,0.000000000000000000e+00,0.000000000000000000e+00,0.000000000000000000e+00,0.000000000000000000e+00,0.000000000000000000e+00,0.000000000000000000e+00,0.000000000000000000e+00,0.000000000000000000e+00,0.000000000000000000e+00,0.000000000000000000e+00,0.000000000000000000e+00,0.000000000000000000e+00,0.000000000000000000e+00,0.000000000000000000e+00,0.000000000000000000e+00,0.000000000000000000e+00,0.000000000000000000e+00,0.000000000000000000e+00,0.000000000000000000e+00,0.000000000000000000e+00,0.000000000000000000e+00,0.000000000000000000e+00,0.000000000000000000e+00,0.000000000000000000e+00,0.000000000000000000e+00,0.000000000000000000e+00,0.000000000000000000e+00,0.000000000000000000e+00,0.000000000000000000e+00,0.000000000000000000e+00,0.000000000000000000e+00,0.000000000000000000e+00,0.000000000000000000e+00,0.000000000000000000e+00,0.000000000000000000e+00,0.000000000000000000e+00,0.000000000000000000e+00,0.000000000000000000e+00,0.000000000000000000e+00,0.000000000000000000e+00,0.000000000000000000e+00,0.000000000000000000e+00,0.000000000000000000e+00,0.000000000000000000e+00,0.000000000000000000e+00,0.000000000000000000e+00,0.000000000000000000e+00,0.000000000000000000e+00,0.000000000000000000e+00,0.000000000000000000e+00,0.000000000000000000e+00,0.000000000000000000e+00,0.000000000000000000e+00,0.000000000000000000e+00,0.000000000000000000e+00,0.000000000000000000e+00,0.000000000000000000e+00,0.000000000000000000e+00,0.000000000000000000e+00,0.000000000000000000e+00,0.000000000000000000e+00,0.000000000000000000e+00,0.000000000000000000e+00,0.000000000000000000e+00,0.000000000000000000e+00,0.000000000000000000e+00,0.000000000000000000e+00,0.000000000000000000e+00,0.000000000000000000e+00,0.000000000000000000e+00,0.000000000000000000e+00,0.000000000000000000e+00,0.000000000000000000e+00,0.000000000000000000e+00,0.000000000000000000e+00,0.000000000000000000e+00,0.000000000000000000e+00,0.000000000000000000e+00,0.000000000000000000e+00,0.000000000000000000e+00,0.000000000000000000e+00,0.000000000000000000e+00,0.000000000000000000e+00,0.000000000000000000e+00,0.000000000000000000e+00,0.000000000000000000e+00,0.000000000000000000e+00,0.000000000000000000e+00,0.000000000000000000e+00,0.000000000000000000e+00,0.000000000000000000e+00,0.000000000000000000e+00,0.000000000000000000e+00,0.000000000000000000e+00,0.000000000000000000e+00,0.000000000000000000e+00,0.000000000000000000e+00,0.000000000000000000e+00,0.000000000000000000e+00,0.000000000000000000e+00,0.000000000000000000e+00,0.000000000000000000e+00,0.000000000000000000e+00,0.000000000000000000e+00,0.000000000000000000e+00,0.000000000000000000e+00,0.000000000000000000e+00,0.000000000000000000e+00,0.000000000000000000e+00,0.000000000000000000e+00,0.000000000000000000e+00,0.000000000000000000e+00,0.000000000000000000e+00,0.000000000000000000e+00,0.000000000000000000e+00,0.000000000000000000e+00,0.000000000000000000e+00,0.000000000000000000e+00,0.000000000000000000e+00,0.000000000000000000e+00,0.000000000000000000e+00,0.000000000000000000e+00,0.000000000000000000e+00,0.000000000000000000e+00,0.000000000000000000e+00,0.000000000000000000e+00,0.000000000000000000e+00,0.000000000000000000e+00,0.000000000000000000e+00,0.000000000000000000e+00,0.000000000000000000e+00,0.000000000000000000e+00,0.000000000000000000e+00,0.000000000000000000e+00,0.000000000000000000e+00,0.000000000000000000e+00,0.000000000000000000e+00,0.000000000000000000e+00,0.000000000000000000e+00,0.000000000000000000e+00,0.000000000000000000e+00,0.000000000000000000e+00,0.000000000000000000e+00,0.000000000000000000e+00,0.000000000000000000e+00,0.000000000000000000e+00,0.000000000000000000e+00,0.000000000000000000e+00,-1.130925763459417720e-02,-1.337971715495747498e-02,-1.308757127156046779e-02,-1.163600095702540214e-02,-9.768760177504829875e-03,-7.946759028422420088e-03,-6.374503868013141512e-03,-5.078303566687413298e-03,-4.036970457481126734e-03,-3.213762719818508400e-03,-2.568556871545245746e-03,-2.065625451647737192e-03,-1.675178808634661008e-03,-1.373071876380248984e-03,-1.139998290854660158e-03,-9.606260045564897487e-04,-8.228301780594581092e-04,-7.170554699196029841e-04,-6.357964477296312519e-04,-5.731788646225605393e-04,-5.246228419916481494e-04,-4.865732370036662769e-04,-4.562836397829651944e-04,-4.316435072969634977e-04,-4.110392615757130544e-04,-3.932427645419816716e-04,-3.773222851483696281e-04,-3.625728458599439068e-04,-3.484633245350759784e-04,-3.345974334158268370e-04,-3.206850785793745849e-04,-3.065205889817634931e-04,-2.919653347726548971e-04,-2.769335580868176306e-04,-2.613812375756137873e-04,-2.452977974471709662e-04,-2.287002468522532947e-04,-2.116289513787649671e-04,-1.941444126498264352e-04,-1.763245016084829414e-04,-1.582619507257686004e-04,-1.400618748449378387e-04,-1.218393078668914551e-04,-1.037165973654879481e-04,-8.582070037265036617e-05,-6.828026994406616789e-05,-5.122264296025769262e-05,-3.477067488820968322e-05,-1.903959538720789417e-05,-4.133871952118827114e-06,9.855702131934803914e-06,2.285469362337092013e-05,3.480725995632787421e-05,4.567794087889391668e-05,5.545280130530843979e-05,6.413999026793483591e-05,7.176955002663260778e-05,7.839260774619559056e-05,8.407983727187314980e-05,8.891939292108139343e-05,9.301424903144501599e-05,9.647920309721231560e-05,9.943750239611058377e-05,1.020173846894944342e-04,1.043484933556627036e-04,1.065584649697864472e-04,1.087696258210590661e-04,1.110960815578351330e-04,1.136410948168874738e-04,1.164950079994684262e-04,1.197335558055651603e-04,1.234167936753319435e-04,1.275884366994242745e-04,1.322758078044727306e-04,1.374901461700219006e-04,1.432274556801758057e-04,1.494696103253528939e-04,1.561858876290323785e-04,1.633346234544271142e-04,1.708651613435007322e-04,1.787197766664856084e-04,1.868357615428083293e-04,1.951473474361745911e-04,2.035876737463992482e-04,2.120904834030043495e-04,2.205917829938567525e-04,2.290311565262532318e-04,2.373530029877569220e-04,2.455073953565010156e-04,2.534508641703508459e-04,2.611468092206743795e-04,2.685658727414089414e-04,2.756859779307345069e-04,2.824923908763869403e-04,2.889775020318106490e-04,2.951407028301098086e-04,3.009880376483116860e-04,3.065320176828674708e-04,3.117912547427529983e-04,3.167903082425646728e-04,3.215593779354696110e-04,3.261342406341148528e-04,3.305560375130628305e-04,3.348713153361119717e-04,3.391319039409431508e-04,3.433950397150509919e-04,3.477232963768666025e-04,3.521847409325303511e-04,3.568528592975826383e-04,3.618066790477651186e-04,3.671306216186254602e-04,3.729145215331011710e-04,3.792533376609436078e-04,3.862470033284314333e-04,3.939999380425844924e-04,4.026206743591293738e-04,4.122211261125670540e-04,4.229159541665317547e-04,4.348215664416414249e-04,4.480552058102244320e-04,4.627336825299387113e-04,4.789721963129916138e-04,4.968828367328218410e-04,5.165731917374603160e-04,5.381446991697323668e-04,5.616911467879951835e-04,5.872970158571287321e-04,6.150360359845981253e-04,6.449697163489479445e-04,6.771461615516620198e-04,7.115990084826225243e-04,7.483467002279866991e-04,7.873919939720195162e-04,8.287217834188219303e-04,8.723071733762393721e-04,9.181037063734294500e-04,9.660517033899092493e-04,1.016076410688644422e-03,1.068087950232657650e-03,1.121980575803310049e-03,1.177631331502739919e-03,1.234897508488248244e-03,1.293613222418135873e-03,1.353584543454561641e-03,1.414583884618767851e-03,1.476343251315927890e-03,1.538547555745094827e-03,1.600827808530459360e-03,1.662756010156683263e-03,1.723841814076053792e-03,1.783532159491491194e-03,1.841213968602995301e-03,1.896226035417846812e-03,1.947874591585533862e-03,1.995448289130147268e-03,2.038257225815861585e-03,2.075689544905499114e-03,2.107230442522993810e-03,2.132551077060712303e-03,2.151635471062068958e-03,2.164759547975115411e-03,2.172679002006124710e-03,2.176899240218672146e-03,2.179821184132169336e-03,2.186187307588724916e-03,2.205748130050362837e-03,2.258895645292443959e-03,2.389053004904301281e-03,2.681270122073829698e-03,3.282660464778049125e-03,4.358132694859055516e-03,5.813043977447798424e-03,6.661654062824843778e-03,4.120930999400998669e-03
0.000000000000000000e+00,0.000000000000000000e+00,0.000000000000000000e+00,0.000000000000000000e+00,0.000000000000000000e+00,0.000000000000000000e+00,0.000000000000000000e+00,0.000000000000000000e+00,0.000000000000000000e+00,0.000000000000000000e+00,0.000000000000000000e+00,0.000000000000000000e+00,0.000000000000000000e+00,0.000000000000000000e+00,0.000000000000000000e+00,0.000000000000000000e+00,0.000000000000000000e+00,0.000000000000000000e+00,0.000000000000000000e+00,0.000000000000000000e+00,0.000000000000000000e+00,0.000000000000000000e+00,0.000000000000000000e+00,0.000000000000000000e+00,0.000000000000000000e+00,0.000000000000000000e+00,0.000000000000000000e+00,0.000000000000000000e+00,0.000000000000000000e+00,0.000000000000000000e+00,0.000000000000000000e+00,0.000000000000000000e+00,0.000000000000000000e+00,0.000000000000000000e+00,0.000000000000000000e+00,0.000000000000000000e+00,0.000000000000000000e+00,0.000000000000000000e+00,0.000000000000000000e+00,0.000000000000000000e+00,0.000000000000000000e+00,0.000000000000000000e+00,0.000000000000000000e+00,0.000000000000000000e+00,0.000000000000000000e+00,0.000000000000000000e+00,0.000000000000000000e+00,0.000000000000000000e+00,0.000000000000000000e+00,0.000000000000000000e+00,0.000000000000000000e+00,0.000000000000000000e+00,0.000000000000000000e+00,0.000000000000000000e+00,0.000000000000000000e+00,0.000000000000000000e+00,0.000000000000000000e+00,0.000000000000000000e+00,0.000000000000000000e+00,0.000000000000000000e+00,0.000000000000000000e+00,0.000000000000000000e+00,0.000000000000000000e+00,0.000000000000000000e+00,0.000000000000000000e+00,0.000000000000000000e+00,0.000000000000000000e+00,0.000000000000000000e+00,0.000000000000000000e+00,0.000000000000000000e+00,0.000000000000000000e+00,0.000000000000000000e+00,0.000000000000000000e+00,0.000000000000000000e+00,0.000000000000000000e+00,0.000000000000000000e+00,0.000000000000000000e+00,0.000000000000000000e+00,0.000000000000000000e+00,0.000000000000000000e+00,0.000000000000000000e+00,0.000000000000000000e+00,0.000000000000000000e+00,0.000000000000000000e+00,0.000000000000000000e+00,0.000000000000000000e+00,0.000000000000000000e+00,0.000000000000000000e+00,0.000000000000000000e+00,0.000000000000000000e+00,0.000000000000000000e+00,0.000000000000000000e+00,0.000000000000000000e+00,0.000000000000000000e+00,0.000000000000000000e+00,0.000000000000000000e+00,0.000000000000000000e+00,0.000000000000000000e+00,0.000000000000000000e+00,0.000000000000000000e+00,0.000000000000000000e+00,0.000000000000000000e+00,0.000000000000000000e+00,0.000000000000000000e+00,0.000000000000000000e+00,0.000000000000000000e+00,0.000000000000000000e+00,0.000000000000000000e+00,0.000000000000000000e+00,0.000000000000000000e+00,0.000000000000000000e+00,0.000000000000000000e+00,0.000000000000000000e+00,0.000000000000000000e+00,0.000000000000000000e+00,0.000000000000000000e+00,0.000000000000000000e+00,0.000000000000000000e+00,0.000000000000000000e+00,0.000000000000000000e+00,0.000000000000000000e+00,0.000000000000000000e+00,0.000000000000000000e+00,0.000000000000000000e+00,0.000000000000000000e+00,0.000000000000000000e+00,0.000000000000000000e+00,0.000000000000000000e+00,0.000000000000000000e+00,0.000000000000000000e+00,0.000000000000000000e+00,0.000000000000000000e+00,0.000000000000000000e+00,0.000000000000000000e+00,0.000000000000000000e+00,0.000000000000000000e+00,0.000000000000000000e+00,0.000000000000000000e+00,0.000000000000000000e+00,0.000000000000000000e+00,0.000000000000000000e+00,0.000000000000000000e+00,0.000000000000000000e+00,0.000000000000000000e+00,0.000000000000000000e+00,0.000000000000000000e+00,0.000000000000000000e+00,0.000000000000000000e+00,0.000000000000000000e+00,0.000000000000000000e+00,0.000000000000000000e+00,0.000000000000000000e+00,0.000000000000000000e+00,0.000000000000000000e+00,0.000000000000000000e+00,0.000000000000000000e+00,0.000000000000000000e+00,0.000000000000000000e+00,0.000000000000000000e+00,0.000000000000000000e+00,0.000000000000000000e+00,0.000000000000000000e+00,0.000000000000000000e+00,0.000000000000000000e+00,0.000000000000000000e+00,0.000000000000000000e+00,0.000000000000000000e+00,0.000000000000000000e+00,0.000000000000000000e+00,0.000000000000000000e+00,0.000000000000000000e+00,0.000000000000000000e+00,0.000000000000000000e+00,0.000000000000000000e+00,0.000000000000000000e+00,0.000000000000000000e+00,-1.132561629584514715e-02,-1.341547146091010521e-02,-1.313201740384223326e-02,-1.168108492065203681e-02,-9.813471242921954080e-03,-7.991083857066772975e-03,-6.415577039285965538e-03,-5.114344185848647070e-03,-4.068081566777701462e-03,-3.240401389188307408e-03,-2.591316404705652863e-03,-2.085109029870319246e-03,-1.691925454984024137e-03,-1.387530111889019634e-03,-1.152524770470118084e-03,-9.714940512860039193e-04,-8.322443424682225048e-04,-7.251658490484329603e-04,-6.427118315568204924e-04,-5.789759740320442761e-04,-5.293522790213864770e-04,-4.902621237114981748e-04,-4.589370432871904830e-04,-4.332460560708014091e-04,-4.115585156828409580e-04,-3.926341790466573783e-04,-3.755346508966809680e-04,-3.595522505446693915e-04,-3.441544942774858555e-04,-3.289427463782040699e-04,-3.136229525798297948e-04,-2.979850143099938508e-04,-2.818872832483146481e-04,-2.652437492494001746e-04,-2.480132613590342399e-04,-2.301909276301457015e-04,-2.118018463062163912e-04,-1.928966987969702308e-04,-1.735485590086272966e-04,-1.538502212334156736e-04,-1.339117133591324926e-04,-1.138577223496686915e-04,-9.382490472162250382e-05,-7.395893958771337776e-05,-5.441136662722471175e-05,-3.533610862272916036e-05,-1.688579424485478250e-05,7.921535761100585488e-07,1.755946439209340632e-05,3.329098005928679267e-05,4.787836906215572566e-05,6.123355155881488466e-05,7.329156010877315081e-05,8.401281699043832232e-05,9.338458383831356349e-05,1.014216318520559505e-04,1.081659545917210233e-04,1.136856630344774667e-04,1.180729634118858216e-04,1.214414476912689493e-04,1.239226631350402036e-04,1.256622578798095109e-04,1.268157048777704215e-04,1.275439332674312262e-04,1.280088692974416049e-04,1.283692124414850615e-04,1.287764166916223571e-04,1.293711718422662521e-04,1.302803018519394732e-04,1.316143298902842289e-04,1.334655672657575982e-04,1.359069294985546048e-04,1.389912816432023967e-04,1.427514781244204427e-04,1.472008558509755661e-04,1.523343205879660407e-04,1.581297558866543655e-04,1.645498823429938614e-04,1.715442799996828730e-04,1.790517011246870664e-04,1.870023810630236610e-04,1.953204841541006473e-04,2.039263971157604673e-04,2.127390253415389367e-04,2.216778168587796045e-04,2.306646940151616096e-04,2.396256344398131686e-04,2.484921088147872643e-04,2.572021348063060326e-04,2.657011819086555339e-04,2.739427024316189478e-04,2.818885475440888948e-04,2.895090546948566853e-04,2.967830834544160743e-04,3.036977897279272208e-04,3.102484252882290057e-04,3.164379477065418027e-04,3.222767292561037758e-04,3.277821378637308346e-04,3.329782741089773197e-04,3.378956211909026476e-04,3.425708840449102422e-04,3.470467574152869537e-04,3.513718907405661662e-04,3.556007742056779982e-04,3.597938070492133359e-04,3.640172605097832413e-04,3.683433925056580011e-04,3.728504188047152283e-04,3.776225968132711501e-04,3.827501234021190419e-04,3.883291043041706353e-04,3.944612968528491358e-04,4.012538861050706819e-04,4.088189995569993193e-04,4.172732226800092122e-04,4.267368270006055716e-04,4.373329736417035768e-04,4.491866147496324574e-04,4.624233543165504924e-04,4.771680080980966656e-04,4.935431205573903926e-04,5.116672056451895085e-04,5.316529635414162219e-04,5.536052801715517398e-04,5.776192524655736479e-04,6.037781001119560701e-04,6.321511903476159915e-04,6.627921010061262530e-04,6.957369160061262778e-04,7.310027437156439928e-04,7.685865901374112994e-04,8.084646280405573347e-04,8.505918863496455228e-04,8.949024229815888192e-04,9.413098452633930071e-04,9.897082345806103125e-04,1.039973142211703160e-03,1.091962706118364658e-03,1.145518369291660720e-03,1.200465300297921681e-03,1.256611890127295583e-03,1.313748601461054788e-03,1.371645576568365863e-03,1.430049607449586369e-03,1.488680017276739756e-03,1.547224461746404172e-03,1.605334318390906232e-03,1.662621253545547382e-03,1.718654979786351893e-03,1.772962720817417579e-03,1.825029743256659925e-03,1.874307984194589294e-03,1.920227414023834142e-03,1.962201631618123044e-03,1.999654115968343016e-03,2.032065094924548256e-03,2.058972486800058222e-03,2.080033193455631084e-03,2.095132758357348690e-03,2.104340508448013843e-03,2.108065498630874116e-03,2.107325301973406086e-03,2.103926434728571170e-03,2.102041507849415104e-03,2.111167893806883706e-03,2.152145017616984533e-03,2.269840648519750020e-03,2.551441843222585718e-03,3.145313844316483323e-03,4.216318099391156045e-03,5.674689757970394037e-03,6.551447054293535986e-03,4.078110700938478508e-03
0.000000000000000000e+00,0.000000000000000000e+00,0.000000000000000000e+00,0.000000000000000000e+00,0.000000000000000000e+00,0.000000000000000000e+00,0.000000000000000000e+00,0.000000000000000000e+00,0.000000000000000000e+00,0.000000000000000000e+00,0.000000000000000000e+00,0.000000000000000000e+00,0.000000000000000000e+00,0.000000000000000000e+00,0.000000000000000000e+00,0.000000000000000000e+00,0.000000000000000000e+00,0.000000000000000000e+00,0.000000000000000000e+00,0.000000000000000000e+00,0.000000000000000000e+00,0.000000000000000000e+00,0.000000000000000000e+00,0.000000000000000000e+00,0.000000000000000000e+00,0.000000000000000000e+00,0.000000000000000000e+00,0.000000000000000000e+00,0.000000000000000000e+00,0.000000000000000000e+00,0.000000000000000000e+00,0.000000000000000000e+00,0.000000000000000000e+00,0.000000000000000000e+00,0.000000000000000000e+00,0.000000000000000000e+00,0.000000000000000000e+00,0.000000000000000000e+00,0.000000000000000000e+00,0.000000000000000000e+00,0.000000000000000000e+00,0.000000000000000000e+00,0.000000000000000000e+00,0.000000000000000000e+00,0.000000000000000000e+00,0.000000000000000000e+00,0.000000000000000000e+00,0.000000000000000000e+00,0.000000000000000000e+00,0.000000000000000000e+00,0.000000000000000000e+00,0.000000000000000000e+00,0.000000000000000000e+00,0.000000000000000000e+00,0.000000000000000000e+00,0.000000000000000000e+00,0.000000000000000000e+00,0.000000000000000000e+00,0.000000000000000000e+00,0.000000000000000000e+00,0.000000000000000000e+00,0.000000000000000000e+00,0.000000000000000000e+00,0.000000000000000000e+00,0.000000000000000000e+00,0.000000000000000000e+00,0.000000000000000000e+00,0.000000000000000000e+00,0.000000000000000000e+00,0.000000000000000000e+00,0.000000000000000000e+00,0.000000000000000000e+00,0.000000000000000000e+00,0.000000000000000000e+00,0.000000000000000000e+00,0.000000000000000000e+00,0.000000000000000000e+00,0.000000000000000000e+00,0.000000000000000000e+00,0.000000000000000000e+00,0.000000000000000000e+00,0.000000000000000000e+00,0.000000000000000000e+00,0.000000000000000000e+00,0.000000000000000000e+00,0.000000000000000000e+00,0.000000000000000000e+00,0.000000000000000000e+00,0.000000000000000000e+00,0.000000000000000000e+00,0.000000000000000000e+00,0.000000000000000000e+00,0.000000000000000000e+00,0.000000000000000000e+00,0.000000000000000000e+00,0.000000000000000000e+00,0.000000000000000000e+00,0.000000000000000000e+00,0.000000000000000000e+00,0.000000000000000000e+00,0.000000000000000000e+00,0.000000000000000000e+00,0.000000000000000000e+00,0.000000000000000000e+00,0.000000000000000000e+00,0.000000000000000000e+00,0.000000000000000000e+00,0.000000000000000000e+00,0.000000000000000000e+00,0.000000000000000000e+00,0.000000000000000000e+00,0.000000000000000000e+00,0.000000000000000000e+00,0.000000000000000000e+00,0.000000000000000000e+00,0.000000000000000000e+00,0.000000000000000000e+00,0.000000000000000000e+00,0.000000000000000000e+00,0.000000000000000000e+00,0.000000000000000000e+00,0.000000000000000000e+00,0.000000000000000000e+00,0.000000000000000000e+00,0.000000000000000000e+00,0.000000000000000000e+00,0.000000000000000000e+00,0.000000000000000000e+00,0.000000000000000000e+00,0.000000000000000000e+00,0.000000000000000000e+00,0.000000000000000000e+00,0.000000000000000000e+00,0.000000000000000000e+00,0.000000000000000000e+00,0.000000000000000000e+00,0.000000000000000000e+00,0.000000000000000000e+00,0.000000000000000000e+00,0.000000000000000000e+00,0.000000000000000000e+00,0.000000000000000000e+00,0.000000000000000000e+00,0.000000000000000000e+00,0.000000000000000000e+00,0.000000000000000000e+00,0.000000000000000000e+00,0.000000000000000000e+00,0.000000000000000000e+00,0.000000000000000000e+00,0.000000000000000000e+00,0.000000000000000000e+00,0.000000000000000000e+00,0.000000000000000000e+00,0.000000000000000000e+00,0.000000000000000000e+00,0.000000000000000000e+00,0.000000000000000000e+00,0.000000000000000000e+00,0.000000000000000000e+00,0.000000000000000000e+00,0.000000000000000000e+00,0.000000000000000000e+00,0.000000000000000000e+00,0.000000000000000000e+00,0.000000000000000000e+00,0.000000000000000000e+00,0.000000000000000000e+00,0.000000000000000000e+00,0.000000000000000000e+00,0.000000000000000000e+00,0.000000000000000000e+00,0.000000000000000000e+00,0.000000000000000000e+00,0.000000000000000000e+00,0.000000000000000000e+00,-1.133808936549339855e-02,-1.344715141737868810e-02,-1.317319670771687629e-02,-1.172426349269327546e-02,-9.857450371030194655e-03,-8.035181134326606009e-03,-6.456537869437337269e-03,-5.150424277551577876e-03,-4.099344219536928124e-03,-3.267253550500576025e-03,-2.614316202844716060e-03,-2.104834769408276979e-03,-1.708895530688201055e-03,-1.402176853798719862e-03,-1.165188958063044207e-03,-9.824336072350680054e-04,-8.416468945409286747e-04,-7.331643321806596229e-04,-6.493983238540237089e-04,-5.844137274499153992e-04,-5.335834185964945069e-04,-4.933115721719328467e-04,-4.608126255884363652e-04,-4.339370645648843255e-04,-4.110347118718158982e-04,-3.908473915407765197e-04,-3.724231969293442324e-04,-3.550468296622682780e-04,-3.381829727719488986e-04,-3.214320631503470070e-04,-3.044983394840101824e-04,-2.871685261506643503e-04,-2.692977185193379881e-04,-2.507986772952253227e-04,-2.316324621728251920e-04,-2.118001203166849716e-04,-1.913360765013629556e-04,-1.703033548239092805e-04,-1.487902746717702901e-04,-1.269078333492507950e-04,-1.047872805103501755e-04,-8.257747202928303028e-05,-6.044193988762432612e-05,-3.855552259509772251e-05,-1.710060980627143976e-05,3.737089822066996393e-06,2.377312723130934794e-05,4.282923700759437650e-05,6.073837523185033878e-05,7.734978143769613448e-05,9.253376203278470939e-05,1.061860676867233758e-04,1.182315536113637017e-04,1.286270265405959202e-04,1.373630257751339728e-04,1.444645337993459978e-04,1.499904684082749415e-04,1.540320740030585013e-04,1.567101791634424189e-04,1.581715535472372365e-04,1.585844220847129366e-04,1.581334482840392555e-04,1.570142888882728122e-04,1.554280598521622515e-04,1.535758084981672655e-04,1.516533119654602392e-04,1.498462474033374558e-04,1.483260007152370085e-04,1.472460864124363353e-04,1.467393788441577647e-04,1.469160515345159946e-04,1.478623634957055286e-04,1.496401257321005229e-04,1.522869413851453315e-04,1.558170083351772368e-04,1.602225510117686409e-04,1.654756447991221876e-04,1.715304893995102625e-04,1.783258844952290774e-04,1.857879659338445492e-04,1.938329574542517161e-04,2.023700074209012708e-04,2.113038768350550907e-04,2.205375668294613041e-04,2.299746705798072087e-04,2.395215616248876544e-04,2.490892267645470541e-04,2.585948811553460741e-04,2.679631980687785780e-04,2.771273148922545290e-04,2.860294700623032993e-04,2.946214520753685242e-04,3.028647330317984208e-04,3.107304805820171084e-04,3.181993317629024901e-04,3.252611263974497730e-04,3.319144866428989861e-04,3.381664349322743195e-04,3.440319329475391690e-04,3.495335209892912209e-04,3.547009318649129274e-04,3.595708413164011769e-04,3.641866189466595630e-04,3.685982231208059941e-04,3.728620946035158938e-04,3.770411756617868173e-04,3.812049030105532188e-04,3.854292887195864457e-04,3.897969345678187290e-04,3.943970867437481421e-04,3.993255763635060918e-04,4.046847509120334442e-04,4.105832434253294905e-04,4.171356873516515176e-04,4.244622250173026045e-04,4.326879240195470339e-04,4.419419495597609561e-04,4.523566161371306315e-04,4.640661663941453817e-04,4.772054120347730770e-04,4.919080865876784272e-04,5.083050591512563955e-04,5.265222672293411654e-04,5.466785353946102509e-04,5.688831574715746877e-04,5.932334299625200997e-04,6.198120487061088832e-04,6.486845777663174939e-04,6.798969498730111222e-04,7.134732193375337627e-04,7.494135764492240639e-04,7.876928285164302599e-04,8.282593885502642552e-04,8.710349096404996659e-04,9.159145984896410785e-04,9.627682112280291221e-04,1.011441711352313718e-03,1.061759400515614607e-03,1.113526431286794138e-03,1.166531314997146587e-03,1.220548314532298112e-03,1.275339211851959703e-03,1.330654452600859043e-03,1.386233181405058246e-03,1.441802457606438910e-03,1.497075304414996954e-03,1.551748231914528309e-03,1.605497933795164674e-03,1.657978411274737413e-03,1.708818825648245054e-03,1.757621929902512207e-03,1.803961795421272444e-03,1.847388724665269136e-03,1.887437121187177970e-03,1.923623595956212720e-03,1.955462574302855097e-03,1.982506432114106414e-03,2.004334242695281383e-03,2.020591569606280079e-03,2.031087958546035944e-03,2.035734350501488491e-03,2.034671969905089452e-03,2.028542070554771592e-03,2.018703143749950909e-03,2.008926195209891508e-03,2.008599429181849149e-03,2.039048011002971440e-03,2.146411165158444191e-03,2.419547333955249062e-03,3.007412525704266249e-03,4.074383780508008049e-03,5.535814256113985067e-03,6.440378485746501257e-03,4.034932273467985858e-03
0.000000000000000000e+00,0.000000000000000000e+00,0.000000000000000000e+00,0.000000000000000000e+00,0.000000000000000000e+00,0.000000000000000000e+00,0.000000000000000000e+00,0.000000000000000000e+00,0.000000000000000000e+00,0.000000000000000000e+00,0.000000000000000000e+00,0.000000000000000000e+00,0.000000000000000000e+00,0.000000000000000000e+00,0.000000000000000000e+00,0.000000000000000000e+00,0.000000000000000000e+00,0.000000000000000000e+00,0.000000000000000000e+00,0.000000000000000000e+00,0.000000000000000000e+00,0.000000000000000000e+00,0.000000000000000000e+00,0.000000000000000000e+00,0.000000000000000000e+00,0.000000000000000000e+00,0.000000000000000000e+00,0.000000000000000000e+00,0.000000000000000000e+00,0.000000000000000000e+00,0.000000000000000000e+00,0.000000000000000000e+00,0.000000000000000000e+00,0.000000000000000000e+00,0.000000000000000000e+00,0.000000000000000000e+00,0.000000000000000000e+00,0.000000000000000000e+00,0.000000000000000000e+00,0.000000000000000000e+00,0.000000000000000000e+00,0.000000000000000000e+00,0.000000000000000000e+00,0.000000000000000000e+00,0.000000000000000000e+00,0.000000000000000000e+00,0.000000000000000000e+00,0.000000000000000000e+00,0.000000000000000000e+00,0.000000000000000000e+00,0.000000000000000000e+00,0.000000000000000000e+00,0.000000000000000000e+00,0.000000000000000000e+00,0.000000000000000000e+00,0.000000000000000000e+00,0.000000000000000000e+00,0.000000000000000000e+00,0.000000000000000000e+00,0.000000000000000000e+00,0.000000000000000000e+00,0.000000000000000000e+00,0.000000000000000000e+00,0.000000000000000000e+00,0.000000000000000000e+00,0.000000000000000000e+00,0.000000000000000000e+00,0.000000000000000000e+00,0.000000000000000000e+00,0.000000000000000000e+00,0.000000000000000000e+00,0.000000000000000000e+00,0.000000000000000000e+00,0.000000000000000000e+00,0.000000000000000000e+00,0.000000000000000000e+00,0.000000000000000000e+00,0.000000000000000000e+00,0.000000000000000000e+00,0.000000000000000000e+00,0.000000000000000000e+00,0.000000000000000000e+00,0.000000000000000000e+00,0.000000000000000000e+00,0.000000000000000000e+00,0.000000000000000000e+00,0.000000000000000000e+00,0.000000000000000000e+00,0.000000000000000000e+00,0.000000000000000000e+00,0.000000000000000000e+00,0.000000000000000000e+00,0.000000000000000000e+00,0.000000000000000000e+00,0.000000000000000000e+00,0.000000000000000000e+00,0.000000000000000000e+00,0.000000000000000000e+00,0.000000000000000000e+00,0.000000000000000000e+00,0.000000000000000000e+00,0.000000000000000000e+00,0.000000000000000000e+00,0.000000000000000000e+00,0.000000000000000000e+00,0.000000000000000000e+00,0.000000000000000000e+00,0.000000000000000000e+00,0.000000000000000000e+00,0.000000000000000000e+00,0.000000000000000000e+00,0.000000000000000000e+00,0.000000000000000000e+00,0.000000000000000000e+00,0.000000000000000000e+00,0.000000000000000000e+00,0.000000000000000000e+00,0.000000000000000000e+00,0.000000000000000000e+00,0.000000000000000000e+00,0.000000000000000000e+00,0.000000000000000000e+00,0.000000000000000000e+00,0.000000000000000000e+00,0.000000000000000000e+00,0.000000000000000000e+00,0.000000000000000000e+00,0.000000000000000000e+00,0.000000000000000000e+00,0.000000000000000000e+00,0.000000000000000000e+00,0.000000000000000000e+00,0.000000000000000000e+00,0.000000000000000000e+00,0.000000000000000000e+00,0.000000000000000000e+00,0.000000000000000000e+00,0.000000000000000000e+00,0.000000000000000000e+00,0.000000000000000000e+00,0.000000000000000000e+00,0.000000000000000000e+00,0.000000000000000000e+00,0.000000000000000000e+00,0.000000000000000000e+00,0.000000000000000000e+00,0.000000000000000000e+00,0.000000000000000000e+00,0.000000000000000000e+00,0.000000000000000000e+00,0.000000000000000000e+00,0.000000000000000000e+00,0.000000000000000000e+00,0.000000000000000000e+00,0.000000000000000000e+00,0.000000000000000000e+00,0.000000000000000000e+00,0.000000000000000000e+00,0.000000000000000000e+00,0.000000000000000000e+00,0.000000000000000000e+00,0.000000000000000000e+00,0.000000000000000000e+00,0.000000000000000000e+00,0.000000000000000000e+00,0.000000000000000000e+00,0.000000000000000000e+00,0.000000000000000000e+00,0.000000000000000000e+00,0.000000000000000000e+00,0.000000000000000000e+00,0.000000000000000000e+00,0.000000000000000000e+00,0.000000000000000000e+00,0.000000000000000000e+00,0.000000000000000000e+00,-1.134622530409590789e-02,-1.347457854512816577e-02,-1.321116361017112342e-02,-1.176570222054565233e-02,-9.900859127914177216e-03,-8.079168910846647525e-03,-6.497498660632010890e-03,-5.186638761454380811e-03,-4.130818775340957746e-03,-3.294335107723629294e-03,-2.637527646340774926e-03,-2.124727880391526474e-03,-1.725973160011169466e-03,-1.416860472109153241e-03,-1.177813596455338455e-03,-9.932516053641389248e-04,-8.508397712471404148e-04,-7.408552215740668275e-04,-6.556662741609021582e-04,-5.893060670731095976e-04,-5.371265759346298147e-04,-4.955177482059030560e-04,-4.616824939063129182e-04,-4.334582328670602796e-04,-4.091782302417378979e-04,-3.875647852986444358e-04,-3.676467751077038340e-04,-3.486939110499498538e-04,-3.301624316617944176e-04,-3.116499645155634433e-04,-2.928603615407926225e-04,-2.735794463455658450e-04,-2.536603488514618853e-04,-2.330145357682668306e-04,-2.116047320415682075e-04,-1.894379846060624897e-04,-1.665592538889624141e-04,-1.430463128343556955e-04,-1.190061652330731467e-04,-9.457239380212254572e-05,-6.990277163845365046e-05,-4.517655696065660655e-05,-2.059126592615698651e-05,3.641246137681832234e-06,2.729935844350529582e-05,5.015696514111246890e-05,7.198931250984102147e-05,9.257932716120613513e-05,1.117241447596839656e-04,1.292416582523816843e-04,1.449766990908785320e-04,1.588066308464237074e-04,1.706459677409993998e-04,1.804498574131469175e-04,1.882161349608493285e-04,1.939859268475773184e-04,1.978426651588090755e-04,1.999096615366180603e-04,2.003462602335202890e-04,1.993428688482136750e-04,1.971150028811796283e-04,1.938967319887048807e-04,1.899337116642960555e-04,1.854762037721750345e-04,1.807722468560290770e-04,1.760613313616559220e-04,1.715686660594152038e-04,1.675003033083760336e-04,1.640391114198026302e-04,1.613417650608150327e-04,1.595366497328620748e-04,1.587227703772479991e-04,1.589694923333099597e-04,1.603171505890724788e-04,1.627783167339674287e-04,1.663397314070935761e-04,1.709646774039394045e-04,1.765957920968002455e-04,1.831580970978324840e-04,1.905622462801266864e-04,1.987077836671791164e-04,2.074864218113919932e-04,2.167851543391215532e-04,2.264892288502954774e-04,2.364848236143851559e-04,2.466614738502998882e-04,2.569141258071511690e-04,2.671448851414702941e-04,2.772643743495765587e-04,2.871927834381260295e-04,2.968605624204140878e-04,3.062088503533172000e-04,3.151896176231303265e-04,3.237656175404344801e-04,3.319101449475759537e-04,3.396066890222526114e-04,3.468484912310399186e-04,3.536380770303272441e-04,3.599867789406895296e-04,3.659142938804481955e-04,3.714482947793937371e-04,3.766241099434006201e-04,3.814844903384204968e-04,3.860794486537775421e-04,3.904661896410277196e-04,3.947090894172288617e-04,3.988797425720485971e-04,4.030570155605180571e-04,4.073271244359276248e-04,4.117836658701747379e-04,4.165276171375730647e-04,4.216672355492153594e-04,4.273178665464215614e-04,4.336016037898278528e-04,4.406467973377107715e-04,4.485873769653036646e-04,4.575619654494263969e-04,4.677127827790034651e-04,4.791842870807738785e-04,4.921215967809804137e-04,5.066686058729591652e-04,5.229658899986704829e-04,5.411482821402139459e-04,5.613422792790182534e-04,5.836631346106262467e-04,6.082118716977022964e-04,6.350720674949138266e-04,6.643067247303139885e-04,6.959550911977935121e-04,7.300298283752768881e-04,7.665144047788065426e-04,8.053611714039729270e-04,8.464899934433539131e-04,8.897878878010276370e-04,9.351094873529954650e-04,9.822786802846711005e-04,1.031091123777854108e-03,1.081317788057635249e-03,1.132709070071046811e-03,1.184999409619822601e-03,1.237911836411850113e-03,1.291162226598481077e-03,1.344462739743073482e-03,1.397524228579161490e-03,1.450057367460668052e-03,1.501772460361458766e-03,1.552378027352109384e-03,1.601578107169334157e-03,1.649069070398501017e-03,1.694536870483643459e-03,1.737653974196365098e-03,1.778074148697016653e-03,1.815433654461886355e-03,1.849356440215802963e-03,1.879446832099546279e-03,1.905296798462457726e-03,1.926521825147609361e-03,1.942742162186147882e-03,1.953606513594866815e-03,1.958880941089497212e-03,1.958373275501550624e-03,1.952039344513106442e-03,1.940255076110467859e-03,1.924068704506356163e-03,1.906995876162741622e-03,1.898421749421317067e-03,1.920148088121773327e-03,2.019369147813093821e-03,2.286132725312467386e-03,2.869357095639206521e-03,3.932568282639826475e-03,5.396533966768547394e-03,6.328503082331060452e-03,3.991437085025224298e-03
0.000000000000000000e+00,0.000000000000000000e+00,0.000000000000000000e+00,0.000000000000000000e+00,0.000000000000000000e+00,0.000000000000000000e+00,0.000000000000000000e+00,0.000000000000000000e+00,0.000000000000000000e+00,0.000000000000000000e+00,0.000000000000000000e+00,0.000000000000000000e+00,0.000000000000000000e+00,0.000000000000000000e+00,0.000000000000000000e+00,0.000000000000000000e+00,0.000000000000000000e+00,0.000000000000000000e+00,0.000000000000000000e+00,0.000000000000000000e+00,0.000000000000000000e+00,0.000000000000000000e+00,0.000000000000000000e+00,0.000000000000000000e+00,0.000000000000000000e+00,0.000000000000000000e+00,0.000000000000000000e+00,0.000000000000000000e+00,0.000000000000000000e+00,0.000000000000000000e+00,0.000000000000000000e+00,0.000000000000000000e+00,0.000000000000000000e+00,0.000000000000000000e+00,0.000000000000000000e+00,0.000000000000000000e+00,0.000000000000000000e+00,0.000000000000000000e+00,0.000000000000000000e+00,0.000000000000000000e+00,0.000000000000000000e+00,0.000000000000000000e+00,0.000000000000000000e+00,0.000000000000000000e+00,0.000000000000000000e+00,0.000000000000000000e+00,0.000000000000000000e+00,0.000000000000000000e+00,0.000000000000000000e+00,0.000000000000000000e+00,0.000000000000000000e+00,0.000000000000000000e+00,0.000000000000000000e+00,0.000000000000000000e+00,0.000000000000000000e+00,0.000000000000000000e+00,0.000000000000000000e+00,0.000000000000000000e+00,0.000000000000000000e+00,0.000000000000000000e+00,0.000000000000000000e+00,0.000000000000000000e+00,0.000000000000000000e+00,0.000000000000000000e+00,0.000000000000000000e+00,0.000000000000000000e+00,0.000000000000000000e+00,0.000000000000000000e+00,0.000000000000000000e+00,0.000000000000000000e+00,0.000000000000000000e+00,0.000000000000000000e+00,0.000000000000000000e+00,0.000000000000000000e+00,0.000000000000000000e+00,0.000000000000000000e+00,0.000000000000000000e+00,0.000000000000000000e+00,0.000000000000000000e+00,0.000000000000000000e+00,0.000000000000000000e+00,0.000000000000000000e+00,0.000000000000000000e+00,0.000000000000000000e+00,0.000000000000000000e+00,0.000000000000000000e+00,0.000000000000000000e+00,0.000000000000000000e+00,0.000000000000000000e+00,0.000000000000000000e+00,0.000000000000000000e+00,0.000000000000000000e+00,0.000000000000000000e+00,0.000000000000000000e+00,0.000000000000000000e+00,0.000000000000000000e+00,0.000000000000000000e+00,0.000000000000000000e+00,0.000000000000000000e+00,0.000000000000000000e+00,0.000000000000000000e+00,0.000000000000000000e+00,0.000000000000000000e+00,0.000000000000000000e+00,0.000000000000000000e+00,0.000000000000000000e+00,0.000000000000000000e+00,0.000000000000000000e+00,0.000000000000000000e+00,0.000000000000000000e+00,0.000000000000000000e+00,0.000000000000000000e+00,0.000000000000000000e+00,0.000000000000000000e+00,0.000000000000000000e+00,0.000000000000000000e+00,0.000000000000000000e+00,0.000000000000000000e+00,0.000000000000000000e+00,0.000000000000000000e+00,0.000000000000000000e+00,0.000000000000000000e+00,0.000000000000000000e+00,0.000000000000000000e+00,0.000000000000000000e+00,0.000000000000000000e+00,0.000000000000000000e+00,0.000000000000000000e+00,0.000000000000000000e+00,0.000000000000000000e+00,0.000000000000000000e+00,0.000000000000000000e+00,0.000000000000000000e+00,0.000000000000000000e+00,0.000000000000000000e+00,0.000000000000000000e+00,0.000000000000000000e+00,0.000000000000000000e+00,0.000000000000000000e+00,0.000000000000000000e+00,0.000000000000000000e+00,0.000000000000000000e+00,0.000000000000000000e+00,0.000000000000000000e+00,0.000000000000000000e+00,0.000000000000000000e+00,0.000000000000000000e+00,0.000000000000000000e+00,0.000000000000000000e+00,0.000000000000000000e+00,0.000000000000000000e+00,0.000000000000000000e+00,0.000000000000000000e+00,0.000000000000000000e+00,0.000000000000000000e+00,0.000000000000000000e+00,0.000000000000000000e+00,0.000000000000000000e+00,0.000000000000000000e+00,0.000000000000000000e+00,0.000000000000000000e+00,0.000000000000000000e+00,0.000000000000000000e+00,0.000000000000000000e+00,0.000000000000000000e+00,0.000000000000000000e+00,0.000000000000000000e+00,0.000000000000000000e+00,0.000000000000000000e+00,0.000000000000000000e+00,0.000000000000000000e+00,0.000000000000000000e+00,0.000000000000000000e+00,0.000000000000000000e+00,0.000000000000000000e+00,0.000000000000000000e+00,-1.134940422429203503e-02,-1.349740690805448576e-02,-1.324583460662071867e-02,-1.180546540567018084e-02,-9.943785241515184711e-03,-8.123139027621935696e-03,-6.538574560996369273e-03,-5.223117908383490167e-03,-4.162620998356307903e-03,-3.321739483431371525e-03,-2.661006988920502827e-03,-2.144801392518081839e-03,-1.743120064560847466e-03,-1.431491578234529282e-03,-1.190260008482611157e-03,-1.003768954367170729e-03,-8.596139682393869530e-04,-7.480128474193603171e-04,-6.612842322927702443e-04,-5.934233022144655163e-04,-5.397547736556277710e-04,-4.966513173476527938e-04,-4.613049071615554016e-04,-4.315442568022819815e-04,-4.056915110394282388e-04,-3.824530128761302757e-04,-3.608374051256887211e-04,-3.400937505305728827e-04,-3.196621013488154246e-04,-2.991312741595319427e-04,-2.782027066797930969e-04,-2.566626122783891256e-04,-2.343643760916218561e-04,-2.112194816018828699e-04,-1.871926328252863740e-04,-1.622972383830701684e-04,-1.365902865261236739e-04,-1.101673899433473915e-04,-8.315895066785181891e-05,-5.572732366144294002e-05,-2.806436607896304274e-05,-3.885685298313976742e-07,2.705861428726902894e-05,5.401749851301744797e-05,8.021593541845039796e-05,1.053761125134251874e-04,1.292221796752692007e-04,1.514885299103714935e-04,1.719283510480754671e-04,1.903221212633061574e-04,2.064855642965661116e-04,2.202766963136777137e-04,2.316015169390803620e-04,2.404180761200932755e-04,2.467386309442496815e-04,2.506298239426282522e-04,2.522108228348159619e-04,2.516495810702492112e-04,2.491573739211485608e-04,2.449819540165794579e-04,2.393996240217535711e-04,2.327066647867932184e-04,2.252104581964283023e-04,2.172207354517969398e-04,2.090412363384756790e-04,2.009621220001598437e-04,1.932533111872896964e-04,1.861589530148990545e-04,1.798930707738265579e-04,1.746364604929269253e-04,1.705347630432357375e-04,1.676976974647172917e-04,1.661993011883110120e-04,1.660791113708404675e-04,1.673441008378267114e-04,1.699712833179130918e-04,1.739107990422008611e-04,1.790893965339498061e-04,1.854141358422321947e-04,1.927762390457057277e-04,2.010549352944358023e-04,2.101212385161225051e-04,2.198415321313325127e-04,2.300809143159509868e-04,2.407062135433757810e-04,2.515886475832343418e-04,2.626060777919268980e-04,2.736448521703710229e-04,2.846012350052078881e-04,2.953824340008835291e-04,3.059072676482836465e-04,3.161064911890537035e-04,3.259228611963834940e-04,3.353109501044101992e-04,3.442368186830108037e-04,3.526775365983523115e-04,3.606206785862838167e-04,3.680637531512488485e-04,3.750137045274995950e-04,3.814864041597836020e-04,3.875062827124759607e-04,3.931059764648536748e-04,3.983261483531336049e-04,4.032153179753685912e-04,4.078298684812863050e-04,4.122340320028334724e-04,4.165000257496768998e-04,4.207081190036130597e-04,4.249468013495015062e-04,4.293128264914135555e-04,4.339112908756583443e-04,4.388555345349901492e-04,4.442669990043698609e-04,4.502748638603555013e-04,4.570155555562112923e-04,4.646320061348090569e-04,4.732726954280943471e-04,4.830904318533734668e-04,4.942408267936259248e-04,5.068805154075444689e-04,5.211649853687392534e-04,5.372461830263289143e-04,5.552696582556627047e-04,5.753715530640779105e-04,5.976751009262059634e-04,6.222870975932197606e-04,6.492939360937007151e-04,6.787578407118739169e-04,7.107128458636773408e-04,7.451613335473057046e-04,7.820706455075447129e-04,8.213707337516734392e-04,8.629523185773300444e-04,9.066665862084768166e-04,9.523257828165932999e-04,9.997056736991854521e-04,1.048549016535331663e-03,1.098570813791393316e-03,1.149464221775355456e-03,1.200907610940437102e-03,1.252571437752201741e-03,1.304125220142858315e-03,1.355243252572072314e-03,1.405609352401344806e-03,1.454919573224744628e-03,1.502883413094624259e-03,1.549222880277988795e-03,1.593669854753913080e-03,1.635961908522986672e-03,1.675838490400253632e-03,1.713036115038679566e-03,1.747280456391923529e-03,1.778284145848453741e-03,1.805750184876353005e-03,1.829361184187242115e-03,1.848780764146987611e-03,1.863687111649380652e-03,1.873750463903354731e-03,1.878645171500983521e-03,1.878132581550014113e-03,1.871975663005744821e-03,1.860026559220529126e-03,1.842500669392011610e-03,1.820259167824004329e-03,1.796682716881833810e-03,1.781224752536848246e-03,1.796118205834375346e-03,1.889371204999625280e-03,2.151741859796400293e-03,2.731524348242230556e-03,3.791086704037175282e-03,5.256944271602043313e-03,6.215852781165734538e-03,3.947649386611648201e-03
0.000000000000000000e+00,0.000000000000000000e+00,0.000000000000000000e+00,0.000000000000000000e+00,0.000000000000000000e+00,0.000000000000000000e+00,0.000000000000000000e+00,0.000000000000000000e+00,0.000000000000000000e+00,0.000000000000000000e+00,0.000000000000000000e+00,0.000000000000000000e+00,0.000000000000000000e+00,0.000000000000000000e+00,0.000000000000000000e+00,0.000000000000000000e+00,0.000000000000000000e+00,0.000000000000000000e+00,0.000000000000000000e+00,0.000000000000000000e+00,0.000000000000000000e+00,0.000000000000000000e+00,0.000000000000000000e+00,0.000000000000000000e+00,0.000000000000000000e+00,0.000000000000000000e+00,0.000000000000000000e+00,0.000000000000000000e+00,0.000000000000000000e+00,0.000000000000000000e+00,0.000000000000000000e+00,0.000000000000000000e+00,0.000000000000000000e+00,0.000000000000000000e+00,0.000000000000000000e+00,0.000000000000000000e+00,0.000000000000000000e+00,0.000000000000000000e+00,0.000000000000000000e+00,0.000000000000000000e+00,0.000000000000000000e+00,0.000000000000000000e+00,0.000000000000000000e+00,0.000000000000000000e+00,0.000000000000000000e+00,0.000000000000000000e+00,0.000000000000000000e+00,0.000000000000000000e+00,0.000000000000000000e+00,0.000000000000000000e+00,0.000000000000000000e+00,0.000000000000000000e+00,0.000000000000000000e+00,0.000000000000000000e+00,0.000000000000000000e+00,0.000000000000000000e+00,0.000000000000000000e+00,0.000000000000000000e+00,0.000000000000000000e+00,0.000000000000000000e+00,0.000000000000000000e+00,0.000000000000000000e+00,0.000000000000000000e+00,0.000000000000000000e+00,0.000000000000000000e+00,0.000000000000000000e+00,0.000000000000000000e+00,0.000000000000000000e+00,0.000000000000000000e+00,0.000000000000000000e+00,0.000000000000000000e+00,0.000000000000000000e+00,0.000000000000000000e+00,0.000000000000000000e+00,0.000000000000000000e+00,0.000000000000000000e+00,0.000000000000000000e+00,0.000000000000000000e+00,0.000000000000000000e+00,0.000000000000000000e+00,0.000000000000000000e+00,0.000000000000000000e+00,0.000000000000000000e+00,0.000000000000000000e+00,0.000000000000000000e+00,0.000000000000000000e+00,0.000000000000000000e+00,0.000000000000000000e+00,0.000000000000000000e+00,0.000000000000000000e+00,0.000000000000000000e+00,0.000000000000000000e+00,0.000000000000000000e+00,0.000000000000000000e+00,0.000000000000000000e+00,0.000000000000000000e+00,0.000000000000000000e+00,0.000000000000000000e+00,0.000000000000000000e+00,0.000000000000000000e+00,0.000000000000000000e+00,0.000000000000000000e+00,0.000000000000000000e+00,0.000000000000000000e+00,0.000000000000000000e+00,0.000000000000000000e+00,0.000000000000000000e+00,0.000000000000000000e+00,0.000000000000000000e+00,0.000000000000000000e+00,0.000000000000000000e+00,0.000000000000000000e+00,0.000000000000000000e+00,0.000000000000000000e+00,0.000000000000000000e+00,0.000000000000000000e+00,0.000000000000000000e+00,0.000000000000000000e+00,0.000000000000000000e+00,0.000000000000000000e+00,0.000000000000000000e+00,0.000000000000000000e+00,0.000000000000000000e+00,0.000000000000000000e+00,0.000000000000000000e+00,0.000000000000000000e+00,0.000000000000000000e+00,0.000000000000000000e+00,0.000000000000000000e+00,0.000000000000000000e+00,0.000000000000000000e+00,0.000000000000000000e+00,0.000000000000000000e+00,0.000000000000000000e+00,0.000000000000000000e+00,0.000000000000000000e+00,0.000000000000000000e+00,0.000000000000000000e+00,0.000000000000000000e+00,0.000000000000000000e+00,0.000000000000000000e+00,0.000000000000000000e+00,0.000000000000000000e+00,0.000000000000000000e+00,0.000000000000000000e+00,0.000000000000000000e+00,0.000000000000000000e+00,0.000000000000000000e+00,0.000000000000000000e+00,0.000000000000000000e+00,0.000000000000000000e+00,0.000000000000000000e+00,0.000000000000000000e+00,0.000000000000000000e+00,0.000000000000000000e+00,0.000000000000000000e+00,0.000000000000000000e+00,0.000000000000000000e+00,0.000000000000000000e+00,0.000000000000000000e+00,0.000000000000000000e+00,0.000000000000000000e+00,0.000000000000000000e+00,0.000000000000000000e+00,0.000000000000000000e+00,0.000000000000000000e+00,0.000000000000000000e+00,0.000000000000000000e+00,0.000000000000000000e+00,0.000000000000000000e+00,0.000000000000000000e+00,0.000000000000000000e+00,0.000000000000000000e+00,0.000000000000000000e+00,0.000000000000000000e+00,0.000000000000000000e+00,-1.134673376750205444e-02,-1.351503874663242781e-02,-1.327689890234797464e-02,-1.184339930212950122e-02,-9.986134745869113677e-03,-8.167019920144664644e-03,-6.579754368649909368e-03,-5.259878180314678069e-03,-4.194785525448611191e-03,-3.349505875947865474e-03,-2.684795447938844240e-03,-2.165083061109403066e-03,-1.760340347501510418e-03,-1.446034610440118497e-03,-1.202444470824670479e-03,-1.013847354283169654e-03,-8.677794387768787091e-04,-7.544026101641345414e-04,-6.659856408504288361e-04,-5.964791544705289441e-04,-5.411718384794429000e-04,-4.964095444817302749e-04,-4.593670939842412555e-04,-4.278626908383058769e-04,-4.002102903822460996e-04,-3.751052943082985240e-04,-3.515397842695394985e-04,-3.287412921371754147e-04,-3.061278497830394055e-04,-2.832714820334167414e-04,-2.598652326029169822e-04,-2.356939862859159292e-04,-2.106129954649280946e-04,-1.845363020251187646e-04,-1.574325594713994584e-04,-1.293232577696956523e-04,-1.002800563657237429e-04,-7.042096050049719220e-05,-3.990653997030215507e-05,-8.936820867978263045e-06,2.225149186658996293e-05,5.338831549341781961e-05,8.417465894489784385e-05,1.142886253723483894e-04,1.433929557712734575e-04,1.711440217198592823e-04,1.972019567398522574e-04,2.212415908313886202e-04,2.429636513738164957e-04,2.621057250411193721e-04,2.784523381827950237e-04,2.918436473162651151e-04,3.021821829867227401e-04,3.094373191339376723e-04,3.136471552519818577e-04,3.149177773596016096e-04,3.134198948681715365e-04,3.093831241417380564e-04,3.030881895452536474e-04,2.948575365211087221e-04,2.850447896505084780e-04,2.740236392945387769e-04,2.621766105337124315e-04,2.498842476719797894e-04,2.375150663597622137e-04,2.254166569602582867e-04,2.139081221951636953e-04,2.032740458517408397e-04,1.937599998477064457e-04,1.855696162818071737e-04,1.788630956760597923e-04,1.737570632680147118e-04,1.703255760956617145e-04,1.686021432197638034e-04,1.685825505934794664e-04,1.702283445934335646e-04,1.734707868482819831e-04,1.782151460224131422e-04,1.843451744024226905e-04,1.917276496260345410e-04,2.002168670345804661e-04,2.096589730896675913e-04,2.198960616470031456e-04,2.307699289273214022e-04,2.421254516395822767e-04,2.538134946200584839e-04,2.656933674674797903e-04,2.776347490052458655e-04,2.895191609143938066e-04,3.012409190125637853e-04,3.127077097180012868e-04,3.238407204957754440e-04,3.345745320697606721e-04,3.448566804995800185e-04,3.546471436873928568e-04,3.639176173249948393e-04,3.726508704480088426e-04,3.808399854858265194e-04,3.884878011660683516e-04,3.956062933016967929e-04,4.022162369850260035e-04,4.083468154875434021e-04,4.140355446775440505e-04,4.193281174398093497e-04,4.242785603587583020e-04,4.289492612299142488e-04,4.334112751217438831e-04,4.377444418554287666e-04,4.420377226660637056e-04,4.463892893454432195e-04,4.509067508968596610e-04,4.557070833879161122e-04,4.609165959006030215e-04,4.666705672827851752e-04,4.731128001094948052e-04,4.803948349082195275e-04,4.886749478561464672e-04,4.981168227133591893e-04,5.088878614267988926e-04,5.211572086308321854e-04,5.350932659811171712e-04,5.508609889478429094e-04,5.686185359560915831e-04,5.885138102998652187e-04,6.106802605199171093e-04,6.352327575864485498e-04,6.622627353345347410e-04,6.918337179106399948e-04,7.239762823829242085e-04,7.586838961872379317e-04,7.959085720861923396e-04,8.355580612112906190e-04,8.774934107498318482e-04,9.215287780444316335e-04,9.674321330637225330e-04,1.014928726195019060e-03,1.063705632602480024e-03,1.113419027363148246e-03,1.163702090873413794e-03,1.214174861252125762e-03,1.264453592843557250e-03,1.314160674138100575e-03,1.362932582843525905e-03,1.410426915701747715e-03,1.456326339498957567e-03,1.500340843649850897e-03,1.542206734185060145e-03,1.581683593896626499e-03,1.618548585329396099e-03,1.652591270742759504e-03,1.683607004714400904e-03,1.711386821164544852e-03,1.735712529432863367e-03,1.756359258485875804e-03,1.773083143531303113e-03,1.785619299784159744e-03,1.793714747745623304e-03,1.797104753314392308e-03,1.795517051055977101e-03,1.788749985857626072e-03,1.776579545361533195e-03,1.758830964251518114e-03,1.735653225333932048e-03,1.707824837131232103e-03,1.678685724675152207e-03,1.657799277962691224e-03,1.667759658552103470e-03,1.757137570477378206e-03,2.016939040350806175e-03,2.594292566576697663e-03,3.650150332393260928e-03,5.117132041110427493e-03,6.102447699203591286e-03,3.903586341513509434e-03
0.000000000000000000e+00,0.000000000000000000e+00,0.000000000000000000e+00,0.000000000000000000e+00,0.000000000000000000e+00,0.000000000000000000e+00,0.000000000000000000e+00,0.000000000000000000e+00,0.000000000000000000e+00,0.000000000000000000e+00,0.000000000000000000e+00,0.000000000000000000e+00,0.000000000000000000e+00,0.000000000000000000e+00,0.000000000000000000e+00,0.000000000000000000e+00,0.000000000000000000e+00,0.000000000000000000e+00,0.000000000000000000e+00,0.000000000000000000e+00,0.000000000000000000e+00,0.000000000000000000e+00,0.000000000000000000e+00,0.000000000000000000e+00,0.000000000000000000e+00,0.000000000000000000e+00,0.000000000000000000e+00,0.000000000000000000e+00,0.000000000000000000e+00,0.000000000000000000e+00,0.000000000000000000e+00,0.000000000000000000e+00,0.000000000000000000e+00,0.000000000000000000e+00,0.000000000000000000e+00,0.000000000000000000e+00,0.000000000000000000e+00,0.000000000000000000e+00,0.000000000000000000e+00,0.000000000000000000e+00,0.000000000000000000e+00,0.000000000000000000e+00,0.000000000000000000e+00,0.000000000000000000e+00,0.000000000000000000e+00,0.000000000000000000e+00,0.000000000000000000e+00,0.000000000000000000e+00,0.000000000000000000e+00,0.000000000000000000e+00,0.000000000000000000e+00,0.000000000000000000e+00,0.000000000000000000e+00,0.000000000000000000e+00,0.000000000000000000e+00,0.000000000000000000e+00,0.000000000000000000e+00,0.000000000000000000e+00,0.000000000000000000e+00,0.000000000000000000e+00,0.000000000000000000e+00,0.000000000000000000e+00,0.000000000000000000e+00,0.000000000000000000e+00,0.000000000000000000e+00,0.000000000000000000e+00,0.000000000000000000e+00,0.000000000000000000e+00,0.000000000000000000e+00,0.000000000000000000e+00,0.000000000000000000e+00,0.000000000000000000e+00,0.000000000000000000e+00,0.000000000000000000e+00,0.000000000000000000e+00,0.000000000000000000e+00,0.000000000000000000e+00,0.000000000000000000e+00,0.000000000000000000e+00,0.000000000000000000e+00,0.000000000000000000e+00,0.000000000000000000e+00,0.000000000000000000e+00,0.000000000000000000e+00,0.000000000000000000e+00,0.000000000000000000e+00,0.000000000000000000e+00,0.000000000000000000e+00,0.000000000000000000e+00,0.000000000000000000e+00,0.000000000000000000e+00,0.000000000000000000e+00,0.000000000000000000e+00,0.000000000000000000e+00,0.000000000000000000e+00,0.000000000000000000e+00,0.000000000000000000e+00,0.000000000000000000e+00,0.000000000000000000e+00,0.000000000000000000e+00,0.000000000000000000e+00,0.000000000000000000e+00,0.000000000000000000e+00,0.000000000000000000e+00,0.000000000000000000e+00,0.000000000000000000e+00,0.000000000000000000e+00,0.000000000000000000e+00,0.000000000000000000e+00,0.000000000000000000e+00,0.000000000000000000e+00,0.000000000000000000e+00,0.000000000000000000e+00,0.000000000000000000e+00,0.000000000000000000e+00,0.000000000000000000e+00,0.000000000000000000e+00,0.000000000000000000e+00,0.000000000000000000e+00,0.000000000000000000e+00,0.000000000000000000e+00,0.000000000000000000e+00,0.000000000000000000e+00,0.000000000000000000e+00,0.000000000000000000e+00,0.000000000000000000e+00,0.000000000000000000e+00,0.000000000000000000e+00,0.000000000000000000e+00,0.000000000000000000e+00,0.000000000000000000e+00,0.000000000000000000e+00,0.000000000000000000e+00,0.000000000000000000e+00,0.000000000000000000e+00,0.000000000000000000e+00,0.000000000000000000e+00,0.000000000000000000e+00,0.000000000000000000e+00,0.000000000000000000e+00,0.000000000000000000e+00,0.000000000000000000e+00,0.000000000000000000e+00,0.000000000000000000e+00,0.000000000000000000e+00,0.000000000000000000e+00,0.000000000000000000e+00,0.000000000000000000e+00,0.000000000000000000e+00,0.000000000000000000e+00,0.000000000000000000e+00,0.000000000000000000e+00,0.000000000000000000e+00,0.000000000000000000e+00,0.000000000000000000e+00,0.000000000000000000e+00,0.000000000000000000e+00,0.000000000000000000e+00,0.000000000000000000e+00,0.000000000000000000e+00,0.000000000000000000e+00,0.000000000000000000e+00,0.000000000000000000e+00,0.000000000000000000e+00,0.000000000000000000e+00,0.000000000000000000e+00,0.000000000000000000e+00,0.000000000000000000e+00,0.000000000000000000e+00,0.000000000000000000e+00,0.000000000000000000e+00,0.000000000000000000e+00,0.000000000000000000e+00,0.000000000000000000e+00,0.000000000000000000e+00,0.000000000000000000e+00,-1.133709038115412668e-02,-1.352666459970424361e-02,-1.330386651902718161e-02,-1.187922304071284234e-02,-1.002768705936966064e-02,-8.210638014616834790e-03,-6.620897349455875415e-03,-5.296800914240512234e-03,-4.227192879460195049e-03,-3.377529749231964439e-03,-2.708800805377792158e-03,-2.185501011494153135e-03,-1.777573152046983034e-03,-1.460431921314694339e-03,-1.214293378580732054e-03,-1.023381663970289630e-03,-8.751838960245212620e-04,-7.598191473679570410e-04,-6.695128998155151041e-04,-5.981729994031781666e-04,-5.410457280960389529e-04,-4.944396743440445264e-04,-4.555003683169779496e-04,-4.220264533593229435e-04,-3.923196205730122171e-04,-3.650656707317010037e-04,-3.392442957119363761e-04,-3.140646747356649849e-04,-2.889214751922447458e-04,-2.633636215828434298e-04,-2.370677636476689566e-04,-2.098121387516236377e-04,-1.814532382613736423e-04,-1.519104554516289944e-04,-1.211603961170685205e-04,-8.923687820941241552e-05,-5.623143122952125954e-05,-2.229174287336892302e-05,1.238136718599471952e-05,4.753734826918929428e-05,8.287940586624633623e-05,1.180688185420164299e-04,1.527308512695494899e-04,1.864627967154965321e-04,2.188441511099875267e-04,2.494487208743839906e-04,2.778581648010058176e-04,3.036764039491083320e-04,3.265441519613479201e-04,3.461528149972324230e-04,3.622569570180010699e-04,3.746846305781386614e-04,3.833449581883747082e-04,3.882325440235581552e-04,3.894284708034535542e-04,3.870978617264844235e-04,3.814841817316902656e-04,3.729006414516493491e-04,3.617192171246428473e-04,3.483579031448035576e-04,3.332668808464921855e-04,3.169142852480011721e-04,2.997722310557637306e-04,2.823036657910926923e-04,2.649505370998455180e-04,2.481236143297293898e-04,2.321942073783621698e-04,2.174878703477204213e-04,2.042801059676656750e-04,1.927939538043410052e-04,1.831993209887738288e-04,1.756138149930661172e-04,1.701048710158445973e-04,1.666929012137647974e-04,1.653552740770319624e-04,1.660308731654362572e-04,1.686250907260876050e-04,1.730150395879883197e-04,1.790548929748513138e-04,1.865811641227838936e-04,1.954178830899271687e-04,2.053814980558888803e-04,2.162854992556835412e-04,2.279445930281930922e-04,2.401784617178881422e-04,2.528149356295168108e-04,2.656926700042367057e-04,2.786631615096050183e-04,2.915922704447103777e-04,3.043610870017272288e-04,3.168663900551995228e-04,3.290205324806194024e-04,3.407510879770804047e-04,3.520000660665129825e-04,3.627231033946665432e-04,3.728883750731892886e-04,3.824756910393737946e-04,3.914754300006931080e-04,3.998878242155167210e-04,4.077221407693269782e-04,4.149963176306616227e-04,4.217364915427395918e-04,4.279770213832534702e-04,4.337603493326858736e-04,4.391373472150858189e-04,4.441674215789171527e-04,4.489190567255794094e-04,4.534700349064507024e-04,4.579080181970032379e-04,4.623307394930005259e-04,4.668464514601276729e-04,4.715739403342994462e-04,4.766426649321497543e-04,4.821924461993698182e-04,4.883731185515513421e-04,4.953437506623180895e-04,5.032716343025251228e-04,5.123308955658724059e-04,5.227006537439540107e-04,5.345628888781049463e-04,5.480996193102314869e-04,5.634899097477979535e-04,5.809059557900277939e-04,6.005091709993672739e-04,6.224451648570262586e-04,6.468389852644161175e-04,6.737891890284401948e-04,7.033625972024604633e-04,7.355880333230021455e-04,7.704513968593182079e-04,8.078901596587983536e-04,8.477900845971242947e-04,8.899820452790607652e-04,9.342420422440030590e-04,9.802919955539759513e-04,1.027804446695637511e-03,1.076408292187861849e-03,1.125698424419102790e-03,1.175245826681478806e-03,1.224610565906236693e-03,1.273353758778444445e-03,1.321050615605754786e-03,1.367300525177809123e-03,1.411736254328249890e-03,1.454028718000033782e-03,1.493889882400697847e-03,1.531071114308445039e-03,1.565359335169571025e-03,1.596569396297913262e-03,1.624537427495885379e-03,1.649112516057951901e-03,1.670145134417410629e-03,1.687480514541874702e-03,1.700961429712420560e-03,1.710416023119667398e-03,1.715654868486525368e-03,1.716504490854952377e-03,1.712784441755748266e-03,1.704306304166338434e-03,1.690947606602304564e-03,1.672551813070915919e-03,1.648986097248371753e-03,1.620412995442653114e-03,1.587612596760066023e-03,1.553953577268517338e-03,1.529127837651328209e-03,1.536005168829849199e-03,1.623468133879322648e-03,1.882331431118867276e-03,2.458060904714308003e-03,3.509975987838438033e-03,4.977178074187734585e-03,5.988298737778141936e-03,3.859264718421334846e-03
0.000000000000000000e+00,0.000000000000000000e+00,0.000000000000000000e+00,0.000000000000000000e+00,0.000000000000000000e+00,0.000000000000000000e+00,0.000000000000000000e+00,0.000000000000000000e+00,0.000000000000000000e+00,0.000000000000000000e+00,0.000000000000000000e+00,0.000000000000000000e+00,0.000000000000000000e+00,0.000000000000000000e+00,0.000000000000000000e+00,0.000000000000000000e+00,0.000000000000000000e+00,0.000000000000000000e+00,0.000000000000000000e+00,0.000000000000000000e+00,0.000000000000000000e+00,0.000000000000000000e+00,0.000000000000000000e+00,0.000000000000000000e+00,0.000000000000000000e+00,0.000000000000000000e+00,0.000000000000000000e+00,0.000000000000000000e+00,0.000000000000000000e+00,0.000000000000000000e+00,0.000000000000000000e+00,0.000000000000000000e+00,0.000000000000000000e+00,0.000000000000000000e+00,0.000000000000000000e+00,0.000000000000000000e+00,0.000000000000000000e+00,0.000000000000000000e+00,0.000000000000000000e+00,0.000000000000000000e+00,0.000000000000000000e+00,0.000000000000000000e+00,0.000000000000000000e+00,0.000000000000000000e+00,0.000000000000000000e+00,0.000000000000000000e+00,0.000000000000000000e+00,0.000000000000000000e+00,0.000000000000000000e+00,0.000000000000000000e+00,0.000000000000000000e+00,0.000000000000000000e+00,0.000000000000000000e+00,0.000000000000000000e+00,0.000000000000000000e+00,0.000000000000000000e+00,0.000000000000000000e+00,0.000000000000000000e+00,0.000000000000000000e+00,0.000000000000000000e+00,0.000000000000000000e+00,0.000000000000000000e+00,0.000000000000000000e+00,0.000000000000000000e+00,0.000000000000000000e+00,0.000000000000000000e+00,0.000000000000000000e+00,0.000000000000000000e+00,0.000000000000000000e+00,0.000000000000000000e+00,0.000000000000000000e+00,0.000000000000000000e+00,0.000000000000000000e+00,0.000000000000000000e+00,0.000000000000000000e+00,0.000000000000000000e+00,0.000000000000000000e+00,0.000000000000000000e+00,0.000000000000000000e+00,0.000000000000000000e+00,0.000000000000000000e+00,0.000000000000000000e+00,0.000000000000000000e+00,0.000000000000000000e+00,0.000000000000000000e+00,0.000000000000000000e+00,0.000000000000000000e+00,0.000000000000000000e+00,0.000000000000000000e+00,0.000000000000000000e+00,0.000000000000000000e+00,0.000000000000000000e+00,0.000000000000000000e+00,0.000000000000000000e+00,0.000000000000000000e+00,0.000000000000000000e+00,0.000000000000000000e+00,0.000000000000000000e+00,0.000000000000000000e+00,0.000000000000000000e+00,0.000000000000000000e+00,0.000000000000000000e+00,0.000000000000000000e+00,0.000000000000000000e+00,0.000000000000000000e+00,0.000000000000000000e+00,0.000000000000000000e+00,0.000000000000000000e+00,0.000000000000000000e+00,0.000000000000000000e+00,0.000000000000000000e+00,0.000000000000000000e+00,0.000000000000000000e+00,0.000000000000000000e+00,0.000000000000000000e+00,0.000000000000000000e+00,0.000000000000000000e+00,0.000000000000000000e+00,0.000000000000000000e+00,0.000000000000000000e+00,0.000000000000000000e+00,0.000000000000000000e+00,0.000000000000000000e+00,0.000000000000000000e+00,0.000000000000000000e+00,0.000000000000000000e+00,0.000000000000000000e+00,0.000000000000000000e+00,0.000000000000000000e+00,0.000000000000000000e+00,0.000000000000000000e+00,0.000000000000000000e+00,0.000000000000000000e+00,0.000000000000000000e+00,0.000000000000000000e+00,0.000000000000000000e+00,0.000000000000000000e+00,0.000000000000000000e+00,0.000000000000000000e+00,0.000000000000000000e+00,0.000000000000000000e+00,0.000000000000000000e+00,0.000000000000000000e+00,0.000000000000000000e+00,0.000000000000000000e+00,0.000000000000000000e+00,0.000000000000000000e+00,0.000000000000000000e+00,0.000000000000000000e+00,0.000000000000000000e+00,0.000000000000000000e+00,0.000000000000000000e+00,0.000000000000000000e+00,0.000000000000000000e+00,0.000000000000000000e+00,0.000000000000000000e+00,0.000000000000000000e+00,0.000000000000000000e+00,0.000000000000000000e+00,0.000000000000000000e+00,0.000000000000000000e+00,0.000000000000000000e+00,0.000000000000000000e+00,0.000000000000000000e+00,0.000000000000000000e+00,0.000000000000000000e+00,0.000000000000000000e+00,0.000000000000000000e+00,0.000000000000000000e+00,0.000000000000000000e+00,0.000000000000000000e+00,0.000000000000000000e+00,0.000000000000000000e+00,0.000000000000000000e+00,0.000000000000000000e+00,0.000000000000000000e+00,-1.131915523041661029e-02,-1.353135821094322844e-02,-1.332624175945479848e-02,-1.191269015962262597e-02,-1.006833419465616615e-02,-8.253922182706634886e-03,-6.661973296285408387e-03,-5.333816568251454476e-03,-4.259733178046617302e-03,-3.405649977706958972e-03,-2.732837658386821304e-03,-2.205855924534333261e-03,-1.794629072686877193e-03,-1.474508340623608988e-03,-1.225648325515816314e-03,-1.032215469940863089e-03,-8.816555079044917538e-04,-7.640529987748202094e-04,-6.716040183898963926e-04,-5.981828817396203906e-04,-5.389975298080407987e-04,-4.903139427927376845e-04,-4.492370585644948422e-04,-4.135319814702511222e-04,-3.814768326877499742e-04,-3.517418032819361723e-04,-3.232939834957531495e-04,-2.953273411913216284e-04,-2.672155510292836800e-04,-2.384824561889725952e-04,-2.087819246498051878e-04,-1.778787069835983665e-04,-1.456276169865038323e-04,-1.119558701648653827e-04,-7.685428388555916399e-05,-4.037719072001178102e-05,-2.645641911575478647e-06,3.615106420815424211e-05,7.575691381943838439e-05,1.158527642122826227e-04,1.560611378116142885e-04,1.959524436293016666e-04,2.350533905119113151e-04,2.728581483096443596e-04,3.088422843376453699e-04,3.424790731601164997e-04,3.732574486651637721e-04,4.007007212374287032e-04,4.243850320771367333e-04,4.439565342958576278e-04,4.591462783104297810e-04,4.697819616180247989e-04,4.757958290881053468e-04,4.772283156252978757e-04,4.742272254785761024e-04,4.670425830591969844e-04,4.560174841376000944e-04,4.415755603426775719e-04,4.242057827515616285e-04,4.044454921393569034e-04,3.828625374831776834e-04,3.600374221458084987e-04,3.365462420723343588e-04,3.129451019412039792e-04,2.897565234520777530e-04,2.674582027666620623e-04,2.464743064229376951e-04,2.271693297146461221e-04,2.098444283635470453e-04,1.947360026972864186e-04,1.820162867186930994e-04,1.717956003052289516e-04,1.641259721104284413e-04,1.590057696535552298e-04,1.563850963083302219e-04,1.561716472651442122e-04,1.582368807180557432e-04,1.624222550683164143e-04,1.685454746020232969e-04,1.764065309176129513e-04,1.857935483933323059e-04,1.964882300034885110e-04,2.082709661126458129e-04,2.209253929144100632e-04,2.342425073295427537e-04,2.480240943238056113e-04,2.620856302162808630e-04,2.762584011475701143e-04,2.903910957178431891e-04,3.043505980062145323e-04,3.180223515781362858e-04,3.313099918544092147e-04,3.441347436195653473e-04,3.564342314626684589e-04,3.681613265097698922e-04,3.792825824728648541e-04,3.897769914050160144e-04,3.996344693905089403e-04,4.088548967247671397e-04,4.174469529931337623e-04,4.254276629036469917e-04,4.328217179514921029e-04,4.396615798234189236e-04,4.459872722964865850e-04,4.518469521522288030e-04,4.572970468003095682e-04,4.624031144172856072e-04,4.672401515595477409e-04,4.718935271733067202e-04,4.764592750508317605e-04,4.810448800449331646e-04,4.857693797749535001e-04,4.907637865690348032e-04,4.961708349321277637e-04,5.021448287356067731e-04,5.088508776764451205e-04,5.164639621979201815e-04,5.251675011024783003e-04,5.351514268610191739e-04,5.466099201945428350e-04,5.597382925408662599e-04,5.747297257648483447e-04,5.917707900637121871e-04,6.110370752801370887e-04,6.326872823797875713e-04,6.568577943788616843e-04,6.836555446299403486e-04,7.131519303122859504e-04,7.453751454793858602e-04,7.803044189873659629e-04,8.178631725454152922e-04,8.579152479554960891e-04,9.002608775256033466e-04,9.446370007475140456e-04,9.907181598473549945e-04,1.038122677369886790e-03,1.086419716976715121e-03,1.135141628792638718e-03,1.183796410954533621e-03,1.231884141466756859e-03,1.278911601831194235e-03,1.324408526044801044e-03,1.367939590022857702e-03,1.409115539586432890e-03,1.447598256804055478e-03,1.483103830722022577e-03,1.515399660225434392e-03,1.544299408849113481e-03,1.569653186013732910e-03,1.591339486671932779e-03,1.609255469573332882e-03,1.623304853004646194e-03,1.633390938427355110e-03,1.639420830119140034e-03,1.641295134706100087e-03,1.638906365875432685e-03,1.632174167194394955e-03,1.621023882604236089e-03,1.605382325882380359e-03,1.585246523043732248e-03,1.560576559618447219e-03,1.531339996907619657e-03,1.497777683338010141e-03,1.460735203009583651e-03,1.423658229825076893e-03,1.396367323193165293e-03,1.401913715278964171e-03,1.489246363426124974e-03,1.748575985962298827e-03,2.323250619923604432e-03,3.370779586012372271e-03,4.837146750802046036e-03,5.873401033532304853e-03,3.814702195898874923e-03
0.000000000000000000e+00,0.000000000000000000e+00,0.000000000000000000e+00,0.000000000000000000e+00,0.000000000000000000e+00,0.000000000000000000e+00,0.000000000000000000e+00,0.000000000000000000e+00,0.000000000000000000e+00,0.000000000000000000e+00,0.000000000000000000e+00,0.000000000000000000e+00,0.000000000000000000e+00,0.000000000000000000e+00,0.000000000000000000e+00,0.000000000000000000e+00,0.000000000000000000e+00,0.000000000000000000e+00,0.000000000000000000e+00,0.000000000000000000e+00,0.000000000000000000e+00,0.000000000000000000e+00,0.000000000000000000e+00,0.000000000000000000e+00,0.000000000000000000e+00,0.000000000000000000e+00,0.000000000000000000e+00,0.000000000000000000e+00,0.000000000000000000e+00,0.000000000000000000e+00,0.000000000000000000e+00,0.000000000000000000e+00,0.000000000000000000e+00,0.000000000000000000e+00,0.000000000000000000e+00,0.000000000000000000e+00,0.000000000000000000e+00,0.000000000000000000e+00,0.000000000000000000e+00,0.000000000000000000e+00,0.000000000000000000e+00,0.000000000000000000e+00,0.000000000000000000e+00,0.000000000000000000e+00,0.000000000000000000e+00,0.000000000000000000e+00,0.000000000000000000e+00,0.000000000000000000e+00,0.000000000000000000e+00,0.000000000000000000e+00,0.000000000000000000e+00,0.000000000000000000e+00,0.000000000000000000e+00,0.000000000000000000e+00,0.000000000000000000e+00,0.000000000000000000e+00,0.000000000000000000e+00,0.000000000000000000e+00,0.000000000000000000e+00,0.000000000000000000e+00,0.000000000000000000e+00,0.000000000000000000e+00,0.000000000000000000e+00,0.000000000000000000e+00,0.000000000000000000e+00,0.000000000000000000e+00,0.000000000000000000e+00,0.000000000000000000e+00,0.000000000000000000e+00,0.000000000000000000e+00,0.000000000000000000e+00,0.000000000000000000e+00,0.000000000000000000e+00,0.000000000000000000e+00,0.000000000000000000e+00,0.000000000000000000e+00,0.000000000000000000e+00,0.000000000000000000e+00,0.000000000000000000e+00,0.000000000000000000e+00,0.000000000000000000e+00,0.000000000000000000e+00,0.000000000000000000e+00,0.000000000000000000e+00,0.000000000000000000e+00,0.000000000000000000e+00,0.000000000000000000e+00,0.000000000000000000e+00,0.000000000000000000e+00,0.000000000000000000e+00,0.000000000000000000e+00,0.000000000000000000e+00,0.000000000000000000e+00,0.000000000000000000e+00,0.000000000000000000e+00,0.000000000000000000e+00,0.000000000000000000e+00,0.000000000000000000e+00,0.000000000000000000e+00,0.000000000000000000e+00,0.000000000000000000e+00,0.000000000000000000e+00,0.000000000000000000e+00,0.000000000000000000e+00,0.000000000000000000e+00,0.000000000000000000e+00,0.000000000000000000e+00,0.000000000000000000e+00,0.000000000000000000e+00,0.000000000000000000e+00,0.000000000000000000e+00,0.000000000000000000e+00,0.000000000000000000e+00,0.000000000000000000e+00,0.000000000000000000e+00,0.000000000000000000e+00,0.000000000000000000e+00,0.000000000000000000e+00,0.000000000000000000e+00,0.000000000000000000e+00,0.000000000000000000e+00,0.000000000000000000e+00,0.000000000000000000e+00,0.000000000000000000e+00,0.000000000000000000e+00,0.000000000000000000e+00,0.000000000000000000e+00,0.000000000000000000e+00,0.000000000000000000e+00,0.000000000000000000e+00,0.000000000000000000e+00,0.000000000000000000e+00,0.000000000000000000e+00,0.000000000000000000e+00,0.000000000000000000e+00,0.000000000000000000e+00,0.000000000000000000e+00,0.000000000000000000e+00,0.000000000000000000e+00,0.000000000000000000e+00,0.000000000000000000e+00,0.000000000000000000e+00,0.000000000000000000e+00,0.000000000000000000e+00,0.000000000000000000e+00,0.000000000000000000e+00,0.000000000000000000e+00,0.000000000000000000e+00,0.000000000000000000e+00,0.000000000000000000e+00,0.000000000000000000e+00,0.000000000000000000e+00,0.000000000000000000e+00,0.000000000000000000e+00,0.000000000000000000e+00,0.000000000000000000e+00,0.000000000000000000e+00,0.000000000000000000e+00,0.000000000000000000e+00,0.000000000000000000e+00,0.000000000000000000e+00,0.000000000000000000e+00,0.000000000000000000e+00,0.000000000000000000e+00,0.000000000000000000e+00,0.000000000000000000e+00,0.000000000000000000e+00,0.000000000000000000e+00,0.000000000000000000e+00,0.000000000000000000e+00,0.000000000000000000e+00,0.000000000000000000e+00,0.000000000000000000e+00,0.000000000000000000e+00,0.000000000000000000e+00,0.000000000000000000e+00,-1.129139094821106359e-02,-1.352804308070915638e-02,-1.334344132274422993e-02,-1.194361979036315594e-02,-1.010807052693267309e-02,-8.297003533852129881e-03,-6.703136182167915465e-03,-5.371058154111320662e-03,-4.292450237564278751e-03,-3.433830550783731686e-03,-2.756775120682378091e-03,-2.225949447300864387e-03,-1.811255920452432052e-03,-1.487991292905122389e-03,-1.236233523606244510e-03,-1.040085450320404935e-03,-8.869386871496120432e-04,-7.668430791141864645e-04,-6.719688637580026238e-04,-5.961689660135137576e-04,-5.346232759349658697e-04,-4.835606230671331100e-04,-4.400409240310511057e-04,-4.017839392821976057e-04,-3.670290842247587852e-04,-3.344180967087493077e-04,-3.028980600123564793e-04,-2.716463400864987921e-04,-2.400180387826048587e-04,-2.075138461165846097e-04,-1.737630257907441433e-04,-1.385120787923292468e-04,-1.016110619688373424e-04,-6.299754015091549829e-05,-2.268527632264886172e-05,1.923785784287151160e-05,6.260550714007274888e-05,1.071684877089259396e-04,1.525943645670090238e-04,1.984712501098871511e-04,2.443145953264915871e-04,2.895765717059129102e-04,3.336583763830934437e-04,3.759259513009981972e-04,4.157290159026030634e-04,4.524228046795552064e-04,4.853914479000864877e-04,5.140717499175651711e-04,5.379760148716633767e-04,5.567125913726782629e-04,5.700029355109420505e-04,5.776941707888889064e-04,5.797664454005937995e-04,5.763346658346933313e-04,5.676446083265413367e-04,5.540636804403576343e-04,5.360670098652254873e-04,5.142196927269722514e-04,4.891563238612976197e-04,4.615589032394994042e-04,4.321343468596527959e-04,4.015926129063083203e-04,3.706264548325783779e-04,3.398934615999095205e-04,3.100009939187563257e-04,2.814942372474074010e-04,2.548475745445381337e-04,2.304591093452661014e-04,2.086482120678335886e-04,1.896556352782179696e-04,1.736458968019736332e-04,1.607113845330561809e-04,1.508778866771805433e-04,1.441110229912345839e-04,1.403233549771685140e-04,1.393817344529864376e-04,1.411148063979493017e-04,1.453203319563709179e-04,1.517723701065084793e-04,1.602280462548657397e-04,1.704340254302900775e-04,1.821324250498936351e-04,1.950663334805312267e-04,2.089846548209790464e-04,2.236464984969387213e-04,2.388247912061016148e-04,2.543093739155153927e-04,2.699092068580374610e-04,2.854540419910456045e-04,3.007951569009267899e-04,3.158056540355069081e-04,3.303798687221730303e-04,3.444325523541192963e-04,3.578972910739352240e-04,3.707250110357571864e-04,3.828819010970370570e-04,3.943477833836964781e-04,4.051140627079619625e-04,4.151824473662989504e-04,4.245633213429288633e-04,4.332751197645140083e-04,4.413433221350108516e-04,4.488005748226900024e-04,4.556863094603102017e-04,4.620475173561364363e-04,4.679388494690711934e-04,4.734238189661558473e-04,4.785751607380302176e-04,4.834761787302540572e-04,4.882211272503701261e-04,4.929164115207139169e-04,4.976807728992890768e-04,5.026460673470860632e-04,5.079570655772377204e-04,5.137715547928870842e-04,5.202595857452554885e-04,5.276026566980926685e-04,5.359922426542701587e-04,5.456278207924936769e-04,5.567144998767101574e-04,5.694596369923426863e-04,5.840693626367896235e-04,6.007435501054631801e-04,6.196710571762773000e-04,6.410229166072230547e-04,6.649462879181516949e-04,6.915560531617789787e-04,7.209279091196363473e-04,7.530891689308266560e-04,7.880121675956431367e-04,8.256059399083280148e-04,8.657119946795515265e-04,9.080993488110556625e-04,9.524652816760171420e-04,9.984363576778202028e-04,1.045576336851384344e-03,1.093394685165792728e-03,1.141361934531035481e-03,1.188924621900139299e-03,1.235525365441309713e-03,1.280620067278964843e-03,1.323697290477309505e-03,1.364291758331322981e-03,1.401996998813167996e-03,1.436470043938948638e-03,1.467434087022747831e-03,1.494673694525524080e-03,1.518028206210462376e-03,1.537379584048322468e-03,1.552643245879579319e-03,1.563757456508173748e-03,1.570671913391679612e-03,1.573342012668211458e-03,1.571736000581502955e-03,1.565828080924141314e-03,1.555600450350820086e-03,1.541080721401391759e-03,1.522322338333102201e-03,1.499397693409122191e-03,1.472460409794524791e-03,1.441629223669830748e-03,1.407019692011718132e-03,1.369000054341362998e-03,1.328527448075403523e-03,1.289154065784276501e-03,1.260815946973836352e-03,1.266645378689166450e-03,1.355420714205845699e-03,1.616361434500197076e-03,2.190285023241618848e-03,3.232753260327153599e-03,4.697065412228321191e-03,5.757718494695259794e-03,3.769912920078675404e-03
0.000000000000000000e+00,0.000000000000000000e+00,0.000000000000000000e+00,0.000000000000000000e+00,0.000000000000000000e+00,0.000000000000000000e+00,0.000000000000000000e+00,0.000000000000000000e+00,0.000000000000000000e+00,0.000000000000000000e+00,0.000000000000000000e+00,0.000000000000000000e+00,0.000000000000000000e+00,0.000000000000000000e+00,0.000000000000000000e+00,0.000000000000000000e+00,0.000000000000000000e+00,0.000000000000000000e+00,0.000000000000000000e+00,0.000000000000000000e+00,0.000000000000000000e+00,0.000000000000000000e+00,0.000000000000000000e+00,0.000000000000000000e+00,0.000000000000000000e+00,0.000000000000000000e+00,0.000000000000000000e+00,0.000000000000000000e+00,0.000000000000000000e+00,0.000000000000000000e+00,0.000000000000000000e+00,0.000000000000000000e+00,0.000000000000000000e+00,0.000000000000000000e+00,0.000000000000000000e+00,0.000000000000000000e+00,0.000000000000000000e+00,0.000000000000000000e+00,0.000000000000000000e+00,0.000000000000000000e+00,0.000000000000000000e+00,0.000000000000000000e+00,0.000000000000000000e+00,0.000000000000000000e+00,0.000000000000000000e+00,0.000000000000000000e+00,0.000000000000000000e+00,0.000000000000000000e+00,0.000000000000000000e+00,0.000000000000000000e+00,0.000000000000000000e+00,0.000000000000000000e+00,0.000000000000000000e+00,0.000000000000000000e+00,0.000000000000000000e+00,0.000000000000000000e+00,0.000000000000000000e+00,0.000000000000000000e+00,0.000000000000000000e+00,0.000000000000000000e+00,0.000000000000000000e+00,0.000000000000000000e+00,0.000000000000000000e+00,0.000000000000000000e+00,0.000000000000000000e+00,0.000000000000000000e+00,0.000000000000000000e+00,0.000000000000000000e+00,0.000000000000000000e+00,0.000000000000000000e+00,0.000000000000000000e+00,0.000000000000000000e+00,0.000000000000000000e+00,0.000000000000000000e+00,0.000000000000000000e+00,0.000000000000000000e+00,0.000000000000000000e+00,0.000000000000000000e+00,0.000000000000000000e+00,0.000000000000000000e+00,0.000000000000000000e+00,0.000000000000000000e+00,0.000000000000000000e+00,0.000000000000000000e+00,0.000000000000000000e+00,0.000000000000000000e+00,0.000000000000000000e+00,0.000000000000000000e+00,0.000000000000000000e+00,0.000000000000000000e+00,0.000000000000000000e+00,0.000000000000000000e+00,0.000000000000000000e+00,0.000000000000000000e+00,0.000000000000000000e+00,0.000000000000000000e+00,0.000000000000000000e+00,0.000000000000000000e+00,0.000000000000000000e+00,0.000000000000000000e+00,0.000000000000000000e+00,0.000000000000000000e+00,0.000000000000000000e+00,0.000000000000000000e+00,0.000000000000000000e+00,0.000000000000000000e+00,0.000000000000000000e+00,0.000000000000000000e+00,0.000000000000000000e+00,0.000000000000000000e+00,0.000000000000000000e+00,0.000000000000000000e+00,0.000000000000000000e+00,0.000000000000000000e+00,0.000000000000000000e+00,0.000000000000000000e+00,0.000000000000000000e+00,0.000000000000000000e+00,0.000000000000000000e+00,0.000000000000000000e+00,0.000000000000000000e+00,0.000000000000000000e+00,0.000000000000000000e+00,0.000000000000000000e+00,0.000000000000000000e+00,0.000000000000000000e+00,0.000000000000000000e+00,0.000000000000000000e+00,0.000000000000000000e+00,0.000000000000000000e+00,0.000000000000000000e+00,0.000000000000000000e+00,0.000000000000000000e+00,0.000000000000000000e+00,0.000000000000000000e+00,0.000000000000000000e+00,0.000000000000000000e+00,0.000000000000000000e+00,0.000000000000000000e+00,0.000000000000000000e+00,0.000000000000000000e+00,0.000000000000000000e+00,0.000000000000000000e+00,0.000000000000000000e+00,0.000000000000000000e+00,0.000000000000000000e+00,0.000000000000000000e+00,0.000000000000000000e+00,0.000000000000000000e+00,0.000000000000000000e+00,0.000000000000000000e+00,0.000000000000000000e+00,0.000000000000000000e+00,0.000000000000000000e+00,0.000000000000000000e+00,0.000000000000000000e+00,0.000000000000000000e+00,0.000000000000000000e+00,0.000000000000000000e+00,0.000000000000000000e+00,0.000000000000000000e+00,0.000000000000000000e+00,0.000000000000000000e+00,0.000000000000000000e+00,0.000000000000000000e+00,0.000000000000000000e+00,0.000000000000000000e+00,0.000000000000000000e+00,0.000000000000000000e+00,0.000000000000000000e+00,0.000000000000000000e+00,0.000000000000000000e+00,0.000000000000000000e+00,0.000000000000000000e+00,0.000000000000000000e+00,0.000000000000000000e+00,-1.125189294607328340e-02,-1.351528400120324651e-02,-1.335469012146873503e-02,-1.197166857576810461e-02,-1.014690551403810495e-02,-8.340045838451708160e-03,-6.744685127864238558e-03,-5.408801655475831138e-03,-4.325582110897234663e-03,-3.462205456681798164e-03,-2.780648555410322048e-03,-2.245694875040870828e-03,-1.827265931572518787e-03,-1.500601335134880195e-03,-1.245712113658233380e-03,-1.046620728388808095e-03,-8.906531905565734895e-04,-7.678045453640389454e-04,-6.702104896137539135e-04,-5.917001366274561103e-04,-5.274337003939140933e-04,-4.736121853594064176e-04,-4.272556892393765383e-04,-3.860342965660139313e-04,-3.481365049178123967e-04,-3.121601983142054094e-04,-2.770193039621667280e-04,-2.418671058422067644e-04,-2.060390700223712669e-04,-1.690161286127102400e-04,-1.304064351650089108e-04,-8.993936161540783201e-05,-4.746089180260552057e-05,-2.924016296384201980e-06,4.362229640475926763e-05,9.203775373994545813e-05,1.420874733228577114e-04,1.934362699463289714e-04,2.456468167034974999e-04,2.981839635897918757e-04,3.504244845747602052e-04,4.016710570614183992e-04,4.511701843623350011e-04,4.981340943220332685e-04,5.417663327998655225e-04,5.812901108342226992e-04,6.159779969861423803e-04,6.451812842313299750e-04,6.683573108666676513e-04,6.850931117734028247e-04,6.951239780911808207e-04,6.983458330806786157e-04,6.948207117185979751e-04,6.847750948930913118e-04,6.685912926231674059e-04,6.467925152594188824e-04,6.200226348160633441e-04,5.890219162725358285e-04,5.546001729745179921e-04,5.176088303208502923e-04,4.789133472651705315e-04,4.393672449468608325e-04,3.997888098283519892e-04,3.609411880178349562e-04,3.235163715241498616e-04,2.881232115585369573e-04,2.552794866321373302e-04,2.254077518331132953e-04,1.988346869709646525e-04,1.757933652046292220e-04,1.564279555171192834e-04,1.408001680073830779e-04,1.288970288789678166e-04,1.206394083114574478e-04,1.158910436388741497e-04,1.144675743828857910e-04,1.161454856525524006e-04,1.206705978810911068e-04,1.277661740492839332e-04,1.371403749723556066e-04,1.484932594724303881e-04,1.615230655123306457e-04,1.759320178303668848e-04,1.914313428467015400e-04,2.077458002795457676e-04,2.246173561273247677e-04,2.418083743306992904e-04,2.591038423311426645e-04,2.763131019310372145e-04,2.932705120162554463e-04,3.098357079456016678e-04,3.258927963978501628e-04,3.413493837890087799e-04,3.561346278131123449e-04,3.701974752359136708e-04,3.835040694182692621e-04,3.960357833350325123e-04,4.077865732805240062e-04,4.187613934863507865e-04,4.289739952148312547e-04,4.384461282696173090e-04,4.472060634489522153e-04,4.552887328321021123e-04,4.627350201167416402e-04,4.695927590285555158e-04,4.759166507659244399e-04,4.817698667194882816e-04,4.872243390941376662e-04,4.923626171118005573e-04,4.972782394504543426e-04,5.020774660276097019e-04,5.068794587292741946e-04,5.118175290966976839e-04,5.170388969977426225e-04,5.227051325693999467e-04,5.289913061281510719e-04,5.360853406420721138e-04,5.441863903412553008e-04,5.535028400274859262e-04,5.642497389107017881e-04,5.766451756339883430e-04,5.909065525224231966e-04,6.072450556248218780e-04,6.258605422360920744e-04,6.469339077416046829e-04,6.706205118081558876e-04,6.970405815067873918e-04,7.262715966596359910e-04,7.583376105027364589e-04,7.932019314800483646e-04,8.307573404152435214e-04,8.708215284808187070e-04,9.131312233281401293e-04,9.573435476689436553e-04,1.003037249011685212e-03,1.049722570077052733e-03,1.096851318238698664e-03,1.143835448775569604e-03,1.190064501852719329e-03,1.234929351318678203e-03,1.277841747308619980e-03,1.318256513673012401e-03,1.355685973747825564e-03,1.389713476741996027e-03,1.419996938218605646e-03,1.446270381717427566e-03,1.468336624266763056e-03,1.486058787117238962e-03,1.499345879815927162e-03,1.508143007504425233e-03,1.512420713373383366e-03,1.512165627842662185e-03,1.507377924581192489e-03,1.498082880408769081e-03,1.484329110830280877e-03,1.466196016593407109e-03,1.443833938726840453e-03,1.417445676307500920e-03,1.387277371001278004e-03,1.353671487417335744e-03,1.316940309432732426e-03,1.277383759499895258e-03,1.235533283127058721e-03,1.192487568456328121e-03,1.151920787169535571e-03,1.123859474326324584e-03,1.131413511903256062e-03,1.222960241589881930e-03,1.486367683635154285e-03,2.059550905471774218e-03,3.096032573758187093e-03,4.556896776738675499e-03,5.641163465807405922e-03,3.724897880042628198e-03
0.000000000000000000e+00,0.000000000000000000e+00,0.000000000000000000e+00,0.000000000000000000e+00,0.000000000000000000e+00,0.000000000000000000e+00,0.000000000000000000e+00,0.000000000000000000e+00,0.000000000000000000e+00,0.000000000000000000e+00,0.000000000000000000e+00,0.000000000000000000e+00,0.000000000000000000e+00,0.000000000000000000e+00,0.000000000000000000e+00,0.000000000000000000e+00,0.000000000000000000e+00,0.000000000000000000e+00,0.000000000000000000e+00,0.000000000000000000e+00,0.000000000000000000e+00,0.000000000000000000e+00,0.000000000000000000e+00,0.000000000000000000e+00,0.000000000000000000e+00,0.000000000000000000e+00,0.000000000000000000e+00,0.000000000000000000e+00,0.000000000000000000e+00,0.000000000000000000e+00,0.000000000000000000e+00,0.000000000000000000e+00,0.000000000000000000e+00,0.000000000000000000e+00,0.000000000000000000e+00,0.000000000000000000e+00,0.000000000000000000e+00,0.000000000000000000e+00,0.000000000000000000e+00,0.000000000000000000e+00,0.000000000000000000e+00,0.000000000000000000e+00,0.000000000000000000e+00,0.000000000000000000e+00,0.000000000000000000e+00,0.000000000000000000e+00,0.000000000000000000e+00,0.000000000000000000e+00,0.000000000000000000e+00,0.000000000000000000e+00,0.000000000000000000e+00,0.000000000000000000e+00,0.000000000000000000e+00,0.000000000000000000e+00,0.000000000000000000e+00,0.000000000000000000e+00,0.000000000000000000e+00,0.000000000000000000e+00,0.000000000000000000e+00,0.000000000000000000e+00,0.000000000000000000e+00,0.000000000000000000e+00,0.000000000000000000e+00,0.000000000000000000e+00,0.000000000000000000e+00,0.000000000000000000e+00,0.000000000000000000e+00,0.000000000000000000e+00,0.000000000000000000e+00,0.000000000000000000e+00,0.000000000000000000e+00,0.000000000000000000e+00,0.000000000000000000e+00,0.000000000000000000e+00,0.000000000000000000e+00,0.000000000000000000e+00,0.000000000000000000e+00,0.000000000000000000e+00,0.000000000000000000e+00,0.000000000000000000e+00,0.000000000000000000e+00,0.000000000000000000e+00,0.000000000000000000e+00,0.000000000000000000e+00,0.000000000000000000e+00,0.000000000000000000e+00,0.000000000000000000e+00,0.000000000000000000e+00,0.000000000000000000e+00,0.000000000000000000e+00,0.000000000000000000e+00,0.000000000000000000e+00,0.000000000000000000e+00,0.000000000000000000e+00,0.000000000000000000e+00,0.000000000000000000e+00,0.000000000000000000e+00,0.000000000000000000e+00,0.000000000000000000e+00,0.000000000000000000e+00,0.000000000000000000e+00,0.000000000000000000e+00,0.000000000000000000e+00,0.000000000000000000e+00,0.000000000000000000e+00,0.000000000000000000e+00,0.000000000000000000e+00,0.000000000000000000e+00,0.000000000000000000e+00,0.000000000000000000e+00,0.000000000000000000e+00,0.000000000000000000e+00,0.000000000000000000e+00,0.000000000000000000e+00,0.000000000000000000e+00,0.000000000000000000e+00,0.000000000000000000e+00,0.000000000000000000e+00,0.000000000000000000e+00,0.000000000000000000e+00,0.000000000000000000e+00,0.000000000000000000e+00,0.000000000000000000e+00,0.000000000000000000e+00,0.000000000000000000e+00,0.000000000000000000e+00,0.000000000000000000e+00,0.000000000000000000e+00,0.000000000000000000e+00,0.000000000000000000e+00,0.000000000000000000e+00,0.000000000000000000e+00,0.000000000000000000e+00,0.000000000000000000e+00,0.000000000000000000e+00,0.000000000000000000e+00,0.000000000000000000e+00,0.000000000000000000e+00,0.000000000000000000e+00,0.000000000000000000e+00,0.000000000000000000e+00,0.000000000000000000e+00,0.000000000000000000e+00,0.000000000000000000e+00,0.000000000000000000e+00,0.000000000000000000e+00,0.000000000000000000e+00,0.000000000000000000e+00,0.000000000000000000e+00,0.000000000000000000e+00,0.000000000000000000e+00,0.000000000000000000e+00,0.000000000000000000e+00,0.000000000000000000e+00,0.000000000000000000e+00,0.000000000000000000e+00,0.000000000000000000e+00,0.000000000000000000e+00,0.000000000000000000e+00,0.000000000000000000e+00,0.000000000000000000e+00,0.000000000000000000e+00,0.000000000000000000e+00,0.000000000000000000e+00,0.000000000000000000e+00,0.000000000000000000e+00,0.000000000000000000e+00,0.000000000000000000e+00,0.000000000000000000e+00,0.000000000000000000e+00,0.000000000000000000e+00,0.000000000000000000e+00,0.000000000000000000e+00,0.000000000000000000e+00,0.000000000000000000e+00,0.000000000000000000e+00,-1.119818734976770272e-02,-1.349112472454804500e-02,-1.335865306210036463e-02,-1.199615936014012708e-02,-1.018450199851832563e-02,-8.383053636371710221e-03,-6.786748681187218177e-03,-5.447274414257957144e-03,-4.359335264024493013e-03,-3.490967384211637100e-03,-2.804570533394642844e-03,-2.265123575383840362e-03,-1.842572164468205768e-03,-1.512139579125692081e-03,-1.253771001271265523e-03,-1.051420650499883735e-03,-8.923333507119739303e-04,-7.664341967581140072e-04,-6.657989832908303750e-04,-5.842168599896330325e-04,-5.168203552769973577e-04,-4.597864074080908301e-04,-4.101021820391916343e-04,-3.653915531848143201e-04,-3.237871509693116727e-04,-2.838309513253404960e-04,-2.443897012939754950e-04,-2.045813548354154568e-04,-1.637168365289097842e-04,-1.212596900943269644e-04,-7.680464233297873606e-05,-3.007263844711239375e-05,1.908602617315420644e-05,7.069207756704411682e-05,1.246439033553727841e-04,1.807237846364373500e-04,2.385975587299726949e-04,2.978101650285938954e-04,3.577839570345955336e-04,4.178245874694710353e-04,4.771347826850913694e-04,5.348345360363031091e-04,5.899864278009191729e-04,6.416254792775336188e-04,6.887927729414036184e-04,7.305715491469453194e-04,7.661239295580948416e-04,7.947261376187928199e-04,8.158001083596115284e-04,8.289395129300508635e-04,8.339286490557460546e-04,8.307530071756497698e-04,8.196010013258201929e-04,8.008567961250447585e-04,7.750849120024774384e-04,7.430076190206272475e-04,7.054767428595576330e-04,6.634415486825528084e-04,6.179147139511332459e-04,5.699381021369332194e-04,5.205501400246270336e-04,4.707560504387213593e-04,4.215021495734161297e-04,3.736547421428417664e-04,3.279840863148442923e-04,2.851532384206579033e-04,2.457116866031768942e-04,2.100931940193050530e-04,1.786175503214104318e-04,1.514954560096157276e-04,1.288360386943260749e-04,1.106560396419866392e-04,9.689019363817879030e-05,8.740203980337946555e-05,8.199499139415026032e-05,8.042310228119417396e-05,8.240152069939770166e-05,8.761616654613896358e-05,9.573278596143974090e-05,1.064050354492861747e-04,1.192819218562886097e-04,1.340143059845521028e-04,1.502608641594146413e-04,1.676931261396056054e-04,1.860000132793141663e-04,2.048914173880478037e-04,2.241013432996519586e-04,2.433900304733427745e-04,2.625456665342350737e-04,2.813849395259457320e-04,2.997532512393726099e-04,3.175237043719685774e-04,3.345960040198446713e-04,3.508941773382136991e-04,3.663646074974687161e-04,3.809729781043534624e-04,3.947020381772899729e-04,4.075483834162168346e-04,4.195206049557903723e-04,4.306364892152265175e-04,4.409220575346396004e-04,4.504095515856033948e-04,4.591375901461449294e-04,4.671500393261281267e-04,4.744972351571190316e-04,4.812356185587071808e-04,4.874297567460565499e-04,4.931524768605900343e-04,4.984872788327465373e-04,5.035286324959398945e-04,5.083843116182651172e-04,5.131755175796575644e-04,5.180386661196515873e-04,5.231250439676250492e-04,5.286016259850207259e-04,5.346500354769973288e-04,5.414660387431844378e-04,5.492576402790912918e-04,5.582429673416915844e-04,5.686473578456128749e-04,5.806993794417059790e-04,5.946267412460903411e-04,6.106501895906078781e-04,6.289780356261437258e-04,6.497977221221124585e-04,6.732688615753147600e-04,6.995125821232800337e-04,7.286034650153860913e-04,7.605575892875862058e-04,7.953248053294858545e-04,8.327777050513218357e-04,8.727070368812759379e-04,9.148151125160390498e-04,9.587180554084435719e-04,1.003947390462951944e-03,1.049962106031593866e-03,1.096160355326679641e-03,1.141901354864915952e-03,1.186525197884349221e-03,1.229380086084422763e-03,1.269843760818514192e-03,1.307347948653397093e-03,1.341392913904155323e-03,1.371561004865837208e-03,1.397518115360351634e-03,1.419013320337733988e-03,1.435868417010597361e-03,1.447967296533390165e-03,1.455239495855521889e-03,1.457650499180655149e-03,1.455192053967161369e-03,1.447876539833137244e-03,1.435739562278989323e-03,1.418857630924238783e-03,1.397352950123352750e-03,1.371408177016825202e-03,1.341309079748998368e-03,1.307426743186844084e-03,1.270205240531609332e-03,1.230203212396759494e-03,1.187953786659929744e-03,1.143968931497913941e-03,1.098967445968066035e-03,1.054208697409089301e-03,1.013491915579431760e-03,9.869017310237986670e-04,9.974170624717667005e-04,1.092792557443556791e-03,1.359208502906243546e-03,1.931351403528835768e-03,2.960658314891167087e-03,4.416510588640389263e-03,5.523572612466691976e-03,3.679632178749197256e-03
0.000000000000000000e+00,0.000000000000000000e+00,0.000000000000000000e+00,0.000000000000000000e+00,0.000000000000000000e+00,0.000000000000000000e+00,0.000000000000000000e+00,0.000000000000000000e+00,0.000000000000000000e+00,0.000000000000000000e+00,0.000000000000000000e+00,0.000000000000000000e+00,0.000000000000000000e+00,0.000000000000000000e+00,0.000000000000000000e+00,0.000000000000000000e+00,0.000000000000000000e+00,0.000000000000000000e+00,0.000000000000000000e+00,0.000000000000000000e+00,0.000000000000000000e+00,0.000000000000000000e+00,0.000000000000000000e+00,0.000000000000000000e+00,0.000000000000000000e+00,0.000000000000000000e+00,0.000000000000000000e+00,0.000000000000000000e+00,0.000000000000000000e+00,0.000000000000000000e+00,0.000000000000000000e+00,0.000000000000000000e+00,0.000000000000000000e+00,0.000000000000000000e+00,0.000000000000000000e+00,0.000000000000000000e+00,0.000000000000000000e+00,0.000000000000000000e+00,0.000000000000000000e+00,0.000000000000000000e+00,0.000000000000000000e+00,0.000000000000000000e+00,0.000000000000000000e+00,0.000000000000000000e+00,0.000000000000000000e+00,0.000000000000000000e+00,0.000000000000000000e+00,0.000000000000000000e+00,0.000000000000000000e+00,0.000000000000000000e+00,0.000000000000000000e+00,0.000000000000000000e+00,0.000000000000000000e+00,0.000000000000000000e+00,0.000000000000000000e+00,0.000000000000000000e+00,0.000000000000000000e+00,0.000000000000000000e+00,0.000000000000000000e+00,0.000000000000000000e+00,0.000000000000000000e+00,0.000000000000000000e+00,0.000000000000000000e+00,0.000000000000000000e+00,0.000000000000000000e+00,0.000000000000000000e+00,0.000000000000000000e+00,0.000000000000000000e+00,0.000000000000000000e+00,0.000000000000000000e+00,0.000000000000000000e+00,0.000000000000000000e+00,0.000000000000000000e+00,0.000000000000000000e+00,0.000000000000000000e+00,0.000000000000000000e+00,0.000000000000000000e+00,0.000000000000000000e+00,0.000000000000000000e+00,0.000000000000000000e+00,0.000000000000000000e+00,0.000000000000000000e+00,0.000000000000000000e+00,0.000000000000000000e+00,0.000000000000000000e+00,0.000000000000000000e+00,0.000000000000000000e+00,0.000000000000000000e+00,0.000000000000000000e+00,0.000000000000000000e+00,0.000000000000000000e+00,0.000000000000000000e+00,0.000000000000000000e+00,0.000000000000000000e+00,0.000000000000000000e+00,0.000000000000000000e+00,0.000000000000000000e+00,0.000000000000000000e+00,0.000000000000000000e+00,0.000000000000000000e+00,0.000000000000000000e+00,0.000000000000000000e+00,0.000000000000000000e+00,0.000000000000000000e+00,0.000000000000000000e+00,0.000000000000000000e+00,0.000000000000000000e+00,0.000000000000000000e+00,0.000000000000000000e+00,0.000000000000000000e+00,0.000000000000000000e+00,0.000000000000000000e+00,0.000000000000000000e+00,0.000000000000000000e+00,0.000000000000000000e+00,0.000000000000000000e+00,0.000000000000000000e+00,0.000000000000000000e+00,0.000000000000000000e+00,0.000000000000000000e+00,0.000000000000000000e+00,0.000000000000000000e+00,0.000000000000000000e+00,0.000000000000000000e+00,0.000000000000000000e+00,0.000000000000000000e+00,0.000000000000000000e+00,0.000000000000000000e+00,0.000000000000000000e+00,0.000000000000000000e+00,0.000000000000000000e+00,0.000000000000000000e+00,0.000000000000000000e+00,0.000000000000000000e+00,0.000000000000000000e+00,0.000000000000000000e+00,0.000000000000000000e+00,0.000000000000000000e+00,0.000000000000000000e+00,0.000000000000000000e+00,0.000000000000000000e+00,0.000000000000000000e+00,0.000000000000000000e+00,0.000000000000000000e+00,0.000000000000000000e+00,0.000000000000000000e+00,0.000000000000000000e+00,0.000000000000000000e+00,0.000000000000000000e+00,0.000000000000000000e+00,0.000000000000000000e+00,0.000000000000000000e+00,0.000000000000000000e+00,0.000000000000000000e+00,0.000000000000000000e+00,0.000000000000000000e+00,0.000000000000000000e+00,0.000000000000000000e+00,0.000000000000000000e+00,0.000000000000000000e+00,0.000000000000000000e+00,0.000000000000000000e+00,0.000000000000000000e+00,0.000000000000000000e+00,0.000000000000000000e+00,0.000000000000000000e+00,0.000000000000000000e+00,0.000000000000000000e+00,0.000000000000000000e+00,0.000000000000000000e+00,0.000000000000000000e+00,0.000000000000000000e+00,0.000000000000000000e+00,0.000000000000000000e+00,0.000000000000000000e+00,0.000000000000000000e+00,-1.112722840036005530e-02,-1.345291692703187714e-02,-1.335357489333136027e-02,-1.201590536893025994e-02,-1.022027168637145225e-02,-8.425688011957659443e-03,-6.829262603340602311e-03,-5.486456522533622940e-03,-4.393769768234605765e-03,-3.520159632448551131e-03,-2.828590627229029316e-03,-2.284231347236991613e-03,-1.857113545831458237e-03,-1.522442760855749217e-03,-1.260136667539402035e-03,-1.054085957858628530e-03,-8.914678797850026162e-04,-7.621244285294830403e-04,-6.580539442168710550e-04,-5.729771895108579744e-04,-5.019775501595640866e-04,-4.411960051850454629e-04,-3.875864519670608218e-04,-3.387307435511126936e-04,-2.927070215871015874e-04,-2.479963557950572639e-04,-2.034085147485989442e-04,-1.580165833018280623e-04,-1.111013506593216943e-04,-6.211100649857162113e-05,-1.063727846870768589e-05,4.359091473455423734e-05,1.007006256204533460e-04,1.606661735865404694e-04,2.233085491350919691e-04,2.883007926170528439e-04,3.551716261457042332e-04,4.233050568896326669e-04,4.919416535078784255e-04,5.601877535238820394e-04,6.270348225254480891e-04,6.913874788314581122e-04,7.520981241570660111e-04,8.080065041881827424e-04,8.579828276321940870e-04,9.009725654724566124e-04,9.360406181681317711e-04,9.624121973753627449e-04,9.795078836908356883e-04,9.869706072270141052e-04,9.846828633192669482e-04,9.727731188545120800e-04,9.516111428845892449e-04,9.217927397410012559e-04,8.841150917717474156e-04,8.395444686627649656e-04,7.891784862452233106e-04,7.342052466543228699e-04,6.758617212559560414e-04,6.153934778802067551e-04,5.540175885681669328e-04,4.928900579389651005e-04,4.330787757906502428e-04,3.755424484546859604e-04,3.211156713764049008e-04,2.704997736720004338e-04,2.242589561932308159e-04,1.828209465620685961e-04,1.464816202404731942e-04,1.154128399812060906e-04,8.967294987916212055e-05,6.921896022430597934e-05,5.391972694964975138e-05,4.356925100306910771e-05,3.789981502550445369e-05,3.659446840296873759e-05,3.929888180301753623e-05,4.563217368360229662e-05,5.519685002886524629e-05,6.758750865100335823e-05,8.239863555643649196e-05,9.923123583401504896e-05,1.176987853230007181e-04,1.374321521864748969e-04,1.580839880822284475e-04,1.793320756657829215e-04,2.008822623386181873e-04,2.224703232902713738e-04,2.438635327818236835e-04,2.648610164608163498e-04,2.852938919033247899e-04,3.050240213259840954e-04,3.239428137078550259e-04,3.419686041671833533e-04,3.590445550874831263e-04,3.751351529163257257e-04,3.902238213695756876e-04,4.043091458187365286e-04,4.174028799682192627e-04,4.295265224986303068e-04,4.407103015505125067e-04,4.509905508529498601e-04,4.604099747793386301e-04,4.690159869621904495e-04,4.768622422076841823e-04,4.840078527097418492e-04,4.905199189357001277e-04,4.964733668516561373e-04,5.019540287644154225e-04,5.070587431205088227e-04,5.118984274891246085e-04,5.165980454083291722e-04,5.212990774864253952e-04,5.261589796743847873e-04,5.313524904026027673e-04,5.370702713388278773e-04,5.435185803730144000e-04,5.509168841269480128e-04,5.594955558970502027e-04,5.694923451410307744e-04,5.811478804722013981e-04,5.947009274614321796e-04,6.103815462955608810e-04,6.284050576355170847e-04,6.489627642801518593e-04,6.722146020920656290e-04,6.982775945812624493e-04,7.272175903802492996e-04,7.590364069617304161e-04,7.936641297932424746e-04,8.309473231299373697e-04,8.706449118950455391e-04,9.124213388117647337e-04,9.558501178984349974e-04,1.000416124659174975e-03,1.045530082651761547e-03,1.090542008191796967e-03,1.134766364488979306e-03,1.177504023366828662e-03,1.218072520335009186e-03,1.255828731688333685e-03,1.290194690627245429e-03,1.320671286707834598e-03,1.346850727561757716e-03,1.368414936531155450e-03,1.385132395950515937e-03,1.396844021434349905e-03,1.403450185385956899e-03,1.404892705560866059e-03,1.401146018298539582e-03,1.392209759766830984e-03,1.378108448424676799e-03,1.358901327366039474e-03,1.334707517238789857e-03,1.305719120225360807e-03,1.272224498128127690e-03,1.234653819534795548e-03,1.193560727359931810e-03,1.149606931315567048e-03,1.103588716928516518e-03,1.056282217436877065e-03,1.008431814891856638e-03,9.609619270871022677e-04,9.153030816438211675e-04,8.753765621687999848e-04,8.512841780532468461e-04,8.657641626788571340e-04,9.657309293624308016e-04,1.235369979453712413e-03,1.805855198299955540e-03,2.826541518911551438e-03,4.275655649867295127e-03,5.404684670480686473e-03,3.634049842525468102e-03
0.000000000000000000e+00,0.000000000000000000e+00,0.000000000000000000e+00,0.000000000000000000e+00,0.000000000000000000e+00,0.000000000000000000e+00,0.000000000000000000e+00,0.000000000000000000e+00,0.000000000000000000e+00,0.000000000000000000e+00,0.000000000000000000e+00,0.000000000000000000e+00,0.000000000000000000e+00,0.000000000000000000e+00,0.000000000000000000e+00,0.000000000000000000e+00,0.000000000000000000e+00,0.000000000000000000e+00,0.000000000000000000e+00,0.000000000000000000e+00,0.000000000000000000e+00,0.000000000000000000e+00,0.000000000000000000e+00,0.000000000000000000e+00,0.000000000000000000e+00,0.000000000000000000e+00,0.000000000000000000e+00,0.000000000000000000e+00,0.000000000000000000e+00,0.000000000000000000e+00,0.000000000000000000e+00,0.000000000000000000e+00,0.000000000000000000e+00,0.000000000000000000e+00,0.000000000000000000e+00,0.000000000000000000e+00,0.000000000000000000e+00,0.000000000000000000e+00,0.000000000000000000e+00,0.000000000000000000e+00,0.000000000000000000e+00,0.000000000000000000e+00,0.000000000000000000e+00,0.000000000000000000e+00,0.000000000000000000e+00,0.000000000000000000e+00,0.000000000000000000e+00,0.000000000000000000e+00,0.000000000000000000e+00,0.000000000000000000e+00,0.000000000000000000e+00,0.000000000000000000e+00,0.000000000000000000e+00,0.000000000000000000e+00,0.000000000000000000e+00,0.000000000000000000e+00,0.000000000000000000e+00,0.000000000000000000e+00,0.000000000000000000e+00,0.000000000000000000e+00,0.000000000000000000e+00,0.000000000000000000e+00,0.000000000000000000e+00,0.000000000000000000e+00,0.000000000000000000e+00,0.000000000000000000e+00,0.000000000000000000e+00,0.000000000000000000e+00,0.000000000000000000e+00,0.000000000000000000e+00,0.000000000000000000e+00,0.000000000000000000e+00,0.000000000000000000e+00,0.000000000000000000e+00,0.000000000000000000e+00,0.000000000000000000e+00,0.000000000000000000e+00,0.000000000000000000e+00,0.000000000000000000e+00,0.000000000000000000e+00,0.000000000000000000e+00,0.000000000000000000e+00,0.000000000000000000e+00,0.000000000000000000e+00,0.000000000000000000e+00,0.000000000000000000e+00,0.000000000000000000e+00,0.000000000000000000e+00,0.000000000000000000e+00,0.000000000000000000e+00,0.000000000000000000e+00,0.000000000000000000e+00,0.000000000000000000e+00,0.000000000000000000e+00,0.000000000000000000e+00,0.000000000000000000e+00,0.000000000000000000e+00,0.000000000000000000e+00,0.000000000000000000e+00,0.000000000000000000e+00,0.000000000000000000e+00,0.000000000000000000e+00,0.000000000000000000e+00,0.000000000000000000e+00,0.000000000000000000e+00,0.000000000000000000e+00,0.000000000000000000e+00,0.000000000000000000e+00,0.000000000000000000e+00,0.000000000000000000e+00,0.000000000000000000e+00,0.000000000000000000e+00,0.000000000000000000e+00,0.000000000000000000e+00,0.000000000000000000e+00,0.000000000000000000e+00,0.000000000000000000e+00,0.000000000000000000e+00,0.000000000000000000e+00,0.000000000000000000e+00,0.000000000000000000e+00,0.000000000000000000e+00,0.000000000000000000e+00,0.000000000000000000e+00,0.000000000000000000e+00,0.000000000000000000e+00,0.000000000000000000e+00,0.000000000000000000e+00,0.000000000000000000e+00,0.000000000000000000e+00,0.000000000000000000e+00,0.000000000000000000e+00,0.000000000000000000e+00,0.000000000000000000e+00,0.000000000000000000e+00,0.000000000000000000e+00,0.000000000000000000e+00,0.000000000000000000e+00,0.000000000000000000e+00,0.000000000000000000e+00,0.000000000000000000e+00,0.000000000000000000e+00,0.000000000000000000e+00,0.000000000000000000e+00,0.000000000000000000e+00,0.000000000000000000e+00,0.000000000000000000e+00,0.000000000000000000e+00,0.000000000000000000e+00,0.000000000000000000e+00,0.000000000000000000e+00,0.000000000000000000e+00,0.000000000000000000e+00,0.000000000000000000e+00,0.000000000000000000e+00,0.000000000000000000e+00,0.000000000000000000e+00,0.000000000000000000e+00,0.000000000000000000e+00,0.000000000000000000e+00,0.000000000000000000e+00,0.000000000000000000e+00,0.000000000000000000e+00,0.000000000000000000e+00,0.000000000000000000e+00,0.000000000000000000e+00,0.000000000000000000e+00,0.000000000000000000e+00,0.000000000000000000e+00,0.000000000000000000e+00,0.000000000000000000e+00,0.000000000000000000e+00,0.000000000000000000e+00,0.000000000000000000e+00,0.000000000000000000e+00,0.000000000000000000e+00,-1.103533801388478439e-02,-1.339759045237027234e-02,-1.333711274100345470e-02,-1.202955583752650034e-02,-1.025329742000568450e-02,-8.467544661281436319e-03,-6.871925943561982102e-03,-5.526192308547877435e-03,-4.428697880716480316e-03,-3.549636006689890939e-03,-2.852535380694176930e-03,-2.302859557482670686e-03,-1.870698405221090472e-03,-1.531282968231888674e-03,-1.264496127062260606e-03,-1.054198331587253429e-03,-8.875069183372912311e-04,-7.541940659738464179e-04,-6.461700482596486120e-04,-5.570678443648804891e-04,-4.818925349344970756e-04,-4.167255224716189801e-04,-3.584745604075828171e-04,-3.046772143573172123e-04,-2.533600786095469319e-04,-2.029441679618867631e-04,-1.521799316156197796e-04,-1.000919705315652443e-04,-4.593023036299255247e-05,1.086765810612126591e-05,7.069909925674928563e-05,1.338044313767821768e-04,2.002595643513595031e-04,2.699616600133037075e-04,3.426206294035833658e-04,4.177617237278247403e-04,4.947328362194708439e-04,5.727108290960898889e-04,6.507089998481745824e-04,7.275923854019798569e-04,8.021045984460560465e-04,8.729055795881712852e-04,9.386173799651403946e-04,9.978752617452650662e-04,1.049381673406993634e-03,1.091960527753021732e-03,1.124608800113820499e-03,1.146542221674397982e-03,1.157232110241684713e-03,1.156430818229242782e-03,1.144184233203956276e-03,1.120830551517551206e-03,1.086985766154922222e-03,1.043517030251783382e-03,9.915061117716367223e-04,9.322054338043743362e-04,8.669897754992766416e-04,7.973063924262840810e-04,7.246264105720297407e-04,6.503995785658543693e-04,5.760142912706384859e-04,5.027638655524423661e-04,4.318199137932650215e-04,3.642128214079869727e-04,3.008193379758046450e-04,2.423565137976025491e-04,1.893813344843689895e-04,1.422948542591767195e-04,1.013501554328662141e-04,6.666321253937177176e-05,3.822629624774833400e-05,1.592296905951870979e-05,-4.559580797891537907e-07,-1.119663932916134572e-05,-1.664694042959451531e-05,-1.720233162473259369e-05,-1.329276180140470964e-05,-5.370885389996397833e-06,6.098639556376567408e-06,2.064837546214730378e-05,3.781622649495508672e-05,5.715212223713067309e-05,7.822386856522088518e-05,1.006218124838660183e-04,1.239629624186071603e-04,1.478939732319709671e-04,1.720937435318637711e-04,1.962748676040517511e-04,2.201849184483026592e-04,2.436064778279667538e-04,2.663571342819472131e-04,2.882879691699733599e-04,3.092822588509124091e-04,3.292525168708384316e-04,3.481382862280694101e-04,3.659022141255373231e-04,3.825275759748340354e-04,3.980139985111215092e-04,4.123754139028963672e-04,4.256360670926362041e-04,4.378295264501549391e-04,4.489954758205015367e-04,4.591801456328177132e-04,4.684341126510884845e-04,4.768141755307217316e-04,4.843821203136057020e-04,4.912077802395851955e-04,4.973685382687012980e-04,5.029530986533853679e-04,5.080613701468590995e-04,5.128083221139323293e-04,5.173238107172781208e-04,5.217558004600832480e-04,5.262696659001066474e-04,5.310500470138637555e-04,5.362991950025060685e-04,5.422368164680392046e-04,5.490971473291837018e-04,5.571263306408987936e-04,5.665780834318682752e-04,5.777084052290560592e-04,5.907698865507339699e-04,6.060037740196688120e-04,6.236330804313263776e-04,6.438521902971537821e-04,6.668190074430546633e-04,6.926425117449680566e-04,7.213744994150430613e-04,7.529961715126761573e-04,7.874109821904020333e-04,8.244327124142614236e-04,8.637825065243493784e-04,9.050824738532981580e-04,9.478611627615685835e-04,9.915570817469363755e-04,1.035535931042660257e-03,1.079105961567984216e-03,1.121546244636070257e-03,1.162130465808340401e-03,1.200159525919694851e-03,1.234984650671222582e-03,1.266033446554867912e-03,1.292821620522228206e-03,1.314963077297018335e-03,1.332164236442990668e-03,1.344217169468128964e-03,1.350981360553542981e-03,1.352368269970539256e-03,1.348322307064094092e-03,1.338813722063085868e-03,1.323834648254039502e-03,1.303405724987152878e-03,1.277594808979391891e-03,1.246551048016194575e-03,1.210527582736221127e-03,1.169915177171901820e-03,1.125290509266960561e-03,1.077398008497420893e-03,1.027130381856176900e-03,9.755390332035121905e-04,9.236610111936457198e-04,8.724922281595170982e-04,8.231775871176101947e-04,7.773287673225725419e-04,7.389800124987229522e-04,7.182076632137057454e-04,7.373935995155259061e-04,8.424050999578604117e-04,1.115149213292094231e-03,1.683053391138433818e-03,2.693431461627958986e-03,4.133939221765636773e-03,5.284118121142606338e-03,3.588029511447839767e-03
0.000000000000000000e+00,0.000000000000000000e+00,0.000000000000000000e+00,0.000000000000000000e+00,0.000000000000000000e+00,0.000000000000000000e+00,0.000000000000000000e+00,0.000000000000000000e+00,0.000000000000000000e+00,0.000000000000000000e+00,0.000000000000000000e+00,0.000000000000000000e+00,0.000000000000000000e+00,0.000000000000000000e+00,0.000000000000000000e+00,0.000000000000000000e+00,0.000000000000000000e+00,0.000000000000000000e+00,0.000000000000000000e+00,0.000000000000000000e+00,0.000000000000000000e+00,0.000000000000000000e+00,0.000000000000000000e+00,0.000000000000000000e+00,0.000000000000000000e+00,0.000000000000000000e+00,0.000000000000000000e+00,0.000000000000000000e+00,0.000000000000000000e+00,0.000000000000000000e+00,0.000000000000000000e+00,0.000000000000000000e+00,0.000000000000000000e+00,0.000000000000000000e+00,0.000000000000000000e+00,0.000000000000000000e+00,0.000000000000000000e+00,0.000000000000000000e+00,0.000000000000000000e+00,0.000000000000000000e+00,0.000000000000000000e+00,0.000000000000000000e+00,0.000000000000000000e+00,0.000000000000000000e+00,0.000000000000000000e+00,0.000000000000000000e+00,0.000000000000000000e+00,0.000000000000000000e+00,0.000000000000000000e+00,0.000000000000000000e+00,0.000000000000000000e+00,0.000000000000000000e+00,0.000000000000000000e+00,0.000000000000000000e+00,0.000000000000000000e+00,0.000000000000000000e+00,0.000000000000000000e+00,0.000000000000000000e+00,0.000000000000000000e+00,0.000000000000000000e+00,0.000000000000000000e+00,0.000000000000000000e+00,0.000000000000000000e+00,0.000000000000000000e+00,0.000000000000000000e+00,0.000000000000000000e+00,0.000000000000000000e+00,0.000000000000000000e+00,0.000000000000000000e+00,0.000000000000000000e+00,0.000000000000000000e+00,0.000000000000000000e+00,0.000000000000000000e+00,0.000000000000000000e+00,0.000000000000000000e+00,0.000000000000000000e+00,0.000000000000000000e+00,0.000000000000000000e+00,0.000000000000000000e+00,0.000000000000000000e+00,0.000000000000000000e+00,0.000000000000000000e+00,0.000000000000000000e+00,0.000000000000000000e+00,0.000000000000000000e+00,0.000000000000000000e+00,0.000000000000000000e+00,0.000000000000000000e+00,0.000000000000000000e+00,0.000000000000000000e+00,0.000000000000000000e+00,0.000000000000000000e+00,0.000000000000000000e+00,0.000000000000000000e+00,0.000000000000000000e+00,0.000000000000000000e+00,0.000000000000000000e+00,0.000000000000000000e+00,0.000000000000000000e+00,0.000000000000000000e+00,0.000000000000000000e+00,0.000000000000000000e+00,0.000000000000000000e+00,0.000000000000000000e+00,0.000000000000000000e+00,0.000000000000000000e+00,0.000000000000000000e+00,0.000000000000000000e+00,0.000000000000000000e+00,0.000000000000000000e+00,0.000000000000000000e+00,0.000000000000000000e+00,0.000000000000000000e+00,0.000000000000000000e+00,0.000000000000000000e+00,0.000000000000000000e+00,0.000000000000000000e+00,0.000000000000000000e+00,0.000000000000000000e+00,0.000000000000000000e+00,0.000000000000000000e+00,0.000000000000000000e+00,0.000000000000000000e+00,0.000000000000000000e+00,0.000000000000000000e+00,0.000000000000000000e+00,0.000000000000000000e+00,0.000000000000000000e+00,0.000000000000000000e+00,0.000000000000000000e+00,0.000000000000000000e+00,0.000000000000000000e+00,0.000000000000000000e+00,0.000000000000000000e+00,0.000000000000000000e+00,0.000000000000000000e+00,0.000000000000000000e+00,0.000000000000000000e+00,0.000000000000000000e+00,0.000000000000000000e+00,0.000000000000000000e+00,0.000000000000000000e+00,0.000000000000000000e+00,0.000000000000000000e+00,0.000000000000000000e+00,0.000000000000000000e+00,0.000000000000000000e+00,0.000000000000000000e+00,0.000000000000000000e+00,0.000000000000000000e+00,0.000000000000000000e+00,0.000000000000000000e+00,0.000000000000000000e+00,0.000000000000000000e+00,0.000000000000000000e+00,0.000000000000000000e+00,0.000000000000000000e+00,0.000000000000000000e+00,0.000000000000000000e+00,0.000000000000000000e+00,0.000000000000000000e+00,0.000000000000000000e+00,0.000000000000000000e+00,0.000000000000000000e+00,0.000000000000000000e+00,0.000000000000000000e+00,0.000000000000000000e+00,0.000000000000000000e+00,0.000000000000000000e+00,0.000000000000000000e+00,0.000000000000000000e+00,0.000000000000000000e+00,0.000000000000000000e+00,0.000000000000000000e+00,0.000000000000000000e+00,0.000000000000000000e+00,-1.091849900884464715e-02,-1.332139883274109475e-02,-1.330685605006432654e-02,-1.203543975696489722e-02,-1.028287355875744102e-02,-8.508179481102478431e-03,-6.914641835579824966e-03,-5.566314145503532124e-03,-4.463977076696414026e-03,-3.579129216475399142e-03,-2.876107562247846947e-03,-2.320639411718452508e-03,-1.882945582610176700e-03,-1.538238784503669640e-03,-1.266389056517495905e-03,-1.051213622529649418e-03,-8.797947749519423929e-04,-7.418435241327897469e-04,-6.291927932897306607e-04,-5.353790101448028561e-04,-4.553082961290184135e-04,-3.849754257226649856e-04,-3.212201614661895307e-04,-2.615257787260393549e-04,-2.038667037184036749e-04,-1.466085920454300454e-04,-8.844651829870609112e-05,-2.836156244743906154e-05,3.441974463620982685e-05,1.004577255320032681e-04,1.701193780442063609e-04,2.435849988326795209e-04,3.208420667432263450e-04,4.016689561309181363e-04,4.856210875751045485e-04,5.720298615584039868e-04,6.600133050796024069e-04,7.484908096915460001e-04,8.362004856688503478e-04,9.217239547230165163e-04,1.003523554455897950e-03,1.079992041019089705e-03,1.149511707238036560e-03,1.210518768351287163e-03,1.261569368717821828e-03,1.301403478824029276e-03,1.329002930012232941e-03,1.343639729742082938e-03,1.344911355262771524e-03,1.332760570205306474e-03,1.307478564447793999e-03,1.269691521705510265e-03,1.220332015082166823e-03,1.160597706361109985e-03,1.091900581089255739e-03,1.015810345317834894e-03,9.339956092598364476e-04,8.481661770997485188e-04,7.600192155092670232e-04,6.711913992856199940e-04,5.832184293740904669e-04,4.975026310268342283e-04,4.152888183940657714e-04,3.376481695289531215e-04,2.654696127565300346e-04,1.994578902101121123e-04,1.401372819742420820e-04,8.785972350031839905e-05,4.281625075530462747e-05,5.050886549100386548e-06,-2.552345062683667704e-05,-4.910757987652321225e-05,-6.599782471674847781e-05,-7.656795540214037714e-05,-8.125198272593778801e-05,-8.052846549295982349e-05,-7.490629569830266690e-05,-6.491214692910181089e-05,-5.107926545767416983e-05,-3.393786018892061887e-05,-1.400677164692346681e-05,8.213251260732019009e-06,3.224523839180206742e-05,5.764034863247810141e-05,8.398161507302615621e-05,1.108864828632697357e-04,1.380089771458407606e-04,1.650406301343824772e-04,1.917113544824397748e-04,2.177890033901073931e-04,2.430791479398252612e-04,2.674232133875126607e-04,2.906971018431773091e-04,3.128078602647475824e-04,3.336914255726597953e-04,3.533082415332473815e-04,3.716407872896419664e-04,3.886887818253710342e-04,4.044672232089251813e-04,4.190018244889772087e-04,4.323282054652365113e-04,4.444880857049721893e-04,4.555300221835898692e-04,4.655066264012089772e-04,4.744768940223785775e-04,4.825044474242187959e-04,4.896612046355404597e-04,4.960264625669952299e-04,5.016914263750898214e-04,5.067588094786088741e-04,5.113475545783752966e-04,5.155925006103357841e-04,5.196484703475475267e-04,5.236894518755698738e-04,5.279111400416640777e-04,5.325290437870944032e-04,5.377786079060152807e-04,5.439117480166363741e-04,5.511939002801706771e-04,5.598987390289877171e-04,5.703019026225084748e-04,5.826740197960121994e-04,5.972713337825388477e-04,6.143275121545122832e-04,6.340417777129951421e-04,6.565701950542002056e-04,6.820122003520892639e-04,7.104023029962527143e-04,7.416964115198127145e-04,7.757656109651696070e-04,8.123848154051498474e-04,8.512316433504439183e-04,8.918813821433390753e-04,9.338150731162968201e-04,9.764250453088457087e-04,1.019035251304300236e-03,1.060918875913778028e-03,1.101329503282855778e-03,1.139526460646163222e-03,1.174808902308627830e-03,1.206538494209311117e-03,1.234164377021441028e-03,1.257231760596638553e-03,1.275388255559120653e-03,1.288373178494902011e-03,1.296006042174049563e-03,1.298163905206145465e-03,1.294763333284683696e-03,1.285740981583494017e-03,1.271048737769405997e-03,1.250654327818556937e-03,1.224555858272379817e-03,1.192810756910849630e-03,1.155579396740066909e-03,1.113159371052560923e-03,1.066030812110780246e-03,1.014909510880450611e-03,9.607296230940556370e-04,9.046225637280747457e-04,8.479082458510067352e-04,7.919041501195380698e-04,7.378779412960385746e-04,6.872158978729446402e-04,6.417211301697673710e-04,6.055352056401273582e-04,5.886602200750986258e-04,6.130094175447837676e-04,7.231984548326565471e-04,9.986077362454928372e-04,1.562722474376966207e-03,2.560897087718860734e-03,3.990809484206273711e-03,5.161356870001089156e-03,3.541379399472478415e-03
0.000000000000000000e+00,0.000000000000000000e+00,0.000000000000000000e+00,0.000000000000000000e+00,0.000000000000000000e+00,0.000000000000000000e+00,0.000000000000000000e+00,0.000000000000000000e+00,0.000000000000000000e+00,0.000000000000000000e+00,0.000000000000000000e+00,0.000000000000000000e+00,0.000000000000000000e+00,0.000000000000000000e+00,0.000000000000000000e+00,0.000000000000000000e+00,0.000000000000000000e+00,0.000000000000000000e+00,0.000000000000000000e+00,0.000000000000000000e+00,0.000000000000000000e+00,0.000000000000000000e+00,0.000000000000000000e+00,0.000000000000000000e+00,0.000000000000000000e+00,0.000000000000000000e+00,0.000000000000000000e+00,0.000000000000000000e+00,0.000000000000000000e+00,0.000000000000000000e+00,0.000000000000000000e+00,0.000000000000000000e+00,0.000000000000000000e+00,0.000000000000000000e+00,0.000000000000000000e+00,0.000000000000000000e+00,0.000000000000000000e+00,0.000000000000000000e+00,0.000000000000000000e+00,0.000000000000000000e+00,0.000000000000000000e+00,0.000000000000000000e+00,0.000000000000000000e+00,0.000000000000000000e+00,0.000000000000000000e+00,0.000000000000000000e+00,0.000000000000000000e+00,0.000000000000000000e+00,0.000000000000000000e+00,0.000000000000000000e+00,0.000000000000000000e+00,0.000000000000000000e+00,0.000000000000000000e+00,0.000000000000000000e+00,0.000000000000000000e+00,0.000000000000000000e+00,0.000000000000000000e+00,0.000000000000000000e+00,0.000000000000000000e+00,0.000000000000000000e+00,0.000000000000000000e+00,0.000000000000000000e+00,0.000000000000000000e+00,0.000000000000000000e+00,0.000000000000000000e+00,0.000000000000000000e+00,0.000000000000000000e+00,0.000000000000000000e+00,0.000000000000000000e+00,0.000000000000000000e+00,0.000000000000000000e+00,0.000000000000000000e+00,0.000000000000000000e+00,0.000000000000000000e+00,0.000000000000000000e+00,0.000000000000000000e+00,0.000000000000000000e+00,0.000000000000000000e+00,0.000000000000000000e+00,0.000000000000000000e+00,0.000000000000000000e+00,0.000000000000000000e+00,0.000000000000000000e+00,0.000000000000000000e+00,0.000000000000000000e+00,0.000000000000000000e+00,0.000000000000000000e+00,0.000000000000000000e+00,0.000000000000000000e+00,0.000000000000000000e+00,0.000000000000000000e+00,0.000000000000000000e+00,0.000000000000000000e+00,0.000000000000000000e+00,0.000000000000000000e+00,0.000000000000000000e+00,0.000000000000000000e+00,0.000000000000000000e+00,0.000000000000000000e+00,0.000000000000000000e+00,0.000000000000000000e+00,0.000000000000000000e+00,0.000000000000000000e+00,0.000000000000000000e+00,0.000000000000000000e+00,0.000000000000000000e+00,0.000000000000000000e+00,0.000000000000000000e+00,0.000000000000000000e+00,0.000000000000000000e+00,0.000000000000000000e+00,0.000000000000000000e+00,0.000000000000000000e+00,0.000000000000000000e+00,0.000000000000000000e+00,0.000000000000000000e+00,0.000000000000000000e+00,0.000000000000000000e+00,0.000000000000000000e+00,0.000000000000000000e+00,0.000000000000000000e+00,0.000000000000000000e+00,0.000000000000000000e+00,0.000000000000000000e+00,0.000000000000000000e+00,0.000000000000000000e+00,0.000000000000000000e+00,0.000000000000000000e+00,0.000000000000000000e+00,0.000000000000000000e+00,0.000000000000000000e+00,0.000000000000000000e+00,0.000000000000000000e+00,0.000000000000000000e+00,0.000000000000000000e+00,0.000000000000000000e+00,0.000000000000000000e+00,0.000000000000000000e+00,0.000000000000000000e+00,0.000000000000000000e+00,0.000000000000000000e+00,0.000000000000000000e+00,0.000000000000000000e+00,0.000000000000000000e+00,0.000000000000000000e+00,0.000000000000000000e+00,0.000000000000000000e+00,0.000000000000000000e+00,0.000000000000000000e+00,0.000000000000000000e+00,0.000000000000000000e+00,0.000000000000000000e+00,0.000000000000000000e+00,0.000000000000000000e+00,0.000000000000000000e+00,0.000000000000000000e+00,0.000000000000000000e+00,0.000000000000000000e+00,0.000000000000000000e+00,0.000000000000000000e+00,0.000000000000000000e+00,0.000000000000000000e+00,0.000000000000000000e+00,0.000000000000000000e+00,0.000000000000000000e+00,0.000000000000000000e+00,0.000000000000000000e+00,0.000000000000000000e+00,0.000000000000000000e+00,0.000000000000000000e+00,0.000000000000000000e+00,0.000000000000000000e+00,0.000000000000000000e+00,0.000000000000000000e+00,0.000000000000000000e+00,0.000000000000000000e+00,-1.077183141896792366e-02,-1.322018650790768822e-02,-1.325946007267936669e-02,-1.203184623824969830e-02,-1.030790725835848201e-02,-8.547394237215830137e-03,-6.957307136971339900e-03,-5.606916601836703720e-03,-4.499524478505482171e-03,-3.608482169241191036e-03,-2.898948718326283154e-03,-2.337111900602552826e-03,-1.893276845532046448e-03,-1.542679551046268003e-03,-1.265122963650185724e-03,-1.044380513483601043e-03,-8.674830596616620601e-04,-7.240957030675307469e-04,-6.059833028093268093e-04,-5.065933329382919055e-04,-4.207260036188203685e-04,-3.442696555897979639e-04,-2.739749447401372659e-04,-2.072554380665751143e-04,-1.420308684054064974e-04,-7.661686025265526992e-05,-9.663585453921433530e-06,5.987933766886549162e-05,1.327914065081315146e-04,2.096083066903494025e-04,2.906374584515552585e-04,3.759622989396851022e-04,4.654361321290886562e-04,5.586672633226462360e-04,6.550032766813231738e-04,7.535281625324012200e-04,8.530762367934820959e-04,9.522570768288040341e-04,1.049486182265639079e-03,1.143023689157301494e-03,1.231025526015511271e-03,1.311608088148709817e-03,1.382922831335477208e-03,1.443235455431012091e-03,1.491004201442040549e-03,1.524952229119814475e-03,1.544129290645445633e-03,1.547958367385210898e-03,1.536263984184378694e-03,1.509280256005866893e-03,1.467638605404817916e-03,1.412336595695805113e-03,1.344691015266659536e-03,1.266279101784054638e-03,1.178872591597236556e-03,1.084368945219267707e-03,9.847239995152941641e-04,8.818891920571712319e-04,7.777559892838486165e-04,6.741088619111755467e-04,5.725877274755134753e-04,4.746596951519701634e-04,3.815998637816770886e-04,2.944802323131541326e-04,2.141660668201968187e-04,1.413185618194484172e-04,7.640288552201021579e-05,1.970012227448566305e-05,-2.867793688864109328e-05,-6.877230240290757688e-05,-1.007588417043842375e-04,-1.249293174246420956e-04,-1.416715640586819027e-04,-1.514498107256062565e-04,-1.547858243194980801e-04,-1.522418574697814123e-04,-1.444054171235070510e-04,-1.318761358349327751e-04,-1.152542179382814807e-04,-9.513068383058879930e-05,-7.207892814898373259e-05,-4.664804797412179082e-05,-1.935729712827402268e-05,9.307902365634421183e-06,3.889932486786734997e-05,6.900795756340421866e-05,9.926572478523152570e-05,1.293458080288255470e-04,1.589630563775783082e-04,1.878729437605316448e-04,2.158710507216205009e-04,2.427907540574394528e-04,2.685017685861131932e-04,2.929064204604841961e-04,3.159373865669121823e-04,3.375528541848992143e-04,3.577340958285272566e-04,3.764801761833247657e-04,3.938061320617578681e-04,4.097378979069251064e-04,4.243117413819225657e-04,4.375699440250607709e-04,4.495618825157699492e-04,4.603407514663704673e-04,4.699663314671956977e-04,4.785027864096150609e-04,4.860228651430692341e-04,4.926066394105917817e-04,4.983466716670605003e-04,5.033474300449614644e-04,5.077307521097201718e-04,5.116355117121194852e-04,5.152224904705168156e-04,5.186736799889483810e-04,5.221954845455830567e-04,5.260168908023741662e-04,5.303898674642991027e-04,5.355856427398956923e-04,5.418913665059577099e-04,5.496040202644448310e-04,5.590229391534271746e-04,5.704414563993806184e-04,5.841356627314200391e-04,6.003545821121014604e-04,6.193063030053702752e-04,6.411480060349012246e-04,6.659710889504746011e-04,6.937926439361043500e-04,7.245415631025356159e-04,7.580534819069516955e-04,7.940605789277013207e-04,8.321929236004867170e-04,8.719757256738386048e-04,9.128407711969860946e-04,9.541348587241681991e-04,9.951436732037735253e-04,1.035112094961414307e-03,1.073278066206667745e-03,1.108899263654704185e-03,1.141287757660876040e-03,1.169831446183942306e-03,1.194016552190098768e-03,1.213432019987332284e-03,1.227770719148482724e-03,1.236812944780511314e-03,1.240409405903121270e-03,1.238453938653355383e-03,1.230862722328771985e-03,1.217554822968214441e-03,1.198449743916876536e-03,1.173472909685261637e-03,1.142578504484403901e-03,1.105788686969034953e-03,1.063247444764652862e-03,1.015267961316178606e-03,9.623930652462028357e-04,9.054558536065408086e-04,8.455688028392112279e-04,7.841025303258632563e-04,7.226597900864957470e-04,6.628614885666882402e-04,6.062784181421269599e-04,5.545661685094167501e-04,5.097415106787024208e-04,4.760467662307089160e-04,4.633672826521308781e-04,4.930288738076291826e-04,6.082093407250422192e-04,8.855357290260352978e-04,1.444408519135270685e-03,2.428313228884847359e-03,3.845552020548077474e-03,5.035735063304462751e-03,3.493826865270953201e-03
0.000000000000000000e+00,0.000000000000000000e+00,0.000000000000000000e+00,0.000000000000000000e+00,0.000000000000000000e+00,0.000000000000000000e+00,0.000000000000000000e+00,0.000000000000000000e+00,0.000000000000000000e+00,0.000000000000000000e+00,0.000000000000000000e+00,0.000000000000000000e+00,0.000000000000000000e+00,0.000000000000000000e+00,0.000000000000000000e+00,0.000000000000000000e+00,0.000000000000000000e+00,0.000000000000000000e+00,0.000000000000000000e+00,0.000000000000000000e+00,0.000000000000000000e+00,0.000000000000000000e+00,0.000000000000000000e+00,0.000000000000000000e+00,0.000000000000000000e+00,0.000000000000000000e+00,0.000000000000000000e+00,0.000000000000000000e+00,0.000000000000000000e+00,0.000000000000000000e+00,0.000000000000000000e+00,0.000000000000000000e+00,0.000000000000000000e+00,0.000000000000000000e+00,0.000000000000000000e+00,0.000000000000000000e+00,0.000000000000000000e+00,0.000000000000000000e+00,0.000000000000000000e+00,0.000000000000000000e+00,0.000000000000000000e+00,0.000000000000000000e+00,0.000000000000000000e+00,0.000000000000000000e+00,0.000000000000000000e+00,0.000000000000000000e+00,0.000000000000000000e+00,0.000000000000000000e+00,0.000000000000000000e+00,0.000000000000000000e+00,0.000000000000000000e+00,0.000000000000000000e+00,0.000000000000000000e+00,0.000000000000000000e+00,0.000000000000000000e+00,0.000000000000000000e+00,0.000000000000000000e+00,0.000000000000000000e+00,0.000000000000000000e+00,0.000000000000000000e+00,0.000000000000000000e+00,0.000000000000000000e+00,0.000000000000000000e+00,0.000000000000000000e+00,0.000000000000000000e+00,0.000000000000000000e+00,0.000000000000000000e+00,0.000000000000000000e+00,0.000000000000000000e+00,0.000000000000000000e+00,0.000000000000000000e+00,0.000000000000000000e+00,0.000000000000000000e+00,0.000000000000000000e+00,0.000000000000000000e+00,0.000000000000000000e+00,0.000000000000000000e+00,0.000000000000000000e+00,0.000000000000000000e+00,0.000000000000000000e+00,0.000000000000000000e+00,0.000000000000000000e+00,0.000000000000000000e+00,0.000000000000000000e+00,0.000000000000000000e+00,0.000000000000000000e+00,0.000000000000000000e+00,0.000000000000000000e+00,0.000000000000000000e+00,0.000000000000000000e+00,0.000000000000000000e+00,0.000000000000000000e+00,0.000000000000000000e+00,0.000000000000000000e+00,0.000000000000000000e+00,0.000000000000000000e+00,0.000000000000000000e+00,0.000000000000000000e+00,0.000000000000000000e+00,0.000000000000000000e+00,0.000000000000000000e+00,0.000000000000000000e+00,0.000000000000000000e+00,0.000000000000000000e+00,0.000000000000000000e+00,0.000000000000000000e+00,0.000000000000000000e+00,0.000000000000000000e+00,0.000000000000000000e+00,0.000000000000000000e+00,0.000000000000000000e+00,0.000000000000000000e+00,0.000000000000000000e+00,0.000000000000000000e+00,0.000000000000000000e+00,0.000000000000000000e+00,0.000000000000000000e+00,0.000000000000000000e+00,0.000000000000000000e+00,0.000000000000000000e+00,0.000000000000000000e+00,0.000000000000000000e+00,0.000000000000000000e+00,0.000000000000000000e+00,0.000000000000000000e+00,0.000000000000000000e+00,0.000000000000000000e+00,0.000000000000000000e+00,0.000000000000000000e+00,0.000000000000000000e+00,0.000000000000000000e+00,0.000000000000000000e+00,0.000000000000000000e+00,0.000000000000000000e+00,0.000000000000000000e+00,0.000000000000000000e+00,0.000000000000000000e+00,0.000000000000000000e+00,0.000000000000000000e+00,0.000000000000000000e+00,0.000000000000000000e+00,0.000000000000000000e+00,0.000000000000000000e+00,0.000000000000000000e+00,0.000000000000000000e+00,0.000000000000000000e+00,0.000000000000000000e+00,0.000000000000000000e+00,0.000000000000000000e+00,0.000000000000000000e+00,0.000000000000000000e+00,0.000000000000000000e+00,0.000000000000000000e+00,0.000000000000000000e+00,0.000000000000000000e+00,0.000000000000000000e+00,0.000000000000000000e+00,0.000000000000000000e+00,0.000000000000000000e+00,0.000000000000000000e+00,0.000000000000000000e+00,0.000000000000000000e+00,0.000000000000000000e+00,0.000000000000000000e+00,0.000000000000000000e+00,0.000000000000000000e+00,0.000000000000000000e+00,0.000000000000000000e+00,0.000000000000000000e+00,0.000000000000000000e+00,0.000000000000000000e+00,0.000000000000000000e+00,0.000000000000000000e+00,0.000000000000000000e+00,0.000000000000000000e+00,0.000000000000000000e+00,-1.058996598908719736e-02,-1.308816557507717568e-02,-1.319105645550095428e-02,-1.201580478198186787e-02,-1.032716509284297736e-02,-8.584431138918489565e-03,-6.999940267128395427e-03,-5.648023930428658877e-03,-4.535496410176194197e-03,-3.637633211653601255e-03,-2.920857119755894665e-03,-2.351816765812054892e-03,-1.901055725179703415e-03,-1.543790247539999529e-03,-1.259771586365677825e-03,-1.032671334683544963e-03,-8.494478934917513166e-04,-6.997030310766395042e-04,-5.751391343940383347e-04,-4.691253325169469522e-04,-3.763611446742414152e-04,-2.926246600839425924e-04,-2.145623441536084264e-04,-1.395071516141374005e-04,-6.532003020623894992e-05,9.724067488380202181e-06,8.700459754579563615e-05,1.675826694819402315e-04,2.522182879743781929e-04,3.413884245948473235e-04,4.353003337244302075e-04,5.338928796188377327e-04,6.368303463632357404e-04,7.434898345303573176e-04,8.529481870150362353e-04,9.639804636160121407e-04,1.075079340513510236e-03,1.184492163104640568e-03,1.290269120814452330e-03,1.390320784818432475e-03,1.482488097848608461e-03,1.564625362368181512e-03,1.634692397166033224e-03,1.690848727740827239e-03,1.731542542519488295e-03,1.755587655865051364e-03,1.762222921417081877e-03,1.751149726296286372e-03,1.722545044018547944e-03,1.677049643688804199e-03,1.615733265677265183e-03,1.540040518597960264e-03,1.451722531702838350e-03,1.352760110156946225e-03,1.245283967429354748e-03,1.131497066820235081e-03,1.013602957881522314e-03,8.937429124814800195e-04,7.739433673611781795e-04,6.560742858025824268e-04,5.418181519775154336e-04,4.326488716328402814e-04,3.298194337495616258e-04,2.343571961623579290e-04,1.470656549452228272e-04,6.853174115412658126e-05,-8.623893324771161301e-07,-6.092420497924739691e-05,-1.116335085625678379e-04,-1.531239944458976624e-04,-1.856640923514212319e-04,-2.096371633504076214e-04,-2.255210316013045381e-04,-2.338674276725519294e-04,-2.352821208900067332e-04,-2.304067892056501613e-04,-2.199029730190501348e-04,-2.044384330124621868e-04,-1.846754080713954168e-04,-1.612608424104942375e-04,-1.348179860028016165e-04,-1.059398340594002027e-04,-7.518372959595120161e-05,-4.306771803676188407e-05,-1.006753128581443366e-05,2.338488968578498957e-05,5.690271205705102936e-05,9.014388332855996315e-05,1.228111098737939692e-04,1.546500988715686657e-04,1.854487386258202601e-04,2.150341984733208825e-04,2.432714364701026640e-04,2.700589901164037365e-04,2.953268259443531650e-04,3.190309803149665052e-04,3.411513067517746843e-04,3.616856274179153555e-04,3.806481809806421261e-04,3.980640082024541264e-04,4.139687615117633337e-04,4.284038774067271322e-04,4.414181063699329434e-04,4.530637588070803978e-04,4.633999553757639327e-04,4.724899910039309712e-04,4.804060340261153751e-04,4.872275255865567145e-04,4.930468859679808594e-04,4.979687730808580104e-04,5.021161715692955968e-04,5.056301547308868173e-04,5.086754669439277421e-04,5.114401459554258553e-04,5.141394031024186777e-04,5.170141569814736037e-04,5.203318105918748344e-04,5.243826074791917277e-04,5.294760135590007889e-04,5.359340567191356363e-04,5.440826340314980792e-04,5.542417630892280045e-04,5.667122470186652114e-04,5.817638902883870726e-04,5.996192115784745955e-04,6.204416816744942002e-04,6.443190466348774599e-04,6.712541203296111102e-04,7.011506019709227554e-04,7.338090824507068326e-04,7.689184553406856748e-04,8.060600759793114288e-04,8.447082091357680607e-04,8.842453748501327877e-04,9.239746811387982914e-04,9.631475893217975514e-04,1.000987539596038915e-03,1.036726285272467508e-03,1.069631848259298447e-03,1.099042838680511485e-03,1.124388005495828438e-03,1.145204952013483164e-03,1.161139513294127739e-03,1.171940615169613821e-03,1.177437467716419776e-03,1.177516292280092686e-03,1.172088313332585088e-03,1.161065854495394118e-03,1.144342830369190090e-03,1.121793848574515829e-03,1.093283994932463471e-03,1.058698610137401601e-03,1.017991927668496699e-03,9.712506529984988061e-04,9.187576953362009162e-04,8.610718776099977314e-04,7.991042798295566870e-04,7.341205183663883317e-04,6.677272686000264561e-04,6.018264677812513097e-04,5.383790186393932684e-04,4.793023561862708257e-04,4.265692404183787966e-04,3.824393701789969820e-04,3.512628812566942179e-04,3.427600205996238453e-04,3.775638746688747397e-04,4.972284904241194500e-04,7.754479252458893086e-04,1.327418926661257407e-03,2.294869460181899259e-03,3.697285415566915756e-03,4.906436360039751615e-03,3.445005799837475881e-03
0.000000000000000000e+00,0.000000000000000000e+00,0.000000000000000000e+00,0.000000000000000000e+00,0.000000000000000000e+00,0.000000000000000000e+00,0.000000000000000000e+00,0.000000000000000000e+00,0.000000000000000000e+00,0.000000000000000000e+00,0.000000000000000000e+00,0.000000000000000000e+00,0.000000000000000000e+00,0.000000000000000000e+00,0.000000000000000000e+00,0.000000000000000000e+00,0.000000000000000000e+00,0.000000000000000000e+00,0.000000000000000000e+00,0.000000000000000000e+00,0.000000000000000000e+00,0.000000000000000000e+00,0.000000000000000000e+00,0.000000000000000000e+00,0.000000000000000000e+00,0.000000000000000000e+00,0.000000000000000000e+00,0.000000000000000000e+00,0.000000000000000000e+00,0.000000000000000000e+00,0.000000000000000000e+00,0.000000000000000000e+00,0.000000000000000000e+00,0.000000000000000000e+00,0.000000000000000000e+00,0.000000000000000000e+00,0.000000000000000000e+00,0.000000000000000000e+00,0.000000000000000000e+00,0.000000000000000000e+00,0.000000000000000000e+00,0.000000000000000000e+00,0.000000000000000000e+00,0.000000000000000000e+00,0.000000000000000000e+00,0.000000000000000000e+00,0.000000000000000000e+00,0.000000000000000000e+00,0.000000000000000000e+00,0.000000000000000000e+00,0.000000000000000000e+00,0.000000000000000000e+00,0.000000000000000000e+00,0.000000000000000000e+00,0.000000000000000000e+00,0.000000000000000000e+00,0.000000000000000000e+00,0.000000000000000000e+00,0.000000000000000000e+00,0.000000000000000000e+00,0.000000000000000000e+00,0.000000000000000000e+00,0.000000000000000000e+00,0.000000000000000000e+00,0.000000000000000000e+00,0.000000000000000000e+00,0.000000000000000000e+00,0.000000000000000000e+00,0.000000000000000000e+00,0.000000000000000000e+00,0.000000000000000000e+00,0.000000000000000000e+00,0.000000000000000000e+00,0.000000000000000000e+00,0.000000000000000000e+00,0.000000000000000000e+00,0.000000000000000000e+00,0.000000000000000000e+00,0.000000000000000000e+00,0.000000000000000000e+00,0.000000000000000000e+00,0.000000000000000000e+00,0.000000000000000000e+00,0.000000000000000000e+00,0.000000000000000000e+00,0.000000000000000000e+00,0.000000000000000000e+00,0.000000000000000000e+00,0.000000000000000000e+00,0.000000000000000000e+00,0.000000000000000000e+00,0.000000000000000000e+00,0.000000000000000000e+00,0.000000000000000000e+00,0.000000000000000000e+00,0.000000000000000000e+00,0.000000000000000000e+00,0.000000000000000000e+00,0.000000000000000000e+00,0.000000000000000000e+00,0.000000000000000000e+00,0.000000000000000000e+00,0.000000000000000000e+00,0.000000000000000000e+00,0.000000000000000000e+00,0.000000000000000000e+00,0.000000000000000000e+00,0.000000000000000000e+00,0.000000000000000000e+00,0.000000000000000000e+00,0.000000000000000000e+00,0.000000000000000000e+00,0.000000000000000000e+00,0.000000000000000000e+00,0.000000000000000000e+00,0.000000000000000000e+00,0.000000000000000000e+00,0.000000000000000000e+00,0.000000000000000000e+00,0.000000000000000000e+00,0.000000000000000000e+00,0.000000000000000000e+00,0.000000000000000000e+00,0.000000000000000000e+00,0.000000000000000000e+00,0.000000000000000000e+00,0.000000000000000000e+00,0.000000000000000000e+00,0.000000000000000000e+00,0.000000000000000000e+00,0.000000000000000000e+00,0.000000000000000000e+00,0.000000000000000000e+00,0.000000000000000000e+00,0.000000000000000000e+00,0.000000000000000000e+00,0.000000000000000000e+00,0.000000000000000000e+00,0.000000000000000000e+00,0.000000000000000000e+00,0.000000000000000000e+00,0.000000000000000000e+00,0.000000000000000000e+00,0.000000000000000000e+00,0.000000000000000000e+00,0.000000000000000000e+00,0.000000000000000000e+00,0.000000000000000000e+00,0.000000000000000000e+00,0.000000000000000000e+00,0.000000000000000000e+00,0.000000000000000000e+00,0.000000000000000000e+00,0.000000000000000000e+00,0.000000000000000000e+00,0.000000000000000000e+00,0.000000000000000000e+00,0.000000000000000000e+00,0.000000000000000000e+00,0.000000000000000000e+00,0.000000000000000000e+00,0.000000000000000000e+00,0.000000000000000000e+00,0.000000000000000000e+00,0.000000000000000000e+00,0.000000000000000000e+00,0.000000000000000000e+00,0.000000000000000000e+00,0.000000000000000000e+00,0.000000000000000000e+00,0.000000000000000000e+00,0.000000000000000000e+00,0.000000000000000000e+00,0.000000000000000000e+00,0.000000000000000000e+00,0.000000000000000000e+00,-1.036578995919317132e-02,-1.291870247013995367e-02,-1.309537447309376025e-02,-1.198357541918988571e-02,-1.033769973568508457e-02,-8.618043846314310877e-03,-7.041647551577009598e-03,-5.689419408932762899e-03,-4.571687045172505987e-03,-3.666496443174729111e-03,-2.941558622112460872e-03,-2.364329338529317075e-03,-1.905595096379347807e-03,-1.540663637438611719e-03,-1.249209264327995079e-03,-1.014795689306511803e-03,-8.242565171011499757e-04,-6.670964657159766855e-04,-5.349411606643047091e-04,-4.210809168439754151e-04,-3.201285088238677327e-04,-2.277569819052679154e-04,-1.405111916604064688e-04,-5.563820214257263056e-05,2.905591203150062024e-05,1.153246766452867126e-04,2.045521584295266482e-04,2.977809744422534890e-04,3.957154085769754091e-04,4.987295332938425189e-04,6.068762660376597921e-04,7.198892373302582344e-04,8.371767753012951917e-04,9.578136728480671517e-04,1.080534130151133108e-03,1.203737242564963420e-03,1.325515781509887820e-03,1.443709536589906240e-03,1.555975544016016286e-03,1.659870338741391846e-03,1.752943545694156174e-03,1.832842265147791852e-03,1.897420874640838627e-03,1.944847675436108501e-03,1.973698923640387123e-03,1.983032359428836978e-03,1.972434403539593574e-03,1.942037759722334061e-03,1.892508929401097093e-03,1.825007856890091236e-03,1.741124493809441615e-03,1.642798571751726694e-03,1.532229889837674651e-03,1.411785970006162235e-03,1.283913343748826520e-03,1.151056930324808637e-03,1.015590761123624222e-03,8.797613077621318145e-04,7.456438305716263848e-04,6.151107320199991797e-04,4.898108209870472539e-04,3.711576176581528113e-04,2.603253236080661239e-04,1.582507369788863625e-04,6.564023469424373660e-05,-1.701928427686819349e-05,-8.944593826361741653e-05,-1.515459922013667488e-04,-2.033952740372861492e-04,-2.452200699323104716e-04,-2.773776252736289728e-04,-3.003364990215007767e-04,-3.146562011059664786e-04,-3.209666878234636615e-04,-3.199480596263838206e-04,-3.123119135275295136e-04,-2.987846118192888801e-04,-2.800933138396257587e-04,-2.569539899188246781e-04,-2.300617871592312619e-04,-2.000826474585313413e-04,-1.676470016514229383e-04,-1.333444195161598235e-04,-9.772035747788737224e-05,-6.127333809755735065e-05,-2.445405853602621200e-05,1.233566139889385042e-05,4.874185342141697686e-05,8.445807840713753659e-05,1.192228693681410392e-04,1.528186772104052793e-04,1.850682592567463717e-04,2.158332037240354628e-04,2.450091710702640996e-04,2.725239390789727253e-04,2.983315271021669138e-04,3.224101883750492541e-04,3.447560466185446812e-04,3.653818382031276380e-04,3.843108483442971121e-04,4.015770741856575839e-04,4.172200419775939201e-04,4.312867005062260141e-04,4.438273886800752038e-04,4.548993862549953644e-04,4.645640615791348503e-04,4.728917720826890381e-04,4.799601493016728373e-04,4.858599519128887351e-04,4.906944172885043844e-04,4.945855483609710741e-04,4.976742899090448287e-04,5.001264440077415321e-04,5.021330489084274229e-04,5.039146858603488210e-04,5.057209454510898979e-04,5.078314858777640585e-04,5.105531147494055772e-04,5.142158928755566349e-04,5.191664896740381301e-04,5.257582393971392412e-04,5.343403364501295941e-04,5.452421808466836927e-04,5.587595873648560068e-04,5.751356220841902060e-04,5.945466577168941275e-04,6.170833554002054001e-04,6.427402767473954425e-04,6.714010961942847066e-04,7.028353978210272754e-04,7.366918712330257574e-04,7.725054161902923438e-04,8.097014687261035225e-04,8.476156729132224531e-04,8.855109915421184282e-04,9.226096749322369598e-04,9.581208269958332727e-04,9.912790254560125899e-04,1.021373618038376452e-03,1.047781926088614665e-03,1.069986486725224561e-03,1.087588924474031842e-03,1.100303810412025856e-03,1.107946324571736953e-03,1.110402971092120696e-03,1.107601547858505465e-03,1.099474338538479609e-03,1.085930495405006873e-03,1.066835540555078048e-03,1.042010020946941562e-03,1.011241004676540151e-03,9.743157361919754485e-04,9.310764746333361885e-04,8.814937824166743218e-04,8.257502805961029800e-04,7.643491474814521772e-04,6.982172898113820324e-04,6.287362854237643411e-04,5.577422299112909203e-04,4.874643615097415828e-04,4.202547070041215936e-04,3.584464093845086637e-04,3.043914012471622796e-04,2.606439691361875518e-04,2.316675152372851994e-04,2.269854404505948563e-04,2.664235867902053001e-04,3.897605925928183577e-04,6.675912718169210074e-04,1.210849279546457333e-03,2.159576609024130029e-03,3.544979738429095400e-03,4.772484625442598334e-03,3.394453176383606906e-03
0.000000000000000000e+00,0.000000000000000000e+00,0.000000000000000000e+00,0.000000000000000000e+00,0.000000000000000000e+00,0.000000000000000000e+00,0.000000000000000000e+00,0.000000000000000000e+00,0.000000000000000000e+00,0.000000000000000000e+00,0.000000000000000000e+00,0.000000000000000000e+00,0.000000000000000000e+00,0.000000000000000000e+00,0.000000000000000000e+00,0.000000000000000000e+00,0.000000000000000000e+00,0.000000000000000000e+00,0.000000000000000000e+00,0.000000000000000000e+00,0.000000000000000000e+00,0.000000000000000000e+00,0.000000000000000000e+00,0.000000000000000000e+00,0.000000000000000000e+00,0.000000000000000000e+00,0.000000000000000000e+00,0.000000000000000000e+00,0.000000000000000000e+00,0.000000000000000000e+00,0.000000000000000000e+00,0.000000000000000000e+00,0.000000000000000000e+00,0.000000000000000000e+00,0.000000000000000000e+00,0.000000000000000000e+00,0.000000000000000000e+00,0.000000000000000000e+00,0.000000000000000000e+00,0.000000000000000000e+00,0.000000000000000000e+00,0.000000000000000000e+00,0.000000000000000000e+00,0.000000000000000000e+00,0.000000000000000000e+00,0.000000000000000000e+00,0.000000000000000000e+00,0.000000000000000000e+00,0.000000000000000000e+00,0.000000000000000000e+00,0.000000000000000000e+00,0.000000000000000000e+00,0.000000000000000000e+00,0.000000000000000000e+00,0.000000000000000000e+00,0.000000000000000000e+00,0.000000000000000000e+00,0.000000000000000000e+00,0.000000000000000000e+00,0.000000000000000000e+00,0.000000000000000000e+00,0.000000000000000000e+00,0.000000000000000000e+00,0.000000000000000000e+00,0.000000000000000000e+00,0.000000000000000000e+00,0.000000000000000000e+00,0.000000000000000000e+00,0.000000000000000000e+00,0.000000000000000000e+00,0.000000000000000000e+00,0.000000000000000000e+00,0.000000000000000000e+00,0.000000000000000000e+00,0.000000000000000000e+00,0.000000000000000000e+00,0.000000000000000000e+00,0.000000000000000000e+00,0.000000000000000000e+00,0.000000000000000000e+00,0.000000000000000000e+00,0.000000000000000000e+00,0.000000000000000000e+00,0.000000000000000000e+00,0.000000000000000000e+00,0.000000000000000000e+00,0.000000000000000000e+00,0.000000000000000000e+00,0.000000000000000000e+00,0.000000000000000000e+00,0.000000000000000000e+00,0.000000000000000000e+00,0.000000000000000000e+00,0.000000000000000000e+00,0.000000000000000000e+00,0.000000000000000000e+00,0.000000000000000000e+00,0.000000000000000000e+00,0.000000000000000000e+00,0.000000000000000000e+00,0.000000000000000000e+00,0.000000000000000000e+00,0.000000000000000000e+00,0.000000000000000000e+00,0.000000000000000000e+00,0.000000000000000000e+00,0.000000000000000000e+00,0.000000000000000000e+00,0.000000000000000000e+00,0.000000000000000000e+00,0.000000000000000000e+00,0.000000000000000000e+00,0.000000000000000000e+00,0.000000000000000000e+00,0.000000000000000000e+00,0.000000000000000000e+00,0.000000000000000000e+00,0.000000000000000000e+00,0.000000000000000000e+00,0.000000000000000000e+00,0.000000000000000000e+00,0.000000000000000000e+00,0.000000000000000000e+00,0.000000000000000000e+00,0.000000000000000000e+00,0.000000000000000000e+00,0.000000000000000000e+00,0.000000000000000000e+00,0.000000000000000000e+00,0.000000000000000000e+00,0.000000000000000000e+00,0.000000000000000000e+00,0.000000000000000000e+00,0.000000000000000000e+00,0.000000000000000000e+00,0.000000000000000000e+00,0.000000000000000000e+00,0.000000000000000000e+00,0.000000000000000000e+00,0.000000000000000000e+00,0.000000000000000000e+00,0.000000000000000000e+00,0.000000000000000000e+00,0.000000000000000000e+00,0.000000000000000000e+00,0.000000000000000000e+00,0.000000000000000000e+00,0.000000000000000000e+00,0.000000000000000000e+00,0.000000000000000000e+00,0.000000000000000000e+00,0.000000000000000000e+00,0.000000000000000000e+00,0.000000000000000000e+00,0.000000000000000000e+00,0.000000000000000000e+00,0.000000000000000000e+00,0.000000000000000000e+00,0.000000000000000000e+00,0.000000000000000000e+00,0.000000000000000000e+00,0.000000000000000000e+00,0.000000000000000000e+00,0.000000000000000000e+00,0.000000000000000000e+00,0.000000000000000000e+00,0.000000000000000000e+00,0.000000000000000000e+00,0.000000000000000000e+00,0.000000000000000000e+00,0.000000000000000000e+00,0.000000000000000000e+00,0.000000000000000000e+00,0.000000000000000000e+00,0.000000000000000000e+00,0.000000000000000000e+00,-1.009243646267399958e-02,-1.270266002307267501e-02,-1.296574181233705464e-02,-1.192901356677468494e-02,-1.033611741220732787e-02,-8.645421766283800658e-03,-7.081076694916193549e-03,-5.729993356140245832e-03,-4.607538611079637844e-03,-3.694527356973193160e-03,-2.960594924587883238e-03,-2.374031435096892080e-03,-1.906115824340937417e-03,-1.532266814708162488e-03,-1.232151054965102905e-03,-9.892232850456815149e-04,-7.901692626095802030e-04,-6.243597390237728452e-04,-4.833063159418434581e-04,-3.602138784067711102e-04,-2.496075293640230455e-04,-1.470744716285668702e-04,-4.906716508453979128e-05,4.723971103040606822e-05,1.440848667877847481e-04,2.432264221861976010e-04,3.460197042525121913e-04,4.534443308844114543e-04,5.661004541479405447e-04,6.842014989340540693e-04,8.075788306939801677e-04,9.356848632917708552e-04,1.067592186047041725e-03,1.201992175612131859e-03,1.337199534234649644e-03,1.471171025783826530e-03,1.601550922831423453e-03,1.725746174872819791e-03,1.841024684355913000e-03,1.944627339723386779e-03,2.033889114550300765e-03,2.106365008845128423e-03,2.159953930123303511e-03,2.193009923836663089e-03,2.204430320254917482e-03,2.193712549821471777e-03,2.160975254257507285e-03,2.106943076766801693e-03,2.032898166455365547e-03,1.940604446635482141e-03,1.832212698450130578e-03,1.710155489875603502e-03,1.577040534963046990e-03,1.435549964882991804e-03,1.288350900125109820e-03,1.138020757150271520e-03,9.869884786795793223e-04,8.374913960579953142e-04,6.915460514216767267e-04,5.509308324714240826e-04,4.171779163762305066e-04,2.915723130092126038e-04,1.751560340506103011e-04,6.873598135195977592e-05,-2.710536864769295089e-05,-1.119969521319657619e-04,-1.857639859388035845e-04,-2.484111498819744301e-04,-3.001045759200841770e-04,-3.411534779330678145e-04,-3.719915752497724142e-04,-3.931584325498528750e-04,-4.052800316843959338e-04,-4.090489548161074362e-04,-4.052043190048306267e-04,-3.945130492305633468e-04,-3.777527678897360888e-04,-3.556975829982517590e-04,-3.291058513073610316e-04,-2.987106536190577404e-04,-2.652113847290636086e-04,-2.292677212106808155e-04,-1.914942354326339255e-04,-1.524575306310194784e-04,-1.126734567611742497e-04,-7.260680730112302147e-05,-3.267035593476845903e-05,6.773388276682760706e-06,4.541175135909540021e-05,8.297847350703661709e-05,1.192525833862768166e-04,1.540539493661356426e-04,1.872419518593224194e-04,2.187100584171161133e-04,2.483842194500309407e-04,2.762164206973274244e-04,3.021830795011107491e-04,3.262781548263614167e-04,3.485122990611986432e-04,3.689063713643248249e-04,3.874920088776376888e-04,4.043061608652799739e-04,4.193933225862173965e-04,4.328013280142001306e-04,4.445850722618812658e-04,4.548035501762028704e-04,4.635247084181771905e-04,4.708237120504215429e-04,4.767885943578920212e-04,4.815198029966500444e-04,4.851363013162026728e-04,4.877763165779136641e-04,4.896032729829843293e-04,4.908072056956568020e-04,4.916093491058209138e-04,4.922629766848345004e-04,4.930548203415081963e-04,4.943034509403975178e-04,4.963553668361843406e-04,4.995789342473041725e-04,5.043534831963282462e-04,5.110577927549995406e-04,5.200522317406945736e-04,5.316628906359589920e-04,5.461593659150775892e-04,5.637381233012886015e-04,5.845007647847306120e-04,6.084417234930381956e-04,6.354325869064858783e-04,6.652190654860783538e-04,6.974160842215046266e-04,7.315175842752105664e-04,7.669053235929624473e-04,8.028729583956596477e-04,8.386487789317039658e-04,8.734319743238295498e-04,9.064248169697554846e-04,9.368733106988853072e-04,9.640980508471100894e-04,9.875256350067656511e-04,1.006703490882924438e-03,1.021308151600555311e-03,1.031133588229811047e-03,1.036071295066405941e-03,1.036074858864616038e-03,1.031122958152562051e-03,1.021177768203646377e-03,1.006152484149934511e-03,9.858878212724139691e-04,9.601461532280840218e-04,9.286198985456471698e-04,8.909626655475485222e-04,8.468456082950009999e-04,7.960395167875801902e-04,7.385267056937166617e-04,6.746514439496691974e-04,6.052715624728569185e-04,5.318349629964220972e-04,4.564065211024040869e-04,3.815842183378050545e-04,3.101904925933615101e-04,2.450624544465231027e-04,1.890220355700611453e-04,1.449731700680237465e-04,1.175187924521775768e-04,1.159406783796655162e-04,1.591738225842791773e-04,2.850626017591811564e-04,5.610050099617950063e-04,1.093608449589883371e-03,2.021311074490466340e-03,3.387460993951455987e-03,4.632761443903993422e-03,3.341597170827797624e-03
0.000000000000000000e+00,0.000000000000000000e+00,0.000000000000000000e+00,0.000000000000000000e+00,0.000000000000000000e+00,0.000000000000000000e+00,0.000000000000000000e+00,0.000000000000000000e+00,0.000000000000000000e+00,0.000000000000000000e+00,0.000000000000000000e+00,0.000000000000000000e+00,0.000000000000000000e+00,0.000000000000000000e+00,0.000000000000000000e+00,0.000000000000000000e+00,0.000000000000000000e+00,0.000000000000000000e+00,0.000000000000000000e+00,0.000000000000000000e+00,0.000000000000000000e+00,0.000000000000000000e+00,0.000000000000000000e+00,0.000000000000000000e+00,0.000000000000000000e+00,0.000000000000000000e+00,0.000000000000000000e+00,0.000000000000000000e+00,0.000000000000000000e+00,0.000000000000000000e+00,0.000000000000000000e+00,0.000000000000000000e+00,0.000000000000000000e+00,0.000000000000000000e+00,0.000000000000000000e+00,0.000000000000000000e+00,0.000000000000000000e+00,0.000000000000000000e+00,0.000000000000000000e+00,0.000000000000000000e+00,0.000000000000000000e+00,0.000000000000000000e+00,0.000000000000000000e+00,0.000000000000000000e+00,0.000000000000000000e+00,0.000000000000000000e+00,0.000000000000000000e+00,0.000000000000000000e+00,0.000000000000000000e+00,0.000000000000000000e+00,0.000000000000000000e+00,0.000000000000000000e+00,0.000000000000000000e+00,0.000000000000000000e+00,0.000000000000000000e+00,0.000000000000000000e+00,0.000000000000000000e+00,0.000000000000000000e+00,0.000000000000000000e+00,0.000000000000000000e+00,0.000000000000000000e+00,0.000000000000000000e+00,0.000000000000000000e+00,0.000000000000000000e+00,0.000000000000000000e+00,0.000000000000000000e+00,0.000000000000000000e+00,0.000000000000000000e+00,0.000000000000000000e+00,0.000000000000000000e+00,0.000000000000000000e+00,0.000000000000000000e+00,0.000000000000000000e+00,0.000000000000000000e+00,0.000000000000000000e+00,0.000000000000000000e+00,0.000000000000000000e+00,0.000000000000000000e+00,0.000000000000000000e+00,0.000000000000000000e+00,0.000000000000000000e+00,0.000000000000000000e+00,0.000000000000000000e+00,0.000000000000000000e+00,0.000000000000000000e+00,0.000000000000000000e+00,0.000000000000000000e+00,0.000000000000000000e+00,0.000000000000000000e+00,0.000000000000000000e+00,0.000000000000000000e+00,0.000000000000000000e+00,0.000000000000000000e+00,0.000000000000000000e+00,0.000000000000000000e+00,0.000000000000000000e+00,0.000000000000000000e+00,0.000000000000000000e+00,0.000000000000000000e+00,0.000000000000000000e+00,0.000000000000000000e+00,0.000000000000000000e+00,0.000000000000000000e+00,0.000000000000000000e+00,0.000000000000000000e+00,0.000000000000000000e+00,0.000000000000000000e+00,0.000000000000000000e+00,0.000000000000000000e+00,0.000000000000000000e+00,0.000000000000000000e+00,0.000000000000000000e+00,0.000000000000000000e+00,0.000000000000000000e+00,0.000000000000000000e+00,0.000000000000000000e+00,0.000000000000000000e+00,0.000000000000000000e+00,0.000000000000000000e+00,0.000000000000000000e+00,0.000000000000000000e+00,0.000000000000000000e+00,0.000000000000000000e+00,0.000000000000000000e+00,0.000000000000000000e+00,0.000000000000000000e+00,0.000000000000000000e+00,0.000000000000000000e+00,0.000000000000000000e+00,0.000000000000000000e+00,0.000000000000000000e+00,0.000000000000000000e+00,0.000000000000000000e+00,0.000000000000000000e+00,0.000000000000000000e+00,0.000000000000000000e+00,0.000000000000000000e+00,0.000000000000000000e+00,0.000000000000000000e+00,0.000000000000000000e+00,0.000000000000000000e+00,0.000000000000000000e+00,0.000000000000000000e+00,0.000000000000000000e+00,0.000000000000000000e+00,0.000000000000000000e+00,0.000000000000000000e+00,0.000000000000000000e+00,0.000000000000000000e+00,0.000000000000000000e+00,0.000000000000000000e+00,0.000000000000000000e+00,0.000000000000000000e+00,0.000000000000000000e+00,0.000000000000000000e+00,0.000000000000000000e+00,0.000000000000000000e+00,0.000000000000000000e+00,0.000000000000000000e+00,0.000000000000000000e+00,0.000000000000000000e+00,0.000000000000000000e+00,0.000000000000000000e+00,0.000000000000000000e+00,0.000000000000000000e+00,0.000000000000000000e+00,0.000000000000000000e+00,0.000000000000000000e+00,0.000000000000000000e+00,0.000000000000000000e+00,0.000000000000000000e+00,0.000000000000000000e+00,0.000000000000000000e+00,0.000000000000000000e+00,0.000000000000000000e+00,0.000000000000000000e+00,-9.761618176272905678e-03,-1.243181871552258462e-02,-1.279272756533057429e-02,-1.184620851381597284e-02,-1.031684251822928902e-02,-8.663517353233229912e-03,-7.115491567831797037e-03,-5.768105565439027131e-03,-4.641566462850852011e-03,-3.720646692654581457e-03,-2.976912618699161742e-03,-2.379911087463345339e-03,-1.901477848405605259e-03,-1.517295345279588226e-03,-1.207065559751396280e-03,-9.541661490644204194e-04,-7.451565792289460222e-04,-5.692412744348169466e-04,-4.178033831238858178e-04,-2.839307338107268102e-04,-1.620673768520707405e-04,-4.772012872428302028e-05,6.272285819946971379e-05,1.721391544382935878e-04,2.827814884977043254e-04,3.963797298608771739e-04,5.142099737327880411e-04,6.371289834746026890e-04,7.655638791994659725e-04,8.994941923806076779e-04,1.038447058284986063e-03,1.181504790489118061e-03,1.327313449665326129e-03,1.474096169597452228e-03,1.619675952915495968e-03,1.761517248067491666e-03,1.896796537987348102e-03,2.022507193565085178e-03,2.135590594644908979e-03,2.233081022093957348e-03,2.312253138152925522e-03,2.370764139894744257e-03,2.406780856439733225e-03,2.419080952815872744e-03,2.407117965191313443e-03,2.371044197467868549e-03,2.311690363225787914e-03,2.230505932801242312e-03,2.129467868177790414e-03,2.010967876285543483e-03,1.877689350622777651e-03,1.732484456774962753e-03,1.578260391661930918e-03,1.417881035544631000e-03,1.254087913122022523e-03,1.089441246128956429e-03,9.262803114694737223e-04,7.667001504709298121e-04,6.125415841166805637e-04,4.653905303903480028e-04,3.265837974916842626e-04,1.972182520951078991e-04,7.816201132164573011e-05,-2.993396492420671189e-05,-1.266236577988071206e-04,-2.116536148820323494e-04,-2.849493522643957661e-04,-3.466010572683009250e-04,-3.968479235805292518e-04,-4.360623627967342509e-04,-4.647333635684030824e-04,-4.834498706668039522e-04,-4.928826722578813491e-04,-4.937659527995606713e-04,-4.868776966843366659e-04,-4.730214620579883435e-04,-4.530089414896476606e-04,-4.276458043258283149e-04,-3.977189690806811283e-04,-3.639872834715854213e-04,-3.271727740354032953e-04,-2.879549966087289613e-04,-2.469653352975416621e-04,-2.047846298465674352e-04,-1.619401313656994713e-04,-1.189058667743200846e-04,-7.610148243415133871e-05,-3.389479855160544710e-05,7.397913294662062213e-06,4.750760175272204414e-05,8.621144325724456703e-05,1.233275125502304010e-04,1.587137149247286533e-04,1.922616857201241234e-04,2.238955932891713687e-04,2.535652107267684211e-04,2.812447259162643748e-04,3.069255175109840373e-04,3.306156395863573782e-04,3.523331839237429648e-04,3.721070689079617952e-04,3.899716269676231336e-04,4.059688603709284051e-04,4.201444340408174555e-04,4.325511085081644078e-04,4.432460467940612520e-04,4.522950133750993870e-04,4.597709776557566143e-04,4.657588459780709973e-04,4.703555435298065494e-04,4.736751865239157322e-04,4.758507792124940547e-04,4.770395153142469600e-04,4.774257192059381486e-04,4.772252962164635339e-04,4.766886221562114919e-04,4.761022235289234556e-04,4.757893115125555591e-04,4.761060456051936242e-04,4.774369517294889745e-04,4.801833547217551905e-04,4.847518194761368045e-04,4.915342202619065468e-04,5.008899782206868755e-04,5.131205842617720400e-04,5.284499079272265195e-04,5.469992625356712070e-04,5.687724872105159044e-04,5.936389091861245639e-04,6.213298243166923791e-04,6.514353547696358823e-04,6.834166074632329856e-04,7.166192822899931838e-04,7.503021440993990800e-04,7.836659853164757751e-04,8.158942134035245116e-04,8.461901572335408855e-04,8.738195202959821509e-04,8.981430015106070790e-04,9.186454663398919930e-04,9.349484740258162197e-04,9.468127086013968527e-04,9.541212730927918105e-04,9.568525398934511327e-04,9.550394274637782161e-04,9.487257283797688066e-04,9.379196510879380701e-04,9.225547947951307686e-04,9.024598241356203030e-04,8.773417477907543552e-04,8.467825509556742292e-04,8.102583302561347295e-04,7.671894244751474579e-04,7.170327626121144509e-04,6.594332577160678466e-04,5.944403680701695111e-04,5.227349422729923390e-04,4.457791602962463172e-04,3.658755893711421571e-04,2.860601478926270546e-04,2.097271446723871272e-04,1.403381441310286423e-04,8.128184587135863035e-05,3.588953507612466524e-05,8.913159624475637508e-06,9.376301552098143202e-06,5.521887796639100723e-05,1.822556840686889105e-04,4.545825248971990351e-04,9.745046458736289453e-04,1.878837167551737197e-03,3.223459026373635180e-03,4.485994961622154394e-03,3.285764180432537013e-03
0.000000000000000000e+00,0.000000000000000000e+00,0.000000000000000000e+00,0.000000000000000000e+00,0.000000000000000000e+00,0.000000000000000000e+00,0.000000000000000000e+00,0.000000000000000000e+00,0.000000000000000000e+00,0.000000000000000000e+00,0.000000000000000000e+00,0.000000000000000000e+00,0.000000000000000000e+00,0.000000000000000000e+00,0.000000000000000000e+00,0.000000000000000000e+00,0.000000000000000000e+00,0.000000000000000000e+00,0.000000000000000000e+00,0.000000000000000000e+00,0.000000000000000000e+00,0.000000000000000000e+00,0.000000000000000000e+00,0.000000000000000000e+00,0.000000000000000000e+00,0.000000000000000000e+00,0.000000000000000000e+00,0.000000000000000000e+00,0.000000000000000000e+00,0.000000000000000000e+00,0.000000000000000000e+00,0.000000000000000000e+00,0.000000000000000000e+00,0.000000000000000000e+00,0.000000000000000000e+00,0.000000000000000000e+00,0.000000000000000000e+00,0.000000000000000000e+00,0.000000000000000000e+00,0.000000000000000000e+00,0.000000000000000000e+00,0.000000000000000000e+00,0.000000000000000000e+00,0.000000000000000000e+00,0.000000000000000000e+00,0.000000000000000000e+00,0.000000000000000000e+00,0.000000000000000000e+00,0.000000000000000000e+00,0.000000000000000000e+00,0.000000000000000000e+00,0.000000000000000000e+00,0.000000000000000000e+00,0.000000000000000000e+00,0.000000000000000000e+00,0.000000000000000000e+00,0.000000000000000000e+00,0.000000000000000000e+00,0.000000000000000000e+00,0.000000000000000000e+00,0.000000000000000000e+00,0.000000000000000000e+00,0.000000000000000000e+00,0.000000000000000000e+00,0.000000000000000000e+00,0.000000000000000000e+00,0.000000000000000000e+00,0.000000000000000000e+00,0.000000000000000000e+00,0.000000000000000000e+00,0.000000000000000000e+00,0.000000000000000000e+00,0.000000000000000000e+00,0.000000000000000000e+00,0.000000000000000000e+00,0.000000000000000000e+00,0.000000000000000000e+00,0.000000000000000000e+00,0.000000000000000000e+00,0.000000000000000000e+00,0.000000000000000000e+00,0.000000000000000000e+00,0.000000000000000000e+00,0.000000000000000000e+00,0.000000000000000000e+00,0.000000000000000000e+00,0.000000000000000000e+00,0.000000000000000000e+00,0.000000000000000000e+00,0.000000000000000000e+00,0.000000000000000000e+00,0.000000000000000000e+00,0.000000000000000000e+00,0.000000000000000000e+00,0.000000000000000000e+00,0.000000000000000000e+00,0.000000000000000000e+00,0.000000000000000000e+00,0.000000000000000000e+00,0.000000000000000000e+00,0.000000000000000000e+00,0.000000000000000000e+00,0.000000000000000000e+00,0.000000000000000000e+00,0.000000000000000000e+00,0.000000000000000000e+00,0.000000000000000000e+00,0.000000000000000000e+00,0.000000000000000000e+00,0.000000000000000000e+00,0.000000000000000000e+00,0.000000000000000000e+00,0.000000000000000000e+00,0.000000000000000000e+00,0.000000000000000000e+00,0.000000000000000000e+00,0.000000000000000000e+00,0.000000000000000000e+00,0.000000000000000000e+00,0.000000000000000000e+00,0.000000000000000000e+00,0.000000000000000000e+00,0.000000000000000000e+00,0.000000000000000000e+00,0.000000000000000000e+00,0.000000000000000000e+00,0.000000000000000000e+00,0.000000000000000000e+00,0.000000000000000000e+00,0.000000000000000000e+00,0.000000000000000000e+00,0.000000000000000000e+00,0.000000000000000000e+00,0.000000000000000000e+00,0.000000000000000000e+00,0.000000000000000000e+00,0.000000000000000000e+00,0.000000000000000000e+00,0.000000000000000000e+00,0.000000000000000000e+00,0.000000000000000000e+00,0.000000000000000000e+00,0.000000000000000000e+00,0.000000000000000000e+00,0.000000000000000000e+00,0.000000000000000000e+00,0.000000000000000000e+00,0.000000000000000000e+00,0.000000000000000000e+00,0.000000000000000000e+00,0.000000000000000000e+00,0.000000000000000000e+00,0.000000000000000000e+00,0.000000000000000000e+00,0.000000000000000000e+00,0.000000000000000000e+00,0.000000000000000000e+00,0.000000000000000000e+00,0.000000000000000000e+00,0.000000000000000000e+00,0.000000000000000000e+00,0.000000000000000000e+00,0.000000000000000000e+00,0.000000000000000000e+00,0.000000000000000000e+00,0.000000000000000000e+00,0.000000000000000000e+00,0.000000000000000000e+00,0.000000000000000000e+00,0.000000000000000000e+00,0.000000000000000000e+00,0.000000000000000000e+00,0.000000000000000000e+00,0.000000000000000000e+00,0.000000000000000000e+00,0.000000000000000000e+00,-9.367826905286813499e-03,-1.209485610384553392e-02,-1.256825930772202844e-02,-1.172631768666135797e-02,-1.027509122895170317e-02,-8.667761754633114199e-03,-7.142331041291398279e-03,-5.801276496517959735e-03,-4.671930613869309905e-03,-3.743051845342677646e-03,-2.988920689962487262e-03,-2.380389310754642187e-03,-1.890069212768591238e-03,-1.494023097965798807e-03,-1.172047493910364493e-03,-9.075178645945951826e-04,-6.868705552545801771e-04,-4.991854985977552854e-04,-3.356870504559293514e-04,-1.893561060391616986e-04,-5.453829247354643811e-05,7.331545408503951987e-05,1.978623140581665550e-04,3.219885146373119809e-04,4.479202453426443472e-04,5.773024170854350063e-04,7.112671994568770320e-04,8.504652213941393596e-04,9.950609446716057824e-04,1.144705525293950683e-03,1.298526686764681299e-03,1.455140135926232025e-03,1.612676124307119456e-03,1.768816450024643513e-03,1.920847367891593323e-03,2.065734117425531164e-03,2.200226913118133194e-03,2.321001119285807848e-03,2.424823153982714596e-03,2.508724164790033986e-03,2.570165232163149939e-03,2.607181032524291935e-03,2.618491582752236358e-03,2.603572092610419945e-03,2.562674396370131190e-03,2.496798361938511873e-03,2.407617860788466031e-03,2.297370713559345693e-03,2.168725071123488429e-03,2.024635793894150396e-03,1.868203454438765185e-03,1.702546592471337276e-03,1.530694522353849389e-03,1.355504882644285349e-03,1.179606604312345318e-03,1.005366554190979724e-03,8.348759431998915674e-04,6.699517350074530231e-04,5.121479380370628619e-04,3.627721654288274043e-04,2.229038478384203100e-04,9.341143285737661445e-05,-2.503257123094271196e-05,-1.319393603329455816e-04,-2.269934972206389973e-04,-3.100440176636422383e-04,-3.810951891438461706e-04,-4.402968980380388034e-04,-4.879333576483964319e-04,-5.244112897660111166e-04,-5.502463620573767042e-04,-5.660491855456948034e-04,-5.725089311489600218e-04,-5.703764339815060478e-04,-5.604452868990998735e-04,-5.435343081661344602e-04,-5.204699205708802337e-04,-4.920721287491487943e-04,-4.591412014451794806e-04,-4.224484679759268543e-04,-3.827269932805636558e-04,-3.406662418902937049e-04,-2.969058479732762635e-04,-2.520337202407021797e-04,-2.065825137842263945e-04,-1.610306516941612226e-04,-1.158007481635671599e-04,-7.126295809699653835e-05,-2.773488365164625594e-05,1.451321604679864555e-05,5.525776184867663642e-05,9.431567892415420825e-05,1.315437092650216576e-04,1.668316785334758416e-04,2.001017620567372671e-04,2.313011847202027299e-04,2.604014654911994625e-04,2.873910519890938704e-04,3.122751031207522134e-04,3.350689444484141670e-04,3.557989512775991165e-04,3.744974465153320898e-04,3.912047471237491288e-04,4.059655886718323021e-04,4.188319209646789647e-04,4.298606515145778637e-04,4.391167330576815344e-04,4.466721853096014940e-04,4.526093753449320317e-04,4.570216405235843680e-04,4.600170025073291530e-04,4.617208053902043343e-04,4.622799939171576256e-04,4.618676749791146216e-04,4.606873368994210557e-04,4.589781039813720922e-04,4.570170023787197174e-04,4.551222231205670769e-04,4.536502729305504425e-04,4.529935581635818193e-04,4.535690035342361840e-04,4.558069165335806991e-04,4.601295987636292665e-04,4.669316068492455700e-04,4.765511487627068225e-04,4.892466422769639655e-04,5.051683218414090588e-04,5.243396736292205151e-04,5.466387402797627353e-04,5.717931611281155350e-04,5.993788007566600018e-04,6.288336664951233888e-04,6.594767165635340806e-04,6.905404433141271734e-04,7.212066286779615296e-04,7.506510258669683638e-04,7.780862149080521734e-04,8.028054798536404064e-04,8.242174138609715617e-04,8.418725087494696550e-04,8.554738061143132540e-04,8.648737335142709683e-04,8.700535196203909583e-04,8.710899469465361797e-04,8.681109186270762708e-04,8.612459331695066856e-04,8.505747039602863224e-04,8.360789127731772189e-04,8.175992670600216831e-04,7.947980506472169865e-04,7.671313167552757609e-04,7.338416203135055818e-04,6.939933668803736910e-04,6.465785349247507368e-04,5.907291506163648816e-04,5.260322349244461694e-04,4.528728234907782231e-04,3.726810219088348588e-04,2.880330635514321137e-04,2.024966673630949963e-04,1.201729041653572504e-04,4.527450669711934864e-05,-1.812758397489011344e-05,-6.622059044624320804e-05,-9.407369295366344996e-05,-9.297390540170851403e-05,-4.602152818667543268e-05,8.044429582412029054e-05,3.472262273257120321e-04,8.523051188192323725e-04,1.730903818564394651e-03,3.051609427847685064e-03,4.330805006074770966e-03,3.226161493480733666e-03
0.000000000000000000e+00,0.000000000000000000e+00,0.000000000000000000e+00,0.000000000000000000e+00,0.000000000000000000e+00,0.000000000000000000e+00,0.000000000000000000e+00,0.000000000000000000e+00,0.000000000000000000e+00,0.000000000000000000e+00,0.000000000000000000e+00,0.000000000000000000e+00,0.000000000000000000e+00,0.000000000000000000e+00,0.000000000000000000e+00,0.000000000000000000e+00,0.000000000000000000e+00,0.000000000000000000e+00,0.000000000000000000e+00,0.000000000000000000e+00,0.000000000000000000e+00,0.000000000000000000e+00,0.000000000000000000e+00,0.000000000000000000e+00,0.000000000000000000e+00,0.000000000000000000e+00,0.000000000000000000e+00,0.000000000000000000e+00,0.000000000000000000e+00,0.000000000000000000e+00,0.000000000000000000e+00,0.000000000000000000e+00,0.000000000000000000e+00,0.000000000000000000e+00,0.000000000000000000e+00,0.000000000000000000e+00,0.000000000000000000e+00,0.000000000000000000e+00,0.000000000000000000e+00,0.000000000000000000e+00,0.000000000000000000e+00,0.000000000000000000e+00,0.000000000000000000e+00,0.000000000000000000e+00,0.000000000000000000e+00,0.000000000000000000e+00,0.000000000000000000e+00,0.000000000000000000e+00,0.000000000000000000e+00,0.000000000000000000e+00,0.000000000000000000e+00,0.000000000000000000e+00,0.000000000000000000e+00,0.000000000000000000e+00,0.000000000000000000e+00,0.000000000000000000e+00,0.000000000000000000e+00,0.000000000000000000e+00,0.000000000000000000e+00,0.000000000000000000e+00,0.000000000000000000e+00,0.000000000000000000e+00,0.000000000000000000e+00,0.000000000000000000e+00,0.000000000000000000e+00,0.000000000000000000e+00,0.000000000000000000e+00,0.000000000000000000e+00,0.000000000000000000e+00,0.000000000000000000e+00,0.000000000000000000e+00,0.000000000000000000e+00,0.000000000000000000e+00,0.000000000000000000e+00,0.000000000000000000e+00,0.000000000000000000e+00,0.000000000000000000e+00,0.000000000000000000e+00,0.000000000000000000e+00,0.000000000000000000e+00,0.000000000000000000e+00,0.000000000000000000e+00,0.000000000000000000e+00,0.000000000000000000e+00,0.000000000000000000e+00,0.000000000000000000e+00,0.000000000000000000e+00,0.000000000000000000e+00,0.000000000000000000e+00,0.000000000000000000e+00,0.000000000000000000e+00,0.000000000000000000e+00,0.000000000000000000e+00,0.000000000000000000e+00,0.000000000000000000e+00,0.000000000000000000e+00,0.000000000000000000e+00,0.000000000000000000e+00,0.000000000000000000e+00,0.000000000000000000e+00,0.000000000000000000e+00,0.000000000000000000e+00,0.000000000000000000e+00,0.000000000000000000e+00,0.000000000000000000e+00,0.000000000000000000e+00,0.000000000000000000e+00,0.000000000000000000e+00,0.000000000000000000e+00,0.000000000000000000e+00,0.000000000000000000e+00,0.000000000000000000e+00,0.000000000000000000e+00,0.000000000000000000e+00,0.000000000000000000e+00,0.000000000000000000e+00,0.000000000000000000e+00,0.000000000000000000e+00,0.000000000000000000e+00,0.000000000000000000e+00,0.000000000000000000e+00,0.000000000000000000e+00,0.000000000000000000e+00,0.000000000000000000e+00,0.000000000000000000e+00,0.000000000000000000e+00,0.000000000000000000e+00,0.000000000000000000e+00,0.000000000000000000e+00,0.000000000000000000e+00,0.000000000000000000e+00,0.000000000000000000e+00,0.000000000000000000e+00,0.000000000000000000e+00,0.000000000000000000e+00,0.000000000000000000e+00,0.000000000000000000e+00,0.000000000000000000e+00,0.000000000000000000e+00,0.000000000000000000e+00,0.000000000000000000e+00,0.000000000000000000e+00,0.000000000000000000e+00,0.000000000000000000e+00,0.000000000000000000e+00,0.000000000000000000e+00,0.000000000000000000e+00,0.000000000000000000e+00,0.000000000000000000e+00,0.000000000000000000e+00,0.000000000000000000e+00,0.000000000000000000e+00,0.000000000000000000e+00,0.000000000000000000e+00,0.000000000000000000e+00,0.000000000000000000e+00,0.000000000000000000e+00,0.000000000000000000e+00,0.000000000000000000e+00,0.000000000000000000e+00,0.000000000000000000e+00,0.000000000000000000e+00,0.000000000000000000e+00,0.000000000000000000e+00,0.000000000000000000e+00,0.000000000000000000e+00,0.000000000000000000e+00,0.000000000000000000e+00,0.000000000000000000e+00,0.000000000000000000e+00,0.000000000000000000e+00,0.000000000000000000e+00,0.000000000000000000e+00,0.000000000000000000e+00,0.000000000000000000e+00,0.000000000000000000e+00,-8.901709880928762933e-03,-1.168173862619354200e-02,-1.227759832911327377e-02,-1.155998895316040324e-02,-1.020136838961228920e-02,-8.653009473822645750e-03,-7.157102308749657173e-03,-5.826699842116167018e-03,-4.695977719474562009e-03,-3.759399758832144330e-03,-2.994283609635205092e-03,-2.373184030146723630e-03,-1.869626810286123889e-03,-1.460109679266506123e-03,-1.124687035133889804e-03,-8.467175915091294152e-04,-6.126220278426855719e-04,-4.113420177561178444e-04,-2.340052985247047593e-04,-7.346989358503418471e-05,7.598107584921582735e-05,2.189458609108522493e-04,3.590787371541746494e-04,4.992313410176784424e-04,6.415332523661885058e-04,7.874719560353392019e-04,9.379440494500821757e-04,1.093292768891480048e-03,1.253306933161210668e-03,1.417200249391908353e-03,1.583599692632624203e-03,1.750568245209491690e-03,1.915655732419505519e-03,2.075973036639689601e-03,2.228286878036111161e-03,2.369139001993207389e-03,2.494993537978160321e-03,2.602413589812279347e-03,2.688254280186441920e-03,2.749851475922293533e-03,2.785184242931482233e-03,2.792996542352115755e-03,2.772868174999673987e-03,2.725230224304301622e-03,2.651324135687539805e-03,2.553110193708601604e-03,2.433136033662675318e-03,2.294380102699538921e-03,2.140085823796348315e-03,1.973601486673776540e-03,1.798238065164167645e-03,1.617153402846820218e-03,1.433267335705914894e-03,1.249208133268693739e-03,1.067287939569022508e-03,8.895018186538967411e-04,7.175445675464881858e-04,5.528379408918682484e-04,3.965628113383078872e-04,2.496902872478099053e-04,1.130092721428542605e-04,-1.285267700574484531e-05,-1.274142687956997927e-04,-2.303319974152914600e-04,-3.213949414104658240e-04,-4.005228416790193938e-04,-4.677633905336586891e-04,-5.232896943089662472e-04,-5.673945036202616326e-04,-6.004838098297320993e-04,-6.230666563955512220e-04,-6.357444257468780092e-04,-6.391958943909794178e-04,-6.341621947520341245e-04,-6.214282157719622961e-04,-6.018061046463320501e-04,-5.761171624974687280e-04,-5.451782643175411653e-04,-5.097875645029107143e-04,-4.707155553554498548e-04,-4.286947117612446411e-04,-3.844145625452176796e-04,-3.385145501770942499e-04,-2.915827074806163826e-04,-2.441513345865630596e-04,-1.966987155461154756e-04,-1.496468750736165384e-04,-1.033656920096704567e-04,-5.817226627776516204e-05,-1.433687564109782802e-05,2.791677982582856094e-05,6.840478692102555213e-05,1.069826684728004967e-04,1.435383164831906678e-04,1.779915375876608941e-04,2.102867795246144127e-04,2.403925309141009294e-04,2.682943306254865459e-04,2.939944819001105865e-04,3.175061923469549925e-04,3.388540759731147674e-04,3.580699644236190666e-04,3.751941475372245973e-04,3.902727861111465486e-04,4.033593564632474812e-04,4.145132920659105533e-04,4.238011461416911593e-04,4.312963642947072055e-04,4.370802371758994811e-04,4.412432683939303615e-04,4.438865727364285402e-04,4.451255987908988004e-04,4.450926957647607062e-04,4.439435284358033904e-04,4.418607533942199225e-04,4.390621462321631432e-04,4.358036871052506952e-04,4.323864187122125158e-04,4.291552298097403768e-04,4.264996442031915476e-04,4.248435295453861630e-04,4.246351419107832303e-04,4.263248253459105998e-04,4.303433492828330400e-04,4.370700849819458660e-04,4.468051500343092923e-04,4.597370190282882695e-04,4.759193525437375246e-04,4.952501373948740458e-04,5.174645239383686337e-04,5.421350875718905071e-04,5.686871343272328341e-04,5.964229095082894177e-04,6.245581462726272496e-04,6.522648506691666737e-04,6.787198545343997753e-04,7.031532412978132003e-04,7.248932763625539353e-04,7.434029580380546991e-04,7.583039532192794360e-04,7.693859370240718667e-04,7.765988044610129754e-04,7.800299947734174030e-04,7.798673394921291305e-04,7.763532170688698490e-04,7.697307424593239928e-04,7.601871613075521185e-04,7.477927077066464853e-04,7.324363850882628646e-04,7.137541392226243522e-04,6.910581406154637542e-04,6.632850978372000416e-04,6.290070322754213799e-04,5.865615246663448586e-04,5.343563747965855227e-04,4.713321182984311973e-04,3.974638629659916610e-04,3.141336045066342800e-04,2.242588740446116371e-04,1.320697130824024373e-04,4.251503997681872564e-05,-3.930443939083861607e-05,-1.085562816760765695e-04,-1.608892286752364588e-04,-1.912187469951426061e-04,-1.911517168746354456e-04,-1.449242985620485076e-04,-2.103662106943637823e-05,2.379752138961407058e-04,7.259163651879039581e-04,1.576271976659665867e-03,2.870548800281280590e-03,4.165668047190818936e-03,3.161901250927962384e-03
0.000000000000000000e+00,0.000000000000000000e+00,0.000000000000000000e+00,0.000000000000000000e+00,0.000000000000000000e+00,0.000000000000000000e+00,0.000000000000000000e+00,0.000000000000000000e+00,0.000000000000000000e+00,0.000000000000000000e+00,0.000000000000000000e+00,0.000000000000000000e+00,0.000000000000000000e+00,0.000000000000000000e+00,0.000000000000000000e+00,0.000000000000000000e+00,0.000000000000000000e+00,0.000000000000000000e+00,0.000000000000000000e+00,0.000000000000000000e+00,0.000000000000000000e+00,0.000000000000000000e+00,0.000000000000000000e+00,0.000000000000000000e+00,0.000000000000000000e+00,0.000000000000000000e+00,0.000000000000000000e+00,0.000000000000000000e+00,0.000000000000000000e+00,0.000000000000000000e+00,0.000000000000000000e+00,0.000000000000000000e+00,0.000000000000000000e+00,0.000000000000000000e+00,0.000000000000000000e+00,0.000000000000000000e+00,0.000000000000000000e+00,0.000000000000000000e+00,0.000000000000000000e+00,0.000000000000000000e+00,0.000000000000000000e+00,0.000000000000000000e+00,0.000000000000000000e+00,0.000000000000000000e+00,0.000000000000000000e+00,0.000000000000000000e+00,0.000000000000000000e+00,0.000000000000000000e+00,0.000000000000000000e+00,0.000000000000000000e+00,0.000000000000000000e+00,0.000000000000000000e+00,0.000000000000000000e+00,0.000000000000000000e+00,0.000000000000000000e+00,0.000000000000000000e+00,0.000000000000000000e+00,0.000000000000000000e+00,0.000000000000000000e+00,0.000000000000000000e+00,0.000000000000000000e+00,0.000000000000000000e+00,0.000000000000000000e+00,0.000000000000000000e+00,0.000000000000000000e+00,0.000000000000000000e+00,0.000000000000000000e+00,0.000000000000000000e+00,0.000000000000000000e+00,0.000000000000000000e+00,0.000000000000000000e+00,0.000000000000000000e+00,0.000000000000000000e+00,0.000000000000000000e+00,0.000000000000000000e+00,0.000000000000000000e+00,0.000000000000000000e+00,0.000000000000000000e+00,0.000000000000000000e+00,0.000000000000000000e+00,0.000000000000000000e+00,0.000000000000000000e+00,0.000000000000000000e+00,0.000000000000000000e+00,0.000000000000000000e+00,0.000000000000000000e+00,0.000000000000000000e+00,0.000000000000000000e+00,0.000000000000000000e+00,0.000000000000000000e+00,0.000000000000000000e+00,0.000000000000000000e+00,0.000000000000000000e+00,0.000000000000000000e+00,0.000000000000000000e+00,0.000000000000000000e+00,0.000000000000000000e+00,0.000000000000000000e+00,0.000000000000000000e+00,0.000000000000000000e+00,0.000000000000000000e+00,0.000000000000000000e+00,0.000000000000000000e+00,0.000000000000000000e+00,0.000000000000000000e+00,0.000000000000000000e+00,0.000000000000000000e+00,0.000000000000000000e+00,0.000000000000000000e+00,0.000000000000000000e+00,0.000000000000000000e+00,0.000000000000000000e+00,0.000000000000000000e+00,0.000000000000000000e+00,0.000000000000000000e+00,0.000000000000000000e+00,0.000000000000000000e+00,0.000000000000000000e+00,0.000000000000000000e+00,0.000000000000000000e+00,0.000000000000000000e+00,0.000000000000000000e+00,0.000000000000000000e+00,0.000000000000000000e+00,0.000000000000000000e+00,0.000000000000000000e+00,0.000000000000000000e+00,0.000000000000000000e+00,0.000000000000000000e+00,0.000000000000000000e+00,0.000000000000000000e+00,0.000000000000000000e+00,0.000000000000000000e+00,0.000000000000000000e+00,0.000000000000000000e+00,0.000000000000000000e+00,0.000000000000000000e+00,0.000000000000000000e+00,0.000000000000000000e+00,0.000000000000000000e+00,0.000000000000000000e+00,0.000000000000000000e+00,0.000000000000000000e+00,0.000000000000000000e+00,0.000000000000000000e+00,0.000000000000000000e+00,0.000000000000000000e+00,0.000000000000000000e+00,0.000000000000000000e+00,0.000000000000000000e+00,0.000000000000000000e+00,0.000000000000000000e+00,0.000000000000000000e+00,0.000000000000000000e+00,0.000000000000000000e+00,0.000000000000000000e+00,0.000000000000000000e+00,0.000000000000000000e+00,0.000000000000000000e+00,0.000000000000000000e+00,0.000000000000000000e+00,0.000000000000000000e+00,0.000000000000000000e+00,0.000000000000000000e+00,0.000000000000000000e+00,0.000000000000000000e+00,0.000000000000000000e+00,0.000000000000000000e+00,0.000000000000000000e+00,0.000000000000000000e+00,0.000000000000000000e+00,0.000000000000000000e+00,0.000000000000000000e+00,0.000000000000000000e+00,0.000000000000000000e+00,0.000000000000000000e+00,-8.360506362313389547e-03,-1.117623557116495178e-02,-1.190791811510183255e-02,-1.133014982753983817e-02,-1.008481119762212955e-02,-8.608951680422957664e-03,-7.153496846930050036e-03,-5.839364498680145454e-03,-4.710148847612268506e-03,-3.766551489470961519e-03,-2.990005107679966946e-03,-2.355379168646876305e-03,-1.837190989071752064e-03,-1.412647510192341881e-03,-1.062002260367329734e-03,-7.687999907984932949e-04,-5.193939196234810367e-04,-3.027179809433700255e-04,-1.097898013306737884e-04,6.657258178745120800e-05,2.321389045060010285e-04,3.914906530292169991e-04,5.482370289184232415e-04,7.051139714472681643e-04,8.640745321660290657e-04,1.026343815711992184e-03,1.192475237259276594e-03,1.362383977526222508e-03,1.535364432304763818e-03,1.710083782877301877e-03,1.884587345638078773e-03,2.056340293495404880e-03,2.222314233093238695e-03,2.379108055146698410e-03,2.523095839113267090e-03,2.650595052825414997e-03,2.758054062897792678e-03,2.842253491902625284e-03,2.900507509282703334e-03,2.930840909961871139e-03,2.932120086964574296e-03,2.904123599409065126e-03,2.847547954172445668e-03,2.763950376727226932e-03,2.655636492691662055e-03,2.525505674911361544e-03,2.376870634960245952e-03,2.213269387947122691e-03,2.038286275760481121e-03,1.855396081754972625e-03,1.667840451409099414e-03,1.478541742913276570e-03,1.290054406599447584e-03,1.104550870819993738e-03,9.238356499790624553e-04,7.493800226826098166e-04,5.823689240141855785e-04,4.237519185239534462e-04,2.742919206452087435e-04,1.346061522711452965e-04,5.197357396592382263e-06,-1.135267521576935204e-04,-2.212435324556431978e-04,-3.177146795806019440e-04,-4.027898350525367438e-04,-4.764140932826369684e-04,-5.386339399502350009e-04,-5.896029337380659765e-04,-6.295824150042623503e-04,-6.589407829697792925e-04,-6.781468935489203161e-04,-6.877624017203177835e-04,-6.884280996529476126e-04,-6.808503804364771225e-04,-6.657827906440274245e-04,-6.440103525468977982e-04,-6.163309429368117511e-04,-5.835420328243739064e-04,-5.464253768179090295e-04,-5.057381572306061815e-04,-4.622015092263384800e-04,-4.164957953377952595e-04,-3.692525049406307383e-04,-3.210533036753248672e-04,-2.724249107519852273e-04,-2.238412727434139680e-04,-1.757206888718060116e-04,-1.284303987241395498e-04,-8.228548658222044115e-05,-3.755521719630047067e-05,5.537027960488178422e-06,4.680677568565099763e-05,8.610826088584963556e-05,1.233274678094425036e-04,1.583816851367385759e-04,1.912127145681948828e-04,2.217861256943229179e-04,2.500851186955618853e-04,2.761098696442653138e-04,2.998728114751871942e-04,3.213984447173722772e-04,3.407204256894455843e-04,3.578816699715417298e-04,3.729329656713226094e-04,3.859327165933235972e-04,3.969464997941317711e-04,4.060459370778588917e-04,4.133090084779593248e-04,4.188183021098419181e-04,4.226626905139937215e-04,4.249360818925531757e-04,4.257416573596687487e-04,4.251925933449444842e-04,4.234198477400481016e-04,4.205756105867947386e-04,4.168441963720659425e-04,4.124469373289458120e-04,4.076530499900754014e-04,4.027816380264652701e-04,3.982063649510620080e-04,3.943479099115164378e-04,3.916655048866384361e-04,3.906347513131634306e-04,3.917234812423516497e-04,3.953568531742935026e-04,4.018838046595286386e-04,4.115403283249566930e-04,4.244203429869235363e-04,4.404524919472654529e-04,4.593898926249960425e-04,4.808122810605708168e-04,5.041423043215053452e-04,5.286755599749726848e-04,5.536208083613124598e-04,5.781499619616873057e-04,6.014499631911044515e-04,6.227765492285240040e-04,6.414995752444975627e-04,6.571413445685261390e-04,6.693978952527630507e-04,6.781479099553095998e-04,6.834419260287366744e-04,6.854801990240343710e-04,6.845748651242895572e-04,6.811058949922351542e-04,6.754651723855585035e-04,6.679941397951898435e-04,6.589044665148490821e-04,6.481808472596669842e-04,6.354559680393991224e-04,6.198731862726067745e-04,5.999684846320148431e-04,5.736513931203629773e-04,5.383805899778592967e-04,4.916107803097441919e-04,4.314604249148677154e-04,3.574213947696466246e-04,2.708605608507492980e-04,1.751544467027003936e-04,7.533892260698109083e-05,-2.264737432864549527e-05,-1.127314196416904309e-04,-1.892666836053402224e-04,-2.473891815798484736e-04,-2.818713154832143668e-04,-2.847287655775237276e-04,-2.413234262784954870e-04,-1.224064920293362806e-04,1.263088045137253574e-04,5.944756321737662596e-04,1.413903206491884130e-03,2.678881948904291658e-03,3.989006885316452762e-03,3.091956441091692990e-03
0.000000000000000000e+00,0.000000000000000000e+00,0.000000000000000000e+00,0.000000000000000000e+00,0.000000000000000000e+00,0.000000000000000000e+00,0.000000000000000000e+00,0.000000000000000000e+00,0.000000000000000000e+00,0.000000000000000000e+00,0.000000000000000000e+00,0.000000000000000000e+00,0.000000000000000000e+00,0.000000000000000000e+00,0.000000000000000000e+00,0.000000000000000000e+00,0.000000000000000000e+00,0.000000000000000000e+00,0.000000000000000000e+00,0.000000000000000000e+00,0.000000000000000000e+00,0.000000000000000000e+00,0.000000000000000000e+00,0.000000000000000000e+00,0.000000000000000000e+00,0.000000000000000000e+00,0.000000000000000000e+00,0.000000000000000000e+00,0.000000000000000000e+00,0.000000000000000000e+00,0.000000000000000000e+00,0.000000000000000000e+00,0.000000000000000000e+00,0.000000000000000000e+00,0.000000000000000000e+00,0.000000000000000000e+00,0.000000000000000000e+00,0.000000000000000000e+00,0.000000000000000000e+00,0.000000000000000000e+00,0.000000000000000000e+00,0.000000000000000000e+00,0.000000000000000000e+00,0.000000000000000000e+00,0.000000000000000000e+00,0.000000000000000000e+00,0.000000000000000000e+00,0.000000000000000000e+00,0.000000000000000000e+00,0.000000000000000000e+00,0.000000000000000000e+00,0.000000000000000000e+00,0.000000000000000000e+00,0.000000000000000000e+00,0.000000000000000000e+00,0.000000000000000000e+00,0.000000000000000000e+00,0.000000000000000000e+00,0.000000000000000000e+00,0.000000000000000000e+00,0.000000000000000000e+00,0.000000000000000000e+00,0.000000000000000000e+00,0.000000000000000000e+00,0.000000000000000000e+00,0.000000000000000000e+00,0.000000000000000000e+00,0.000000000000000000e+00,0.000000000000000000e+00,0.000000000000000000e+00,0.000000000000000000e+00,0.000000000000000000e+00,0.000000000000000000e+00,0.000000000000000000e+00,0.000000000000000000e+00,0.000000000000000000e+00,0.000000000000000000e+00,0.000000000000000000e+00,0.000000000000000000e+00,0.000000000000000000e+00,0.000000000000000000e+00,0.000000000000000000e+00,0.000000000000000000e+00,0.000000000000000000e+00,0.000000000000000000e+00,0.000000000000000000e+00,0.000000000000000000e+00,0.000000000000000000e+00,0.000000000000000000e+00,0.000000000000000000e+00,0.000000000000000000e+00,0.000000000000000000e+00,0.000000000000000000e+00,0.000000000000000000e+00,0.000000000000000000e+00,0.000000000000000000e+00,0.000000000000000000e+00,0.000000000000000000e+00,0.000000000000000000e+00,0.000000000000000000e+00,0.000000000000000000e+00,0.000000000000000000e+00,0.000000000000000000e+00,0.000000000000000000e+00,0.000000000000000000e+00,0.000000000000000000e+00,0.000000000000000000e+00,0.000000000000000000e+00,0.000000000000000000e+00,0.000000000000000000e+00,0.000000000000000000e+00,0.000000000000000000e+00,0.000000000000000000e+00,0.000000000000000000e+00,0.000000000000000000e+00,0.000000000000000000e+00,0.000000000000000000e+00,0.000000000000000000e+00,0.000000000000000000e+00,0.000000000000000000e+00,0.000000000000000000e+00,0.000000000000000000e+00,0.000000000000000000e+00,0.000000000000000000e+00,0.000000000000000000e+00,0.000000000000000000e+00,0.000000000000000000e+00,0.000000000000000000e+00,0.000000000000000000e+00,0.000000000000000000e+00,0.000000000000000000e+00,0.000000000000000000e+00,0.000000000000000000e+00,0.000000000000000000e+00,0.000000000000000000e+00,0.000000000000000000e+00,0.000000000000000000e+00,0.000000000000000000e+00,0.000000000000000000e+00,0.000000000000000000e+00,0.000000000000000000e+00,0.000000000000000000e+00,0.000000000000000000e+00,0.000000000000000000e+00,0.000000000000000000e+00,0.000000000000000000e+00,0.000000000000000000e+00,0.000000000000000000e+00,0.000000000000000000e+00,0.000000000000000000e+00,0.000000000000000000e+00,0.000000000000000000e+00,0.000000000000000000e+00,0.000000000000000000e+00,0.000000000000000000e+00,0.000000000000000000e+00,0.000000000000000000e+00,0.000000000000000000e+00,0.000000000000000000e+00,0.000000000000000000e+00,0.000000000000000000e+00,0.000000000000000000e+00,0.000000000000000000e+00,0.000000000000000000e+00,0.000000000000000000e+00,0.000000000000000000e+00,0.000000000000000000e+00,0.000000000000000000e+00,0.000000000000000000e+00,0.000000000000000000e+00,0.000000000000000000e+00,0.000000000000000000e+00,0.000000000000000000e+00,0.000000000000000000e+00,0.000000000000000000e+00,0.000000000000000000e+00,-7.737583427080504776e-03,-1.057108829419385089e-02,-1.143867679202210073e-02,-1.102202412707944425e-02,-9.907242224492312024e-03,-8.523000846324433472e-03,-7.120289624627077624e-03,-5.831225549654817965e-03,-4.708260911187071678e-03,-3.759567544848943857e-03,-2.971921710156908737e-03,-2.322974068114664302e-03,-1.789060990071321454e-03,-1.347960618579111805e-03,-9.805327790527527520e-04,-6.703917078840320983e-04,-4.040551868685619721e-04,-1.703983875990756013e-04,3.952849321436770842e-05,2.329409444386259674e-04,4.155540867355977616e-04,5.918812311108121761e-04,7.653798615791637585e-04,9.385813575005540806e-04,1.113143284305085582e-03,1.289914241545752878e-03,1.468980385902863423e-03,1.649716907333790856e-03,1.830823914616163057e-03,2.010356008987800557e-03,2.185759058102368195e-03,2.353948230252891644e-03,2.511436544021334195e-03,2.654508376404201078e-03,2.779419263543202439e-03,2.882607192760921078e-03,2.960903317029170683e-03,3.011734193769777419e-03,3.033299302989228043e-03,3.024703485915202286e-03,2.986024250926103563e-03,2.918306663412317554e-03,2.823487598884387353e-03,2.704261086891943631e-03,2.563899582960806056e-03,2.406050878822949598e-03,2.234529572715678990e-03,2.053122181441921056e-03,1.865420022776061431e-03,1.674690544723782737e-03,1.483791715802366745e-03,1.295129871022160980e-03,1.110657094318688413e-03,9.319009926257588701e-04,7.600184723540762089e-04,5.958629897698880734e-04,4.400569896580356190e-04,2.930596881468266047e-04,1.552258153798833143e-04,2.684883337846687363e-05,-9.181011560024852057e-05,-2.005103733614085383e-04,-2.990309279501752386e-04,-3.871815185031478659e-04,-4.648169803304511515e-04,-5.318563369573823911e-04,-5.882977339039319794e-04,-6.342331576903965451e-04,-6.698550286172822799e-04,-6.954612460851162343e-04,-7.114512178856457125e-04,-7.183211142787155690e-04,-7.166505939275153413e-04,-7.070906881170013758e-04,-6.903448572340223355e-04,-6.671541861571012250e-04,-6.382778531185163973e-04,-6.044803059673110705e-04,-5.665147005327285639e-04,-5.251141839707825377e-04,-4.809791509025345855e-04,-4.347726716836623480e-04,-3.871113850744318011e-04,-3.385647625634431832e-04,-2.896492409442844398e-04,-2.408305650934278175e-04,-1.925204394869470042e-04,-1.450811687123300516e-04,-9.882435056243548625e-05,-5.401702521914528203e-05,-1.088163727001214224e-05,3.039747724556522113e-05,6.967359363465169808e-05,1.068314587086175522e-04,1.417862963008303077e-04,1.744782282924220137e-04,2.048707732047150255e-04,2.329463065241512646e-04,2.587044193363222393e-04,2.821590539242723621e-04,3.033370087731994381e-04,3.222769225467535920e-04,3.390276330618962990e-04,3.536484624759537727e-04,3.662066634213924712e-04,3.767781684651403057e-04,3.854435705695076725e-04,3.922890014473859235e-04,3.974010443717773287e-04,4.008684682712477577e-04,4.027776947772415401e-04,4.032171314665020578e-04,4.022755948606829084e-04,4.000511754195205526e-04,3.966545271989915214e-04,3.922227498126100182e-04,3.869269661877079670e-04,3.809881119058218133e-04,3.746837043352128785e-04,3.683575855088686945e-04,3.624165771295435445e-04,3.573241014445176721e-04,3.535786193478754032e-04,3.516865091341109359e-04,3.521235488348029930e-04,3.552945090468004026e-04,3.614912739974320281e-04,3.708568353923457684e-04,3.833593989498544890e-04,3.987788430956156426e-04,4.167109209670359637e-04,4.365847508414711438e-04,4.576988308993450226e-04,4.792648986931287284e-04,5.004646910824449031e-04,5.205045796985705887e-04,5.386737090826769448e-04,5.543890291801954447e-04,5.672347780058383665e-04,5.769814809991959418e-04,5.835954446890137060e-04,5.872275050902801006e-04,5.881947686748644280e-04,5.869465019655213146e-04,5.840258133179207761e-04,5.800143955509008513e-04,5.754631462733714696e-04,5.707875330684411769e-04,5.661216465778236675e-04,5.611161688238841929e-04,5.547053667072680220e-04,5.449018516298280521e-04,5.287506465084017499e-04,5.025911345594734131e-04,4.627116857042579503e-04,4.062912308850106851e-04,3.323442316264514054e-04,2.423363049008551387e-04,1.402572946305754393e-04,3.209411277600491923e-05,-7.514971629736782316e-05,-1.744071513566629740e-04,-2.592842695855046694e-04,-3.244623192781053897e-04,-3.646925581130939457e-04,-3.724170257119957875e-04,-3.342273406456385248e-04,-2.230100395998802268e-04,1.233690896530166635e-05,4.576939643611359332e-04,1.242958146965282345e-03,2.475361326957115603e-03,3.799062430901286192e-03,3.015205155461746743e-03
0.000000000000000000e+00,0.000000000000000000e+00,0.000000000000000000e+00,0.000000000000000000e+00,0.000000000000000000e+00,0.000000000000000000e+00,0.000000000000000000e+00,0.000000000000000000e+00,0.000000000000000000e+00,0.000000000000000000e+00,0.000000000000000000e+00,0.000000000000000000e+00,0.000000000000000000e+00,0.000000000000000000e+00,0.000000000000000000e+00,0.000000000000000000e+00,0.000000000000000000e+00,0.000000000000000000e+00,0.000000000000000000e+00,0.000000000000000000e+00,0.000000000000000000e+00,0.000000000000000000e+00,0.000000000000000000e+00,0.000000000000000000e+00,0.000000000000000000e+00,0.000000000000000000e+00,0.000000000000000000e+00,0.000000000000000000e+00,0.000000000000000000e+00,0.000000000000000000e+00,0.000000000000000000e+00,0.000000000000000000e+00,0.000000000000000000e+00,0.000000000000000000e+00,0.000000000000000000e+00,0.000000000000000000e+00,0.000000000000000000e+00,0.000000000000000000e+00,0.000000000000000000e+00,0.000000000000000000e+00,0.000000000000000000e+00,0.000000000000000000e+00,0.000000000000000000e+00,0.000000000000000000e+00,0.000000000000000000e+00,0.000000000000000000e+00,0.000000000000000000e+00,0.000000000000000000e+00,0.000000000000000000e+00,0.000000000000000000e+00,0.000000000000000000e+00,0.000000000000000000e+00,0.000000000000000000e+00,0.000000000000000000e+00,0.000000000000000000e+00,0.000000000000000000e+00,0.000000000000000000e+00,0.000000000000000000e+00,0.000000000000000000e+00,0.000000000000000000e+00,0.000000000000000000e+00,0.000000000000000000e+00,0.000000000000000000e+00,0.000000000000000000e+00,0.000000000000000000e+00,0.000000000000000000e+00,0.000000000000000000e+00,0.000000000000000000e+00,0.000000000000000000e+00,0.000000000000000000e+00,0.000000000000000000e+00,0.000000000000000000e+00,0.000000000000000000e+00,0.000000000000000000e+00,0.000000000000000000e+00,0.000000000000000000e+00,0.000000000000000000e+00,0.000000000000000000e+00,0.000000000000000000e+00,0.000000000000000000e+00,0.000000000000000000e+00,0.000000000000000000e+00,0.000000000000000000e+00,0.000000000000000000e+00,0.000000000000000000e+00,0.000000000000000000e+00,0.000000000000000000e+00,0.000000000000000000e+00,0.000000000000000000e+00,0.000000000000000000e+00,0.000000000000000000e+00,0.000000000000000000e+00,0.000000000000000000e+00,0.000000000000000000e+00,0.000000000000000000e+00,0.000000000000000000e+00,0.000000000000000000e+00,0.000000000000000000e+00,0.000000000000000000e+00,0.000000000000000000e+00,0.000000000000000000e+00,0.000000000000000000e+00,0.000000000000000000e+00,0.000000000000000000e+00,0.000000000000000000e+00,0.000000000000000000e+00,0.000000000000000000e+00,0.000000000000000000e+00,0.000000000000000000e+00,0.000000000000000000e+00,0.000000000000000000e+00,0.000000000000000000e+00,0.000000000000000000e+00,0.000000000000000000e+00,0.000000000000000000e+00,0.000000000000000000e+00,0.000000000000000000e+00,0.000000000000000000e+00,0.000000000000000000e+00,0.000000000000000000e+00,0.000000000000000000e+00,0.000000000000000000e+00,0.000000000000000000e+00,0.000000000000000000e+00,0.000000000000000000e+00,0.000000000000000000e+00,0.000000000000000000e+00,0.000000000000000000e+00,0.000000000000000000e+00,0.000000000000000000e+00,0.000000000000000000e+00,0.000000000000000000e+00,0.000000000000000000e+00,0.000000000000000000e+00,0.000000000000000000e+00,0.000000000000000000e+00,0.000000000000000000e+00,0.000000000000000000e+00,0.000000000000000000e+00,0.000000000000000000e+00,0.000000000000000000e+00,0.000000000000000000e+00,0.000000000000000000e+00,0.000000000000000000e+00,0.000000000000000000e+00,0.000000000000000000e+00,0.000000000000000000e+00,0.000000000000000000e+00,0.000000000000000000e+00,0.000000000000000000e+00,0.000000000000000000e+00,0.000000000000000000e+00,0.000000000000000000e+00,0.000000000000000000e+00,0.000000000000000000e+00,0.000000000000000000e+00,0.000000000000000000e+00,0.000000000000000000e+00,0.000000000000000000e+00,0.000000000000000000e+00,0.000000000000000000e+00,0.000000000000000000e+00,0.000000000000000000e+00,0.000000000000000000e+00,0.000000000000000000e+00,0.000000000000000000e+00,0.000000000000000000e+00,0.000000000000000000e+00,0.000000000000000000e+00,0.000000000000000000e+00,0.000000000000000000e+00,0.000000000000000000e+00,0.000000000000000000e+00,0.000000000000000000e+00,0.000000000000000000e+00,0.000000000000000000e+00,-7.042941352602070416e-03,-9.851364003462370622e-03,-1.085899426735817061e-02,-1.061235919653343018e-02,-9.651573229751082839e-03,-8.376754830866604828e-03,-7.043195824603420627e-03,-5.790372672064360987e-03,-4.680723535044901094e-03,-3.731142018841174073e-03,-2.933811107384375408e-03,-2.270884085530425981e-03,-1.720480731479792245e-03,-1.261923555212160616e-03,-8.764513487434876350e-04,-5.482197550409535509e-04,-2.637989735834237706e-04,-1.224833260912489938e-05,2.153732529016177922e-04,4.261586717662555184e-04,6.257152581840236347e-04,8.183415367445356350e-04,1.007236034676713653e-03,1.194580915387306527e-03,1.381619673231603874e-03,1.568702357281038249e-03,1.755354300253488507e-03,1.940342257248172698e-03,2.121750501349601095e-03,2.297054512200340497e-03,2.463210171880597394e-03,2.616776913310416355e-03,2.754091742242387956e-03,2.871485306796612430e-03,2.965518660444609912e-03,3.033212935463087609e-03,3.072254048615389883e-03,3.081159992279607854e-03,3.059399877151858498e-03,3.007449231680800993e-03,2.926771062912485438e-03,2.819722438195056829e-03,2.689398309985508578e-03,2.539431175474306072e-03,2.373767960058138175e-03,2.196445993060359200e-03,2.011386859794884584e-03,1.822223965931606170e-03,1.632172994393847306e-03,1.443950690947408931e-03,1.259740900579863149e-03,1.081204061884671322e-03,9.095221032726017981e-04,7.454694904323850386e-04,5.895000028847984831e-04,4.418383925375450648e-04,3.025684451223725757e-04,1.717084210290934149e-04,4.927054907296787281e-05,-6.470067039719553466e-05,-1.701083975471687465e-04,-2.668033665887263074e-04,-3.545958222940384999e-04,-4.332798638534671220e-04,-5.026598930745245159e-04,-5.625808788597007511e-04,-6.129523118674308014e-04,-6.537706243108695183e-04,-6.851311322423814980e-04,-7.072372742076213359e-04,-7.203987750641466757e-04,-7.250284810042590582e-04,-7.216293354296109521e-04,-7.107827113620024785e-04,-6.931291573623371473e-04,-6.693537292397387173e-04,-6.401659550438120946e-04,-6.062868506899413840e-04,-5.684316585249552618e-04,-5.273007111763715598e-04,-4.835660308095787903e-04,-4.378663122055755997e-04,-3.907974319187541997e-04,-3.429112530190326432e-04,-2.947096301931898823e-04,-2.466461822895686900e-04,-1.991230846009836868e-04,-1.524949773042861981e-04,-1.070680356809982346e-04,-6.310512004050573354e-05,-2.082631573627211557e-05,1.958584117980318050e-05,5.798503666024933437e-05,9.425652075998851710e-05,1.283150703681850411e-04,1.601011495908636804e-04,1.895782553549505702e-04,2.167303545022046844e-04,2.415589986008887273e-04,2.640825188225072646e-04,2.843331250107270338e-04,3.023577878745625259e-04,3.182149167304507598e-04,3.319760982365409663e-04,3.437214549100398790e-04,3.535411089223350410e-04,3.615285517747971974e-04,3.677812778328688748e-04,3.723926055089595770e-04,3.754522980008724825e-04,3.770389470150253765e-04,3.772230263330118784e-04,3.760633862181693649e-04,3.736160256765000518e-04,3.699381784176794421e-04,3.651047258338823028e-04,3.592203225589177739e-04,3.524405105126946522e-04,3.449857041250614436e-04,3.371565961408101871e-04,3.293369784804556287e-04,3.219891587837732491e-04,3.156336267046348071e-04,3.108174978832488051e-04,3.080719463720494504e-04,3.078632212151026222e-04,3.105452627040049957e-04,3.163159055629506449e-04,3.251887020879468257e-04,3.369761284206236433e-04,3.512966415320927676e-04,3.675936090822927828e-04,3.851775968978862633e-04,4.032734828156121971e-04,4.210832504810320680e-04,4.378422092279008197e-04,4.528801223675845040e-04,4.656648409372494881e-04,4.758422208368659131e-04,4.832533023146812668e-04,4.879458656651550555e-04,4.901659437059275107e-04,4.903476473669958653e-04,4.890880381203565252e-04,4.871191066491170510e-04,4.852559066639651258e-04,4.843177662875216140e-04,4.849885038300523845e-04,4.876019754222402623e-04,4.918342665503102739e-04,4.963448849425027573e-04,4.984699593295270322e-04,4.941726293254554338e-04,4.784547057017986575e-04,4.463027023282485476e-04,3.939566878815582403e-04,3.200889091522727279e-04,2.264602085471399489e-04,1.178509799291810718e-04,1.276705901058055329e-06,-1.152146791112858135e-04,-2.236965438099440778e-04,-3.171840914231473501e-04,-3.901111767682210519e-04,-4.373068394060946988e-04,-4.518002027221732267e-04,-4.213434713120013837e-04,-3.210589591554435340e-04,-1.026814924818563092e-04,3.159458904719163489e-04,1.063162048351364453e-03,2.258725560920506713e-03,3.594052043665875093e-03,2.930280804957889791e-03
0.000000000000000000e+00,0.000000000000000000e+00,0.000000000000000000e+00,0.000000000000000000e+00,0.000000000000000000e+00,0.000000000000000000e+00,0.000000000000000000e+00,0.000000000000000000e+00,0.000000000000000000e+00,0.000000000000000000e+00,0.000000000000000000e+00,0.000000000000000000e+00,0.000000000000000000e+00,0.000000000000000000e+00,0.000000000000000000e+00,0.000000000000000000e+00,0.000000000000000000e+00,0.000000000000000000e+00,0.000000000000000000e+00,0.000000000000000000e+00,0.000000000000000000e+00,0.000000000000000000e+00,0.000000000000000000e+00,0.000000000000000000e+00,0.000000000000000000e+00,0.000000000000000000e+00,0.000000000000000000e+00,0.000000000000000000e+00,0.000000000000000000e+00,0.000000000000000000e+00,0.000000000000000000e+00,0.000000000000000000e+00,0.000000000000000000e+00,0.000000000000000000e+00,0.000000000000000000e+00,0.000000000000000000e+00,0.000000000000000000e+00,0.000000000000000000e+00,0.000000000000000000e+00,0.000000000000000000e+00,0.000000000000000000e+00,0.000000000000000000e+00,0.000000000000000000e+00,0.000000000000000000e+00,0.000000000000000000e+00,0.000000000000000000e+00,0.000000000000000000e+00,0.000000000000000000e+00,0.000000000000000000e+00,0.000000000000000000e+00,0.000000000000000000e+00,0.000000000000000000e+00,0.000000000000000000e+00,0.000000000000000000e+00,0.000000000000000000e+00,0.000000000000000000e+00,0.000000000000000000e+00,0.000000000000000000e+00,0.000000000000000000e+00,0.000000000000000000e+00,0.000000000000000000e+00,0.000000000000000000e+00,0.000000000000000000e+00,0.000000000000000000e+00,0.000000000000000000e+00,0.000000000000000000e+00,0.000000000000000000e+00,0.000000000000000000e+00,0.000000000000000000e+00,0.000000000000000000e+00,0.000000000000000000e+00,0.000000000000000000e+00,0.000000000000000000e+00,0.000000000000000000e+00,0.000000000000000000e+00,0.000000000000000000e+00,0.000000000000000000e+00,0.000000000000000000e+00,0.000000000000000000e+00,0.000000000000000000e+00,0.000000000000000000e+00,0.000000000000000000e+00,0.000000000000000000e+00,0.000000000000000000e+00,0.000000000000000000e+00,0.000000000000000000e+00,0.000000000000000000e+00,0.000000000000000000e+00,0.000000000000000000e+00,0.000000000000000000e+00,0.000000000000000000e+00,0.000000000000000000e+00,0.000000000000000000e+00,0.000000000000000000e+00,0.000000000000000000e+00,0.000000000000000000e+00,0.000000000000000000e+00,0.000000000000000000e+00,0.000000000000000000e+00,0.000000000000000000e+00,0.000000000000000000e+00,0.000000000000000000e+00,0.000000000000000000e+00,0.000000000000000000e+00,0.000000000000000000e+00,0.000000000000000000e+00,0.000000000000000000e+00,0.000000000000000000e+00,0.000000000000000000e+00,0.000000000000000000e+00,0.000000000000000000e+00,0.000000000000000000e+00,0.000000000000000000e+00,0.000000000000000000e+00,0.000000000000000000e+00,0.000000000000000000e+00,0.000000000000000000e+00,0.000000000000000000e+00,0.000000000000000000e+00,0.000000000000000000e+00,0.000000000000000000e+00,0.000000000000000000e+00,0.000000000000000000e+00,0.000000000000000000e+00,0.000000000000000000e+00,0.000000000000000000e+00,0.000000000000000000e+00,0.000000000000000000e+00,0.000000000000000000e+00,0.000000000000000000e+00,0.000000000000000000e+00,0.000000000000000000e+00,0.000000000000000000e+00,0.000000000000000000e+00,0.000000000000000000e+00,0.000000000000000000e+00,0.000000000000000000e+00,0.000000000000000000e+00,0.000000000000000000e+00,0.000000000000000000e+00,0.000000000000000000e+00,0.000000000000000000e+00,0.000000000000000000e+00,0.000000000000000000e+00,0.000000000000000000e+00,0.000000000000000000e+00,0.000000000000000000e+00,0.000000000000000000e+00,0.000000000000000000e+00,0.000000000000000000e+00,0.000000000000000000e+00,0.000000000000000000e+00,0.000000000000000000e+00,0.000000000000000000e+00,0.000000000000000000e+00,0.000000000000000000e+00,0.000000000000000000e+00,0.000000000000000000e+00,0.000000000000000000e+00,0.000000000000000000e+00,0.000000000000000000e+00,0.000000000000000000e+00,0.000000000000000000e+00,0.000000000000000000e+00,0.000000000000000000e+00,0.000000000000000000e+00,0.000000000000000000e+00,0.000000000000000000e+00,0.000000000000000000e+00,0.000000000000000000e+00,0.000000000000000000e+00,0.000000000000000000e+00,0.000000000000000000e+00,0.000000000000000000e+00,0.000000000000000000e+00,0.000000000000000000e+00,-6.276047665862904620e-03,-9.023327533842627479e-03,-1.014667054527320159e-02,-1.008494088431697265e-02,-9.292067117101088583e-03,-8.148796419066222513e-03,-6.902556223463945928e-03,-5.699912544387497441e-03,-4.614183631330130535e-03,-3.669882806319026917e-03,-2.867091815394369209e-03,-2.191732776839463472e-03,-1.625743797097867985e-03,-1.149656462403428250e-03,-7.460755521674714832e-04,-3.995011575847080007e-04,-9.701706866349323597e-05,1.721939952587641656e-04,4.168152927813840568e-04,6.437737598852215229e-04,8.583760724491854271e-04,1.064589113436304737e-03,1.265178522035083396e-03,1.461854161435531237e-03,1.655330599387693988e-03,1.845401395112069784e-03,2.031015103892560951e-03,2.210381471611730549e-03,2.381087834373383366e-03,2.540230949134480304e-03,2.684560764719532387e-03,2.810651583030274181e-03,2.915107610123225928e-03,2.994799018493513390e-03,3.047101788207123244e-03,3.070110534927084859e-03,3.062798660197334124e-03,3.025116840420224301e-03,2.958023535371110454e-03,2.863445175766071021e-03,2.744163712317574267e-03,2.603643354428160535e-03,2.445813330511357239e-03,2.274832521730970995e-03,2.094856809620356843e-03,1.909831211546713379e-03,1.723319453911508056e-03,1.538382007289461817e-03,1.357504053841077909e-03,1.182573389617353702e-03,1.014902075768205764e-03,8.552843283547370556e-04,7.040812064985599609e-04,5.613209104064947929e-04,4.268058829447593972e-04,3.002148134246917350e-04,1.811945315205918631e-04,6.943181296322806066e-05,-3.529407969976999522e-05,-1.330847264003659123e-04,-2.239146254448457873e-04,-3.076455415725917308e-04,-3.840512822602743979e-04,-4.528554000299028119e-04,-5.137681582158828367e-04,-5.665268781045993719e-04,-6.109268141188118869e-04,-6.468498346193028280e-04,-6.742797726196273064e-04,-6.933146068073652024e-04,-7.041654201886157587e-04,-7.071540566524192866e-04,-7.026997127961188841e-04,-6.913073461456980965e-04,-6.735479446434463995e-04,-6.500437659799473272e-04,-6.214479299310919982e-04,-5.884310935416842093e-04,-5.516638477494415892e-04,-5.118069593880721991e-04,-4.694978026241684432e-04,-4.253445799664763998e-04,-3.799169702184000317e-04,-3.337439992725674221e-04,-2.873084506624817326e-04,-2.410474774611481581e-04,-1.953500838543519881e-04,-1.505596274455252032e-04,-1.069738059479735003e-04,-6.484809296715060632e-05,-2.439739365488508382e-05,1.420066625308552293e-05,5.080303763981447755e-05,8.529865645200235768e-05,1.176048416606523950e-04,1.476656725751860862e-04,1.754477246877935955e-04,2.009398457085391639e-04,2.241486684420603524e-04,2.451001116778559223e-04,2.638348443785745560e-04,2.804112129929375733e-04,2.949001597843283048e-04,3.073884688956076360e-04,3.179720760844931141e-04,3.267581474567872500e-04,3.338558631160403172e-04,3.393764272465701654e-04,3.434216508883477267e-04,3.460827466507508817e-04,3.474293136580317411e-04,3.475102653618384447e-04,3.463482113373608177e-04,3.439476511340457078e-04,3.403003152288855610e-04,3.354045202289329870e-04,3.292832258050913522e-04,3.220117359827506321e-04,3.137406016253902548e-04,3.047177665135011935e-04,2.952982634264701895e-04,2.859412216866495117e-04,2.771899347255354766e-04,2.696346701451224868e-04,2.638646975914816974e-04,2.604099576057331738e-04,2.596876464236851784e-04,2.619511663972238125e-04,2.672601622831150187e-04,2.754618127585990403e-04,2.862012772620942851e-04,2.989429773088218812e-04,3.130186251132043409e-04,3.276772605147334431e-04,3.421522076801229630e-04,3.557175589234035681e-04,3.677499577170807764e-04,3.777698287508072595e-04,3.854806064270030171e-04,3.907851071979016443e-04,3.938007884842445613e-04,3.948580948745786180e-04,3.945029575695094422e-04,3.934865258531417042e-04,3.927518524621473610e-04,3.933874482237992016e-04,3.965345422704575772e-04,4.031992943381832481e-04,4.139461575507816086e-04,4.284542185984494423e-04,4.450078637279368597e-04,4.600937108033123285e-04,4.683987005981462529e-04,4.634619907102883562e-04,4.389908546325811721e-04,3.904754293682825643e-04,3.165277578490587767e-04,2.194654606313331394e-04,1.049847502650741714e-04,-1.890898555795448050e-05,-1.433288603940412718e-04,-2.597641092213667617e-04,-3.609759784739902870e-04,-4.413923876805023161e-04,-4.961741221969850034e-04,-5.189802908998225085e-04,-4.988939817866377014e-04,-4.130614401413153702e-04,-2.161766154222712749e-04,1.708974221367267655e-04,8.746801317883702229e-04,2.028052928996347537e-03,3.371744520951595100e-03,2.835606945585075582e-03
0.000000000000000000e+00,0.000000000000000000e+00,0.000000000000000000e+00,0.000000000000000000e+00,0.000000000000000000e+00,0.000000000000000000e+00,0.000000000000000000e+00,0.000000000000000000e+00,0.000000000000000000e+00,0.000000000000000000e+00,0.000000000000000000e+00,0.000000000000000000e+00,0.000000000000000000e+00,0.000000000000000000e+00,0.000000000000000000e+00,0.000000000000000000e+00,0.000000000000000000e+00,0.000000000000000000e+00,0.000000000000000000e+00,0.000000000000000000e+00,0.000000000000000000e+00,0.000000000000000000e+00,0.000000000000000000e+00,0.000000000000000000e+00,0.000000000000000000e+00,0.000000000000000000e+00,0.000000000000000000e+00,0.000000000000000000e+00,0.000000000000000000e+00,0.000000000000000000e+00,0.000000000000000000e+00,0.000000000000000000e+00,0.000000000000000000e+00,0.000000000000000000e+00,0.000000000000000000e+00,0.000000000000000000e+00,0.000000000000000000e+00,0.000000000000000000e+00,0.000000000000000000e+00,0.000000000000000000e+00,0.000000000000000000e+00,0.000000000000000000e+00,0.000000000000000000e+00,0.000000000000000000e+00,0.000000000000000000e+00,0.000000000000000000e+00,0.000000000000000000e+00,0.000000000000000000e+00,0.000000000000000000e+00,0.000000000000000000e+00,0.000000000000000000e+00,0.000000000000000000e+00,0.000000000000000000e+00,0.000000000000000000e+00,0.000000000000000000e+00,0.000000000000000000e+00,0.000000000000000000e+00,0.000000000000000000e+00,0.000000000000000000e+00,0.000000000000000000e+00,0.000000000000000000e+00,0.000000000000000000e+00,0.000000000000000000e+00,0.000000000000000000e+00,0.000000000000000000e+00,0.000000000000000000e+00,0.000000000000000000e+00,0.000000000000000000e+00,0.000000000000000000e+00,0.000000000000000000e+00,0.000000000000000000e+00,0.000000000000000000e+00,0.000000000000000000e+00,0.000000000000000000e+00,0.000000000000000000e+00,0.000000000000000000e+00,0.000000000000000000e+00,0.000000000000000000e+00,0.000000000000000000e+00,0.000000000000000000e+00,0.000000000000000000e+00,0.000000000000000000e+00,0.000000000000000000e+00,0.000000000000000000e+00,0.000000000000000000e+00,0.000000000000000000e+00,0.000000000000000000e+00,0.000000000000000000e+00,0.000000000000000000e+00,0.000000000000000000e+00,0.000000000000000000e+00,0.000000000000000000e+00,0.000000000000000000e+00,0.000000000000000000e+00,0.000000000000000000e+00,0.000000000000000000e+00,0.000000000000000000e+00,0.000000000000000000e+00,0.000000000000000000e+00,0.000000000000000000e+00,0.000000000000000000e+00,0.000000000000000000e+00,0.000000000000000000e+00,0.000000000000000000e+00,0.000000000000000000e+00,0.000000000000000000e+00,0.000000000000000000e+00,0.000000000000000000e+00,0.000000000000000000e+00,0.000000000000000000e+00,0.000000000000000000e+00,0.000000000000000000e+00,0.000000000000000000e+00,0.000000000000000000e+00,0.000000000000000000e+00,0.000000000000000000e+00,0.000000000000000000e+00,0.000000000000000000e+00,0.000000000000000000e+00,0.000000000000000000e+00,0.000000000000000000e+00,0.000000000000000000e+00,0.000000000000000000e+00,0.000000000000000000e+00,0.000000000000000000e+00,0.000000000000000000e+00,0.000000000000000000e+00,0.000000000000000000e+00,0.000000000000000000e+00,0.000000000000000000e+00,0.000000000000000000e+00,0.000000000000000000e+00,0.000000000000000000e+00,0.000000000000000000e+00,0.000000000000000000e+00,0.000000000000000000e+00,0.000000000000000000e+00,0.000000000000000000e+00,0.000000000000000000e+00,0.000000000000000000e+00,0.000000000000000000e+00,0.000000000000000000e+00,0.000000000000000000e+00,0.000000000000000000e+00,0.000000000000000000e+00,0.000000000000000000e+00,0.000000000000000000e+00,0.000000000000000000e+00,0.000000000000000000e+00,0.000000000000000000e+00,0.000000000000000000e+00,0.000000000000000000e+00,0.000000000000000000e+00,0.000000000000000000e+00,0.000000000000000000e+00,0.000000000000000000e+00,0.000000000000000000e+00,0.000000000000000000e+00,0.000000000000000000e+00,0.000000000000000000e+00,0.000000000000000000e+00,0.000000000000000000e+00,0.000000000000000000e+00,0.000000000000000000e+00,0.000000000000000000e+00,0.000000000000000000e+00,0.000000000000000000e+00,0.000000000000000000e+00,0.000000000000000000e+00,0.000000000000000000e+00,0.000000000000000000e+00,0.000000000000000000e+00,0.000000000000000000e+00,0.000000000000000000e+00,0.000000000000000000e+00,0.000000000000000000e+00,-5.465821341933703621e-03,-8.077616062192696442e-03,-9.302362239144717701e-03,-9.413766426298562917e-03,-8.806025617802965347e-03,-7.812437614221955616e-03,-6.672927249543454849e-03,-5.538917710024656230e-03,-4.489744655288964090e-03,-3.561435926981412585e-03,-2.759390143107521079e-03,-2.076605818516634710e-03,-1.497731589059370268e-03,-1.006449298834033662e-03,-5.863698307268474423e-04,-2.232149239887463088e-04,9.551580328392292253e-05,3.800748062909985333e-04,6.388304197409316355e-04,8.782633254725916985e-04,1.103261989033838030e-03,1.317273054049070873e-03,1.522532663436444288e-03,1.720193525147919577e-03,1.910442584790503825e-03,2.092578788089229178e-03,2.265124138578348753e-03,2.425958446977090083e-03,2.572484966856568214e-03,2.701809616624157879e-03,2.810932716290329494e-03,2.896949178736237841e-03,2.957261729199811735e-03,2.989799846228774136e-03,2.993223329801084163e-03,2.967077262702571324e-03,2.911875278884062945e-03,2.829103872539478950e-03,2.721153629881980802e-03,2.591185255566637920e-03,2.442941463415269823e-03,2.280522744146768182e-03,2.108149310120104210e-03,1.929933649892955419e-03,1.749681740351645334e-03,1.570737827581082657e-03,1.395878232674361251e-03,1.227256963852768352e-03,1.066398159941518448e-03,9.142303747728497236e-04,7.711537390963777491e-04,6.371313118553000292e-04,5.117954753540526714e-04,3.945596061447051764e-04,2.847277765302035015e-04,1.815930527341951786e-04,8.452081189214464369e-05,-6.990433490009060880e-06,-9.326951904593914090e-05,-1.744589457368957814e-04,-2.505205165545568396e-04,-3.212618097327949612e-04,-3.863728531495196246e-04,-4.454733892583847437e-04,-4.981587756335546270e-04,-5.440464876160267275e-04,-5.828125845162637764e-04,-6.142232211819091637e-04,-6.381527251067033168e-04,-6.545960817183917296e-04,-6.636688214461963992e-04,-6.656036813099269495e-04,-6.607376010830606035e-04,-6.494989026256220129e-04,-6.323881692246395136e-04,-6.099623148870232745e-04,-5.828150141130956571e-04,-5.515621039202930681e-04,-5.168249105670541955e-04,-4.792190295425256190e-04,-4.393418250581444112e-04,-3.977650522549478840e-04,-3.550267318897959868e-04,-3.116272317463592749e-04,-2.680250106391544570e-04,-2.246352619494356329e-04,-1.818288508131331977e-04,-1.399326900591312298e-04,-9.923122858576087382e-05,-5.996760722237996636e-05,-2.234685643144525505e-05,1.346308785547139035e-05,4.732704492102167811e-05,7.914215397084638985e-05,1.088326466694354252e-04,1.363502832120714508e-04,1.616686344206102143e-04,1.847847942806398608e-04,2.057136788339482009e-04,2.244912264235547942e-04,2.411688805274170581e-04,2.558178235477463628e-04,2.685230732334820537e-04,2.793874035704349643e-04,2.885237464178304324e-04,2.960568823037141922e-04,3.021127699201174577e-04,3.068166107858062751e-04,3.102791117568284569e-04,3.125917970721507708e-04,3.138133337481203663e-04,3.139666431238253490e-04,3.130320907064020053e-04,3.109539394001250602e-04,3.076485330794609917e-04,3.030263992822219456e-04,2.970185177418334225e-04,2.896109636802255034e-04,2.808786560199308456e-04,2.710138062741235991e-04,2.603427806169323635e-04,2.493228485872354830e-04,2.385216357825508217e-04,2.285723277831858949e-04,2.201197809895947839e-04,2.137524636415409813e-04,2.099440722455521186e-04,2.089965459486803367e-04,2.110101691493610767e-04,2.158645165679537415e-04,2.232333054067809556e-04,2.326083418904396308e-04,2.433524692269835863e-04,2.547511574697060039e-04,2.660812645141835491e-04,2.766655947557236693e-04,2.859328509479293887e-04,2.934551134688377074e-04,2.989855603692714772e-04,3.024751166465563124e-04,3.040935381833804736e-04,3.042387554097409686e-04,3.035567877715815476e-04,3.029517129837230936e-04,3.035905096417663551e-04,3.068619385350023344e-04,3.142625309287586880e-04,3.271448053863304051e-04,3.462939424499512095e-04,3.713236123218508931e-04,4.000107399358152700e-04,4.278342626885235319e-04,4.481092282232646429e-04,4.529777453938631931e-04,4.351382355626679573e-04,3.897396390041074979e-04,3.157360253957811817e-04,2.162363394860432211e-04,9.784743994283814125e-05,-3.068111512315863229e-05,-1.600065658902493184e-04,-2.814991113211041864e-04,-3.880713087376992296e-04,-4.745289270395004430e-04,-5.365486914171576586e-04,-5.686828613701454998e-04,-5.612805331338344356e-04,-4.938007785742952807e-04,-3.235100129635856063e-04,2.547707913908253512e-05,6.788891087261709817e-04,1.782249389743347260e-03,3.129742609986060822e-03,2.728878945562574106e-03
0.000000000000000000e+00,0.000000000000000000e+00,0.000000000000000000e+00,0.000000000000000000e+00,0.000000000000000000e+00,0.000000000000000000e+00,0.000000000000000000e+00,0.000000000000000000e+00,0.000000000000000000e+00,0.000000000000000000e+00,0.000000000000000000e+00,0.000000000000000000e+00,0.000000000000000000e+00,0.000000000000000000e+00,0.000000000000000000e+00,0.000000000000000000e+00,0.000000000000000000e+00,0.000000000000000000e+00,0.000000000000000000e+00,0.000000000000000000e+00,0.000000000000000000e+00,0.000000000000000000e+00,0.000000000000000000e+00,0.000000000000000000e+00,0.000000000000000000e+00,0.000000000000000000e+00,0.000000000000000000e+00,0.000000000000000000e+00,0.000000000000000000e+00,0.000000000000000000e+00,0.000000000000000000e+00,0.000000000000000000e+00,0.000000000000000000e+00,0.000000000000000000e+00,0.000000000000000000e+00,0.000000000000000000e+00,0.000000000000000000e+00,0.000000000000000000e+00,0.000000000000000000e+00,0.000000000000000000e+00,0.000000000000000000e+00,0.000000000000000000e+00,0.000000000000000000e+00,0.000000000000000000e+00,0.000000000000000000e+00,0.000000000000000000e+00,0.000000000000000000e+00,0.000000000000000000e+00,0.000000000000000000e+00,0.000000000000000000e+00,0.000000000000000000e+00,0.000000000000000000e+00,0.000000000000000000e+00,0.000000000000000000e+00,0.000000000000000000e+00,0.000000000000000000e+00,0.000000000000000000e+00,0.000000000000000000e+00,0.000000000000000000e+00,0.000000000000000000e+00,0.000000000000000000e+00,0.000000000000000000e+00,0.000000000000000000e+00,0.000000000000000000e+00,0.000000000000000000e+00,0.000000000000000000e+00,0.000000000000000000e+00,0.000000000000000000e+00,0.000000000000000000e+00,0.000000000000000000e+00,0.000000000000000000e+00,0.000000000000000000e+00,0.000000000000000000e+00,0.000000000000000000e+00,0.000000000000000000e+00,0.000000000000000000e+00,0.000000000000000000e+00,0.000000000000000000e+00,0.000000000000000000e+00,0.000000000000000000e+00,0.000000000000000000e+00,0.000000000000000000e+00,0.000000000000000000e+00,0.000000000000000000e+00,0.000000000000000000e+00,0.000000000000000000e+00,0.000000000000000000e+00,0.000000000000000000e+00,0.000000000000000000e+00,0.000000000000000000e+00,0.000000000000000000e+00,0.000000000000000000e+00,0.000000000000000000e+00,0.000000000000000000e+00,0.000000000000000000e+00,0.000000000000000000e+00,0.000000000000000000e+00,0.000000000000000000e+00,0.000000000000000000e+00,0.000000000000000000e+00,0.000000000000000000e+00,0.000000000000000000e+00,0.000000000000000000e+00,0.000000000000000000e+00,0.000000000000000000e+00,0.000000000000000000e+00,0.000000000000000000e+00,0.000000000000000000e+00,0.000000000000000000e+00,0.000000000000000000e+00,0.000000000000000000e+00,0.000000000000000000e+00,0.000000000000000000e+00,0.000000000000000000e+00,0.000000000000000000e+00,0.000000000000000000e+00,0.000000000000000000e+00,0.000000000000000000e+00,0.000000000000000000e+00,0.000000000000000000e+00,0.000000000000000000e+00,0.000000000000000000e+00,0.000000000000000000e+00,0.000000000000000000e+00,0.000000000000000000e+00,0.000000000000000000e+00,0.000000000000000000e+00,0.000000000000000000e+00,0.000000000000000000e+00,0.000000000000000000e+00,0.000000000000000000e+00,0.000000000000000000e+00,0.000000000000000000e+00,0.000000000000000000e+00,0.000000000000000000e+00,0.000000000000000000e+00,0.000000000000000000e+00,0.000000000000000000e+00,0.000000000000000000e+00,0.000000000000000000e+00,0.000000000000000000e+00,0.000000000000000000e+00,0.000000000000000000e+00,0.000000000000000000e+00,0.000000000000000000e+00,0.000000000000000000e+00,0.000000000000000000e+00,0.000000000000000000e+00,0.000000000000000000e+00,0.000000000000000000e+00,0.000000000000000000e+00,0.000000000000000000e+00,0.000000000000000000e+00,0.000000000000000000e+00,0.000000000000000000e+00,0.000000000000000000e+00,0.000000000000000000e+00,0.000000000000000000e+00,0.000000000000000000e+00,0.000000000000000000e+00,0.000000000000000000e+00,0.000000000000000000e+00,0.000000000000000000e+00,0.000000000000000000e+00,0.000000000000000000e+00,0.000000000000000000e+00,0.000000000000000000e+00,0.000000000000000000e+00,0.000000000000000000e+00,0.000000000000000000e+00,0.000000000000000000e+00,0.000000000000000000e+00,0.000000000000000000e+00,0.000000000000000000e+00,0.000000000000000000e+00,0.000000000000000000e+00,-4.599394277588117128e-03,-7.044694762710331307e-03,-8.311195721569363676e-03,-8.588379244712862973e-03,-8.165280943571360389e-03,-7.336479133683856436e-03,-6.326178597070758296e-03,-5.279018752025594480e-03,-4.285413108006033873e-03,-3.385682970368296667e-03,-2.596243955128424083e-03,-1.913852327069243608e-03,-1.329074820703636745e-03,-8.278080474843709001e-04,-3.962210891928016226e-04,-2.106684749249774404e-05,3.089529292174789826e-04,6.034231331186635117e-04,8.699541556882658131e-04,1.114451382270073912e-03,1.341188391910763276e-03,1.553069200108018718e-03,1.751800645960189824e-03,1.938089803163712231e-03,2.111766275486819718e-03,2.271900681927758927e-03,2.416928493022484862e-03,2.544817951523925190e-03,2.653264552955906554e-03,2.739903073047588941e-03,2.802518582507584205e-03,2.839248054009964415e-03,2.848765735424589780e-03,2.830448956133037059e-03,2.784506387498901850e-03,2.712045493079035668e-03,2.615058373298724797e-03,2.496330003553111961e-03,2.359281560127028058e-03,2.207772614450060483e-03,2.045877584061972596e-03,1.877662183897494232e-03,1.706975349976616379e-03,1.537278397698996343e-03,1.371516591847110091e-03,1.212041660020482785e-03,1.060579588113989445e-03,9.182416893260465264e-04,7.855688285065269994e-04,6.626027016854003047e-04,5.489757560890363725e-04,4.440119819524386471e-04,3.468331497569622610e-04,2.564620423965457995e-04,1.719199397395190082e-04,9.230949861167622576e-05,1.688329460791377598e-05,-5.491021530210512494e-05,-1.233997149231282411e-04,-1.886891691899621388e-04,-2.506730837702409375e-04,-3.090718460666077878e-04,-3.634754882138244961e-04,-4.133970763505878795e-04,-4.583232816796244590e-04,-4.977642888701165613e-04,-5.312926745596473384e-04,-5.585759467527412654e-04,-5.793953738694044208e-04,-5.936579208822831194e-04,-6.013961819541378730e-04,-6.027639092344867213e-04,-5.980232447217873667e-04,-5.875308362969104735e-04,-5.717194773796386870e-04,-5.510812273028953961e-04,-5.261489819438155838e-04,-4.974808238911275363e-04,-4.656446677127228703e-04,-4.312057700385307042e-04,-3.947156730613190991e-04,-3.567033265367714075e-04,-3.176684639706822493e-04,-2.780759155957528302e-04,-2.383528722399963734e-04,-1.988855681604324833e-04,-1.600197677397677428e-04,-1.220590370145699621e-04,-8.526774280145876480e-05,-4.987003055376684139e-05,-1.605452851177072371e-05,1.602669536842690073e-05,4.625225210183641955e-05,7.453285253014131433e-05,1.008046238909939810e-04,1.250312302061259474e-04,1.471969273293820843e-04,1.673097803289218472e-04,1.853950365263945489e-04,2.014996083502815303e-04,2.156859721797412975e-04,2.280374087877841665e-04,2.386518094126355652e-04,2.476461146628747560e-04,2.551483668270548063e-04,2.612988724477194606e-04,2.662384346242868314e-04,2.701041828139716036e-04,2.730135307308285443e-04,2.750556118986320392e-04,2.762747837885841840e-04,2.766637741248870945e-04,2.761557451124180425e-04,2.746295391295443147e-04,2.719212964158916699e-04,2.678505444413687570e-04,2.622553364804462370e-04,2.550347661438929678e-04,2.461928877625782974e-04,2.358727702023150465e-04,2.243779520092680998e-04,2.121672140533708434e-04,1.998307725267700011e-04,1.880375863541185275e-04,1.774751155073549464e-04,1.687739391090928363e-04,1.624461237784596867e-04,1.588260391496603612e-04,1.580422876800441768e-04,1.600010135642469225e-04,1.644050040751451240e-04,1.707806736169710830e-04,1.785334582369193634e-04,1.869993666170723426e-04,1.955118763515374723e-04,2.034525396249907859e-04,2.103060244179933455e-04,2.156930754077368952e-04,2.194057215065986521e-04,2.214257657012720561e-04,2.219534281796843838e-04,2.214316257632871227e-04,2.205868421674542549e-04,2.204632095682432724e-04,2.224463064965067542e-04,2.282241606479062891e-04,2.396415133237903396e-04,2.583674163211043960e-04,2.853363702384268514e-04,3.199780677375142247e-04,3.594266974635575954e-04,3.980853285562657522e-04,4.280085464468163028e-04,4.403034165184245845e-04,4.272206971691001930e-04,3.841566596073965069e-04,3.108082202536525387e-04,2.111603571842109238e-04,9.248668113343425014e-05,-3.617612020289162010e-05,-1.655956132532263199e-04,-2.875540949600129755e-04,-3.956075364417801794e-04,-4.852601198973863434e-04,-5.530275325414331410e-04,-5.944602267594137606e-04,-6.015288067054441355e-04,-5.559012657078268643e-04,-4.181505080603466684e-04,-1.149452710790993987e-04,4.779853989365594582e-04,1.520921569451419994e-03,2.864242945032448480e-03,2.606954667921351776e-03
0.000000000000000000e+00,0.000000000000000000e+00,0.000000000000000000e+00,0.000000000000000000e+00,0.000000000000000000e+00,0.000000000000000000e+00,0.000000000000000000e+00,0.000000000000000000e+00,0.000000000000000000e+00,0.000000000000000000e+00,0.000000000000000000e+00,0.000000000000000000e+00,0.000000000000000000e+00,0.000000000000000000e+00,0.000000000000000000e+00,0.000000000000000000e+00,0.000000000000000000e+00,0.000000000000000000e+00,0.000000000000000000e+00,0.000000000000000000e+00,0.000000000000000000e+00,0.000000000000000000e+00,0.000000000000000000e+00,0.000000000000000000e+00,0.000000000000000000e+00,0.000000000000000000e+00,0.000000000000000000e+00,0.000000000000000000e+00,0.000000000000000000e+00,0.000000000000000000e+00,0.000000000000000000e+00,0.000000000000000000e+00,0.000000000000000000e+00,0.000000000000000000e+00,0.000000000000000000e+00,0.000000000000000000e+00,0.000000000000000000e+00,0.000000000000000000e+00,0.000000000000000000e+00,0.000000000000000000e+00,0.000000000000000000e+00,0.000000000000000000e+00,0.000000000000000000e+00,0.000000000000000000e+00,0.000000000000000000e+00,0.000000000000000000e+00,0.000000000000000000e+00,0.000000000000000000e+00,0.000000000000000000e+00,0.000000000000000000e+00,0.000000000000000000e+00,0.000000000000000000e+00,0.000000000000000000e+00,0.000000000000000000e+00,0.000000000000000000e+00,0.000000000000000000e+00,0.000000000000000000e+00,0.000000000000000000e+00,0.000000000000000000e+00,0.000000000000000000e+00,0.000000000000000000e+00,0.000000000000000000e+00,0.000000000000000000e+00,0.000000000000000000e+00,0.000000000000000000e+00,0.000000000000000000e+00,0.000000000000000000e+00,0.000000000000000000e+00,0.000000000000000000e+00,0.000000000000000000e+00,0.000000000000000000e+00,0.000000000000000000e+00,0.000000000000000000e+00,0.000000000000000000e+00,0.000000000000000000e+00,0.000000000000000000e+00,0.000000000000000000e+00,0.000000000000000000e+00,0.000000000000000000e+00,0.000000000000000000e+00,0.000000000000000000e+00,0.000000000000000000e+00,0.000000000000000000e+00,0.000000000000000000e+00,0.000000000000000000e+00,0.000000000000000000e+00,0.000000000000000000e+00,0.000000000000000000e+00,0.000000000000000000e+00,0.000000000000000000e+00,0.000000000000000000e+00,0.000000000000000000e+00,0.000000000000000000e+00,0.000000000000000000e+00,0.000000000000000000e+00,0.000000000000000000e+00,0.000000000000000000e+00,0.000000000000000000e+00,0.000000000000000000e+00,0.000000000000000000e+00,0.000000000000000000e+00,0.000000000000000000e+00,0.000000000000000000e+00,0.000000000000000000e+00,0.000000000000000000e+00,0.000000000000000000e+00,0.000000000000000000e+00,0.000000000000000000e+00,0.000000000000000000e+00,0.000000000000000000e+00,0.000000000000000000e+00,0.000000000000000000e+00,0.000000000000000000e+00,0.000000000000000000e+00,0.000000000000000000e+00,0.000000000000000000e+00,0.000000000000000000e+00,0.000000000000000000e+00,0.000000000000000000e+00,0.000000000000000000e+00,0.000000000000000000e+00,0.000000000000000000e+00,0.000000000000000000e+00,0.000000000000000000e+00,0.000000000000000000e+00,0.000000000000000000e+00,0.000000000000000000e+00,0.000000000000000000e+00,0.000000000000000000e+00,0.000000000000000000e+00,0.000000000000000000e+00,0.000000000000000000e+00,0.000000000000000000e+00,0.000000000000000000e+00,0.000000000000000000e+00,0.000000000000000000e+00,0.000000000000000000e+00,0.000000000000000000e+00,0.000000000000000000e+00,0.000000000000000000e+00,0.000000000000000000e+00,0.000000000000000000e+00,0.000000000000000000e+00,0.000000000000000000e+00,0.000000000000000000e+00,0.000000000000000000e+00,0.000000000000000000e+00,0.000000000000000000e+00,0.000000000000000000e+00,0.000000000000000000e+00,0.000000000000000000e+00,0.000000000000000000e+00,0.000000000000000000e+00,0.000000000000000000e+00,0.000000000000000000e+00,0.000000000000000000e+00,0.000000000000000000e+00,0.000000000000000000e+00,0.000000000000000000e+00,0.000000000000000000e+00,0.000000000000000000e+00,0.000000000000000000e+00,0.000000000000000000e+00,0.000000000000000000e+00,0.000000000000000000e+00,0.000000000000000000e+00,0.000000000000000000e+00,0.000000000000000000e+00,0.000000000000000000e+00,0.000000000000000000e+00,0.000000000000000000e+00,0.000000000000000000e+00,0.000000000000000000e+00,0.000000000000000000e+00,0.000000000000000000e+00,0.000000000000000000e+00,-3.696033513144218133e-03,-5.934236358539022108e-03,-7.206787957437116657e-03,-7.596509765841608433e-03,-7.346908067715354242e-03,-6.696030030464959065e-03,-5.828939772306317851e-03,-4.892962539415499079e-03,-3.972667436340482014e-03,-3.121970013953185782e-03,-2.359783993932809167e-03,-1.691922859857018921e-03,-1.112254745956936432e-03,-6.113455013148279835e-04,-1.774314125428933767e-04,2.004289217095596139e-04,5.322077499364913063e-04,8.261686518147380977e-04,1.089056345691116279e-03,1.326020497458288558e-03,1.540824798148963688e-03,1.735967004353268983e-03,1.912897757844166536e-03,2.072187688932291931e-03,2.213692769625163689e-03,2.336681823858176733e-03,2.439983694758087168e-03,2.522163474677661769e-03,2.581729527713721301e-03,2.617345838683727156e-03,2.628030711903353057e-03,2.613322519208717207e-03,2.573404843834331893e-03,2.509187380472786052e-03,2.422336623706663333e-03,2.315243076676224213e-03,2.190917923275741575e-03,2.052830218845891775e-03,1.904708561506767914e-03,1.750334730980365955e-03,1.593348534217554381e-03,1.437081788804555520e-03,1.284429088323007454e-03,1.137762673573350152e-03,9.988882394735400325e-04,8.690397709736428361e-04,7.489051794099829771e-04,6.386767740913115807e-04,5.381185847377144933e-04,4.466454175220777468e-04,3.634086389533338875e-04,2.873842575391133652e-04,2.174603849393149562e-04,1.525200657971193636e-04,9.151727791607193550e-05,3.354172831673288090e-05,-2.212924932494040776e-05,-7.599612100469001446e-05,-1.283204985001523083e-04,-1.791288879708775156e-04,-2.282340214746898755e-04,-2.752724091387275256e-04,-3.197518611947108218e-04,-3.611050788021295008e-04,-3.987425014382725216e-04,-4.321009665130579416e-04,-4.606838243495537137e-04,-4.840912864881556513e-04,-5.020400348388130794e-04,-5.143726838875807084e-04,-5.210586895767140058e-04,-5.221876976093415158e-04,-5.179583521674832212e-04,-5.086627114288358757e-04,-4.946700229342146458e-04,-4.764084288449067393e-04,-4.543489386054456796e-04,-4.289883691164871516e-04,-4.008364029785443147e-04,-3.704015559363244480e-04,-3.381824258246790343e-04,-3.046570961102816328e-04,-2.702786105207193642e-04,-2.354674036255694099e-04,-2.006104470075856152e-04,-1.660560050259935209e-04,-1.321157884322789417e-04,-9.906132445346448089e-05,-6.712836663570217023e-05,-3.651412204329233856e-05,-7.383171614298119640e-06,2.013499253394571169e-05,4.593905386480412548e-05,6.995834033247556329e-05,9.214540740647843254e-05,1.124788689209565659e-04,1.309561159532839731e-04,1.475969215145410808e-04,1.624369442570287295e-04,1.755323244693570079e-04,1.869542663803274362e-04,1.967941761498992730e-04,2.051586567049145315e-04,2.121734291606545400e-04,2.179765866081272412e-04,2.227181539355755269e-04,2.265486505726012703e-04,2.296115210437716671e-04,2.320260857880228757e-04,2.338740582883252204e-04,2.351816460620604547e-04,2.359081612832964023e-04,2.359387075825687262e-04,2.350881992235372131e-04,2.331182099627582662e-04,2.297669020858550252e-04,2.247936679591873519e-04,2.180277304659844441e-04,2.094203724990781974e-04,1.990807799892576420e-04,1.872988558995083530e-04,1.745348089009589169e-04,1.613909496618895164e-04,1.485515917140647847e-04,1.367191037145684717e-04,1.265350734271644077e-04,1.185197991420081505e-04,1.130149821157973918e-04,1.101602994652639089e-04,1.098806335183254710e-04,1.119090780725167967e-04,1.158155368675452539e-04,1.210617309650152267e-04,1.270497355590681997e-04,1.331836107584394443e-04,1.389134897100376337e-04,1.437834884291672578e-04,1.474592351038125698e-04,1.497602092157406819e-04,1.506809669514009892e-04,1.504286104029310309e-04,1.494639747470583393e-04,1.485648131090557087e-04,1.488842645129387398e-04,1.519906577392467618e-04,1.598236776220139383e-04,1.745056043584781221e-04,1.979170731275781126e-04,2.310021771417358858e-04,2.728628187793174218e-04,3.199239075063024795e-04,3.656457997981040473e-04,4.012539111185187005e-04,4.175252457082464174e-04,4.070558030208114384e-04,3.660978431137282079e-04,2.953158749498566941e-04,1.993704651784748792e-04,8.570142394628816164e-05,-3.700666736502493430e-05,-1.602436854027485718e-04,-2.767430322802519067e-04,-3.810836607504162923e-04,-4.697937939838498379e-04,-5.404000522930643181e-04,-5.897921274400574291e-04,-6.116634711492919185e-04,-5.906412972265881077e-04,-4.907425748046143456e-04,-2.429102306952376968e-04,2.769718137460167929e-04,1.243197976351609942e-03,2.570765249109517765e-03,2.464210035147635768e-03
0.000000000000000000e+00,0.000000000000000000e+00,0.000000000000000000e+00,0.000000000000000000e+00,0.000000000000000000e+00,0.000000000000000000e+00,0.000000000000000000e+00,0.000000000000000000e+00,0.000000000000000000e+00,0.000000000000000000e+00,0.000000000000000000e+00,0.000000000000000000e+00,0.000000000000000000e+00,0.000000000000000000e+00,0.000000000000000000e+00,0.000000000000000000e+00,0.000000000000000000e+00,0.000000000000000000e+00,0.000000000000000000e+00,0.000000000000000000e+00,0.000000000000000000e+00,0.000000000000000000e+00,0.000000000000000000e+00,0.000000000000000000e+00,0.000000000000000000e+00,0.000000000000000000e+00,0.000000000000000000e+00,0.000000000000000000e+00,0.000000000000000000e+00,0.000000000000000000e+00,0.000000000000000000e+00,0.000000000000000000e+00,0.000000000000000000e+00,0.000000000000000000e+00,0.000000000000000000e+00,0.000000000000000000e+00,0.000000000000000000e+00,0.000000000000000000e+00,0.000000000000000000e+00,0.000000000000000000e+00,0.000000000000000000e+00,0.000000000000000000e+00,0.000000000000000000e+00,0.000000000000000000e+00,0.000000000000000000e+00,0.000000000000000000e+00,0.000000000000000000e+00,0.000000000000000000e+00,0.000000000000000000e+00,0.000000000000000000e+00,0.000000000000000000e+00,0.000000000000000000e+00,0.000000000000000000e+00,0.000000000000000000e+00,0.000000000000000000e+00,0.000000000000000000e+00,0.000000000000000000e+00,0.000000000000000000e+00,0.000000000000000000e+00,0.000000000000000000e+00,0.000000000000000000e+00,0.000000000000000000e+00,0.000000000000000000e+00,0.000000000000000000e+00,0.000000000000000000e+00,0.000000000000000000e+00,0.000000000000000000e+00,0.000000000000000000e+00,0.000000000000000000e+00,0.000000000000000000e+00,0.000000000000000000e+00,0.000000000000000000e+00,0.000000000000000000e+00,0.000000000000000000e+00,0.000000000000000000e+00,0.000000000000000000e+00,0.000000000000000000e+00,0.000000000000000000e+00,0.000000000000000000e+00,0.000000000000000000e+00,0.000000000000000000e+00,0.000000000000000000e+00,0.000000000000000000e+00,0.000000000000000000e+00,0.000000000000000000e+00,0.000000000000000000e+00,0.000000000000000000e+00,0.000000000000000000e+00,0.000000000000000000e+00,0.000000000000000000e+00,0.000000000000000000e+00,0.000000000000000000e+00,0.000000000000000000e+00,0.000000000000000000e+00,0.000000000000000000e+00,0.000000000000000000e+00,0.000000000000000000e+00,0.000000000000000000e+00,0.000000000000000000e+00,0.000000000000000000e+00,0.000000000000000000e+00,0.000000000000000000e+00,0.000000000000000000e+00,0.000000000000000000e+00,0.000000000000000000e+00,0.000000000000000000e+00,0.000000000000000000e+00,0.000000000000000000e+00,0.000000000000000000e+00,0.000000000000000000e+00,0.000000000000000000e+00,0.000000000000000000e+00,0.000000000000000000e+00,0.000000000000000000e+00,0.000000000000000000e+00,0.000000000000000000e+00,0.000000000000000000e+00,0.000000000000000000e+00,0.000000000000000000e+00,0.000000000000000000e+00,0.000000000000000000e+00,0.000000000000000000e+00,0.000000000000000000e+00,0.000000000000000000e+00,0.000000000000000000e+00,0.000000000000000000e+00,0.000000000000000000e+00,0.000000000000000000e+00,0.000000000000000000e+00,0.000000000000000000e+00,0.000000000000000000e+00,0.000000000000000000e+00,0.000000000000000000e+00,0.000000000000000000e+00,0.000000000000000000e+00,0.000000000000000000e+00,0.000000000000000000e+00,0.000000000000000000e+00,0.000000000000000000e+00,0.000000000000000000e+00,0.000000000000000000e+00,0.000000000000000000e+00,0.000000000000000000e+00,0.000000000000000000e+00,0.000000000000000000e+00,0.000000000000000000e+00,0.000000000000000000e+00,0.000000000000000000e+00,0.000000000000000000e+00,0.000000000000000000e+00,0.000000000000000000e+00,0.000000000000000000e+00,0.000000000000000000e+00,0.000000000000000000e+00,0.000000000000000000e+00,0.000000000000000000e+00,0.000000000000000000e+00,0.000000000000000000e+00,0.000000000000000000e+00,0.000000000000000000e+00,0.000000000000000000e+00,0.000000000000000000e+00,0.000000000000000000e+00,0.000000000000000000e+00,0.000000000000000000e+00,0.000000000000000000e+00,0.000000000000000000e+00,0.000000000000000000e+00,0.000000000000000000e+00,0.000000000000000000e+00,0.000000000000000000e+00,0.000000000000000000e+00,0.000000000000000000e+00,0.000000000000000000e+00,0.000000000000000000e+00,0.000000000000000000e+00,-2.711539103404183443e-03,-4.858320603241911458e-03,-5.991810546809876216e-03,-6.444955264752528536e-03,-6.354480720645478212e-03,-5.868052029660421158e-03,-5.160926488400811689e-03,-4.349133146290125665e-03,-3.528668484031379209e-03,-2.746913938954357974e-03,-2.034234634212818329e-03,-1.399162150698618316e-03,-8.424463513908077858e-04,-3.579130654491077899e-04,6.230378707363452818e-05,4.269057941568244960e-04,7.437785948838439602e-04,1.019950170001849990e-03,1.261248542645502287e-03,1.472383451583569652e-03,1.656906117223997743e-03,1.817333265510782817e-03,1.955271403426489876e-03,2.071604085172892504e-03,2.166655574449708691e-03,2.240345886395480809e-03,2.292340568898075265e-03,2.322223845123667658e-03,2.329686172017574747e-03,2.314705831646195287e-03,2.277697519848334486e-03,2.219609955301838061e-03,2.141964816794546169e-03,2.046842639039083908e-03,1.936819155343749580e-03,1.814858521914211858e-03,1.684164407734017052e-03,1.548011669542135238e-03,1.409576181676401845e-03,1.271791762424091072e-03,1.137237092595055465e-03,1.008063839703747955e-03,8.859550031820029575e-04,7.721168840474292201e-04,6.672919296506731523e-04,5.717932819802950357e-04,4.855508266541320398e-04,4.081678192530150068e-04,3.389812640032132513e-04,2.771254586207566335e-04,2.215960001283009181e-04,1.713127732218731013e-04,1.251819535134101355e-04,8.215434089441280908e-05,4.128089543426288169e-05,1.760419476520900528e-06,-3.702012980057591500e-05,-7.545954477752048217e-05,-1.137296693791462366e-04,-1.517814748168784175e-04,-1.893659408914859937e-04,-2.260706974742303713e-04,-2.613651883068861996e-04,-2.946518850345983373e-04,-3.253162465694032688e-04,-3.527725732939013953e-04,-3.765016243975949405e-04,-3.960785229196776770e-04,-4.111909166762461117e-04,-4.216468553004242567e-04,-4.273755688507137871e-04,-4.284201715523745682e-04,-4.249274977374701829e-04,-4.171325274314667368e-04,-4.053439022313571282e-04,-3.899258643852422613e-04,-3.712842134287879263e-04,-3.498493649387330456e-04,-3.260653250760639434e-04,-3.003755192848525006e-04,-2.732157370658274179e-04,-2.450031077461330186e-04,-2.161329735589850940e-04,-1.869706708164359352e-04,-1.578518016597401405e-04,-1.290762415797242922e-04,-1.009111510155005840e-04,-7.358657566845482338e-05,-4.730045915293379090e-05,-2.221521547591258128e-05,1.535923967097804561e-06,2.385179407150737638e-05,4.465613384652110000e-05,6.390024490817114390e-05,8.155556613965228975e-05,9.761648875051405461e-05,1.120933399076469092e-04,1.250158007923984785e-04,1.364270085013550291e-04,1.463879192738271919e-04,1.549729407133539408e-04,1.622749172228603657e-04,1.684015672220837178e-04,1.734791121586704368e-04,1.776467951264547492e-04,1.810552983732004488e-04,1.838555304382015216e-04,1.861884959512219038e-04,1.881672303863620224e-04,1.898599265497717616e-04,1.912709914944686976e-04,1.923273705270779090e-04,1.928723207428959126e-04,1.926704417217323898e-04,1.914291741252445369e-04,1.888331423448027602e-04,1.845948907442507400e-04,1.785070248037376266e-04,1.704963693994626401e-04,1.606576452809830560e-04,1.492720094927457177e-04,1.367907722875107395e-04,1.238021550098139902e-04,1.109685708547400505e-04,9.896289840682937768e-05,8.839354205962516469e-05,7.974928442862599508e-05,7.334930875886427925e-05,6.932545178755028709e-05,6.761482466002774483e-05,6.798411300465766552e-05,7.005815623328158709e-05,7.337017565524842761e-05,7.740486622736410922e-05,8.165091363842624567e-05,8.563721941895397394e-05,8.897155312298595691e-05,9.136270998505198872e-05,9.264911481211500195e-05,9.282322687425294770e-05,9.207685142260564073e-05,9.085839964428766408e-05,8.995525560727605607e-05,9.057213221495401820e-05,9.437926994882062006e-05,1.034552281043343624e-04,1.200486706048502959e-04,1.460680879490277651e-04,1.822847227073687542e-04,2.273727733889481430e-04,2.771580404970238709e-04,3.246005432600748133e-04,3.608834296180223034e-04,3.774112641096685110e-04,3.679413149825227504e-04,3.299804172806844070e-04,2.650492876037970091e-04,1.779816136461821426e-04,7.569772815458746537e-05,-3.413297456601095833e-05,-1.442720553576910640e-04,-2.487740779968029186e-04,-3.434916190704116550e-04,-4.260874763254535961e-04,-4.952816276001122640e-04,-5.494323541122285610e-04,-5.844335103135479088e-04,-5.882121395333603014e-04,-5.302218595224781391e-04,-3.465071661321354139e-04,8.308793012962667967e-05,9.507138026351564207e-04,2.241065295974522219e-03,2.292025916817001276e-03
0.000000000000000000e+00,0.000000000000000000e+00,0.000000000000000000e+00,0.000000000000000000e+00,0.000000000000000000e+00,0.000000000000000000e+00,0.000000000000000000e+00,0.000000000000000000e+00,0.000000000000000000e+00,0.000000000000000000e+00,0.000000000000000000e+00,0.000000000000000000e+00,0.000000000000000000e+00,0.000000000000000000e+00,0.000000000000000000e+00,0.000000000000000000e+00,0.000000000000000000e+00,0.000000000000000000e+00,0.000000000000000000e+00,0.000000000000000000e+00,0.000000000000000000e+00,0.000000000000000000e+00,0.000000000000000000e+00,0.000000000000000000e+00,0.000000000000000000e+00,0.000000000000000000e+00,0.000000000000000000e+00,0.000000000000000000e+00,0.000000000000000000e+00,0.000000000000000000e+00,0.000000000000000000e+00,0.000000000000000000e+00,0.000000000000000000e+00,0.000000000000000000e+00,0.000000000000000000e+00,0.000000000000000000e+00,0.000000000000000000e+00,0.000000000000000000e+00,0.000000000000000000e+00,0.000000000000000000e+00,0.000000000000000000e+00,0.000000000000000000e+00,0.000000000000000000e+00,0.000000000000000000e+00,0.000000000000000000e+00,0.000000000000000000e+00,0.000000000000000000e+00,0.000000000000000000e+00,0.000000000000000000e+00,0.000000000000000000e+00,0.000000000000000000e+00,0.000000000000000000e+00,0.000000000000000000e+00,0.000000000000000000e+00,0.000000000000000000e+00,0.000000000000000000e+00,0.000000000000000000e+00,0.000000000000000000e+00,0.000000000000000000e+00,0.000000000000000000e+00,0.000000000000000000e+00,0.000000000000000000e+00,0.000000000000000000e+00,0.000000000000000000e+00,0.000000000000000000e+00,0.000000000000000000e+00,0.000000000000000000e+00,0.000000000000000000e+00,0.000000000000000000e+00,0.000000000000000000e+00,0.000000000000000000e+00,0.000000000000000000e+00,0.000000000000000000e+00,0.000000000000000000e+00,0.000000000000000000e+00,0.000000000000000000e+00,0.000000000000000000e+00,0.000000000000000000e+00,0.000000000000000000e+00,0.000000000000000000e+00,0.000000000000000000e+00,0.000000000000000000e+00,0.000000000000000000e+00,0.000000000000000000e+00,0.000000000000000000e+00,0.000000000000000000e+00,0.000000000000000000e+00,0.000000000000000000e+00,0.000000000000000000e+00,0.000000000000000000e+00,0.000000000000000000e+00,0.000000000000000000e+00,0.000000000000000000e+00,0.000000000000000000e+00,0.000000000000000000e+00,0.000000000000000000e+00,0.000000000000000000e+00,0.000000000000000000e+00,0.000000000000000000e+00,0.000000000000000000e+00,0.000000000000000000e+00,0.000000000000000000e+00,0.000000000000000000e+00,0.000000000000000000e+00,0.000000000000000000e+00,0.000000000000000000e+00,0.000000000000000000e+00,0.000000000000000000e+00,0.000000000000000000e+00,0.000000000000000000e+00,0.000000000000000000e+00,0.000000000000000000e+00,0.000000000000000000e+00,0.000000000000000000e+00,0.000000000000000000e+00,0.000000000000000000e+00,0.000000000000000000e+00,0.000000000000000000e+00,0.000000000000000000e+00,0.000000000000000000e+00,0.000000000000000000e+00,0.000000000000000000e+00,0.000000000000000000e+00,0.000000000000000000e+00,0.000000000000000000e+00,0.000000000000000000e+00,0.000000000000000000e+00,0.000000000000000000e+00,0.000000000000000000e+00,0.000000000000000000e+00,0.000000000000000000e+00,0.000000000000000000e+00,0.000000000000000000e+00,0.000000000000000000e+00,0.000000000000000000e+00,0.000000000000000000e+00,0.000000000000000000e+00,0.000000000000000000e+00,0.000000000000000000e+00,0.000000000000000000e+00,0.000000000000000000e+00,0.000000000000000000e+00,0.000000000000000000e+00,0.000000000000000000e+00,0.000000000000000000e+00,0.000000000000000000e+00,0.000000000000000000e+00,0.000000000000000000e+00,0.000000000000000000e+00,0.000000000000000000e+00,0.000000000000000000e+00,0.000000000000000000e+00,0.000000000000000000e+00,0.000000000000000000e+00,0.000000000000000000e+00,0.000000000000000000e+00,0.000000000000000000e+00,0.000000000000000000e+00,0.000000000000000000e+00,0.000000000000000000e+00,0.000000000000000000e+00,0.000000000000000000e+00,0.000000000000000000e+00,0.000000000000000000e+00,0.000000000000000000e+00,0.000000000000000000e+00,0.000000000000000000e+00,0.000000000000000000e+00,0.000000000000000000e+00,0.000000000000000000e+00,0.000000000000000000e+00,0.000000000000000000e+00,0.000000000000000000e+00,0.000000000000000000e+00,0.000000000000000000e+00,0.000000000000000000e+00,0.000000000000000000e+00,-3.808426868819771074e-03,-4.700225452729721483e-03,-5.195306281073046144e-03,-5.196588202707544575e-03,-4.864629561971495902e-03,-4.303759253504788225e-03,-3.638005991657036579e-03,-2.932796441357655385e-03,-2.246638941005409899e-03,-1.607177892636285415e-03,-1.030907927007181915e-03,-5.218689726331571591e-04,-7.915340828301105694e-05,3.021298779327990440e-04,6.279477644783763380e-04,9.047522194758006930e-04,1.138621589575722695e-03,1.335086065814402190e-03,1.498843521983966821e-03,1.633700968326113386e-03,1.742557818693748909e-03,1.827532379674808938e-03,1.890131609337697676e-03,1.931439655254640984e-03,1.952277090333093745e-03,1.953344920355991592e-03,1.935364748051868243e-03,1.899216950715667878e-03,1.846057181564523956e-03,1.777387095674176545e-03,1.695067187363725417e-03,1.601275533488963386e-03,1.498427796405454480e-03,1.389074207858466458e-03,1.275788263623626106e-03,1.161054339403379222e-03,1.047166515155996402e-03,9.361476776534169084e-04,8.296979776679427052e-04,7.291693584802891792e-04,6.355617178961885496e-04,5.495332077649764998e-04,4.714216731074689849e-04,4.012734158495388369e-04,3.388782148448891973e-04,2.838078638275630438e-04,2.354565406358303376e-04,1.930805284889900255e-04,1.558376041730660745e-04,1.228253489478094130e-04,9.311943547899211450e-05,6.581167505253855048e-05,4.004883827403066840e-05,1.507080109768739417e-05,-9.752920145006572930e-06,-3.489224283973002501e-05,-6.063361713915909186e-05,-8.707003929728957556e-05,-1.141043845100982716e-04,-1.414684350409023449e-04,-1.687531526751168815e-04,-1.954495764306798456e-04,-2.209922317392512569e-04,-2.448044472140306150e-04,-2.663369733412062918e-04,-2.851023094429819488e-04,-3.006973529921876153e-04,-3.128205180343835681e-04,-3.212767387345627306e-04,-3.259793569042868360e-04,-3.269418822299326351e-04,-3.242703722491992765e-04,-3.181480344881001780e-04,-3.088238827192463383e-04,-2.965952419525858170e-04,-2.817968017905712300e-04,-2.647841840215369997e-04,-2.459256220572381049e-04,-2.255880714311846798e-04,-2.041323236662277339e-04,-1.819020231964519555e-04,-1.592221492462160678e-04,-1.363906933127585091e-04,-1.136800259093645476e-04,-9.133076388404124844e-05,-6.955538656124317354e-05,-4.853374962594782048e-05,-2.841826663763264582e-05,-9.330573496279723810e-06,8.632322314571641968e-06,2.540058842768008700e-05,4.092496655461895825e-05,5.517884812466999439e-05,6.815176791700786030e-05,7.985137994144045630e-05,9.029768572790446504e-05,9.952538562398701371e-05,1.075795829956200902e-04,1.145189975700533676e-04,1.204136538173589913e-04,1.253487677447657719e-04,1.294236029931754761e-04,1.327538646827817234e-04,1.354684988396510079e-04,1.377062543117178425e-04,1.396060845310002462e-04,1.412944480776294497e-04,1.428684363190032950e-04,1.443765054835870231e-04,1.458014209320025061e-04,1.470457010475142014e-04,1.479289256858191189e-04,1.481938466212876383e-04,1.475323148523667496e-04,1.456205288429135306e-04,1.421713537182031021e-04,1.369828779723375022e-04,1.299880124279172459e-04,1.212799245575795729e-04,1.111237692964357716e-04,9.993477655942467023e-05,8.824420815626829505e-05,7.664000659173742143e-05,6.571076294979166115e-05,5.598115158756281285e-05,4.786753843739360344e-05,4.163811907438543289e-05,3.740183165707814799e-05,3.510497089162833214e-05,3.455441824343571553e-05,3.544270137910585322e-05,3.739030278575083071e-05,3.998023071289130324e-05,4.279955568891367446e-05,4.546638308767054170e-05,4.765891781499952850e-05,4.913181725363498594e-05,4.974063285085128739e-05,4.946764042398780673e-05,4.847174047125108468e-05,4.715591499238490407e-05,4.626042715920705473e-05,4.695052538787680907e-05,5.086273520571771197e-05,6.002908578769938357e-05,7.659823699506250515e-05,1.022757321421658420e-04,1.375044436957350094e-04,1.805767053334726452e-04,2.271001816546027547e-04,2.702981978878358713e-04,3.023206366732483752e-04,3.161409869746390801e-04,3.072249200608050341e-04,2.743383127308177518e-04,2.194127037683403904e-04,1.467858772801355785e-04,6.219471581509214495e-05,-2.823823181785194893e-05,-1.188855330410135884e-04,-2.052953551886088635e-04,-2.845964488380694915e-04,-3.555445095252344058e-04,-4.179720493811992866e-04,-4.717973499117071221e-04,-5.152480184126865745e-04,-5.403233953635243596e-04,-5.233446717856607595e-04,-4.106117397292770896e-04,-8.854073962508765951e-05,6.461384896246933143e-04,1.866512547659026711e-03,2.074276717530153680e-03
0.000000000000000000e+00,0.000000000000000000e+00,0.000000000000000000e+00,0.000000000000000000e+00,0.000000000000000000e+00,0.000000000000000000e+00,0.000000000000000000e+00,0.000000000000000000e+00,0.000000000000000000e+00,0.000000000000000000e+00,0.000000000000000000e+00,0.000000000000000000e+00,0.000000000000000000e+00,0.000000000000000000e+00,0.000000000000000000e+00,0.000000000000000000e+00,0.000000000000000000e+00,0.000000000000000000e+00,0.000000000000000000e+00,0.000000000000000000e+00,0.000000000000000000e+00,0.000000000000000000e+00,0.000000000000000000e+00,0.000000000000000000e+00,0.000000000000000000e+00,0.000000000000000000e+00,0.000000000000000000e+00,0.000000000000000000e+00,0.000000000000000000e+00,0.000000000000000000e+00,0.000000000000000000e+00,0.000000000000000000e+00,0.000000000000000000e+00,0.000000000000000000e+00,0.000000000000000000e+00,0.000000000000000000e+00,0.000000000000000000e+00,0.000000000000000000e+00,0.000000000000000000e+00,0.000000000000000000e+00,0.000000000000000000e+00,0.000000000000000000e+00,0.000000000000000000e+00,0.000000000000000000e+00,0.000000000000000000e+00,0.000000000000000000e+00,0.000000000000000000e+00,0.000000000000000000e+00,0.000000000000000000e+00,0.000000000000000000e+00,0.000000000000000000e+00,0.000000000000000000e+00,0.000000000000000000e+00,0.000000000000000000e+00,0.000000000000000000e+00,0.000000000000000000e+00,0.000000000000000000e+00,0.000000000000000000e+00,0.000000000000000000e+00,0.000000000000000000e+00,0.000000000000000000e+00,0.000000000000000000e+00,0.000000000000000000e+00,0.000000000000000000e+00,0.000000000000000000e+00,0.000000000000000000e+00,0.000000000000000000e+00,0.000000000000000000e+00,0.000000000000000000e+00,0.000000000000000000e+00,0.000000000000000000e+00,0.000000000000000000e+00,0.000000000000000000e+00,0.000000000000000000e+00,0.000000000000000000e+00,0.000000000000000000e+00,0.000000000000000000e+00,0.000000000000000000e+00,0.000000000000000000e+00,0.000000000000000000e+00,0.000000000000000000e+00,0.000000000000000000e+00,0.000000000000000000e+00,0.000000000000000000e+00,0.000000000000000000e+00,0.000000000000000000e+00,0.000000000000000000e+00,0.000000000000000000e+00,0.000000000000000000e+00,0.000000000000000000e+00,0.000000000000000000e+00,0.000000000000000000e+00,0.000000000000000000e+00,0.000000000000000000e+00,0.000000000000000000e+00,0.000000000000000000e+00,0.000000000000000000e+00,0.000000000000000000e+00,0.000000000000000000e+00,0.000000000000000000e+00,0.000000000000000000e+00,0.000000000000000000e+00,0.000000000000000000e+00,0.000000000000000000e+00,0.000000000000000000e+00,0.000000000000000000e+00,0.000000000000000000e+00,0.000000000000000000e+00,0.000000000000000000e+00,0.000000000000000000e+00,0.000000000000000000e+00,0.000000000000000000e+00,0.000000000000000000e+00,0.000000000000000000e+00,0.000000000000000000e+00,0.000000000000000000e+00,0.000000000000000000e+00,0.000000000000000000e+00,0.000000000000000000e+00,0.000000000000000000e+00,0.000000000000000000e+00,0.000000000000000000e+00,0.000000000000000000e+00,0.000000000000000000e+00,0.000000000000000000e+00,0.000000000000000000e+00,0.000000000000000000e+00,0.000000000000000000e+00,0.000000000000000000e+00,0.000000000000000000e+00,0.000000000000000000e+00,0.000000000000000000e+00,0.000000000000000000e+00,0.000000000000000000e+00,0.000000000000000000e+00,0.000000000000000000e+00,0.000000000000000000e+00,0.000000000000000000e+00,0.000000000000000000e+00,0.000000000000000000e+00,0.000000000000000000e+00,0.000000000000000000e+00,0.000000000000000000e+00,0.000000000000000000e+00,0.000000000000000000e+00,0.000000000000000000e+00,0.000000000000000000e+00,0.000000000000000000e+00,0.000000000000000000e+00,0.000000000000000000e+00,0.000000000000000000e+00,0.000000000000000000e+00,0.000000000000000000e+00,0.000000000000000000e+00,0.000000000000000000e+00,0.000000000000000000e+00,0.000000000000000000e+00,0.000000000000000000e+00,0.000000000000000000e+00,0.000000000000000000e+00,0.000000000000000000e+00,0.000000000000000000e+00,0.000000000000000000e+00,0.000000000000000000e+00,0.000000000000000000e+00,0.000000000000000000e+00,0.000000000000000000e+00,0.000000000000000000e+00,0.000000000000000000e+00,0.000000000000000000e+00,0.000000000000000000e+00,0.000000000000000000e+00,0.000000000000000000e+00,0.000000000000000000e+00,0.000000000000000000e+00,0.000000000000000000e+00,0.000000000000000000e+00,-2.797375415628811264e-03,-3.478401994864590337e-03,-3.867870762680720043e-03,-3.931107773432272745e-03,-3.694474157442999285e-03,-3.285971537455514499e-03,-2.758255304226194405e-03,-2.189711579834517207e-03,-1.621757681360050992e-03,-1.087535079872730542e-03,-6.035574899544375984e-04,-1.786063032643533444e-04,1.860448600088554537e-04,4.928292137092003681e-04,7.466444538908715862e-04,9.532651269057855915e-04,1.118686707384520564e-03,1.248529703101859895e-03,1.347757785564404100e-03,1.420500107415292260e-03,1.470058007095588655e-03,1.499025515673203541e-03,1.509480751677090256e-03,1.503170266277158813e-03,1.481651381759780750e-03,1.446396005992808646e-03,1.398870139314495678e-03,1.340600665477994060e-03,1.273217605636090422e-03,1.198457518252233440e-03,1.118128478954402748e-03,1.034051500939628778e-03,9.479966760230194595e-04,8.616230798215191323e-04,7.764344270358663038e-04,6.937447591183733492e-04,6.146592388441993399e-04,5.400628253616148898e-04,4.706241597843925845e-04,4.068024203701836486e-04,3.488618774490271257e-04,2.968843738979655119e-04,2.507880343458415446e-04,2.103446986022865922e-04,1.752027178232965518e-04,1.449079583802234618e-04,1.189260419941909949e-04,9.666157288761244553e-05,7.747709588576450141e-05,6.071173014833158865e-05,4.570040927072163516e-05,3.179585167089039698e-05,1.839199167362823504e-05,4.950958767707928689e-06,-8.970873101770603992e-06,-2.369757969592471312e-05,-3.941562308900113188e-05,-5.616352532542971980e-05,-7.383399673252891984e-05,-9.218697774334563898e-05,-1.108736564249834957e-04,-1.294677209244387433e-04,-1.475001634840237706e-04,-1.644945168118225050e-04,-1.799977907120024301e-04,-1.936071865031489619e-04,-2.049881853609259320e-04,-2.138877834972803267e-04,-2.201384451768813734e-04,-2.236594158933434670e-04,-2.244500378889930032e-04,-2.225836140834039118e-04,-2.181949012559659940e-04,-2.114710585637437205e-04,-2.026373661774775320e-04,-1.919485262864367660e-04,-1.796751976232413832e-04,-1.660974500679181069e-04,-1.514933809994775671e-04,-1.361353839220352596e-04,-1.202811980082514062e-04,-1.041729346164470109e-04,-8.803040048365957709e-05,-7.205246739074788406e-05,-5.641228679729250645e-05,-4.126044030315058965e-05,-2.672159330985243391e-05,-1.289884521645777110e-05,1.285848189624087455e-07,1.230031827073069910e-05,2.357642489882632428e-05,3.393214752370890606e-05,4.335909534043305415e-05,5.186018513702548980e-05,5.945074568420538429e-05,6.615420962477830077e-05,7.200359631374085318e-05,7.703865123422787026e-05,8.130826940476130473e-05,8.486960055726078527e-05,8.779130114758434099e-05,9.015372722267663821e-05,9.205082036702614320e-05,9.358805329642860306e-05,9.487868567943764876e-05,9.603533422377864219e-05,9.715772289169606623e-05,9.831769070607205001e-05,9.954186208825744416e-05,1.007975299089202960e-04,1.019812582073496783e-04,1.029189949225563482e-04,1.033743586043599553e-04,1.030739844586076991e-04,1.017400140931069830e-04,9.913478482932047307e-05,9.509995414062208060e-05,8.959339216574850476e-05,8.270485092854306817e-05,7.465959995517770580e-05,6.579656776578286619e-05,5.653828017449701932e-05,4.734372562634222670e-05,3.866527330756220672e-05,3.090103156886856665e-05,2.436293504464085474e-05,1.924916973316104010e-05,1.563769664376693413e-05,1.348580243140433514e-05,1.264843364697731357e-05,1.289781521305651109e-05,1.395452359392752681e-05,1.551265827537858655e-05,1.726883132196996046e-05,1.894048870981979298e-05,2.028506764058719236e-05,2.111116628526500186e-05,2.129726448106432411e-05,2.081616017924140051e-05,1.978244747959666237e-05,1.851988493949664424e-05,1.765103457162396958e-05,1.817982998161511639e-05,2.152645273898929715e-05,2.943901637235247603e-05,4.370768156056396131e-05,6.562968478500508609e-05,9.528415960100772091e-05,1.308469383905093409e-04,1.683411132257797108e-04,2.021615726746940882e-04,2.263321936831693163e-04,2.359731541445436178e-04,2.283298414369148977e-04,2.030611378722429593e-04,1.619307486008398354e-04,1.082122784264430882e-04,4.602431185334429398e-05,-2.031990460189619062e-05,-8.691085433213684738e-05,-1.507438574032774761e-04,-2.100605807695524359e-04,-2.644449213743019049e-04,-3.145508078815431054e-04,-3.615305258003168498e-04,-4.057434961564079724e-04,-4.434528522770683594e-04,-4.592098058159161918e-04,-4.142873646617523456e-04,-2.157090260181540663e-04,3.450524842097947532e-04,1.432821358667339456e-03,1.787365839552385038e-03
0.000000000000000000e+00,0.000000000000000000e+00,0.000000000000000000e+00,0.000000000000000000e+00,0.000000000000000000e+00,0.000000000000000000e+00,0.000000000000000000e+00,0.000000000000000000e+00,0.000000000000000000e+00,0.000000000000000000e+00,0.000000000000000000e+00,0.000000000000000000e+00,0.000000000000000000e+00,0.000000000000000000e+00,0.000000000000000000e+00,0.000000000000000000e+00,0.000000000000000000e+00,0.000000000000000000e+00,0.000000000000000000e+00,0.000000000000000000e+00,0.000000000000000000e+00,0.000000000000000000e+00,0.000000000000000000e+00,0.000000000000000000e+00,0.000000000000000000e+00,0.000000000000000000e+00,0.000000000000000000e+00,0.000000000000000000e+00,0.000000000000000000e+00,0.000000000000000000e+00,0.000000000000000000e+00,0.000000000000000000e+00,0.000000000000000000e+00,0.000000000000000000e+00,0.000000000000000000e+00,0.000000000000000000e+00,0.000000000000000000e+00,0.000000000000000000e+00,0.000000000000000000e+00,0.000000000000000000e+00,0.000000000000000000e+00,0.000000000000000000e+00,0.000000000000000000e+00,0.000000000000000000e+00,0.000000000000000000e+00,0.000000000000000000e+00,0.000000000000000000e+00,0.000000000000000000e+00,0.000000000000000000e+00,0.000000000000000000e+00,0.000000000000000000e+00,0.000000000000000000e+00,0.000000000000000000e+00,0.000000000000000000e+00,0.000000000000000000e+00,0.000000000000000000e+00,0.000000000000000000e+00,0.000000000000000000e+00,0.000000000000000000e+00,0.000000000000000000e+00,0.000000000000000000e+00,0.000000000000000000e+00,0.000000000000000000e+00,0.000000000000000000e+00,0.000000000000000000e+00,0.000000000000000000e+00,0.000000000000000000e+00,0.000000000000000000e+00,0.000000000000000000e+00,0.000000000000000000e+00,0.000000000000000000e+00,0.000000000000000000e+00,0.000000000000000000e+00,0.000000000000000000e+00,0.000000000000000000e+00,0.000000000000000000e+00,0.000000000000000000e+00,0.000000000000000000e+00,0.000000000000000000e+00,0.000000000000000000e+00,0.000000000000000000e+00,0.000000000000000000e+00,0.000000000000000000e+00,0.000000000000000000e+00,0.000000000000000000e+00,0.000000000000000000e+00,0.000000000000000000e+00,0.000000000000000000e+00,0.000000000000000000e+00,0.000000000000000000e+00,0.000000000000000000e+00,0.000000000000000000e+00,0.000000000000000000e+00,0.000000000000000000e+00,0.000000000000000000e+00,0.000000000000000000e+00,0.000000000000000000e+00,0.000000000000000000e+00,0.000000000000000000e+00,0.000000000000000000e+00,0.000000000000000000e+00,0.000000000000000000e+00,0.000000000000000000e+00,0.000000000000000000e+00,0.000000000000000000e+00,0.000000000000000000e+00,0.000000000000000000e+00,0.000000000000000000e+00,0.000000000000000000e+00,0.000000000000000000e+00,0.000000000000000000e+00,0.000000000000000000e+00,0.000000000000000000e+00,0.000000000000000000e+00,0.000000000000000000e+00,0.000000000000000000e+00,0.000000000000000000e+00,0.000000000000000000e+00,0.000000000000000000e+00,0.000000000000000000e+00,0.000000000000000000e+00,0.000000000000000000e+00,0.000000000000000000e+00,0.000000000000000000e+00,0.000000000000000000e+00,0.000000000000000000e+00,0.000000000000000000e+00,0.000000000000000000e+00,0.000000000000000000e+00,0.000000000000000000e+00,0.000000000000000000e+00,0.000000000000000000e+00,0.000000000000000000e+00,0.000000000000000000e+00,0.000000000000000000e+00,0.000000000000000000e+00,0.000000000000000000e+00,0.000000000000000000e+00,0.000000000000000000e+00,0.000000000000000000e+00,0.000000000000000000e+00,0.000000000000000000e+00,0.000000000000000000e+00,0.000000000000000000e+00,0.000000000000000000e+00,0.000000000000000000e+00,0.000000000000000000e+00,0.000000000000000000e+00,0.000000000000000000e+00,0.000000000000000000e+00,0.000000000000000000e+00,0.000000000000000000e+00,0.000000000000000000e+00,0.000000000000000000e+00,0.000000000000000000e+00,0.000000000000000000e+00,0.000000000000000000e+00,0.000000000000000000e+00,0.000000000000000000e+00,0.000000000000000000e+00,0.000000000000000000e+00,0.000000000000000000e+00,0.000000000000000000e+00,0.000000000000000000e+00,0.000000000000000000e+00,0.000000000000000000e+00,0.000000000000000000e+00,0.000000000000000000e+00,0.000000000000000000e+00,0.000000000000000000e+00,0.000000000000000000e+00,0.000000000000000000e+00,0.000000000000000000e+00,0.000000000000000000e+00,0.000000000000000000e+00,0.000000000000000000e+00,0.000000000000000000e+00,-1.717372092603808732e-03,-2.274079406688732201e-03,-2.548372354458374248e-03,-2.578373596714507790e-03,-2.444664672614485414e-03,-2.142257510760551750e-03,-1.762589807903378698e-03,-1.344190964850102039e-03,-9.279026712319267921e-04,-5.376250782624680292e-04,-1.901804495904837913e-04,1.072153672288270009e-04,3.530772326197568253e-04,5.501582042917518367e-04,7.033044468902056954e-04,8.183488337021015959e-04,9.011839545200703598e-04,9.572663489186793422e-04,9.913185147778186095e-04,1.007227944807946151e-03,1.008100065036123026e-03,9.964099660852803169e-04,9.741916706818930629e-04,9.431863666002732963e-04,9.049376241038536387e-04,8.608395859591107301e-04,8.121688240979282923e-04,7.601114668546987262e-04,7.057840725047064391e-04,6.502322406074191249e-04,5.944160701672083699e-04,5.391941582840119838e-04,4.853131877775956849e-04,4.334050760463080193e-04,3.839899789390123172e-04,3.374845631277332289e-04,2.942072570905663350e-04,2.543858551121605895e-04,2.181607826527699160e-04,1.855906757075173000e-04,1.566542399628225021e-04,1.312568839473351198e-04,1.092363145488283723e-04,9.037282655808215944e-05,7.439812800172829112e-05,6.100577973894638693e-05,4.985861033314034651e-05,4.059589459413488158e-05,3.283947754637644778e-05,2.620052969060422421e-05,2.028825333952200146e-05,1.472003878102105434e-05,9.135975724702189354e-06,3.214119162862279661e-06,-3.310447798558940584e-06,-1.063001702694506643e-05,-1.884890927935048991e-05,-2.797752255985675476e-05,-3.793031874551575810e-05,-4.853599264686435285e-05,-5.955064767643929933e-05,-7.068066217607095502e-05,-8.160353518217022535e-05,-9.199355647260651803e-05,-1.015402993808561181e-04,-1.099685312381286161e-04,-1.170482998721987901e-04,-1.226057290747388365e-04,-1.265238054755978361e-04,-1.287450350706635107e-04,-1.292651826992607933e-04,-1.281307069461393318e-04,-1.254286220725906429e-04,-1.212817420404187007e-04,-1.158374131602431419e-04,-1.092628255738127752e-04,-1.017344479599861475e-04,-9.343469925165671312e-05,-8.454302449877885344e-05,-7.523441941060214633e-05,-6.567243366856516038e-05,-5.600951161333115279e-05,-4.638182218333806274e-05,-3.691109380436722063e-05,-2.770098615784245819e-05,-1.883997941748696963e-05,-1.039895156674517188e-05,-2.434676097380218443e-06,5.011699196112503617e-06,1.191094026981198021e-05,1.824659454481303097e-05,2.401140276081656775e-05,2.920772010007780629e-05,3.384436188182127892e-05,3.793680370553241451e-05,4.150483669267873086e-05,4.457291614091067844e-05,4.716916589475654521e-05,4.932636255295886138e-05,5.108269018451585880e-05,5.248327404167852213e-05,5.358188179523352566e-05,5.444117508555436775e-05,5.513258077079893839e-05,5.573193202018320442e-05,5.631443565991871373e-05,5.694393796734996242e-05,5.766344621599969674e-05,5.848137606121280090e-05,5.936379026146173209e-05,6.022616540087503940e-05,6.093696884007772455e-05,6.132416155533151534e-05,6.119632590145137577e-05,6.036467673697240929e-05,5.867474075792576416e-05,5.602949540677312843e-05,5.241238664540149233e-05,4.789282442638566112e-05,4.262678762791613643e-05,3.683922906377339919e-05,3.080502795347543865e-05,2.481773800210671852e-05,1.916406923590615704e-05,1.409366704953723621e-05,9.801055020644905427e-06,6.408241867922065082e-06,3.962325830186260056e-06,2.434927694871964150e-06,1.734831807008583376e-06,1.719649683836188952e-06,2.215770406697681595e-06,3.032988121720213073e-06,3.982326848931006900e-06,4.885818952964878115e-06,5.587633211462263111e-06,5.959823871561744601e-06,5.914886676611581776e-06,5.424015862957958917e-06,4.554139503359181766e-06,3.521232855538758396e-06,2.760044985369169849e-06,2.986274892545721388e-06,5.216684434409309648e-06,1.068858243264317270e-05,2.062416115146249273e-05,3.581692412040758834e-05,5.611508821532013366e-05,8.001019468783548874e-05,1.046160659079237339e-04,1.261995230490282319e-04,1.410962521990597103e-04,1.465806241026923462e-04,1.413198037488816526e-04,1.253699347829919644e-04,9.990864974791941464e-05,6.690128818190623752e-05,2.876675434281468580e-05,-1.196039871416412118e-05,-5.298035747364119414e-05,-9.255537855624904845e-05,-1.297730629892212260e-04,-1.646730241617341372e-04,-1.982095632919140616e-04,-2.320092255388775393e-04,-2.677365971182132996e-04,-3.049134550934621819e-04,-3.366134939335617871e-04,-3.404814056667581149e-04,-2.595480890240091550e-04,7.826497217099147655e-05,9.408192948185485540e-04,1.391554887671153521e-03
0.000000000000000000e+00,0.000000000000000000e+00,0.000000000000000000e+00,0.000000000000000000e+00,0.000000000000000000e+00,0.000000000000000000e+00,0.000000000000000000e+00,0.000000000000000000e+00,0.000000000000000000e+00,0.000000000000000000e+00,0.000000000000000000e+00,0.000000000000000000e+00,0.000000000000000000e+00,0.000000000000000000e+00,0.000000000000000000e+00,0.000000000000000000e+00,0.000000000000000000e+00,0.000000000000000000e+00,0.000000000000000000e+00,0.000000000000000000e+00,0.000000000000000000e+00,0.000000000000000000e+00,0.000000000000000000e+00,0.000000000000000000e+00,0.000000000000000000e+00,0.000000000000000000e+00,0.000000000000000000e+00,0.000000000000000000e+00,0.000000000000000000e+00,0.000000000000000000e+00,0.000000000000000000e+00,0.000000000000000000e+00,0.000000000000000000e+00,0.000000000000000000e+00,0.000000000000000000e+00,0.000000000000000000e+00,0.000000000000000000e+00,0.000000000000000000e+00,0.000000000000000000e+00,0.000000000000000000e+00,0.000000000000000000e+00,0.000000000000000000e+00,0.000000000000000000e+00,0.000000000000000000e+00,0.000000000000000000e+00,0.000000000000000000e+00,0.000000000000000000e+00,0.000000000000000000e+00,0.000000000000000000e+00,0.000000000000000000e+00,0.000000000000000000e+00,0.000000000000000000e+00,0.000000000000000000e+00,0.000000000000000000e+00,0.000000000000000000e+00,0.000000000000000000e+00,0.000000000000000000e+00,0.000000000000000000e+00,0.000000000000000000e+00,0.000000000000000000e+00,0.000000000000000000e+00,0.000000000000000000e+00,0.000000000000000000e+00,0.000000000000000000e+00,0.000000000000000000e+00,0.000000000000000000e+00,0.000000000000000000e+00,0.000000000000000000e+00,0.000000000000000000e+00,0.000000000000000000e+00,0.000000000000000000e+00,0.000000000000000000e+00,0.000000000000000000e+00,0.000000000000000000e+00,0.000000000000000000e+00,0.000000000000000000e+00,0.000000000000000000e+00,0.000000000000000000e+00,0.000000000000000000e+00,0.000000000000000000e+00,0.000000000000000000e+00,0.000000000000000000e+00,0.000000000000000000e+00,0.000000000000000000e+00,0.000000000000000000e+00,0.000000000000000000e+00,0.000000000000000000e+00,0.000000000000000000e+00,0.000000000000000000e+00,0.000000000000000000e+00,0.000000000000000000e+00,0.000000000000000000e+00,0.000000000000000000e+00,0.000000000000000000e+00,0.000000000000000000e+00,0.000000000000000000e+00,0.000000000000000000e+00,0.000000000000000000e+00,0.000000000000000000e+00,0.000000000000000000e+00,0.000000000000000000e+00,0.000000000000000000e+00,0.000000000000000000e+00,0.000000000000000000e+00,0.000000000000000000e+00,0.000000000000000000e+00,0.000000000000000000e+00,0.000000000000000000e+00,0.000000000000000000e+00,0.000000000000000000e+00,0.000000000000000000e+00,0.000000000000000000e+00,0.000000000000000000e+00,0.000000000000000000e+00,0.000000000000000000e+00,0.000000000000000000e+00,0.000000000000000000e+00,0.000000000000000000e+00,0.000000000000000000e+00,0.000000000000000000e+00,0.000000000000000000e+00,0.000000000000000000e+00,0.000000000000000000e+00,0.000000000000000000e+00,0.000000000000000000e+00,0.000000000000000000e+00,0.000000000000000000e+00,0.000000000000000000e+00,0.000000000000000000e+00,0.000000000000000000e+00,0.000000000000000000e+00,0.000000000000000000e+00,0.000000000000000000e+00,0.000000000000000000e+00,0.000000000000000000e+00,0.000000000000000000e+00,0.000000000000000000e+00,0.000000000000000000e+00,0.000000000000000000e+00,0.000000000000000000e+00,0.000000000000000000e+00,0.000000000000000000e+00,0.000000000000000000e+00,0.000000000000000000e+00,0.000000000000000000e+00,0.000000000000000000e+00,0.000000000000000000e+00,0.000000000000000000e+00,0.000000000000000000e+00,0.000000000000000000e+00,0.000000000000000000e+00,0.000000000000000000e+00,0.000000000000000000e+00,0.000000000000000000e+00,0.000000000000000000e+00,0.000000000000000000e+00,0.000000000000000000e+00,0.000000000000000000e+00,0.000000000000000000e+00,0.000000000000000000e+00,0.000000000000000000e+00,0.000000000000000000e+00,0.000000000000000000e+00,0.000000000000000000e+00,0.000000000000000000e+00,0.000000000000000000e+00,0.000000000000000000e+00,0.000000000000000000e+00,0.000000000000000000e+00,0.000000000000000000e+00,0.000000000000000000e+00,0.000000000000000000e+00,0.000000000000000000e+00,0.000000000000000000e+00,0.000000000000000000e+00,0.000000000000000000e+00,0.000000000000000000e+00,-8.209288750926043484e-04,-1.068400168082013534e-03,-1.269597771346610412e-03,-1.320031078111088066e-03,-1.197308369093424236e-03,-1.013800995250487306e-03,-7.874882295630135972e-04,-5.487388128880100547e-04,-3.175511967954407384e-04,-1.090627183267948227e-04,6.784149356818177116e-05,2.100703212725866045e-04,3.185803024223222675e-04,3.969348935951400406e-04,4.497326805706793984e-04,4.819243830429845946e-04,4.980641589933600295e-04,5.020880621688539758e-04,4.971078883308965770e-04,4.854787456186486537e-04,4.689003864396189790e-04,4.486270563525365687e-04,4.256281509610771873e-04,4.007071394152439273e-04,3.745445312536939604e-04,3.477166574970630636e-04,3.207010947933450532e-04,2.938936229664931019e-04,2.676210038245285892e-04,2.421475947744826602e-04,2.176792696094822556e-04,1.943758976359372006e-04,1.723626675935297338e-04,1.517392543828728851e-04,1.325825112594052123e-04,1.149479745606907829e-04,9.886928789766552409e-05,8.435947504013945064e-05,7.141058854338132994e-05,5.999327723541015206e-05,5.005568745340580684e-05,4.152474481643088632e-05,3.430786460551787259e-05,2.829674459441277381e-05,2.337005208890562892e-05,1.939661622249076126e-05,1.623640165590560259e-05,1.374194862085876971e-05,1.175890605340038233e-05,1.012780945575019838e-05,8.686531535984028151e-06,7.274311321788755229e-06,5.737872626277808342e-06,3.938576146896084992e-06,1.761661006566701050e-06,-8.759314061036060532e-07,-4.017467726165058873e-06,-7.663164643574636812e-06,-1.176836290858536115e-05,-1.624832561525001807e-05,-2.098382257292587635e-05,-2.583237311015958214e-05,-3.063759692986960695e-05,-3.524201972049134543e-05,-3.949532446653601674e-05,-4.326453106224235640e-05,-4.643824134336374228e-05,-4.893251684675820019e-05,-5.069065390809502096e-05,-5.168512386854980719e-05,-5.191390066930193936e-05,-5.139978221716095803e-05,-5.018478458254544300e-05,-4.832829515255598950e-05,-4.590091490596686838e-05,-4.298258170400984723e-05,-3.965682902938154905e-05,-3.600955965997610492e-05,-3.212423979280413600e-05,-2.808158823520013735e-05,-2.395586972775408678e-05,-1.981547266201329121e-05,-1.572024134104659253e-05,-1.172275185127425969e-05,-7.866513806196742339e-06,-4.187691314566187515e-06,-7.139771600613413976e-07,2.533490459799667481e-06,5.540758477536508550e-06,8.299158751481025846e-06,1.080558276972223535e-05,1.306076507461958734e-05,1.506930819310852636e-05,1.683828939520736634e-05,1.837714835773018789e-05,1.969679300216286311e-05,2.080954971309353680e-05,2.172904521156450471e-05,2.247049312836976281e-05,2.305155107797573957e-05,2.349288221686921744e-05,2.381949550858028340e-05,2.406054572922026037e-05,2.424961990877032023e-05,2.442203297879270182e-05,2.461255309217886555e-05,2.484951513276615072e-05,2.515054029404320023e-05,2.551552873362416656e-05,2.592374630056912260e-05,2.633007440596814926e-05,2.666808186432272375e-05,2.685358805415764038e-05,2.679587560601424221e-05,2.640779244851977113e-05,2.562063724398741475e-05,2.439339603304810003e-05,2.272255606055135428e-05,2.064288718262796698e-05,1.822738610873460814e-05,1.557846538079854306e-05,1.281996972225093789e-05,1.008299267049266120e-05,7.495329062268557529e-06,5.167817390256096677e-06,3.186917409564395711e-06,1.606612229411309667e-06,4.477708276811541716e-07,-3.024589476718241970e-07,-6.846500474950582972e-07,-7.621964788653252770e-07,-6.121777712996762142e-07,-3.192231245079841598e-07,3.234996760318963302e-08,3.622466493562275659e-07,5.987131180677595921e-07,6.805351362496965935e-07,5.628151492651242097e-07,2.263814392563380291e-07,-3.026174256942059911e-07,-9.238815028326687317e-07,-1.425801247940476503e-06,-1.452758945793494037e-06,-4.969575626181212029e-07,2.054255561411863435e-06,6.787180163467879123e-06,1.404258573352370930e-05,2.366119789872150471e-05,3.481711402642225840e-05,4.607661543246875771e-05,5.572054910452739300e-05,6.218920230697244091e-05,6.442490131998807816e-05,6.198344539541659939e-05,5.496290524820725943e-05,4.387232754164306902e-05,2.951365082823871077e-05,1.287786612198799046e-05,-4.977401149319261773e-06,-2.307216262672317269e-05,-4.067044189279727165e-05,-5.741904272740799034e-05,-7.346683730814677178e-05,-8.948716202252653162e-05,-1.067066442226065668e-04,-1.266181574055258148e-04,-1.502744491957877624e-04,-1.760437254973007664e-04,-1.969243056643637613e-04,-1.884416009354952066e-04,-7.167348431463435273e-05,4.172399753084499088e-04,8.513431991468152060e-04
0.000000000000000000e+00,0.000000000000000000e+00,0.000000000000000000e+00,0.000000000000000000e+00,0.000000000000000000e+00,0.000000000000000000e+00,0.000000000000000000e+00,0.000000000000000000e+00,0.000000000000000000e+00,0.000000000000000000e+00,0.000000000000000000e+00,0.000000000000000000e+00,0.000000000000000000e+00,0.000000000000000000e+00,0.000000000000000000e+00,0.000000000000000000e+00,0.000000000000000000e+00,0.000000000000000000e+00,0.000000000000000000e+00,0.000000000000000000e+00,0.000000000000000000e+00,0.000000000000000000e+00,0.000000000000000000e+00,0.000000000000000000e+00,0.000000000000000000e+00,0.000000000000000000e+00,0.000000000000000000e+00,0.000000000000000000e+00,0.000000000000000000e+00,0.000000000000000000e+00,0.000000000000000000e+00,0.000000000000000000e+00,0.000000000000000000e+00,0.000000000000000000e+00,0.000000000000000000e+00,0.000000000000000000e+00,0.000000000000000000e+00,0.000000000000000000e+00,0.000000000000000000e+00,0.000000000000000000e+00,0.000000000000000000e+00,0.000000000000000000e+00,0.000000000000000000e+00,0.000000000000000000e+00,0.000000000000000000e+00,0.000000000000000000e+00,0.000000000000000000e+00,0.000000000000000000e+00,0.000000000000000000e+00,0.000000000000000000e+00,0.000000000000000000e+00,0.000000000000000000e+00,0.000000000000000000e+00,0.000000000000000000e+00,0.000000000000000000e+00,0.000000000000000000e+00,0.000000000000000000e+00,0.000000000000000000e+00,0.000000000000000000e+00,0.000000000000000000e+00,0.000000000000000000e+00,0.000000000000000000e+00,0.000000000000000000e+00,0.000000000000000000e+00,0.000000000000000000e+00,0.000000000000000000e+00,0.000000000000000000e+00,0.000000000000000000e+00,0.000000000000000000e+00,0.000000000000000000e+00,0.000000000000000000e+00,0.000000000000000000e+00,0.000000000000000000e+00,0.000000000000000000e+00,0.000000000000000000e+00,0.000000000000000000e+00,0.000000000000000000e+00,0.000000000000000000e+00,0.000000000000000000e+00,0.000000000000000000e+00,0.000000000000000000e+00,0.000000000000000000e+00,0.000000000000000000e+00,0.000000000000000000e+00,0.000000000000000000e+00,0.000000000000000000e+00,0.000000000000000000e+00,0.000000000000000000e+00,0.000000000000000000e+00,0.000000000000000000e+00,0.000000000000000000e+00,0.000000000000000000e+00,0.000000000000000000e+00,0.000000000000000000e+00,0.000000000000000000e+00,0.000000000000000000e+00,0.000000000000000000e+00,0.000000000000000000e+00,0.000000000000000000e+00,0.000000000000000000e+00,0.000000000000000000e+00,0.000000000000000000e+00,0.000000000000000000e+00,0.000000000000000000e+00,0.000000000000000000e+00,0.000000000000000000e+00,0.000000000000000000e+00,0.000000000000000000e+00,0.000000000000000000e+00,0.000000000000000000e+00,0.000000000000000000e+00,0.000000000000000000e+00,0.000000000000000000e+00,0.000000000000000000e+00,0.000000000000000000e+00,0.000000000000000000e+00,0.000000000000000000e+00,0.000000000000000000e+00,0.000000000000000000e+00,0.000000000000000000e+00,0.000000000000000000e+00,0.000000000000000000e+00,0.000000000000000000e+00,0.000000000000000000e+00,0.000000000000000000e+00,0.000000000000000000e+00,0.000000000000000000e+00,0.000000000000000000e+00,0.000000000000000000e+00,0.000000000000000000e+00,0.000000000000000000e+00,0.000000000000000000e+00,0.000000000000000000e+00,0.000000000000000000e+00,0.000000000000000000e+00,0.000000000000000000e+00,0.000000000000000000e+00,0.000000000000000000e+00,0.000000000000000000e+00,0.000000000000000000e+00,0.000000000000000000e+00,0.000000000000000000e+00,0.000000000000000000e+00,0.000000000000000000e+00,0.000000000000000000e+00,0.000000000000000000e+00,0.000000000000000000e+00,0.000000000000000000e+00,0.000000000000000000e+00,0.000000000000000000e+00,0.000000000000000000e+00,0.000000000000000000e+00,0.000000000000000000e+00,0.000000000000000000e+00,0.000000000000000000e+00,0.000000000000000000e+00,0.000000000000000000e+00,0.000000000000000000e+00,0.000000000000000000e+00,0.000000000000000000e+00,0.000000000000000000e+00,0.000000000000000000e+00,0.000000000000000000e+00,0.000000000000000000e+00,0.000000000000000000e+00,0.000000000000000000e+00,0.000000000000000000e+00,0.000000000000000000e+00,0.000000000000000000e+00,0.000000000000000000e+00,0.000000000000000000e+00,0.000000000000000000e+00,0.000000000000000000e+00,0.000000000000000000e+00,0.000000000000000000e+00,0.000000000000000000e+00,0.000000000000000000e+00,0.000000000000000000e+00,0.000000000000000000e+00,-2.896373071261387896e-04,-2.833394707325214497e-04,-2.362517851329406886e-04,-1.873266178404740692e-04,-1.294511783088282241e-04,-7.383420269607342495e-05,-2.121261470813311248e-05,2.340089710293178932e-05,5.911655238404402455e-05,8.497178402402239114e-05,1.020916549713052823e-04,1.115566784612048745e-04,1.150587250914492397e-04,1.141242900602281628e-04,1.102815968662723049e-04,1.047238935776705098e-04,9.835744609800390790e-05,9.172339132810139570e-05,8.512107355533756175e-05,7.868601640120181982e-05,7.249336555899541293e-05,6.658113328314544397e-05,6.096555356960903953e-05,5.564074571320651937e-05,5.059677163545676541e-05,4.583272629883186541e-05,4.136061634593590146e-05,3.719116548919494913e-05,3.332436014246432763e-05,2.975190969335609522e-05,2.646293435764938919e-05,2.345197521030733379e-05,2.071307717740707011e-05,1.824264564605004041e-05,1.602974072105515607e-05,1.406625811105883797e-05,1.233865847000999630e-05,1.083847490924862366e-05,9.551075031270124391e-06,8.464847715122813228e-06,7.561943394824440083e-06,6.826765286023340923e-06,6.239577769839837911e-06,5.782003543221940964e-06,5.433129148395013795e-06,5.171567021870461322e-06,4.974589755480401495e-06,4.817520221355130014e-06,4.675975996645049848e-06,4.523430448413868011e-06,4.336258017577505322e-06,4.090273569611713411e-06,3.767809409984031515e-06,3.353430070217158464e-06,2.841613994986232835e-06,2.231207094297864667e-06,1.532209291346389944e-06,7.587025637836749001e-07,-6.588591518115146346e-08,-9.168285072529438593e-07,-1.763940874382014611e-06,-2.579543054026274264e-06,-3.334628380480628778e-06,-4.005883884844268690e-06,-4.571656296338150442e-06,-5.017681846637080421e-06,-5.332708919385605450e-06,-5.512999917818333780e-06,-5.557733852086147209e-06,-5.472556261364374482e-06,-5.264997724245705827e-06,-4.947397186851590845e-06,-4.532572448187286212e-06,-4.036386999953955578e-06,-3.473845014151964606e-06,-2.861471233477088540e-06,-2.213922711710284562e-06,-1.546251368558084285e-06,-8.710584503319034628e-07,-2.006337209626073489e-07,4.553620768814109797e-07,1.087933125021190629e-06,1.690568992076566828e-06,2.257527464402192927e-06,2.785187630167105465e-06,3.270653724094569254e-06,3.712660085760422125e-06,4.110562252414788593e-06,4.464800789728809396e-06,4.776334221632985029e-06,5.046660717088410772e-06,5.277738088831886710e-06,5.471566115879685493e-06,5.630640544469616706e-06,5.757121935471965868e-06,5.853882566431334214e-06,5.923309057504755225e-06,5.968972092982003337e-06,5.994048675083578627e-06,6.003491662525640510e-06,6.001877902722526483e-06,5.995748368719890920e-06,5.990588485456972925e-06,5.993039257229637879e-06,6.006973968311396261e-06,6.035690809492500200e-06,6.077585561716747084e-06,6.128923292503385000e-06,6.179986409316135833e-06,6.219151214994736809e-06,6.230229027105334081e-06,6.198002451160821371e-06,6.106526504294425587e-06,5.945101739753494788e-06,5.706265833848438117e-06,5.390693431469144766e-06,5.003838747516768349e-06,4.559110552400029365e-06,4.073191876534844544e-06,3.567821366893506006e-06,3.064468718717652343e-06,2.585475951347093102e-06,2.148986551532560224e-06,1.770336399547834251e-06,1.458103485198115609e-06,1.216416272270183035e-06,1.042520242092041272e-06,9.300195478520932911e-07,8.676371602027149693e-07,8.427601221654236054e-07,8.406235962438249859e-07,8.473418496103568008e-07,8.488622013944677260e-07,8.331156777735948996e-07,7.889441024247091752e-07,7.083120878787365116e-07,5.870478627699540402e-07,4.295814639787937123e-07,2.538139282628479049e-07,9.898114603164924539e-08,3.137940325310911345e-08,1.459093142678041973e-07,5.559084986722546441e-07,1.366790613347869575e-06,2.633418821162452916e-06,4.312970541964628871e-06,6.240141148477155212e-06,8.148033351540278401e-06,9.737964373963718534e-06,1.075930957379319167e-05,1.106009922076854298e-05,1.058765517030985914e-05,9.366340270323195771e-06,7.471501932288159948e-06,5.019528924180890096e-06,2.156257822824490966e-06,-9.520605944236899573e-07,-4.147881526420468669e-06,-7.306003969379309307e-06,-1.037779302245688308e-05,-1.340530399611394615e-05,-1.656231715600314905e-05,-2.014064994112248745e-05,-2.456963073319811400e-05,-3.023782298738615813e-05,-3.718726210510646672e-05,-4.463114423624505199e-05,-4.895304544863331137e-05,-3.703967493979567848e-05,4.856265028817177422e-05,2.083472705478012872e-04
0.000000000000000000e+00,0.000000000000000000e+00,0.000000000000000000e+00,0.000000000000000000e+00,0.000000000000000000e+00,0.000000000000000000e+00,0.000000000000000000e+00,0.000000000000000000e+00,0.000000000000000000e+00,0.000000000000000000e+00,0.000000000000000000e+00,0.000000000000000000e+00,0.000000000000000000e+00,0.000000000000000000e+00,0.000000000000000000e+00,0.000000000000000000e+00,0.000000000000000000e+00,0.000000000000000000e+00,0.000000000000000000e+00,0.000000000000000000e+00,0.000000000000000000e+00,0.000000000000000000e+00,0.000000000000000000e+00,0.000000000000000000e+00,0.000000000000000000e+00,0.000000000000000000e+00,0.000000000000000000e+00,0.000000000000000000e+00,0.000000000000000000e+00,0.000000000000000000e+00,0.000000000000000000e+00,0.000000000000000000e+00,0.000000000000000000e+00,0.000000000000000000e+00,0.000000000000000000e+00,0.000000000000000000e+00,0.000000000000000000e+00,0.000000000000000000e+00,0.000000000000000000e+00,0.000000000000000000e+00,0.000000000000000000e+00,0.000000000000000000e+00,0.000000000000000000e+00,0.000000000000000000e+00,0.000000000000000000e+00,0.000000000000000000e+00,0.000000000000000000e+00,0.000000000000000000e+00,0.000000000000000000e+00,0.000000000000000000e+00,0.000000000000000000e+00,0.000000000000000000e+00,0.000000000000000000e+00,0.000000000000000000e+00,0.000000000000000000e+00,0.000000000000000000e+00,0.000000000000000000e+00,0.000000000000000000e+00,0.000000000000000000e+00,0.000000000000000000e+00,0.000000000000000000e+00,0.000000000000000000e+00,0.000000000000000000e+00,0.000000000000000000e+00,0.000000000000000000e+00,0.000000000000000000e+00,0.000000000000000000e+00,0.000000000000000000e+00,0.000000000000000000e+00,0.000000000000000000e+00,0.000000000000000000e+00,0.000000000000000000e+00,0.000000000000000000e+00,0.000000000000000000e+00,0.000000000000000000e+00,0.000000000000000000e+00,0.000000000000000000e+00,0.000000000000000000e+00,0.000000000000000000e+00,0.000000000000000000e+00,0.000000000000000000e+00,0.000000000000000000e+00,0.000000000000000000e+00,0.000000000000000000e+00,0.000000000000000000e+00,0.000000000000000000e+00,0.000000000000000000e+00,0.000000000000000000e+00,0.000000000000000000e+00,0.000000000000000000e+00,0.000000000000000000e+00,0.000000000000000000e+00,0.000000000000000000e+00,0.000000000000000000e+00,0.000000000000000000e+00,0.000000000000000000e+00,0.000000000000000000e+00,0.000000000000000000e+00,0.000000000000000000e+00,0.000000000000000000e+00,0.000000000000000000e+00,0.000000000000000000e+00,0.000000000000000000e+00,0.000000000000000000e+00,0.000000000000000000e+00,0.000000000000000000e+00,0.000000000000000000e+00,0.000000000000000000e+00,0.000000000000000000e+00,0.000000000000000000e+00,0.000000000000000000e+00,0.000000000000000000e+00,0.000000000000000000e+00,0.000000000000000000e+00,0.000000000000000000e+00,0.000000000000000000e+00,0.000000000000000000e+00,0.000000000000000000e+00,0.000000000000000000e+00,0.000000000000000000e+00,0.000000000000000000e+00,0.000000000000000000e+00,0.000000000000000000e+00,0.000000000000000000e+00,0.000000000000000000e+00,0.000000000000000000e+00,0.000000000000000000e+00,0.000000000000000000e+00,0.000000000000000000e+00,0.000000000000000000e+00,0.000000000000000000e+00,0.000000000000000000e+00,0.000000000000000000e+00,0.000000000000000000e+00,0.000000000000000000e+00,0.000000000000000000e+00,0.000000000000000000e+00,0.000000000000000000e+00,0.000000000000000000e+00,0.000000000000000000e+00,0.000000000000000000e+00,0.000000000000000000e+00,0.000000000000000000e+00,0.000000000000000000e+00,0.000000000000000000e+00,0.000000000000000000e+00,0.000000000000000000e+00,0.000000000000000000e+00,0.000000000000000000e+00,0.000000000000000000e+00,0.000000000000000000e+00,0.000000000000000000e+00,0.000000000000000000e+00,0.000000000000000000e+00,0.000000000000000000e+00,0.000000000000000000e+00,0.000000000000000000e+00,0.000000000000000000e+00,0.000000000000000000e+00,0.000000000000000000e+00,0.000000000000000000e+00,0.000000000000000000e+00,0.000000000000000000e+00,0.000000000000000000e+00,0.000000000000000000e+00,0.000000000000000000e+00,0.000000000000000000e+00,0.000000000000000000e+00,0.000000000000000000e+00,0.000000000000000000e+00,0.000000000000000000e+00,0.000000000000000000e+00,0.000000000000000000e+00,0.000000000000000000e+00,0.000000000000000000e+00,0.000000000000000000e+00,0.000000000000000000e+00,0.000000000000000000e+00,0.000000000000000000e+00,0.000000000000000000e+00,0.000000000000000000e+00,0.000000000000000000e+00,0.000000000000000000e+00,0.000000000000000000e+00,0.000000000000000000e+00,0.000000000000000000e+00,0.000000000000000000e+00,0.000000000000000000e+00,0.000000000000000000e+00,0.000000000000000000e+00,0.000000000000000000e+00,0.000000000000000000e+00,0.000000000000000000e+00,0.000000000000000000e+00,0.000000000000000000e+00,0.000000000000000000e+00,0.000000000000000000e+00,0.000000000000000000e+00,0.000000000000000000e+00,0.000000000000000000e+00,0.000000000000000000e+00,0.000000000000000000e+00,0.000000000000000000e+00,0.000000000000000000e+00,0.000000000000000000e+00,0.000000000000000000e+00,0.000000000000000000e+00,0.000000000000000000e+00,0.000000000000000000e+00,0.000000000000000000e+00,0.000000000000000000e+00,0.000000000000000000e+00,0.000000000000000000e+00,0.000000000000000000e+00,0.000000000000000000e+00,0.000000000000000000e+00,0.000000000000000000e+00,0.000000000000000000e+00,0.000000000000000000e+00,0.000000000000000000e+00,0.000000000000000000e+00,0.000000000000000000e+00,0.000000000000000000e+00,0.000000000000000000e+00,0.000000000000000000e+00,0.000000000000000000e+00,0.000000000000000000e+00,0.000000000000000000e+00,0.000000000000000000e+00,0.000000000000000000e+00,0.000000000000000000e+00,0.000000000000000000e+00,0.000000000000000000e+00,0.000000000000000000e+00,0.000000000000000000e+00,0.000000000000000000e+00,0.000000000000000000e+00,0.000000000000000000e+00,0.000000000000000000e+00,0.000000000000000000e+00,0.000000000000000000e+00,0.000000000000000000e+00,0.000000000000000000e+00,0.000000000000000000e+00,0.000000000000000000e+00,0.000000000000000000e+00,0.000000000000000000e+00,0.000000000000000000e+00,0.000000000000000000e+00,0.000000000000000000e+00,0.000000000000000000e+00,0.000000000000000000e+00,0.000000000000000000e+00,0.000000000000000000e+00,0.000000000000000000e+00,0.000000000000000000e+00,0.000000000000000000e+00,0.000000000000000000e+00,0.000000000000000000e+00,0.000000000000000000e+00,0.000000000000000000e+00,0.000000000000000000e+00,0.000000000000000000e+00,0.000000000000000000e+00,0.000000000000000000e+00,0.000000000000000000e+00,0.000000000000000000e+00,0.000000000000000000e+00,0.000000000000000000e+00,0.000000000000000000e+00,0.000000000000000000e+00,0.000000000000000000e+00,0.000000000000000000e+00,0.000000000000000000e+00,0.000000000000000000e+00,0.000000000000000000e+00,0.000000000000000000e+00,0.000000000000000000e+00,0.000000000000000000e+00,0.000000000000000000e+00,0.000000000000000000e+00,0.000000000000000000e+00,0.000000000000000000e+00,0.000000000000000000e+00,0.000000000000000000e+00,0.000000000000000000e+00,0.000000000000000000e+00,0.000000000000000000e+00,0.000000000000000000e+00,0.000000000000000000e+00,0.000000000000000000e+00,0.000000000000000000e+00,0.000000000000000000e+00,0.000000000000000000e+00,0.000000000000000000e+00,0.000000000000000000e+00,0.000000000000000000e+00,0.000000000000000000e+00,0.000000000000000000e+00,0.000000000000000000e+00,0.000000000000000000e+00,0.000000000000000000e+00,0.000000000000000000e+00,0.000000000000000000e+00,0.000000000000000000e+00,0.000000000000000000e+00,0.000000000000000000e+00,0.000000000000000000e+00,0.000000000000000000e+00,0.000000000000000000e+00,0.000000000000000000e+00,0.000000000000000000e+00,0.000000000000000000e+00,0.000000000000000000e+00,0.000000000000000000e+00,0.000000000000000000e+00,0.000000000000000000e+00,0.000000000000000000e+00,0.000000000000000000e+00,0.000000000000000000e+00,0.000000000000000000e+00,0.000000000000000000e+00,0.000000000000000000e+00,0.000000000000000000e+00,0.000000000000000000e+00,0.000000000000000000e+00,0.000000000000000000e+00,0.000000000000000000e+00,0.000000000000000000e+00,0.000000000000000000e+00,0.000000000000000000e+00,0.000000000000000000e+00,0.000000000000000000e+00,0.000000000000000000e+00,0.000000000000000000e+00,0.000000000000000000e+00,0.000000000000000000e+00,0.000000000000000000e+00,0.000000000000000000e+00,0.000000000000000000e+00,0.000000000000000000e+00,0.000000000000000000e+00,0.000000000000000000e+00,0.000000000000000000e+00,0.000000000000000000e+00,0.000000000000000000e+00,0.000000000000000000e+00,0.000000000000000000e+00,0.000000000000000000e+00,0.000000000000000000e+00
0.000000000000000000e+00,0.000000000000000000e+00,0.000000000000000000e+00,0.000000000000000000e+00,0.000000000000000000e+00,0.000000000000000000e+00,0.000000000000000000e+00,0.000000000000000000e+00,0.000000000000000000e+00,0.000000000000000000e+00,0.000000000000000000e+00,0.000000000000000000e+00,0.000000000000000000e+00,0.000000000000000000e+00,0.000000000000000000e+00,0.000000000000000000e+00,0.000000000000000000e+00,0.000000000000000000e+00,0.000000000000000000e+00,0.000000000000000000e+00,0.000000000000000000e+00,0.000000000000000000e+00,0.000000000000000000e+00,0.000000000000000000e+00,0.000000000000000000e+00,0.000000000000000000e+00,0.000000000000000000e+00,0.000000000000000000e+00,0.000000000000000000e+00,0.000000000000000000e+00,0.000000000000000000e+00,0.000000000000000000e+00,0.000000000000000000e+00,0.000000000000000000e+00,0.000000000000000000e+00,0.000000000000000000e+00,0.000000000000000000e+00,0.000000000000000000e+00,0.000000000000000000e+00,0.000000000000000000e+00,0.000000000000000000e+00,0.000000000000000000e+00,0.000000000000000000e+00,0.000000000000000000e+00,0.000000000000000000e+00,0.000000000000000000e+00,0.000000000000000000e+00,0.000000000000000000e+00,0.000000000000000000e+00,0.000000000000000000e+00,0.000000000000000000e+00,0.000000000000000000e+00,0.000000000000000000e+00,0.000000000000000000e+00,0.000000000000000000e+00,0.000000000000000000e+00,0.000000000000000000e+00,0.000000000000000000e+00,0.000000000000000000e+00,0.000000000000000000e+00,0.000000000000000000e+00,0.000000000000000000e+00,0.000000000000000000e+00,0.000000000000000000e+00,0.000000000000000000e+00,0.000000000000000000e+00,0.000000000000000000e+00,0.000000000000000000e+00,0.000000000000000000e+00,0.000000000000000000e+00,0.000000000000000000e+00,0.000000000000000000e+00,0.000000000000000000e+00,0.000000000000000000e+00,0.000000000000000000e+00,0.000000000000000000e+00,0.000000000000000000e+00,0.000000000000000000e+00,0.000000000000000000e+00,0.000000000000000000e+00,0.000000000000000000e+00,0.000000000000000000e+00,0.000000000000000000e+00,0.000000000000000000e+00,0.000000000000000000e+00,0.000000000000000000e+00,0.000000000000000000e+00,0.000000000000000000e+00,0.000000000000000000e+00,0.000000000000000000e+00,0.000000000000000000e+00,0.000000000000000000e+00,0.000000000000000000e+00,0.000000000000000000e+00,0.000000000000000000e+00,0.000000000000000000e+00,0.000000000000000000e+00,0.000000000000000000e+00,0.000000000000000000e+00,0.000000000000000000e+00,0.000000000000000000e+00,0.000000000000000000e+00,0.000000000000000000e+00,0.000000000000000000e+00,0.000000000000000000e+00,0.000000000000000000e+00,0.000000000000000000e+00,0.000000000000000000e+00,0.000000000000000000e+00,0.000000000000000000e+00,0.000000000000000000e+00,0.000000000000000000e+00,0.000000000000000000e+00,0.000000000000000000e+00,0.000000000000000000e+00,0.000000000000000000e+00,0.000000000000000000e+00,0.000000000000000000e+00,0.000000000000000000e+00,0.000000000000000000e+00,0.000000000000000000e+00,0.000000000000000000e+00,0.000000000000000000e+00,0.000000000000000000e+00,0.000000000000000000e+00,0.000000000000000000e+00,0.000000000000000000e+00,0.000000000000000000e+00,0.000000000000000000e+00,0.000000000000000000e+00,0.000000000000000000e+00,0.000000000000000000e+00,0.000000000000000000e+00,0.000000000000000000e+00,0.000000000000000000e+00,0.000000000000000000e+00,0.000000000000000000e+00,0.000000000000000000e+00,0.000000000000000000e+00,0.000000000000000000e+00,0.000000000000000000e+00,0.000000000000000000e+00,0.000000000000000000e+00,0.000000000000000000e+00,0.000000000000000000e+00,0.000000000000000000e+00,0.000000000000000000e+00,0.000000000000000000e+00,0.000000000000000000e+00,0.000000000000000000e+00,0.000000000000000000e+00,0.000000000000000000e+00,0.000000000000000000e+00,0.000000000000000000e+00,0.000000000000000000e+00,0.000000000000000000e+00,0.000000000000000000e+00,0.000000000000000000e+00,0.000000000000000000e+00,0.000000000000000000e+00,0.000000000000000000e+00,0.000000000000000000e+00,0.000000000000000000e+00,0.000000000000000000e+00,0.000000000000000000e+00,0.000000000000000000e+00,0.000000000000000000e+00,0.000000000000000000e+00,0.000000000000000000e+00,0.000000000000000000e+00,0.000000000000000000e+00,0.000000000000000000e+00,0.000000000000000000e+00,0.000000000000000000e+00,0.000000000000000000e+00,0.000000000000000000e+00,0.000000000000000000e+00,0.000000000000000000e+00,0.000000000000000000e+00,0.000000000000000000e+00,0.000000000000000000e+00,0.000000000000000000e+00,0.000000000000000000e+00,0.000000000000000000e+00,0.000000000000000000e+00,0.000000000000000000e+00,0.000000000000000000e+00,0.000000000000000000e+00,0.000000000000000000e+00,0.000000000000000000e+00,0.000000000000000000e+00,0.000000000000000000e+00,0.000000000000000000e+00,0.000000000000000000e+00,0.000000000000000000e+00,0.000000000000000000e+00,0.000000000000000000e+00,0.000000000000000000e+00,0.000000000000000000e+00,0.000000000000000000e+00,0.000000000000000000e+00,0.000000000000000000e+00,0.000000000000000000e+00,0.000000000000000000e+00,0.000000000000000000e+00,0.000000000000000000e+00,0.000000000000000000e+00,0.000000000000000000e+00,0.000000000000000000e+00,0.000000000000000000e+00,0.000000000000000000e+00,0.000000000000000000e+00,0.000000000000000000e+00,0.000000000000000000e+00,0.000000000000000000e+00,0.000000000000000000e+00,0.000000000000000000e+00,0.000000000000000000e+00,0.000000000000000000e+00,0.000000000000000000e+00,0.000000000000000000e+00,0.000000000000000000e+00,0.000000000000000000e+00,0.000000000000000000e+00,0.000000000000000000e+00,0.000000000000000000e+00,0.000000000000000000e+00,0.000000000000000000e+00,0.000000000000000000e+00,0.000000000000000000e+00,0.000000000000000000e+00,0.000000000000000000e+00,0.000000000000000000e+00,0.000000000000000000e+00,0.000000000000000000e+00,0.000000000000000000e+00,0.000000000000000000e+00,0.000000000000000000e+00,0.000000000000000000e+00,0.000000000000000000e+00,0.000000000000000000e+00,0.000000000000000000e+00,0.000000000000000000e+00,0.000000000000000000e+00,0.000000000000000000e+00,0.000000000000000000e+00,0.000000000000000000e+00,0.000000000000000000e+00,0.000000000000000000e+00,0.000000000000000000e+00,0.000000000000000000e+00,0.000000000000000000e+00,0.000000000000000000e+00,0.000000000000000000e+00,0.000000000000000000e+00,0.000000000000000000e+00,0.000000000000000000e+00,0.000000000000000000e+00,0.000000000000000000e+00,0.000000000000000000e+00,0.000000000000000000e+00,0.000000000000000000e+00,0.000000000000000000e+00,0.000000000000000000e+00,0.000000000000000000e+00,0.000000000000000000e+00,0.000000000000000000e+00,0.000000000000000000e+00,0.000000000000000000e+00,0.000000000000000000e+00,0.000000000000000000e+00,0.000000000000000000e+00,0.000000000000000000e+00,0.000000000000000000e+00,0.000000000000000000e+00,0.000000000000000000e+00,0.000000000000000000e+00,0.000000000000000000e+00,0.000000000000000000e+00,0.000000000000000000e+00,0.000000000000000000e+00,0.000000000000000000e+00,0.000000000000000000e+00,0.000000000000000000e+00,0.000000000000000000e+00,0.000000000000000000e+00,0.000000000000000000e+00,0.000000000000000000e+00,0.000000000000000000e+00,0.000000000000000000e+00,0.000000000000000000e+00,0.000000000000000000e+00,0.000000000000000000e+00,0.000000000000000000e+00,0.000000000000000000e+00,0.000000000000000000e+00,0.000000000000000000e+00,0.000000000000000000e+00,0.000000000000000000e+00,0.000000000000000000e+00,0.000000000000000000e+00,0.000000000000000000e+00,0.000000000000000000e+00,0.000000000000000000e+00,0.000000000000000000e+00,0.000000000000000000e+00,0.000000000000000000e+00,0.000000000000000000e+00,0.000000000000000000e+00,0.000000000000000000e+00,0.000000000000000000e+00,0.000000000000000000e+00,0.000000000000000000e+00,0.000000000000000000e+00,0.000000000000000000e+00,0.000000000000000000e+00,0.000000000000000000e+00,0.000000000000000000e+00,0.000000000000000000e+00,0.000000000000000000e+00,0.000000000000000000e+00,0.000000000000000000e+00,0.000000000000000000e+00,0.000000000000000000e+00,0.000000000000000000e+00,0.000000000000000000e+00,0.000000000000000000e+00,0.000000000000000000e+00,0.000000000000000000e+00,0.000000000000000000e+00,0.000000000000000000e+00,0.000000000000000000e+00,0.000000000000000000e+00,0.000000000000000000e+00,0.000000000000000000e+00,0.000000000000000000e+00,0.000000000000000000e+00,0.000000000000000000e+00,0.000000000000000000e+00,0.000000000000000000e+00,0.000000000000000000e+00,0.000000000000000000e+00,0.000000000000000000e+00,0.000000000000000000e+00,0.000000000000000000e+00,0.000000000000000000e+00,0.000000000000000000e+00,0.000000000000000000e+00,0.000000000000000000e+00,0.000000000000000000e+00
0.000000000000000000e+00,0.000000000000000000e+00,0.000000000000000000e+00,0.000000000000000000e+00,0.000000000000000000e+00,0.000000000000000000e+00,0.000000000000000000e+00,0.000000000000000000e+00,0.000000000000000000e+00,0.000000000000000000e+00,0.000000000000000000e+00,0.000000000000000000e+00,0.000000000000000000e+00,0.000000000000000000e+00,0.000000000000000000e+00,0.000000000000000000e+00,0.000000000000000000e+00,0.000000000000000000e+00,0.000000000000000000e+00,0.000000000000000000e+00,0.000000000000000000e+00,0.000000000000000000e+00,0.000000000000000000e+00,0.000000000000000000e+00,0.000000000000000000e+00,0.000000000000000000e+00,0.000000000000000000e+00,0.000000000000000000e+00,0.000000000000000000e+00,0.000000000000000000e+00,0.000000000000000000e+00,0.000000000000000000e+00,0.000000000000000000e+00,0.000000000000000000e+00,0.000000000000000000e+00,0.000000000000000000e+00,0.000000000000000000e+00,0.000000000000000000e+00,0.000000000000000000e+00,0.000000000000000000e+00,0.000000000000000000e+00,0.000000000000000000e+00,0.000000000000000000e+00,0.000000000000000000e+00,0.000000000000000000e+00,0.000000000000000000e+00,0.000000000000000000e+00,0.000000000000000000e+00,0.000000000000000000e+00,0.000000000000000000e+00,0.000000000000000000e+00,0.000000000000000000e+00,0.000000000000000000e+00,0.000000000000000000e+00,0.000000000000000000e+00,0.000000000000000000e+00,0.000000000000000000e+00,0.000000000000000000e+00,0.000000000000000000e+00,0.000000000000000000e+00,0.000000000000000000e+00,0.000000000000000000e+00,0.000000000000000000e+00,0.000000000000000000e+00,0.000000000000000000e+00,0.000000000000000000e+00,0.000000000000000000e+00,0.000000000000000000e+00,0.000000000000000000e+00,0.000000000000000000e+00,0.000000000000000000e+00,0.000000000000000000e+00,0.000000000000000000e+00,0.000000000000000000e+00,0.000000000000000000e+00,0.000000000000000000e+00,0.000000000000000000e+00,0.000000000000000000e+00,0.000000000000000000e+00,0.000000000000000000e+00,0.000000000000000000e+00,0.000000000000000000e+00,0.000000000000000000e+00,0.000000000000000000e+00,0.000000000000000000e+00,0.000000000000000000e+00,0.000000000000000000e+00,0.000000000000000000e+00,0.000000000000000000e+00,0.000000000000000000e+00,0.000000000000000000e+00,0.000000000000000000e+00,0.000000000000000000e+00,0.000000000000000000e+00,0.000000000000000000e+00,0.000000000000000000e+00,0.000000000000000000e+00,0.000000000000000000e+00,0.000000000000000000e+00,0.000000000000000000e+00,0.000000000000000000e+00,0.000000000000000000e+00,0.000000000000000000e+00,0.000000000000000000e+00,0.000000000000000000e+00,0.000000000000000000e+00,0.000000000000000000e+00,0.000000000000000000e+00,0.000000000000000000e+00,0.000000000000000000e+00,0.000000000000000000e+00,0.000000000000000000e+00,0.000000000000000000e+00,0.000000000000000000e+00,0.000000000000000000e+00,0.000000000000000000e+00,0.000000000000000000e+00,0.000000000000000000e+00,0.000000000000000000e+00,0.000000000000000000e+00,0.000000000000000000e+00,0.000000000000000000e+00,0.000000000000000000e+00,0.000000000000000000e+00,0.000000000000000000e+00,0.000000000000000000e+00,0.000000000000000000e+00,0.000000000000000000e+00,0.000000000000000000e+00,0.000000000000000000e+00,0.000000000000000000e+00,0.000000000000000000e+00,0.000000000000000000e+00,0.000000000000000000e+00,0.000000000000000000e+00,0.000000000000000000e+00,0.000000000000000000e+00,0.000000000000000000e+00,0.000000000000000000e+00,0.000000000000000000e+00,0.000000000000000000e+00,0.000000000000000000e+00,0.000000000000000000e+00,0.000000000000000000e+00,0.000000000000000000e+00,0.000000000000000000e+00,0.000000000000000000e+00,0.000000000000000000e+00,0.000000000000000000e+00,0.000000000000000000e+00,0.000000000000000000e+00,0.000000000000000000e+00,0.000000000000000000e+00,0.000000000000000000e+00,0.000000000000000000e+00,0.000000000000000000e+00,0.000000000000000000e+00,0.000000000000000000e+00,0.000000000000000000e+00,0.000000000000000000e+00,0.000000000000000000e+00,0.000000000000000000e+00,0.000000000000000000e+00,0.000000000000000000e+00,0.000000000000000000e+00,0.000000000000000000e+00,0.000000000000000000e+00,0.000000000000000000e+00,0.000000000000000000e+00,0.000000000000000000e+00,0.000000000000000000e+00,0.000000000000000000e+00,0.000000000000000000e+00,0.000000000000000000e+00,0.000000000000000000e+00,0.000000000000000000e+00,0.000000000000000000e+00,0.000000000000000000e+00,0.000000000000000000e+00,0.000000000000000000e+00,0.000000000000000000e+00,0.000000000000000000e+00,0.000000000000000000e+00,0.000000000000000000e+00,0.000000000000000000e+00,0.000000000000000000e+00,0.000000000000000000e+00,0.000000000000000000e+00,0.000000000000000000e+00,0.000000000000000000e+00,0.000000000000000000e+00,0.000000000000000000e+00,0.000000000000000000e+00,0.000000000000000000e+00,0.000000000000000000e+00,0.000000000000000000e+00,0.000000000000000000e+00,0.000000000000000000e+00,0.000000000000000000e+00,0.000000000000000000e+00,0.000000000000000000e+00,0.000000000000000000e+00,0.000000000000000000e+00,0.000000000000000000e+00,0.000000000000000000e+00,0.000000000000000000e+00,0.000000000000000000e+00,0.000000000000000000e+00,0.000000000000000000e+00,0.000000000000000000e+00,0.000000000000000000e+00,0.000000000000000000e+00,0.000000000000000000e+00,0.000000000000000000e+00,0.000000000000000000e+00,0.000000000000000000e+00,0.000000000000000000e+00,0.000000000000000000e+00,0.000000000000000000e+00,0.000000000000000000e+00,0.000000000000000000e+00,0.000000000000000000e+00,0.000000000000000000e+00,0.000000000000000000e+00,0.000000000000000000e+00,0.000000000000000000e+00,0.000000000000000000e+00,0.000000000000000000e+00,0.000000000000000000e+00,0.000000000000000000e+00,0.000000000000000000e+00,0.000000000000000000e+00,0.000000000000000000e+00,0.000000000000000000e+00,0.000000000000000000e+00,0.000000000000000000e+00,0.000000000000000000e+00,0.000000000000000000e+00,0.000000000000000000e+00,0.000000000000000000e+00,0.000000000000000000e+00,0.000000000000000000e+00,0.000000000000000000e+00,0.000000000000000000e+00,0.000000000000000000e+00,0.000000000000000000e+00,0.000000000000000000e+00,0.000000000000000000e+00,0.000000000000000000e+00,0.000000000000000000e+00,0.000000000000000000e+00,0.000000000000000000e+00,0.000000000000000000e+00,0.000000000000000000e+00,0.000000000000000000e+00,0.000000000000000000e+00,0.000000000000000000e+00,0.000000000000000000e+00,0.000000000000000000e+00,0.000000000000000000e+00,0.000000000000000000e+00,0.000000000000000000e+00,0.000000000000000000e+00,0.000000000000000000e+00,0.000000000000000000e+00,0.000000000000000000e+00,0.000000000000000000e+00,0.000000000000000000e+00,0.000000000000000000e+00,0.000000000000000000e+00,0.000000000000000000e+00,0.000000000000000000e+00,0.000000000000000000e+00,0.000000000000000000e+00,0.000000000000000000e+00,0.000000000000000000e+00,0.000000000000000000e+00,0.000000000000000000e+00,0.000000000000000000e+00,0.000000000000000000e+00,0.000000000000000000e+00,0.000000000000000000e+00,0.000000000000000000e+00,0.000000000000000000e+00,0.000000000000000000e+00,0.000000000000000000e+00,0.000000000000000000e+00,0.000000000000000000e+00,0.000000000000000000e+00,0.000000000000000000e+00,0.000000000000000000e+00,0.000000000000000000e+00,0.000000000000000000e+00,0.000000000000000000e+00,0.000000000000000000e+00,0.000000000000000000e+00,0.000000000000000000e+00,0.000000000000000000e+00,0.000000000000000000e+00,0.000000000000000000e+00,0.000000000000000000e+00,0.000000000000000000e+00,0.000000000000000000e+00,0.000000000000000000e+00,0.000000000000000000e+00,0.000000000000000000e+00,0.000000000000000000e+00,0.000000000000000000e+00,0.000000000000000000e+00,0.000000000000000000e+00,0.000000000000000000e+00,0.000000000000000000e+00,0.000000000000000000e+00,0.000000000000000000e+00,0.000000000000000000e+00,0.000000000000000000e+00,0.000000000000000000e+00,0.000000000000000000e+00,0.000000000000000000e+00,0.000000000000000000e+00,0.000000000000000000e+00,0.000000000000000000e+00,0.000000000000000000e+00,0.000000000000000000e+00,0.000000000000000000e+00,0.000000000000000000e+00,0.000000000000000000e+00,0.000000000000000000e+00,0.000000000000000000e+00,0.000000000000000000e+00,0.000000000000000000e+00,0.000000000000000000e+00,0.000000000000000000e+00,0.000000000000000000e+00,0.000000000000000000e+00,0.000000000000000000e+00,0.000000000000000000e+00,0.000000000000000000e+00,0.000000000000000000e+00,0.000000000000000000e+00,0.000000000000000000e+00,0.000000000000000000e+00,0.000000000000000000e+00,0.000000000000000000e+00,0.000000000000000000e+00,0.000000000000000000e+00,0.000000000000000000e+00,0.000000000000000000e+00,0.000000000000000000e+00,0.000000000000000000e+00
0.000000000000000000e+00,0.000000000000000000e+00,0.000000000000000000e+00,0.000000000000000000e+00,0.000000000000000000e+00,0.000000000000000000e+00,0.000000000000000000e+00,0.000000000000000000e+00,0.000000000000000000e+00,0.000000000000000000e+00,0.000000000000000000e+00,0.000000000000000000e+00,0.000000000000000000e+00,0.000000000000000000e+00,0.000000000000000000e+00,0.000000000000000000e+00,0.000000000000000000e+00,0.000000000000000000e+00,0.000000000000000000e+00,0.000000000000000000e+00,0.000000000000000000e+00,0.000000000000000000e+00,0.000000000000000000e+00,0.000000000000000000e+00,0.000000000000000000e+00,0.000000000000000000e+00,0.000000000000000000e+00,0.000000000000000000e+00,0.000000000000000000e+00,0.000000000000000000e+00,0.000000000000000000e+00,0.000000000000000000e+00,0.000000000000000000e+00,0.000000000000000000e+00,0.000000000000000000e+00,0.000000000000000000e+00,0.000000000000000000e+00,0.000000000000000000e+00,0.000000000000000000e+00,0.000000000000000000e+00,0.000000000000000000e+00,0.000000000000000000e+00,0.000000000000000000e+00,0.000000000000000000e+00,0.000000000000000000e+00,0.000000000000000000e+00,0.000000000000000000e+00,0.000000000000000000e+00,0.000000000000000000e+00,0.000000000000000000e+00,0.000000000000000000e+00,0.000000000000000000e+00,0.000000000000000000e+00,0.000000000000000000e+00,0.000000000000000000e+00,0.000000000000000000e+00,0.000000000000000000e+00,0.000000000000000000e+00,0.000000000000000000e+00,0.000000000000000000e+00,0.000000000000000000e+00,0.000000000000000000e+00,0.000000000000000000e+00,0.000000000000000000e+00,0.000000000000000000e+00,0.000000000000000000e+00,0.000000000000000000e+00,0.000000000000000000e+00,0.000000000000000000e+00,0.000000000000000000e+00,0.000000000000000000e+00,0.000000000000000000e+00,0.000000000000000000e+00,0.000000000000000000e+00,0.000000000000000000e+00,0.000000000000000000e+00,0.000000000000000000e+00,0.000000000000000000e+00,0.000000000000000000e+00,0.000000000000000000e+00,0.000000000000000000e+00,0.000000000000000000e+00,0.000000000000000000e+00,0.000000000000000000e+00,0.000000000000000000e+00,0.000000000000000000e+00,0.000000000000000000e+00,0.000000000000000000e+00,0.000000000000000000e+00,0.000000000000000000e+00,0.000000000000000000e+00,0.000000000000000000e+00,0.000000000000000000e+00,0.000000000000000000e+00,0.000000000000000000e+00,0.000000000000000000e+00,0.000000000000000000e+00,0.000000000000000000e+00,0.000000000000000000e+00,0.000000000000000000e+00,0.000000000000000000e+00,0.000000000000000000e+00,0.000000000000000000e+00,0.000000000000000000e+00,0.000000000000000000e+00,0.000000000000000000e+00,0.000000000000000000e+00,0.000000000000000000e+00,0.000000000000000000e+00,0.000000000000000000e+00,0.000000000000000000e+00,0.000000000000000000e+00,0.000000000000000000e+00,0.000000000000000000e+00,0.000000000000000000e+00,0.000000000000000000e+00,0.000000000000000000e+00,0.000000000000000000e+00,0.000000000000000000e+00,0.000000000000000000e+00,0.000000000000000000e+00,0.000000000000000000e+00,0.000000000000000000e+00,0.000000000000000000e+00,0.000000000000000000e+00,0.000000000000000000e+00,0.000000000000000000e+00,0.000000000000000000e+00,0.000000000000000000e+00,0.000000000000000000e+00,0.000000000000000000e+00,0.000000000000000000e+00,0.000000000000000000e+00,0.000000000000000000e+00,0.000000000000000000e+00,0.000000000000000000e+00,0.000000000000000000e+00,0.000000000000000000e+00,0.000000000000000000e+00,0.000000000000000000e+00,0.000000000000000000e+00,0.000000000000000000e+00,0.000000000000000000e+00,0.000000000000000000e+00,0.000000000000000000e+00,0.000000000000000000e+00,0.000000000000000000e+00,0.000000000000000000e+00,0.000000000000000000e+00,0.000000000000000000e+00,0.000000000000000000e+00,0.000000000000000000e+00,0.000000000000000000e+00,0.000000000000000000e+00,0.000000000000000000e+00,0.000000000000000000e+00,0.000000000000000000e+00,0.000000000000000000e+00,0.000000000000000000e+00,0.000000000000000000e+00,0.000000000000000000e+00,0.000000000000000000e+00,0.000000000000000000e+00,0.000000000000000000e+00,0.000000000000000000e+00,0.000000000000000000e+00,0.000000000000000000e+00,0.000000000000000000e+00,0.000000000000000000e+00,0.000000000000000000e+00,0.000000000000000000e+00,0.000000000000000000e+00,0.000000000000000000e+00,0.000000000000000000e+00,0.000000000000000000e+00,0.000000000000000000e+00,0.000000000000000000e+00,0.000000000000000000e+00,0.000000000000000000e+00,0.000000000000000000e+00,0.000000000000000000e+00,0.000000000000000000e+00,0.000000000000000000e+00,0.000000000000000000e+00,0.000000000000000000e+00,0.000000000000000000e+00,0.000000000000000000e+00,0.000000000000000000e+00,0.000000000000000000e+00,0.000000000000000000e+00,0.000000000000000000e+00,0.000000000000000000e+00,0.000000000000000000e+00,0.000000000000000000e+00,0.000000000000000000e+00,0.000000000000000000e+00,0.000000000000000000e+00,0.000000000000000000e+00,0.000000000000000000e+00,0.000000000000000000e+00,0.000000000000000000e+00,0.000000000000000000e+00,0.000000000000000000e+00,0.000000000000000000e+00,0.000000000000000000e+00,0.000000000000000000e+00,0.000000000000000000e+00,0.000000000000000000e+00,0.000000000000000000e+00,0.000000000000000000e+00,0.000000000000000000e+00,0.000000000000000000e+00,0.000000000000000000e+00,0.000000000000000000e+00,0.000000000000000000e+00,0.000000000000000000e+00,0.000000000000000000e+00,0.000000000000000000e+00,0.000000000000000000e+00,0.000000000000000000e+00,0.000000000000000000e+00,0.000000000000000000e+00,0.000000000000000000e+00,0.000000000000000000e+00,0.000000000000000000e+00,0.000000000000000000e+00,0.000000000000000000e+00,0.000000000000000000e+00,0.000000000000000000e+00,0.000000000000000000e+00,0.000000000000000000e+00,0.000000000000000000e+00,0.000000000000000000e+00,0.000000000000000000e+00,0.000000000000000000e+00,0.000000000000000000e+00,0.000000000000000000e+00,0.000000000000000000e+00,0.000000000000000000e+00,0.000000000000000000e+00,0.000000000000000000e+00,0.000000000000000000e+00,0.000000000000000000e+00,0.000000000000000000e+00,0.000000000000000000e+00,0.000000000000000000e+00,0.000000000000000000e+00,0.000000000000000000e+00,0.000000000000000000e+00,0.000000000000000000e+00,0.000000000000000000e+00,0.000000000000000000e+00,0.000000000000000000e+00,0.000000000000000000e+00,0.000000000000000000e+00,0.000000000000000000e+00,0.000000000000000000e+00,0.000000000000000000e+00,0.000000000000000000e+00,0.000000000000000000e+00,0.000000000000000000e+00,0.000000000000000000e+00,0.000000000000000000e+00,0.000000000000000000e+00,0.000000000000000000e+00,0.000000000000000000e+00,0.000000000000000000e+00,0.000000000000000000e+00,0.000000000000000000e+00,0.000000000000000000e+00,0.000000000000000000e+00,0.000000000000000000e+00,0.000000000000000000e+00,0.000000000000000000e+00,0.000000000000000000e+00,0.000000000000000000e+00,0.000000000000000000e+00,0.000000000000000000e+00,0.000000000000000000e+00,0.000000000000000000e+00,0.000000000000000000e+00,0.000000000000000000e+00,0.000000000000000000e+00,0.000000000000000000e+00,0.000000000000000000e+00,0.000000000000000000e+00,0.000000000000000000e+00,0.000000000000000000e+00,0.000000000000000000e+00,0.000000000000000000e+00,0.000000000000000000e+00,0.000000000000000000e+00,0.000000000000000000e+00,0.000000000000000000e+00,0.000000000000000000e+00,0.000000000000000000e+00,0.000000000000000000e+00,0.000000000000000000e+00,0.000000000000000000e+00,0.000000000000000000e+00,0.000000000000000000e+00,0.000000000000000000e+00,0.000000000000000000e+00,0.000000000000000000e+00,0.000000000000000000e+00,0.000000000000000000e+00,0.000000000000000000e+00,0.000000000000000000e+00,0.000000000000000000e+00,0.000000000000000000e+00,0.000000000000000000e+00,0.000000000000000000e+00,0.000000000000000000e+00,0.000000000000000000e+00,0.000000000000000000e+00,0.000000000000000000e+00,0.000000000000000000e+00,0.000000000000000000e+00,0.000000000000000000e+00,0.000000000000000000e+00,0.000000000000000000e+00,0.000000000000000000e+00,0.000000000000000000e+00,0.000000000000000000e+00,0.000000000000000000e+00,0.000000000000000000e+00,0.000000000000000000e+00,0.000000000000000000e+00,0.000000000000000000e+00,0.000000000000000000e+00,0.000000000000000000e+00,0.000000000000000000e+00,0.000000000000000000e+00,0.000000000000000000e+00,0.000000000000000000e+00,0.000000000000000000e+00,0.000000000000000000e+00,0.000000000000000000e+00,0.000000000000000000e+00,0.000000000000000000e+00,0.000000000000000000e+00,0.000000000000000000e+00,0.000000000000000000e+00,0.000000000000000000e+00,0.000000000000000000e+00,0.000000000000000000e+00,0.000000000000000000e+00,0.000000000000000000e+00,0.000000000000000000e+00,0.000000000000000000e+00
0.000000000000000000e+00,0.000000000000000000e+00,0.000000000000000000e+00,0.000000000000000000e+00,0.000000000000000000e+00,0.000000000000000000e+00,0.000000000000000000e+00,0.000000000000000000e+00,0.000000000000000000e+00,0.000000000000000000e+00,0.000000000000000000e+00,0.000000000000000000e+00,0.000000000000000000e+00,0.000000000000000000e+00,0.000000000000000000e+00,0.000000000000000000e+00,0.000000000000000000e+00,0.000000000000000000e+00,0.000000000000000000e+00,0.000000000000000000e+00,0.000000000000000000e+00,0.000000000000000000e+00,0.000000000000000000e+00,0.000000000000000000e+00,0.000000000000000000e+00,0.000000000000000000e+00,0.000000000000000000e+00,0.000000000000000000e+00,0.000000000000000000e+00,0.000000000000000000e+00,0.000000000000000000e+00,0.000000000000000000e+00,0.000000000000000000e+00,0.000000000000000000e+00,0.000000000000000000e+00,0.000000000000000000e+00,0.000000000000000000e+00,0.000000000000000000e+00,0.000000000000000000e+00,0.000000000000000000e+00,0.000000000000000000e+00,0.000000000000000000e+00,0.000000000000000000e+00,0.000000000000000000e+00,0.000000000000000000e+00,0.000000000000000000e+00,0.000000000000000000e+00,0.000000000000000000e+00,0.000000000000000000e+00,0.000000000000000000e+00,0.000000000000000000e+00,0.000000000000000000e+00,0.000000000000000000e+00,0.000000000000000000e+00,0.000000000000000000e+00,0.000000000000000000e+00,0.000000000000000000e+00,0.000000000000000000e+00,0.000000000000000000e+00,0.000000000000000000e+00,0.000000000000000000e+00,0.000000000000000000e+00,0.000000000000000000e+00,0.000000000000000000e+00,0.000000000000000000e+00,0.000000000000000000e+00,0.000000000000000000e+00,0.000000000000000000e+00,0.000000000000000000e+00,0.000000000000000000e+00,0.000000000000000000e+00,0.000000000000000000e+00,0.000000000000000000e+00,0.000000000000000000e+00,0.000000000000000000e+00,0.000000000000000000e+00,0.000000000000000000e+00,0.000000000000000000e+00,0.000000000000000000e+00,0.000000000000000000e+00,0.000000000000000000e+00,0.000000000000000000e+00,0.000000000000000000e+00,0.000000000000000000e+00,0.000000000000000000e+00,0.000000000000000000e+00,0.000000000000000000e+00,0.000000000000000000e+00,0.000000000000000000e+00,0.000000000000000000e+00,0.000000000000000000e+00,0.000000000000000000e+00,0.000000000000000000e+00,0.000000000000000000e+00,0.000000000000000000e+00,0.000000000000000000e+00,0.000000000000000000e+00,0.000000000000000000e+00,0.000000000000000000e+00,0.000000000000000000e+00,0.000000000000000000e+00,0.000000000000000000e+00,0.000000000000000000e+00,0.000000000000000000e+00,0.000000000000000000e+00,0.000000000000000000e+00,0.000000000000000000e+00,0.000000000000000000e+00,0.000000000000000000e+00,0.000000000000000000e+00,0.000000000000000000e+00,0.000000000000000000e+00,0.000000000000000000e+00,0.000000000000000000e+00,0.000000000000000000e+00,0.000000000000000000e+00,0.000000000000000000e+00,0.000000000000000000e+00,0.000000000000000000e+00,0.000000000000000000e+00,0.000000000000000000e+00,0.000000000000000000e+00,0.000000000000000000e+00,0.000000000000000000e+00,0.000000000000000000e+00,0.000000000000000000e+00,0.000000000000000000e+00,0.000000000000000000e+00,0.000000000000000000e+00,0.000000000000000000e+00,0.000000000000000000e+00,0.000000000000000000e+00,0.000000000000000000e+00,0.000000000000000000e+00,0.000000000000000000e+00,0.000000000000000000e+00,0.000000000000000000e+00,0.000000000000000000e+00,0.000000000000000000e+00,0.000000000000000000e+00,0.000000000000000000e+00,0.000000000000000000e+00,0.000000000000000000e+00,0.000000000000000000e+00,0.000000000000000000e+00,0.000000000000000000e+00,0.000000000000000000e+00,0.000000000000000000e+00,0.000000000000000000e+00,0.000000000000000000e+00,0.000000000000000000e+00,0.000000000000000000e+00,0.000000000000000000e+00,0.000000000000000000e+00,0.000000000000000000e+00,0.000000000000000000e+00,0.000000000000000000e+00,0.000000000000000000e+00,0.000000000000000000e+00,0.000000000000000000e+00,0.000000000000000000e+00,0.000000000000000000e+00,0.000000000000000000e+00,0.000000000000000000e+00,0.000000000000000000e+00,0.000000000000000000e+00,0.000000000000000000e+00,0.000000000000000000e+00,0.000000000000000000e+00,0.000000000000000000e+00,0.000000000000000000e+00,0.000000000000000000e+00,0.000000000000000000e+00,0.000000000000000000e+00,0.000000000000000000e+00,0.000000000000000000e+00,0.000000000000000000e+00,0.000000000000000000e+00,0.000000000000000000e+00,0.000000000000000000e+00,0.000000000000000000e+00,0.000000000000000000e+00,0.000000000000000000e+00,0.000000000000000000e+00,0.000000000000000000e+00,0.000000000000000000e+00,0.000000000000000000e+00,0.000000000000000000e+00,0.000000000000000000e+00,0.000000000000000000e+00,0.000000000000000000e+00,0.000000000000000000e+00,0.000000000000000000e+00,0.000000000000000000e+00,0.000000000000000000e+00,0.000000000000000000e+00,0.000000000000000000e+00,0.000000000000000000e+00,0.000000000000000000e+00,0.000000000000000000e+00,0.000000000000000000e+00,0.000000000000000000e+00,0.000000000000000000e+00,0.000000000000000000e+00,0.000000000000000000e+00,0.000000000000000000e+00,0.000000000000000000e+00,0.000000000000000000e+00,0.000000000000000000e+00,0.000000000000000000e+00,0.000000000000000000e+00,0.000000000000000000e+00,0.000000000000000000e+00,0.000000000000000000e+00,0.000000000000000000e+00,0.000000000000000000e+00,0.000000000000000000e+00,0.000000000000000000e+00,0.000000000000000000e+00,0.000000000000000000e+00,0.000000000000000000e+00,0.000000000000000000e+00,0.000000000000000000e+00,0.000000000000000000e+00,0.000000000000000000e+00,0.000000000000000000e+00,0.000000000000000000e+00,0.000000000000000000e+00,0.000000000000000000e+00,0.000000000000000000e+00,0.000000000000000000e+00,0.000000000000000000e+00,0.000000000000000000e+00,0.000000000000000000e+00,0.000000000000000000e+00,0.000000000000000000e+00,0.000000000000000000e+00,0.000000000000000000e+00,0.000000000000000000e+00,0.000000000000000000e+00,0.000000000000000000e+00,0.000000000000000000e+00,0.000000000000000000e+00,0.000000000000000000e+00,0.000000000000000000e+00,0.000000000000000000e+00,0.000000000000000000e+00,0.000000000000000000e+00,0.000000000000000000e+00,0.000000000000000000e+00,0.000000000000000000e+00,0.000000000000000000e+00,0.000000000000000000e+00,0.000000000000000000e+00,0.000000000000000000e+00,0.000000000000000000e+00,0.000000000000000000e+00,0.000000000000000000e+00,0.000000000000000000e+00,0.000000000000000000e+00,0.000000000000000000e+00,0.000000000000000000e+00,0.000000000000000000e+00,0.000000000000000000e+00,0.000000000000000000e+00,0.000000000000000000e+00,0.000000000000000000e+00,0.000000000000000000e+00,0.000000000000000000e+00,0.000000000000000000e+00,0.000000000000000000e+00,0.000000000000000000e+00,0.000000000000000000e+00,0.000000000000000000e+00,0.000000000000000000e+00,0.000000000000000000e+00,0.000000000000000000e+00,0.000000000000000000e+00,0.000000000000000000e+00,0.000000000000000000e+00,0.000000000000000000e+00,0.000000000000000000e+00,0.000000000000000000e+00,0.000000000000000000e+00,0.000000000000000000e+00,0.000000000000000000e+00,0.000000000000000000e+00,0.000000000000000000e+00,0.000000000000000000e+00,0.000000000000000000e+00,0.000000000000000000e+00,0.000000000000000000e+00,0.000000000000000000e+00,0.000000000000000000e+00,0.000000000000000000e+00,0.000000000000000000e+00,0.000000000000000000e+00,0.000000000000000000e+00,0.000000000000000000e+00,0.000000000000000000e+00,0.000000000000000000e+00,0.000000000000000000e+00,0.000000000000000000e+00,0.000000000000000000e+00,0.000000000000000000e+00,0.000000000000000000e+00,0.000000000000000000e+00,0.000000000000000000e+00,0.000000000000000000e+00,0.000000000000000000e+00,0.000000000000000000e+00,0.000000000000000000e+00,0.000000000000000000e+00,0.000000000000000000e+00,0.000000000000000000e+00,0.000000000000000000e+00,0.000000000000000000e+00,0.000000000000000000e+00,0.000000000000000000e+00,0.000000000000000000e+00,0.000000000000000000e+00,0.000000000000000000e+00,0.000000000000000000e+00,0.000000000000000000e+00,0.000000000000000000e+00,0.000000000000000000e+00,0.000000000000000000e+00,0.000000000000000000e+00,0.000000000000000000e+00,0.000000000000000000e+00,0.000000000000000000e+00,0.000000000000000000e+00,0.000000000000000000e+00,0.000000000000000000e+00,0.000000000000000000e+00,0.000000000000000000e+00,0.000000000000000000e+00,0.000000000000000000e+00,0.000000000000000000e+00,0.000000000000000000e+00,0.000000000000000000e+00,0.000000000000000000e+00,0.000000000000000000e+00,0.000000000000000000e+00,0.000000000000000000e+00,0.000000000000000000e+00,0.000000000000000000e+00,0.000000000000000000e+00,0.000000000000000000e+00,0.000000000000000000e+00
0.000000000000000000e+00,0.000000000000000000e+00,0.000000000000000000e+00,0.000000000000000000e+00,0.000000000000000000e+00,0.000000000000000000e+00,0.000000000000000000e+00,0.000000000000000000e+00,0.000000000000000000e+00,0.000000000000000000e+00,0.000000000000000000e+00,0.000000000000000000e+00,0.000000000000000000e+00,0.000000000000000000e+00,0.000000000000000000e+00,0.000000000000000000e+00,0.000000000000000000e+00,0.000000000000000000e+00,0.000000000000000000e+00,0.000000000000000000e+00,0.000000000000000000e+00,0.000000000000000000e+00,0.000000000000000000e+00,0.000000000000000000e+00,0.000000000000000000e+00,0.000000000000000000e+00,0.000000000000000000e+00,0.000000000000000000e+00,0.000000000000000000e+00,0.000000000000000000e+00,0.000000000000000000e+00,0.000000000000000000e+00,0.000000000000000000e+00,0.000000000000000000e+00,0.000000000000000000e+00,0.000000000000000000e+00,0.000000000000000000e+00,0.000000000000000000e+00,0.000000000000000000e+00,0.000000000000000000e+00,0.000000000000000000e+00,0.000000000000000000e+00,0.000000000000000000e+00,0.000000000000000000e+00,0.000000000000000000e+00,0.000000000000000000e+00,0.000000000000000000e+00,0.000000000000000000e+00,0.000000000000000000e+00,0.000000000000000000e+00,0.000000000000000000e+00,0.000000000000000000e+00,0.000000000000000000e+00,0.000000000000000000e+00,0.000000000000000000e+00,0.000000000000000000e+00,0.000000000000000000e+00,0.000000000000000000e+00,0.000000000000000000e+00,0.000000000000000000e+00,0.000000000000000000e+00,0.000000000000000000e+00,0.000000000000000000e+00,0.000000000000000000e+00,0.000000000000000000e+00,0.000000000000000000e+00,0.000000000000000000e+00,0.000000000000000000e+00,0.000000000000000000e+00,0.000000000000000000e+00,0.000000000000000000e+00,0.000000000000000000e+00,0.000000000000000000e+00,0.000000000000000000e+00,0.000000000000000000e+00,0.000000000000000000e+00,0.000000000000000000e+00,0.000000000000000000e+00,0.000000000000000000e+00,0.000000000000000000e+00,0.000000000000000000e+00,0.000000000000000000e+00,0.000000000000000000e+00,0.000000000000000000e+00,0.000000000000000000e+00,0.000000000000000000e+00,0.000000000000000000e+00,0.000000000000000000e+00,0.000000000000000000e+00,0.000000000000000000e+00,0.000000000000000000e+00,0.000000000000000000e+00,0.000000000000000000e+00,0.000000000000000000e+00,0.000000000000000000e+00,0.000000000000000000e+00,0.000000000000000000e+00,0.000000000000000000e+00,0.000000000000000000e+00,0.000000000000000000e+00,0.000000000000000000e+00,0.000000000000000000e+00,0.000000000000000000e+00,0.000000000000000000e+00,0.000000000000000000e+00,0.000000000000000000e+00,0.000000000000000000e+00,0.000000000000000000e+00,0.000000000000000000e+00,0.000000000000000000e+00,0.000000000000000000e+00,0.000000000000000000e+00,0.000000000000000000e+00,0.000000000000000000e+00,0.000000000000000000e+00,0.000000000000000000e+00,0.000000000000000000e+00,0.000000000000000000e+00,0.000000000000000000e+00,0.000000000000000000e+00,0.000000000000000000e+00,0.000000000000000000e+00,0.000000000000000000e+00,0.000000000000000000e+00,0.000000000000000000e+00,0.000000000000000000e+00,0.000000000000000000e+00,0.000000000000000000e+00,0.000000000000000000e+00,0.000000000000000000e+00,0.000000000000000000e+00,0.000000000000000000e+00,0.000000000000000000e+00,0.000000000000000000e+00,0.000000000000000000e+00,0.000000000000000000e+00,0.000000000000000000e+00,0.000000000000000000e+00,0.000000000000000000e+00,0.000000000000000000e+00,0.000000000000000000e+00,0.000000000000000000e+00,0.000000000000000000e+00,0.000000000000000000e+00,0.000000000000000000e+00,0.000000000000000000e+00,0.000000000000000000e+00,0.000000000000000000e+00,0.000000000000000000e+00,0.000000000000000000e+00,0.000000000000000000e+00,0.000000000000000000e+00,0.000000000000000000e+00,0.000000000000000000e+00,0.000000000000000000e+00,0.000000000000000000e+00,0.000000000000000000e+00,0.000000000000000000e+00,0.000000000000000000e+00,0.000000000000000000e+00,0.000000000000000000e+00,0.000000000000000000e+00,0.000000000000000000e+00,0.000000000000000000e+00,0.000000000000000000e+00,0.000000000000000000e+00,0.000000000000000000e+00,0.000000000000000000e+00,0.000000000000000000e+00,0.000000000000000000e+00,0.000000000000000000e+00,0.000000000000000000e+00,0.000000000000000000e+00,0.000000000000000000e+00,0.000000000000000000e+00,0.000000000000000000e+00,0.000000000000000000e+00,0.000000000000000000e+00,0.000000000000000000e+00,0.000000000000000000e+00,0.000000000000000000e+00,0.000000000000000000e+00,0.000000000000000000e+00,0.000000000000000000e+00,0.000000000000000000e+00,0.000000000000000000e+00,0.000000000000000000e+00,0.000000000000000000e+00,0.000000000000000000e+00,0.000000000000000000e+00,0.000000000000000000e+00,0.000000000000000000e+00,0.000000000000000000e+00,0.000000000000000000e+00,0.000000000000000000e+00,0.000000000000000000e+00,0.000000000000000000e+00,0.000000000000000000e+00,0.000000000000000000e+00,0.000000000000000000e+00,0.000000000000000000e+00,0.000000000000000000e+00,0.000000000000000000e+00,0.000000000000000000e+00,0.000000000000000000e+00,0.000000000000000000e+00,0.000000000000000000e+00,0.000000000000000000e+00,0.000000000000000000e+00,0.000000000000000000e+00,0.000000000000000000e+00,0.000000000000000000e+00,0.000000000000000000e+00,0.000000000000000000e+00,0.000000000000000000e+00,0.000000000000000000e+00,0.000000000000000000e+00,0.000000000000000000e+00,0.000000000000000000e+00,0.000000000000000000e+00,0.000000000000000000e+00,0.000000000000000000e+00,0.000000000000000000e+00,0.000000000000000000e+00,0.000000000000000000e+00,0.000000000000000000e+00,0.000000000000000000e+00,0.000000000000000000e+00,0.000000000000000000e+00,0.000000000000000000e+00,0.000000000000000000e+00,0.000000000000000000e+00,0.000000000000000000e+00,0.000000000000000000e+00,0.000000000000000000e+00,0.000000000000000000e+00,0.000000000000000000e+00,0.000000000000000000e+00,0.000000000000000000e+00,0.000000000000000000e+00,0.000000000000000000e+00,0.000000000000000000e+00,0.000000000000000000e+00,0.000000000000000000e+00,0.000000000000000000e+00,0.000000000000000000e+00,0.000000000000000000e+00,0.000000000000000000e+00,0.000000000000000000e+00,0.000000000000000000e+00,0.000000000000000000e+00,0.000000000000000000e+00,0.000000000000000000e+00,0.000000000000000000e+00,0.000000000000000000e+00,0.000000000000000000e+00,0.000000000000000000e+00,0.000000000000000000e+00,0.000000000000000000e+00,0.000000000000000000e+00,0.000000000000000000e+00,0.000000000000000000e+00,0.000000000000000000e+00,0.000000000000000000e+00,0.000000000000000000e+00,0.000000000000000000e+00,0.000000000000000000e+00,0.000000000000000000e+00,0.000000000000000000e+00,0.000000000000000000e+00,0.000000000000000000e+00,0.000000000000000000e+00,0.000000000000000000e+00,0.000000000000000000e+00,0.000000000000000000e+00,0.000000000000000000e+00,0.000000000000000000e+00,0.000000000000000000e+00,0.000000000000000000e+00,0.000000000000000000e+00,0.000000000000000000e+00,0.000000000000000000e+00,0.000000000000000000e+00,0.000000000000000000e+00,0.000000000000000000e+00,0.000000000000000000e+00,0.000000000000000000e+00,0.000000000000000000e+00,0.000000000000000000e+00,0.000000000000000000e+00,0.000000000000000000e+00,0.000000000000000000e+00,0.000000000000000000e+00,0.000000000000000000e+00,0.000000000000000000e+00,0.000000000000000000e+00,0.000000000000000000e+00,0.000000000000000000e+00,0.000000000000000000e+00,0.000000000000000000e+00,0.000000000000000000e+00,0.000000000000000000e+00,0.000000000000000000e+00,0.000000000000000000e+00,0.000000000000000000e+00,0.000000000000000000e+00,0.000000000000000000e+00,0.000000000000000000e+00,0.000000000000000000e+00,0.000000000000000000e+00,0.000000000000000000e+00,0.000000000000000000e+00,0.000000000000000000e+00,0.000000000000000000e+00,0.000000000000000000e+00,0.000000000000000000e+00,0.000000000000000000e+00,0.000000000000000000e+00,0.000000000000000000e+00,0.000000000000000000e+00,0.000000000000000000e+00,0.000000000000000000e+00,0.000000000000000000e+00,0.000000000000000000e+00,0.000000000000000000e+00,0.000000000000000000e+00,0.000000000000000000e+00,0.000000000000000000e+00,0.000000000000000000e+00,0.000000000000000000e+00,0.000000000000000000e+00,0.000000000000000000e+00,0.000000000000000000e+00,0.000000000000000000e+00,0.000000000000000000e+00,0.000000000000000000e+00,0.000000000000000000e+00,0.000000000000000000e+00,0.000000000000000000e+00,0.000000000000000000e+00,0.000000000000000000e+00,0.000000000000000000e+00,0.000000000000000000e+00,0.000000000000000000e+00,0.000000000000000000e+00,0.000000000000000000e+00,0.000000000000000000e+00,0.000000000000000000e+00,0.000000000000000000e+00,0.000000000000000000e+00
0.000000000000000000e+00,0.000000000000000000e+00,0.000000000000000000e+00,0.000000000000000000e+00,0.000000000000000000e+00,0.000000000000000000e+00,0.000000000000000000e+00,0.000000000000000000e+00,0.000000000000000000e+00,0.000000000000000000e+00,0.000000000000000000e+00,0.000000000000000000e+00,0.000000000000000000e+00,0.000000000000000000e+00,0.000000000000000000e+00,0.000000000000000000e+00,0.000000000000000000e+00,0.000000000000000000e+00,0.000000000000000000e+00,0.000000000000000000e+00,0.000000000000000000e+00,0.000000000000000000e+00,0.000000000000000000e+00,0.000000000000000000e+00,0.000000000000000000e+00,0.000000000000000000e+00,0.000000000000000000e+00,0.000000000000000000e+00,0.000000000000000000e+00,0.000000000000000000e+00,0.000000000000000000e+00,0.000000000000000000e+00,0.000000000000000000e+00,0.000000000000000000e+00,0.000000000000000000e+00,0.000000000000000000e+00,0.000000000000000000e+00,0.000000000000000000e+00,0.000000000000000000e+00,0.000000000000000000e+00,0.000000000000000000e+00,0.000000000000000000e+00,0.000000000000000000e+00,0.000000000000000000e+00,0.000000000000000000e+00,0.000000000000000000e+00,0.000000000000000000e+00,0.000000000000000000e+00,0.000000000000000000e+00,0.000000000000000000e+00,0.000000000000000000e+00,0.000000000000000000e+00,0.000000000000000000e+00,0.000000000000000000e+00,0.000000000000000000e+00,0.000000000000000000e+00,0.000000000000000000e+00,0.000000000000000000e+00,0.000000000000000000e+00,0.000000000000000000e+00,0.000000000000000000e+00,0.000000000000000000e+00,0.000000000000000000e+00,0.000000000000000000e+00,0.000000000000000000e+00,0.000000000000000000e+00,0.000000000000000000e+00,0.000000000000000000e+00,0.000000000000000000e+00,0.000000000000000000e+00,0.000000000000000000e+00,0.000000000000000000e+00,0.000000000000000000e+00,0.000000000000000000e+00,0.000000000000000000e+00,0.000000000000000000e+00,0.000000000000000000e+00,0.000000000000000000e+00,0.000000000000000000e+00,0.000000000000000000e+00,0.000000000000000000e+00,0.000000000000000000e+00,0.000000000000000000e+00,0.000000000000000000e+00,0.000000000000000000e+00,0.000000000000000000e+00,0.000000000000000000e+00,0.000000000000000000e+00,0.000000000000000000e+00,0.000000000000000000e+00,0.000000000000000000e+00,0.000000000000000000e+00,0.000000000000000000e+00,0.000000000000000000e+00,0.000000000000000000e+00,0.000000000000000000e+00,0.000000000000000000e+00,0.000000000000000000e+00,0.000000000000000000e+00,0.000000000000000000e+00,0.000000000000000000e+00,0.000000000000000000e+00,0.000000000000000000e+00,0.000000000000000000e+00,0.000000000000000000e+00,0.000000000000000000e+00,0.000000000000000000e+00,0.000000000000000000e+00,0.000000000000000000e+00,0.000000000000000000e+00,0.000000000000000000e+00,0.000000000000000000e+00,0.000000000000000000e+00,0.000000000000000000e+00,0.000000000000000000e+00,0.000000000000000000e+00,0.000000000000000000e+00,0.000000000000000000e+00,0.000000000000000000e+00,0.000000000000000000e+00,0.000000000000000000e+00,0.000000000000000000e+00,0.000000000000000000e+00,0.000000000000000000e+00,0.000000000000000000e+00,0.000000000000000000e+00,0.000000000000000000e+00,0.000000000000000000e+00,0.000000000000000000e+00,0.000000000000000000e+00,0.000000000000000000e+00,0.000000000000000000e+00,0.000000000000000000e+00,0.000000000000000000e+00,0.000000000000000000e+00,0.000000000000000000e+00,0.000000000000000000e+00,0.000000000000000000e+00,0.000000000000000000e+00,0.000000000000000000e+00,0.000000000000000000e+00,0.000000000000000000e+00,0.000000000000000000e+00,0.000000000000000000e+00,0.000000000000000000e+00,0.000000000000000000e+00,0.000000000000000000e+00,0.000000000000000000e+00,0.000000000000000000e+00,0.000000000000000000e+00,0.000000000000000000e+00,0.000000000000000000e+00,0.000000000000000000e+00,0.000000000000000000e+00,0.000000000000000000e+00,0.000000000000000000e+00,0.000000000000000000e+00,0.000000000000000000e+00,0.000000000000000000e+00,0.000000000000000000e+00,0.000000000000000000e+00,0.000000000000000000e+00,0.000000000000000000e+00,0.000000000000000000e+00,0.000000000000000000e+00,0.000000000000000000e+00,0.000000000000000000e+00,0.000000000000000000e+00,0.000000000000000000e+00,0.000000000000000000e+00,0.000000000000000000e+00,0.000000000000000000e+00,0.000000000000000000e+00,0.000000000000000000e+00,0.000000000000000000e+00,0.000000000000000000e+00,0.000000000000000000e+00,0.000000000000000000e+00,0.000000000000000000e+00,0.000000000000000000e+00,0.000000000000000000e+00,0.000000000000000000e+00,0.000000000000000000e+00,0.000000000000000000e+00,0.000000000000000000e+00,0.000000000000000000e+00,0.000000000000000000e+00,0.000000000000000000e+00,0.000000000000000000e+00,0.000000000000000000e+00,0.000000000000000000e+00,0.000000000000000000e+00,0.000000000000000000e+00,0.000000000000000000e+00,0.000000000000000000e+00,0.000000000000000000e+00,0.000000000000000000e+00,0.000000000000000000e+00,0.000000000000000000e+00,0.000000000000000000e+00,0.000000000000000000e+00,0.000000000000000000e+00,0.000000000000000000e+00,0.000000000000000000e+00,0.000000000000000000e+00,0.000000000000000000e+00,0.000000000000000000e+00,0.000000000000000000e+00,0.000000000000000000e+00,0.000000000000000000e+00,0.000000000000000000e+00,0.000000000000000000e+00,0.000000000000000000e+00,0.000000000000000000e+00,0.000000000000000000e+00,0.000000000000000000e+00,0.000000000000000000e+00,0.000000000000000000e+00,0.000000000000000000e+00,0.000000000000000000e+00,0.000000000000000000e+00,0.000000000000000000e+00,0.000000000000000000e+00,0.000000000000000000e+00,0.000000000000000000e+00,0.000000000000000000e+00,0.000000000000000000e+00,0.000000000000000000e+00,0.000000000000000000e+00,0.000000000000000000e+00,0.000000000000000000e+00,0.000000000000000000e+00,0.000000000000000000e+00,0.000000000000000000e+00,0.000000000000000000e+00,0.000000000000000000e+00,0.000000000000000000e+00,0.000000000000000000e+00,0.000000000000000000e+00,0.000000000000000000e+00,0.000000000000000000e+00,0.000000000000000000e+00,0.000000000000000000e+00,0.000000000000000000e+00,0.000000000000000000e+00,0.000000000000000000e+00,0.000000000000000000e+00,0.000000000000000000e+00,0.000000000000000000e+00,0.000000000000000000e+00,0.000000000000000000e+00,0.000000000000000000e+00,0.000000000000000000e+00,0.000000000000000000e+00,0.000000000000000000e+00,0.000000000000000000e+00,0.000000000000000000e+00,0.000000000000000000e+00,0.000000000000000000e+00,0.000000000000000000e+00,0.000000000000000000e+00,0.000000000000000000e+00,0.000000000000000000e+00,0.000000000000000000e+00,0.000000000000000000e+00,0.000000000000000000e+00,0.000000000000000000e+00,0.000000000000000000e+00,0.000000000000000000e+00,0.000000000000000000e+00,0.000000000000000000e+00,0.000000000000000000e+00,0.000000000000000000e+00,0.000000000000000000e+00,0.000000000000000000e+00,0.000000000000000000e+00,0.000000000000000000e+00,0.000000000000000000e+00,0.000000000000000000e+00,0.000000000000000000e+00,0.000000000000000000e+00,0.000000000000000000e+00,0.000000000000000000e+00,0.000000000000000000e+00,0.000000000000000000e+00,0.000000000000000000e+00,0.000000000000000000e+00,0.000000000000000000e+00,0.000000000000000000e+00,0.000000000000000000e+00,0.000000000000000000e+00,0.000000000000000000e+00,0.000000000000000000e+00,0.000000000000000000e+00,0.000000000000000000e+00,0.000000000000000000e+00,0.000000000000000000e+00,0.000000000000000000e+00,0.000000000000000000e+00,0.000000000000000000e+00,0.000000000000000000e+00,0.000000000000000000e+00,0.000000000000000000e+00,0.000000000000000000e+00,0.000000000000000000e+00,0.000000000000000000e+00,0.000000000000000000e+00,0.000000000000000000e+00,0.000000000000000000e+00,0.000000000000000000e+00,0.000000000000000000e+00,0.000000000000000000e+00,0.000000000000000000e+00,0.000000000000000000e+00,0.000000000000000000e+00,0.000000000000000000e+00,0.000000000000000000e+00,0.000000000000000000e+00,0.000000000000000000e+00,0.000000000000000000e+00,0.000000000000000000e+00,0.000000000000000000e+00,0.000000000000000000e+00,0.000000000000000000e+00,0.000000000000000000e+00,0.000000000000000000e+00,0.000000000000000000e+00,0.000000000000000000e+00,0.000000000000000000e+00,0.000000000000000000e+00,0.000000000000000000e+00,0.000000000000000000e+00,0.000000000000000000e+00,0.000000000000000000e+00,0.000000000000000000e+00,0.000000000000000000e+00,0.000000000000000000e+00,0.000000000000000000e+00,0.000000000000000000e+00,0.000000000000000000e+00,0.000000000000000000e+00,0.000000000000000000e+00,0.000000000000000000e+00,0.000000000000000000e+00,0.000000000000000000e+00,0.000000000000000000e+00,0.000000000000000000e+00,0.000000000000000000e+00,0.000000000000000000e+00,0.000000000000000000e+00
0.000000000000000000e+00,0.000000000000000000e+00,0.000000000000000000e+00,0.000000000000000000e+00,0.000000000000000000e+00,0.000000000000000000e+00,0.000000000000000000e+00,0.000000000000000000e+00,0.000000000000000000e+00,0.000000000000000000e+00,0.000000000000000000e+00,0.000000000000000000e+00,0.000000000000000000e+00,0.000000000000000000e+00,0.000000000000000000e+00,0.000000000000000000e+00,0.000000000000000000e+00,0.000000000000000000e+00,0.000000000000000000e+00,0.000000000000000000e+00,0.000000000000000000e+00,0.000000000000000000e+00,0.000000000000000000e+00,0.000000000000000000e+00,0.000000000000000000e+00,0.000000000000000000e+00,0.000000000000000000e+00,0.000000000000000000e+00,0.000000000000000000e+00,0.000000000000000000e+00,0.000000000000000000e+00,0.000000000000000000e+00,0.000000000000000000e+00,0.000000000000000000e+00,0.000000000000000000e+00,0.000000000000000000e+00,0.000000000000000000e+00,0.000000000000000000e+00,0.000000000000000000e+00,0.000000000000000000e+00,0.000000000000000000e+00,0.000000000000000000e+00,0.000000000000000000e+00,0.000000000000000000e+00,0.000000000000000000e+00,0.000000000000000000e+00,0.000000000000000000e+00,0.000000000000000000e+00,0.000000000000000000e+00,0.000000000000000000e+00,0.000000000000000000e+00,0.000000000000000000e+00,0.000000000000000000e+00,0.000000000000000000e+00,0.000000000000000000e+00,0.000000000000000000e+00,0.000000000000000000e+00,0.000000000000000000e+00,0.000000000000000000e+00,0.000000000000000000e+00,0.000000000000000000e+00,0.000000000000000000e+00,0.000000000000000000e+00,0.000000000000000000e+00,0.000000000000000000e+00,0.000000000000000000e+00,0.000000000000000000e+00,0.000000000000000000e+00,0.000000000000000000e+00,0.000000000000000000e+00,0.000000000000000000e+00,0.000000000000000000e+00,0.000000000000000000e+00,0.000000000000000000e+00,0.000000000000000000e+00,0.000000000000000000e+00,0.000000000000000000e+00,0.000000000000000000e+00,0.000000000000000000e+00,0.000000000000000000e+00,0.000000000000000000e+00,0.000000000000000000e+00,0.000000000000000000e+00,0.000000000000000000e+00,0.000000000000000000e+00,0.000000000000000000e+00,0.000000000000000000e+00,0.000000000000000000e+00,0.000000000000000000e+00,0.000000000000000000e+00,0.000000000000000000e+00,0.000000000000000000e+00,0.000000000000000000e+00,0.000000000000000000e+00,0.000000000000000000e+00,0.000000000000000000e+00,0.000000000000000000e+00,0.000000000000000000e+00,0.000000000000000000e+00,0.000000000000000000e+00,0.000000000000000000e+00,0.000000000000000000e+00,0.000000000000000000e+00,0.000000000000000000e+00,0.000000000000000000e+00,0.000000000000000000e+00,0.000000000000000000e+00,0.000000000000000000e+00,0.000000000000000000e+00,0.000000000000000000e+00,0.000000000000000000e+00,0.000000000000000000e+00,0.000000000000000000e+00,0.000000000000000000e+00,0.000000000000000000e+00,0.000000000000000000e+00,0.000000000000000000e+00,0.000000000000000000e+00,0.000000000000000000e+00,0.000000000000000000e+00,0.000000000000000000e+00,0.000000000000000000e+00,0.000000000000000000e+00,0.000000000000000000e+00,0.000000000000000000e+00,0.000000000000000000e+00,0.000000000000000000e+00,0.000000000000000000e+00,0.000000000000000000e+00,0.000000000000000000e+00,0.000000000000000000e+00,0.000000000000000000e+00,0.000000000000000000e+00,0.000000000000000000e+00,0.000000000000000000e+00,0.000000000000000000e+00,0.000000000000000000e+00,0.000000000000000000e+00,0.000000000000000000e+00,0.000000000000000000e+00,0.000000000000000000e+00,0.000000000000000000e+00,0.000000000000000000e+00,0.000000000000000000e+00,0.000000000000000000e+00,0.000000000000000000e+00,0.000000000000000000e+00,0.000000000000000000e+00,0.000000000000000000e+00,0.000000000000000000e+00,0.000000000000000000e+00,0.000000000000000000e+00,0.000000000000000000e+00,0.000000000000000000e+00,0.000000000000000000e+00,0.000000000000000000e+00,0.000000000000000000e+00,0.000000000000000000e+00,0.000000000000000000e+00,0.000000000000000000e+00,0.000000000000000000e+00,0.000000000000000000e+00,0.000000000000000000e+00,0.000000000000000000e+00,0.000000000000000000e+00,0.000000000000000000e+00,0.000000000000000000e+00,0.000000000000000000e+00,0.000000000000000000e+00,0.000000000000000000e+00,0.000000000000000000e+00,0.000000000000000000e+00,0.000000000000000000e+00,0.000000000000000000e+00,0.000000000000000000e+00,0.000000000000000000e+00,0.000000000000000000e+00,0.000000000000000000e+00,0.000000000000000000e+00,0.000000000000000000e+00,0.000000000000000000e+00,0.000000000000000000e+00,0.000000000000000000e+00,0.000000000000000000e+00,0.000000000000000000e+00,0.000000000000000000e+00,0.000000000000000000e+00,0.000000000000000000e+00,0.000000000000000000e+00,0.000000000000000000e+00,0.000000000000000000e+00,0.000000000000000000e+00,0.000000000000000000e+00,0.000000000000000000e+00,0.000000000000000000e+00,0.000000000000000000e+00,0.000000000000000000e+00,0.000000000000000000e+00,0.000000000000000000e+00,0.000000000000000000e+00,0.000000000000000000e+00,0.000000000000000000e+00,0.000000000000000000e+00,0.000000000000000000e+00,0.000000000000000000e+00,0.000000000000000000e+00,0.000000000000000000e+00,0.000000000000000000e+00,0.000000000000000000e+00,0.000000000000000000e+00,0.000000000000000000e+00,0.000000000000000000e+00,0.000000000000000000e+00,0.000000000000000000e+00,0.000000000000000000e+00,0.000000000000000000e+00,0.000000000000000000e+00,0.000000000000000000e+00,0.000000000000000000e+00,0.000000000000000000e+00,0.000000000000000000e+00,0.000000000000000000e+00,0.000000000000000000e+00,0.000000000000000000e+00,0.000000000000000000e+00,0.000000000000000000e+00,0.000000000000000000e+00,0.000000000000000000e+00,0.000000000000000000e+00,0.000000000000000000e+00,0.000000000000000000e+00,0.000000000000000000e+00,0.000000000000000000e+00,0.000000000000000000e+00,0.000000000000000000e+00,0.000000000000000000e+00,0.000000000000000000e+00,0.000000000000000000e+00,0.000000000000000000e+00,0.000000000000000000e+00,0.000000000000000000e+00,0.000000000000000000e+00,0.000000000000000000e+00,0.000000000000000000e+00,0.000000000000000000e+00,0.000000000000000000e+00,0.000000000000000000e+00,0.000000000000000000e+00,0.000000000000000000e+00,0.000000000000000000e+00,0.000000000000000000e+00,0.000000000000000000e+00,0.000000000000000000e+00,0.000000000000000000e+00,0.000000000000000000e+00,0.000000000000000000e+00,0.000000000000000000e+00,0.000000000000000000e+00,0.000000000000000000e+00,0.000000000000000000e+00,0.000000000000000000e+00,0.000000000000000000e+00,0.000000000000000000e+00,0.000000000000000000e+00,0.000000000000000000e+00,0.000000000000000000e+00,0.000000000000000000e+00,0.000000000000000000e+00,0.000000000000000000e+00,0.000000000000000000e+00,0.000000000000000000e+00,0.000000000000000000e+00,0.000000000000000000e+00,0.000000000000000000e+00,0.000000000000000000e+00,0.000000000000000000e+00,0.000000000000000000e+00,0.000000000000000000e+00,0.000000000000000000e+00,0.000000000000000000e+00,0.000000000000000000e+00,0.000000000000000000e+00,0.000000000000000000e+00,0.000000000000000000e+00,0.000000000000000000e+00,0.000000000000000000e+00,0.000000000000000000e+00,0.000000000000000000e+00,0.000000000000000000e+00,0.000000000000000000e+00,0.000000000000000000e+00,0.000000000000000000e+00,0.000000000000000000e+00,0.000000000000000000e+00,0.000000000000000000e+00,0.000000000000000000e+00,0.000000000000000000e+00,0.000000000000000000e+00,0.000000000000000000e+00,0.000000000000000000e+00,0.000000000000000000e+00,0.000000000000000000e+00,0.000000000000000000e+00,0.000000000000000000e+00,0.000000000000000000e+00,0.000000000000000000e+00,0.000000000000000000e+00,0.000000000000000000e+00,0.000000000000000000e+00,0.000000000000000000e+00,0.000000000000000000e+00,0.000000000000000000e+00,0.000000000000000000e+00,0.000000000000000000e+00,0.000000000000000000e+00,0.000000000000000000e+00,0.000000000000000000e+00,0.000000000000000000e+00,0.000000000000000000e+00,0.000000000000000000e+00,0.000000000000000000e+00,0.000000000000000000e+00,0.000000000000000000e+00,0.000000000000000000e+00,0.000000000000000000e+00,0.000000000000000000e+00,0.000000000000000000e+00,0.000000000000000000e+00,0.000000000000000000e+00,0.000000000000000000e+00,0.000000000000000000e+00,0.000000000000000000e+00,0.000000000000000000e+00,0.000000000000000000e+00,0.000000000000000000e+00,0.000000000000000000e+00,0.000000000000000000e+00,0.000000000000000000e+00,0.000000000000000000e+00,0.000000000000000000e+00,0.000000000000000000e+00,0.000000000000000000e+00,0.000000000000000000e+00,0.000000000000000000e+00,0.000000000000000000e+00,0.000000000000000000e+00,0.000000000000000000e+00,0.000000000000000000e+00,0.000000000000000000e+00,0.000000000000000000e+00
0.000000000000000000e+00,0.000000000000000000e+00,0.000000000000000000e+00,0.000000000000000000e+00,0.000000000000000000e+00,0.000000000000000000e+00,0.000000000000000000e+00,0.000000000000000000e+00,0.000000000000000000e+00,0.000000000000000000e+00,0.000000000000000000e+00,0.000000000000000000e+00,0.000000000000000000e+00,0.000000000000000000e+00,0.000000000000000000e+00,0.000000000000000000e+00,0.000000000000000000e+00,0.000000000000000000e+00,0.000000000000000000e+00,0.000000000000000000e+00,0.000000000000000000e+00,0.000000000000000000e+00,0.000000000000000000e+00,0.000000000000000000e+00,0.000000000000000000e+00,0.000000000000000000e+00,0.000000000000000000e+00,0.000000000000000000e+00,0.000000000000000000e+00,0.000000000000000000e+00,0.000000000000000000e+00,0.000000000000000000e+00,0.000000000000000000e+00,0.000000000000000000e+00,0.000000000000000000e+00,0.000000000000000000e+00,0.000000000000000000e+00,0.000000000000000000e+00,0.000000000000000000e+00,0.000000000000000000e+00,0.000000000000000000e+00,0.000000000000000000e+00,0.000000000000000000e+00,0.000000000000000000e+00,0.000000000000000000e+00,0.000000000000000000e+00,0.000000000000000000e+00,0.000000000000000000e+00,0.000000000000000000e+00,0.000000000000000000e+00,0.000000000000000000e+00,0.000000000000000000e+00,0.000000000000000000e+00,0.000000000000000000e+00,0.000000000000000000e+00,0.000000000000000000e+00,0.000000000000000000e+00,0.000000000000000000e+00,0.000000000000000000e+00,0.000000000000000000e+00,0.000000000000000000e+00,0.000000000000000000e+00,0.000000000000000000e+00,0.000000000000000000e+00,0.000000000000000000e+00,0.000000000000000000e+00,0.000000000000000000e+00,0.000000000000000000e+00,0.000000000000000000e+00,0.000000000000000000e+00,0.000000000000000000e+00,0.000000000000000000e+00,0.000000000000000000e+00,0.000000000000000000e+00,0.000000000000000000e+00,0.000000000000000000e+00,0.000000000000000000e+00,0.000000000000000000e+00,0.000000000000000000e+00,0.000000000000000000e+00,0.000000000000000000e+00,0.000000000000000000e+00,0.000000000000000000e+00,0.000000000000000000e+00,0.000000000000000000e+00,0.000000000000000000e+00,0.000000000000000000e+00,0.000000000000000000e+00,0.000000000000000000e+00,0.000000000000000000e+00,0.000000000000000000e+00,0.000000000000000000e+00,0.000000000000000000e+00,0.000000000000000000e+00,0.000000000000000000e+00,0.000000000000000000e+00,0.000000000000000000e+00,0.000000000000000000e+00,0.000000000000000000e+00,0.000000000000000000e+00,0.000000000000000000e+00,0.000000000000000000e+00,0.000000000000000000e+00,0.000000000000000000e+00,0.000000000000000000e+00,0.000000000000000000e+00,0.000000000000000000e+00,0.000000000000000000e+00,0.000000000000000000e+00,0.000000000000000000e+00,0.000000000000000000e+00,0.000000000000000000e+00,0.000000000000000000e+00,0.000000000000000000e+00,0.000000000000000000e+00,0.000000000000000000e+00,0.000000000000000000e+00,0.000000000000000000e+00,0.000000000000000000e+00,0.000000000000000000e+00,0.000000000000000000e+00,0.000000000000000000e+00,0.000000000000000000e+00,0.000000000000000000e+00,0.000000000000000000e+00,0.000000000000000000e+00,0.000000000000000000e+00,0.000000000000000000e+00,0.000000000000000000e+00,0.000000000000000000e+00,0.000000000000000000e+00,0.000000000000000000e+00,0.000000000000000000e+00,0.000000000000000000e+00,0.000000000000000000e+00,0.000000000000000000e+00,0.000000000000000000e+00,0.000000000000000000e+00,0.000000000000000000e+00,0.000000000000000000e+00,0.000000000000000000e+00,0.000000000000000000e+00,0.000000000000000000e+00,0.000000000000000000e+00,0.000000000000000000e+00,0.000000000000000000e+00,0.000000000000000000e+00,0.000000000000000000e+00,0.000000000000000000e+00,0.000000000000000000e+00,0.000000000000000000e+00,0.000000000000000000e+00,0.000000000000000000e+00,0.000000000000000000e+00,0.000000000000000000e+00,0.000000000000000000e+00,0.000000000000000000e+00,0.000000000000000000e+00,0.000000000000000000e+00,0.000000000000000000e+00,0.000000000000000000e+00,0.000000000000000000e+00,0.000000000000000000e+00,0.000000000000000000e+00,0.000000000000000000e+00,0.000000000000000000e+00,0.000000000000000000e+00,0.000000000000000000e+00,0.000000000000000000e+00,0.000000000000000000e+00,0.000000000000000000e+00,0.000000000000000000e+00,0.000000000000000000e+00,0.000000000000000000e+00,0.000000000000000000e+00,0.000000000000000000e+00,0.000000000000000000e+00,0.000000000000000000e+00,0.000000000000000000e+00,0.000000000000000000e+00,0.000000000000000000e+00,0.000000000000000000e+00,0.000000000000000000e+00,0.000000000000000000e+00,0.000000000000000000e+00,0.000000000000000000e+00,0.000000000000000000e+00,0.000000000000000000e+00,0.000000000000000000e+00,0.000000000000000000e+00,0.000000000000000000e+00,0.000000000000000000e+00,0.000000000000000000e+00,0.000000000000000000e+00,0.000000000000000000e+00,0.000000000000000000e+00,0.000000000000000000e+00,0.000000000000000000e+00,0.000000000000000000e+00,0.000000000000000000e+00,0.000000000000000000e+00,0.000000000000000000e+00,0.000000000000000000e+00,0.000000000000000000e+00,0.000000000000000000e+00,0.000000000000000000e+00,0.000000000000000000e+00,0.000000000000000000e+00,0.000000000000000000e+00,0.000000000000000000e+00,0.000000000000000000e+00,0.000000000000000000e+00,0.000000000000000000e+00,0.000000000000000000e+00,0.000000000000000000e+00,0.000000000000000000e+00,0.000000000000000000e+00,0.000000000000000000e+00,0.000000000000000000e+00,0.000000000000000000e+00,0.000000000000000000e+00,0.000000000000000000e+00,0.000000000000000000e+00,0.000000000000000000e+00,0.000000000000000000e+00,0.000000000000000000e+00,0.000000000000000000e+00,0.000000000000000000e+00,0.000000000000000000e+00,0.000000000000000000e+00,0.000000000000000000e+00,0.000000000000000000e+00,0.000000000000000000e+00,0.000000000000000000e+00,0.000000000000000000e+00,0.000000000000000000e+00,0.000000000000000000e+00,0.000000000000000000e+00,0.000000000000000000e+00,0.000000000000000000e+00,0.000000000000000000e+00,0.000000000000000000e+00,0.000000000000000000e+00,0.000000000000000000e+00,0.000000000000000000e+00,0.000000000000000000e+00,0.000000000000000000e+00,0.000000000000000000e+00,0.000000000000000000e+00,0.000000000000000000e+00,0.000000000000000000e+00,0.000000000000000000e+00,0.000000000000000000e+00,0.000000000000000000e+00,0.000000000000000000e+00,0.000000000000000000e+00,0.000000000000000000e+00,0.000000000000000000e+00,0.000000000000000000e+00,0.000000000000000000e+00,0.000000000000000000e+00,0.000000000000000000e+00,0.000000000000000000e+00,0.000000000000000000e+00,0.000000000000000000e+00,0.000000000000000000e+00,0.000000000000000000e+00,0.000000000000000000e+00,0.000000000000000000e+00,0.000000000000000000e+00,0.000000000000000000e+00,0.000000000000000000e+00,0.000000000000000000e+00,0.000000000000000000e+00,0.000000000000000000e+00,0.000000000000000000e+00,0.000000000000000000e+00,0.000000000000000000e+00,0.000000000000000000e+00,0.000000000000000000e+00,0.000000000000000000e+00,0.000000000000000000e+00,0.000000000000000000e+00,0.000000000000000000e+00,0.000000000000000000e+00,0.000000000000000000e+00,0.000000000000000000e+00,0.000000000000000000e+00,0.000000000000000000e+00,0.000000000000000000e+00,0.000000000000000000e+00,0.000000000000000000e+00,0.000000000000000000e+00,0.000000000000000000e+00,0.000000000000000000e+00,0.000000000000000000e+00,0.000000000000000000e+00,0.000000000000000000e+00,0.000000000000000000e+00,0.000000000000000000e+00,0.000000000000000000e+00,0.000000000000000000e+00,0.000000000000000000e+00,0.000000000000000000e+00,0.000000000000000000e+00,0.000000000000000000e+00,0.000000000000000000e+00,0.000000000000000000e+00,0.000000000000000000e+00,0.000000000000000000e+00,0.000000000000000000e+00,0.000000000000000000e+00,0.000000000000000000e+00,0.000000000000000000e+00,0.000000000000000000e+00,0.000000000000000000e+00,0.000000000000000000e+00,0.000000000000000000e+00,0.000000000000000000e+00,0.000000000000000000e+00,0.000000000000000000e+00,0.000000000000000000e+00,0.000000000000000000e+00,0.000000000000000000e+00,0.000000000000000000e+00,0.000000000000000000e+00,0.000000000000000000e+00,0.000000000000000000e+00,0.000000000000000000e+00,0.000000000000000000e+00,0.000000000000000000e+00,0.000000000000000000e+00,0.000000000000000000e+00,0.000000000000000000e+00,0.000000000000000000e+00,0.000000000000000000e+00,0.000000000000000000e+00,0.000000000000000000e+00,0.000000000000000000e+00,0.000000000000000000e+00,0.000000000000000000e+00,0.000000000000000000e+00,0.000000000000000000e+00,0.000000000000000000e+00,0.000000000000000000e+00,0.000000000000000000e+00,0.000000000000000000e+00,0.000000000000000000e+00,0.000000000000000000e+00,0.000000000000000000e+00
0.000000000000000000e+00,0.000000000000000000e+00,0.000000000000000000e+00,0.000000000000000000e+00,0.000000000000000000e+00,0.000000000000000000e+00,0.000000000000000000e+00,0.000000000000000000e+00,0.000000000000000000e+00,0.000000000000000000e+00,0.000000000000000000e+00,0.000000000000000000e+00,0.000000000000000000e+00,0.000000000000000000e+00,0.000000000000000000e+00,0.000000000000000000e+00,0.000000000000000000e+00,0.000000000000000000e+00,0.000000000000000000e+00,0.000000000000000000e+00,0.000000000000000000e+00,0.000000000000000000e+00,0.000000000000000000e+00,0.000000000000000000e+00,0.000000000000000000e+00,0.000000000000000000e+00,0.000000000000000000e+00,0.000000000000000000e+00,0.000000000000000000e+00,0.000000000000000000e+00,0.000000000000000000e+00,0.000000000000000000e+00,0.000000000000000000e+00,0.000000000000000000e+00,0.000000000000000000e+00,0.000000000000000000e+00,0.000000000000000000e+00,0.000000000000000000e+00,0.000000000000000000e+00,0.000000000000000000e+00,0.000000000000000000e+00,0.000000000000000000e+00,0.000000000000000000e+00,0.000000000000000000e+00,0.000000000000000000e+00,0.000000000000000000e+00,0.000000000000000000e+00,0.000000000000000000e+00,0.000000000000000000e+00,0.000000000000000000e+00,0.000000000000000000e+00,0.000000000000000000e+00,0.000000000000000000e+00,0.000000000000000000e+00,0.000000000000000000e+00,0.000000000000000000e+00,0.000000000000000000e+00,0.000000000000000000e+00,0.000000000000000000e+00,0.000000000000000000e+00,0.000000000000000000e+00,0.000000000000000000e+00,0.000000000000000000e+00,0.000000000000000000e+00,0.000000000000000000e+00,0.000000000000000000e+00,0.000000000000000000e+00,0.000000000000000000e+00,0.000000000000000000e+00,0.000000000000000000e+00,0.000000000000000000e+00,0.000000000000000000e+00,0.000000000000000000e+00,0.000000000000000000e+00,0.000000000000000000e+00,0.000000000000000000e+00,0.000000000000000000e+00,0.000000000000000000e+00,0.000000000000000000e+00,0.000000000000000000e+00,0.000000000000000000e+00,0.000000000000000000e+00,0.000000000000000000e+00,0.000000000000000000e+00,0.000000000000000000e+00,0.000000000000000000e+00,0.000000000000000000e+00,0.000000000000000000e+00,0.000000000000000000e+00,0.000000000000000000e+00,0.000000000000000000e+00,0.000000000000000000e+00,0.000000000000000000e+00,0.000000000000000000e+00,0.000000000000000000e+00,0.000000000000000000e+00,0.000000000000000000e+00,0.000000000000000000e+00,0.000000000000000000e+00,0.000000000000000000e+00,0.000000000000000000e+00,0.000000000000000000e+00,0.000000000000000000e+00,0.000000000000000000e+00,0.000000000000000000e+00,0.000000000000000000e+00,0.000000000000000000e+00,0.000000000000000000e+00,0.000000000000000000e+00,0.000000000000000000e+00,0.000000000000000000e+00,0.000000000000000000e+00,0.000000000000000000e+00,0.000000000000000000e+00,0.000000000000000000e+00,0.000000000000000000e+00,0.000000000000000000e+00,0.000000000000000000e+00,0.000000000000000000e+00,0.000000000000000000e+00,0.000000000000000000e+00,0.000000000000000000e+00,0.000000000000000000e+00,0.000000000000000000e+00,0.000000000000000000e+00,0.000000000000000000e+00,0.000000000000000000e+00,0.000000000000000000e+00,0.000000000000000000e+00,0.000000000000000000e+00,0.000000000000000000e+00,0.000000000000000000e+00,0.000000000000000000e+00,0.000000000000000000e+00,0.000000000000000000e+00,0.000000000000000000e+00,0.000000000000000000e+00,0.000000000000000000e+00,0.000000000000000000e+00,0.000000000000000000e+00,0.000000000000000000e+00,0.000000000000000000e+00,0.000000000000000000e+00,0.000000000000000000e+00,0.000000000000000000e+00,0.000000000000000000e+00,0.000000000000000000e+00,0.000000000000000000e+00,0.000000000000000000e+00,0.000000000000000000e+00,0.000000000000000000e+00,0.000000000000000000e+00,0.000000000000000000e+00,0.000000000000000000e+00,0.000000000000000000e+00,0.000000000000000000e+00,0.000000000000000000e+00,0.000000000000000000e+00,0.000000000000000000e+00,0.000000000000000000e+00,0.000000000000000000e+00,0.000000000000000000e+00,0.000000000000000000e+00,0.000000000000000000e+00,0.000000000000000000e+00,0.000000000000000000e+00,0.000000000000000000e+00,0.000000000000000000e+00,0.000000000000000000e+00,0.000000000000000000e+00,0.000000000000000000e+00,0.000000000000000000e+00,0.000000000000000000e+00,0.000000000000000000e+00,0.000000000000000000e+00,0.000000000000000000e+00,0.000000000000000000e+00,0.000000000000000000e+00,0.000000000000000000e+00,0.000000000000000000e+00,0.000000000000000000e+00,0.000000000000000000e+00,0.000000000000000000e+00,0.000000000000000000e+00,0.000000000000000000e+00,0.000000000000000000e+00,0.000000000000000000e+00,0.000000000000000000e+00,0.000000000000000000e+00,0.000000000000000000e+00,0.000000000000000000e+00,0.000000000000000000e+00,0.000000000000000000e+00,0.000000000000000000e+00,0.000000000000000000e+00,0.000000000000000000e+00,0.000000000000000000e+00,0.000000000000000000e+00,0.000000000000000000e+00,0.000000000000000000e+00,0.000000000000000000e+00,0.000000000000000000e+00,0.000000000000000000e+00,0.000000000000000000e+00,0.000000000000000000e+00,0.000000000000000000e+00,0.000000000000000000e+00,0.000000000000000000e+00,0.000000000000000000e+00,0.000000000000000000e+00,0.000000000000000000e+00,0.000000000000000000e+00,0.000000000000000000e+00,0.000000000000000000e+00,0.000000000000000000e+00,0.000000000000000000e+00,0.000000000000000000e+00,0.000000000000000000e+00,0.000000000000000000e+00,0.000000000000000000e+00,0.000000000000000000e+00,0.000000000000000000e+00,0.000000000000000000e+00,0.000000000000000000e+00,0.000000000000000000e+00,0.000000000000000000e+00,0.000000000000000000e+00,0.000000000000000000e+00,0.000000000000000000e+00,0.000000000000000000e+00,0.000000000000000000e+00,0.000000000000000000e+00,0.000000000000000000e+00,0.000000000000000000e+00,0.000000000000000000e+00,0.000000000000000000e+00,0.000000000000000000e+00,0.000000000000000000e+00,0.000000000000000000e+00,0.000000000000000000e+00,0.000000000000000000e+00,0.000000000000000000e+00,0.000000000000000000e+00,0.000000000000000000e+00,0.000000000000000000e+00,0.000000000000000000e+00,0.000000000000000000e+00,0.000000000000000000e+00,0.000000000000000000e+00,0.000000000000000000e+00,0.000000000000000000e+00,0.000000000000000000e+00,0.000000000000000000e+00,0.000000000000000000e+00,0.000000000000000000e+00,0.000000000000000000e+00,0.000000000000000000e+00,0.000000000000000000e+00,0.000000000000000000e+00,0.000000000000000000e+00,0.000000000000000000e+00,0.000000000000000000e+00,0.000000000000000000e+00,0.000000000000000000e+00,0.000000000000000000e+00,0.000000000000000000e+00,0.000000000000000000e+00,0.000000000000000000e+00,0.000000000000000000e+00,0.000000000000000000e+00,0.000000000000000000e+00,0.000000000000000000e+00,0.000000000000000000e+00,0.000000000000000000e+00,0.000000000000000000e+00,0.000000000000000000e+00,0.000000000000000000e+00,0.000000000000000000e+00,0.000000000000000000e+00,0.000000000000000000e+00,0.000000000000000000e+00,0.000000000000000000e+00,0.000000000000000000e+00,0.000000000000000000e+00,0.000000000000000000e+00,0.000000000000000000e+00,0.000000000000000000e+00,0.000000000000000000e+00,0.000000000000000000e+00,0.000000000000000000e+00,0.000000000000000000e+00,0.000000000000000000e+00,0.000000000000000000e+00,0.000000000000000000e+00,0.000000000000000000e+00,0.000000000000000000e+00,0.000000000000000000e+00,0.000000000000000000e+00,0.000000000000000000e+00,0.000000000000000000e+00,0.000000000000000000e+00,0.000000000000000000e+00,0.000000000000000000e+00,0.000000000000000000e+00,0.000000000000000000e+00,0.000000000000000000e+00,0.000000000000000000e+00,0.000000000000000000e+00,0.000000000000000000e+00,0.000000000000000000e+00,0.000000000000000000e+00,0.000000000000000000e+00,0.000000000000000000e+00,0.000000000000000000e+00,0.000000000000000000e+00,0.000000000000000000e+00,0.000000000000000000e+00,0.000000000000000000e+00,0.000000000000000000e+00,0.000000000000000000e+00,0.000000000000000000e+00,0.000000000000000000e+00,0.000000000000000000e+00,0.000000000000000000e+00,0.000000000000000000e+00,0.000000000000000000e+00,0.000000000000000000e+00,0.000000000000000000e+00,0.000000000000000000e+00,0.000000000000000000e+00,0.000000000000000000e+00,0.000000000000000000e+00,0.000000000000000000e+00,0.000000000000000000e+00,0.000000000000000000e+00,0.000000000000000000e+00,0.000000000000000000e+00,0.000000000000000000e+00,0.000000000000000000e+00,0.000000000000000000e+00,0.000000000000000000e+00,0.000000000000000000e+00,0.000000000000000000e+00,0.000000000000000000e+00,0.000000000000000000e+00,0.000000000000000000e+00,0.000000000000000000e+00,0.000000000000000000e+00,0.000000000000000000e+00,0.000000000000000000e+00
0.000000000000000000e+00,0.000000000000000000e+00,0.000000000000000000e+00,0.000000000000000000e+00,0.000000000000000000e+00,0.000000000000000000e+00,0.000000000000000000e+00,0.000000000000000000e+00,0.000000000000000000e+00,0.000000000000000000e+00,0.000000000000000000e+00,0.000000000000000000e+00,0.000000000000000000e+00,0.000000000000000000e+00,0.000000000000000000e+00,0.000000000000000000e+00,0.000000000000000000e+00,0.000000000000000000e+00,0.000000000000000000e+00,0.000000000000000000e+00,0.000000000000000000e+00,0.000000000000000000e+00,0.000000000000000000e+00,0.000000000000000000e+00,0.000000000000000000e+00,0.000000000000000000e+00,0.000000000000000000e+00,0.000000000000000000e+00,0.000000000000000000e+00,0.000000000000000000e+00,0.000000000000000000e+00,0.000000000000000000e+00,0.000000000000000000e+00,0.000000000000000000e+00,0.000000000000000000e+00,0.000000000000000000e+00,0.000000000000000000e+00,0.000000000000000000e+00,0.000000000000000000e+00,0.000000000000000000e+00,0.000000000000000000e+00,0.000000000000000000e+00,0.000000000000000000e+00,0.000000000000000000e+00,0.000000000000000000e+00,0.000000000000000000e+00,0.000000000000000000e+00,0.000000000000000000e+00,0.000000000000000000e+00,0.000000000000000000e+00,0.000000000000000000e+00,0.000000000000000000e+00,0.000000000000000000e+00,0.000000000000000000e+00,0.000000000000000000e+00,0.000000000000000000e+00,0.000000000000000000e+00,0.000000000000000000e+00,0.000000000000000000e+00,0.000000000000000000e+00,0.000000000000000000e+00,0.000000000000000000e+00,0.000000000000000000e+00,0.000000000000000000e+00,0.000000000000000000e+00,0.000000000000000000e+00,0.000000000000000000e+00,0.000000000000000000e+00,0.000000000000000000e+00,0.000000000000000000e+00,0.000000000000000000e+00,0.000000000000000000e+00,0.000000000000000000e+00,0.000000000000000000e+00,0.000000000000000000e+00,0.000000000000000000e+00,0.000000000000000000e+00,0.000000000000000000e+00,0.000000000000000000e+00,0.000000000000000000e+00,0.000000000000000000e+00,0.000000000000000000e+00,0.000000000000000000e+00,0.000000000000000000e+00,0.000000000000000000e+00,0.000000000000000000e+00,0.000000000000000000e+00,0.000000000000000000e+00,0.000000000000000000e+00,0.000000000000000000e+00,0.000000000000000000e+00,0.000000000000000000e+00,0.000000000000000000e+00,0.000000000000000000e+00,0.000000000000000000e+00,0.000000000000000000e+00,0.000000000000000000e+00,0.000000000000000000e+00,0.000000000000000000e+00,0.000000000000000000e+00,0.000000000000000000e+00,0.000000000000000000e+00,0.000000000000000000e+00,0.000000000000000000e+00,0.000000000000000000e+00,0.000000000000000000e+00,0.000000000000000000e+00,0.000000000000000000e+00,0.000000000000000000e+00,0.000000000000000000e+00,0.000000000000000000e+00,0.000000000000000000e+00,0.000000000000000000e+00,0.000000000000000000e+00,0.000000000000000000e+00,0.000000000000000000e+00,0.000000000000000000e+00,0.000000000000000000e+00,0.000000000000000000e+00,0.000000000000000000e+00,0.000000000000000000e+00,0.000000000000000000e+00,0.000000000000000000e+00,0.000000000000000000e+00,0.000000000000000000e+00,0.000000000000000000e+00,0.000000000000000000e+00,0.000000000000000000e+00,0.000000000000000000e+00,0.000000000000000000e+00,0.000000000000000000e+00,0.000000000000000000e+00,0.000000000000000000e+00,0.000000000000000000e+00,0.000000000000000000e+00,0.000000000000000000e+00,0.000000000000000000e+00,0.000000000000000000e+00,0.000000000000000000e+00,0.000000000000000000e+00,0.000000000000000000e+00,0.000000000000000000e+00,0.000000000000000000e+00,0.000000000000000000e+00,0.000000000000000000e+00,0.000000000000000000e+00,0.000000000000000000e+00,0.000000000000000000e+00,0.000000000000000000e+00,0.000000000000000000e+00,0.000000000000000000e+00,0.000000000000000000e+00,0.000000000000000000e+00,0.000000000000000000e+00,0.000000000000000000e+00,0.000000000000000000e+00,0.000000000000000000e+00,0.000000000000000000e+00,0.000000000000000000e+00,0.000000000000000000e+00,0.000000000000000000e+00,0.000000000000000000e+00,0.000000000000000000e+00,0.000000000000000000e+00,0.000000000000000000e+00,0.000000000000000000e+00,0.000000000000000000e+00,0.000000000000000000e+00,0.000000000000000000e+00,0.000000000000000000e+00,0.000000000000000000e+00,0.000000000000000000e+00,0.000000000000000000e+00,0.000000000000000000e+00,0.000000000000000000e+00,0.000000000000000000e+00,0.000000000000000000e+00,0.000000000000000000e+00,0.000000000000000000e+00,0.000000000000000000e+00,0.000000000000000000e+00,0.000000000000000000e+00,0.000000000000000000e+00,0.000000000000000000e+00,0.000000000000000000e+00,0.000000000000000000e+00,0.000000000000000000e+00,0.000000000000000000e+00,0.000000000000000000e+00,0.000000000000000000e+00,0.000000000000000000e+00,0.000000000000000000e+00,0.000000000000000000e+00,0.000000000000000000e+00,0.000000000000000000e+00,0.000000000000000000e+00,0.000000000000000000e+00,0.000000000000000000e+00,0.000000000000000000e+00,0.000000000000000000e+00,0.000000000000000000e+00,0.000000000000000000e+00,0.000000000000000000e+00,0.000000000000000000e+00,0.000000000000000000e+00,0.000000000000000000e+00,0.000000000000000000e+00,0.000000000000000000e+00,0.000000000000000000e+00,0.000000000000000000e+00,0.000000000000000000e+00,0.000000000000000000e+00,0.000000000000000000e+00,0.000000000000000000e+00,0.000000000000000000e+00,0.000000000000000000e+00,0.000000000000000000e+00,0.000000000000000000e+00,0.000000000000000000e+00,0.000000000000000000e+00,0.000000000000000000e+00,0.000000000000000000e+00,0.000000000000000000e+00,0.000000000000000000e+00,0.000000000000000000e+00,0.000000000000000000e+00,0.000000000000000000e+00,0.000000000000000000e+00,0.000000000000000000e+00,0.000000000000000000e+00,0.000000000000000000e+00,0.000000000000000000e+00,0.000000000000000000e+00,0.000000000000000000e+00,0.000000000000000000e+00,0.000000000000000000e+00,0.000000000000000000e+00,0.000000000000000000e+00,0.000000000000000000e+00,0.000000000000000000e+00,0.000000000000000000e+00,0.000000000000000000e+00,0.000000000000000000e+00,0.000000000000000000e+00,0.000000000000000000e+00,0.000000000000000000e+00,0.000000000000000000e+00,0.000000000000000000e+00,0.000000000000000000e+00,0.000000000000000000e+00,0.000000000000000000e+00,0.000000000000000000e+00,0.000000000000000000e+00,0.000000000000000000e+00,0.000000000000000000e+00,0.000000000000000000e+00,0.000000000000000000e+00,0.000000000000000000e+00,0.000000000000000000e+00,0.000000000000000000e+00,0.000000000000000000e+00,0.000000000000000000e+00,0.000000000000000000e+00,0.000000000000000000e+00,0.000000000000000000e+00,0.000000000000000000e+00,0.000000000000000000e+00,0.000000000000000000e+00,0.000000000000000000e+00,0.000000000000000000e+00,0.000000000000000000e+00,0.000000000000000000e+00,0.000000000000000000e+00,0.000000000000000000e+00,0.000000000000000000e+00,0.000000000000000000e+00,0.000000000000000000e+00,0.000000000000000000e+00,0.000000000000000000e+00,0.000000000000000000e+00,0.000000000000000000e+00,0.000000000000000000e+00,0.000000000000000000e+00,0.000000000000000000e+00,0.000000000000000000e+00,0.000000000000000000e+00,0.000000000000000000e+00,0.000000000000000000e+00,0.000000000000000000e+00,0.000000000000000000e+00,0.000000000000000000e+00,0.000000000000000000e+00,0.000000000000000000e+00,0.000000000000000000e+00,0.000000000000000000e+00,0.000000000000000000e+00,0.000000000000000000e+00,0.000000000000000000e+00,0.000000000000000000e+00,0.000000000000000000e+00,0.000000000000000000e+00,0.000000000000000000e+00,0.000000000000000000e+00,0.000000000000000000e+00,0.000000000000000000e+00,0.000000000000000000e+00,0.000000000000000000e+00,0.000000000000000000e+00,0.000000000000000000e+00,0.000000000000000000e+00,0.000000000000000000e+00,0.000000000000000000e+00,0.000000000000000000e+00,0.000000000000000000e+00,0.000000000000000000e+00,0.000000000000000000e+00,0.000000000000000000e+00,0.000000000000000000e+00,0.000000000000000000e+00,0.000000000000000000e+00,0.000000000000000000e+00,0.000000000000000000e+00,0.000000000000000000e+00,0.000000000000000000e+00,0.000000000000000000e+00,0.000000000000000000e+00,0.000000000000000000e+00,0.000000000000000000e+00,0.000000000000000000e+00,0.000000000000000000e+00,0.000000000000000000e+00,0.000000000000000000e+00,0.000000000000000000e+00,0.000000000000000000e+00,0.000000000000000000e+00,0.000000000000000000e+00,0.000000000000000000e+00,0.000000000000000000e+00,0.000000000000000000e+00,0.000000000000000000e+00,0.000000000000000000e+00,0.000000000000000000e+00,0.000000000000000000e+00,0.000000000000000000e+00,0.000000000000000000e+00,0.000000000000000000e+00,0.000000000000000000e+00,0.000000000000000000e+00,0.000000000000000000e+00,0.000000000000000000e+00
0.000000000000000000e+00,0.000000000000000000e+00,0.000000000000000000e+00,0.000000000000000000e+00,0.000000000000000000e+00,0.000000000000000000e+00,0.000000000000000000e+00,0.000000000000000000e+00,0.000000000000000000e+00,0.000000000000000000e+00,0.000000000000000000e+00,0.000000000000000000e+00,0.000000000000000000e+00,0.000000000000000000e+00,0.000000000000000000e+00,0.000000000000000000e+00,0.000000000000000000e+00,0.000000000000000000e+00,0.000000000000000000e+00,0.000000000000000000e+00,0.000000000000000000e+00,0.000000000000000000e+00,0.000000000000000000e+00,0.000000000000000000e+00,0.000000000000000000e+00,0.000000000000000000e+00,0.000000000000000000e+00,0.000000000000000000e+00,0.000000000000000000e+00,0.000000000000000000e+00,0.000000000000000000e+00,0.000000000000000000e+00,0.000000000000000000e+00,0.000000000000000000e+00,0.000000000000000000e+00,0.000000000000000000e+00,0.000000000000000000e+00,0.000000000000000000e+00,0.000000000000000000e+00,0.000000000000000000e+00,0.000000000000000000e+00,0.000000000000000000e+00,0.000000000000000000e+00,0.000000000000000000e+00,0.000000000000000000e+00,0.000000000000000000e+00,0.000000000000000000e+00,0.000000000000000000e+00,0.000000000000000000e+00,0.000000000000000000e+00,0.000000000000000000e+00,0.000000000000000000e+00,0.000000000000000000e+00,0.000000000000000000e+00,0.000000000000000000e+00,0.000000000000000000e+00,0.000000000000000000e+00,0.000000000000000000e+00,0.000000000000000000e+00,0.000000000000000000e+00,0.000000000000000000e+00,0.000000000000000000e+00,0.000000000000000000e+00,0.000000000000000000e+00,0.000000000000000000e+00,0.000000000000000000e+00,0.000000000000000000e+00,0.000000000000000000e+00,0.000000000000000000e+00,0.000000000000000000e+00,0.000000000000000000e+00,0.000000000000000000e+00,0.000000000000000000e+00,0.000000000000000000e+00,0.000000000000000000e+00,0.000000000000000000e+00,0.000000000000000000e+00,0.000000000000000000e+00,0.000000000000000000e+00,0.000000000000000000e+00,0.000000000000000000e+00,0.000000000000000000e+00,0.000000000000000000e+00,0.000000000000000000e+00,0.000000000000000000e+00,0.000000000000000000e+00,0.000000000000000000e+00,0.000000000000000000e+00,0.000000000000000000e+00,0.000000000000000000e+00,0.000000000000000000e+00,0.000000000000000000e+00,0.000000000000000000e+00,0.000000000000000000e+00,0.000000000000000000e+00,0.000000000000000000e+00,0.000000000000000000e+00,0.000000000000000000e+00,0.000000000000000000e+00,0.000000000000000000e+00,0.000000000000000000e+00,0.000000000000000000e+00,0.000000000000000000e+00,0.000000000000000000e+00,0.000000000000000000e+00,0.000000000000000000e+00,0.000000000000000000e+00,0.000000000000000000e+00,0.000000000000000000e+00,0.000000000000000000e+00,0.000000000000000000e+00,0.000000000000000000e+00,0.000000000000000000e+00,0.000000000000000000e+00,0.000000000000000000e+00,0.000000000000000000e+00,0.000000000000000000e+00,0.000000000000000000e+00,0.000000000000000000e+00,0.000000000000000000e+00,0.000000000000000000e+00,0.000000000000000000e+00,0.000000000000000000e+00,0.000000000000000000e+00,0.000000000000000000e+00,0.000000000000000000e+00,0.000000000000000000e+00,0.000000000000000000e+00,0.000000000000000000e+00,0.000000000000000000e+00,0.000000000000000000e+00,0.000000000000000000e+00,0.000000000000000000e+00,0.000000000000000000e+00,0.000000000000000000e+00,0.000000000000000000e+00,0.000000000000000000e+00,0.000000000000000000e+00,0.000000000000000000e+00,0.000000000000000000e+00,0.000000000000000000e+00,0.000000000000000000e+00,0.000000000000000000e+00,0.000000000000000000e+00,0.000000000000000000e+00,0.000000000000000000e+00,0.000000000000000000e+00,0.000000000000000000e+00,0.000000000000000000e+00,0.000000000000000000e+00,0.000000000000000000e+00,0.000000000000000000e+00,0.000000000000000000e+00,0.000000000000000000e+00,0.000000000000000000e+00,0.000000000000000000e+00,0.000000000000000000e+00,0.000000000000000000e+00,0.000000000000000000e+00,0.000000000000000000e+00,0.000000000000000000e+00,0.000000000000000000e+00,0.000000000000000000e+00,0.000000000000000000e+00,0.000000000000000000e+00,0.000000000000000000e+00,0.000000000000000000e+00,0.000000000000000000e+00,0.000000000000000000e+00,0.000000000000000000e+00,0.000000000000000000e+00,0.000000000000000000e+00,0.000000000000000000e+00,0.000000000000000000e+00,0.000000000000000000e+00,0.000000000000000000e+00,0.000000000000000000e+00,0.000000000000000000e+00,0.000000000000000000e+00,0.000000000000000000e+00,0.000000000000000000e+00,0.000000000000000000e+00,0.000000000000000000e+00,0.000000000000000000e+00,0.000000000000000000e+00,0.000000000000000000e+00,0.000000000000000000e+00,0.000000000000000000e+00,0.000000000000000000e+00,0.000000000000000000e+00,0.000000000000000000e+00,0.000000000000000000e+00,0.000000000000000000e+00,0.000000000000000000e+00,0.000000000000000000e+00,0.000000000000000000e+00,0.000000000000000000e+00,0.000000000000000000e+00,0.000000000000000000e+00,0.000000000000000000e+00,0.000000000000000000e+00,0.000000000000000000e+00,0.000000000000000000e+00,0.000000000000000000e+00,0.000000000000000000e+00,0.000000000000000000e+00,0.000000000000000000e+00,0.000000000000000000e+00,0.000000000000000000e+00,0.000000000000000000e+00,0.000000000000000000e+00,0.000000000000000000e+00,0.000000000000000000e+00,0.000000000000000000e+00,0.000000000000000000e+00,0.000000000000000000e+00,0.000000000000000000e+00,0.000000000000000000e+00,0.000000000000000000e+00,0.000000000000000000e+00,0.000000000000000000e+00,0.000000000000000000e+00,0.000000000000000000e+00,0.000000000000000000e+00,0.000000000000000000e+00,0.000000000000000000e+00,0.000000000000000000e+00,0.000000000000000000e+00,0.000000000000000000e+00,0.000000000000000000e+00,0.000000000000000000e+00,0.000000000000000000e+00,0.000000000000000000e+00,0.000000000000000000e+00,0.000000000000000000e+00,0.000000000000000000e+00,0.000000000000000000e+00,0.000000000000000000e+00,0.000000000000000000e+00,0.000000000000000000e+00,0.000000000000000000e+00,0.000000000000000000e+00,0.000000000000000000e+00,0.000000000000000000e+00,0.000000000000000000e+00,0.000000000000000000e+00,0.000000000000000000e+00,0.000000000000000000e+00,0.000000000000000000e+00,0.000000000000000000e+00,0.000000000000000000e+00,0.000000000000000000e+00,0.000000000000000000e+00,0.000000000000000000e+00,0.000000000000000000e+00,0.000000000000000000e+00,0.000000000000000000e+00,0.000000000000000000e+00,0.000000000000000000e+00,0.000000000000000000e+00,0.000000000000000000e+00,0.000000000000000000e+00,0.000000000000000000e+00,0.000000000000000000e+00,0.000000000000000000e+00,0.000000000000000000e+00,0.000000000000000000e+00,0.000000000000000000e+00,0.000000000000000000e+00,0.000000000000000000e+00,0.000000000000000000e+00,0.000000000000000000e+00,0.000000000000000000e+00,0.000000000000000000e+00,0.000000000000000000e+00,0.000000000000000000e+00,0.000000000000000000e+00,0.000000000000000000e+00,0.000000000000000000e+00,0.000000000000000000e+00,0.000000000000000000e+00,0.000000000000000000e+00,0.000000000000000000e+00,0.000000000000000000e+00,0.000000000000000000e+00,0.000000000000000000e+00,0.000000000000000000e+00,0.000000000000000000e+00,0.000000000000000000e+00,0.000000000000000000e+00,0.000000000000000000e+00,0.000000000000000000e+00,0.000000000000000000e+00,0.000000000000000000e+00,0.000000000000000000e+00,0.000000000000000000e+00,0.000000000000000000e+00,0.000000000000000000e+00,0.000000000000000000e+00,0.000000000000000000e+00,0.000000000000000000e+00,0.000000000000000000e+00,0.000000000000000000e+00,0.000000000000000000e+00,0.000000000000000000e+00,0.000000000000000000e+00,0.000000000000000000e+00,0.000000000000000000e+00,0.000000000000000000e+00,0.000000000000000000e+00,0.000000000000000000e+00,0.000000000000000000e+00,0.000000000000000000e+00,0.000000000000000000e+00,0.000000000000000000e+00,0.000000000000000000e+00,0.000000000000000000e+00,0.000000000000000000e+00,0.000000000000000000e+00,0.000000000000000000e+00,0.000000000000000000e+00,0.000000000000000000e+00,0.000000000000000000e+00,0.000000000000000000e+00,0.000000000000000000e+00,0.000000000000000000e+00,0.000000000000000000e+00,0.000000000000000000e+00,0.000000000000000000e+00,0.000000000000000000e+00,0.000000000000000000e+00,0.000000000000000000e+00,0.000000000000000000e+00,0.000000000000000000e+00,0.000000000000000000e+00,0.000000000000000000e+00,0.000000000000000000e+00,0.000000000000000000e+00,0.000000000000000000e+00,0.000000000000000000e+00,0.000000000000000000e+00,0.000000000000000000e+00,0.000000000000000000e+00,0.000000000000000000e+00,0.000000000000000000e+00,0.000000000000000000e+00,0.000000000000000000e+00,0.000000000000000000e+00,0.000000000000000000e+00,0.000000000000000000e+00
0.000000000000000000e+00,0.000000000000000000e+00,0.000000000000000000e+00,0.000000000000000000e+00,0.000000000000000000e+00,0.000000000000000000e+00,0.000000000000000000e+00,0.000000000000000000e+00,0.000000000000000000e+00,0.000000000000000000e+00,0.000000000000000000e+00,0.000000000000000000e+00,0.000000000000000000e+00,0.000000000000000000e+00,0.000000000000000000e+00,0.000000000000000000e+00,0.000000000000000000e+00,0.000000000000000000e+00,0.000000000000000000e+00,0.000000000000000000e+00,0.000000000000000000e+00,0.000000000000000000e+00,0.000000000000000000e+00,0.000000000000000000e+00,0.000000000000000000e+00,0.000000000000000000e+00,0.000000000000000000e+00,0.000000000000000000e+00,0.000000000000000000e+00,0.000000000000000000e+00,0.000000000000000000e+00,0.000000000000000000e+00,0.000000000000000000e+00,0.000000000000000000e+00,0.000000000000000000e+00,0.000000000000000000e+00,0.000000000000000000e+00,0.000000000000000000e+00,0.000000000000000000e+00,0.000000000000000000e+00,0.000000000000000000e+00,0.000000000000000000e+00,0.000000000000000000e+00,0.000000000000000000e+00,0.000000000000000000e+00,0.000000000000000000e+00,0.000000000000000000e+00,0.000000000000000000e+00,0.000000000000000000e+00,0.000000000000000000e+00,0.000000000000000000e+00,0.000000000000000000e+00,0.000000000000000000e+00,0.000000000000000000e+00,0.000000000000000000e+00,0.000000000000000000e+00,0.000000000000000000e+00,0.000000000000000000e+00,0.000000000000000000e+00,0.000000000000000000e+00,0.000000000000000000e+00,0.000000000000000000e+00,0.000000000000000000e+00,0.000000000000000000e+00,0.000000000000000000e+00,0.000000000000000000e+00,0.000000000000000000e+00,0.000000000000000000e+00,0.000000000000000000e+00,0.000000000000000000e+00,0.000000000000000000e+00,0.000000000000000000e+00,0.000000000000000000e+00,0.000000000000000000e+00,0.000000000000000000e+00,0.000000000000000000e+00,0.000000000000000000e+00,0.000000000000000000e+00,0.000000000000000000e+00,0.000000000000000000e+00,0.000000000000000000e+00,0.000000000000000000e+00,0.000000000000000000e+00,0.000000000000000000e+00,0.000000000000000000e+00,0.000000000000000000e+00,0.000000000000000000e+00,0.000000000000000000e+00,0.000000000000000000e+00,0.000000000000000000e+00,0.000000000000000000e+00,0.000000000000000000e+00,0.000000000000000000e+00,0.000000000000000000e+00,0.000000000000000000e+00,0.000000000000000000e+00,0.000000000000000000e+00,0.000000000000000000e+00,0.000000000000000000e+00,0.000000000000000000e+00,0.000000000000000000e+00,0.000000000000000000e+00,0.000000000000000000e+00,0.000000000000000000e+00,0.000000000000000000e+00,0.000000000000000000e+00,0.000000000000000000e+00,0.000000000000000000e+00,0.000000000000000000e+00,0.000000000000000000e+00,0.000000000000000000e+00,0.000000000000000000e+00,0.000000000000000000e+00,0.000000000000000000e+00,0.000000000000000000e+00,0.000000000000000000e+00,0.000000000000000000e+00,0.000000000000000000e+00,0.000000000000000000e+00,0.000000000000000000e+00,0.000000000000000000e+00,0.000000000000000000e+00,0.000000000000000000e+00,0.000000000000000000e+00,0.000000000000000000e+00,0.000000000000000000e+00,0.000000000000000000e+00,0.000000000000000000e+00,0.000000000000000000e+00,0.000000000000000000e+00,0.000000000000000000e+00,0.000000000000000000e+00,0.000000000000000000e+00,0.000000000000000000e+00,0.000000000000000000e+00,0.000000000000000000e+00,0.000000000000000000e+00,0.000000000000000000e+00,0.000000000000000000e+00,0.000000000000000000e+00,0.000000000000000000e+00,0.000000000000000000e+00,0.000000000000000000e+00,0.000000000000000000e+00,0.000000000000000000e+00,0.000000000000000000e+00,0.000000000000000000e+00,0.000000000000000000e+00,0.000000000000000000e+00,0.000000000000000000e+00,0.000000000000000000e+00,0.000000000000000000e+00,0.000000000000000000e+00,0.000000000000000000e+00,0.000000000000000000e+00,0.000000000000000000e+00,0.000000000000000000e+00,0.000000000000000000e+00,0.000000000000000000e+00,0.000000000000000000e+00,0.000000000000000000e+00,0.000000000000000000e+00,0.000000000000000000e+00,0.000000000000000000e+00,0.000000000000000000e+00,0.000000000000000000e+00,0.000000000000000000e+00,0.000000000000000000e+00,0.000000000000000000e+00,0.000000000000000000e+00,0.000000000000000000e+00,0.000000000000000000e+00,0.000000000000000000e+00,0.000000000000000000e+00,0.000000000000000000e+00,0.000000000000000000e+00,0.000000000000000000e+00,0.000000000000000000e+00,0.000000000000000000e+00,0.000000000000000000e+00,0.000000000000000000e+00,0.000000000000000000e+00,0.000000000000000000e+00,0.000000000000000000e+00,0.000000000000000000e+00,0.000000000000000000e+00,0.000000000000000000e+00,0.000000000000000000e+00,0.000000000000000000e+00,0.000000000000000000e+00,0.000000000000000000e+00,0.000000000000000000e+00,0.000000000000000000e+00,0.000000000000000000e+00,0.000000000000000000e+00,0.000000000000000000e+00,0.000000000000000000e+00,0.000000000000000000e+00,0.000000000000000000e+00,0.000000000000000000e+00,0.000000000000000000e+00,0.000000000000000000e+00,0.000000000000000000e+00,0.000000000000000000e+00,0.000000000000000000e+00,0.000000000000000000e+00,0.000000000000000000e+00,0.000000000000000000e+00,0.000000000000000000e+00,0.000000000000000000e+00,0.000000000000000000e+00,0.000000000000000000e+00,0.000000000000000000e+00,0.000000000000000000e+00,0.000000000000000000e+00,0.000000000000000000e+00,0.000000000000000000e+00,0.000000000000000000e+00,0.000000000000000000e+00,0.000000000000000000e+00,0.000000000000000000e+00,0.000000000000000000e+00,0.000000000000000000e+00,0.000000000000000000e+00,0.000000000000000000e+00,0.000000000000000000e+00,0.000000000000000000e+00,0.000000000000000000e+00,0.000000000000000000e+00,0.000000000000000000e+00,0.000000000000000000e+00,0.000000000000000000e+00,0.000000000000000000e+00,0.000000000000000000e+00,0.000000000000000000e+00,0.000000000000000000e+00,0.000000000000000000e+00,0.000000000000000000e+00,0.000000000000000000e+00,0.000000000000000000e+00,0.000000000000000000e+00,0.000000000000000000e+00,0.000000000000000000e+00,0.000000000000000000e+00,0.000000000000000000e+00,0.000000000000000000e+00,0.000000000000000000e+00,0.000000000000000000e+00,0.000000000000000000e+00,0.000000000000000000e+00,0.000000000000000000e+00,0.000000000000000000e+00,0.000000000000000000e+00,0.000000000000000000e+00,0.000000000000000000e+00,0.000000000000000000e+00,0.000000000000000000e+00,0.000000000000000000e+00,0.000000000000000000e+00,0.000000000000000000e+00,0.000000000000000000e+00,0.000000000000000000e+00,0.000000000000000000e+00,0.000000000000000000e+00,0.000000000000000000e+00,0.000000000000000000e+00,0.000000000000000000e+00,0.000000000000000000e+00,0.000000000000000000e+00,0.000000000000000000e+00,0.000000000000000000e+00,0.000000000000000000e+00,0.000000000000000000e+00,0.000000000000000000e+00,0.000000000000000000e+00,0.000000000000000000e+00,0.000000000000000000e+00,0.000000000000000000e+00,0.000000000000000000e+00,0.000000000000000000e+00,0.000000000000000000e+00,0.000000000000000000e+00,0.000000000000000000e+00,0.000000000000000000e+00,0.000000000000000000e+00,0.000000000000000000e+00,0.000000000000000000e+00,0.000000000000000000e+00,0.000000000000000000e+00,0.000000000000000000e+00,0.000000000000000000e+00,0.000000000000000000e+00,0.000000000000000000e+00,0.000000000000000000e+00,0.000000000000000000e+00,0.000000000000000000e+00,0.000000000000000000e+00,0.000000000000000000e+00,0.000000000000000000e+00,0.000000000000000000e+00,0.000000000000000000e+00,0.000000000000000000e+00,0.000000000000000000e+00,0.000000000000000000e+00,0.000000000000000000e+00,0.000000000000000000e+00,0.000000000000000000e+00,0.000000000000000000e+00,0.000000000000000000e+00,0.000000000000000000e+00,0.000000000000000000e+00,0.000000000000000000e+00,0.000000000000000000e+00,0.000000000000000000e+00,0.000000000000000000e+00,0.000000000000000000e+00,0.000000000000000000e+00,0.000000000000000000e+00,0.000000000000000000e+00,0.000000000000000000e+00,0.000000000000000000e+00,0.000000000000000000e+00,0.000000000000000000e+00,0.000000000000000000e+00,0.000000000000000000e+00,0.000000000000000000e+00,0.000000000000000000e+00,0.000000000000000000e+00,0.000000000000000000e+00,0.000000000000000000e+00,0.000000000000000000e+00,0.000000000000000000e+00,0.000000000000000000e+00,0.000000000000000000e+00,0.000000000000000000e+00,0.000000000000000000e+00,0.000000000000000000e+00,0.000000000000000000e+00,0.000000000000000000e+00,0.000000000000000000e+00,0.000000000000000000e+00,0.000000000000000000e+00,0.000000000000000000e+00,0.000000000000000000e+00,0.000000000000000000e+00,0.000000000000000000e+00,0.000000000000000000e+00,0.000000000000000000e+00,0.000000000000000000e+00,0.000000000000000000e+00
0.000000000000000000e+00,0.000000000000000000e+00,0.000000000000000000e+00,0.000000000000000000e+00,0.000000000000000000e+00,0.000000000000000000e+00,0.000000000000000000e+00,0.000000000000000000e+00,0.000000000000000000e+00,0.000000000000000000e+00,0.000000000000000000e+00,0.000000000000000000e+00,0.000000000000000000e+00,0.000000000000000000e+00,0.000000000000000000e+00,0.000000000000000000e+00,0.000000000000000000e+00,0.000000000000000000e+00,0.000000000000000000e+00,0.000000000000000000e+00,0.000000000000000000e+00,0.000000000000000000e+00,0.000000000000000000e+00,0.000000000000000000e+00,0.000000000000000000e+00,0.000000000000000000e+00,0.000000000000000000e+00,0.000000000000000000e+00,0.000000000000000000e+00,0.000000000000000000e+00,0.000000000000000000e+00,0.000000000000000000e+00,0.000000000000000000e+00,0.000000000000000000e+00,0.000000000000000000e+00,0.000000000000000000e+00,0.000000000000000000e+00,0.000000000000000000e+00,0.000000000000000000e+00,0.000000000000000000e+00,0.000000000000000000e+00,0.000000000000000000e+00,0.000000000000000000e+00,0.000000000000000000e+00,0.000000000000000000e+00,0.000000000000000000e+00,0.000000000000000000e+00,0.000000000000000000e+00,0.000000000000000000e+00,0.000000000000000000e+00,0.000000000000000000e+00,0.000000000000000000e+00,0.000000000000000000e+00,0.000000000000000000e+00,0.000000000000000000e+00,0.000000000000000000e+00,0.000000000000000000e+00,0.000000000000000000e+00,0.000000000000000000e+00,0.000000000000000000e+00,0.000000000000000000e+00,0.000000000000000000e+00,0.000000000000000000e+00,0.000000000000000000e+00,0.000000000000000000e+00,0.000000000000000000e+00,0.000000000000000000e+00,0.000000000000000000e+00,0.000000000000000000e+00,0.000000000000000000e+00,0.000000000000000000e+00,0.000000000000000000e+00,0.000000000000000000e+00,0.000000000000000000e+00,0.000000000000000000e+00,0.000000000000000000e+00,0.000000000000000000e+00,0.000000000000000000e+00,0.000000000000000000e+00,0.000000000000000000e+00,0.000000000000000000e+00,0.000000000000000000e+00,0.000000000000000000e+00,0.000000000000000000e+00,0.000000000000000000e+00,0.000000000000000000e+00,0.000000000000000000e+00,0.000000000000000000e+00,0.000000000000000000e+00,0.000000000000000000e+00,0.000000000000000000e+00,0.000000000000000000e+00,0.000000000000000000e+00,0.000000000000000000e+00,0.000000000000000000e+00,0.000000000000000000e+00,0.000000000000000000e+00,0.000000000000000000e+00,0.000000000000000000e+00,0.000000000000000000e+00,0.000000000000000000e+00,0.000000000000000000e+00,0.000000000000000000e+00,0.000000000000000000e+00,0.000000000000000000e+00,0.000000000000000000e+00,0.000000000000000000e+00,0.000000000000000000e+00,0.000000000000000000e+00,0.000000000000000000e+00,0.000000000000000000e+00,0.000000000000000000e+00,0.000000000000000000e+00,0.000000000000000000e+00,0.000000000000000000e+00,0.000000000000000000e+00,0.000000000000000000e+00,0.000000000000000000e+00,0.000000000000000000e+00,0.000000000000000000e+00,0.000000000000000000e+00,0.000000000000000000e+00,0.000000000000000000e+00,0.000000000000000000e+00,0.000000000000000000e+00,0.000000000000000000e+00,0.000000000000000000e+00,0.000000000000000000e+00,0.000000000000000000e+00,0.000000000000000000e+00,0.000000000000000000e+00,0.000000000000000000e+00,0.000000000000000000e+00,0.000000000000000000e+00,0.000000000000000000e+00,0.000000000000000000e+00,0.000000000000000000e+00,0.000000000000000000e+00,0.000000000000000000e+00,0.000000000000000000e+00,0.000000000000000000e+00,0.000000000000000000e+00,0.000000000000000000e+00,0.000000000000000000e+00,0.000000000000000000e+00,0.000000000000000000e+00,0.000000000000000000e+00,0.000000000000000000e+00,0.000000000000000000e+00,0.000000000000000000e+00,0.000000000000000000e+00,0.000000000000000000e+00,0.000000000000000000e+00,0.000000000000000000e+00,0.000000000000000000e+00,0.000000000000000000e+00,0.000000000000000000e+00,0.000000000000000000e+00,0.000000000000000000e+00,0.000000000000000000e+00,0.000000000000000000e+00,0.000000000000000000e+00,0.000000000000000000e+00,0.000000000000000000e+00,0.000000000000000000e+00,0.000000000000000000e+00,0.000000000000000000e+00,0.000000000000000000e+00,0.000000000000000000e+00,0.000000000000000000e+00,0.000000000000000000e+00,0.000000000000000000e+00,0.000000000000000000e+00,0.000000000000000000e+00,0.000000000000000000e+00,0.000000000000000000e+00,0.000000000000000000e+00,0.000000000000000000e+00,0.000000000000000000e+00,0.000000000000000000e+00,0.000000000000000000e+00,0.000000000000000000e+00,0.000000000000000000e+00,0.000000000000000000e+00,0.000000000000000000e+00,0.000000000000000000e+00,0.000000000000000000e+00,0.000000000000000000e+00,0.000000000000000000e+00,0.000000000000000000e+00,0.000000000000000000e+00,0.000000000000000000e+00,0.000000000000000000e+00,0.000000000000000000e+00,0.000000000000000000e+00,0.000000000000000000e+00,0.000000000000000000e+00,0.000000000000000000e+00,0.000000000000000000e+00,0.000000000000000000e+00,0.000000000000000000e+00,0.000000000000000000e+00,0.000000000000000000e+00,0.000000000000000000e+00,0.000000000000000000e+00,0.000000000000000000e+00,0.000000000000000000e+00,0.000000000000000000e+00,0.000000000000000000e+00,0.000000000000000000e+00,0.000000000000000000e+00,0.000000000000000000e+00,0.000000000000000000e+00,0.000000000000000000e+00,0.000000000000000000e+00,0.000000000000000000e+00,0.000000000000000000e+00,0.000000000000000000e+00,0.000000000000000000e+00,0.000000000000000000e+00,0.000000000000000000e+00,0.000000000000000000e+00,0.000000000000000000e+00,0.000000000000000000e+00,0.000000000000000000e+00,0.000000000000000000e+00,0.000000000000000000e+00,0.000000000000000000e+00,0.000000000000000000e+00,0.000000000000000000e+00,0.000000000000000000e+00,0.000000000000000000e+00,0.000000000000000000e+00,0.000000000000000000e+00,0.000000000000000000e+00,0.000000000000000000e+00,0.000000000000000000e+00,0.000000000000000000e+00,0.000000000000000000e+00,0.000000000000000000e+00,0.000000000000000000e+00,0.000000000000000000e+00,0.000000000000000000e+00,0.000000000000000000e+00,0.000000000000000000e+00,0.000000000000000000e+00,0.000000000000000000e+00,0.000000000000000000e+00,0.000000000000000000e+00,0.000000000000000000e+00,0.000000000000000000e+00,0.000000000000000000e+00,0.000000000000000000e+00,0.000000000000000000e+00,0.000000000000000000e+00,0.000000000000000000e+00,0.000000000000000000e+00,0.000000000000000000e+00,0.000000000000000000e+00,0.000000000000000000e+00,0.000000000000000000e+00,0.000000000000000000e+00,0.000000000000000000e+00,0.000000000000000000e+00,0.000000000000000000e+00,0.000000000000000000e+00,0.000000000000000000e+00,0.000000000000000000e+00,0.000000000000000000e+00,0.000000000000000000e+00,0.000000000000000000e+00,0.000000000000000000e+00,0.000000000000000000e+00,0.000000000000000000e+00,0.000000000000000000e+00,0.000000000000000000e+00,0.000000000000000000e+00,0.000000000000000000e+00,0.000000000000000000e+00,0.000000000000000000e+00,0.000000000000000000e+00,0.000000000000000000e+00,0.000000000000000000e+00,0.000000000000000000e+00,0.000000000000000000e+00,0.000000000000000000e+00,0.000000000000000000e+00,0.000000000000000000e+00,0.000000000000000000e+00,0.000000000000000000e+00,0.000000000000000000e+00,0.000000000000000000e+00,0.000000000000000000e+00,0.000000000000000000e+00,0.000000000000000000e+00,0.000000000000000000e+00,0.000000000000000000e+00,0.000000000000000000e+00,0.000000000000000000e+00,0.000000000000000000e+00,0.000000000000000000e+00,0.000000000000000000e+00,0.000000000000000000e+00,0.000000000000000000e+00,0.000000000000000000e+00,0.000000000000000000e+00,0.000000000000000000e+00,0.000000000000000000e+00,0.000000000000000000e+00,0.000000000000000000e+00,0.000000000000000000e+00,0.000000000000000000e+00,0.000000000000000000e+00,0.000000000000000000e+00,0.000000000000000000e+00,0.000000000000000000e+00,0.000000000000000000e+00,0.000000000000000000e+00,0.000000000000000000e+00,0.000000000000000000e+00,0.000000000000000000e+00,0.000000000000000000e+00,0.000000000000000000e+00,0.000000000000000000e+00,0.000000000000000000e+00,0.000000000000000000e+00,0.000000000000000000e+00,0.000000000000000000e+00,0.000000000000000000e+00,0.000000000000000000e+00,0.000000000000000000e+00,0.000000000000000000e+00,0.000000000000000000e+00,0.000000000000000000e+00,0.000000000000000000e+00,0.000000000000000000e+00,0.000000000000000000e+00,0.000000000000000000e+00,0.000000000000000000e+00,0.000000000000000000e+00,0.000000000000000000e+00,0.000000000000000000e+00,0.000000000000000000e+00,0.000000000000000000e+00,0.000000000000000000e+00,0.000000000000000000e+00,0.000000000000000000e+00,0.000000000000000000e+00,0.000000000000000000e+00,0.000000000000000000e+00
0.000000000000000000e+00,0.000000000000000000e+00,0.000000000000000000e+00,0.000000000000000000e+00,0.000000000000000000e+00,0.000000000000000000e+00,0.000000000000000000e+00,0.000000000000000000e+00,0.000000000000000000e+00,0.000000000000000000e+00,0.000000000000000000e+00,0.000000000000000000e+00,0.000000000000000000e+00,0.000000000000000000e+00,0.000000000000000000e+00,0.000000000000000000e+00,0.000000000000000000e+00,0.000000000000000000e+00,0.000000000000000000e+00,0.000000000000000000e+00,0.000000000000000000e+00,0.000000000000000000e+00,0.000000000000000000e+00,0.000000000000000000e+00,0.000000000000000000e+00,0.000000000000000000e+00,0.000000000000000000e+00,0.000000000000000000e+00,0.000000000000000000e+00,0.000000000000000000e+00,0.000000000000000000e+00,0.000000000000000000e+00,0.000000000000000000e+00,0.000000000000000000e+00,0.000000000000000000e+00,0.000000000000000000e+00,0.000000000000000000e+00,0.000000000000000000e+00,0.000000000000000000e+00,0.000000000000000000e+00,0.000000000000000000e+00,0.000000000000000000e+00,0.000000000000000000e+00,0.000000000000000000e+00,0.000000000000000000e+00,0.000000000000000000e+00,0.000000000000000000e+00,0.000000000000000000e+00,0.000000000000000000e+00,0.000000000000000000e+00,0.000000000000000000e+00,0.000000000000000000e+00,0.000000000000000000e+00,0.000000000000000000e+00,0.000000000000000000e+00,0.000000000000000000e+00,0.000000000000000000e+00,0.000000000000000000e+00,0.000000000000000000e+00,0.000000000000000000e+00,0.000000000000000000e+00,0.000000000000000000e+00,0.000000000000000000e+00,0.000000000000000000e+00,0.000000000000000000e+00,0.000000000000000000e+00,0.000000000000000000e+00,0.000000000000000000e+00,0.000000000000000000e+00,0.000000000000000000e+00,0.000000000000000000e+00,0.000000000000000000e+00,0.000000000000000000e+00,0.000000000000000000e+00,0.000000000000000000e+00,0.000000000000000000e+00,0.000000000000000000e+00,0.000000000000000000e+00,0.000000000000000000e+00,0.000000000000000000e+00,0.000000000000000000e+00,0.000000000000000000e+00,0.000000000000000000e+00,0.000000000000000000e+00,0.000000000000000000e+00,0.000000000000000000e+00,0.000000000000000000e+00,0.000000000000000000e+00,0.000000000000000000e+00,0.000000000000000000e+00,0.000000000000000000e+00,0.000000000000000000e+00,0.000000000000000000e+00,0.000000000000000000e+00,0.000000000000000000e+00,0.000000000000000000e+00,0.000000000000000000e+00,0.000000000000000000e+00,0.000000000000000000e+00,0.000000000000000000e+00,0.000000000000000000e+00,0.000000000000000000e+00,0.000000000000000000e+00,0.000000000000000000e+00,0.000000000000000000e+00,0.000000000000000000e+00,0.000000000000000000e+00,0.000000000000000000e+00,0.000000000000000000e+00,0.000000000000000000e+00,0.000000000000000000e+00,0.000000000000000000e+00,0.000000000000000000e+00,0.000000000000000000e+00,0.000000000000000000e+00,0.000000000000000000e+00,0.000000000000000000e+00,0.000000000000000000e+00,0.000000000000000000e+00,0.000000000000000000e+00,0.000000000000000000e+00,0.000000000000000000e+00,0.000000000000000000e+00,0.000000000000000000e+00,0.000000000000000000e+00,0.000000000000000000e+00,0.000000000000000000e+00,0.000000000000000000e+00,0.000000000000000000e+00,0.000000000000000000e+00,0.000000000000000000e+00,0.000000000000000000e+00,0.000000000000000000e+00,0.000000000000000000e+00,0.000000000000000000e+00,0.000000000000000000e+00,0.000000000000000000e+00,0.000000000000000000e+00,0.000000000000000000e+00,0.000000000000000000e+00,0.000000000000000000e+00,0.000000000000000000e+00,0.000000000000000000e+00,0.000000000000000000e+00,0.000000000000000000e+00,0.000000000000000000e+00,0.000000000000000000e+00,0.000000000000000000e+00,0.000000000000000000e+00,0.000000000000000000e+00,0.000000000000000000e+00,0.000000000000000000e+00,0.000000000000000000e+00,0.000000000000000000e+00,0.000000000000000000e+00,0.000000000000000000e+00,0.000000000000000000e+00,0.000000000000000000e+00,0.000000000000000000e+00,0.000000000000000000e+00,0.000000000000000000e+00,0.000000000000000000e+00,0.000000000000000000e+00,0.000000000000000000e+00,0.000000000000000000e+00,0.000000000000000000e+00,0.000000000000000000e+00,0.000000000000000000e+00,0.000000000000000000e+00,0.000000000000000000e+00,0.000000000000000000e+00,0.000000000000000000e+00,0.000000000000000000e+00,0.000000000000000000e+00,0.000000000000000000e+00,0.000000000000000000e+00,0.000000000000000000e+00,0.000000000000000000e+00,0.000000000000000000e+00,0.000000000000000000e+00,0.000000000000000000e+00,0.000000000000000000e+00,0.000000000000000000e+00,0.000000000000000000e+00,0.000000000000000000e+00,0.000000000000000000e+00,0.000000000000000000e+00,0.000000000000000000e+00,0.000000000000000000e+00,0.000000000000000000e+00,0.000000000000000000e+00,0.000000000000000000e+00,0.000000000000000000e+00,0.000000000000000000e+00,0.000000000000000000e+00,0.000000000000000000e+00,0.000000000000000000e+00,0.000000000000000000e+00,0.000000000000000000e+00,0.000000000000000000e+00,0.000000000000000000e+00,0.000000000000000000e+00,0.000000000000000000e+00,0.000000000000000000e+00,0.000000000000000000e+00,0.000000000000000000e+00,0.000000000000000000e+00,0.000000000000000000e+00,0.000000000000000000e+00,0.000000000000000000e+00,0.000000000000000000e+00,0.000000000000000000e+00,0.000000000000000000e+00,0.000000000000000000e+00,0.000000000000000000e+00,0.000000000000000000e+00,0.000000000000000000e+00,0.000000000000000000e+00,0.000000000000000000e+00,0.000000000000000000e+00,0.000000000000000000e+00,0.000000000000000000e+00,0.000000000000000000e+00,0.000000000000000000e+00,0.000000000000000000e+00,0.000000000000000000e+00,0.000000000000000000e+00,0.000000000000000000e+00,0.000000000000000000e+00,0.000000000000000000e+00,0.000000000000000000e+00,0.000000000000000000e+00,0.000000000000000000e+00,0.000000000000000000e+00,0.000000000000000000e+00,0.000000000000000000e+00,0.000000000000000000e+00,0.000000000000000000e+00,0.000000000000000000e+00,0.000000000000000000e+00,0.000000000000000000e+00,0.000000000000000000e+00,0.000000000000000000e+00,0.000000000000000000e+00,0.000000000000000000e+00,0.000000000000000000e+00,0.000000000000000000e+00,0.000000000000000000e+00,0.000000000000000000e+00,0.000000000000000000e+00,0.000000000000000000e+00,0.000000000000000000e+00,0.000000000000000000e+00,0.000000000000000000e+00,0.000000000000000000e+00,0.000000000000000000e+00,0.000000000000000000e+00,0.000000000000000000e+00,0.000000000000000000e+00,0.000000000000000000e+00,0.000000000000000000e+00,0.000000000000000000e+00,0.000000000000000000e+00,0.000000000000000000e+00,0.000000000000000000e+00,0.000000000000000000e+00,0.000000000000000000e+00,0.000000000000000000e+00,0.000000000000000000e+00,0.000000000000000000e+00,0.000000000000000000e+00,0.000000000000000000e+00,0.000000000000000000e+00,0.000000000000000000e+00,0.000000000000000000e+00,0.000000000000000000e+00,0.000000000000000000e+00,0.000000000000000000e+00,0.000000000000000000e+00,0.000000000000000000e+00,0.000000000000000000e+00,0.000000000000000000e+00,0.000000000000000000e+00,0.000000000000000000e+00,0.000000000000000000e+00,0.000000000000000000e+00,0.000000000000000000e+00,0.000000000000000000e+00,0.000000000000000000e+00,0.000000000000000000e+00,0.000000000000000000e+00,0.000000000000000000e+00,0.000000000000000000e+00,0.000000000000000000e+00,0.000000000000000000e+00,0.000000000000000000e+00,0.000000000000000000e+00,0.000000000000000000e+00,0.000000000000000000e+00,0.000000000000000000e+00,0.000000000000000000e+00,0.000000000000000000e+00,0.000000000000000000e+00,0.000000000000000000e+00,0.000000000000000000e+00,0.000000000000000000e+00,0.000000000000000000e+00,0.000000000000000000e+00,0.000000000000000000e+00,0.000000000000000000e+00,0.000000000000000000e+00,0.000000000000000000e+00,0.000000000000000000e+00,0.000000000000000000e+00,0.000000000000000000e+00,0.000000000000000000e+00,0.000000000000000000e+00,0.000000000000000000e+00,0.000000000000000000e+00,0.000000000000000000e+00,0.000000000000000000e+00,0.000000000000000000e+00,0.000000000000000000e+00,0.000000000000000000e+00,0.000000000000000000e+00,0.000000000000000000e+00,0.000000000000000000e+00,0.000000000000000000e+00,0.000000000000000000e+00,0.000000000000000000e+00,0.000000000000000000e+00,0.000000000000000000e+00,0.000000000000000000e+00,0.000000000000000000e+00,0.000000000000000000e+00,0.000000000000000000e+00,0.000000000000000000e+00,0.000000000000000000e+00,0.000000000000000000e+00,0.000000000000000000e+00,0.000000000000000000e+00,0.000000000000000000e+00,0.000000000000000000e+00,0.000000000000000000e+00,0.000000000000000000e+00,0.000000000000000000e+00,0.000000000000000000e+00,0.000000000000000000e+00,0.000000000000000000e+00,0.000000000000000000e+00
0.000000000000000000e+00,0.000000000000000000e+00,0.000000000000000000e+00,0.000000000000000000e+00,0.000000000000000000e+00,0.000000000000000000e+00,0.000000000000000000e+00,0.000000000000000000e+00,0.000000000000000000e+00,0.000000000000000000e+00,0.000000000000000000e+00,0.000000000000000000e+00,0.000000000000000000e+00,0.000000000000000000e+00,0.000000000000000000e+00,0.000000000000000000e+00,0.000000000000000000e+00,0.000000000000000000e+00,0.000000000000000000e+00,0.000000000000000000e+00,0.000000000000000000e+00,0.000000000000000000e+00,0.000000000000000000e+00,0.000000000000000000e+00,0.000000000000000000e+00,0.000000000000000000e+00,0.000000000000000000e+00,0.000000000000000000e+00,0.000000000000000000e+00,0.000000000000000000e+00,0.000000000000000000e+00,0.000000000000000000e+00,0.000000000000000000e+00,0.000000000000000000e+00,0.000000000000000000e+00,0.000000000000000000e+00,0.000000000000000000e+00,0.000000000000000000e+00,0.000000000000000000e+00,0.000000000000000000e+00,0.000000000000000000e+00,0.000000000000000000e+00,0.000000000000000000e+00,0.000000000000000000e+00,0.000000000000000000e+00,0.000000000000000000e+00,0.000000000000000000e+00,0.000000000000000000e+00,0.000000000000000000e+00,0.000000000000000000e+00,0.000000000000000000e+00,0.000000000000000000e+00,0.000000000000000000e+00,0.000000000000000000e+00,0.000000000000000000e+00,0.000000000000000000e+00,0.000000000000000000e+00,0.000000000000000000e+00,0.000000000000000000e+00,0.000000000000000000e+00,0.000000000000000000e+00,0.000000000000000000e+00,0.000000000000000000e+00,0.000000000000000000e+00,0.000000000000000000e+00,0.000000000000000000e+00,0.000000000000000000e+00,0.000000000000000000e+00,0.000000000000000000e+00,0.000000000000000000e+00,0.000000000000000000e+00,0.000000000000000000e+00,0.000000000000000000e+00,0.000000000000000000e+00,0.000000000000000000e+00,0.000000000000000000e+00,0.000000000000000000e+00,0.000000000000000000e+00,0.000000000000000000e+00,0.000000000000000000e+00,0.000000000000000000e+00,0.000000000000000000e+00,0.000000000000000000e+00,0.000000000000000000e+00,0.000000000000000000e+00,0.000000000000000000e+00,0.000000000000000000e+00,0.000000000000000000e+00,0.000000000000000000e+00,0.000000000000000000e+00,0.000000000000000000e+00,0.000000000000000000e+00,0.000000000000000000e+00,0.000000000000000000e+00,0.000000000000000000e+00,0.000000000000000000e+00,0.000000000000000000e+00,0.000000000000000000e+00,0.000000000000000000e+00,0.000000000000000000e+00,0.000000000000000000e+00,0.000000000000000000e+00,0.000000000000000000e+00,0.000000000000000000e+00,0.000000000000000000e+00,0.000000000000000000e+00,0.000000000000000000e+00,0.000000000000000000e+00,0.000000000000000000e+00,0.000000000000000000e+00,0.000000000000000000e+00,0.000000000000000000e+00,0.000000000000000000e+00,0.000000000000000000e+00,0.000000000000000000e+00,0.000000000000000000e+00,0.000000000000000000e+00,0.000000000000000000e+00,0.000000000000000000e+00,0.000000000000000000e+00,0.000000000000000000e+00,0.000000000000000000e+00,0.000000000000000000e+00,0.000000000000000000e+00,0.000000000000000000e+00,0.000000000000000000e+00,0.000000000000000000e+00,0.000000000000000000e+00,0.000000000000000000e+00,0.000000000000000000e+00,0.000000000000000000e+00,0.000000000000000000e+00,0.000000000000000000e+00,0.000000000000000000e+00,0.000000000000000000e+00,0.000000000000000000e+00,0.000000000000000000e+00,0.000000000000000000e+00,0.000000000000000000e+00,0.000000000000000000e+00,0.000000000000000000e+00,0.000000000000000000e+00,0.000000000000000000e+00,0.000000000000000000e+00,0.000000000000000000e+00,0.000000000000000000e+00,0.000000000000000000e+00,0.000000000000000000e+00,0.000000000000000000e+00,0.000000000000000000e+00,0.000000000000000000e+00,0.000000000000000000e+00,0.000000000000000000e+00,0.000000000000000000e+00,0.000000000000000000e+00,0.000000000000000000e+00,0.000000000000000000e+00,0.000000000000000000e+00,0.000000000000000000e+00,0.000000000000000000e+00,0.000000000000000000e+00,0.000000000000000000e+00,0.000000000000000000e+00,0.000000000000000000e+00,0.000000000000000000e+00,0.000000000000000000e+00,0.000000000000000000e+00,0.000000000000000000e+00,0.000000000000000000e+00,0.000000000000000000e+00,0.000000000000000000e+00,0.000000000000000000e+00,0.000000000000000000e+00,0.000000000000000000e+00,0.000000000000000000e+00,0.000000000000000000e+00,0.000000000000000000e+00,0.000000000000000000e+00,0.000000000000000000e+00,0.000000000000000000e+00,0.000000000000000000e+00,0.000000000000000000e+00,0.000000000000000000e+00,0.000000000000000000e+00,0.000000000000000000e+00,0.000000000000000000e+00,0.000000000000000000e+00,0.000000000000000000e+00,0.000000000000000000e+00,0.000000000000000000e+00,0.000000000000000000e+00,0.000000000000000000e+00,0.000000000000000000e+00,0.000000000000000000e+00,0.000000000000000000e+00,0.000000000000000000e+00,0.000000000000000000e+00,0.000000000000000000e+00,0.000000000000000000e+00,0.000000000000000000e+00,0.000000000000000000e+00,0.000000000000000000e+00,0.000000000000000000e+00,0.000000000000000000e+00,0.000000000000000000e+00,0.000000000000000000e+00,0.000000000000000000e+00,0.000000000000000000e+00,0.000000000000000000e+00,0.000000000000000000e+00,0.000000000000000000e+00,0.000000000000000000e+00,0.000000000000000000e+00,0.000000000000000000e+00,0.000000000000000000e+00,0.000000000000000000e+00,0.000000000000000000e+00,0.000000000000000000e+00,0.000000000000000000e+00,0.000000000000000000e+00,0.000000000000000000e+00,0.000000000000000000e+00,0.000000000000000000e+00,0.000000000000000000e+00,0.000000000000000000e+00,0.000000000000000000e+00,0.000000000000000000e+00,0.000000000000000000e+00,0.000000000000000000e+00,0.000000000000000000e+00,0.000000000000000000e+00,0.000000000000000000e+00,0.000000000000000000e+00,0.000000000000000000e+00,0.000000000000000000e+00,0.000000000000000000e+00,0.000000000000000000e+00,0.000000000000000000e+00,0.000000000000000000e+00,0.000000000000000000e+00,0.000000000000000000e+00,0.000000000000000000e+00,0.000000000000000000e+00,0.000000000000000000e+00,0.000000000000000000e+00,0.000000000000000000e+00,0.000000000000000000e+00,0.000000000000000000e+00,0.000000000000000000e+00,0.000000000000000000e+00,0.000000000000000000e+00,0.000000000000000000e+00,0.000000000000000000e+00,0.000000000000000000e+00,0.000000000000000000e+00,0.000000000000000000e+00,0.000000000000000000e+00,0.000000000000000000e+00,0.000000000000000000e+00,0.000000000000000000e+00,0.000000000000000000e+00,0.000000000000000000e+00,0.000000000000000000e+00,0.000000000000000000e+00,0.000000000000000000e+00,0.000000000000000000e+00,0.000000000000000000e+00,0.000000000000000000e+00,0.000000000000000000e+00,0.000000000000000000e+00,0.000000000000000000e+00,0.000000000000000000e+00,0.000000000000000000e+00,0.000000000000000000e+00,0.000000000000000000e+00,0.000000000000000000e+00,0.000000000000000000e+00,0.000000000000000000e+00,0.000000000000000000e+00,0.000000000000000000e+00,0.000000000000000000e+00,0.000000000000000000e+00,0.000000000000000000e+00,0.000000000000000000e+00,0.000000000000000000e+00,0.000000000000000000e+00,0.000000000000000000e+00,0.000000000000000000e+00,0.000000000000000000e+00,0.000000000000000000e+00,0.000000000000000000e+00,0.000000000000000000e+00,0.000000000000000000e+00,0.000000000000000000e+00,0.000000000000000000e+00,0.000000000000000000e+00,0.000000000000000000e+00,0.000000000000000000e+00,0.000000000000000000e+00,0.000000000000000000e+00,0.000000000000000000e+00,0.000000000000000000e+00,0.000000000000000000e+00,0.000000000000000000e+00,0.000000000000000000e+00,0.000000000000000000e+00,0.000000000000000000e+00,0.000000000000000000e+00,0.000000000000000000e+00,0.000000000000000000e+00,0.000000000000000000e+00,0.000000000000000000e+00,0.000000000000000000e+00,0.000000000000000000e+00,0.000000000000000000e+00,0.000000000000000000e+00,0.000000000000000000e+00,0.000000000000000000e+00,0.000000000000000000e+00,0.000000000000000000e+00,0.000000000000000000e+00,0.000000000000000000e+00,0.000000000000000000e+00,0.000000000000000000e+00,0.000000000000000000e+00,0.000000000000000000e+00,0.000000000000000000e+00,0.000000000000000000e+00,0.000000000000000000e+00,0.000000000000000000e+00,0.000000000000000000e+00,0.000000000000000000e+00,0.000000000000000000e+00,0.000000000000000000e+00,0.000000000000000000e+00,0.000000000000000000e+00,0.000000000000000000e+00,0.000000000000000000e+00,0.000000000000000000e+00,0.000000000000000000e+00,0.000000000000000000e+00,0.000000000000000000e+00,0.000000000000000000e+00,0.000000000000000000e+00,0.000000000000000000e+00,0.000000000000000000e+00,0.000000000000000000e+00,0.000000000000000000e+00,0.000000000000000000e+00,0.000000000000000000e+00
0.000000000000000000e+00,0.000000000000000000e+00,0.000000000000000000e+00,0.000000000000000000e+00,0.000000000000000000e+00,0.000000000000000000e+00,0.000000000000000000e+00,0.000000000000000000e+00,0.000000000000000000e+00,0.000000000000000000e+00,0.000000000000000000e+00,0.000000000000000000e+00,0.000000000000000000e+00,0.000000000000000000e+00,0.000000000000000000e+00,0.000000000000000000e+00,0.000000000000000000e+00,0.000000000000000000e+00,0.000000000000000000e+00,0.000000000000000000e+00,0.000000000000000000e+00,0.000000000000000000e+00,0.000000000000000000e+00,0.000000000000000000e+00,0.000000000000000000e+00,0.000000000000000000e+00,0.000000000000000000e+00,0.000000000000000000e+00,0.000000000000000000e+00,0.000000000000000000e+00,0.000000000000000000e+00,0.000000000000000000e+00,0.000000000000000000e+00,0.000000000000000000e+00,0.000000000000000000e+00,0.000000000000000000e+00,0.000000000000000000e+00,0.000000000000000000e+00,0.000000000000000000e+00,0.000000000000000000e+00,0.000000000000000000e+00,0.000000000000000000e+00,0.000000000000000000e+00,0.000000000000000000e+00,0.000000000000000000e+00,0.000000000000000000e+00,0.000000000000000000e+00,0.000000000000000000e+00,0.000000000000000000e+00,0.000000000000000000e+00,0.000000000000000000e+00,0.000000000000000000e+00,0.000000000000000000e+00,0.000000000000000000e+00,0.000000000000000000e+00,0.000000000000000000e+00,0.000000000000000000e+00,0.000000000000000000e+00,0.000000000000000000e+00,0.000000000000000000e+00,0.000000000000000000e+00,0.000000000000000000e+00,0.000000000000000000e+00,0.000000000000000000e+00,0.000000000000000000e+00,0.000000000000000000e+00,0.000000000000000000e+00,0.000000000000000000e+00,0.000000000000000000e+00,0.000000000000000000e+00,0.000000000000000000e+00,0.000000000000000000e+00,0.000000000000000000e+00,0.000000000000000000e+00,0.000000000000000000e+00,0.000000000000000000e+00,0.000000000000000000e+00,0.000000000000000000e+00,0.000000000000000000e+00,0.000000000000000000e+00,0.000000000000000000e+00,0.000000000000000000e+00,0.000000000000000000e+00,0.000000000000000000e+00,0.000000000000000000e+00,0.000000000000000000e+00,0.000000000000000000e+00,0.000000000000000000e+00,0.000000000000000000e+00,0.000000000000000000e+00,0.000000000000000000e+00,0.000000000000000000e+00,0.000000000000000000e+00,0.000000000000000000e+00,0.000000000000000000e+00,0.000000000000000000e+00,0.000000000000000000e+00,0.000000000000000000e+00,0.000000000000000000e+00,0.000000000000000000e+00,0.000000000000000000e+00,0.000000000000000000e+00,0.000000000000000000e+00,0.000000000000000000e+00,0.000000000000000000e+00,0.000000000000000000e+00,0.000000000000000000e+00,0.000000000000000000e+00,0.000000000000000000e+00,0.000000000000000000e+00,0.000000000000000000e+00,0.000000000000000000e+00,0.000000000000000000e+00,0.000000000000000000e+00,0.000000000000000000e+00,0.000000000000000000e+00,0.000000000000000000e+00,0.000000000000000000e+00,0.000000000000000000e+00,0.000000000000000000e+00,0.000000000000000000e+00,0.000000000000000000e+00,0.000000000000000000e+00,0.000000000000000000e+00,0.000000000000000000e+00,0.000000000000000000e+00,0.000000000000000000e+00,0.000000000000000000e+00,0.000000000000000000e+00,0.000000000000000000e+00,0.000000000000000000e+00,0.000000000000000000e+00,0.000000000000000000e+00,0.000000000000000000e+00,0.000000000000000000e+00,0.000000000000000000e+00,0.000000000000000000e+00,0.000000000000000000e+00,0.000000000000000000e+00,0.000000000000000000e+00,0.000000000000000000e+00,0.000000000000000000e+00,0.000000000000000000e+00,0.000000000000000000e+00,0.000000000000000000e+00,0.000000000000000000e+00,0.000000000000000000e+00,0.000000000000000000e+00,0.000000000000000000e+00,0.000000000000000000e+00,0.000000000000000000e+00,0.000000000000000000e+00,0.000000000000000000e+00,0.000000000000000000e+00,0.000000000000000000e+00,0.000000000000000000e+00,0.000000000000000000e+00,0.000000000000000000e+00,0.000000000000000000e+00,0.000000000000000000e+00,0.000000000000000000e+00,0.000000000000000000e+00,0.000000000000000000e+00,0.000000000000000000e+00,0.000000000000000000e+00,0.000000000000000000e+00,0.000000000000000000e+00,0.000000000000000000e+00,0.000000000000000000e+00,0.000000000000000000e+00,0.000000000000000000e+00,0.000000000000000000e+00,0.000000000000000000e+00,0.000000000000000000e+00,0.000000000000000000e+00,0.000000000000000000e+00,0.000000000000000000e+00,0.000000000000000000e+00,0.000000000000000000e+00,0.000000000000000000e+00,0.000000000000000000e+00,0.000000000000000000e+00,0.000000000000000000e+00,0.000000000000000000e+00,0.000000000000000000e+00,0.000000000000000000e+00,0.000000000000000000e+00,0.000000000000000000e+00,0.000000000000000000e+00,0.000000000000000000e+00,0.000000000000000000e+00,0.000000000000000000e+00,0.000000000000000000e+00,0.000000000000000000e+00,0.000000000000000000e+00,0.000000000000000000e+00,0.000000000000000000e+00,0.000000000000000000e+00,0.000000000000000000e+00,0.000000000000000000e+00,0.000000000000000000e+00,0.000000000000000000e+00,0.000000000000000000e+00,0.000000000000000000e+00,0.000000000000000000e+00,0.000000000000000000e+00,0.000000000000000000e+00,0.000000000000000000e+00,0.000000000000000000e+00,0.000000000000000000e+00,0.000000000000000000e+00,0.000000000000000000e+00,0.000000000000000000e+00,0.000000000000000000e+00,0.000000000000000000e+00,0.000000000000000000e+00,0.000000000000000000e+00,0.000000000000000000e+00,0.000000000000000000e+00,0.000000000000000000e+00,0.000000000000000000e+00,0.000000000000000000e+00,0.000000000000000000e+00,0.000000000000000000e+00,0.000000000000000000e+00,0.000000000000000000e+00,0.000000000000000000e+00,0.000000000000000000e+00,0.000000000000000000e+00,0.000000000000000000e+00,0.000000000000000000e+00,0.000000000000000000e+00,0.000000000000000000e+00,0.000000000000000000e+00,0.000000000000000000e+00,0.000000000000000000e+00,0.000000000000000000e+00,0.000000000000000000e+00,0.000000000000000000e+00,0.000000000000000000e+00,0.000000000000000000e+00,0.000000000000000000e+00,0.000000000000000000e+00,0.000000000000000000e+00,0.000000000000000000e+00,0.000000000000000000e+00,0.000000000000000000e+00,0.000000000000000000e+00,0.000000000000000000e+00,0.000000000000000000e+00,0.000000000000000000e+00,0.000000000000000000e+00,0.000000000000000000e+00,0.000000000000000000e+00,0.000000000000000000e+00,0.000000000000000000e+00,0.000000000000000000e+00,0.000000000000000000e+00,0.000000000000000000e+00,0.000000000000000000e+00,0.000000000000000000e+00,0.000000000000000000e+00,0.000000000000000000e+00,0.000000000000000000e+00,0.000000000000000000e+00,0.000000000000000000e+00,0.000000000000000000e+00,0.000000000000000000e+00,0.000000000000000000e+00,0.000000000000000000e+00,0.000000000000000000e+00,0.000000000000000000e+00,0.000000000000000000e+00,0.000000000000000000e+00,0.000000000000000000e+00,0.000000000000000000e+00,0.000000000000000000e+00,0.000000000000000000e+00,0.000000000000000000e+00,0.000000000000000000e+00,0.000000000000000000e+00,0.000000000000000000e+00,0.000000000000000000e+00,0.000000000000000000e+00,0.000000000000000000e+00,0.000000000000000000e+00,0.000000000000000000e+00,0.000000000000000000e+00,0.000000000000000000e+00,0.000000000000000000e+00,0.000000000000000000e+00,0.000000000000000000e+00,0.000000000000000000e+00,0.000000000000000000e+00,0.000000000000000000e+00,0.000000000000000000e+00,0.000000000000000000e+00,0.000000000000000000e+00,0.000000000000000000e+00,0.000000000000000000e+00,0.000000000000000000e+00,0.000000000000000000e+00,0.000000000000000000e+00,0.000000000000000000e+00,0.000000000000000000e+00,0.000000000000000000e+00,0.000000000000000000e+00,0.000000000000000000e+00,0.000000000000000000e+00,0.000000000000000000e+00,0.000000000000000000e+00,0.000000000000000000e+00,0.000000000000000000e+00,0.000000000000000000e+00,0.000000000000000000e+00,0.000000000000000000e+00,0.000000000000000000e+00,0.000000000000000000e+00,0.000000000000000000e+00,0.000000000000000000e+00,0.000000000000000000e+00,0.000000000000000000e+00,0.000000000000000000e+00,0.000000000000000000e+00,0.000000000000000000e+00,0.000000000000000000e+00,0.000000000000000000e+00,0.000000000000000000e+00,0.000000000000000000e+00,0.000000000000000000e+00,0.000000000000000000e+00,0.000000000000000000e+00,0.000000000000000000e+00,0.000000000000000000e+00,0.000000000000000000e+00,0.000000000000000000e+00,0.000000000000000000e+00,0.000000000000000000e+00,0.000000000000000000e+00,0.000000000000000000e+00,0.000000000000000000e+00,0.000000000000000000e+00,0.000000000000000000e+00,0.000000000000000000e+00,0.000000000000000000e+00,0.000000000000000000e+00,0.000000000000000000e+00,0.000000000000000000e+00,0.000000000000000000e+00,0.000000000000000000e+00
