0.000000000000000000e+00,0.000000000000000000e+00,0.000000000000000000e+00,0.000000000000000000e+00,0.000000000000000000e+00,0.000000000000000000e+00,0.000000000000000000e+00,0.000000000000000000e+00,0.000000000000000000e+00,0.000000000000000000e+00,0.000000000000000000e+00,0.000000000000000000e+00,0.000000000000000000e+00,0.000000000000000000e+00,0.000000000000000000e+00,0.000000000000000000e+00,0.000000000000000000e+00,0.000000000000000000e+00,0.000000000000000000e+00,0.000000000000000000e+00,0.000000000000000000e+00,0.000000000000000000e+00,0.000000000000000000e+00,0.000000000000000000e+00,0.000000000000000000e+00,0.000000000000000000e+00,0.000000000000000000e+00,0.000000000000000000e+00,0.000000000000000000e+00,0.000000000000000000e+00,0.000000000000000000e+00,0.000000000000000000e+00,0.000000000000000000e+00,0.000000000000000000e+00,0.000000000000000000e+00,0.000000000000000000e+00,0.000000000000000000e+00,0.000000000000000000e+00,0.000000000000000000e+00,0.000000000000000000e+00,0.000000000000000000e+00,0.000000000000000000e+00,0.000000000000000000e+00,0.000000000000000000e+00,0.000000000000000000e+00,0.000000000000000000e+00,0.000000000000000000e+00,0.000000000000000000e+00,0.000000000000000000e+00,0.000000000000000000e+00,0.000000000000000000e+00,0.000000000000000000e+00,0.000000000000000000e+00,0.000000000000000000e+00,0.000000000000000000e+00,0.000000000000000000e+00,0.000000000000000000e+00,0.000000000000000000e+00,0.000000000000000000e+00,0.000000000000000000e+00,0.000000000000000000e+00,0.000000000000000000e+00,0.000000000000000000e+00,0.000000000000000000e+00,0.000000000000000000e+00,0.000000000000000000e+00,0.000000000000000000e+00,0.000000000000000000e+00,0.000000000000000000e+00,0.000000000000000000e+00,0.000000000000000000e+00,0.000000000000000000e+00,0.000000000000000000e+00,0.000000000000000000e+00,0.000000000000000000e+00,0.000000000000000000e+00,0.000000000000000000e+00,0.000000000000000000e+00,0.000000000000000000e+00,0.000000000000000000e+00,0.000000000000000000e+00,0.000000000000000000e+00,0.000000000000000000e+00,0.000000000000000000e+00,0.000000000000000000e+00,0.000000000000000000e+00,0.000000000000000000e+00,0.000000000000000000e+00,0.000000000000000000e+00,0.000000000000000000e+00,0.000000000000000000e+00,0.000000000000000000e+00,0.000000000000000000e+00,0.000000000000000000e+00,0.000000000000000000e+00,0.000000000000000000e+00,0.000000000000000000e+00,0.000000000000000000e+00,0.000000000000000000e+00,0.000000000000000000e+00,0.000000000000000000e+00,0.000000000000000000e+00,0.000000000000000000e+00,0.000000000000000000e+00,0.000000000000000000e+00,0.000000000000000000e+00,0.000000000000000000e+00,0.000000000000000000e+00,0.000000000000000000e+00,0.000000000000000000e+00,0.000000000000000000e+00,0.000000000000000000e+00,0.000000000000000000e+00,0.000000000000000000e+00,0.000000000000000000e+00,0.000000000000000000e+00,0.000000000000000000e+00,0.000000000000000000e+00,0.000000000000000000e+00,0.000000000000000000e+00,0.000000000000000000e+00,0.000000000000000000e+00,0.000000000000000000e+00,0.000000000000000000e+00,0.000000000000000000e+00,0.000000000000000000e+00,0.000000000000000000e+00,0.000000000000000000e+00,0.000000000000000000e+00,0.000000000000000000e+00,0.000000000000000000e+00,0.000000000000000000e+00,0.000000000000000000e+00,0.000000000000000000e+00,0.000000000000000000e+00,0.000000000000000000e+00,0.000000000000000000e+00,0.000000000000000000e+00,0.000000000000000000e+00,0.000000000000000000e+00,0.000000000000000000e+00,0.000000000000000000e+00,0.000000000000000000e+00,0.000000000000000000e+00,0.000000000000000000e+00,0.000000000000000000e+00,0.000000000000000000e+00,0.000000000000000000e+00,0.000000000000000000e+00,0.000000000000000000e+00,0.000000000000000000e+00,0.000000000000000000e+00,0.000000000000000000e+00,0.000000000000000000e+00,0.000000000000000000e+00,0.000000000000000000e+00,0.000000000000000000e+00,0.000000000000000000e+00,0.000000000000000000e+00,0.000000000000000000e+00,0.000000000000000000e+00,0.000000000000000000e+00,0.000000000000000000e+00,0.000000000000000000e+00,0.000000000000000000e+00,0.000000000000000000e+00,0.000000000000000000e+00,0.000000000000000000e+00,0.000000000000000000e+00,0.000000000000000000e+00,0.000000000000000000e+00,0.000000000000000000e+00,0.000000000000000000e+00,0.000000000000000000e+00,0.000000000000000000e+00,0.000000000000000000e+00,0.000000000000000000e+00,0.000000000000000000e+00,0.000000000000000000e+00,0.000000000000000000e+00,0.000000000000000000e+00,0.000000000000000000e+00,0.000000000000000000e+00,0.000000000000000000e+00,0.000000000000000000e+00,0.000000000000000000e+00,0.000000000000000000e+00,0.000000000000000000e+00,0.000000000000000000e+00,0.000000000000000000e+00,0.000000000000000000e+00,0.000000000000000000e+00,0.000000000000000000e+00,0.000000000000000000e+00,0.000000000000000000e+00,0.000000000000000000e+00,0.000000000000000000e+00,0.000000000000000000e+00,0.000000000000000000e+00,0.000000000000000000e+00,0.000000000000000000e+00,0.000000000000000000e+00,0.000000000000000000e+00,0.000000000000000000e+00,0.000000000000000000e+00,0.000000000000000000e+00,0.000000000000000000e+00,0.000000000000000000e+00,0.000000000000000000e+00,0.000000000000000000e+00,0.000000000000000000e+00,0.000000000000000000e+00,0.000000000000000000e+00,0.000000000000000000e+00,0.000000000000000000e+00,0.000000000000000000e+00,0.000000000000000000e+00,0.000000000000000000e+00,0.000000000000000000e+00,0.000000000000000000e+00,0.000000000000000000e+00,0.000000000000000000e+00,0.000000000000000000e+00,0.000000000000000000e+00,0.000000000000000000e+00,0.000000000000000000e+00,0.000000000000000000e+00,0.000000000000000000e+00,0.000000000000000000e+00,0.000000000000000000e+00,0.000000000000000000e+00,0.000000000000000000e+00,0.000000000000000000e+00,0.000000000000000000e+00,0.000000000000000000e+00,0.000000000000000000e+00,0.000000000000000000e+00,0.000000000000000000e+00,0.000000000000000000e+00,0.000000000000000000e+00,0.000000000000000000e+00,0.000000000000000000e+00,0.000000000000000000e+00,0.000000000000000000e+00,0.000000000000000000e+00,0.000000000000000000e+00,0.000000000000000000e+00,0.000000000000000000e+00,0.000000000000000000e+00,0.000000000000000000e+00,0.000000000000000000e+00,0.000000000000000000e+00,0.000000000000000000e+00,0.000000000000000000e+00,0.000000000000000000e+00,0.000000000000000000e+00,0.000000000000000000e+00,0.000000000000000000e+00,0.000000000000000000e+00,0.000000000000000000e+00,0.000000000000000000e+00,0.000000000000000000e+00,0.000000000000000000e+00,0.000000000000000000e+00,0.000000000000000000e+00,0.000000000000000000e+00,0.000000000000000000e+00,0.000000000000000000e+00,0.000000000000000000e+00,0.000000000000000000e+00,0.000000000000000000e+00,0.000000000000000000e+00,0.000000000000000000e+00,0.000000000000000000e+00,0.000000000000000000e+00,0.000000000000000000e+00,0.000000000000000000e+00,0.000000000000000000e+00,0.000000000000000000e+00,0.000000000000000000e+00,0.000000000000000000e+00,0.000000000000000000e+00,0.000000000000000000e+00,0.000000000000000000e+00,0.000000000000000000e+00,0.000000000000000000e+00,0.000000000000000000e+00,0.000000000000000000e+00,0.000000000000000000e+00,0.000000000000000000e+00,0.000000000000000000e+00,0.000000000000000000e+00,0.000000000000000000e+00,0.000000000000000000e+00,0.000000000000000000e+00,0.000000000000000000e+00,0.000000000000000000e+00,0.000000000000000000e+00,0.000000000000000000e+00,0.000000000000000000e+00,0.000000000000000000e+00,0.000000000000000000e+00,0.000000000000000000e+00,0.000000000000000000e+00,0.000000000000000000e+00,0.000000000000000000e+00,0.000000000000000000e+00,0.000000000000000000e+00,0.000000000000000000e+00,0.000000000000000000e+00,0.000000000000000000e+00,0.000000000000000000e+00,0.000000000000000000e+00,0.000000000000000000e+00,0.000000000000000000e+00,0.000000000000000000e+00,0.000000000000000000e+00,0.000000000000000000e+00,0.000000000000000000e+00,0.000000000000000000e+00,0.000000000000000000e+00,0.000000000000000000e+00,0.000000000000000000e+00,0.000000000000000000e+00,0.000000000000000000e+00,0.000000000000000000e+00,0.000000000000000000e+00,0.000000000000000000e+00,0.000000000000000000e+00,0.000000000000000000e+00,0.000000000000000000e+00,0.000000000000000000e+00,0.000000000000000000e+00,0.000000000000000000e+00,0.000000000000000000e+00,0.000000000000000000e+00,0.000000000000000000e+00,0.000000000000000000e+00,0.000000000000000000e+00,0.000000000000000000e+00,0.000000000000000000e+00,0.000000000000000000e+00,0.000000000000000000e+00,0.000000000000000000e+00,0.000000000000000000e+00,0.000000000000000000e+00,0.000000000000000000e+00,0.000000000000000000e+00,0.000000000000000000e+00,0.000000000000000000e+00,0.000000000000000000e+00,0.000000000000000000e+00,0.000000000000000000e+00,0.000000000000000000e+00,0.000000000000000000e+00,0.000000000000000000e+00,0.000000000000000000e+00,0.000000000000000000e+00,0.000000000000000000e+00,0.000000000000000000e+00,0.000000000000000000e+00,0.000000000000000000e+00,0.000000000000000000e+00,0.000000000000000000e+00,0.000000000000000000e+00,0.000000000000000000e+00,0.000000000000000000e+00,0.000000000000000000e+00,0.000000000000000000e+00,0.000000000000000000e+00,0.000000000000000000e+00,0.000000000000000000e+00,0.000000000000000000e+00,0.000000000000000000e+00,0.000000000000000000e+00
0.000000000000000000e+00,0.000000000000000000e+00,0.000000000000000000e+00,0.000000000000000000e+00,0.000000000000000000e+00,0.000000000000000000e+00,0.000000000000000000e+00,0.000000000000000000e+00,0.000000000000000000e+00,0.000000000000000000e+00,0.000000000000000000e+00,0.000000000000000000e+00,0.000000000000000000e+00,0.000000000000000000e+00,0.000000000000000000e+00,0.000000000000000000e+00,0.000000000000000000e+00,0.000000000000000000e+00,0.000000000000000000e+00,0.000000000000000000e+00,0.000000000000000000e+00,0.000000000000000000e+00,0.000000000000000000e+00,0.000000000000000000e+00,0.000000000000000000e+00,0.000000000000000000e+00,0.000000000000000000e+00,0.000000000000000000e+00,0.000000000000000000e+00,0.000000000000000000e+00,0.000000000000000000e+00,0.000000000000000000e+00,0.000000000000000000e+00,0.000000000000000000e+00,0.000000000000000000e+00,0.000000000000000000e+00,0.000000000000000000e+00,0.000000000000000000e+00,0.000000000000000000e+00,0.000000000000000000e+00,0.000000000000000000e+00,0.000000000000000000e+00,0.000000000000000000e+00,0.000000000000000000e+00,0.000000000000000000e+00,0.000000000000000000e+00,0.000000000000000000e+00,0.000000000000000000e+00,0.000000000000000000e+00,0.000000000000000000e+00,0.000000000000000000e+00,0.000000000000000000e+00,0.000000000000000000e+00,0.000000000000000000e+00,0.000000000000000000e+00,0.000000000000000000e+00,0.000000000000000000e+00,0.000000000000000000e+00,0.000000000000000000e+00,0.000000000000000000e+00,0.000000000000000000e+00,0.000000000000000000e+00,0.000000000000000000e+00,0.000000000000000000e+00,0.000000000000000000e+00,0.000000000000000000e+00,0.000000000000000000e+00,0.000000000000000000e+00,0.000000000000000000e+00,0.000000000000000000e+00,0.000000000000000000e+00,0.000000000000000000e+00,0.000000000000000000e+00,0.000000000000000000e+00,0.000000000000000000e+00,0.000000000000000000e+00,0.000000000000000000e+00,0.000000000000000000e+00,0.000000000000000000e+00,0.000000000000000000e+00,0.000000000000000000e+00,0.000000000000000000e+00,0.000000000000000000e+00,0.000000000000000000e+00,0.000000000000000000e+00,0.000000000000000000e+00,0.000000000000000000e+00,0.000000000000000000e+00,0.000000000000000000e+00,0.000000000000000000e+00,0.000000000000000000e+00,0.000000000000000000e+00,0.000000000000000000e+00,0.000000000000000000e+00,0.000000000000000000e+00,0.000000000000000000e+00,0.000000000000000000e+00,0.000000000000000000e+00,0.000000000000000000e+00,0.000000000000000000e+00,0.000000000000000000e+00,0.000000000000000000e+00,0.000000000000000000e+00,0.000000000000000000e+00,0.000000000000000000e+00,0.000000000000000000e+00,0.000000000000000000e+00,0.000000000000000000e+00,0.000000000000000000e+00,0.000000000000000000e+00,0.000000000000000000e+00,0.000000000000000000e+00,0.000000000000000000e+00,0.000000000000000000e+00,0.000000000000000000e+00,0.000000000000000000e+00,0.000000000000000000e+00,0.000000000000000000e+00,0.000000000000000000e+00,0.000000000000000000e+00,0.000000000000000000e+00,0.000000000000000000e+00,0.000000000000000000e+00,0.000000000000000000e+00,0.000000000000000000e+00,0.000000000000000000e+00,0.000000000000000000e+00,0.000000000000000000e+00,0.000000000000000000e+00,0.000000000000000000e+00,0.000000000000000000e+00,0.000000000000000000e+00,0.000000000000000000e+00,0.000000000000000000e+00,0.000000000000000000e+00,0.000000000000000000e+00,0.000000000000000000e+00,0.000000000000000000e+00,0.000000000000000000e+00,0.000000000000000000e+00,0.000000000000000000e+00,0.000000000000000000e+00,0.000000000000000000e+00,0.000000000000000000e+00,0.000000000000000000e+00,0.000000000000000000e+00,0.000000000000000000e+00,0.000000000000000000e+00,0.000000000000000000e+00,0.000000000000000000e+00,0.000000000000000000e+00,0.000000000000000000e+00,0.000000000000000000e+00,0.000000000000000000e+00,0.000000000000000000e+00,0.000000000000000000e+00,0.000000000000000000e+00,0.000000000000000000e+00,0.000000000000000000e+00,0.000000000000000000e+00,0.000000000000000000e+00,0.000000000000000000e+00,0.000000000000000000e+00,0.000000000000000000e+00,0.000000000000000000e+00,0.000000000000000000e+00,0.000000000000000000e+00,0.000000000000000000e+00,0.000000000000000000e+00,0.000000000000000000e+00,0.000000000000000000e+00,0.000000000000000000e+00,0.000000000000000000e+00,0.000000000000000000e+00,0.000000000000000000e+00,0.000000000000000000e+00,0.000000000000000000e+00,0.000000000000000000e+00,0.000000000000000000e+00,0.000000000000000000e+00,0.000000000000000000e+00,0.000000000000000000e+00,0.000000000000000000e+00,0.000000000000000000e+00,0.000000000000000000e+00,0.000000000000000000e+00,0.000000000000000000e+00,0.000000000000000000e+00,0.000000000000000000e+00,0.000000000000000000e+00,0.000000000000000000e+00,0.000000000000000000e+00,0.000000000000000000e+00,0.000000000000000000e+00,0.000000000000000000e+00,0.000000000000000000e+00,0.000000000000000000e+00,0.000000000000000000e+00,0.000000000000000000e+00,0.000000000000000000e+00,0.000000000000000000e+00,0.000000000000000000e+00,0.000000000000000000e+00,0.000000000000000000e+00,0.000000000000000000e+00,0.000000000000000000e+00,0.000000000000000000e+00,0.000000000000000000e+00,0.000000000000000000e+00,0.000000000000000000e+00,0.000000000000000000e+00,0.000000000000000000e+00,0.000000000000000000e+00,0.000000000000000000e+00,0.000000000000000000e+00,0.000000000000000000e+00,0.000000000000000000e+00,0.000000000000000000e+00,0.000000000000000000e+00,0.000000000000000000e+00,0.000000000000000000e+00,0.000000000000000000e+00,0.000000000000000000e+00,0.000000000000000000e+00,0.000000000000000000e+00,0.000000000000000000e+00,0.000000000000000000e+00,0.000000000000000000e+00,0.000000000000000000e+00,0.000000000000000000e+00,0.000000000000000000e+00,0.000000000000000000e+00,0.000000000000000000e+00,0.000000000000000000e+00,0.000000000000000000e+00,0.000000000000000000e+00,0.000000000000000000e+00,0.000000000000000000e+00,0.000000000000000000e+00,0.000000000000000000e+00,0.000000000000000000e+00,0.000000000000000000e+00,0.000000000000000000e+00,0.000000000000000000e+00,0.000000000000000000e+00,0.000000000000000000e+00,0.000000000000000000e+00,0.000000000000000000e+00,0.000000000000000000e+00,0.000000000000000000e+00,0.000000000000000000e+00,0.000000000000000000e+00,0.000000000000000000e+00,0.000000000000000000e+00,0.000000000000000000e+00,0.000000000000000000e+00,0.000000000000000000e+00,0.000000000000000000e+00,0.000000000000000000e+00,0.000000000000000000e+00,0.000000000000000000e+00,0.000000000000000000e+00,0.000000000000000000e+00,0.000000000000000000e+00,0.000000000000000000e+00,0.000000000000000000e+00,0.000000000000000000e+00,0.000000000000000000e+00,0.000000000000000000e+00,0.000000000000000000e+00,0.000000000000000000e+00,0.000000000000000000e+00,0.000000000000000000e+00,0.000000000000000000e+00,0.000000000000000000e+00,0.000000000000000000e+00,0.000000000000000000e+00,0.000000000000000000e+00,0.000000000000000000e+00,0.000000000000000000e+00,0.000000000000000000e+00,0.000000000000000000e+00,0.000000000000000000e+00,0.000000000000000000e+00,0.000000000000000000e+00,0.000000000000000000e+00,0.000000000000000000e+00,0.000000000000000000e+00,0.000000000000000000e+00,0.000000000000000000e+00,0.000000000000000000e+00,0.000000000000000000e+00,0.000000000000000000e+00,0.000000000000000000e+00,0.000000000000000000e+00,0.000000000000000000e+00,0.000000000000000000e+00,0.000000000000000000e+00,0.000000000000000000e+00,0.000000000000000000e+00,0.000000000000000000e+00,0.000000000000000000e+00,0.000000000000000000e+00,0.000000000000000000e+00,0.000000000000000000e+00,0.000000000000000000e+00,0.000000000000000000e+00,0.000000000000000000e+00,0.000000000000000000e+00,0.000000000000000000e+00,0.000000000000000000e+00,0.000000000000000000e+00,0.000000000000000000e+00,0.000000000000000000e+00,0.000000000000000000e+00,0.000000000000000000e+00,0.000000000000000000e+00,0.000000000000000000e+00,0.000000000000000000e+00,0.000000000000000000e+00,0.000000000000000000e+00,0.000000000000000000e+00,0.000000000000000000e+00,0.000000000000000000e+00,0.000000000000000000e+00,0.000000000000000000e+00,0.000000000000000000e+00,0.000000000000000000e+00,0.000000000000000000e+00,0.000000000000000000e+00,0.000000000000000000e+00,0.000000000000000000e+00,0.000000000000000000e+00,0.000000000000000000e+00,0.000000000000000000e+00,0.000000000000000000e+00,0.000000000000000000e+00,0.000000000000000000e+00,0.000000000000000000e+00,0.000000000000000000e+00,0.000000000000000000e+00,0.000000000000000000e+00,0.000000000000000000e+00,0.000000000000000000e+00,0.000000000000000000e+00,0.000000000000000000e+00,0.000000000000000000e+00,0.000000000000000000e+00,0.000000000000000000e+00,0.000000000000000000e+00,0.000000000000000000e+00,0.000000000000000000e+00,0.000000000000000000e+00,0.000000000000000000e+00,0.000000000000000000e+00,0.000000000000000000e+00,0.000000000000000000e+00,0.000000000000000000e+00,0.000000000000000000e+00,0.000000000000000000e+00,0.000000000000000000e+00,0.000000000000000000e+00,0.000000000000000000e+00,0.000000000000000000e+00,0.000000000000000000e+00,0.000000000000000000e+00,0.000000000000000000e+00,0.000000000000000000e+00,0.000000000000000000e+00,0.000000000000000000e+00,0.000000000000000000e+00,0.000000000000000000e+00,0.000000000000000000e+00,0.000000000000000000e+00,0.000000000000000000e+00
0.000000000000000000e+00,0.000000000000000000e+00,0.000000000000000000e+00,0.000000000000000000e+00,0.000000000000000000e+00,0.000000000000000000e+00,0.000000000000000000e+00,0.000000000000000000e+00,0.000000000000000000e+00,0.000000000000000000e+00,0.000000000000000000e+00,0.000000000000000000e+00,0.000000000000000000e+00,0.000000000000000000e+00,0.000000000000000000e+00,0.000000000000000000e+00,0.000000000000000000e+00,0.000000000000000000e+00,0.000000000000000000e+00,0.000000000000000000e+00,0.000000000000000000e+00,0.000000000000000000e+00,0.000000000000000000e+00,0.000000000000000000e+00,0.000000000000000000e+00,0.000000000000000000e+00,0.000000000000000000e+00,0.000000000000000000e+00,0.000000000000000000e+00,0.000000000000000000e+00,0.000000000000000000e+00,0.000000000000000000e+00,0.000000000000000000e+00,0.000000000000000000e+00,0.000000000000000000e+00,0.000000000000000000e+00,0.000000000000000000e+00,0.000000000000000000e+00,0.000000000000000000e+00,0.000000000000000000e+00,0.000000000000000000e+00,0.000000000000000000e+00,0.000000000000000000e+00,0.000000000000000000e+00,0.000000000000000000e+00,0.000000000000000000e+00,0.000000000000000000e+00,0.000000000000000000e+00,0.000000000000000000e+00,0.000000000000000000e+00,0.000000000000000000e+00,0.000000000000000000e+00,0.000000000000000000e+00,0.000000000000000000e+00,0.000000000000000000e+00,0.000000000000000000e+00,0.000000000000000000e+00,0.000000000000000000e+00,0.000000000000000000e+00,0.000000000000000000e+00,0.000000000000000000e+00,0.000000000000000000e+00,0.000000000000000000e+00,0.000000000000000000e+00,0.000000000000000000e+00,0.000000000000000000e+00,0.000000000000000000e+00,0.000000000000000000e+00,0.000000000000000000e+00,0.000000000000000000e+00,0.000000000000000000e+00,0.000000000000000000e+00,0.000000000000000000e+00,0.000000000000000000e+00,0.000000000000000000e+00,0.000000000000000000e+00,0.000000000000000000e+00,0.000000000000000000e+00,0.000000000000000000e+00,0.000000000000000000e+00,0.000000000000000000e+00,0.000000000000000000e+00,0.000000000000000000e+00,0.000000000000000000e+00,0.000000000000000000e+00,0.000000000000000000e+00,0.000000000000000000e+00,0.000000000000000000e+00,0.000000000000000000e+00,0.000000000000000000e+00,0.000000000000000000e+00,0.000000000000000000e+00,0.000000000000000000e+00,0.000000000000000000e+00,0.000000000000000000e+00,0.000000000000000000e+00,0.000000000000000000e+00,0.000000000000000000e+00,0.000000000000000000e+00,0.000000000000000000e+00,0.000000000000000000e+00,0.000000000000000000e+00,0.000000000000000000e+00,0.000000000000000000e+00,0.000000000000000000e+00,0.000000000000000000e+00,0.000000000000000000e+00,0.000000000000000000e+00,0.000000000000000000e+00,0.000000000000000000e+00,0.000000000000000000e+00,0.000000000000000000e+00,0.000000000000000000e+00,0.000000000000000000e+00,0.000000000000000000e+00,0.000000000000000000e+00,0.000000000000000000e+00,0.000000000000000000e+00,0.000000000000000000e+00,0.000000000000000000e+00,0.000000000000000000e+00,0.000000000000000000e+00,0.000000000000000000e+00,0.000000000000000000e+00,0.000000000000000000e+00,0.000000000000000000e+00,0.000000000000000000e+00,0.000000000000000000e+00,0.000000000000000000e+00,0.000000000000000000e+00,0.000000000000000000e+00,0.000000000000000000e+00,0.000000000000000000e+00,0.000000000000000000e+00,0.000000000000000000e+00,0.000000000000000000e+00,0.000000000000000000e+00,0.000000000000000000e+00,0.000000000000000000e+00,0.000000000000000000e+00,0.000000000000000000e+00,0.000000000000000000e+00,0.000000000000000000e+00,0.000000000000000000e+00,0.000000000000000000e+00,0.000000000000000000e+00,0.000000000000000000e+00,0.000000000000000000e+00,0.000000000000000000e+00,0.000000000000000000e+00,0.000000000000000000e+00,0.000000000000000000e+00,0.000000000000000000e+00,0.000000000000000000e+00,0.000000000000000000e+00,0.000000000000000000e+00,0.000000000000000000e+00,0.000000000000000000e+00,0.000000000000000000e+00,0.000000000000000000e+00,0.000000000000000000e+00,0.000000000000000000e+00,0.000000000000000000e+00,0.000000000000000000e+00,0.000000000000000000e+00,0.000000000000000000e+00,0.000000000000000000e+00,0.000000000000000000e+00,0.000000000000000000e+00,0.000000000000000000e+00,0.000000000000000000e+00,0.000000000000000000e+00,0.000000000000000000e+00,0.000000000000000000e+00,0.000000000000000000e+00,0.000000000000000000e+00,0.000000000000000000e+00,0.000000000000000000e+00,0.000000000000000000e+00,0.000000000000000000e+00,0.000000000000000000e+00,0.000000000000000000e+00,0.000000000000000000e+00,0.000000000000000000e+00,0.000000000000000000e+00,0.000000000000000000e+00,0.000000000000000000e+00,0.000000000000000000e+00,0.000000000000000000e+00,0.000000000000000000e+00,0.000000000000000000e+00,0.000000000000000000e+00,0.000000000000000000e+00,0.000000000000000000e+00,0.000000000000000000e+00,0.000000000000000000e+00,0.000000000000000000e+00,0.000000000000000000e+00,0.000000000000000000e+00,0.000000000000000000e+00,0.000000000000000000e+00,0.000000000000000000e+00,0.000000000000000000e+00,0.000000000000000000e+00,0.000000000000000000e+00,0.000000000000000000e+00,0.000000000000000000e+00,0.000000000000000000e+00,0.000000000000000000e+00,0.000000000000000000e+00,0.000000000000000000e+00,0.000000000000000000e+00,0.000000000000000000e+00,0.000000000000000000e+00,0.000000000000000000e+00,0.000000000000000000e+00,0.000000000000000000e+00,0.000000000000000000e+00,0.000000000000000000e+00,0.000000000000000000e+00,0.000000000000000000e+00,0.000000000000000000e+00,0.000000000000000000e+00,0.000000000000000000e+00,0.000000000000000000e+00,0.000000000000000000e+00,0.000000000000000000e+00,0.000000000000000000e+00,0.000000000000000000e+00,0.000000000000000000e+00,0.000000000000000000e+00,0.000000000000000000e+00,0.000000000000000000e+00,0.000000000000000000e+00,0.000000000000000000e+00,0.000000000000000000e+00,0.000000000000000000e+00,0.000000000000000000e+00,0.000000000000000000e+00,0.000000000000000000e+00,0.000000000000000000e+00,0.000000000000000000e+00,0.000000000000000000e+00,0.000000000000000000e+00,0.000000000000000000e+00,0.000000000000000000e+00,0.000000000000000000e+00,0.000000000000000000e+00,0.000000000000000000e+00,0.000000000000000000e+00,0.000000000000000000e+00,0.000000000000000000e+00,0.000000000000000000e+00,0.000000000000000000e+00,0.000000000000000000e+00,0.000000000000000000e+00,0.000000000000000000e+00,0.000000000000000000e+00,0.000000000000000000e+00,0.000000000000000000e+00,0.000000000000000000e+00,0.000000000000000000e+00,0.000000000000000000e+00,0.000000000000000000e+00,0.000000000000000000e+00,0.000000000000000000e+00,0.000000000000000000e+00,0.000000000000000000e+00,0.000000000000000000e+00,0.000000000000000000e+00,0.000000000000000000e+00,0.000000000000000000e+00,0.000000000000000000e+00,0.000000000000000000e+00,0.000000000000000000e+00,0.000000000000000000e+00,0.000000000000000000e+00,0.000000000000000000e+00,0.000000000000000000e+00,0.000000000000000000e+00,0.000000000000000000e+00,0.000000000000000000e+00,0.000000000000000000e+00,0.000000000000000000e+00,0.000000000000000000e+00,0.000000000000000000e+00,0.000000000000000000e+00,0.000000000000000000e+00,0.000000000000000000e+00,0.000000000000000000e+00,0.000000000000000000e+00,0.000000000000000000e+00,0.000000000000000000e+00,0.000000000000000000e+00,0.000000000000000000e+00,0.000000000000000000e+00,0.000000000000000000e+00,0.000000000000000000e+00,0.000000000000000000e+00,0.000000000000000000e+00,0.000000000000000000e+00,0.000000000000000000e+00,0.000000000000000000e+00,0.000000000000000000e+00,0.000000000000000000e+00,0.000000000000000000e+00,0.000000000000000000e+00,0.000000000000000000e+00,0.000000000000000000e+00,0.000000000000000000e+00,0.000000000000000000e+00,0.000000000000000000e+00,0.000000000000000000e+00,0.000000000000000000e+00,0.000000000000000000e+00,0.000000000000000000e+00,0.000000000000000000e+00,0.000000000000000000e+00,0.000000000000000000e+00,0.000000000000000000e+00,0.000000000000000000e+00,0.000000000000000000e+00,0.000000000000000000e+00,0.000000000000000000e+00,0.000000000000000000e+00,0.000000000000000000e+00,0.000000000000000000e+00,0.000000000000000000e+00,0.000000000000000000e+00,0.000000000000000000e+00,0.000000000000000000e+00,0.000000000000000000e+00,0.000000000000000000e+00,0.000000000000000000e+00,0.000000000000000000e+00,0.000000000000000000e+00,0.000000000000000000e+00,0.000000000000000000e+00,0.000000000000000000e+00,0.000000000000000000e+00,0.000000000000000000e+00,0.000000000000000000e+00,0.000000000000000000e+00,0.000000000000000000e+00,0.000000000000000000e+00,0.000000000000000000e+00,0.000000000000000000e+00,0.000000000000000000e+00,0.000000000000000000e+00,0.000000000000000000e+00,0.000000000000000000e+00,0.000000000000000000e+00,0.000000000000000000e+00,0.000000000000000000e+00,0.000000000000000000e+00,0.000000000000000000e+00,0.000000000000000000e+00,0.000000000000000000e+00,0.000000000000000000e+00,0.000000000000000000e+00,0.000000000000000000e+00,0.000000000000000000e+00,0.000000000000000000e+00,0.000000000000000000e+00,0.000000000000000000e+00,0.000000000000000000e+00,0.000000000000000000e+00,0.000000000000000000e+00,0.000000000000000000e+00,0.000000000000000000e+00,0.000000000000000000e+00,0.000000000000000000e+00,0.000000000000000000e+00,0.000000000000000000e+00,0.000000000000000000e+00
0.000000000000000000e+00,0.000000000000000000e+00,0.000000000000000000e+00,0.000000000000000000e+00,0.000000000000000000e+00,0.000000000000000000e+00,0.000000000000000000e+00,0.000000000000000000e+00,0.000000000000000000e+00,0.000000000000000000e+00,0.000000000000000000e+00,0.000000000000000000e+00,0.000000000000000000e+00,0.000000000000000000e+00,0.000000000000000000e+00,0.000000000000000000e+00,0.000000000000000000e+00,0.000000000000000000e+00,0.000000000000000000e+00,0.000000000000000000e+00,0.000000000000000000e+00,0.000000000000000000e+00,0.000000000000000000e+00,0.000000000000000000e+00,0.000000000000000000e+00,0.000000000000000000e+00,0.000000000000000000e+00,0.000000000000000000e+00,0.000000000000000000e+00,0.000000000000000000e+00,0.000000000000000000e+00,0.000000000000000000e+00,0.000000000000000000e+00,0.000000000000000000e+00,0.000000000000000000e+00,0.000000000000000000e+00,0.000000000000000000e+00,0.000000000000000000e+00,0.000000000000000000e+00,0.000000000000000000e+00,0.000000000000000000e+00,0.000000000000000000e+00,0.000000000000000000e+00,0.000000000000000000e+00,0.000000000000000000e+00,0.000000000000000000e+00,0.000000000000000000e+00,0.000000000000000000e+00,0.000000000000000000e+00,0.000000000000000000e+00,0.000000000000000000e+00,0.000000000000000000e+00,0.000000000000000000e+00,0.000000000000000000e+00,0.000000000000000000e+00,0.000000000000000000e+00,0.000000000000000000e+00,0.000000000000000000e+00,0.000000000000000000e+00,0.000000000000000000e+00,0.000000000000000000e+00,0.000000000000000000e+00,0.000000000000000000e+00,0.000000000000000000e+00,0.000000000000000000e+00,0.000000000000000000e+00,0.000000000000000000e+00,0.000000000000000000e+00,0.000000000000000000e+00,0.000000000000000000e+00,0.000000000000000000e+00,0.000000000000000000e+00,0.000000000000000000e+00,0.000000000000000000e+00,0.000000000000000000e+00,0.000000000000000000e+00,0.000000000000000000e+00,0.000000000000000000e+00,0.000000000000000000e+00,0.000000000000000000e+00,0.000000000000000000e+00,0.000000000000000000e+00,0.000000000000000000e+00,0.000000000000000000e+00,0.000000000000000000e+00,0.000000000000000000e+00,0.000000000000000000e+00,0.000000000000000000e+00,0.000000000000000000e+00,0.000000000000000000e+00,0.000000000000000000e+00,0.000000000000000000e+00,0.000000000000000000e+00,0.000000000000000000e+00,0.000000000000000000e+00,0.000000000000000000e+00,0.000000000000000000e+00,0.000000000000000000e+00,0.000000000000000000e+00,0.000000000000000000e+00,0.000000000000000000e+00,0.000000000000000000e+00,0.000000000000000000e+00,0.000000000000000000e+00,0.000000000000000000e+00,0.000000000000000000e+00,0.000000000000000000e+00,0.000000000000000000e+00,0.000000000000000000e+00,0.000000000000000000e+00,0.000000000000000000e+00,0.000000000000000000e+00,0.000000000000000000e+00,0.000000000000000000e+00,0.000000000000000000e+00,0.000000000000000000e+00,0.000000000000000000e+00,0.000000000000000000e+00,0.000000000000000000e+00,0.000000000000000000e+00,0.000000000000000000e+00,0.000000000000000000e+00,0.000000000000000000e+00,0.000000000000000000e+00,0.000000000000000000e+00,0.000000000000000000e+00,0.000000000000000000e+00,0.000000000000000000e+00,0.000000000000000000e+00,0.000000000000000000e+00,0.000000000000000000e+00,0.000000000000000000e+00,0.000000000000000000e+00,0.000000000000000000e+00,0.000000000000000000e+00,0.000000000000000000e+00,0.000000000000000000e+00,0.000000000000000000e+00,0.000000000000000000e+00,0.000000000000000000e+00,0.000000000000000000e+00,0.000000000000000000e+00,0.000000000000000000e+00,0.000000000000000000e+00,0.000000000000000000e+00,0.000000000000000000e+00,0.000000000000000000e+00,0.000000000000000000e+00,0.000000000000000000e+00,0.000000000000000000e+00,0.000000000000000000e+00,0.000000000000000000e+00,0.000000000000000000e+00,0.000000000000000000e+00,0.000000000000000000e+00,0.000000000000000000e+00,0.000000000000000000e+00,0.000000000000000000e+00,0.000000000000000000e+00,0.000000000000000000e+00,0.000000000000000000e+00,0.000000000000000000e+00,0.000000000000000000e+00,0.000000000000000000e+00,0.000000000000000000e+00,0.000000000000000000e+00,0.000000000000000000e+00,0.000000000000000000e+00,0.000000000000000000e+00,0.000000000000000000e+00,0.000000000000000000e+00,0.000000000000000000e+00,0.000000000000000000e+00,0.000000000000000000e+00,0.000000000000000000e+00,0.000000000000000000e+00,0.000000000000000000e+00,0.000000000000000000e+00,0.000000000000000000e+00,0.000000000000000000e+00,0.000000000000000000e+00,0.000000000000000000e+00,0.000000000000000000e+00,0.000000000000000000e+00,0.000000000000000000e+00,0.000000000000000000e+00,0.000000000000000000e+00,0.000000000000000000e+00,0.000000000000000000e+00,0.000000000000000000e+00,0.000000000000000000e+00,0.000000000000000000e+00,0.000000000000000000e+00,0.000000000000000000e+00,0.000000000000000000e+00,0.000000000000000000e+00,0.000000000000000000e+00,0.000000000000000000e+00,0.000000000000000000e+00,0.000000000000000000e+00,0.000000000000000000e+00,0.000000000000000000e+00,0.000000000000000000e+00,0.000000000000000000e+00,0.000000000000000000e+00,0.000000000000000000e+00,0.000000000000000000e+00,0.000000000000000000e+00,0.000000000000000000e+00,0.000000000000000000e+00,0.000000000000000000e+00,0.000000000000000000e+00,0.000000000000000000e+00,0.000000000000000000e+00,0.000000000000000000e+00,0.000000000000000000e+00,0.000000000000000000e+00,0.000000000000000000e+00,0.000000000000000000e+00,0.000000000000000000e+00,0.000000000000000000e+00,0.000000000000000000e+00,0.000000000000000000e+00,0.000000000000000000e+00,0.000000000000000000e+00,0.000000000000000000e+00,0.000000000000000000e+00,0.000000000000000000e+00,0.000000000000000000e+00,0.000000000000000000e+00,0.000000000000000000e+00,0.000000000000000000e+00,0.000000000000000000e+00,0.000000000000000000e+00,0.000000000000000000e+00,0.000000000000000000e+00,0.000000000000000000e+00,0.000000000000000000e+00,0.000000000000000000e+00,0.000000000000000000e+00,0.000000000000000000e+00,0.000000000000000000e+00,0.000000000000000000e+00,0.000000000000000000e+00,0.000000000000000000e+00,0.000000000000000000e+00,0.000000000000000000e+00,0.000000000000000000e+00,0.000000000000000000e+00,0.000000000000000000e+00,0.000000000000000000e+00,0.000000000000000000e+00,0.000000000000000000e+00,0.000000000000000000e+00,0.000000000000000000e+00,0.000000000000000000e+00,0.000000000000000000e+00,0.000000000000000000e+00,0.000000000000000000e+00,0.000000000000000000e+00,0.000000000000000000e+00,0.000000000000000000e+00,0.000000000000000000e+00,0.000000000000000000e+00,0.000000000000000000e+00,0.000000000000000000e+00,0.000000000000000000e+00,0.000000000000000000e+00,0.000000000000000000e+00,0.000000000000000000e+00,0.000000000000000000e+00,0.000000000000000000e+00,0.000000000000000000e+00,0.000000000000000000e+00,0.000000000000000000e+00,0.000000000000000000e+00,0.000000000000000000e+00,0.000000000000000000e+00,0.000000000000000000e+00,0.000000000000000000e+00,0.000000000000000000e+00,0.000000000000000000e+00,0.000000000000000000e+00,0.000000000000000000e+00,0.000000000000000000e+00,0.000000000000000000e+00,0.000000000000000000e+00,0.000000000000000000e+00,0.000000000000000000e+00,0.000000000000000000e+00,0.000000000000000000e+00,0.000000000000000000e+00,0.000000000000000000e+00,0.000000000000000000e+00,0.000000000000000000e+00,0.000000000000000000e+00,0.000000000000000000e+00,0.000000000000000000e+00,0.000000000000000000e+00,0.000000000000000000e+00,0.000000000000000000e+00,0.000000000000000000e+00,0.000000000000000000e+00,0.000000000000000000e+00,0.000000000000000000e+00,0.000000000000000000e+00,0.000000000000000000e+00,0.000000000000000000e+00,0.000000000000000000e+00,0.000000000000000000e+00,0.000000000000000000e+00,0.000000000000000000e+00,0.000000000000000000e+00,0.000000000000000000e+00,0.000000000000000000e+00,0.000000000000000000e+00,0.000000000000000000e+00,0.000000000000000000e+00,0.000000000000000000e+00,0.000000000000000000e+00,0.000000000000000000e+00,0.000000000000000000e+00,0.000000000000000000e+00,0.000000000000000000e+00,0.000000000000000000e+00,0.000000000000000000e+00,0.000000000000000000e+00,0.000000000000000000e+00,0.000000000000000000e+00,0.000000000000000000e+00,0.000000000000000000e+00,0.000000000000000000e+00,0.000000000000000000e+00,0.000000000000000000e+00,0.000000000000000000e+00,0.000000000000000000e+00,0.000000000000000000e+00,0.000000000000000000e+00,0.000000000000000000e+00,0.000000000000000000e+00,0.000000000000000000e+00,0.000000000000000000e+00,0.000000000000000000e+00,0.000000000000000000e+00,0.000000000000000000e+00,0.000000000000000000e+00,0.000000000000000000e+00,0.000000000000000000e+00,0.000000000000000000e+00,0.000000000000000000e+00,0.000000000000000000e+00,0.000000000000000000e+00,0.000000000000000000e+00,0.000000000000000000e+00,0.000000000000000000e+00,0.000000000000000000e+00,0.000000000000000000e+00,0.000000000000000000e+00,0.000000000000000000e+00,0.000000000000000000e+00,0.000000000000000000e+00,0.000000000000000000e+00,0.000000000000000000e+00,0.000000000000000000e+00,0.000000000000000000e+00,0.000000000000000000e+00,0.000000000000000000e+00,0.000000000000000000e+00,0.000000000000000000e+00,0.000000000000000000e+00,0.000000000000000000e+00,0.000000000000000000e+00,0.000000000000000000e+00,0.000000000000000000e+00,0.000000000000000000e+00
0.000000000000000000e+00,0.000000000000000000e+00,0.000000000000000000e+00,0.000000000000000000e+00,0.000000000000000000e+00,0.000000000000000000e+00,0.000000000000000000e+00,0.000000000000000000e+00,0.000000000000000000e+00,0.000000000000000000e+00,0.000000000000000000e+00,0.000000000000000000e+00,0.000000000000000000e+00,0.000000000000000000e+00,0.000000000000000000e+00,0.000000000000000000e+00,0.000000000000000000e+00,0.000000000000000000e+00,0.000000000000000000e+00,0.000000000000000000e+00,0.000000000000000000e+00,0.000000000000000000e+00,0.000000000000000000e+00,0.000000000000000000e+00,0.000000000000000000e+00,0.000000000000000000e+00,0.000000000000000000e+00,0.000000000000000000e+00,0.000000000000000000e+00,0.000000000000000000e+00,0.000000000000000000e+00,0.000000000000000000e+00,0.000000000000000000e+00,0.000000000000000000e+00,0.000000000000000000e+00,0.000000000000000000e+00,0.000000000000000000e+00,0.000000000000000000e+00,0.000000000000000000e+00,0.000000000000000000e+00,0.000000000000000000e+00,0.000000000000000000e+00,0.000000000000000000e+00,0.000000000000000000e+00,0.000000000000000000e+00,0.000000000000000000e+00,0.000000000000000000e+00,0.000000000000000000e+00,0.000000000000000000e+00,0.000000000000000000e+00,0.000000000000000000e+00,0.000000000000000000e+00,0.000000000000000000e+00,0.000000000000000000e+00,0.000000000000000000e+00,0.000000000000000000e+00,0.000000000000000000e+00,0.000000000000000000e+00,0.000000000000000000e+00,0.000000000000000000e+00,0.000000000000000000e+00,0.000000000000000000e+00,0.000000000000000000e+00,0.000000000000000000e+00,0.000000000000000000e+00,0.000000000000000000e+00,0.000000000000000000e+00,0.000000000000000000e+00,0.000000000000000000e+00,0.000000000000000000e+00,0.000000000000000000e+00,0.000000000000000000e+00,0.000000000000000000e+00,0.000000000000000000e+00,0.000000000000000000e+00,0.000000000000000000e+00,0.000000000000000000e+00,0.000000000000000000e+00,0.000000000000000000e+00,0.000000000000000000e+00,0.000000000000000000e+00,0.000000000000000000e+00,0.000000000000000000e+00,0.000000000000000000e+00,0.000000000000000000e+00,0.000000000000000000e+00,0.000000000000000000e+00,0.000000000000000000e+00,0.000000000000000000e+00,0.000000000000000000e+00,0.000000000000000000e+00,0.000000000000000000e+00,0.000000000000000000e+00,0.000000000000000000e+00,0.000000000000000000e+00,0.000000000000000000e+00,0.000000000000000000e+00,0.000000000000000000e+00,0.000000000000000000e+00,0.000000000000000000e+00,0.000000000000000000e+00,0.000000000000000000e+00,0.000000000000000000e+00,0.000000000000000000e+00,0.000000000000000000e+00,0.000000000000000000e+00,0.000000000000000000e+00,0.000000000000000000e+00,0.000000000000000000e+00,0.000000000000000000e+00,0.000000000000000000e+00,0.000000000000000000e+00,0.000000000000000000e+00,0.000000000000000000e+00,0.000000000000000000e+00,0.000000000000000000e+00,0.000000000000000000e+00,0.000000000000000000e+00,0.000000000000000000e+00,0.000000000000000000e+00,0.000000000000000000e+00,0.000000000000000000e+00,0.000000000000000000e+00,0.000000000000000000e+00,0.000000000000000000e+00,0.000000000000000000e+00,0.000000000000000000e+00,0.000000000000000000e+00,0.000000000000000000e+00,0.000000000000000000e+00,0.000000000000000000e+00,0.000000000000000000e+00,0.000000000000000000e+00,0.000000000000000000e+00,0.000000000000000000e+00,0.000000000000000000e+00,0.000000000000000000e+00,0.000000000000000000e+00,0.000000000000000000e+00,0.000000000000000000e+00,0.000000000000000000e+00,0.000000000000000000e+00,0.000000000000000000e+00,0.000000000000000000e+00,0.000000000000000000e+00,0.000000000000000000e+00,0.000000000000000000e+00,0.000000000000000000e+00,0.000000000000000000e+00,0.000000000000000000e+00,0.000000000000000000e+00,0.000000000000000000e+00,0.000000000000000000e+00,0.000000000000000000e+00,0.000000000000000000e+00,0.000000000000000000e+00,0.000000000000000000e+00,0.000000000000000000e+00,0.000000000000000000e+00,0.000000000000000000e+00,0.000000000000000000e+00,0.000000000000000000e+00,0.000000000000000000e+00,0.000000000000000000e+00,0.000000000000000000e+00,0.000000000000000000e+00,0.000000000000000000e+00,0.000000000000000000e+00,0.000000000000000000e+00,0.000000000000000000e+00,0.000000000000000000e+00,0.000000000000000000e+00,0.000000000000000000e+00,0.000000000000000000e+00,0.000000000000000000e+00,0.000000000000000000e+00,0.000000000000000000e+00,0.000000000000000000e+00,0.000000000000000000e+00,0.000000000000000000e+00,0.000000000000000000e+00,0.000000000000000000e+00,0.000000000000000000e+00,0.000000000000000000e+00,0.000000000000000000e+00,0.000000000000000000e+00,0.000000000000000000e+00,0.000000000000000000e+00,0.000000000000000000e+00,0.000000000000000000e+00,0.000000000000000000e+00,0.000000000000000000e+00,0.000000000000000000e+00,0.000000000000000000e+00,0.000000000000000000e+00,0.000000000000000000e+00,0.000000000000000000e+00,0.000000000000000000e+00,0.000000000000000000e+00,0.000000000000000000e+00,0.000000000000000000e+00,0.000000000000000000e+00,0.000000000000000000e+00,0.000000000000000000e+00,0.000000000000000000e+00,0.000000000000000000e+00,0.000000000000000000e+00,0.000000000000000000e+00,0.000000000000000000e+00,0.000000000000000000e+00,0.000000000000000000e+00,0.000000000000000000e+00,0.000000000000000000e+00,0.000000000000000000e+00,0.000000000000000000e+00,0.000000000000000000e+00,0.000000000000000000e+00,0.000000000000000000e+00,0.000000000000000000e+00,0.000000000000000000e+00,0.000000000000000000e+00,0.000000000000000000e+00,0.000000000000000000e+00,0.000000000000000000e+00,0.000000000000000000e+00,0.000000000000000000e+00,0.000000000000000000e+00,0.000000000000000000e+00,0.000000000000000000e+00,0.000000000000000000e+00,0.000000000000000000e+00,0.000000000000000000e+00,0.000000000000000000e+00,0.000000000000000000e+00,0.000000000000000000e+00,0.000000000000000000e+00,0.000000000000000000e+00,0.000000000000000000e+00,0.000000000000000000e+00,0.000000000000000000e+00,0.000000000000000000e+00,0.000000000000000000e+00,0.000000000000000000e+00,0.000000000000000000e+00,0.000000000000000000e+00,0.000000000000000000e+00,0.000000000000000000e+00,0.000000000000000000e+00,0.000000000000000000e+00,0.000000000000000000e+00,0.000000000000000000e+00,0.000000000000000000e+00,0.000000000000000000e+00,0.000000000000000000e+00,0.000000000000000000e+00,0.000000000000000000e+00,0.000000000000000000e+00,0.000000000000000000e+00,0.000000000000000000e+00,0.000000000000000000e+00,0.000000000000000000e+00,0.000000000000000000e+00,0.000000000000000000e+00,0.000000000000000000e+00,0.000000000000000000e+00,0.000000000000000000e+00,0.000000000000000000e+00,0.000000000000000000e+00,0.000000000000000000e+00,0.000000000000000000e+00,0.000000000000000000e+00,0.000000000000000000e+00,0.000000000000000000e+00,0.000000000000000000e+00,0.000000000000000000e+00,0.000000000000000000e+00,0.000000000000000000e+00,0.000000000000000000e+00,0.000000000000000000e+00,0.000000000000000000e+00,0.000000000000000000e+00,0.000000000000000000e+00,0.000000000000000000e+00,0.000000000000000000e+00,0.000000000000000000e+00,0.000000000000000000e+00,0.000000000000000000e+00,0.000000000000000000e+00,0.000000000000000000e+00,0.000000000000000000e+00,0.000000000000000000e+00,0.000000000000000000e+00,0.000000000000000000e+00,0.000000000000000000e+00,0.000000000000000000e+00,0.000000000000000000e+00,0.000000000000000000e+00,0.000000000000000000e+00,0.000000000000000000e+00,0.000000000000000000e+00,0.000000000000000000e+00,0.000000000000000000e+00,0.000000000000000000e+00,0.000000000000000000e+00,0.000000000000000000e+00,0.000000000000000000e+00,0.000000000000000000e+00,0.000000000000000000e+00,0.000000000000000000e+00,0.000000000000000000e+00,0.000000000000000000e+00,0.000000000000000000e+00,0.000000000000000000e+00,0.000000000000000000e+00,0.000000000000000000e+00,0.000000000000000000e+00,0.000000000000000000e+00,0.000000000000000000e+00,0.000000000000000000e+00,0.000000000000000000e+00,0.000000000000000000e+00,0.000000000000000000e+00,0.000000000000000000e+00,0.000000000000000000e+00,0.000000000000000000e+00,0.000000000000000000e+00,0.000000000000000000e+00,0.000000000000000000e+00,0.000000000000000000e+00,0.000000000000000000e+00,0.000000000000000000e+00,0.000000000000000000e+00,0.000000000000000000e+00,0.000000000000000000e+00,0.000000000000000000e+00,0.000000000000000000e+00,0.000000000000000000e+00,0.000000000000000000e+00,0.000000000000000000e+00,0.000000000000000000e+00,0.000000000000000000e+00,0.000000000000000000e+00,0.000000000000000000e+00,0.000000000000000000e+00,0.000000000000000000e+00,0.000000000000000000e+00,0.000000000000000000e+00,0.000000000000000000e+00,0.000000000000000000e+00,0.000000000000000000e+00,0.000000000000000000e+00,0.000000000000000000e+00,0.000000000000000000e+00,0.000000000000000000e+00,0.000000000000000000e+00,0.000000000000000000e+00,0.000000000000000000e+00,0.000000000000000000e+00,0.000000000000000000e+00,0.000000000000000000e+00,0.000000000000000000e+00,0.000000000000000000e+00,0.000000000000000000e+00,0.000000000000000000e+00,0.000000000000000000e+00,0.000000000000000000e+00,0.000000000000000000e+00,0.000000000000000000e+00,0.000000000000000000e+00,0.000000000000000000e+00,0.000000000000000000e+00,0.000000000000000000e+00,0.000000000000000000e+00,0.000000000000000000e+00,0.000000000000000000e+00
0.000000000000000000e+00,0.000000000000000000e+00,0.000000000000000000e+00,0.000000000000000000e+00,0.000000000000000000e+00,0.000000000000000000e+00,0.000000000000000000e+00,0.000000000000000000e+00,0.000000000000000000e+00,0.000000000000000000e+00,0.000000000000000000e+00,0.000000000000000000e+00,0.000000000000000000e+00,0.000000000000000000e+00,0.000000000000000000e+00,0.000000000000000000e+00,0.000000000000000000e+00,0.000000000000000000e+00,0.000000000000000000e+00,0.000000000000000000e+00,0.000000000000000000e+00,0.000000000000000000e+00,0.000000000000000000e+00,0.000000000000000000e+00,0.000000000000000000e+00,0.000000000000000000e+00,0.000000000000000000e+00,0.000000000000000000e+00,0.000000000000000000e+00,0.000000000000000000e+00,0.000000000000000000e+00,0.000000000000000000e+00,0.000000000000000000e+00,0.000000000000000000e+00,0.000000000000000000e+00,0.000000000000000000e+00,0.000000000000000000e+00,0.000000000000000000e+00,0.000000000000000000e+00,0.000000000000000000e+00,0.000000000000000000e+00,0.000000000000000000e+00,0.000000000000000000e+00,0.000000000000000000e+00,0.000000000000000000e+00,0.000000000000000000e+00,0.000000000000000000e+00,0.000000000000000000e+00,0.000000000000000000e+00,0.000000000000000000e+00,0.000000000000000000e+00,0.000000000000000000e+00,0.000000000000000000e+00,0.000000000000000000e+00,0.000000000000000000e+00,0.000000000000000000e+00,0.000000000000000000e+00,0.000000000000000000e+00,0.000000000000000000e+00,0.000000000000000000e+00,0.000000000000000000e+00,0.000000000000000000e+00,0.000000000000000000e+00,0.000000000000000000e+00,0.000000000000000000e+00,0.000000000000000000e+00,0.000000000000000000e+00,0.000000000000000000e+00,0.000000000000000000e+00,0.000000000000000000e+00,0.000000000000000000e+00,0.000000000000000000e+00,0.000000000000000000e+00,0.000000000000000000e+00,0.000000000000000000e+00,0.000000000000000000e+00,0.000000000000000000e+00,0.000000000000000000e+00,0.000000000000000000e+00,0.000000000000000000e+00,0.000000000000000000e+00,0.000000000000000000e+00,0.000000000000000000e+00,0.000000000000000000e+00,0.000000000000000000e+00,0.000000000000000000e+00,0.000000000000000000e+00,0.000000000000000000e+00,0.000000000000000000e+00,0.000000000000000000e+00,0.000000000000000000e+00,0.000000000000000000e+00,0.000000000000000000e+00,0.000000000000000000e+00,0.000000000000000000e+00,0.000000000000000000e+00,0.000000000000000000e+00,0.000000000000000000e+00,0.000000000000000000e+00,0.000000000000000000e+00,0.000000000000000000e+00,0.000000000000000000e+00,0.000000000000000000e+00,0.000000000000000000e+00,0.000000000000000000e+00,0.000000000000000000e+00,0.000000000000000000e+00,0.000000000000000000e+00,0.000000000000000000e+00,0.000000000000000000e+00,0.000000000000000000e+00,0.000000000000000000e+00,0.000000000000000000e+00,0.000000000000000000e+00,0.000000000000000000e+00,0.000000000000000000e+00,0.000000000000000000e+00,0.000000000000000000e+00,0.000000000000000000e+00,0.000000000000000000e+00,0.000000000000000000e+00,0.000000000000000000e+00,0.000000000000000000e+00,0.000000000000000000e+00,0.000000000000000000e+00,0.000000000000000000e+00,0.000000000000000000e+00,0.000000000000000000e+00,0.000000000000000000e+00,0.000000000000000000e+00,0.000000000000000000e+00,0.000000000000000000e+00,0.000000000000000000e+00,0.000000000000000000e+00,0.000000000000000000e+00,0.000000000000000000e+00,0.000000000000000000e+00,0.000000000000000000e+00,0.000000000000000000e+00,0.000000000000000000e+00,0.000000000000000000e+00,0.000000000000000000e+00,0.000000000000000000e+00,0.000000000000000000e+00,0.000000000000000000e+00,0.000000000000000000e+00,0.000000000000000000e+00,0.000000000000000000e+00,0.000000000000000000e+00,0.000000000000000000e+00,0.000000000000000000e+00,0.000000000000000000e+00,0.000000000000000000e+00,0.000000000000000000e+00,0.000000000000000000e+00,0.000000000000000000e+00,0.000000000000000000e+00,0.000000000000000000e+00,0.000000000000000000e+00,0.000000000000000000e+00,0.000000000000000000e+00,0.000000000000000000e+00,0.000000000000000000e+00,0.000000000000000000e+00,0.000000000000000000e+00,0.000000000000000000e+00,0.000000000000000000e+00,0.000000000000000000e+00,0.000000000000000000e+00,0.000000000000000000e+00,0.000000000000000000e+00,0.000000000000000000e+00,0.000000000000000000e+00,0.000000000000000000e+00,0.000000000000000000e+00,0.000000000000000000e+00,0.000000000000000000e+00,0.000000000000000000e+00,0.000000000000000000e+00,0.000000000000000000e+00,0.000000000000000000e+00,0.000000000000000000e+00,0.000000000000000000e+00,0.000000000000000000e+00,0.000000000000000000e+00,0.000000000000000000e+00,0.000000000000000000e+00,0.000000000000000000e+00,0.000000000000000000e+00,0.000000000000000000e+00,0.000000000000000000e+00,0.000000000000000000e+00,0.000000000000000000e+00,0.000000000000000000e+00,0.000000000000000000e+00,0.000000000000000000e+00,0.000000000000000000e+00,0.000000000000000000e+00,0.000000000000000000e+00,0.000000000000000000e+00,0.000000000000000000e+00,0.000000000000000000e+00,0.000000000000000000e+00,0.000000000000000000e+00,0.000000000000000000e+00,0.000000000000000000e+00,0.000000000000000000e+00,0.000000000000000000e+00,0.000000000000000000e+00,0.000000000000000000e+00,0.000000000000000000e+00,0.000000000000000000e+00,0.000000000000000000e+00,0.000000000000000000e+00,0.000000000000000000e+00,0.000000000000000000e+00,0.000000000000000000e+00,0.000000000000000000e+00,0.000000000000000000e+00,0.000000000000000000e+00,0.000000000000000000e+00,0.000000000000000000e+00,0.000000000000000000e+00,0.000000000000000000e+00,0.000000000000000000e+00,0.000000000000000000e+00,0.000000000000000000e+00,0.000000000000000000e+00,0.000000000000000000e+00,0.000000000000000000e+00,0.000000000000000000e+00,0.000000000000000000e+00,0.000000000000000000e+00,0.000000000000000000e+00,0.000000000000000000e+00,0.000000000000000000e+00,0.000000000000000000e+00,0.000000000000000000e+00,0.000000000000000000e+00,0.000000000000000000e+00,0.000000000000000000e+00,0.000000000000000000e+00,0.000000000000000000e+00,0.000000000000000000e+00,0.000000000000000000e+00,0.000000000000000000e+00,0.000000000000000000e+00,0.000000000000000000e+00,0.000000000000000000e+00,0.000000000000000000e+00,0.000000000000000000e+00,0.000000000000000000e+00,0.000000000000000000e+00,0.000000000000000000e+00,0.000000000000000000e+00,0.000000000000000000e+00,0.000000000000000000e+00,0.000000000000000000e+00,0.000000000000000000e+00,0.000000000000000000e+00,0.000000000000000000e+00,0.000000000000000000e+00,0.000000000000000000e+00,0.000000000000000000e+00,0.000000000000000000e+00,0.000000000000000000e+00,0.000000000000000000e+00,0.000000000000000000e+00,0.000000000000000000e+00,0.000000000000000000e+00,0.000000000000000000e+00,0.000000000000000000e+00,0.000000000000000000e+00,0.000000000000000000e+00,0.000000000000000000e+00,0.000000000000000000e+00,0.000000000000000000e+00,0.000000000000000000e+00,0.000000000000000000e+00,0.000000000000000000e+00,0.000000000000000000e+00,0.000000000000000000e+00,0.000000000000000000e+00,0.000000000000000000e+00,0.000000000000000000e+00,0.000000000000000000e+00,0.000000000000000000e+00,0.000000000000000000e+00,0.000000000000000000e+00,0.000000000000000000e+00,0.000000000000000000e+00,0.000000000000000000e+00,0.000000000000000000e+00,0.000000000000000000e+00,0.000000000000000000e+00,0.000000000000000000e+00,0.000000000000000000e+00,0.000000000000000000e+00,0.000000000000000000e+00,0.000000000000000000e+00,0.000000000000000000e+00,0.000000000000000000e+00,0.000000000000000000e+00,0.000000000000000000e+00,0.000000000000000000e+00,0.000000000000000000e+00,0.000000000000000000e+00,0.000000000000000000e+00,0.000000000000000000e+00,0.000000000000000000e+00,0.000000000000000000e+00,0.000000000000000000e+00,0.000000000000000000e+00,0.000000000000000000e+00,0.000000000000000000e+00,0.000000000000000000e+00,0.000000000000000000e+00,0.000000000000000000e+00,0.000000000000000000e+00,0.000000000000000000e+00,0.000000000000000000e+00,0.000000000000000000e+00,0.000000000000000000e+00,0.000000000000000000e+00,0.000000000000000000e+00,0.000000000000000000e+00,0.000000000000000000e+00,0.000000000000000000e+00,0.000000000000000000e+00,0.000000000000000000e+00,0.000000000000000000e+00,0.000000000000000000e+00,0.000000000000000000e+00,0.000000000000000000e+00,0.000000000000000000e+00,0.000000000000000000e+00,0.000000000000000000e+00,0.000000000000000000e+00,0.000000000000000000e+00,0.000000000000000000e+00,0.000000000000000000e+00,0.000000000000000000e+00,0.000000000000000000e+00,0.000000000000000000e+00,0.000000000000000000e+00,0.000000000000000000e+00,0.000000000000000000e+00,0.000000000000000000e+00,0.000000000000000000e+00,0.000000000000000000e+00,0.000000000000000000e+00,0.000000000000000000e+00,0.000000000000000000e+00,0.000000000000000000e+00,0.000000000000000000e+00,0.000000000000000000e+00,0.000000000000000000e+00,0.000000000000000000e+00,0.000000000000000000e+00,0.000000000000000000e+00,0.000000000000000000e+00,0.000000000000000000e+00,0.000000000000000000e+00,0.000000000000000000e+00,0.000000000000000000e+00,0.000000000000000000e+00,0.000000000000000000e+00,0.000000000000000000e+00,0.000000000000000000e+00,0.000000000000000000e+00,0.000000000000000000e+00,0.000000000000000000e+00,0.000000000000000000e+00,0.000000000000000000e+00,0.000000000000000000e+00
0.000000000000000000e+00,0.000000000000000000e+00,0.000000000000000000e+00,0.000000000000000000e+00,0.000000000000000000e+00,0.000000000000000000e+00,0.000000000000000000e+00,0.000000000000000000e+00,0.000000000000000000e+00,0.000000000000000000e+00,0.000000000000000000e+00,0.000000000000000000e+00,0.000000000000000000e+00,0.000000000000000000e+00,0.000000000000000000e+00,0.000000000000000000e+00,0.000000000000000000e+00,0.000000000000000000e+00,0.000000000000000000e+00,0.000000000000000000e+00,0.000000000000000000e+00,0.000000000000000000e+00,0.000000000000000000e+00,0.000000000000000000e+00,0.000000000000000000e+00,0.000000000000000000e+00,0.000000000000000000e+00,0.000000000000000000e+00,0.000000000000000000e+00,0.000000000000000000e+00,0.000000000000000000e+00,0.000000000000000000e+00,0.000000000000000000e+00,0.000000000000000000e+00,0.000000000000000000e+00,0.000000000000000000e+00,0.000000000000000000e+00,0.000000000000000000e+00,0.000000000000000000e+00,0.000000000000000000e+00,0.000000000000000000e+00,0.000000000000000000e+00,0.000000000000000000e+00,0.000000000000000000e+00,0.000000000000000000e+00,0.000000000000000000e+00,0.000000000000000000e+00,0.000000000000000000e+00,0.000000000000000000e+00,0.000000000000000000e+00,0.000000000000000000e+00,0.000000000000000000e+00,0.000000000000000000e+00,0.000000000000000000e+00,0.000000000000000000e+00,0.000000000000000000e+00,0.000000000000000000e+00,0.000000000000000000e+00,0.000000000000000000e+00,0.000000000000000000e+00,0.000000000000000000e+00,0.000000000000000000e+00,0.000000000000000000e+00,0.000000000000000000e+00,0.000000000000000000e+00,0.000000000000000000e+00,0.000000000000000000e+00,0.000000000000000000e+00,0.000000000000000000e+00,0.000000000000000000e+00,0.000000000000000000e+00,0.000000000000000000e+00,0.000000000000000000e+00,0.000000000000000000e+00,0.000000000000000000e+00,0.000000000000000000e+00,0.000000000000000000e+00,0.000000000000000000e+00,0.000000000000000000e+00,0.000000000000000000e+00,0.000000000000000000e+00,0.000000000000000000e+00,0.000000000000000000e+00,0.000000000000000000e+00,0.000000000000000000e+00,0.000000000000000000e+00,0.000000000000000000e+00,0.000000000000000000e+00,0.000000000000000000e+00,0.000000000000000000e+00,0.000000000000000000e+00,0.000000000000000000e+00,0.000000000000000000e+00,0.000000000000000000e+00,0.000000000000000000e+00,0.000000000000000000e+00,0.000000000000000000e+00,0.000000000000000000e+00,0.000000000000000000e+00,0.000000000000000000e+00,0.000000000000000000e+00,0.000000000000000000e+00,0.000000000000000000e+00,0.000000000000000000e+00,0.000000000000000000e+00,0.000000000000000000e+00,0.000000000000000000e+00,0.000000000000000000e+00,0.000000000000000000e+00,0.000000000000000000e+00,0.000000000000000000e+00,0.000000000000000000e+00,0.000000000000000000e+00,0.000000000000000000e+00,0.000000000000000000e+00,0.000000000000000000e+00,0.000000000000000000e+00,0.000000000000000000e+00,0.000000000000000000e+00,0.000000000000000000e+00,0.000000000000000000e+00,0.000000000000000000e+00,0.000000000000000000e+00,0.000000000000000000e+00,0.000000000000000000e+00,0.000000000000000000e+00,0.000000000000000000e+00,0.000000000000000000e+00,0.000000000000000000e+00,0.000000000000000000e+00,0.000000000000000000e+00,0.000000000000000000e+00,0.000000000000000000e+00,0.000000000000000000e+00,0.000000000000000000e+00,0.000000000000000000e+00,0.000000000000000000e+00,0.000000000000000000e+00,0.000000000000000000e+00,0.000000000000000000e+00,0.000000000000000000e+00,0.000000000000000000e+00,0.000000000000000000e+00,0.000000000000000000e+00,0.000000000000000000e+00,0.000000000000000000e+00,0.000000000000000000e+00,0.000000000000000000e+00,0.000000000000000000e+00,0.000000000000000000e+00,0.000000000000000000e+00,0.000000000000000000e+00,0.000000000000000000e+00,0.000000000000000000e+00,0.000000000000000000e+00,0.000000000000000000e+00,0.000000000000000000e+00,0.000000000000000000e+00,0.000000000000000000e+00,0.000000000000000000e+00,0.000000000000000000e+00,0.000000000000000000e+00,0.000000000000000000e+00,0.000000000000000000e+00,0.000000000000000000e+00,0.000000000000000000e+00,0.000000000000000000e+00,0.000000000000000000e+00,0.000000000000000000e+00,0.000000000000000000e+00,0.000000000000000000e+00,0.000000000000000000e+00,0.000000000000000000e+00,0.000000000000000000e+00,0.000000000000000000e+00,0.000000000000000000e+00,0.000000000000000000e+00,0.000000000000000000e+00,0.000000000000000000e+00,0.000000000000000000e+00,0.000000000000000000e+00,0.000000000000000000e+00,0.000000000000000000e+00,0.000000000000000000e+00,0.000000000000000000e+00,0.000000000000000000e+00,0.000000000000000000e+00,0.000000000000000000e+00,0.000000000000000000e+00,0.000000000000000000e+00,0.000000000000000000e+00,0.000000000000000000e+00,0.000000000000000000e+00,0.000000000000000000e+00,0.000000000000000000e+00,0.000000000000000000e+00,0.000000000000000000e+00,0.000000000000000000e+00,0.000000000000000000e+00,0.000000000000000000e+00,0.000000000000000000e+00,0.000000000000000000e+00,0.000000000000000000e+00,0.000000000000000000e+00,0.000000000000000000e+00,0.000000000000000000e+00,0.000000000000000000e+00,0.000000000000000000e+00,0.000000000000000000e+00,0.000000000000000000e+00,0.000000000000000000e+00,0.000000000000000000e+00,0.000000000000000000e+00,0.000000000000000000e+00,0.000000000000000000e+00,0.000000000000000000e+00,0.000000000000000000e+00,0.000000000000000000e+00,0.000000000000000000e+00,0.000000000000000000e+00,0.000000000000000000e+00,0.000000000000000000e+00,0.000000000000000000e+00,0.000000000000000000e+00,0.000000000000000000e+00,0.000000000000000000e+00,0.000000000000000000e+00,0.000000000000000000e+00,0.000000000000000000e+00,0.000000000000000000e+00,0.000000000000000000e+00,0.000000000000000000e+00,0.000000000000000000e+00,0.000000000000000000e+00,0.000000000000000000e+00,0.000000000000000000e+00,0.000000000000000000e+00,0.000000000000000000e+00,0.000000000000000000e+00,0.000000000000000000e+00,0.000000000000000000e+00,0.000000000000000000e+00,0.000000000000000000e+00,0.000000000000000000e+00,0.000000000000000000e+00,0.000000000000000000e+00,0.000000000000000000e+00,0.000000000000000000e+00,0.000000000000000000e+00,0.000000000000000000e+00,0.000000000000000000e+00,0.000000000000000000e+00,0.000000000000000000e+00,0.000000000000000000e+00,0.000000000000000000e+00,0.000000000000000000e+00,0.000000000000000000e+00,0.000000000000000000e+00,0.000000000000000000e+00,0.000000000000000000e+00,0.000000000000000000e+00,0.000000000000000000e+00,0.000000000000000000e+00,0.000000000000000000e+00,0.000000000000000000e+00,0.000000000000000000e+00,0.000000000000000000e+00,0.000000000000000000e+00,0.000000000000000000e+00,0.000000000000000000e+00,0.000000000000000000e+00,0.000000000000000000e+00,0.000000000000000000e+00,0.000000000000000000e+00,0.000000000000000000e+00,0.000000000000000000e+00,0.000000000000000000e+00,0.000000000000000000e+00,0.000000000000000000e+00,0.000000000000000000e+00,0.000000000000000000e+00,0.000000000000000000e+00,0.000000000000000000e+00,0.000000000000000000e+00,0.000000000000000000e+00,0.000000000000000000e+00,0.000000000000000000e+00,0.000000000000000000e+00,0.000000000000000000e+00,0.000000000000000000e+00,0.000000000000000000e+00,0.000000000000000000e+00,0.000000000000000000e+00,0.000000000000000000e+00,0.000000000000000000e+00,0.000000000000000000e+00,0.000000000000000000e+00,0.000000000000000000e+00,0.000000000000000000e+00,0.000000000000000000e+00,0.000000000000000000e+00,0.000000000000000000e+00,0.000000000000000000e+00,0.000000000000000000e+00,0.000000000000000000e+00,0.000000000000000000e+00,0.000000000000000000e+00,0.000000000000000000e+00,0.000000000000000000e+00,0.000000000000000000e+00,0.000000000000000000e+00,0.000000000000000000e+00,0.000000000000000000e+00,0.000000000000000000e+00,0.000000000000000000e+00,0.000000000000000000e+00,0.000000000000000000e+00,0.000000000000000000e+00,0.000000000000000000e+00,0.000000000000000000e+00,0.000000000000000000e+00,0.000000000000000000e+00,0.000000000000000000e+00,0.000000000000000000e+00,0.000000000000000000e+00,0.000000000000000000e+00,0.000000000000000000e+00,0.000000000000000000e+00,0.000000000000000000e+00,0.000000000000000000e+00,0.000000000000000000e+00,0.000000000000000000e+00,0.000000000000000000e+00,0.000000000000000000e+00,0.000000000000000000e+00,0.000000000000000000e+00,0.000000000000000000e+00,0.000000000000000000e+00,0.000000000000000000e+00,0.000000000000000000e+00,0.000000000000000000e+00,0.000000000000000000e+00,0.000000000000000000e+00,0.000000000000000000e+00,0.000000000000000000e+00,0.000000000000000000e+00,0.000000000000000000e+00,0.000000000000000000e+00,0.000000000000000000e+00,0.000000000000000000e+00,0.000000000000000000e+00,0.000000000000000000e+00,0.000000000000000000e+00,0.000000000000000000e+00,0.000000000000000000e+00,0.000000000000000000e+00,0.000000000000000000e+00,0.000000000000000000e+00,0.000000000000000000e+00,0.000000000000000000e+00,0.000000000000000000e+00,0.000000000000000000e+00,0.000000000000000000e+00,0.000000000000000000e+00,0.000000000000000000e+00,0.000000000000000000e+00,0.000000000000000000e+00,0.000000000000000000e+00,0.000000000000000000e+00,0.000000000000000000e+00,0.000000000000000000e+00,0.000000000000000000e+00,0.000000000000000000e+00,0.000000000000000000e+00,0.000000000000000000e+00
0.000000000000000000e+00,0.000000000000000000e+00,0.000000000000000000e+00,0.000000000000000000e+00,0.000000000000000000e+00,0.000000000000000000e+00,0.000000000000000000e+00,0.000000000000000000e+00,0.000000000000000000e+00,0.000000000000000000e+00,0.000000000000000000e+00,0.000000000000000000e+00,0.000000000000000000e+00,0.000000000000000000e+00,0.000000000000000000e+00,0.000000000000000000e+00,0.000000000000000000e+00,0.000000000000000000e+00,0.000000000000000000e+00,0.000000000000000000e+00,0.000000000000000000e+00,0.000000000000000000e+00,0.000000000000000000e+00,0.000000000000000000e+00,0.000000000000000000e+00,0.000000000000000000e+00,0.000000000000000000e+00,0.000000000000000000e+00,0.000000000000000000e+00,0.000000000000000000e+00,0.000000000000000000e+00,0.000000000000000000e+00,0.000000000000000000e+00,0.000000000000000000e+00,0.000000000000000000e+00,0.000000000000000000e+00,0.000000000000000000e+00,0.000000000000000000e+00,0.000000000000000000e+00,0.000000000000000000e+00,0.000000000000000000e+00,0.000000000000000000e+00,0.000000000000000000e+00,0.000000000000000000e+00,0.000000000000000000e+00,0.000000000000000000e+00,0.000000000000000000e+00,0.000000000000000000e+00,0.000000000000000000e+00,0.000000000000000000e+00,0.000000000000000000e+00,0.000000000000000000e+00,0.000000000000000000e+00,0.000000000000000000e+00,0.000000000000000000e+00,0.000000000000000000e+00,0.000000000000000000e+00,0.000000000000000000e+00,0.000000000000000000e+00,0.000000000000000000e+00,0.000000000000000000e+00,0.000000000000000000e+00,0.000000000000000000e+00,0.000000000000000000e+00,0.000000000000000000e+00,0.000000000000000000e+00,0.000000000000000000e+00,0.000000000000000000e+00,0.000000000000000000e+00,0.000000000000000000e+00,0.000000000000000000e+00,0.000000000000000000e+00,0.000000000000000000e+00,0.000000000000000000e+00,0.000000000000000000e+00,0.000000000000000000e+00,0.000000000000000000e+00,0.000000000000000000e+00,0.000000000000000000e+00,0.000000000000000000e+00,0.000000000000000000e+00,0.000000000000000000e+00,0.000000000000000000e+00,0.000000000000000000e+00,0.000000000000000000e+00,0.000000000000000000e+00,0.000000000000000000e+00,0.000000000000000000e+00,0.000000000000000000e+00,0.000000000000000000e+00,0.000000000000000000e+00,0.000000000000000000e+00,0.000000000000000000e+00,0.000000000000000000e+00,0.000000000000000000e+00,0.000000000000000000e+00,0.000000000000000000e+00,0.000000000000000000e+00,0.000000000000000000e+00,0.000000000000000000e+00,0.000000000000000000e+00,0.000000000000000000e+00,0.000000000000000000e+00,0.000000000000000000e+00,0.000000000000000000e+00,0.000000000000000000e+00,0.000000000000000000e+00,0.000000000000000000e+00,0.000000000000000000e+00,0.000000000000000000e+00,0.000000000000000000e+00,0.000000000000000000e+00,0.000000000000000000e+00,0.000000000000000000e+00,0.000000000000000000e+00,0.000000000000000000e+00,0.000000000000000000e+00,0.000000000000000000e+00,0.000000000000000000e+00,0.000000000000000000e+00,0.000000000000000000e+00,0.000000000000000000e+00,0.000000000000000000e+00,0.000000000000000000e+00,0.000000000000000000e+00,0.000000000000000000e+00,0.000000000000000000e+00,0.000000000000000000e+00,0.000000000000000000e+00,0.000000000000000000e+00,0.000000000000000000e+00,0.000000000000000000e+00,0.000000000000000000e+00,0.000000000000000000e+00,0.000000000000000000e+00,0.000000000000000000e+00,0.000000000000000000e+00,0.000000000000000000e+00,0.000000000000000000e+00,0.000000000000000000e+00,0.000000000000000000e+00,0.000000000000000000e+00,0.000000000000000000e+00,0.000000000000000000e+00,0.000000000000000000e+00,0.000000000000000000e+00,0.000000000000000000e+00,0.000000000000000000e+00,0.000000000000000000e+00,0.000000000000000000e+00,0.000000000000000000e+00,0.000000000000000000e+00,0.000000000000000000e+00,0.000000000000000000e+00,0.000000000000000000e+00,0.000000000000000000e+00,0.000000000000000000e+00,0.000000000000000000e+00,0.000000000000000000e+00,0.000000000000000000e+00,0.000000000000000000e+00,0.000000000000000000e+00,0.000000000000000000e+00,0.000000000000000000e+00,0.000000000000000000e+00,0.000000000000000000e+00,0.000000000000000000e+00,0.000000000000000000e+00,0.000000000000000000e+00,0.000000000000000000e+00,0.000000000000000000e+00,0.000000000000000000e+00,0.000000000000000000e+00,0.000000000000000000e+00,0.000000000000000000e+00,0.000000000000000000e+00,0.000000000000000000e+00,0.000000000000000000e+00,0.000000000000000000e+00,0.000000000000000000e+00,0.000000000000000000e+00,0.000000000000000000e+00,0.000000000000000000e+00,0.000000000000000000e+00,0.000000000000000000e+00,0.000000000000000000e+00,0.000000000000000000e+00,0.000000000000000000e+00,0.000000000000000000e+00,0.000000000000000000e+00,0.000000000000000000e+00,0.000000000000000000e+00,0.000000000000000000e+00,0.000000000000000000e+00,0.000000000000000000e+00,0.000000000000000000e+00,0.000000000000000000e+00,0.000000000000000000e+00,0.000000000000000000e+00,0.000000000000000000e+00,0.000000000000000000e+00,0.000000000000000000e+00,0.000000000000000000e+00,0.000000000000000000e+00,0.000000000000000000e+00,0.000000000000000000e+00,0.000000000000000000e+00,0.000000000000000000e+00,0.000000000000000000e+00,0.000000000000000000e+00,0.000000000000000000e+00,0.000000000000000000e+00,0.000000000000000000e+00,0.000000000000000000e+00,0.000000000000000000e+00,0.000000000000000000e+00,0.000000000000000000e+00,0.000000000000000000e+00,0.000000000000000000e+00,0.000000000000000000e+00,0.000000000000000000e+00,0.000000000000000000e+00,0.000000000000000000e+00,0.000000000000000000e+00,0.000000000000000000e+00,0.000000000000000000e+00,0.000000000000000000e+00,0.000000000000000000e+00,0.000000000000000000e+00,0.000000000000000000e+00,0.000000000000000000e+00,0.000000000000000000e+00,0.000000000000000000e+00,0.000000000000000000e+00,0.000000000000000000e+00,0.000000000000000000e+00,0.000000000000000000e+00,0.000000000000000000e+00,0.000000000000000000e+00,0.000000000000000000e+00,0.000000000000000000e+00,0.000000000000000000e+00,0.000000000000000000e+00,0.000000000000000000e+00,0.000000000000000000e+00,0.000000000000000000e+00,0.000000000000000000e+00,0.000000000000000000e+00,0.000000000000000000e+00,0.000000000000000000e+00,0.000000000000000000e+00,0.000000000000000000e+00,0.000000000000000000e+00,0.000000000000000000e+00,0.000000000000000000e+00,0.000000000000000000e+00,0.000000000000000000e+00,0.000000000000000000e+00,0.000000000000000000e+00,0.000000000000000000e+00,0.000000000000000000e+00,0.000000000000000000e+00,0.000000000000000000e+00,0.000000000000000000e+00,0.000000000000000000e+00,0.000000000000000000e+00,0.000000000000000000e+00,0.000000000000000000e+00,0.000000000000000000e+00,0.000000000000000000e+00,0.000000000000000000e+00,0.000000000000000000e+00,0.000000000000000000e+00,0.000000000000000000e+00,0.000000000000000000e+00,0.000000000000000000e+00,0.000000000000000000e+00,0.000000000000000000e+00,0.000000000000000000e+00,0.000000000000000000e+00,0.000000000000000000e+00,0.000000000000000000e+00,0.000000000000000000e+00,0.000000000000000000e+00,0.000000000000000000e+00,0.000000000000000000e+00,0.000000000000000000e+00,0.000000000000000000e+00,0.000000000000000000e+00,0.000000000000000000e+00,0.000000000000000000e+00,0.000000000000000000e+00,0.000000000000000000e+00,0.000000000000000000e+00,0.000000000000000000e+00,0.000000000000000000e+00,0.000000000000000000e+00,0.000000000000000000e+00,0.000000000000000000e+00,0.000000000000000000e+00,0.000000000000000000e+00,0.000000000000000000e+00,0.000000000000000000e+00,0.000000000000000000e+00,0.000000000000000000e+00,0.000000000000000000e+00,0.000000000000000000e+00,0.000000000000000000e+00,0.000000000000000000e+00,0.000000000000000000e+00,0.000000000000000000e+00,0.000000000000000000e+00,0.000000000000000000e+00,0.000000000000000000e+00,0.000000000000000000e+00,0.000000000000000000e+00,0.000000000000000000e+00,0.000000000000000000e+00,0.000000000000000000e+00,0.000000000000000000e+00,0.000000000000000000e+00,0.000000000000000000e+00,0.000000000000000000e+00,0.000000000000000000e+00,0.000000000000000000e+00,0.000000000000000000e+00,0.000000000000000000e+00,0.000000000000000000e+00,0.000000000000000000e+00,0.000000000000000000e+00,0.000000000000000000e+00,0.000000000000000000e+00,0.000000000000000000e+00,0.000000000000000000e+00,0.000000000000000000e+00,0.000000000000000000e+00,0.000000000000000000e+00,0.000000000000000000e+00,0.000000000000000000e+00,0.000000000000000000e+00,0.000000000000000000e+00,0.000000000000000000e+00,0.000000000000000000e+00,0.000000000000000000e+00,0.000000000000000000e+00,0.000000000000000000e+00,0.000000000000000000e+00,0.000000000000000000e+00,0.000000000000000000e+00,0.000000000000000000e+00,0.000000000000000000e+00,0.000000000000000000e+00,0.000000000000000000e+00,0.000000000000000000e+00,0.000000000000000000e+00,0.000000000000000000e+00,0.000000000000000000e+00,0.000000000000000000e+00,0.000000000000000000e+00,0.000000000000000000e+00,0.000000000000000000e+00,0.000000000000000000e+00,0.000000000000000000e+00,0.000000000000000000e+00,0.000000000000000000e+00,0.000000000000000000e+00,0.000000000000000000e+00,0.000000000000000000e+00,0.000000000000000000e+00,0.000000000000000000e+00,0.000000000000000000e+00,0.000000000000000000e+00,0.000000000000000000e+00,0.000000000000000000e+00,0.000000000000000000e+00
0.000000000000000000e+00,0.000000000000000000e+00,0.000000000000000000e+00,0.000000000000000000e+00,0.000000000000000000e+00,0.000000000000000000e+00,0.000000000000000000e+00,0.000000000000000000e+00,0.000000000000000000e+00,0.000000000000000000e+00,0.000000000000000000e+00,0.000000000000000000e+00,0.000000000000000000e+00,0.000000000000000000e+00,0.000000000000000000e+00,0.000000000000000000e+00,0.000000000000000000e+00,0.000000000000000000e+00,0.000000000000000000e+00,0.000000000000000000e+00,0.000000000000000000e+00,0.000000000000000000e+00,0.000000000000000000e+00,0.000000000000000000e+00,0.000000000000000000e+00,0.000000000000000000e+00,0.000000000000000000e+00,0.000000000000000000e+00,0.000000000000000000e+00,0.000000000000000000e+00,0.000000000000000000e+00,0.000000000000000000e+00,0.000000000000000000e+00,0.000000000000000000e+00,0.000000000000000000e+00,0.000000000000000000e+00,0.000000000000000000e+00,0.000000000000000000e+00,0.000000000000000000e+00,0.000000000000000000e+00,0.000000000000000000e+00,0.000000000000000000e+00,0.000000000000000000e+00,0.000000000000000000e+00,0.000000000000000000e+00,0.000000000000000000e+00,0.000000000000000000e+00,0.000000000000000000e+00,0.000000000000000000e+00,0.000000000000000000e+00,0.000000000000000000e+00,0.000000000000000000e+00,0.000000000000000000e+00,0.000000000000000000e+00,0.000000000000000000e+00,0.000000000000000000e+00,0.000000000000000000e+00,0.000000000000000000e+00,0.000000000000000000e+00,0.000000000000000000e+00,0.000000000000000000e+00,0.000000000000000000e+00,0.000000000000000000e+00,0.000000000000000000e+00,0.000000000000000000e+00,0.000000000000000000e+00,0.000000000000000000e+00,0.000000000000000000e+00,0.000000000000000000e+00,0.000000000000000000e+00,0.000000000000000000e+00,0.000000000000000000e+00,0.000000000000000000e+00,0.000000000000000000e+00,0.000000000000000000e+00,0.000000000000000000e+00,0.000000000000000000e+00,0.000000000000000000e+00,0.000000000000000000e+00,0.000000000000000000e+00,0.000000000000000000e+00,0.000000000000000000e+00,0.000000000000000000e+00,0.000000000000000000e+00,0.000000000000000000e+00,0.000000000000000000e+00,0.000000000000000000e+00,0.000000000000000000e+00,0.000000000000000000e+00,0.000000000000000000e+00,0.000000000000000000e+00,0.000000000000000000e+00,0.000000000000000000e+00,0.000000000000000000e+00,0.000000000000000000e+00,0.000000000000000000e+00,0.000000000000000000e+00,0.000000000000000000e+00,0.000000000000000000e+00,0.000000000000000000e+00,0.000000000000000000e+00,0.000000000000000000e+00,0.000000000000000000e+00,0.000000000000000000e+00,0.000000000000000000e+00,0.000000000000000000e+00,0.000000000000000000e+00,0.000000000000000000e+00,0.000000000000000000e+00,0.000000000000000000e+00,0.000000000000000000e+00,0.000000000000000000e+00,0.000000000000000000e+00,0.000000000000000000e+00,0.000000000000000000e+00,0.000000000000000000e+00,0.000000000000000000e+00,0.000000000000000000e+00,0.000000000000000000e+00,0.000000000000000000e+00,0.000000000000000000e+00,0.000000000000000000e+00,0.000000000000000000e+00,0.000000000000000000e+00,0.000000000000000000e+00,0.000000000000000000e+00,0.000000000000000000e+00,0.000000000000000000e+00,0.000000000000000000e+00,0.000000000000000000e+00,0.000000000000000000e+00,0.000000000000000000e+00,0.000000000000000000e+00,0.000000000000000000e+00,0.000000000000000000e+00,0.000000000000000000e+00,0.000000000000000000e+00,0.000000000000000000e+00,0.000000000000000000e+00,0.000000000000000000e+00,0.000000000000000000e+00,0.000000000000000000e+00,0.000000000000000000e+00,0.000000000000000000e+00,0.000000000000000000e+00,0.000000000000000000e+00,0.000000000000000000e+00,0.000000000000000000e+00,0.000000000000000000e+00,0.000000000000000000e+00,0.000000000000000000e+00,0.000000000000000000e+00,0.000000000000000000e+00,0.000000000000000000e+00,0.000000000000000000e+00,0.000000000000000000e+00,0.000000000000000000e+00,0.000000000000000000e+00,0.000000000000000000e+00,0.000000000000000000e+00,0.000000000000000000e+00,0.000000000000000000e+00,0.000000000000000000e+00,0.000000000000000000e+00,0.000000000000000000e+00,0.000000000000000000e+00,0.000000000000000000e+00,0.000000000000000000e+00,0.000000000000000000e+00,0.000000000000000000e+00,0.000000000000000000e+00,0.000000000000000000e+00,0.000000000000000000e+00,0.000000000000000000e+00,0.000000000000000000e+00,0.000000000000000000e+00,0.000000000000000000e+00,0.000000000000000000e+00,0.000000000000000000e+00,0.000000000000000000e+00,0.000000000000000000e+00,0.000000000000000000e+00,0.000000000000000000e+00,0.000000000000000000e+00,0.000000000000000000e+00,0.000000000000000000e+00,0.000000000000000000e+00,0.000000000000000000e+00,0.000000000000000000e+00,0.000000000000000000e+00,0.000000000000000000e+00,0.000000000000000000e+00,0.000000000000000000e+00,0.000000000000000000e+00,0.000000000000000000e+00,0.000000000000000000e+00,0.000000000000000000e+00,0.000000000000000000e+00,0.000000000000000000e+00,0.000000000000000000e+00,0.000000000000000000e+00,0.000000000000000000e+00,0.000000000000000000e+00,0.000000000000000000e+00,0.000000000000000000e+00,0.000000000000000000e+00,0.000000000000000000e+00,0.000000000000000000e+00,0.000000000000000000e+00,0.000000000000000000e+00,0.000000000000000000e+00,0.000000000000000000e+00,0.000000000000000000e+00,0.000000000000000000e+00,0.000000000000000000e+00,0.000000000000000000e+00,0.000000000000000000e+00,0.000000000000000000e+00,0.000000000000000000e+00,0.000000000000000000e+00,0.000000000000000000e+00,0.000000000000000000e+00,0.000000000000000000e+00,0.000000000000000000e+00,0.000000000000000000e+00,0.000000000000000000e+00,0.000000000000000000e+00,0.000000000000000000e+00,0.000000000000000000e+00,0.000000000000000000e+00,0.000000000000000000e+00,0.000000000000000000e+00,0.000000000000000000e+00,0.000000000000000000e+00,0.000000000000000000e+00,0.000000000000000000e+00,0.000000000000000000e+00,0.000000000000000000e+00,0.000000000000000000e+00,0.000000000000000000e+00,0.000000000000000000e+00,0.000000000000000000e+00,0.000000000000000000e+00,0.000000000000000000e+00,0.000000000000000000e+00,0.000000000000000000e+00,0.000000000000000000e+00,0.000000000000000000e+00,0.000000000000000000e+00,0.000000000000000000e+00,0.000000000000000000e+00,0.000000000000000000e+00,0.000000000000000000e+00,0.000000000000000000e+00,0.000000000000000000e+00,0.000000000000000000e+00,0.000000000000000000e+00,0.000000000000000000e+00,0.000000000000000000e+00,0.000000000000000000e+00,0.000000000000000000e+00,0.000000000000000000e+00,0.000000000000000000e+00,0.000000000000000000e+00,0.000000000000000000e+00,0.000000000000000000e+00,0.000000000000000000e+00,0.000000000000000000e+00,0.000000000000000000e+00,0.000000000000000000e+00,0.000000000000000000e+00,0.000000000000000000e+00,0.000000000000000000e+00,0.000000000000000000e+00,0.000000000000000000e+00,0.000000000000000000e+00,0.000000000000000000e+00,0.000000000000000000e+00,0.000000000000000000e+00,0.000000000000000000e+00,0.000000000000000000e+00,0.000000000000000000e+00,0.000000000000000000e+00,0.000000000000000000e+00,0.000000000000000000e+00,0.000000000000000000e+00,0.000000000000000000e+00,0.000000000000000000e+00,0.000000000000000000e+00,0.000000000000000000e+00,0.000000000000000000e+00,0.000000000000000000e+00,0.000000000000000000e+00,0.000000000000000000e+00,0.000000000000000000e+00,0.000000000000000000e+00,0.000000000000000000e+00,0.000000000000000000e+00,0.000000000000000000e+00,0.000000000000000000e+00,0.000000000000000000e+00,0.000000000000000000e+00,0.000000000000000000e+00,0.000000000000000000e+00,0.000000000000000000e+00,0.000000000000000000e+00,0.000000000000000000e+00,0.000000000000000000e+00,0.000000000000000000e+00,0.000000000000000000e+00,0.000000000000000000e+00,0.000000000000000000e+00,0.000000000000000000e+00,0.000000000000000000e+00,0.000000000000000000e+00,0.000000000000000000e+00,0.000000000000000000e+00,0.000000000000000000e+00,0.000000000000000000e+00,0.000000000000000000e+00,0.000000000000000000e+00,0.000000000000000000e+00,0.000000000000000000e+00,0.000000000000000000e+00,0.000000000000000000e+00,0.000000000000000000e+00,0.000000000000000000e+00,0.000000000000000000e+00,0.000000000000000000e+00,0.000000000000000000e+00,0.000000000000000000e+00,0.000000000000000000e+00,0.000000000000000000e+00,0.000000000000000000e+00,0.000000000000000000e+00,0.000000000000000000e+00,0.000000000000000000e+00,0.000000000000000000e+00,0.000000000000000000e+00,0.000000000000000000e+00,0.000000000000000000e+00,0.000000000000000000e+00,0.000000000000000000e+00,0.000000000000000000e+00,0.000000000000000000e+00,0.000000000000000000e+00,0.000000000000000000e+00,0.000000000000000000e+00,0.000000000000000000e+00,0.000000000000000000e+00,0.000000000000000000e+00,0.000000000000000000e+00,0.000000000000000000e+00,0.000000000000000000e+00,0.000000000000000000e+00,0.000000000000000000e+00,0.000000000000000000e+00,0.000000000000000000e+00,0.000000000000000000e+00,0.000000000000000000e+00,0.000000000000000000e+00,0.000000000000000000e+00,0.000000000000000000e+00,0.000000000000000000e+00,0.000000000000000000e+00,0.000000000000000000e+00,0.000000000000000000e+00,0.000000000000000000e+00,0.000000000000000000e+00,0.000000000000000000e+00,0.000000000000000000e+00,0.000000000000000000e+00,0.000000000000000000e+00,0.000000000000000000e+00,0.000000000000000000e+00
0.000000000000000000e+00,0.000000000000000000e+00,0.000000000000000000e+00,0.000000000000000000e+00,0.000000000000000000e+00,0.000000000000000000e+00,0.000000000000000000e+00,0.000000000000000000e+00,0.000000000000000000e+00,0.000000000000000000e+00,0.000000000000000000e+00,0.000000000000000000e+00,0.000000000000000000e+00,0.000000000000000000e+00,0.000000000000000000e+00,0.000000000000000000e+00,0.000000000000000000e+00,0.000000000000000000e+00,0.000000000000000000e+00,0.000000000000000000e+00,0.000000000000000000e+00,0.000000000000000000e+00,0.000000000000000000e+00,0.000000000000000000e+00,0.000000000000000000e+00,0.000000000000000000e+00,0.000000000000000000e+00,0.000000000000000000e+00,0.000000000000000000e+00,0.000000000000000000e+00,0.000000000000000000e+00,0.000000000000000000e+00,0.000000000000000000e+00,0.000000000000000000e+00,0.000000000000000000e+00,0.000000000000000000e+00,0.000000000000000000e+00,0.000000000000000000e+00,0.000000000000000000e+00,0.000000000000000000e+00,0.000000000000000000e+00,0.000000000000000000e+00,0.000000000000000000e+00,0.000000000000000000e+00,0.000000000000000000e+00,0.000000000000000000e+00,0.000000000000000000e+00,0.000000000000000000e+00,0.000000000000000000e+00,0.000000000000000000e+00,0.000000000000000000e+00,0.000000000000000000e+00,0.000000000000000000e+00,0.000000000000000000e+00,0.000000000000000000e+00,0.000000000000000000e+00,0.000000000000000000e+00,0.000000000000000000e+00,0.000000000000000000e+00,0.000000000000000000e+00,0.000000000000000000e+00,0.000000000000000000e+00,0.000000000000000000e+00,0.000000000000000000e+00,0.000000000000000000e+00,0.000000000000000000e+00,0.000000000000000000e+00,0.000000000000000000e+00,0.000000000000000000e+00,0.000000000000000000e+00,0.000000000000000000e+00,0.000000000000000000e+00,0.000000000000000000e+00,0.000000000000000000e+00,0.000000000000000000e+00,0.000000000000000000e+00,0.000000000000000000e+00,0.000000000000000000e+00,0.000000000000000000e+00,0.000000000000000000e+00,0.000000000000000000e+00,0.000000000000000000e+00,0.000000000000000000e+00,0.000000000000000000e+00,0.000000000000000000e+00,0.000000000000000000e+00,0.000000000000000000e+00,0.000000000000000000e+00,0.000000000000000000e+00,0.000000000000000000e+00,0.000000000000000000e+00,0.000000000000000000e+00,0.000000000000000000e+00,0.000000000000000000e+00,0.000000000000000000e+00,0.000000000000000000e+00,0.000000000000000000e+00,0.000000000000000000e+00,0.000000000000000000e+00,0.000000000000000000e+00,0.000000000000000000e+00,0.000000000000000000e+00,0.000000000000000000e+00,0.000000000000000000e+00,0.000000000000000000e+00,0.000000000000000000e+00,0.000000000000000000e+00,0.000000000000000000e+00,0.000000000000000000e+00,0.000000000000000000e+00,0.000000000000000000e+00,0.000000000000000000e+00,0.000000000000000000e+00,0.000000000000000000e+00,0.000000000000000000e+00,0.000000000000000000e+00,0.000000000000000000e+00,0.000000000000000000e+00,0.000000000000000000e+00,0.000000000000000000e+00,0.000000000000000000e+00,0.000000000000000000e+00,0.000000000000000000e+00,0.000000000000000000e+00,0.000000000000000000e+00,0.000000000000000000e+00,0.000000000000000000e+00,0.000000000000000000e+00,0.000000000000000000e+00,0.000000000000000000e+00,0.000000000000000000e+00,0.000000000000000000e+00,0.000000000000000000e+00,0.000000000000000000e+00,0.000000000000000000e+00,0.000000000000000000e+00,0.000000000000000000e+00,0.000000000000000000e+00,0.000000000000000000e+00,0.000000000000000000e+00,0.000000000000000000e+00,0.000000000000000000e+00,0.000000000000000000e+00,0.000000000000000000e+00,0.000000000000000000e+00,0.000000000000000000e+00,0.000000000000000000e+00,0.000000000000000000e+00,0.000000000000000000e+00,0.000000000000000000e+00,0.000000000000000000e+00,0.000000000000000000e+00,0.000000000000000000e+00,0.000000000000000000e+00,0.000000000000000000e+00,0.000000000000000000e+00,0.000000000000000000e+00,0.000000000000000000e+00,0.000000000000000000e+00,0.000000000000000000e+00,0.000000000000000000e+00,0.000000000000000000e+00,0.000000000000000000e+00,0.000000000000000000e+00,0.000000000000000000e+00,0.000000000000000000e+00,0.000000000000000000e+00,0.000000000000000000e+00,0.000000000000000000e+00,0.000000000000000000e+00,0.000000000000000000e+00,0.000000000000000000e+00,0.000000000000000000e+00,0.000000000000000000e+00,0.000000000000000000e+00,0.000000000000000000e+00,0.000000000000000000e+00,0.000000000000000000e+00,0.000000000000000000e+00,0.000000000000000000e+00,0.000000000000000000e+00,0.000000000000000000e+00,0.000000000000000000e+00,0.000000000000000000e+00,0.000000000000000000e+00,0.000000000000000000e+00,0.000000000000000000e+00,0.000000000000000000e+00,0.000000000000000000e+00,0.000000000000000000e+00,0.000000000000000000e+00,0.000000000000000000e+00,0.000000000000000000e+00,0.000000000000000000e+00,0.000000000000000000e+00,0.000000000000000000e+00,0.000000000000000000e+00,0.000000000000000000e+00,0.000000000000000000e+00,0.000000000000000000e+00,0.000000000000000000e+00,0.000000000000000000e+00,0.000000000000000000e+00,0.000000000000000000e+00,0.000000000000000000e+00,0.000000000000000000e+00,0.000000000000000000e+00,0.000000000000000000e+00,0.000000000000000000e+00,0.000000000000000000e+00,0.000000000000000000e+00,0.000000000000000000e+00,0.000000000000000000e+00,0.000000000000000000e+00,0.000000000000000000e+00,0.000000000000000000e+00,0.000000000000000000e+00,0.000000000000000000e+00,0.000000000000000000e+00,0.000000000000000000e+00,0.000000000000000000e+00,0.000000000000000000e+00,0.000000000000000000e+00,0.000000000000000000e+00,0.000000000000000000e+00,0.000000000000000000e+00,0.000000000000000000e+00,0.000000000000000000e+00,0.000000000000000000e+00,0.000000000000000000e+00,0.000000000000000000e+00,0.000000000000000000e+00,0.000000000000000000e+00,0.000000000000000000e+00,0.000000000000000000e+00,0.000000000000000000e+00,0.000000000000000000e+00,0.000000000000000000e+00,0.000000000000000000e+00,0.000000000000000000e+00,0.000000000000000000e+00,0.000000000000000000e+00,0.000000000000000000e+00,0.000000000000000000e+00,0.000000000000000000e+00,0.000000000000000000e+00,0.000000000000000000e+00,0.000000000000000000e+00,0.000000000000000000e+00,0.000000000000000000e+00,0.000000000000000000e+00,0.000000000000000000e+00,0.000000000000000000e+00,0.000000000000000000e+00,0.000000000000000000e+00,0.000000000000000000e+00,0.000000000000000000e+00,0.000000000000000000e+00,0.000000000000000000e+00,0.000000000000000000e+00,0.000000000000000000e+00,0.000000000000000000e+00,0.000000000000000000e+00,0.000000000000000000e+00,0.000000000000000000e+00,0.000000000000000000e+00,0.000000000000000000e+00,0.000000000000000000e+00,0.000000000000000000e+00,0.000000000000000000e+00,0.000000000000000000e+00,0.000000000000000000e+00,0.000000000000000000e+00,0.000000000000000000e+00,0.000000000000000000e+00,0.000000000000000000e+00,0.000000000000000000e+00,0.000000000000000000e+00,0.000000000000000000e+00,0.000000000000000000e+00,0.000000000000000000e+00,0.000000000000000000e+00,0.000000000000000000e+00,0.000000000000000000e+00,0.000000000000000000e+00,0.000000000000000000e+00,0.000000000000000000e+00,0.000000000000000000e+00,0.000000000000000000e+00,0.000000000000000000e+00,0.000000000000000000e+00,0.000000000000000000e+00,0.000000000000000000e+00,0.000000000000000000e+00,0.000000000000000000e+00,0.000000000000000000e+00,0.000000000000000000e+00,0.000000000000000000e+00,0.000000000000000000e+00,0.000000000000000000e+00,0.000000000000000000e+00,0.000000000000000000e+00,0.000000000000000000e+00,0.000000000000000000e+00,0.000000000000000000e+00,0.000000000000000000e+00,0.000000000000000000e+00,0.000000000000000000e+00,0.000000000000000000e+00,0.000000000000000000e+00,0.000000000000000000e+00,0.000000000000000000e+00,0.000000000000000000e+00,0.000000000000000000e+00,0.000000000000000000e+00,0.000000000000000000e+00,0.000000000000000000e+00,0.000000000000000000e+00,0.000000000000000000e+00,0.000000000000000000e+00,0.000000000000000000e+00,0.000000000000000000e+00,0.000000000000000000e+00,0.000000000000000000e+00,0.000000000000000000e+00,0.000000000000000000e+00,0.000000000000000000e+00,0.000000000000000000e+00,0.000000000000000000e+00,0.000000000000000000e+00,0.000000000000000000e+00,0.000000000000000000e+00,0.000000000000000000e+00,0.000000000000000000e+00,0.000000000000000000e+00,0.000000000000000000e+00,0.000000000000000000e+00,0.000000000000000000e+00,0.000000000000000000e+00,0.000000000000000000e+00,0.000000000000000000e+00,0.000000000000000000e+00,0.000000000000000000e+00,0.000000000000000000e+00,0.000000000000000000e+00,0.000000000000000000e+00,0.000000000000000000e+00,0.000000000000000000e+00,0.000000000000000000e+00,0.000000000000000000e+00,0.000000000000000000e+00,0.000000000000000000e+00,0.000000000000000000e+00,0.000000000000000000e+00,0.000000000000000000e+00,0.000000000000000000e+00,0.000000000000000000e+00,0.000000000000000000e+00,0.000000000000000000e+00,0.000000000000000000e+00,0.000000000000000000e+00,0.000000000000000000e+00,0.000000000000000000e+00,0.000000000000000000e+00,0.000000000000000000e+00,0.000000000000000000e+00,0.000000000000000000e+00,0.000000000000000000e+00,0.000000000000000000e+00,0.000000000000000000e+00,0.000000000000000000e+00,0.000000000000000000e+00,0.000000000000000000e+00,0.000000000000000000e+00,0.000000000000000000e+00
0.000000000000000000e+00,0.000000000000000000e+00,0.000000000000000000e+00,0.000000000000000000e+00,0.000000000000000000e+00,0.000000000000000000e+00,0.000000000000000000e+00,0.000000000000000000e+00,0.000000000000000000e+00,0.000000000000000000e+00,0.000000000000000000e+00,0.000000000000000000e+00,0.000000000000000000e+00,0.000000000000000000e+00,0.000000000000000000e+00,0.000000000000000000e+00,0.000000000000000000e+00,0.000000000000000000e+00,0.000000000000000000e+00,0.000000000000000000e+00,0.000000000000000000e+00,0.000000000000000000e+00,0.000000000000000000e+00,0.000000000000000000e+00,0.000000000000000000e+00,0.000000000000000000e+00,0.000000000000000000e+00,0.000000000000000000e+00,0.000000000000000000e+00,0.000000000000000000e+00,0.000000000000000000e+00,0.000000000000000000e+00,0.000000000000000000e+00,0.000000000000000000e+00,0.000000000000000000e+00,0.000000000000000000e+00,0.000000000000000000e+00,0.000000000000000000e+00,0.000000000000000000e+00,0.000000000000000000e+00,0.000000000000000000e+00,0.000000000000000000e+00,0.000000000000000000e+00,0.000000000000000000e+00,0.000000000000000000e+00,0.000000000000000000e+00,0.000000000000000000e+00,0.000000000000000000e+00,0.000000000000000000e+00,0.000000000000000000e+00,0.000000000000000000e+00,0.000000000000000000e+00,0.000000000000000000e+00,0.000000000000000000e+00,0.000000000000000000e+00,0.000000000000000000e+00,0.000000000000000000e+00,0.000000000000000000e+00,0.000000000000000000e+00,0.000000000000000000e+00,0.000000000000000000e+00,0.000000000000000000e+00,0.000000000000000000e+00,0.000000000000000000e+00,0.000000000000000000e+00,0.000000000000000000e+00,0.000000000000000000e+00,0.000000000000000000e+00,0.000000000000000000e+00,0.000000000000000000e+00,0.000000000000000000e+00,0.000000000000000000e+00,0.000000000000000000e+00,0.000000000000000000e+00,0.000000000000000000e+00,0.000000000000000000e+00,0.000000000000000000e+00,0.000000000000000000e+00,0.000000000000000000e+00,0.000000000000000000e+00,0.000000000000000000e+00,0.000000000000000000e+00,0.000000000000000000e+00,0.000000000000000000e+00,0.000000000000000000e+00,0.000000000000000000e+00,0.000000000000000000e+00,0.000000000000000000e+00,0.000000000000000000e+00,0.000000000000000000e+00,0.000000000000000000e+00,0.000000000000000000e+00,0.000000000000000000e+00,0.000000000000000000e+00,0.000000000000000000e+00,0.000000000000000000e+00,0.000000000000000000e+00,0.000000000000000000e+00,0.000000000000000000e+00,0.000000000000000000e+00,0.000000000000000000e+00,0.000000000000000000e+00,0.000000000000000000e+00,0.000000000000000000e+00,0.000000000000000000e+00,0.000000000000000000e+00,0.000000000000000000e+00,0.000000000000000000e+00,0.000000000000000000e+00,0.000000000000000000e+00,0.000000000000000000e+00,0.000000000000000000e+00,0.000000000000000000e+00,0.000000000000000000e+00,0.000000000000000000e+00,0.000000000000000000e+00,0.000000000000000000e+00,0.000000000000000000e+00,0.000000000000000000e+00,0.000000000000000000e+00,0.000000000000000000e+00,0.000000000000000000e+00,0.000000000000000000e+00,0.000000000000000000e+00,0.000000000000000000e+00,0.000000000000000000e+00,0.000000000000000000e+00,0.000000000000000000e+00,0.000000000000000000e+00,0.000000000000000000e+00,0.000000000000000000e+00,0.000000000000000000e+00,0.000000000000000000e+00,0.000000000000000000e+00,0.000000000000000000e+00,0.000000000000000000e+00,0.000000000000000000e+00,0.000000000000000000e+00,0.000000000000000000e+00,0.000000000000000000e+00,0.000000000000000000e+00,0.000000000000000000e+00,0.000000000000000000e+00,0.000000000000000000e+00,0.000000000000000000e+00,0.000000000000000000e+00,0.000000000000000000e+00,0.000000000000000000e+00,0.000000000000000000e+00,0.000000000000000000e+00,0.000000000000000000e+00,0.000000000000000000e+00,0.000000000000000000e+00,0.000000000000000000e+00,0.000000000000000000e+00,0.000000000000000000e+00,0.000000000000000000e+00,0.000000000000000000e+00,0.000000000000000000e+00,0.000000000000000000e+00,0.000000000000000000e+00,0.000000000000000000e+00,0.000000000000000000e+00,0.000000000000000000e+00,0.000000000000000000e+00,0.000000000000000000e+00,0.000000000000000000e+00,0.000000000000000000e+00,0.000000000000000000e+00,0.000000000000000000e+00,0.000000000000000000e+00,0.000000000000000000e+00,0.000000000000000000e+00,0.000000000000000000e+00,0.000000000000000000e+00,0.000000000000000000e+00,0.000000000000000000e+00,0.000000000000000000e+00,0.000000000000000000e+00,0.000000000000000000e+00,0.000000000000000000e+00,0.000000000000000000e+00,0.000000000000000000e+00,0.000000000000000000e+00,0.000000000000000000e+00,0.000000000000000000e+00,0.000000000000000000e+00,0.000000000000000000e+00,0.000000000000000000e+00,0.000000000000000000e+00,0.000000000000000000e+00,0.000000000000000000e+00,0.000000000000000000e+00,0.000000000000000000e+00,0.000000000000000000e+00,0.000000000000000000e+00,0.000000000000000000e+00,0.000000000000000000e+00,0.000000000000000000e+00,0.000000000000000000e+00,0.000000000000000000e+00,0.000000000000000000e+00,0.000000000000000000e+00,0.000000000000000000e+00,0.000000000000000000e+00,0.000000000000000000e+00,0.000000000000000000e+00,0.000000000000000000e+00,0.000000000000000000e+00,0.000000000000000000e+00,0.000000000000000000e+00,0.000000000000000000e+00,0.000000000000000000e+00,0.000000000000000000e+00,0.000000000000000000e+00,0.000000000000000000e+00,0.000000000000000000e+00,0.000000000000000000e+00,0.000000000000000000e+00,0.000000000000000000e+00,0.000000000000000000e+00,0.000000000000000000e+00,0.000000000000000000e+00,0.000000000000000000e+00,0.000000000000000000e+00,0.000000000000000000e+00,0.000000000000000000e+00,0.000000000000000000e+00,0.000000000000000000e+00,0.000000000000000000e+00,0.000000000000000000e+00,0.000000000000000000e+00,0.000000000000000000e+00,0.000000000000000000e+00,0.000000000000000000e+00,0.000000000000000000e+00,0.000000000000000000e+00,0.000000000000000000e+00,0.000000000000000000e+00,0.000000000000000000e+00,0.000000000000000000e+00,0.000000000000000000e+00,0.000000000000000000e+00,0.000000000000000000e+00,0.000000000000000000e+00,0.000000000000000000e+00,0.000000000000000000e+00,0.000000000000000000e+00,0.000000000000000000e+00,0.000000000000000000e+00,0.000000000000000000e+00,0.000000000000000000e+00,0.000000000000000000e+00,0.000000000000000000e+00,0.000000000000000000e+00,0.000000000000000000e+00,0.000000000000000000e+00,0.000000000000000000e+00,0.000000000000000000e+00,0.000000000000000000e+00,0.000000000000000000e+00,0.000000000000000000e+00,0.000000000000000000e+00,0.000000000000000000e+00,0.000000000000000000e+00,0.000000000000000000e+00,0.000000000000000000e+00,0.000000000000000000e+00,0.000000000000000000e+00,0.000000000000000000e+00,0.000000000000000000e+00,0.000000000000000000e+00,0.000000000000000000e+00,0.000000000000000000e+00,0.000000000000000000e+00,0.000000000000000000e+00,0.000000000000000000e+00,0.000000000000000000e+00,0.000000000000000000e+00,0.000000000000000000e+00,0.000000000000000000e+00,0.000000000000000000e+00,0.000000000000000000e+00,0.000000000000000000e+00,0.000000000000000000e+00,0.000000000000000000e+00,0.000000000000000000e+00,0.000000000000000000e+00,0.000000000000000000e+00,0.000000000000000000e+00,0.000000000000000000e+00,0.000000000000000000e+00,0.000000000000000000e+00,0.000000000000000000e+00,0.000000000000000000e+00,0.000000000000000000e+00,0.000000000000000000e+00,0.000000000000000000e+00,0.000000000000000000e+00,0.000000000000000000e+00,0.000000000000000000e+00,0.000000000000000000e+00,0.000000000000000000e+00,0.000000000000000000e+00,0.000000000000000000e+00,0.000000000000000000e+00,0.000000000000000000e+00,0.000000000000000000e+00,0.000000000000000000e+00,0.000000000000000000e+00,0.000000000000000000e+00,0.000000000000000000e+00,0.000000000000000000e+00,0.000000000000000000e+00,0.000000000000000000e+00,0.000000000000000000e+00,0.000000000000000000e+00,0.000000000000000000e+00,0.000000000000000000e+00,0.000000000000000000e+00,0.000000000000000000e+00,0.000000000000000000e+00,0.000000000000000000e+00,0.000000000000000000e+00,0.000000000000000000e+00,0.000000000000000000e+00,0.000000000000000000e+00,0.000000000000000000e+00,0.000000000000000000e+00,0.000000000000000000e+00,0.000000000000000000e+00,0.000000000000000000e+00,0.000000000000000000e+00,0.000000000000000000e+00,0.000000000000000000e+00,0.000000000000000000e+00,0.000000000000000000e+00,0.000000000000000000e+00,0.000000000000000000e+00,0.000000000000000000e+00,0.000000000000000000e+00,0.000000000000000000e+00,0.000000000000000000e+00,0.000000000000000000e+00,0.000000000000000000e+00,0.000000000000000000e+00,0.000000000000000000e+00,0.000000000000000000e+00,0.000000000000000000e+00,0.000000000000000000e+00,0.000000000000000000e+00,0.000000000000000000e+00,0.000000000000000000e+00,0.000000000000000000e+00,0.000000000000000000e+00,0.000000000000000000e+00,0.000000000000000000e+00,0.000000000000000000e+00,0.000000000000000000e+00,0.000000000000000000e+00,0.000000000000000000e+00,0.000000000000000000e+00,0.000000000000000000e+00,0.000000000000000000e+00,0.000000000000000000e+00,0.000000000000000000e+00,0.000000000000000000e+00,0.000000000000000000e+00,0.000000000000000000e+00,0.000000000000000000e+00,0.000000000000000000e+00,0.000000000000000000e+00,0.000000000000000000e+00,0.000000000000000000e+00,0.000000000000000000e+00
0.000000000000000000e+00,0.000000000000000000e+00,0.000000000000000000e+00,0.000000000000000000e+00,0.000000000000000000e+00,0.000000000000000000e+00,0.000000000000000000e+00,0.000000000000000000e+00,0.000000000000000000e+00,0.000000000000000000e+00,0.000000000000000000e+00,0.000000000000000000e+00,0.000000000000000000e+00,0.000000000000000000e+00,0.000000000000000000e+00,0.000000000000000000e+00,0.000000000000000000e+00,0.000000000000000000e+00,0.000000000000000000e+00,0.000000000000000000e+00,0.000000000000000000e+00,0.000000000000000000e+00,0.000000000000000000e+00,0.000000000000000000e+00,0.000000000000000000e+00,0.000000000000000000e+00,0.000000000000000000e+00,0.000000000000000000e+00,0.000000000000000000e+00,0.000000000000000000e+00,0.000000000000000000e+00,0.000000000000000000e+00,0.000000000000000000e+00,0.000000000000000000e+00,0.000000000000000000e+00,0.000000000000000000e+00,0.000000000000000000e+00,0.000000000000000000e+00,0.000000000000000000e+00,0.000000000000000000e+00,0.000000000000000000e+00,0.000000000000000000e+00,0.000000000000000000e+00,0.000000000000000000e+00,0.000000000000000000e+00,0.000000000000000000e+00,0.000000000000000000e+00,0.000000000000000000e+00,0.000000000000000000e+00,0.000000000000000000e+00,0.000000000000000000e+00,0.000000000000000000e+00,0.000000000000000000e+00,0.000000000000000000e+00,0.000000000000000000e+00,0.000000000000000000e+00,0.000000000000000000e+00,0.000000000000000000e+00,0.000000000000000000e+00,0.000000000000000000e+00,0.000000000000000000e+00,0.000000000000000000e+00,0.000000000000000000e+00,0.000000000000000000e+00,0.000000000000000000e+00,0.000000000000000000e+00,0.000000000000000000e+00,0.000000000000000000e+00,0.000000000000000000e+00,0.000000000000000000e+00,0.000000000000000000e+00,0.000000000000000000e+00,0.000000000000000000e+00,0.000000000000000000e+00,0.000000000000000000e+00,0.000000000000000000e+00,0.000000000000000000e+00,0.000000000000000000e+00,0.000000000000000000e+00,0.000000000000000000e+00,0.000000000000000000e+00,0.000000000000000000e+00,0.000000000000000000e+00,0.000000000000000000e+00,0.000000000000000000e+00,0.000000000000000000e+00,0.000000000000000000e+00,0.000000000000000000e+00,0.000000000000000000e+00,0.000000000000000000e+00,0.000000000000000000e+00,0.000000000000000000e+00,0.000000000000000000e+00,0.000000000000000000e+00,0.000000000000000000e+00,0.000000000000000000e+00,0.000000000000000000e+00,0.000000000000000000e+00,0.000000000000000000e+00,0.000000000000000000e+00,0.000000000000000000e+00,0.000000000000000000e+00,0.000000000000000000e+00,0.000000000000000000e+00,0.000000000000000000e+00,0.000000000000000000e+00,0.000000000000000000e+00,0.000000000000000000e+00,0.000000000000000000e+00,0.000000000000000000e+00,0.000000000000000000e+00,0.000000000000000000e+00,0.000000000000000000e+00,0.000000000000000000e+00,0.000000000000000000e+00,0.000000000000000000e+00,0.000000000000000000e+00,0.000000000000000000e+00,0.000000000000000000e+00,0.000000000000000000e+00,0.000000000000000000e+00,0.000000000000000000e+00,0.000000000000000000e+00,0.000000000000000000e+00,0.000000000000000000e+00,0.000000000000000000e+00,0.000000000000000000e+00,0.000000000000000000e+00,0.000000000000000000e+00,0.000000000000000000e+00,0.000000000000000000e+00,0.000000000000000000e+00,0.000000000000000000e+00,0.000000000000000000e+00,0.000000000000000000e+00,0.000000000000000000e+00,0.000000000000000000e+00,0.000000000000000000e+00,0.000000000000000000e+00,0.000000000000000000e+00,0.000000000000000000e+00,0.000000000000000000e+00,0.000000000000000000e+00,0.000000000000000000e+00,0.000000000000000000e+00,0.000000000000000000e+00,0.000000000000000000e+00,0.000000000000000000e+00,0.000000000000000000e+00,0.000000000000000000e+00,0.000000000000000000e+00,0.000000000000000000e+00,0.000000000000000000e+00,0.000000000000000000e+00,0.000000000000000000e+00,0.000000000000000000e+00,0.000000000000000000e+00,0.000000000000000000e+00,0.000000000000000000e+00,0.000000000000000000e+00,0.000000000000000000e+00,0.000000000000000000e+00,0.000000000000000000e+00,0.000000000000000000e+00,0.000000000000000000e+00,0.000000000000000000e+00,0.000000000000000000e+00,0.000000000000000000e+00,0.000000000000000000e+00,0.000000000000000000e+00,0.000000000000000000e+00,0.000000000000000000e+00,0.000000000000000000e+00,0.000000000000000000e+00,0.000000000000000000e+00,0.000000000000000000e+00,0.000000000000000000e+00,0.000000000000000000e+00,0.000000000000000000e+00,0.000000000000000000e+00,0.000000000000000000e+00,0.000000000000000000e+00,0.000000000000000000e+00,0.000000000000000000e+00,0.000000000000000000e+00,0.000000000000000000e+00,0.000000000000000000e+00,0.000000000000000000e+00,0.000000000000000000e+00,0.000000000000000000e+00,0.000000000000000000e+00,0.000000000000000000e+00,0.000000000000000000e+00,0.000000000000000000e+00,0.000000000000000000e+00,0.000000000000000000e+00,0.000000000000000000e+00,0.000000000000000000e+00,0.000000000000000000e+00,0.000000000000000000e+00,0.000000000000000000e+00,0.000000000000000000e+00,0.000000000000000000e+00,0.000000000000000000e+00,0.000000000000000000e+00,0.000000000000000000e+00,0.000000000000000000e+00,0.000000000000000000e+00,0.000000000000000000e+00,0.000000000000000000e+00,0.000000000000000000e+00,0.000000000000000000e+00,0.000000000000000000e+00,0.000000000000000000e+00,0.000000000000000000e+00,0.000000000000000000e+00,0.000000000000000000e+00,0.000000000000000000e+00,0.000000000000000000e+00,0.000000000000000000e+00,0.000000000000000000e+00,0.000000000000000000e+00,0.000000000000000000e+00,0.000000000000000000e+00,0.000000000000000000e+00,0.000000000000000000e+00,0.000000000000000000e+00,0.000000000000000000e+00,0.000000000000000000e+00,0.000000000000000000e+00,0.000000000000000000e+00,0.000000000000000000e+00,0.000000000000000000e+00,0.000000000000000000e+00,0.000000000000000000e+00,0.000000000000000000e+00,0.000000000000000000e+00,0.000000000000000000e+00,0.000000000000000000e+00,0.000000000000000000e+00,0.000000000000000000e+00,0.000000000000000000e+00,0.000000000000000000e+00,0.000000000000000000e+00,0.000000000000000000e+00,0.000000000000000000e+00,0.000000000000000000e+00,0.000000000000000000e+00,0.000000000000000000e+00,0.000000000000000000e+00,0.000000000000000000e+00,0.000000000000000000e+00,0.000000000000000000e+00,0.000000000000000000e+00,0.000000000000000000e+00,0.000000000000000000e+00,0.000000000000000000e+00,0.000000000000000000e+00,0.000000000000000000e+00,0.000000000000000000e+00,0.000000000000000000e+00,0.000000000000000000e+00,0.000000000000000000e+00,0.000000000000000000e+00,0.000000000000000000e+00,0.000000000000000000e+00,0.000000000000000000e+00,0.000000000000000000e+00,0.000000000000000000e+00,0.000000000000000000e+00,0.000000000000000000e+00,0.000000000000000000e+00,0.000000000000000000e+00,0.000000000000000000e+00,0.000000000000000000e+00,0.000000000000000000e+00,0.000000000000000000e+00,0.000000000000000000e+00,0.000000000000000000e+00,0.000000000000000000e+00,0.000000000000000000e+00,0.000000000000000000e+00,0.000000000000000000e+00,0.000000000000000000e+00,0.000000000000000000e+00,0.000000000000000000e+00,0.000000000000000000e+00,0.000000000000000000e+00,0.000000000000000000e+00,0.000000000000000000e+00,0.000000000000000000e+00,0.000000000000000000e+00,0.000000000000000000e+00,0.000000000000000000e+00,0.000000000000000000e+00,0.000000000000000000e+00,0.000000000000000000e+00,0.000000000000000000e+00,0.000000000000000000e+00,0.000000000000000000e+00,0.000000000000000000e+00,0.000000000000000000e+00,0.000000000000000000e+00,0.000000000000000000e+00,0.000000000000000000e+00,0.000000000000000000e+00,0.000000000000000000e+00,0.000000000000000000e+00,0.000000000000000000e+00,0.000000000000000000e+00,0.000000000000000000e+00,0.000000000000000000e+00,0.000000000000000000e+00,0.000000000000000000e+00,0.000000000000000000e+00,0.000000000000000000e+00,0.000000000000000000e+00,0.000000000000000000e+00,0.000000000000000000e+00,0.000000000000000000e+00,0.000000000000000000e+00,0.000000000000000000e+00,0.000000000000000000e+00,0.000000000000000000e+00,0.000000000000000000e+00,0.000000000000000000e+00,0.000000000000000000e+00,0.000000000000000000e+00,0.000000000000000000e+00,0.000000000000000000e+00,0.000000000000000000e+00,0.000000000000000000e+00,0.000000000000000000e+00,0.000000000000000000e+00,0.000000000000000000e+00,0.000000000000000000e+00,0.000000000000000000e+00,0.000000000000000000e+00,0.000000000000000000e+00,0.000000000000000000e+00,0.000000000000000000e+00,0.000000000000000000e+00,0.000000000000000000e+00,0.000000000000000000e+00,0.000000000000000000e+00,0.000000000000000000e+00,0.000000000000000000e+00,0.000000000000000000e+00,0.000000000000000000e+00,0.000000000000000000e+00,0.000000000000000000e+00,0.000000000000000000e+00,0.000000000000000000e+00,0.000000000000000000e+00,0.000000000000000000e+00,0.000000000000000000e+00,0.000000000000000000e+00,0.000000000000000000e+00,0.000000000000000000e+00,0.000000000000000000e+00,0.000000000000000000e+00,0.000000000000000000e+00,0.000000000000000000e+00,0.000000000000000000e+00,0.000000000000000000e+00,0.000000000000000000e+00,0.000000000000000000e+00,0.000000000000000000e+00,0.000000000000000000e+00,0.000000000000000000e+00,0.000000000000000000e+00,0.000000000000000000e+00,0.000000000000000000e+00,0.000000000000000000e+00,0.000000000000000000e+00
0.000000000000000000e+00,0.000000000000000000e+00,0.000000000000000000e+00,0.000000000000000000e+00,0.000000000000000000e+00,0.000000000000000000e+00,0.000000000000000000e+00,0.000000000000000000e+00,0.000000000000000000e+00,0.000000000000000000e+00,0.000000000000000000e+00,0.000000000000000000e+00,0.000000000000000000e+00,0.000000000000000000e+00,0.000000000000000000e+00,0.000000000000000000e+00,0.000000000000000000e+00,0.000000000000000000e+00,0.000000000000000000e+00,0.000000000000000000e+00,0.000000000000000000e+00,0.000000000000000000e+00,0.000000000000000000e+00,0.000000000000000000e+00,0.000000000000000000e+00,0.000000000000000000e+00,0.000000000000000000e+00,0.000000000000000000e+00,0.000000000000000000e+00,0.000000000000000000e+00,0.000000000000000000e+00,0.000000000000000000e+00,0.000000000000000000e+00,0.000000000000000000e+00,0.000000000000000000e+00,0.000000000000000000e+00,0.000000000000000000e+00,0.000000000000000000e+00,0.000000000000000000e+00,0.000000000000000000e+00,0.000000000000000000e+00,0.000000000000000000e+00,0.000000000000000000e+00,0.000000000000000000e+00,0.000000000000000000e+00,0.000000000000000000e+00,0.000000000000000000e+00,0.000000000000000000e+00,0.000000000000000000e+00,0.000000000000000000e+00,0.000000000000000000e+00,0.000000000000000000e+00,0.000000000000000000e+00,0.000000000000000000e+00,0.000000000000000000e+00,0.000000000000000000e+00,0.000000000000000000e+00,0.000000000000000000e+00,0.000000000000000000e+00,0.000000000000000000e+00,0.000000000000000000e+00,0.000000000000000000e+00,0.000000000000000000e+00,0.000000000000000000e+00,0.000000000000000000e+00,0.000000000000000000e+00,0.000000000000000000e+00,0.000000000000000000e+00,0.000000000000000000e+00,0.000000000000000000e+00,0.000000000000000000e+00,0.000000000000000000e+00,0.000000000000000000e+00,0.000000000000000000e+00,0.000000000000000000e+00,0.000000000000000000e+00,0.000000000000000000e+00,0.000000000000000000e+00,0.000000000000000000e+00,0.000000000000000000e+00,0.000000000000000000e+00,0.000000000000000000e+00,0.000000000000000000e+00,0.000000000000000000e+00,0.000000000000000000e+00,0.000000000000000000e+00,0.000000000000000000e+00,0.000000000000000000e+00,0.000000000000000000e+00,0.000000000000000000e+00,0.000000000000000000e+00,0.000000000000000000e+00,0.000000000000000000e+00,0.000000000000000000e+00,0.000000000000000000e+00,0.000000000000000000e+00,0.000000000000000000e+00,0.000000000000000000e+00,0.000000000000000000e+00,0.000000000000000000e+00,0.000000000000000000e+00,0.000000000000000000e+00,0.000000000000000000e+00,0.000000000000000000e+00,0.000000000000000000e+00,0.000000000000000000e+00,0.000000000000000000e+00,0.000000000000000000e+00,0.000000000000000000e+00,0.000000000000000000e+00,0.000000000000000000e+00,0.000000000000000000e+00,0.000000000000000000e+00,0.000000000000000000e+00,0.000000000000000000e+00,0.000000000000000000e+00,0.000000000000000000e+00,0.000000000000000000e+00,0.000000000000000000e+00,0.000000000000000000e+00,0.000000000000000000e+00,0.000000000000000000e+00,0.000000000000000000e+00,0.000000000000000000e+00,0.000000000000000000e+00,0.000000000000000000e+00,0.000000000000000000e+00,0.000000000000000000e+00,0.000000000000000000e+00,0.000000000000000000e+00,0.000000000000000000e+00,0.000000000000000000e+00,0.000000000000000000e+00,0.000000000000000000e+00,0.000000000000000000e+00,0.000000000000000000e+00,0.000000000000000000e+00,0.000000000000000000e+00,0.000000000000000000e+00,0.000000000000000000e+00,0.000000000000000000e+00,0.000000000000000000e+00,0.000000000000000000e+00,0.000000000000000000e+00,0.000000000000000000e+00,0.000000000000000000e+00,0.000000000000000000e+00,0.000000000000000000e+00,0.000000000000000000e+00,0.000000000000000000e+00,0.000000000000000000e+00,0.000000000000000000e+00,0.000000000000000000e+00,0.000000000000000000e+00,0.000000000000000000e+00,0.000000000000000000e+00,0.000000000000000000e+00,0.000000000000000000e+00,0.000000000000000000e+00,0.000000000000000000e+00,0.000000000000000000e+00,0.000000000000000000e+00,0.000000000000000000e+00,0.000000000000000000e+00,0.000000000000000000e+00,0.000000000000000000e+00,0.000000000000000000e+00,0.000000000000000000e+00,0.000000000000000000e+00,0.000000000000000000e+00,0.000000000000000000e+00,0.000000000000000000e+00,0.000000000000000000e+00,0.000000000000000000e+00,0.000000000000000000e+00,0.000000000000000000e+00,0.000000000000000000e+00,0.000000000000000000e+00,0.000000000000000000e+00,0.000000000000000000e+00,0.000000000000000000e+00,0.000000000000000000e+00,0.000000000000000000e+00,0.000000000000000000e+00,0.000000000000000000e+00,0.000000000000000000e+00,0.000000000000000000e+00,0.000000000000000000e+00,0.000000000000000000e+00,0.000000000000000000e+00,0.000000000000000000e+00,0.000000000000000000e+00,0.000000000000000000e+00,0.000000000000000000e+00,0.000000000000000000e+00,0.000000000000000000e+00,0.000000000000000000e+00,0.000000000000000000e+00,0.000000000000000000e+00,0.000000000000000000e+00,0.000000000000000000e+00,0.000000000000000000e+00,0.000000000000000000e+00,0.000000000000000000e+00,0.000000000000000000e+00,0.000000000000000000e+00,0.000000000000000000e+00,0.000000000000000000e+00,0.000000000000000000e+00,0.000000000000000000e+00,0.000000000000000000e+00,0.000000000000000000e+00,0.000000000000000000e+00,0.000000000000000000e+00,0.000000000000000000e+00,0.000000000000000000e+00,0.000000000000000000e+00,0.000000000000000000e+00,0.000000000000000000e+00,0.000000000000000000e+00,0.000000000000000000e+00,0.000000000000000000e+00,0.000000000000000000e+00,0.000000000000000000e+00,0.000000000000000000e+00,0.000000000000000000e+00,0.000000000000000000e+00,0.000000000000000000e+00,0.000000000000000000e+00,0.000000000000000000e+00,0.000000000000000000e+00,0.000000000000000000e+00,0.000000000000000000e+00,0.000000000000000000e+00,0.000000000000000000e+00,0.000000000000000000e+00,0.000000000000000000e+00,0.000000000000000000e+00,0.000000000000000000e+00,0.000000000000000000e+00,0.000000000000000000e+00,0.000000000000000000e+00,0.000000000000000000e+00,0.000000000000000000e+00,0.000000000000000000e+00,0.000000000000000000e+00,0.000000000000000000e+00,0.000000000000000000e+00,0.000000000000000000e+00,0.000000000000000000e+00,0.000000000000000000e+00,0.000000000000000000e+00,0.000000000000000000e+00,0.000000000000000000e+00,0.000000000000000000e+00,0.000000000000000000e+00,0.000000000000000000e+00,0.000000000000000000e+00,0.000000000000000000e+00,0.000000000000000000e+00,0.000000000000000000e+00,0.000000000000000000e+00,0.000000000000000000e+00,0.000000000000000000e+00,0.000000000000000000e+00,0.000000000000000000e+00,0.000000000000000000e+00,0.000000000000000000e+00,0.000000000000000000e+00,0.000000000000000000e+00,0.000000000000000000e+00,0.000000000000000000e+00,0.000000000000000000e+00,0.000000000000000000e+00,0.000000000000000000e+00,0.000000000000000000e+00,0.000000000000000000e+00,0.000000000000000000e+00,0.000000000000000000e+00,0.000000000000000000e+00,0.000000000000000000e+00,0.000000000000000000e+00,0.000000000000000000e+00,0.000000000000000000e+00,0.000000000000000000e+00,0.000000000000000000e+00,0.000000000000000000e+00,0.000000000000000000e+00,0.000000000000000000e+00,0.000000000000000000e+00,0.000000000000000000e+00,0.000000000000000000e+00,0.000000000000000000e+00,0.000000000000000000e+00,0.000000000000000000e+00,0.000000000000000000e+00,0.000000000000000000e+00,0.000000000000000000e+00,0.000000000000000000e+00,0.000000000000000000e+00,0.000000000000000000e+00,0.000000000000000000e+00,0.000000000000000000e+00,0.000000000000000000e+00,0.000000000000000000e+00,0.000000000000000000e+00,0.000000000000000000e+00,0.000000000000000000e+00,0.000000000000000000e+00,0.000000000000000000e+00,0.000000000000000000e+00,0.000000000000000000e+00,0.000000000000000000e+00,0.000000000000000000e+00,0.000000000000000000e+00,0.000000000000000000e+00,0.000000000000000000e+00,0.000000000000000000e+00,0.000000000000000000e+00,0.000000000000000000e+00,0.000000000000000000e+00,0.000000000000000000e+00,0.000000000000000000e+00,0.000000000000000000e+00,0.000000000000000000e+00,0.000000000000000000e+00,0.000000000000000000e+00,0.000000000000000000e+00,0.000000000000000000e+00,0.000000000000000000e+00,0.000000000000000000e+00,0.000000000000000000e+00,0.000000000000000000e+00,0.000000000000000000e+00,0.000000000000000000e+00,0.000000000000000000e+00,0.000000000000000000e+00,0.000000000000000000e+00,0.000000000000000000e+00,0.000000000000000000e+00,0.000000000000000000e+00,0.000000000000000000e+00,0.000000000000000000e+00,0.000000000000000000e+00,0.000000000000000000e+00,0.000000000000000000e+00,0.000000000000000000e+00,0.000000000000000000e+00,0.000000000000000000e+00,0.000000000000000000e+00,0.000000000000000000e+00,0.000000000000000000e+00,0.000000000000000000e+00,0.000000000000000000e+00,0.000000000000000000e+00,0.000000000000000000e+00,0.000000000000000000e+00,0.000000000000000000e+00,0.000000000000000000e+00,0.000000000000000000e+00,0.000000000000000000e+00,0.000000000000000000e+00,0.000000000000000000e+00,0.000000000000000000e+00,0.000000000000000000e+00,0.000000000000000000e+00,0.000000000000000000e+00,0.000000000000000000e+00,0.000000000000000000e+00,0.000000000000000000e+00,0.000000000000000000e+00,0.000000000000000000e+00,0.000000000000000000e+00,0.000000000000000000e+00,0.000000000000000000e+00
0.000000000000000000e+00,0.000000000000000000e+00,0.000000000000000000e+00,0.000000000000000000e+00,0.000000000000000000e+00,0.000000000000000000e+00,0.000000000000000000e+00,0.000000000000000000e+00,0.000000000000000000e+00,0.000000000000000000e+00,0.000000000000000000e+00,0.000000000000000000e+00,0.000000000000000000e+00,0.000000000000000000e+00,0.000000000000000000e+00,0.000000000000000000e+00,0.000000000000000000e+00,0.000000000000000000e+00,0.000000000000000000e+00,0.000000000000000000e+00,0.000000000000000000e+00,0.000000000000000000e+00,0.000000000000000000e+00,0.000000000000000000e+00,0.000000000000000000e+00,0.000000000000000000e+00,0.000000000000000000e+00,0.000000000000000000e+00,0.000000000000000000e+00,0.000000000000000000e+00,0.000000000000000000e+00,0.000000000000000000e+00,0.000000000000000000e+00,0.000000000000000000e+00,0.000000000000000000e+00,0.000000000000000000e+00,0.000000000000000000e+00,0.000000000000000000e+00,0.000000000000000000e+00,0.000000000000000000e+00,0.000000000000000000e+00,0.000000000000000000e+00,0.000000000000000000e+00,0.000000000000000000e+00,0.000000000000000000e+00,0.000000000000000000e+00,0.000000000000000000e+00,0.000000000000000000e+00,0.000000000000000000e+00,0.000000000000000000e+00,0.000000000000000000e+00,0.000000000000000000e+00,0.000000000000000000e+00,0.000000000000000000e+00,0.000000000000000000e+00,0.000000000000000000e+00,0.000000000000000000e+00,0.000000000000000000e+00,0.000000000000000000e+00,0.000000000000000000e+00,0.000000000000000000e+00,0.000000000000000000e+00,0.000000000000000000e+00,0.000000000000000000e+00,0.000000000000000000e+00,0.000000000000000000e+00,0.000000000000000000e+00,0.000000000000000000e+00,0.000000000000000000e+00,0.000000000000000000e+00,0.000000000000000000e+00,0.000000000000000000e+00,0.000000000000000000e+00,0.000000000000000000e+00,0.000000000000000000e+00,0.000000000000000000e+00,0.000000000000000000e+00,0.000000000000000000e+00,0.000000000000000000e+00,0.000000000000000000e+00,0.000000000000000000e+00,0.000000000000000000e+00,0.000000000000000000e+00,0.000000000000000000e+00,0.000000000000000000e+00,0.000000000000000000e+00,0.000000000000000000e+00,0.000000000000000000e+00,0.000000000000000000e+00,0.000000000000000000e+00,0.000000000000000000e+00,0.000000000000000000e+00,0.000000000000000000e+00,0.000000000000000000e+00,0.000000000000000000e+00,0.000000000000000000e+00,0.000000000000000000e+00,0.000000000000000000e+00,0.000000000000000000e+00,0.000000000000000000e+00,0.000000000000000000e+00,0.000000000000000000e+00,0.000000000000000000e+00,0.000000000000000000e+00,0.000000000000000000e+00,0.000000000000000000e+00,0.000000000000000000e+00,0.000000000000000000e+00,0.000000000000000000e+00,0.000000000000000000e+00,0.000000000000000000e+00,0.000000000000000000e+00,0.000000000000000000e+00,0.000000000000000000e+00,0.000000000000000000e+00,0.000000000000000000e+00,0.000000000000000000e+00,0.000000000000000000e+00,0.000000000000000000e+00,0.000000000000000000e+00,0.000000000000000000e+00,0.000000000000000000e+00,0.000000000000000000e+00,0.000000000000000000e+00,0.000000000000000000e+00,0.000000000000000000e+00,0.000000000000000000e+00,0.000000000000000000e+00,0.000000000000000000e+00,0.000000000000000000e+00,0.000000000000000000e+00,0.000000000000000000e+00,0.000000000000000000e+00,0.000000000000000000e+00,0.000000000000000000e+00,0.000000000000000000e+00,0.000000000000000000e+00,0.000000000000000000e+00,0.000000000000000000e+00,0.000000000000000000e+00,0.000000000000000000e+00,0.000000000000000000e+00,0.000000000000000000e+00,0.000000000000000000e+00,0.000000000000000000e+00,0.000000000000000000e+00,0.000000000000000000e+00,0.000000000000000000e+00,0.000000000000000000e+00,0.000000000000000000e+00,0.000000000000000000e+00,0.000000000000000000e+00,0.000000000000000000e+00,0.000000000000000000e+00,0.000000000000000000e+00,0.000000000000000000e+00,0.000000000000000000e+00,0.000000000000000000e+00,0.000000000000000000e+00,0.000000000000000000e+00,0.000000000000000000e+00,0.000000000000000000e+00,0.000000000000000000e+00,0.000000000000000000e+00,0.000000000000000000e+00,0.000000000000000000e+00,0.000000000000000000e+00,0.000000000000000000e+00,0.000000000000000000e+00,0.000000000000000000e+00,0.000000000000000000e+00,0.000000000000000000e+00,0.000000000000000000e+00,0.000000000000000000e+00,0.000000000000000000e+00,0.000000000000000000e+00,0.000000000000000000e+00,0.000000000000000000e+00,0.000000000000000000e+00,0.000000000000000000e+00,0.000000000000000000e+00,0.000000000000000000e+00,0.000000000000000000e+00,0.000000000000000000e+00,0.000000000000000000e+00,0.000000000000000000e+00,0.000000000000000000e+00,0.000000000000000000e+00,0.000000000000000000e+00,0.000000000000000000e+00,0.000000000000000000e+00,0.000000000000000000e+00,0.000000000000000000e+00,0.000000000000000000e+00,0.000000000000000000e+00,0.000000000000000000e+00,0.000000000000000000e+00,0.000000000000000000e+00,0.000000000000000000e+00,0.000000000000000000e+00,0.000000000000000000e+00,0.000000000000000000e+00,0.000000000000000000e+00,0.000000000000000000e+00,0.000000000000000000e+00,0.000000000000000000e+00,0.000000000000000000e+00,0.000000000000000000e+00,0.000000000000000000e+00,0.000000000000000000e+00,0.000000000000000000e+00,0.000000000000000000e+00,0.000000000000000000e+00,0.000000000000000000e+00,0.000000000000000000e+00,0.000000000000000000e+00,0.000000000000000000e+00,0.000000000000000000e+00,0.000000000000000000e+00,0.000000000000000000e+00,0.000000000000000000e+00,0.000000000000000000e+00,0.000000000000000000e+00,0.000000000000000000e+00,0.000000000000000000e+00,0.000000000000000000e+00,0.000000000000000000e+00,0.000000000000000000e+00,0.000000000000000000e+00,0.000000000000000000e+00,0.000000000000000000e+00,0.000000000000000000e+00,0.000000000000000000e+00,0.000000000000000000e+00,0.000000000000000000e+00,0.000000000000000000e+00,0.000000000000000000e+00,0.000000000000000000e+00,0.000000000000000000e+00,0.000000000000000000e+00,0.000000000000000000e+00,0.000000000000000000e+00,0.000000000000000000e+00,0.000000000000000000e+00,0.000000000000000000e+00,0.000000000000000000e+00,0.000000000000000000e+00,0.000000000000000000e+00,0.000000000000000000e+00,0.000000000000000000e+00,0.000000000000000000e+00,0.000000000000000000e+00,0.000000000000000000e+00,0.000000000000000000e+00,0.000000000000000000e+00,0.000000000000000000e+00,0.000000000000000000e+00,0.000000000000000000e+00,0.000000000000000000e+00,0.000000000000000000e+00,0.000000000000000000e+00,0.000000000000000000e+00,0.000000000000000000e+00,0.000000000000000000e+00,0.000000000000000000e+00,0.000000000000000000e+00,0.000000000000000000e+00,0.000000000000000000e+00,0.000000000000000000e+00,0.000000000000000000e+00,0.000000000000000000e+00,0.000000000000000000e+00,0.000000000000000000e+00,0.000000000000000000e+00,0.000000000000000000e+00,0.000000000000000000e+00,0.000000000000000000e+00,0.000000000000000000e+00,0.000000000000000000e+00,0.000000000000000000e+00,0.000000000000000000e+00,0.000000000000000000e+00,0.000000000000000000e+00,0.000000000000000000e+00,0.000000000000000000e+00,0.000000000000000000e+00,0.000000000000000000e+00,0.000000000000000000e+00,0.000000000000000000e+00,0.000000000000000000e+00,0.000000000000000000e+00,0.000000000000000000e+00,0.000000000000000000e+00,0.000000000000000000e+00,0.000000000000000000e+00,0.000000000000000000e+00,0.000000000000000000e+00,0.000000000000000000e+00,0.000000000000000000e+00,0.000000000000000000e+00,0.000000000000000000e+00,0.000000000000000000e+00,0.000000000000000000e+00,0.000000000000000000e+00,0.000000000000000000e+00,0.000000000000000000e+00,0.000000000000000000e+00,0.000000000000000000e+00,0.000000000000000000e+00,0.000000000000000000e+00,0.000000000000000000e+00,0.000000000000000000e+00,0.000000000000000000e+00,0.000000000000000000e+00,0.000000000000000000e+00,0.000000000000000000e+00,0.000000000000000000e+00,0.000000000000000000e+00,0.000000000000000000e+00,0.000000000000000000e+00,0.000000000000000000e+00,0.000000000000000000e+00,0.000000000000000000e+00,0.000000000000000000e+00,0.000000000000000000e+00,0.000000000000000000e+00,0.000000000000000000e+00,0.000000000000000000e+00,0.000000000000000000e+00,0.000000000000000000e+00,0.000000000000000000e+00,0.000000000000000000e+00,0.000000000000000000e+00,0.000000000000000000e+00,0.000000000000000000e+00,0.000000000000000000e+00,0.000000000000000000e+00,0.000000000000000000e+00,0.000000000000000000e+00,0.000000000000000000e+00,0.000000000000000000e+00,0.000000000000000000e+00,0.000000000000000000e+00,0.000000000000000000e+00,0.000000000000000000e+00,0.000000000000000000e+00,0.000000000000000000e+00,0.000000000000000000e+00,0.000000000000000000e+00,0.000000000000000000e+00,0.000000000000000000e+00,0.000000000000000000e+00,0.000000000000000000e+00,0.000000000000000000e+00,0.000000000000000000e+00,0.000000000000000000e+00,0.000000000000000000e+00,0.000000000000000000e+00,0.000000000000000000e+00,0.000000000000000000e+00,0.000000000000000000e+00,0.000000000000000000e+00,0.000000000000000000e+00,0.000000000000000000e+00,0.000000000000000000e+00,0.000000000000000000e+00,0.000000000000000000e+00,0.000000000000000000e+00,0.000000000000000000e+00,0.000000000000000000e+00,0.000000000000000000e+00,0.000000000000000000e+00,0.000000000000000000e+00,0.000000000000000000e+00,0.000000000000000000e+00
0.000000000000000000e+00,0.000000000000000000e+00,0.000000000000000000e+00,0.000000000000000000e+00,0.000000000000000000e+00,0.000000000000000000e+00,0.000000000000000000e+00,0.000000000000000000e+00,0.000000000000000000e+00,0.000000000000000000e+00,0.000000000000000000e+00,0.000000000000000000e+00,0.000000000000000000e+00,0.000000000000000000e+00,0.000000000000000000e+00,0.000000000000000000e+00,0.000000000000000000e+00,0.000000000000000000e+00,0.000000000000000000e+00,0.000000000000000000e+00,0.000000000000000000e+00,0.000000000000000000e+00,0.000000000000000000e+00,0.000000000000000000e+00,0.000000000000000000e+00,0.000000000000000000e+00,0.000000000000000000e+00,0.000000000000000000e+00,0.000000000000000000e+00,0.000000000000000000e+00,0.000000000000000000e+00,0.000000000000000000e+00,0.000000000000000000e+00,0.000000000000000000e+00,0.000000000000000000e+00,0.000000000000000000e+00,0.000000000000000000e+00,0.000000000000000000e+00,0.000000000000000000e+00,0.000000000000000000e+00,0.000000000000000000e+00,0.000000000000000000e+00,0.000000000000000000e+00,0.000000000000000000e+00,0.000000000000000000e+00,0.000000000000000000e+00,0.000000000000000000e+00,0.000000000000000000e+00,0.000000000000000000e+00,0.000000000000000000e+00,0.000000000000000000e+00,0.000000000000000000e+00,0.000000000000000000e+00,0.000000000000000000e+00,0.000000000000000000e+00,0.000000000000000000e+00,0.000000000000000000e+00,0.000000000000000000e+00,0.000000000000000000e+00,0.000000000000000000e+00,0.000000000000000000e+00,0.000000000000000000e+00,0.000000000000000000e+00,0.000000000000000000e+00,0.000000000000000000e+00,0.000000000000000000e+00,0.000000000000000000e+00,0.000000000000000000e+00,0.000000000000000000e+00,0.000000000000000000e+00,0.000000000000000000e+00,0.000000000000000000e+00,0.000000000000000000e+00,0.000000000000000000e+00,0.000000000000000000e+00,0.000000000000000000e+00,0.000000000000000000e+00,0.000000000000000000e+00,0.000000000000000000e+00,0.000000000000000000e+00,0.000000000000000000e+00,0.000000000000000000e+00,0.000000000000000000e+00,0.000000000000000000e+00,0.000000000000000000e+00,0.000000000000000000e+00,0.000000000000000000e+00,0.000000000000000000e+00,0.000000000000000000e+00,0.000000000000000000e+00,0.000000000000000000e+00,0.000000000000000000e+00,0.000000000000000000e+00,0.000000000000000000e+00,0.000000000000000000e+00,0.000000000000000000e+00,0.000000000000000000e+00,0.000000000000000000e+00,0.000000000000000000e+00,0.000000000000000000e+00,0.000000000000000000e+00,0.000000000000000000e+00,0.000000000000000000e+00,0.000000000000000000e+00,0.000000000000000000e+00,0.000000000000000000e+00,0.000000000000000000e+00,0.000000000000000000e+00,0.000000000000000000e+00,0.000000000000000000e+00,0.000000000000000000e+00,0.000000000000000000e+00,0.000000000000000000e+00,0.000000000000000000e+00,0.000000000000000000e+00,0.000000000000000000e+00,0.000000000000000000e+00,0.000000000000000000e+00,0.000000000000000000e+00,0.000000000000000000e+00,0.000000000000000000e+00,0.000000000000000000e+00,0.000000000000000000e+00,0.000000000000000000e+00,0.000000000000000000e+00,0.000000000000000000e+00,0.000000000000000000e+00,0.000000000000000000e+00,0.000000000000000000e+00,0.000000000000000000e+00,0.000000000000000000e+00,0.000000000000000000e+00,0.000000000000000000e+00,0.000000000000000000e+00,0.000000000000000000e+00,0.000000000000000000e+00,0.000000000000000000e+00,0.000000000000000000e+00,0.000000000000000000e+00,0.000000000000000000e+00,0.000000000000000000e+00,0.000000000000000000e+00,0.000000000000000000e+00,0.000000000000000000e+00,0.000000000000000000e+00,0.000000000000000000e+00,0.000000000000000000e+00,0.000000000000000000e+00,0.000000000000000000e+00,0.000000000000000000e+00,0.000000000000000000e+00,0.000000000000000000e+00,0.000000000000000000e+00,0.000000000000000000e+00,0.000000000000000000e+00,0.000000000000000000e+00,0.000000000000000000e+00,0.000000000000000000e+00,0.000000000000000000e+00,0.000000000000000000e+00,0.000000000000000000e+00,0.000000000000000000e+00,0.000000000000000000e+00,0.000000000000000000e+00,0.000000000000000000e+00,0.000000000000000000e+00,0.000000000000000000e+00,0.000000000000000000e+00,0.000000000000000000e+00,0.000000000000000000e+00,0.000000000000000000e+00,0.000000000000000000e+00,0.000000000000000000e+00,0.000000000000000000e+00,0.000000000000000000e+00,0.000000000000000000e+00,0.000000000000000000e+00,0.000000000000000000e+00,0.000000000000000000e+00,0.000000000000000000e+00,0.000000000000000000e+00,0.000000000000000000e+00,0.000000000000000000e+00,0.000000000000000000e+00,0.000000000000000000e+00,0.000000000000000000e+00,0.000000000000000000e+00,0.000000000000000000e+00,0.000000000000000000e+00,0.000000000000000000e+00,0.000000000000000000e+00,0.000000000000000000e+00,0.000000000000000000e+00,0.000000000000000000e+00,0.000000000000000000e+00,0.000000000000000000e+00,0.000000000000000000e+00,0.000000000000000000e+00,0.000000000000000000e+00,0.000000000000000000e+00,0.000000000000000000e+00,0.000000000000000000e+00,0.000000000000000000e+00,0.000000000000000000e+00,0.000000000000000000e+00,0.000000000000000000e+00,0.000000000000000000e+00,0.000000000000000000e+00,0.000000000000000000e+00,0.000000000000000000e+00,0.000000000000000000e+00,0.000000000000000000e+00,0.000000000000000000e+00,0.000000000000000000e+00,0.000000000000000000e+00,0.000000000000000000e+00,0.000000000000000000e+00,0.000000000000000000e+00,0.000000000000000000e+00,0.000000000000000000e+00,0.000000000000000000e+00,0.000000000000000000e+00,0.000000000000000000e+00,0.000000000000000000e+00,0.000000000000000000e+00,0.000000000000000000e+00,0.000000000000000000e+00,0.000000000000000000e+00,0.000000000000000000e+00,0.000000000000000000e+00,0.000000000000000000e+00,0.000000000000000000e+00,0.000000000000000000e+00,0.000000000000000000e+00,0.000000000000000000e+00,0.000000000000000000e+00,0.000000000000000000e+00,0.000000000000000000e+00,0.000000000000000000e+00,0.000000000000000000e+00,0.000000000000000000e+00,0.000000000000000000e+00,0.000000000000000000e+00,0.000000000000000000e+00,0.000000000000000000e+00,0.000000000000000000e+00,0.000000000000000000e+00,0.000000000000000000e+00,0.000000000000000000e+00,0.000000000000000000e+00,0.000000000000000000e+00,0.000000000000000000e+00,0.000000000000000000e+00,0.000000000000000000e+00,0.000000000000000000e+00,0.000000000000000000e+00,0.000000000000000000e+00,0.000000000000000000e+00,0.000000000000000000e+00,0.000000000000000000e+00,0.000000000000000000e+00,0.000000000000000000e+00,0.000000000000000000e+00,0.000000000000000000e+00,0.000000000000000000e+00,0.000000000000000000e+00,0.000000000000000000e+00,0.000000000000000000e+00,0.000000000000000000e+00,0.000000000000000000e+00,0.000000000000000000e+00,0.000000000000000000e+00,0.000000000000000000e+00,0.000000000000000000e+00,0.000000000000000000e+00,0.000000000000000000e+00,0.000000000000000000e+00,0.000000000000000000e+00,0.000000000000000000e+00,0.000000000000000000e+00,0.000000000000000000e+00,0.000000000000000000e+00,0.000000000000000000e+00,0.000000000000000000e+00,0.000000000000000000e+00,0.000000000000000000e+00,0.000000000000000000e+00,0.000000000000000000e+00,0.000000000000000000e+00,0.000000000000000000e+00,0.000000000000000000e+00,0.000000000000000000e+00,0.000000000000000000e+00,0.000000000000000000e+00,0.000000000000000000e+00,0.000000000000000000e+00,0.000000000000000000e+00,0.000000000000000000e+00,0.000000000000000000e+00,0.000000000000000000e+00,0.000000000000000000e+00,0.000000000000000000e+00,0.000000000000000000e+00,0.000000000000000000e+00,0.000000000000000000e+00,0.000000000000000000e+00,0.000000000000000000e+00,0.000000000000000000e+00,0.000000000000000000e+00,0.000000000000000000e+00,0.000000000000000000e+00,0.000000000000000000e+00,0.000000000000000000e+00,0.000000000000000000e+00,0.000000000000000000e+00,0.000000000000000000e+00,0.000000000000000000e+00,0.000000000000000000e+00,0.000000000000000000e+00,0.000000000000000000e+00,0.000000000000000000e+00,0.000000000000000000e+00,0.000000000000000000e+00,0.000000000000000000e+00,0.000000000000000000e+00,0.000000000000000000e+00,0.000000000000000000e+00,0.000000000000000000e+00,0.000000000000000000e+00,0.000000000000000000e+00,0.000000000000000000e+00,0.000000000000000000e+00,0.000000000000000000e+00,0.000000000000000000e+00,0.000000000000000000e+00,0.000000000000000000e+00,0.000000000000000000e+00,0.000000000000000000e+00,0.000000000000000000e+00,0.000000000000000000e+00,0.000000000000000000e+00,0.000000000000000000e+00,0.000000000000000000e+00,0.000000000000000000e+00,0.000000000000000000e+00,0.000000000000000000e+00,0.000000000000000000e+00,0.000000000000000000e+00,0.000000000000000000e+00,0.000000000000000000e+00,0.000000000000000000e+00,0.000000000000000000e+00,0.000000000000000000e+00,0.000000000000000000e+00,0.000000000000000000e+00,0.000000000000000000e+00,0.000000000000000000e+00,0.000000000000000000e+00,0.000000000000000000e+00,0.000000000000000000e+00,0.000000000000000000e+00,0.000000000000000000e+00,0.000000000000000000e+00,0.000000000000000000e+00,0.000000000000000000e+00,0.000000000000000000e+00,0.000000000000000000e+00,0.000000000000000000e+00,0.000000000000000000e+00,0.000000000000000000e+00,0.000000000000000000e+00,0.000000000000000000e+00,0.000000000000000000e+00,0.000000000000000000e+00,0.000000000000000000e+00
0.000000000000000000e+00,0.000000000000000000e+00,0.000000000000000000e+00,0.000000000000000000e+00,0.000000000000000000e+00,0.000000000000000000e+00,0.000000000000000000e+00,0.000000000000000000e+00,0.000000000000000000e+00,0.000000000000000000e+00,0.000000000000000000e+00,0.000000000000000000e+00,0.000000000000000000e+00,0.000000000000000000e+00,0.000000000000000000e+00,0.000000000000000000e+00,0.000000000000000000e+00,0.000000000000000000e+00,0.000000000000000000e+00,0.000000000000000000e+00,0.000000000000000000e+00,0.000000000000000000e+00,0.000000000000000000e+00,0.000000000000000000e+00,0.000000000000000000e+00,0.000000000000000000e+00,0.000000000000000000e+00,0.000000000000000000e+00,0.000000000000000000e+00,0.000000000000000000e+00,0.000000000000000000e+00,0.000000000000000000e+00,0.000000000000000000e+00,0.000000000000000000e+00,0.000000000000000000e+00,0.000000000000000000e+00,0.000000000000000000e+00,0.000000000000000000e+00,0.000000000000000000e+00,0.000000000000000000e+00,0.000000000000000000e+00,0.000000000000000000e+00,0.000000000000000000e+00,0.000000000000000000e+00,0.000000000000000000e+00,0.000000000000000000e+00,0.000000000000000000e+00,0.000000000000000000e+00,0.000000000000000000e+00,0.000000000000000000e+00,0.000000000000000000e+00,0.000000000000000000e+00,0.000000000000000000e+00,0.000000000000000000e+00,0.000000000000000000e+00,0.000000000000000000e+00,0.000000000000000000e+00,0.000000000000000000e+00,0.000000000000000000e+00,0.000000000000000000e+00,0.000000000000000000e+00,0.000000000000000000e+00,0.000000000000000000e+00,0.000000000000000000e+00,0.000000000000000000e+00,0.000000000000000000e+00,0.000000000000000000e+00,0.000000000000000000e+00,0.000000000000000000e+00,0.000000000000000000e+00,0.000000000000000000e+00,0.000000000000000000e+00,0.000000000000000000e+00,0.000000000000000000e+00,0.000000000000000000e+00,0.000000000000000000e+00,0.000000000000000000e+00,0.000000000000000000e+00,0.000000000000000000e+00,0.000000000000000000e+00,0.000000000000000000e+00,0.000000000000000000e+00,0.000000000000000000e+00,0.000000000000000000e+00,0.000000000000000000e+00,0.000000000000000000e+00,0.000000000000000000e+00,0.000000000000000000e+00,0.000000000000000000e+00,0.000000000000000000e+00,0.000000000000000000e+00,0.000000000000000000e+00,0.000000000000000000e+00,0.000000000000000000e+00,0.000000000000000000e+00,0.000000000000000000e+00,0.000000000000000000e+00,0.000000000000000000e+00,0.000000000000000000e+00,0.000000000000000000e+00,0.000000000000000000e+00,0.000000000000000000e+00,0.000000000000000000e+00,0.000000000000000000e+00,0.000000000000000000e+00,0.000000000000000000e+00,0.000000000000000000e+00,0.000000000000000000e+00,0.000000000000000000e+00,0.000000000000000000e+00,0.000000000000000000e+00,0.000000000000000000e+00,0.000000000000000000e+00,0.000000000000000000e+00,0.000000000000000000e+00,0.000000000000000000e+00,0.000000000000000000e+00,0.000000000000000000e+00,0.000000000000000000e+00,0.000000000000000000e+00,0.000000000000000000e+00,0.000000000000000000e+00,0.000000000000000000e+00,0.000000000000000000e+00,0.000000000000000000e+00,0.000000000000000000e+00,0.000000000000000000e+00,0.000000000000000000e+00,0.000000000000000000e+00,0.000000000000000000e+00,0.000000000000000000e+00,0.000000000000000000e+00,0.000000000000000000e+00,0.000000000000000000e+00,0.000000000000000000e+00,0.000000000000000000e+00,0.000000000000000000e+00,0.000000000000000000e+00,0.000000000000000000e+00,0.000000000000000000e+00,0.000000000000000000e+00,0.000000000000000000e+00,0.000000000000000000e+00,0.000000000000000000e+00,0.000000000000000000e+00,0.000000000000000000e+00,0.000000000000000000e+00,0.000000000000000000e+00,0.000000000000000000e+00,0.000000000000000000e+00,0.000000000000000000e+00,0.000000000000000000e+00,0.000000000000000000e+00,0.000000000000000000e+00,0.000000000000000000e+00,0.000000000000000000e+00,0.000000000000000000e+00,0.000000000000000000e+00,0.000000000000000000e+00,0.000000000000000000e+00,0.000000000000000000e+00,0.000000000000000000e+00,0.000000000000000000e+00,0.000000000000000000e+00,0.000000000000000000e+00,0.000000000000000000e+00,0.000000000000000000e+00,0.000000000000000000e+00,0.000000000000000000e+00,0.000000000000000000e+00,0.000000000000000000e+00,0.000000000000000000e+00,0.000000000000000000e+00,0.000000000000000000e+00,0.000000000000000000e+00,0.000000000000000000e+00,0.000000000000000000e+00,0.000000000000000000e+00,0.000000000000000000e+00,0.000000000000000000e+00,0.000000000000000000e+00,0.000000000000000000e+00,0.000000000000000000e+00,0.000000000000000000e+00,0.000000000000000000e+00,0.000000000000000000e+00,0.000000000000000000e+00,0.000000000000000000e+00,0.000000000000000000e+00,0.000000000000000000e+00,0.000000000000000000e+00,0.000000000000000000e+00,0.000000000000000000e+00,0.000000000000000000e+00,0.000000000000000000e+00,0.000000000000000000e+00,0.000000000000000000e+00,0.000000000000000000e+00,0.000000000000000000e+00,0.000000000000000000e+00,0.000000000000000000e+00,0.000000000000000000e+00,0.000000000000000000e+00,0.000000000000000000e+00,0.000000000000000000e+00,0.000000000000000000e+00,0.000000000000000000e+00,0.000000000000000000e+00,0.000000000000000000e+00,0.000000000000000000e+00,0.000000000000000000e+00,0.000000000000000000e+00,0.000000000000000000e+00,0.000000000000000000e+00,0.000000000000000000e+00,0.000000000000000000e+00,0.000000000000000000e+00,0.000000000000000000e+00,0.000000000000000000e+00,0.000000000000000000e+00,0.000000000000000000e+00,0.000000000000000000e+00,0.000000000000000000e+00,0.000000000000000000e+00,0.000000000000000000e+00,0.000000000000000000e+00,0.000000000000000000e+00,0.000000000000000000e+00,0.000000000000000000e+00,0.000000000000000000e+00,0.000000000000000000e+00,0.000000000000000000e+00,0.000000000000000000e+00,0.000000000000000000e+00,0.000000000000000000e+00,0.000000000000000000e+00,0.000000000000000000e+00,0.000000000000000000e+00,0.000000000000000000e+00,0.000000000000000000e+00,0.000000000000000000e+00,0.000000000000000000e+00,0.000000000000000000e+00,0.000000000000000000e+00,0.000000000000000000e+00,0.000000000000000000e+00,0.000000000000000000e+00,0.000000000000000000e+00,0.000000000000000000e+00,0.000000000000000000e+00,0.000000000000000000e+00,0.000000000000000000e+00,0.000000000000000000e+00,0.000000000000000000e+00,0.000000000000000000e+00,0.000000000000000000e+00,0.000000000000000000e+00,0.000000000000000000e+00,0.000000000000000000e+00,0.000000000000000000e+00,0.000000000000000000e+00,0.000000000000000000e+00,0.000000000000000000e+00,0.000000000000000000e+00,0.000000000000000000e+00,0.000000000000000000e+00,0.000000000000000000e+00,0.000000000000000000e+00,0.000000000000000000e+00,0.000000000000000000e+00,0.000000000000000000e+00,0.000000000000000000e+00,0.000000000000000000e+00,0.000000000000000000e+00,0.000000000000000000e+00,0.000000000000000000e+00,0.000000000000000000e+00,0.000000000000000000e+00,0.000000000000000000e+00,0.000000000000000000e+00,0.000000000000000000e+00,0.000000000000000000e+00,0.000000000000000000e+00,0.000000000000000000e+00,0.000000000000000000e+00,0.000000000000000000e+00,0.000000000000000000e+00,0.000000000000000000e+00,0.000000000000000000e+00,0.000000000000000000e+00,0.000000000000000000e+00,0.000000000000000000e+00,0.000000000000000000e+00,0.000000000000000000e+00,0.000000000000000000e+00,0.000000000000000000e+00,0.000000000000000000e+00,0.000000000000000000e+00,0.000000000000000000e+00,0.000000000000000000e+00,0.000000000000000000e+00,0.000000000000000000e+00,0.000000000000000000e+00,0.000000000000000000e+00,0.000000000000000000e+00,0.000000000000000000e+00,0.000000000000000000e+00,0.000000000000000000e+00,0.000000000000000000e+00,0.000000000000000000e+00,0.000000000000000000e+00,0.000000000000000000e+00,0.000000000000000000e+00,0.000000000000000000e+00,0.000000000000000000e+00,0.000000000000000000e+00,0.000000000000000000e+00,0.000000000000000000e+00,0.000000000000000000e+00,0.000000000000000000e+00,0.000000000000000000e+00,0.000000000000000000e+00,0.000000000000000000e+00,0.000000000000000000e+00,0.000000000000000000e+00,0.000000000000000000e+00,0.000000000000000000e+00,0.000000000000000000e+00,0.000000000000000000e+00,0.000000000000000000e+00,0.000000000000000000e+00,0.000000000000000000e+00,0.000000000000000000e+00,0.000000000000000000e+00,0.000000000000000000e+00,0.000000000000000000e+00,0.000000000000000000e+00,0.000000000000000000e+00,0.000000000000000000e+00,0.000000000000000000e+00,0.000000000000000000e+00,0.000000000000000000e+00,0.000000000000000000e+00,0.000000000000000000e+00,0.000000000000000000e+00,0.000000000000000000e+00,0.000000000000000000e+00,0.000000000000000000e+00,0.000000000000000000e+00,0.000000000000000000e+00,0.000000000000000000e+00,0.000000000000000000e+00,0.000000000000000000e+00,0.000000000000000000e+00,0.000000000000000000e+00,0.000000000000000000e+00,0.000000000000000000e+00,0.000000000000000000e+00,0.000000000000000000e+00,0.000000000000000000e+00,0.000000000000000000e+00,0.000000000000000000e+00,0.000000000000000000e+00,0.000000000000000000e+00,0.000000000000000000e+00,0.000000000000000000e+00,0.000000000000000000e+00,0.000000000000000000e+00,0.000000000000000000e+00,0.000000000000000000e+00,0.000000000000000000e+00,0.000000000000000000e+00,0.000000000000000000e+00,0.000000000000000000e+00,0.000000000000000000e+00
0.000000000000000000e+00,0.000000000000000000e+00,0.000000000000000000e+00,0.000000000000000000e+00,0.000000000000000000e+00,0.000000000000000000e+00,0.000000000000000000e+00,0.000000000000000000e+00,0.000000000000000000e+00,0.000000000000000000e+00,0.000000000000000000e+00,0.000000000000000000e+00,0.000000000000000000e+00,0.000000000000000000e+00,0.000000000000000000e+00,0.000000000000000000e+00,0.000000000000000000e+00,0.000000000000000000e+00,0.000000000000000000e+00,0.000000000000000000e+00,0.000000000000000000e+00,0.000000000000000000e+00,0.000000000000000000e+00,0.000000000000000000e+00,0.000000000000000000e+00,0.000000000000000000e+00,0.000000000000000000e+00,0.000000000000000000e+00,0.000000000000000000e+00,0.000000000000000000e+00,0.000000000000000000e+00,0.000000000000000000e+00,0.000000000000000000e+00,0.000000000000000000e+00,0.000000000000000000e+00,0.000000000000000000e+00,0.000000000000000000e+00,0.000000000000000000e+00,0.000000000000000000e+00,0.000000000000000000e+00,0.000000000000000000e+00,0.000000000000000000e+00,0.000000000000000000e+00,0.000000000000000000e+00,0.000000000000000000e+00,0.000000000000000000e+00,0.000000000000000000e+00,0.000000000000000000e+00,0.000000000000000000e+00,0.000000000000000000e+00,0.000000000000000000e+00,0.000000000000000000e+00,0.000000000000000000e+00,0.000000000000000000e+00,0.000000000000000000e+00,0.000000000000000000e+00,0.000000000000000000e+00,0.000000000000000000e+00,0.000000000000000000e+00,0.000000000000000000e+00,0.000000000000000000e+00,0.000000000000000000e+00,0.000000000000000000e+00,0.000000000000000000e+00,0.000000000000000000e+00,0.000000000000000000e+00,0.000000000000000000e+00,0.000000000000000000e+00,0.000000000000000000e+00,0.000000000000000000e+00,0.000000000000000000e+00,0.000000000000000000e+00,0.000000000000000000e+00,0.000000000000000000e+00,0.000000000000000000e+00,0.000000000000000000e+00,0.000000000000000000e+00,0.000000000000000000e+00,0.000000000000000000e+00,0.000000000000000000e+00,0.000000000000000000e+00,0.000000000000000000e+00,0.000000000000000000e+00,0.000000000000000000e+00,0.000000000000000000e+00,0.000000000000000000e+00,0.000000000000000000e+00,0.000000000000000000e+00,0.000000000000000000e+00,0.000000000000000000e+00,0.000000000000000000e+00,0.000000000000000000e+00,0.000000000000000000e+00,0.000000000000000000e+00,0.000000000000000000e+00,0.000000000000000000e+00,0.000000000000000000e+00,0.000000000000000000e+00,0.000000000000000000e+00,0.000000000000000000e+00,0.000000000000000000e+00,0.000000000000000000e+00,0.000000000000000000e+00,0.000000000000000000e+00,0.000000000000000000e+00,0.000000000000000000e+00,0.000000000000000000e+00,0.000000000000000000e+00,0.000000000000000000e+00,0.000000000000000000e+00,0.000000000000000000e+00,0.000000000000000000e+00,0.000000000000000000e+00,0.000000000000000000e+00,0.000000000000000000e+00,0.000000000000000000e+00,0.000000000000000000e+00,0.000000000000000000e+00,0.000000000000000000e+00,0.000000000000000000e+00,0.000000000000000000e+00,0.000000000000000000e+00,0.000000000000000000e+00,0.000000000000000000e+00,0.000000000000000000e+00,0.000000000000000000e+00,0.000000000000000000e+00,0.000000000000000000e+00,0.000000000000000000e+00,0.000000000000000000e+00,0.000000000000000000e+00,0.000000000000000000e+00,0.000000000000000000e+00,0.000000000000000000e+00,0.000000000000000000e+00,0.000000000000000000e+00,0.000000000000000000e+00,0.000000000000000000e+00,0.000000000000000000e+00,0.000000000000000000e+00,0.000000000000000000e+00,0.000000000000000000e+00,0.000000000000000000e+00,0.000000000000000000e+00,0.000000000000000000e+00,0.000000000000000000e+00,0.000000000000000000e+00,0.000000000000000000e+00,0.000000000000000000e+00,0.000000000000000000e+00,0.000000000000000000e+00,0.000000000000000000e+00,0.000000000000000000e+00,0.000000000000000000e+00,0.000000000000000000e+00,0.000000000000000000e+00,0.000000000000000000e+00,0.000000000000000000e+00,0.000000000000000000e+00,0.000000000000000000e+00,0.000000000000000000e+00,0.000000000000000000e+00,0.000000000000000000e+00,0.000000000000000000e+00,0.000000000000000000e+00,0.000000000000000000e+00,0.000000000000000000e+00,0.000000000000000000e+00,0.000000000000000000e+00,0.000000000000000000e+00,0.000000000000000000e+00,0.000000000000000000e+00,0.000000000000000000e+00,0.000000000000000000e+00,0.000000000000000000e+00,0.000000000000000000e+00,0.000000000000000000e+00,0.000000000000000000e+00,0.000000000000000000e+00,0.000000000000000000e+00,0.000000000000000000e+00,0.000000000000000000e+00,0.000000000000000000e+00,0.000000000000000000e+00,0.000000000000000000e+00,0.000000000000000000e+00,0.000000000000000000e+00,0.000000000000000000e+00,0.000000000000000000e+00,0.000000000000000000e+00,0.000000000000000000e+00,0.000000000000000000e+00,0.000000000000000000e+00,0.000000000000000000e+00,0.000000000000000000e+00,0.000000000000000000e+00,0.000000000000000000e+00,0.000000000000000000e+00,0.000000000000000000e+00,0.000000000000000000e+00,0.000000000000000000e+00,0.000000000000000000e+00,0.000000000000000000e+00,0.000000000000000000e+00,0.000000000000000000e+00,0.000000000000000000e+00,0.000000000000000000e+00,0.000000000000000000e+00,0.000000000000000000e+00,0.000000000000000000e+00,0.000000000000000000e+00,0.000000000000000000e+00,0.000000000000000000e+00,0.000000000000000000e+00,0.000000000000000000e+00,0.000000000000000000e+00,0.000000000000000000e+00,0.000000000000000000e+00,0.000000000000000000e+00,0.000000000000000000e+00,0.000000000000000000e+00,0.000000000000000000e+00,0.000000000000000000e+00,0.000000000000000000e+00,0.000000000000000000e+00,0.000000000000000000e+00,0.000000000000000000e+00,0.000000000000000000e+00,0.000000000000000000e+00,0.000000000000000000e+00,0.000000000000000000e+00,0.000000000000000000e+00,0.000000000000000000e+00,0.000000000000000000e+00,0.000000000000000000e+00,0.000000000000000000e+00,0.000000000000000000e+00,0.000000000000000000e+00,0.000000000000000000e+00,0.000000000000000000e+00,0.000000000000000000e+00,0.000000000000000000e+00,0.000000000000000000e+00,0.000000000000000000e+00,0.000000000000000000e+00,0.000000000000000000e+00,0.000000000000000000e+00,0.000000000000000000e+00,0.000000000000000000e+00,0.000000000000000000e+00,0.000000000000000000e+00,0.000000000000000000e+00,0.000000000000000000e+00,0.000000000000000000e+00,0.000000000000000000e+00,0.000000000000000000e+00,0.000000000000000000e+00,0.000000000000000000e+00,0.000000000000000000e+00,0.000000000000000000e+00,0.000000000000000000e+00,0.000000000000000000e+00,0.000000000000000000e+00,0.000000000000000000e+00,0.000000000000000000e+00,0.000000000000000000e+00,0.000000000000000000e+00,0.000000000000000000e+00,0.000000000000000000e+00,0.000000000000000000e+00,0.000000000000000000e+00,0.000000000000000000e+00,0.000000000000000000e+00,0.000000000000000000e+00,0.000000000000000000e+00,0.000000000000000000e+00,0.000000000000000000e+00,0.000000000000000000e+00,0.000000000000000000e+00,0.000000000000000000e+00,0.000000000000000000e+00,0.000000000000000000e+00,0.000000000000000000e+00,0.000000000000000000e+00,0.000000000000000000e+00,0.000000000000000000e+00,0.000000000000000000e+00,0.000000000000000000e+00,0.000000000000000000e+00,0.000000000000000000e+00,0.000000000000000000e+00,0.000000000000000000e+00,0.000000000000000000e+00,0.000000000000000000e+00,0.000000000000000000e+00,0.000000000000000000e+00,0.000000000000000000e+00,0.000000000000000000e+00,0.000000000000000000e+00,0.000000000000000000e+00,0.000000000000000000e+00,0.000000000000000000e+00,0.000000000000000000e+00,0.000000000000000000e+00,0.000000000000000000e+00,0.000000000000000000e+00,0.000000000000000000e+00,0.000000000000000000e+00,0.000000000000000000e+00,0.000000000000000000e+00,0.000000000000000000e+00,0.000000000000000000e+00,0.000000000000000000e+00,0.000000000000000000e+00,0.000000000000000000e+00,0.000000000000000000e+00,0.000000000000000000e+00,0.000000000000000000e+00,0.000000000000000000e+00,0.000000000000000000e+00,0.000000000000000000e+00,0.000000000000000000e+00,0.000000000000000000e+00,0.000000000000000000e+00,0.000000000000000000e+00,0.000000000000000000e+00,0.000000000000000000e+00,0.000000000000000000e+00,0.000000000000000000e+00,0.000000000000000000e+00,0.000000000000000000e+00,0.000000000000000000e+00,0.000000000000000000e+00,0.000000000000000000e+00,0.000000000000000000e+00,0.000000000000000000e+00,0.000000000000000000e+00,0.000000000000000000e+00,0.000000000000000000e+00,0.000000000000000000e+00,0.000000000000000000e+00,0.000000000000000000e+00,0.000000000000000000e+00,0.000000000000000000e+00,0.000000000000000000e+00,0.000000000000000000e+00,0.000000000000000000e+00,0.000000000000000000e+00,0.000000000000000000e+00,0.000000000000000000e+00,0.000000000000000000e+00,0.000000000000000000e+00,0.000000000000000000e+00,0.000000000000000000e+00,0.000000000000000000e+00,0.000000000000000000e+00,0.000000000000000000e+00,0.000000000000000000e+00,0.000000000000000000e+00,0.000000000000000000e+00,0.000000000000000000e+00,0.000000000000000000e+00,0.000000000000000000e+00,0.000000000000000000e+00,0.000000000000000000e+00,0.000000000000000000e+00,0.000000000000000000e+00,0.000000000000000000e+00,0.000000000000000000e+00,0.000000000000000000e+00,0.000000000000000000e+00,0.000000000000000000e+00,0.000000000000000000e+00,0.000000000000000000e+00,0.000000000000000000e+00
0.000000000000000000e+00,0.000000000000000000e+00,0.000000000000000000e+00,0.000000000000000000e+00,0.000000000000000000e+00,0.000000000000000000e+00,0.000000000000000000e+00,0.000000000000000000e+00,0.000000000000000000e+00,0.000000000000000000e+00,0.000000000000000000e+00,0.000000000000000000e+00,0.000000000000000000e+00,0.000000000000000000e+00,0.000000000000000000e+00,0.000000000000000000e+00,0.000000000000000000e+00,0.000000000000000000e+00,0.000000000000000000e+00,0.000000000000000000e+00,0.000000000000000000e+00,0.000000000000000000e+00,0.000000000000000000e+00,0.000000000000000000e+00,0.000000000000000000e+00,0.000000000000000000e+00,0.000000000000000000e+00,0.000000000000000000e+00,0.000000000000000000e+00,0.000000000000000000e+00,0.000000000000000000e+00,0.000000000000000000e+00,0.000000000000000000e+00,0.000000000000000000e+00,0.000000000000000000e+00,0.000000000000000000e+00,0.000000000000000000e+00,0.000000000000000000e+00,0.000000000000000000e+00,0.000000000000000000e+00,0.000000000000000000e+00,0.000000000000000000e+00,0.000000000000000000e+00,0.000000000000000000e+00,0.000000000000000000e+00,0.000000000000000000e+00,0.000000000000000000e+00,0.000000000000000000e+00,0.000000000000000000e+00,0.000000000000000000e+00,0.000000000000000000e+00,0.000000000000000000e+00,0.000000000000000000e+00,0.000000000000000000e+00,0.000000000000000000e+00,0.000000000000000000e+00,0.000000000000000000e+00,0.000000000000000000e+00,0.000000000000000000e+00,0.000000000000000000e+00,0.000000000000000000e+00,0.000000000000000000e+00,0.000000000000000000e+00,0.000000000000000000e+00,0.000000000000000000e+00,0.000000000000000000e+00,0.000000000000000000e+00,0.000000000000000000e+00,0.000000000000000000e+00,0.000000000000000000e+00,0.000000000000000000e+00,0.000000000000000000e+00,0.000000000000000000e+00,0.000000000000000000e+00,0.000000000000000000e+00,0.000000000000000000e+00,0.000000000000000000e+00,0.000000000000000000e+00,0.000000000000000000e+00,0.000000000000000000e+00,0.000000000000000000e+00,0.000000000000000000e+00,0.000000000000000000e+00,0.000000000000000000e+00,0.000000000000000000e+00,0.000000000000000000e+00,0.000000000000000000e+00,0.000000000000000000e+00,0.000000000000000000e+00,0.000000000000000000e+00,0.000000000000000000e+00,0.000000000000000000e+00,0.000000000000000000e+00,0.000000000000000000e+00,0.000000000000000000e+00,0.000000000000000000e+00,0.000000000000000000e+00,0.000000000000000000e+00,0.000000000000000000e+00,0.000000000000000000e+00,0.000000000000000000e+00,0.000000000000000000e+00,0.000000000000000000e+00,0.000000000000000000e+00,0.000000000000000000e+00,0.000000000000000000e+00,0.000000000000000000e+00,0.000000000000000000e+00,0.000000000000000000e+00,0.000000000000000000e+00,0.000000000000000000e+00,0.000000000000000000e+00,0.000000000000000000e+00,0.000000000000000000e+00,0.000000000000000000e+00,0.000000000000000000e+00,0.000000000000000000e+00,0.000000000000000000e+00,0.000000000000000000e+00,0.000000000000000000e+00,0.000000000000000000e+00,0.000000000000000000e+00,0.000000000000000000e+00,0.000000000000000000e+00,0.000000000000000000e+00,0.000000000000000000e+00,0.000000000000000000e+00,0.000000000000000000e+00,0.000000000000000000e+00,0.000000000000000000e+00,0.000000000000000000e+00,0.000000000000000000e+00,0.000000000000000000e+00,0.000000000000000000e+00,0.000000000000000000e+00,0.000000000000000000e+00,0.000000000000000000e+00,0.000000000000000000e+00,0.000000000000000000e+00,0.000000000000000000e+00,0.000000000000000000e+00,0.000000000000000000e+00,0.000000000000000000e+00,0.000000000000000000e+00,0.000000000000000000e+00,0.000000000000000000e+00,0.000000000000000000e+00,0.000000000000000000e+00,0.000000000000000000e+00,0.000000000000000000e+00,0.000000000000000000e+00,0.000000000000000000e+00,0.000000000000000000e+00,0.000000000000000000e+00,0.000000000000000000e+00,0.000000000000000000e+00,0.000000000000000000e+00,0.000000000000000000e+00,0.000000000000000000e+00,0.000000000000000000e+00,0.000000000000000000e+00,0.000000000000000000e+00,0.000000000000000000e+00,0.000000000000000000e+00,0.000000000000000000e+00,0.000000000000000000e+00,0.000000000000000000e+00,0.000000000000000000e+00,0.000000000000000000e+00,0.000000000000000000e+00,0.000000000000000000e+00,0.000000000000000000e+00,0.000000000000000000e+00,0.000000000000000000e+00,0.000000000000000000e+00,0.000000000000000000e+00,0.000000000000000000e+00,0.000000000000000000e+00,0.000000000000000000e+00,0.000000000000000000e+00,0.000000000000000000e+00,0.000000000000000000e+00,0.000000000000000000e+00,0.000000000000000000e+00,0.000000000000000000e+00,0.000000000000000000e+00,0.000000000000000000e+00,0.000000000000000000e+00,0.000000000000000000e+00,0.000000000000000000e+00,0.000000000000000000e+00,0.000000000000000000e+00,0.000000000000000000e+00,0.000000000000000000e+00,0.000000000000000000e+00,0.000000000000000000e+00,0.000000000000000000e+00,0.000000000000000000e+00,0.000000000000000000e+00,0.000000000000000000e+00,0.000000000000000000e+00,0.000000000000000000e+00,0.000000000000000000e+00,0.000000000000000000e+00,0.000000000000000000e+00,0.000000000000000000e+00,0.000000000000000000e+00,0.000000000000000000e+00,0.000000000000000000e+00,0.000000000000000000e+00,0.000000000000000000e+00,0.000000000000000000e+00,0.000000000000000000e+00,0.000000000000000000e+00,0.000000000000000000e+00,0.000000000000000000e+00,0.000000000000000000e+00,0.000000000000000000e+00,0.000000000000000000e+00,0.000000000000000000e+00,0.000000000000000000e+00,0.000000000000000000e+00,0.000000000000000000e+00,0.000000000000000000e+00,0.000000000000000000e+00,0.000000000000000000e+00,0.000000000000000000e+00,0.000000000000000000e+00,0.000000000000000000e+00,0.000000000000000000e+00,0.000000000000000000e+00,0.000000000000000000e+00,0.000000000000000000e+00,0.000000000000000000e+00,0.000000000000000000e+00,0.000000000000000000e+00,0.000000000000000000e+00,0.000000000000000000e+00,0.000000000000000000e+00,0.000000000000000000e+00,0.000000000000000000e+00,0.000000000000000000e+00,0.000000000000000000e+00,0.000000000000000000e+00,0.000000000000000000e+00,0.000000000000000000e+00,0.000000000000000000e+00,0.000000000000000000e+00,0.000000000000000000e+00,0.000000000000000000e+00,0.000000000000000000e+00,0.000000000000000000e+00,0.000000000000000000e+00,0.000000000000000000e+00,0.000000000000000000e+00,0.000000000000000000e+00,0.000000000000000000e+00,0.000000000000000000e+00,0.000000000000000000e+00,0.000000000000000000e+00,0.000000000000000000e+00,0.000000000000000000e+00,0.000000000000000000e+00,0.000000000000000000e+00,0.000000000000000000e+00,0.000000000000000000e+00,0.000000000000000000e+00,0.000000000000000000e+00,0.000000000000000000e+00,0.000000000000000000e+00,0.000000000000000000e+00,0.000000000000000000e+00,0.000000000000000000e+00,0.000000000000000000e+00,0.000000000000000000e+00,0.000000000000000000e+00,0.000000000000000000e+00,0.000000000000000000e+00,0.000000000000000000e+00,0.000000000000000000e+00,0.000000000000000000e+00,0.000000000000000000e+00,0.000000000000000000e+00,0.000000000000000000e+00,0.000000000000000000e+00,0.000000000000000000e+00,0.000000000000000000e+00,0.000000000000000000e+00,0.000000000000000000e+00,0.000000000000000000e+00,0.000000000000000000e+00,0.000000000000000000e+00,0.000000000000000000e+00,0.000000000000000000e+00,0.000000000000000000e+00,0.000000000000000000e+00,0.000000000000000000e+00,0.000000000000000000e+00,0.000000000000000000e+00,0.000000000000000000e+00,0.000000000000000000e+00,0.000000000000000000e+00,0.000000000000000000e+00,0.000000000000000000e+00,0.000000000000000000e+00,0.000000000000000000e+00,0.000000000000000000e+00,0.000000000000000000e+00,0.000000000000000000e+00,0.000000000000000000e+00,0.000000000000000000e+00,0.000000000000000000e+00,0.000000000000000000e+00,0.000000000000000000e+00,0.000000000000000000e+00,0.000000000000000000e+00,0.000000000000000000e+00,0.000000000000000000e+00,0.000000000000000000e+00,0.000000000000000000e+00,0.000000000000000000e+00,0.000000000000000000e+00,0.000000000000000000e+00,0.000000000000000000e+00,0.000000000000000000e+00,0.000000000000000000e+00,0.000000000000000000e+00,0.000000000000000000e+00,0.000000000000000000e+00,0.000000000000000000e+00,0.000000000000000000e+00,0.000000000000000000e+00,0.000000000000000000e+00,0.000000000000000000e+00,0.000000000000000000e+00,0.000000000000000000e+00,0.000000000000000000e+00,0.000000000000000000e+00,0.000000000000000000e+00,0.000000000000000000e+00,0.000000000000000000e+00,0.000000000000000000e+00,0.000000000000000000e+00,0.000000000000000000e+00,0.000000000000000000e+00,0.000000000000000000e+00,0.000000000000000000e+00,0.000000000000000000e+00,0.000000000000000000e+00,0.000000000000000000e+00,0.000000000000000000e+00,0.000000000000000000e+00,0.000000000000000000e+00,0.000000000000000000e+00,0.000000000000000000e+00,0.000000000000000000e+00,0.000000000000000000e+00,0.000000000000000000e+00,0.000000000000000000e+00,0.000000000000000000e+00,0.000000000000000000e+00,0.000000000000000000e+00,0.000000000000000000e+00,0.000000000000000000e+00,0.000000000000000000e+00,0.000000000000000000e+00,0.000000000000000000e+00,0.000000000000000000e+00,0.000000000000000000e+00,0.000000000000000000e+00,0.000000000000000000e+00,0.000000000000000000e+00,0.000000000000000000e+00,0.000000000000000000e+00,0.000000000000000000e+00
0.000000000000000000e+00,0.000000000000000000e+00,0.000000000000000000e+00,0.000000000000000000e+00,0.000000000000000000e+00,0.000000000000000000e+00,0.000000000000000000e+00,0.000000000000000000e+00,0.000000000000000000e+00,0.000000000000000000e+00,0.000000000000000000e+00,0.000000000000000000e+00,0.000000000000000000e+00,0.000000000000000000e+00,0.000000000000000000e+00,0.000000000000000000e+00,0.000000000000000000e+00,0.000000000000000000e+00,0.000000000000000000e+00,0.000000000000000000e+00,0.000000000000000000e+00,0.000000000000000000e+00,0.000000000000000000e+00,0.000000000000000000e+00,0.000000000000000000e+00,0.000000000000000000e+00,0.000000000000000000e+00,0.000000000000000000e+00,0.000000000000000000e+00,0.000000000000000000e+00,0.000000000000000000e+00,0.000000000000000000e+00,0.000000000000000000e+00,0.000000000000000000e+00,0.000000000000000000e+00,0.000000000000000000e+00,0.000000000000000000e+00,0.000000000000000000e+00,0.000000000000000000e+00,0.000000000000000000e+00,0.000000000000000000e+00,0.000000000000000000e+00,0.000000000000000000e+00,0.000000000000000000e+00,0.000000000000000000e+00,0.000000000000000000e+00,0.000000000000000000e+00,0.000000000000000000e+00,0.000000000000000000e+00,0.000000000000000000e+00,0.000000000000000000e+00,0.000000000000000000e+00,0.000000000000000000e+00,0.000000000000000000e+00,0.000000000000000000e+00,0.000000000000000000e+00,0.000000000000000000e+00,0.000000000000000000e+00,0.000000000000000000e+00,0.000000000000000000e+00,0.000000000000000000e+00,0.000000000000000000e+00,0.000000000000000000e+00,0.000000000000000000e+00,0.000000000000000000e+00,0.000000000000000000e+00,0.000000000000000000e+00,0.000000000000000000e+00,0.000000000000000000e+00,0.000000000000000000e+00,0.000000000000000000e+00,0.000000000000000000e+00,0.000000000000000000e+00,0.000000000000000000e+00,0.000000000000000000e+00,0.000000000000000000e+00,0.000000000000000000e+00,0.000000000000000000e+00,0.000000000000000000e+00,0.000000000000000000e+00,0.000000000000000000e+00,0.000000000000000000e+00,0.000000000000000000e+00,0.000000000000000000e+00,0.000000000000000000e+00,0.000000000000000000e+00,0.000000000000000000e+00,0.000000000000000000e+00,0.000000000000000000e+00,0.000000000000000000e+00,0.000000000000000000e+00,0.000000000000000000e+00,0.000000000000000000e+00,0.000000000000000000e+00,0.000000000000000000e+00,0.000000000000000000e+00,0.000000000000000000e+00,0.000000000000000000e+00,0.000000000000000000e+00,0.000000000000000000e+00,0.000000000000000000e+00,0.000000000000000000e+00,0.000000000000000000e+00,0.000000000000000000e+00,0.000000000000000000e+00,0.000000000000000000e+00,0.000000000000000000e+00,0.000000000000000000e+00,0.000000000000000000e+00,0.000000000000000000e+00,0.000000000000000000e+00,0.000000000000000000e+00,0.000000000000000000e+00,0.000000000000000000e+00,0.000000000000000000e+00,0.000000000000000000e+00,0.000000000000000000e+00,0.000000000000000000e+00,0.000000000000000000e+00,0.000000000000000000e+00,0.000000000000000000e+00,0.000000000000000000e+00,0.000000000000000000e+00,0.000000000000000000e+00,0.000000000000000000e+00,0.000000000000000000e+00,0.000000000000000000e+00,0.000000000000000000e+00,0.000000000000000000e+00,0.000000000000000000e+00,0.000000000000000000e+00,0.000000000000000000e+00,0.000000000000000000e+00,0.000000000000000000e+00,0.000000000000000000e+00,0.000000000000000000e+00,0.000000000000000000e+00,0.000000000000000000e+00,0.000000000000000000e+00,0.000000000000000000e+00,0.000000000000000000e+00,0.000000000000000000e+00,0.000000000000000000e+00,0.000000000000000000e+00,0.000000000000000000e+00,0.000000000000000000e+00,0.000000000000000000e+00,0.000000000000000000e+00,0.000000000000000000e+00,0.000000000000000000e+00,0.000000000000000000e+00,0.000000000000000000e+00,0.000000000000000000e+00,0.000000000000000000e+00,0.000000000000000000e+00,0.000000000000000000e+00,0.000000000000000000e+00,0.000000000000000000e+00,0.000000000000000000e+00,0.000000000000000000e+00,0.000000000000000000e+00,0.000000000000000000e+00,0.000000000000000000e+00,0.000000000000000000e+00,0.000000000000000000e+00,0.000000000000000000e+00,0.000000000000000000e+00,0.000000000000000000e+00,0.000000000000000000e+00,0.000000000000000000e+00,0.000000000000000000e+00,0.000000000000000000e+00,0.000000000000000000e+00,0.000000000000000000e+00,0.000000000000000000e+00,0.000000000000000000e+00,0.000000000000000000e+00,0.000000000000000000e+00,0.000000000000000000e+00,0.000000000000000000e+00,0.000000000000000000e+00,0.000000000000000000e+00,0.000000000000000000e+00,0.000000000000000000e+00,0.000000000000000000e+00,0.000000000000000000e+00,0.000000000000000000e+00,0.000000000000000000e+00,0.000000000000000000e+00,0.000000000000000000e+00,0.000000000000000000e+00,0.000000000000000000e+00,0.000000000000000000e+00,0.000000000000000000e+00,0.000000000000000000e+00,0.000000000000000000e+00,0.000000000000000000e+00,0.000000000000000000e+00,0.000000000000000000e+00,0.000000000000000000e+00,0.000000000000000000e+00,0.000000000000000000e+00,0.000000000000000000e+00,0.000000000000000000e+00,0.000000000000000000e+00,0.000000000000000000e+00,0.000000000000000000e+00,0.000000000000000000e+00,0.000000000000000000e+00,0.000000000000000000e+00,0.000000000000000000e+00,0.000000000000000000e+00,0.000000000000000000e+00,0.000000000000000000e+00,0.000000000000000000e+00,0.000000000000000000e+00,0.000000000000000000e+00,0.000000000000000000e+00,0.000000000000000000e+00,0.000000000000000000e+00,0.000000000000000000e+00,0.000000000000000000e+00,0.000000000000000000e+00,0.000000000000000000e+00,0.000000000000000000e+00,0.000000000000000000e+00,0.000000000000000000e+00,0.000000000000000000e+00,0.000000000000000000e+00,0.000000000000000000e+00,0.000000000000000000e+00,0.000000000000000000e+00,0.000000000000000000e+00,0.000000000000000000e+00,0.000000000000000000e+00,0.000000000000000000e+00,0.000000000000000000e+00,0.000000000000000000e+00,0.000000000000000000e+00,0.000000000000000000e+00,0.000000000000000000e+00,0.000000000000000000e+00,0.000000000000000000e+00,0.000000000000000000e+00,0.000000000000000000e+00,0.000000000000000000e+00,0.000000000000000000e+00,0.000000000000000000e+00,0.000000000000000000e+00,0.000000000000000000e+00,0.000000000000000000e+00,0.000000000000000000e+00,0.000000000000000000e+00,0.000000000000000000e+00,0.000000000000000000e+00,0.000000000000000000e+00,0.000000000000000000e+00,0.000000000000000000e+00,0.000000000000000000e+00,0.000000000000000000e+00,0.000000000000000000e+00,0.000000000000000000e+00,0.000000000000000000e+00,0.000000000000000000e+00,0.000000000000000000e+00,0.000000000000000000e+00,0.000000000000000000e+00,0.000000000000000000e+00,0.000000000000000000e+00,0.000000000000000000e+00,0.000000000000000000e+00,0.000000000000000000e+00,0.000000000000000000e+00,0.000000000000000000e+00,0.000000000000000000e+00,0.000000000000000000e+00,0.000000000000000000e+00,0.000000000000000000e+00,0.000000000000000000e+00,0.000000000000000000e+00,0.000000000000000000e+00,0.000000000000000000e+00,0.000000000000000000e+00,0.000000000000000000e+00,0.000000000000000000e+00,0.000000000000000000e+00,0.000000000000000000e+00,0.000000000000000000e+00,0.000000000000000000e+00,0.000000000000000000e+00,0.000000000000000000e+00,0.000000000000000000e+00,0.000000000000000000e+00,0.000000000000000000e+00,0.000000000000000000e+00,0.000000000000000000e+00,0.000000000000000000e+00,0.000000000000000000e+00,0.000000000000000000e+00,0.000000000000000000e+00,0.000000000000000000e+00,0.000000000000000000e+00,0.000000000000000000e+00,0.000000000000000000e+00,0.000000000000000000e+00,0.000000000000000000e+00,0.000000000000000000e+00,0.000000000000000000e+00,0.000000000000000000e+00,0.000000000000000000e+00,0.000000000000000000e+00,0.000000000000000000e+00,0.000000000000000000e+00,0.000000000000000000e+00,0.000000000000000000e+00,0.000000000000000000e+00,0.000000000000000000e+00,0.000000000000000000e+00,0.000000000000000000e+00,0.000000000000000000e+00,0.000000000000000000e+00,0.000000000000000000e+00,0.000000000000000000e+00,0.000000000000000000e+00,0.000000000000000000e+00,0.000000000000000000e+00,0.000000000000000000e+00,0.000000000000000000e+00,0.000000000000000000e+00,0.000000000000000000e+00,0.000000000000000000e+00,0.000000000000000000e+00,0.000000000000000000e+00,0.000000000000000000e+00,0.000000000000000000e+00,0.000000000000000000e+00,0.000000000000000000e+00,0.000000000000000000e+00,0.000000000000000000e+00,0.000000000000000000e+00,0.000000000000000000e+00,0.000000000000000000e+00,0.000000000000000000e+00,0.000000000000000000e+00,0.000000000000000000e+00,0.000000000000000000e+00,0.000000000000000000e+00,0.000000000000000000e+00,0.000000000000000000e+00,0.000000000000000000e+00,0.000000000000000000e+00,0.000000000000000000e+00,0.000000000000000000e+00,0.000000000000000000e+00,0.000000000000000000e+00,0.000000000000000000e+00,0.000000000000000000e+00,0.000000000000000000e+00,0.000000000000000000e+00,0.000000000000000000e+00,0.000000000000000000e+00,0.000000000000000000e+00,0.000000000000000000e+00,0.000000000000000000e+00,0.000000000000000000e+00,0.000000000000000000e+00,0.000000000000000000e+00,0.000000000000000000e+00,0.000000000000000000e+00,0.000000000000000000e+00,0.000000000000000000e+00,0.000000000000000000e+00,0.000000000000000000e+00,0.000000000000000000e+00,0.000000000000000000e+00
0.000000000000000000e+00,0.000000000000000000e+00,0.000000000000000000e+00,0.000000000000000000e+00,0.000000000000000000e+00,0.000000000000000000e+00,0.000000000000000000e+00,0.000000000000000000e+00,0.000000000000000000e+00,0.000000000000000000e+00,0.000000000000000000e+00,0.000000000000000000e+00,0.000000000000000000e+00,0.000000000000000000e+00,0.000000000000000000e+00,0.000000000000000000e+00,0.000000000000000000e+00,0.000000000000000000e+00,0.000000000000000000e+00,0.000000000000000000e+00,0.000000000000000000e+00,0.000000000000000000e+00,0.000000000000000000e+00,0.000000000000000000e+00,0.000000000000000000e+00,0.000000000000000000e+00,0.000000000000000000e+00,0.000000000000000000e+00,0.000000000000000000e+00,0.000000000000000000e+00,0.000000000000000000e+00,0.000000000000000000e+00,0.000000000000000000e+00,0.000000000000000000e+00,0.000000000000000000e+00,0.000000000000000000e+00,0.000000000000000000e+00,0.000000000000000000e+00,0.000000000000000000e+00,0.000000000000000000e+00,0.000000000000000000e+00,0.000000000000000000e+00,0.000000000000000000e+00,0.000000000000000000e+00,0.000000000000000000e+00,0.000000000000000000e+00,0.000000000000000000e+00,0.000000000000000000e+00,0.000000000000000000e+00,0.000000000000000000e+00,0.000000000000000000e+00,0.000000000000000000e+00,0.000000000000000000e+00,0.000000000000000000e+00,0.000000000000000000e+00,0.000000000000000000e+00,0.000000000000000000e+00,0.000000000000000000e+00,0.000000000000000000e+00,0.000000000000000000e+00,0.000000000000000000e+00,0.000000000000000000e+00,0.000000000000000000e+00,0.000000000000000000e+00,0.000000000000000000e+00,0.000000000000000000e+00,0.000000000000000000e+00,0.000000000000000000e+00,0.000000000000000000e+00,0.000000000000000000e+00,0.000000000000000000e+00,0.000000000000000000e+00,0.000000000000000000e+00,0.000000000000000000e+00,0.000000000000000000e+00,0.000000000000000000e+00,0.000000000000000000e+00,0.000000000000000000e+00,0.000000000000000000e+00,0.000000000000000000e+00,0.000000000000000000e+00,0.000000000000000000e+00,0.000000000000000000e+00,0.000000000000000000e+00,0.000000000000000000e+00,0.000000000000000000e+00,0.000000000000000000e+00,0.000000000000000000e+00,0.000000000000000000e+00,0.000000000000000000e+00,0.000000000000000000e+00,0.000000000000000000e+00,0.000000000000000000e+00,0.000000000000000000e+00,0.000000000000000000e+00,0.000000000000000000e+00,0.000000000000000000e+00,0.000000000000000000e+00,0.000000000000000000e+00,0.000000000000000000e+00,0.000000000000000000e+00,0.000000000000000000e+00,0.000000000000000000e+00,0.000000000000000000e+00,0.000000000000000000e+00,0.000000000000000000e+00,0.000000000000000000e+00,0.000000000000000000e+00,0.000000000000000000e+00,0.000000000000000000e+00,0.000000000000000000e+00,0.000000000000000000e+00,0.000000000000000000e+00,0.000000000000000000e+00,0.000000000000000000e+00,0.000000000000000000e+00,0.000000000000000000e+00,0.000000000000000000e+00,0.000000000000000000e+00,0.000000000000000000e+00,0.000000000000000000e+00,0.000000000000000000e+00,0.000000000000000000e+00,0.000000000000000000e+00,0.000000000000000000e+00,0.000000000000000000e+00,0.000000000000000000e+00,0.000000000000000000e+00,0.000000000000000000e+00,0.000000000000000000e+00,0.000000000000000000e+00,0.000000000000000000e+00,0.000000000000000000e+00,0.000000000000000000e+00,0.000000000000000000e+00,0.000000000000000000e+00,0.000000000000000000e+00,0.000000000000000000e+00,0.000000000000000000e+00,0.000000000000000000e+00,0.000000000000000000e+00,0.000000000000000000e+00,0.000000000000000000e+00,0.000000000000000000e+00,0.000000000000000000e+00,0.000000000000000000e+00,0.000000000000000000e+00,0.000000000000000000e+00,0.000000000000000000e+00,0.000000000000000000e+00,0.000000000000000000e+00,0.000000000000000000e+00,0.000000000000000000e+00,0.000000000000000000e+00,0.000000000000000000e+00,0.000000000000000000e+00,0.000000000000000000e+00,0.000000000000000000e+00,0.000000000000000000e+00,0.000000000000000000e+00,0.000000000000000000e+00,0.000000000000000000e+00,0.000000000000000000e+00,0.000000000000000000e+00,0.000000000000000000e+00,0.000000000000000000e+00,0.000000000000000000e+00,0.000000000000000000e+00,0.000000000000000000e+00,0.000000000000000000e+00,0.000000000000000000e+00,0.000000000000000000e+00,0.000000000000000000e+00,0.000000000000000000e+00,0.000000000000000000e+00,0.000000000000000000e+00,0.000000000000000000e+00,0.000000000000000000e+00,0.000000000000000000e+00,0.000000000000000000e+00,0.000000000000000000e+00,0.000000000000000000e+00,0.000000000000000000e+00,0.000000000000000000e+00,0.000000000000000000e+00,0.000000000000000000e+00,0.000000000000000000e+00,0.000000000000000000e+00,0.000000000000000000e+00,0.000000000000000000e+00,0.000000000000000000e+00,0.000000000000000000e+00,0.000000000000000000e+00,0.000000000000000000e+00,0.000000000000000000e+00,0.000000000000000000e+00,0.000000000000000000e+00,0.000000000000000000e+00,0.000000000000000000e+00,0.000000000000000000e+00,0.000000000000000000e+00,0.000000000000000000e+00,0.000000000000000000e+00,0.000000000000000000e+00,0.000000000000000000e+00,0.000000000000000000e+00,0.000000000000000000e+00,0.000000000000000000e+00,0.000000000000000000e+00,0.000000000000000000e+00,0.000000000000000000e+00,0.000000000000000000e+00,0.000000000000000000e+00,0.000000000000000000e+00,0.000000000000000000e+00,0.000000000000000000e+00,0.000000000000000000e+00,0.000000000000000000e+00,0.000000000000000000e+00,0.000000000000000000e+00,0.000000000000000000e+00,0.000000000000000000e+00,0.000000000000000000e+00,0.000000000000000000e+00,0.000000000000000000e+00,0.000000000000000000e+00,0.000000000000000000e+00,0.000000000000000000e+00,0.000000000000000000e+00,0.000000000000000000e+00,0.000000000000000000e+00,0.000000000000000000e+00,0.000000000000000000e+00,0.000000000000000000e+00,0.000000000000000000e+00,0.000000000000000000e+00,0.000000000000000000e+00,0.000000000000000000e+00,0.000000000000000000e+00,0.000000000000000000e+00,0.000000000000000000e+00,0.000000000000000000e+00,0.000000000000000000e+00,0.000000000000000000e+00,0.000000000000000000e+00,0.000000000000000000e+00,0.000000000000000000e+00,0.000000000000000000e+00,0.000000000000000000e+00,0.000000000000000000e+00,0.000000000000000000e+00,0.000000000000000000e+00,0.000000000000000000e+00,0.000000000000000000e+00,0.000000000000000000e+00,0.000000000000000000e+00,0.000000000000000000e+00,0.000000000000000000e+00,0.000000000000000000e+00,0.000000000000000000e+00,0.000000000000000000e+00,0.000000000000000000e+00,0.000000000000000000e+00,0.000000000000000000e+00,0.000000000000000000e+00,0.000000000000000000e+00,0.000000000000000000e+00,0.000000000000000000e+00,0.000000000000000000e+00,0.000000000000000000e+00,0.000000000000000000e+00,0.000000000000000000e+00,0.000000000000000000e+00,0.000000000000000000e+00,0.000000000000000000e+00,0.000000000000000000e+00,0.000000000000000000e+00,0.000000000000000000e+00,0.000000000000000000e+00,0.000000000000000000e+00,0.000000000000000000e+00,0.000000000000000000e+00,0.000000000000000000e+00,0.000000000000000000e+00,0.000000000000000000e+00,0.000000000000000000e+00,0.000000000000000000e+00,0.000000000000000000e+00,0.000000000000000000e+00,0.000000000000000000e+00,0.000000000000000000e+00,0.000000000000000000e+00,0.000000000000000000e+00,0.000000000000000000e+00,0.000000000000000000e+00,0.000000000000000000e+00,0.000000000000000000e+00,0.000000000000000000e+00,0.000000000000000000e+00,0.000000000000000000e+00,0.000000000000000000e+00,0.000000000000000000e+00,0.000000000000000000e+00,0.000000000000000000e+00,0.000000000000000000e+00,0.000000000000000000e+00,0.000000000000000000e+00,0.000000000000000000e+00,0.000000000000000000e+00,0.000000000000000000e+00,0.000000000000000000e+00,0.000000000000000000e+00,0.000000000000000000e+00,0.000000000000000000e+00,0.000000000000000000e+00,0.000000000000000000e+00,0.000000000000000000e+00,0.000000000000000000e+00,0.000000000000000000e+00,0.000000000000000000e+00,0.000000000000000000e+00,0.000000000000000000e+00,0.000000000000000000e+00,0.000000000000000000e+00,0.000000000000000000e+00,0.000000000000000000e+00,0.000000000000000000e+00,0.000000000000000000e+00,0.000000000000000000e+00,0.000000000000000000e+00,0.000000000000000000e+00,0.000000000000000000e+00,0.000000000000000000e+00,0.000000000000000000e+00,0.000000000000000000e+00,0.000000000000000000e+00,0.000000000000000000e+00,0.000000000000000000e+00,0.000000000000000000e+00,0.000000000000000000e+00,0.000000000000000000e+00,0.000000000000000000e+00,0.000000000000000000e+00,0.000000000000000000e+00,0.000000000000000000e+00,0.000000000000000000e+00,0.000000000000000000e+00,0.000000000000000000e+00,0.000000000000000000e+00,0.000000000000000000e+00,0.000000000000000000e+00,0.000000000000000000e+00,0.000000000000000000e+00,0.000000000000000000e+00,0.000000000000000000e+00,0.000000000000000000e+00,0.000000000000000000e+00,0.000000000000000000e+00,0.000000000000000000e+00,0.000000000000000000e+00,0.000000000000000000e+00,0.000000000000000000e+00,0.000000000000000000e+00,0.000000000000000000e+00,0.000000000000000000e+00,0.000000000000000000e+00,0.000000000000000000e+00,0.000000000000000000e+00,0.000000000000000000e+00,0.000000000000000000e+00,0.000000000000000000e+00,0.000000000000000000e+00,0.000000000000000000e+00,0.000000000000000000e+00,0.000000000000000000e+00
0.000000000000000000e+00,0.000000000000000000e+00,0.000000000000000000e+00,0.000000000000000000e+00,0.000000000000000000e+00,0.000000000000000000e+00,0.000000000000000000e+00,0.000000000000000000e+00,0.000000000000000000e+00,0.000000000000000000e+00,0.000000000000000000e+00,0.000000000000000000e+00,0.000000000000000000e+00,0.000000000000000000e+00,0.000000000000000000e+00,0.000000000000000000e+00,0.000000000000000000e+00,0.000000000000000000e+00,0.000000000000000000e+00,0.000000000000000000e+00,0.000000000000000000e+00,0.000000000000000000e+00,0.000000000000000000e+00,0.000000000000000000e+00,0.000000000000000000e+00,0.000000000000000000e+00,0.000000000000000000e+00,0.000000000000000000e+00,0.000000000000000000e+00,0.000000000000000000e+00,0.000000000000000000e+00,0.000000000000000000e+00,0.000000000000000000e+00,0.000000000000000000e+00,0.000000000000000000e+00,0.000000000000000000e+00,0.000000000000000000e+00,0.000000000000000000e+00,0.000000000000000000e+00,0.000000000000000000e+00,0.000000000000000000e+00,0.000000000000000000e+00,0.000000000000000000e+00,0.000000000000000000e+00,0.000000000000000000e+00,0.000000000000000000e+00,0.000000000000000000e+00,0.000000000000000000e+00,0.000000000000000000e+00,0.000000000000000000e+00,0.000000000000000000e+00,0.000000000000000000e+00,0.000000000000000000e+00,0.000000000000000000e+00,0.000000000000000000e+00,0.000000000000000000e+00,0.000000000000000000e+00,0.000000000000000000e+00,0.000000000000000000e+00,0.000000000000000000e+00,0.000000000000000000e+00,0.000000000000000000e+00,0.000000000000000000e+00,0.000000000000000000e+00,0.000000000000000000e+00,0.000000000000000000e+00,0.000000000000000000e+00,0.000000000000000000e+00,0.000000000000000000e+00,0.000000000000000000e+00,0.000000000000000000e+00,0.000000000000000000e+00,0.000000000000000000e+00,0.000000000000000000e+00,0.000000000000000000e+00,0.000000000000000000e+00,0.000000000000000000e+00,0.000000000000000000e+00,0.000000000000000000e+00,0.000000000000000000e+00,0.000000000000000000e+00,0.000000000000000000e+00,0.000000000000000000e+00,0.000000000000000000e+00,0.000000000000000000e+00,0.000000000000000000e+00,0.000000000000000000e+00,0.000000000000000000e+00,0.000000000000000000e+00,0.000000000000000000e+00,0.000000000000000000e+00,0.000000000000000000e+00,0.000000000000000000e+00,0.000000000000000000e+00,0.000000000000000000e+00,0.000000000000000000e+00,0.000000000000000000e+00,0.000000000000000000e+00,0.000000000000000000e+00,0.000000000000000000e+00,0.000000000000000000e+00,0.000000000000000000e+00,0.000000000000000000e+00,0.000000000000000000e+00,0.000000000000000000e+00,0.000000000000000000e+00,0.000000000000000000e+00,0.000000000000000000e+00,0.000000000000000000e+00,0.000000000000000000e+00,0.000000000000000000e+00,0.000000000000000000e+00,0.000000000000000000e+00,0.000000000000000000e+00,0.000000000000000000e+00,0.000000000000000000e+00,0.000000000000000000e+00,0.000000000000000000e+00,0.000000000000000000e+00,0.000000000000000000e+00,0.000000000000000000e+00,0.000000000000000000e+00,0.000000000000000000e+00,0.000000000000000000e+00,0.000000000000000000e+00,0.000000000000000000e+00,0.000000000000000000e+00,0.000000000000000000e+00,0.000000000000000000e+00,0.000000000000000000e+00,0.000000000000000000e+00,0.000000000000000000e+00,0.000000000000000000e+00,0.000000000000000000e+00,0.000000000000000000e+00,0.000000000000000000e+00,0.000000000000000000e+00,0.000000000000000000e+00,0.000000000000000000e+00,0.000000000000000000e+00,0.000000000000000000e+00,0.000000000000000000e+00,0.000000000000000000e+00,0.000000000000000000e+00,0.000000000000000000e+00,0.000000000000000000e+00,0.000000000000000000e+00,0.000000000000000000e+00,0.000000000000000000e+00,0.000000000000000000e+00,0.000000000000000000e+00,0.000000000000000000e+00,0.000000000000000000e+00,0.000000000000000000e+00,0.000000000000000000e+00,0.000000000000000000e+00,0.000000000000000000e+00,0.000000000000000000e+00,0.000000000000000000e+00,0.000000000000000000e+00,0.000000000000000000e+00,0.000000000000000000e+00,0.000000000000000000e+00,0.000000000000000000e+00,0.000000000000000000e+00,0.000000000000000000e+00,0.000000000000000000e+00,0.000000000000000000e+00,0.000000000000000000e+00,0.000000000000000000e+00,0.000000000000000000e+00,0.000000000000000000e+00,0.000000000000000000e+00,0.000000000000000000e+00,0.000000000000000000e+00,0.000000000000000000e+00,0.000000000000000000e+00,0.000000000000000000e+00,0.000000000000000000e+00,0.000000000000000000e+00,0.000000000000000000e+00,0.000000000000000000e+00,0.000000000000000000e+00,0.000000000000000000e+00,0.000000000000000000e+00,0.000000000000000000e+00,0.000000000000000000e+00,0.000000000000000000e+00,0.000000000000000000e+00,0.000000000000000000e+00,0.000000000000000000e+00,0.000000000000000000e+00,0.000000000000000000e+00,0.000000000000000000e+00,0.000000000000000000e+00,0.000000000000000000e+00,0.000000000000000000e+00,0.000000000000000000e+00,0.000000000000000000e+00,0.000000000000000000e+00,0.000000000000000000e+00,0.000000000000000000e+00,0.000000000000000000e+00,0.000000000000000000e+00,0.000000000000000000e+00,0.000000000000000000e+00,0.000000000000000000e+00,0.000000000000000000e+00,0.000000000000000000e+00,0.000000000000000000e+00,0.000000000000000000e+00,0.000000000000000000e+00,0.000000000000000000e+00,0.000000000000000000e+00,0.000000000000000000e+00,0.000000000000000000e+00,0.000000000000000000e+00,0.000000000000000000e+00,0.000000000000000000e+00,0.000000000000000000e+00,0.000000000000000000e+00,0.000000000000000000e+00,0.000000000000000000e+00,0.000000000000000000e+00,0.000000000000000000e+00,0.000000000000000000e+00,0.000000000000000000e+00,0.000000000000000000e+00,0.000000000000000000e+00,0.000000000000000000e+00,0.000000000000000000e+00,0.000000000000000000e+00,0.000000000000000000e+00,0.000000000000000000e+00,0.000000000000000000e+00,0.000000000000000000e+00,0.000000000000000000e+00,0.000000000000000000e+00,0.000000000000000000e+00,0.000000000000000000e+00,0.000000000000000000e+00,0.000000000000000000e+00,0.000000000000000000e+00,0.000000000000000000e+00,0.000000000000000000e+00,0.000000000000000000e+00,0.000000000000000000e+00,0.000000000000000000e+00,0.000000000000000000e+00,0.000000000000000000e+00,0.000000000000000000e+00,0.000000000000000000e+00,0.000000000000000000e+00,0.000000000000000000e+00,0.000000000000000000e+00,0.000000000000000000e+00,0.000000000000000000e+00,0.000000000000000000e+00,0.000000000000000000e+00,0.000000000000000000e+00,0.000000000000000000e+00,0.000000000000000000e+00,0.000000000000000000e+00,0.000000000000000000e+00,0.000000000000000000e+00,0.000000000000000000e+00,0.000000000000000000e+00,0.000000000000000000e+00,0.000000000000000000e+00,0.000000000000000000e+00,0.000000000000000000e+00,0.000000000000000000e+00,0.000000000000000000e+00,0.000000000000000000e+00,0.000000000000000000e+00,0.000000000000000000e+00,0.000000000000000000e+00,0.000000000000000000e+00,0.000000000000000000e+00,0.000000000000000000e+00,0.000000000000000000e+00,0.000000000000000000e+00,0.000000000000000000e+00,0.000000000000000000e+00,0.000000000000000000e+00,0.000000000000000000e+00,0.000000000000000000e+00,0.000000000000000000e+00,0.000000000000000000e+00,0.000000000000000000e+00,0.000000000000000000e+00,0.000000000000000000e+00,0.000000000000000000e+00,0.000000000000000000e+00,0.000000000000000000e+00,0.000000000000000000e+00,0.000000000000000000e+00,0.000000000000000000e+00,0.000000000000000000e+00,0.000000000000000000e+00,0.000000000000000000e+00,0.000000000000000000e+00,0.000000000000000000e+00,0.000000000000000000e+00,0.000000000000000000e+00,0.000000000000000000e+00,0.000000000000000000e+00,0.000000000000000000e+00,0.000000000000000000e+00,0.000000000000000000e+00,0.000000000000000000e+00,0.000000000000000000e+00,0.000000000000000000e+00,0.000000000000000000e+00,0.000000000000000000e+00,0.000000000000000000e+00,0.000000000000000000e+00,0.000000000000000000e+00,0.000000000000000000e+00,0.000000000000000000e+00,0.000000000000000000e+00,0.000000000000000000e+00,0.000000000000000000e+00,0.000000000000000000e+00,0.000000000000000000e+00,0.000000000000000000e+00,0.000000000000000000e+00,0.000000000000000000e+00,0.000000000000000000e+00,0.000000000000000000e+00,0.000000000000000000e+00,0.000000000000000000e+00,0.000000000000000000e+00,0.000000000000000000e+00,0.000000000000000000e+00,0.000000000000000000e+00,0.000000000000000000e+00,0.000000000000000000e+00,0.000000000000000000e+00,0.000000000000000000e+00,0.000000000000000000e+00,0.000000000000000000e+00,0.000000000000000000e+00,0.000000000000000000e+00,0.000000000000000000e+00,0.000000000000000000e+00,0.000000000000000000e+00,0.000000000000000000e+00,0.000000000000000000e+00,0.000000000000000000e+00,0.000000000000000000e+00,0.000000000000000000e+00,0.000000000000000000e+00,0.000000000000000000e+00,0.000000000000000000e+00,0.000000000000000000e+00,0.000000000000000000e+00,0.000000000000000000e+00,0.000000000000000000e+00,0.000000000000000000e+00,0.000000000000000000e+00,0.000000000000000000e+00,0.000000000000000000e+00,0.000000000000000000e+00,0.000000000000000000e+00,0.000000000000000000e+00,0.000000000000000000e+00,0.000000000000000000e+00,0.000000000000000000e+00,0.000000000000000000e+00,0.000000000000000000e+00,0.000000000000000000e+00,0.000000000000000000e+00,0.000000000000000000e+00,0.000000000000000000e+00
0.000000000000000000e+00,0.000000000000000000e+00,0.000000000000000000e+00,0.000000000000000000e+00,0.000000000000000000e+00,0.000000000000000000e+00,0.000000000000000000e+00,0.000000000000000000e+00,0.000000000000000000e+00,0.000000000000000000e+00,0.000000000000000000e+00,0.000000000000000000e+00,0.000000000000000000e+00,0.000000000000000000e+00,0.000000000000000000e+00,0.000000000000000000e+00,0.000000000000000000e+00,0.000000000000000000e+00,0.000000000000000000e+00,0.000000000000000000e+00,0.000000000000000000e+00,0.000000000000000000e+00,0.000000000000000000e+00,0.000000000000000000e+00,0.000000000000000000e+00,0.000000000000000000e+00,0.000000000000000000e+00,0.000000000000000000e+00,0.000000000000000000e+00,0.000000000000000000e+00,0.000000000000000000e+00,0.000000000000000000e+00,0.000000000000000000e+00,0.000000000000000000e+00,0.000000000000000000e+00,0.000000000000000000e+00,0.000000000000000000e+00,0.000000000000000000e+00,0.000000000000000000e+00,0.000000000000000000e+00,0.000000000000000000e+00,0.000000000000000000e+00,0.000000000000000000e+00,0.000000000000000000e+00,0.000000000000000000e+00,0.000000000000000000e+00,0.000000000000000000e+00,0.000000000000000000e+00,0.000000000000000000e+00,0.000000000000000000e+00,0.000000000000000000e+00,0.000000000000000000e+00,0.000000000000000000e+00,0.000000000000000000e+00,0.000000000000000000e+00,0.000000000000000000e+00,0.000000000000000000e+00,0.000000000000000000e+00,0.000000000000000000e+00,0.000000000000000000e+00,0.000000000000000000e+00,0.000000000000000000e+00,0.000000000000000000e+00,0.000000000000000000e+00,0.000000000000000000e+00,0.000000000000000000e+00,0.000000000000000000e+00,0.000000000000000000e+00,0.000000000000000000e+00,0.000000000000000000e+00,0.000000000000000000e+00,0.000000000000000000e+00,0.000000000000000000e+00,0.000000000000000000e+00,0.000000000000000000e+00,0.000000000000000000e+00,0.000000000000000000e+00,0.000000000000000000e+00,0.000000000000000000e+00,0.000000000000000000e+00,0.000000000000000000e+00,0.000000000000000000e+00,0.000000000000000000e+00,0.000000000000000000e+00,0.000000000000000000e+00,0.000000000000000000e+00,0.000000000000000000e+00,0.000000000000000000e+00,0.000000000000000000e+00,0.000000000000000000e+00,0.000000000000000000e+00,0.000000000000000000e+00,0.000000000000000000e+00,0.000000000000000000e+00,0.000000000000000000e+00,0.000000000000000000e+00,0.000000000000000000e+00,0.000000000000000000e+00,0.000000000000000000e+00,0.000000000000000000e+00,0.000000000000000000e+00,0.000000000000000000e+00,0.000000000000000000e+00,0.000000000000000000e+00,0.000000000000000000e+00,0.000000000000000000e+00,0.000000000000000000e+00,0.000000000000000000e+00,0.000000000000000000e+00,0.000000000000000000e+00,0.000000000000000000e+00,0.000000000000000000e+00,0.000000000000000000e+00,0.000000000000000000e+00,0.000000000000000000e+00,0.000000000000000000e+00,0.000000000000000000e+00,0.000000000000000000e+00,0.000000000000000000e+00,0.000000000000000000e+00,0.000000000000000000e+00,0.000000000000000000e+00,0.000000000000000000e+00,0.000000000000000000e+00,0.000000000000000000e+00,0.000000000000000000e+00,0.000000000000000000e+00,0.000000000000000000e+00,0.000000000000000000e+00,0.000000000000000000e+00,0.000000000000000000e+00,0.000000000000000000e+00,0.000000000000000000e+00,0.000000000000000000e+00,0.000000000000000000e+00,0.000000000000000000e+00,0.000000000000000000e+00,0.000000000000000000e+00,0.000000000000000000e+00,0.000000000000000000e+00,0.000000000000000000e+00,0.000000000000000000e+00,0.000000000000000000e+00,0.000000000000000000e+00,0.000000000000000000e+00,0.000000000000000000e+00,0.000000000000000000e+00,0.000000000000000000e+00,0.000000000000000000e+00,0.000000000000000000e+00,0.000000000000000000e+00,0.000000000000000000e+00,0.000000000000000000e+00,0.000000000000000000e+00,0.000000000000000000e+00,0.000000000000000000e+00,0.000000000000000000e+00,0.000000000000000000e+00,0.000000000000000000e+00,0.000000000000000000e+00,0.000000000000000000e+00,0.000000000000000000e+00,0.000000000000000000e+00,0.000000000000000000e+00,0.000000000000000000e+00,0.000000000000000000e+00,0.000000000000000000e+00,0.000000000000000000e+00,0.000000000000000000e+00,0.000000000000000000e+00,0.000000000000000000e+00,0.000000000000000000e+00,0.000000000000000000e+00,0.000000000000000000e+00,0.000000000000000000e+00,0.000000000000000000e+00,0.000000000000000000e+00,0.000000000000000000e+00,0.000000000000000000e+00,0.000000000000000000e+00,0.000000000000000000e+00,0.000000000000000000e+00,0.000000000000000000e+00,0.000000000000000000e+00,0.000000000000000000e+00,0.000000000000000000e+00,0.000000000000000000e+00,0.000000000000000000e+00,0.000000000000000000e+00,0.000000000000000000e+00,0.000000000000000000e+00,0.000000000000000000e+00,0.000000000000000000e+00,0.000000000000000000e+00,0.000000000000000000e+00,0.000000000000000000e+00,0.000000000000000000e+00,0.000000000000000000e+00,0.000000000000000000e+00,0.000000000000000000e+00,0.000000000000000000e+00,0.000000000000000000e+00,0.000000000000000000e+00,0.000000000000000000e+00,0.000000000000000000e+00,0.000000000000000000e+00,0.000000000000000000e+00,0.000000000000000000e+00,0.000000000000000000e+00,0.000000000000000000e+00,0.000000000000000000e+00,0.000000000000000000e+00,0.000000000000000000e+00,0.000000000000000000e+00,0.000000000000000000e+00,0.000000000000000000e+00,0.000000000000000000e+00,0.000000000000000000e+00,0.000000000000000000e+00,0.000000000000000000e+00,0.000000000000000000e+00,0.000000000000000000e+00,0.000000000000000000e+00,0.000000000000000000e+00,0.000000000000000000e+00,0.000000000000000000e+00,0.000000000000000000e+00,0.000000000000000000e+00,0.000000000000000000e+00,0.000000000000000000e+00,0.000000000000000000e+00,0.000000000000000000e+00,0.000000000000000000e+00,0.000000000000000000e+00,0.000000000000000000e+00,0.000000000000000000e+00,0.000000000000000000e+00,0.000000000000000000e+00,0.000000000000000000e+00,0.000000000000000000e+00,0.000000000000000000e+00,0.000000000000000000e+00,0.000000000000000000e+00,0.000000000000000000e+00,0.000000000000000000e+00,0.000000000000000000e+00,0.000000000000000000e+00,0.000000000000000000e+00,0.000000000000000000e+00,0.000000000000000000e+00,0.000000000000000000e+00,0.000000000000000000e+00,0.000000000000000000e+00,0.000000000000000000e+00,0.000000000000000000e+00,0.000000000000000000e+00,0.000000000000000000e+00,0.000000000000000000e+00,0.000000000000000000e+00,0.000000000000000000e+00,0.000000000000000000e+00,0.000000000000000000e+00,0.000000000000000000e+00,0.000000000000000000e+00,0.000000000000000000e+00,0.000000000000000000e+00,0.000000000000000000e+00,0.000000000000000000e+00,0.000000000000000000e+00,0.000000000000000000e+00,0.000000000000000000e+00,0.000000000000000000e+00,0.000000000000000000e+00,0.000000000000000000e+00,0.000000000000000000e+00,0.000000000000000000e+00,0.000000000000000000e+00,0.000000000000000000e+00,0.000000000000000000e+00,0.000000000000000000e+00,0.000000000000000000e+00,0.000000000000000000e+00,0.000000000000000000e+00,0.000000000000000000e+00,0.000000000000000000e+00,0.000000000000000000e+00,0.000000000000000000e+00,0.000000000000000000e+00,0.000000000000000000e+00,0.000000000000000000e+00,0.000000000000000000e+00,0.000000000000000000e+00,0.000000000000000000e+00,0.000000000000000000e+00,0.000000000000000000e+00,0.000000000000000000e+00,0.000000000000000000e+00,0.000000000000000000e+00,0.000000000000000000e+00,0.000000000000000000e+00,0.000000000000000000e+00,0.000000000000000000e+00,0.000000000000000000e+00,0.000000000000000000e+00,0.000000000000000000e+00,0.000000000000000000e+00,0.000000000000000000e+00,0.000000000000000000e+00,0.000000000000000000e+00,0.000000000000000000e+00,0.000000000000000000e+00,0.000000000000000000e+00,0.000000000000000000e+00,0.000000000000000000e+00,0.000000000000000000e+00,0.000000000000000000e+00,0.000000000000000000e+00,0.000000000000000000e+00,0.000000000000000000e+00,0.000000000000000000e+00,0.000000000000000000e+00,0.000000000000000000e+00,0.000000000000000000e+00,0.000000000000000000e+00,0.000000000000000000e+00,0.000000000000000000e+00,0.000000000000000000e+00,0.000000000000000000e+00,0.000000000000000000e+00,0.000000000000000000e+00,0.000000000000000000e+00,0.000000000000000000e+00,0.000000000000000000e+00,0.000000000000000000e+00,0.000000000000000000e+00,0.000000000000000000e+00,0.000000000000000000e+00,0.000000000000000000e+00,0.000000000000000000e+00,0.000000000000000000e+00,0.000000000000000000e+00,0.000000000000000000e+00,0.000000000000000000e+00,0.000000000000000000e+00,0.000000000000000000e+00,0.000000000000000000e+00,0.000000000000000000e+00,0.000000000000000000e+00,0.000000000000000000e+00,0.000000000000000000e+00,0.000000000000000000e+00,0.000000000000000000e+00,0.000000000000000000e+00,0.000000000000000000e+00,0.000000000000000000e+00,0.000000000000000000e+00,0.000000000000000000e+00,0.000000000000000000e+00,0.000000000000000000e+00,0.000000000000000000e+00,0.000000000000000000e+00,0.000000000000000000e+00,0.000000000000000000e+00,0.000000000000000000e+00,0.000000000000000000e+00,0.000000000000000000e+00,0.000000000000000000e+00,0.000000000000000000e+00,0.000000000000000000e+00,0.000000000000000000e+00,0.000000000000000000e+00,0.000000000000000000e+00,0.000000000000000000e+00,0.000000000000000000e+00,0.000000000000000000e+00
0.000000000000000000e+00,0.000000000000000000e+00,0.000000000000000000e+00,0.000000000000000000e+00,0.000000000000000000e+00,0.000000000000000000e+00,0.000000000000000000e+00,0.000000000000000000e+00,0.000000000000000000e+00,0.000000000000000000e+00,0.000000000000000000e+00,0.000000000000000000e+00,0.000000000000000000e+00,0.000000000000000000e+00,0.000000000000000000e+00,0.000000000000000000e+00,0.000000000000000000e+00,0.000000000000000000e+00,0.000000000000000000e+00,0.000000000000000000e+00,0.000000000000000000e+00,0.000000000000000000e+00,0.000000000000000000e+00,0.000000000000000000e+00,0.000000000000000000e+00,0.000000000000000000e+00,0.000000000000000000e+00,0.000000000000000000e+00,0.000000000000000000e+00,0.000000000000000000e+00,0.000000000000000000e+00,0.000000000000000000e+00,0.000000000000000000e+00,0.000000000000000000e+00,0.000000000000000000e+00,0.000000000000000000e+00,0.000000000000000000e+00,0.000000000000000000e+00,0.000000000000000000e+00,0.000000000000000000e+00,0.000000000000000000e+00,0.000000000000000000e+00,0.000000000000000000e+00,0.000000000000000000e+00,0.000000000000000000e+00,0.000000000000000000e+00,0.000000000000000000e+00,0.000000000000000000e+00,0.000000000000000000e+00,0.000000000000000000e+00,0.000000000000000000e+00,0.000000000000000000e+00,0.000000000000000000e+00,0.000000000000000000e+00,0.000000000000000000e+00,0.000000000000000000e+00,0.000000000000000000e+00,0.000000000000000000e+00,0.000000000000000000e+00,0.000000000000000000e+00,0.000000000000000000e+00,0.000000000000000000e+00,0.000000000000000000e+00,0.000000000000000000e+00,0.000000000000000000e+00,0.000000000000000000e+00,0.000000000000000000e+00,0.000000000000000000e+00,0.000000000000000000e+00,0.000000000000000000e+00,0.000000000000000000e+00,0.000000000000000000e+00,0.000000000000000000e+00,0.000000000000000000e+00,0.000000000000000000e+00,0.000000000000000000e+00,0.000000000000000000e+00,0.000000000000000000e+00,0.000000000000000000e+00,0.000000000000000000e+00,0.000000000000000000e+00,0.000000000000000000e+00,0.000000000000000000e+00,0.000000000000000000e+00,0.000000000000000000e+00,0.000000000000000000e+00,0.000000000000000000e+00,0.000000000000000000e+00,0.000000000000000000e+00,0.000000000000000000e+00,0.000000000000000000e+00,0.000000000000000000e+00,0.000000000000000000e+00,0.000000000000000000e+00,0.000000000000000000e+00,0.000000000000000000e+00,0.000000000000000000e+00,0.000000000000000000e+00,0.000000000000000000e+00,0.000000000000000000e+00,0.000000000000000000e+00,0.000000000000000000e+00,0.000000000000000000e+00,0.000000000000000000e+00,0.000000000000000000e+00,0.000000000000000000e+00,0.000000000000000000e+00,0.000000000000000000e+00,0.000000000000000000e+00,0.000000000000000000e+00,0.000000000000000000e+00,0.000000000000000000e+00,0.000000000000000000e+00,0.000000000000000000e+00,0.000000000000000000e+00,0.000000000000000000e+00,0.000000000000000000e+00,0.000000000000000000e+00,0.000000000000000000e+00,0.000000000000000000e+00,0.000000000000000000e+00,0.000000000000000000e+00,0.000000000000000000e+00,0.000000000000000000e+00,0.000000000000000000e+00,0.000000000000000000e+00,0.000000000000000000e+00,0.000000000000000000e+00,0.000000000000000000e+00,0.000000000000000000e+00,0.000000000000000000e+00,0.000000000000000000e+00,0.000000000000000000e+00,0.000000000000000000e+00,0.000000000000000000e+00,0.000000000000000000e+00,0.000000000000000000e+00,0.000000000000000000e+00,0.000000000000000000e+00,0.000000000000000000e+00,0.000000000000000000e+00,0.000000000000000000e+00,0.000000000000000000e+00,0.000000000000000000e+00,0.000000000000000000e+00,0.000000000000000000e+00,0.000000000000000000e+00,0.000000000000000000e+00,0.000000000000000000e+00,0.000000000000000000e+00,0.000000000000000000e+00,0.000000000000000000e+00,0.000000000000000000e+00,0.000000000000000000e+00,0.000000000000000000e+00,0.000000000000000000e+00,0.000000000000000000e+00,0.000000000000000000e+00,0.000000000000000000e+00,0.000000000000000000e+00,0.000000000000000000e+00,0.000000000000000000e+00,0.000000000000000000e+00,0.000000000000000000e+00,0.000000000000000000e+00,0.000000000000000000e+00,0.000000000000000000e+00,0.000000000000000000e+00,0.000000000000000000e+00,0.000000000000000000e+00,0.000000000000000000e+00,0.000000000000000000e+00,0.000000000000000000e+00,0.000000000000000000e+00,0.000000000000000000e+00,0.000000000000000000e+00,0.000000000000000000e+00,0.000000000000000000e+00,0.000000000000000000e+00,0.000000000000000000e+00,0.000000000000000000e+00,0.000000000000000000e+00,0.000000000000000000e+00,0.000000000000000000e+00,0.000000000000000000e+00,0.000000000000000000e+00,0.000000000000000000e+00,0.000000000000000000e+00,0.000000000000000000e+00,0.000000000000000000e+00,0.000000000000000000e+00,0.000000000000000000e+00,0.000000000000000000e+00,0.000000000000000000e+00,0.000000000000000000e+00,0.000000000000000000e+00,0.000000000000000000e+00,0.000000000000000000e+00,0.000000000000000000e+00,0.000000000000000000e+00,0.000000000000000000e+00,0.000000000000000000e+00,0.000000000000000000e+00,0.000000000000000000e+00,0.000000000000000000e+00,0.000000000000000000e+00,0.000000000000000000e+00,0.000000000000000000e+00,0.000000000000000000e+00,0.000000000000000000e+00,0.000000000000000000e+00,0.000000000000000000e+00,0.000000000000000000e+00,0.000000000000000000e+00,0.000000000000000000e+00,0.000000000000000000e+00,0.000000000000000000e+00,0.000000000000000000e+00,0.000000000000000000e+00,0.000000000000000000e+00,0.000000000000000000e+00,0.000000000000000000e+00,0.000000000000000000e+00,0.000000000000000000e+00,0.000000000000000000e+00,0.000000000000000000e+00,0.000000000000000000e+00,0.000000000000000000e+00,0.000000000000000000e+00,0.000000000000000000e+00,0.000000000000000000e+00,0.000000000000000000e+00,0.000000000000000000e+00,0.000000000000000000e+00,0.000000000000000000e+00,0.000000000000000000e+00,0.000000000000000000e+00,0.000000000000000000e+00,0.000000000000000000e+00,0.000000000000000000e+00,0.000000000000000000e+00,0.000000000000000000e+00,0.000000000000000000e+00,0.000000000000000000e+00,0.000000000000000000e+00,0.000000000000000000e+00,0.000000000000000000e+00,0.000000000000000000e+00,0.000000000000000000e+00,0.000000000000000000e+00,0.000000000000000000e+00,0.000000000000000000e+00,0.000000000000000000e+00,0.000000000000000000e+00,0.000000000000000000e+00,0.000000000000000000e+00,0.000000000000000000e+00,0.000000000000000000e+00,0.000000000000000000e+00,0.000000000000000000e+00,0.000000000000000000e+00,0.000000000000000000e+00,0.000000000000000000e+00,0.000000000000000000e+00,0.000000000000000000e+00,0.000000000000000000e+00,0.000000000000000000e+00,0.000000000000000000e+00,0.000000000000000000e+00,0.000000000000000000e+00,0.000000000000000000e+00,0.000000000000000000e+00,0.000000000000000000e+00,0.000000000000000000e+00,0.000000000000000000e+00,0.000000000000000000e+00,0.000000000000000000e+00,0.000000000000000000e+00,0.000000000000000000e+00,0.000000000000000000e+00,0.000000000000000000e+00,0.000000000000000000e+00,0.000000000000000000e+00,0.000000000000000000e+00,0.000000000000000000e+00,0.000000000000000000e+00,0.000000000000000000e+00,0.000000000000000000e+00,0.000000000000000000e+00,0.000000000000000000e+00,0.000000000000000000e+00,0.000000000000000000e+00,0.000000000000000000e+00,0.000000000000000000e+00,0.000000000000000000e+00,0.000000000000000000e+00,0.000000000000000000e+00,0.000000000000000000e+00,0.000000000000000000e+00,0.000000000000000000e+00,0.000000000000000000e+00,0.000000000000000000e+00,0.000000000000000000e+00,0.000000000000000000e+00,0.000000000000000000e+00,0.000000000000000000e+00,0.000000000000000000e+00,0.000000000000000000e+00,0.000000000000000000e+00,0.000000000000000000e+00,0.000000000000000000e+00,0.000000000000000000e+00,0.000000000000000000e+00,0.000000000000000000e+00,0.000000000000000000e+00,0.000000000000000000e+00,0.000000000000000000e+00,0.000000000000000000e+00,0.000000000000000000e+00,0.000000000000000000e+00,0.000000000000000000e+00,0.000000000000000000e+00,0.000000000000000000e+00,0.000000000000000000e+00,0.000000000000000000e+00,0.000000000000000000e+00,0.000000000000000000e+00,0.000000000000000000e+00,0.000000000000000000e+00,0.000000000000000000e+00,0.000000000000000000e+00,0.000000000000000000e+00,0.000000000000000000e+00,0.000000000000000000e+00,0.000000000000000000e+00,0.000000000000000000e+00,0.000000000000000000e+00,0.000000000000000000e+00,0.000000000000000000e+00,0.000000000000000000e+00,0.000000000000000000e+00,0.000000000000000000e+00,0.000000000000000000e+00,0.000000000000000000e+00,0.000000000000000000e+00,0.000000000000000000e+00,0.000000000000000000e+00,0.000000000000000000e+00,0.000000000000000000e+00,0.000000000000000000e+00,0.000000000000000000e+00,0.000000000000000000e+00,0.000000000000000000e+00,0.000000000000000000e+00,0.000000000000000000e+00,0.000000000000000000e+00,0.000000000000000000e+00,0.000000000000000000e+00,0.000000000000000000e+00,0.000000000000000000e+00,0.000000000000000000e+00,0.000000000000000000e+00,0.000000000000000000e+00,0.000000000000000000e+00,0.000000000000000000e+00,0.000000000000000000e+00,0.000000000000000000e+00,0.000000000000000000e+00,0.000000000000000000e+00,0.000000000000000000e+00,0.000000000000000000e+00,0.000000000000000000e+00,0.000000000000000000e+00,0.000000000000000000e+00,0.000000000000000000e+00
0.000000000000000000e+00,0.000000000000000000e+00,0.000000000000000000e+00,0.000000000000000000e+00,0.000000000000000000e+00,0.000000000000000000e+00,0.000000000000000000e+00,0.000000000000000000e+00,0.000000000000000000e+00,0.000000000000000000e+00,0.000000000000000000e+00,0.000000000000000000e+00,0.000000000000000000e+00,0.000000000000000000e+00,0.000000000000000000e+00,0.000000000000000000e+00,0.000000000000000000e+00,0.000000000000000000e+00,0.000000000000000000e+00,0.000000000000000000e+00,0.000000000000000000e+00,0.000000000000000000e+00,0.000000000000000000e+00,0.000000000000000000e+00,0.000000000000000000e+00,0.000000000000000000e+00,0.000000000000000000e+00,0.000000000000000000e+00,0.000000000000000000e+00,0.000000000000000000e+00,0.000000000000000000e+00,0.000000000000000000e+00,0.000000000000000000e+00,0.000000000000000000e+00,0.000000000000000000e+00,0.000000000000000000e+00,0.000000000000000000e+00,0.000000000000000000e+00,0.000000000000000000e+00,0.000000000000000000e+00,0.000000000000000000e+00,0.000000000000000000e+00,0.000000000000000000e+00,0.000000000000000000e+00,0.000000000000000000e+00,0.000000000000000000e+00,0.000000000000000000e+00,0.000000000000000000e+00,0.000000000000000000e+00,0.000000000000000000e+00,0.000000000000000000e+00,0.000000000000000000e+00,0.000000000000000000e+00,0.000000000000000000e+00,0.000000000000000000e+00,0.000000000000000000e+00,0.000000000000000000e+00,0.000000000000000000e+00,0.000000000000000000e+00,0.000000000000000000e+00,0.000000000000000000e+00,0.000000000000000000e+00,0.000000000000000000e+00,0.000000000000000000e+00,0.000000000000000000e+00,0.000000000000000000e+00,0.000000000000000000e+00,0.000000000000000000e+00,0.000000000000000000e+00,0.000000000000000000e+00,0.000000000000000000e+00,0.000000000000000000e+00,0.000000000000000000e+00,0.000000000000000000e+00,0.000000000000000000e+00,0.000000000000000000e+00,0.000000000000000000e+00,0.000000000000000000e+00,0.000000000000000000e+00,0.000000000000000000e+00,0.000000000000000000e+00,0.000000000000000000e+00,0.000000000000000000e+00,0.000000000000000000e+00,0.000000000000000000e+00,0.000000000000000000e+00,0.000000000000000000e+00,0.000000000000000000e+00,0.000000000000000000e+00,0.000000000000000000e+00,0.000000000000000000e+00,0.000000000000000000e+00,0.000000000000000000e+00,0.000000000000000000e+00,0.000000000000000000e+00,0.000000000000000000e+00,0.000000000000000000e+00,0.000000000000000000e+00,0.000000000000000000e+00,0.000000000000000000e+00,0.000000000000000000e+00,0.000000000000000000e+00,0.000000000000000000e+00,0.000000000000000000e+00,0.000000000000000000e+00,0.000000000000000000e+00,0.000000000000000000e+00,0.000000000000000000e+00,0.000000000000000000e+00,0.000000000000000000e+00,0.000000000000000000e+00,0.000000000000000000e+00,0.000000000000000000e+00,0.000000000000000000e+00,0.000000000000000000e+00,0.000000000000000000e+00,0.000000000000000000e+00,0.000000000000000000e+00,0.000000000000000000e+00,0.000000000000000000e+00,0.000000000000000000e+00,0.000000000000000000e+00,0.000000000000000000e+00,0.000000000000000000e+00,0.000000000000000000e+00,0.000000000000000000e+00,0.000000000000000000e+00,0.000000000000000000e+00,0.000000000000000000e+00,0.000000000000000000e+00,0.000000000000000000e+00,0.000000000000000000e+00,0.000000000000000000e+00,0.000000000000000000e+00,0.000000000000000000e+00,0.000000000000000000e+00,0.000000000000000000e+00,0.000000000000000000e+00,0.000000000000000000e+00,0.000000000000000000e+00,0.000000000000000000e+00,0.000000000000000000e+00,0.000000000000000000e+00,0.000000000000000000e+00,0.000000000000000000e+00,0.000000000000000000e+00,0.000000000000000000e+00,0.000000000000000000e+00,0.000000000000000000e+00,0.000000000000000000e+00,0.000000000000000000e+00,0.000000000000000000e+00,0.000000000000000000e+00,0.000000000000000000e+00,0.000000000000000000e+00,0.000000000000000000e+00,0.000000000000000000e+00,0.000000000000000000e+00,0.000000000000000000e+00,0.000000000000000000e+00,0.000000000000000000e+00,0.000000000000000000e+00,0.000000000000000000e+00,0.000000000000000000e+00,0.000000000000000000e+00,0.000000000000000000e+00,0.000000000000000000e+00,0.000000000000000000e+00,0.000000000000000000e+00,0.000000000000000000e+00,0.000000000000000000e+00,0.000000000000000000e+00,0.000000000000000000e+00,0.000000000000000000e+00,0.000000000000000000e+00,0.000000000000000000e+00,0.000000000000000000e+00,0.000000000000000000e+00,0.000000000000000000e+00,0.000000000000000000e+00,0.000000000000000000e+00,0.000000000000000000e+00,0.000000000000000000e+00,0.000000000000000000e+00,0.000000000000000000e+00,0.000000000000000000e+00,0.000000000000000000e+00,0.000000000000000000e+00,0.000000000000000000e+00,0.000000000000000000e+00,0.000000000000000000e+00,0.000000000000000000e+00,0.000000000000000000e+00,0.000000000000000000e+00,0.000000000000000000e+00,0.000000000000000000e+00,0.000000000000000000e+00,0.000000000000000000e+00,0.000000000000000000e+00,0.000000000000000000e+00,0.000000000000000000e+00,0.000000000000000000e+00,0.000000000000000000e+00,0.000000000000000000e+00,0.000000000000000000e+00,0.000000000000000000e+00,0.000000000000000000e+00,0.000000000000000000e+00,0.000000000000000000e+00,0.000000000000000000e+00,0.000000000000000000e+00,0.000000000000000000e+00,0.000000000000000000e+00,0.000000000000000000e+00,0.000000000000000000e+00,0.000000000000000000e+00,0.000000000000000000e+00,0.000000000000000000e+00,0.000000000000000000e+00,0.000000000000000000e+00,0.000000000000000000e+00,0.000000000000000000e+00,0.000000000000000000e+00,0.000000000000000000e+00,0.000000000000000000e+00,0.000000000000000000e+00,0.000000000000000000e+00,0.000000000000000000e+00,0.000000000000000000e+00,0.000000000000000000e+00,0.000000000000000000e+00,0.000000000000000000e+00,0.000000000000000000e+00,0.000000000000000000e+00,0.000000000000000000e+00,0.000000000000000000e+00,0.000000000000000000e+00,0.000000000000000000e+00,0.000000000000000000e+00,0.000000000000000000e+00,0.000000000000000000e+00,0.000000000000000000e+00,0.000000000000000000e+00,0.000000000000000000e+00,0.000000000000000000e+00,0.000000000000000000e+00,0.000000000000000000e+00,0.000000000000000000e+00,0.000000000000000000e+00,0.000000000000000000e+00,0.000000000000000000e+00,0.000000000000000000e+00,0.000000000000000000e+00,0.000000000000000000e+00,0.000000000000000000e+00,0.000000000000000000e+00,0.000000000000000000e+00,0.000000000000000000e+00,0.000000000000000000e+00,0.000000000000000000e+00,0.000000000000000000e+00,0.000000000000000000e+00,0.000000000000000000e+00,0.000000000000000000e+00,0.000000000000000000e+00,0.000000000000000000e+00,0.000000000000000000e+00,0.000000000000000000e+00,0.000000000000000000e+00,0.000000000000000000e+00,0.000000000000000000e+00,0.000000000000000000e+00,0.000000000000000000e+00,0.000000000000000000e+00,0.000000000000000000e+00,0.000000000000000000e+00,0.000000000000000000e+00,0.000000000000000000e+00,0.000000000000000000e+00,0.000000000000000000e+00,0.000000000000000000e+00,0.000000000000000000e+00,0.000000000000000000e+00,0.000000000000000000e+00,0.000000000000000000e+00,0.000000000000000000e+00,0.000000000000000000e+00,0.000000000000000000e+00,0.000000000000000000e+00,0.000000000000000000e+00,0.000000000000000000e+00,0.000000000000000000e+00,0.000000000000000000e+00,0.000000000000000000e+00,0.000000000000000000e+00,0.000000000000000000e+00,0.000000000000000000e+00,0.000000000000000000e+00,0.000000000000000000e+00,0.000000000000000000e+00,0.000000000000000000e+00,0.000000000000000000e+00,0.000000000000000000e+00,0.000000000000000000e+00,0.000000000000000000e+00,0.000000000000000000e+00,0.000000000000000000e+00,0.000000000000000000e+00,0.000000000000000000e+00,0.000000000000000000e+00,0.000000000000000000e+00,0.000000000000000000e+00,0.000000000000000000e+00,0.000000000000000000e+00,0.000000000000000000e+00,0.000000000000000000e+00,0.000000000000000000e+00,0.000000000000000000e+00,0.000000000000000000e+00,0.000000000000000000e+00,0.000000000000000000e+00,0.000000000000000000e+00,0.000000000000000000e+00,0.000000000000000000e+00,0.000000000000000000e+00,0.000000000000000000e+00,0.000000000000000000e+00,0.000000000000000000e+00,0.000000000000000000e+00,0.000000000000000000e+00,0.000000000000000000e+00,0.000000000000000000e+00,0.000000000000000000e+00,0.000000000000000000e+00,0.000000000000000000e+00,0.000000000000000000e+00,0.000000000000000000e+00,0.000000000000000000e+00,0.000000000000000000e+00,0.000000000000000000e+00,0.000000000000000000e+00,0.000000000000000000e+00,0.000000000000000000e+00,0.000000000000000000e+00,0.000000000000000000e+00,0.000000000000000000e+00,0.000000000000000000e+00,0.000000000000000000e+00,0.000000000000000000e+00,0.000000000000000000e+00,0.000000000000000000e+00,0.000000000000000000e+00,0.000000000000000000e+00,0.000000000000000000e+00,0.000000000000000000e+00,0.000000000000000000e+00,0.000000000000000000e+00,0.000000000000000000e+00,0.000000000000000000e+00,0.000000000000000000e+00,0.000000000000000000e+00,0.000000000000000000e+00,0.000000000000000000e+00,0.000000000000000000e+00,0.000000000000000000e+00,0.000000000000000000e+00,0.000000000000000000e+00,0.000000000000000000e+00,0.000000000000000000e+00,0.000000000000000000e+00,0.000000000000000000e+00,0.000000000000000000e+00,0.000000000000000000e+00,0.000000000000000000e+00,0.000000000000000000e+00
0.000000000000000000e+00,0.000000000000000000e+00,0.000000000000000000e+00,0.000000000000000000e+00,0.000000000000000000e+00,0.000000000000000000e+00,0.000000000000000000e+00,0.000000000000000000e+00,0.000000000000000000e+00,0.000000000000000000e+00,0.000000000000000000e+00,0.000000000000000000e+00,0.000000000000000000e+00,0.000000000000000000e+00,0.000000000000000000e+00,0.000000000000000000e+00,0.000000000000000000e+00,0.000000000000000000e+00,0.000000000000000000e+00,0.000000000000000000e+00,0.000000000000000000e+00,0.000000000000000000e+00,0.000000000000000000e+00,0.000000000000000000e+00,0.000000000000000000e+00,0.000000000000000000e+00,0.000000000000000000e+00,0.000000000000000000e+00,0.000000000000000000e+00,0.000000000000000000e+00,0.000000000000000000e+00,0.000000000000000000e+00,0.000000000000000000e+00,0.000000000000000000e+00,0.000000000000000000e+00,0.000000000000000000e+00,0.000000000000000000e+00,0.000000000000000000e+00,0.000000000000000000e+00,0.000000000000000000e+00,0.000000000000000000e+00,0.000000000000000000e+00,0.000000000000000000e+00,0.000000000000000000e+00,0.000000000000000000e+00,0.000000000000000000e+00,0.000000000000000000e+00,0.000000000000000000e+00,0.000000000000000000e+00,0.000000000000000000e+00,0.000000000000000000e+00,0.000000000000000000e+00,0.000000000000000000e+00,0.000000000000000000e+00,0.000000000000000000e+00,0.000000000000000000e+00,0.000000000000000000e+00,0.000000000000000000e+00,0.000000000000000000e+00,0.000000000000000000e+00,0.000000000000000000e+00,0.000000000000000000e+00,0.000000000000000000e+00,0.000000000000000000e+00,0.000000000000000000e+00,0.000000000000000000e+00,0.000000000000000000e+00,0.000000000000000000e+00,0.000000000000000000e+00,0.000000000000000000e+00,0.000000000000000000e+00,0.000000000000000000e+00,0.000000000000000000e+00,0.000000000000000000e+00,0.000000000000000000e+00,0.000000000000000000e+00,0.000000000000000000e+00,0.000000000000000000e+00,0.000000000000000000e+00,0.000000000000000000e+00,0.000000000000000000e+00,0.000000000000000000e+00,0.000000000000000000e+00,0.000000000000000000e+00,0.000000000000000000e+00,0.000000000000000000e+00,0.000000000000000000e+00,0.000000000000000000e+00,0.000000000000000000e+00,0.000000000000000000e+00,0.000000000000000000e+00,0.000000000000000000e+00,0.000000000000000000e+00,0.000000000000000000e+00,0.000000000000000000e+00,0.000000000000000000e+00,0.000000000000000000e+00,0.000000000000000000e+00,0.000000000000000000e+00,0.000000000000000000e+00,0.000000000000000000e+00,0.000000000000000000e+00,0.000000000000000000e+00,0.000000000000000000e+00,0.000000000000000000e+00,0.000000000000000000e+00,0.000000000000000000e+00,0.000000000000000000e+00,0.000000000000000000e+00,0.000000000000000000e+00,0.000000000000000000e+00,0.000000000000000000e+00,0.000000000000000000e+00,0.000000000000000000e+00,0.000000000000000000e+00,0.000000000000000000e+00,0.000000000000000000e+00,0.000000000000000000e+00,0.000000000000000000e+00,0.000000000000000000e+00,0.000000000000000000e+00,0.000000000000000000e+00,0.000000000000000000e+00,0.000000000000000000e+00,0.000000000000000000e+00,0.000000000000000000e+00,0.000000000000000000e+00,0.000000000000000000e+00,0.000000000000000000e+00,0.000000000000000000e+00,0.000000000000000000e+00,0.000000000000000000e+00,0.000000000000000000e+00,0.000000000000000000e+00,0.000000000000000000e+00,0.000000000000000000e+00,0.000000000000000000e+00,0.000000000000000000e+00,0.000000000000000000e+00,0.000000000000000000e+00,0.000000000000000000e+00,0.000000000000000000e+00,0.000000000000000000e+00,0.000000000000000000e+00,0.000000000000000000e+00,0.000000000000000000e+00,0.000000000000000000e+00,0.000000000000000000e+00,0.000000000000000000e+00,0.000000000000000000e+00,0.000000000000000000e+00,0.000000000000000000e+00,0.000000000000000000e+00,0.000000000000000000e+00,0.000000000000000000e+00,0.000000000000000000e+00,0.000000000000000000e+00,0.000000000000000000e+00,0.000000000000000000e+00,0.000000000000000000e+00,0.000000000000000000e+00,0.000000000000000000e+00,0.000000000000000000e+00,0.000000000000000000e+00,0.000000000000000000e+00,0.000000000000000000e+00,0.000000000000000000e+00,0.000000000000000000e+00,0.000000000000000000e+00,0.000000000000000000e+00,0.000000000000000000e+00,0.000000000000000000e+00,0.000000000000000000e+00,0.000000000000000000e+00,0.000000000000000000e+00,0.000000000000000000e+00,0.000000000000000000e+00,0.000000000000000000e+00,0.000000000000000000e+00,0.000000000000000000e+00,0.000000000000000000e+00,0.000000000000000000e+00,0.000000000000000000e+00,0.000000000000000000e+00,0.000000000000000000e+00,0.000000000000000000e+00,0.000000000000000000e+00,0.000000000000000000e+00,0.000000000000000000e+00,0.000000000000000000e+00,0.000000000000000000e+00,0.000000000000000000e+00,0.000000000000000000e+00,0.000000000000000000e+00,0.000000000000000000e+00,0.000000000000000000e+00,0.000000000000000000e+00,0.000000000000000000e+00,0.000000000000000000e+00,0.000000000000000000e+00,0.000000000000000000e+00,0.000000000000000000e+00,0.000000000000000000e+00,0.000000000000000000e+00,0.000000000000000000e+00,0.000000000000000000e+00,0.000000000000000000e+00,0.000000000000000000e+00,0.000000000000000000e+00,0.000000000000000000e+00,0.000000000000000000e+00,0.000000000000000000e+00,0.000000000000000000e+00,0.000000000000000000e+00,0.000000000000000000e+00,0.000000000000000000e+00,0.000000000000000000e+00,0.000000000000000000e+00,0.000000000000000000e+00,0.000000000000000000e+00,0.000000000000000000e+00,0.000000000000000000e+00,0.000000000000000000e+00,0.000000000000000000e+00,0.000000000000000000e+00,0.000000000000000000e+00,0.000000000000000000e+00,0.000000000000000000e+00,0.000000000000000000e+00,0.000000000000000000e+00,0.000000000000000000e+00,0.000000000000000000e+00,0.000000000000000000e+00,0.000000000000000000e+00,0.000000000000000000e+00,0.000000000000000000e+00,0.000000000000000000e+00,0.000000000000000000e+00,0.000000000000000000e+00,0.000000000000000000e+00,0.000000000000000000e+00,0.000000000000000000e+00,0.000000000000000000e+00,0.000000000000000000e+00,0.000000000000000000e+00,0.000000000000000000e+00,0.000000000000000000e+00,0.000000000000000000e+00,0.000000000000000000e+00,0.000000000000000000e+00,0.000000000000000000e+00,0.000000000000000000e+00,0.000000000000000000e+00,0.000000000000000000e+00,0.000000000000000000e+00,0.000000000000000000e+00,0.000000000000000000e+00,0.000000000000000000e+00,0.000000000000000000e+00,0.000000000000000000e+00,0.000000000000000000e+00,0.000000000000000000e+00,0.000000000000000000e+00,0.000000000000000000e+00,0.000000000000000000e+00,0.000000000000000000e+00,0.000000000000000000e+00,0.000000000000000000e+00,0.000000000000000000e+00,0.000000000000000000e+00,0.000000000000000000e+00,0.000000000000000000e+00,0.000000000000000000e+00,0.000000000000000000e+00,0.000000000000000000e+00,0.000000000000000000e+00,0.000000000000000000e+00,0.000000000000000000e+00,0.000000000000000000e+00,0.000000000000000000e+00,0.000000000000000000e+00,0.000000000000000000e+00,0.000000000000000000e+00,0.000000000000000000e+00,0.000000000000000000e+00,0.000000000000000000e+00,0.000000000000000000e+00,0.000000000000000000e+00,0.000000000000000000e+00,0.000000000000000000e+00,0.000000000000000000e+00,0.000000000000000000e+00,0.000000000000000000e+00,0.000000000000000000e+00,0.000000000000000000e+00,0.000000000000000000e+00,0.000000000000000000e+00,0.000000000000000000e+00,0.000000000000000000e+00,0.000000000000000000e+00,0.000000000000000000e+00,0.000000000000000000e+00,0.000000000000000000e+00,0.000000000000000000e+00,0.000000000000000000e+00,0.000000000000000000e+00,0.000000000000000000e+00,0.000000000000000000e+00,0.000000000000000000e+00,0.000000000000000000e+00,0.000000000000000000e+00,0.000000000000000000e+00,0.000000000000000000e+00,0.000000000000000000e+00,0.000000000000000000e+00,0.000000000000000000e+00,0.000000000000000000e+00,0.000000000000000000e+00,0.000000000000000000e+00,0.000000000000000000e+00,0.000000000000000000e+00,0.000000000000000000e+00,0.000000000000000000e+00,0.000000000000000000e+00,0.000000000000000000e+00,0.000000000000000000e+00,0.000000000000000000e+00,0.000000000000000000e+00,0.000000000000000000e+00,0.000000000000000000e+00,0.000000000000000000e+00,0.000000000000000000e+00,0.000000000000000000e+00,0.000000000000000000e+00,0.000000000000000000e+00,0.000000000000000000e+00,0.000000000000000000e+00,0.000000000000000000e+00,0.000000000000000000e+00,0.000000000000000000e+00,0.000000000000000000e+00,0.000000000000000000e+00,0.000000000000000000e+00,0.000000000000000000e+00,0.000000000000000000e+00,0.000000000000000000e+00,0.000000000000000000e+00,0.000000000000000000e+00,0.000000000000000000e+00,0.000000000000000000e+00,0.000000000000000000e+00,0.000000000000000000e+00,0.000000000000000000e+00,0.000000000000000000e+00,0.000000000000000000e+00,0.000000000000000000e+00,0.000000000000000000e+00,0.000000000000000000e+00,0.000000000000000000e+00,0.000000000000000000e+00,0.000000000000000000e+00,0.000000000000000000e+00,0.000000000000000000e+00,0.000000000000000000e+00,0.000000000000000000e+00,0.000000000000000000e+00,0.000000000000000000e+00,0.000000000000000000e+00,0.000000000000000000e+00,0.000000000000000000e+00,0.000000000000000000e+00,0.000000000000000000e+00,0.000000000000000000e+00,0.000000000000000000e+00,0.000000000000000000e+00
0.000000000000000000e+00,0.000000000000000000e+00,0.000000000000000000e+00,0.000000000000000000e+00,0.000000000000000000e+00,0.000000000000000000e+00,0.000000000000000000e+00,0.000000000000000000e+00,0.000000000000000000e+00,0.000000000000000000e+00,0.000000000000000000e+00,0.000000000000000000e+00,0.000000000000000000e+00,0.000000000000000000e+00,0.000000000000000000e+00,0.000000000000000000e+00,0.000000000000000000e+00,0.000000000000000000e+00,0.000000000000000000e+00,0.000000000000000000e+00,0.000000000000000000e+00,0.000000000000000000e+00,0.000000000000000000e+00,0.000000000000000000e+00,0.000000000000000000e+00,0.000000000000000000e+00,0.000000000000000000e+00,0.000000000000000000e+00,0.000000000000000000e+00,0.000000000000000000e+00,0.000000000000000000e+00,0.000000000000000000e+00,0.000000000000000000e+00,0.000000000000000000e+00,0.000000000000000000e+00,0.000000000000000000e+00,0.000000000000000000e+00,0.000000000000000000e+00,0.000000000000000000e+00,0.000000000000000000e+00,0.000000000000000000e+00,0.000000000000000000e+00,0.000000000000000000e+00,0.000000000000000000e+00,0.000000000000000000e+00,0.000000000000000000e+00,0.000000000000000000e+00,0.000000000000000000e+00,0.000000000000000000e+00,0.000000000000000000e+00,0.000000000000000000e+00,0.000000000000000000e+00,0.000000000000000000e+00,0.000000000000000000e+00,0.000000000000000000e+00,0.000000000000000000e+00,0.000000000000000000e+00,0.000000000000000000e+00,0.000000000000000000e+00,0.000000000000000000e+00,0.000000000000000000e+00,0.000000000000000000e+00,0.000000000000000000e+00,0.000000000000000000e+00,0.000000000000000000e+00,0.000000000000000000e+00,0.000000000000000000e+00,0.000000000000000000e+00,0.000000000000000000e+00,0.000000000000000000e+00,0.000000000000000000e+00,0.000000000000000000e+00,0.000000000000000000e+00,0.000000000000000000e+00,0.000000000000000000e+00,0.000000000000000000e+00,0.000000000000000000e+00,0.000000000000000000e+00,0.000000000000000000e+00,0.000000000000000000e+00,0.000000000000000000e+00,0.000000000000000000e+00,0.000000000000000000e+00,0.000000000000000000e+00,0.000000000000000000e+00,0.000000000000000000e+00,0.000000000000000000e+00,0.000000000000000000e+00,0.000000000000000000e+00,0.000000000000000000e+00,0.000000000000000000e+00,0.000000000000000000e+00,0.000000000000000000e+00,0.000000000000000000e+00,0.000000000000000000e+00,0.000000000000000000e+00,0.000000000000000000e+00,0.000000000000000000e+00,0.000000000000000000e+00,0.000000000000000000e+00,0.000000000000000000e+00,0.000000000000000000e+00,0.000000000000000000e+00,0.000000000000000000e+00,0.000000000000000000e+00,0.000000000000000000e+00,0.000000000000000000e+00,0.000000000000000000e+00,0.000000000000000000e+00,0.000000000000000000e+00,0.000000000000000000e+00,0.000000000000000000e+00,0.000000000000000000e+00,0.000000000000000000e+00,0.000000000000000000e+00,0.000000000000000000e+00,0.000000000000000000e+00,0.000000000000000000e+00,0.000000000000000000e+00,0.000000000000000000e+00,0.000000000000000000e+00,0.000000000000000000e+00,0.000000000000000000e+00,0.000000000000000000e+00,0.000000000000000000e+00,0.000000000000000000e+00,0.000000000000000000e+00,0.000000000000000000e+00,0.000000000000000000e+00,0.000000000000000000e+00,0.000000000000000000e+00,0.000000000000000000e+00,0.000000000000000000e+00,0.000000000000000000e+00,0.000000000000000000e+00,0.000000000000000000e+00,0.000000000000000000e+00,0.000000000000000000e+00,0.000000000000000000e+00,0.000000000000000000e+00,0.000000000000000000e+00,0.000000000000000000e+00,0.000000000000000000e+00,0.000000000000000000e+00,0.000000000000000000e+00,0.000000000000000000e+00,0.000000000000000000e+00,0.000000000000000000e+00,0.000000000000000000e+00,0.000000000000000000e+00,0.000000000000000000e+00,0.000000000000000000e+00,0.000000000000000000e+00,0.000000000000000000e+00,0.000000000000000000e+00,0.000000000000000000e+00,0.000000000000000000e+00,0.000000000000000000e+00,0.000000000000000000e+00,0.000000000000000000e+00,0.000000000000000000e+00,0.000000000000000000e+00,0.000000000000000000e+00,0.000000000000000000e+00,0.000000000000000000e+00,0.000000000000000000e+00,0.000000000000000000e+00,0.000000000000000000e+00,0.000000000000000000e+00,0.000000000000000000e+00,0.000000000000000000e+00,0.000000000000000000e+00,0.000000000000000000e+00,0.000000000000000000e+00,0.000000000000000000e+00,0.000000000000000000e+00,0.000000000000000000e+00,0.000000000000000000e+00,0.000000000000000000e+00,0.000000000000000000e+00,0.000000000000000000e+00,0.000000000000000000e+00,0.000000000000000000e+00,0.000000000000000000e+00,0.000000000000000000e+00,0.000000000000000000e+00,0.000000000000000000e+00,0.000000000000000000e+00,0.000000000000000000e+00,0.000000000000000000e+00,0.000000000000000000e+00,0.000000000000000000e+00,0.000000000000000000e+00,0.000000000000000000e+00,0.000000000000000000e+00,0.000000000000000000e+00,0.000000000000000000e+00,0.000000000000000000e+00,0.000000000000000000e+00,0.000000000000000000e+00,0.000000000000000000e+00,0.000000000000000000e+00,0.000000000000000000e+00,0.000000000000000000e+00,0.000000000000000000e+00,0.000000000000000000e+00,0.000000000000000000e+00,0.000000000000000000e+00,0.000000000000000000e+00,0.000000000000000000e+00,0.000000000000000000e+00,0.000000000000000000e+00,0.000000000000000000e+00,0.000000000000000000e+00,0.000000000000000000e+00,0.000000000000000000e+00,0.000000000000000000e+00,0.000000000000000000e+00,0.000000000000000000e+00,0.000000000000000000e+00,0.000000000000000000e+00,0.000000000000000000e+00,0.000000000000000000e+00,0.000000000000000000e+00,0.000000000000000000e+00,0.000000000000000000e+00,0.000000000000000000e+00,0.000000000000000000e+00,0.000000000000000000e+00,0.000000000000000000e+00,0.000000000000000000e+00,0.000000000000000000e+00,0.000000000000000000e+00,0.000000000000000000e+00,0.000000000000000000e+00,0.000000000000000000e+00,0.000000000000000000e+00,0.000000000000000000e+00,0.000000000000000000e+00,0.000000000000000000e+00,0.000000000000000000e+00,0.000000000000000000e+00,0.000000000000000000e+00,0.000000000000000000e+00,0.000000000000000000e+00,0.000000000000000000e+00,0.000000000000000000e+00,0.000000000000000000e+00,0.000000000000000000e+00,0.000000000000000000e+00,0.000000000000000000e+00,0.000000000000000000e+00,0.000000000000000000e+00,0.000000000000000000e+00,0.000000000000000000e+00,0.000000000000000000e+00,0.000000000000000000e+00,0.000000000000000000e+00,0.000000000000000000e+00,0.000000000000000000e+00,0.000000000000000000e+00,0.000000000000000000e+00,0.000000000000000000e+00,0.000000000000000000e+00,0.000000000000000000e+00,0.000000000000000000e+00,0.000000000000000000e+00,0.000000000000000000e+00,0.000000000000000000e+00,0.000000000000000000e+00,0.000000000000000000e+00,0.000000000000000000e+00,0.000000000000000000e+00,0.000000000000000000e+00,0.000000000000000000e+00,0.000000000000000000e+00,0.000000000000000000e+00,0.000000000000000000e+00,0.000000000000000000e+00,0.000000000000000000e+00,0.000000000000000000e+00,0.000000000000000000e+00,0.000000000000000000e+00,0.000000000000000000e+00,0.000000000000000000e+00,0.000000000000000000e+00,0.000000000000000000e+00,0.000000000000000000e+00,0.000000000000000000e+00,0.000000000000000000e+00,0.000000000000000000e+00,0.000000000000000000e+00,0.000000000000000000e+00,0.000000000000000000e+00,0.000000000000000000e+00,0.000000000000000000e+00,0.000000000000000000e+00,0.000000000000000000e+00,0.000000000000000000e+00,0.000000000000000000e+00,0.000000000000000000e+00,0.000000000000000000e+00,0.000000000000000000e+00,0.000000000000000000e+00,0.000000000000000000e+00,0.000000000000000000e+00,0.000000000000000000e+00,0.000000000000000000e+00,0.000000000000000000e+00,0.000000000000000000e+00,0.000000000000000000e+00,0.000000000000000000e+00,0.000000000000000000e+00,0.000000000000000000e+00,0.000000000000000000e+00,0.000000000000000000e+00,0.000000000000000000e+00,0.000000000000000000e+00,0.000000000000000000e+00,0.000000000000000000e+00,0.000000000000000000e+00,0.000000000000000000e+00,0.000000000000000000e+00,0.000000000000000000e+00,0.000000000000000000e+00,0.000000000000000000e+00,0.000000000000000000e+00,0.000000000000000000e+00,0.000000000000000000e+00,0.000000000000000000e+00,0.000000000000000000e+00,0.000000000000000000e+00,0.000000000000000000e+00,0.000000000000000000e+00,0.000000000000000000e+00,0.000000000000000000e+00,0.000000000000000000e+00,0.000000000000000000e+00,0.000000000000000000e+00,0.000000000000000000e+00,0.000000000000000000e+00,0.000000000000000000e+00,0.000000000000000000e+00,0.000000000000000000e+00,0.000000000000000000e+00,0.000000000000000000e+00,0.000000000000000000e+00,0.000000000000000000e+00,0.000000000000000000e+00,0.000000000000000000e+00,0.000000000000000000e+00,0.000000000000000000e+00,0.000000000000000000e+00,0.000000000000000000e+00,0.000000000000000000e+00,0.000000000000000000e+00,0.000000000000000000e+00,0.000000000000000000e+00,0.000000000000000000e+00,0.000000000000000000e+00,0.000000000000000000e+00,0.000000000000000000e+00,0.000000000000000000e+00,0.000000000000000000e+00,0.000000000000000000e+00,0.000000000000000000e+00,0.000000000000000000e+00,0.000000000000000000e+00,0.000000000000000000e+00,0.000000000000000000e+00,0.000000000000000000e+00,0.000000000000000000e+00,0.000000000000000000e+00,0.000000000000000000e+00,0.000000000000000000e+00
0.000000000000000000e+00,0.000000000000000000e+00,0.000000000000000000e+00,0.000000000000000000e+00,0.000000000000000000e+00,0.000000000000000000e+00,0.000000000000000000e+00,0.000000000000000000e+00,0.000000000000000000e+00,0.000000000000000000e+00,0.000000000000000000e+00,0.000000000000000000e+00,0.000000000000000000e+00,0.000000000000000000e+00,0.000000000000000000e+00,0.000000000000000000e+00,0.000000000000000000e+00,0.000000000000000000e+00,0.000000000000000000e+00,0.000000000000000000e+00,0.000000000000000000e+00,0.000000000000000000e+00,0.000000000000000000e+00,0.000000000000000000e+00,0.000000000000000000e+00,0.000000000000000000e+00,0.000000000000000000e+00,0.000000000000000000e+00,0.000000000000000000e+00,0.000000000000000000e+00,0.000000000000000000e+00,0.000000000000000000e+00,0.000000000000000000e+00,0.000000000000000000e+00,0.000000000000000000e+00,0.000000000000000000e+00,0.000000000000000000e+00,0.000000000000000000e+00,0.000000000000000000e+00,0.000000000000000000e+00,0.000000000000000000e+00,0.000000000000000000e+00,0.000000000000000000e+00,0.000000000000000000e+00,0.000000000000000000e+00,0.000000000000000000e+00,0.000000000000000000e+00,0.000000000000000000e+00,0.000000000000000000e+00,0.000000000000000000e+00,0.000000000000000000e+00,0.000000000000000000e+00,0.000000000000000000e+00,0.000000000000000000e+00,0.000000000000000000e+00,0.000000000000000000e+00,0.000000000000000000e+00,0.000000000000000000e+00,0.000000000000000000e+00,0.000000000000000000e+00,0.000000000000000000e+00,0.000000000000000000e+00,0.000000000000000000e+00,0.000000000000000000e+00,0.000000000000000000e+00,0.000000000000000000e+00,0.000000000000000000e+00,0.000000000000000000e+00,0.000000000000000000e+00,0.000000000000000000e+00,0.000000000000000000e+00,0.000000000000000000e+00,0.000000000000000000e+00,0.000000000000000000e+00,0.000000000000000000e+00,0.000000000000000000e+00,0.000000000000000000e+00,0.000000000000000000e+00,0.000000000000000000e+00,0.000000000000000000e+00,0.000000000000000000e+00,0.000000000000000000e+00,0.000000000000000000e+00,0.000000000000000000e+00,0.000000000000000000e+00,0.000000000000000000e+00,0.000000000000000000e+00,0.000000000000000000e+00,0.000000000000000000e+00,0.000000000000000000e+00,0.000000000000000000e+00,0.000000000000000000e+00,0.000000000000000000e+00,0.000000000000000000e+00,0.000000000000000000e+00,0.000000000000000000e+00,0.000000000000000000e+00,0.000000000000000000e+00,0.000000000000000000e+00,0.000000000000000000e+00,0.000000000000000000e+00,0.000000000000000000e+00,0.000000000000000000e+00,0.000000000000000000e+00,0.000000000000000000e+00,0.000000000000000000e+00,0.000000000000000000e+00,0.000000000000000000e+00,0.000000000000000000e+00,0.000000000000000000e+00,0.000000000000000000e+00,0.000000000000000000e+00,0.000000000000000000e+00,0.000000000000000000e+00,0.000000000000000000e+00,0.000000000000000000e+00,0.000000000000000000e+00,0.000000000000000000e+00,0.000000000000000000e+00,0.000000000000000000e+00,0.000000000000000000e+00,0.000000000000000000e+00,0.000000000000000000e+00,0.000000000000000000e+00,0.000000000000000000e+00,0.000000000000000000e+00,0.000000000000000000e+00,0.000000000000000000e+00,0.000000000000000000e+00,0.000000000000000000e+00,0.000000000000000000e+00,0.000000000000000000e+00,0.000000000000000000e+00,0.000000000000000000e+00,0.000000000000000000e+00,0.000000000000000000e+00,0.000000000000000000e+00,0.000000000000000000e+00,0.000000000000000000e+00,0.000000000000000000e+00,0.000000000000000000e+00,0.000000000000000000e+00,0.000000000000000000e+00,0.000000000000000000e+00,0.000000000000000000e+00,0.000000000000000000e+00,0.000000000000000000e+00,0.000000000000000000e+00,0.000000000000000000e+00,0.000000000000000000e+00,0.000000000000000000e+00,0.000000000000000000e+00,0.000000000000000000e+00,0.000000000000000000e+00,0.000000000000000000e+00,0.000000000000000000e+00,0.000000000000000000e+00,0.000000000000000000e+00,0.000000000000000000e+00,0.000000000000000000e+00,0.000000000000000000e+00,0.000000000000000000e+00,0.000000000000000000e+00,0.000000000000000000e+00,0.000000000000000000e+00,0.000000000000000000e+00,0.000000000000000000e+00,0.000000000000000000e+00,0.000000000000000000e+00,0.000000000000000000e+00,0.000000000000000000e+00,0.000000000000000000e+00,0.000000000000000000e+00,0.000000000000000000e+00,0.000000000000000000e+00,0.000000000000000000e+00,0.000000000000000000e+00,0.000000000000000000e+00,0.000000000000000000e+00,0.000000000000000000e+00,0.000000000000000000e+00,0.000000000000000000e+00,0.000000000000000000e+00,0.000000000000000000e+00,0.000000000000000000e+00,0.000000000000000000e+00,0.000000000000000000e+00,0.000000000000000000e+00,0.000000000000000000e+00,0.000000000000000000e+00,0.000000000000000000e+00,0.000000000000000000e+00,0.000000000000000000e+00,0.000000000000000000e+00,0.000000000000000000e+00,0.000000000000000000e+00,0.000000000000000000e+00,0.000000000000000000e+00,0.000000000000000000e+00,0.000000000000000000e+00,0.000000000000000000e+00,0.000000000000000000e+00,0.000000000000000000e+00,0.000000000000000000e+00,0.000000000000000000e+00,0.000000000000000000e+00,0.000000000000000000e+00,0.000000000000000000e+00,0.000000000000000000e+00,0.000000000000000000e+00,0.000000000000000000e+00,0.000000000000000000e+00,0.000000000000000000e+00,0.000000000000000000e+00,0.000000000000000000e+00,0.000000000000000000e+00,0.000000000000000000e+00,0.000000000000000000e+00,0.000000000000000000e+00,0.000000000000000000e+00,0.000000000000000000e+00,0.000000000000000000e+00,0.000000000000000000e+00,0.000000000000000000e+00,0.000000000000000000e+00,0.000000000000000000e+00,0.000000000000000000e+00,0.000000000000000000e+00,0.000000000000000000e+00,0.000000000000000000e+00,0.000000000000000000e+00,0.000000000000000000e+00,0.000000000000000000e+00,0.000000000000000000e+00,0.000000000000000000e+00,0.000000000000000000e+00,0.000000000000000000e+00,0.000000000000000000e+00,0.000000000000000000e+00,0.000000000000000000e+00,0.000000000000000000e+00,0.000000000000000000e+00,0.000000000000000000e+00,0.000000000000000000e+00,0.000000000000000000e+00,0.000000000000000000e+00,0.000000000000000000e+00,0.000000000000000000e+00,0.000000000000000000e+00,0.000000000000000000e+00,0.000000000000000000e+00,0.000000000000000000e+00,0.000000000000000000e+00,0.000000000000000000e+00,0.000000000000000000e+00,0.000000000000000000e+00,0.000000000000000000e+00,0.000000000000000000e+00,0.000000000000000000e+00,0.000000000000000000e+00,0.000000000000000000e+00,0.000000000000000000e+00,0.000000000000000000e+00,0.000000000000000000e+00,0.000000000000000000e+00,0.000000000000000000e+00,0.000000000000000000e+00,0.000000000000000000e+00,0.000000000000000000e+00,0.000000000000000000e+00,0.000000000000000000e+00,0.000000000000000000e+00,0.000000000000000000e+00,0.000000000000000000e+00,0.000000000000000000e+00,0.000000000000000000e+00,0.000000000000000000e+00,0.000000000000000000e+00,0.000000000000000000e+00,0.000000000000000000e+00,0.000000000000000000e+00,0.000000000000000000e+00,0.000000000000000000e+00,0.000000000000000000e+00,0.000000000000000000e+00,0.000000000000000000e+00,0.000000000000000000e+00,0.000000000000000000e+00,0.000000000000000000e+00,0.000000000000000000e+00,0.000000000000000000e+00,0.000000000000000000e+00,0.000000000000000000e+00,0.000000000000000000e+00,0.000000000000000000e+00,0.000000000000000000e+00,0.000000000000000000e+00,0.000000000000000000e+00,0.000000000000000000e+00,0.000000000000000000e+00,0.000000000000000000e+00,0.000000000000000000e+00,0.000000000000000000e+00,0.000000000000000000e+00,0.000000000000000000e+00,0.000000000000000000e+00,0.000000000000000000e+00,0.000000000000000000e+00,0.000000000000000000e+00,0.000000000000000000e+00,0.000000000000000000e+00,0.000000000000000000e+00,0.000000000000000000e+00,0.000000000000000000e+00,0.000000000000000000e+00,0.000000000000000000e+00,0.000000000000000000e+00,0.000000000000000000e+00,0.000000000000000000e+00,0.000000000000000000e+00,0.000000000000000000e+00,0.000000000000000000e+00,0.000000000000000000e+00,0.000000000000000000e+00,0.000000000000000000e+00,0.000000000000000000e+00,0.000000000000000000e+00,0.000000000000000000e+00,0.000000000000000000e+00,0.000000000000000000e+00,0.000000000000000000e+00,0.000000000000000000e+00,0.000000000000000000e+00,0.000000000000000000e+00,0.000000000000000000e+00,0.000000000000000000e+00,0.000000000000000000e+00,0.000000000000000000e+00,0.000000000000000000e+00,0.000000000000000000e+00,0.000000000000000000e+00,0.000000000000000000e+00,0.000000000000000000e+00,0.000000000000000000e+00,0.000000000000000000e+00,0.000000000000000000e+00,0.000000000000000000e+00,0.000000000000000000e+00,0.000000000000000000e+00,0.000000000000000000e+00,0.000000000000000000e+00,0.000000000000000000e+00,0.000000000000000000e+00,0.000000000000000000e+00,0.000000000000000000e+00,0.000000000000000000e+00,0.000000000000000000e+00,0.000000000000000000e+00,0.000000000000000000e+00,0.000000000000000000e+00,0.000000000000000000e+00,0.000000000000000000e+00,0.000000000000000000e+00,0.000000000000000000e+00,0.000000000000000000e+00,0.000000000000000000e+00,0.000000000000000000e+00,0.000000000000000000e+00,0.000000000000000000e+00,0.000000000000000000e+00,0.000000000000000000e+00,0.000000000000000000e+00,0.000000000000000000e+00,0.000000000000000000e+00,0.000000000000000000e+00
0.000000000000000000e+00,0.000000000000000000e+00,0.000000000000000000e+00,0.000000000000000000e+00,0.000000000000000000e+00,0.000000000000000000e+00,0.000000000000000000e+00,0.000000000000000000e+00,0.000000000000000000e+00,0.000000000000000000e+00,0.000000000000000000e+00,0.000000000000000000e+00,0.000000000000000000e+00,0.000000000000000000e+00,0.000000000000000000e+00,0.000000000000000000e+00,0.000000000000000000e+00,0.000000000000000000e+00,0.000000000000000000e+00,0.000000000000000000e+00,0.000000000000000000e+00,0.000000000000000000e+00,0.000000000000000000e+00,0.000000000000000000e+00,0.000000000000000000e+00,0.000000000000000000e+00,0.000000000000000000e+00,0.000000000000000000e+00,0.000000000000000000e+00,0.000000000000000000e+00,0.000000000000000000e+00,0.000000000000000000e+00,0.000000000000000000e+00,0.000000000000000000e+00,0.000000000000000000e+00,0.000000000000000000e+00,0.000000000000000000e+00,0.000000000000000000e+00,0.000000000000000000e+00,0.000000000000000000e+00,0.000000000000000000e+00,0.000000000000000000e+00,0.000000000000000000e+00,0.000000000000000000e+00,0.000000000000000000e+00,0.000000000000000000e+00,0.000000000000000000e+00,0.000000000000000000e+00,0.000000000000000000e+00,0.000000000000000000e+00,0.000000000000000000e+00,0.000000000000000000e+00,0.000000000000000000e+00,0.000000000000000000e+00,0.000000000000000000e+00,0.000000000000000000e+00,0.000000000000000000e+00,0.000000000000000000e+00,0.000000000000000000e+00,0.000000000000000000e+00,0.000000000000000000e+00,0.000000000000000000e+00,0.000000000000000000e+00,0.000000000000000000e+00,0.000000000000000000e+00,0.000000000000000000e+00,0.000000000000000000e+00,0.000000000000000000e+00,0.000000000000000000e+00,0.000000000000000000e+00,0.000000000000000000e+00,0.000000000000000000e+00,0.000000000000000000e+00,0.000000000000000000e+00,0.000000000000000000e+00,0.000000000000000000e+00,0.000000000000000000e+00,0.000000000000000000e+00,0.000000000000000000e+00,0.000000000000000000e+00,0.000000000000000000e+00,0.000000000000000000e+00,0.000000000000000000e+00,0.000000000000000000e+00,0.000000000000000000e+00,0.000000000000000000e+00,0.000000000000000000e+00,0.000000000000000000e+00,0.000000000000000000e+00,0.000000000000000000e+00,0.000000000000000000e+00,0.000000000000000000e+00,0.000000000000000000e+00,0.000000000000000000e+00,0.000000000000000000e+00,0.000000000000000000e+00,0.000000000000000000e+00,0.000000000000000000e+00,0.000000000000000000e+00,0.000000000000000000e+00,0.000000000000000000e+00,0.000000000000000000e+00,0.000000000000000000e+00,0.000000000000000000e+00,0.000000000000000000e+00,0.000000000000000000e+00,0.000000000000000000e+00,0.000000000000000000e+00,0.000000000000000000e+00,0.000000000000000000e+00,0.000000000000000000e+00,0.000000000000000000e+00,0.000000000000000000e+00,0.000000000000000000e+00,0.000000000000000000e+00,0.000000000000000000e+00,0.000000000000000000e+00,0.000000000000000000e+00,0.000000000000000000e+00,0.000000000000000000e+00,0.000000000000000000e+00,0.000000000000000000e+00,0.000000000000000000e+00,0.000000000000000000e+00,0.000000000000000000e+00,0.000000000000000000e+00,0.000000000000000000e+00,0.000000000000000000e+00,0.000000000000000000e+00,0.000000000000000000e+00,0.000000000000000000e+00,0.000000000000000000e+00,0.000000000000000000e+00,0.000000000000000000e+00,0.000000000000000000e+00,0.000000000000000000e+00,0.000000000000000000e+00,0.000000000000000000e+00,0.000000000000000000e+00,0.000000000000000000e+00,0.000000000000000000e+00,0.000000000000000000e+00,0.000000000000000000e+00,0.000000000000000000e+00,0.000000000000000000e+00,0.000000000000000000e+00,0.000000000000000000e+00,0.000000000000000000e+00,0.000000000000000000e+00,0.000000000000000000e+00,0.000000000000000000e+00,0.000000000000000000e+00,0.000000000000000000e+00,0.000000000000000000e+00,0.000000000000000000e+00,0.000000000000000000e+00,0.000000000000000000e+00,0.000000000000000000e+00,0.000000000000000000e+00,0.000000000000000000e+00,0.000000000000000000e+00,0.000000000000000000e+00,0.000000000000000000e+00,0.000000000000000000e+00,0.000000000000000000e+00,0.000000000000000000e+00,0.000000000000000000e+00,0.000000000000000000e+00,0.000000000000000000e+00,0.000000000000000000e+00,0.000000000000000000e+00,0.000000000000000000e+00,0.000000000000000000e+00,0.000000000000000000e+00,0.000000000000000000e+00,0.000000000000000000e+00,0.000000000000000000e+00,0.000000000000000000e+00,0.000000000000000000e+00,0.000000000000000000e+00,0.000000000000000000e+00,0.000000000000000000e+00,0.000000000000000000e+00,0.000000000000000000e+00,0.000000000000000000e+00,0.000000000000000000e+00,0.000000000000000000e+00,0.000000000000000000e+00,0.000000000000000000e+00,0.000000000000000000e+00,0.000000000000000000e+00,0.000000000000000000e+00,0.000000000000000000e+00,0.000000000000000000e+00,0.000000000000000000e+00,0.000000000000000000e+00,0.000000000000000000e+00,0.000000000000000000e+00,0.000000000000000000e+00,0.000000000000000000e+00,0.000000000000000000e+00,0.000000000000000000e+00,0.000000000000000000e+00,0.000000000000000000e+00,0.000000000000000000e+00,0.000000000000000000e+00,0.000000000000000000e+00,0.000000000000000000e+00,0.000000000000000000e+00,0.000000000000000000e+00,0.000000000000000000e+00,0.000000000000000000e+00,0.000000000000000000e+00,0.000000000000000000e+00,0.000000000000000000e+00,0.000000000000000000e+00,0.000000000000000000e+00,0.000000000000000000e+00,0.000000000000000000e+00,0.000000000000000000e+00,0.000000000000000000e+00,0.000000000000000000e+00,0.000000000000000000e+00,0.000000000000000000e+00,0.000000000000000000e+00,0.000000000000000000e+00,0.000000000000000000e+00,0.000000000000000000e+00,0.000000000000000000e+00,0.000000000000000000e+00,0.000000000000000000e+00,0.000000000000000000e+00,0.000000000000000000e+00,0.000000000000000000e+00,0.000000000000000000e+00,0.000000000000000000e+00,0.000000000000000000e+00,0.000000000000000000e+00,0.000000000000000000e+00,0.000000000000000000e+00,0.000000000000000000e+00,0.000000000000000000e+00,0.000000000000000000e+00,0.000000000000000000e+00,0.000000000000000000e+00,0.000000000000000000e+00,0.000000000000000000e+00,0.000000000000000000e+00,0.000000000000000000e+00,0.000000000000000000e+00,0.000000000000000000e+00,0.000000000000000000e+00,0.000000000000000000e+00,0.000000000000000000e+00,0.000000000000000000e+00,0.000000000000000000e+00,0.000000000000000000e+00,0.000000000000000000e+00,0.000000000000000000e+00,0.000000000000000000e+00,0.000000000000000000e+00,0.000000000000000000e+00,0.000000000000000000e+00,0.000000000000000000e+00,0.000000000000000000e+00,0.000000000000000000e+00,0.000000000000000000e+00,0.000000000000000000e+00,0.000000000000000000e+00,0.000000000000000000e+00,0.000000000000000000e+00,0.000000000000000000e+00,0.000000000000000000e+00,0.000000000000000000e+00,0.000000000000000000e+00,0.000000000000000000e+00,0.000000000000000000e+00,0.000000000000000000e+00,0.000000000000000000e+00,0.000000000000000000e+00,0.000000000000000000e+00,0.000000000000000000e+00,0.000000000000000000e+00,0.000000000000000000e+00,0.000000000000000000e+00,0.000000000000000000e+00,0.000000000000000000e+00,0.000000000000000000e+00,0.000000000000000000e+00,0.000000000000000000e+00,0.000000000000000000e+00,0.000000000000000000e+00,0.000000000000000000e+00,0.000000000000000000e+00,0.000000000000000000e+00,0.000000000000000000e+00,0.000000000000000000e+00,0.000000000000000000e+00,0.000000000000000000e+00,0.000000000000000000e+00,0.000000000000000000e+00,0.000000000000000000e+00,0.000000000000000000e+00,0.000000000000000000e+00,0.000000000000000000e+00,0.000000000000000000e+00,0.000000000000000000e+00,0.000000000000000000e+00,0.000000000000000000e+00,0.000000000000000000e+00,0.000000000000000000e+00,0.000000000000000000e+00,0.000000000000000000e+00,0.000000000000000000e+00,0.000000000000000000e+00,0.000000000000000000e+00,0.000000000000000000e+00,0.000000000000000000e+00,0.000000000000000000e+00,0.000000000000000000e+00,0.000000000000000000e+00,0.000000000000000000e+00,0.000000000000000000e+00,0.000000000000000000e+00,0.000000000000000000e+00,0.000000000000000000e+00,0.000000000000000000e+00,0.000000000000000000e+00,0.000000000000000000e+00,0.000000000000000000e+00,0.000000000000000000e+00,0.000000000000000000e+00,0.000000000000000000e+00,0.000000000000000000e+00,0.000000000000000000e+00,0.000000000000000000e+00,0.000000000000000000e+00,0.000000000000000000e+00,0.000000000000000000e+00,0.000000000000000000e+00,0.000000000000000000e+00,0.000000000000000000e+00,0.000000000000000000e+00,0.000000000000000000e+00,0.000000000000000000e+00,0.000000000000000000e+00,0.000000000000000000e+00,0.000000000000000000e+00,0.000000000000000000e+00,0.000000000000000000e+00,0.000000000000000000e+00,0.000000000000000000e+00,0.000000000000000000e+00,0.000000000000000000e+00,0.000000000000000000e+00,0.000000000000000000e+00,0.000000000000000000e+00,0.000000000000000000e+00,0.000000000000000000e+00,0.000000000000000000e+00,0.000000000000000000e+00,0.000000000000000000e+00,0.000000000000000000e+00,0.000000000000000000e+00,0.000000000000000000e+00,0.000000000000000000e+00,0.000000000000000000e+00,0.000000000000000000e+00,0.000000000000000000e+00,0.000000000000000000e+00,0.000000000000000000e+00,0.000000000000000000e+00,0.000000000000000000e+00,0.000000000000000000e+00,0.000000000000000000e+00
0.000000000000000000e+00,0.000000000000000000e+00,0.000000000000000000e+00,0.000000000000000000e+00,0.000000000000000000e+00,0.000000000000000000e+00,0.000000000000000000e+00,0.000000000000000000e+00,0.000000000000000000e+00,0.000000000000000000e+00,0.000000000000000000e+00,0.000000000000000000e+00,0.000000000000000000e+00,0.000000000000000000e+00,0.000000000000000000e+00,0.000000000000000000e+00,0.000000000000000000e+00,0.000000000000000000e+00,0.000000000000000000e+00,0.000000000000000000e+00,0.000000000000000000e+00,0.000000000000000000e+00,0.000000000000000000e+00,0.000000000000000000e+00,0.000000000000000000e+00,0.000000000000000000e+00,0.000000000000000000e+00,0.000000000000000000e+00,0.000000000000000000e+00,0.000000000000000000e+00,0.000000000000000000e+00,0.000000000000000000e+00,0.000000000000000000e+00,0.000000000000000000e+00,0.000000000000000000e+00,0.000000000000000000e+00,0.000000000000000000e+00,0.000000000000000000e+00,0.000000000000000000e+00,0.000000000000000000e+00,0.000000000000000000e+00,0.000000000000000000e+00,0.000000000000000000e+00,0.000000000000000000e+00,0.000000000000000000e+00,0.000000000000000000e+00,0.000000000000000000e+00,0.000000000000000000e+00,0.000000000000000000e+00,0.000000000000000000e+00,0.000000000000000000e+00,0.000000000000000000e+00,0.000000000000000000e+00,0.000000000000000000e+00,0.000000000000000000e+00,0.000000000000000000e+00,0.000000000000000000e+00,0.000000000000000000e+00,0.000000000000000000e+00,0.000000000000000000e+00,0.000000000000000000e+00,0.000000000000000000e+00,0.000000000000000000e+00,0.000000000000000000e+00,0.000000000000000000e+00,0.000000000000000000e+00,0.000000000000000000e+00,0.000000000000000000e+00,0.000000000000000000e+00,0.000000000000000000e+00,0.000000000000000000e+00,0.000000000000000000e+00,0.000000000000000000e+00,0.000000000000000000e+00,0.000000000000000000e+00,0.000000000000000000e+00,0.000000000000000000e+00,0.000000000000000000e+00,0.000000000000000000e+00,0.000000000000000000e+00,0.000000000000000000e+00,0.000000000000000000e+00,0.000000000000000000e+00,0.000000000000000000e+00,0.000000000000000000e+00,0.000000000000000000e+00,0.000000000000000000e+00,0.000000000000000000e+00,0.000000000000000000e+00,0.000000000000000000e+00,0.000000000000000000e+00,0.000000000000000000e+00,0.000000000000000000e+00,0.000000000000000000e+00,0.000000000000000000e+00,0.000000000000000000e+00,0.000000000000000000e+00,0.000000000000000000e+00,0.000000000000000000e+00,0.000000000000000000e+00,0.000000000000000000e+00,0.000000000000000000e+00,0.000000000000000000e+00,0.000000000000000000e+00,0.000000000000000000e+00,0.000000000000000000e+00,0.000000000000000000e+00,0.000000000000000000e+00,0.000000000000000000e+00,0.000000000000000000e+00,0.000000000000000000e+00,0.000000000000000000e+00,0.000000000000000000e+00,0.000000000000000000e+00,0.000000000000000000e+00,0.000000000000000000e+00,0.000000000000000000e+00,0.000000000000000000e+00,0.000000000000000000e+00,0.000000000000000000e+00,0.000000000000000000e+00,0.000000000000000000e+00,0.000000000000000000e+00,0.000000000000000000e+00,0.000000000000000000e+00,0.000000000000000000e+00,0.000000000000000000e+00,0.000000000000000000e+00,0.000000000000000000e+00,0.000000000000000000e+00,0.000000000000000000e+00,0.000000000000000000e+00,0.000000000000000000e+00,0.000000000000000000e+00,0.000000000000000000e+00,0.000000000000000000e+00,0.000000000000000000e+00,0.000000000000000000e+00,0.000000000000000000e+00,0.000000000000000000e+00,0.000000000000000000e+00,0.000000000000000000e+00,0.000000000000000000e+00,0.000000000000000000e+00,0.000000000000000000e+00,0.000000000000000000e+00,0.000000000000000000e+00,0.000000000000000000e+00,0.000000000000000000e+00,0.000000000000000000e+00,0.000000000000000000e+00,0.000000000000000000e+00,0.000000000000000000e+00,0.000000000000000000e+00,0.000000000000000000e+00,0.000000000000000000e+00,0.000000000000000000e+00,0.000000000000000000e+00,0.000000000000000000e+00,0.000000000000000000e+00,0.000000000000000000e+00,0.000000000000000000e+00,0.000000000000000000e+00,0.000000000000000000e+00,0.000000000000000000e+00,0.000000000000000000e+00,0.000000000000000000e+00,0.000000000000000000e+00,0.000000000000000000e+00,0.000000000000000000e+00,0.000000000000000000e+00,0.000000000000000000e+00,0.000000000000000000e+00,0.000000000000000000e+00,0.000000000000000000e+00,0.000000000000000000e+00,0.000000000000000000e+00,0.000000000000000000e+00,0.000000000000000000e+00,0.000000000000000000e+00,0.000000000000000000e+00,0.000000000000000000e+00,0.000000000000000000e+00,0.000000000000000000e+00,0.000000000000000000e+00,0.000000000000000000e+00,0.000000000000000000e+00,0.000000000000000000e+00,0.000000000000000000e+00,0.000000000000000000e+00,0.000000000000000000e+00,0.000000000000000000e+00,0.000000000000000000e+00,0.000000000000000000e+00,0.000000000000000000e+00,0.000000000000000000e+00,0.000000000000000000e+00,0.000000000000000000e+00,0.000000000000000000e+00,0.000000000000000000e+00,0.000000000000000000e+00,0.000000000000000000e+00,0.000000000000000000e+00,0.000000000000000000e+00,0.000000000000000000e+00,0.000000000000000000e+00,0.000000000000000000e+00,0.000000000000000000e+00,0.000000000000000000e+00,0.000000000000000000e+00,0.000000000000000000e+00,0.000000000000000000e+00,0.000000000000000000e+00,0.000000000000000000e+00,0.000000000000000000e+00,0.000000000000000000e+00,0.000000000000000000e+00,0.000000000000000000e+00,0.000000000000000000e+00,0.000000000000000000e+00,0.000000000000000000e+00,0.000000000000000000e+00,0.000000000000000000e+00,0.000000000000000000e+00,0.000000000000000000e+00,0.000000000000000000e+00,0.000000000000000000e+00,0.000000000000000000e+00,0.000000000000000000e+00,0.000000000000000000e+00,0.000000000000000000e+00,0.000000000000000000e+00,0.000000000000000000e+00,0.000000000000000000e+00,0.000000000000000000e+00,0.000000000000000000e+00,0.000000000000000000e+00,0.000000000000000000e+00,0.000000000000000000e+00,0.000000000000000000e+00,0.000000000000000000e+00,0.000000000000000000e+00,0.000000000000000000e+00,0.000000000000000000e+00,0.000000000000000000e+00,0.000000000000000000e+00,0.000000000000000000e+00,0.000000000000000000e+00,0.000000000000000000e+00,0.000000000000000000e+00,0.000000000000000000e+00,0.000000000000000000e+00,0.000000000000000000e+00,0.000000000000000000e+00,0.000000000000000000e+00,0.000000000000000000e+00,0.000000000000000000e+00,0.000000000000000000e+00,0.000000000000000000e+00,0.000000000000000000e+00,0.000000000000000000e+00,0.000000000000000000e+00,0.000000000000000000e+00,0.000000000000000000e+00,0.000000000000000000e+00,0.000000000000000000e+00,0.000000000000000000e+00,0.000000000000000000e+00,0.000000000000000000e+00,0.000000000000000000e+00,0.000000000000000000e+00,0.000000000000000000e+00,0.000000000000000000e+00,0.000000000000000000e+00,0.000000000000000000e+00,0.000000000000000000e+00,0.000000000000000000e+00,0.000000000000000000e+00,0.000000000000000000e+00,0.000000000000000000e+00,0.000000000000000000e+00,0.000000000000000000e+00,0.000000000000000000e+00,0.000000000000000000e+00,0.000000000000000000e+00,0.000000000000000000e+00,0.000000000000000000e+00,0.000000000000000000e+00,0.000000000000000000e+00,0.000000000000000000e+00,0.000000000000000000e+00,0.000000000000000000e+00,0.000000000000000000e+00,0.000000000000000000e+00,0.000000000000000000e+00,0.000000000000000000e+00,0.000000000000000000e+00,0.000000000000000000e+00,0.000000000000000000e+00,0.000000000000000000e+00,0.000000000000000000e+00,0.000000000000000000e+00,0.000000000000000000e+00,0.000000000000000000e+00,0.000000000000000000e+00,0.000000000000000000e+00,0.000000000000000000e+00,0.000000000000000000e+00,0.000000000000000000e+00,0.000000000000000000e+00,0.000000000000000000e+00,0.000000000000000000e+00,0.000000000000000000e+00,0.000000000000000000e+00,0.000000000000000000e+00,0.000000000000000000e+00,0.000000000000000000e+00,0.000000000000000000e+00,0.000000000000000000e+00,0.000000000000000000e+00,0.000000000000000000e+00,0.000000000000000000e+00,0.000000000000000000e+00,0.000000000000000000e+00,0.000000000000000000e+00,0.000000000000000000e+00,0.000000000000000000e+00,0.000000000000000000e+00,0.000000000000000000e+00,0.000000000000000000e+00,0.000000000000000000e+00,0.000000000000000000e+00,0.000000000000000000e+00,0.000000000000000000e+00,0.000000000000000000e+00,0.000000000000000000e+00,0.000000000000000000e+00,0.000000000000000000e+00,0.000000000000000000e+00,0.000000000000000000e+00,0.000000000000000000e+00,0.000000000000000000e+00,0.000000000000000000e+00,0.000000000000000000e+00,0.000000000000000000e+00,0.000000000000000000e+00,0.000000000000000000e+00,0.000000000000000000e+00,0.000000000000000000e+00,0.000000000000000000e+00,0.000000000000000000e+00,0.000000000000000000e+00,0.000000000000000000e+00,0.000000000000000000e+00,0.000000000000000000e+00,0.000000000000000000e+00,0.000000000000000000e+00,0.000000000000000000e+00,0.000000000000000000e+00,0.000000000000000000e+00,0.000000000000000000e+00,0.000000000000000000e+00,0.000000000000000000e+00,0.000000000000000000e+00,0.000000000000000000e+00,0.000000000000000000e+00,0.000000000000000000e+00,0.000000000000000000e+00,0.000000000000000000e+00,0.000000000000000000e+00,0.000000000000000000e+00,0.000000000000000000e+00,0.000000000000000000e+00,0.000000000000000000e+00,0.000000000000000000e+00
0.000000000000000000e+00,0.000000000000000000e+00,0.000000000000000000e+00,0.000000000000000000e+00,0.000000000000000000e+00,0.000000000000000000e+00,0.000000000000000000e+00,0.000000000000000000e+00,0.000000000000000000e+00,0.000000000000000000e+00,0.000000000000000000e+00,0.000000000000000000e+00,0.000000000000000000e+00,0.000000000000000000e+00,0.000000000000000000e+00,0.000000000000000000e+00,0.000000000000000000e+00,0.000000000000000000e+00,0.000000000000000000e+00,0.000000000000000000e+00,0.000000000000000000e+00,0.000000000000000000e+00,0.000000000000000000e+00,0.000000000000000000e+00,0.000000000000000000e+00,0.000000000000000000e+00,0.000000000000000000e+00,0.000000000000000000e+00,0.000000000000000000e+00,0.000000000000000000e+00,0.000000000000000000e+00,0.000000000000000000e+00,0.000000000000000000e+00,0.000000000000000000e+00,0.000000000000000000e+00,0.000000000000000000e+00,0.000000000000000000e+00,0.000000000000000000e+00,0.000000000000000000e+00,0.000000000000000000e+00,0.000000000000000000e+00,0.000000000000000000e+00,0.000000000000000000e+00,0.000000000000000000e+00,0.000000000000000000e+00,0.000000000000000000e+00,0.000000000000000000e+00,0.000000000000000000e+00,0.000000000000000000e+00,0.000000000000000000e+00,0.000000000000000000e+00,0.000000000000000000e+00,0.000000000000000000e+00,0.000000000000000000e+00,0.000000000000000000e+00,0.000000000000000000e+00,0.000000000000000000e+00,0.000000000000000000e+00,0.000000000000000000e+00,0.000000000000000000e+00,0.000000000000000000e+00,0.000000000000000000e+00,0.000000000000000000e+00,0.000000000000000000e+00,0.000000000000000000e+00,0.000000000000000000e+00,0.000000000000000000e+00,0.000000000000000000e+00,0.000000000000000000e+00,0.000000000000000000e+00,0.000000000000000000e+00,0.000000000000000000e+00,0.000000000000000000e+00,0.000000000000000000e+00,0.000000000000000000e+00,0.000000000000000000e+00,0.000000000000000000e+00,0.000000000000000000e+00,0.000000000000000000e+00,0.000000000000000000e+00,0.000000000000000000e+00,0.000000000000000000e+00,0.000000000000000000e+00,0.000000000000000000e+00,0.000000000000000000e+00,0.000000000000000000e+00,0.000000000000000000e+00,0.000000000000000000e+00,0.000000000000000000e+00,0.000000000000000000e+00,0.000000000000000000e+00,0.000000000000000000e+00,0.000000000000000000e+00,0.000000000000000000e+00,0.000000000000000000e+00,0.000000000000000000e+00,0.000000000000000000e+00,0.000000000000000000e+00,0.000000000000000000e+00,0.000000000000000000e+00,0.000000000000000000e+00,0.000000000000000000e+00,0.000000000000000000e+00,0.000000000000000000e+00,0.000000000000000000e+00,0.000000000000000000e+00,0.000000000000000000e+00,0.000000000000000000e+00,0.000000000000000000e+00,0.000000000000000000e+00,0.000000000000000000e+00,0.000000000000000000e+00,0.000000000000000000e+00,0.000000000000000000e+00,0.000000000000000000e+00,0.000000000000000000e+00,0.000000000000000000e+00,0.000000000000000000e+00,0.000000000000000000e+00,0.000000000000000000e+00,0.000000000000000000e+00,0.000000000000000000e+00,0.000000000000000000e+00,0.000000000000000000e+00,0.000000000000000000e+00,0.000000000000000000e+00,0.000000000000000000e+00,0.000000000000000000e+00,0.000000000000000000e+00,0.000000000000000000e+00,0.000000000000000000e+00,0.000000000000000000e+00,0.000000000000000000e+00,0.000000000000000000e+00,0.000000000000000000e+00,0.000000000000000000e+00,0.000000000000000000e+00,0.000000000000000000e+00,0.000000000000000000e+00,0.000000000000000000e+00,0.000000000000000000e+00,0.000000000000000000e+00,0.000000000000000000e+00,0.000000000000000000e+00,0.000000000000000000e+00,0.000000000000000000e+00,0.000000000000000000e+00,0.000000000000000000e+00,0.000000000000000000e+00,0.000000000000000000e+00,0.000000000000000000e+00,0.000000000000000000e+00,0.000000000000000000e+00,0.000000000000000000e+00,0.000000000000000000e+00,0.000000000000000000e+00,0.000000000000000000e+00,0.000000000000000000e+00,0.000000000000000000e+00,0.000000000000000000e+00,0.000000000000000000e+00,0.000000000000000000e+00,0.000000000000000000e+00,0.000000000000000000e+00,0.000000000000000000e+00,0.000000000000000000e+00,0.000000000000000000e+00,0.000000000000000000e+00,0.000000000000000000e+00,0.000000000000000000e+00,0.000000000000000000e+00,0.000000000000000000e+00,0.000000000000000000e+00,0.000000000000000000e+00,0.000000000000000000e+00,0.000000000000000000e+00,0.000000000000000000e+00,0.000000000000000000e+00,0.000000000000000000e+00,0.000000000000000000e+00,0.000000000000000000e+00,0.000000000000000000e+00,0.000000000000000000e+00,0.000000000000000000e+00,0.000000000000000000e+00,0.000000000000000000e+00,0.000000000000000000e+00,0.000000000000000000e+00,0.000000000000000000e+00,0.000000000000000000e+00,0.000000000000000000e+00,0.000000000000000000e+00,0.000000000000000000e+00,0.000000000000000000e+00,0.000000000000000000e+00,0.000000000000000000e+00,0.000000000000000000e+00,0.000000000000000000e+00,0.000000000000000000e+00,0.000000000000000000e+00,0.000000000000000000e+00,0.000000000000000000e+00,0.000000000000000000e+00,0.000000000000000000e+00,0.000000000000000000e+00,0.000000000000000000e+00,0.000000000000000000e+00,0.000000000000000000e+00,0.000000000000000000e+00,0.000000000000000000e+00,0.000000000000000000e+00,0.000000000000000000e+00,0.000000000000000000e+00,0.000000000000000000e+00,0.000000000000000000e+00,0.000000000000000000e+00,0.000000000000000000e+00,0.000000000000000000e+00,0.000000000000000000e+00,0.000000000000000000e+00,0.000000000000000000e+00,0.000000000000000000e+00,0.000000000000000000e+00,0.000000000000000000e+00,0.000000000000000000e+00,0.000000000000000000e+00,0.000000000000000000e+00,0.000000000000000000e+00,0.000000000000000000e+00,0.000000000000000000e+00,0.000000000000000000e+00,0.000000000000000000e+00,0.000000000000000000e+00,0.000000000000000000e+00,0.000000000000000000e+00,0.000000000000000000e+00,0.000000000000000000e+00,0.000000000000000000e+00,0.000000000000000000e+00,0.000000000000000000e+00,0.000000000000000000e+00,0.000000000000000000e+00,0.000000000000000000e+00,0.000000000000000000e+00,0.000000000000000000e+00,0.000000000000000000e+00,0.000000000000000000e+00,0.000000000000000000e+00,0.000000000000000000e+00,0.000000000000000000e+00,0.000000000000000000e+00,0.000000000000000000e+00,0.000000000000000000e+00,0.000000000000000000e+00,0.000000000000000000e+00,0.000000000000000000e+00,0.000000000000000000e+00,0.000000000000000000e+00,0.000000000000000000e+00,0.000000000000000000e+00,0.000000000000000000e+00,0.000000000000000000e+00,0.000000000000000000e+00,0.000000000000000000e+00,0.000000000000000000e+00,0.000000000000000000e+00,0.000000000000000000e+00,0.000000000000000000e+00,0.000000000000000000e+00,0.000000000000000000e+00,0.000000000000000000e+00,0.000000000000000000e+00,0.000000000000000000e+00,0.000000000000000000e+00,0.000000000000000000e+00,0.000000000000000000e+00,0.000000000000000000e+00,0.000000000000000000e+00,0.000000000000000000e+00,0.000000000000000000e+00,0.000000000000000000e+00,0.000000000000000000e+00,0.000000000000000000e+00,0.000000000000000000e+00,0.000000000000000000e+00,0.000000000000000000e+00,0.000000000000000000e+00,0.000000000000000000e+00,0.000000000000000000e+00,0.000000000000000000e+00,0.000000000000000000e+00,0.000000000000000000e+00,0.000000000000000000e+00,0.000000000000000000e+00,0.000000000000000000e+00,0.000000000000000000e+00,0.000000000000000000e+00,0.000000000000000000e+00,0.000000000000000000e+00,0.000000000000000000e+00,0.000000000000000000e+00,0.000000000000000000e+00,0.000000000000000000e+00,0.000000000000000000e+00,0.000000000000000000e+00,0.000000000000000000e+00,0.000000000000000000e+00,0.000000000000000000e+00,0.000000000000000000e+00,0.000000000000000000e+00,0.000000000000000000e+00,0.000000000000000000e+00,0.000000000000000000e+00,0.000000000000000000e+00,0.000000000000000000e+00,0.000000000000000000e+00,0.000000000000000000e+00,0.000000000000000000e+00,0.000000000000000000e+00,0.000000000000000000e+00,0.000000000000000000e+00,0.000000000000000000e+00,0.000000000000000000e+00,0.000000000000000000e+00,0.000000000000000000e+00,0.000000000000000000e+00,0.000000000000000000e+00,0.000000000000000000e+00,0.000000000000000000e+00,0.000000000000000000e+00,0.000000000000000000e+00,0.000000000000000000e+00,0.000000000000000000e+00,0.000000000000000000e+00,0.000000000000000000e+00,0.000000000000000000e+00,0.000000000000000000e+00,0.000000000000000000e+00,0.000000000000000000e+00,0.000000000000000000e+00,0.000000000000000000e+00,0.000000000000000000e+00,0.000000000000000000e+00,0.000000000000000000e+00,0.000000000000000000e+00,0.000000000000000000e+00,0.000000000000000000e+00,0.000000000000000000e+00,0.000000000000000000e+00,0.000000000000000000e+00,0.000000000000000000e+00,0.000000000000000000e+00,0.000000000000000000e+00,0.000000000000000000e+00,0.000000000000000000e+00,0.000000000000000000e+00,0.000000000000000000e+00,0.000000000000000000e+00,0.000000000000000000e+00,0.000000000000000000e+00,0.000000000000000000e+00,0.000000000000000000e+00,0.000000000000000000e+00,0.000000000000000000e+00,0.000000000000000000e+00,0.000000000000000000e+00,0.000000000000000000e+00,0.000000000000000000e+00,0.000000000000000000e+00,0.000000000000000000e+00,0.000000000000000000e+00,0.000000000000000000e+00,0.000000000000000000e+00,0.000000000000000000e+00,0.000000000000000000e+00
0.000000000000000000e+00,0.000000000000000000e+00,0.000000000000000000e+00,0.000000000000000000e+00,0.000000000000000000e+00,0.000000000000000000e+00,0.000000000000000000e+00,0.000000000000000000e+00,0.000000000000000000e+00,0.000000000000000000e+00,0.000000000000000000e+00,0.000000000000000000e+00,0.000000000000000000e+00,0.000000000000000000e+00,0.000000000000000000e+00,0.000000000000000000e+00,0.000000000000000000e+00,0.000000000000000000e+00,0.000000000000000000e+00,0.000000000000000000e+00,0.000000000000000000e+00,0.000000000000000000e+00,0.000000000000000000e+00,0.000000000000000000e+00,0.000000000000000000e+00,0.000000000000000000e+00,0.000000000000000000e+00,0.000000000000000000e+00,0.000000000000000000e+00,0.000000000000000000e+00,0.000000000000000000e+00,0.000000000000000000e+00,0.000000000000000000e+00,0.000000000000000000e+00,0.000000000000000000e+00,0.000000000000000000e+00,0.000000000000000000e+00,0.000000000000000000e+00,0.000000000000000000e+00,0.000000000000000000e+00,0.000000000000000000e+00,0.000000000000000000e+00,0.000000000000000000e+00,0.000000000000000000e+00,0.000000000000000000e+00,0.000000000000000000e+00,0.000000000000000000e+00,0.000000000000000000e+00,0.000000000000000000e+00,0.000000000000000000e+00,0.000000000000000000e+00,0.000000000000000000e+00,0.000000000000000000e+00,0.000000000000000000e+00,0.000000000000000000e+00,0.000000000000000000e+00,0.000000000000000000e+00,0.000000000000000000e+00,0.000000000000000000e+00,0.000000000000000000e+00,0.000000000000000000e+00,0.000000000000000000e+00,0.000000000000000000e+00,0.000000000000000000e+00,0.000000000000000000e+00,0.000000000000000000e+00,0.000000000000000000e+00,0.000000000000000000e+00,0.000000000000000000e+00,0.000000000000000000e+00,0.000000000000000000e+00,0.000000000000000000e+00,0.000000000000000000e+00,0.000000000000000000e+00,0.000000000000000000e+00,0.000000000000000000e+00,0.000000000000000000e+00,0.000000000000000000e+00,0.000000000000000000e+00,0.000000000000000000e+00,0.000000000000000000e+00,0.000000000000000000e+00,0.000000000000000000e+00,0.000000000000000000e+00,0.000000000000000000e+00,0.000000000000000000e+00,0.000000000000000000e+00,0.000000000000000000e+00,0.000000000000000000e+00,0.000000000000000000e+00,0.000000000000000000e+00,0.000000000000000000e+00,0.000000000000000000e+00,0.000000000000000000e+00,0.000000000000000000e+00,0.000000000000000000e+00,0.000000000000000000e+00,0.000000000000000000e+00,0.000000000000000000e+00,0.000000000000000000e+00,0.000000000000000000e+00,0.000000000000000000e+00,0.000000000000000000e+00,0.000000000000000000e+00,0.000000000000000000e+00,0.000000000000000000e+00,0.000000000000000000e+00,0.000000000000000000e+00,0.000000000000000000e+00,0.000000000000000000e+00,0.000000000000000000e+00,0.000000000000000000e+00,0.000000000000000000e+00,0.000000000000000000e+00,0.000000000000000000e+00,0.000000000000000000e+00,0.000000000000000000e+00,0.000000000000000000e+00,0.000000000000000000e+00,0.000000000000000000e+00,0.000000000000000000e+00,0.000000000000000000e+00,0.000000000000000000e+00,0.000000000000000000e+00,0.000000000000000000e+00,0.000000000000000000e+00,0.000000000000000000e+00,0.000000000000000000e+00,0.000000000000000000e+00,0.000000000000000000e+00,0.000000000000000000e+00,0.000000000000000000e+00,0.000000000000000000e+00,0.000000000000000000e+00,0.000000000000000000e+00,0.000000000000000000e+00,0.000000000000000000e+00,0.000000000000000000e+00,0.000000000000000000e+00,0.000000000000000000e+00,0.000000000000000000e+00,0.000000000000000000e+00,0.000000000000000000e+00,0.000000000000000000e+00,0.000000000000000000e+00,0.000000000000000000e+00,0.000000000000000000e+00,0.000000000000000000e+00,0.000000000000000000e+00,0.000000000000000000e+00,0.000000000000000000e+00,0.000000000000000000e+00,0.000000000000000000e+00,0.000000000000000000e+00,0.000000000000000000e+00,0.000000000000000000e+00,0.000000000000000000e+00,0.000000000000000000e+00,0.000000000000000000e+00,0.000000000000000000e+00,0.000000000000000000e+00,0.000000000000000000e+00,0.000000000000000000e+00,0.000000000000000000e+00,0.000000000000000000e+00,0.000000000000000000e+00,0.000000000000000000e+00,0.000000000000000000e+00,0.000000000000000000e+00,0.000000000000000000e+00,0.000000000000000000e+00,0.000000000000000000e+00,0.000000000000000000e+00,0.000000000000000000e+00,0.000000000000000000e+00,0.000000000000000000e+00,0.000000000000000000e+00,0.000000000000000000e+00,0.000000000000000000e+00,0.000000000000000000e+00,0.000000000000000000e+00,0.000000000000000000e+00,0.000000000000000000e+00,0.000000000000000000e+00,0.000000000000000000e+00,0.000000000000000000e+00,0.000000000000000000e+00,0.000000000000000000e+00,0.000000000000000000e+00,0.000000000000000000e+00,0.000000000000000000e+00,0.000000000000000000e+00,0.000000000000000000e+00,0.000000000000000000e+00,0.000000000000000000e+00,0.000000000000000000e+00,0.000000000000000000e+00,0.000000000000000000e+00,0.000000000000000000e+00,0.000000000000000000e+00,0.000000000000000000e+00,0.000000000000000000e+00,0.000000000000000000e+00,0.000000000000000000e+00,0.000000000000000000e+00,0.000000000000000000e+00,0.000000000000000000e+00,0.000000000000000000e+00,0.000000000000000000e+00,0.000000000000000000e+00,0.000000000000000000e+00,0.000000000000000000e+00,0.000000000000000000e+00,0.000000000000000000e+00,0.000000000000000000e+00,0.000000000000000000e+00,0.000000000000000000e+00,0.000000000000000000e+00,0.000000000000000000e+00,0.000000000000000000e+00,0.000000000000000000e+00,0.000000000000000000e+00,0.000000000000000000e+00,0.000000000000000000e+00,0.000000000000000000e+00,0.000000000000000000e+00,0.000000000000000000e+00,0.000000000000000000e+00,0.000000000000000000e+00,0.000000000000000000e+00,0.000000000000000000e+00,0.000000000000000000e+00,0.000000000000000000e+00,0.000000000000000000e+00,0.000000000000000000e+00,0.000000000000000000e+00,0.000000000000000000e+00,0.000000000000000000e+00,0.000000000000000000e+00,0.000000000000000000e+00,0.000000000000000000e+00,0.000000000000000000e+00,0.000000000000000000e+00,0.000000000000000000e+00,0.000000000000000000e+00,0.000000000000000000e+00,0.000000000000000000e+00,0.000000000000000000e+00,0.000000000000000000e+00,0.000000000000000000e+00,0.000000000000000000e+00,0.000000000000000000e+00,0.000000000000000000e+00,0.000000000000000000e+00,0.000000000000000000e+00,0.000000000000000000e+00,0.000000000000000000e+00,0.000000000000000000e+00,0.000000000000000000e+00,0.000000000000000000e+00,0.000000000000000000e+00,0.000000000000000000e+00,0.000000000000000000e+00,0.000000000000000000e+00,0.000000000000000000e+00,0.000000000000000000e+00,0.000000000000000000e+00,0.000000000000000000e+00,0.000000000000000000e+00,0.000000000000000000e+00,0.000000000000000000e+00,0.000000000000000000e+00,0.000000000000000000e+00,0.000000000000000000e+00,0.000000000000000000e+00,0.000000000000000000e+00,0.000000000000000000e+00,0.000000000000000000e+00,0.000000000000000000e+00,0.000000000000000000e+00,0.000000000000000000e+00,0.000000000000000000e+00,0.000000000000000000e+00,0.000000000000000000e+00,0.000000000000000000e+00,0.000000000000000000e+00,0.000000000000000000e+00,0.000000000000000000e+00,0.000000000000000000e+00,0.000000000000000000e+00,0.000000000000000000e+00,0.000000000000000000e+00,0.000000000000000000e+00,0.000000000000000000e+00,0.000000000000000000e+00,0.000000000000000000e+00,0.000000000000000000e+00,0.000000000000000000e+00,0.000000000000000000e+00,0.000000000000000000e+00,0.000000000000000000e+00,0.000000000000000000e+00,0.000000000000000000e+00,0.000000000000000000e+00,0.000000000000000000e+00,0.000000000000000000e+00,0.000000000000000000e+00,0.000000000000000000e+00,0.000000000000000000e+00,0.000000000000000000e+00,0.000000000000000000e+00,0.000000000000000000e+00,0.000000000000000000e+00,0.000000000000000000e+00,0.000000000000000000e+00,0.000000000000000000e+00,0.000000000000000000e+00,0.000000000000000000e+00,0.000000000000000000e+00,0.000000000000000000e+00,0.000000000000000000e+00,0.000000000000000000e+00,0.000000000000000000e+00,0.000000000000000000e+00,0.000000000000000000e+00,0.000000000000000000e+00,0.000000000000000000e+00,0.000000000000000000e+00,0.000000000000000000e+00,0.000000000000000000e+00,0.000000000000000000e+00,0.000000000000000000e+00,0.000000000000000000e+00,0.000000000000000000e+00,0.000000000000000000e+00,0.000000000000000000e+00,0.000000000000000000e+00,0.000000000000000000e+00,0.000000000000000000e+00,0.000000000000000000e+00,0.000000000000000000e+00,0.000000000000000000e+00,0.000000000000000000e+00,0.000000000000000000e+00,0.000000000000000000e+00,0.000000000000000000e+00,0.000000000000000000e+00,0.000000000000000000e+00,0.000000000000000000e+00,0.000000000000000000e+00,0.000000000000000000e+00,0.000000000000000000e+00,0.000000000000000000e+00,0.000000000000000000e+00,0.000000000000000000e+00,0.000000000000000000e+00,0.000000000000000000e+00,0.000000000000000000e+00,0.000000000000000000e+00,0.000000000000000000e+00,0.000000000000000000e+00,0.000000000000000000e+00,0.000000000000000000e+00,0.000000000000000000e+00,0.000000000000000000e+00,0.000000000000000000e+00,0.000000000000000000e+00,0.000000000000000000e+00,0.000000000000000000e+00,0.000000000000000000e+00,0.000000000000000000e+00,0.000000000000000000e+00,0.000000000000000000e+00,0.000000000000000000e+00,0.000000000000000000e+00
0.000000000000000000e+00,0.000000000000000000e+00,0.000000000000000000e+00,0.000000000000000000e+00,0.000000000000000000e+00,0.000000000000000000e+00,0.000000000000000000e+00,0.000000000000000000e+00,0.000000000000000000e+00,0.000000000000000000e+00,0.000000000000000000e+00,0.000000000000000000e+00,0.000000000000000000e+00,0.000000000000000000e+00,0.000000000000000000e+00,0.000000000000000000e+00,0.000000000000000000e+00,0.000000000000000000e+00,0.000000000000000000e+00,0.000000000000000000e+00,0.000000000000000000e+00,0.000000000000000000e+00,0.000000000000000000e+00,0.000000000000000000e+00,0.000000000000000000e+00,0.000000000000000000e+00,0.000000000000000000e+00,0.000000000000000000e+00,0.000000000000000000e+00,0.000000000000000000e+00,0.000000000000000000e+00,0.000000000000000000e+00,0.000000000000000000e+00,0.000000000000000000e+00,0.000000000000000000e+00,0.000000000000000000e+00,0.000000000000000000e+00,0.000000000000000000e+00,0.000000000000000000e+00,0.000000000000000000e+00,0.000000000000000000e+00,0.000000000000000000e+00,0.000000000000000000e+00,0.000000000000000000e+00,0.000000000000000000e+00,0.000000000000000000e+00,0.000000000000000000e+00,0.000000000000000000e+00,0.000000000000000000e+00,0.000000000000000000e+00,0.000000000000000000e+00,0.000000000000000000e+00,0.000000000000000000e+00,0.000000000000000000e+00,0.000000000000000000e+00,0.000000000000000000e+00,0.000000000000000000e+00,0.000000000000000000e+00,0.000000000000000000e+00,0.000000000000000000e+00,0.000000000000000000e+00,0.000000000000000000e+00,0.000000000000000000e+00,0.000000000000000000e+00,0.000000000000000000e+00,0.000000000000000000e+00,0.000000000000000000e+00,0.000000000000000000e+00,0.000000000000000000e+00,0.000000000000000000e+00,0.000000000000000000e+00,0.000000000000000000e+00,0.000000000000000000e+00,0.000000000000000000e+00,0.000000000000000000e+00,0.000000000000000000e+00,0.000000000000000000e+00,0.000000000000000000e+00,0.000000000000000000e+00,0.000000000000000000e+00,0.000000000000000000e+00,0.000000000000000000e+00,0.000000000000000000e+00,0.000000000000000000e+00,0.000000000000000000e+00,0.000000000000000000e+00,0.000000000000000000e+00,0.000000000000000000e+00,0.000000000000000000e+00,0.000000000000000000e+00,0.000000000000000000e+00,0.000000000000000000e+00,0.000000000000000000e+00,0.000000000000000000e+00,0.000000000000000000e+00,0.000000000000000000e+00,0.000000000000000000e+00,0.000000000000000000e+00,0.000000000000000000e+00,0.000000000000000000e+00,0.000000000000000000e+00,0.000000000000000000e+00,0.000000000000000000e+00,0.000000000000000000e+00,0.000000000000000000e+00,0.000000000000000000e+00,0.000000000000000000e+00,0.000000000000000000e+00,0.000000000000000000e+00,0.000000000000000000e+00,0.000000000000000000e+00,0.000000000000000000e+00,0.000000000000000000e+00,0.000000000000000000e+00,0.000000000000000000e+00,0.000000000000000000e+00,0.000000000000000000e+00,0.000000000000000000e+00,0.000000000000000000e+00,0.000000000000000000e+00,0.000000000000000000e+00,0.000000000000000000e+00,0.000000000000000000e+00,0.000000000000000000e+00,0.000000000000000000e+00,0.000000000000000000e+00,0.000000000000000000e+00,0.000000000000000000e+00,0.000000000000000000e+00,0.000000000000000000e+00,0.000000000000000000e+00,0.000000000000000000e+00,0.000000000000000000e+00,0.000000000000000000e+00,0.000000000000000000e+00,0.000000000000000000e+00,0.000000000000000000e+00,0.000000000000000000e+00,0.000000000000000000e+00,0.000000000000000000e+00,0.000000000000000000e+00,0.000000000000000000e+00,0.000000000000000000e+00,0.000000000000000000e+00,0.000000000000000000e+00,0.000000000000000000e+00,0.000000000000000000e+00,0.000000000000000000e+00,0.000000000000000000e+00,0.000000000000000000e+00,0.000000000000000000e+00,0.000000000000000000e+00,0.000000000000000000e+00,0.000000000000000000e+00,0.000000000000000000e+00,0.000000000000000000e+00,0.000000000000000000e+00,0.000000000000000000e+00,0.000000000000000000e+00,0.000000000000000000e+00,0.000000000000000000e+00,0.000000000000000000e+00,0.000000000000000000e+00,0.000000000000000000e+00,0.000000000000000000e+00,0.000000000000000000e+00,0.000000000000000000e+00,0.000000000000000000e+00,0.000000000000000000e+00,0.000000000000000000e+00,0.000000000000000000e+00,0.000000000000000000e+00,0.000000000000000000e+00,0.000000000000000000e+00,0.000000000000000000e+00,0.000000000000000000e+00,0.000000000000000000e+00,0.000000000000000000e+00,0.000000000000000000e+00,0.000000000000000000e+00,0.000000000000000000e+00,0.000000000000000000e+00,0.000000000000000000e+00,0.000000000000000000e+00,0.000000000000000000e+00,0.000000000000000000e+00,0.000000000000000000e+00,0.000000000000000000e+00,0.000000000000000000e+00,0.000000000000000000e+00,0.000000000000000000e+00,0.000000000000000000e+00,0.000000000000000000e+00,0.000000000000000000e+00,0.000000000000000000e+00,0.000000000000000000e+00,0.000000000000000000e+00,0.000000000000000000e+00,0.000000000000000000e+00,0.000000000000000000e+00,0.000000000000000000e+00,0.000000000000000000e+00,0.000000000000000000e+00,0.000000000000000000e+00,0.000000000000000000e+00,0.000000000000000000e+00,0.000000000000000000e+00,0.000000000000000000e+00,0.000000000000000000e+00,0.000000000000000000e+00,0.000000000000000000e+00,0.000000000000000000e+00,0.000000000000000000e+00,0.000000000000000000e+00,0.000000000000000000e+00,0.000000000000000000e+00,0.000000000000000000e+00,0.000000000000000000e+00,0.000000000000000000e+00,0.000000000000000000e+00,0.000000000000000000e+00,0.000000000000000000e+00,0.000000000000000000e+00,0.000000000000000000e+00,0.000000000000000000e+00,0.000000000000000000e+00,0.000000000000000000e+00,0.000000000000000000e+00,0.000000000000000000e+00,0.000000000000000000e+00,0.000000000000000000e+00,0.000000000000000000e+00,0.000000000000000000e+00,0.000000000000000000e+00,0.000000000000000000e+00,0.000000000000000000e+00,0.000000000000000000e+00,0.000000000000000000e+00,0.000000000000000000e+00,0.000000000000000000e+00,0.000000000000000000e+00,0.000000000000000000e+00,0.000000000000000000e+00,0.000000000000000000e+00,0.000000000000000000e+00,0.000000000000000000e+00,0.000000000000000000e+00,0.000000000000000000e+00,0.000000000000000000e+00,0.000000000000000000e+00,0.000000000000000000e+00,0.000000000000000000e+00,0.000000000000000000e+00,0.000000000000000000e+00,0.000000000000000000e+00,0.000000000000000000e+00,1.159999518758225603e-04,1.126503012216030811e-04,1.275112615241095983e-04,1.379403741091865250e-04,1.488645079560922441e-04,1.567032627512618089e-04,1.641474632194753766e-04,1.704439753520567641e-04,1.765330104952385880e-04,1.821519091989409322e-04,1.875968339110402350e-04,1.927500038044217801e-04,1.977071017047431071e-04,2.024141101177819621e-04,2.069079036667505493e-04,2.111636970390063186e-04,2.151997634700148669e-04,2.190039043012047227e-04,2.225873969110454549e-04,2.259437908676861339e-04,2.290815428621737902e-04,2.319975794374096016e-04,2.346994129921463107e-04,2.371865545447466184e-04,2.394664739302437915e-04,2.415409497929791780e-04,2.434178478725748337e-04,2.451010385684955755e-04,2.465989891952251887e-04,2.479175176576560577e-04,2.490657564661905520e-04,2.500513098690419333e-04,2.508839316432686381e-04,2.515728122796271693e-04,2.521281946173776697e-04,2.525606112301331655e-04,2.528805915997388472e-04,2.530997282351912900e-04,2.532285847862646958e-04,2.532795068320623476e-04,2.532628116759926690e-04,2.531912836582351882e-04,2.530747075353286619e-04,2.529260030988805244e-04,2.527541514796927211e-04,2.525719328171442657e-04,2.523872862599500647e-04,2.522126195638806447e-04,2.520546375146717321e-04,2.519251951742033620e-04,2.518296249623629655e-04,2.517791068951818231e-04,2.517775210464671064e-04,2.518353092318453747e-04,2.519548766630449804e-04,2.521459205672674404e-04,2.524094023507415796e-04,2.527543198267735171e-04,2.531802690115140587e-04,2.536956380594065962e-04,2.542987758823357799e-04,2.549975875478471517e-04,2.557893252357970344e-04,2.566815666901082820e-04,2.576706426241351031e-04,2.587639817529093444e-04,2.599571876615682561e-04,2.612577359157216270e-04,2.626607126645803532e-04,2.641738512688649484e-04,2.657919446069425011e-04,2.675232105341872856e-04,2.693623900988279560e-04,2.713184329547968445e-04,2.733862946195446094e-04,2.755759347447179521e-04,2.778828283574538314e-04,2.803182717334842876e-04,2.828786255382078458e-04,2.855769250791938079e-04,2.884108777959127918e-04,2.913957771020135546e-04,2.945312833055922590e-04,2.978356434087484094e-04,3.013112940792063692e-04,3.049803941418476288e-04,3.088493018860357926e-04,3.129454333882713624e-04,3.172806861771823193e-04,3.218896464145528063e-04,3.267920600484701681e-04,3.320324279025593144e-04,3.376416698122949455e-04,3.436781739160394865e-04,3.501888699224829822e-04,3.572518475262023208e-04,3.649371738235917162e-04,3.733512871733688627e-04,3.825981069145047001e-04,3.928255920867078626e-04,4.041881030839571554e-04,4.168959177287196501e-04,4.311806715122152201e-04,4.473496317027087941e-04,4.657580425637940507e-04,4.868728636358243779e-04,5.112609867387246177e-04,5.396773356355846632e-04,5.730943832724694383e-04,6.128734784781298371e-04,6.609200433577705610e-04,7.201615975275009809e-04,7.949387463252524915e-04,8.919885062649115289e-04,1.018381126304679883e-03,1.176807094472162932e-03,1.319154336800995846e-03,1.302295613793239730e-03,4.359303878760295353e-04
0.000000000000000000e+00,0.000000000000000000e+00,0.000000000000000000e+00,0.000000000000000000e+00,0.000000000000000000e+00,0.000000000000000000e+00,0.000000000000000000e+00,0.000000000000000000e+00,0.000000000000000000e+00,0.000000000000000000e+00,0.000000000000000000e+00,0.000000000000000000e+00,0.000000000000000000e+00,0.000000000000000000e+00,0.000000000000000000e+00,0.000000000000000000e+00,0.000000000000000000e+00,0.000000000000000000e+00,0.000000000000000000e+00,0.000000000000000000e+00,0.000000000000000000e+00,0.000000000000000000e+00,0.000000000000000000e+00,0.000000000000000000e+00,0.000000000000000000e+00,0.000000000000000000e+00,0.000000000000000000e+00,0.000000000000000000e+00,0.000000000000000000e+00,0.000000000000000000e+00,0.000000000000000000e+00,0.000000000000000000e+00,0.000000000000000000e+00,0.000000000000000000e+00,0.000000000000000000e+00,0.000000000000000000e+00,0.000000000000000000e+00,0.000000000000000000e+00,0.000000000000000000e+00,0.000000000000000000e+00,0.000000000000000000e+00,0.000000000000000000e+00,0.000000000000000000e+00,0.000000000000000000e+00,0.000000000000000000e+00,0.000000000000000000e+00,0.000000000000000000e+00,0.000000000000000000e+00,0.000000000000000000e+00,0.000000000000000000e+00,0.000000000000000000e+00,0.000000000000000000e+00,0.000000000000000000e+00,0.000000000000000000e+00,0.000000000000000000e+00,0.000000000000000000e+00,0.000000000000000000e+00,0.000000000000000000e+00,0.000000000000000000e+00,0.000000000000000000e+00,0.000000000000000000e+00,0.000000000000000000e+00,0.000000000000000000e+00,0.000000000000000000e+00,0.000000000000000000e+00,0.000000000000000000e+00,0.000000000000000000e+00,0.000000000000000000e+00,0.000000000000000000e+00,0.000000000000000000e+00,0.000000000000000000e+00,0.000000000000000000e+00,0.000000000000000000e+00,0.000000000000000000e+00,0.000000000000000000e+00,0.000000000000000000e+00,0.000000000000000000e+00,0.000000000000000000e+00,0.000000000000000000e+00,0.000000000000000000e+00,0.000000000000000000e+00,0.000000000000000000e+00,0.000000000000000000e+00,0.000000000000000000e+00,0.000000000000000000e+00,0.000000000000000000e+00,0.000000000000000000e+00,0.000000000000000000e+00,0.000000000000000000e+00,0.000000000000000000e+00,0.000000000000000000e+00,0.000000000000000000e+00,0.000000000000000000e+00,0.000000000000000000e+00,0.000000000000000000e+00,0.000000000000000000e+00,0.000000000000000000e+00,0.000000000000000000e+00,0.000000000000000000e+00,0.000000000000000000e+00,0.000000000000000000e+00,0.000000000000000000e+00,0.000000000000000000e+00,0.000000000000000000e+00,0.000000000000000000e+00,0.000000000000000000e+00,0.000000000000000000e+00,0.000000000000000000e+00,0.000000000000000000e+00,0.000000000000000000e+00,0.000000000000000000e+00,0.000000000000000000e+00,0.000000000000000000e+00,0.000000000000000000e+00,0.000000000000000000e+00,0.000000000000000000e+00,0.000000000000000000e+00,0.000000000000000000e+00,0.000000000000000000e+00,0.000000000000000000e+00,0.000000000000000000e+00,0.000000000000000000e+00,0.000000000000000000e+00,0.000000000000000000e+00,0.000000000000000000e+00,0.000000000000000000e+00,0.000000000000000000e+00,0.000000000000000000e+00,0.000000000000000000e+00,0.000000000000000000e+00,0.000000000000000000e+00,0.000000000000000000e+00,0.000000000000000000e+00,0.000000000000000000e+00,0.000000000000000000e+00,0.000000000000000000e+00,0.000000000000000000e+00,0.000000000000000000e+00,0.000000000000000000e+00,0.000000000000000000e+00,0.000000000000000000e+00,0.000000000000000000e+00,0.000000000000000000e+00,0.000000000000000000e+00,0.000000000000000000e+00,0.000000000000000000e+00,0.000000000000000000e+00,0.000000000000000000e+00,0.000000000000000000e+00,0.000000000000000000e+00,0.000000000000000000e+00,0.000000000000000000e+00,0.000000000000000000e+00,0.000000000000000000e+00,0.000000000000000000e+00,0.000000000000000000e+00,0.000000000000000000e+00,0.000000000000000000e+00,0.000000000000000000e+00,0.000000000000000000e+00,0.000000000000000000e+00,0.000000000000000000e+00,0.000000000000000000e+00,0.000000000000000000e+00,0.000000000000000000e+00,0.000000000000000000e+00,0.000000000000000000e+00,0.000000000000000000e+00,0.000000000000000000e+00,0.000000000000000000e+00,0.000000000000000000e+00,0.000000000000000000e+00,0.000000000000000000e+00,0.000000000000000000e+00,0.000000000000000000e+00,0.000000000000000000e+00,0.000000000000000000e+00,0.000000000000000000e+00,0.000000000000000000e+00,0.000000000000000000e+00,0.000000000000000000e+00,0.000000000000000000e+00,0.000000000000000000e+00,0.000000000000000000e+00,0.000000000000000000e+00,0.000000000000000000e+00,0.000000000000000000e+00,0.000000000000000000e+00,0.000000000000000000e+00,0.000000000000000000e+00,0.000000000000000000e+00,0.000000000000000000e+00,0.000000000000000000e+00,0.000000000000000000e+00,0.000000000000000000e+00,0.000000000000000000e+00,0.000000000000000000e+00,0.000000000000000000e+00,0.000000000000000000e+00,0.000000000000000000e+00,0.000000000000000000e+00,0.000000000000000000e+00,0.000000000000000000e+00,0.000000000000000000e+00,0.000000000000000000e+00,0.000000000000000000e+00,0.000000000000000000e+00,0.000000000000000000e+00,0.000000000000000000e+00,0.000000000000000000e+00,0.000000000000000000e+00,0.000000000000000000e+00,0.000000000000000000e+00,0.000000000000000000e+00,0.000000000000000000e+00,0.000000000000000000e+00,0.000000000000000000e+00,0.000000000000000000e+00,0.000000000000000000e+00,0.000000000000000000e+00,0.000000000000000000e+00,0.000000000000000000e+00,0.000000000000000000e+00,0.000000000000000000e+00,0.000000000000000000e+00,0.000000000000000000e+00,0.000000000000000000e+00,0.000000000000000000e+00,0.000000000000000000e+00,0.000000000000000000e+00,0.000000000000000000e+00,0.000000000000000000e+00,0.000000000000000000e+00,0.000000000000000000e+00,0.000000000000000000e+00,0.000000000000000000e+00,0.000000000000000000e+00,0.000000000000000000e+00,0.000000000000000000e+00,0.000000000000000000e+00,0.000000000000000000e+00,0.000000000000000000e+00,0.000000000000000000e+00,0.000000000000000000e+00,0.000000000000000000e+00,0.000000000000000000e+00,0.000000000000000000e+00,0.000000000000000000e+00,0.000000000000000000e+00,0.000000000000000000e+00,0.000000000000000000e+00,0.000000000000000000e+00,0.000000000000000000e+00,0.000000000000000000e+00,0.000000000000000000e+00,0.000000000000000000e+00,2.004133422933094806e-04,2.402613941505181005e-04,2.566240653295259158e-04,2.786166174117244787e-04,2.926236847955827002e-04,3.066470082089812446e-04,3.173373057997699474e-04,3.275494421638927437e-04,3.363683225553495385e-04,3.447261852686069397e-04,3.523115747273477530e-04,3.594053017757591452e-04,3.658953790806675514e-04,3.718665043178992296e-04,3.772879198181993310e-04,3.821902196159367355e-04,3.865754530605946333e-04,3.904599197394932348e-04,3.938579117307135029e-04,3.967828605744108152e-04,3.992538374049173482e-04,4.012852240522433696e-04,4.028985302298064087e-04,4.041103473609325577e-04,4.049438094960000189e-04,4.054178829864499463e-04,4.055568461002510101e-04,4.053817318685691258e-04,4.049175119530054059e-04,4.041867831115663798e-04,4.032147254992532221e-04,4.020249201590579019e-04,4.006422381814266119e-04,3.990906474363020012e-04,3.973941843021596039e-04,3.955766275280300499e-04,3.936606766973221958e-04,3.916693981339284744e-04,3.896237058760012250e-04,3.875455070468927440e-04,3.854535579677855384e-04,3.833682523807810209e-04,3.813059081419787407e-04,3.792851520711355623e-04,3.773196805725397679e-04,3.754262013152479937e-04,3.736157029402742869e-04,3.719029177299898394e-04,3.702961301736722361e-04,3.688081273699654692e-04,3.674445727281425546e-04,3.662164127891247051e-04,3.651268400286721786e-04,3.641851265131572065e-04,3.633921981286906250e-04,3.627558672235155798e-04,3.622750392809588127e-04,3.619563185234093918e-04,3.617968668907133511e-04,3.618023585150430006e-04,3.619685097775008666e-04,3.623003605963780855e-04,3.627924933342995917e-04,3.634496209480058055e-04,3.642655116756549809e-04,3.652448662707179477e-04,3.663809648152936021e-04,3.676788175119899871e-04,3.691315497858012763e-04,3.707448134615795089e-04,3.725119266962825478e-04,3.744395348939821453e-04,3.765215231390284570e-04,3.787659189966931261e-04,3.811675972367083490e-04,3.837364198771445276e-04,3.864687563862328362e-04,3.893768601536812799e-04,3.924592323981808363e-04,3.957312389604720928e-04,3.991943532861650388e-04,4.028680233683352269e-04,4.067578390242128947e-04,4.108886664322796822e-04,4.152717982749667340e-04,4.199393832880226642e-04,4.249106358470846972e-04,4.302276013236347517e-04,4.359205260704126150e-04,4.420450180271081404e-04,4.486467115242757236e-04,4.557999100007269037e-04,4.635717270737956712e-04,4.720623414092417328e-04,4.813688637562715074e-04,4.916274074816158468e-04,5.029770345784304432e-04,5.156039805681359150e-04,5.297061982506262156e-04,5.455403436929020036e-04,5.633877304613327426e-04,5.836052565785254144e-04,6.065942028527878576e-04,6.328575907015153868e-04,6.629748756337358606e-04,6.976713189861366267e-04,7.378068057105719672e-04,7.844706762705771922e-04,8.390139794352372308e-04,9.032061627272441537e-04,9.794266282725789651e-04,1.070920798987662651e-03,1.182352410660144357e-03,1.318821193161719228e-03,1.483696561872255163e-03,1.656519864378830842e-03,1.746119363319254643e-03,1.429747275439316847e-03,3.480142914862090903e-04
0.000000000000000000e+00,0.000000000000000000e+00,0.000000000000000000e+00,0.000000000000000000e+00,0.000000000000000000e+00,0.000000000000000000e+00,0.000000000000000000e+00,0.000000000000000000e+00,0.000000000000000000e+00,0.000000000000000000e+00,0.000000000000000000e+00,0.000000000000000000e+00,0.000000000000000000e+00,0.000000000000000000e+00,0.000000000000000000e+00,0.000000000000000000e+00,0.000000000000000000e+00,0.000000000000000000e+00,0.000000000000000000e+00,0.000000000000000000e+00,0.000000000000000000e+00,0.000000000000000000e+00,0.000000000000000000e+00,0.000000000000000000e+00,0.000000000000000000e+00,0.000000000000000000e+00,0.000000000000000000e+00,0.000000000000000000e+00,0.000000000000000000e+00,0.000000000000000000e+00,0.000000000000000000e+00,0.000000000000000000e+00,0.000000000000000000e+00,0.000000000000000000e+00,0.000000000000000000e+00,0.000000000000000000e+00,0.000000000000000000e+00,0.000000000000000000e+00,0.000000000000000000e+00,0.000000000000000000e+00,0.000000000000000000e+00,0.000000000000000000e+00,0.000000000000000000e+00,0.000000000000000000e+00,0.000000000000000000e+00,0.000000000000000000e+00,0.000000000000000000e+00,0.000000000000000000e+00,0.000000000000000000e+00,0.000000000000000000e+00,0.000000000000000000e+00,0.000000000000000000e+00,0.000000000000000000e+00,0.000000000000000000e+00,0.000000000000000000e+00,0.000000000000000000e+00,0.000000000000000000e+00,0.000000000000000000e+00,0.000000000000000000e+00,0.000000000000000000e+00,0.000000000000000000e+00,0.000000000000000000e+00,0.000000000000000000e+00,0.000000000000000000e+00,0.000000000000000000e+00,0.000000000000000000e+00,0.000000000000000000e+00,0.000000000000000000e+00,0.000000000000000000e+00,0.000000000000000000e+00,0.000000000000000000e+00,0.000000000000000000e+00,0.000000000000000000e+00,0.000000000000000000e+00,0.000000000000000000e+00,0.000000000000000000e+00,0.000000000000000000e+00,0.000000000000000000e+00,0.000000000000000000e+00,0.000000000000000000e+00,0.000000000000000000e+00,0.000000000000000000e+00,0.000000000000000000e+00,0.000000000000000000e+00,0.000000000000000000e+00,0.000000000000000000e+00,0.000000000000000000e+00,0.000000000000000000e+00,0.000000000000000000e+00,0.000000000000000000e+00,0.000000000000000000e+00,0.000000000000000000e+00,0.000000000000000000e+00,0.000000000000000000e+00,0.000000000000000000e+00,0.000000000000000000e+00,0.000000000000000000e+00,0.000000000000000000e+00,0.000000000000000000e+00,0.000000000000000000e+00,0.000000000000000000e+00,0.000000000000000000e+00,0.000000000000000000e+00,0.000000000000000000e+00,0.000000000000000000e+00,0.000000000000000000e+00,0.000000000000000000e+00,0.000000000000000000e+00,0.000000000000000000e+00,0.000000000000000000e+00,0.000000000000000000e+00,0.000000000000000000e+00,0.000000000000000000e+00,0.000000000000000000e+00,0.000000000000000000e+00,0.000000000000000000e+00,0.000000000000000000e+00,0.000000000000000000e+00,0.000000000000000000e+00,0.000000000000000000e+00,0.000000000000000000e+00,0.000000000000000000e+00,0.000000000000000000e+00,0.000000000000000000e+00,0.000000000000000000e+00,0.000000000000000000e+00,0.000000000000000000e+00,0.000000000000000000e+00,0.000000000000000000e+00,0.000000000000000000e+00,0.000000000000000000e+00,0.000000000000000000e+00,0.000000000000000000e+00,0.000000000000000000e+00,0.000000000000000000e+00,0.000000000000000000e+00,0.000000000000000000e+00,0.000000000000000000e+00,0.000000000000000000e+00,0.000000000000000000e+00,0.000000000000000000e+00,0.000000000000000000e+00,0.000000000000000000e+00,0.000000000000000000e+00,0.000000000000000000e+00,0.000000000000000000e+00,0.000000000000000000e+00,0.000000000000000000e+00,0.000000000000000000e+00,0.000000000000000000e+00,0.000000000000000000e+00,0.000000000000000000e+00,0.000000000000000000e+00,0.000000000000000000e+00,0.000000000000000000e+00,0.000000000000000000e+00,0.000000000000000000e+00,0.000000000000000000e+00,0.000000000000000000e+00,0.000000000000000000e+00,0.000000000000000000e+00,0.000000000000000000e+00,0.000000000000000000e+00,0.000000000000000000e+00,0.000000000000000000e+00,0.000000000000000000e+00,0.000000000000000000e+00,0.000000000000000000e+00,0.000000000000000000e+00,0.000000000000000000e+00,0.000000000000000000e+00,0.000000000000000000e+00,0.000000000000000000e+00,0.000000000000000000e+00,0.000000000000000000e+00,0.000000000000000000e+00,0.000000000000000000e+00,0.000000000000000000e+00,0.000000000000000000e+00,0.000000000000000000e+00,0.000000000000000000e+00,0.000000000000000000e+00,0.000000000000000000e+00,0.000000000000000000e+00,0.000000000000000000e+00,0.000000000000000000e+00,0.000000000000000000e+00,0.000000000000000000e+00,0.000000000000000000e+00,0.000000000000000000e+00,0.000000000000000000e+00,0.000000000000000000e+00,0.000000000000000000e+00,0.000000000000000000e+00,0.000000000000000000e+00,0.000000000000000000e+00,0.000000000000000000e+00,0.000000000000000000e+00,0.000000000000000000e+00,0.000000000000000000e+00,0.000000000000000000e+00,0.000000000000000000e+00,0.000000000000000000e+00,0.000000000000000000e+00,0.000000000000000000e+00,0.000000000000000000e+00,0.000000000000000000e+00,0.000000000000000000e+00,0.000000000000000000e+00,0.000000000000000000e+00,0.000000000000000000e+00,0.000000000000000000e+00,0.000000000000000000e+00,0.000000000000000000e+00,0.000000000000000000e+00,0.000000000000000000e+00,0.000000000000000000e+00,0.000000000000000000e+00,0.000000000000000000e+00,0.000000000000000000e+00,0.000000000000000000e+00,0.000000000000000000e+00,0.000000000000000000e+00,0.000000000000000000e+00,0.000000000000000000e+00,0.000000000000000000e+00,0.000000000000000000e+00,0.000000000000000000e+00,0.000000000000000000e+00,0.000000000000000000e+00,0.000000000000000000e+00,0.000000000000000000e+00,0.000000000000000000e+00,0.000000000000000000e+00,0.000000000000000000e+00,0.000000000000000000e+00,0.000000000000000000e+00,0.000000000000000000e+00,0.000000000000000000e+00,0.000000000000000000e+00,0.000000000000000000e+00,0.000000000000000000e+00,0.000000000000000000e+00,0.000000000000000000e+00,0.000000000000000000e+00,0.000000000000000000e+00,0.000000000000000000e+00,0.000000000000000000e+00,0.000000000000000000e+00,0.000000000000000000e+00,0.000000000000000000e+00,0.000000000000000000e+00,0.000000000000000000e+00,0.000000000000000000e+00,0.000000000000000000e+00,2.145495279188639197e-04,2.625725656098548840e-04,2.738429727766740983e-04,2.929130351576037764e-04,3.018830028950991685e-04,3.141104434026879789e-04,3.225160565896337630e-04,3.310307880461241855e-04,3.376013298689777638e-04,3.436941504327324258e-04,3.486904779674032022e-04,3.531095498200483734e-04,3.567383600256956696e-04,3.597628978866171238e-04,3.621128866609982493e-04,3.638700396072811296e-04,3.650226689807775692e-04,3.656214021552030204e-04,3.656790460022004688e-04,3.652366506562672657e-04,3.643175109823785498e-04,3.629597424854460563e-04,3.611916877420406902e-04,3.590506323468652182e-04,3.565676018323657524e-04,3.537793961828977697e-04,3.507182916523960531e-04,3.474201972906274427e-04,3.439175078708290039e-04,3.402445632395780959e-04,3.364329024572948273e-04,3.325145737800059924e-04,3.285194296847693631e-04,3.244765734403615761e-04,3.204134992258730668e-04,3.163558418233714171e-04,3.123282420147585571e-04,3.083525039870903608e-04,3.044501042715611668e-04,3.006388255426511568e-04,2.969368478120529070e-04,2.933579052080559227e-04,2.899169097509051232e-04,2.866236640779975175e-04,2.834899750962246263e-04,2.805219476356479507e-04,2.777285498205913803e-04,2.751125084513214017e-04,2.726802912474925113e-04,2.704316230368149698e-04,2.683708527466315344e-04,2.664951091691107111e-04,2.648070230265964589e-04,2.633015414346471356e-04,2.619799776661146441e-04,2.608355039295333615e-04,2.598685036553811945e-04,2.590707625479112333e-04,2.584421003333176124e-04,2.579732801071772446e-04,2.576638985286721912e-04,2.575040332929577256e-04,2.574933727613568524e-04,2.576216210381433074e-04,2.578888500413722062e-04,2.582846813249404854e-04,2.588098456913613763e-04,2.594541607550052815e-04,2.602192854698495380e-04,2.610955126952554787e-04,2.620857085618962315e-04,2.631809401895072054e-04,2.643855927821156678e-04,2.656918543723973481e-04,2.671060070758008559e-04,2.686217935116056279e-04,2.702478829260908984e-04,2.719801479737879620e-04,2.738303116184166979e-04,2.757971684235158453e-04,2.778964244385352862e-04,2.801309041640174906e-04,2.825216031753236944e-04,2.850769305431268669e-04,2.878250028478501732e-04,2.907819819667594721e-04,2.939856494656590126e-04,2.974629111122379754e-04,3.012647024421452840e-04,3.054327438248820173e-04,3.100358413788682245e-04,3.151359896256587887e-04,3.208261470152964966e-04,3.271957972579772069e-04,3.343702956739145636e-04,3.424760165385538706e-04,3.516813850415762693e-04,3.621617612717628631e-04,3.741422906879161175e-04,3.878627193313551632e-04,4.036222068519177753e-04,4.217443687552198742e-04,4.426241904542600248e-04,4.666938423913714060e-04,4.944718089717485467e-04,5.265305459737615237e-04,5.635478157777187771e-04,6.062775519002914278e-04,6.556024646485586992e-04,7.125048988075178679e-04,7.781152025957834787e-04,8.536400183880367724e-04,9.403491047292867038e-04,1.039019688251042279e-03,1.148795639350333074e-03,1.260897513310160192e-03,1.340591146300800819e-03,1.275869383172662441e-03,8.274207870172436280e-04,1.527467654226323307e-04
0.000000000000000000e+00,0.000000000000000000e+00,0.000000000000000000e+00,0.000000000000000000e+00,0.000000000000000000e+00,0.000000000000000000e+00,0.000000000000000000e+00,0.000000000000000000e+00,0.000000000000000000e+00,0.000000000000000000e+00,0.000000000000000000e+00,0.000000000000000000e+00,0.000000000000000000e+00,0.000000000000000000e+00,0.000000000000000000e+00,0.000000000000000000e+00,0.000000000000000000e+00,0.000000000000000000e+00,0.000000000000000000e+00,0.000000000000000000e+00,0.000000000000000000e+00,0.000000000000000000e+00,0.000000000000000000e+00,0.000000000000000000e+00,0.000000000000000000e+00,0.000000000000000000e+00,0.000000000000000000e+00,0.000000000000000000e+00,0.000000000000000000e+00,0.000000000000000000e+00,0.000000000000000000e+00,0.000000000000000000e+00,0.000000000000000000e+00,0.000000000000000000e+00,0.000000000000000000e+00,0.000000000000000000e+00,0.000000000000000000e+00,0.000000000000000000e+00,0.000000000000000000e+00,0.000000000000000000e+00,0.000000000000000000e+00,0.000000000000000000e+00,0.000000000000000000e+00,0.000000000000000000e+00,0.000000000000000000e+00,0.000000000000000000e+00,0.000000000000000000e+00,0.000000000000000000e+00,0.000000000000000000e+00,0.000000000000000000e+00,0.000000000000000000e+00,0.000000000000000000e+00,0.000000000000000000e+00,0.000000000000000000e+00,0.000000000000000000e+00,0.000000000000000000e+00,0.000000000000000000e+00,0.000000000000000000e+00,0.000000000000000000e+00,0.000000000000000000e+00,0.000000000000000000e+00,0.000000000000000000e+00,0.000000000000000000e+00,0.000000000000000000e+00,0.000000000000000000e+00,0.000000000000000000e+00,0.000000000000000000e+00,0.000000000000000000e+00,0.000000000000000000e+00,0.000000000000000000e+00,0.000000000000000000e+00,0.000000000000000000e+00,0.000000000000000000e+00,0.000000000000000000e+00,0.000000000000000000e+00,0.000000000000000000e+00,0.000000000000000000e+00,0.000000000000000000e+00,0.000000000000000000e+00,0.000000000000000000e+00,0.000000000000000000e+00,0.000000000000000000e+00,0.000000000000000000e+00,0.000000000000000000e+00,0.000000000000000000e+00,0.000000000000000000e+00,0.000000000000000000e+00,0.000000000000000000e+00,0.000000000000000000e+00,0.000000000000000000e+00,0.000000000000000000e+00,0.000000000000000000e+00,0.000000000000000000e+00,0.000000000000000000e+00,0.000000000000000000e+00,0.000000000000000000e+00,0.000000000000000000e+00,0.000000000000000000e+00,0.000000000000000000e+00,0.000000000000000000e+00,0.000000000000000000e+00,0.000000000000000000e+00,0.000000000000000000e+00,0.000000000000000000e+00,0.000000000000000000e+00,0.000000000000000000e+00,0.000000000000000000e+00,0.000000000000000000e+00,0.000000000000000000e+00,0.000000000000000000e+00,0.000000000000000000e+00,0.000000000000000000e+00,0.000000000000000000e+00,0.000000000000000000e+00,0.000000000000000000e+00,0.000000000000000000e+00,0.000000000000000000e+00,0.000000000000000000e+00,0.000000000000000000e+00,0.000000000000000000e+00,0.000000000000000000e+00,0.000000000000000000e+00,0.000000000000000000e+00,0.000000000000000000e+00,0.000000000000000000e+00,0.000000000000000000e+00,0.000000000000000000e+00,0.000000000000000000e+00,0.000000000000000000e+00,0.000000000000000000e+00,0.000000000000000000e+00,0.000000000000000000e+00,0.000000000000000000e+00,0.000000000000000000e+00,0.000000000000000000e+00,0.000000000000000000e+00,0.000000000000000000e+00,0.000000000000000000e+00,0.000000000000000000e+00,0.000000000000000000e+00,0.000000000000000000e+00,0.000000000000000000e+00,0.000000000000000000e+00,0.000000000000000000e+00,0.000000000000000000e+00,0.000000000000000000e+00,0.000000000000000000e+00,0.000000000000000000e+00,0.000000000000000000e+00,0.000000000000000000e+00,0.000000000000000000e+00,0.000000000000000000e+00,0.000000000000000000e+00,0.000000000000000000e+00,0.000000000000000000e+00,0.000000000000000000e+00,0.000000000000000000e+00,0.000000000000000000e+00,0.000000000000000000e+00,0.000000000000000000e+00,0.000000000000000000e+00,0.000000000000000000e+00,0.000000000000000000e+00,0.000000000000000000e+00,0.000000000000000000e+00,0.000000000000000000e+00,0.000000000000000000e+00,0.000000000000000000e+00,0.000000000000000000e+00,0.000000000000000000e+00,0.000000000000000000e+00,0.000000000000000000e+00,0.000000000000000000e+00,0.000000000000000000e+00,0.000000000000000000e+00,0.000000000000000000e+00,0.000000000000000000e+00,0.000000000000000000e+00,0.000000000000000000e+00,0.000000000000000000e+00,0.000000000000000000e+00,0.000000000000000000e+00,0.000000000000000000e+00,0.000000000000000000e+00,0.000000000000000000e+00,0.000000000000000000e+00,0.000000000000000000e+00,0.000000000000000000e+00,0.000000000000000000e+00,0.000000000000000000e+00,0.000000000000000000e+00,0.000000000000000000e+00,0.000000000000000000e+00,0.000000000000000000e+00,0.000000000000000000e+00,0.000000000000000000e+00,0.000000000000000000e+00,0.000000000000000000e+00,0.000000000000000000e+00,0.000000000000000000e+00,0.000000000000000000e+00,0.000000000000000000e+00,0.000000000000000000e+00,0.000000000000000000e+00,0.000000000000000000e+00,0.000000000000000000e+00,0.000000000000000000e+00,0.000000000000000000e+00,0.000000000000000000e+00,0.000000000000000000e+00,0.000000000000000000e+00,0.000000000000000000e+00,0.000000000000000000e+00,0.000000000000000000e+00,0.000000000000000000e+00,0.000000000000000000e+00,0.000000000000000000e+00,0.000000000000000000e+00,0.000000000000000000e+00,0.000000000000000000e+00,0.000000000000000000e+00,0.000000000000000000e+00,0.000000000000000000e+00,0.000000000000000000e+00,0.000000000000000000e+00,0.000000000000000000e+00,0.000000000000000000e+00,0.000000000000000000e+00,0.000000000000000000e+00,0.000000000000000000e+00,0.000000000000000000e+00,0.000000000000000000e+00,0.000000000000000000e+00,0.000000000000000000e+00,0.000000000000000000e+00,0.000000000000000000e+00,0.000000000000000000e+00,0.000000000000000000e+00,0.000000000000000000e+00,0.000000000000000000e+00,0.000000000000000000e+00,0.000000000000000000e+00,0.000000000000000000e+00,0.000000000000000000e+00,0.000000000000000000e+00,0.000000000000000000e+00,0.000000000000000000e+00,0.000000000000000000e+00,0.000000000000000000e+00,0.000000000000000000e+00,0.000000000000000000e+00,0.000000000000000000e+00,0.000000000000000000e+00,0.000000000000000000e+00,2.024887857506282624e-04,2.381000612868835954e-04,2.525420302673838367e-04,2.688274893770150058e-04,2.712070642307689585e-04,2.773388275570293801e-04,2.793612137659802833e-04,2.831680463796496698e-04,2.851874361941677052e-04,2.872633994031156737e-04,2.882118345569351916e-04,2.887341008184860099e-04,2.884626454079595699e-04,2.876665593479903497e-04,2.862401261437179725e-04,2.842970603951635667e-04,2.818247489368788943e-04,2.788861395506019763e-04,2.755040026520911493e-04,2.717253119759682842e-04,2.675859184393049491e-04,2.631275854680105420e-04,2.583903550326080195e-04,2.534138790602184104e-04,2.482386033447469566e-04,2.429025406990944385e-04,2.374445571542863152e-04,2.319005526477296614e-04,2.263065094857733787e-04,2.206954836820445307e-04,2.150996281067072248e-04,2.095484702046418988e-04,2.040696648301662346e-04,1.986887007624771860e-04,1.934283224549251934e-04,1.883096906813576225e-04,1.833504695426448484e-04,1.785674270161828571e-04,1.739731968753700472e-04,1.695802927037483234e-04,1.653965543996792137e-04,1.614305464967844624e-04,1.576856965283196326e-04,1.541670489780810611e-04,1.508741014021116754e-04,1.478088868100673880e-04,1.449675137252205356e-04,1.423495515028362667e-04,1.399482820858994345e-04,1.377613644479773014e-04,1.357798080665521096e-04,1.339998942430449991e-04,1.324108837272172873e-04,1.310081740998974794e-04,1.297797561539684925e-04,1.287205878561006314e-04,1.278178158134488454e-04,1.270663476046067801e-04,1.264528558820364826e-04,1.259725321398774841e-04,1.256118917769779198e-04,1.253666937117200314e-04,1.252235651970847353e-04,1.251790731731009898e-04,1.252201879625174552e-04,1.253444939461924312e-04,1.255395116767725721e-04,1.258040374697865004e-04,1.261263441672183570e-04,1.265066416442226698e-04,1.269341776559087978e-04,1.274108141811196608e-04,1.279270516716959850e-04,1.284867197065152529e-04,1.290819506955332493e-04,1.297189875776464177e-04,1.303921367041583094e-04,1.311107003124226188e-04,1.318719429124639133e-04,1.326891619275886503e-04,1.335637072269959689e-04,1.345142094047254051e-04,1.355476976806544549e-04,1.366900112529202205e-04,1.379560657957024691e-04,1.393814782785438304e-04,1.409920353261194656e-04,1.428365644600657644e-04,1.449556565594735608e-04,1.474158145993357096e-04,1.502774742293921495e-04,1.536304519030835076e-04,1.575612874690997852e-04,1.621899931116272515e-04,1.676367024211036284e-04,1.740596841163553161e-04,1.816212105499702553e-04,1.905267372206877880e-04,2.009897754377337688e-04,2.132720356062044816e-04,2.276468506791913906e-04,2.444399088078194138e-04,2.639903020733272063e-04,2.866911616117837937e-04,3.129463861458235230e-04,3.432098012142800617e-04,3.779330888077964590e-04,4.175998029061146386e-04,4.626521299424981963e-04,5.135058258277150605e-04,5.704149933523101207e-04,6.334129999740458145e-04,7.019864331556754282e-04,7.747849543102689786e-04,8.487326182647644086e-04,9.178402264765565376e-04,9.678644071727973523e-04,9.633586541993759741e-04,8.137923390767994383e-04,4.507873351171198372e-04,4.602180744924562071e-05
0.000000000000000000e+00,0.000000000000000000e+00,0.000000000000000000e+00,0.000000000000000000e+00,0.000000000000000000e+00,0.000000000000000000e+00,0.000000000000000000e+00,0.000000000000000000e+00,0.000000000000000000e+00,0.000000000000000000e+00,0.000000000000000000e+00,0.000000000000000000e+00,0.000000000000000000e+00,0.000000000000000000e+00,0.000000000000000000e+00,0.000000000000000000e+00,0.000000000000000000e+00,0.000000000000000000e+00,0.000000000000000000e+00,0.000000000000000000e+00,0.000000000000000000e+00,0.000000000000000000e+00,0.000000000000000000e+00,0.000000000000000000e+00,0.000000000000000000e+00,0.000000000000000000e+00,0.000000000000000000e+00,0.000000000000000000e+00,0.000000000000000000e+00,0.000000000000000000e+00,0.000000000000000000e+00,0.000000000000000000e+00,0.000000000000000000e+00,0.000000000000000000e+00,0.000000000000000000e+00,0.000000000000000000e+00,0.000000000000000000e+00,0.000000000000000000e+00,0.000000000000000000e+00,0.000000000000000000e+00,0.000000000000000000e+00,0.000000000000000000e+00,0.000000000000000000e+00,0.000000000000000000e+00,0.000000000000000000e+00,0.000000000000000000e+00,0.000000000000000000e+00,0.000000000000000000e+00,0.000000000000000000e+00,0.000000000000000000e+00,0.000000000000000000e+00,0.000000000000000000e+00,0.000000000000000000e+00,0.000000000000000000e+00,0.000000000000000000e+00,0.000000000000000000e+00,0.000000000000000000e+00,0.000000000000000000e+00,0.000000000000000000e+00,0.000000000000000000e+00,0.000000000000000000e+00,0.000000000000000000e+00,0.000000000000000000e+00,0.000000000000000000e+00,0.000000000000000000e+00,0.000000000000000000e+00,0.000000000000000000e+00,0.000000000000000000e+00,0.000000000000000000e+00,0.000000000000000000e+00,0.000000000000000000e+00,0.000000000000000000e+00,0.000000000000000000e+00,0.000000000000000000e+00,0.000000000000000000e+00,0.000000000000000000e+00,0.000000000000000000e+00,0.000000000000000000e+00,0.000000000000000000e+00,0.000000000000000000e+00,0.000000000000000000e+00,0.000000000000000000e+00,0.000000000000000000e+00,0.000000000000000000e+00,0.000000000000000000e+00,0.000000000000000000e+00,0.000000000000000000e+00,0.000000000000000000e+00,0.000000000000000000e+00,0.000000000000000000e+00,0.000000000000000000e+00,0.000000000000000000e+00,0.000000000000000000e+00,0.000000000000000000e+00,0.000000000000000000e+00,0.000000000000000000e+00,0.000000000000000000e+00,0.000000000000000000e+00,0.000000000000000000e+00,0.000000000000000000e+00,0.000000000000000000e+00,0.000000000000000000e+00,0.000000000000000000e+00,0.000000000000000000e+00,0.000000000000000000e+00,0.000000000000000000e+00,0.000000000000000000e+00,0.000000000000000000e+00,0.000000000000000000e+00,0.000000000000000000e+00,0.000000000000000000e+00,0.000000000000000000e+00,0.000000000000000000e+00,0.000000000000000000e+00,0.000000000000000000e+00,0.000000000000000000e+00,0.000000000000000000e+00,0.000000000000000000e+00,0.000000000000000000e+00,0.000000000000000000e+00,0.000000000000000000e+00,0.000000000000000000e+00,0.000000000000000000e+00,0.000000000000000000e+00,0.000000000000000000e+00,0.000000000000000000e+00,0.000000000000000000e+00,0.000000000000000000e+00,0.000000000000000000e+00,0.000000000000000000e+00,0.000000000000000000e+00,0.000000000000000000e+00,0.000000000000000000e+00,0.000000000000000000e+00,0.000000000000000000e+00,0.000000000000000000e+00,0.000000000000000000e+00,0.000000000000000000e+00,0.000000000000000000e+00,0.000000000000000000e+00,0.000000000000000000e+00,0.000000000000000000e+00,0.000000000000000000e+00,0.000000000000000000e+00,0.000000000000000000e+00,0.000000000000000000e+00,0.000000000000000000e+00,0.000000000000000000e+00,0.000000000000000000e+00,0.000000000000000000e+00,0.000000000000000000e+00,0.000000000000000000e+00,0.000000000000000000e+00,0.000000000000000000e+00,0.000000000000000000e+00,0.000000000000000000e+00,0.000000000000000000e+00,0.000000000000000000e+00,0.000000000000000000e+00,0.000000000000000000e+00,0.000000000000000000e+00,0.000000000000000000e+00,0.000000000000000000e+00,0.000000000000000000e+00,0.000000000000000000e+00,0.000000000000000000e+00,0.000000000000000000e+00,0.000000000000000000e+00,0.000000000000000000e+00,0.000000000000000000e+00,0.000000000000000000e+00,0.000000000000000000e+00,0.000000000000000000e+00,0.000000000000000000e+00,0.000000000000000000e+00,0.000000000000000000e+00,0.000000000000000000e+00,0.000000000000000000e+00,0.000000000000000000e+00,0.000000000000000000e+00,0.000000000000000000e+00,0.000000000000000000e+00,0.000000000000000000e+00,0.000000000000000000e+00,0.000000000000000000e+00,0.000000000000000000e+00,0.000000000000000000e+00,0.000000000000000000e+00,0.000000000000000000e+00,0.000000000000000000e+00,0.000000000000000000e+00,0.000000000000000000e+00,0.000000000000000000e+00,0.000000000000000000e+00,0.000000000000000000e+00,0.000000000000000000e+00,0.000000000000000000e+00,0.000000000000000000e+00,0.000000000000000000e+00,0.000000000000000000e+00,0.000000000000000000e+00,0.000000000000000000e+00,0.000000000000000000e+00,0.000000000000000000e+00,0.000000000000000000e+00,0.000000000000000000e+00,0.000000000000000000e+00,0.000000000000000000e+00,0.000000000000000000e+00,0.000000000000000000e+00,0.000000000000000000e+00,0.000000000000000000e+00,0.000000000000000000e+00,0.000000000000000000e+00,0.000000000000000000e+00,0.000000000000000000e+00,0.000000000000000000e+00,0.000000000000000000e+00,0.000000000000000000e+00,0.000000000000000000e+00,0.000000000000000000e+00,0.000000000000000000e+00,0.000000000000000000e+00,0.000000000000000000e+00,0.000000000000000000e+00,0.000000000000000000e+00,0.000000000000000000e+00,0.000000000000000000e+00,0.000000000000000000e+00,0.000000000000000000e+00,0.000000000000000000e+00,0.000000000000000000e+00,0.000000000000000000e+00,0.000000000000000000e+00,0.000000000000000000e+00,0.000000000000000000e+00,0.000000000000000000e+00,0.000000000000000000e+00,0.000000000000000000e+00,0.000000000000000000e+00,0.000000000000000000e+00,0.000000000000000000e+00,0.000000000000000000e+00,0.000000000000000000e+00,0.000000000000000000e+00,0.000000000000000000e+00,0.000000000000000000e+00,0.000000000000000000e+00,0.000000000000000000e+00,0.000000000000000000e+00,0.000000000000000000e+00,0.000000000000000000e+00,0.000000000000000000e+00,1.890149672650581595e-04,2.151482453706085910e-04,2.280935302276611884e-04,2.359901525694270039e-04,2.355698680433580936e-04,2.369428140909940754e-04,2.332186776137958734e-04,2.316977013363354435e-04,2.286048635634064749e-04,2.264650160572184560e-04,2.234703818601188293e-04,2.204674432588639823e-04,2.168144897351949308e-04,2.128600550225970929e-04,2.084100866134714865e-04,2.036226445932369511e-04,1.984566418196476254e-04,1.929969606145161753e-04,1.872556754202212123e-04,1.812905775393312943e-04,1.751321612404530535e-04,1.688274674224314099e-04,1.624123413167241408e-04,1.559281885206439489e-04,1.494108490778709678e-04,1.428972557356688179e-04,1.364207518551673699e-04,1.300136692234990217e-04,1.237055306978379382e-04,1.175236458277891351e-04,1.114929854725230795e-04,1.056354966731739165e-04,9.997125611177451086e-05,9.451671363016125871e-05,8.928701002594517633e-05,8.429318973694159957e-05,7.954565746595781376e-05,7.505034597099391361e-05,7.081331040992108912e-05,6.683582289196623061e-05,6.312010735949606817e-05,5.966333255034216390e-05,5.646448869629568400e-05,5.351725556774237304e-05,5.081801991330861903e-05,4.835760184939384021e-05,4.613040993388334781e-05,4.412501586090156294e-05,4.233444243813348469e-05,4.074558267615685975e-05,3.935061457490755381e-05,3.813526593021681211e-05,3.709134865233150750e-05,3.620387484613710112e-05,3.546470237254604064e-05,3.485851104520818313e-05,3.437755036575480756e-05,3.400648715573948062e-05,3.373824593302717244e-05,3.355774115715788087e-05,3.345880064723950371e-05,3.342679707489865966e-05,3.345664521716698662e-05,3.353434859729228238e-05,3.365606227975956029e-05,3.380857183914206371e-05,3.398941487889513697e-05,3.418631099915539809e-05,3.439833731413362733e-05,3.461432994703725954e-05,3.483511157819830129e-05,3.505088736537225396e-05,3.526452599930330391e-05,3.546797588594386363e-05,3.566660531938656162e-05,3.585466821408183106e-05,3.604071371343841370e-05,3.622213449378764799e-05,3.641166113940990257e-05,3.661102952449196750e-05,3.683858007188844713e-05,3.710208301187514296e-05,3.742746628337031956e-05,3.783083702078686439e-05,3.834836291841646900e-05,3.900752277678454319e-05,3.985816251913414706e-05,4.094299364103251348e-05,4.232983379575319259e-05,4.408134483110990822e-05,4.628844493833291006e-05,4.903923118078149770e-05,5.245351018884696038e-05,5.665077487784544308e-05,6.178573574662232380e-05,6.801510538330805583e-05,7.553390999840864123e-05,8.454065946527744395e-05,9.527405504627706233e-05,1.079758553949885472e-04,1.229273196937140714e-04,1.404086607991084806e-04,1.607340485184508634e-04,1.842058417178184400e-04,2.111459077237152430e-04,2.418415436419741476e-04,2.765683695935621748e-04,3.155220764149379003e-04,3.588212988118431065e-04,4.064114578174798584e-04,4.580142057601682042e-04,5.129661677931310684e-04,5.700227167587288649e-04,6.270828909788186620e-04,6.807280971220968421e-04,7.261253988071512478e-04,7.558494008284859147e-04,7.585319903111181631e-04,7.041522621570219919e-04,5.497031687025582354e-04,2.582897292133350944e-04,-8.430865094650153525e-06
0.000000000000000000e+00,0.000000000000000000e+00,0.000000000000000000e+00,0.000000000000000000e+00,0.000000000000000000e+00,0.000000000000000000e+00,0.000000000000000000e+00,0.000000000000000000e+00,0.000000000000000000e+00,0.000000000000000000e+00,0.000000000000000000e+00,0.000000000000000000e+00,0.000000000000000000e+00,0.000000000000000000e+00,0.000000000000000000e+00,0.000000000000000000e+00,0.000000000000000000e+00,0.000000000000000000e+00,0.000000000000000000e+00,0.000000000000000000e+00,0.000000000000000000e+00,0.000000000000000000e+00,0.000000000000000000e+00,0.000000000000000000e+00,0.000000000000000000e+00,0.000000000000000000e+00,0.000000000000000000e+00,0.000000000000000000e+00,0.000000000000000000e+00,0.000000000000000000e+00,0.000000000000000000e+00,0.000000000000000000e+00,0.000000000000000000e+00,0.000000000000000000e+00,0.000000000000000000e+00,0.000000000000000000e+00,0.000000000000000000e+00,0.000000000000000000e+00,0.000000000000000000e+00,0.000000000000000000e+00,0.000000000000000000e+00,0.000000000000000000e+00,0.000000000000000000e+00,0.000000000000000000e+00,0.000000000000000000e+00,0.000000000000000000e+00,0.000000000000000000e+00,0.000000000000000000e+00,0.000000000000000000e+00,0.000000000000000000e+00,0.000000000000000000e+00,0.000000000000000000e+00,0.000000000000000000e+00,0.000000000000000000e+00,0.000000000000000000e+00,0.000000000000000000e+00,0.000000000000000000e+00,0.000000000000000000e+00,0.000000000000000000e+00,0.000000000000000000e+00,0.000000000000000000e+00,0.000000000000000000e+00,0.000000000000000000e+00,0.000000000000000000e+00,0.000000000000000000e+00,0.000000000000000000e+00,0.000000000000000000e+00,0.000000000000000000e+00,0.000000000000000000e+00,0.000000000000000000e+00,0.000000000000000000e+00,0.000000000000000000e+00,0.000000000000000000e+00,0.000000000000000000e+00,0.000000000000000000e+00,0.000000000000000000e+00,0.000000000000000000e+00,0.000000000000000000e+00,0.000000000000000000e+00,0.000000000000000000e+00,0.000000000000000000e+00,0.000000000000000000e+00,0.000000000000000000e+00,0.000000000000000000e+00,0.000000000000000000e+00,0.000000000000000000e+00,0.000000000000000000e+00,0.000000000000000000e+00,0.000000000000000000e+00,0.000000000000000000e+00,0.000000000000000000e+00,0.000000000000000000e+00,0.000000000000000000e+00,0.000000000000000000e+00,0.000000000000000000e+00,0.000000000000000000e+00,0.000000000000000000e+00,0.000000000000000000e+00,0.000000000000000000e+00,0.000000000000000000e+00,0.000000000000000000e+00,0.000000000000000000e+00,0.000000000000000000e+00,0.000000000000000000e+00,0.000000000000000000e+00,0.000000000000000000e+00,0.000000000000000000e+00,0.000000000000000000e+00,0.000000000000000000e+00,0.000000000000000000e+00,0.000000000000000000e+00,0.000000000000000000e+00,0.000000000000000000e+00,0.000000000000000000e+00,0.000000000000000000e+00,0.000000000000000000e+00,0.000000000000000000e+00,0.000000000000000000e+00,0.000000000000000000e+00,0.000000000000000000e+00,0.000000000000000000e+00,0.000000000000000000e+00,0.000000000000000000e+00,0.000000000000000000e+00,0.000000000000000000e+00,0.000000000000000000e+00,0.000000000000000000e+00,0.000000000000000000e+00,0.000000000000000000e+00,0.000000000000000000e+00,0.000000000000000000e+00,0.000000000000000000e+00,0.000000000000000000e+00,0.000000000000000000e+00,0.000000000000000000e+00,0.000000000000000000e+00,0.000000000000000000e+00,0.000000000000000000e+00,0.000000000000000000e+00,0.000000000000000000e+00,0.000000000000000000e+00,0.000000000000000000e+00,0.000000000000000000e+00,0.000000000000000000e+00,0.000000000000000000e+00,0.000000000000000000e+00,0.000000000000000000e+00,0.000000000000000000e+00,0.000000000000000000e+00,0.000000000000000000e+00,0.000000000000000000e+00,0.000000000000000000e+00,0.000000000000000000e+00,0.000000000000000000e+00,0.000000000000000000e+00,0.000000000000000000e+00,0.000000000000000000e+00,0.000000000000000000e+00,0.000000000000000000e+00,0.000000000000000000e+00,0.000000000000000000e+00,0.000000000000000000e+00,0.000000000000000000e+00,0.000000000000000000e+00,0.000000000000000000e+00,0.000000000000000000e+00,0.000000000000000000e+00,0.000000000000000000e+00,0.000000000000000000e+00,0.000000000000000000e+00,0.000000000000000000e+00,0.000000000000000000e+00,0.000000000000000000e+00,0.000000000000000000e+00,0.000000000000000000e+00,0.000000000000000000e+00,0.000000000000000000e+00,0.000000000000000000e+00,0.000000000000000000e+00,0.000000000000000000e+00,0.000000000000000000e+00,0.000000000000000000e+00,0.000000000000000000e+00,0.000000000000000000e+00,0.000000000000000000e+00,0.000000000000000000e+00,0.000000000000000000e+00,0.000000000000000000e+00,0.000000000000000000e+00,0.000000000000000000e+00,0.000000000000000000e+00,0.000000000000000000e+00,0.000000000000000000e+00,0.000000000000000000e+00,0.000000000000000000e+00,0.000000000000000000e+00,0.000000000000000000e+00,0.000000000000000000e+00,0.000000000000000000e+00,0.000000000000000000e+00,0.000000000000000000e+00,0.000000000000000000e+00,0.000000000000000000e+00,0.000000000000000000e+00,0.000000000000000000e+00,0.000000000000000000e+00,0.000000000000000000e+00,0.000000000000000000e+00,0.000000000000000000e+00,0.000000000000000000e+00,0.000000000000000000e+00,0.000000000000000000e+00,0.000000000000000000e+00,0.000000000000000000e+00,0.000000000000000000e+00,0.000000000000000000e+00,0.000000000000000000e+00,0.000000000000000000e+00,0.000000000000000000e+00,0.000000000000000000e+00,0.000000000000000000e+00,0.000000000000000000e+00,0.000000000000000000e+00,0.000000000000000000e+00,0.000000000000000000e+00,0.000000000000000000e+00,0.000000000000000000e+00,0.000000000000000000e+00,0.000000000000000000e+00,0.000000000000000000e+00,0.000000000000000000e+00,0.000000000000000000e+00,0.000000000000000000e+00,0.000000000000000000e+00,0.000000000000000000e+00,0.000000000000000000e+00,0.000000000000000000e+00,0.000000000000000000e+00,0.000000000000000000e+00,0.000000000000000000e+00,0.000000000000000000e+00,0.000000000000000000e+00,0.000000000000000000e+00,0.000000000000000000e+00,0.000000000000000000e+00,0.000000000000000000e+00,0.000000000000000000e+00,0.000000000000000000e+00,0.000000000000000000e+00,0.000000000000000000e+00,0.000000000000000000e+00,0.000000000000000000e+00,1.851935782862035643e-04,2.040027620556808497e-04,2.147197202181685667e-04,2.142142097151397370e-04,2.098306982820041203e-04,2.052952498939431632e-04,1.981305205129441907e-04,1.926563855395189366e-04,1.856228219316992758e-04,1.799549970436254689e-04,1.737231308267504510e-04,1.680118245427360919e-04,1.618977296279429552e-04,1.557969217009304600e-04,1.493800029298653445e-04,1.428456224034595060e-04,1.361032436185946929e-04,1.292591454550309174e-04,1.223054149362184841e-04,1.153073004794779140e-04,1.082841672132441415e-04,1.012828363698048851e-04,9.433043006094577159e-05,8.746417685509769321e-05,8.071136251091933400e-05,7.410256862197086886e-05,6.766194362099780179e-05,6.141424032394357144e-05,5.537897235928400987e-05,4.957529921982416237e-05,4.401750058210698424e-05,3.871934688039586024e-05,3.368980084159343437e-05,2.893757845560475020e-05,2.446656949735937181e-05,2.028091969523498648e-05,1.637990286969511145e-05,1.276369608725335028e-05,9.427543871637285942e-06,6.368325258765782596e-06,3.577905178068691003e-06,1.050555982288322327e-06,-1.224576753611455031e-06,-3.255155536438569354e-06,-5.054121918802703179e-06,-6.630450013703665128e-06,-7.998589661968223495e-06,-9.168269718840213071e-06,-1.015493692980471390e-05,-1.096859272196851914e-05,-1.162524215942683370e-05,-1.213475298143399921e-05,-1.251332203716407823e-05,-1.277034951879762361e-05,-1.292192497311752642e-05,-1.297671315742289048e-05,-1.295045765940505430e-05,-1.285087755367418853e-05,-1.269318344956067257e-05,-1.248398608574688618e-05,-1.223781695084377762e-05,-1.196005108887472212e-05,-1.166442202645168682e-05,-1.135496135240995390e-05,-1.104449531418339580e-05,-1.073560319033786884e-05,-1.044008040816527421e-05,-1.015891636271972739e-05,-9.902706137715228474e-06,-9.670646270730741807e-06,-9.471874056022417377e-06,-9.303476903861538936e-06,-9.172734782224239728e-06,-9.074135416395212668e-06,-9.012491862076077133e-06,-8.978952129347731817e-06,-8.974960557717387362e-06,-8.987247040746355108e-06,-9.012598529511662925e-06,-9.031810731284529100e-06,-9.035235887500705490e-06,-8.995679951928779166e-06,-8.894696613998872962e-06,-8.694417463262597642e-06,-8.364572676150324541e-06,-7.853253254239178275e-06,-7.114659442240893507e-06,-6.078816318057124158e-06,-4.680086498223878673e-06,-2.825897597546291343e-06,-4.261118599764240217e-07,2.639118413881543237e-06,6.488947967863436453e-06,1.127465495040519523e-05,1.714790831608944060e-05,2.429393737715095650e-05,3.289800444367472620e-05,4.317844570094485254e-05,5.535064655615161872e-05,6.965924551155754086e-05,8.633856244778735883e-05,1.056429308560746376e-04,1.278019795338732078e-04,1.530475548678454775e-04,1.815612853490145776e-04,2.134957180890973685e-04,2.489096771093478777e-04,2.877797533683537005e-04,3.299146705986305528e-04,3.749502460913000951e-04,4.222226876656098773e-04,4.707338632262873606e-04,5.189370977109105656e-04,5.646791208675714909e-04,6.048773955756247492e-04,6.357931793152828397e-04,6.528836758499471232e-04,6.520947099658975761e-04,6.253638733714765759e-04,5.568229377903581752e-04,4.100196084952512218e-04,1.679068895995889548e-04,-3.274161420936366453e-05
0.000000000000000000e+00,0.000000000000000000e+00,0.000000000000000000e+00,0.000000000000000000e+00,0.000000000000000000e+00,0.000000000000000000e+00,0.000000000000000000e+00,0.000000000000000000e+00,0.000000000000000000e+00,0.000000000000000000e+00,0.000000000000000000e+00,0.000000000000000000e+00,0.000000000000000000e+00,0.000000000000000000e+00,0.000000000000000000e+00,0.000000000000000000e+00,0.000000000000000000e+00,0.000000000000000000e+00,0.000000000000000000e+00,0.000000000000000000e+00,0.000000000000000000e+00,0.000000000000000000e+00,0.000000000000000000e+00,0.000000000000000000e+00,0.000000000000000000e+00,0.000000000000000000e+00,0.000000000000000000e+00,0.000000000000000000e+00,0.000000000000000000e+00,0.000000000000000000e+00,0.000000000000000000e+00,0.000000000000000000e+00,0.000000000000000000e+00,0.000000000000000000e+00,0.000000000000000000e+00,0.000000000000000000e+00,0.000000000000000000e+00,0.000000000000000000e+00,0.000000000000000000e+00,0.000000000000000000e+00,0.000000000000000000e+00,0.000000000000000000e+00,0.000000000000000000e+00,0.000000000000000000e+00,0.000000000000000000e+00,0.000000000000000000e+00,0.000000000000000000e+00,0.000000000000000000e+00,0.000000000000000000e+00,0.000000000000000000e+00,0.000000000000000000e+00,0.000000000000000000e+00,0.000000000000000000e+00,0.000000000000000000e+00,0.000000000000000000e+00,0.000000000000000000e+00,0.000000000000000000e+00,0.000000000000000000e+00,0.000000000000000000e+00,0.000000000000000000e+00,0.000000000000000000e+00,0.000000000000000000e+00,0.000000000000000000e+00,0.000000000000000000e+00,0.000000000000000000e+00,0.000000000000000000e+00,0.000000000000000000e+00,0.000000000000000000e+00,0.000000000000000000e+00,0.000000000000000000e+00,0.000000000000000000e+00,0.000000000000000000e+00,0.000000000000000000e+00,0.000000000000000000e+00,0.000000000000000000e+00,0.000000000000000000e+00,0.000000000000000000e+00,0.000000000000000000e+00,0.000000000000000000e+00,0.000000000000000000e+00,0.000000000000000000e+00,0.000000000000000000e+00,0.000000000000000000e+00,0.000000000000000000e+00,0.000000000000000000e+00,0.000000000000000000e+00,0.000000000000000000e+00,0.000000000000000000e+00,0.000000000000000000e+00,0.000000000000000000e+00,0.000000000000000000e+00,0.000000000000000000e+00,0.000000000000000000e+00,0.000000000000000000e+00,0.000000000000000000e+00,0.000000000000000000e+00,0.000000000000000000e+00,0.000000000000000000e+00,0.000000000000000000e+00,0.000000000000000000e+00,0.000000000000000000e+00,0.000000000000000000e+00,0.000000000000000000e+00,0.000000000000000000e+00,0.000000000000000000e+00,0.000000000000000000e+00,0.000000000000000000e+00,0.000000000000000000e+00,0.000000000000000000e+00,0.000000000000000000e+00,0.000000000000000000e+00,0.000000000000000000e+00,0.000000000000000000e+00,0.000000000000000000e+00,0.000000000000000000e+00,0.000000000000000000e+00,0.000000000000000000e+00,0.000000000000000000e+00,0.000000000000000000e+00,0.000000000000000000e+00,0.000000000000000000e+00,0.000000000000000000e+00,0.000000000000000000e+00,0.000000000000000000e+00,0.000000000000000000e+00,0.000000000000000000e+00,0.000000000000000000e+00,0.000000000000000000e+00,0.000000000000000000e+00,0.000000000000000000e+00,0.000000000000000000e+00,0.000000000000000000e+00,0.000000000000000000e+00,0.000000000000000000e+00,0.000000000000000000e+00,0.000000000000000000e+00,0.000000000000000000e+00,0.000000000000000000e+00,0.000000000000000000e+00,0.000000000000000000e+00,0.000000000000000000e+00,0.000000000000000000e+00,0.000000000000000000e+00,0.000000000000000000e+00,0.000000000000000000e+00,0.000000000000000000e+00,0.000000000000000000e+00,0.000000000000000000e+00,0.000000000000000000e+00,0.000000000000000000e+00,0.000000000000000000e+00,0.000000000000000000e+00,0.000000000000000000e+00,0.000000000000000000e+00,0.000000000000000000e+00,0.000000000000000000e+00,0.000000000000000000e+00,0.000000000000000000e+00,0.000000000000000000e+00,0.000000000000000000e+00,0.000000000000000000e+00,0.000000000000000000e+00,0.000000000000000000e+00,0.000000000000000000e+00,0.000000000000000000e+00,0.000000000000000000e+00,0.000000000000000000e+00,0.000000000000000000e+00,0.000000000000000000e+00,0.000000000000000000e+00,0.000000000000000000e+00,0.000000000000000000e+00,0.000000000000000000e+00,0.000000000000000000e+00,0.000000000000000000e+00,0.000000000000000000e+00,0.000000000000000000e+00,0.000000000000000000e+00,0.000000000000000000e+00,0.000000000000000000e+00,0.000000000000000000e+00,0.000000000000000000e+00,0.000000000000000000e+00,0.000000000000000000e+00,0.000000000000000000e+00,0.000000000000000000e+00,0.000000000000000000e+00,0.000000000000000000e+00,0.000000000000000000e+00,0.000000000000000000e+00,0.000000000000000000e+00,0.000000000000000000e+00,0.000000000000000000e+00,0.000000000000000000e+00,0.000000000000000000e+00,0.000000000000000000e+00,0.000000000000000000e+00,0.000000000000000000e+00,0.000000000000000000e+00,0.000000000000000000e+00,0.000000000000000000e+00,0.000000000000000000e+00,0.000000000000000000e+00,0.000000000000000000e+00,0.000000000000000000e+00,0.000000000000000000e+00,0.000000000000000000e+00,0.000000000000000000e+00,0.000000000000000000e+00,0.000000000000000000e+00,0.000000000000000000e+00,0.000000000000000000e+00,0.000000000000000000e+00,0.000000000000000000e+00,0.000000000000000000e+00,0.000000000000000000e+00,0.000000000000000000e+00,0.000000000000000000e+00,0.000000000000000000e+00,0.000000000000000000e+00,0.000000000000000000e+00,0.000000000000000000e+00,0.000000000000000000e+00,0.000000000000000000e+00,0.000000000000000000e+00,0.000000000000000000e+00,0.000000000000000000e+00,0.000000000000000000e+00,0.000000000000000000e+00,0.000000000000000000e+00,0.000000000000000000e+00,0.000000000000000000e+00,0.000000000000000000e+00,0.000000000000000000e+00,0.000000000000000000e+00,0.000000000000000000e+00,0.000000000000000000e+00,0.000000000000000000e+00,0.000000000000000000e+00,0.000000000000000000e+00,0.000000000000000000e+00,0.000000000000000000e+00,0.000000000000000000e+00,0.000000000000000000e+00,0.000000000000000000e+00,0.000000000000000000e+00,0.000000000000000000e+00,0.000000000000000000e+00,0.000000000000000000e+00,0.000000000000000000e+00,2.146108411218284175e-04,2.195806776133855769e-04,2.158515012473735000e-04,2.177739186054699196e-04,2.066306480891418062e-04,1.973617320295750419e-04,1.864917784080673334e-04,1.760299491884271487e-04,1.669224171468571352e-04,1.574981321056240495e-04,1.494246763832520581e-04,1.410524288144169626e-04,1.334932904669695051e-04,1.257869377770026362e-04,1.183938412121029896e-04,1.108840710814081926e-04,1.034658223661462628e-04,9.600161964500673732e-05,8.860262671267301227e-05,8.124475689665916912e-05,7.399115378621227035e-05,6.685376374416324098e-05,5.987177004646570964e-05,5.306636238266015796e-05,4.646439346354109385e-05,4.008704806493960596e-05,3.395343863711383224e-05,2.808124818803385978e-05,2.248339825873034737e-05,1.717279310320276212e-05,1.215676873877191394e-05,7.443216958896615766e-06,3.034347019751261786e-06,-1.066662362070338187e-06,-4.862197800457763150e-06,-8.353220822005310323e-06,-1.154609006511917853e-05,-1.444520469074351627e-05,-1.706021480839778031e-05,-1.939821341785118077e-05,-2.147145206473711002e-05,-2.328899174433690972e-05,-2.486502731237826705e-05,-2.620991867939521380e-05,-2.733920715823564778e-05,-2.826396174269793848e-05,-2.900055111489754673e-05,-2.956025226411020679e-05,-2.995982550654406859e-05,-3.021034346742431571e-05,-3.032860343091810958e-05,-3.032514386992847113e-05,-3.021651830616729959e-05,-3.001247431650740303e-05,-2.972910524623147152e-05,-2.937517307273858745e-05,-2.896614816831661221e-05,-2.850966262606924973e-05,-2.802044330109250246e-05,-2.750488621301109331e-05,-2.697688388741618085e-05,-2.644151428081037436e-05,-2.591175965274040378e-05,-2.539130515565806462e-05,-2.489214285967028238e-05,-2.441647576328998871e-05,-2.397519698776191100e-05,-2.356889459189069681e-05,-2.320719224869098254e-05,-2.288884900053320809e-05,-2.262194391803423586e-05,-2.240306298694310348e-05,-2.223830643734579413e-05,-2.212155257240782053e-05,-2.205626292886960833e-05,-2.203281049142758840e-05,-2.205105513202174330e-05,-2.209672196967880044e-05,-2.216471856875824035e-05,-2.223454922534058903e-05,-2.229434757850847615e-05,-2.231531582462074412e-05,-2.227645374560042048e-05,-2.213802030273668214e-05,-2.186695538700524660e-05,-2.140937754438239579e-05,-2.071672156415836136e-05,-1.971731337178631889e-05,-1.834328916029619202e-05,-1.650133017007830634e-05,-1.410049218965688027e-05,-1.102224226876960283e-05,-7.149415898366427691e-06,-2.335777201663720545e-06,3.563560607384866360e-06,1.072272901721451572e-05,1.931273291302659179e-05,2.953175297872783021e-05,4.157014642795566097e-05,5.563986651218195403e-05,7.193592497617433054e-05,9.066415917834378952e-05,1.119979566832941809e-04,1.361033610914887896e-04,1.630894914424870976e-04,1.930296000162694964e-04,2.259031566442644087e-04,2.616107926720822262e-04,2.999055604670107424e-04,3.403983906721476296e-04,3.824760953384790567e-04,4.252910189214867778e-04,4.676657186261901056e-04,5.080542694187942113e-04,5.444565549610938093e-04,5.743666902220515881e-04,5.949375098875578751e-04,6.032296655557061902e-04,5.974688381729349003e-04,5.765644256303201643e-04,5.385095337612439206e-04,4.678138196496546010e-04,3.332554887641148676e-04,1.208574079497981948e-04,-4.524547040301682313e-05
0.000000000000000000e+00,0.000000000000000000e+00,0.000000000000000000e+00,0.000000000000000000e+00,0.000000000000000000e+00,0.000000000000000000e+00,0.000000000000000000e+00,0.000000000000000000e+00,0.000000000000000000e+00,0.000000000000000000e+00,0.000000000000000000e+00,0.000000000000000000e+00,0.000000000000000000e+00,0.000000000000000000e+00,0.000000000000000000e+00,0.000000000000000000e+00,0.000000000000000000e+00,0.000000000000000000e+00,0.000000000000000000e+00,0.000000000000000000e+00,0.000000000000000000e+00,0.000000000000000000e+00,0.000000000000000000e+00,0.000000000000000000e+00,0.000000000000000000e+00,0.000000000000000000e+00,0.000000000000000000e+00,0.000000000000000000e+00,0.000000000000000000e+00,0.000000000000000000e+00,0.000000000000000000e+00,0.000000000000000000e+00,0.000000000000000000e+00,0.000000000000000000e+00,0.000000000000000000e+00,0.000000000000000000e+00,0.000000000000000000e+00,0.000000000000000000e+00,0.000000000000000000e+00,0.000000000000000000e+00,0.000000000000000000e+00,0.000000000000000000e+00,0.000000000000000000e+00,0.000000000000000000e+00,0.000000000000000000e+00,0.000000000000000000e+00,0.000000000000000000e+00,0.000000000000000000e+00,0.000000000000000000e+00,0.000000000000000000e+00,0.000000000000000000e+00,0.000000000000000000e+00,0.000000000000000000e+00,0.000000000000000000e+00,0.000000000000000000e+00,0.000000000000000000e+00,0.000000000000000000e+00,0.000000000000000000e+00,0.000000000000000000e+00,0.000000000000000000e+00,0.000000000000000000e+00,0.000000000000000000e+00,0.000000000000000000e+00,0.000000000000000000e+00,0.000000000000000000e+00,0.000000000000000000e+00,0.000000000000000000e+00,0.000000000000000000e+00,0.000000000000000000e+00,0.000000000000000000e+00,0.000000000000000000e+00,0.000000000000000000e+00,0.000000000000000000e+00,0.000000000000000000e+00,0.000000000000000000e+00,0.000000000000000000e+00,0.000000000000000000e+00,0.000000000000000000e+00,0.000000000000000000e+00,0.000000000000000000e+00,0.000000000000000000e+00,0.000000000000000000e+00,0.000000000000000000e+00,0.000000000000000000e+00,0.000000000000000000e+00,0.000000000000000000e+00,0.000000000000000000e+00,0.000000000000000000e+00,0.000000000000000000e+00,0.000000000000000000e+00,0.000000000000000000e+00,0.000000000000000000e+00,0.000000000000000000e+00,0.000000000000000000e+00,0.000000000000000000e+00,0.000000000000000000e+00,0.000000000000000000e+00,0.000000000000000000e+00,0.000000000000000000e+00,0.000000000000000000e+00,0.000000000000000000e+00,0.000000000000000000e+00,0.000000000000000000e+00,0.000000000000000000e+00,0.000000000000000000e+00,0.000000000000000000e+00,0.000000000000000000e+00,0.000000000000000000e+00,0.000000000000000000e+00,0.000000000000000000e+00,0.000000000000000000e+00,0.000000000000000000e+00,0.000000000000000000e+00,0.000000000000000000e+00,0.000000000000000000e+00,0.000000000000000000e+00,0.000000000000000000e+00,0.000000000000000000e+00,0.000000000000000000e+00,0.000000000000000000e+00,0.000000000000000000e+00,0.000000000000000000e+00,0.000000000000000000e+00,0.000000000000000000e+00,0.000000000000000000e+00,0.000000000000000000e+00,0.000000000000000000e+00,0.000000000000000000e+00,0.000000000000000000e+00,0.000000000000000000e+00,0.000000000000000000e+00,0.000000000000000000e+00,0.000000000000000000e+00,0.000000000000000000e+00,0.000000000000000000e+00,0.000000000000000000e+00,0.000000000000000000e+00,0.000000000000000000e+00,0.000000000000000000e+00,0.000000000000000000e+00,0.000000000000000000e+00,0.000000000000000000e+00,0.000000000000000000e+00,0.000000000000000000e+00,0.000000000000000000e+00,0.000000000000000000e+00,0.000000000000000000e+00,0.000000000000000000e+00,0.000000000000000000e+00,0.000000000000000000e+00,0.000000000000000000e+00,0.000000000000000000e+00,0.000000000000000000e+00,0.000000000000000000e+00,0.000000000000000000e+00,0.000000000000000000e+00,0.000000000000000000e+00,0.000000000000000000e+00,0.000000000000000000e+00,0.000000000000000000e+00,0.000000000000000000e+00,0.000000000000000000e+00,0.000000000000000000e+00,0.000000000000000000e+00,0.000000000000000000e+00,0.000000000000000000e+00,0.000000000000000000e+00,0.000000000000000000e+00,0.000000000000000000e+00,0.000000000000000000e+00,0.000000000000000000e+00,0.000000000000000000e+00,0.000000000000000000e+00,0.000000000000000000e+00,0.000000000000000000e+00,0.000000000000000000e+00,0.000000000000000000e+00,0.000000000000000000e+00,0.000000000000000000e+00,0.000000000000000000e+00,0.000000000000000000e+00,0.000000000000000000e+00,0.000000000000000000e+00,0.000000000000000000e+00,0.000000000000000000e+00,0.000000000000000000e+00,0.000000000000000000e+00,0.000000000000000000e+00,0.000000000000000000e+00,0.000000000000000000e+00,0.000000000000000000e+00,0.000000000000000000e+00,0.000000000000000000e+00,0.000000000000000000e+00,0.000000000000000000e+00,0.000000000000000000e+00,0.000000000000000000e+00,0.000000000000000000e+00,0.000000000000000000e+00,0.000000000000000000e+00,0.000000000000000000e+00,0.000000000000000000e+00,0.000000000000000000e+00,0.000000000000000000e+00,0.000000000000000000e+00,0.000000000000000000e+00,0.000000000000000000e+00,0.000000000000000000e+00,0.000000000000000000e+00,0.000000000000000000e+00,0.000000000000000000e+00,0.000000000000000000e+00,0.000000000000000000e+00,0.000000000000000000e+00,0.000000000000000000e+00,0.000000000000000000e+00,0.000000000000000000e+00,0.000000000000000000e+00,0.000000000000000000e+00,0.000000000000000000e+00,0.000000000000000000e+00,0.000000000000000000e+00,0.000000000000000000e+00,0.000000000000000000e+00,0.000000000000000000e+00,0.000000000000000000e+00,0.000000000000000000e+00,0.000000000000000000e+00,0.000000000000000000e+00,0.000000000000000000e+00,0.000000000000000000e+00,0.000000000000000000e+00,0.000000000000000000e+00,0.000000000000000000e+00,0.000000000000000000e+00,0.000000000000000000e+00,0.000000000000000000e+00,0.000000000000000000e+00,0.000000000000000000e+00,0.000000000000000000e+00,0.000000000000000000e+00,0.000000000000000000e+00,0.000000000000000000e+00,0.000000000000000000e+00,0.000000000000000000e+00,0.000000000000000000e+00,0.000000000000000000e+00,0.000000000000000000e+00,0.000000000000000000e+00,1.983476609711151922e-04,2.140134511718617104e-04,2.082889871146216185e-04,2.175079233605013164e-04,2.030183061897547167e-04,1.920098281361315668e-04,1.766295942234772872e-04,1.636586210954113865e-04,1.514052635294354068e-04,1.402631573830059148e-04,1.304300140525827022e-04,1.208864612636380921e-04,1.122614667146670775e-04,1.036903960346438185e-04,9.563118423335417837e-05,8.760919120550609358e-05,7.986092039336086174e-05,7.218743146194807033e-05,6.471977192667183599e-05,5.739700524692352098e-05,5.029569380733479774e-05,4.340515372519415655e-05,3.677048315036328630e-05,3.039555705182024229e-05,2.430798879376393513e-05,1.851400370995281541e-05,1.303087025311016216e-05,7.862771709939108918e-06,3.019732746380330139e-06,-1.497740517439016739e-06,-5.685395930002436995e-06,-9.546787976660390317e-06,-1.308244361572871496e-05,-1.629973237510058199e-05,-1.920307567099285056e-05,-2.180311722113788446e-05,-2.410732295594678710e-05,-2.612895709303989371e-05,-2.787772303258498682e-05,-2.936883918326276346e-05,-3.061350652535662449e-05,-3.162827527608299795e-05,-3.242519189758678519e-05,-3.302159045757498579e-05,-3.342980968956473252e-05,-3.366750690596461288e-05,-3.374686011563590558e-05,-3.368547761443647177e-05,-3.349501777483324474e-05,-3.319274952141420274e-05,-3.278953610747118141e-05,-3.230208827358886788e-05,-3.174026940384711519e-05,-3.112007286035346580e-05,-3.045021496924235629e-05,-2.974585985664941439e-05,-2.901447404508458933e-05,-2.827031539925650851e-05,-2.751952887372299570e-05,-2.677541040579435412e-05,-2.604272767254033261e-05,-2.533376456761140736e-05,-2.465185381741756343e-05,-2.400820279688827872e-05,-2.340462663790153304e-05,-2.285115141990402208e-05,-2.234793712450486926e-05,-2.190364960294978054e-05,-2.151656258122665888e-05,-2.119368528851540265e-05,-2.093103194994591363e-05,-2.073348772923224844e-05,-2.059423314017557770e-05,-2.051532736931673990e-05,-2.048627434262212637e-05,-2.050530018365380390e-05,-2.055704810697033520e-05,-2.063452671791795819e-05,-2.071592363047898835e-05,-2.078720496950400189e-05,-2.081804422111453219e-05,-2.078506262287227241e-05,-2.064688229785759894e-05,-2.036801474253521467e-05,-1.989306822417684110e-05,-1.917132027285080520e-05,-1.813014132565524367e-05,-1.670033013237401634e-05,-1.478886118558953503e-05,-1.230512208171801552e-05,-9.133152978366201530e-06,-5.159003879988726586e-06,-2.427100481656155310e-07,5.752915516714590419e-06,1.299023907470290841e-05,2.162615093730792606e-05,3.183953001637665128e-05,4.379817794594306545e-05,5.768527792527571691e-05,7.366325132905095739e-05,9.189862799578393544e-05,1.125220518591655395e-04,1.356509477798644283e-04,1.613448183104200550e-04,1.896251301576768334e-04,2.204249940086154243e-04,2.536058893232679226e-04,2.889008474148686118e-04,3.259282842837040134e-04,3.641281023183880498e-04,4.027749497096006241e-04,4.409076225859480586e-04,4.773498201456548534e-04,5.106349613853671931e-04,5.390603771730300645e-04,5.606258605886127759e-04,5.732563664585182224e-04,5.749490522599161758e-04,5.647493042929843882e-04,5.432075630243233220e-04,5.128521165820753213e-04,4.720035714560672814e-04,4.054769232110716558e-04,2.808432015625840278e-04,9.005995045333739838e-05,-5.243138726689721389e-05
0.000000000000000000e+00,0.000000000000000000e+00,0.000000000000000000e+00,0.000000000000000000e+00,0.000000000000000000e+00,0.000000000000000000e+00,0.000000000000000000e+00,0.000000000000000000e+00,0.000000000000000000e+00,0.000000000000000000e+00,0.000000000000000000e+00,0.000000000000000000e+00,0.000000000000000000e+00,0.000000000000000000e+00,0.000000000000000000e+00,0.000000000000000000e+00,0.000000000000000000e+00,0.000000000000000000e+00,0.000000000000000000e+00,0.000000000000000000e+00,0.000000000000000000e+00,0.000000000000000000e+00,0.000000000000000000e+00,0.000000000000000000e+00,0.000000000000000000e+00,0.000000000000000000e+00,0.000000000000000000e+00,0.000000000000000000e+00,0.000000000000000000e+00,0.000000000000000000e+00,0.000000000000000000e+00,0.000000000000000000e+00,0.000000000000000000e+00,0.000000000000000000e+00,0.000000000000000000e+00,0.000000000000000000e+00,0.000000000000000000e+00,0.000000000000000000e+00,0.000000000000000000e+00,0.000000000000000000e+00,0.000000000000000000e+00,0.000000000000000000e+00,0.000000000000000000e+00,0.000000000000000000e+00,0.000000000000000000e+00,0.000000000000000000e+00,0.000000000000000000e+00,0.000000000000000000e+00,0.000000000000000000e+00,0.000000000000000000e+00,0.000000000000000000e+00,0.000000000000000000e+00,0.000000000000000000e+00,0.000000000000000000e+00,0.000000000000000000e+00,0.000000000000000000e+00,0.000000000000000000e+00,0.000000000000000000e+00,0.000000000000000000e+00,0.000000000000000000e+00,0.000000000000000000e+00,0.000000000000000000e+00,0.000000000000000000e+00,0.000000000000000000e+00,0.000000000000000000e+00,0.000000000000000000e+00,0.000000000000000000e+00,0.000000000000000000e+00,0.000000000000000000e+00,0.000000000000000000e+00,0.000000000000000000e+00,0.000000000000000000e+00,0.000000000000000000e+00,0.000000000000000000e+00,0.000000000000000000e+00,0.000000000000000000e+00,0.000000000000000000e+00,0.000000000000000000e+00,0.000000000000000000e+00,0.000000000000000000e+00,0.000000000000000000e+00,0.000000000000000000e+00,0.000000000000000000e+00,0.000000000000000000e+00,0.000000000000000000e+00,0.000000000000000000e+00,0.000000000000000000e+00,0.000000000000000000e+00,0.000000000000000000e+00,0.000000000000000000e+00,0.000000000000000000e+00,0.000000000000000000e+00,0.000000000000000000e+00,0.000000000000000000e+00,0.000000000000000000e+00,0.000000000000000000e+00,0.000000000000000000e+00,0.000000000000000000e+00,0.000000000000000000e+00,0.000000000000000000e+00,0.000000000000000000e+00,0.000000000000000000e+00,0.000000000000000000e+00,0.000000000000000000e+00,0.000000000000000000e+00,0.000000000000000000e+00,0.000000000000000000e+00,0.000000000000000000e+00,0.000000000000000000e+00,0.000000000000000000e+00,0.000000000000000000e+00,0.000000000000000000e+00,0.000000000000000000e+00,0.000000000000000000e+00,0.000000000000000000e+00,0.000000000000000000e+00,0.000000000000000000e+00,0.000000000000000000e+00,0.000000000000000000e+00,0.000000000000000000e+00,0.000000000000000000e+00,0.000000000000000000e+00,0.000000000000000000e+00,0.000000000000000000e+00,0.000000000000000000e+00,0.000000000000000000e+00,0.000000000000000000e+00,0.000000000000000000e+00,0.000000000000000000e+00,0.000000000000000000e+00,0.000000000000000000e+00,0.000000000000000000e+00,0.000000000000000000e+00,0.000000000000000000e+00,0.000000000000000000e+00,0.000000000000000000e+00,0.000000000000000000e+00,0.000000000000000000e+00,0.000000000000000000e+00,0.000000000000000000e+00,0.000000000000000000e+00,0.000000000000000000e+00,0.000000000000000000e+00,0.000000000000000000e+00,0.000000000000000000e+00,0.000000000000000000e+00,0.000000000000000000e+00,0.000000000000000000e+00,0.000000000000000000e+00,0.000000000000000000e+00,0.000000000000000000e+00,0.000000000000000000e+00,0.000000000000000000e+00,0.000000000000000000e+00,0.000000000000000000e+00,0.000000000000000000e+00,0.000000000000000000e+00,0.000000000000000000e+00,0.000000000000000000e+00,0.000000000000000000e+00,0.000000000000000000e+00,0.000000000000000000e+00,0.000000000000000000e+00,0.000000000000000000e+00,0.000000000000000000e+00,0.000000000000000000e+00,0.000000000000000000e+00,0.000000000000000000e+00,0.000000000000000000e+00,0.000000000000000000e+00,0.000000000000000000e+00,0.000000000000000000e+00,0.000000000000000000e+00,0.000000000000000000e+00,0.000000000000000000e+00,0.000000000000000000e+00,0.000000000000000000e+00,0.000000000000000000e+00,0.000000000000000000e+00,0.000000000000000000e+00,0.000000000000000000e+00,0.000000000000000000e+00,0.000000000000000000e+00,0.000000000000000000e+00,0.000000000000000000e+00,0.000000000000000000e+00,0.000000000000000000e+00,0.000000000000000000e+00,0.000000000000000000e+00,0.000000000000000000e+00,0.000000000000000000e+00,0.000000000000000000e+00,0.000000000000000000e+00,0.000000000000000000e+00,0.000000000000000000e+00,0.000000000000000000e+00,0.000000000000000000e+00,0.000000000000000000e+00,0.000000000000000000e+00,0.000000000000000000e+00,0.000000000000000000e+00,0.000000000000000000e+00,0.000000000000000000e+00,0.000000000000000000e+00,0.000000000000000000e+00,0.000000000000000000e+00,0.000000000000000000e+00,0.000000000000000000e+00,0.000000000000000000e+00,0.000000000000000000e+00,0.000000000000000000e+00,0.000000000000000000e+00,0.000000000000000000e+00,0.000000000000000000e+00,0.000000000000000000e+00,0.000000000000000000e+00,0.000000000000000000e+00,0.000000000000000000e+00,0.000000000000000000e+00,0.000000000000000000e+00,0.000000000000000000e+00,0.000000000000000000e+00,0.000000000000000000e+00,0.000000000000000000e+00,0.000000000000000000e+00,0.000000000000000000e+00,0.000000000000000000e+00,0.000000000000000000e+00,0.000000000000000000e+00,0.000000000000000000e+00,0.000000000000000000e+00,0.000000000000000000e+00,0.000000000000000000e+00,0.000000000000000000e+00,0.000000000000000000e+00,0.000000000000000000e+00,0.000000000000000000e+00,0.000000000000000000e+00,0.000000000000000000e+00,0.000000000000000000e+00,0.000000000000000000e+00,0.000000000000000000e+00,0.000000000000000000e+00,0.000000000000000000e+00,0.000000000000000000e+00,0.000000000000000000e+00,0.000000000000000000e+00,0.000000000000000000e+00,1.972635406147839625e-04,2.176537395268798901e-04,2.196078045305618811e-04,2.139379415824922410e-04,1.996730133897525066e-04,1.887485368211738604e-04,1.709484331411386011e-04,1.565420723202891004e-04,1.419070861916966379e-04,1.295150720714967969e-04,1.182771533415652953e-04,1.080474344724601833e-04,9.876028839636928202e-05,8.983947434810932641e-05,8.150552719635297894e-05,7.334683471598735531e-05,6.556116434734491477e-05,5.794883038637732331e-05,5.063078079912862803e-05,4.353647869973224956e-05,3.673492160868201318e-05,3.021168033331135370e-05,2.400285541714263244e-05,1.811124679441109266e-05,1.255342465869237769e-05,7.335001037580698180e-06,2.461450045012034657e-06,-2.063538681534882930e-06,-6.241434591971250206e-06,-1.007200604848328079e-05,-1.356174465569044196e-05,-1.671410953214294448e-05,-1.953949560592868259e-05,-2.204465539717934898e-05,-2.424301283322102571e-05,-2.614394961923062526e-05,-2.776314440696313801e-05,-2.911187801007932078e-05,-3.020738915507565738e-05,-3.106216170116722842e-05,-3.169438557288522303e-05,-3.211713142484898790e-05,-3.234902434707981095e-05,-3.240320291917302272e-05,-3.229830548085947499e-05,-3.204711874469340615e-05,-3.166796138759496069e-05,-3.117294027368525307e-05,-3.057980086240621732e-05,-2.989972228736000791e-05,-2.914969070191117772e-05,-2.833977646532824621e-05,-2.748607533137856668e-05,-2.659742134611442802e-05,-2.568893140153918274e-05,-2.476811607322933358e-05,-2.384905505344016446e-05,-2.293787510224789257e-05,-2.204757683315959770e-05,-2.118285434195175539e-05,-2.035558741632404904e-05,-1.956898138801764115e-05,-1.883373286023460946e-05,-1.815147106347029423e-05,-1.753159951121456575e-05,-1.697402183179711616e-05,-1.648665633624601061e-05,-1.606743018005918420e-05,-1.572245874908502770e-05,-1.544729238873562886e-05,-1.524574800305185298e-05,-1.511039292282504370e-05,-1.504201259184331508e-05,-1.502931705037352888e-05,-1.506902674936892732e-05,-1.514478946691455666e-05,-1.524786718127314992e-05,-1.535525620476137009e-05,-1.545096309071190970e-05,-1.550332988765543829e-05,-1.548689813189843938e-05,-1.535895623337796620e-05,-1.508200995397975261e-05,-1.459959204584089259e-05,-1.385938767757592979e-05,-1.278837939973309489e-05,-1.131671898422437886e-05,-9.352324727681399710e-06,-6.805648485301497269e-06,-3.563896818978825750e-06,4.830867355656778594e-07,5.468743177243211187e-06,1.152249847955506693e-05,1.879553161281514531e-05,2.743166985641149475e-05,3.759265546166548941e-05,4.942676996190017047e-05,6.309322755332915321e-05,7.872800838672887487e-05,9.646703227562848247e-05,1.164086720188021383e-04,1.386354636294245823e-04,1.631728367094588004e-04,1.900093339590184962e-04,2.190512879212236743e-04,2.501419137820190216e-04,2.830120960493204816e-04,3.172994135308556621e-04,3.524961830832385595e-04,3.879707944716855018e-04,4.229165185514706035e-04,4.563801322409488681e-04,4.872204451064262860e-04,5.141532229596031947e-04,5.357394386576946150e-04,5.504618087500970846e-04,5.568058609733315348e-04,5.534591747781534990e-04,5.398003540535815936e-04,5.165206793099110785e-04,4.865096146126266755e-04,4.531403254871542528e-04,4.145767892573185140e-04,3.530560635101872105e-04,2.375303629022727510e-04,6.481243477007335245e-05,-5.809343576180173169e-05
0.000000000000000000e+00,0.000000000000000000e+00,0.000000000000000000e+00,0.000000000000000000e+00,0.000000000000000000e+00,0.000000000000000000e+00,0.000000000000000000e+00,0.000000000000000000e+00,0.000000000000000000e+00,0.000000000000000000e+00,0.000000000000000000e+00,0.000000000000000000e+00,0.000000000000000000e+00,0.000000000000000000e+00,0.000000000000000000e+00,0.000000000000000000e+00,0.000000000000000000e+00,0.000000000000000000e+00,0.000000000000000000e+00,0.000000000000000000e+00,0.000000000000000000e+00,0.000000000000000000e+00,0.000000000000000000e+00,0.000000000000000000e+00,0.000000000000000000e+00,0.000000000000000000e+00,0.000000000000000000e+00,0.000000000000000000e+00,0.000000000000000000e+00,0.000000000000000000e+00,0.000000000000000000e+00,0.000000000000000000e+00,0.000000000000000000e+00,0.000000000000000000e+00,0.000000000000000000e+00,0.000000000000000000e+00,0.000000000000000000e+00,0.000000000000000000e+00,0.000000000000000000e+00,0.000000000000000000e+00,0.000000000000000000e+00,0.000000000000000000e+00,0.000000000000000000e+00,0.000000000000000000e+00,0.000000000000000000e+00,0.000000000000000000e+00,0.000000000000000000e+00,0.000000000000000000e+00,0.000000000000000000e+00,0.000000000000000000e+00,0.000000000000000000e+00,0.000000000000000000e+00,0.000000000000000000e+00,0.000000000000000000e+00,0.000000000000000000e+00,0.000000000000000000e+00,0.000000000000000000e+00,0.000000000000000000e+00,0.000000000000000000e+00,0.000000000000000000e+00,0.000000000000000000e+00,0.000000000000000000e+00,0.000000000000000000e+00,0.000000000000000000e+00,0.000000000000000000e+00,0.000000000000000000e+00,0.000000000000000000e+00,0.000000000000000000e+00,0.000000000000000000e+00,0.000000000000000000e+00,0.000000000000000000e+00,0.000000000000000000e+00,0.000000000000000000e+00,0.000000000000000000e+00,0.000000000000000000e+00,0.000000000000000000e+00,0.000000000000000000e+00,0.000000000000000000e+00,0.000000000000000000e+00,0.000000000000000000e+00,0.000000000000000000e+00,0.000000000000000000e+00,0.000000000000000000e+00,0.000000000000000000e+00,0.000000000000000000e+00,0.000000000000000000e+00,0.000000000000000000e+00,0.000000000000000000e+00,0.000000000000000000e+00,0.000000000000000000e+00,0.000000000000000000e+00,0.000000000000000000e+00,0.000000000000000000e+00,0.000000000000000000e+00,0.000000000000000000e+00,0.000000000000000000e+00,0.000000000000000000e+00,0.000000000000000000e+00,0.000000000000000000e+00,0.000000000000000000e+00,0.000000000000000000e+00,0.000000000000000000e+00,0.000000000000000000e+00,0.000000000000000000e+00,0.000000000000000000e+00,0.000000000000000000e+00,0.000000000000000000e+00,0.000000000000000000e+00,0.000000000000000000e+00,0.000000000000000000e+00,0.000000000000000000e+00,0.000000000000000000e+00,0.000000000000000000e+00,0.000000000000000000e+00,0.000000000000000000e+00,0.000000000000000000e+00,0.000000000000000000e+00,0.000000000000000000e+00,0.000000000000000000e+00,0.000000000000000000e+00,0.000000000000000000e+00,0.000000000000000000e+00,0.000000000000000000e+00,0.000000000000000000e+00,0.000000000000000000e+00,0.000000000000000000e+00,0.000000000000000000e+00,0.000000000000000000e+00,0.000000000000000000e+00,0.000000000000000000e+00,0.000000000000000000e+00,0.000000000000000000e+00,0.000000000000000000e+00,0.000000000000000000e+00,0.000000000000000000e+00,0.000000000000000000e+00,0.000000000000000000e+00,0.000000000000000000e+00,0.000000000000000000e+00,0.000000000000000000e+00,0.000000000000000000e+00,0.000000000000000000e+00,0.000000000000000000e+00,0.000000000000000000e+00,0.000000000000000000e+00,0.000000000000000000e+00,0.000000000000000000e+00,0.000000000000000000e+00,0.000000000000000000e+00,0.000000000000000000e+00,0.000000000000000000e+00,0.000000000000000000e+00,0.000000000000000000e+00,0.000000000000000000e+00,0.000000000000000000e+00,0.000000000000000000e+00,0.000000000000000000e+00,0.000000000000000000e+00,0.000000000000000000e+00,0.000000000000000000e+00,0.000000000000000000e+00,0.000000000000000000e+00,0.000000000000000000e+00,0.000000000000000000e+00,0.000000000000000000e+00,0.000000000000000000e+00,0.000000000000000000e+00,0.000000000000000000e+00,0.000000000000000000e+00,0.000000000000000000e+00,0.000000000000000000e+00,0.000000000000000000e+00,0.000000000000000000e+00,0.000000000000000000e+00,0.000000000000000000e+00,0.000000000000000000e+00,0.000000000000000000e+00,0.000000000000000000e+00,0.000000000000000000e+00,0.000000000000000000e+00,0.000000000000000000e+00,0.000000000000000000e+00,0.000000000000000000e+00,0.000000000000000000e+00,0.000000000000000000e+00,0.000000000000000000e+00,0.000000000000000000e+00,0.000000000000000000e+00,0.000000000000000000e+00,0.000000000000000000e+00,0.000000000000000000e+00,0.000000000000000000e+00,0.000000000000000000e+00,0.000000000000000000e+00,0.000000000000000000e+00,0.000000000000000000e+00,0.000000000000000000e+00,0.000000000000000000e+00,0.000000000000000000e+00,0.000000000000000000e+00,0.000000000000000000e+00,0.000000000000000000e+00,0.000000000000000000e+00,0.000000000000000000e+00,0.000000000000000000e+00,0.000000000000000000e+00,0.000000000000000000e+00,0.000000000000000000e+00,0.000000000000000000e+00,0.000000000000000000e+00,0.000000000000000000e+00,0.000000000000000000e+00,0.000000000000000000e+00,0.000000000000000000e+00,0.000000000000000000e+00,0.000000000000000000e+00,0.000000000000000000e+00,0.000000000000000000e+00,0.000000000000000000e+00,0.000000000000000000e+00,0.000000000000000000e+00,0.000000000000000000e+00,0.000000000000000000e+00,0.000000000000000000e+00,0.000000000000000000e+00,0.000000000000000000e+00,0.000000000000000000e+00,0.000000000000000000e+00,0.000000000000000000e+00,0.000000000000000000e+00,0.000000000000000000e+00,0.000000000000000000e+00,0.000000000000000000e+00,0.000000000000000000e+00,0.000000000000000000e+00,0.000000000000000000e+00,0.000000000000000000e+00,0.000000000000000000e+00,0.000000000000000000e+00,0.000000000000000000e+00,0.000000000000000000e+00,0.000000000000000000e+00,0.000000000000000000e+00,0.000000000000000000e+00,0.000000000000000000e+00,0.000000000000000000e+00,0.000000000000000000e+00,2.057044057537916440e-04,2.246885945368399401e-04,2.304401635601360256e-04,2.184921954007541789e-04,2.025199128539902505e-04,1.864303194274001822e-04,1.672120403652858185e-04,1.515749956719402369e-04,1.352463879640529725e-04,1.218695038448600613e-04,1.094903467276319000e-04,9.875796461479602903e-05,8.898268610955450215e-05,7.992054680067882605e-05,7.148977069401576002e-05,6.338123997023559935e-05,5.570100382578794032e-05,4.825996457721488817e-05,4.117209679450237024e-05,3.435167906726277216e-05,2.787609782330203930e-05,2.171289538684933188e-05,1.590680575919157697e-05,1.044519196880970510e-05,5.350785007983740688e-06,6.157274213120595741e-07,-3.750440676034327574e-06,-7.756027568451090778e-06,-1.139944677549097632e-05,-1.469118749716914476e-05,-1.763496361156911292e-05,-2.024386608221107791e-05,-2.252541616111460441e-05,-2.449508977266780338e-05,-2.616314907532469282e-05,-2.754694997622653184e-05,-2.865862148371624814e-05,-2.951681699464917924e-05,-3.013479293962659748e-05,-3.053194524506563359e-05,-3.072203707902644213e-05,-3.072472283094783999e-05,-3.055376193000416675e-05,-3.022866731356489247e-05,-2.976278522141003632e-05,-2.917517010880286884e-05,-2.847843520532307072e-05,-2.769093411094432033e-05,-2.682430398233599279e-05,-2.589601880100649147e-05,-2.491656020924932371e-05,-2.390239570659021884e-05,-2.286272285336119885e-05,-2.181291601719004535e-05,-2.076079845017166946e-05,-1.972059288136805152e-05,-1.869868311798749967e-05,-1.770809629455640178e-05,-1.675372131752018954e-05,-1.584734364513562830e-05,-1.499229225759042070e-05,-1.419904128931680142e-05,-1.346926043804884733e-05,-1.281199153446750914e-05,-1.222707962577496092e-05,-1.172192666862896868e-05,-1.129428220096930240e-05,-1.094957092775425091e-05,-1.068302327452501683e-05,-1.049756898395114422e-05,-1.038528940517052289e-05,-1.034586580961258468e-05,-1.036733766970670414e-05,-1.044509294929392964e-05,-1.056192076173937154e-05,-1.070753241763418345e-05,-1.085790388169713675e-05,-1.099532222431322996e-05,-1.108702464838461347e-05,-1.110577684744171923e-05,-1.100783266455301319e-05,-1.075407054763056698e-05,-1.028732273013405634e-05,-9.554125243481689762e-06,-8.481499056370710735e-06,-6.999409144999387478e-06,-5.017122453933967142e-06,-2.446522229858979770e-06,8.217827055508273878e-07,4.894083123721185186e-06,9.897482040362350284e-06,1.595419235718277084e-05,2.320519814911468925e-05,3.178290292386907014e-05,4.183423836814182073e-05,5.349130785352744001e-05,6.689364971771094527e-05,8.215652730588217682e-05,9.939212000451657758e-05,1.186751809758566402e-04,1.400630792746649343e-04,1.635587075746268285e-04,1.891295663770591420e-04,2.166680946634799558e-04,2.460104252331380466e-04,2.768947943125887618e-04,3.089813082782078674e-04,3.418098848817924533e-04,3.748235849900769271e-04,4.073289009338935561e-04,4.385274534499271543e-04,4.674838340191413296e-04,4.931746900389599774e-04,5.144726306988623614e-04,5.302278124852972258e-04,5.392768540543038322e-04,5.405827936229609231e-04,5.332957353973986122e-04,5.170857531910578357e-04,4.924645334795215920e-04,4.616111010663232340e-04,4.283171285455625397e-04,3.961718836066459803e-04,3.614535506977489820e-04,3.051438917175965885e-04,1.978455407182630661e-04,4.192624998778678299e-05,-6.279242071745840751e-05
0.000000000000000000e+00,0.000000000000000000e+00,0.000000000000000000e+00,0.000000000000000000e+00,0.000000000000000000e+00,0.000000000000000000e+00,0.000000000000000000e+00,0.000000000000000000e+00,0.000000000000000000e+00,0.000000000000000000e+00,0.000000000000000000e+00,0.000000000000000000e+00,0.000000000000000000e+00,0.000000000000000000e+00,0.000000000000000000e+00,0.000000000000000000e+00,0.000000000000000000e+00,0.000000000000000000e+00,0.000000000000000000e+00,0.000000000000000000e+00,0.000000000000000000e+00,0.000000000000000000e+00,0.000000000000000000e+00,0.000000000000000000e+00,0.000000000000000000e+00,0.000000000000000000e+00,0.000000000000000000e+00,0.000000000000000000e+00,0.000000000000000000e+00,0.000000000000000000e+00,0.000000000000000000e+00,0.000000000000000000e+00,0.000000000000000000e+00,0.000000000000000000e+00,0.000000000000000000e+00,0.000000000000000000e+00,0.000000000000000000e+00,0.000000000000000000e+00,0.000000000000000000e+00,0.000000000000000000e+00,0.000000000000000000e+00,0.000000000000000000e+00,0.000000000000000000e+00,0.000000000000000000e+00,0.000000000000000000e+00,0.000000000000000000e+00,0.000000000000000000e+00,0.000000000000000000e+00,0.000000000000000000e+00,0.000000000000000000e+00,0.000000000000000000e+00,0.000000000000000000e+00,0.000000000000000000e+00,0.000000000000000000e+00,0.000000000000000000e+00,0.000000000000000000e+00,0.000000000000000000e+00,0.000000000000000000e+00,0.000000000000000000e+00,0.000000000000000000e+00,0.000000000000000000e+00,0.000000000000000000e+00,0.000000000000000000e+00,0.000000000000000000e+00,0.000000000000000000e+00,0.000000000000000000e+00,0.000000000000000000e+00,0.000000000000000000e+00,0.000000000000000000e+00,0.000000000000000000e+00,0.000000000000000000e+00,0.000000000000000000e+00,0.000000000000000000e+00,0.000000000000000000e+00,0.000000000000000000e+00,0.000000000000000000e+00,0.000000000000000000e+00,0.000000000000000000e+00,0.000000000000000000e+00,0.000000000000000000e+00,0.000000000000000000e+00,0.000000000000000000e+00,0.000000000000000000e+00,0.000000000000000000e+00,0.000000000000000000e+00,0.000000000000000000e+00,0.000000000000000000e+00,0.000000000000000000e+00,0.000000000000000000e+00,0.000000000000000000e+00,0.000000000000000000e+00,0.000000000000000000e+00,0.000000000000000000e+00,0.000000000000000000e+00,0.000000000000000000e+00,0.000000000000000000e+00,0.000000000000000000e+00,0.000000000000000000e+00,0.000000000000000000e+00,0.000000000000000000e+00,0.000000000000000000e+00,0.000000000000000000e+00,0.000000000000000000e+00,0.000000000000000000e+00,0.000000000000000000e+00,0.000000000000000000e+00,0.000000000000000000e+00,0.000000000000000000e+00,0.000000000000000000e+00,0.000000000000000000e+00,0.000000000000000000e+00,0.000000000000000000e+00,0.000000000000000000e+00,0.000000000000000000e+00,0.000000000000000000e+00,0.000000000000000000e+00,0.000000000000000000e+00,0.000000000000000000e+00,0.000000000000000000e+00,0.000000000000000000e+00,0.000000000000000000e+00,0.000000000000000000e+00,0.000000000000000000e+00,0.000000000000000000e+00,0.000000000000000000e+00,0.000000000000000000e+00,0.000000000000000000e+00,0.000000000000000000e+00,0.000000000000000000e+00,0.000000000000000000e+00,0.000000000000000000e+00,0.000000000000000000e+00,0.000000000000000000e+00,0.000000000000000000e+00,0.000000000000000000e+00,0.000000000000000000e+00,0.000000000000000000e+00,0.000000000000000000e+00,0.000000000000000000e+00,0.000000000000000000e+00,0.000000000000000000e+00,0.000000000000000000e+00,0.000000000000000000e+00,0.000000000000000000e+00,0.000000000000000000e+00,0.000000000000000000e+00,0.000000000000000000e+00,0.000000000000000000e+00,0.000000000000000000e+00,0.000000000000000000e+00,0.000000000000000000e+00,0.000000000000000000e+00,0.000000000000000000e+00,0.000000000000000000e+00,0.000000000000000000e+00,0.000000000000000000e+00,0.000000000000000000e+00,0.000000000000000000e+00,0.000000000000000000e+00,0.000000000000000000e+00,0.000000000000000000e+00,0.000000000000000000e+00,0.000000000000000000e+00,0.000000000000000000e+00,0.000000000000000000e+00,0.000000000000000000e+00,0.000000000000000000e+00,0.000000000000000000e+00,0.000000000000000000e+00,0.000000000000000000e+00,0.000000000000000000e+00,0.000000000000000000e+00,0.000000000000000000e+00,0.000000000000000000e+00,0.000000000000000000e+00,0.000000000000000000e+00,0.000000000000000000e+00,0.000000000000000000e+00,0.000000000000000000e+00,0.000000000000000000e+00,0.000000000000000000e+00,0.000000000000000000e+00,0.000000000000000000e+00,0.000000000000000000e+00,0.000000000000000000e+00,0.000000000000000000e+00,0.000000000000000000e+00,0.000000000000000000e+00,0.000000000000000000e+00,0.000000000000000000e+00,0.000000000000000000e+00,0.000000000000000000e+00,0.000000000000000000e+00,0.000000000000000000e+00,0.000000000000000000e+00,0.000000000000000000e+00,0.000000000000000000e+00,0.000000000000000000e+00,0.000000000000000000e+00,0.000000000000000000e+00,0.000000000000000000e+00,0.000000000000000000e+00,0.000000000000000000e+00,0.000000000000000000e+00,0.000000000000000000e+00,0.000000000000000000e+00,0.000000000000000000e+00,0.000000000000000000e+00,0.000000000000000000e+00,0.000000000000000000e+00,0.000000000000000000e+00,0.000000000000000000e+00,0.000000000000000000e+00,0.000000000000000000e+00,0.000000000000000000e+00,0.000000000000000000e+00,0.000000000000000000e+00,0.000000000000000000e+00,0.000000000000000000e+00,0.000000000000000000e+00,0.000000000000000000e+00,0.000000000000000000e+00,0.000000000000000000e+00,0.000000000000000000e+00,0.000000000000000000e+00,0.000000000000000000e+00,0.000000000000000000e+00,0.000000000000000000e+00,0.000000000000000000e+00,0.000000000000000000e+00,0.000000000000000000e+00,0.000000000000000000e+00,0.000000000000000000e+00,0.000000000000000000e+00,0.000000000000000000e+00,0.000000000000000000e+00,0.000000000000000000e+00,0.000000000000000000e+00,0.000000000000000000e+00,0.000000000000000000e+00,0.000000000000000000e+00,0.000000000000000000e+00,0.000000000000000000e+00,0.000000000000000000e+00,0.000000000000000000e+00,2.474658783160378368e-04,2.522518613059756458e-04,2.483620062346915468e-04,2.471871912457894449e-04,2.273535496094915612e-04,2.081148096088298401e-04,1.863995853482865942e-04,1.657603565351799453e-04,1.473460800252792313e-04,1.297032352405853677e-04,1.153029578520166175e-04,1.019762739688737384e-04,9.077445383089861061e-05,8.057023115525255503e-05,7.141937670179115440e-05,6.292706111028655198e-05,5.492780785087569720e-05,4.737844145881762786e-05,4.014536996644587551e-05,3.328853399880298442e-05,2.673963626519330935e-05,2.055899836129656264e-05,1.471979778415926473e-05,9.257687775563477357e-06,4.163152630092809100e-06,-5.495692843579757778e-07,-4.885291370823212984e-06,-8.843493514279598047e-06,-1.242920354369927756e-05,-1.564998879933727222e-05,-1.851274303633481736e-05,-2.103002290039067689e-05,-2.321101088631833117e-05,-2.507158433862369953e-05,-2.662303075257593714e-05,-2.788347280655062877e-05,-2.886581635983188586e-05,-2.958961519784770926e-05,-3.006881466626082987e-05,-3.032374645239411536e-05,-3.036883912062790649e-05,-3.022467415076299214e-05,-2.990567631720558695e-05,-2.943225372656120708e-05,-2.881842231369801700e-05,-2.808408349815020460e-05,-2.724251921370811762e-05,-2.631286744985663668e-05,-2.530742261537368608e-05,-2.424436665525970557e-05,-2.313481406467598922e-05,-2.199585049446587146e-05,-2.083726814445571306e-05,-1.967495706734723342e-05,-1.851728318233966436e-05,-1.737887064926138791e-05,-1.626658061396641050e-05,-1.519371627430469666e-05,-1.416556543673378034e-05,-1.319405328524437183e-05,-1.228281585951967630e-05,-1.144231908089396141e-05,-1.067443345309502602e-05,-9.988031651528191598e-06,-9.383037263972763932e-06,-8.866507328197246920e-06,-8.436130040079197709e-06,-8.096793235237215229e-06,-7.843508044923087520e-06,-7.678459810671422637e-06,-7.593337148301171322e-06,-7.586858680777008925e-06,-7.646490533164458054e-06,-7.766441311826551179e-06,-7.928756560997211230e-06,-8.121776603082007020e-06,-8.320605021818980814e-06,-8.506030568031061853e-06,-8.644379550417468150e-06,-8.706915462284535299e-06,-8.649103568700082197e-06,-8.430521704211146642e-06,-7.993590461996502946e-06,-7.284056953353214727e-06,-6.229276302479605749e-06,-4.759367466910174224e-06,-2.785170444003051404e-06,-2.202184673254075792e-07,3.041462417898824305e-06,7.102370707315056983e-06,1.208368083850156143e-05,1.810100823333620824e-05,2.528627681348665442e-05,3.376195427731511119e-05,4.366239809277104480e-05,5.510627411464986009e-05,6.821718355285074904e-05,8.309401178771450935e-05,9.983074223012744161e-05,1.184845781290573758e-04,1.390950381785988684e-04,1.616498725934140666e-04,1.861038341277354601e-04,2.123426945648625142e-04,2.402025236408960674e-04,2.694325385424241478e-04,2.997163473928218672e-04,3.306349960676184204e-04,3.616925179167873030e-04,3.922815030432988230e-04,4.217165672943098205e-04,4.492063038372603187e-04,4.739001162457072056e-04,4.948728772756537473e-04,5.111926318310511773e-04,5.219268104621105396e-04,5.262363783979692299e-04,5.234102366679965930e-04,5.129843201704724570e-04,4.948400199355143655e-04,4.694401020397530626e-04,4.382356480485460133e-04,4.041108537148752739e-04,3.712387198448414754e-04,3.423008273913209559e-04,3.120194368280761210e-04,2.604041115636201542e-04,1.609584953267517281e-04,2.090067518217647130e-05,-6.713086265676193121e-05
0.000000000000000000e+00,0.000000000000000000e+00,0.000000000000000000e+00,0.000000000000000000e+00,0.000000000000000000e+00,0.000000000000000000e+00,0.000000000000000000e+00,0.000000000000000000e+00,0.000000000000000000e+00,0.000000000000000000e+00,0.000000000000000000e+00,0.000000000000000000e+00,0.000000000000000000e+00,0.000000000000000000e+00,0.000000000000000000e+00,0.000000000000000000e+00,0.000000000000000000e+00,0.000000000000000000e+00,0.000000000000000000e+00,0.000000000000000000e+00,0.000000000000000000e+00,0.000000000000000000e+00,0.000000000000000000e+00,0.000000000000000000e+00,0.000000000000000000e+00,0.000000000000000000e+00,0.000000000000000000e+00,0.000000000000000000e+00,0.000000000000000000e+00,0.000000000000000000e+00,0.000000000000000000e+00,0.000000000000000000e+00,0.000000000000000000e+00,0.000000000000000000e+00,0.000000000000000000e+00,0.000000000000000000e+00,0.000000000000000000e+00,0.000000000000000000e+00,0.000000000000000000e+00,0.000000000000000000e+00,0.000000000000000000e+00,0.000000000000000000e+00,0.000000000000000000e+00,0.000000000000000000e+00,0.000000000000000000e+00,0.000000000000000000e+00,0.000000000000000000e+00,0.000000000000000000e+00,0.000000000000000000e+00,0.000000000000000000e+00,0.000000000000000000e+00,0.000000000000000000e+00,0.000000000000000000e+00,0.000000000000000000e+00,0.000000000000000000e+00,0.000000000000000000e+00,0.000000000000000000e+00,0.000000000000000000e+00,0.000000000000000000e+00,0.000000000000000000e+00,0.000000000000000000e+00,0.000000000000000000e+00,0.000000000000000000e+00,0.000000000000000000e+00,0.000000000000000000e+00,0.000000000000000000e+00,0.000000000000000000e+00,0.000000000000000000e+00,0.000000000000000000e+00,0.000000000000000000e+00,0.000000000000000000e+00,0.000000000000000000e+00,0.000000000000000000e+00,0.000000000000000000e+00,0.000000000000000000e+00,0.000000000000000000e+00,0.000000000000000000e+00,0.000000000000000000e+00,0.000000000000000000e+00,0.000000000000000000e+00,0.000000000000000000e+00,0.000000000000000000e+00,0.000000000000000000e+00,0.000000000000000000e+00,0.000000000000000000e+00,0.000000000000000000e+00,0.000000000000000000e+00,0.000000000000000000e+00,0.000000000000000000e+00,0.000000000000000000e+00,0.000000000000000000e+00,0.000000000000000000e+00,0.000000000000000000e+00,0.000000000000000000e+00,0.000000000000000000e+00,0.000000000000000000e+00,0.000000000000000000e+00,0.000000000000000000e+00,0.000000000000000000e+00,0.000000000000000000e+00,0.000000000000000000e+00,0.000000000000000000e+00,0.000000000000000000e+00,0.000000000000000000e+00,0.000000000000000000e+00,0.000000000000000000e+00,0.000000000000000000e+00,0.000000000000000000e+00,0.000000000000000000e+00,0.000000000000000000e+00,0.000000000000000000e+00,0.000000000000000000e+00,0.000000000000000000e+00,0.000000000000000000e+00,0.000000000000000000e+00,0.000000000000000000e+00,0.000000000000000000e+00,0.000000000000000000e+00,0.000000000000000000e+00,0.000000000000000000e+00,0.000000000000000000e+00,0.000000000000000000e+00,0.000000000000000000e+00,0.000000000000000000e+00,0.000000000000000000e+00,0.000000000000000000e+00,0.000000000000000000e+00,0.000000000000000000e+00,0.000000000000000000e+00,0.000000000000000000e+00,0.000000000000000000e+00,0.000000000000000000e+00,0.000000000000000000e+00,0.000000000000000000e+00,0.000000000000000000e+00,0.000000000000000000e+00,0.000000000000000000e+00,0.000000000000000000e+00,0.000000000000000000e+00,0.000000000000000000e+00,0.000000000000000000e+00,0.000000000000000000e+00,0.000000000000000000e+00,0.000000000000000000e+00,0.000000000000000000e+00,0.000000000000000000e+00,0.000000000000000000e+00,0.000000000000000000e+00,0.000000000000000000e+00,0.000000000000000000e+00,0.000000000000000000e+00,0.000000000000000000e+00,0.000000000000000000e+00,0.000000000000000000e+00,0.000000000000000000e+00,0.000000000000000000e+00,0.000000000000000000e+00,0.000000000000000000e+00,0.000000000000000000e+00,0.000000000000000000e+00,0.000000000000000000e+00,0.000000000000000000e+00,0.000000000000000000e+00,0.000000000000000000e+00,0.000000000000000000e+00,0.000000000000000000e+00,0.000000000000000000e+00,0.000000000000000000e+00,0.000000000000000000e+00,0.000000000000000000e+00,0.000000000000000000e+00,0.000000000000000000e+00,0.000000000000000000e+00,0.000000000000000000e+00,0.000000000000000000e+00,0.000000000000000000e+00,0.000000000000000000e+00,0.000000000000000000e+00,0.000000000000000000e+00,0.000000000000000000e+00,0.000000000000000000e+00,0.000000000000000000e+00,0.000000000000000000e+00,0.000000000000000000e+00,0.000000000000000000e+00,0.000000000000000000e+00,0.000000000000000000e+00,0.000000000000000000e+00,0.000000000000000000e+00,0.000000000000000000e+00,0.000000000000000000e+00,0.000000000000000000e+00,0.000000000000000000e+00,0.000000000000000000e+00,0.000000000000000000e+00,0.000000000000000000e+00,0.000000000000000000e+00,0.000000000000000000e+00,0.000000000000000000e+00,0.000000000000000000e+00,0.000000000000000000e+00,0.000000000000000000e+00,0.000000000000000000e+00,0.000000000000000000e+00,0.000000000000000000e+00,0.000000000000000000e+00,0.000000000000000000e+00,0.000000000000000000e+00,0.000000000000000000e+00,0.000000000000000000e+00,0.000000000000000000e+00,0.000000000000000000e+00,0.000000000000000000e+00,0.000000000000000000e+00,0.000000000000000000e+00,0.000000000000000000e+00,0.000000000000000000e+00,0.000000000000000000e+00,0.000000000000000000e+00,0.000000000000000000e+00,0.000000000000000000e+00,0.000000000000000000e+00,0.000000000000000000e+00,0.000000000000000000e+00,0.000000000000000000e+00,0.000000000000000000e+00,0.000000000000000000e+00,0.000000000000000000e+00,0.000000000000000000e+00,0.000000000000000000e+00,0.000000000000000000e+00,0.000000000000000000e+00,0.000000000000000000e+00,0.000000000000000000e+00,0.000000000000000000e+00,0.000000000000000000e+00,0.000000000000000000e+00,0.000000000000000000e+00,0.000000000000000000e+00,0.000000000000000000e+00,0.000000000000000000e+00,0.000000000000000000e+00,0.000000000000000000e+00,0.000000000000000000e+00,2.316098783866864642e-04,2.490157160745288829e-04,2.451424612288594725e-04,2.524944420620048660e-04,2.311221839253123453e-04,2.117319004206281909e-04,1.863894200679874953e-04,1.640569270334891333e-04,1.431820155612820525e-04,1.245749499633235706e-04,1.087743063249353465e-04,9.467964872938747591e-05,8.295146213459739400e-05,7.236680733902957775e-05,6.310512448710103362e-05,5.455488300284517205e-05,4.665683954111208746e-05,3.922937987815570591e-05,3.219261588397492223e-05,2.554922297363963556e-05,1.924736423881242468e-05,1.333286474834387536e-05,7.777477340336361056e-06,2.618424839880584975e-06,-2.161501532328151599e-06,-6.542950200982601052e-06,-1.054009589140408609e-05,-1.414718759214533787e-05,-1.737865665873933213e-05,-2.023716377378880426e-05,-2.273856548299158696e-05,-2.489064860654435218e-05,-2.671103423109694961e-05,-2.821080580042554346e-05,-2.940923182013491902e-05,-3.031954589678288167e-05,-3.096227100069436441e-05,-3.135194321499769544e-05,-3.150984334433909857e-05,-3.145113489799879853e-05,-3.119736985390881754e-05,-3.076379266006651429e-05,-3.017179900846616406e-05,-2.943627233847950360e-05,-2.857809714811869838e-05,-2.761144173983061102e-05,-2.655639555267630110e-05,-2.542613235234804161e-05,-2.423972654735720230e-05,-2.300914123099601029e-05,-2.175227040487261746e-05,-2.047970266633529875e-05,-1.920803042352376672e-05,-1.794634487788083514e-05,-1.670984805165147804e-05,-1.550603876482138719e-05,-1.434865803527541601e-05,-1.324352918555291496e-05,-1.220286176476703692e-05,-1.123071182375683167e-05,-1.033766396202275349e-05,-9.525880263883192584e-06,-8.804174516603685265e-06,-8.172620449272822817e-06,-7.638026792989998729e-06,-7.198077534113431886e-06,-6.857211588829843546e-06,-6.610270101303286831e-06,-6.458780484423143605e-06,-6.394088832721013551e-06,-6.414045507338169360e-06,-6.505605109288605961e-06,-6.661910411198385576e-06,-6.864348862694146970e-06,-7.100034450226258620e-06,-7.343319356909994574e-06,-7.573680401481608917e-06,-7.756698332486782296e-06,-7.862368085819384576e-06,-7.845577283121200009e-06,-7.664878781114352923e-06,-7.262524969787598946e-06,-6.583767624651424077e-06,-5.556535509960247403e-06,-4.111360118721501495e-06,-2.160819465313319089e-06,3.797729738885008249e-07,3.612999013610413962e-06,7.637706612277162313e-06,1.256952476011587890e-05,1.851808361553323705e-05,2.560720667753920232e-05,3.395075280808604264e-05,4.367228981449314848e-05,5.487934408126386178e-05,6.768241331450843912e-05,8.216746797971185472e-05,9.841427348996805498e-05,1.164671071485743096e-04,1.363525469159543768e-04,1.580485625272354472e-04,1.815022024369081634e-04,2.065975010230326737e-04,2.331738690832173234e-04,2.609936436644301320e-04,2.897624741602628060e-04,3.190978447384977502e-04,3.485533684075127567e-04,3.775902571788759278e-04,4.056082197344916800e-04,4.319226565466069596e-04,4.558058335642331993e-04,4.764735021043295664e-04,4.931411712769575694e-04,5.050244929685555927e-04,5.114158816432173979e-04,5.117002464639227536e-04,5.054514910316978017e-04,4.924516537512978664e-04,4.728017800539216996e-04,4.469599790337260795e-04,4.159895920041750293e-04,3.818188356958003983e-04,3.476551158403366629e-04,3.173505136240415618e-04,2.925679598290610453e-04,2.664728016322016652e-04,2.190444678829605641e-04,1.269923649053746951e-04,1.814477303985374064e-06,-7.085476361737412271e-05
0.000000000000000000e+00,0.000000000000000000e+00,0.000000000000000000e+00,0.000000000000000000e+00,0.000000000000000000e+00,0.000000000000000000e+00,0.000000000000000000e+00,0.000000000000000000e+00,0.000000000000000000e+00,0.000000000000000000e+00,0.000000000000000000e+00,0.000000000000000000e+00,0.000000000000000000e+00,0.000000000000000000e+00,0.000000000000000000e+00,0.000000000000000000e+00,0.000000000000000000e+00,0.000000000000000000e+00,0.000000000000000000e+00,0.000000000000000000e+00,0.000000000000000000e+00,0.000000000000000000e+00,0.000000000000000000e+00,0.000000000000000000e+00,0.000000000000000000e+00,0.000000000000000000e+00,0.000000000000000000e+00,0.000000000000000000e+00,0.000000000000000000e+00,0.000000000000000000e+00,0.000000000000000000e+00,0.000000000000000000e+00,0.000000000000000000e+00,0.000000000000000000e+00,0.000000000000000000e+00,0.000000000000000000e+00,0.000000000000000000e+00,0.000000000000000000e+00,0.000000000000000000e+00,0.000000000000000000e+00,0.000000000000000000e+00,0.000000000000000000e+00,0.000000000000000000e+00,0.000000000000000000e+00,0.000000000000000000e+00,0.000000000000000000e+00,0.000000000000000000e+00,0.000000000000000000e+00,0.000000000000000000e+00,0.000000000000000000e+00,0.000000000000000000e+00,0.000000000000000000e+00,0.000000000000000000e+00,0.000000000000000000e+00,0.000000000000000000e+00,0.000000000000000000e+00,0.000000000000000000e+00,0.000000000000000000e+00,0.000000000000000000e+00,0.000000000000000000e+00,0.000000000000000000e+00,0.000000000000000000e+00,0.000000000000000000e+00,0.000000000000000000e+00,0.000000000000000000e+00,0.000000000000000000e+00,0.000000000000000000e+00,0.000000000000000000e+00,0.000000000000000000e+00,0.000000000000000000e+00,0.000000000000000000e+00,0.000000000000000000e+00,0.000000000000000000e+00,0.000000000000000000e+00,0.000000000000000000e+00,0.000000000000000000e+00,0.000000000000000000e+00,0.000000000000000000e+00,0.000000000000000000e+00,0.000000000000000000e+00,0.000000000000000000e+00,0.000000000000000000e+00,0.000000000000000000e+00,0.000000000000000000e+00,0.000000000000000000e+00,0.000000000000000000e+00,0.000000000000000000e+00,0.000000000000000000e+00,0.000000000000000000e+00,0.000000000000000000e+00,0.000000000000000000e+00,0.000000000000000000e+00,0.000000000000000000e+00,0.000000000000000000e+00,0.000000000000000000e+00,0.000000000000000000e+00,0.000000000000000000e+00,0.000000000000000000e+00,0.000000000000000000e+00,0.000000000000000000e+00,0.000000000000000000e+00,0.000000000000000000e+00,0.000000000000000000e+00,0.000000000000000000e+00,0.000000000000000000e+00,0.000000000000000000e+00,0.000000000000000000e+00,0.000000000000000000e+00,0.000000000000000000e+00,0.000000000000000000e+00,0.000000000000000000e+00,0.000000000000000000e+00,0.000000000000000000e+00,0.000000000000000000e+00,0.000000000000000000e+00,0.000000000000000000e+00,0.000000000000000000e+00,0.000000000000000000e+00,0.000000000000000000e+00,0.000000000000000000e+00,0.000000000000000000e+00,0.000000000000000000e+00,0.000000000000000000e+00,0.000000000000000000e+00,0.000000000000000000e+00,0.000000000000000000e+00,0.000000000000000000e+00,0.000000000000000000e+00,0.000000000000000000e+00,0.000000000000000000e+00,0.000000000000000000e+00,0.000000000000000000e+00,0.000000000000000000e+00,0.000000000000000000e+00,0.000000000000000000e+00,0.000000000000000000e+00,0.000000000000000000e+00,0.000000000000000000e+00,0.000000000000000000e+00,0.000000000000000000e+00,0.000000000000000000e+00,0.000000000000000000e+00,0.000000000000000000e+00,0.000000000000000000e+00,0.000000000000000000e+00,0.000000000000000000e+00,0.000000000000000000e+00,0.000000000000000000e+00,0.000000000000000000e+00,0.000000000000000000e+00,0.000000000000000000e+00,0.000000000000000000e+00,0.000000000000000000e+00,0.000000000000000000e+00,0.000000000000000000e+00,0.000000000000000000e+00,0.000000000000000000e+00,0.000000000000000000e+00,0.000000000000000000e+00,0.000000000000000000e+00,0.000000000000000000e+00,0.000000000000000000e+00,0.000000000000000000e+00,0.000000000000000000e+00,0.000000000000000000e+00,0.000000000000000000e+00,0.000000000000000000e+00,0.000000000000000000e+00,0.000000000000000000e+00,0.000000000000000000e+00,0.000000000000000000e+00,0.000000000000000000e+00,0.000000000000000000e+00,0.000000000000000000e+00,0.000000000000000000e+00,0.000000000000000000e+00,0.000000000000000000e+00,0.000000000000000000e+00,0.000000000000000000e+00,0.000000000000000000e+00,0.000000000000000000e+00,0.000000000000000000e+00,0.000000000000000000e+00,0.000000000000000000e+00,0.000000000000000000e+00,0.000000000000000000e+00,0.000000000000000000e+00,0.000000000000000000e+00,0.000000000000000000e+00,0.000000000000000000e+00,0.000000000000000000e+00,0.000000000000000000e+00,0.000000000000000000e+00,0.000000000000000000e+00,0.000000000000000000e+00,0.000000000000000000e+00,0.000000000000000000e+00,0.000000000000000000e+00,0.000000000000000000e+00,0.000000000000000000e+00,0.000000000000000000e+00,0.000000000000000000e+00,0.000000000000000000e+00,0.000000000000000000e+00,0.000000000000000000e+00,0.000000000000000000e+00,0.000000000000000000e+00,0.000000000000000000e+00,0.000000000000000000e+00,0.000000000000000000e+00,0.000000000000000000e+00,0.000000000000000000e+00,0.000000000000000000e+00,0.000000000000000000e+00,0.000000000000000000e+00,0.000000000000000000e+00,0.000000000000000000e+00,0.000000000000000000e+00,0.000000000000000000e+00,0.000000000000000000e+00,0.000000000000000000e+00,0.000000000000000000e+00,0.000000000000000000e+00,0.000000000000000000e+00,0.000000000000000000e+00,0.000000000000000000e+00,0.000000000000000000e+00,0.000000000000000000e+00,0.000000000000000000e+00,0.000000000000000000e+00,0.000000000000000000e+00,0.000000000000000000e+00,0.000000000000000000e+00,0.000000000000000000e+00,0.000000000000000000e+00,0.000000000000000000e+00,0.000000000000000000e+00,0.000000000000000000e+00,0.000000000000000000e+00,0.000000000000000000e+00,0.000000000000000000e+00,0.000000000000000000e+00,0.000000000000000000e+00,2.355641749248284299e-04,2.566953023605861479e-04,2.608970032903598526e-04,2.499250132306000635e-04,2.303902869454058804e-04,2.115897836572305617e-04,1.846374391826264649e-04,1.613019857089891017e-04,1.383227221337012469e-04,1.188533705258043696e-04,1.018253647074792318e-04,8.716714192797975908e-05,7.480700052300437322e-05,6.390891321774347616e-05,5.449943681940874355e-05,4.590046175376938717e-05,3.808904652699755355e-05,3.077414220273863246e-05,2.392435142787373322e-05,1.747584368105055007e-05,1.140865367537231113e-05,5.737278121840809631e-06,4.493271785084503676e-07,-4.432506526149223146e-06,-8.917769202371718997e-06,-1.299581514212080323e-05,-1.667613680691836433e-05,-1.996061042844770697e-05,-2.285973143900074970e-05,-2.538383977245178686e-05,-2.754476257592085227e-05,-2.935803445823209065e-05,-3.083694481593514549e-05,-3.200027423978457305e-05,-3.286267689987204223e-05,-3.344497188649936642e-05,-3.376284403403539156e-05,-3.383828477068197385e-05,-3.368754816567773043e-05,-3.333312320304475873e-05,-3.279135554380526509e-05,-3.208469514658521889e-05,-3.122914443693048303e-05,-3.024668702439823928e-05,-2.915261058615423989e-05,-2.796809433300131759e-05,-2.670740598882770747e-05,-2.539065698561871859e-05,-2.403085209193159873e-05,-2.264683421556873083e-05,-2.125015681779442522e-05,-1.985824460201692339e-05,-1.848105596047578379e-05,-1.713448609650187928e-05,-1.582678629583667265e-05,-1.457223411531007863e-05,-1.337727684784313002e-05,-1.225449022516837973e-05,-1.120841442881683574e-05,-1.024981882937241255e-05,-9.381200047383142569e-06,-8.611365940743229006e-06,-7.940566540081998726e-06,-7.375406140613617321e-06,-6.913579559669306205e-06,-6.559117179737375397e-06,-6.306701180577069729e-06,-6.157245180589403734e-06,-6.101768311897947778e-06,-6.137309318807658420e-06,-6.250341137092495725e-06,-6.433019692150901391e-06,-6.666128743803089073e-06,-6.935667085457874956e-06,-7.215323674643354014e-06,-7.483414499510911190e-06,-7.704902307393335549e-06,-7.848707097793913539e-06,-7.869303839025791557e-06,-7.724449174696255128e-06,-7.356414687799392435e-06,-6.710197243132148989e-06,-5.714474069874175212e-06,-4.300394442657407155e-06,-2.382374180899530130e-06,1.224002553373201338e-07,3.313190258633799517e-06,7.285325526563901172e-06,1.214926577951435180e-05,1.800915927242003088e-05,2.498157287295433559e-05,3.317279689940022828e-05,4.269709248795979699e-05,5.365257566609744677e-05,6.613889697513305381e-05,8.023160452910769265e-05,9.599929233844418323e-05,1.134764620848080486e-04,1.326803644001125528e-04,1.535825596101521979e-04,1.761259370176307621e-04,2.001954182268484610e-04,2.256359746330686316e-04,2.522232200166841663e-04,2.796836522044874912e-04,3.076662364531203807e-04,3.357665643037042254e-04,3.635009215415902157e-04,3.903365632089019583e-04,4.156701565535139502e-04,4.388668524566431391e-04,4.592453095957881319e-04,4.761285374096182500e-04,4.888377538253520704e-04,4.967576768064426102e-04,4.993405793380707074e-04,4.961859177356383590e-04,4.870503431013902831e-04,4.719293747039734707e-04,4.510547738717711843e-04,4.249612460946414227e-04,3.945055228090426041e-04,3.610499553208731407e-04,3.267209163504089802e-04,2.946275546885738779e-04,2.680972862009504357e-04,2.476239202392004177e-04,2.252586695450703913e-04,1.814355112996937462e-04,9.625534419710233083e-05,-1.520149682585346011e-05,-7.422645913214317005e-05
0.000000000000000000e+00,0.000000000000000000e+00,0.000000000000000000e+00,0.000000000000000000e+00,0.000000000000000000e+00,0.000000000000000000e+00,0.000000000000000000e+00,0.000000000000000000e+00,0.000000000000000000e+00,0.000000000000000000e+00,0.000000000000000000e+00,0.000000000000000000e+00,0.000000000000000000e+00,0.000000000000000000e+00,0.000000000000000000e+00,0.000000000000000000e+00,0.000000000000000000e+00,0.000000000000000000e+00,0.000000000000000000e+00,0.000000000000000000e+00,0.000000000000000000e+00,0.000000000000000000e+00,0.000000000000000000e+00,0.000000000000000000e+00,0.000000000000000000e+00,0.000000000000000000e+00,0.000000000000000000e+00,0.000000000000000000e+00,0.000000000000000000e+00,0.000000000000000000e+00,0.000000000000000000e+00,0.000000000000000000e+00,0.000000000000000000e+00,0.000000000000000000e+00,0.000000000000000000e+00,0.000000000000000000e+00,0.000000000000000000e+00,0.000000000000000000e+00,0.000000000000000000e+00,0.000000000000000000e+00,0.000000000000000000e+00,0.000000000000000000e+00,0.000000000000000000e+00,0.000000000000000000e+00,0.000000000000000000e+00,0.000000000000000000e+00,0.000000000000000000e+00,0.000000000000000000e+00,0.000000000000000000e+00,0.000000000000000000e+00,0.000000000000000000e+00,0.000000000000000000e+00,0.000000000000000000e+00,0.000000000000000000e+00,0.000000000000000000e+00,0.000000000000000000e+00,0.000000000000000000e+00,0.000000000000000000e+00,0.000000000000000000e+00,0.000000000000000000e+00,0.000000000000000000e+00,0.000000000000000000e+00,0.000000000000000000e+00,0.000000000000000000e+00,0.000000000000000000e+00,0.000000000000000000e+00,0.000000000000000000e+00,0.000000000000000000e+00,0.000000000000000000e+00,0.000000000000000000e+00,0.000000000000000000e+00,0.000000000000000000e+00,0.000000000000000000e+00,0.000000000000000000e+00,0.000000000000000000e+00,0.000000000000000000e+00,0.000000000000000000e+00,0.000000000000000000e+00,0.000000000000000000e+00,0.000000000000000000e+00,0.000000000000000000e+00,0.000000000000000000e+00,0.000000000000000000e+00,0.000000000000000000e+00,0.000000000000000000e+00,0.000000000000000000e+00,0.000000000000000000e+00,0.000000000000000000e+00,0.000000000000000000e+00,0.000000000000000000e+00,0.000000000000000000e+00,0.000000000000000000e+00,0.000000000000000000e+00,0.000000000000000000e+00,0.000000000000000000e+00,0.000000000000000000e+00,0.000000000000000000e+00,0.000000000000000000e+00,0.000000000000000000e+00,0.000000000000000000e+00,0.000000000000000000e+00,0.000000000000000000e+00,0.000000000000000000e+00,0.000000000000000000e+00,0.000000000000000000e+00,0.000000000000000000e+00,0.000000000000000000e+00,0.000000000000000000e+00,0.000000000000000000e+00,0.000000000000000000e+00,0.000000000000000000e+00,0.000000000000000000e+00,0.000000000000000000e+00,0.000000000000000000e+00,0.000000000000000000e+00,0.000000000000000000e+00,0.000000000000000000e+00,0.000000000000000000e+00,0.000000000000000000e+00,0.000000000000000000e+00,0.000000000000000000e+00,0.000000000000000000e+00,0.000000000000000000e+00,0.000000000000000000e+00,0.000000000000000000e+00,0.000000000000000000e+00,0.000000000000000000e+00,0.000000000000000000e+00,0.000000000000000000e+00,0.000000000000000000e+00,0.000000000000000000e+00,0.000000000000000000e+00,0.000000000000000000e+00,0.000000000000000000e+00,0.000000000000000000e+00,0.000000000000000000e+00,0.000000000000000000e+00,0.000000000000000000e+00,0.000000000000000000e+00,0.000000000000000000e+00,0.000000000000000000e+00,0.000000000000000000e+00,0.000000000000000000e+00,0.000000000000000000e+00,0.000000000000000000e+00,0.000000000000000000e+00,0.000000000000000000e+00,0.000000000000000000e+00,0.000000000000000000e+00,0.000000000000000000e+00,0.000000000000000000e+00,0.000000000000000000e+00,0.000000000000000000e+00,0.000000000000000000e+00,0.000000000000000000e+00,0.000000000000000000e+00,0.000000000000000000e+00,0.000000000000000000e+00,0.000000000000000000e+00,0.000000000000000000e+00,0.000000000000000000e+00,0.000000000000000000e+00,0.000000000000000000e+00,0.000000000000000000e+00,0.000000000000000000e+00,0.000000000000000000e+00,0.000000000000000000e+00,0.000000000000000000e+00,0.000000000000000000e+00,0.000000000000000000e+00,0.000000000000000000e+00,0.000000000000000000e+00,0.000000000000000000e+00,0.000000000000000000e+00,0.000000000000000000e+00,0.000000000000000000e+00,0.000000000000000000e+00,0.000000000000000000e+00,0.000000000000000000e+00,0.000000000000000000e+00,0.000000000000000000e+00,0.000000000000000000e+00,0.000000000000000000e+00,0.000000000000000000e+00,0.000000000000000000e+00,0.000000000000000000e+00,0.000000000000000000e+00,0.000000000000000000e+00,0.000000000000000000e+00,0.000000000000000000e+00,0.000000000000000000e+00,0.000000000000000000e+00,0.000000000000000000e+00,0.000000000000000000e+00,0.000000000000000000e+00,0.000000000000000000e+00,0.000000000000000000e+00,0.000000000000000000e+00,0.000000000000000000e+00,0.000000000000000000e+00,0.000000000000000000e+00,0.000000000000000000e+00,0.000000000000000000e+00,0.000000000000000000e+00,0.000000000000000000e+00,0.000000000000000000e+00,0.000000000000000000e+00,0.000000000000000000e+00,0.000000000000000000e+00,0.000000000000000000e+00,0.000000000000000000e+00,0.000000000000000000e+00,0.000000000000000000e+00,0.000000000000000000e+00,0.000000000000000000e+00,0.000000000000000000e+00,0.000000000000000000e+00,0.000000000000000000e+00,0.000000000000000000e+00,0.000000000000000000e+00,0.000000000000000000e+00,0.000000000000000000e+00,0.000000000000000000e+00,0.000000000000000000e+00,0.000000000000000000e+00,0.000000000000000000e+00,0.000000000000000000e+00,0.000000000000000000e+00,0.000000000000000000e+00,0.000000000000000000e+00,0.000000000000000000e+00,0.000000000000000000e+00,0.000000000000000000e+00,0.000000000000000000e+00,0.000000000000000000e+00,0.000000000000000000e+00,0.000000000000000000e+00,0.000000000000000000e+00,0.000000000000000000e+00,0.000000000000000000e+00,0.000000000000000000e+00,2.741879122595334943e-04,2.854261174647998510e-04,2.825133963822082221e-04,2.812244404744459829e-04,2.574718634217733164e-04,2.343770210398260186e-04,2.093176944448520615e-04,1.815855632774998423e-04,1.572078621522786607e-04,1.327369498634903234e-04,1.123699037425391592e-04,9.425162332963109128e-05,7.912424763921357528e-05,6.620137137051846927e-05,5.508190113798430444e-05,4.549048255707178882e-05,3.687623201013381946e-05,2.914083843318393969e-05,2.195414033194643510e-05,1.529139238798180378e-05,9.044593472728519289e-06,3.211582478849594009e-06,-2.214929369988670709e-06,-7.238088716257949840e-06,-1.184195402247972447e-05,-1.603601430356190914e-05,-1.980932712538724678e-05,-2.317631329233143538e-05,-2.613588363183781845e-05,-2.870552326593265937e-05,-3.089179864080380519e-05,-3.271418687722162940e-05,-3.418412992489400085e-05,-3.532265242620490385e-05,-3.614420947323800212e-05,-3.667110572284434667e-05,-3.691962576545134139e-05,-3.691299320645013678e-05,-3.666846567161604980e-05,-3.620972477769549317e-05,-3.555432284063218313e-05,-3.472592148626074053e-05,-3.374181909662005358e-05,-3.262522130894735764e-05,-3.139272928368987505e-05,-3.006672175103347079e-05,-2.866274699577697267e-05,-2.720205499241319557e-05,-2.569885988752966367e-05,-2.417304602672871043e-05,-2.263727531828349485e-05,-2.110988619689786806e-05,-1.960182169801233008e-05,-1.812973878749359280e-05,-1.670273246663540686e-05,-1.533567174962166828e-05,-1.403569424224113864e-05,-1.281578343047180201e-05,-1.168100748587790009e-05,-1.064235026738220421e-05,-9.702667779743863048e-06,-8.870782529560448975e-06,-8.147131230859998790e-06,-7.538129184331510770e-06,-7.041483646026551535e-06,-6.660832118088487489e-06,-6.390697537087759737e-06,-6.231402276250762792e-06,-6.173644344086241070e-06,-6.213688123631694848e-06,-6.337545622217292322e-06,-6.536446252266426874e-06,-6.790614474349027159e-06,-7.085025115438500993e-06,-7.392779223337005070e-06,-7.691159419904148816e-06,-7.944620132878901610e-06,-8.121170128194095392e-06,-8.175011985989849729e-06,-8.063296779919354118e-06,-7.728470720211152902e-06,-7.115469851939062128e-06,-6.153858296020546460e-06,-4.775557684499288532e-06,-2.896889132771889819e-06,-4.369602143164003681e-07,2.700252420658727775e-06,6.606711083323843846e-06,1.138804133669527014e-05,1.714337331422419058e-05,2.398272278472854787e-05,3.200570905875793236e-05,4.131847319101379044e-05,5.201115038020168635e-05,6.417427527678969763e-05,7.787496096425977914e-05,9.317285967101451838e-05,1.100951219509224054e-04,1.286521541919854474e-04,1.488116038071837452e-04,1.705143830029121825e-04,1.936481457164004394e-04,2.180643229212850536e-04,2.435518145220420989e-04,2.698560894179356882e-04,2.966540925871026264e-04,3.235767778817281136e-04,3.501864990286655561e-04,3.760046245073309264e-04,4.004928933082929111e-04,4.230879375299730310e-04,4.431881441473486385e-04,4.601968419312508552e-04,4.735159280577240222e-04,4.825989147157011766e-04,4.869516218594322821e-04,4.861947785778837107e-04,4.800694991106531579e-04,4.685046365283660526e-04,4.516160938695834462e-04,4.297608845747032591e-04,4.035054142159830940e-04,3.736581212191232462e-04,3.412583025683663487e-04,3.077538383139712661e-04,2.752119626822481318e-04,2.464662672259686563e-04,2.241622087983420326e-04,2.077445401788824680e-04,1.884674650421361438e-04,1.476422129493447561e-04,6.876185428753205998e-05,-3.020593561063735516e-05,-7.702560230581254020e-05
0.000000000000000000e+00,0.000000000000000000e+00,0.000000000000000000e+00,0.000000000000000000e+00,0.000000000000000000e+00,0.000000000000000000e+00,0.000000000000000000e+00,0.000000000000000000e+00,0.000000000000000000e+00,0.000000000000000000e+00,0.000000000000000000e+00,0.000000000000000000e+00,0.000000000000000000e+00,0.000000000000000000e+00,0.000000000000000000e+00,0.000000000000000000e+00,0.000000000000000000e+00,0.000000000000000000e+00,0.000000000000000000e+00,0.000000000000000000e+00,0.000000000000000000e+00,0.000000000000000000e+00,0.000000000000000000e+00,0.000000000000000000e+00,0.000000000000000000e+00,0.000000000000000000e+00,0.000000000000000000e+00,0.000000000000000000e+00,0.000000000000000000e+00,0.000000000000000000e+00,0.000000000000000000e+00,0.000000000000000000e+00,0.000000000000000000e+00,0.000000000000000000e+00,0.000000000000000000e+00,0.000000000000000000e+00,0.000000000000000000e+00,0.000000000000000000e+00,0.000000000000000000e+00,0.000000000000000000e+00,0.000000000000000000e+00,0.000000000000000000e+00,0.000000000000000000e+00,0.000000000000000000e+00,0.000000000000000000e+00,0.000000000000000000e+00,0.000000000000000000e+00,0.000000000000000000e+00,0.000000000000000000e+00,0.000000000000000000e+00,0.000000000000000000e+00,0.000000000000000000e+00,0.000000000000000000e+00,0.000000000000000000e+00,0.000000000000000000e+00,0.000000000000000000e+00,0.000000000000000000e+00,0.000000000000000000e+00,0.000000000000000000e+00,0.000000000000000000e+00,0.000000000000000000e+00,0.000000000000000000e+00,0.000000000000000000e+00,0.000000000000000000e+00,0.000000000000000000e+00,0.000000000000000000e+00,0.000000000000000000e+00,0.000000000000000000e+00,0.000000000000000000e+00,0.000000000000000000e+00,0.000000000000000000e+00,0.000000000000000000e+00,0.000000000000000000e+00,0.000000000000000000e+00,0.000000000000000000e+00,0.000000000000000000e+00,0.000000000000000000e+00,0.000000000000000000e+00,0.000000000000000000e+00,0.000000000000000000e+00,0.000000000000000000e+00,0.000000000000000000e+00,0.000000000000000000e+00,0.000000000000000000e+00,0.000000000000000000e+00,0.000000000000000000e+00,0.000000000000000000e+00,0.000000000000000000e+00,0.000000000000000000e+00,0.000000000000000000e+00,0.000000000000000000e+00,0.000000000000000000e+00,0.000000000000000000e+00,0.000000000000000000e+00,0.000000000000000000e+00,0.000000000000000000e+00,0.000000000000000000e+00,0.000000000000000000e+00,0.000000000000000000e+00,0.000000000000000000e+00,0.000000000000000000e+00,0.000000000000000000e+00,0.000000000000000000e+00,0.000000000000000000e+00,0.000000000000000000e+00,0.000000000000000000e+00,0.000000000000000000e+00,0.000000000000000000e+00,0.000000000000000000e+00,0.000000000000000000e+00,0.000000000000000000e+00,0.000000000000000000e+00,0.000000000000000000e+00,0.000000000000000000e+00,0.000000000000000000e+00,0.000000000000000000e+00,0.000000000000000000e+00,0.000000000000000000e+00,0.000000000000000000e+00,0.000000000000000000e+00,0.000000000000000000e+00,0.000000000000000000e+00,0.000000000000000000e+00,0.000000000000000000e+00,0.000000000000000000e+00,0.000000000000000000e+00,0.000000000000000000e+00,0.000000000000000000e+00,0.000000000000000000e+00,0.000000000000000000e+00,0.000000000000000000e+00,0.000000000000000000e+00,0.000000000000000000e+00,0.000000000000000000e+00,0.000000000000000000e+00,0.000000000000000000e+00,0.000000000000000000e+00,0.000000000000000000e+00,0.000000000000000000e+00,0.000000000000000000e+00,0.000000000000000000e+00,0.000000000000000000e+00,0.000000000000000000e+00,0.000000000000000000e+00,0.000000000000000000e+00,0.000000000000000000e+00,0.000000000000000000e+00,0.000000000000000000e+00,0.000000000000000000e+00,0.000000000000000000e+00,0.000000000000000000e+00,0.000000000000000000e+00,0.000000000000000000e+00,0.000000000000000000e+00,0.000000000000000000e+00,0.000000000000000000e+00,0.000000000000000000e+00,0.000000000000000000e+00,0.000000000000000000e+00,0.000000000000000000e+00,0.000000000000000000e+00,0.000000000000000000e+00,0.000000000000000000e+00,0.000000000000000000e+00,0.000000000000000000e+00,0.000000000000000000e+00,0.000000000000000000e+00,0.000000000000000000e+00,0.000000000000000000e+00,0.000000000000000000e+00,0.000000000000000000e+00,0.000000000000000000e+00,0.000000000000000000e+00,0.000000000000000000e+00,0.000000000000000000e+00,0.000000000000000000e+00,0.000000000000000000e+00,0.000000000000000000e+00,0.000000000000000000e+00,0.000000000000000000e+00,0.000000000000000000e+00,0.000000000000000000e+00,0.000000000000000000e+00,0.000000000000000000e+00,0.000000000000000000e+00,0.000000000000000000e+00,0.000000000000000000e+00,0.000000000000000000e+00,0.000000000000000000e+00,0.000000000000000000e+00,0.000000000000000000e+00,0.000000000000000000e+00,0.000000000000000000e+00,0.000000000000000000e+00,0.000000000000000000e+00,0.000000000000000000e+00,0.000000000000000000e+00,0.000000000000000000e+00,0.000000000000000000e+00,0.000000000000000000e+00,0.000000000000000000e+00,0.000000000000000000e+00,0.000000000000000000e+00,0.000000000000000000e+00,0.000000000000000000e+00,0.000000000000000000e+00,0.000000000000000000e+00,0.000000000000000000e+00,0.000000000000000000e+00,0.000000000000000000e+00,0.000000000000000000e+00,0.000000000000000000e+00,0.000000000000000000e+00,0.000000000000000000e+00,0.000000000000000000e+00,0.000000000000000000e+00,0.000000000000000000e+00,0.000000000000000000e+00,0.000000000000000000e+00,0.000000000000000000e+00,0.000000000000000000e+00,0.000000000000000000e+00,0.000000000000000000e+00,0.000000000000000000e+00,0.000000000000000000e+00,0.000000000000000000e+00,0.000000000000000000e+00,0.000000000000000000e+00,0.000000000000000000e+00,0.000000000000000000e+00,0.000000000000000000e+00,0.000000000000000000e+00,0.000000000000000000e+00,0.000000000000000000e+00,0.000000000000000000e+00,0.000000000000000000e+00,0.000000000000000000e+00,0.000000000000000000e+00,0.000000000000000000e+00,0.000000000000000000e+00,2.572133213573316469e-04,2.808066295179400358e-04,2.784614326311300064e-04,2.868769689056158774e-04,2.611500625764976726e-04,2.371314984523031856e-04,2.067475140522404627e-04,1.785274994108396348e-04,1.517006651574236348e-04,1.264383724448090818e-04,1.051664126519762446e-04,8.616105709842984293e-05,7.055456471758759542e-05,5.714928944666530986e-05,4.586690431676083589e-05,3.612671049125027801e-05,2.754274387093106778e-05,1.988631375682379799e-05,1.285661469764361981e-05,6.397195346888355643e-06,3.746586814379724947e-07,-5.204109161625748507e-06,-1.036949402800205525e-05,-1.510944724265886773e-05,-1.942279595083407643e-05,-2.330848908860726494e-05,-2.676563629808529894e-05,-2.980252719828579345e-05,-3.242610514034645244e-05,-3.464978745002894974e-05,-3.648754817074342143e-05,-3.795537022033522852e-05,-3.907201647739350016e-05,-3.985493228158143041e-05,-4.032590695161946900e-05,-4.050336942781489246e-05,-4.041093846402463196e-05,-4.006764063819132792e-05,-3.949803673104331707e-05,-3.872130675864693741e-05,-3.776224116564604223e-05,-3.663970648503489497e-05,-3.537814457846581630e-05,-3.399567383263421040e-05,-3.251592362583480039e-05,-3.095588910078645421e-05,-2.933802022742671396e-05,-2.767788047270866423e-05,-2.599645552405990562e-05,-2.430763282498000575e-05,-2.263071744732839582e-05,-2.097773232356644520e-05,-1.936613963298878280e-05,-1.780595214540826290e-05,-1.631266351862866077e-05,-1.489415559232817900e-05,-1.356384287917509342e-05,-1.232735716071592362e-05,-1.119591151609565933e-05,-1.017274140197265531e-05,-9.266692576118692085e-06,-8.478396713985105504e-06,-7.814086104767652258e-06,-7.271481768320403449e-06,-6.853836344876995090e-06,-6.555513797768748606e-06,-6.376261039328697977e-06,-6.306460970354505494e-06,-6.341633706921795952e-06,-6.467349362667939710e-06,-6.673961992631166760e-06,-6.941175728134431510e-06,-7.253019511093892754e-06,-7.582070541506482055e-06,-7.904686337762686026e-06,-8.184903458967431720e-06,-8.389956050707734732e-06,-8.473885728155821227e-06,-8.393392848654108773e-06,-8.091215001503314838e-06,-7.512378431372828818e-06,-6.587426603364203698e-06,-5.249163085538635340e-06,-3.415835637739077297e-06,-1.008485608136602118e-06,2.065787248102590189e-06,5.895734820172524347e-06,1.058248045321752064e-05,1.622054663910814859e-05,2.291403363301602400e-05,3.075663436399713802e-05,3.984738217458921622e-05,5.026956162023426210e-05,6.210600812808061077e-05,7.541689769152254115e-05,9.025469714973135594e-05,1.066409299292567903e-04,1.245810380102643615e-04,1.440403742149309440e-04,1.649594426657668392e-04,1.872295531265609578e-04,2.107091451768703673e-04,2.351997411042977581e-04,2.604643109794217031e-04,2.862043530718080364e-04,3.120814940000243409e-04,3.376966747390894308e-04,3.626163611821114127e-04,3.863548691524976348e-04,4.084066237107314922e-04,4.282325384160737313e-04,4.452996009973843664e-04,4.590717937161040412e-04,4.690577167793400296e-04,4.748055845886462812e-04,4.759583731494457085e-04,4.722507021506549066e-04,4.635687230667622036e-04,4.499433847054982094e-04,4.316067587144484328e-04,4.089671489403566736e-04,3.826408587693887263e-04,3.533880951936498364e-04,3.221254222587550172e-04,2.899040656181639595e-04,2.580906299687810699e-04,2.285627598862146595e-04,2.037745196992917299e-04,1.856874171144199618e-04,1.728413573219981830e-04,1.559949743082932896e-04,1.176249803417126318e-04,4.440434008080425347e-05,-4.331357528509517923e-05,-7.952666685001089054e-05
0.000000000000000000e+00,0.000000000000000000e+00,0.000000000000000000e+00,0.000000000000000000e+00,0.000000000000000000e+00,0.000000000000000000e+00,0.000000000000000000e+00,0.000000000000000000e+00,0.000000000000000000e+00,0.000000000000000000e+00,0.000000000000000000e+00,0.000000000000000000e+00,0.000000000000000000e+00,0.000000000000000000e+00,0.000000000000000000e+00,0.000000000000000000e+00,0.000000000000000000e+00,0.000000000000000000e+00,0.000000000000000000e+00,0.000000000000000000e+00,0.000000000000000000e+00,0.000000000000000000e+00,0.000000000000000000e+00,0.000000000000000000e+00,0.000000000000000000e+00,0.000000000000000000e+00,0.000000000000000000e+00,0.000000000000000000e+00,0.000000000000000000e+00,0.000000000000000000e+00,0.000000000000000000e+00,0.000000000000000000e+00,0.000000000000000000e+00,0.000000000000000000e+00,0.000000000000000000e+00,0.000000000000000000e+00,0.000000000000000000e+00,0.000000000000000000e+00,0.000000000000000000e+00,0.000000000000000000e+00,0.000000000000000000e+00,0.000000000000000000e+00,0.000000000000000000e+00,0.000000000000000000e+00,0.000000000000000000e+00,0.000000000000000000e+00,0.000000000000000000e+00,0.000000000000000000e+00,0.000000000000000000e+00,0.000000000000000000e+00,0.000000000000000000e+00,0.000000000000000000e+00,0.000000000000000000e+00,0.000000000000000000e+00,0.000000000000000000e+00,0.000000000000000000e+00,0.000000000000000000e+00,0.000000000000000000e+00,0.000000000000000000e+00,0.000000000000000000e+00,0.000000000000000000e+00,0.000000000000000000e+00,0.000000000000000000e+00,0.000000000000000000e+00,0.000000000000000000e+00,0.000000000000000000e+00,0.000000000000000000e+00,0.000000000000000000e+00,0.000000000000000000e+00,0.000000000000000000e+00,0.000000000000000000e+00,0.000000000000000000e+00,0.000000000000000000e+00,0.000000000000000000e+00,0.000000000000000000e+00,0.000000000000000000e+00,0.000000000000000000e+00,0.000000000000000000e+00,0.000000000000000000e+00,0.000000000000000000e+00,0.000000000000000000e+00,0.000000000000000000e+00,0.000000000000000000e+00,0.000000000000000000e+00,0.000000000000000000e+00,0.000000000000000000e+00,0.000000000000000000e+00,0.000000000000000000e+00,0.000000000000000000e+00,0.000000000000000000e+00,0.000000000000000000e+00,0.000000000000000000e+00,0.000000000000000000e+00,0.000000000000000000e+00,0.000000000000000000e+00,0.000000000000000000e+00,0.000000000000000000e+00,0.000000000000000000e+00,0.000000000000000000e+00,0.000000000000000000e+00,0.000000000000000000e+00,0.000000000000000000e+00,0.000000000000000000e+00,0.000000000000000000e+00,0.000000000000000000e+00,0.000000000000000000e+00,0.000000000000000000e+00,0.000000000000000000e+00,0.000000000000000000e+00,0.000000000000000000e+00,0.000000000000000000e+00,0.000000000000000000e+00,0.000000000000000000e+00,0.000000000000000000e+00,0.000000000000000000e+00,0.000000000000000000e+00,0.000000000000000000e+00,0.000000000000000000e+00,0.000000000000000000e+00,0.000000000000000000e+00,0.000000000000000000e+00,0.000000000000000000e+00,0.000000000000000000e+00,0.000000000000000000e+00,0.000000000000000000e+00,0.000000000000000000e+00,0.000000000000000000e+00,0.000000000000000000e+00,0.000000000000000000e+00,0.000000000000000000e+00,0.000000000000000000e+00,0.000000000000000000e+00,0.000000000000000000e+00,0.000000000000000000e+00,0.000000000000000000e+00,0.000000000000000000e+00,0.000000000000000000e+00,0.000000000000000000e+00,0.000000000000000000e+00,0.000000000000000000e+00,0.000000000000000000e+00,0.000000000000000000e+00,0.000000000000000000e+00,0.000000000000000000e+00,0.000000000000000000e+00,0.000000000000000000e+00,0.000000000000000000e+00,0.000000000000000000e+00,0.000000000000000000e+00,0.000000000000000000e+00,0.000000000000000000e+00,0.000000000000000000e+00,0.000000000000000000e+00,0.000000000000000000e+00,0.000000000000000000e+00,0.000000000000000000e+00,0.000000000000000000e+00,0.000000000000000000e+00,0.000000000000000000e+00,0.000000000000000000e+00,0.000000000000000000e+00,0.000000000000000000e+00,0.000000000000000000e+00,0.000000000000000000e+00,0.000000000000000000e+00,0.000000000000000000e+00,0.000000000000000000e+00,0.000000000000000000e+00,0.000000000000000000e+00,0.000000000000000000e+00,0.000000000000000000e+00,0.000000000000000000e+00,0.000000000000000000e+00,0.000000000000000000e+00,0.000000000000000000e+00,0.000000000000000000e+00,0.000000000000000000e+00,0.000000000000000000e+00,0.000000000000000000e+00,0.000000000000000000e+00,0.000000000000000000e+00,0.000000000000000000e+00,0.000000000000000000e+00,0.000000000000000000e+00,0.000000000000000000e+00,0.000000000000000000e+00,0.000000000000000000e+00,0.000000000000000000e+00,0.000000000000000000e+00,0.000000000000000000e+00,0.000000000000000000e+00,0.000000000000000000e+00,0.000000000000000000e+00,0.000000000000000000e+00,0.000000000000000000e+00,0.000000000000000000e+00,0.000000000000000000e+00,0.000000000000000000e+00,0.000000000000000000e+00,0.000000000000000000e+00,0.000000000000000000e+00,0.000000000000000000e+00,0.000000000000000000e+00,0.000000000000000000e+00,0.000000000000000000e+00,0.000000000000000000e+00,0.000000000000000000e+00,0.000000000000000000e+00,0.000000000000000000e+00,0.000000000000000000e+00,0.000000000000000000e+00,0.000000000000000000e+00,0.000000000000000000e+00,0.000000000000000000e+00,0.000000000000000000e+00,0.000000000000000000e+00,0.000000000000000000e+00,0.000000000000000000e+00,0.000000000000000000e+00,0.000000000000000000e+00,0.000000000000000000e+00,0.000000000000000000e+00,0.000000000000000000e+00,0.000000000000000000e+00,0.000000000000000000e+00,0.000000000000000000e+00,0.000000000000000000e+00,0.000000000000000000e+00,0.000000000000000000e+00,0.000000000000000000e+00,0.000000000000000000e+00,0.000000000000000000e+00,0.000000000000000000e+00,0.000000000000000000e+00,0.000000000000000000e+00,0.000000000000000000e+00,0.000000000000000000e+00,0.000000000000000000e+00,0.000000000000000000e+00,2.621115834689755389e-04,2.889215044356954515e-04,2.950416613330419957e-04,2.827941526441416333e-04,2.595622355403781286e-04,2.361861943990719453e-04,2.031973589389819029e-04,1.740185665191192814e-04,1.452248250842163126e-04,1.196245364185600347e-04,9.721520433252092501e-05,7.766225942024105613e-05,6.156138187041961961e-05,4.777367101527786586e-05,3.634683550237916932e-05,2.650375977885224965e-05,1.799066258089649265e-05,1.043716544792032281e-05,3.603469204788004053e-06,-2.632077314008617123e-06,-8.393528015123133033e-06,-1.369189406227481306e-05,-1.856322885424946333e-05,-2.299498899072764126e-05,-2.698974498245426126e-05,-3.054517998580239170e-05,-3.366130660283637635e-05,-3.634882342588093181e-05,-3.861369844516269925e-05,-4.047453628627174413e-05,-4.194316006705841167e-05,-4.304208888989183144e-05,-4.378722038388553118e-05,-4.420304546366395819e-05,-4.430800536641497093e-05,-4.412770416187012935e-05,-4.368202316889919888e-05,-4.299714789875817692e-05,-4.209355172503335420e-05,-4.099750114606416168e-05,-3.972936231558477299e-05,-3.831498436124813179e-05,-3.677404846895032675e-05,-3.513152938190053874e-05,-3.340595697728276681e-05,-3.162104202170546580e-05,-2.979379464048820451e-05,-2.794634605543035741e-05,-2.609390138725721617e-05,-2.425676655280333219e-05,-2.244812489573419254e-05,-2.068627033900611613e-05,-1.898219971692615890e-05,-1.735205102926123976e-05,-1.580450188037847982e-05,-1.435341136552941011e-05,-1.300501243320384832e-05,-1.177075594914452182e-05,-1.065428230180567049e-05,-9.664466008180331522e-06,-8.802150059479847954e-06,-8.073389063429418065e-06,-7.475929019798309273e-06,-7.012646732538515704e-06,-6.677758222278451180e-06,-6.470452431279116895e-06,-6.380813681302930255e-06,-6.403649117736038767e-06,-6.524114926692363958e-06,-6.731740176286042506e-06,-7.005753412816047528e-06,-7.329311268151326747e-06,-7.674532035216943154e-06,-8.016946294956745593e-06,-8.320257500025701709e-06,-8.551044419404789674e-06,-8.663285704806280863e-06,-8.613360262004094174e-06,-8.344392739880659434e-06,-7.801617446896937536e-06,-6.916623317141013800e-06,-5.623168106124841577e-06,-3.841422061235711119e-06,-1.494338934007561910e-06,1.507986806733238518e-06,5.251271577652158341e-06,9.832452262219907682e-06,1.534183759241720545e-05,2.187817791634377336e-05,2.952991006586571632e-05,3.838981937974534974e-05,4.853531425435552468e-05,6.004268390958362035e-05,7.296641299016672891e-05,8.735314741514952025e-05,1.032201677043127893e-04,1.205693218539944826e-04,1.393649157931905786e-04,1.595480506357674951e-04,1.810143504481259615e-04,2.036293379593726027e-04,2.272065867823683607e-04,2.515249630355942357e-04,2.763079367499636724e-04,3.012436765504251956e-04,3.259663505792910910e-04,3.500801471054422031e-04,3.731433961708505620e-04,3.946975462475891595e-04,4.142547851511123335e-04,4.313327534027354719e-04,4.454459491613082405e-04,4.561463845608773843e-04,4.630182920760869941e-04,4.657238678931908266e-04,4.639995052165060956e-04,4.577040962824163056e-04,4.468131438418238206e-04,4.314646806142193904e-04,4.119444591446938075e-04,3.887192791544485156e-04,3.623983117875206558e-04,3.337344372239111831e-04,3.035495632776730028e-04,2.727286977293259980e-04,2.422177131584155431e-04,2.132062011772026277e-04,1.873263544727724256e-04,1.666262547252290419e-04,1.524419373040741582e-04,1.425511636977301057e-04,1.274984335928457688e-04,9.104090470919964169e-05,2.290681885144913466e-05,-5.472635603364233060e-05,-8.154264163798319624e-05
0.000000000000000000e+00,0.000000000000000000e+00,0.000000000000000000e+00,0.000000000000000000e+00,0.000000000000000000e+00,0.000000000000000000e+00,0.000000000000000000e+00,0.000000000000000000e+00,0.000000000000000000e+00,0.000000000000000000e+00,0.000000000000000000e+00,0.000000000000000000e+00,0.000000000000000000e+00,0.000000000000000000e+00,0.000000000000000000e+00,0.000000000000000000e+00,0.000000000000000000e+00,0.000000000000000000e+00,0.000000000000000000e+00,0.000000000000000000e+00,0.000000000000000000e+00,0.000000000000000000e+00,0.000000000000000000e+00,0.000000000000000000e+00,0.000000000000000000e+00,0.000000000000000000e+00,0.000000000000000000e+00,0.000000000000000000e+00,0.000000000000000000e+00,0.000000000000000000e+00,0.000000000000000000e+00,0.000000000000000000e+00,0.000000000000000000e+00,0.000000000000000000e+00,0.000000000000000000e+00,0.000000000000000000e+00,0.000000000000000000e+00,0.000000000000000000e+00,0.000000000000000000e+00,0.000000000000000000e+00,0.000000000000000000e+00,0.000000000000000000e+00,0.000000000000000000e+00,0.000000000000000000e+00,0.000000000000000000e+00,0.000000000000000000e+00,0.000000000000000000e+00,0.000000000000000000e+00,0.000000000000000000e+00,0.000000000000000000e+00,0.000000000000000000e+00,0.000000000000000000e+00,0.000000000000000000e+00,0.000000000000000000e+00,0.000000000000000000e+00,0.000000000000000000e+00,0.000000000000000000e+00,0.000000000000000000e+00,0.000000000000000000e+00,0.000000000000000000e+00,0.000000000000000000e+00,0.000000000000000000e+00,0.000000000000000000e+00,0.000000000000000000e+00,0.000000000000000000e+00,0.000000000000000000e+00,0.000000000000000000e+00,0.000000000000000000e+00,0.000000000000000000e+00,0.000000000000000000e+00,0.000000000000000000e+00,0.000000000000000000e+00,0.000000000000000000e+00,0.000000000000000000e+00,0.000000000000000000e+00,0.000000000000000000e+00,0.000000000000000000e+00,0.000000000000000000e+00,0.000000000000000000e+00,0.000000000000000000e+00,0.000000000000000000e+00,0.000000000000000000e+00,0.000000000000000000e+00,0.000000000000000000e+00,0.000000000000000000e+00,0.000000000000000000e+00,0.000000000000000000e+00,0.000000000000000000e+00,0.000000000000000000e+00,0.000000000000000000e+00,0.000000000000000000e+00,0.000000000000000000e+00,0.000000000000000000e+00,0.000000000000000000e+00,0.000000000000000000e+00,0.000000000000000000e+00,0.000000000000000000e+00,0.000000000000000000e+00,0.000000000000000000e+00,0.000000000000000000e+00,0.000000000000000000e+00,0.000000000000000000e+00,0.000000000000000000e+00,0.000000000000000000e+00,0.000000000000000000e+00,0.000000000000000000e+00,0.000000000000000000e+00,0.000000000000000000e+00,0.000000000000000000e+00,0.000000000000000000e+00,0.000000000000000000e+00,0.000000000000000000e+00,0.000000000000000000e+00,0.000000000000000000e+00,0.000000000000000000e+00,0.000000000000000000e+00,0.000000000000000000e+00,0.000000000000000000e+00,0.000000000000000000e+00,0.000000000000000000e+00,0.000000000000000000e+00,0.000000000000000000e+00,0.000000000000000000e+00,0.000000000000000000e+00,0.000000000000000000e+00,0.000000000000000000e+00,0.000000000000000000e+00,0.000000000000000000e+00,0.000000000000000000e+00,0.000000000000000000e+00,0.000000000000000000e+00,0.000000000000000000e+00,0.000000000000000000e+00,0.000000000000000000e+00,0.000000000000000000e+00,0.000000000000000000e+00,0.000000000000000000e+00,0.000000000000000000e+00,0.000000000000000000e+00,0.000000000000000000e+00,0.000000000000000000e+00,0.000000000000000000e+00,0.000000000000000000e+00,0.000000000000000000e+00,0.000000000000000000e+00,0.000000000000000000e+00,0.000000000000000000e+00,0.000000000000000000e+00,0.000000000000000000e+00,0.000000000000000000e+00,0.000000000000000000e+00,0.000000000000000000e+00,0.000000000000000000e+00,0.000000000000000000e+00,0.000000000000000000e+00,0.000000000000000000e+00,0.000000000000000000e+00,0.000000000000000000e+00,0.000000000000000000e+00,0.000000000000000000e+00,0.000000000000000000e+00,0.000000000000000000e+00,0.000000000000000000e+00,0.000000000000000000e+00,0.000000000000000000e+00,0.000000000000000000e+00,0.000000000000000000e+00,0.000000000000000000e+00,0.000000000000000000e+00,0.000000000000000000e+00,0.000000000000000000e+00,0.000000000000000000e+00,0.000000000000000000e+00,0.000000000000000000e+00,0.000000000000000000e+00,0.000000000000000000e+00,0.000000000000000000e+00,0.000000000000000000e+00,0.000000000000000000e+00,0.000000000000000000e+00,0.000000000000000000e+00,0.000000000000000000e+00,0.000000000000000000e+00,0.000000000000000000e+00,0.000000000000000000e+00,0.000000000000000000e+00,0.000000000000000000e+00,0.000000000000000000e+00,0.000000000000000000e+00,0.000000000000000000e+00,0.000000000000000000e+00,0.000000000000000000e+00,0.000000000000000000e+00,0.000000000000000000e+00,0.000000000000000000e+00,0.000000000000000000e+00,0.000000000000000000e+00,0.000000000000000000e+00,0.000000000000000000e+00,0.000000000000000000e+00,0.000000000000000000e+00,0.000000000000000000e+00,0.000000000000000000e+00,0.000000000000000000e+00,0.000000000000000000e+00,0.000000000000000000e+00,0.000000000000000000e+00,0.000000000000000000e+00,0.000000000000000000e+00,0.000000000000000000e+00,0.000000000000000000e+00,0.000000000000000000e+00,0.000000000000000000e+00,0.000000000000000000e+00,0.000000000000000000e+00,0.000000000000000000e+00,0.000000000000000000e+00,0.000000000000000000e+00,0.000000000000000000e+00,0.000000000000000000e+00,0.000000000000000000e+00,0.000000000000000000e+00,0.000000000000000000e+00,0.000000000000000000e+00,0.000000000000000000e+00,0.000000000000000000e+00,0.000000000000000000e+00,0.000000000000000000e+00,0.000000000000000000e+00,0.000000000000000000e+00,0.000000000000000000e+00,0.000000000000000000e+00,0.000000000000000000e+00,0.000000000000000000e+00,0.000000000000000000e+00,0.000000000000000000e+00,0.000000000000000000e+00,2.997518648661176436e-04,3.172942180114447547e-04,3.168894823503292150e-04,3.165864776883868330e-04,2.898178344727577599e-04,2.626334116204568671e-04,2.324541479640010715e-04,1.986701221851757619e-04,1.683212557618408544e-04,1.378997648058011033e-04,1.118956106768292800e-04,8.861582203554148861e-05,6.881623197992303665e-05,5.220606844549830736e-05,3.818849908195786372e-05,2.662420849591530040e-05,1.674085253346207486e-05,8.321153311713573366e-06,9.067050086640565668e-07,-5.699380070989441137e-06,-1.168031963449740789e-05,-1.714600961221113775e-05,-2.213145583819955237e-05,-2.667537880654205027e-05,-3.076607680436267093e-05,-3.441348676141379998e-05,-3.760888755428317114e-05,-4.036016782575500866e-05,-4.267222458523215313e-05,-4.455877665644469165e-05,-4.603434524101716424e-05,-4.711818129325866987e-05,-4.782960639294884690e-05,-4.819166907917336553e-05,-4.822581493306163163e-05,-4.795747280395579881e-05,-4.740898780425466366e-05,-4.660712962481293437e-05,-4.557447479803925140e-05,-4.433829920008589844e-05,-4.292087430537811171e-05,-4.134926941199508661e-05,-3.964494808650960450e-05,-3.783417260716758342e-05,-3.593714482542712110e-05,-3.397883376290442633e-05,-3.197779605838739026e-05,-2.995732676112415160e-05,-2.793402930210298429e-05,-2.592923434904290290e-05,-2.395735368000620881e-05,-2.203753597843653556e-05,-2.018181952627385459e-05,-1.840700619738535980e-05,-1.672261659368749529e-05,-1.514296976615815579e-05,-1.367493737609029899e-05,-1.233021981046717995e-05,-1.111289133231912670e-05,-1.003186480889752275e-05,-9.088216864164597826e-06,-8.287834287066735237e-06,-7.628506697974244529e-06,-7.112748477815090576e-06,-6.734646500477616024e-06,-6.492852682829748608e-06,-6.377176166067159391e-06,-6.381743921019283345e-06,-6.491330751090384620e-06,-6.694689407862411514e-06,-6.970618349057879646e-06,-7.301469163137884623e-06,-7.658961528190108979e-06,-8.017884963969665224e-06,-8.341683150155131728e-06,-8.596379457520615138e-06,-8.735968608071579717e-06,-8.716611028046957271e-06,-8.481888104379796970e-06,-7.977328419982002261e-06,-7.135602083065408688e-06,-5.891460657837445543e-06,-4.166963571334843316e-06,-1.886930142007561207e-06,1.035697069596243166e-06,4.683779529932472011e-06,9.150376719778153525e-06,1.452194571107864886e-05,2.089240327334615990e-05,2.834551031500645625e-05,3.696855336147972823e-05,4.683386969696791554e-05,5.801216953798790969e-05,7.055322878167695293e-05,8.449897590621535291e-05,9.986347869429779926e-05,1.166460539061898224e-04,1.348107977079159362e-04,1.543001342820560251e-04,1.750142760999682211e-04,1.968257958807911759e-04,2.195595345568094920e-04,2.430089383777195647e-04,2.669170349208820287e-04,2.909953959872367633e-04,3.149068443436625294e-04,3.382879491016247070e-04,3.607340702943805382e-04,3.818262247091207089e-04,4.011188753472628315e-04,4.181717693988049804e-04,4.325404755103821300e-04,4.438133229104386642e-04,4.516040031643001290e-04,4.555929423918988357e-04,4.555202257783501200e-04,4.512295384458203055e-04,4.426582226425977880e-04,4.298804157960112800e-04,4.130894102877993965e-04,3.926348888734394207e-04,3.689902840629938601e-04,3.427748811912931194e-04,3.146924749331343123e-04,2.855246950385719427e-04,2.560398438903325655e-04,2.270029945005052415e-04,1.991811375170365655e-04,1.735611361141758122e-04,1.515134385114413895e-04,1.347216987336936531e-04,1.239552911577768721e-04,1.164163492174121134e-04,1.025896208054732477e-04,6.763592701411407057e-05,4.006064697691156662e-06,-6.462339151920966579e-05,-8.335237955558890105e-05
0.000000000000000000e+00,0.000000000000000000e+00,0.000000000000000000e+00,0.000000000000000000e+00,0.000000000000000000e+00,0.000000000000000000e+00,0.000000000000000000e+00,0.000000000000000000e+00,0.000000000000000000e+00,0.000000000000000000e+00,0.000000000000000000e+00,0.000000000000000000e+00,0.000000000000000000e+00,0.000000000000000000e+00,0.000000000000000000e+00,0.000000000000000000e+00,0.000000000000000000e+00,0.000000000000000000e+00,0.000000000000000000e+00,0.000000000000000000e+00,0.000000000000000000e+00,0.000000000000000000e+00,0.000000000000000000e+00,0.000000000000000000e+00,0.000000000000000000e+00,0.000000000000000000e+00,0.000000000000000000e+00,0.000000000000000000e+00,0.000000000000000000e+00,0.000000000000000000e+00,0.000000000000000000e+00,0.000000000000000000e+00,0.000000000000000000e+00,0.000000000000000000e+00,0.000000000000000000e+00,0.000000000000000000e+00,0.000000000000000000e+00,0.000000000000000000e+00,0.000000000000000000e+00,0.000000000000000000e+00,0.000000000000000000e+00,0.000000000000000000e+00,0.000000000000000000e+00,0.000000000000000000e+00,0.000000000000000000e+00,0.000000000000000000e+00,0.000000000000000000e+00,0.000000000000000000e+00,0.000000000000000000e+00,0.000000000000000000e+00,0.000000000000000000e+00,0.000000000000000000e+00,0.000000000000000000e+00,0.000000000000000000e+00,0.000000000000000000e+00,0.000000000000000000e+00,0.000000000000000000e+00,0.000000000000000000e+00,0.000000000000000000e+00,0.000000000000000000e+00,0.000000000000000000e+00,0.000000000000000000e+00,0.000000000000000000e+00,0.000000000000000000e+00,0.000000000000000000e+00,0.000000000000000000e+00,0.000000000000000000e+00,0.000000000000000000e+00,0.000000000000000000e+00,0.000000000000000000e+00,0.000000000000000000e+00,0.000000000000000000e+00,0.000000000000000000e+00,0.000000000000000000e+00,0.000000000000000000e+00,0.000000000000000000e+00,0.000000000000000000e+00,0.000000000000000000e+00,0.000000000000000000e+00,0.000000000000000000e+00,0.000000000000000000e+00,0.000000000000000000e+00,0.000000000000000000e+00,0.000000000000000000e+00,0.000000000000000000e+00,0.000000000000000000e+00,0.000000000000000000e+00,0.000000000000000000e+00,0.000000000000000000e+00,0.000000000000000000e+00,0.000000000000000000e+00,0.000000000000000000e+00,0.000000000000000000e+00,0.000000000000000000e+00,0.000000000000000000e+00,0.000000000000000000e+00,0.000000000000000000e+00,0.000000000000000000e+00,0.000000000000000000e+00,0.000000000000000000e+00,0.000000000000000000e+00,0.000000000000000000e+00,0.000000000000000000e+00,0.000000000000000000e+00,0.000000000000000000e+00,0.000000000000000000e+00,0.000000000000000000e+00,0.000000000000000000e+00,0.000000000000000000e+00,0.000000000000000000e+00,0.000000000000000000e+00,0.000000000000000000e+00,0.000000000000000000e+00,0.000000000000000000e+00,0.000000000000000000e+00,0.000000000000000000e+00,0.000000000000000000e+00,0.000000000000000000e+00,0.000000000000000000e+00,0.000000000000000000e+00,0.000000000000000000e+00,0.000000000000000000e+00,0.000000000000000000e+00,0.000000000000000000e+00,0.000000000000000000e+00,0.000000000000000000e+00,0.000000000000000000e+00,0.000000000000000000e+00,0.000000000000000000e+00,0.000000000000000000e+00,0.000000000000000000e+00,0.000000000000000000e+00,0.000000000000000000e+00,0.000000000000000000e+00,0.000000000000000000e+00,0.000000000000000000e+00,0.000000000000000000e+00,0.000000000000000000e+00,0.000000000000000000e+00,0.000000000000000000e+00,0.000000000000000000e+00,0.000000000000000000e+00,0.000000000000000000e+00,0.000000000000000000e+00,0.000000000000000000e+00,0.000000000000000000e+00,0.000000000000000000e+00,0.000000000000000000e+00,0.000000000000000000e+00,0.000000000000000000e+00,0.000000000000000000e+00,0.000000000000000000e+00,0.000000000000000000e+00,0.000000000000000000e+00,0.000000000000000000e+00,0.000000000000000000e+00,0.000000000000000000e+00,0.000000000000000000e+00,0.000000000000000000e+00,0.000000000000000000e+00,0.000000000000000000e+00,0.000000000000000000e+00,0.000000000000000000e+00,0.000000000000000000e+00,0.000000000000000000e+00,0.000000000000000000e+00,0.000000000000000000e+00,0.000000000000000000e+00,0.000000000000000000e+00,0.000000000000000000e+00,0.000000000000000000e+00,0.000000000000000000e+00,0.000000000000000000e+00,0.000000000000000000e+00,0.000000000000000000e+00,0.000000000000000000e+00,0.000000000000000000e+00,0.000000000000000000e+00,0.000000000000000000e+00,0.000000000000000000e+00,0.000000000000000000e+00,0.000000000000000000e+00,0.000000000000000000e+00,0.000000000000000000e+00,0.000000000000000000e+00,0.000000000000000000e+00,0.000000000000000000e+00,0.000000000000000000e+00,0.000000000000000000e+00,0.000000000000000000e+00,0.000000000000000000e+00,0.000000000000000000e+00,0.000000000000000000e+00,0.000000000000000000e+00,0.000000000000000000e+00,0.000000000000000000e+00,0.000000000000000000e+00,0.000000000000000000e+00,0.000000000000000000e+00,0.000000000000000000e+00,0.000000000000000000e+00,0.000000000000000000e+00,0.000000000000000000e+00,0.000000000000000000e+00,0.000000000000000000e+00,0.000000000000000000e+00,0.000000000000000000e+00,0.000000000000000000e+00,0.000000000000000000e+00,0.000000000000000000e+00,0.000000000000000000e+00,0.000000000000000000e+00,0.000000000000000000e+00,0.000000000000000000e+00,0.000000000000000000e+00,0.000000000000000000e+00,0.000000000000000000e+00,0.000000000000000000e+00,0.000000000000000000e+00,0.000000000000000000e+00,0.000000000000000000e+00,0.000000000000000000e+00,0.000000000000000000e+00,0.000000000000000000e+00,0.000000000000000000e+00,0.000000000000000000e+00,0.000000000000000000e+00,0.000000000000000000e+00,0.000000000000000000e+00,0.000000000000000000e+00,0.000000000000000000e+00,0.000000000000000000e+00,0.000000000000000000e+00,0.000000000000000000e+00,0.000000000000000000e+00,0.000000000000000000e+00,2.818080856484817247e-04,3.120738589448799629e-04,3.120525459424903798e-04,3.219041251456159023e-04,2.926141344707957324e-04,2.642736208277568066e-04,2.281845063835903967e-04,1.940218556567120472e-04,1.611527202199402101e-04,1.299814861307291107e-04,1.033110429277613490e-04,7.940619866245212169e-05,5.947314413854417004e-05,4.253087017309180036e-05,2.844856051633158392e-05,1.677315029726511898e-05,6.928098979355750874e-06,-1.375128034267277668e-06,-8.610081623148941308e-06,-1.496012176893352296e-05,-2.065680213126773224e-05,-2.579253974656201985e-05,-3.043588978707326809e-05,-3.461670580861827900e-05,-3.833794319597021551e-05,-4.160548168666109722e-05,-4.441571619518741218e-05,-4.677460777641783335e-05,-4.869063196340061287e-05,-5.017626677146908688e-05,-5.125078793354947363e-05,-5.193200853564720887e-05,-5.224508228570933226e-05,-5.221104059812880030e-05,-5.185768577162554996e-05,-5.120782892819428678e-05,-5.029033340611446519e-05,-4.912882704160605185e-05,-4.775238889314891837e-05,-4.618469054978920904e-05,-4.445441147174840249e-05,-4.258458659636867169e-05,-4.060295499255048171e-05,-3.853132908421013270e-05,-3.639603266678043570e-05,-3.421717835564032335e-05,-3.201927998676413323e-05,-2.982037907930354696e-05,-2.764286728612274120e-05,-2.550243498152793333e-05,-2.341911279982716781e-05,-2.140603137393821848e-05,-1.948067844354495171e-05,-1.765346464805855637e-05,-1.593918736371760696e-05,-1.434539822326629522e-05,-1.288406293191741071e-05,-1.155972489963130578e-05,-1.038134992053008831e-05,-9.350278641785245276e-06,-8.472245393032372523e-06,-7.745111117671687131e-06,-7.171046646917201630e-06,-6.744037783039783108e-06,-6.462225111223537789e-06,-6.315174623519114376e-06,-6.296369140080659397e-06,-6.390241626103797371e-06,-6.584817936590181100e-06,-6.858516211533646110e-06,-7.192947481272264301e-06,-7.559493547727132673e-06,-7.932281417772555127e-06,-8.274564035060508248e-06,-8.551896759476921070e-06,-8.718359990829939988e-06,-8.729980772541962576e-06,-8.530852987196517318e-06,-8.066863776159206300e-06,-7.271783997994765509e-06,-6.081375781552815252e-06,-4.419540717651851987e-06,-2.212898663403738191e-06,6.229101044526921172e-07,4.168077708403268980e-06,8.512078471831511635e-06,1.373786093890411595e-05,1.993497420753388726e-05,2.718302843776968037e-05,3.556446302902928298e-05,4.514724834630319138e-05,5.599732817776705192e-05,6.816060341325446022e-05,8.167517632367729096e-05,9.655274891258947489e-05,1.127909169947211189e-04,1.303542265402204807e-04,1.491869031504526903e-04,1.691939278576386674e-04,1.902547281045032825e-04,2.122047431848930374e-04,2.348507258865743081e-04,2.579533447381108353e-04,2.812448253523141010e-04,3.044131552257920326e-04,3.271228002639837724e-04,3.490010080022036510e-04,3.696622333684460265e-04,3.886968447857699904e-04,4.056996449473568929e-04,4.202609351120442129e-04,4.319990775789328834e-04,4.405533280979053931e-04,4.456197098166269342e-04,4.469442469661699625e-04,4.443604680836227326e-04,4.377806647168857278e-04,4.272321550457800258e-04,4.128431098213142377e-04,3.948735830541438775e-04,3.736917017225174385e-04,3.497945557021485820e-04,3.237693246884354361e-04,2.962960034933545149e-04,2.680840024654760961e-04,2.398486705582893402e-04,2.122357259884767903e-04,1.858318025032445109e-04,1.612141492736854993e-04,1.391617384618387481e-04,1.208264130585374996e-04,1.075550796973950146e-04,9.966168499245031459e-05,9.387111717380373704e-05,8.079820719781632607e-05,4.696050705171326341e-05,-1.262251442320023538e-05,-7.320496305717476466e-05,-8.476573491598271689e-05
0.000000000000000000e+00,0.000000000000000000e+00,0.000000000000000000e+00,0.000000000000000000e+00,0.000000000000000000e+00,0.000000000000000000e+00,0.000000000000000000e+00,0.000000000000000000e+00,0.000000000000000000e+00,0.000000000000000000e+00,0.000000000000000000e+00,0.000000000000000000e+00,0.000000000000000000e+00,0.000000000000000000e+00,0.000000000000000000e+00,0.000000000000000000e+00,0.000000000000000000e+00,0.000000000000000000e+00,0.000000000000000000e+00,0.000000000000000000e+00,0.000000000000000000e+00,0.000000000000000000e+00,0.000000000000000000e+00,0.000000000000000000e+00,0.000000000000000000e+00,0.000000000000000000e+00,0.000000000000000000e+00,0.000000000000000000e+00,0.000000000000000000e+00,0.000000000000000000e+00,0.000000000000000000e+00,0.000000000000000000e+00,0.000000000000000000e+00,0.000000000000000000e+00,0.000000000000000000e+00,0.000000000000000000e+00,0.000000000000000000e+00,0.000000000000000000e+00,0.000000000000000000e+00,0.000000000000000000e+00,0.000000000000000000e+00,0.000000000000000000e+00,0.000000000000000000e+00,0.000000000000000000e+00,0.000000000000000000e+00,0.000000000000000000e+00,0.000000000000000000e+00,0.000000000000000000e+00,0.000000000000000000e+00,0.000000000000000000e+00,0.000000000000000000e+00,0.000000000000000000e+00,0.000000000000000000e+00,0.000000000000000000e+00,0.000000000000000000e+00,0.000000000000000000e+00,0.000000000000000000e+00,0.000000000000000000e+00,0.000000000000000000e+00,0.000000000000000000e+00,0.000000000000000000e+00,0.000000000000000000e+00,0.000000000000000000e+00,0.000000000000000000e+00,0.000000000000000000e+00,0.000000000000000000e+00,0.000000000000000000e+00,0.000000000000000000e+00,0.000000000000000000e+00,0.000000000000000000e+00,0.000000000000000000e+00,0.000000000000000000e+00,0.000000000000000000e+00,0.000000000000000000e+00,0.000000000000000000e+00,0.000000000000000000e+00,0.000000000000000000e+00,0.000000000000000000e+00,0.000000000000000000e+00,0.000000000000000000e+00,0.000000000000000000e+00,0.000000000000000000e+00,0.000000000000000000e+00,0.000000000000000000e+00,0.000000000000000000e+00,0.000000000000000000e+00,0.000000000000000000e+00,0.000000000000000000e+00,0.000000000000000000e+00,0.000000000000000000e+00,0.000000000000000000e+00,0.000000000000000000e+00,0.000000000000000000e+00,0.000000000000000000e+00,0.000000000000000000e+00,0.000000000000000000e+00,0.000000000000000000e+00,0.000000000000000000e+00,0.000000000000000000e+00,0.000000000000000000e+00,0.000000000000000000e+00,0.000000000000000000e+00,0.000000000000000000e+00,0.000000000000000000e+00,0.000000000000000000e+00,0.000000000000000000e+00,0.000000000000000000e+00,0.000000000000000000e+00,0.000000000000000000e+00,0.000000000000000000e+00,0.000000000000000000e+00,0.000000000000000000e+00,0.000000000000000000e+00,0.000000000000000000e+00,0.000000000000000000e+00,0.000000000000000000e+00,0.000000000000000000e+00,0.000000000000000000e+00,0.000000000000000000e+00,0.000000000000000000e+00,0.000000000000000000e+00,0.000000000000000000e+00,0.000000000000000000e+00,0.000000000000000000e+00,0.000000000000000000e+00,0.000000000000000000e+00,0.000000000000000000e+00,0.000000000000000000e+00,0.000000000000000000e+00,0.000000000000000000e+00,0.000000000000000000e+00,0.000000000000000000e+00,0.000000000000000000e+00,0.000000000000000000e+00,0.000000000000000000e+00,0.000000000000000000e+00,0.000000000000000000e+00,0.000000000000000000e+00,0.000000000000000000e+00,0.000000000000000000e+00,0.000000000000000000e+00,0.000000000000000000e+00,0.000000000000000000e+00,0.000000000000000000e+00,0.000000000000000000e+00,0.000000000000000000e+00,0.000000000000000000e+00,0.000000000000000000e+00,0.000000000000000000e+00,0.000000000000000000e+00,0.000000000000000000e+00,0.000000000000000000e+00,0.000000000000000000e+00,0.000000000000000000e+00,0.000000000000000000e+00,0.000000000000000000e+00,0.000000000000000000e+00,0.000000000000000000e+00,0.000000000000000000e+00,0.000000000000000000e+00,0.000000000000000000e+00,0.000000000000000000e+00,0.000000000000000000e+00,0.000000000000000000e+00,0.000000000000000000e+00,0.000000000000000000e+00,0.000000000000000000e+00,0.000000000000000000e+00,0.000000000000000000e+00,0.000000000000000000e+00,0.000000000000000000e+00,0.000000000000000000e+00,0.000000000000000000e+00,0.000000000000000000e+00,0.000000000000000000e+00,0.000000000000000000e+00,0.000000000000000000e+00,0.000000000000000000e+00,0.000000000000000000e+00,0.000000000000000000e+00,0.000000000000000000e+00,0.000000000000000000e+00,0.000000000000000000e+00,0.000000000000000000e+00,0.000000000000000000e+00,0.000000000000000000e+00,0.000000000000000000e+00,0.000000000000000000e+00,0.000000000000000000e+00,0.000000000000000000e+00,0.000000000000000000e+00,0.000000000000000000e+00,0.000000000000000000e+00,0.000000000000000000e+00,0.000000000000000000e+00,0.000000000000000000e+00,0.000000000000000000e+00,0.000000000000000000e+00,0.000000000000000000e+00,0.000000000000000000e+00,0.000000000000000000e+00,0.000000000000000000e+00,0.000000000000000000e+00,0.000000000000000000e+00,0.000000000000000000e+00,0.000000000000000000e+00,0.000000000000000000e+00,0.000000000000000000e+00,0.000000000000000000e+00,0.000000000000000000e+00,0.000000000000000000e+00,0.000000000000000000e+00,0.000000000000000000e+00,0.000000000000000000e+00,0.000000000000000000e+00,0.000000000000000000e+00,0.000000000000000000e+00,0.000000000000000000e+00,0.000000000000000000e+00,0.000000000000000000e+00,0.000000000000000000e+00,0.000000000000000000e+00,0.000000000000000000e+00,0.000000000000000000e+00,0.000000000000000000e+00,0.000000000000000000e+00,0.000000000000000000e+00,0.000000000000000000e+00,0.000000000000000000e+00,0.000000000000000000e+00,0.000000000000000000e+00,0.000000000000000000e+00,0.000000000000000000e+00,0.000000000000000000e+00,0.000000000000000000e+00,2.877217323288720828e-04,3.208813298128360787e-04,3.293637818879693521e-04,3.161199243925037999e-04,2.896202717169088286e-04,2.618780805634914272e-04,2.228782104383031793e-04,1.877550348931913439e-04,1.528976545552979127e-04,1.215832368869403931e-04,9.393524863585158671e-05,6.972886488203858008e-05,4.963432108483546327e-05,3.254733092515538684e-05,1.851908992825477412e-05,6.835368800580094884e-06,-2.879470720445557760e-06,-1.103587990242847312e-05,-1.803944939336103292e-05,-2.410905151643947966e-05,-2.948616982756689775e-05,-3.426581296771092993e-05,-3.853599035559676845e-05,-4.232592106145549788e-05,-4.564828978457032325e-05,-4.851049774090624545e-05,-5.090959918715677661e-05,-5.285557047091019695e-05,-5.435414454741264919e-05,-5.542374427046375561e-05,-5.608066739641634870e-05,-5.634947890699953206e-05,-5.625265413655058645e-05,-5.581800628145031502e-05,-5.507067664343989337e-05,-5.404002865675931581e-05,-5.275202593694731148e-05,-5.123661176235253607e-05,-4.951959878445555635e-05,-4.763077601708808241e-05,-4.559514036110377518e-05,-4.344166869719857222e-05,-4.119398806115751299e-05,-3.887968174042083481e-05,-3.652053385882807147e-05,-3.414225417354988928e-05,-3.176439839890981230e-05,-2.941042940033808262e-05,-2.709737491371132462e-05,-2.484617094333166969e-05,-2.267109085763036939e-05,-2.059033541929014254e-05,-1.861525034752064476e-05,-1.676113804654337467e-05,-1.503627059157659743e-05,-1.345290381719788146e-05,-1.201608652557396749e-05,-1.073486057411918923e-05,-9.610863430482769257e-06,-8.649699804589898401e-06,-7.849332831222461076e-06,-7.211614571775999215e-06,-6.730460927813617933e-06,-6.403530658633063755e-06,-6.220180745367094867e-06,-6.173286981662723593e-06,-6.246980177827527531e-06,-6.428606397001914265e-06,-6.696250412968283023e-06,-7.030840738273729558e-06,-7.403475370194756325e-06,-7.787686214105373611e-06,-8.146593421296734086e-06,-8.445355758565311786e-06,-8.638193439161565780e-06,-8.681065099830660980e-06,-8.518614124425519756e-06,-8.097128207548395692e-06,-7.351479154513423327e-06,-6.218435784854889855e-06,-4.623679508197224928e-06,-2.495552820311674073e-06,2.477609548242685226e-07,3.683966789080038603e-06,7.899230252549636875e-06,1.297330430142141857e-05,1.899179007319980056e-05,2.603060412314103192e-05,3.416790471999741870e-05,4.346788474109071531e-05,5.399240463155663482e-05,6.578416006563023036e-05,7.887815109224163629e-05,9.328435749414426938e-05,1.089992827967526268e-04,1.259883680185431578e-04,1.441979708031790720e-04,1.635378488011264477e-04,1.838940545010790900e-04,2.051119065756040923e-04,2.270103813923125173e-04,2.493660437037481374e-04,2.719295738079709917e-04,2.944111243393334365e-04,3.164996126336682217e-04,3.378498829203642451e-04,3.581052905626842657e-04,3.768868532599818177e-04,3.938194315574306383e-04,4.085227244085531386e-04,4.206409846554263251e-04,4.298352327235646425e-04,4.358159187583108456e-04,4.383350824681699716e-04,4.372206836832311138e-04,4.323666403061184570e-04,4.237667372088347846e-04,4.114996136916789209e-04,3.957594010621855000e-04,3.768321069147919202e-04,3.551198831330627586e-04,3.311053161955602358e-04,3.053664934627315633e-04,2.785251981252034252e-04,2.512480590627021344e-04,2.241720788320300637e-04,1.978916589209989065e-04,1.728827743847728747e-04,1.495491296085122779e-04,1.282793203753691607e-04,1.096908949097135825e-04,9.474255432185520393e-05,8.452487635259986877e-05,7.894849042955142488e-05,7.441471399710451870e-05,6.171536030009268652e-05,2.875345536534235785e-05,-2.723320179233539978e-05,-8.063061375980904073e-05,-8.605529320179436132e-05
0.000000000000000000e+00,0.000000000000000000e+00,0.000000000000000000e+00,0.000000000000000000e+00,0.000000000000000000e+00,0.000000000000000000e+00,0.000000000000000000e+00,0.000000000000000000e+00,0.000000000000000000e+00,0.000000000000000000e+00,0.000000000000000000e+00,0.000000000000000000e+00,0.000000000000000000e+00,0.000000000000000000e+00,0.000000000000000000e+00,0.000000000000000000e+00,0.000000000000000000e+00,0.000000000000000000e+00,0.000000000000000000e+00,0.000000000000000000e+00,0.000000000000000000e+00,0.000000000000000000e+00,0.000000000000000000e+00,0.000000000000000000e+00,0.000000000000000000e+00,0.000000000000000000e+00,0.000000000000000000e+00,0.000000000000000000e+00,0.000000000000000000e+00,0.000000000000000000e+00,0.000000000000000000e+00,0.000000000000000000e+00,0.000000000000000000e+00,0.000000000000000000e+00,0.000000000000000000e+00,0.000000000000000000e+00,0.000000000000000000e+00,0.000000000000000000e+00,0.000000000000000000e+00,0.000000000000000000e+00,0.000000000000000000e+00,0.000000000000000000e+00,0.000000000000000000e+00,0.000000000000000000e+00,0.000000000000000000e+00,0.000000000000000000e+00,0.000000000000000000e+00,0.000000000000000000e+00,0.000000000000000000e+00,0.000000000000000000e+00,0.000000000000000000e+00,0.000000000000000000e+00,0.000000000000000000e+00,0.000000000000000000e+00,0.000000000000000000e+00,0.000000000000000000e+00,0.000000000000000000e+00,0.000000000000000000e+00,0.000000000000000000e+00,0.000000000000000000e+00,0.000000000000000000e+00,0.000000000000000000e+00,0.000000000000000000e+00,0.000000000000000000e+00,0.000000000000000000e+00,0.000000000000000000e+00,0.000000000000000000e+00,0.000000000000000000e+00,0.000000000000000000e+00,0.000000000000000000e+00,0.000000000000000000e+00,0.000000000000000000e+00,0.000000000000000000e+00,0.000000000000000000e+00,0.000000000000000000e+00,0.000000000000000000e+00,0.000000000000000000e+00,0.000000000000000000e+00,0.000000000000000000e+00,0.000000000000000000e+00,0.000000000000000000e+00,0.000000000000000000e+00,0.000000000000000000e+00,0.000000000000000000e+00,0.000000000000000000e+00,0.000000000000000000e+00,0.000000000000000000e+00,0.000000000000000000e+00,0.000000000000000000e+00,0.000000000000000000e+00,0.000000000000000000e+00,0.000000000000000000e+00,0.000000000000000000e+00,0.000000000000000000e+00,0.000000000000000000e+00,0.000000000000000000e+00,0.000000000000000000e+00,0.000000000000000000e+00,0.000000000000000000e+00,0.000000000000000000e+00,0.000000000000000000e+00,0.000000000000000000e+00,0.000000000000000000e+00,0.000000000000000000e+00,0.000000000000000000e+00,0.000000000000000000e+00,0.000000000000000000e+00,0.000000000000000000e+00,0.000000000000000000e+00,0.000000000000000000e+00,0.000000000000000000e+00,0.000000000000000000e+00,0.000000000000000000e+00,0.000000000000000000e+00,0.000000000000000000e+00,0.000000000000000000e+00,0.000000000000000000e+00,0.000000000000000000e+00,0.000000000000000000e+00,0.000000000000000000e+00,0.000000000000000000e+00,0.000000000000000000e+00,0.000000000000000000e+00,0.000000000000000000e+00,0.000000000000000000e+00,0.000000000000000000e+00,0.000000000000000000e+00,0.000000000000000000e+00,0.000000000000000000e+00,0.000000000000000000e+00,0.000000000000000000e+00,0.000000000000000000e+00,0.000000000000000000e+00,0.000000000000000000e+00,0.000000000000000000e+00,0.000000000000000000e+00,0.000000000000000000e+00,0.000000000000000000e+00,0.000000000000000000e+00,0.000000000000000000e+00,0.000000000000000000e+00,0.000000000000000000e+00,0.000000000000000000e+00,0.000000000000000000e+00,0.000000000000000000e+00,0.000000000000000000e+00,0.000000000000000000e+00,0.000000000000000000e+00,0.000000000000000000e+00,0.000000000000000000e+00,0.000000000000000000e+00,0.000000000000000000e+00,0.000000000000000000e+00,0.000000000000000000e+00,0.000000000000000000e+00,0.000000000000000000e+00,0.000000000000000000e+00,0.000000000000000000e+00,0.000000000000000000e+00,0.000000000000000000e+00,0.000000000000000000e+00,0.000000000000000000e+00,0.000000000000000000e+00,0.000000000000000000e+00,0.000000000000000000e+00,0.000000000000000000e+00,0.000000000000000000e+00,0.000000000000000000e+00,0.000000000000000000e+00,0.000000000000000000e+00,0.000000000000000000e+00,0.000000000000000000e+00,0.000000000000000000e+00,0.000000000000000000e+00,0.000000000000000000e+00,0.000000000000000000e+00,0.000000000000000000e+00,0.000000000000000000e+00,0.000000000000000000e+00,0.000000000000000000e+00,0.000000000000000000e+00,0.000000000000000000e+00,0.000000000000000000e+00,0.000000000000000000e+00,0.000000000000000000e+00,0.000000000000000000e+00,0.000000000000000000e+00,0.000000000000000000e+00,0.000000000000000000e+00,0.000000000000000000e+00,0.000000000000000000e+00,0.000000000000000000e+00,0.000000000000000000e+00,0.000000000000000000e+00,0.000000000000000000e+00,0.000000000000000000e+00,0.000000000000000000e+00,0.000000000000000000e+00,0.000000000000000000e+00,0.000000000000000000e+00,0.000000000000000000e+00,0.000000000000000000e+00,0.000000000000000000e+00,0.000000000000000000e+00,0.000000000000000000e+00,0.000000000000000000e+00,0.000000000000000000e+00,0.000000000000000000e+00,0.000000000000000000e+00,0.000000000000000000e+00,0.000000000000000000e+00,0.000000000000000000e+00,0.000000000000000000e+00,0.000000000000000000e+00,0.000000000000000000e+00,0.000000000000000000e+00,0.000000000000000000e+00,0.000000000000000000e+00,0.000000000000000000e+00,0.000000000000000000e+00,0.000000000000000000e+00,0.000000000000000000e+00,0.000000000000000000e+00,0.000000000000000000e+00,0.000000000000000000e+00,0.000000000000000000e+00,0.000000000000000000e+00,0.000000000000000000e+00,0.000000000000000000e+00,0.000000000000000000e+00,0.000000000000000000e+00,0.000000000000000000e+00,0.000000000000000000e+00,3.224934507372933861e-04,3.479063375401282121e-04,3.508323350603581255e-04,3.518792581872326984e-04,3.224585242012896567e-04,2.914178034133157796e-04,2.562582751981094028e-04,2.165305038202870193e-04,1.802414305972490846e-04,1.437612294295250554e-04,1.122357200017043064e-04,8.389997992234872720e-05,5.970445301322682821e-05,3.937296950468731485e-05,2.232568856517157954e-05,8.404314040979198302e-06,-3.163406336044450779e-06,-1.266891849196595574e-05,-2.061614302679986663e-05,-2.733537994142394255e-05,-3.309322723081009902e-05,-3.811601515906658721e-05,-4.251206186015274468e-05,-4.638205002987010956e-05,-4.975382414285529502e-05,-5.265409491692326694e-05,-5.508575937418105472e-05,-5.705482889394381847e-05,-5.856728324954168401e-05,-5.963474616488314818e-05,-6.027310952019121899e-05,-6.050406750848970626e-05,-6.035053189556960454e-05,-5.984065896043411426e-05,-5.900057847929294813e-05,-5.786129201442295099e-05,-5.644999286270439311e-05,-5.479849911578882571e-05,-5.293400994443157485e-05,-5.088808620565065484e-05,-4.868723680472191898e-05,-4.636205393637699923e-05,-4.393774553200577581e-05,-4.144335934119766965e-05,-3.890225282612570475e-05,-3.634144658043792945e-05,-3.378198868940566888e-05,-3.124848446550253510e-05,-2.875931598789992905e-05,-2.633637518645290634e-05,-2.399511270875598026e-05,-2.175448284661208768e-05,-1.962680732024670697e-05,-1.762792863806968979e-05,-1.576688100086272792e-05,-1.405624206438016650e-05,-1.250160596018703959e-05,-1.111212022079165474e-05,-9.889756740431388736e-06,-8.840019588536816842e-06,-7.961010096774181211e-06,-7.254291797732079503e-06,-6.713746721113472086e-06,-6.336585579010585286e-06,-6.111994465090165628e-06,-6.032281770851846189e-06,-6.081318327665273020e-06,-6.245817625950448332e-06,-6.503578400183769171e-06,-6.834901843679710482e-06,-7.210653933227894133e-06,-7.603832679656350166e-06,-7.977478134328457298e-06,-8.296414262367348186e-06,-8.515047200174823272e-06,-8.589319660581454057e-06,-8.464451720645518946e-06,-8.087159766355638007e-06,-7.393407277028902720e-06,-6.320953427526551953e-06,-4.797191563896890567e-06,-2.752102093337602930e-06,-1.062602747611869401e-07,3.215729451059692295e-06,7.296981142987009553e-06,1.221434286093532357e-05,1.804984568735141173e-05,2.487612360210991481e-05,3.276754935582820900e-05,4.178505438931491795e-05,5.198699770158413645e-05,6.341344148790432401e-05,7.609688055845456004e-05,9.004610612057348132e-05,1.052570215540199336e-04,1.216963140785907668e-04,1.393126893372151549e-04,1.580206578605753223e-04,1.777126228601923056e-04,1.982431604499960281e-04,2.194424751182141712e-04,2.411015912994646812e-04,2.629877291104479146e-04,2.848308100490271728e-04,3.063412803973631108e-04,3.271982456231372878e-04,3.470701594984654833e-04,3.656047222810881884e-04,3.824526413786555118e-04,3.972591437868251783e-04,4.096906846682932951e-04,4.194275281852810969e-04,4.261928274857529754e-04,4.297452264748610404e-04,4.299091684593949999e-04,4.265658952820651235e-04,4.196832030343523108e-04,4.093026391570380655e-04,3.955663142776278209e-04,3.786976950325243144e-04,3.590227582188125705e-04,3.369419456609997550e-04,3.129433875563759774e-04,2.875646668729087553e-04,2.613966438621394967e-04,2.350338854845157057e-04,2.090658947842638049e-04,1.840141296823286272e-04,1.603146065493631415e-04,1.382723168474937650e-04,1.181118856312870645e-04,1.000785841787542253e-04,8.465616773122617655e-05,7.267731697732189502e-05,6.500293511685169474e-05,6.124118504949432862e-05,5.751435236606935894e-05,4.490848387324297800e-05,1.259269884599259438e-05,-4.011503917494599992e-05,-8.706496982593438239e-05,-8.702029175040988608e-05
0.000000000000000000e+00,0.000000000000000000e+00,0.000000000000000000e+00,0.000000000000000000e+00,0.000000000000000000e+00,0.000000000000000000e+00,0.000000000000000000e+00,0.000000000000000000e+00,0.000000000000000000e+00,0.000000000000000000e+00,0.000000000000000000e+00,0.000000000000000000e+00,0.000000000000000000e+00,0.000000000000000000e+00,0.000000000000000000e+00,0.000000000000000000e+00,0.000000000000000000e+00,0.000000000000000000e+00,0.000000000000000000e+00,0.000000000000000000e+00,0.000000000000000000e+00,0.000000000000000000e+00,0.000000000000000000e+00,0.000000000000000000e+00,0.000000000000000000e+00,0.000000000000000000e+00,0.000000000000000000e+00,0.000000000000000000e+00,0.000000000000000000e+00,0.000000000000000000e+00,0.000000000000000000e+00,0.000000000000000000e+00,0.000000000000000000e+00,0.000000000000000000e+00,0.000000000000000000e+00,0.000000000000000000e+00,0.000000000000000000e+00,0.000000000000000000e+00,0.000000000000000000e+00,0.000000000000000000e+00,0.000000000000000000e+00,0.000000000000000000e+00,0.000000000000000000e+00,0.000000000000000000e+00,0.000000000000000000e+00,0.000000000000000000e+00,0.000000000000000000e+00,0.000000000000000000e+00,0.000000000000000000e+00,0.000000000000000000e+00,0.000000000000000000e+00,0.000000000000000000e+00,0.000000000000000000e+00,0.000000000000000000e+00,0.000000000000000000e+00,0.000000000000000000e+00,0.000000000000000000e+00,0.000000000000000000e+00,0.000000000000000000e+00,0.000000000000000000e+00,0.000000000000000000e+00,0.000000000000000000e+00,0.000000000000000000e+00,0.000000000000000000e+00,0.000000000000000000e+00,0.000000000000000000e+00,0.000000000000000000e+00,0.000000000000000000e+00,0.000000000000000000e+00,0.000000000000000000e+00,0.000000000000000000e+00,0.000000000000000000e+00,0.000000000000000000e+00,0.000000000000000000e+00,0.000000000000000000e+00,0.000000000000000000e+00,0.000000000000000000e+00,0.000000000000000000e+00,0.000000000000000000e+00,0.000000000000000000e+00,0.000000000000000000e+00,0.000000000000000000e+00,0.000000000000000000e+00,0.000000000000000000e+00,0.000000000000000000e+00,0.000000000000000000e+00,0.000000000000000000e+00,0.000000000000000000e+00,0.000000000000000000e+00,0.000000000000000000e+00,0.000000000000000000e+00,0.000000000000000000e+00,0.000000000000000000e+00,0.000000000000000000e+00,0.000000000000000000e+00,0.000000000000000000e+00,0.000000000000000000e+00,0.000000000000000000e+00,0.000000000000000000e+00,0.000000000000000000e+00,0.000000000000000000e+00,0.000000000000000000e+00,0.000000000000000000e+00,0.000000000000000000e+00,0.000000000000000000e+00,0.000000000000000000e+00,0.000000000000000000e+00,0.000000000000000000e+00,0.000000000000000000e+00,0.000000000000000000e+00,0.000000000000000000e+00,0.000000000000000000e+00,0.000000000000000000e+00,0.000000000000000000e+00,0.000000000000000000e+00,0.000000000000000000e+00,0.000000000000000000e+00,0.000000000000000000e+00,0.000000000000000000e+00,0.000000000000000000e+00,0.000000000000000000e+00,0.000000000000000000e+00,0.000000000000000000e+00,0.000000000000000000e+00,0.000000000000000000e+00,0.000000000000000000e+00,0.000000000000000000e+00,0.000000000000000000e+00,0.000000000000000000e+00,0.000000000000000000e+00,0.000000000000000000e+00,0.000000000000000000e+00,0.000000000000000000e+00,0.000000000000000000e+00,0.000000000000000000e+00,0.000000000000000000e+00,0.000000000000000000e+00,0.000000000000000000e+00,0.000000000000000000e+00,0.000000000000000000e+00,0.000000000000000000e+00,0.000000000000000000e+00,0.000000000000000000e+00,0.000000000000000000e+00,0.000000000000000000e+00,0.000000000000000000e+00,0.000000000000000000e+00,0.000000000000000000e+00,0.000000000000000000e+00,0.000000000000000000e+00,0.000000000000000000e+00,0.000000000000000000e+00,0.000000000000000000e+00,0.000000000000000000e+00,0.000000000000000000e+00,0.000000000000000000e+00,0.000000000000000000e+00,0.000000000000000000e+00,0.000000000000000000e+00,0.000000000000000000e+00,0.000000000000000000e+00,0.000000000000000000e+00,0.000000000000000000e+00,0.000000000000000000e+00,0.000000000000000000e+00,0.000000000000000000e+00,0.000000000000000000e+00,0.000000000000000000e+00,0.000000000000000000e+00,0.000000000000000000e+00,0.000000000000000000e+00,0.000000000000000000e+00,0.000000000000000000e+00,0.000000000000000000e+00,0.000000000000000000e+00,0.000000000000000000e+00,0.000000000000000000e+00,0.000000000000000000e+00,0.000000000000000000e+00,0.000000000000000000e+00,0.000000000000000000e+00,0.000000000000000000e+00,0.000000000000000000e+00,0.000000000000000000e+00,0.000000000000000000e+00,0.000000000000000000e+00,0.000000000000000000e+00,0.000000000000000000e+00,0.000000000000000000e+00,0.000000000000000000e+00,0.000000000000000000e+00,0.000000000000000000e+00,0.000000000000000000e+00,0.000000000000000000e+00,0.000000000000000000e+00,0.000000000000000000e+00,0.000000000000000000e+00,0.000000000000000000e+00,0.000000000000000000e+00,0.000000000000000000e+00,0.000000000000000000e+00,0.000000000000000000e+00,0.000000000000000000e+00,0.000000000000000000e+00,0.000000000000000000e+00,0.000000000000000000e+00,0.000000000000000000e+00,0.000000000000000000e+00,0.000000000000000000e+00,0.000000000000000000e+00,0.000000000000000000e+00,0.000000000000000000e+00,0.000000000000000000e+00,0.000000000000000000e+00,0.000000000000000000e+00,0.000000000000000000e+00,0.000000000000000000e+00,0.000000000000000000e+00,0.000000000000000000e+00,0.000000000000000000e+00,0.000000000000000000e+00,0.000000000000000000e+00,0.000000000000000000e+00,0.000000000000000000e+00,0.000000000000000000e+00,0.000000000000000000e+00,0.000000000000000000e+00,0.000000000000000000e+00,0.000000000000000000e+00,0.000000000000000000e+00,0.000000000000000000e+00,0.000000000000000000e+00,3.042364568819541366e-04,3.420657412296352457e-04,3.449029145198454437e-04,3.565781462682703637e-04,3.241411367714764269e-04,2.916662725939795026e-04,2.500082186516570243e-04,2.099830669513950152e-04,1.711195640916801446e-04,1.340475023179239224e-04,1.020268471516559965e-04,7.326585270154341864e-05,4.919770923361323477e-05,2.878534505973805920e-05,1.193779950274506412e-05,-1.849663765826169685e-06,-1.318342790695276475e-05,-2.241912776725180239e-05,-3.008429527862259645e-05,-3.646665110286838416e-05,-4.187423952705490086e-05,-4.650454499652452027e-05,-5.049205252446154987e-05,-5.393225078178110875e-05,-5.686439212033082391e-05,-5.931819960728008988e-05,-6.130108633821229711e-05,-6.282078820899079095e-05,-6.388644233308773794e-05,-6.450902561665338591e-05,-6.470860591887237238e-05,-6.450526019283316038e-05,-6.392733729651641405e-05,-6.300111969954258408e-05,-6.175871007480487733e-05,-6.022895899534927075e-05,-5.844497278417227110e-05,-5.643601558184272094e-05,-5.423493043616360403e-05,-5.187027162702390927e-05,-4.937391041428384743e-05,-4.677297321534652628e-05,-4.409778055390737889e-05,-4.137346128648233774e-05,-3.862826175631908380e-05,-3.588484112457107340e-05,-3.316892820093255616e-05,-3.050033763973806372e-05,-2.790193368858981854e-05,-2.539040277660470439e-05,-2.298548528798830966e-05,-2.070052771357572014e-05,-1.855195099279399650e-05,-1.654959487881875832e-05,-1.470639789016691303e-05,-1.302853937766117176e-05,-1.152531034254401542e-05,-1.019905441053643179e-05,-9.055211448410778108e-06,-8.092056678591641258e-06,-7.310901238664993076e-06,-6.705628658558582013e-06,-6.273039121993300975e-06,-6.002184388247490758e-06,-5.884846156517824384e-06,-5.904674316778627399e-06,-6.047794988987962251e-06,-6.291762874048349755e-06,-6.616301572445596781e-06,-6.992088875529002490e-06,-7.391641049843698840e-06,-7.777960051311620814e-06,-8.115584494674520856e-06,-8.359139567812345464e-06,-8.464589900828253826e-06,-8.377745467863706083e-06,-8.045764485878606874e-06,-7.405680238558053027e-06,-6.396213750012663106e-06,-4.946394912141170694e-06,-2.987752520317217795e-06,-4.431052450733765170e-07,2.760802447528103425e-06,6.704271720327632587e-06,1.146150852260883254e-05,1.711131117018743869e-05,2.372338878457739411e-05,3.136875728376674311e-05,4.010552066860602495e-05,4.998902490076212170e-05,6.105716148047959056e-05,7.334040388036438651e-05,8.684676270866575757e-05,1.015719183226364470e-04,1.174840344400993882e-04,1.345342950862363804e-04,1.526418585568185392e-04,1.717051947725388059e-04,1.915875201615441074e-04,2.121293973283948776e-04,2.331350172829771970e-04,2.543865496529682142e-04,2.756316143618356873e-04,2.965998397702647579e-04,3.169917749732672281e-04,3.364980093585195095e-04,3.547896056792110438e-04,3.715399454062786482e-04,3.864165032528626086e-04,3.991053022596002375e-04,4.093035018514606374e-04,4.167459781971687692e-04,4.211977716326305667e-04,4.224818704790344985e-04,4.204700910272229138e-04,4.151106816409217684e-04,4.064157520394602510e-04,3.944869144935103677e-04,3.794970492768803350e-04,3.617120144300546266e-04,3.414645369580215938e-04,3.191703556788565610e-04,2.952927470201640475e-04,2.703527145765319143e-04,2.448841277293211066e-04,2.194388523659722054e-04,1.945323425292798424e-04,1.706431281021119251e-04,1.481480910378241351e-04,1.273257055800749624e-04,1.083149330857624440e-04,9.120239868492898186e-05,7.611856633407354197e-05,6.347518163332082199e-05,5.400137758907197505e-05,4.840087117919973371e-05,4.600321060421646625e-05,4.276331449709975309e-05,3.004524955816637624e-05,-1.725043947702225748e-06,-5.147576232924548986e-05,-9.263734024330476358e-05,-8.792668324046531481e-05
0.000000000000000000e+00,0.000000000000000000e+00,0.000000000000000000e+00,0.000000000000000000e+00,0.000000000000000000e+00,0.000000000000000000e+00,0.000000000000000000e+00,0.000000000000000000e+00,0.000000000000000000e+00,0.000000000000000000e+00,0.000000000000000000e+00,0.000000000000000000e+00,0.000000000000000000e+00,0.000000000000000000e+00,0.000000000000000000e+00,0.000000000000000000e+00,0.000000000000000000e+00,0.000000000000000000e+00,0.000000000000000000e+00,0.000000000000000000e+00,0.000000000000000000e+00,0.000000000000000000e+00,0.000000000000000000e+00,0.000000000000000000e+00,0.000000000000000000e+00,0.000000000000000000e+00,0.000000000000000000e+00,0.000000000000000000e+00,0.000000000000000000e+00,0.000000000000000000e+00,0.000000000000000000e+00,0.000000000000000000e+00,0.000000000000000000e+00,0.000000000000000000e+00,0.000000000000000000e+00,0.000000000000000000e+00,0.000000000000000000e+00,0.000000000000000000e+00,0.000000000000000000e+00,0.000000000000000000e+00,0.000000000000000000e+00,0.000000000000000000e+00,0.000000000000000000e+00,0.000000000000000000e+00,0.000000000000000000e+00,0.000000000000000000e+00,0.000000000000000000e+00,0.000000000000000000e+00,0.000000000000000000e+00,0.000000000000000000e+00,0.000000000000000000e+00,0.000000000000000000e+00,0.000000000000000000e+00,0.000000000000000000e+00,0.000000000000000000e+00,0.000000000000000000e+00,0.000000000000000000e+00,0.000000000000000000e+00,0.000000000000000000e+00,0.000000000000000000e+00,0.000000000000000000e+00,0.000000000000000000e+00,0.000000000000000000e+00,0.000000000000000000e+00,0.000000000000000000e+00,0.000000000000000000e+00,0.000000000000000000e+00,0.000000000000000000e+00,0.000000000000000000e+00,0.000000000000000000e+00,0.000000000000000000e+00,0.000000000000000000e+00,0.000000000000000000e+00,0.000000000000000000e+00,0.000000000000000000e+00,0.000000000000000000e+00,0.000000000000000000e+00,0.000000000000000000e+00,0.000000000000000000e+00,0.000000000000000000e+00,0.000000000000000000e+00,0.000000000000000000e+00,0.000000000000000000e+00,0.000000000000000000e+00,0.000000000000000000e+00,0.000000000000000000e+00,0.000000000000000000e+00,0.000000000000000000e+00,0.000000000000000000e+00,0.000000000000000000e+00,0.000000000000000000e+00,0.000000000000000000e+00,0.000000000000000000e+00,0.000000000000000000e+00,0.000000000000000000e+00,0.000000000000000000e+00,0.000000000000000000e+00,0.000000000000000000e+00,0.000000000000000000e+00,0.000000000000000000e+00,0.000000000000000000e+00,0.000000000000000000e+00,0.000000000000000000e+00,0.000000000000000000e+00,0.000000000000000000e+00,0.000000000000000000e+00,0.000000000000000000e+00,0.000000000000000000e+00,0.000000000000000000e+00,0.000000000000000000e+00,0.000000000000000000e+00,0.000000000000000000e+00,0.000000000000000000e+00,0.000000000000000000e+00,0.000000000000000000e+00,0.000000000000000000e+00,0.000000000000000000e+00,0.000000000000000000e+00,0.000000000000000000e+00,0.000000000000000000e+00,0.000000000000000000e+00,0.000000000000000000e+00,0.000000000000000000e+00,0.000000000000000000e+00,0.000000000000000000e+00,0.000000000000000000e+00,0.000000000000000000e+00,0.000000000000000000e+00,0.000000000000000000e+00,0.000000000000000000e+00,0.000000000000000000e+00,0.000000000000000000e+00,0.000000000000000000e+00,0.000000000000000000e+00,0.000000000000000000e+00,0.000000000000000000e+00,0.000000000000000000e+00,0.000000000000000000e+00,0.000000000000000000e+00,0.000000000000000000e+00,0.000000000000000000e+00,0.000000000000000000e+00,0.000000000000000000e+00,0.000000000000000000e+00,0.000000000000000000e+00,0.000000000000000000e+00,0.000000000000000000e+00,0.000000000000000000e+00,0.000000000000000000e+00,0.000000000000000000e+00,0.000000000000000000e+00,0.000000000000000000e+00,0.000000000000000000e+00,0.000000000000000000e+00,0.000000000000000000e+00,0.000000000000000000e+00,0.000000000000000000e+00,0.000000000000000000e+00,0.000000000000000000e+00,0.000000000000000000e+00,0.000000000000000000e+00,0.000000000000000000e+00,0.000000000000000000e+00,0.000000000000000000e+00,0.000000000000000000e+00,0.000000000000000000e+00,0.000000000000000000e+00,0.000000000000000000e+00,0.000000000000000000e+00,0.000000000000000000e+00,0.000000000000000000e+00,0.000000000000000000e+00,0.000000000000000000e+00,0.000000000000000000e+00,0.000000000000000000e+00,0.000000000000000000e+00,0.000000000000000000e+00,0.000000000000000000e+00,0.000000000000000000e+00,0.000000000000000000e+00,0.000000000000000000e+00,0.000000000000000000e+00,0.000000000000000000e+00,0.000000000000000000e+00,0.000000000000000000e+00,0.000000000000000000e+00,0.000000000000000000e+00,0.000000000000000000e+00,0.000000000000000000e+00,0.000000000000000000e+00,0.000000000000000000e+00,0.000000000000000000e+00,0.000000000000000000e+00,0.000000000000000000e+00,0.000000000000000000e+00,0.000000000000000000e+00,0.000000000000000000e+00,0.000000000000000000e+00,0.000000000000000000e+00,0.000000000000000000e+00,0.000000000000000000e+00,0.000000000000000000e+00,0.000000000000000000e+00,0.000000000000000000e+00,0.000000000000000000e+00,0.000000000000000000e+00,0.000000000000000000e+00,0.000000000000000000e+00,0.000000000000000000e+00,0.000000000000000000e+00,0.000000000000000000e+00,0.000000000000000000e+00,0.000000000000000000e+00,0.000000000000000000e+00,0.000000000000000000e+00,0.000000000000000000e+00,0.000000000000000000e+00,0.000000000000000000e+00,0.000000000000000000e+00,0.000000000000000000e+00,0.000000000000000000e+00,0.000000000000000000e+00,0.000000000000000000e+00,0.000000000000000000e+00,0.000000000000000000e+00,0.000000000000000000e+00,0.000000000000000000e+00,0.000000000000000000e+00,0.000000000000000000e+00,0.000000000000000000e+00,0.000000000000000000e+00,3.112900165338489795e-04,3.512423712625412000e-04,3.623914533753213284e-04,3.488036605935787679e-04,3.193609929088674082e-04,2.875258135484506754e-04,2.427031823876561224e-04,2.017225040711572012e-04,1.608620966940725952e-04,1.238683562064420694e-04,9.103224925510508656e-05,6.221041033046498876e-05,3.823142715156357794e-05,1.792393068828610991e-05,1.384316829379382228e-06,-1.217899012426912603e-05,-2.317587164687163180e-05,-3.209522681985165496e-05,-3.940278635092791501e-05,-4.540531331179722502e-05,-5.041682651268318403e-05,-5.462205489039256471e-05,-5.817160474235513311e-05,-6.115708411193193509e-05,-6.362678337611293769e-05,-6.561485073806437183e-05,-6.713016326667169641e-05,-6.818688565197859484e-05,-6.879200647830254205e-05,-6.896230336796415348e-05,-6.871519143642315956e-05,-6.807616880019454230e-05,-6.707152026634531357e-05,-6.573297690569589115e-05,-6.409088912044529648e-05,-6.217952286908208569e-05,-6.002999970873527941e-05,-5.767681688075016459e-05,-5.515032519886907999e-05,-5.248407609884129328e-05,-4.970689520250085421e-05,-4.685067079312791260e-05,-4.394215679234792470e-05,-4.101101842467596019e-05,-3.808145397661442190e-05,-3.518044182142399535e-05,-3.232921213058148065e-05,-2.955168908922854815e-05,-2.686581079398440899e-05,-2.429217027334817645e-05,-2.184517131389254412e-05,-1.954186822405239065e-05,-1.739294563972871855e-05,-1.541175116992492248e-05,-1.360509034325494230e-05,-1.198244172654060755e-05,-1.054656096177302864e-05,-9.302865322370625724e-06,-8.249842981566776997e-06,-7.388593255606162681e-06,-6.713039505787987533e-06,-6.219612424211752192e-06,-5.897268012687231566e-06,-5.737304165725291308e-06,-5.723189546473945942e-06,-5.840508481959615466e-06,-6.066612631267057888e-06,-6.380695933700737782e-06,-6.753288911804825617e-06,-7.156474105567805558e-06,-7.553252587811072398e-06,-7.907920780359096777e-06,-8.175349823794595143e-06,-8.311556342059332533e-06,-8.262946771625926488e-06,-7.977126448948971293e-06,-7.392171334017079274e-06,-6.447730061651688306e-06,-5.074392470816065494e-06,-3.205145660182930804e-06,-7.649095090440151711e-07,2.317592566465410703e-06,6.120069636154912624e-06,1.071432732479827230e-05,1.617623544149406536e-05,2.257289934958357815e-05,2.997235627727649703e-05,3.843026399139929370e-05,4.799937656146070959e-05,5.871581239109349980e-05,7.060842941262175198e-05,8.368479833045921481e-05,9.794067760025445787e-05,1.133458871668020508e-04,1.298541672426619330e-04,1.473892132776892863e-04,1.658552781575233447e-04,1.851236780265141479e-04,2.050445510589778652e-04,2.254341615581878316e-04,2.460882445696411158e-04,2.667704076116153545e-04,2.872274541350400452e-04,3.071790951648152449e-04,3.263355433395660732e-04,3.443885911867164938e-04,3.610315927843896558e-04,3.759517376857244826e-04,3.888522869919307863e-04,3.994455765519767422e-04,4.074770551831455984e-04,4.127182036710788236e-04,4.149915547115207745e-04,4.141623481841912057e-04,4.101633342646104669e-04,4.029836577326017686e-04,3.926919247688940282e-04,3.794206097671040472e-04,3.633857053783550958e-04,3.448650059997582793e-04,3.242128153442541271e-04,3.018309923946976706e-04,2.781779283454940683e-04,2.537325574424839940e-04,2.289983162050210483e-04,2.044620971117093076e-04,1.805947308217901689e-04,1.578064085799773327e-04,1.364429571294010915e-04,1.167395090030352178e-04,9.882299663639692883e-05,8.270254058560817377e-05,6.835418444053191522e-05,5.584990543917861669e-05,4.555241645593465888e-05,3.814367139836666889e-05,3.417623456181707187e-05,3.277663882574971083e-05,2.973703951663898793e-05,1.677650759510908592e-05,-1.456187191311976998e-05,-6.155547482171610076e-05,-9.747760204216013194e-05,-8.856465989890220626e-05
0.000000000000000000e+00,0.000000000000000000e+00,0.000000000000000000e+00,0.000000000000000000e+00,0.000000000000000000e+00,0.000000000000000000e+00,0.000000000000000000e+00,0.000000000000000000e+00,0.000000000000000000e+00,0.000000000000000000e+00,0.000000000000000000e+00,0.000000000000000000e+00,0.000000000000000000e+00,0.000000000000000000e+00,0.000000000000000000e+00,0.000000000000000000e+00,0.000000000000000000e+00,0.000000000000000000e+00,0.000000000000000000e+00,0.000000000000000000e+00,0.000000000000000000e+00,0.000000000000000000e+00,0.000000000000000000e+00,0.000000000000000000e+00,0.000000000000000000e+00,0.000000000000000000e+00,0.000000000000000000e+00,0.000000000000000000e+00,0.000000000000000000e+00,0.000000000000000000e+00,0.000000000000000000e+00,0.000000000000000000e+00,0.000000000000000000e+00,0.000000000000000000e+00,0.000000000000000000e+00,0.000000000000000000e+00,0.000000000000000000e+00,0.000000000000000000e+00,0.000000000000000000e+00,0.000000000000000000e+00,0.000000000000000000e+00,0.000000000000000000e+00,0.000000000000000000e+00,0.000000000000000000e+00,0.000000000000000000e+00,0.000000000000000000e+00,0.000000000000000000e+00,0.000000000000000000e+00,0.000000000000000000e+00,0.000000000000000000e+00,0.000000000000000000e+00,0.000000000000000000e+00,0.000000000000000000e+00,0.000000000000000000e+00,0.000000000000000000e+00,0.000000000000000000e+00,0.000000000000000000e+00,0.000000000000000000e+00,0.000000000000000000e+00,0.000000000000000000e+00,0.000000000000000000e+00,0.000000000000000000e+00,0.000000000000000000e+00,0.000000000000000000e+00,0.000000000000000000e+00,0.000000000000000000e+00,0.000000000000000000e+00,0.000000000000000000e+00,0.000000000000000000e+00,0.000000000000000000e+00,0.000000000000000000e+00,0.000000000000000000e+00,0.000000000000000000e+00,0.000000000000000000e+00,0.000000000000000000e+00,0.000000000000000000e+00,0.000000000000000000e+00,0.000000000000000000e+00,0.000000000000000000e+00,0.000000000000000000e+00,0.000000000000000000e+00,0.000000000000000000e+00,0.000000000000000000e+00,0.000000000000000000e+00,0.000000000000000000e+00,0.000000000000000000e+00,0.000000000000000000e+00,0.000000000000000000e+00,0.000000000000000000e+00,0.000000000000000000e+00,0.000000000000000000e+00,0.000000000000000000e+00,0.000000000000000000e+00,0.000000000000000000e+00,0.000000000000000000e+00,0.000000000000000000e+00,0.000000000000000000e+00,0.000000000000000000e+00,0.000000000000000000e+00,0.000000000000000000e+00,0.000000000000000000e+00,0.000000000000000000e+00,0.000000000000000000e+00,0.000000000000000000e+00,0.000000000000000000e+00,0.000000000000000000e+00,0.000000000000000000e+00,0.000000000000000000e+00,0.000000000000000000e+00,0.000000000000000000e+00,0.000000000000000000e+00,0.000000000000000000e+00,0.000000000000000000e+00,0.000000000000000000e+00,0.000000000000000000e+00,0.000000000000000000e+00,0.000000000000000000e+00,0.000000000000000000e+00,0.000000000000000000e+00,0.000000000000000000e+00,0.000000000000000000e+00,0.000000000000000000e+00,0.000000000000000000e+00,0.000000000000000000e+00,0.000000000000000000e+00,0.000000000000000000e+00,0.000000000000000000e+00,0.000000000000000000e+00,0.000000000000000000e+00,0.000000000000000000e+00,0.000000000000000000e+00,0.000000000000000000e+00,0.000000000000000000e+00,0.000000000000000000e+00,0.000000000000000000e+00,0.000000000000000000e+00,0.000000000000000000e+00,0.000000000000000000e+00,0.000000000000000000e+00,0.000000000000000000e+00,0.000000000000000000e+00,0.000000000000000000e+00,0.000000000000000000e+00,0.000000000000000000e+00,0.000000000000000000e+00,0.000000000000000000e+00,0.000000000000000000e+00,0.000000000000000000e+00,0.000000000000000000e+00,0.000000000000000000e+00,0.000000000000000000e+00,0.000000000000000000e+00,0.000000000000000000e+00,0.000000000000000000e+00,0.000000000000000000e+00,0.000000000000000000e+00,0.000000000000000000e+00,0.000000000000000000e+00,0.000000000000000000e+00,0.000000000000000000e+00,0.000000000000000000e+00,0.000000000000000000e+00,0.000000000000000000e+00,0.000000000000000000e+00,0.000000000000000000e+00,0.000000000000000000e+00,0.000000000000000000e+00,0.000000000000000000e+00,0.000000000000000000e+00,0.000000000000000000e+00,0.000000000000000000e+00,0.000000000000000000e+00,0.000000000000000000e+00,0.000000000000000000e+00,0.000000000000000000e+00,0.000000000000000000e+00,0.000000000000000000e+00,0.000000000000000000e+00,0.000000000000000000e+00,0.000000000000000000e+00,0.000000000000000000e+00,0.000000000000000000e+00,0.000000000000000000e+00,0.000000000000000000e+00,0.000000000000000000e+00,0.000000000000000000e+00,0.000000000000000000e+00,0.000000000000000000e+00,0.000000000000000000e+00,0.000000000000000000e+00,0.000000000000000000e+00,0.000000000000000000e+00,0.000000000000000000e+00,0.000000000000000000e+00,0.000000000000000000e+00,0.000000000000000000e+00,0.000000000000000000e+00,0.000000000000000000e+00,0.000000000000000000e+00,0.000000000000000000e+00,0.000000000000000000e+00,0.000000000000000000e+00,0.000000000000000000e+00,0.000000000000000000e+00,0.000000000000000000e+00,0.000000000000000000e+00,0.000000000000000000e+00,0.000000000000000000e+00,0.000000000000000000e+00,0.000000000000000000e+00,0.000000000000000000e+00,0.000000000000000000e+00,0.000000000000000000e+00,0.000000000000000000e+00,0.000000000000000000e+00,0.000000000000000000e+00,0.000000000000000000e+00,0.000000000000000000e+00,0.000000000000000000e+00,0.000000000000000000e+00,0.000000000000000000e+00,0.000000000000000000e+00,0.000000000000000000e+00,0.000000000000000000e+00,0.000000000000000000e+00,0.000000000000000000e+00,0.000000000000000000e+00,0.000000000000000000e+00,0.000000000000000000e+00,3.423364658965129346e-04,3.758291970425792433e-04,3.824801848213733044e-04,3.851812608071855377e-04,3.538987056176812066e-04,3.194320982246496329e-04,2.797002687793347488e-04,2.342574021280534346e-04,1.921840361385549053e-04,1.497438147805595966e-04,1.127536096936268258e-04,7.941864460799288297e-05,5.087474499094133404e-05,2.689711755002681439e-05,6.886243839273300815e-06,-9.303511969740672352e-06,-2.252714718294160175e-05,-3.311232514440419597e-05,-4.165097032702567471e-05,-4.853586349404680927e-05,-5.411713768914859290e-05,-5.868881715159288967e-05,-6.243746879988611653e-05,-6.552201881299418598e-05,-6.802804515435930289e-05,-7.001671556349028534e-05,-7.151935598689656767e-05,-7.255379068184037632e-05,-7.313322034460334139e-05,-7.326994224643600573e-05,-7.297976403430685740e-05,-7.228419313678678389e-05,-7.120742525380424116e-05,-6.978016282545587646e-05,-6.803265017910105762e-05,-6.600016188346404986e-05,-6.371518425188024172e-05,-6.121387448546126943e-05,-5.852848293567988969e-05,-5.569420024201799367e-05,-5.274180300425316111e-05,-4.970466280645148495e-05,-4.661138213301691875e-05,-4.349297196561911755e-05,-4.037533223347873694e-05,-3.728665669225672720e-05,-3.424970480068848417e-05,-3.128946449472148591e-05,-2.842520788980259792e-05,-2.567841007377284480e-05,-2.306459557967974601e-05,-2.060149484146069302e-05,-1.830068959297026894e-05,-1.617598438052596880e-05,-1.423485630061762694e-05,-1.248701995730206753e-05,-1.093568406166577283e-05,-9.586290499171861679e-06,-8.437578630160586535e-06,-7.490481568414031987e-06,-6.738999064287221434e-06,-6.179236885805486754e-06,-5.800091096714011985e-06,-5.592420097167579937e-06,-5.539546980661610473e-06,-5.626558782144554042e-06,-5.830639419547042333e-06,-6.130497312751277137e-06,-6.496549112091714859e-06,-6.900485199121108380e-06,-7.305333736415564259e-06,-7.675183436383704508e-06,-7.965167912646175234e-06,-8.131375941858846149e-06,-8.120806682406000386e-06,-7.881508404330644650e-06,-7.352564372937747271e-06,-6.474510066504789602e-06,-5.179415303913410732e-06,-3.401635126078911614e-06,-1.068053452595069140e-06,1.890778566139855232e-06,5.550181414166408463e-06,9.979778251073698352e-06,1.525278162825271117e-05,2.143397319546413632e-05,2.858873901745408584e-05,3.677061278993886366e-05,4.603011084199458419e-05,5.640190203543225383e-05,6.791355734491265176e-05,8.057246778939496188e-05,9.437469642133877084e-05,1.092918277342907172e-04,1.252801844985466690e-04,1.422678491198463063e-04,1.601645735966393904e-04,1.788492537828725057e-04,1.981809052535638449e-04,2.179868824199626307e-04,2.380753029006125510e-04,2.582242721696096440e-04,2.781961016576303702e-04,2.977277152594581789e-04,3.165469120975260482e-04,3.343639868065378614e-04,3.508901315025473189e-04,3.658300960655892255e-04,3.789026066033284118e-04,3.898336313309013683e-04,3.983784244504432847e-04,4.043146639812321029e-04,4.074654315345857102e-04,4.076911799980532025e-04,4.049126676550072914e-04,3.991004428819021018e-04,3.902965227327494387e-04,3.785999177174067046e-04,3.641857625161495026e-04,3.472854378468167658e-04,3.282020300924606273e-04,3.072839504518582138e-04,2.849361583782994726e-04,2.615869875831718832e-04,2.376957195991065462e-04,2.137137607914366361e-04,1.900908411072390247e-04,1.672330033843529679e-04,1.455100974203468625e-04,1.252114220162684659e-04,1.065546821176511101e-04,8.964033653687497572e-05,7.447539732827932162e-05,6.096422427993642069e-05,4.902222653509459653e-05,3.868692393040652912e-05,3.032175302683047643e-05,2.456520152990689765e-05,2.187142203298005674e-05,2.116202195329739360e-05,1.814897812793387263e-05,4.861331545397164347e-06,-2.605478375549576036e-05,-7.051382305917934458e-05,-1.016883883509449548e-04,-8.919428689289041234e-05
0.000000000000000000e+00,0.000000000000000000e+00,0.000000000000000000e+00,0.000000000000000000e+00,0.000000000000000000e+00,0.000000000000000000e+00,0.000000000000000000e+00,0.000000000000000000e+00,0.000000000000000000e+00,0.000000000000000000e+00,0.000000000000000000e+00,0.000000000000000000e+00,0.000000000000000000e+00,0.000000000000000000e+00,0.000000000000000000e+00,0.000000000000000000e+00,0.000000000000000000e+00,0.000000000000000000e+00,0.000000000000000000e+00,0.000000000000000000e+00,0.000000000000000000e+00,0.000000000000000000e+00,0.000000000000000000e+00,0.000000000000000000e+00,0.000000000000000000e+00,0.000000000000000000e+00,0.000000000000000000e+00,0.000000000000000000e+00,0.000000000000000000e+00,0.000000000000000000e+00,0.000000000000000000e+00,0.000000000000000000e+00,0.000000000000000000e+00,0.000000000000000000e+00,0.000000000000000000e+00,0.000000000000000000e+00,0.000000000000000000e+00,0.000000000000000000e+00,0.000000000000000000e+00,0.000000000000000000e+00,0.000000000000000000e+00,0.000000000000000000e+00,0.000000000000000000e+00,0.000000000000000000e+00,0.000000000000000000e+00,0.000000000000000000e+00,0.000000000000000000e+00,0.000000000000000000e+00,0.000000000000000000e+00,0.000000000000000000e+00,0.000000000000000000e+00,0.000000000000000000e+00,0.000000000000000000e+00,0.000000000000000000e+00,0.000000000000000000e+00,0.000000000000000000e+00,0.000000000000000000e+00,0.000000000000000000e+00,0.000000000000000000e+00,0.000000000000000000e+00,0.000000000000000000e+00,0.000000000000000000e+00,0.000000000000000000e+00,0.000000000000000000e+00,0.000000000000000000e+00,0.000000000000000000e+00,0.000000000000000000e+00,0.000000000000000000e+00,0.000000000000000000e+00,0.000000000000000000e+00,0.000000000000000000e+00,0.000000000000000000e+00,0.000000000000000000e+00,0.000000000000000000e+00,0.000000000000000000e+00,0.000000000000000000e+00,0.000000000000000000e+00,0.000000000000000000e+00,0.000000000000000000e+00,0.000000000000000000e+00,0.000000000000000000e+00,0.000000000000000000e+00,0.000000000000000000e+00,0.000000000000000000e+00,0.000000000000000000e+00,0.000000000000000000e+00,0.000000000000000000e+00,0.000000000000000000e+00,0.000000000000000000e+00,0.000000000000000000e+00,0.000000000000000000e+00,0.000000000000000000e+00,0.000000000000000000e+00,0.000000000000000000e+00,0.000000000000000000e+00,0.000000000000000000e+00,0.000000000000000000e+00,0.000000000000000000e+00,0.000000000000000000e+00,0.000000000000000000e+00,0.000000000000000000e+00,0.000000000000000000e+00,0.000000000000000000e+00,0.000000000000000000e+00,0.000000000000000000e+00,0.000000000000000000e+00,0.000000000000000000e+00,0.000000000000000000e+00,0.000000000000000000e+00,0.000000000000000000e+00,0.000000000000000000e+00,0.000000000000000000e+00,0.000000000000000000e+00,0.000000000000000000e+00,0.000000000000000000e+00,0.000000000000000000e+00,0.000000000000000000e+00,0.000000000000000000e+00,0.000000000000000000e+00,0.000000000000000000e+00,0.000000000000000000e+00,0.000000000000000000e+00,0.000000000000000000e+00,0.000000000000000000e+00,0.000000000000000000e+00,0.000000000000000000e+00,0.000000000000000000e+00,0.000000000000000000e+00,0.000000000000000000e+00,0.000000000000000000e+00,0.000000000000000000e+00,0.000000000000000000e+00,0.000000000000000000e+00,0.000000000000000000e+00,0.000000000000000000e+00,0.000000000000000000e+00,0.000000000000000000e+00,0.000000000000000000e+00,0.000000000000000000e+00,0.000000000000000000e+00,0.000000000000000000e+00,0.000000000000000000e+00,0.000000000000000000e+00,0.000000000000000000e+00,0.000000000000000000e+00,0.000000000000000000e+00,0.000000000000000000e+00,0.000000000000000000e+00,0.000000000000000000e+00,0.000000000000000000e+00,0.000000000000000000e+00,0.000000000000000000e+00,0.000000000000000000e+00,0.000000000000000000e+00,0.000000000000000000e+00,0.000000000000000000e+00,0.000000000000000000e+00,0.000000000000000000e+00,0.000000000000000000e+00,0.000000000000000000e+00,0.000000000000000000e+00,0.000000000000000000e+00,0.000000000000000000e+00,0.000000000000000000e+00,0.000000000000000000e+00,0.000000000000000000e+00,0.000000000000000000e+00,0.000000000000000000e+00,0.000000000000000000e+00,0.000000000000000000e+00,0.000000000000000000e+00,0.000000000000000000e+00,0.000000000000000000e+00,0.000000000000000000e+00,0.000000000000000000e+00,0.000000000000000000e+00,0.000000000000000000e+00,0.000000000000000000e+00,0.000000000000000000e+00,0.000000000000000000e+00,0.000000000000000000e+00,0.000000000000000000e+00,0.000000000000000000e+00,0.000000000000000000e+00,0.000000000000000000e+00,0.000000000000000000e+00,0.000000000000000000e+00,0.000000000000000000e+00,0.000000000000000000e+00,0.000000000000000000e+00,0.000000000000000000e+00,0.000000000000000000e+00,0.000000000000000000e+00,0.000000000000000000e+00,0.000000000000000000e+00,0.000000000000000000e+00,0.000000000000000000e+00,0.000000000000000000e+00,0.000000000000000000e+00,0.000000000000000000e+00,0.000000000000000000e+00,0.000000000000000000e+00,0.000000000000000000e+00,0.000000000000000000e+00,0.000000000000000000e+00,0.000000000000000000e+00,0.000000000000000000e+00,0.000000000000000000e+00,0.000000000000000000e+00,0.000000000000000000e+00,0.000000000000000000e+00,0.000000000000000000e+00,0.000000000000000000e+00,0.000000000000000000e+00,0.000000000000000000e+00,0.000000000000000000e+00,0.000000000000000000e+00,0.000000000000000000e+00,0.000000000000000000e+00,0.000000000000000000e+00,0.000000000000000000e+00,0.000000000000000000e+00,0.000000000000000000e+00,0.000000000000000000e+00,0.000000000000000000e+00,0.000000000000000000e+00,0.000000000000000000e+00,0.000000000000000000e+00,3.242785284495191167e-04,3.691749003868248307e-04,3.748989418127361174e-04,3.886526260727783287e-04,3.538682799444294209e-04,3.177907217396464868e-04,2.711263929150588932e-04,2.255377752877524733e-04,1.809279106374323475e-04,1.380930106009228299e-04,1.008217943155256287e-04,6.727793954183437428e-05,3.913428929468836524e-05,1.531860166984585407e-05,-4.233441478397869901e-06,-2.005790099882185095e-05,-3.282828538231029032e-05,-4.295033808346255920e-05,-5.103973710997337731e-05,-5.744834734915531439e-05,-6.256648048209436188e-05,-6.665618815769579761e-05,-6.992194982070263623e-05,-7.251351069856122795e-05,-7.452169692833063839e-05,-7.601030791122852280e-05,-7.701407700688946330e-05,-7.755412742773537928e-05,-7.764773662255902177e-05,-7.730777553998334495e-05,-7.655444398813541346e-05,-7.540792010871432219e-05,-7.389692908613433304e-05,-7.205032418033902953e-05,-6.990304270510774506e-05,-6.748851337937644657e-05,-6.484393581751358483e-05,-6.200346597085820807e-05,-5.900387289865451242e-05,-5.587793880126090603e-05,-5.266066208708414665e-05,-4.938249217506711586e-05,-4.607595515695293598e-05,-4.276862452576634868e-05,-3.949005337027560245e-05,-3.626451304808836474e-05,-3.311816965186645891e-05,-3.007163498611157103e-05,-2.714735775567290126e-05,-2.436200823929819518e-05,-2.173406855698160008e-05,-1.927605384637176155e-05,-1.700229028837623018e-05,-1.492096761182229227e-05,-1.304209387133807407e-05,-1.136937276748107145e-05,-9.908323338377842153e-06,-8.657977080561067660e-06,-7.619150225939985501e-06,-6.785958340255612506e-06,-6.154229563734870613e-06,-5.712837994386127735e-06,-5.452248613481560385e-06,-5.355675566009971180e-06,-5.407753664584133161e-06,-5.585533899742200309e-06,-5.867282456802199939e-06,-6.223333513548447170e-06,-6.625024503430389025e-06,-7.035435325582603384e-06,-7.418477835092958009e-06,-7.729560496242902291e-06,-7.924860126209699648e-06,-7.951960846948852139e-06,-7.759345892828230942e-06,-7.287068015183374787e-06,-6.476507130652416098e-06,-5.261134139905755810e-06,-3.576584294183679281e-06,-1.351575290324780646e-06,1.481655941931940894e-06,4.996229687134775146e-06,9.259786454652677045e-06,1.434312756937460911e-05,2.030896295102890568e-05,2.722031915273147827e-05,3.512889053304621699e-05,4.408326509827758334e-05,5.411694260305876614e-05,6.525648731327831243e-05,7.750932978903781368e-05,9.087202189233244967e-05,1.053179948729374041e-04,1.208061585495917855e-04,1.372688385178757000e-04,1.546210188384974081e-04,1.727487153005394151e-04,1.915191978428009193e-04,2.107700633906874912e-04,2.303207788487375964e-04,2.499626851201020928e-04,2.694721632248076233e-04,2.886017219195154159e-04,3.070950005683093019e-04,3.246789614825391045e-04,3.410808003423332129e-04,3.560210817555426420e-04,3.692324341018068468e-04,3.804532408490465963e-04,3.894477620259147134e-04,3.959997414031376822e-04,3.999333410963673997e-04,4.011057735557233992e-04,3.994281903362684053e-04,3.948562389982383704e-04,3.874098573584756813e-04,3.771605456141215108e-04,3.642489449136190427e-04,3.488676764945315549e-04,3.312757024679194610e-04,3.117758963869418079e-04,2.907255702569960082e-04,2.685085825002381872e-04,2.455421470164135980e-04,2.222443515721767753e-04,1.990385347659301472e-04,1.763185923325443025e-04,1.544534857116665316e-04,1.337536051275037881e-04,1.144772501821355692e-04,9.679901391631786549e-05,8.081676826772995809e-05,6.652429793196507079e-05,5.383153650355965023e-05,4.258158951479578210e-05,3.265296761216035732e-05,2.409339921439631688e-05,1.727226655698453351e-05,1.282229640892942948e-05,1.108539634034716540e-05,1.083399600106322863e-05,7.682781619209566831e-06,-5.968492750460308905e-06,-3.650562563102648106e-05,-7.854425279028073165e-05,-1.053692948731560849e-04,-8.959907640401297937e-05
0.000000000000000000e+00,0.000000000000000000e+00,0.000000000000000000e+00,0.000000000000000000e+00,0.000000000000000000e+00,0.000000000000000000e+00,0.000000000000000000e+00,0.000000000000000000e+00,0.000000000000000000e+00,0.000000000000000000e+00,0.000000000000000000e+00,0.000000000000000000e+00,0.000000000000000000e+00,0.000000000000000000e+00,0.000000000000000000e+00,0.000000000000000000e+00,0.000000000000000000e+00,0.000000000000000000e+00,0.000000000000000000e+00,0.000000000000000000e+00,0.000000000000000000e+00,0.000000000000000000e+00,0.000000000000000000e+00,0.000000000000000000e+00,0.000000000000000000e+00,0.000000000000000000e+00,0.000000000000000000e+00,0.000000000000000000e+00,0.000000000000000000e+00,0.000000000000000000e+00,0.000000000000000000e+00,0.000000000000000000e+00,0.000000000000000000e+00,0.000000000000000000e+00,0.000000000000000000e+00,0.000000000000000000e+00,0.000000000000000000e+00,0.000000000000000000e+00,0.000000000000000000e+00,0.000000000000000000e+00,0.000000000000000000e+00,0.000000000000000000e+00,0.000000000000000000e+00,0.000000000000000000e+00,0.000000000000000000e+00,0.000000000000000000e+00,0.000000000000000000e+00,0.000000000000000000e+00,0.000000000000000000e+00,0.000000000000000000e+00,0.000000000000000000e+00,0.000000000000000000e+00,0.000000000000000000e+00,0.000000000000000000e+00,0.000000000000000000e+00,0.000000000000000000e+00,0.000000000000000000e+00,0.000000000000000000e+00,0.000000000000000000e+00,0.000000000000000000e+00,0.000000000000000000e+00,0.000000000000000000e+00,0.000000000000000000e+00,0.000000000000000000e+00,0.000000000000000000e+00,0.000000000000000000e+00,0.000000000000000000e+00,0.000000000000000000e+00,0.000000000000000000e+00,0.000000000000000000e+00,0.000000000000000000e+00,0.000000000000000000e+00,0.000000000000000000e+00,0.000000000000000000e+00,0.000000000000000000e+00,0.000000000000000000e+00,0.000000000000000000e+00,0.000000000000000000e+00,0.000000000000000000e+00,0.000000000000000000e+00,0.000000000000000000e+00,0.000000000000000000e+00,0.000000000000000000e+00,0.000000000000000000e+00,0.000000000000000000e+00,0.000000000000000000e+00,0.000000000000000000e+00,0.000000000000000000e+00,0.000000000000000000e+00,0.000000000000000000e+00,0.000000000000000000e+00,0.000000000000000000e+00,0.000000000000000000e+00,0.000000000000000000e+00,0.000000000000000000e+00,0.000000000000000000e+00,0.000000000000000000e+00,0.000000000000000000e+00,0.000000000000000000e+00,0.000000000000000000e+00,0.000000000000000000e+00,0.000000000000000000e+00,0.000000000000000000e+00,0.000000000000000000e+00,0.000000000000000000e+00,0.000000000000000000e+00,0.000000000000000000e+00,0.000000000000000000e+00,0.000000000000000000e+00,0.000000000000000000e+00,0.000000000000000000e+00,0.000000000000000000e+00,0.000000000000000000e+00,0.000000000000000000e+00,0.000000000000000000e+00,0.000000000000000000e+00,0.000000000000000000e+00,0.000000000000000000e+00,0.000000000000000000e+00,0.000000000000000000e+00,0.000000000000000000e+00,0.000000000000000000e+00,0.000000000000000000e+00,0.000000000000000000e+00,0.000000000000000000e+00,0.000000000000000000e+00,0.000000000000000000e+00,0.000000000000000000e+00,0.000000000000000000e+00,0.000000000000000000e+00,0.000000000000000000e+00,0.000000000000000000e+00,0.000000000000000000e+00,0.000000000000000000e+00,0.000000000000000000e+00,0.000000000000000000e+00,0.000000000000000000e+00,0.000000000000000000e+00,0.000000000000000000e+00,0.000000000000000000e+00,0.000000000000000000e+00,0.000000000000000000e+00,0.000000000000000000e+00,0.000000000000000000e+00,0.000000000000000000e+00,0.000000000000000000e+00,0.000000000000000000e+00,0.000000000000000000e+00,0.000000000000000000e+00,0.000000000000000000e+00,0.000000000000000000e+00,0.000000000000000000e+00,0.000000000000000000e+00,0.000000000000000000e+00,0.000000000000000000e+00,0.000000000000000000e+00,0.000000000000000000e+00,0.000000000000000000e+00,0.000000000000000000e+00,0.000000000000000000e+00,0.000000000000000000e+00,0.000000000000000000e+00,0.000000000000000000e+00,0.000000000000000000e+00,0.000000000000000000e+00,0.000000000000000000e+00,0.000000000000000000e+00,0.000000000000000000e+00,0.000000000000000000e+00,0.000000000000000000e+00,0.000000000000000000e+00,0.000000000000000000e+00,0.000000000000000000e+00,0.000000000000000000e+00,0.000000000000000000e+00,0.000000000000000000e+00,0.000000000000000000e+00,0.000000000000000000e+00,0.000000000000000000e+00,0.000000000000000000e+00,0.000000000000000000e+00,0.000000000000000000e+00,0.000000000000000000e+00,0.000000000000000000e+00,0.000000000000000000e+00,0.000000000000000000e+00,0.000000000000000000e+00,0.000000000000000000e+00,0.000000000000000000e+00,0.000000000000000000e+00,0.000000000000000000e+00,0.000000000000000000e+00,0.000000000000000000e+00,0.000000000000000000e+00,0.000000000000000000e+00,0.000000000000000000e+00,0.000000000000000000e+00,0.000000000000000000e+00,0.000000000000000000e+00,0.000000000000000000e+00,0.000000000000000000e+00,0.000000000000000000e+00,0.000000000000000000e+00,0.000000000000000000e+00,0.000000000000000000e+00,0.000000000000000000e+00,0.000000000000000000e+00,0.000000000000000000e+00,0.000000000000000000e+00,0.000000000000000000e+00,0.000000000000000000e+00,0.000000000000000000e+00,0.000000000000000000e+00,0.000000000000000000e+00,0.000000000000000000e+00,0.000000000000000000e+00,0.000000000000000000e+00,0.000000000000000000e+00,0.000000000000000000e+00,0.000000000000000000e+00,0.000000000000000000e+00,0.000000000000000000e+00,0.000000000000000000e+00,0.000000000000000000e+00,0.000000000000000000e+00,0.000000000000000000e+00,0.000000000000000000e+00,3.324485637544370123e-04,3.781168559969910184e-04,3.919114316426395954e-04,3.784711754741200591e-04,3.467259594169114071e-04,3.114290292622649229e-04,2.614593453201281966e-04,2.150327586875715180e-04,1.685105657027336239e-04,1.260269736584337203e-04,8.815081459555320340e-05,5.480869636732764010e-05,2.702295230431615004e-05,3.564659453993644318e-06,-1.542378553166196955e-05,-3.079866281007914589e-05,-4.301900933154244517e-05,-5.264068269292211579e-05,-6.021110689124652886e-05,-6.610463986129220886e-05,-7.071538605694025739e-05,-7.429001251163493884e-05,-7.704463869838716400e-05,-7.912035674214365315e-05,-8.061257272306278875e-05,-8.158716636975040415e-05,-8.207950788219475356e-05,-8.211725117689261237e-05,-8.171701805975981395e-05,-8.089773509780196002e-05,-7.967841738401742232e-05,-7.808394572320506114e-05,-7.614160382725287577e-05,-7.388435489314731258e-05,-7.134558818399616676e-05,-6.856282894191701913e-05,-6.557153571555680795e-05,-6.240997266922277168e-05,-5.911277230973364098e-05,-5.571665790096333551e-05,-5.225397487712594790e-05,-4.875883744713567497e-05,-4.526059234436330782e-05,-4.179018387972317279e-05,-3.837349381818986466e-05,-3.503788877390761637e-05,-3.180540649793169451e-05,-2.869950109597888007e-05,-2.573806206797553530e-05,-2.294036708046559686e-05,-2.031992709971408963e-05,-1.789164160607642978e-05,-1.566446655622521074e-05,-1.364875811948959001e-05,-1.184876192046155322e-05,-1.027012861679199590e-05,-8.912223896094544393e-06,-7.775799777131300785e-06,-6.855126097530303536e-06,-6.145803653222885819e-06,-5.636720217326854482e-06,-5.317995083704396627e-06,-5.172766504913796389e-06,-5.185261942769452718e-06,-5.332429403274984174e-06,-5.592133853624185443e-06,-5.934652185397630080e-06,-6.331003843534102233e-06,-6.744337756135403417e-06,-7.138413975282705400e-06,-7.468920271957400623e-06,-7.692130930878528786e-06,-7.756199848349462753e-06,-7.610031530878097678e-06,-7.194605059450099270e-06,-6.452099339461965691e-06,-5.317306336085322485e-06,-3.727055818393396717e-06,-1.611774589805445968e-06,1.094746841408864135e-06,4.463602117236594808e-06,8.560629014977444936e-06,1.345443760630776490e-05,1.920588647953955827e-05,2.587589637796649400e-05,3.351456400568028507e-05,4.216881027556768432e-05,5.187119475341475536e-05,6.264750183210844581e-05,7.450536758666662324e-05,8.744196748721332795e-05,1.014326177869200100e-04,1.164387881896690349e-04,1.323968841761534736e-04,1.492268585694151047e-04,1.668214099619711843e-04,1.850554982118755322e-04,2.037761971710072453e-04,2.228134204843370018e-04,2.419706346026819161e-04,2.610370638742249617e-04,2.797793950868825543e-04,2.979556486569851425e-04,3.153078852406599321e-04,3.315778012021975774e-04,3.465002829632989165e-04,3.598206139184201768e-04,3.712885214856514278e-04,3.806766801588449753e-04,3.877746756089272737e-04,3.924082735731045601e-04,3.944325094382988449e-04,3.937509933664389678e-04,3.903071568686512088e-04,3.841027195435907696e-04,3.751860307527933873e-04,3.636687820593331884e-04,3.497104258035329334e-04,3.335323376717074808e-04,3.153975311359181002e-04,2.956218131012961262e-04,2.745484875064645603e-04,2.525566420653704066e-04,2.300312643491177439e-04,2.073696739694926819e-04,1.849484729473187510e-04,1.631302998393976598e-04,1.422301513083282243e-04,1.225255588815271949e-04,1.042247547372269226e-04,8.748193082233488493e-05,7.236631613412971610e-05,5.888108131385617552e-05,4.693417663316571667e-05,3.637596533060421291e-05,2.701040305752776691e-05,1.871873272673606607e-05,1.156697139824871192e-05,5.962553513839785439e-06,2.518656349018170200e-06,1.502022701531672473e-06,1.518794581459063804e-06,-1.845739674308398229e-06,-1.587527671303129277e-05,-4.599264834575571373e-05,-8.576368095234600925e-05,-1.086004179853261033e-04,-9.003339310481567716e-05
0.000000000000000000e+00,0.000000000000000000e+00,0.000000000000000000e+00,0.000000000000000000e+00,0.000000000000000000e+00,0.000000000000000000e+00,0.000000000000000000e+00,0.000000000000000000e+00,0.000000000000000000e+00,0.000000000000000000e+00,0.000000000000000000e+00,0.000000000000000000e+00,0.000000000000000000e+00,0.000000000000000000e+00,0.000000000000000000e+00,0.000000000000000000e+00,0.000000000000000000e+00,0.000000000000000000e+00,0.000000000000000000e+00,0.000000000000000000e+00,0.000000000000000000e+00,0.000000000000000000e+00,0.000000000000000000e+00,0.000000000000000000e+00,0.000000000000000000e+00,0.000000000000000000e+00,0.000000000000000000e+00,0.000000000000000000e+00,0.000000000000000000e+00,0.000000000000000000e+00,0.000000000000000000e+00,0.000000000000000000e+00,0.000000000000000000e+00,0.000000000000000000e+00,0.000000000000000000e+00,0.000000000000000000e+00,0.000000000000000000e+00,0.000000000000000000e+00,0.000000000000000000e+00,0.000000000000000000e+00,0.000000000000000000e+00,0.000000000000000000e+00,0.000000000000000000e+00,0.000000000000000000e+00,0.000000000000000000e+00,0.000000000000000000e+00,0.000000000000000000e+00,0.000000000000000000e+00,0.000000000000000000e+00,0.000000000000000000e+00,0.000000000000000000e+00,0.000000000000000000e+00,0.000000000000000000e+00,0.000000000000000000e+00,0.000000000000000000e+00,0.000000000000000000e+00,0.000000000000000000e+00,0.000000000000000000e+00,0.000000000000000000e+00,0.000000000000000000e+00,0.000000000000000000e+00,0.000000000000000000e+00,0.000000000000000000e+00,0.000000000000000000e+00,0.000000000000000000e+00,0.000000000000000000e+00,0.000000000000000000e+00,0.000000000000000000e+00,0.000000000000000000e+00,0.000000000000000000e+00,0.000000000000000000e+00,0.000000000000000000e+00,0.000000000000000000e+00,0.000000000000000000e+00,0.000000000000000000e+00,0.000000000000000000e+00,0.000000000000000000e+00,0.000000000000000000e+00,0.000000000000000000e+00,0.000000000000000000e+00,0.000000000000000000e+00,0.000000000000000000e+00,0.000000000000000000e+00,0.000000000000000000e+00,0.000000000000000000e+00,0.000000000000000000e+00,0.000000000000000000e+00,0.000000000000000000e+00,0.000000000000000000e+00,0.000000000000000000e+00,0.000000000000000000e+00,0.000000000000000000e+00,0.000000000000000000e+00,0.000000000000000000e+00,0.000000000000000000e+00,0.000000000000000000e+00,0.000000000000000000e+00,0.000000000000000000e+00,0.000000000000000000e+00,0.000000000000000000e+00,0.000000000000000000e+00,0.000000000000000000e+00,0.000000000000000000e+00,0.000000000000000000e+00,0.000000000000000000e+00,0.000000000000000000e+00,0.000000000000000000e+00,0.000000000000000000e+00,0.000000000000000000e+00,0.000000000000000000e+00,0.000000000000000000e+00,0.000000000000000000e+00,0.000000000000000000e+00,0.000000000000000000e+00,0.000000000000000000e+00,0.000000000000000000e+00,0.000000000000000000e+00,0.000000000000000000e+00,0.000000000000000000e+00,0.000000000000000000e+00,0.000000000000000000e+00,0.000000000000000000e+00,0.000000000000000000e+00,0.000000000000000000e+00,0.000000000000000000e+00,0.000000000000000000e+00,0.000000000000000000e+00,0.000000000000000000e+00,0.000000000000000000e+00,0.000000000000000000e+00,0.000000000000000000e+00,0.000000000000000000e+00,0.000000000000000000e+00,0.000000000000000000e+00,0.000000000000000000e+00,0.000000000000000000e+00,0.000000000000000000e+00,0.000000000000000000e+00,0.000000000000000000e+00,0.000000000000000000e+00,0.000000000000000000e+00,0.000000000000000000e+00,0.000000000000000000e+00,0.000000000000000000e+00,0.000000000000000000e+00,0.000000000000000000e+00,0.000000000000000000e+00,0.000000000000000000e+00,0.000000000000000000e+00,0.000000000000000000e+00,0.000000000000000000e+00,0.000000000000000000e+00,0.000000000000000000e+00,0.000000000000000000e+00,0.000000000000000000e+00,0.000000000000000000e+00,0.000000000000000000e+00,0.000000000000000000e+00,0.000000000000000000e+00,0.000000000000000000e+00,0.000000000000000000e+00,0.000000000000000000e+00,0.000000000000000000e+00,0.000000000000000000e+00,0.000000000000000000e+00,0.000000000000000000e+00,0.000000000000000000e+00,0.000000000000000000e+00,0.000000000000000000e+00,0.000000000000000000e+00,0.000000000000000000e+00,0.000000000000000000e+00,0.000000000000000000e+00,0.000000000000000000e+00,0.000000000000000000e+00,0.000000000000000000e+00,0.000000000000000000e+00,0.000000000000000000e+00,0.000000000000000000e+00,0.000000000000000000e+00,0.000000000000000000e+00,0.000000000000000000e+00,0.000000000000000000e+00,0.000000000000000000e+00,0.000000000000000000e+00,0.000000000000000000e+00,0.000000000000000000e+00,0.000000000000000000e+00,0.000000000000000000e+00,0.000000000000000000e+00,0.000000000000000000e+00,0.000000000000000000e+00,0.000000000000000000e+00,0.000000000000000000e+00,0.000000000000000000e+00,0.000000000000000000e+00,0.000000000000000000e+00,0.000000000000000000e+00,0.000000000000000000e+00,0.000000000000000000e+00,0.000000000000000000e+00,0.000000000000000000e+00,0.000000000000000000e+00,0.000000000000000000e+00,0.000000000000000000e+00,0.000000000000000000e+00,0.000000000000000000e+00,0.000000000000000000e+00,0.000000000000000000e+00,0.000000000000000000e+00,0.000000000000000000e+00,0.000000000000000000e+00,0.000000000000000000e+00,0.000000000000000000e+00,0.000000000000000000e+00,0.000000000000000000e+00,0.000000000000000000e+00,0.000000000000000000e+00,0.000000000000000000e+00,0.000000000000000000e+00,0.000000000000000000e+00,0.000000000000000000e+00,0.000000000000000000e+00,0.000000000000000000e+00,0.000000000000000000e+00,3.601976234979510031e-04,4.004993067367392141e-04,4.097090167267369290e-04,4.142106046855685781e-04,3.816798771641461709e-04,3.445854090396450998e-04,3.010258974076367665e-04,2.505795218830991961e-04,2.032454636417541224e-04,1.552784955444330023e-04,1.130779229774060262e-04,7.494103118147614256e-05,4.216851575510112985e-05,1.464363878938941478e-05,-8.254710973241362700e-06,-2.664408392808008329e-05,-4.145724302621054454e-05,-5.306033293693347865e-05,-6.212595815317757328e-05,-6.911905160053021815e-05,-7.446326147401059693e-05,-7.852689655326496455e-05,-8.155845482053731893e-05,-8.377760116524317693e-05,-8.531670613886563640e-05,-8.627932870520807723e-05,-8.672681482518153969e-05,-8.670105710477762125e-05,-8.622940365487297219e-05,-8.533349917725156742e-05,-8.403279802231704884e-05,-8.235047441819424638e-05,-8.031102482384473219e-05,-7.794556490517356941e-05,-7.528580547101610646e-05,-7.236895583965474959e-05,-6.923084001685232767e-05,-6.591074308759344903e-05,-6.244490567534415569e-05,-5.887163175922713895e-05,-5.522521364688581433e-05,-5.154138055449324551e-05,-4.785133176957744093e-05,-4.418747866439786125e-05,-4.057735754230185798e-05,-3.704961948865856950e-05,-3.362775382329136073e-05,-3.033630308342919905e-05,-2.719440265114583157e-05,-2.422220476342655093e-05,-2.143425026781574697e-05,-1.884608517255289130e-05,-1.646747163034595292e-05,-1.430918089060969778e-05,-1.237604302330100975e-05,-1.067390157750377252e-05,-9.202498843267104767e-06,-7.962579162735273103e-06,-6.948607372777150093e-06,-6.156009554980429356e-06,-5.573725338116366979e-06,-5.191577466700772993e-06,-4.992663269911227166e-06,-4.960848311151792986e-06,-5.073008392179630614e-06,-5.306647980237868159e-06,-5.632011506359178870e-06,-6.019834205212024033e-06,-6.433349919629300815e-06,-6.836190097237064881e-06,-7.184324282456078718e-06,-7.434131632179030659e-06,-7.534318854441329585e-06,-7.434196718062795705e-06,-7.075627060210502907e-06,-6.401542931302649549e-06,-5.347979713829740637e-06,-3.852879994793707193e-06,-1.848261741476565906e-06,7.306542845145255286e-07,3.953096118669570229e-06,7.883263799014881575e-06,1.258777692701353627e-05,1.812584183940020528e-05,2.455650154919218232e-05,3.192847018668943168e-05,4.028723272931767198e-05,4.966460879957533179e-05,6.008579956818883080e-05,7.155878772354261233e-05,8.408148391670676523e-05,9.763111532807406366e-05,1.121716778496752149e-04,1.276435050686213499e-04,1.439712769995923523e-04,1.610539859065272122e-04,1.787737786552333536e-04,1.969865365312463120e-04,2.155318270615202156e-04,2.342242835949493081e-04,2.528649060411347475e-04,2.712333564585310509e-04,2.891007717271353006e-04,3.062229814274696035e-04,3.223548783054628209e-04,3.372444169408438282e-04,3.506484345264488474e-04,3.623271117684226579e-04,3.720609575944269429e-04,3.796452226509058653e-04,3.849075743788273030e-04,3.877017708453865522e-04,3.879253816419667373e-04,3.855118855715060485e-04,3.804476697794464349e-04,3.727616461461113789e-04,3.625407242708876304e-04,3.499160909675705822e-04,3.350764444866604383e-04,3.182502929368160910e-04,2.997164968025001815e-04,2.797823494003740972e-04,2.587914236010039606e-04,2.370978064908914004e-04,2.150718697713245716e-04,1.930718130642318357e-04,1.714487376195501995e-04,1.505175698526147984e-04,1.305636289161232982e-04,1.118158055855216024e-04,9.445699042716320770e-05,7.860170320610262984e-05,6.431026435149871166e-05,5.156941870036088865e-05,4.030694979588136549e-05,3.037741696530536927e-05,2.159182942439735216e-05,1.374954729047654375e-05,6.744390761093727595e-06,6.891093688522141335e-07,-3.981793526543854611e-06,-6.651203797314203547e-06,-7.153151319505612269e-06,-7.002325032506434250e-06,-1.066859741287793964e-05,-2.506246911352000056e-05,-5.476588546475932357e-05,-9.232453918764055940e-05,-1.114552693031873443e-04,-9.027615580722300010e-05
0.000000000000000000e+00,0.000000000000000000e+00,0.000000000000000000e+00,0.000000000000000000e+00,0.000000000000000000e+00,0.000000000000000000e+00,0.000000000000000000e+00,0.000000000000000000e+00,0.000000000000000000e+00,0.000000000000000000e+00,0.000000000000000000e+00,0.000000000000000000e+00,0.000000000000000000e+00,0.000000000000000000e+00,0.000000000000000000e+00,0.000000000000000000e+00,0.000000000000000000e+00,0.000000000000000000e+00,0.000000000000000000e+00,0.000000000000000000e+00,0.000000000000000000e+00,0.000000000000000000e+00,0.000000000000000000e+00,0.000000000000000000e+00,0.000000000000000000e+00,0.000000000000000000e+00,0.000000000000000000e+00,0.000000000000000000e+00,0.000000000000000000e+00,0.000000000000000000e+00,0.000000000000000000e+00,0.000000000000000000e+00,0.000000000000000000e+00,0.000000000000000000e+00,0.000000000000000000e+00,0.000000000000000000e+00,0.000000000000000000e+00,0.000000000000000000e+00,0.000000000000000000e+00,0.000000000000000000e+00,0.000000000000000000e+00,0.000000000000000000e+00,0.000000000000000000e+00,0.000000000000000000e+00,0.000000000000000000e+00,0.000000000000000000e+00,0.000000000000000000e+00,0.000000000000000000e+00,0.000000000000000000e+00,0.000000000000000000e+00,0.000000000000000000e+00,0.000000000000000000e+00,0.000000000000000000e+00,0.000000000000000000e+00,0.000000000000000000e+00,0.000000000000000000e+00,0.000000000000000000e+00,0.000000000000000000e+00,0.000000000000000000e+00,0.000000000000000000e+00,0.000000000000000000e+00,0.000000000000000000e+00,0.000000000000000000e+00,0.000000000000000000e+00,0.000000000000000000e+00,0.000000000000000000e+00,0.000000000000000000e+00,0.000000000000000000e+00,0.000000000000000000e+00,0.000000000000000000e+00,0.000000000000000000e+00,0.000000000000000000e+00,0.000000000000000000e+00,0.000000000000000000e+00,0.000000000000000000e+00,0.000000000000000000e+00,0.000000000000000000e+00,0.000000000000000000e+00,0.000000000000000000e+00,0.000000000000000000e+00,0.000000000000000000e+00,0.000000000000000000e+00,0.000000000000000000e+00,0.000000000000000000e+00,0.000000000000000000e+00,0.000000000000000000e+00,0.000000000000000000e+00,0.000000000000000000e+00,0.000000000000000000e+00,0.000000000000000000e+00,0.000000000000000000e+00,0.000000000000000000e+00,0.000000000000000000e+00,0.000000000000000000e+00,0.000000000000000000e+00,0.000000000000000000e+00,0.000000000000000000e+00,0.000000000000000000e+00,0.000000000000000000e+00,0.000000000000000000e+00,0.000000000000000000e+00,0.000000000000000000e+00,0.000000000000000000e+00,0.000000000000000000e+00,0.000000000000000000e+00,0.000000000000000000e+00,0.000000000000000000e+00,0.000000000000000000e+00,0.000000000000000000e+00,0.000000000000000000e+00,0.000000000000000000e+00,0.000000000000000000e+00,0.000000000000000000e+00,0.000000000000000000e+00,0.000000000000000000e+00,0.000000000000000000e+00,0.000000000000000000e+00,0.000000000000000000e+00,0.000000000000000000e+00,0.000000000000000000e+00,0.000000000000000000e+00,0.000000000000000000e+00,0.000000000000000000e+00,0.000000000000000000e+00,0.000000000000000000e+00,0.000000000000000000e+00,0.000000000000000000e+00,0.000000000000000000e+00,0.000000000000000000e+00,0.000000000000000000e+00,0.000000000000000000e+00,0.000000000000000000e+00,0.000000000000000000e+00,0.000000000000000000e+00,0.000000000000000000e+00,0.000000000000000000e+00,0.000000000000000000e+00,0.000000000000000000e+00,0.000000000000000000e+00,0.000000000000000000e+00,0.000000000000000000e+00,0.000000000000000000e+00,0.000000000000000000e+00,0.000000000000000000e+00,0.000000000000000000e+00,0.000000000000000000e+00,0.000000000000000000e+00,0.000000000000000000e+00,0.000000000000000000e+00,0.000000000000000000e+00,0.000000000000000000e+00,0.000000000000000000e+00,0.000000000000000000e+00,0.000000000000000000e+00,0.000000000000000000e+00,0.000000000000000000e+00,0.000000000000000000e+00,0.000000000000000000e+00,0.000000000000000000e+00,0.000000000000000000e+00,0.000000000000000000e+00,0.000000000000000000e+00,0.000000000000000000e+00,0.000000000000000000e+00,0.000000000000000000e+00,0.000000000000000000e+00,0.000000000000000000e+00,0.000000000000000000e+00,0.000000000000000000e+00,0.000000000000000000e+00,0.000000000000000000e+00,0.000000000000000000e+00,0.000000000000000000e+00,0.000000000000000000e+00,0.000000000000000000e+00,0.000000000000000000e+00,0.000000000000000000e+00,0.000000000000000000e+00,0.000000000000000000e+00,0.000000000000000000e+00,0.000000000000000000e+00,0.000000000000000000e+00,0.000000000000000000e+00,0.000000000000000000e+00,0.000000000000000000e+00,0.000000000000000000e+00,0.000000000000000000e+00,0.000000000000000000e+00,0.000000000000000000e+00,0.000000000000000000e+00,0.000000000000000000e+00,0.000000000000000000e+00,0.000000000000000000e+00,0.000000000000000000e+00,0.000000000000000000e+00,0.000000000000000000e+00,0.000000000000000000e+00,0.000000000000000000e+00,0.000000000000000000e+00,0.000000000000000000e+00,0.000000000000000000e+00,0.000000000000000000e+00,0.000000000000000000e+00,0.000000000000000000e+00,0.000000000000000000e+00,0.000000000000000000e+00,0.000000000000000000e+00,0.000000000000000000e+00,0.000000000000000000e+00,0.000000000000000000e+00,0.000000000000000000e+00,0.000000000000000000e+00,0.000000000000000000e+00,0.000000000000000000e+00,0.000000000000000000e+00,0.000000000000000000e+00,0.000000000000000000e+00,0.000000000000000000e+00,0.000000000000000000e+00,0.000000000000000000e+00,0.000000000000000000e+00,0.000000000000000000e+00,0.000000000000000000e+00,0.000000000000000000e+00,3.417131129847777288e-04,3.927140604284033373e-04,3.999154170914557020e-04,4.159634484371378346e-04,3.793501302781373229e-04,3.406233516307663554e-04,2.898067271483253677e-04,2.394464727835281584e-04,1.896944437118728980e-04,1.415898659931203287e-04,9.938766431101312933e-05,6.130531937386037597e-05,2.923346156208802857e-05,2.133636681743798442e-06,-2.003882444261262573e-05,-3.782421815088592138e-05,-5.196392369184215434e-05,-6.290760195334900928e-05,-7.135550430168138467e-05,-7.772589824644881185e-05,-8.248578358139353089e-05,-8.596613204575772032e-05,-8.843298216283975572e-05,-9.009294789151174631e-05,-9.108104964986893728e-05,-9.150044932383431231e-05,-9.141320828050039106e-05,-9.086307045162015142e-05,-8.988040327539268044e-05,-8.848783489541672592e-05,-8.670922034102350245e-05,-8.456749163533486507e-05,-8.209147289550676756e-05,-7.931118926654990176e-05,-7.626219293794822020e-05,-7.298016288276213770e-05,-6.950444032797626064e-05,-6.587248697893037497e-05,-6.212385408528628796e-05,-5.829465475842938115e-05,-5.442225166052751543e-05,-5.053970748061797235e-05,-4.668099817041555170e-05,-4.287535900928813709e-05,-3.915280232246458352e-05,-3.553831767349941481e-05,-3.205759104341944916e-05,-2.873105510199507965e-05,-2.557978654143718553e-05,-2.261940935311689579e-05,-1.986616886701842412e-05,-1.733068571328642005e-05,-1.502420238610047341e-05,-1.295218241387536524e-05,-1.112071960173193001e-05,-9.529977663750195265e-06,-8.180749663272768039e-06,-7.067736008654619535e-06,-6.186241976153138441e-06,-5.525295482900300077e-06,-5.074473059647208633e-06,-4.816863199080502447e-06,-4.736015268432076549e-06,-4.808759782489039162e-06,-5.012280319051587409e-06,-5.316808903253235183e-06,-5.692827835710404214e-06,-6.103666286020048841e-06,-6.512846720975510689e-06,-6.876617219466042015e-06,-7.151465278786366426e-06,-7.286628363857289151e-06,-7.231805307513880310e-06,-6.929693894651176900e-06,-6.323935531397963987e-06,-5.351731583644455539e-06,-3.952058823839837460e-06,-2.058413887118500901e-06,3.926666277394574618e-07,3.468693819776410784e-06,7.232378692907158510e-06,1.174853071338775153e-05,1.707487863455845389e-05,2.326878721105289316e-05,3.037777117801265740e-05,3.844607561248110399e-05,4.750494369469398777e-05,5.757915234985403781e-05,6.867713555946354986e-05,8.079761719772603852e-05,9.391973309883205326e-05,1.080099516710758491e-04,1.230123731165402759e-04,1.388561680999573209e-04,1.554462536635909211e-04,1.726715026981616896e-04,1.903959950886676843e-04,2.084682479236847662e-04,2.267132100059313690e-04,2.449427280361868384e-04,2.629483878040609897e-04,2.805133611453574640e-04,2.974060963306452885e-04,3.133935844860885156e-04,3.282357679008002563e-04,3.417001277118291878e-04,3.535565203521131650e-04,3.635928309396211852e-04,3.716097789507315664e-04,3.774372199912871210e-04,3.809283019641161966e-04,3.819758535825806497e-04,3.805051474076150348e-04,3.764897138417050188e-04,3.699419077566346590e-04,3.609274633246001306e-04,3.495530995284528678e-04,3.359792173428917069e-04,3.204039478177483067e-04,3.030736188682114549e-04,2.842629705987355219e-04,2.642834014396734177e-04,2.434595493042084979e-04,2.221358540211563516e-04,2.006502903273538446e-04,1.793404030805258805e-04,1.585156038086956657e-04,1.384644802368929577e-04,1.194276497926380928e-04,1.016086962113274468e-04,8.514978340303891273e-05,7.014829281324747826e-05,5.663585653451553751e-05,4.459992374803638075e-05,3.396277221556728593e-05,2.460507090643690323e-05,1.634624026380519833e-05,8.987601647924198367e-06,2.334063137695117828e-06,-3.682707616588768798e-06,-8.909768117954487633e-06,-1.286660536546816915e-05,-1.495624893833314009e-05,-1.508435008539693408e-05,-1.490946190362758758e-05,-1.889457952904614982e-05,-3.363195738330961693e-05,-6.285609403149604573e-05,-9.830811810835887591e-05,-1.139954968186522534e-04,-9.057606133204497401e-05
0.000000000000000000e+00,0.000000000000000000e+00,0.000000000000000000e+00,0.000000000000000000e+00,0.000000000000000000e+00,0.000000000000000000e+00,0.000000000000000000e+00,0.000000000000000000e+00,0.000000000000000000e+00,0.000000000000000000e+00,0.000000000000000000e+00,0.000000000000000000e+00,0.000000000000000000e+00,0.000000000000000000e+00,0.000000000000000000e+00,0.000000000000000000e+00,0.000000000000000000e+00,0.000000000000000000e+00,0.000000000000000000e+00,0.000000000000000000e+00,0.000000000000000000e+00,0.000000000000000000e+00,0.000000000000000000e+00,0.000000000000000000e+00,0.000000000000000000e+00,0.000000000000000000e+00,0.000000000000000000e+00,0.000000000000000000e+00,0.000000000000000000e+00,0.000000000000000000e+00,0.000000000000000000e+00,0.000000000000000000e+00,0.000000000000000000e+00,0.000000000000000000e+00,0.000000000000000000e+00,0.000000000000000000e+00,0.000000000000000000e+00,0.000000000000000000e+00,0.000000000000000000e+00,0.000000000000000000e+00,0.000000000000000000e+00,0.000000000000000000e+00,0.000000000000000000e+00,0.000000000000000000e+00,0.000000000000000000e+00,0.000000000000000000e+00,0.000000000000000000e+00,0.000000000000000000e+00,0.000000000000000000e+00,0.000000000000000000e+00,0.000000000000000000e+00,0.000000000000000000e+00,0.000000000000000000e+00,0.000000000000000000e+00,0.000000000000000000e+00,0.000000000000000000e+00,0.000000000000000000e+00,0.000000000000000000e+00,0.000000000000000000e+00,0.000000000000000000e+00,0.000000000000000000e+00,0.000000000000000000e+00,0.000000000000000000e+00,0.000000000000000000e+00,0.000000000000000000e+00,0.000000000000000000e+00,0.000000000000000000e+00,0.000000000000000000e+00,0.000000000000000000e+00,0.000000000000000000e+00,0.000000000000000000e+00,0.000000000000000000e+00,0.000000000000000000e+00,0.000000000000000000e+00,0.000000000000000000e+00,0.000000000000000000e+00,0.000000000000000000e+00,0.000000000000000000e+00,0.000000000000000000e+00,0.000000000000000000e+00,0.000000000000000000e+00,0.000000000000000000e+00,0.000000000000000000e+00,0.000000000000000000e+00,0.000000000000000000e+00,0.000000000000000000e+00,0.000000000000000000e+00,0.000000000000000000e+00,0.000000000000000000e+00,0.000000000000000000e+00,0.000000000000000000e+00,0.000000000000000000e+00,0.000000000000000000e+00,0.000000000000000000e+00,0.000000000000000000e+00,0.000000000000000000e+00,0.000000000000000000e+00,0.000000000000000000e+00,0.000000000000000000e+00,0.000000000000000000e+00,0.000000000000000000e+00,0.000000000000000000e+00,0.000000000000000000e+00,0.000000000000000000e+00,0.000000000000000000e+00,0.000000000000000000e+00,0.000000000000000000e+00,0.000000000000000000e+00,0.000000000000000000e+00,0.000000000000000000e+00,0.000000000000000000e+00,0.000000000000000000e+00,0.000000000000000000e+00,0.000000000000000000e+00,0.000000000000000000e+00,0.000000000000000000e+00,0.000000000000000000e+00,0.000000000000000000e+00,0.000000000000000000e+00,0.000000000000000000e+00,0.000000000000000000e+00,0.000000000000000000e+00,0.000000000000000000e+00,0.000000000000000000e+00,0.000000000000000000e+00,0.000000000000000000e+00,0.000000000000000000e+00,0.000000000000000000e+00,0.000000000000000000e+00,0.000000000000000000e+00,0.000000000000000000e+00,0.000000000000000000e+00,0.000000000000000000e+00,0.000000000000000000e+00,0.000000000000000000e+00,0.000000000000000000e+00,0.000000000000000000e+00,0.000000000000000000e+00,0.000000000000000000e+00,0.000000000000000000e+00,0.000000000000000000e+00,0.000000000000000000e+00,0.000000000000000000e+00,0.000000000000000000e+00,0.000000000000000000e+00,0.000000000000000000e+00,0.000000000000000000e+00,0.000000000000000000e+00,0.000000000000000000e+00,0.000000000000000000e+00,0.000000000000000000e+00,0.000000000000000000e+00,0.000000000000000000e+00,0.000000000000000000e+00,0.000000000000000000e+00,0.000000000000000000e+00,0.000000000000000000e+00,0.000000000000000000e+00,0.000000000000000000e+00,0.000000000000000000e+00,0.000000000000000000e+00,0.000000000000000000e+00,0.000000000000000000e+00,0.000000000000000000e+00,0.000000000000000000e+00,0.000000000000000000e+00,0.000000000000000000e+00,0.000000000000000000e+00,0.000000000000000000e+00,0.000000000000000000e+00,0.000000000000000000e+00,0.000000000000000000e+00,0.000000000000000000e+00,0.000000000000000000e+00,0.000000000000000000e+00,0.000000000000000000e+00,0.000000000000000000e+00,0.000000000000000000e+00,0.000000000000000000e+00,0.000000000000000000e+00,0.000000000000000000e+00,0.000000000000000000e+00,0.000000000000000000e+00,0.000000000000000000e+00,0.000000000000000000e+00,0.000000000000000000e+00,0.000000000000000000e+00,0.000000000000000000e+00,0.000000000000000000e+00,0.000000000000000000e+00,0.000000000000000000e+00,0.000000000000000000e+00,0.000000000000000000e+00,0.000000000000000000e+00,0.000000000000000000e+00,0.000000000000000000e+00,0.000000000000000000e+00,0.000000000000000000e+00,0.000000000000000000e+00,0.000000000000000000e+00,0.000000000000000000e+00,0.000000000000000000e+00,0.000000000000000000e+00,0.000000000000000000e+00,0.000000000000000000e+00,0.000000000000000000e+00,0.000000000000000000e+00,0.000000000000000000e+00,0.000000000000000000e+00,0.000000000000000000e+00,0.000000000000000000e+00,0.000000000000000000e+00,0.000000000000000000e+00,0.000000000000000000e+00,0.000000000000000000e+00,0.000000000000000000e+00,0.000000000000000000e+00,0.000000000000000000e+00,0.000000000000000000e+00,0.000000000000000000e+00,0.000000000000000000e+00,0.000000000000000000e+00,0.000000000000000000e+00,3.495461461441786311e-04,4.007357540706680946e-04,4.158967676156274376e-04,4.033001522278080952e-04,3.695033479900518975e-04,3.317751369854570224e-04,2.775183956827512481e-04,2.265398684209689729e-04,1.750158127943734359e-04,1.275881076725415223e-04,8.504112954718728260e-05,4.745838176233442389e-05,1.604138239075799551e-05,-1.043067157490011687e-05,-3.177471697460499582e-05,-4.887858365895574254e-05,-6.225327954456962313e-05,-7.251005715281508214e-05,-8.027726126424124318e-05,-8.599460927713252045e-05,-9.013334281736824207e-05,-9.300389984593482968e-05,-9.488405201679928286e-05,-9.596701082306988227e-05,-9.639142780513751244e-05,-9.625883866752946551e-05,-9.563075434420816902e-05,-9.455493879359055769e-05,-9.306084973200040036e-05,-9.117608343313316009e-05,-8.892408620772329674e-05,-8.633214987329858553e-05,-8.342859278433237779e-05,-8.024708672712219397e-05,-7.682216614666762216e-05,-7.319274708612504628e-05,-6.939662545280192018e-05,-6.547428969959543884e-05,-6.146328267759533840e-05,-5.740253198042056805e-05,-5.332692242255595807e-05,-4.927204296440794272e-05,-4.526889752528953003e-05,-4.134892456132318992e-05,-3.753867877231314884e-05,-3.386504701950701673e-05,-3.034980395099070040e-05,-2.701500734225005965e-05,-2.387740136853166751e-05,-2.095399089407435747e-05,-1.825629282520292086e-05,-1.579608320555022012e-05,-1.357949915337012286e-05,-1.161294624208634235e-05,-9.897050707110209669e-06,-8.432713113041749605e-06,-7.214909676218642180e-06,-6.238879975728602906e-06,-5.493778016797657392e-06,-4.968984968250132097e-06,-4.647614436012563658e-06,-4.512945384314341457e-06,-4.541791574419009841e-06,-4.711055043820875893e-06,-4.990976478330410358e-06,-5.351815942806555538e-06,-5.757008720684574967e-06,-6.169987165701921097e-06,-6.547274667350880525e-06,-6.845469945967560301e-06,-7.014319386637220063e-06,-7.003891880764475354e-06,-6.757675603615293438e-06,-6.219976338246994052e-06,-5.329087304823699774e-06,-4.024945239607724633e-06,-2.242419365790077775e-06,8.074435290532272850e-08,3.010478352246739903e-06,6.608141231433818568e-06,1.093689792484742675e-05,1.605315815664033502e-05,2.201278937052169156e-05,2.886227112923910509e-05,3.664478416421912399e-05,4.539113958893754250e-05,5.512583007371233958e-05,6.585783068516329114e-05,7.758674425172583952e-05,9.029360846173303573e-05,1.039473116237036069e-04,1.184955723183442696e-04,1.338718372207975784e-04,1.499866180253993408e-04,1.667351023349047598e-04,1.839890304915478884e-04,2.016052465732419321e-04,2.194182688245127047e-04,2.372499748054788550e-04,2.549029591018624847e-04,2.721714815349002043e-04,2.888356137750073627e-04,3.046734827668675944e-04,3.194560869985209350e-04,3.329607438252642237e-04,3.449663144738548243e-04,3.552676234696890557e-04,3.636706820636691814e-04,3.700077050687727311e-04,3.741317833211737533e-04,3.759319970911745214e-04,3.753268819028088006e-04,3.722790513590467265e-04,3.667867529074258798e-04,3.588973919258340206e-04,3.486965118552452650e-04,3.363196811888286681e-04,3.219383805914775160e-04,3.057698962070575736e-04,2.880598720633946561e-04,2.690901570185195925e-04,2.491581848130070497e-04,2.285831363576117288e-04,2.076828140294105778e-04,1.867789578417541744e-04,1.661728166111213826e-04,1.461509101514446368e-04,1.269609789335457070e-04,1.088198298827272245e-04,9.189169070235253609e-05,7.629987192177354726e-05,6.210942841864943104e-05,4.934344915911998412e-05,3.797006195000051276e-05,2.792078824287464188e-05,1.907828712746284373e-05,1.129271245601943578e-05,4.373731374445144439e-06,-1.877181616338422714e-06,-7.627570536157958397e-06,-1.291103204247279146e-05,-1.751811586766242984e-05,-2.094293661376492961e-05,-2.259236780496625579e-05,-2.247346810020941192e-05,-2.234670734330979205e-05,-2.669610072205898902e-05,-4.173905302372944471e-05,-7.047151384565703371e-05,-1.038325724609780127e-04,-1.162727466034846980e-04,-9.070932879626041577e-05
0.000000000000000000e+00,0.000000000000000000e+00,0.000000000000000000e+00,0.000000000000000000e+00,0.000000000000000000e+00,0.000000000000000000e+00,0.000000000000000000e+00,0.000000000000000000e+00,0.000000000000000000e+00,0.000000000000000000e+00,0.000000000000000000e+00,0.000000000000000000e+00,0.000000000000000000e+00,0.000000000000000000e+00,0.000000000000000000e+00,0.000000000000000000e+00,0.000000000000000000e+00,0.000000000000000000e+00,0.000000000000000000e+00,0.000000000000000000e+00,0.000000000000000000e+00,0.000000000000000000e+00,0.000000000000000000e+00,0.000000000000000000e+00,0.000000000000000000e+00,0.000000000000000000e+00,0.000000000000000000e+00,0.000000000000000000e+00,0.000000000000000000e+00,0.000000000000000000e+00,0.000000000000000000e+00,0.000000000000000000e+00,0.000000000000000000e+00,0.000000000000000000e+00,0.000000000000000000e+00,0.000000000000000000e+00,0.000000000000000000e+00,0.000000000000000000e+00,0.000000000000000000e+00,0.000000000000000000e+00,0.000000000000000000e+00,0.000000000000000000e+00,0.000000000000000000e+00,0.000000000000000000e+00,0.000000000000000000e+00,0.000000000000000000e+00,0.000000000000000000e+00,0.000000000000000000e+00,0.000000000000000000e+00,0.000000000000000000e+00,0.000000000000000000e+00,0.000000000000000000e+00,0.000000000000000000e+00,0.000000000000000000e+00,0.000000000000000000e+00,0.000000000000000000e+00,0.000000000000000000e+00,0.000000000000000000e+00,0.000000000000000000e+00,0.000000000000000000e+00,0.000000000000000000e+00,0.000000000000000000e+00,0.000000000000000000e+00,0.000000000000000000e+00,0.000000000000000000e+00,0.000000000000000000e+00,0.000000000000000000e+00,0.000000000000000000e+00,0.000000000000000000e+00,0.000000000000000000e+00,0.000000000000000000e+00,0.000000000000000000e+00,0.000000000000000000e+00,0.000000000000000000e+00,0.000000000000000000e+00,0.000000000000000000e+00,0.000000000000000000e+00,0.000000000000000000e+00,0.000000000000000000e+00,0.000000000000000000e+00,0.000000000000000000e+00,0.000000000000000000e+00,0.000000000000000000e+00,0.000000000000000000e+00,0.000000000000000000e+00,0.000000000000000000e+00,0.000000000000000000e+00,0.000000000000000000e+00,0.000000000000000000e+00,0.000000000000000000e+00,0.000000000000000000e+00,0.000000000000000000e+00,0.000000000000000000e+00,0.000000000000000000e+00,0.000000000000000000e+00,0.000000000000000000e+00,0.000000000000000000e+00,0.000000000000000000e+00,0.000000000000000000e+00,0.000000000000000000e+00,0.000000000000000000e+00,0.000000000000000000e+00,0.000000000000000000e+00,0.000000000000000000e+00,0.000000000000000000e+00,0.000000000000000000e+00,0.000000000000000000e+00,0.000000000000000000e+00,0.000000000000000000e+00,0.000000000000000000e+00,0.000000000000000000e+00,0.000000000000000000e+00,0.000000000000000000e+00,0.000000000000000000e+00,0.000000000000000000e+00,0.000000000000000000e+00,0.000000000000000000e+00,0.000000000000000000e+00,0.000000000000000000e+00,0.000000000000000000e+00,0.000000000000000000e+00,0.000000000000000000e+00,0.000000000000000000e+00,0.000000000000000000e+00,0.000000000000000000e+00,0.000000000000000000e+00,0.000000000000000000e+00,0.000000000000000000e+00,0.000000000000000000e+00,0.000000000000000000e+00,0.000000000000000000e+00,0.000000000000000000e+00,0.000000000000000000e+00,0.000000000000000000e+00,0.000000000000000000e+00,0.000000000000000000e+00,0.000000000000000000e+00,0.000000000000000000e+00,0.000000000000000000e+00,0.000000000000000000e+00,0.000000000000000000e+00,0.000000000000000000e+00,0.000000000000000000e+00,0.000000000000000000e+00,0.000000000000000000e+00,0.000000000000000000e+00,0.000000000000000000e+00,0.000000000000000000e+00,0.000000000000000000e+00,0.000000000000000000e+00,0.000000000000000000e+00,0.000000000000000000e+00,0.000000000000000000e+00,0.000000000000000000e+00,0.000000000000000000e+00,0.000000000000000000e+00,0.000000000000000000e+00,0.000000000000000000e+00,0.000000000000000000e+00,0.000000000000000000e+00,0.000000000000000000e+00,0.000000000000000000e+00,0.000000000000000000e+00,0.000000000000000000e+00,0.000000000000000000e+00,0.000000000000000000e+00,0.000000000000000000e+00,0.000000000000000000e+00,0.000000000000000000e+00,0.000000000000000000e+00,0.000000000000000000e+00,0.000000000000000000e+00,0.000000000000000000e+00,0.000000000000000000e+00,0.000000000000000000e+00,0.000000000000000000e+00,0.000000000000000000e+00,0.000000000000000000e+00,0.000000000000000000e+00,0.000000000000000000e+00,0.000000000000000000e+00,0.000000000000000000e+00,0.000000000000000000e+00,0.000000000000000000e+00,0.000000000000000000e+00,0.000000000000000000e+00,0.000000000000000000e+00,0.000000000000000000e+00,0.000000000000000000e+00,0.000000000000000000e+00,0.000000000000000000e+00,0.000000000000000000e+00,0.000000000000000000e+00,0.000000000000000000e+00,0.000000000000000000e+00,0.000000000000000000e+00,0.000000000000000000e+00,0.000000000000000000e+00,0.000000000000000000e+00,0.000000000000000000e+00,0.000000000000000000e+00,0.000000000000000000e+00,0.000000000000000000e+00,0.000000000000000000e+00,0.000000000000000000e+00,0.000000000000000000e+00,0.000000000000000000e+00,0.000000000000000000e+00,0.000000000000000000e+00,0.000000000000000000e+00,0.000000000000000000e+00,0.000000000000000000e+00,0.000000000000000000e+00,0.000000000000000000e+00,0.000000000000000000e+00,0.000000000000000000e+00,0.000000000000000000e+00,0.000000000000000000e+00,0.000000000000000000e+00,0.000000000000000000e+00,0.000000000000000000e+00,3.775187493492124821e-04,4.187473507228558350e-04,4.320263625265472612e-04,4.369180491570109882e-04,4.044192256007378438e-04,3.649624538726483746e-04,3.187388824786562273e-04,2.640434751769486711e-04,2.124135439489418522e-04,1.596020609524962861e-04,1.127930038900399175e-04,7.025616740875574855e-05,3.356687352763067852e-05,2.693488480644564391e-06,-2.293962495631786524e-05,-4.342626567572351406e-05,-5.974022375191525772e-05,-7.229006545832905193e-05,-8.181322737863772564e-05,-8.884852427645940464e-05,-9.388749386075192593e-05,-9.737213101218204867e-05,-9.961232626424895611e-05,-1.008873987292854271e-04,-1.013785663743152086e-04,-1.012308159549595146e-04,-1.005387234398744719e-04,-9.936855890254696593e-05,-9.776642057764344353e-05,-9.576548740459796662e-05,-9.339363175230729227e-05,-9.067785278330450240e-05,-8.764555143850871202e-05,-8.432851934312703916e-05,-8.075976875130302978e-05,-7.697704635120074192e-05,-7.301792607287678569e-05,-6.892309793413721713e-05,-6.473120667475004155e-05,-6.048238276939476747e-05,-5.621326493230176946e-05,-5.196100961598904146e-05,-4.775844301319416883e-05,-4.363850856656179271e-05,-3.962938967604842384e-05,-3.575926005572458886e-05,-3.205128061838568107e-05,-2.852855755690060746e-05,-2.520899068347984135e-05,-2.211040158363813558e-05,-1.924524014588542919e-05,-1.662587127832687142e-05,-1.425914519611304209e-05,-1.215183497448699173e-05,-1.030506945468244022e-05,-8.719912121438275565e-06,-7.391653370677157035e-06,-6.315520706481798556e-06,-5.480829337717747040e-06,-4.876815361187425280e-06,-4.486648148908947790e-06,-4.293381604053963645e-06,-4.273837529153436349e-06,-4.404674901545894793e-06,-4.656160073338918951e-06,-4.998360071138990455e-06,-5.394822860139649391e-06,-5.808907535520681634e-06,-6.197405527246502243e-06,-6.517027588121346943e-06,-6.718003902017091282e-06,-6.750754068249654122e-06,-6.559509451344586687e-06,-6.089196696578371835e-06,-5.279127873006703191e-06,-4.070129000502730528e-06,-2.398340946808451084e-06,-2.026204589980662449e-07,2.581514236278858228e-06,6.014192730055303251e-06,1.015708494298717320e-05,1.506542120433525908e-05,2.079373086971004117e-05,2.738759866410011545e-05,3.488929060896703684e-05,4.332930345546249086e-05,5.273195857481782301e-05,6.310683638231423856e-05,7.445446113890180585e-05,8.675774690218481791e-05,9.998793637146025841e-05,1.140962135333406405e-04,1.290200915628986016e-04,1.446753635091378633e-04,1.609631510972936094e-04,1.777623619762589812e-04,1.949376066501361932e-04,2.123323033842543228e-04,2.297776394394630416e-04,2.470864091123276050e-04,2.640631354469292081e-04,2.804986425060837204e-04,2.961813656563590485e-04,3.108925492884983166e-04,3.244186624677409115e-04,3.365469855167738328e-04,3.470789224384530545e-04,3.558256060095402271e-04,3.626217722899606434e-04,3.673208902629349049e-04,3.698091540798943743e-04,3.699995493499674587e-04,3.678454455740143704e-04,3.633329686224701658e-04,3.564936605685145913e-04,3.473945585159853066e-04,3.361494524044101001e-04,3.229061930015796988e-04,3.078562365978088512e-04,2.912189311207051589e-04,2.732492971420488531e-04,2.542193686944425163e-04,2.344245139362183207e-04,2.141623126857052095e-04,1.937381333610411983e-04,1.734424568372564164e-04,1.535568306702559196e-04,1.343309084516261498e-04,1.159902077310434457e-04,9.871433476368243613e-05,8.264811659574679596e-05,6.788245776966390249e-05,5.447028462659839827e-05,4.241089275142562350e-05,3.167100920187085523e-05,2.217115946840359886e-05,1.380895790926838656e-05,6.442572631927254888e-06,-8.655990626004798749e-08,-5.969421188361097095e-06,-1.138569381648290927e-05,-1.647657163440493104e-05,-2.122649300483763385e-05,-2.538488138210782418e-05,-2.840828446334473187e-05,-2.973512701926894227e-05,-2.944692594967648379e-05,-2.942986575099486616e-05,-3.412920901332091759e-05,-4.944099465745576576e-05,-7.760624633343561228e-05,-1.089508712819693345e-04,-1.183342298629356203e-04,-9.091904968472954438e-05
0.000000000000000000e+00,0.000000000000000000e+00,0.000000000000000000e+00,0.000000000000000000e+00,0.000000000000000000e+00,0.000000000000000000e+00,0.000000000000000000e+00,0.000000000000000000e+00,0.000000000000000000e+00,0.000000000000000000e+00,0.000000000000000000e+00,0.000000000000000000e+00,0.000000000000000000e+00,0.000000000000000000e+00,0.000000000000000000e+00,0.000000000000000000e+00,0.000000000000000000e+00,0.000000000000000000e+00,0.000000000000000000e+00,0.000000000000000000e+00,0.000000000000000000e+00,0.000000000000000000e+00,0.000000000000000000e+00,0.000000000000000000e+00,0.000000000000000000e+00,0.000000000000000000e+00,0.000000000000000000e+00,0.000000000000000000e+00,0.000000000000000000e+00,0.000000000000000000e+00,0.000000000000000000e+00,0.000000000000000000e+00,0.000000000000000000e+00,0.000000000000000000e+00,0.000000000000000000e+00,0.000000000000000000e+00,0.000000000000000000e+00,0.000000000000000000e+00,0.000000000000000000e+00,0.000000000000000000e+00,0.000000000000000000e+00,0.000000000000000000e+00,0.000000000000000000e+00,0.000000000000000000e+00,0.000000000000000000e+00,0.000000000000000000e+00,0.000000000000000000e+00,0.000000000000000000e+00,0.000000000000000000e+00,0.000000000000000000e+00,0.000000000000000000e+00,0.000000000000000000e+00,0.000000000000000000e+00,0.000000000000000000e+00,0.000000000000000000e+00,0.000000000000000000e+00,0.000000000000000000e+00,0.000000000000000000e+00,0.000000000000000000e+00,0.000000000000000000e+00,0.000000000000000000e+00,0.000000000000000000e+00,0.000000000000000000e+00,0.000000000000000000e+00,0.000000000000000000e+00,0.000000000000000000e+00,0.000000000000000000e+00,0.000000000000000000e+00,0.000000000000000000e+00,0.000000000000000000e+00,0.000000000000000000e+00,0.000000000000000000e+00,0.000000000000000000e+00,0.000000000000000000e+00,0.000000000000000000e+00,0.000000000000000000e+00,0.000000000000000000e+00,0.000000000000000000e+00,0.000000000000000000e+00,0.000000000000000000e+00,0.000000000000000000e+00,0.000000000000000000e+00,0.000000000000000000e+00,0.000000000000000000e+00,0.000000000000000000e+00,0.000000000000000000e+00,0.000000000000000000e+00,0.000000000000000000e+00,0.000000000000000000e+00,0.000000000000000000e+00,0.000000000000000000e+00,0.000000000000000000e+00,0.000000000000000000e+00,0.000000000000000000e+00,0.000000000000000000e+00,0.000000000000000000e+00,0.000000000000000000e+00,0.000000000000000000e+00,0.000000000000000000e+00,0.000000000000000000e+00,0.000000000000000000e+00,0.000000000000000000e+00,0.000000000000000000e+00,0.000000000000000000e+00,0.000000000000000000e+00,0.000000000000000000e+00,0.000000000000000000e+00,0.000000000000000000e+00,0.000000000000000000e+00,0.000000000000000000e+00,0.000000000000000000e+00,0.000000000000000000e+00,0.000000000000000000e+00,0.000000000000000000e+00,0.000000000000000000e+00,0.000000000000000000e+00,0.000000000000000000e+00,0.000000000000000000e+00,0.000000000000000000e+00,0.000000000000000000e+00,0.000000000000000000e+00,0.000000000000000000e+00,0.000000000000000000e+00,0.000000000000000000e+00,0.000000000000000000e+00,0.000000000000000000e+00,0.000000000000000000e+00,0.000000000000000000e+00,0.000000000000000000e+00,0.000000000000000000e+00,0.000000000000000000e+00,0.000000000000000000e+00,0.000000000000000000e+00,0.000000000000000000e+00,0.000000000000000000e+00,0.000000000000000000e+00,0.000000000000000000e+00,0.000000000000000000e+00,0.000000000000000000e+00,0.000000000000000000e+00,0.000000000000000000e+00,0.000000000000000000e+00,0.000000000000000000e+00,0.000000000000000000e+00,0.000000000000000000e+00,0.000000000000000000e+00,0.000000000000000000e+00,0.000000000000000000e+00,0.000000000000000000e+00,0.000000000000000000e+00,0.000000000000000000e+00,0.000000000000000000e+00,0.000000000000000000e+00,0.000000000000000000e+00,0.000000000000000000e+00,0.000000000000000000e+00,0.000000000000000000e+00,0.000000000000000000e+00,0.000000000000000000e+00,0.000000000000000000e+00,0.000000000000000000e+00,0.000000000000000000e+00,0.000000000000000000e+00,0.000000000000000000e+00,0.000000000000000000e+00,0.000000000000000000e+00,0.000000000000000000e+00,0.000000000000000000e+00,0.000000000000000000e+00,0.000000000000000000e+00,0.000000000000000000e+00,0.000000000000000000e+00,0.000000000000000000e+00,0.000000000000000000e+00,0.000000000000000000e+00,0.000000000000000000e+00,0.000000000000000000e+00,0.000000000000000000e+00,0.000000000000000000e+00,0.000000000000000000e+00,0.000000000000000000e+00,0.000000000000000000e+00,0.000000000000000000e+00,0.000000000000000000e+00,0.000000000000000000e+00,0.000000000000000000e+00,0.000000000000000000e+00,0.000000000000000000e+00,0.000000000000000000e+00,0.000000000000000000e+00,0.000000000000000000e+00,0.000000000000000000e+00,0.000000000000000000e+00,0.000000000000000000e+00,0.000000000000000000e+00,0.000000000000000000e+00,0.000000000000000000e+00,0.000000000000000000e+00,0.000000000000000000e+00,0.000000000000000000e+00,0.000000000000000000e+00,0.000000000000000000e+00,0.000000000000000000e+00,0.000000000000000000e+00,0.000000000000000000e+00,0.000000000000000000e+00,0.000000000000000000e+00,0.000000000000000000e+00,0.000000000000000000e+00,0.000000000000000000e+00,0.000000000000000000e+00,0.000000000000000000e+00,0.000000000000000000e+00,0.000000000000000000e+00,0.000000000000000000e+00,0.000000000000000000e+00,0.000000000000000000e+00,0.000000000000000000e+00,0.000000000000000000e+00,0.000000000000000000e+00,3.637875096881019099e-04,4.125140901928467906e-04,4.230943669899531819e-04,4.375990058412456145e-04,4.001969884861585557e-04,3.585823494081367318e-04,3.048940327473753393e-04,2.503994101842996114e-04,1.965329165600794017e-04,1.438165414168945868e-04,9.734406242770748897e-05,5.514719089633897782e-05,1.949524931221110292e-05,-1.067028706783421303e-05,-3.529313047360351521e-05,-5.492760916994723740e-05,-7.034181896585408591e-05,-8.203329183755121452e-05,-9.076847465575848682e-05,-9.703480501912118100e-05,-1.013685522522579034e-04,-1.041703469164783870e-04,-1.057658601873546963e-04,-1.064188487653257330e-04,-1.063100071028030906e-04,-1.055825516341320431e-04,-1.043288971837468454e-04,-1.026164399598558408e-04,-1.004922202654230879e-04,-9.799013575276120712e-05,-9.514114055507540732e-05,-9.197220899537003462e-05,-8.851430760566042575e-05,-8.479863614411851231e-05,-8.086143337046005264e-05,-7.673935083595989127e-05,-7.247271147436291103e-05,-6.810061824161002151e-05,-6.366407860282804175e-05,-5.920115018063946760e-05,-5.475050876566605999e-05,-5.034674207624219977e-05,-4.602438583479860493e-05,-4.181331156214270406e-05,-3.774307899296268468e-05,-3.383830657033832612e-05,-3.012322062043417607e-05,-2.661692998571763669e-05,-2.333812696260448462e-05,-2.030023614773471383e-05,-1.751626192699151947e-05,-1.499380602945050218e-05,-1.274006127502099840e-05,-1.075669701635127647e-05,-9.044992695605633725e-06,-7.600589930994250045e-06,-6.418755879134100561e-06,-5.489001882498362986e-06,-4.800467568469812029e-06,-4.336409393277213746e-06,-4.079700053986724103e-06,-4.007195305272734185e-06,-4.095348322681150169e-06,-4.314469386320532153e-06,-4.634460783368576213e-06,-5.018990987953677948e-06,-5.431362200007377966e-06,-5.828627955044908265e-06,-6.167611953810553449e-06,-6.399004767999161851e-06,-6.473558394939474527e-06,-6.336202769896038659e-06,-5.932444353252989687e-06,-5.202545144243023940e-06,-4.088154232200703698e-06,-2.526589421309854961e-06,-4.577266344699523837e-07,2.181584383220355405e-06,5.450357894711017548e-06,9.408906787105676659e-06,1.411140947385269882e-05,1.961120285268855407e-05,2.595310366893286441e-05,3.317859879124336169e-05,4.131797567186625399e-05,5.039548545494042139e-05,6.042136966534212265e-05,7.139711058101776619e-05,8.330747312209107254e-05,9.612599361873770849e-05,1.098071819306747904e-04,1.242924285373829833e-04,1.395025263008767204e-04,1.553441905712817323e-04,1.717030568103061533e-04,1.884510033974207339e-04,2.054397555842173953e-04,2.225091715235777781e-04,2.394815316520587146e-04,2.561708930942048273e-04,2.723780663146179002e-04,2.879010625140833945e-04,3.025306595022873813e-04,3.160618656869193066e-04,3.282898617101567352e-04,3.390222916354061126e-04,3.480752469824652316e-04,3.552860828735071694e-04,3.605090012321508428e-04,3.636279921741642721e-04,3.645514905764977325e-04,3.632249782210511904e-04,3.596241514117443734e-04,3.537667052710328055e-04,3.457034779081595457e-04,3.355289913312307307e-04,3.233701450918000813e-04,3.093952206266313456e-04,2.937998929927864572e-04,2.768146209352142801e-04,2.586880269601199824e-04,2.396928848031510838e-04,2.201072671620381640e-04,2.002196774629651092e-04,1.803087404381209004e-04,1.606483526094219371e-04,1.414870254760788025e-04,1.230541678010815875e-04,1.055403973540089857e-04,8.910613366925561991e-05,7.386421223627531697e-05,5.989182389097656017e-05,4.721657712067039563e-05,3.583237077691652612e-05,2.568934795117535681e-05,1.671282334888521707e-05,8.795324087688871688e-06,1.814447515758568228e-06,-4.377326847365528684e-06,-9.938869235276613997e-06,-1.504610265705853806e-05,-1.985995062666078126e-05,-2.448283880397828565e-05,-2.886113591294310802e-05,-3.269320045490387646e-05,-3.542233151608533608e-05,-3.650422826964189193e-05,-3.612438696433212736e-05,-3.625324535119023122e-05,-4.132516523166443901e-05,-5.685792134804682125e-05,-8.443560413126988584e-05,-1.137534050640360309e-04,-1.202137167173756568e-04,-9.098043131680808829e-05
0.000000000000000000e+00,0.000000000000000000e+00,0.000000000000000000e+00,0.000000000000000000e+00,0.000000000000000000e+00,0.000000000000000000e+00,0.000000000000000000e+00,0.000000000000000000e+00,0.000000000000000000e+00,0.000000000000000000e+00,0.000000000000000000e+00,0.000000000000000000e+00,0.000000000000000000e+00,0.000000000000000000e+00,0.000000000000000000e+00,0.000000000000000000e+00,0.000000000000000000e+00,0.000000000000000000e+00,0.000000000000000000e+00,0.000000000000000000e+00,0.000000000000000000e+00,0.000000000000000000e+00,0.000000000000000000e+00,0.000000000000000000e+00,0.000000000000000000e+00,0.000000000000000000e+00,0.000000000000000000e+00,0.000000000000000000e+00,0.000000000000000000e+00,0.000000000000000000e+00,0.000000000000000000e+00,0.000000000000000000e+00,0.000000000000000000e+00,0.000000000000000000e+00,0.000000000000000000e+00,0.000000000000000000e+00,0.000000000000000000e+00,0.000000000000000000e+00,0.000000000000000000e+00,0.000000000000000000e+00,0.000000000000000000e+00,0.000000000000000000e+00,0.000000000000000000e+00,0.000000000000000000e+00,0.000000000000000000e+00,0.000000000000000000e+00,0.000000000000000000e+00,0.000000000000000000e+00,0.000000000000000000e+00,0.000000000000000000e+00,0.000000000000000000e+00,0.000000000000000000e+00,0.000000000000000000e+00,0.000000000000000000e+00,0.000000000000000000e+00,0.000000000000000000e+00,0.000000000000000000e+00,0.000000000000000000e+00,0.000000000000000000e+00,0.000000000000000000e+00,0.000000000000000000e+00,0.000000000000000000e+00,0.000000000000000000e+00,0.000000000000000000e+00,0.000000000000000000e+00,0.000000000000000000e+00,0.000000000000000000e+00,0.000000000000000000e+00,0.000000000000000000e+00,0.000000000000000000e+00,0.000000000000000000e+00,0.000000000000000000e+00,0.000000000000000000e+00,0.000000000000000000e+00,0.000000000000000000e+00,0.000000000000000000e+00,0.000000000000000000e+00,0.000000000000000000e+00,0.000000000000000000e+00,0.000000000000000000e+00,0.000000000000000000e+00,0.000000000000000000e+00,0.000000000000000000e+00,0.000000000000000000e+00,0.000000000000000000e+00,0.000000000000000000e+00,0.000000000000000000e+00,0.000000000000000000e+00,0.000000000000000000e+00,0.000000000000000000e+00,0.000000000000000000e+00,0.000000000000000000e+00,0.000000000000000000e+00,0.000000000000000000e+00,0.000000000000000000e+00,0.000000000000000000e+00,0.000000000000000000e+00,0.000000000000000000e+00,0.000000000000000000e+00,0.000000000000000000e+00,0.000000000000000000e+00,0.000000000000000000e+00,0.000000000000000000e+00,0.000000000000000000e+00,0.000000000000000000e+00,0.000000000000000000e+00,0.000000000000000000e+00,0.000000000000000000e+00,0.000000000000000000e+00,0.000000000000000000e+00,0.000000000000000000e+00,0.000000000000000000e+00,0.000000000000000000e+00,0.000000000000000000e+00,0.000000000000000000e+00,0.000000000000000000e+00,0.000000000000000000e+00,0.000000000000000000e+00,0.000000000000000000e+00,0.000000000000000000e+00,0.000000000000000000e+00,0.000000000000000000e+00,0.000000000000000000e+00,0.000000000000000000e+00,0.000000000000000000e+00,0.000000000000000000e+00,0.000000000000000000e+00,0.000000000000000000e+00,0.000000000000000000e+00,0.000000000000000000e+00,0.000000000000000000e+00,0.000000000000000000e+00,0.000000000000000000e+00,0.000000000000000000e+00,0.000000000000000000e+00,0.000000000000000000e+00,0.000000000000000000e+00,0.000000000000000000e+00,0.000000000000000000e+00,0.000000000000000000e+00,0.000000000000000000e+00,0.000000000000000000e+00,0.000000000000000000e+00,0.000000000000000000e+00,0.000000000000000000e+00,0.000000000000000000e+00,0.000000000000000000e+00,0.000000000000000000e+00,0.000000000000000000e+00,0.000000000000000000e+00,0.000000000000000000e+00,0.000000000000000000e+00,0.000000000000000000e+00,0.000000000000000000e+00,0.000000000000000000e+00,0.000000000000000000e+00,0.000000000000000000e+00,0.000000000000000000e+00,0.000000000000000000e+00,0.000000000000000000e+00,0.000000000000000000e+00,0.000000000000000000e+00,0.000000000000000000e+00,0.000000000000000000e+00,0.000000000000000000e+00,0.000000000000000000e+00,0.000000000000000000e+00,0.000000000000000000e+00,0.000000000000000000e+00,0.000000000000000000e+00,0.000000000000000000e+00,0.000000000000000000e+00,0.000000000000000000e+00,0.000000000000000000e+00,0.000000000000000000e+00,0.000000000000000000e+00,0.000000000000000000e+00,0.000000000000000000e+00,0.000000000000000000e+00,0.000000000000000000e+00,0.000000000000000000e+00,0.000000000000000000e+00,0.000000000000000000e+00,0.000000000000000000e+00,0.000000000000000000e+00,0.000000000000000000e+00,0.000000000000000000e+00,0.000000000000000000e+00,0.000000000000000000e+00,0.000000000000000000e+00,0.000000000000000000e+00,0.000000000000000000e+00,0.000000000000000000e+00,0.000000000000000000e+00,0.000000000000000000e+00,0.000000000000000000e+00,0.000000000000000000e+00,0.000000000000000000e+00,0.000000000000000000e+00,0.000000000000000000e+00,0.000000000000000000e+00,0.000000000000000000e+00,0.000000000000000000e+00,0.000000000000000000e+00,0.000000000000000000e+00,0.000000000000000000e+00,0.000000000000000000e+00,0.000000000000000000e+00,0.000000000000000000e+00,0.000000000000000000e+00,0.000000000000000000e+00,0.000000000000000000e+00,0.000000000000000000e+00,0.000000000000000000e+00,0.000000000000000000e+00,0.000000000000000000e+00,0.000000000000000000e+00,0.000000000000000000e+00,3.609653444853434465e-04,4.272316717352542021e-04,4.451584746565124683e-04,4.511692159123107250e-04,4.275979285112079626e-04,3.901959869191653964e-04,3.478298228307355336e-04,2.901843770426473464e-04,2.349809894859721925e-04,1.795333797183453124e-04,1.277903761071562643e-04,8.130245613616111130e-05,3.992194547860891733e-05,5.267374298160362293e-06,-2.397984090051794801e-05,-4.748726700772157766e-05,-6.619759851320754468e-05,-8.062372644415273363e-05,-9.143844061364354012e-05,-9.932926185407865997e-05,-1.048047692500063128e-04,-1.084043976752312877e-04,-1.105042255581959658e-04,-1.114405708034670912e-04,-1.114600784224311671e-04,-1.107452237427368735e-04,-1.094350204807046278e-04,-1.076196869143189244e-04,-1.053690241559063337e-04,-1.027281901277203672e-04,-9.973497437241629247e-05,-9.641955640848986575e-05,-9.281248725040218102e-05,-8.894428827647884051e-05,-8.484917334353002773e-05,-8.056260871702209260e-05,-7.612380720832453160e-05,-7.157175738943335227e-05,-6.694775550511899065e-05,-6.229091693678427439e-05,-5.764115128041651060e-05,-5.303472764140945445e-05,-4.850773877366083955e-05,-4.409181637629651525e-05,-3.981798531300053041e-05,-3.571241687380539298e-05,-3.180055060912747249e-05,-2.810277136120929451e-05,-2.463871716966423817e-05,-2.142282988347032964e-05,-1.846881453504864255e-05,-1.578505801245443785e-05,-1.337922855811754805e-05,-1.125356852763404397e-05,-9.409626676435590371e-06,-7.843427978541929775e-06,-6.550330152801005065e-06,-5.520070927194973416e-06,-4.741740852197149692e-06,-4.198710098014467455e-06,-3.873712650037373430e-06,-3.743659463837092444e-06,-3.784833720568692930e-06,-3.967603422731149368e-06,-4.261732914895218920e-06,-4.631014946606307887e-06,-5.038709763622654429e-06,-5.442123693088892117e-06,-5.798193252433258523e-06,-6.058043689306144644e-06,-6.172740922861467447e-06,-6.087868180577147882e-06,-5.749472104590668468e-06,-5.098697399688686468e-06,-4.077953835564037650e-06,-2.625646271985427260e-06,-6.825852535692994319e-07,1.813158455691150323e-06,4.919586594883053607e-06,8.695780193526431263e-06,1.319497842165836255e-05,1.846945467535976619e-05,2.456336651889743823e-05,3.151753788833165702e-05,3.936213242238590282e-05,4.812141247147680309e-05,5.780631828184814479e-05,6.841931038277583349e-05,7.994696646003644053e-05,9.236504731825479755e-05,1.056312471170405270e-04,1.196906492537682347e-04,1.344687785441330528e-04,1.498776264588010684e-04,1.658091504658748105e-04,1.821420429129160239e-04,1.987357986649065759e-04,2.154383746833744482e-04,2.320808996276978447e-04,2.484863201604088374e-04,2.644647552770468040e-04,2.798231517221639740e-04,2.943611946228562792e-04,3.078819026119124875e-04,3.201879014958898084e-04,3.310927876624766993e-04,3.404174630695905161e-04,3.480019943438489218e-04,3.537016084039893457e-04,3.573986879878676129e-04,3.589979529493234067e-04,3.584381760272617630e-04,3.556860414199264852e-04,3.507471528674689491e-04,3.436580837999478788e-04,3.344962969908076966e-04,3.233699915276198292e-04,3.104266690281016756e-04,2.958405479769921380e-04,2.798196982805798414e-04,2.625910297209744951e-04,2.444061664090755020e-04,2.255243066127947556e-04,2.062172992218140144e-04,1.867509836043360137e-04,1.673902217111596124e-04,1.483796055572151002e-04,1.299494312577263873e-04,1.122968349422119101e-04,9.559379493372991668e-05,7.996974878441508020e-05,6.552262435468004479e-05,5.230377494499847512e-05,4.033278650131201428e-05,2.958515896558625797e-05,2.001115345673013698e-05,1.152573404311449383e-05,4.030336988923399005e-06,-2.597779734936929295e-06,-8.484681485462832267e-06,-1.377586178522690263e-05,-1.861730875372174864e-05,-2.316953020097780564e-05,-2.756444117725513444e-05,-3.187396759430493617e-05,-3.599776824974969936e-05,-3.960204810334194567e-05,-4.210673525870561759e-05,-4.301218279229495283e-05,-4.258044290791204240e-05,-4.288894155335019957e-05,-4.830293137978416875e-05,-6.401398948310414770e-05,-9.092589596806879457e-05,-1.182712561289371578e-04,-1.219475160231464709e-04,-9.113101521728506559e-05
0.000000000000000000e+00,0.000000000000000000e+00,0.000000000000000000e+00,0.000000000000000000e+00,0.000000000000000000e+00,0.000000000000000000e+00,0.000000000000000000e+00,0.000000000000000000e+00,0.000000000000000000e+00,0.000000000000000000e+00,0.000000000000000000e+00,0.000000000000000000e+00,0.000000000000000000e+00,0.000000000000000000e+00,0.000000000000000000e+00,0.000000000000000000e+00,0.000000000000000000e+00,0.000000000000000000e+00,0.000000000000000000e+00,0.000000000000000000e+00,0.000000000000000000e+00,0.000000000000000000e+00,0.000000000000000000e+00,0.000000000000000000e+00,0.000000000000000000e+00,0.000000000000000000e+00,0.000000000000000000e+00,0.000000000000000000e+00,0.000000000000000000e+00,0.000000000000000000e+00,0.000000000000000000e+00,0.000000000000000000e+00,0.000000000000000000e+00,0.000000000000000000e+00,0.000000000000000000e+00,0.000000000000000000e+00,0.000000000000000000e+00,0.000000000000000000e+00,0.000000000000000000e+00,0.000000000000000000e+00,0.000000000000000000e+00,0.000000000000000000e+00,0.000000000000000000e+00,0.000000000000000000e+00,0.000000000000000000e+00,0.000000000000000000e+00,0.000000000000000000e+00,0.000000000000000000e+00,0.000000000000000000e+00,0.000000000000000000e+00,0.000000000000000000e+00,0.000000000000000000e+00,0.000000000000000000e+00,0.000000000000000000e+00,0.000000000000000000e+00,0.000000000000000000e+00,0.000000000000000000e+00,0.000000000000000000e+00,0.000000000000000000e+00,0.000000000000000000e+00,0.000000000000000000e+00,0.000000000000000000e+00,0.000000000000000000e+00,0.000000000000000000e+00,0.000000000000000000e+00,0.000000000000000000e+00,0.000000000000000000e+00,0.000000000000000000e+00,0.000000000000000000e+00,0.000000000000000000e+00,0.000000000000000000e+00,0.000000000000000000e+00,0.000000000000000000e+00,0.000000000000000000e+00,0.000000000000000000e+00,0.000000000000000000e+00,0.000000000000000000e+00,0.000000000000000000e+00,0.000000000000000000e+00,0.000000000000000000e+00,0.000000000000000000e+00,0.000000000000000000e+00,0.000000000000000000e+00,0.000000000000000000e+00,0.000000000000000000e+00,0.000000000000000000e+00,0.000000000000000000e+00,0.000000000000000000e+00,0.000000000000000000e+00,0.000000000000000000e+00,0.000000000000000000e+00,0.000000000000000000e+00,0.000000000000000000e+00,0.000000000000000000e+00,0.000000000000000000e+00,0.000000000000000000e+00,0.000000000000000000e+00,0.000000000000000000e+00,0.000000000000000000e+00,0.000000000000000000e+00,0.000000000000000000e+00,0.000000000000000000e+00,0.000000000000000000e+00,0.000000000000000000e+00,0.000000000000000000e+00,0.000000000000000000e+00,0.000000000000000000e+00,0.000000000000000000e+00,0.000000000000000000e+00,0.000000000000000000e+00,0.000000000000000000e+00,0.000000000000000000e+00,0.000000000000000000e+00,0.000000000000000000e+00,0.000000000000000000e+00,0.000000000000000000e+00,0.000000000000000000e+00,0.000000000000000000e+00,0.000000000000000000e+00,0.000000000000000000e+00,0.000000000000000000e+00,0.000000000000000000e+00,0.000000000000000000e+00,0.000000000000000000e+00,0.000000000000000000e+00,0.000000000000000000e+00,0.000000000000000000e+00,0.000000000000000000e+00,0.000000000000000000e+00,0.000000000000000000e+00,0.000000000000000000e+00,0.000000000000000000e+00,0.000000000000000000e+00,0.000000000000000000e+00,0.000000000000000000e+00,0.000000000000000000e+00,0.000000000000000000e+00,0.000000000000000000e+00,0.000000000000000000e+00,0.000000000000000000e+00,0.000000000000000000e+00,0.000000000000000000e+00,0.000000000000000000e+00,0.000000000000000000e+00,0.000000000000000000e+00,0.000000000000000000e+00,0.000000000000000000e+00,0.000000000000000000e+00,0.000000000000000000e+00,0.000000000000000000e+00,0.000000000000000000e+00,0.000000000000000000e+00,0.000000000000000000e+00,0.000000000000000000e+00,0.000000000000000000e+00,0.000000000000000000e+00,0.000000000000000000e+00,0.000000000000000000e+00,0.000000000000000000e+00,0.000000000000000000e+00,0.000000000000000000e+00,0.000000000000000000e+00,0.000000000000000000e+00,0.000000000000000000e+00,0.000000000000000000e+00,0.000000000000000000e+00,0.000000000000000000e+00,0.000000000000000000e+00,0.000000000000000000e+00,0.000000000000000000e+00,0.000000000000000000e+00,0.000000000000000000e+00,0.000000000000000000e+00,0.000000000000000000e+00,0.000000000000000000e+00,0.000000000000000000e+00,0.000000000000000000e+00,0.000000000000000000e+00,0.000000000000000000e+00,0.000000000000000000e+00,0.000000000000000000e+00,0.000000000000000000e+00,0.000000000000000000e+00,0.000000000000000000e+00,0.000000000000000000e+00,0.000000000000000000e+00,0.000000000000000000e+00,0.000000000000000000e+00,0.000000000000000000e+00,0.000000000000000000e+00,0.000000000000000000e+00,0.000000000000000000e+00,0.000000000000000000e+00,0.000000000000000000e+00,0.000000000000000000e+00,0.000000000000000000e+00,0.000000000000000000e+00,0.000000000000000000e+00,0.000000000000000000e+00,0.000000000000000000e+00,0.000000000000000000e+00,0.000000000000000000e+00,0.000000000000000000e+00,0.000000000000000000e+00,0.000000000000000000e+00,0.000000000000000000e+00,0.000000000000000000e+00,0.000000000000000000e+00,0.000000000000000000e+00,0.000000000000000000e+00,0.000000000000000000e+00,0.000000000000000000e+00,0.000000000000000000e+00,0.000000000000000000e+00,0.000000000000000000e+00,0.000000000000000000e+00,0.000000000000000000e+00,3.500791465917299050e-04,4.188104461182840616e-04,4.348412904389941909e-04,4.558933847031424640e-04,4.211215088734511307e-04,3.817632888140999386e-04,3.313518929725048790e-04,2.738206797442804797e-04,2.181337884248479983e-04,1.617327493368747658e-04,1.109632609061171740e-04,6.486938623707123473e-05,2.474236506530233005e-05,-9.022879331196718454e-06,-3.712841166999848584e-05,-5.949094865042079918e-05,-7.717149377711303936e-05,-9.055416900510194675e-05,-1.004539958486537656e-04,-1.074558367668582707e-04,-1.121244105367128732e-04,-1.149643525574613125e-04,-1.163498080945081454e-04,-1.166157358201281295e-04,-1.159941489357024899e-04,-1.146713470664614538e-04,-1.127773933396493254e-04,-1.104051228153198148e-04,-1.076217184632531160e-04,-1.044744912200469414e-04,-1.010012618488368477e-04,-9.723463807084912526e-05,-9.320534028092496484e-05,-8.894647578609918379e-05,-8.449176570599093718e-05,-7.987909095185913419e-05,-7.514648979054925260e-05,-7.033501846420880976e-05,-6.548423240725604970e-05,-6.063493001498425664e-05,-5.582477504977341053e-05,-5.109134583921201388e-05,-4.646799544083321108e-05,-4.198730330947295899e-05,-3.767706446723120063e-05,-3.356405415446692749e-05,-2.967001624559086653e-05,-2.601563004566595936e-05,-2.261641723215529061e-05,-1.948684995112255801e-05,-1.663614633804468354e-05,-1.407250273282573823e-05,-1.179877341202271162e-05,-9.816825043146861190e-06,-8.123101565297691270e-06,-6.713097984874402738e-06,-5.576810733306189267e-06,-4.703325163765482567e-06,-4.076153119846646614e-06,-3.677929311679347630e-06,-3.485642157319655476e-06,-3.475438063625126738e-06,-3.617757561513317647e-06,-3.882251902235768540e-06,-4.232843127403347565e-06,-4.632763354850699519e-06,-5.039564083425192161e-06,-5.410294425484768920e-06,-5.696490956237770007e-06,-5.849516180185962164e-06,-5.815564652320548559e-06,-5.541186166176953221e-06,-4.968345492031987136e-06,-4.040154992248890553e-06,-2.696022848619484301e-06,-8.776158294135617225e-07,1.475876931763754139e-06,4.421539498317689724e-06,8.017336833311371406e-06,1.231567223152313713e-05,1.736787427947111693e-05,2.321754052782018391e-05,2.990493837449800227e-05,3.746018489886578047e-05,4.590762776654291763e-05,5.525893920380693571e-05,6.551757617664852329e-05,7.667189366260761772e-05,8.869981426277717153e-05,1.015620878482794331e-04,1.152073246206369812e-04,1.295655399294165218e-04,1.445537165014253395e-04,1.600697698885993395e-04,1.759988004628637896e-04,1.922075925529791347e-04,2.085516914164204445e-04,2.248705053482205249e-04,2.409952957624197966e-04,2.567448864918536050e-04,2.719345875624334290e-04,2.863724325649543573e-04,2.998689729187850421e-04,3.122338687557382774e-04,3.232863977469192167e-04,3.328521266248052769e-04,3.407738870763320931e-04,3.469081656534612102e-04,3.511362210584616770e-04,3.533597633399926450e-04,3.535118355239659700e-04,3.515513228054573005e-04,3.474732101643694128e-04,3.413014818559550567e-04,3.330984067881117552e-04,3.229554680624264779e-04,3.110014269262518236e-04,2.973910661224977081e-04,2.823119422667033445e-04,2.659709320141513244e-04,2.485997938987624407e-04,2.304397588871098443e-04,2.117462667068010281e-04,1.927721154638301646e-04,1.737719814916327597e-04,1.549848955977449374e-04,1.366393523455372995e-04,1.189360588278813287e-04,1.020545291511497051e-04,8.613709321487819106e-05,7.129779456168935730e-05,5.760850680116817875e-05,4.511068744438480338e-05,3.380415297236252325e-05,2.366184206429163290e-05,1.462140376765747301e-05,6.602528063237988032e-06,-4.993016378092598702e-07,-6.794829028940394181e-06,-1.240780584167965874e-05,-1.746083136432024328e-05,-2.208629242900572186e-05,-2.641665144610602577e-05,-3.058874961596900821e-05,-3.471181912861714248e-05,-3.882001774765208012e-05,-4.278067340744274411e-05,-4.622006038390641316e-05,-4.855915574868847602e-05,-4.932821482974913637e-05,-4.889344409201741288e-05,-4.939767537509011060e-05,-5.516460547971943802e-05,-7.100316067296765833e-05,-9.722638277867337564e-05,-1.225725529584013082e-04,-1.235549449937971658e-04,-9.114643852908585844e-05
0.000000000000000000e+00,0.000000000000000000e+00,0.000000000000000000e+00,0.000000000000000000e+00,0.000000000000000000e+00,0.000000000000000000e+00,0.000000000000000000e+00,0.000000000000000000e+00,0.000000000000000000e+00,0.000000000000000000e+00,0.000000000000000000e+00,0.000000000000000000e+00,0.000000000000000000e+00,0.000000000000000000e+00,0.000000000000000000e+00,0.000000000000000000e+00,0.000000000000000000e+00,0.000000000000000000e+00,0.000000000000000000e+00,0.000000000000000000e+00,0.000000000000000000e+00,0.000000000000000000e+00,0.000000000000000000e+00,0.000000000000000000e+00,0.000000000000000000e+00,0.000000000000000000e+00,0.000000000000000000e+00,0.000000000000000000e+00,0.000000000000000000e+00,0.000000000000000000e+00,0.000000000000000000e+00,0.000000000000000000e+00,0.000000000000000000e+00,0.000000000000000000e+00,0.000000000000000000e+00,0.000000000000000000e+00,0.000000000000000000e+00,0.000000000000000000e+00,0.000000000000000000e+00,0.000000000000000000e+00,0.000000000000000000e+00,0.000000000000000000e+00,0.000000000000000000e+00,0.000000000000000000e+00,0.000000000000000000e+00,0.000000000000000000e+00,0.000000000000000000e+00,0.000000000000000000e+00,0.000000000000000000e+00,0.000000000000000000e+00,0.000000000000000000e+00,0.000000000000000000e+00,0.000000000000000000e+00,0.000000000000000000e+00,0.000000000000000000e+00,0.000000000000000000e+00,0.000000000000000000e+00,0.000000000000000000e+00,0.000000000000000000e+00,0.000000000000000000e+00,0.000000000000000000e+00,0.000000000000000000e+00,0.000000000000000000e+00,0.000000000000000000e+00,0.000000000000000000e+00,0.000000000000000000e+00,0.000000000000000000e+00,0.000000000000000000e+00,0.000000000000000000e+00,0.000000000000000000e+00,0.000000000000000000e+00,0.000000000000000000e+00,0.000000000000000000e+00,0.000000000000000000e+00,0.000000000000000000e+00,0.000000000000000000e+00,0.000000000000000000e+00,0.000000000000000000e+00,0.000000000000000000e+00,0.000000000000000000e+00,0.000000000000000000e+00,0.000000000000000000e+00,0.000000000000000000e+00,0.000000000000000000e+00,0.000000000000000000e+00,0.000000000000000000e+00,0.000000000000000000e+00,0.000000000000000000e+00,0.000000000000000000e+00,0.000000000000000000e+00,0.000000000000000000e+00,0.000000000000000000e+00,0.000000000000000000e+00,0.000000000000000000e+00,0.000000000000000000e+00,0.000000000000000000e+00,0.000000000000000000e+00,0.000000000000000000e+00,0.000000000000000000e+00,0.000000000000000000e+00,0.000000000000000000e+00,0.000000000000000000e+00,0.000000000000000000e+00,0.000000000000000000e+00,0.000000000000000000e+00,0.000000000000000000e+00,0.000000000000000000e+00,0.000000000000000000e+00,0.000000000000000000e+00,0.000000000000000000e+00,0.000000000000000000e+00,0.000000000000000000e+00,0.000000000000000000e+00,0.000000000000000000e+00,0.000000000000000000e+00,0.000000000000000000e+00,0.000000000000000000e+00,0.000000000000000000e+00,0.000000000000000000e+00,0.000000000000000000e+00,0.000000000000000000e+00,0.000000000000000000e+00,0.000000000000000000e+00,0.000000000000000000e+00,0.000000000000000000e+00,0.000000000000000000e+00,0.000000000000000000e+00,0.000000000000000000e+00,0.000000000000000000e+00,0.000000000000000000e+00,0.000000000000000000e+00,0.000000000000000000e+00,0.000000000000000000e+00,0.000000000000000000e+00,0.000000000000000000e+00,0.000000000000000000e+00,0.000000000000000000e+00,0.000000000000000000e+00,0.000000000000000000e+00,0.000000000000000000e+00,0.000000000000000000e+00,0.000000000000000000e+00,0.000000000000000000e+00,0.000000000000000000e+00,0.000000000000000000e+00,0.000000000000000000e+00,0.000000000000000000e+00,0.000000000000000000e+00,0.000000000000000000e+00,0.000000000000000000e+00,0.000000000000000000e+00,0.000000000000000000e+00,0.000000000000000000e+00,0.000000000000000000e+00,0.000000000000000000e+00,0.000000000000000000e+00,0.000000000000000000e+00,0.000000000000000000e+00,0.000000000000000000e+00,0.000000000000000000e+00,0.000000000000000000e+00,0.000000000000000000e+00,0.000000000000000000e+00,0.000000000000000000e+00,0.000000000000000000e+00,0.000000000000000000e+00,0.000000000000000000e+00,0.000000000000000000e+00,0.000000000000000000e+00,0.000000000000000000e+00,0.000000000000000000e+00,0.000000000000000000e+00,0.000000000000000000e+00,0.000000000000000000e+00,0.000000000000000000e+00,0.000000000000000000e+00,0.000000000000000000e+00,0.000000000000000000e+00,0.000000000000000000e+00,0.000000000000000000e+00,0.000000000000000000e+00,0.000000000000000000e+00,0.000000000000000000e+00,0.000000000000000000e+00,0.000000000000000000e+00,0.000000000000000000e+00,0.000000000000000000e+00,0.000000000000000000e+00,0.000000000000000000e+00,0.000000000000000000e+00,0.000000000000000000e+00,0.000000000000000000e+00,0.000000000000000000e+00,0.000000000000000000e+00,0.000000000000000000e+00,0.000000000000000000e+00,0.000000000000000000e+00,0.000000000000000000e+00,0.000000000000000000e+00,0.000000000000000000e+00,0.000000000000000000e+00,0.000000000000000000e+00,0.000000000000000000e+00,0.000000000000000000e+00,0.000000000000000000e+00,0.000000000000000000e+00,0.000000000000000000e+00,0.000000000000000000e+00,0.000000000000000000e+00,0.000000000000000000e+00,0.000000000000000000e+00,0.000000000000000000e+00,0.000000000000000000e+00,0.000000000000000000e+00,0.000000000000000000e+00,0.000000000000000000e+00,3.627455133368058266e-04,4.268746989037653663e-04,4.492142858445807786e-04,4.421502609815620316e-04,4.090559182916158904e-04,3.696805757200118093e-04,3.134131244729729607e-04,2.570720587714849198e-04,1.995031552925168191e-04,1.436431535299123824e-04,9.355833281165571759e-05,4.820215274180304852e-05,9.482348146409404682e-06,-2.322349073645229266e-05,-5.000924920747148734e-05,-7.123868004882936717e-05,-8.778220054425091810e-05,-1.000955030282088456e-04,-1.090341508687913368e-04,-1.151183068756644786e-04,-1.189620468367946733e-04,-1.210216606233605594e-04,-1.216865729679511338e-04,-1.212726288447500494e-04,-1.200087634629027949e-04,-1.180774099981785161e-04,-1.156038896356615498e-04,-1.126808322166992794e-04,-1.093745914920622524e-04,-1.057325291824378699e-04,-1.017944922897780154e-04,-9.759283602466682281e-05,-9.316109350426830446e-05,-8.853172995721326924e-05,-8.374096790489384218e-05,-7.882558727921384423e-05,-7.382559249137566931e-05,-6.878044332411166234e-05,-6.373120182091068157e-05,-5.871656614015713897e-05,-5.377532051060796215e-05,-4.894244109053712201e-05,-4.425203944172487918e-05,-3.973359998248179523e-05,-3.541532473490501459e-05,-3.132042461014731356e-05,-2.747072512833477446e-05,-2.388291374070640254e-05,-2.057231314719154623e-05,-1.754902825723865189e-05,-1.482184797856969264e-05,-1.239427671752681743e-05,-1.026855427935944784e-05,-8.441574847114914119e-06,-6.909021138499076539e-06,-5.661175761841460909e-06,-4.687164554252342709e-06,-3.970664158395675086e-06,-3.494249746826199084e-06,-3.235004571432098302e-06,-3.168970718883085572e-06,-3.266671250798589965e-06,-3.497667880992428209e-06,-3.826012594826939664e-06,-4.214921932981359263e-06,-4.622181448191854676e-06,-5.004951874766325168e-06,-5.315155575962352088e-06,-5.504434578082605241e-06,-5.519552360255720557e-06,-5.307526650756150029e-06,-4.811081420160122607e-06,-3.973977410639368833e-06,-2.736546815397678651e-06,-1.041240624789312587e-06,1.171728913734775987e-06,3.958613850258784386e-06,7.376368448400538280e-06,1.147665161095669679e-05,1.630995274295653186e-05,2.191939461257633740e-05,2.834477980132324044e-05,3.561624147804474656e-05,4.375827227028679134e-05,5.278329657832796950e-05,6.269577438442615303e-05,7.348579395581484881e-05,8.513337159388704870e-05,9.760218382974739570e-05,1.108442059741843346e-04,1.247937136529527283e-04,1.393724135846471273e-04,1.544838411001525169e-04,1.700191316032472746e-04,1.858519199508322885e-04,2.018448774620946432e-04,2.178451786629514704e-04,2.336918852931547930e-04,2.492119861143506543e-04,2.642286473491972285e-04,2.785577548735175589e-04,2.920169738943450286e-04,3.044226355970801692e-04,3.155994643858198493e-04,3.253775613807042503e-04,3.336025744128839118e-04,3.401324493469503707e-04,3.448477472995857790e-04,3.476477737113892012e-04,3.484607008825623634e-04,3.472386564579074404e-04,3.439672989304584389e-04,3.386594629809248631e-04,3.313638708033304773e-04,3.221569998952604854e-04,3.111506999835312085e-04,2.984820728283454384e-04,2.843199037038181038e-04,2.688525190406187873e-04,2.522931258875052321e-04,2.348658293538464581e-04,2.168101870932434376e-04,1.983658016762514134e-04,1.797766134603138869e-04,1.612746994630690498e-04,1.430850104345853142e-04,1.254091639343088004e-04,1.084314352745922952e-04,9.230337828933965927e-05,7.715185765597697978e-05,6.306521936850198104e-05,5.010397090242458347e-05,3.828893958241084749e-05,2.761489054801204957e-05,1.804071562459371572e-05,9.505922990896833061e-06,1.922455873421626461e-06,-4.806470367924850109e-06,-1.079416511319295654e-05,-1.615104762248379831e-05,-2.099533915513220937e-05,-2.543677203481577162e-05,-2.959384944717554568e-05,-3.357894548297212287e-05,-3.751041581166628618e-05,-4.146912180568271971e-05,-4.546266479035496660e-05,-4.931940843658370107e-05,-5.264491247468167589e-05,-5.485084422507835889e-05,-5.552287534348199899e-05,-5.510290123150653890e-05,-5.582069713551851309e-05,-6.190206794199513355e-05,-7.782446040977727118e-05,-1.032822963678989498e-04,-1.266716538177070812e-04,-1.250642591838207617e-04,-9.125869845910041119e-05
0.000000000000000000e+00,0.000000000000000000e+00,0.000000000000000000e+00,0.000000000000000000e+00,0.000000000000000000e+00,0.000000000000000000e+00,0.000000000000000000e+00,0.000000000000000000e+00,0.000000000000000000e+00,0.000000000000000000e+00,0.000000000000000000e+00,0.000000000000000000e+00,0.000000000000000000e+00,0.000000000000000000e+00,0.000000000000000000e+00,0.000000000000000000e+00,0.000000000000000000e+00,0.000000000000000000e+00,0.000000000000000000e+00,0.000000000000000000e+00,0.000000000000000000e+00,0.000000000000000000e+00,0.000000000000000000e+00,0.000000000000000000e+00,0.000000000000000000e+00,0.000000000000000000e+00,0.000000000000000000e+00,0.000000000000000000e+00,0.000000000000000000e+00,0.000000000000000000e+00,0.000000000000000000e+00,0.000000000000000000e+00,0.000000000000000000e+00,0.000000000000000000e+00,0.000000000000000000e+00,0.000000000000000000e+00,0.000000000000000000e+00,0.000000000000000000e+00,0.000000000000000000e+00,0.000000000000000000e+00,0.000000000000000000e+00,0.000000000000000000e+00,0.000000000000000000e+00,0.000000000000000000e+00,0.000000000000000000e+00,0.000000000000000000e+00,0.000000000000000000e+00,0.000000000000000000e+00,0.000000000000000000e+00,0.000000000000000000e+00,0.000000000000000000e+00,0.000000000000000000e+00,0.000000000000000000e+00,0.000000000000000000e+00,0.000000000000000000e+00,0.000000000000000000e+00,0.000000000000000000e+00,0.000000000000000000e+00,0.000000000000000000e+00,0.000000000000000000e+00,0.000000000000000000e+00,0.000000000000000000e+00,0.000000000000000000e+00,0.000000000000000000e+00,0.000000000000000000e+00,0.000000000000000000e+00,0.000000000000000000e+00,0.000000000000000000e+00,0.000000000000000000e+00,0.000000000000000000e+00,0.000000000000000000e+00,0.000000000000000000e+00,0.000000000000000000e+00,0.000000000000000000e+00,0.000000000000000000e+00,0.000000000000000000e+00,0.000000000000000000e+00,0.000000000000000000e+00,0.000000000000000000e+00,0.000000000000000000e+00,0.000000000000000000e+00,0.000000000000000000e+00,0.000000000000000000e+00,0.000000000000000000e+00,0.000000000000000000e+00,0.000000000000000000e+00,0.000000000000000000e+00,0.000000000000000000e+00,0.000000000000000000e+00,0.000000000000000000e+00,0.000000000000000000e+00,0.000000000000000000e+00,0.000000000000000000e+00,0.000000000000000000e+00,0.000000000000000000e+00,0.000000000000000000e+00,0.000000000000000000e+00,0.000000000000000000e+00,0.000000000000000000e+00,0.000000000000000000e+00,0.000000000000000000e+00,0.000000000000000000e+00,0.000000000000000000e+00,0.000000000000000000e+00,0.000000000000000000e+00,0.000000000000000000e+00,0.000000000000000000e+00,0.000000000000000000e+00,0.000000000000000000e+00,0.000000000000000000e+00,0.000000000000000000e+00,0.000000000000000000e+00,0.000000000000000000e+00,0.000000000000000000e+00,0.000000000000000000e+00,0.000000000000000000e+00,0.000000000000000000e+00,0.000000000000000000e+00,0.000000000000000000e+00,0.000000000000000000e+00,0.000000000000000000e+00,0.000000000000000000e+00,0.000000000000000000e+00,0.000000000000000000e+00,0.000000000000000000e+00,0.000000000000000000e+00,0.000000000000000000e+00,0.000000000000000000e+00,0.000000000000000000e+00,0.000000000000000000e+00,0.000000000000000000e+00,0.000000000000000000e+00,0.000000000000000000e+00,0.000000000000000000e+00,0.000000000000000000e+00,0.000000000000000000e+00,0.000000000000000000e+00,0.000000000000000000e+00,0.000000000000000000e+00,0.000000000000000000e+00,0.000000000000000000e+00,0.000000000000000000e+00,0.000000000000000000e+00,0.000000000000000000e+00,0.000000000000000000e+00,0.000000000000000000e+00,0.000000000000000000e+00,0.000000000000000000e+00,0.000000000000000000e+00,0.000000000000000000e+00,0.000000000000000000e+00,0.000000000000000000e+00,0.000000000000000000e+00,0.000000000000000000e+00,0.000000000000000000e+00,0.000000000000000000e+00,0.000000000000000000e+00,0.000000000000000000e+00,0.000000000000000000e+00,0.000000000000000000e+00,0.000000000000000000e+00,0.000000000000000000e+00,0.000000000000000000e+00,0.000000000000000000e+00,0.000000000000000000e+00,0.000000000000000000e+00,0.000000000000000000e+00,0.000000000000000000e+00,0.000000000000000000e+00,0.000000000000000000e+00,0.000000000000000000e+00,0.000000000000000000e+00,0.000000000000000000e+00,0.000000000000000000e+00,0.000000000000000000e+00,0.000000000000000000e+00,0.000000000000000000e+00,0.000000000000000000e+00,0.000000000000000000e+00,0.000000000000000000e+00,0.000000000000000000e+00,0.000000000000000000e+00,0.000000000000000000e+00,0.000000000000000000e+00,0.000000000000000000e+00,0.000000000000000000e+00,0.000000000000000000e+00,0.000000000000000000e+00,0.000000000000000000e+00,0.000000000000000000e+00,0.000000000000000000e+00,0.000000000000000000e+00,0.000000000000000000e+00,0.000000000000000000e+00,0.000000000000000000e+00,0.000000000000000000e+00,0.000000000000000000e+00,0.000000000000000000e+00,0.000000000000000000e+00,0.000000000000000000e+00,0.000000000000000000e+00,0.000000000000000000e+00,0.000000000000000000e+00,0.000000000000000000e+00,0.000000000000000000e+00,0.000000000000000000e+00,0.000000000000000000e+00,0.000000000000000000e+00,0.000000000000000000e+00,0.000000000000000000e+00,0.000000000000000000e+00,0.000000000000000000e+00,0.000000000000000000e+00,0.000000000000000000e+00,3.814843691035622983e-04,4.357114576268070845e-04,4.579785587985172224e-04,4.688056261599619695e-04,4.406046451407520572e-04,4.014484981535624501e-04,3.535648280976090986e-04,2.952943347999755939e-04,2.385704110789751823e-04,1.800527214517326274e-04,1.255797097938457540e-04,7.579563269461623686e-05,3.161346436536430042e-05,-5.776117187213581306e-06,-3.723126423017597076e-05,-6.260373247854501854e-05,-8.263947645686116718e-05,-9.796536925476733500e-05,-1.092019430356402053e-04,-1.171323873121176155e-04,-1.222868314941230269e-04,-1.252865711162484295e-04,-1.265552959457635928e-04,-1.264939865213863201e-04,-1.253963128881614285e-04,-1.234918989437924113e-04,-1.209557443619981970e-04,-1.179094549584851638e-04,-1.144459397721844893e-04,-1.106286547627329225e-04,-1.065075001918030991e-04,-1.021211888927886247e-04,-9.750474814741762739e-05,-9.269124628862751049e-05,-8.771537984689664917e-05,-8.261261721717864015e-05,-7.742147371929182390e-05,-7.218057855759803297e-05,-6.693070045134181026e-05,-6.171092725588025031e-05,-5.656089267774926631e-05,-5.151688418513196373e-05,-4.661445551624823384e-05,-4.188473756984557270e-05,-3.735743897944385461e-05,-3.305731765221178400e-05,-2.900747440067598818e-05,-2.522585887403328147e-05,-2.172875428403879579e-05,-1.852722494998091499e-05,-1.563073009008314793e-05,-1.304347424042453575e-05,-1.076812742468440668e-05,-8.802072378172174204e-06,-7.141227184229794802e-06,-5.776193074977397178e-06,-4.696178683737736788e-06,-3.885052526797951863e-06,-3.325366979735871021e-06,-2.994320486194681898e-06,-2.867880589916662332e-06,-2.916665049464560002e-06,-3.110167287055195964e-06,-3.412571647300978239e-06,-3.787089981741615987e-06,-4.191732665792007404e-06,-4.583770427406835467e-06,-4.915488359257129141e-06,-5.138791607904203839e-06,-5.200973611405025679e-06,-5.049487013289835091e-06,-4.627758755084322519e-06,-3.880147570896364040e-06,-2.747836294467001792e-06,-1.173993526453660601e-06,9.002334730292362491e-07,3.530343727565586993e-06,6.772378150261874097e-06,1.067733535888329524e-05,1.529496303689870053e-05,2.066798730400589180e-05,2.683583048340144230e-05,3.382869910194791734e-05,4.167128587032843456e-05,5.037678578916630667e-05,5.995066859715590451e-05,7.038471593153125820e-05,8.166097682520189003e-05,9.374593766277925357e-05,1.065947934288255191e-04,1.201458721403143360e-04,1.343253641748606494e-04,1.490421198860726138e-04,1.641929746035916942e-04,1.796580189642825573e-04,1.953066352937266319e-04,2.109933029923757137e-04,2.265644219378891227e-04,2.418546602768096058e-04,2.566945834347184171e-04,2.709074815597594895e-04,2.843177524099767392e-04,2.967480657673073432e-04,3.080283711159561752e-04,3.179931743168286883e-04,3.264909650200934301e-04,3.333813064696301083e-04,3.385444129890677789e-04,3.418776978713293892e-04,3.433051887013088854e-04,3.427731519034127468e-04,3.402590232744098883e-04,3.357657407501415860e-04,3.293298976181130888e-04,3.210144745142348168e-04,3.109159982766866704e-04,2.991554728292253221e-04,2.858844474656600408e-04,2.712741008380661466e-04,2.555202821344766629e-04,2.388308921967791456e-04,2.214301454273553515e-04,2.035445980884592664e-04,1.854070653860177625e-04,1.672418417944977352e-04,1.492688662016717857e-04,1.316888281167385435e-04,1.146882676631425966e-04,9.842532651557647869e-05,8.303646066515536382e-05,6.862353976276285689e-05,5.526270646664747097e-05,4.299333069824058770e-05,3.182926202941650529e-05,2.174982790121354209e-05,1.271334856687351553e-05,4.650028396436654418e-06,-2.522756493638397142e-06,-8.906119139110770124e-06,-1.460354138558224083e-05,-1.972617435146534036e-05,-2.437809877558510231e-05,-2.866403439412031548e-05,-3.267994341215628076e-05,-3.652527916618857913e-05,-4.029661961767706736e-05,-4.408962433379529252e-05,-4.796571423332752305e-05,-5.190044396759990118e-05,-5.569798590165612334e-05,-5.893544613434124560e-05,-6.103825551950481365e-05,-6.163165426594232016e-05,-6.125877588055135081e-05,-6.219499919725432284e-05,-6.859573876536831393e-05,-8.455172035321255634e-05,-1.092219211233994827e-04,-1.306187903890001958e-04,-1.264831100721658071e-04,-9.124506598723050252e-05
0.000000000000000000e+00,0.000000000000000000e+00,0.000000000000000000e+00,0.000000000000000000e+00,0.000000000000000000e+00,0.000000000000000000e+00,0.000000000000000000e+00,0.000000000000000000e+00,0.000000000000000000e+00,0.000000000000000000e+00,0.000000000000000000e+00,0.000000000000000000e+00,0.000000000000000000e+00,0.000000000000000000e+00,0.000000000000000000e+00,0.000000000000000000e+00,0.000000000000000000e+00,0.000000000000000000e+00,0.000000000000000000e+00,0.000000000000000000e+00,0.000000000000000000e+00,0.000000000000000000e+00,0.000000000000000000e+00,0.000000000000000000e+00,0.000000000000000000e+00,0.000000000000000000e+00,0.000000000000000000e+00,0.000000000000000000e+00,0.000000000000000000e+00,0.000000000000000000e+00,0.000000000000000000e+00,0.000000000000000000e+00,0.000000000000000000e+00,0.000000000000000000e+00,0.000000000000000000e+00,0.000000000000000000e+00,0.000000000000000000e+00,0.000000000000000000e+00,0.000000000000000000e+00,0.000000000000000000e+00,0.000000000000000000e+00,0.000000000000000000e+00,0.000000000000000000e+00,0.000000000000000000e+00,0.000000000000000000e+00,0.000000000000000000e+00,0.000000000000000000e+00,0.000000000000000000e+00,0.000000000000000000e+00,0.000000000000000000e+00,0.000000000000000000e+00,0.000000000000000000e+00,0.000000000000000000e+00,0.000000000000000000e+00,0.000000000000000000e+00,0.000000000000000000e+00,0.000000000000000000e+00,0.000000000000000000e+00,0.000000000000000000e+00,0.000000000000000000e+00,0.000000000000000000e+00,0.000000000000000000e+00,0.000000000000000000e+00,0.000000000000000000e+00,0.000000000000000000e+00,0.000000000000000000e+00,0.000000000000000000e+00,0.000000000000000000e+00,0.000000000000000000e+00,0.000000000000000000e+00,0.000000000000000000e+00,0.000000000000000000e+00,0.000000000000000000e+00,0.000000000000000000e+00,0.000000000000000000e+00,0.000000000000000000e+00,0.000000000000000000e+00,0.000000000000000000e+00,0.000000000000000000e+00,0.000000000000000000e+00,0.000000000000000000e+00,0.000000000000000000e+00,0.000000000000000000e+00,0.000000000000000000e+00,0.000000000000000000e+00,0.000000000000000000e+00,0.000000000000000000e+00,0.000000000000000000e+00,0.000000000000000000e+00,0.000000000000000000e+00,0.000000000000000000e+00,0.000000000000000000e+00,0.000000000000000000e+00,0.000000000000000000e+00,0.000000000000000000e+00,0.000000000000000000e+00,0.000000000000000000e+00,0.000000000000000000e+00,0.000000000000000000e+00,0.000000000000000000e+00,0.000000000000000000e+00,0.000000000000000000e+00,0.000000000000000000e+00,0.000000000000000000e+00,0.000000000000000000e+00,0.000000000000000000e+00,0.000000000000000000e+00,0.000000000000000000e+00,0.000000000000000000e+00,0.000000000000000000e+00,0.000000000000000000e+00,0.000000000000000000e+00,0.000000000000000000e+00,0.000000000000000000e+00,0.000000000000000000e+00,0.000000000000000000e+00,0.000000000000000000e+00,0.000000000000000000e+00,0.000000000000000000e+00,0.000000000000000000e+00,0.000000000000000000e+00,0.000000000000000000e+00,0.000000000000000000e+00,0.000000000000000000e+00,0.000000000000000000e+00,0.000000000000000000e+00,0.000000000000000000e+00,0.000000000000000000e+00,0.000000000000000000e+00,0.000000000000000000e+00,0.000000000000000000e+00,0.000000000000000000e+00,0.000000000000000000e+00,0.000000000000000000e+00,0.000000000000000000e+00,0.000000000000000000e+00,0.000000000000000000e+00,0.000000000000000000e+00,0.000000000000000000e+00,0.000000000000000000e+00,0.000000000000000000e+00,0.000000000000000000e+00,0.000000000000000000e+00,0.000000000000000000e+00,0.000000000000000000e+00,0.000000000000000000e+00,0.000000000000000000e+00,0.000000000000000000e+00,0.000000000000000000e+00,0.000000000000000000e+00,0.000000000000000000e+00,0.000000000000000000e+00,0.000000000000000000e+00,0.000000000000000000e+00,0.000000000000000000e+00,0.000000000000000000e+00,0.000000000000000000e+00,0.000000000000000000e+00,0.000000000000000000e+00,0.000000000000000000e+00,0.000000000000000000e+00,0.000000000000000000e+00,0.000000000000000000e+00,0.000000000000000000e+00,0.000000000000000000e+00,0.000000000000000000e+00,0.000000000000000000e+00,0.000000000000000000e+00,0.000000000000000000e+00,0.000000000000000000e+00,0.000000000000000000e+00,0.000000000000000000e+00,0.000000000000000000e+00,0.000000000000000000e+00,0.000000000000000000e+00,0.000000000000000000e+00,0.000000000000000000e+00,0.000000000000000000e+00,0.000000000000000000e+00,0.000000000000000000e+00,0.000000000000000000e+00,0.000000000000000000e+00,0.000000000000000000e+00,0.000000000000000000e+00,0.000000000000000000e+00,0.000000000000000000e+00,0.000000000000000000e+00,0.000000000000000000e+00,0.000000000000000000e+00,0.000000000000000000e+00,0.000000000000000000e+00,0.000000000000000000e+00,0.000000000000000000e+00,0.000000000000000000e+00,0.000000000000000000e+00,0.000000000000000000e+00,0.000000000000000000e+00,0.000000000000000000e+00,0.000000000000000000e+00,0.000000000000000000e+00,0.000000000000000000e+00,0.000000000000000000e+00,0.000000000000000000e+00,0.000000000000000000e+00,0.000000000000000000e+00,0.000000000000000000e+00,0.000000000000000000e+00,0.000000000000000000e+00,0.000000000000000000e+00,0.000000000000000000e+00,0.000000000000000000e+00,0.000000000000000000e+00,0.000000000000000000e+00,3.717865899002801883e-04,4.307114108483761704e-04,4.475364974946637975e-04,4.676781848476233906e-04,4.331680628521768564e-04,3.916069061484466060e-04,3.360787547927680721e-04,2.776141429332713677e-04,2.186031642162669349e-04,1.600769999978274001e-04,1.068488680129828249e-04,5.790196395824238407e-05,1.529322806730306058e-05,-2.089990803487222596e-05,-5.091398897200952926e-05,-7.486701433671948786e-05,-9.362206477319214622e-05,-1.076880249786212523e-04,-1.178229959217670772e-04,-1.247110324081433677e-04,-1.289311469188540791e-04,-1.310711171824081921e-04,-1.315461971728876267e-04,-1.307560871750331356e-04,-1.289752435491493311e-04,-1.264358662472706560e-04,-1.233011028587952429e-04,-1.196934109314626662e-04,-1.157014274495026283e-04,-1.113892415203602708e-04,-1.068060274967222998e-04,-1.019919091521777560e-04,-9.698185784092082829e-05,-9.181081689652913018e-05,-8.651293085017805354e-05,-8.112538977665698862e-05,-7.568543111258247303e-05,-7.023295400766014324e-05,-6.480681622798503813e-05,-5.944691031573962433e-05,-5.419044002951538974e-05,-4.907409700968192888e-05,-4.413053764226257804e-05,-3.939093814263912844e-05,-3.488165855481906933e-05,-3.062716720498234610e-05,-2.664678714146268267e-05,-2.295787663599201881e-05,-1.957255555848918139e-05,-1.650104482097747223e-05,-1.374831302116058628e-05,-1.131752682214649663e-05,-9.206598688704026236e-06,-7.411734444306933105e-06,-5.923883718946398129e-06,-4.732383064786815018e-06,-3.821315944555235575e-06,-3.173250721395719431e-06,-2.765517379878311835e-06,-2.574039880744115983e-06,-2.569538889497100408e-06,-2.721461027280159415e-06,-2.994121590683073226e-06,-3.350738297201163405e-06,-3.749533807159415179e-06,-4.147886939072755763e-06,-4.498420208204491147e-06,-4.753285945920642681e-06,-4.860267943152130658e-06,-4.767222547471641090e-06,-4.418224864347783140e-06,-3.758184860754583961e-06,-2.729066439636910931e-06,-1.274694949167604997e-06,6.629291301741470506e-07,3.138622844827677579e-06,6.207602426938836693e-06,9.920280435787047753e-06,1.432574973439314876e-05,1.946640676751986749e-05,2.538136666586872492e-05,3.210095531047609148e-05,3.965010965987485084e-05,4.804280406912010888e-05,5.728551635329802108e-05,6.737167573161531868e-05,7.828529952763945354e-05,8.999556761894442257e-05,1.024607532603299026e-04,1.156230381922140134e-04,1.294128699131648320e-04,1.437441289082833377e-04,1.585190402482179034e-04,1.736237867446220877e-04,1.889340824946984137e-04,2.043112915093085703e-04,2.196087338406353283e-04,2.346683186120873666e-04,2.493276008160516749e-04,2.634168732026773065e-04,2.767669271848963099e-04,2.892064745860792254e-04,3.005704950813319998e-04,3.106977834496714268e-04,3.194396963198792815e-04,3.266575521400169211e-04,3.322315307653075705e-04,3.360576016669105325e-04,3.380562906830198540e-04,3.381687868769745679e-04,3.363652805912763243e-04,3.326399094545355226e-04,3.270183979746861297e-04,3.195515545431967938e-04,3.103220092945416730e-04,2.994360686708235145e-04,2.870294548777646386e-04,2.732574594792927243e-04,2.582997286921624117e-04,2.423488230791174809e-04,2.256142560136608851e-04,2.083097464170946913e-04,1.906568842220309748e-04,1.728715339821097286e-04,1.551676461996709486e-04,1.377434026035102756e-04,1.207857866302632636e-04,1.044571244822211411e-04,8.890104216616931388e-05,7.423002030186520923e-05,6.053327424958648514e-05,4.786578383268073140e-05,3.625842614887467627e-05,2.570866328857598224e-05,1.619295541015919353e-05,7.658936024898983040e-06,3.981934327683727458e-08,-6.752426782271623867e-06,-1.281117588131154244e-05,-1.824171407903356465e-05,-2.314459280640384649e-05,-2.762334357347561478e-05,-3.176889584382250911e-05,-3.567152267078853094e-05,-3.940930486521849378e-05,-4.306628793968943659e-05,-4.672030119505794885e-05,-5.045181392742081162e-05,-5.429867058250098706e-05,-5.821592876683433909e-05,-6.197699943100360483e-05,-6.514871737964786651e-05,-6.715905038058942865e-05,-6.769629647507293649e-05,-6.737567677217380885e-05,-6.853888023497773480e-05,-7.521687650637290021e-05,-9.116437021433158600e-05,-1.149744568718012424e-04,-1.344156143885193687e-04,-1.278339144726007735e-04,-9.133194887678043616e-05
0.000000000000000000e+00,0.000000000000000000e+00,0.000000000000000000e+00,0.000000000000000000e+00,0.000000000000000000e+00,0.000000000000000000e+00,0.000000000000000000e+00,0.000000000000000000e+00,0.000000000000000000e+00,0.000000000000000000e+00,0.000000000000000000e+00,0.000000000000000000e+00,0.000000000000000000e+00,0.000000000000000000e+00,0.000000000000000000e+00,0.000000000000000000e+00,0.000000000000000000e+00,0.000000000000000000e+00,0.000000000000000000e+00,0.000000000000000000e+00,0.000000000000000000e+00,0.000000000000000000e+00,0.000000000000000000e+00,0.000000000000000000e+00,0.000000000000000000e+00,0.000000000000000000e+00,0.000000000000000000e+00,0.000000000000000000e+00,0.000000000000000000e+00,0.000000000000000000e+00,0.000000000000000000e+00,0.000000000000000000e+00,0.000000000000000000e+00,0.000000000000000000e+00,0.000000000000000000e+00,0.000000000000000000e+00,0.000000000000000000e+00,0.000000000000000000e+00,0.000000000000000000e+00,0.000000000000000000e+00,0.000000000000000000e+00,0.000000000000000000e+00,0.000000000000000000e+00,0.000000000000000000e+00,0.000000000000000000e+00,0.000000000000000000e+00,0.000000000000000000e+00,0.000000000000000000e+00,0.000000000000000000e+00,0.000000000000000000e+00,0.000000000000000000e+00,0.000000000000000000e+00,0.000000000000000000e+00,0.000000000000000000e+00,0.000000000000000000e+00,0.000000000000000000e+00,0.000000000000000000e+00,0.000000000000000000e+00,0.000000000000000000e+00,0.000000000000000000e+00,0.000000000000000000e+00,0.000000000000000000e+00,0.000000000000000000e+00,0.000000000000000000e+00,0.000000000000000000e+00,0.000000000000000000e+00,0.000000000000000000e+00,0.000000000000000000e+00,0.000000000000000000e+00,0.000000000000000000e+00,0.000000000000000000e+00,0.000000000000000000e+00,0.000000000000000000e+00,0.000000000000000000e+00,0.000000000000000000e+00,0.000000000000000000e+00,0.000000000000000000e+00,0.000000000000000000e+00,0.000000000000000000e+00,0.000000000000000000e+00,0.000000000000000000e+00,0.000000000000000000e+00,0.000000000000000000e+00,0.000000000000000000e+00,0.000000000000000000e+00,0.000000000000000000e+00,0.000000000000000000e+00,0.000000000000000000e+00,0.000000000000000000e+00,0.000000000000000000e+00,0.000000000000000000e+00,0.000000000000000000e+00,0.000000000000000000e+00,0.000000000000000000e+00,0.000000000000000000e+00,0.000000000000000000e+00,0.000000000000000000e+00,0.000000000000000000e+00,0.000000000000000000e+00,0.000000000000000000e+00,0.000000000000000000e+00,0.000000000000000000e+00,0.000000000000000000e+00,0.000000000000000000e+00,0.000000000000000000e+00,0.000000000000000000e+00,0.000000000000000000e+00,0.000000000000000000e+00,0.000000000000000000e+00,0.000000000000000000e+00,0.000000000000000000e+00,0.000000000000000000e+00,0.000000000000000000e+00,0.000000000000000000e+00,0.000000000000000000e+00,0.000000000000000000e+00,0.000000000000000000e+00,0.000000000000000000e+00,0.000000000000000000e+00,0.000000000000000000e+00,0.000000000000000000e+00,0.000000000000000000e+00,0.000000000000000000e+00,0.000000000000000000e+00,0.000000000000000000e+00,0.000000000000000000e+00,0.000000000000000000e+00,0.000000000000000000e+00,0.000000000000000000e+00,0.000000000000000000e+00,0.000000000000000000e+00,0.000000000000000000e+00,0.000000000000000000e+00,0.000000000000000000e+00,0.000000000000000000e+00,0.000000000000000000e+00,0.000000000000000000e+00,0.000000000000000000e+00,0.000000000000000000e+00,0.000000000000000000e+00,0.000000000000000000e+00,0.000000000000000000e+00,0.000000000000000000e+00,0.000000000000000000e+00,0.000000000000000000e+00,0.000000000000000000e+00,0.000000000000000000e+00,0.000000000000000000e+00,0.000000000000000000e+00,0.000000000000000000e+00,0.000000000000000000e+00,0.000000000000000000e+00,0.000000000000000000e+00,0.000000000000000000e+00,0.000000000000000000e+00,0.000000000000000000e+00,0.000000000000000000e+00,0.000000000000000000e+00,0.000000000000000000e+00,0.000000000000000000e+00,0.000000000000000000e+00,0.000000000000000000e+00,0.000000000000000000e+00,0.000000000000000000e+00,0.000000000000000000e+00,0.000000000000000000e+00,0.000000000000000000e+00,0.000000000000000000e+00,0.000000000000000000e+00,0.000000000000000000e+00,0.000000000000000000e+00,0.000000000000000000e+00,0.000000000000000000e+00,0.000000000000000000e+00,0.000000000000000000e+00,0.000000000000000000e+00,0.000000000000000000e+00,0.000000000000000000e+00,0.000000000000000000e+00,0.000000000000000000e+00,0.000000000000000000e+00,0.000000000000000000e+00,0.000000000000000000e+00,0.000000000000000000e+00,0.000000000000000000e+00,0.000000000000000000e+00,0.000000000000000000e+00,0.000000000000000000e+00,0.000000000000000000e+00,0.000000000000000000e+00,0.000000000000000000e+00,0.000000000000000000e+00,0.000000000000000000e+00,0.000000000000000000e+00,0.000000000000000000e+00,0.000000000000000000e+00,0.000000000000000000e+00,0.000000000000000000e+00,0.000000000000000000e+00,0.000000000000000000e+00,0.000000000000000000e+00,0.000000000000000000e+00,0.000000000000000000e+00,0.000000000000000000e+00,0.000000000000000000e+00,0.000000000000000000e+00,0.000000000000000000e+00,0.000000000000000000e+00,0.000000000000000000e+00,0.000000000000000000e+00,0.000000000000000000e+00,3.659295515922495498e-04,4.373066677175160887e-04,4.634671471623697599e-04,4.739853732712481760e-04,4.554352846947459874e-04,4.195989945127067550e-04,3.772516475073067212e-04,3.174493199934688725e-04,2.583167524957203287e-04,1.978106193009771777e-04,1.402451493419220175e-04,8.751239157869547904e-05,3.991355098659092241e-05,-9.896240154784251689e-07,-3.576379713485428237e-05,-6.417945248087595213e-05,-8.673646783822121112e-05,-1.041220230579034906e-04,-1.169157844382053658e-04,-1.259163509849187330e-04,-1.317443065489596016e-04,-1.350233694607556748e-04,-1.362928681960119519e-04,-1.359778082208029626e-04,-1.344583597478610638e-04,-1.320012941129258257e-04,-1.288341877293105650e-04,-1.251120376694589734e-04,-1.209560883761957238e-04,-1.164518546685893325e-04,-1.116626540691494166e-04,-1.066382774500319479e-04,-1.014181849449310980e-04,-9.603930218615956552e-05,-9.053581534522776191e-05,-8.494369339077347187e-05,-7.929895767404672533e-05,-7.364007044523192963e-05,-6.800517773756545282e-05,-6.243378853002762665e-05,-5.696346797292172902e-05,-5.163163223190923498e-05,-4.647214308613140864e-05,-4.151751540959328947e-05,-3.679564515261366013e-05,-3.233242905041448789e-05,-2.814863676297249832e-05,-2.426282965548265348e-05,-2.068828641022756834e-05,-1.743610731298543651e-05,-1.451210619323207544e-05,-1.192003083033608111e-05,-9.658376441126689997e-06,-7.723695012605242695e-06,-6.107320135885365255e-06,-4.798760575219647011e-06,-3.782341237883300529e-06,-3.040682587521527928e-06,-2.551265684968663982e-06,-2.289999433306418880e-06,-2.227718777062741110e-06,-2.333843112182672507e-06,-2.572820163538860909e-06,-2.907882646395047782e-06,-3.297455636075297616e-06,-3.699023392048636858e-06,-4.065523380353213563e-06,-4.349339456353524440e-06,-4.498709614848739034e-06,-4.461864311358565385e-06,-4.183476441336391760e-06,-3.608963558703477202e-06,-2.681006614275258493e-06,-1.344031386519587265e-06,4.591836751420290584e-07,2.782839054000173919e-06,5.681407858221038180e-06,9.204784736811941274e-06,1.340148769676106226e-05,1.831364492622158382e-05,2.398013174282197127e-05,3.043143562752201824e-05,3.769277889228385203e-05,4.577892359748330481e-05,5.469735511540836041e-05,6.444310908588760025e-05,7.500211370911030848e-05,8.634613726373115974e-05,9.843640420092811684e-05,1.112187704638609691e-04,1.246277366377066822e-04,1.385819559377785134e-04,1.529887635493141682e-04,1.677401059416301057e-04,1.827176868049334470e-04,1.977893748094151666e-04,2.128150323986326739e-04,2.276434124951329696e-04,2.421186879338561632e-04,2.560777882412503285e-04,2.693575878970145068e-04,2.817925666726981337e-04,2.932225494898671198e-04,3.034905043906285034e-04,3.124506625750545874e-04,3.199662049389065898e-04,3.259175361930157725e-04,3.301995629508178392e-04,3.327298593063211189e-04,3.334452155259415252e-04,3.323094221557536384e-04,3.293087761253669899e-04,3.244592327065164150e-04,3.178006005727726383e-04,3.094028692002905902e-04,2.993589078634982482e-04,2.877898698690759048e-04,2.748363297019674242e-04,2.606627894812706060e-04,2.454473352008157091e-04,2.293854142897903806e-04,2.126782520854314398e-04,1.955362161826009609e-04,1.781663884398512765e-04,1.607759607977848025e-04,1.435594823734498307e-04,1.267028180910344715e-04,1.103706588934657369e-04,9.471159384260999584e-05,7.984646033196794571e-05,6.587501136872601741e-05,5.286557555335560194e-05,4.086363287981242479e-05,2.988304875039728898e-05,1.991660979722951702e-05,1.092881451302677630e-05,2.868103932222217806e-06,-4.339098045867321179e-06,-1.077500321959650103e-05,-1.653565592197419590e-05,-2.171709511442246768e-05,-2.642034548863542967e-05,-3.073806683088508744e-05,-3.476038583137645030e-05,-3.856410571177382629e-05,-4.222181952521402907e-05,-4.579678750642972968e-05,-4.935571262369809289e-05,-5.296405678163973669e-05,-5.668424099458758210e-05,-6.053972570062751121e-05,-6.445958417282682533e-05,-6.820040433666131141e-05,-7.131042995356901102e-05,-7.324168641560562854e-05,-7.372883313195687915e-05,-7.348305953929946282e-05,-7.487176228950950493e-05,-8.182911901523927899e-05,-9.772036102114969479e-05,-1.206510327110842963e-04,-1.380979213374387447e-04,-1.291149216154105581e-04,-9.129925888595386073e-05
0.000000000000000000e+00,0.000000000000000000e+00,0.000000000000000000e+00,0.000000000000000000e+00,0.000000000000000000e+00,0.000000000000000000e+00,0.000000000000000000e+00,0.000000000000000000e+00,0.000000000000000000e+00,0.000000000000000000e+00,0.000000000000000000e+00,0.000000000000000000e+00,0.000000000000000000e+00,0.000000000000000000e+00,0.000000000000000000e+00,0.000000000000000000e+00,0.000000000000000000e+00,0.000000000000000000e+00,0.000000000000000000e+00,0.000000000000000000e+00,0.000000000000000000e+00,0.000000000000000000e+00,0.000000000000000000e+00,0.000000000000000000e+00,0.000000000000000000e+00,0.000000000000000000e+00,0.000000000000000000e+00,0.000000000000000000e+00,0.000000000000000000e+00,0.000000000000000000e+00,0.000000000000000000e+00,0.000000000000000000e+00,0.000000000000000000e+00,0.000000000000000000e+00,0.000000000000000000e+00,0.000000000000000000e+00,0.000000000000000000e+00,0.000000000000000000e+00,0.000000000000000000e+00,0.000000000000000000e+00,0.000000000000000000e+00,0.000000000000000000e+00,0.000000000000000000e+00,0.000000000000000000e+00,0.000000000000000000e+00,0.000000000000000000e+00,0.000000000000000000e+00,0.000000000000000000e+00,0.000000000000000000e+00,0.000000000000000000e+00,0.000000000000000000e+00,0.000000000000000000e+00,0.000000000000000000e+00,0.000000000000000000e+00,0.000000000000000000e+00,0.000000000000000000e+00,0.000000000000000000e+00,0.000000000000000000e+00,0.000000000000000000e+00,0.000000000000000000e+00,0.000000000000000000e+00,0.000000000000000000e+00,0.000000000000000000e+00,0.000000000000000000e+00,0.000000000000000000e+00,0.000000000000000000e+00,0.000000000000000000e+00,0.000000000000000000e+00,0.000000000000000000e+00,0.000000000000000000e+00,0.000000000000000000e+00,0.000000000000000000e+00,0.000000000000000000e+00,0.000000000000000000e+00,0.000000000000000000e+00,0.000000000000000000e+00,0.000000000000000000e+00,0.000000000000000000e+00,0.000000000000000000e+00,0.000000000000000000e+00,0.000000000000000000e+00,0.000000000000000000e+00,0.000000000000000000e+00,0.000000000000000000e+00,0.000000000000000000e+00,0.000000000000000000e+00,0.000000000000000000e+00,0.000000000000000000e+00,0.000000000000000000e+00,0.000000000000000000e+00,0.000000000000000000e+00,0.000000000000000000e+00,0.000000000000000000e+00,0.000000000000000000e+00,0.000000000000000000e+00,0.000000000000000000e+00,0.000000000000000000e+00,0.000000000000000000e+00,0.000000000000000000e+00,0.000000000000000000e+00,0.000000000000000000e+00,0.000000000000000000e+00,0.000000000000000000e+00,0.000000000000000000e+00,0.000000000000000000e+00,0.000000000000000000e+00,0.000000000000000000e+00,0.000000000000000000e+00,0.000000000000000000e+00,0.000000000000000000e+00,0.000000000000000000e+00,0.000000000000000000e+00,0.000000000000000000e+00,0.000000000000000000e+00,0.000000000000000000e+00,0.000000000000000000e+00,0.000000000000000000e+00,0.000000000000000000e+00,0.000000000000000000e+00,0.000000000000000000e+00,0.000000000000000000e+00,0.000000000000000000e+00,0.000000000000000000e+00,0.000000000000000000e+00,0.000000000000000000e+00,0.000000000000000000e+00,0.000000000000000000e+00,0.000000000000000000e+00,0.000000000000000000e+00,0.000000000000000000e+00,0.000000000000000000e+00,0.000000000000000000e+00,0.000000000000000000e+00,0.000000000000000000e+00,0.000000000000000000e+00,0.000000000000000000e+00,0.000000000000000000e+00,0.000000000000000000e+00,0.000000000000000000e+00,0.000000000000000000e+00,0.000000000000000000e+00,0.000000000000000000e+00,0.000000000000000000e+00,0.000000000000000000e+00,0.000000000000000000e+00,0.000000000000000000e+00,0.000000000000000000e+00,0.000000000000000000e+00,0.000000000000000000e+00,0.000000000000000000e+00,0.000000000000000000e+00,0.000000000000000000e+00,0.000000000000000000e+00,0.000000000000000000e+00,0.000000000000000000e+00,0.000000000000000000e+00,0.000000000000000000e+00,0.000000000000000000e+00,0.000000000000000000e+00,0.000000000000000000e+00,0.000000000000000000e+00,0.000000000000000000e+00,0.000000000000000000e+00,0.000000000000000000e+00,0.000000000000000000e+00,0.000000000000000000e+00,0.000000000000000000e+00,0.000000000000000000e+00,0.000000000000000000e+00,0.000000000000000000e+00,0.000000000000000000e+00,0.000000000000000000e+00,0.000000000000000000e+00,0.000000000000000000e+00,0.000000000000000000e+00,0.000000000000000000e+00,0.000000000000000000e+00,0.000000000000000000e+00,0.000000000000000000e+00,0.000000000000000000e+00,0.000000000000000000e+00,0.000000000000000000e+00,0.000000000000000000e+00,0.000000000000000000e+00,0.000000000000000000e+00,0.000000000000000000e+00,0.000000000000000000e+00,0.000000000000000000e+00,0.000000000000000000e+00,0.000000000000000000e+00,0.000000000000000000e+00,0.000000000000000000e+00,0.000000000000000000e+00,0.000000000000000000e+00,0.000000000000000000e+00,0.000000000000000000e+00,0.000000000000000000e+00,0.000000000000000000e+00,0.000000000000000000e+00,0.000000000000000000e+00,0.000000000000000000e+00,0.000000000000000000e+00,0.000000000000000000e+00,0.000000000000000000e+00,0.000000000000000000e+00,0.000000000000000000e+00,0.000000000000000000e+00,0.000000000000000000e+00,0.000000000000000000e+00,0.000000000000000000e+00,3.627500730380543996e-04,4.326987977220978746e-04,4.550897201936397437e-04,4.779311770435543116e-04,4.466365103554105313e-04,4.078038767543149131e-04,3.571254916510666132e-04,2.970673772176782431e-04,2.376542038069291902e-04,1.763423761235734081e-04,1.199929377375735990e-04,6.802936636808380158e-05,2.211438160165446598e-05,-1.723670950368922470e-05,-5.032952522883232197e-05,-7.705978098899239864e-05,-9.814423049803835443e-05,-1.140925877006861085e-04,-1.256141732244368770e-04,-1.334453443884766873e-04,-1.382107550883127783e-04,-1.405401299636233384e-04,-1.409377017038361459e-04,-1.398362692076429747e-04,-1.375919853333802678e-04,-1.344686938620628588e-04,-1.306850238085049043e-04,-1.263894811532892209e-04,-1.217021798973053667e-04,-1.167038977803693851e-04,-1.114592822585210990e-04,-1.060159965922690843e-04,-1.004152836048022334e-04,-9.469319917930629099e-05,-8.888550798917591153e-05,-8.302727154658201699e-05,-7.715562314495458458e-05,-7.130748704774807971e-05,-6.552158460183529559e-05,-5.983519495242255811e-05,-5.428597758897624062e-05,-4.890855286798471714e-05,-4.373648467922449214e-05,-3.879903683681221150e-05,-3.412347631610413801e-05,-2.973204861674870456e-05,-2.564459911251513942e-05,-2.187567159813565840e-05,-1.843736243000556601e-05,-1.533643247908250779e-05,-1.257730777911262764e-05,-1.015913571969050500e-05,-8.078882044276460901e-06,-6.328305753451240761e-06,-4.897135328325601499e-06,-3.769962359064961761e-06,-2.929495983109696280e-06,-2.353384181881163180e-06,-2.017549495683364402e-06,-1.892948785346760419e-06,-1.948994196827763383e-06,-2.150264105838699097e-06,-2.460015766761269559e-06,-2.836864076591708016e-06,-3.238396508996734823e-06,-3.617841055573331897e-06,-3.927798250670650311e-06,-4.116923416017523152e-06,-4.133793286008739390e-06,-3.923629152017132813e-06,-3.432315742219886661e-06,-2.603190085482650646e-06,-1.381227097132028870e-06,2.900868036001322884e-07,2.464394084227992257e-06,5.195499004370420897e-06,8.532838025483551671e-06,1.252442546759329835e-05,1.721217335495430018e-05,2.263477515857859846e-05,2.882291302575245824e-05,3.580212697081754775e-05,4.358796749446074115e-05,5.218892051565355894e-05,6.160158259229525646e-05,7.181373298469686259e-05,8.279962405963910686e-05,9.452330791247718874e-05,1.069341427843061509e-04,1.199704892961948882e-04,1.335555316710988478e-04,1.476014548557895607e-04,1.620056644914786648e-04,1.766555389041125055e-04,1.914251027391251816e-04,2.061804162594223656e-04,2.207767145889942616e-04,2.350644519885541125e-04,2.488868638878043659e-04,2.620866287746795374e-04,2.745037477672518703e-04,2.859827263371521539e-04,2.963706020269327103e-04,3.055244889093801548e-04,3.133095255566968542e-04,3.196065744714581447e-04,3.243098176515629943e-04,3.273343690759962532e-04,3.286132221723433002e-04,3.281045230620602596e-04,3.257875797596895460e-04,3.216695629270866852e-04,3.157803253713913311e-04,3.081783485146557091e-04,2.989441941187893372e-04,2.881855980019167496e-04,2.760294811936338309e-04,2.626262028386352272e-04,2.481401877808971611e-04,2.327534787130859759e-04,2.166551792453622646e-04,2.000445773154711153e-04,1.831197403314177585e-04,1.660805998710596272e-04,1.491171481788038783e-04,1.324129578814646230e-04,1.161334949848290927e-04,1.004305761332779115e-04,8.543131177536641778e-05,7.124396032002102265e-05,5.794793171260205521e-05,4.560137394786354563e-05,3.423249811340408033e-05,2.384903252038714496e-05,1.443088695684704130e-05,5.941356264165799227e-06,-1.679141198684014777e-06,-8.500481186145855171e-06,-1.460853421534311791e-05,-2.009172780564533515e-05,-2.504681223540567041e-05,-2.956507521521707638e-05,-3.373883701112607335e-05,-3.764792931904265927e-05,-4.136815261653837227e-05,-4.495961432046053697e-05,-4.847983476390419454e-05,-5.197604098745019441e-05,-5.550312750708373565e-05,-5.911244803689989059e-05,-6.285609870392522378e-05,-6.673894736006224810e-05,-7.067483638927804816e-05,-7.439643214324567766e-05,-7.745032367219665539e-05,-7.930067379542658811e-05,-7.975030220078201787e-05,-7.957704694647219589e-05,-8.119420759964011069e-05,-8.838766046923558317e-05,-1.041836797582262040e-04,-1.261687748955883583e-04,-1.416578423742704922e-04,-1.303444436080748183e-04,-9.136773672588730801e-05
0.000000000000000000e+00,0.000000000000000000e+00,0.000000000000000000e+00,0.000000000000000000e+00,0.000000000000000000e+00,0.000000000000000000e+00,0.000000000000000000e+00,0.000000000000000000e+00,0.000000000000000000e+00,0.000000000000000000e+00,0.000000000000000000e+00,0.000000000000000000e+00,0.000000000000000000e+00,0.000000000000000000e+00,0.000000000000000000e+00,0.000000000000000000e+00,0.000000000000000000e+00,0.000000000000000000e+00,0.000000000000000000e+00,0.000000000000000000e+00,0.000000000000000000e+00,0.000000000000000000e+00,0.000000000000000000e+00,0.000000000000000000e+00,0.000000000000000000e+00,0.000000000000000000e+00,0.000000000000000000e+00,0.000000000000000000e+00,0.000000000000000000e+00,0.000000000000000000e+00,0.000000000000000000e+00,0.000000000000000000e+00,0.000000000000000000e+00,0.000000000000000000e+00,0.000000000000000000e+00,0.000000000000000000e+00,0.000000000000000000e+00,0.000000000000000000e+00,0.000000000000000000e+00,0.000000000000000000e+00,0.000000000000000000e+00,0.000000000000000000e+00,0.000000000000000000e+00,0.000000000000000000e+00,0.000000000000000000e+00,0.000000000000000000e+00,0.000000000000000000e+00,0.000000000000000000e+00,0.000000000000000000e+00,0.000000000000000000e+00,0.000000000000000000e+00,0.000000000000000000e+00,0.000000000000000000e+00,0.000000000000000000e+00,0.000000000000000000e+00,0.000000000000000000e+00,0.000000000000000000e+00,0.000000000000000000e+00,0.000000000000000000e+00,0.000000000000000000e+00,0.000000000000000000e+00,0.000000000000000000e+00,0.000000000000000000e+00,0.000000000000000000e+00,0.000000000000000000e+00,0.000000000000000000e+00,0.000000000000000000e+00,0.000000000000000000e+00,0.000000000000000000e+00,0.000000000000000000e+00,0.000000000000000000e+00,0.000000000000000000e+00,0.000000000000000000e+00,0.000000000000000000e+00,0.000000000000000000e+00,0.000000000000000000e+00,0.000000000000000000e+00,0.000000000000000000e+00,0.000000000000000000e+00,0.000000000000000000e+00,0.000000000000000000e+00,0.000000000000000000e+00,0.000000000000000000e+00,0.000000000000000000e+00,0.000000000000000000e+00,0.000000000000000000e+00,0.000000000000000000e+00,0.000000000000000000e+00,0.000000000000000000e+00,0.000000000000000000e+00,0.000000000000000000e+00,0.000000000000000000e+00,0.000000000000000000e+00,0.000000000000000000e+00,0.000000000000000000e+00,0.000000000000000000e+00,0.000000000000000000e+00,0.000000000000000000e+00,0.000000000000000000e+00,0.000000000000000000e+00,0.000000000000000000e+00,0.000000000000000000e+00,0.000000000000000000e+00,0.000000000000000000e+00,0.000000000000000000e+00,0.000000000000000000e+00,0.000000000000000000e+00,0.000000000000000000e+00,0.000000000000000000e+00,0.000000000000000000e+00,0.000000000000000000e+00,0.000000000000000000e+00,0.000000000000000000e+00,0.000000000000000000e+00,0.000000000000000000e+00,0.000000000000000000e+00,0.000000000000000000e+00,0.000000000000000000e+00,0.000000000000000000e+00,0.000000000000000000e+00,0.000000000000000000e+00,0.000000000000000000e+00,0.000000000000000000e+00,0.000000000000000000e+00,0.000000000000000000e+00,0.000000000000000000e+00,0.000000000000000000e+00,0.000000000000000000e+00,0.000000000000000000e+00,0.000000000000000000e+00,0.000000000000000000e+00,0.000000000000000000e+00,0.000000000000000000e+00,0.000000000000000000e+00,0.000000000000000000e+00,0.000000000000000000e+00,0.000000000000000000e+00,0.000000000000000000e+00,0.000000000000000000e+00,0.000000000000000000e+00,0.000000000000000000e+00,0.000000000000000000e+00,0.000000000000000000e+00,0.000000000000000000e+00,0.000000000000000000e+00,0.000000000000000000e+00,0.000000000000000000e+00,0.000000000000000000e+00,0.000000000000000000e+00,0.000000000000000000e+00,0.000000000000000000e+00,0.000000000000000000e+00,0.000000000000000000e+00,0.000000000000000000e+00,0.000000000000000000e+00,0.000000000000000000e+00,0.000000000000000000e+00,0.000000000000000000e+00,0.000000000000000000e+00,0.000000000000000000e+00,0.000000000000000000e+00,0.000000000000000000e+00,0.000000000000000000e+00,0.000000000000000000e+00,0.000000000000000000e+00,0.000000000000000000e+00,0.000000000000000000e+00,0.000000000000000000e+00,0.000000000000000000e+00,0.000000000000000000e+00,0.000000000000000000e+00,0.000000000000000000e+00,0.000000000000000000e+00,0.000000000000000000e+00,0.000000000000000000e+00,0.000000000000000000e+00,0.000000000000000000e+00,0.000000000000000000e+00,0.000000000000000000e+00,0.000000000000000000e+00,0.000000000000000000e+00,0.000000000000000000e+00,0.000000000000000000e+00,0.000000000000000000e+00,0.000000000000000000e+00,0.000000000000000000e+00,0.000000000000000000e+00,0.000000000000000000e+00,0.000000000000000000e+00,0.000000000000000000e+00,0.000000000000000000e+00,0.000000000000000000e+00,0.000000000000000000e+00,0.000000000000000000e+00,0.000000000000000000e+00,0.000000000000000000e+00,0.000000000000000000e+00,0.000000000000000000e+00,0.000000000000000000e+00,0.000000000000000000e+00,0.000000000000000000e+00,0.000000000000000000e+00,0.000000000000000000e+00,0.000000000000000000e+00,0.000000000000000000e+00,0.000000000000000000e+00,0.000000000000000000e+00,0.000000000000000000e+00,3.520332783331210050e-04,4.311137377456980319e-04,4.659382246111305813e-04,4.809685187375084266e-04,4.673666615630000577e-04,4.338820325946961655e-04,3.929328474056942517e-04,3.356419054138954630e-04,2.764114053645104116e-04,2.152637460915215063e-04,1.546641151732444175e-04,9.939241282323576002e-05,4.856539367540705195e-05,4.501831911022031396e-06,-3.323711531878090561e-05,-6.447891373848965864e-05,-8.953208592696451423e-05,-1.090394520935126073e-04,-1.235183516236054550e-04,-1.337436818009852407e-04,-1.403820553997246691e-04,-1.440879910051811740e-04,-1.454616339660375936e-04,-1.449930305958934123e-04,-1.431114688093597874e-04,-1.401510497721495708e-04,-1.363750010302316670e-04,-1.319883661880319481e-04,-1.271377190813629892e-04,-1.219377098434929266e-04,-1.164676425960878671e-04,-1.107906206341565633e-04,-1.049542982671963402e-04,-9.899939348934292120e-05,-9.296293850669029915e-05,-8.687992672852237806e-05,-8.078648715430719130e-05,-7.471832249719740249e-05,-6.871296862939934777e-05,-6.280701108061565634e-05,-5.703776550421407049e-05,-5.144015033741331037e-05,-4.604834362416416761e-05,-4.089268360757954775e-05,-3.600163113059829349e-05,-3.139882644783264766e-05,-2.710542347211181358e-05,-2.313728896125038340e-05,-1.950762938629478174e-05,-1.622425380459659110e-05,-1.329238514634611810e-05,-1.071190895898026231e-05,-8.480293116553625768e-06,-6.589777567863609845e-06,-5.030368486528610789e-06,-3.786956293216866769e-06,-2.842377269803805162e-06,-2.174464779456188575e-06,-1.759181889202091980e-06,-1.567616665763467671e-06,-1.569191683393705309e-06,-1.728616234187368215e-06,-2.009179963492323945e-06,-2.369677520048668956e-06,-2.767796459685792564e-06,-3.157033776477075353e-06,-3.490191817648631911e-06,-3.716309743280920360e-06,-3.784283796417121383e-06,-3.639838385547574698e-06,-3.229287321055590987e-06,-2.496567747967046452e-06,-1.387156021221020179e-06,1.548176148550681464e-07,2.182491546345937467e-06,4.749069112426892491e-06,7.903583257562653234e-06,1.169360962835520065e-05,1.616089158364809476e-05,2.134399374169326530e-05,2.727382301833862846e-05,3.397626691955403348e-05,4.146766513669022681e-05,4.975749832173182482e-05,5.884388282409040759e-05,6.871639539536367810e-05,7.935167813010650471e-05,9.071649953045172879e-05,1.027635645705628448e-04,1.154349197126598644e-04,1.286580613183485383e-04,1.423497887910619292e-04,1.564126909827477782e-04,1.707395356836692905e-04,1.852101869651288414e-04,1.996965900893270317e-04,2.140601330953625242e-04,2.281572447975157723e-04,2.418371633461879845e-04,2.549481140638909407e-04,2.673353899854116950e-04,2.788480203305842729e-04,2.893370086140888511e-04,2.986623475317668136e-04,3.066912058672484277e-04,3.133050983833413463e-04,3.183977708343654076e-04,3.218823012840912141e-04,3.236884103051761554e-04,3.237692595630840896e-04,3.220979179288489011e-04,3.186736392329896778e-04,3.135172486792431323e-04,3.066767270050088493e-04,2.982213464795930528e-04,2.882464627074544689e-04,2.768663231737130662e-04,2.642180662440811131e-04,2.504532411353272369e-04,2.357411279718921214e-04,2.202591355340500676e-04,2.041956743707679198e-04,1.877397233172336090e-04,1.710835942967655688e-04,1.544120631786244802e-04,1.379054426152312115e-04,1.217287389100690879e-04,1.060354804088888008e-04,9.095737247882477842e-05,7.660929863886774261e-05,6.307988815155290974e-05,5.043800673970394932e-05,3.872452234000171368e-05,2.796043393080506928e-05,1.813993010041140992e-05,9.240083477739169171e-06,1.215068453212139442e-06,-5.992893865302973437e-06,-1.245851345426975809e-05,-1.826175902218359949e-05,-2.349252255781139864e-05,-2.823882957688745958e-05,-3.259164712273477255e-05,-3.663352784986853713e-05,-4.044392258486915635e-05,-4.408897151349173348e-05,-4.762816544182426752e-05,-5.110712414112699483e-05,-5.456765530845009664e-05,-5.804572811023461147e-05,-6.158358386859161412e-05,-6.522504580320149560e-05,-6.900889567359587916e-05,-7.292981503351838321e-05,-7.688036841629180011e-05,-8.058220002086535804e-05,-8.357147307368626636e-05,-8.534472318367967655e-05,-8.575581687300007740e-05,-8.567180850112869020e-05,-8.751236813339262387e-05,-9.494295989771570239e-05,-1.105996916620832012e-04,-1.316247323147778274e-04,-1.451195878596773365e-04,-1.315132160053349966e-04,-9.132078810962188803e-05
0.000000000000000000e+00,0.000000000000000000e+00,0.000000000000000000e+00,0.000000000000000000e+00,0.000000000000000000e+00,0.000000000000000000e+00,0.000000000000000000e+00,0.000000000000000000e+00,0.000000000000000000e+00,0.000000000000000000e+00,0.000000000000000000e+00,0.000000000000000000e+00,0.000000000000000000e+00,0.000000000000000000e+00,0.000000000000000000e+00,0.000000000000000000e+00,0.000000000000000000e+00,0.000000000000000000e+00,0.000000000000000000e+00,0.000000000000000000e+00,0.000000000000000000e+00,0.000000000000000000e+00,0.000000000000000000e+00,0.000000000000000000e+00,0.000000000000000000e+00,0.000000000000000000e+00,0.000000000000000000e+00,0.000000000000000000e+00,0.000000000000000000e+00,0.000000000000000000e+00,0.000000000000000000e+00,0.000000000000000000e+00,0.000000000000000000e+00,0.000000000000000000e+00,0.000000000000000000e+00,0.000000000000000000e+00,0.000000000000000000e+00,0.000000000000000000e+00,0.000000000000000000e+00,0.000000000000000000e+00,0.000000000000000000e+00,0.000000000000000000e+00,0.000000000000000000e+00,0.000000000000000000e+00,0.000000000000000000e+00,0.000000000000000000e+00,0.000000000000000000e+00,0.000000000000000000e+00,0.000000000000000000e+00,0.000000000000000000e+00,0.000000000000000000e+00,0.000000000000000000e+00,0.000000000000000000e+00,0.000000000000000000e+00,0.000000000000000000e+00,0.000000000000000000e+00,0.000000000000000000e+00,0.000000000000000000e+00,0.000000000000000000e+00,0.000000000000000000e+00,0.000000000000000000e+00,0.000000000000000000e+00,0.000000000000000000e+00,0.000000000000000000e+00,0.000000000000000000e+00,0.000000000000000000e+00,0.000000000000000000e+00,0.000000000000000000e+00,0.000000000000000000e+00,0.000000000000000000e+00,0.000000000000000000e+00,0.000000000000000000e+00,0.000000000000000000e+00,0.000000000000000000e+00,0.000000000000000000e+00,0.000000000000000000e+00,0.000000000000000000e+00,0.000000000000000000e+00,0.000000000000000000e+00,0.000000000000000000e+00,0.000000000000000000e+00,0.000000000000000000e+00,0.000000000000000000e+00,0.000000000000000000e+00,0.000000000000000000e+00,0.000000000000000000e+00,0.000000000000000000e+00,0.000000000000000000e+00,0.000000000000000000e+00,0.000000000000000000e+00,0.000000000000000000e+00,0.000000000000000000e+00,0.000000000000000000e+00,0.000000000000000000e+00,0.000000000000000000e+00,0.000000000000000000e+00,0.000000000000000000e+00,0.000000000000000000e+00,0.000000000000000000e+00,0.000000000000000000e+00,0.000000000000000000e+00,0.000000000000000000e+00,0.000000000000000000e+00,0.000000000000000000e+00,0.000000000000000000e+00,0.000000000000000000e+00,0.000000000000000000e+00,0.000000000000000000e+00,0.000000000000000000e+00,0.000000000000000000e+00,0.000000000000000000e+00,0.000000000000000000e+00,0.000000000000000000e+00,0.000000000000000000e+00,0.000000000000000000e+00,0.000000000000000000e+00,0.000000000000000000e+00,0.000000000000000000e+00,0.000000000000000000e+00,0.000000000000000000e+00,0.000000000000000000e+00,0.000000000000000000e+00,0.000000000000000000e+00,0.000000000000000000e+00,0.000000000000000000e+00,0.000000000000000000e+00,0.000000000000000000e+00,0.000000000000000000e+00,0.000000000000000000e+00,0.000000000000000000e+00,0.000000000000000000e+00,0.000000000000000000e+00,0.000000000000000000e+00,0.000000000000000000e+00,0.000000000000000000e+00,0.000000000000000000e+00,0.000000000000000000e+00,0.000000000000000000e+00,0.000000000000000000e+00,0.000000000000000000e+00,0.000000000000000000e+00,0.000000000000000000e+00,0.000000000000000000e+00,0.000000000000000000e+00,0.000000000000000000e+00,0.000000000000000000e+00,0.000000000000000000e+00,0.000000000000000000e+00,0.000000000000000000e+00,0.000000000000000000e+00,0.000000000000000000e+00,0.000000000000000000e+00,0.000000000000000000e+00,0.000000000000000000e+00,0.000000000000000000e+00,0.000000000000000000e+00,0.000000000000000000e+00,0.000000000000000000e+00,0.000000000000000000e+00,0.000000000000000000e+00,0.000000000000000000e+00,0.000000000000000000e+00,0.000000000000000000e+00,0.000000000000000000e+00,0.000000000000000000e+00,0.000000000000000000e+00,0.000000000000000000e+00,0.000000000000000000e+00,0.000000000000000000e+00,0.000000000000000000e+00,0.000000000000000000e+00,0.000000000000000000e+00,0.000000000000000000e+00,0.000000000000000000e+00,0.000000000000000000e+00,0.000000000000000000e+00,0.000000000000000000e+00,0.000000000000000000e+00,0.000000000000000000e+00,0.000000000000000000e+00,0.000000000000000000e+00,0.000000000000000000e+00,0.000000000000000000e+00,0.000000000000000000e+00,0.000000000000000000e+00,0.000000000000000000e+00,0.000000000000000000e+00,0.000000000000000000e+00,0.000000000000000000e+00,0.000000000000000000e+00,0.000000000000000000e+00,0.000000000000000000e+00,0.000000000000000000e+00,0.000000000000000000e+00,0.000000000000000000e+00,0.000000000000000000e+00,0.000000000000000000e+00,0.000000000000000000e+00,0.000000000000000000e+00,0.000000000000000000e+00,0.000000000000000000e+00,0.000000000000000000e+00,0.000000000000000000e+00,0.000000000000000000e+00,0.000000000000000000e+00,0.000000000000000000e+00,0.000000000000000000e+00,3.543256363222154121e-04,4.304483610646412891e-04,4.593248568414786239e-04,4.855915234544892875e-04,4.587642933743212698e-04,4.218756677801622709e-04,3.726664656448273427e-04,3.134073761195250410e-04,2.538303120707802694e-04,1.920017411259424835e-04,1.330904283062076269e-04,7.857993452911679209e-05,2.937274789944560393e-05,-1.285783363406447931e-05,-4.883450521467933676e-05,-7.815602789890353970e-05,-1.015020890339338221e-04,-1.193570558206114685e-04,-1.323664762502049894e-04,-1.412671372190300444e-04,-1.467073735989048405e-04,-1.493544008912245748e-04,-1.497719589273066327e-04,-1.484488652911064523e-04,-1.457955634251661915e-04,-1.421337820578503803e-04,-1.377201057680170959e-04,-1.327488138846681263e-04,-1.273631366279303441e-04,-1.216729096935599384e-04,-1.157550184536924371e-04,-1.096719917447423059e-04,-1.034697515246524676e-04,-9.719013074367539016e-05,-9.086882388107445877e-05,-8.454203005971736105e-05,-7.824440529013621426e-05,-7.201231094829346844e-05,-6.588128153193336062e-05,-5.988790757476175391e-05,-5.406686799352297771e-05,-4.845253942586077355e-05,-4.307590842993571680e-05,-3.796636737295587690e-05,-3.314875197597619288e-05,-2.864545603340697103e-05,-2.447366224716872213e-05,-2.064775141171510750e-05,-1.717666872347666478e-05,-1.406654439896441925e-05,-1.131810188292080184e-05,-8.929409655348773846e-06,-6.893261108296012268e-06,-5.200008154247159888e-06,-3.834881327606447679e-06,-2.780886563825903699e-06,-2.016062294254482868e-06,-1.516438733744154657e-06,-1.253241711999949212e-06,-1.195920433604990914e-06,-1.309311842514069670e-06,-1.556744755926266202e-06,-1.897180506497765722e-06,-2.288403263577009493e-06,-2.684155400769414300e-06,-3.037426616528998666e-06,-3.297605434580807957e-06,-3.413882151415676960e-06,-3.332439450911187452e-06,-2.999984678695500635e-06,-2.361001318315670805e-06,-1.361423535225973285e-06,5.403464035898451234e-08,1.938055759808829484e-06,4.343304229733284445e-06,7.318457052498827822e-06,1.091070886871156186e-05,1.516167393837297247e-05,2.010983306331979423e-05,2.578634019096873148e-05,3.221745266688977115e-05,3.942029361534815212e-05,4.740532706601240022e-05,5.617214429301945134e-05,6.571206382713634935e-05,7.600402363003193123e-05,8.701740005753460930e-05,9.870809527733451531e-05,1.110216760193041542e-04,1.238897443010272977e-04,1.372334937363022824e-04,1.509604392493530680e-04,1.649684740126833359e-04,1.791430092544436900e-04,1.933615879375458646e-04,2.074914491853318567e-04,2.213947164784103210e-04,2.349263544495522760e-04,2.479399021815362095e-04,2.602857366464826562e-04,2.718172697666050943e-04,2.823893776096238228e-04,2.918649286963768226e-04,3.001131873936953602e-04,3.070164968728248561e-04,3.124684257174244651e-04,3.163803985245201909e-04,3.186793331857358806e-04,3.193140013695495061e-04,3.182519058474269345e-04,3.154851665863478037e-04,3.110264166124677770e-04,3.049140495195087615e-04,2.972069697437132278e-04,2.879891033955347523e-04,2.773629222286586385e-04,2.654532079003497349e-04,2.523993725056842240e-04,2.383585692837623124e-04,2.234969469250605557e-04,2.079923067347927543e-04,1.920245404294200768e-04,1.757781316138337061e-04,1.594321225789486064e-04,1.431628318072650577e-04,1.271337585085307285e-04,1.114989228743583496e-04,9.639313285821836082e-05,8.193633736653524392e-05,6.822463690439539653e-05,5.533596437040597127e-05,4.332211550421029132e-05,3.221593864797954899e-05,2.202449858959435250e-05,1.273777814786718542e-05,4.322887974004541303e-06,-3.265916414783388559e-06,-1.009227657183540631e-05,-1.622677813422375296e-05,-2.175171807200502032e-05,-2.674970578577965063e-05,-3.130870410175187063e-05,-3.551063566809236591e-05,-3.943716420291085975e-05,-4.315857872209614006e-05,-4.674071758514160627e-05,-5.023450029176175388e-05,-5.368503260685941747e-05,-5.712319255902065099e-05,-6.057922784619348830e-05,-6.407762582430340725e-05,-6.765370510035070319e-05,-7.134187937468868814e-05,-7.517458610805921712e-05,-7.913149730250051527e-05,-8.309365415545389799e-05,-8.676415713573795902e-05,-8.968467508347877342e-05,-9.137187574224246614e-05,-9.175111662579377603e-05,-9.174953896346197313e-05,-9.381301841121114529e-05,-1.014377971596960122e-04,-1.169203877613907036e-04,-1.369272795981360785e-04,-1.484684096711452218e-04,-1.326368457546774147e-04,-9.137339491774778958e-05
0.000000000000000000e+00,0.000000000000000000e+00,0.000000000000000000e+00,0.000000000000000000e+00,0.000000000000000000e+00,0.000000000000000000e+00,0.000000000000000000e+00,0.000000000000000000e+00,0.000000000000000000e+00,0.000000000000000000e+00,0.000000000000000000e+00,0.000000000000000000e+00,0.000000000000000000e+00,0.000000000000000000e+00,0.000000000000000000e+00,0.000000000000000000e+00,0.000000000000000000e+00,0.000000000000000000e+00,0.000000000000000000e+00,0.000000000000000000e+00,0.000000000000000000e+00,0.000000000000000000e+00,0.000000000000000000e+00,0.000000000000000000e+00,0.000000000000000000e+00,0.000000000000000000e+00,0.000000000000000000e+00,0.000000000000000000e+00,0.000000000000000000e+00,0.000000000000000000e+00,0.000000000000000000e+00,0.000000000000000000e+00,0.000000000000000000e+00,0.000000000000000000e+00,0.000000000000000000e+00,0.000000000000000000e+00,0.000000000000000000e+00,0.000000000000000000e+00,0.000000000000000000e+00,0.000000000000000000e+00,0.000000000000000000e+00,0.000000000000000000e+00,0.000000000000000000e+00,0.000000000000000000e+00,0.000000000000000000e+00,0.000000000000000000e+00,0.000000000000000000e+00,0.000000000000000000e+00,0.000000000000000000e+00,0.000000000000000000e+00,0.000000000000000000e+00,0.000000000000000000e+00,0.000000000000000000e+00,0.000000000000000000e+00,0.000000000000000000e+00,0.000000000000000000e+00,0.000000000000000000e+00,0.000000000000000000e+00,0.000000000000000000e+00,0.000000000000000000e+00,0.000000000000000000e+00,0.000000000000000000e+00,0.000000000000000000e+00,0.000000000000000000e+00,0.000000000000000000e+00,0.000000000000000000e+00,0.000000000000000000e+00,0.000000000000000000e+00,0.000000000000000000e+00,0.000000000000000000e+00,0.000000000000000000e+00,0.000000000000000000e+00,0.000000000000000000e+00,0.000000000000000000e+00,0.000000000000000000e+00,0.000000000000000000e+00,0.000000000000000000e+00,0.000000000000000000e+00,0.000000000000000000e+00,0.000000000000000000e+00,0.000000000000000000e+00,0.000000000000000000e+00,0.000000000000000000e+00,0.000000000000000000e+00,0.000000000000000000e+00,0.000000000000000000e+00,0.000000000000000000e+00,0.000000000000000000e+00,0.000000000000000000e+00,0.000000000000000000e+00,0.000000000000000000e+00,0.000000000000000000e+00,0.000000000000000000e+00,0.000000000000000000e+00,0.000000000000000000e+00,0.000000000000000000e+00,0.000000000000000000e+00,0.000000000000000000e+00,0.000000000000000000e+00,0.000000000000000000e+00,0.000000000000000000e+00,0.000000000000000000e+00,0.000000000000000000e+00,0.000000000000000000e+00,0.000000000000000000e+00,0.000000000000000000e+00,0.000000000000000000e+00,0.000000000000000000e+00,0.000000000000000000e+00,0.000000000000000000e+00,0.000000000000000000e+00,0.000000000000000000e+00,0.000000000000000000e+00,0.000000000000000000e+00,0.000000000000000000e+00,0.000000000000000000e+00,0.000000000000000000e+00,0.000000000000000000e+00,0.000000000000000000e+00,0.000000000000000000e+00,0.000000000000000000e+00,0.000000000000000000e+00,0.000000000000000000e+00,0.000000000000000000e+00,0.000000000000000000e+00,0.000000000000000000e+00,0.000000000000000000e+00,0.000000000000000000e+00,0.000000000000000000e+00,0.000000000000000000e+00,0.000000000000000000e+00,0.000000000000000000e+00,0.000000000000000000e+00,0.000000000000000000e+00,0.000000000000000000e+00,0.000000000000000000e+00,0.000000000000000000e+00,0.000000000000000000e+00,0.000000000000000000e+00,0.000000000000000000e+00,0.000000000000000000e+00,0.000000000000000000e+00,0.000000000000000000e+00,0.000000000000000000e+00,0.000000000000000000e+00,0.000000000000000000e+00,0.000000000000000000e+00,0.000000000000000000e+00,0.000000000000000000e+00,0.000000000000000000e+00,0.000000000000000000e+00,0.000000000000000000e+00,0.000000000000000000e+00,0.000000000000000000e+00,0.000000000000000000e+00,0.000000000000000000e+00,0.000000000000000000e+00,0.000000000000000000e+00,0.000000000000000000e+00,0.000000000000000000e+00,0.000000000000000000e+00,0.000000000000000000e+00,0.000000000000000000e+00,0.000000000000000000e+00,0.000000000000000000e+00,0.000000000000000000e+00,0.000000000000000000e+00,0.000000000000000000e+00,0.000000000000000000e+00,0.000000000000000000e+00,0.000000000000000000e+00,0.000000000000000000e+00,0.000000000000000000e+00,0.000000000000000000e+00,0.000000000000000000e+00,0.000000000000000000e+00,0.000000000000000000e+00,0.000000000000000000e+00,0.000000000000000000e+00,0.000000000000000000e+00,0.000000000000000000e+00,0.000000000000000000e+00,0.000000000000000000e+00,0.000000000000000000e+00,0.000000000000000000e+00,0.000000000000000000e+00,0.000000000000000000e+00,0.000000000000000000e+00,0.000000000000000000e+00,0.000000000000000000e+00,0.000000000000000000e+00,0.000000000000000000e+00,0.000000000000000000e+00,0.000000000000000000e+00,0.000000000000000000e+00,0.000000000000000000e+00,0.000000000000000000e+00,0.000000000000000000e+00,0.000000000000000000e+00,0.000000000000000000e+00,0.000000000000000000e+00,0.000000000000000000e+00,0.000000000000000000e+00,0.000000000000000000e+00,0.000000000000000000e+00,3.405094221757984049e-04,4.247835284258204909e-04,4.653242805688182111e-04,4.847735535202088095e-04,4.755832537015712157e-04,4.456701193978687150e-04,4.064520871839700220e-04,3.505261111066099535e-04,2.913825814515928975e-04,2.297691380923670788e-04,1.682627788538739962e-04,1.109859479223447397e-04,5.779806385100310273e-05,1.064972412602567646e-05,-2.985665662232051508e-05,-6.388818227275660307e-05,-9.129227735788953703e-05,-1.128823663216377179e-04,-1.290545467393201329e-04,-1.405876514535021058e-04,-1.481441219701114568e-04,-1.523977235541275810e-04,-1.539879214402680146e-04,-1.534599249237415146e-04,-1.512952140299159360e-04,-1.478842020469523118e-04,-1.435392061755924229e-04,-1.385070444846389344e-04,-1.329723169985134849e-04,-1.270753253554453971e-04,-1.209194000599331644e-04,-1.145811131970002686e-04,-1.081198168189910659e-04,-1.015819634045139633e-04,-9.500790224634478179e-05,-8.843402613603899886e-05,-8.189527755761359900e-05,-7.542676955841061360e-05,-6.906307567889697274e-05,-6.283969667534791692e-05,-5.679071360515775652e-05,-5.095022407849422253e-05,-4.534945933435378549e-05,-4.001835952985680224e-05,-3.498269014424162579e-05,-3.026589661533108600e-05,-2.588638959525203770e-05,-2.185971410063097180e-05,-1.819599150099768286e-05,-1.490234738615017743e-05,-1.198043398441471678e-05,-9.429029049623201611e-06,-7.241564220655812358e-06,-5.408824086574267283e-06,-3.916435653178410493e-06,-2.747630654142169170e-06,-1.880681816835650253e-06,-1.291718700710628162e-06,-9.521155635083484944e-07,-8.313648044497613764e-07,-8.944293462712337200e-07,-1.104682446093520744e-06,-1.421240307057599552e-06,-1.801978731319603208e-06,-2.200863611989265236e-06,-2.571056724258857474e-06,-2.862263936002922839e-06,-3.023944278020624688e-06,-3.002697078280232224e-06,-2.745588894366233510e-06,-2.197599797903201756e-06,-1.305080487659686468e-06,-1.327355232468338695e-08,1.730092642264078143e-06,3.977200215927865564e-06,6.776413923872358212e-06,1.017459974230803632e-05,1.421327870550036023e-05,1.893088837034120799e-05,2.435884949298573374e-05,3.052380908920550388e-05,3.744366788082030382e-05,4.512986254938276327e-05,5.358341798577604190e-05,6.279734369837828580e-05,7.275278790165530703e-05,8.342163628931046552e-05,9.476285226470626197e-05,1.067253727490984115e-04,1.192447178622043171e-04,1.322462757332313124e-04,1.456422536801987269e-04,1.593354304591378763e-04,1.732164983760517613e-04,1.871683364757223194e-04,2.010637592256232569e-04,2.147703286054740272e-04,2.281484816952498887e-04,2.410568558055149865e-04,2.533507176815697772e-04,2.648877275182483356e-04,2.755265411691640645e-04,2.851328911564593427e-04,2.935781859229351560e-04,3.007457446149936278e-04,3.065291802408896425e-04,3.108385961094402056e-04,3.135985188138498475e-04,3.147538532400413107e-04,3.142671317198241399e-04,3.121240356607924565e-04,3.083297523993657201e-04,3.029139068811001413e-04,2.959258686570247795e-04,2.874389961191492916e-04,2.775448107216832113e-04,2.663565355089998646e-04,2.540021467882638611e-04,2.406272814493094271e-04,2.263872796389829894e-04,2.114496322514613645e-04,1.959852306588256185e-04,1.801706151385580970e-04,1.641787365142867731e-04,1.481813353014385475e-04,1.323395816181405389e-04,1.168069505883638758e-04,1.017201283726846021e-04,8.720274075900514362e-05,7.335688493869847184e-05,6.026800820418520138e-05,4.799734312172967949e-05,3.658812157638977313e-05,2.605905970429994075e-05,1.641193810191504332e-05,7.626116988255177918e-06,-3.326649219949186258e-07,-7.516940571013465153e-06,-1.398781983330383113e-05,-1.981915469564874804e-05,-2.508741018360547770e-05,-2.987578509766715613e-05,-3.426416557037611051e-05,-3.833361058590179258e-05,-4.215682215443243894e-05,-4.580321763488601243e-05,-4.933018542602749575e-05,-5.278884142611333161e-05,-5.621656616517347124e-05,-5.964415637983320264e-05,-6.309134302384928445e-05,-6.657706070779062458e-05,-7.011928780261376948e-05,-7.374544282079728954e-05,-7.748640945410461070e-05,-8.136463899362968567e-05,-8.535220895492915706e-05,-8.931211651646154669e-05,-9.294100883434157335e-05,-9.577717560978420261e-05,-9.737666047797798453e-05,-9.771908515545212471e-05,-9.781310499340590344e-05,-1.000925067464494795e-04,-1.079124796874459123e-04,-1.231813878223631301e-04,-1.421620581120233435e-04,-1.517194009141992748e-04,-1.337001858027493499e-04,-9.131318966047425407e-05
0.000000000000000000e+00,0.000000000000000000e+00,0.000000000000000000e+00,0.000000000000000000e+00,0.000000000000000000e+00,0.000000000000000000e+00,0.000000000000000000e+00,0.000000000000000000e+00,0.000000000000000000e+00,0.000000000000000000e+00,0.000000000000000000e+00,0.000000000000000000e+00,0.000000000000000000e+00,0.000000000000000000e+00,0.000000000000000000e+00,0.000000000000000000e+00,0.000000000000000000e+00,0.000000000000000000e+00,0.000000000000000000e+00,0.000000000000000000e+00,0.000000000000000000e+00,0.000000000000000000e+00,0.000000000000000000e+00,0.000000000000000000e+00,0.000000000000000000e+00,0.000000000000000000e+00,0.000000000000000000e+00,0.000000000000000000e+00,0.000000000000000000e+00,0.000000000000000000e+00,0.000000000000000000e+00,0.000000000000000000e+00,0.000000000000000000e+00,0.000000000000000000e+00,0.000000000000000000e+00,0.000000000000000000e+00,0.000000000000000000e+00,0.000000000000000000e+00,0.000000000000000000e+00,0.000000000000000000e+00,0.000000000000000000e+00,0.000000000000000000e+00,0.000000000000000000e+00,0.000000000000000000e+00,0.000000000000000000e+00,0.000000000000000000e+00,0.000000000000000000e+00,0.000000000000000000e+00,0.000000000000000000e+00,0.000000000000000000e+00,0.000000000000000000e+00,0.000000000000000000e+00,0.000000000000000000e+00,0.000000000000000000e+00,0.000000000000000000e+00,0.000000000000000000e+00,0.000000000000000000e+00,0.000000000000000000e+00,0.000000000000000000e+00,0.000000000000000000e+00,0.000000000000000000e+00,0.000000000000000000e+00,0.000000000000000000e+00,0.000000000000000000e+00,0.000000000000000000e+00,0.000000000000000000e+00,0.000000000000000000e+00,0.000000000000000000e+00,0.000000000000000000e+00,0.000000000000000000e+00,0.000000000000000000e+00,0.000000000000000000e+00,0.000000000000000000e+00,0.000000000000000000e+00,0.000000000000000000e+00,0.000000000000000000e+00,0.000000000000000000e+00,0.000000000000000000e+00,0.000000000000000000e+00,0.000000000000000000e+00,0.000000000000000000e+00,0.000000000000000000e+00,0.000000000000000000e+00,0.000000000000000000e+00,0.000000000000000000e+00,0.000000000000000000e+00,0.000000000000000000e+00,0.000000000000000000e+00,0.000000000000000000e+00,0.000000000000000000e+00,0.000000000000000000e+00,0.000000000000000000e+00,0.000000000000000000e+00,0.000000000000000000e+00,0.000000000000000000e+00,0.000000000000000000e+00,0.000000000000000000e+00,0.000000000000000000e+00,0.000000000000000000e+00,0.000000000000000000e+00,0.000000000000000000e+00,0.000000000000000000e+00,0.000000000000000000e+00,0.000000000000000000e+00,0.000000000000000000e+00,0.000000000000000000e+00,0.000000000000000000e+00,0.000000000000000000e+00,0.000000000000000000e+00,0.000000000000000000e+00,0.000000000000000000e+00,0.000000000000000000e+00,0.000000000000000000e+00,0.000000000000000000e+00,0.000000000000000000e+00,0.000000000000000000e+00,0.000000000000000000e+00,0.000000000000000000e+00,0.000000000000000000e+00,0.000000000000000000e+00,0.000000000000000000e+00,0.000000000000000000e+00,0.000000000000000000e+00,0.000000000000000000e+00,0.000000000000000000e+00,0.000000000000000000e+00,0.000000000000000000e+00,0.000000000000000000e+00,0.000000000000000000e+00,0.000000000000000000e+00,0.000000000000000000e+00,0.000000000000000000e+00,0.000000000000000000e+00,0.000000000000000000e+00,0.000000000000000000e+00,0.000000000000000000e+00,0.000000000000000000e+00,0.000000000000000000e+00,0.000000000000000000e+00,0.000000000000000000e+00,0.000000000000000000e+00,0.000000000000000000e+00,0.000000000000000000e+00,0.000000000000000000e+00,0.000000000000000000e+00,0.000000000000000000e+00,0.000000000000000000e+00,0.000000000000000000e+00,0.000000000000000000e+00,0.000000000000000000e+00,0.000000000000000000e+00,0.000000000000000000e+00,0.000000000000000000e+00,0.000000000000000000e+00,0.000000000000000000e+00,0.000000000000000000e+00,0.000000000000000000e+00,0.000000000000000000e+00,0.000000000000000000e+00,0.000000000000000000e+00,0.000000000000000000e+00,0.000000000000000000e+00,0.000000000000000000e+00,0.000000000000000000e+00,0.000000000000000000e+00,0.000000000000000000e+00,0.000000000000000000e+00,0.000000000000000000e+00,0.000000000000000000e+00,0.000000000000000000e+00,0.000000000000000000e+00,0.000000000000000000e+00,0.000000000000000000e+00,0.000000000000000000e+00,0.000000000000000000e+00,0.000000000000000000e+00,0.000000000000000000e+00,0.000000000000000000e+00,0.000000000000000000e+00,0.000000000000000000e+00,0.000000000000000000e+00,0.000000000000000000e+00,0.000000000000000000e+00,0.000000000000000000e+00,0.000000000000000000e+00,0.000000000000000000e+00,0.000000000000000000e+00,0.000000000000000000e+00,0.000000000000000000e+00,0.000000000000000000e+00,0.000000000000000000e+00,0.000000000000000000e+00,0.000000000000000000e+00,0.000000000000000000e+00,0.000000000000000000e+00,0.000000000000000000e+00,0.000000000000000000e+00,0.000000000000000000e+00,0.000000000000000000e+00,0.000000000000000000e+00,0.000000000000000000e+00,0.000000000000000000e+00,0.000000000000000000e+00,0.000000000000000000e+00,3.471872685395613507e-04,4.273402963906182774e-04,4.606701804786624433e-04,4.899788831574136997e-04,4.670377362057054013e-04,4.328562119014873143e-04,3.854404073908920944e-04,3.272399962708623052e-04,2.675295501924153017e-04,2.050586509669568127e-04,1.448633628411529145e-04,8.853150231388957642e-05,3.716039182059507662e-05,-7.785274551635674016e-06,-4.635666902533179225e-05,-7.829319308560791775e-05,-1.038188897594731724e-04,-1.235940068098999301e-04,-1.380926241770452873e-04,-1.481391575765640602e-04,-1.543496504443032317e-04,-1.574276146272275809e-04,-1.579697563470343650e-04,-1.565149209218474739e-04,-1.535257047369139314e-04,-1.493761274629956985e-04,-1.443699917816327716e-04,-1.387412860677692775e-04,-1.326686348305610688e-04,-1.262858625378333812e-04,-1.196925938368806753e-04,-1.129626588411836971e-04,-1.061540490146149990e-04,-9.931174794959544559e-05,-9.247619583892833985e-05,-8.568237862126348912e-05,-7.896567391790691259e-05,-7.235934852493069319e-05,-6.589804555299803098e-05,-5.961479681606168856e-05,-5.354314616475599049e-05,-4.771409993681277644e-05,-4.215779506588403642e-05,-3.690056198572220911e-05,-3.196666303790763025e-05,-2.737554604232414409e-05,-2.314384564782469278e-05,-1.928282901802894425e-05,-1.580066199652198995e-05,-1.269998927946100120e-05,-9.980393699534786421e-06,-7.636033034588625648e-06,-5.658217240174344109e-06,-4.033039678209834954e-06,-2.744023516603552135e-06,-1.769715715874531992e-06,-1.086382819105618788e-06,-6.655623296641594505e-07,-4.768071977692839940e-07,-4.852040822781461526e-07,-6.541744341658439999e-07,-9.429750941234178705e-07,-1.309566749322453484e-06,-1.708114515065588759e-06,-2.091935898994347885e-06,-2.411020448503001552e-06,-2.615070553461435145e-06,-2.651060083488040539e-06,-2.466381629289740292e-06,-2.006463086022942211e-06,-1.218032942534741098e-06,-4.680976166902571779e-08,1.559108064145278705e-06,3.651472696952746211e-06,6.278374931225676375e-06,9.486398693168106977e-06,1.331700129046489484e-05,1.780861107443570124e-05,2.299292879978607758e-05,2.889700458181474664e-05,3.553950516199400202e-05,4.293282407489300214e-05,5.107937487723624456e-05,5.997380482338837075e-05,6.959938651114262644e-05,7.993041791329856018e-05,9.092879195139416020e-05,1.025466719437728437e-04,1.147233179832053788e-04,1.273881245264246883e-04,1.404577722432771110e-04,1.538397020344230961e-04,1.674296402230536615e-04,1.811155602073319154e-04,1.947755976240148957e-04,2.082825178537851991e-04,2.215019976317977076e-04,2.342975758698962938e-04,2.465292320677599713e-04,2.580587529016867710e-04,2.687484899439876386e-04,2.784670298419845849e-04,2.870879695012856195e-04,2.944957388204689206e-04,3.005841963379467761e-04,3.052624259506962561e-04,3.084529356368900885e-04,3.100972384306455165e-04,3.101534359107107090e-04,3.086014027774112317e-04,3.054395584768093545e-04,3.006895059817341932e-04,2.943918400920288950e-04,2.866101440038131280e-04,2.774257496923754882e-04,2.669410673618009019e-04,2.552732972088868216e-04,2.425571509555323781e-04,2.289376077739534458e-04,2.145721754574938080e-04,1.996228766326215223e-04,1.842582795127450316e-04,1.686449824290504581e-04,1.529497093261010998e-04,1.373306192451192813e-04,1.219397986481747737e-04,1.069147466751995751e-04,9.238159543422175333e-05,7.844710295072731892e-05,6.520288750312904261e-05,5.271819399979905984e-05,4.104533850707421606e-05,3.021340280821780465e-05,2.023495725936214670e-05,1.110069335619484332e-05,2.787342404511598644e-06,-4.746903646929247785e-06,-1.155351046564538464e-05,-1.769769103637932684e-05,-2.324891622139290190e-05,-2.828492499121278795e-05,-3.288204784274156986e-05,-3.711958915577549090e-05,-4.107035215568459577e-05,-4.480577422525872843e-05,-4.838687143768689083e-05,-5.187032236059096237e-05,-5.529982804968383418e-05,-5.871331175575478207e-05,-6.213491541637343940e-05,-6.558428464172148949e-05,-6.907053894171309011e-05,-7.260564226334023576e-05,-7.620072766444451016e-05,-7.988042266409141703e-05,-8.366956710903384763e-05,-8.758663050944581264e-05,-9.159071478948364712e-05,-9.553574182375533627e-05,-9.910428332844462755e-05,-1.018464673946203219e-04,-1.033454290690215716e-04,-1.036543080179650367e-04,-1.038344989425987394e-04,-1.063272170919749579e-04,-1.143006218499767040e-04,-1.293257972638017837e-04,-1.472316538741366395e-04,-1.548532274166864917e-04,-1.347173064486164738e-04,-9.134930197523023093e-05
0.000000000000000000e+00,0.000000000000000000e+00,0.000000000000000000e+00,0.000000000000000000e+00,0.000000000000000000e+00,0.000000000000000000e+00,0.000000000000000000e+00,0.000000000000000000e+00,0.000000000000000000e+00,0.000000000000000000e+00,0.000000000000000000e+00,0.000000000000000000e+00,0.000000000000000000e+00,0.000000000000000000e+00,0.000000000000000000e+00,0.000000000000000000e+00,0.000000000000000000e+00,0.000000000000000000e+00,0.000000000000000000e+00,0.000000000000000000e+00,0.000000000000000000e+00,0.000000000000000000e+00,0.000000000000000000e+00,0.000000000000000000e+00,0.000000000000000000e+00,0.000000000000000000e+00,0.000000000000000000e+00,0.000000000000000000e+00,0.000000000000000000e+00,0.000000000000000000e+00,0.000000000000000000e+00,0.000000000000000000e+00,0.000000000000000000e+00,0.000000000000000000e+00,0.000000000000000000e+00,0.000000000000000000e+00,0.000000000000000000e+00,0.000000000000000000e+00,0.000000000000000000e+00,0.000000000000000000e+00,0.000000000000000000e+00,0.000000000000000000e+00,0.000000000000000000e+00,0.000000000000000000e+00,0.000000000000000000e+00,0.000000000000000000e+00,0.000000000000000000e+00,0.000000000000000000e+00,0.000000000000000000e+00,0.000000000000000000e+00,0.000000000000000000e+00,0.000000000000000000e+00,0.000000000000000000e+00,0.000000000000000000e+00,0.000000000000000000e+00,0.000000000000000000e+00,0.000000000000000000e+00,0.000000000000000000e+00,0.000000000000000000e+00,0.000000000000000000e+00,0.000000000000000000e+00,0.000000000000000000e+00,0.000000000000000000e+00,0.000000000000000000e+00,0.000000000000000000e+00,0.000000000000000000e+00,0.000000000000000000e+00,0.000000000000000000e+00,0.000000000000000000e+00,0.000000000000000000e+00,0.000000000000000000e+00,0.000000000000000000e+00,0.000000000000000000e+00,0.000000000000000000e+00,0.000000000000000000e+00,0.000000000000000000e+00,0.000000000000000000e+00,0.000000000000000000e+00,0.000000000000000000e+00,0.000000000000000000e+00,0.000000000000000000e+00,0.000000000000000000e+00,0.000000000000000000e+00,0.000000000000000000e+00,0.000000000000000000e+00,0.000000000000000000e+00,0.000000000000000000e+00,0.000000000000000000e+00,0.000000000000000000e+00,0.000000000000000000e+00,0.000000000000000000e+00,0.000000000000000000e+00,0.000000000000000000e+00,0.000000000000000000e+00,0.000000000000000000e+00,0.000000000000000000e+00,0.000000000000000000e+00,0.000000000000000000e+00,0.000000000000000000e+00,0.000000000000000000e+00,0.000000000000000000e+00,0.000000000000000000e+00,0.000000000000000000e+00,0.000000000000000000e+00,0.000000000000000000e+00,0.000000000000000000e+00,0.000000000000000000e+00,0.000000000000000000e+00,0.000000000000000000e+00,0.000000000000000000e+00,0.000000000000000000e+00,0.000000000000000000e+00,0.000000000000000000e+00,0.000000000000000000e+00,0.000000000000000000e+00,0.000000000000000000e+00,0.000000000000000000e+00,0.000000000000000000e+00,0.000000000000000000e+00,0.000000000000000000e+00,0.000000000000000000e+00,0.000000000000000000e+00,0.000000000000000000e+00,0.000000000000000000e+00,0.000000000000000000e+00,0.000000000000000000e+00,0.000000000000000000e+00,0.000000000000000000e+00,0.000000000000000000e+00,0.000000000000000000e+00,0.000000000000000000e+00,0.000000000000000000e+00,0.000000000000000000e+00,0.000000000000000000e+00,0.000000000000000000e+00,0.000000000000000000e+00,0.000000000000000000e+00,0.000000000000000000e+00,0.000000000000000000e+00,0.000000000000000000e+00,0.000000000000000000e+00,0.000000000000000000e+00,0.000000000000000000e+00,0.000000000000000000e+00,0.000000000000000000e+00,0.000000000000000000e+00,0.000000000000000000e+00,0.000000000000000000e+00,0.000000000000000000e+00,0.000000000000000000e+00,0.000000000000000000e+00,0.000000000000000000e+00,0.000000000000000000e+00,0.000000000000000000e+00,0.000000000000000000e+00,0.000000000000000000e+00,0.000000000000000000e+00,0.000000000000000000e+00,0.000000000000000000e+00,0.000000000000000000e+00,0.000000000000000000e+00,0.000000000000000000e+00,0.000000000000000000e+00,0.000000000000000000e+00,0.000000000000000000e+00,0.000000000000000000e+00,0.000000000000000000e+00,0.000000000000000000e+00,0.000000000000000000e+00,0.000000000000000000e+00,0.000000000000000000e+00,0.000000000000000000e+00,0.000000000000000000e+00,0.000000000000000000e+00,0.000000000000000000e+00,0.000000000000000000e+00,0.000000000000000000e+00,0.000000000000000000e+00,0.000000000000000000e+00,0.000000000000000000e+00,0.000000000000000000e+00,0.000000000000000000e+00,0.000000000000000000e+00,0.000000000000000000e+00,0.000000000000000000e+00,0.000000000000000000e+00,0.000000000000000000e+00,0.000000000000000000e+00,0.000000000000000000e+00,0.000000000000000000e+00,0.000000000000000000e+00,0.000000000000000000e+00,0.000000000000000000e+00,0.000000000000000000e+00,0.000000000000000000e+00,0.000000000000000000e+00,0.000000000000000000e+00,0.000000000000000000e+00,0.000000000000000000e+00,0.000000000000000000e+00,0.000000000000000000e+00,0.000000000000000000e+00,3.321031655155145851e-04,4.191424497546984967e-04,4.634318883700827801e-04,4.860384268891553700e-04,4.805303521275140050e-04,4.537251884900214260e-04,4.166792620595729212e-04,3.624030819712868745e-04,3.039370737013712869e-04,2.421703948679756048e-04,1.799074584117543946e-04,1.212134593222791113e-04,6.623900968768273124e-05,1.700145927586730875e-05,-2.588692334628148265e-05,-6.229048483812142092e-05,-9.206307751943637509e-05,-1.156602854278179781e-04,-1.335810320786693858e-04,-1.464319464349788985e-04,-1.549849616153839383e-04,-1.598649764498832296e-04,-1.617791874336466172e-04,-1.612886507850571011e-04,-1.589294169385142407e-04,-1.551363257784122221e-04,-1.502735777154894634e-04,-1.446306693820121432e-04,-1.384321998987284215e-04,-1.318490507957067700e-04,-1.250097793272256458e-04,-1.180091674451073550e-04,-1.109194731412071349e-04,-1.037956022111519492e-04,-9.668270222054495744e-05,-8.961908787267033232e-05,-8.264018229481582048e-05,-7.577940545624504260e-05,-6.907006246857720069e-05,-6.254444601213151374e-05,-5.623502561813005328e-05,-5.017237820533765330e-05,-4.438637412421297848e-05,-3.890359642449116502e-05,-3.374878951537277973e-05,-2.894221363733116519e-05,-2.450142148806803090e-05,-2.043874029887154093e-05,-1.676334956828923073e-05,-1.347891005529025148e-05,-1.058587183982751452e-05,-8.079193433419091445e-06,-5.950800190051756152e-06,-4.187328000968881654e-06,-2.772669117510040715e-06,-1.685697623861786534e-06,-9.028677507560238909e-07,-3.959059458035500979e-07,-1.344512270357337461e-07,-8.371814649898923592e-08,-2.071833157466635011e-07,-4.642331370010782921e-07,-8.129068100533997233e-07,-1.207546163201727184e-06,-1.601607490783435709e-06,-1.945331970923724543e-06,-2.188639439990622097e-06,-2.278838193973218462e-06,-2.163613702726786315e-06,-1.788795501602887786e-06,-1.101451942578790646e-06,-4.772821482545012856e-08,1.423946520614280593e-06,3.364943016874153608e-06,5.823114159638473531e-06,8.844804470824879560e-06,1.247143468945951673e-05,1.674145446305320661e-05,2.168685605955064151e-05,2.733510388886935136e-05,3.370561911303620456e-05,4.081173641590611916e-05,4.865721578071216481e-05,5.723829242755676855e-05,6.654028389066632897e-05,7.653981098517329679e-05,8.720157522012010577e-05,9.848083469043142964e-05,1.103204265860454058e-04,1.226535799565834554e-04,1.354012488692994632e-04,1.484753325930222596e-04,1.617763658446615626e-04,1.751971955808328163e-04,1.886210458768444059e-04,2.019256698624212172e-04,2.149817694993635280e-04,2.276576032332256383e-04,2.398176979917733727e-04,2.513278510810476791e-04,2.620540270341128585e-04,2.718676504522551723e-04,2.806445386977037188e-04,2.882703457383000529e-04,2.946393483562330428e-04,2.996598747303939924e-04,3.032527419584622828e-04,3.053564917651281933e-04,3.059252750543326317e-04,3.049337243321065716e-04,3.023740996074414920e-04,2.982606546863571088e-04,2.926258988866486791e-04,2.855243619044332869e-04,2.770278859082315418e-04,2.672287583251829182e-04,2.562340247508811271e-04,2.441680354108112841e-04,2.311658543274861693e-04,2.173753458999565030e-04,2.029498412735128866e-04,1.880499673661750401e-04,1.728358074377058158e-04,1.574687360945968876e-04,1.421033672855477104e-04,1.268896955726937466e-04,1.119651515262516320e-04,9.745735340525426486e-05,8.347657956814637584e-05,7.011939994939127036e-05,5.746182372190529876e-05,4.556400524005604208e-05,3.446423431224987413e-05,2.418480128112321023e-05,1.472687530605375396e-05,6.077479721448532179e-06,-1.794833461644107669e-06,-8.932085393761206754e-06,-1.539062206728725193e-05,-2.123260211930028712e-05,-2.652949719615235185e-05,-3.135335656811204165e-05,-3.578042584712726155e-05,-3.988260169950839625e-05,-4.373150790875534244e-05,-4.739048914450013749e-05,-5.091934080265465661e-05,-5.436701831166152995e-05,-5.777697953984256622e-05,-6.118063267632600896e-05,-6.460321852201980630e-05,-6.805841500416385116e-05,-7.155548420962334021e-05,-7.509670352501293211e-05,-7.868721123626253185e-05,-8.233572362799094677e-05,-8.606250094947285245e-05,-8.989130471112812568e-05,-9.383235565614513800e-05,-9.783839275707249144e-05,-1.017475761101509723e-04,-1.052399833676596539e-04,-1.078688539521533796e-04,-1.092628124682262943e-04,-1.095312876226378705e-04,-1.098087226958371915e-04,-1.125067970446236033e-04,-1.206351630250220703e-04,-1.353821254144040129e-04,-1.522127616008314580e-04,-1.578780879204166833e-04,-1.356686262243245145e-04,-9.127422592317198271e-05
0.000000000000000000e+00,0.000000000000000000e+00,0.000000000000000000e+00,0.000000000000000000e+00,0.000000000000000000e+00,0.000000000000000000e+00,0.000000000000000000e+00,0.000000000000000000e+00,0.000000000000000000e+00,0.000000000000000000e+00,0.000000000000000000e+00,0.000000000000000000e+00,0.000000000000000000e+00,0.000000000000000000e+00,0.000000000000000000e+00,0.000000000000000000e+00,0.000000000000000000e+00,0.000000000000000000e+00,0.000000000000000000e+00,0.000000000000000000e+00,0.000000000000000000e+00,0.000000000000000000e+00,0.000000000000000000e+00,0.000000000000000000e+00,0.000000000000000000e+00,0.000000000000000000e+00,0.000000000000000000e+00,0.000000000000000000e+00,0.000000000000000000e+00,0.000000000000000000e+00,0.000000000000000000e+00,0.000000000000000000e+00,0.000000000000000000e+00,0.000000000000000000e+00,0.000000000000000000e+00,0.000000000000000000e+00,0.000000000000000000e+00,0.000000000000000000e+00,0.000000000000000000e+00,0.000000000000000000e+00,0.000000000000000000e+00,0.000000000000000000e+00,0.000000000000000000e+00,0.000000000000000000e+00,0.000000000000000000e+00,0.000000000000000000e+00,0.000000000000000000e+00,0.000000000000000000e+00,0.000000000000000000e+00,0.000000000000000000e+00,0.000000000000000000e+00,0.000000000000000000e+00,0.000000000000000000e+00,0.000000000000000000e+00,0.000000000000000000e+00,0.000000000000000000e+00,0.000000000000000000e+00,0.000000000000000000e+00,0.000000000000000000e+00,0.000000000000000000e+00,0.000000000000000000e+00,0.000000000000000000e+00,0.000000000000000000e+00,0.000000000000000000e+00,0.000000000000000000e+00,0.000000000000000000e+00,0.000000000000000000e+00,0.000000000000000000e+00,0.000000000000000000e+00,0.000000000000000000e+00,0.000000000000000000e+00,0.000000000000000000e+00,0.000000000000000000e+00,0.000000000000000000e+00,0.000000000000000000e+00,0.000000000000000000e+00,0.000000000000000000e+00,0.000000000000000000e+00,0.000000000000000000e+00,0.000000000000000000e+00,0.000000000000000000e+00,0.000000000000000000e+00,0.000000000000000000e+00,0.000000000000000000e+00,0.000000000000000000e+00,0.000000000000000000e+00,0.000000000000000000e+00,0.000000000000000000e+00,0.000000000000000000e+00,0.000000000000000000e+00,0.000000000000000000e+00,0.000000000000000000e+00,0.000000000000000000e+00,0.000000000000000000e+00,0.000000000000000000e+00,0.000000000000000000e+00,0.000000000000000000e+00,0.000000000000000000e+00,0.000000000000000000e+00,0.000000000000000000e+00,0.000000000000000000e+00,0.000000000000000000e+00,0.000000000000000000e+00,0.000000000000000000e+00,0.000000000000000000e+00,0.000000000000000000e+00,0.000000000000000000e+00,0.000000000000000000e+00,0.000000000000000000e+00,0.000000000000000000e+00,0.000000000000000000e+00,0.000000000000000000e+00,0.000000000000000000e+00,0.000000000000000000e+00,0.000000000000000000e+00,0.000000000000000000e+00,0.000000000000000000e+00,0.000000000000000000e+00,0.000000000000000000e+00,0.000000000000000000e+00,0.000000000000000000e+00,0.000000000000000000e+00,0.000000000000000000e+00,0.000000000000000000e+00,0.000000000000000000e+00,0.000000000000000000e+00,0.000000000000000000e+00,0.000000000000000000e+00,0.000000000000000000e+00,0.000000000000000000e+00,0.000000000000000000e+00,0.000000000000000000e+00,0.000000000000000000e+00,0.000000000000000000e+00,0.000000000000000000e+00,0.000000000000000000e+00,0.000000000000000000e+00,0.000000000000000000e+00,0.000000000000000000e+00,0.000000000000000000e+00,0.000000000000000000e+00,0.000000000000000000e+00,0.000000000000000000e+00,0.000000000000000000e+00,0.000000000000000000e+00,0.000000000000000000e+00,0.000000000000000000e+00,0.000000000000000000e+00,0.000000000000000000e+00,0.000000000000000000e+00,0.000000000000000000e+00,0.000000000000000000e+00,0.000000000000000000e+00,0.000000000000000000e+00,0.000000000000000000e+00,0.000000000000000000e+00,0.000000000000000000e+00,0.000000000000000000e+00,0.000000000000000000e+00,0.000000000000000000e+00,0.000000000000000000e+00,0.000000000000000000e+00,0.000000000000000000e+00,0.000000000000000000e+00,0.000000000000000000e+00,0.000000000000000000e+00,0.000000000000000000e+00,0.000000000000000000e+00,0.000000000000000000e+00,0.000000000000000000e+00,0.000000000000000000e+00,0.000000000000000000e+00,0.000000000000000000e+00,0.000000000000000000e+00,0.000000000000000000e+00,0.000000000000000000e+00,0.000000000000000000e+00,0.000000000000000000e+00,0.000000000000000000e+00,0.000000000000000000e+00,0.000000000000000000e+00,0.000000000000000000e+00,0.000000000000000000e+00,0.000000000000000000e+00,0.000000000000000000e+00,0.000000000000000000e+00,0.000000000000000000e+00,0.000000000000000000e+00,0.000000000000000000e+00,0.000000000000000000e+00,0.000000000000000000e+00,0.000000000000000000e+00,0.000000000000000000e+00,0.000000000000000000e+00,0.000000000000000000e+00,0.000000000000000000e+00,0.000000000000000000e+00,0.000000000000000000e+00,0.000000000000000000e+00,0.000000000000000000e+00,0.000000000000000000e+00,3.418465094605346107e-04,4.240291284399112424e-04,4.602041126541759459e-04,4.917209831460067323e-04,4.720417453947846624e-04,4.403305079858046869e-04,3.949357081851782641e-04,3.380804545446332039e-04,2.788367211849350383e-04,2.161548761675517911e-04,1.550995415475293546e-04,9.736826054156025713e-05,4.425221316664799135e-05,-2.711410220036359956e-06,-4.344087452204367975e-05,-7.753531619132992300e-05,-1.051665532065588251e-04,-1.267645187255205669e-04,-1.428254916433819460e-04,-1.540354801651317069e-04,-1.610988824852750494e-04,-1.646755089863458327e-04,-1.654404264050630480e-04,-1.639414457986807070e-04,-1.607010333496999735e-04,-1.561300417925494670e-04,-1.505817918564989377e-04,-1.443305962811602939e-04,-1.375917676917374685e-04,-1.305290264640155730e-04,-1.232643166428101886e-04,-1.158894743524475950e-04,-1.084729409956287628e-04,-1.010685854690380526e-04,-9.371937110814081487e-05,-8.646333731829277975e-05,-7.933407033770559984e-05,-7.236477534529095522e-05,-6.558651787979355191e-05,-5.903101314713641955e-05,-5.272783963542011576e-05,-4.670646682670722392e-05,-4.099324938008414758e-05,-3.561316424133671000e-05,-3.058695280511858480e-05,-2.593290021131367361e-05,-2.166422315032581837e-05,-1.779104693895836549e-05,-1.431801107083847420e-05,-1.124646185591226807e-05,-8.572202380340772804e-06,-6.287849759095124281e-06,-4.380653232546214291e-06,-2.834953386059009462e-06,-1.630011960483546160e-06,-7.425287374988441097e-07,-1.444541906981769441e-07,1.944554082259490042e-07,3.088477217971741074e-07,2.351819087854114641e-07,1.395133866946417349e-08,-3.129548968050869547e-07,-7.000322900701866301e-07,-1.100857663794939751e-06,-1.465890584397032037e-06,-1.745241330700347206e-06,-1.886511622495246272e-06,-1.837646323241855644e-06,-1.544830364924403524e-06,-9.554347484994369279e-07,-1.598303563331607859e-08,1.324802167644957280e-06,3.117956335914607696e-06,5.411127309152117397e-06,8.250459146433064932e-06,1.167735893040375359e-05,1.573032344785291984e-05,2.044164318247279624e-05,2.583920305979870639e-05,3.194316247423294956e-05,3.876777719041410648e-05,4.631810803653022181e-05,5.459192577037945041e-05,6.357651244850859719e-05,7.325072248491812919e-05,8.358194749035871194e-05,9.452841266405441728e-05,1.060363759932175305e-04,1.180427375672550393e-04,1.304725357687688619e-04,1.432419366924202219e-04,1.562560724207576125e-04,1.694124579746644549e-04,1.825991900334405940e-04,1.956988103399513994e-04,2.085868485856733805e-04,2.211361157686924891e-04,2.332155349163671915e-04,2.446948085515800717e-04,2.554434390909230725e-04,2.653356752838051174e-04,2.742495849525471304e-04,2.820721506298808209e-04,2.886982256561877931e-04,2.940356240102519987e-04,2.980037713840784385e-04,3.005386227009782798e-04,3.015908166804646463e-04,3.011302600749459933e-04,2.991436101007224706e-04,2.956383887232346221e-04,2.906396530059589104e-04,2.841935455155043182e-04,2.763630667236574795e-04,2.672310262276004307e-04,2.568949000762799713e-04,2.454692171884857331e-04,2.330795619110186600e-04,2.198645040528517656e-04,2.059688853870705481e-04,1.915454719991932259e-04,1.767477339705378510e-04,1.617314565071104071e-04,1.466472755143827863e-04,1.316425206510591424e-04,1.168537973831152663e-04,1.024093432733697869e-04,8.842194258119576600e-05,7.499205164117765166e-05,6.220129136979918804e-05,5.011653702831615715e-05,3.878415772067975110e-05,2.823517363350933092e-05,1.848030596312674794e-05,9.516190215815990269e-06,1.321177300755476496e-06,-6.137530081397128284e-06,-1.290750653344994513e-05,-1.904328649043322789e-05,-2.460970605481195157e-05,-2.967372272700510266e-05,-3.430781454625893588e-05,-3.858178227682295872e-05,-4.256655982338170149e-05,-4.632630793811376625e-05,-4.992293228038993203e-05,-5.340865718832149735e-05,-5.683140232833279774e-05,-6.022780872961590667e-05,-6.362943480538547295e-05,-6.705604476463532032e-05,-7.052268872422520665e-05,-7.403348231263034626e-05,-7.759061075156735638e-05,-8.118994869813258295e-05,-8.483367273810062472e-05,-8.852720304314688586e-05,-9.229070780021149314e-05,-9.614372150317741154e-05,-1.000934099447848701e-04,-1.040804886064890694e-04,-1.079358393605556719e-04,-1.113296084659724897e-04,-1.138328211631434004e-04,-1.151073644061240310e-04,-1.153370193225883127e-04,-1.157009016778003975e-04,-1.186003782625271591e-04,-1.268436113417378581e-04,-1.412875341092072244e-04,-1.570049249624956512e-04,-1.607721196068337400e-04,-1.365676787655877716e-04,-9.129115108747064993e-05
0.000000000000000000e+00,0.000000000000000000e+00,0.000000000000000000e+00,0.000000000000000000e+00,0.000000000000000000e+00,0.000000000000000000e+00,0.000000000000000000e+00,0.000000000000000000e+00,0.000000000000000000e+00,0.000000000000000000e+00,0.000000000000000000e+00,0.000000000000000000e+00,0.000000000000000000e+00,0.000000000000000000e+00,0.000000000000000000e+00,0.000000000000000000e+00,0.000000000000000000e+00,0.000000000000000000e+00,0.000000000000000000e+00,0.000000000000000000e+00,0.000000000000000000e+00,0.000000000000000000e+00,0.000000000000000000e+00,0.000000000000000000e+00,0.000000000000000000e+00,0.000000000000000000e+00,0.000000000000000000e+00,0.000000000000000000e+00,0.000000000000000000e+00,0.000000000000000000e+00,0.000000000000000000e+00,0.000000000000000000e+00,0.000000000000000000e+00,0.000000000000000000e+00,0.000000000000000000e+00,0.000000000000000000e+00,0.000000000000000000e+00,0.000000000000000000e+00,0.000000000000000000e+00,0.000000000000000000e+00,0.000000000000000000e+00,0.000000000000000000e+00,0.000000000000000000e+00,0.000000000000000000e+00,0.000000000000000000e+00,0.000000000000000000e+00,0.000000000000000000e+00,0.000000000000000000e+00,0.000000000000000000e+00,0.000000000000000000e+00,0.000000000000000000e+00,0.000000000000000000e+00,0.000000000000000000e+00,0.000000000000000000e+00,0.000000000000000000e+00,0.000000000000000000e+00,0.000000000000000000e+00,0.000000000000000000e+00,0.000000000000000000e+00,0.000000000000000000e+00,0.000000000000000000e+00,0.000000000000000000e+00,0.000000000000000000e+00,0.000000000000000000e+00,0.000000000000000000e+00,0.000000000000000000e+00,0.000000000000000000e+00,0.000000000000000000e+00,0.000000000000000000e+00,0.000000000000000000e+00,0.000000000000000000e+00,0.000000000000000000e+00,0.000000000000000000e+00,0.000000000000000000e+00,0.000000000000000000e+00,0.000000000000000000e+00,0.000000000000000000e+00,0.000000000000000000e+00,0.000000000000000000e+00,0.000000000000000000e+00,0.000000000000000000e+00,0.000000000000000000e+00,0.000000000000000000e+00,0.000000000000000000e+00,0.000000000000000000e+00,0.000000000000000000e+00,0.000000000000000000e+00,0.000000000000000000e+00,0.000000000000000000e+00,0.000000000000000000e+00,0.000000000000000000e+00,0.000000000000000000e+00,0.000000000000000000e+00,0.000000000000000000e+00,0.000000000000000000e+00,0.000000000000000000e+00,0.000000000000000000e+00,0.000000000000000000e+00,0.000000000000000000e+00,0.000000000000000000e+00,0.000000000000000000e+00,0.000000000000000000e+00,0.000000000000000000e+00,0.000000000000000000e+00,0.000000000000000000e+00,0.000000000000000000e+00,0.000000000000000000e+00,0.000000000000000000e+00,0.000000000000000000e+00,0.000000000000000000e+00,0.000000000000000000e+00,0.000000000000000000e+00,0.000000000000000000e+00,0.000000000000000000e+00,0.000000000000000000e+00,0.000000000000000000e+00,0.000000000000000000e+00,0.000000000000000000e+00,0.000000000000000000e+00,0.000000000000000000e+00,0.000000000000000000e+00,0.000000000000000000e+00,0.000000000000000000e+00,0.000000000000000000e+00,0.000000000000000000e+00,0.000000000000000000e+00,0.000000000000000000e+00,0.000000000000000000e+00,0.000000000000000000e+00,0.000000000000000000e+00,0.000000000000000000e+00,0.000000000000000000e+00,0.000000000000000000e+00,0.000000000000000000e+00,0.000000000000000000e+00,0.000000000000000000e+00,0.000000000000000000e+00,0.000000000000000000e+00,0.000000000000000000e+00,0.000000000000000000e+00,0.000000000000000000e+00,0.000000000000000000e+00,0.000000000000000000e+00,0.000000000000000000e+00,0.000000000000000000e+00,0.000000000000000000e+00,0.000000000000000000e+00,0.000000000000000000e+00,0.000000000000000000e+00,0.000000000000000000e+00,0.000000000000000000e+00,0.000000000000000000e+00,0.000000000000000000e+00,0.000000000000000000e+00,0.000000000000000000e+00,0.000000000000000000e+00,0.000000000000000000e+00,0.000000000000000000e+00,0.000000000000000000e+00,0.000000000000000000e+00,0.000000000000000000e+00,0.000000000000000000e+00,0.000000000000000000e+00,0.000000000000000000e+00,0.000000000000000000e+00,0.000000000000000000e+00,0.000000000000000000e+00,0.000000000000000000e+00,0.000000000000000000e+00,0.000000000000000000e+00,0.000000000000000000e+00,0.000000000000000000e+00,0.000000000000000000e+00,0.000000000000000000e+00,0.000000000000000000e+00,0.000000000000000000e+00,0.000000000000000000e+00,0.000000000000000000e+00,0.000000000000000000e+00,0.000000000000000000e+00,0.000000000000000000e+00,0.000000000000000000e+00,0.000000000000000000e+00,0.000000000000000000e+00,0.000000000000000000e+00,0.000000000000000000e+00,0.000000000000000000e+00,0.000000000000000000e+00,0.000000000000000000e+00,0.000000000000000000e+00,0.000000000000000000e+00,0.000000000000000000e+00,0.000000000000000000e+00,0.000000000000000000e+00,0.000000000000000000e+00,0.000000000000000000e+00,0.000000000000000000e+00,0.000000000000000000e+00,0.000000000000000000e+00,3.268354153125968510e-04,4.146923625779044744e-04,4.608344371432650266e-04,4.855304038686914414e-04,4.827415819749948525e-04,4.585373940906194222e-04,4.235523274292218106e-04,3.710949244646695108e-04,3.136411968927631353e-04,2.522569121683764957e-04,1.897130158837269148e-04,1.301189979713687414e-04,7.379037429147599692e-05,2.286551860833048306e-05,-2.192644070979676070e-05,-6.031683387047858394e-05,-9.205695170002255504e-05,-1.175211350891094020e-04,-1.370750200251717179e-04,-1.513015737223969359e-04,-1.608725977319340179e-04,-1.664688535605047127e-04,-1.687673307224977332e-04,-1.684056497722579695e-04,-1.659278068556632410e-04,-1.618329707205978351e-04,-1.565136844238495693e-04,-1.503107662942488557e-04,-1.434820958723784560e-04,-1.362358371289749850e-04,-1.287259238333292788e-04,-1.210701562856096347e-04,-1.133551599434437854e-04,-1.056474497780415122e-04,-9.799786717329418142e-05,-9.044880722097249116e-05,-8.303595912618271196e-05,-7.579272336270931310e-05,-6.874985913352186758e-05,-6.193794684234781272e-05,-5.538580079730409780e-05,-4.912194381959928384e-05,-4.317238383893205327e-05,-3.756186020087067272e-05,-3.231138121012553510e-05,-2.743964959361573075e-05,-2.296060687280481044e-05,-1.888516759100084355e-05,-1.521888279657213682e-05,-1.196396291901767164e-05,-9.117071099782809011e-06,-6.671558785338672246e-06,-4.615346323267912387e-06,-2.933291702769028952e-06,-1.605106295559342824e-06,-6.077976229635369088e-07,8.641586355310042154e-08,5.076202522247572308e-07,6.903057874923712615e-07,6.708502489534157870e-07,4.896286414960024476e-07,1.884600838882711348e-07,-1.872864387988773782e-07,-5.912925256385179436e-07,-9.742060805993687266e-07,-1.286301798923405495e-06,-1.475436145702678655e-06,-1.489780166078009997e-06,-1.275829945066393641e-06,-7.812220156970457070e-07,4.718795478066590809e-08,1.260421010874586523e-06,2.909221360145386016e-06,5.041064201564199279e-06,7.701929884498292850e-06,1.093323420407151814e-05,1.477354496393880540e-05,1.925545734888339225e-05,2.440728181654170655e-05,3.024990055821068035e-05,3.679847063550933998e-05,4.405931066450150858e-05,5.203167710078049742e-05,6.070474122481028323e-05,7.005950743663962434e-05,8.006594731778785316e-05,9.068513463672438007e-05,1.018666037328702190e-04,1.135507747930993841e-04,1.256665964627573311e-04,1.381343255094117045e-04,1.508634975063088773e-04,1.637561067545394893e-04,1.767049241656611200e-04,1.895970968058157584e-04,2.023127998838330078e-04,2.147292421913320768e-04,2.267196017034214990e-04,2.381573862971961253e-04,2.489155632369819001e-04,2.588711875566662517e-04,2.679045987626103094e-04,2.759041964315381832e-04,2.827655473264313905e-04,2.883961635125755038e-04,2.927143441404753566e-04,2.956537997340453680e-04,2.971620488905425597e-04,2.972047364402028964e-04,2.957634187597518033e-04,2.928394448621279627e-04,2.884509957418875895e-04,2.826364359055235460e-04,2.754505209390022765e-04,2.669671802195104919e-04,2.572748693568761369e-04,2.464788085110383459e-04,2.346955271464617511e-04,2.220546504343243329e-04,2.086927559434613249e-04,1.947548657546445687e-04,1.803878003773406091e-04,1.657415886034355342e-04,1.509625549533481499e-04,1.361948953135906171e-04,1.215737630139953257e-04,1.072272693242488109e-04,9.326983380283091537e-05,7.980485010834784891e-05,6.691853504666631341e-05,5.468345023082325681e-05,4.315302142771054283e-05,3.236602775674019255e-05,2.234187329110149669e-05,1.308605490188453506e-05,4.586161544003586836e-06,-3.181778360817679054e-06,-1.025670320770272889e-05,-1.668549418915065810e-05,-2.252601346962350225e-05,-2.783968636995730184e-05,-3.269445773713483962e-05,-3.715730456839576220e-05,-4.129741094489133049e-05,-4.517892988328838470e-05,-4.886463830924244926e-05,-5.240920972456743725e-05,-5.586350914737660012e-05,-5.926851684148947634e-05,-6.266024248208210200e-05,-6.606425871527769954e-05,-6.950101079291595620e-05,-7.298085866203166431e-05,-7.650968632367009196e-05,-8.008494234707286600e-05,-8.370240051830166281e-05,-8.735487717803516825e-05,-9.104123799824926657e-05,-9.476728877188088786e-05,-9.855091126488045908e-05,-1.024115865981679272e-04,-1.063487759351946154e-04,-1.102972695579067486e-04,-1.140741149875713640e-04,-1.173508065996428917e-04,-1.197077043624903824e-04,-1.208574953282466927e-04,-1.210410537113901079e-04,-1.215013202564808409e-04,-1.245938093285827125e-04,-1.329541941505102724e-04,-1.470659463043680522e-04,-1.616782222163795808e-04,-1.635386712621186628e-04,-1.373917528839527723e-04,-9.119798295852925686e-05
0.000000000000000000e+00,0.000000000000000000e+00,0.000000000000000000e+00,0.000000000000000000e+00,0.000000000000000000e+00,0.000000000000000000e+00,0.000000000000000000e+00,0.000000000000000000e+00,0.000000000000000000e+00,0.000000000000000000e+00,0.000000000000000000e+00,0.000000000000000000e+00,0.000000000000000000e+00,0.000000000000000000e+00,0.000000000000000000e+00,0.000000000000000000e+00,0.000000000000000000e+00,0.000000000000000000e+00,0.000000000000000000e+00,0.000000000000000000e+00,0.000000000000000000e+00,0.000000000000000000e+00,0.000000000000000000e+00,0.000000000000000000e+00,0.000000000000000000e+00,0.000000000000000000e+00,0.000000000000000000e+00,0.000000000000000000e+00,0.000000000000000000e+00,0.000000000000000000e+00,0.000000000000000000e+00,0.000000000000000000e+00,0.000000000000000000e+00,0.000000000000000000e+00,0.000000000000000000e+00,0.000000000000000000e+00,0.000000000000000000e+00,0.000000000000000000e+00,0.000000000000000000e+00,0.000000000000000000e+00,0.000000000000000000e+00,0.000000000000000000e+00,0.000000000000000000e+00,0.000000000000000000e+00,0.000000000000000000e+00,0.000000000000000000e+00,0.000000000000000000e+00,0.000000000000000000e+00,0.000000000000000000e+00,0.000000000000000000e+00,0.000000000000000000e+00,0.000000000000000000e+00,0.000000000000000000e+00,0.000000000000000000e+00,0.000000000000000000e+00,0.000000000000000000e+00,0.000000000000000000e+00,0.000000000000000000e+00,0.000000000000000000e+00,0.000000000000000000e+00,0.000000000000000000e+00,0.000000000000000000e+00,0.000000000000000000e+00,0.000000000000000000e+00,0.000000000000000000e+00,0.000000000000000000e+00,0.000000000000000000e+00,0.000000000000000000e+00,0.000000000000000000e+00,0.000000000000000000e+00,0.000000000000000000e+00,0.000000000000000000e+00,0.000000000000000000e+00,0.000000000000000000e+00,0.000000000000000000e+00,0.000000000000000000e+00,0.000000000000000000e+00,0.000000000000000000e+00,0.000000000000000000e+00,0.000000000000000000e+00,0.000000000000000000e+00,0.000000000000000000e+00,0.000000000000000000e+00,0.000000000000000000e+00,0.000000000000000000e+00,0.000000000000000000e+00,0.000000000000000000e+00,0.000000000000000000e+00,0.000000000000000000e+00,0.000000000000000000e+00,0.000000000000000000e+00,0.000000000000000000e+00,0.000000000000000000e+00,0.000000000000000000e+00,0.000000000000000000e+00,0.000000000000000000e+00,0.000000000000000000e+00,0.000000000000000000e+00,0.000000000000000000e+00,0.000000000000000000e+00,0.000000000000000000e+00,0.000000000000000000e+00,0.000000000000000000e+00,0.000000000000000000e+00,0.000000000000000000e+00,0.000000000000000000e+00,0.000000000000000000e+00,0.000000000000000000e+00,0.000000000000000000e+00,0.000000000000000000e+00,0.000000000000000000e+00,0.000000000000000000e+00,0.000000000000000000e+00,0.000000000000000000e+00,0.000000000000000000e+00,0.000000000000000000e+00,0.000000000000000000e+00,0.000000000000000000e+00,0.000000000000000000e+00,0.000000000000000000e+00,0.000000000000000000e+00,0.000000000000000000e+00,0.000000000000000000e+00,0.000000000000000000e+00,0.000000000000000000e+00,0.000000000000000000e+00,0.000000000000000000e+00,0.000000000000000000e+00,0.000000000000000000e+00,0.000000000000000000e+00,0.000000000000000000e+00,0.000000000000000000e+00,0.000000000000000000e+00,0.000000000000000000e+00,0.000000000000000000e+00,0.000000000000000000e+00,0.000000000000000000e+00,0.000000000000000000e+00,0.000000000000000000e+00,0.000000000000000000e+00,0.000000000000000000e+00,0.000000000000000000e+00,0.000000000000000000e+00,0.000000000000000000e+00,0.000000000000000000e+00,0.000000000000000000e+00,0.000000000000000000e+00,0.000000000000000000e+00,0.000000000000000000e+00,0.000000000000000000e+00,0.000000000000000000e+00,0.000000000000000000e+00,0.000000000000000000e+00,0.000000000000000000e+00,0.000000000000000000e+00,0.000000000000000000e+00,0.000000000000000000e+00,0.000000000000000000e+00,0.000000000000000000e+00,0.000000000000000000e+00,0.000000000000000000e+00,0.000000000000000000e+00,0.000000000000000000e+00,0.000000000000000000e+00,0.000000000000000000e+00,0.000000000000000000e+00,0.000000000000000000e+00,0.000000000000000000e+00,0.000000000000000000e+00,0.000000000000000000e+00,0.000000000000000000e+00,0.000000000000000000e+00,0.000000000000000000e+00,0.000000000000000000e+00,0.000000000000000000e+00,0.000000000000000000e+00,0.000000000000000000e+00,0.000000000000000000e+00,0.000000000000000000e+00,0.000000000000000000e+00,0.000000000000000000e+00,0.000000000000000000e+00,0.000000000000000000e+00,0.000000000000000000e+00,0.000000000000000000e+00,0.000000000000000000e+00,0.000000000000000000e+00,0.000000000000000000e+00,0.000000000000000000e+00,0.000000000000000000e+00,0.000000000000000000e+00,0.000000000000000000e+00,0.000000000000000000e+00,0.000000000000000000e+00,0.000000000000000000e+00,0.000000000000000000e+00,0.000000000000000000e+00,0.000000000000000000e+00,3.384224176008444819e-04,4.209727624803929319e-04,4.584754388711612724e-04,4.914523879541498946e-04,4.742362877356408736e-04,4.446921750788321867e-04,4.012116134586512866e-04,3.458747582660361445e-04,2.874509572986210914e-04,2.250526327489667743e-04,1.636346628145579716e-04,1.050292477746977727e-04,5.061304079537565448e-05,2.045980933433982152e-06,-4.045826121459087613e-05,-7.638339592849612838e-05,-1.058023880085323822e-04,-1.290601254324668637e-04,-1.465687725859173029e-04,-1.589743247586525732e-04,-1.669174389233185228e-04,-1.710824427794791240e-04,-1.721312682233917487e-04,-1.706746437129419175e-04,-1.672510825865566408e-04,-1.623321669368314952e-04,-1.562987809400296843e-04,-1.494735475273827638e-04,-1.421021491240439941e-04,-1.343826438178330051e-04,-1.264611683614673670e-04,-1.184497145569950529e-04,-1.104312328206439762e-04,-1.024685378430930695e-04,-9.461108663991489370e-05,-8.689859699274215437e-05,-7.936615755361423746e-05,-7.204471169787827350e-05,-6.496433892565517019e-05,-5.815283267597230320e-05,-5.163788682960249057e-05,-4.544466870913214934e-05,-3.959755252757569483e-05,-3.411736115315320590e-05,-2.902303184341219100e-05,-2.432892341525099369e-05,-2.004660709924886768e-05,-1.618239004643360290e-05,-1.273929876591532055e-05,-9.714817824936805736e-06,-7.103055469142459878e-06,-4.892632803499002410e-06,-3.068983745884090614e-06,-1.612322751781469686e-06,-5.000267772888330666e-07,2.953709047508747769e-07,8.037538661313762682e-07,1.059428772478420246e-06,1.098670266775851146e-06,9.617314046657361666e-07,6.903605007297015824e-07,3.298061294869312364e-07,-7.370297771240140553e-08,-4.709741973596214622e-07,-8.124202888580266448e-07,-1.046114102031865742e-06,-1.120419165506217235e-06,-9.820986409718678453e-07,-5.790172939151022421e-07,1.416829121259399926e-07,1.230803379092253334e-06,2.738840021808034441e-06,4.713126676570882019e-06,7.199514945902740355e-06,1.023944980601448532e-05,1.387159143040696961e-05,1.812884367941056081e-05,2.303994456363082379e-05,2.862648093364482038e-05,3.490448842871376426e-05,4.188149816189893997e-05,4.955820032913760552e-05,5.792557920692477787e-05,6.696670514945541014e-05,7.665402083577768492e-05,8.695133218191305427e-05,9.781130961284942619e-05,1.091777477010684607e-04,1.209833387677732095e-04,1.331522625492895348e-04,1.455982747787786262e-04,1.582276713716382029e-04,1.709377117977866939e-04,1.836199776376654211e-04,1.961591205851776702e-04,2.084366042936357417e-04,2.203297318798471023e-04,2.317157253344228273e-04,2.424709505395694468e-04,2.524752536043292661e-04,2.616112664948823407e-04,2.697688884575556094e-04,2.768445265966088691e-04,2.827455871809458920e-04,2.873894869855082705e-04,2.907080074990212428e-04,2.926459080497731922e-04,2.931649986448691650e-04,2.922421971930703154e-04,2.898731954436918373e-04,2.860698308160334442e-04,2.808632545232973604e-04,2.743005325459185501e-04,2.664472734666679357e-04,2.573834299772029570e-04,2.472054022972150337e-04,2.360210764357117323e-04,2.239514818353919635e-04,2.111251691695276384e-04,1.976795614577955417e-04,1.837548353466045270e-04,1.694951563431799414e-04,1.550422760100490013e-04,1.405368773327727260e-04,1.261121292994050601e-04,1.118953818627328663e-04,9.800192353793789617e-05,8.453725275009410902e-05,7.159126007025545108e-05,5.924126229217578963e-05,4.754677848812521613e-05,3.655344663839501097e-05,2.628848539212717386e-05,1.676552621734867641e-05,7.980758434768643952e-06,-8.138738266303881807e-08,-7.451512976847710780e-06,-1.416887614678879060e-05,-2.028427459117231082e-05,-2.585321077992582935e-05,-3.093864268588911382e-05,-3.560396650686677242e-05,-3.991591884345187257e-05,-4.393765440237185326e-05,-4.773206981802021056e-05,-5.135520907499644333e-05,-5.486022329883055048e-05,-5.829124644424133123e-05,-6.168810463166578164e-05,-6.508065753001969695e-05,-6.849421704713079572e-05,-7.194415546674689903e-05,-7.544186477232557814e-05,-7.898938825867027585e-05,-8.258602453832129733e-05,-8.622334651991157839e-05,-8.989363504435340826e-05,-9.358663718469584312e-05,-9.730110600371655587e-05,-1.010417808165754423e-04,-1.048277929978685198e-04,-1.086749898583174611e-04,-1.125797707556747997e-04,-1.164653476235721842e-04,-1.201431663608840171e-04,-1.232789753205129049e-04,-1.254766239413647368e-04,-1.264873865793500712e-04,-1.266260146304484812e-04,-1.271713092331813852e-04,-1.304519230513560412e-04,-1.388912360867989638e-04,-1.526514009394403795e-04,-1.661317335552795339e-04,-1.661552216042658052e-04,-1.381547079816454558e-04,-9.119189228509962293e-05
0.000000000000000000e+00,0.000000000000000000e+00,0.000000000000000000e+00,0.000000000000000000e+00,0.000000000000000000e+00,0.000000000000000000e+00,0.000000000000000000e+00,0.000000000000000000e+00,0.000000000000000000e+00,0.000000000000000000e+00,0.000000000000000000e+00,0.000000000000000000e+00,0.000000000000000000e+00,0.000000000000000000e+00,0.000000000000000000e+00,0.000000000000000000e+00,0.000000000000000000e+00,0.000000000000000000e+00,0.000000000000000000e+00,0.000000000000000000e+00,0.000000000000000000e+00,0.000000000000000000e+00,0.000000000000000000e+00,0.000000000000000000e+00,0.000000000000000000e+00,0.000000000000000000e+00,0.000000000000000000e+00,0.000000000000000000e+00,0.000000000000000000e+00,0.000000000000000000e+00,0.000000000000000000e+00,0.000000000000000000e+00,0.000000000000000000e+00,0.000000000000000000e+00,0.000000000000000000e+00,0.000000000000000000e+00,0.000000000000000000e+00,0.000000000000000000e+00,0.000000000000000000e+00,0.000000000000000000e+00,0.000000000000000000e+00,0.000000000000000000e+00,0.000000000000000000e+00,0.000000000000000000e+00,0.000000000000000000e+00,0.000000000000000000e+00,0.000000000000000000e+00,0.000000000000000000e+00,0.000000000000000000e+00,0.000000000000000000e+00,0.000000000000000000e+00,0.000000000000000000e+00,0.000000000000000000e+00,0.000000000000000000e+00,0.000000000000000000e+00,0.000000000000000000e+00,0.000000000000000000e+00,0.000000000000000000e+00,0.000000000000000000e+00,0.000000000000000000e+00,0.000000000000000000e+00,0.000000000000000000e+00,0.000000000000000000e+00,0.000000000000000000e+00,0.000000000000000000e+00,0.000000000000000000e+00,0.000000000000000000e+00,0.000000000000000000e+00,0.000000000000000000e+00,0.000000000000000000e+00,0.000000000000000000e+00,0.000000000000000000e+00,0.000000000000000000e+00,0.000000000000000000e+00,0.000000000000000000e+00,0.000000000000000000e+00,0.000000000000000000e+00,0.000000000000000000e+00,0.000000000000000000e+00,0.000000000000000000e+00,0.000000000000000000e+00,0.000000000000000000e+00,0.000000000000000000e+00,0.000000000000000000e+00,0.000000000000000000e+00,0.000000000000000000e+00,0.000000000000000000e+00,0.000000000000000000e+00,0.000000000000000000e+00,0.000000000000000000e+00,0.000000000000000000e+00,0.000000000000000000e+00,0.000000000000000000e+00,0.000000000000000000e+00,0.000000000000000000e+00,0.000000000000000000e+00,0.000000000000000000e+00,0.000000000000000000e+00,0.000000000000000000e+00,0.000000000000000000e+00,0.000000000000000000e+00,0.000000000000000000e+00,0.000000000000000000e+00,0.000000000000000000e+00,0.000000000000000000e+00,0.000000000000000000e+00,0.000000000000000000e+00,0.000000000000000000e+00,0.000000000000000000e+00,0.000000000000000000e+00,0.000000000000000000e+00,0.000000000000000000e+00,0.000000000000000000e+00,0.000000000000000000e+00,0.000000000000000000e+00,0.000000000000000000e+00,0.000000000000000000e+00,0.000000000000000000e+00,0.000000000000000000e+00,0.000000000000000000e+00,0.000000000000000000e+00,0.000000000000000000e+00,0.000000000000000000e+00,0.000000000000000000e+00,0.000000000000000000e+00,0.000000000000000000e+00,0.000000000000000000e+00,0.000000000000000000e+00,0.000000000000000000e+00,0.000000000000000000e+00,0.000000000000000000e+00,0.000000000000000000e+00,0.000000000000000000e+00,0.000000000000000000e+00,0.000000000000000000e+00,0.000000000000000000e+00,0.000000000000000000e+00,0.000000000000000000e+00,0.000000000000000000e+00,0.000000000000000000e+00,0.000000000000000000e+00,0.000000000000000000e+00,0.000000000000000000e+00,0.000000000000000000e+00,0.000000000000000000e+00,0.000000000000000000e+00,0.000000000000000000e+00,0.000000000000000000e+00,0.000000000000000000e+00,0.000000000000000000e+00,0.000000000000000000e+00,0.000000000000000000e+00,0.000000000000000000e+00,0.000000000000000000e+00,0.000000000000000000e+00,0.000000000000000000e+00,0.000000000000000000e+00,0.000000000000000000e+00,0.000000000000000000e+00,0.000000000000000000e+00,0.000000000000000000e+00,0.000000000000000000e+00,0.000000000000000000e+00,0.000000000000000000e+00,0.000000000000000000e+00,0.000000000000000000e+00,0.000000000000000000e+00,0.000000000000000000e+00,0.000000000000000000e+00,0.000000000000000000e+00,0.000000000000000000e+00,0.000000000000000000e+00,0.000000000000000000e+00,0.000000000000000000e+00,0.000000000000000000e+00,0.000000000000000000e+00,0.000000000000000000e+00,0.000000000000000000e+00,0.000000000000000000e+00,0.000000000000000000e+00,0.000000000000000000e+00,0.000000000000000000e+00,0.000000000000000000e+00,0.000000000000000000e+00,0.000000000000000000e+00,0.000000000000000000e+00,0.000000000000000000e+00,0.000000000000000000e+00,0.000000000000000000e+00,0.000000000000000000e+00,0.000000000000000000e+00,0.000000000000000000e+00,0.000000000000000000e+00,0.000000000000000000e+00,0.000000000000000000e+00,0.000000000000000000e+00,3.245689344480339389e-04,4.115626981709198141e-04,4.578889624530176647e-04,4.836839917378819723e-04,4.827309030245373702e-04,4.605109066141005458e-04,4.273963135957794699e-04,3.766977322885739650e-04,3.204818388131116451e-04,2.598202163751840081e-04,1.974624618088655092e-04,1.374645495534547012e-04,8.029084387433383361e-05,2.812663344130884077e-05,-1.816111580861559413e-05,-5.819337174227382821e-05,-9.161095436012994385e-05,-1.186905148790975994e-04,-1.397211510102395636e-04,-1.552190904904804847e-04,-1.658183208242108701e-04,-1.721593793241545144e-04,-1.749288442636175427e-04,-1.747609402741720681e-04,-1.722499780917584344e-04,-1.679164137402104639e-04,-1.622100712617075609e-04,-1.554985588561618218e-04,-1.480871020067605487e-04,-1.402094269637715201e-04,-1.320537877429080176e-04,-1.237575604848234034e-04,-1.154283443400866432e-04,-1.071435789939228752e-04,-9.896421982118451261e-05,-9.093619901227962209e-05,-8.309833677673336856e-05,-7.548292190153963876e-05,-6.812014194172989995e-05,-6.103717393105653375e-05,-5.426073792808217737e-05,-4.781515383487946168e-05,-4.172401290245850256e-05,-3.600778453819221278e-05,-3.068523156343643709e-05,-2.577095006646577851e-05,-2.127688467584397934e-05,-1.720997851571602285e-05,-1.357393156146596574e-05,-1.036700640715731357e-05,-7.584033685951032338e-06,-5.214351486575015079e-06,-3.243997575332702659e-06,-1.653734837211273518e-06,-4.213592673878985765e-07,4.802343041485508401e-07,1.080682634892087674e-06,1.414077403751476007e-06,1.516563590596606249e-06,1.428261633135620563e-06,1.190842298517052852e-06,8.494421675536578325e-07,4.502103359750798744e-07,4.220328791560846297e-08,-3.251071670880106120e-07,-5.999762502368780631e-07,-7.309287106071857481e-07,-6.649540194820861046e-07,-3.501092195472891917e-07,2.662208257054160654e-07,1.234654125877829943e-06,2.605479617626667951e-06,4.425921282199169806e-06,6.741735906276186728e-06,9.594418895460646616e-06,1.302274370805515328e-05,1.705992819818252706e-05,2.173514023655469680e-05,2.707065530288721675e-05,3.308336621023760538e-05,3.978197452516394602e-05,4.716855500839377589e-05,5.523583356768690315e-05,6.396886720146514643e-05,7.334246774433846364e-05,8.332306387938190188e-05,9.386633112592850103e-05,1.049193021928875784e-04,1.164182580303564358e-04,1.282911451898860152e-04,1.404557694371860266e-04,1.528225633528881508e-04,1.652931029412878228e-04,1.777632458277303494e-04,1.901219634299180291e-04,2.022548411935163920e-04,2.140431861752100924e-04,2.253678481894540013e-04,2.361085279716401860e-04,2.461478450969112330e-04,2.553707388232080602e-04,2.636686789184175756e-04,2.709390237622256829e-04,2.770892476368334596e-04,2.820361025212098863e-04,2.857097234999317163e-04,2.880524351850322290e-04,2.890225983925802768e-04,2.885929115083038445e-04,2.867538779607840403e-04,2.835114778966552626e-04,2.788901671563905169e-04,2.729298344328538566e-04,2.656882865890209419e-04,2.572374583306323483e-04,2.476653922613054090e-04,2.370717276367515728e-04,2.255692415418081829e-04,2.132787048453923249e-04,2.003301073450450178e-04,1.868570261773200671e-04,1.729977063211662251e-04,1.588891328757756794e-04,1.446681727913259842e-04,1.304655715372211064e-04,1.164073770311773820e-04,1.026090884001151695e-04,8.917757496983396825e-05,7.620558703535728847e-05,6.377434978603596779e-05,5.194860276528988845e-05,4.077999187184041581e-05,3.030273825968109197e-05,2.053787556180993384e-05,1.148956671288800523e-05,3.150146328564438664e-06,-4.502984795577145303e-06,-1.150163953709477608e-05,-1.788952513165286101e-05,-2.371604713099742629e-05,-2.903878107926172322e-05,-3.391705143469190127e-05,-3.841444135055165440e-05,-4.259241152642366421e-05,-4.651308766984141828e-05,-5.023316056790312877e-05,-5.380714443937445056e-05,-5.728174227498327543e-05,-6.069968734770622731e-05,-6.409467084856327766e-05,-6.749575991310491168e-05,-7.092286058386413597e-05,-7.439154106683606949e-05,-7.790886401952649835e-05,-8.147832216585129640e-05,-8.509594190717718410e-05,-8.875533676448221288e-05,-9.244473926596303225e-05,-9.615318305448304268e-05,-9.987009601770801680e-05,-1.035932422802816888e-04,-1.073293044505395827e-04,-1.110960198362697065e-04,-1.149092096152057205e-04,-1.187574435039825775e-04,-1.225581831495310106e-04,-1.261110418310974909e-04,-1.290870769821439727e-04,-1.311054314058128869e-04,-1.319725252981742921e-04,-1.320596131888922579e-04,-1.326993296886277551e-04,-1.361594814578668286e-04,-1.446807837419576215e-04,-1.580656496287362062e-04,-1.704311272888582140e-04,-1.686221493364337078e-04,-1.388318773163974939e-04,-9.107666741302867229e-05
0.000000000000000000e+00,0.000000000000000000e+00,0.000000000000000000e+00,0.000000000000000000e+00,0.000000000000000000e+00,0.000000000000000000e+00,0.000000000000000000e+00,0.000000000000000000e+00,0.000000000000000000e+00,0.000000000000000000e+00,0.000000000000000000e+00,0.000000000000000000e+00,0.000000000000000000e+00,0.000000000000000000e+00,0.000000000000000000e+00,0.000000000000000000e+00,0.000000000000000000e+00,0.000000000000000000e+00,0.000000000000000000e+00,0.000000000000000000e+00,0.000000000000000000e+00,0.000000000000000000e+00,0.000000000000000000e+00,0.000000000000000000e+00,0.000000000000000000e+00,0.000000000000000000e+00,0.000000000000000000e+00,0.000000000000000000e+00,0.000000000000000000e+00,0.000000000000000000e+00,0.000000000000000000e+00,0.000000000000000000e+00,0.000000000000000000e+00,0.000000000000000000e+00,0.000000000000000000e+00,0.000000000000000000e+00,0.000000000000000000e+00,0.000000000000000000e+00,0.000000000000000000e+00,0.000000000000000000e+00,0.000000000000000000e+00,0.000000000000000000e+00,0.000000000000000000e+00,0.000000000000000000e+00,0.000000000000000000e+00,0.000000000000000000e+00,0.000000000000000000e+00,0.000000000000000000e+00,0.000000000000000000e+00,0.000000000000000000e+00,0.000000000000000000e+00,0.000000000000000000e+00,0.000000000000000000e+00,0.000000000000000000e+00,0.000000000000000000e+00,0.000000000000000000e+00,0.000000000000000000e+00,0.000000000000000000e+00,0.000000000000000000e+00,0.000000000000000000e+00,0.000000000000000000e+00,0.000000000000000000e+00,0.000000000000000000e+00,0.000000000000000000e+00,0.000000000000000000e+00,0.000000000000000000e+00,0.000000000000000000e+00,0.000000000000000000e+00,0.000000000000000000e+00,0.000000000000000000e+00,0.000000000000000000e+00,0.000000000000000000e+00,0.000000000000000000e+00,0.000000000000000000e+00,0.000000000000000000e+00,0.000000000000000000e+00,0.000000000000000000e+00,0.000000000000000000e+00,0.000000000000000000e+00,0.000000000000000000e+00,0.000000000000000000e+00,0.000000000000000000e+00,0.000000000000000000e+00,0.000000000000000000e+00,0.000000000000000000e+00,0.000000000000000000e+00,0.000000000000000000e+00,0.000000000000000000e+00,0.000000000000000000e+00,0.000000000000000000e+00,0.000000000000000000e+00,0.000000000000000000e+00,0.000000000000000000e+00,0.000000000000000000e+00,0.000000000000000000e+00,0.000000000000000000e+00,0.000000000000000000e+00,0.000000000000000000e+00,0.000000000000000000e+00,0.000000000000000000e+00,0.000000000000000000e+00,0.000000000000000000e+00,0.000000000000000000e+00,0.000000000000000000e+00,0.000000000000000000e+00,0.000000000000000000e+00,0.000000000000000000e+00,0.000000000000000000e+00,0.000000000000000000e+00,0.000000000000000000e+00,0.000000000000000000e+00,0.000000000000000000e+00,0.000000000000000000e+00,0.000000000000000000e+00,0.000000000000000000e+00,0.000000000000000000e+00,0.000000000000000000e+00,0.000000000000000000e+00,0.000000000000000000e+00,0.000000000000000000e+00,0.000000000000000000e+00,0.000000000000000000e+00,0.000000000000000000e+00,0.000000000000000000e+00,0.000000000000000000e+00,0.000000000000000000e+00,0.000000000000000000e+00,0.000000000000000000e+00,0.000000000000000000e+00,0.000000000000000000e+00,0.000000000000000000e+00,0.000000000000000000e+00,0.000000000000000000e+00,0.000000000000000000e+00,0.000000000000000000e+00,0.000000000000000000e+00,0.000000000000000000e+00,0.000000000000000000e+00,0.000000000000000000e+00,0.000000000000000000e+00,0.000000000000000000e+00,0.000000000000000000e+00,0.000000000000000000e+00,0.000000000000000000e+00,0.000000000000000000e+00,0.000000000000000000e+00,0.000000000000000000e+00,0.000000000000000000e+00,0.000000000000000000e+00,0.000000000000000000e+00,0.000000000000000000e+00,0.000000000000000000e+00,0.000000000000000000e+00,0.000000000000000000e+00,0.000000000000000000e+00,0.000000000000000000e+00,0.000000000000000000e+00,0.000000000000000000e+00,0.000000000000000000e+00,0.000000000000000000e+00,0.000000000000000000e+00,0.000000000000000000e+00,0.000000000000000000e+00,0.000000000000000000e+00,0.000000000000000000e+00,0.000000000000000000e+00,0.000000000000000000e+00,0.000000000000000000e+00,0.000000000000000000e+00,0.000000000000000000e+00,0.000000000000000000e+00,0.000000000000000000e+00,0.000000000000000000e+00,0.000000000000000000e+00,0.000000000000000000e+00,0.000000000000000000e+00,0.000000000000000000e+00,0.000000000000000000e+00,0.000000000000000000e+00,0.000000000000000000e+00,0.000000000000000000e+00,0.000000000000000000e+00,0.000000000000000000e+00,0.000000000000000000e+00,0.000000000000000000e+00,0.000000000000000000e+00,0.000000000000000000e+00,0.000000000000000000e+00,0.000000000000000000e+00,0.000000000000000000e+00,0.000000000000000000e+00,0.000000000000000000e+00,0.000000000000000000e+00,0.000000000000000000e+00,0.000000000000000000e+00,3.368594220816767469e-04,4.183251009133430475e-04,4.557973227968579013e-04,4.895326724407692877e-04,4.740239478391260457e-04,4.462752221208540369e-04,4.045386321357548418e-04,3.507292965317955740e-04,2.933770880513983056e-04,2.316024544387101556e-04,1.702806616856152109e-04,1.112754236842213002e-04,5.604519631143911276e-05,6.311229683260094195e-06,-3.757608310890712001e-05,-7.501111550705834915e-05,-1.059535350416168805e-04,-1.306636415743741588e-04,-1.494803765256173106e-04,-1.629946134637479181e-04,-1.718123099626556139e-04,-1.765937695064731441e-04,-1.780040198503489565e-04,-1.766597292153861175e-04,-1.731365711280335692e-04,-1.679334576547683231e-04,-1.614802457133890671e-04,-1.541301121704928274e-04,-1.461707340391298993e-04,-1.378261361535745985e-04,-1.292725164626171847e-04,-1.206410312668137357e-04,-1.120324423903490180e-04,-1.035207800385305109e-04,-9.516301692027336599e-05,-8.700333432205491050e-05,-7.907755973324952518e-05,-7.141685826803174041e-05,-6.404847597890956008e-05,-5.699838959746820414e-05,-5.029000225776414026e-05,-4.394601679717277919e-05,-3.798619601428462927e-05,-3.242892022431066728e-05,-2.728865628626421855e-05,-2.257753959647580921e-05,-1.830288817562969754e-05,-1.446896723753697435e-05,-1.107468249531053049e-05,-8.115554701077438889e-06,-5.581602296241345014e-06,-3.459488112331309470e-06,-1.730542819732953695e-06,-3.730267123336770721e-07,6.397659167591612456e-07,1.337180376404610964e-06,1.753061435439032814e-06,1.923394809805827965e-06,1.888153595894528726e-06,1.688920969563419827e-06,1.370725737671447398e-06,9.796451663437704939e-07,5.646198150975355792e-07,1.750275818752164725e-07,-1.375371977932020407e-07,-3.217297015072607520e-07,-3.247263972435265017e-07,-9.474088010597210932e-08,4.206413622574928319e-07,1.271891012818499220e-06,2.509130385957669257e-06,4.179504885821017391e-06,6.328709488852163186e-06,8.998310927828771162e-06,1.222721586141517685e-05,1.604896094877148629e-05,2.049314512778667194e-05,2.558271588952922303e-05,3.133540074300771787e-05,3.776102923498825682e-05,4.486301077484740487e-05,5.263574167318688910e-05,6.106618632772590040e-05,7.013142501971023220e-05,7.980040123576866498e-05,9.003166747754569365e-05,1.007753616100884000e-04,1.119712030976025133e-04,1.235507545387843395e-04,1.354357086754195559e-04,1.475404771615632321e-04,1.597707893053711137e-04,1.720266289237318421e-04,1.842011398919052637e-04,1.961839049215842283e-04,2.078601223853884501e-04,2.191141902308409975e-04,2.298290858814790638e-04,2.398901872465488143e-04,2.491847561282051378e-04,2.576058999013032666e-04,2.650520324628040337e-04,2.714308582797980577e-04,2.766586671054680814e-04,2.806642100633966581e-04,2.833876782150267443e-04,2.847843407397983588e-04,2.848230650953343626e-04,2.834896016028224590e-04,2.807845251734560066e-04,2.767260786864644416e-04,2.713474522797760385e-04,2.646991381806709201e-04,2.568455109305532486e-04,2.478666955852404635e-04,2.378544670106907423e-04,2.269136870775472013e-04,2.151575981830361993e-04,2.027089377881150509e-04,1.896947547458869535e-04,1.762473554813786354e-04,1.624988155888037837e-04,1.485819455391873989e-04,1.346246988677053419e-04,1.207513617205783319e-04,1.070770683464852282e-04,9.370941457121181222e-05,8.074327841153789266e-05,6.826303107060372485e-05,5.633782465054381445e-05,4.502452625164932810e-05,3.436357803166049637e-05,2.438271407029848079e-05,1.509342549463131878e-05,6.495442576176062536e-06,-1.426242574886258472e-06,-8.696225324229483905e-06,-1.535123316267045823e-05,-2.143447292446316605e-05,-2.699793073758844682e-05,-3.209643285066347352e-05,-3.678992680444899876e-05,-4.113749069431221880e-05,-4.519982699162510844e-05,-4.903343914923679410e-05,-5.269354110747441862e-05,-5.622857090706077996e-05,-5.968366234906545754e-05,-6.309558990799057053e-05,-6.649687241202507611e-05,-6.991114527481244543e-05,-7.335786769567070832e-05,-7.684798729679910253e-05,-8.038909994637140235e-05,-8.398113447697200566e-05,-8.762177587022996789e-05,-9.130198611069522850e-05,-9.501193277853506487e-05,-9.873690478347060980e-05,-1.024650676235238213e-04,-1.061850371617686987e-04,-1.098961838611270945e-04,-1.136052505758608359e-04,-1.173315708330281091e-04,-1.210871599280247227e-04,-1.248570820947987061e-04,-1.285476116647774091e-04,-1.319546368485142627e-04,-1.347478048828333998e-04,-1.365751012209753942e-04,-1.372857758586974763e-04,-1.373229932578297146e-04,-1.380457111576427270e-04,-1.416797599183440949e-04,-1.502467343474864225e-04,-1.632422806236261906e-04,-1.744774169510041625e-04,-1.709179593373477376e-04,-1.394381784349143887e-04,-9.104339121637956573e-05
0.000000000000000000e+00,0.000000000000000000e+00,0.000000000000000000e+00,0.000000000000000000e+00,0.000000000000000000e+00,0.000000000000000000e+00,0.000000000000000000e+00,0.000000000000000000e+00,0.000000000000000000e+00,0.000000000000000000e+00,0.000000000000000000e+00,0.000000000000000000e+00,0.000000000000000000e+00,0.000000000000000000e+00,0.000000000000000000e+00,0.000000000000000000e+00,0.000000000000000000e+00,0.000000000000000000e+00,0.000000000000000000e+00,0.000000000000000000e+00,0.000000000000000000e+00,0.000000000000000000e+00,0.000000000000000000e+00,0.000000000000000000e+00,0.000000000000000000e+00,0.000000000000000000e+00,0.000000000000000000e+00,0.000000000000000000e+00,0.000000000000000000e+00,0.000000000000000000e+00,0.000000000000000000e+00,0.000000000000000000e+00,0.000000000000000000e+00,0.000000000000000000e+00,0.000000000000000000e+00,0.000000000000000000e+00,0.000000000000000000e+00,0.000000000000000000e+00,0.000000000000000000e+00,0.000000000000000000e+00,0.000000000000000000e+00,0.000000000000000000e+00,0.000000000000000000e+00,0.000000000000000000e+00,0.000000000000000000e+00,0.000000000000000000e+00,0.000000000000000000e+00,0.000000000000000000e+00,0.000000000000000000e+00,0.000000000000000000e+00,0.000000000000000000e+00,0.000000000000000000e+00,0.000000000000000000e+00,0.000000000000000000e+00,0.000000000000000000e+00,0.000000000000000000e+00,0.000000000000000000e+00,0.000000000000000000e+00,0.000000000000000000e+00,0.000000000000000000e+00,0.000000000000000000e+00,0.000000000000000000e+00,0.000000000000000000e+00,0.000000000000000000e+00,0.000000000000000000e+00,0.000000000000000000e+00,0.000000000000000000e+00,0.000000000000000000e+00,0.000000000000000000e+00,0.000000000000000000e+00,0.000000000000000000e+00,0.000000000000000000e+00,0.000000000000000000e+00,0.000000000000000000e+00,0.000000000000000000e+00,0.000000000000000000e+00,0.000000000000000000e+00,0.000000000000000000e+00,0.000000000000000000e+00,0.000000000000000000e+00,0.000000000000000000e+00,0.000000000000000000e+00,0.000000000000000000e+00,0.000000000000000000e+00,0.000000000000000000e+00,0.000000000000000000e+00,0.000000000000000000e+00,0.000000000000000000e+00,0.000000000000000000e+00,0.000000000000000000e+00,0.000000000000000000e+00,0.000000000000000000e+00,0.000000000000000000e+00,0.000000000000000000e+00,0.000000000000000000e+00,0.000000000000000000e+00,0.000000000000000000e+00,0.000000000000000000e+00,0.000000000000000000e+00,0.000000000000000000e+00,0.000000000000000000e+00,0.000000000000000000e+00,0.000000000000000000e+00,0.000000000000000000e+00,0.000000000000000000e+00,0.000000000000000000e+00,0.000000000000000000e+00,0.000000000000000000e+00,0.000000000000000000e+00,0.000000000000000000e+00,0.000000000000000000e+00,0.000000000000000000e+00,0.000000000000000000e+00,0.000000000000000000e+00,0.000000000000000000e+00,0.000000000000000000e+00,0.000000000000000000e+00,0.000000000000000000e+00,0.000000000000000000e+00,0.000000000000000000e+00,0.000000000000000000e+00,0.000000000000000000e+00,0.000000000000000000e+00,0.000000000000000000e+00,0.000000000000000000e+00,0.000000000000000000e+00,0.000000000000000000e+00,0.000000000000000000e+00,0.000000000000000000e+00,0.000000000000000000e+00,0.000000000000000000e+00,0.000000000000000000e+00,0.000000000000000000e+00,0.000000000000000000e+00,0.000000000000000000e+00,0.000000000000000000e+00,0.000000000000000000e+00,0.000000000000000000e+00,0.000000000000000000e+00,0.000000000000000000e+00,0.000000000000000000e+00,0.000000000000000000e+00,0.000000000000000000e+00,0.000000000000000000e+00,0.000000000000000000e+00,0.000000000000000000e+00,0.000000000000000000e+00,0.000000000000000000e+00,0.000000000000000000e+00,0.000000000000000000e+00,0.000000000000000000e+00,0.000000000000000000e+00,0.000000000000000000e+00,0.000000000000000000e+00,0.000000000000000000e+00,0.000000000000000000e+00,0.000000000000000000e+00,0.000000000000000000e+00,0.000000000000000000e+00,0.000000000000000000e+00,0.000000000000000000e+00,0.000000000000000000e+00,0.000000000000000000e+00,0.000000000000000000e+00,0.000000000000000000e+00,0.000000000000000000e+00,0.000000000000000000e+00,0.000000000000000000e+00,0.000000000000000000e+00,0.000000000000000000e+00,0.000000000000000000e+00,0.000000000000000000e+00,0.000000000000000000e+00,0.000000000000000000e+00,0.000000000000000000e+00,0.000000000000000000e+00,0.000000000000000000e+00,0.000000000000000000e+00,0.000000000000000000e+00,0.000000000000000000e+00,0.000000000000000000e+00,0.000000000000000000e+00,0.000000000000000000e+00,0.000000000000000000e+00,0.000000000000000000e+00,0.000000000000000000e+00,0.000000000000000000e+00,0.000000000000000000e+00,0.000000000000000000e+00,0.000000000000000000e+00,0.000000000000000000e+00,0.000000000000000000e+00,0.000000000000000000e+00,3.248824935341117692e-04,4.096286841913309665e-04,4.546976023800766470e-04,4.807462549515300969e-04,4.808082204545850833e-04,4.599818599460087564e-04,4.284951814919055256e-04,3.794394352281824567e-04,3.245661087286343138e-04,2.648766499856688474e-04,2.030504326549880376e-04,1.430922087605506941e-04,8.552682231175008588e-05,3.258476146054941150e-05,-1.478359530560848435e-05,-5.608898584042057114e-05,-9.088366854514433779e-05,-1.193383275456521696e-04,-1.416666193690393821e-04,-1.583161925455602048e-04,-1.698736513951044870e-04,-1.769504593734900577e-04,-1.802162977793455580e-04,-1.803100453651870164e-04,-1.778355352553201494e-04,-1.733450574311747126e-04,-1.673158848825482506e-04,-1.601598719789454795e-04,-1.522124125165561913e-04,-1.437470622175273315e-04,-1.349757963313202359e-04,-1.260650873509903123e-04,-1.171382815179966607e-04,-1.082908314343968979e-04,-9.959169192182428204e-05,-9.109538745777355539e-05,-8.284241795802496460e-05,-7.486727460345488387e-05,-6.719786543149534788e-05,-5.986018775866169258e-05,-5.287680920563067811e-05,-4.626953360742695564e-05,-4.005723169302976519e-05,-3.425760405250718587e-05,-2.888474235655258279e-05,-2.395065110641559202e-05,-1.946282884570720449e-05,-1.542587415802488884e-05,-1.183922784259817982e-05,-8.698980959311890365e-06,-5.995800946629032169e-06,-3.716943750475271067e-06,-1.844325286677471878e-06,-3.566876766635666565e-07,7.722386852133261274e-07,1.571474507849154414e-06,2.074584158349980389e-06,2.317366945180166330e-06,2.339630168467550084e-06,2.182857610454743255e-06,1.891969853174292133e-06,1.512976810769360775e-06,1.094718455808758710e-06,6.864965737040310969e-07,3.397821874881892208e-07,1.058168921432907034e-07,3.727205521426052980e-08,1.858102050295689375e-07,6.036836974946573750e-07,1.341249858409792830e-06,2.448501980241250571e-06,3.972537325262382279e-06,5.959020597487952071e-06,8.449611273575946069e-06,1.148336900371830462e-05,1.509415589930501958e-05,1.931200434274020155e-05,2.416052028653434763e-05,2.965824587155911472e-05,3.581610040440048247e-05,4.263878169029661929e-05,5.012229067617617523e-05,5.825542487849730435e-05,6.701743905152881544e-05,7.637968984692180955e-05,8.630348667403079071e-05,9.674194723213168118e-05,1.076380886220655120e-04,1.189269474933618516e-04,1.305339505886991781e-04,1.423773403881304787e-04,1.543668464770531570e-04,1.664064379798234079e-04,1.783932931290142234e-04,1.902208745879089896e-04,2.017781659795261895e-04,2.129530374065273306e-04,2.236316869344336935e-04,2.337022340040141566e-04,2.430542740645017864e-04,2.515826104281447496e-04,2.591868048776402398e-04,2.657749372674495045e-04,2.712630174100512598e-04,2.755786495511771783e-04,2.786601641052224854e-04,2.804600634976849288e-04,2.809437384051797983e-04,2.800925837666794877e-04,2.779021838740281555e-04,2.743850126301211069e-04,2.695680044655749145e-04,2.634947897041167372e-04,2.562226116361194790e-04,2.478240932274262173e-04,2.383835111703833630e-04,2.279981399983282866e-04,2.167739468688570771e-04,2.048266084610788241e-04,1.922767403090319455e-04,1.792507253624904702e-04,1.658756334567214915e-04,1.522800330272964186e-04,1.385887847959244089e-04,1.249240254530469766e-04,1.114000308278462138e-04,9.812455919556815767e-05,8.519397045454361146e-05,7.269509549523031579e-05,6.070076849387405829e-05,4.927234794281738561e-05,3.845577065285825716e-05,2.828479245270304577e-05,1.877760901950726284e-05,9.940815341057822102e-06,1.766566837520904758e-06,-5.762815755825007327e-06,-1.267724241636150271e-05,-1.901374335545005613e-05,-2.481857969738993268e-05,-3.014181788717839886e-05,-3.503935197157687163e-05,-3.956737963671442848e-05,-4.378454432578511525e-05,-4.774652618485692997e-05,-5.150849198486600949e-05,-5.511998100475321905e-05,-5.862780148502414113e-05,-6.207133487255123388e-05,-6.548594762881499104e-05,-6.889876759365633760e-05,-7.233259695965096664e-05,-7.580213554345490877e-05,-7.931827915175835143e-05,-8.288466779102495277e-05,-8.650213061692327591e-05,-9.016536076164938305e-05,-9.386724126594246035e-05,-9.759564359568976622e-05,-1.013378114167674040e-04,-1.050781313596748729e-04,-1.088036995384204710e-04,-1.125045311207546278e-04,-1.161803221223264685e-04,-1.198403796747953785e-04,-1.235027410836491704e-04,-1.271788671604023575e-04,-1.308456358349431397e-04,-1.344038477896339128e-04,-1.376398447457650932e-04,-1.402326656438491039e-04,-1.418510896505482098e-04,-1.424026240840120040e-04,-1.423847848584990582e-04,-1.431996819075537480e-04,-1.469989024697511014e-04,-1.556153026016052925e-04,-1.682031240194434665e-04,-1.783338990279512615e-04,-1.730417511415024848e-04,-1.399480262659793368e-04,-9.090212939198928828e-05
0.000000000000000000e+00,0.000000000000000000e+00,0.000000000000000000e+00,0.000000000000000000e+00,0.000000000000000000e+00,0.000000000000000000e+00,0.000000000000000000e+00,0.000000000000000000e+00,0.000000000000000000e+00,0.000000000000000000e+00,0.000000000000000000e+00,0.000000000000000000e+00,0.000000000000000000e+00,0.000000000000000000e+00,0.000000000000000000e+00,0.000000000000000000e+00,0.000000000000000000e+00,0.000000000000000000e+00,0.000000000000000000e+00,0.000000000000000000e+00,0.000000000000000000e+00,0.000000000000000000e+00,0.000000000000000000e+00,0.000000000000000000e+00,0.000000000000000000e+00,0.000000000000000000e+00,0.000000000000000000e+00,0.000000000000000000e+00,0.000000000000000000e+00,0.000000000000000000e+00,0.000000000000000000e+00,0.000000000000000000e+00,0.000000000000000000e+00,0.000000000000000000e+00,0.000000000000000000e+00,0.000000000000000000e+00,0.000000000000000000e+00,0.000000000000000000e+00,0.000000000000000000e+00,0.000000000000000000e+00,0.000000000000000000e+00,0.000000000000000000e+00,0.000000000000000000e+00,0.000000000000000000e+00,0.000000000000000000e+00,0.000000000000000000e+00,0.000000000000000000e+00,0.000000000000000000e+00,0.000000000000000000e+00,0.000000000000000000e+00,0.000000000000000000e+00,0.000000000000000000e+00,0.000000000000000000e+00,0.000000000000000000e+00,0.000000000000000000e+00,0.000000000000000000e+00,0.000000000000000000e+00,0.000000000000000000e+00,0.000000000000000000e+00,0.000000000000000000e+00,0.000000000000000000e+00,0.000000000000000000e+00,0.000000000000000000e+00,0.000000000000000000e+00,0.000000000000000000e+00,0.000000000000000000e+00,0.000000000000000000e+00,0.000000000000000000e+00,0.000000000000000000e+00,0.000000000000000000e+00,0.000000000000000000e+00,0.000000000000000000e+00,0.000000000000000000e+00,0.000000000000000000e+00,0.000000000000000000e+00,0.000000000000000000e+00,0.000000000000000000e+00,0.000000000000000000e+00,0.000000000000000000e+00,0.000000000000000000e+00,0.000000000000000000e+00,0.000000000000000000e+00,0.000000000000000000e+00,0.000000000000000000e+00,0.000000000000000000e+00,0.000000000000000000e+00,0.000000000000000000e+00,0.000000000000000000e+00,0.000000000000000000e+00,0.000000000000000000e+00,0.000000000000000000e+00,0.000000000000000000e+00,0.000000000000000000e+00,0.000000000000000000e+00,0.000000000000000000e+00,0.000000000000000000e+00,0.000000000000000000e+00,0.000000000000000000e+00,0.000000000000000000e+00,0.000000000000000000e+00,0.000000000000000000e+00,0.000000000000000000e+00,0.000000000000000000e+00,0.000000000000000000e+00,0.000000000000000000e+00,0.000000000000000000e+00,0.000000000000000000e+00,0.000000000000000000e+00,0.000000000000000000e+00,0.000000000000000000e+00,0.000000000000000000e+00,0.000000000000000000e+00,0.000000000000000000e+00,0.000000000000000000e+00,0.000000000000000000e+00,0.000000000000000000e+00,0.000000000000000000e+00,0.000000000000000000e+00,0.000000000000000000e+00,0.000000000000000000e+00,0.000000000000000000e+00,0.000000000000000000e+00,0.000000000000000000e+00,0.000000000000000000e+00,0.000000000000000000e+00,0.000000000000000000e+00,0.000000000000000000e+00,0.000000000000000000e+00,0.000000000000000000e+00,0.000000000000000000e+00,0.000000000000000000e+00,0.000000000000000000e+00,0.000000000000000000e+00,0.000000000000000000e+00,0.000000000000000000e+00,0.000000000000000000e+00,0.000000000000000000e+00,0.000000000000000000e+00,0.000000000000000000e+00,0.000000000000000000e+00,0.000000000000000000e+00,0.000000000000000000e+00,0.000000000000000000e+00,0.000000000000000000e+00,0.000000000000000000e+00,0.000000000000000000e+00,0.000000000000000000e+00,0.000000000000000000e+00,0.000000000000000000e+00,0.000000000000000000e+00,0.000000000000000000e+00,0.000000000000000000e+00,0.000000000000000000e+00,0.000000000000000000e+00,0.000000000000000000e+00,0.000000000000000000e+00,0.000000000000000000e+00,0.000000000000000000e+00,0.000000000000000000e+00,0.000000000000000000e+00,0.000000000000000000e+00,0.000000000000000000e+00,0.000000000000000000e+00,0.000000000000000000e+00,0.000000000000000000e+00,0.000000000000000000e+00,0.000000000000000000e+00,0.000000000000000000e+00,0.000000000000000000e+00,0.000000000000000000e+00,0.000000000000000000e+00,0.000000000000000000e+00,0.000000000000000000e+00,0.000000000000000000e+00,0.000000000000000000e+00,0.000000000000000000e+00,0.000000000000000000e+00,0.000000000000000000e+00,0.000000000000000000e+00,0.000000000000000000e+00,0.000000000000000000e+00,0.000000000000000000e+00,0.000000000000000000e+00,0.000000000000000000e+00,0.000000000000000000e+00,0.000000000000000000e+00,0.000000000000000000e+00,0.000000000000000000e+00,0.000000000000000000e+00,0.000000000000000000e+00,0.000000000000000000e+00,0.000000000000000000e+00,3.367980745599210863e-04,4.160088257000979137e-04,4.522362038442817979e-04,4.861708510043651912e-04,4.716833828900656041e-04,4.453836966804504047e-04,4.051804607185986815e-04,3.528552490814789214e-04,2.967279947096676009e-04,2.358354855702758765e-04,1.749669402941627955e-04,1.159805564714414471e-04,6.036712242302851516e-05,9.900350193151266704e-06,-3.498129166044310051e-05,-7.358146812880183500e-05,-1.057701020442900088e-04,-1.317135488503156098e-04,-1.516822387513005923e-04,-1.662022493406545742e-04,-1.758409271261962331e-04,-1.812313199069329618e-04,-1.830293439417582651e-04,-1.818557685836575462e-04,-1.783008267936831565e-04,-1.728899714544645508e-04,-1.660825258754444951e-04,-1.582688879984862765e-04,-1.497687576105875937e-04,-1.408404238528717864e-04,-1.316852679358796840e-04,-1.224589742664414606e-04,-1.132787492043458964e-04,-1.042329604803515308e-04,-9.538732578314954860e-05,-8.679179606868467562e-05,-7.848500393616299176e-05,-7.049793064475306007e-05,-6.285695538105650260e-05,-5.558464689206114645e-05,-4.870185957126290245e-05,-4.222661317234227904e-05,-3.617567669872067754e-05,-3.056251393191472852e-05,-2.539872250347318015e-05,-2.069169688952645180e-05,-1.644616410973710280e-05,-1.266189324765870917e-05,-9.335436466589022846e-06,-6.458002749481746135e-06,-4.017411037288823811e-06,-1.996132682571468575e-06,-3.734088842064813091e-07,8.765808417211289758e-07,1.782498360133479541e-06,2.377602388156821045e-06,2.697475865460014296e-06,2.781742118775094101e-06,2.671770397984839767e-06,2.412369961406459095e-06,2.049485131300269352e-06,1.631867624650457429e-06,1.208759152454255538e-06,8.315319857147179135e-07,5.513506083638490433e-07,4.207668889470779830e-07,4.913513595891198014e-07,8.152307854980108148e-07,1.442682445690868368e-06,2.423606594664572694e-06,3.805082339344075150e-06,5.632774448265673732e-06,7.948456462315972977e-06,1.079136012762217664e-05,1.419567999524986694e-05,1.819188411176880682e-05,2.280422412496285197e-05,2.805203707961144050e-05,3.394729503965280290e-05,4.049593876052047514e-05,4.769550973612191334e-05,5.553656564325301924e-05,6.400044396791987908e-05,7.306081484415766528e-05,8.268162746345396037e-05,9.281885679544967036e-05,1.034186805419528741e-04,1.144194711047619075e-04,1.257502410758600062e-04,1.373329201514127660e-04,1.490810908464446972e-04,1.609025719991174087e-04,1.726984441655155574e-04,1.843659379015645733e-04,1.957977215654599932e-04,2.068850655333876582e-04,2.175173361759703600e-04,2.275853791157893366e-04,2.369811348314117554e-04,2.456011580864309041e-04,2.533462462022880997e-04,2.601249911217949650e-04,2.658532941304090247e-04,2.704578346902295209e-04,2.738753380918161292e-04,2.760558435973019709e-04,2.769615961394272579e-04,2.765700068315810533e-04,2.748720572104649423e-04,2.718748678907928896e-04,2.675995334012705646e-04,2.620832483903036371e-04,2.553765308359689070e-04,2.475448970725741969e-04,2.386654777833514764e-04,2.288282794383213984e-04,2.181322467051956379e-04,2.066861941002386821e-04,1.946044154260091535e-04,1.820074106924961319e-04,1.690171829369941509e-04,1.557579171059343193e-04,1.423511325929901149e-04,1.289164887717944379e-04,1.155669740931958186e-04,1.024100143821469257e-04,8.954287393267570212e-05,7.705422599515756286e-05,6.501991719575358705e-05,5.350512510085079755e-05,4.256059560577125868e-05,3.222546237304957411e-05,2.252401097384018017e-05,1.346917386129077930e-05,5.059810608930288423e-06,-2.715173488938934996e-06,-9.879107208991755185e-06,-1.646292492958326739e-05,-2.250714040752172293e-05,-2.805687157748245849e-05,-3.316368386340140068e-05,-3.788046034166898929e-05,-4.226330847998915050e-05,-4.636647066268094453e-05,-5.024447950722676692e-05,-5.394727876908303688e-05,-5.752277737398313340e-05,-6.101230112945890428e-05,-6.445364078774304493e-05,-6.787688932377407215e-05,-7.130801554661857385e-05,-7.476506968746428838e-05,-7.826224893954010107e-05,-8.180637558397382955e-05,-8.540134795416459050e-05,-8.904469823968339448e-05,-9.273224464352027799e-05,-9.645446398289092148e-05,-1.002012144006435182e-04,-1.039578668951891317e-04,-1.077105203952035160e-04,-1.114426386174958614e-04,-1.151421397440049587e-04,-1.187995729055742303e-04,-1.224170980462128489e-04,-1.260044455785092922e-04,-1.295809844790224625e-04,-1.331538284212522552e-04,-1.366958359346864805e-04,-1.400972295035787091e-04,-1.431428159769705547e-04,-1.455146236355884723e-04,-1.469150315580773170e-04,-1.472972595550422906e-04,-1.472271540632177141e-04,-1.481230180924037463e-04,-1.520810860178605688e-04,-1.607124718948009609e-04,-1.728837658450817466e-04,-1.819056755756737729e-04,-1.749745226630527800e-04,-1.403779896320434830e-04,-9.083781644281359519e-05
0.000000000000000000e+00,0.000000000000000000e+00,0.000000000000000000e+00,0.000000000000000000e+00,0.000000000000000000e+00,0.000000000000000000e+00,0.000000000000000000e+00,0.000000000000000000e+00,0.000000000000000000e+00,0.000000000000000000e+00,0.000000000000000000e+00,0.000000000000000000e+00,0.000000000000000000e+00,0.000000000000000000e+00,0.000000000000000000e+00,0.000000000000000000e+00,0.000000000000000000e+00,0.000000000000000000e+00,0.000000000000000000e+00,0.000000000000000000e+00,0.000000000000000000e+00,0.000000000000000000e+00,0.000000000000000000e+00,0.000000000000000000e+00,0.000000000000000000e+00,0.000000000000000000e+00,0.000000000000000000e+00,0.000000000000000000e+00,0.000000000000000000e+00,0.000000000000000000e+00,0.000000000000000000e+00,0.000000000000000000e+00,0.000000000000000000e+00,0.000000000000000000e+00,0.000000000000000000e+00,0.000000000000000000e+00,0.000000000000000000e+00,0.000000000000000000e+00,0.000000000000000000e+00,0.000000000000000000e+00,0.000000000000000000e+00,0.000000000000000000e+00,0.000000000000000000e+00,0.000000000000000000e+00,0.000000000000000000e+00,0.000000000000000000e+00,0.000000000000000000e+00,0.000000000000000000e+00,0.000000000000000000e+00,0.000000000000000000e+00,0.000000000000000000e+00,0.000000000000000000e+00,0.000000000000000000e+00,0.000000000000000000e+00,0.000000000000000000e+00,0.000000000000000000e+00,0.000000000000000000e+00,0.000000000000000000e+00,0.000000000000000000e+00,0.000000000000000000e+00,0.000000000000000000e+00,0.000000000000000000e+00,0.000000000000000000e+00,0.000000000000000000e+00,0.000000000000000000e+00,0.000000000000000000e+00,0.000000000000000000e+00,0.000000000000000000e+00,0.000000000000000000e+00,0.000000000000000000e+00,0.000000000000000000e+00,0.000000000000000000e+00,0.000000000000000000e+00,0.000000000000000000e+00,0.000000000000000000e+00,0.000000000000000000e+00,0.000000000000000000e+00,0.000000000000000000e+00,0.000000000000000000e+00,0.000000000000000000e+00,0.000000000000000000e+00,0.000000000000000000e+00,0.000000000000000000e+00,0.000000000000000000e+00,0.000000000000000000e+00,0.000000000000000000e+00,0.000000000000000000e+00,0.000000000000000000e+00,0.000000000000000000e+00,0.000000000000000000e+00,0.000000000000000000e+00,0.000000000000000000e+00,0.000000000000000000e+00,0.000000000000000000e+00,0.000000000000000000e+00,0.000000000000000000e+00,0.000000000000000000e+00,0.000000000000000000e+00,0.000000000000000000e+00,0.000000000000000000e+00,0.000000000000000000e+00,0.000000000000000000e+00,0.000000000000000000e+00,0.000000000000000000e+00,0.000000000000000000e+00,0.000000000000000000e+00,0.000000000000000000e+00,0.000000000000000000e+00,0.000000000000000000e+00,0.000000000000000000e+00,0.000000000000000000e+00,0.000000000000000000e+00,0.000000000000000000e+00,0.000000000000000000e+00,0.000000000000000000e+00,0.000000000000000000e+00,0.000000000000000000e+00,0.000000000000000000e+00,0.000000000000000000e+00,0.000000000000000000e+00,0.000000000000000000e+00,0.000000000000000000e+00,0.000000000000000000e+00,0.000000000000000000e+00,0.000000000000000000e+00,0.000000000000000000e+00,0.000000000000000000e+00,0.000000000000000000e+00,0.000000000000000000e+00,0.000000000000000000e+00,0.000000000000000000e+00,0.000000000000000000e+00,0.000000000000000000e+00,0.000000000000000000e+00,0.000000000000000000e+00,0.000000000000000000e+00,0.000000000000000000e+00,0.000000000000000000e+00,0.000000000000000000e+00,0.000000000000000000e+00,0.000000000000000000e+00,0.000000000000000000e+00,0.000000000000000000e+00,0.000000000000000000e+00,0.000000000000000000e+00,0.000000000000000000e+00,0.000000000000000000e+00,0.000000000000000000e+00,0.000000000000000000e+00,0.000000000000000000e+00,0.000000000000000000e+00,0.000000000000000000e+00,0.000000000000000000e+00,0.000000000000000000e+00,0.000000000000000000e+00,0.000000000000000000e+00,0.000000000000000000e+00,0.000000000000000000e+00,0.000000000000000000e+00,0.000000000000000000e+00,0.000000000000000000e+00,0.000000000000000000e+00,0.000000000000000000e+00,0.000000000000000000e+00,0.000000000000000000e+00,0.000000000000000000e+00,0.000000000000000000e+00,0.000000000000000000e+00,0.000000000000000000e+00,0.000000000000000000e+00,0.000000000000000000e+00,0.000000000000000000e+00,0.000000000000000000e+00,0.000000000000000000e+00,0.000000000000000000e+00,0.000000000000000000e+00,0.000000000000000000e+00,0.000000000000000000e+00,0.000000000000000000e+00,0.000000000000000000e+00,0.000000000000000000e+00,0.000000000000000000e+00,0.000000000000000000e+00,0.000000000000000000e+00,0.000000000000000000e+00,0.000000000000000000e+00,0.000000000000000000e+00,0.000000000000000000e+00,0.000000000000000000e+00,0.000000000000000000e+00,3.275133431164556374e-04,4.085260548921179624e-04,4.512745878717364686e-04,4.767839263580966685e-04,4.772091161603155560e-04,4.572259350377077571e-04,4.271552473472277952e-04,3.795892108854176904e-04,3.261104519229969154e-04,2.675556950455294271e-04,2.065278370528879912e-04,1.469640347667778332e-04,8.940155410312974654e-05,3.609127236235499728e-05,-1.195680736658141046e-05,-5.417352452181967306e-05,-9.002813492029908054e-05,-1.196030402951960535e-04,-1.430316067950387557e-04,-1.606948791559855501e-04,-1.731240199360584511e-04,-1.808951728340178039e-04,-1.846559559771382842e-04,-1.850389294801905950e-04,-1.826547991587147387e-04,-1.780710163348090715e-04,-1.717910969009402568e-04,-1.642543491310478193e-04,-1.558310553192415032e-04,-1.468241710547708411e-04,-1.374782463840870292e-04,-1.279825504649862106e-04,-1.184841943499394208e-04,-1.090923650006762408e-04,-9.989033655916303340e-05,-9.093860825684762909e-05,-8.228425080833811473e-05,-7.396202932617550185e-05,-6.600102636187980874e-05,-5.842402900518644474e-05,-5.125181067664221071e-05,-4.450138838089957725e-05,-3.818868257334075898e-05,-3.232622352907643529e-05,-2.692498632147093376e-05,-2.199196229630771872e-05,-1.753175361187867638e-05,-1.354424439127166427e-05,-1.002626390081494984e-05,-6.969450747401148972e-06,-4.362092364454859193e-06,-2.187183408848631671e-06,-4.244386509478693417e-07,9.514998104198047381e-07,1.968923638520244559e-06,2.660757786599701418e-06,3.062348295956069227e-06,3.213112260992401797e-06,3.154291590158961622e-06,2.930577063412801362e-06,2.587848618072684736e-06,2.174778541462255841e-06,1.740562970430122103e-06,1.336496784937848661e-06,1.013691400142558679e-06,8.246084997268591203e-07,8.207559631473800989e-07,1.054167925243935549e-06,1.575072262672810904e-06,2.433308730674415859e-06,3.675966128394862187e-06,5.348737027574314476e-06,7.493529440240135092e-06,1.014976517330535155e-05,1.335197899263224768e-05,1.713107748344318705e-05,2.151194787200526244e-05,2.651470487027563606e-05,3.215234071539662406e-05,3.843199783255758697e-05,4.535270011684567801e-05,5.290669800803824173e-05,6.107732712765228940e-05,6.984047802892985775e-05,7.916263054328347853e-05,8.900250164682222570e-05,9.930930102734485013e-05,1.100246061015494587e-04,1.210808755607603138e-04,1.324035900196002746e-04,1.439100453980390838e-04,1.555117810772058660e-04,1.671136544215022697e-04,1.786165565209091755e-04,1.899167442377491354e-04,2.009088182745220018e-04,2.114852618923198139e-04,2.215396295133861696e-04,2.309662143703274085e-04,2.396633709939943540e-04,2.475332105622774967e-04,2.544849605074603230e-04,2.604345693150442523e-04,2.653079940093939462e-04,2.690405883142762684e-04,2.715802062694131695e-04,2.728862509494638078e-04,2.729324913045384294e-04,2.717056638845488040e-04,2.692079203670682424e-04,2.654549014839720352e-04,2.604777634442686390e-04,2.543206797099215304e-04,2.470424332013452899e-04,2.387133447087973843e-04,2.294164608946239528e-04,2.192439540073495331e-04,2.082979790712110961e-04,1.966866337172685825e-04,1.845245971070040157e-04,1.719287765587570343e-04,1.590188713912053147e-04,1.459128604267913342e-04,1.327276523700834010e-04,1.195745818164637179e-04,1.065603112631409904e-04,9.378250066503138313e-05,8.133111326416257302e-05,6.928440417635973504e-05,5.771075297712184463e-05,4.666508114976834353e-05,3.619129063768359038e-05,2.631917099144938640e-05,1.706746862381424755e-05,8.441286886265311092e-06,4.357511045418533842e-07,-6.966154985507599717e-06,-1.378942120448232333e-05,-2.006884912921316923e-05,-2.584452230272420837e-05,-3.116347141113395787e-05,-3.607495587551867163e-05,-4.063212999697553220e-05,-4.488731905134367287e-05,-4.889385808533672765e-05,-5.270153133364547320e-05,-5.635872834699837971e-05,-5.990817863064634279e-05,-6.338952169186711373e-05,-6.683541562483369597e-05,-7.027455665395773579e-05,-7.372818141859970281e-05,-7.721350800488955917e-05,-8.074059652392185488e-05,-8.431612153871150580e-05,-8.794050213496296521e-05,-9.161184376689084389e-05,-9.532318679913132054e-05,-9.906637812150012427e-05,-1.028292733485711553e-04,-1.065993603661408048e-04,-1.103610533571108127e-04,-1.140994324639410887e-04,-1.177986355492345773e-04,-1.214468551080151199e-04,-1.250369782387452441e-04,-1.285720953093830545e-04,-1.320645173336047079e-04,-1.355319670089511451e-04,-1.389802581137107714e-04,-1.423737652595017094e-04,-1.455978046282763562e-04,-1.484302355396094504e-04,-1.505665321664257891e-04,-1.517346335830993911e-04,-1.519476420195071790e-04,-1.518219786050389723e-04,-1.528079258878619880e-04,-1.569159796302743454e-04,-1.655667004023811872e-04,-1.773081059260287894e-04,-1.852554615186556228e-04,-1.767155460807534563e-04,-1.407024462962808923e-04,-9.066711146655764115e-05
0.000000000000000000e+00,0.000000000000000000e+00,0.000000000000000000e+00,0.000000000000000000e+00,0.000000000000000000e+00,0.000000000000000000e+00,0.000000000000000000e+00,0.000000000000000000e+00,0.000000000000000000e+00,0.000000000000000000e+00,0.000000000000000000e+00,0.000000000000000000e+00,0.000000000000000000e+00,0.000000000000000000e+00,0.000000000000000000e+00,0.000000000000000000e+00,0.000000000000000000e+00,0.000000000000000000e+00,0.000000000000000000e+00,0.000000000000000000e+00,0.000000000000000000e+00,0.000000000000000000e+00,0.000000000000000000e+00,0.000000000000000000e+00,0.000000000000000000e+00,0.000000000000000000e+00,0.000000000000000000e+00,0.000000000000000000e+00,0.000000000000000000e+00,0.000000000000000000e+00,0.000000000000000000e+00,0.000000000000000000e+00,0.000000000000000000e+00,0.000000000000000000e+00,0.000000000000000000e+00,0.000000000000000000e+00,0.000000000000000000e+00,0.000000000000000000e+00,0.000000000000000000e+00,0.000000000000000000e+00,0.000000000000000000e+00,0.000000000000000000e+00,0.000000000000000000e+00,0.000000000000000000e+00,0.000000000000000000e+00,0.000000000000000000e+00,0.000000000000000000e+00,0.000000000000000000e+00,0.000000000000000000e+00,0.000000000000000000e+00,0.000000000000000000e+00,0.000000000000000000e+00,0.000000000000000000e+00,0.000000000000000000e+00,0.000000000000000000e+00,0.000000000000000000e+00,0.000000000000000000e+00,0.000000000000000000e+00,0.000000000000000000e+00,0.000000000000000000e+00,0.000000000000000000e+00,0.000000000000000000e+00,0.000000000000000000e+00,0.000000000000000000e+00,0.000000000000000000e+00,0.000000000000000000e+00,0.000000000000000000e+00,0.000000000000000000e+00,0.000000000000000000e+00,0.000000000000000000e+00,0.000000000000000000e+00,0.000000000000000000e+00,0.000000000000000000e+00,0.000000000000000000e+00,0.000000000000000000e+00,0.000000000000000000e+00,0.000000000000000000e+00,0.000000000000000000e+00,0.000000000000000000e+00,0.000000000000000000e+00,0.000000000000000000e+00,0.000000000000000000e+00,0.000000000000000000e+00,0.000000000000000000e+00,0.000000000000000000e+00,0.000000000000000000e+00,0.000000000000000000e+00,0.000000000000000000e+00,0.000000000000000000e+00,0.000000000000000000e+00,0.000000000000000000e+00,0.000000000000000000e+00,0.000000000000000000e+00,0.000000000000000000e+00,0.000000000000000000e+00,0.000000000000000000e+00,0.000000000000000000e+00,0.000000000000000000e+00,0.000000000000000000e+00,0.000000000000000000e+00,0.000000000000000000e+00,0.000000000000000000e+00,0.000000000000000000e+00,0.000000000000000000e+00,0.000000000000000000e+00,0.000000000000000000e+00,0.000000000000000000e+00,0.000000000000000000e+00,0.000000000000000000e+00,0.000000000000000000e+00,0.000000000000000000e+00,0.000000000000000000e+00,0.000000000000000000e+00,0.000000000000000000e+00,0.000000000000000000e+00,0.000000000000000000e+00,0.000000000000000000e+00,0.000000000000000000e+00,0.000000000000000000e+00,0.000000000000000000e+00,0.000000000000000000e+00,0.000000000000000000e+00,0.000000000000000000e+00,0.000000000000000000e+00,0.000000000000000000e+00,0.000000000000000000e+00,0.000000000000000000e+00,0.000000000000000000e+00,0.000000000000000000e+00,0.000000000000000000e+00,0.000000000000000000e+00,0.000000000000000000e+00,0.000000000000000000e+00,0.000000000000000000e+00,0.000000000000000000e+00,0.000000000000000000e+00,0.000000000000000000e+00,0.000000000000000000e+00,0.000000000000000000e+00,0.000000000000000000e+00,0.000000000000000000e+00,0.000000000000000000e+00,0.000000000000000000e+00,0.000000000000000000e+00,0.000000000000000000e+00,0.000000000000000000e+00,0.000000000000000000e+00,0.000000000000000000e+00,0.000000000000000000e+00,0.000000000000000000e+00,0.000000000000000000e+00,0.000000000000000000e+00,0.000000000000000000e+00,0.000000000000000000e+00,0.000000000000000000e+00,0.000000000000000000e+00,0.000000000000000000e+00,0.000000000000000000e+00,0.000000000000000000e+00,0.000000000000000000e+00,0.000000000000000000e+00,0.000000000000000000e+00,0.000000000000000000e+00,0.000000000000000000e+00,0.000000000000000000e+00,0.000000000000000000e+00,0.000000000000000000e+00,0.000000000000000000e+00,0.000000000000000000e+00,0.000000000000000000e+00,0.000000000000000000e+00,0.000000000000000000e+00,0.000000000000000000e+00,0.000000000000000000e+00,0.000000000000000000e+00,0.000000000000000000e+00,0.000000000000000000e+00,0.000000000000000000e+00,0.000000000000000000e+00,0.000000000000000000e+00,0.000000000000000000e+00,0.000000000000000000e+00,0.000000000000000000e+00,0.000000000000000000e+00,0.000000000000000000e+00,0.000000000000000000e+00,0.000000000000000000e+00,0.000000000000000000e+00,0.000000000000000000e+00,3.382485943967753752e-04,4.137304419862868825e-04,4.479793153049342765e-04,4.815070878624479992e-04,4.675572329135376415e-04,4.423361308092699251e-04,4.034891150379985893e-04,3.525463339160134603e-04,2.977443481299281653e-04,2.379032863475603573e-04,1.777677870874477155e-04,1.191341575658218824e-04,6.350947462994034891e-05,1.269217358604816728e-05,-3.281483528669831677e-05,-7.224701478775163164e-05,-1.053923740947427016e-04,-1.323381134039075134e-04,-1.532809871443380288e-04,-1.686864039136816396e-04,-1.790723628055598826e-04,-1.850417357441137107e-04,-1.872310599156455483e-04,-1.862592291077589215e-04,-1.827230054472481267e-04,-1.771659492300040224e-04,-1.700707206064357450e-04,-1.618562227358763636e-04,-1.528722806567275091e-04,-1.434068688882612561e-04,-1.336891599162172450e-04,-1.238983726461575011e-04,-1.141714128325397616e-04,-1.046113130852197287e-04,-9.529458480457293074e-05,-8.627816706661858544e-05,-7.760433172992774523e-05,-6.930560502470027660e-05,-6.140709995624242393e-05,-5.392966953534803973e-05,-4.689017262914866034e-05,-4.030346616533466992e-05,-3.418125702693360118e-05,-2.853354959594475945e-05,-2.336674875660297700e-05,-1.868501198806753617e-05,-1.448811301036935698e-05,-1.077293622582961734e-05,-7.531386025461546589e-06,-4.752101909823831695e-06,-2.418518787934807875e-06,-5.107889659637170702e-07,9.960046611722328656e-07,2.129774558884586744e-06,2.923102307126032170e-06,3.411073905343976627e-06,3.632884397848879928e-06,3.629630954615004574e-06,3.445878756880511425e-06,3.127440257660838308e-06,2.722914955155504604e-06,2.281464945049847770e-06,1.854326746895920523e-06,1.492581071037660523e-06,1.248626740015259733e-06,1.173937341726225222e-06,1.320485515723854846e-06,1.738479581995323961e-06,2.477729547422188899e-06,3.585361012756174301e-06,5.107120491384844009e-06,7.085070408933662771e-06,9.558839514403516167e-06,1.256331069184870286e-05,1.612983166904854740e-05,2.028391609638842711e-05,2.504643980654537678e-05,3.043138450009101096e-05,3.644705462572830987e-05,4.309390105105055402e-05,5.036580202378634224e-05,5.824801010017194189e-05,6.671854623358660871e-05,7.574631562035931865e-05,8.529266539885515174e-05,9.530971275641850714e-05,1.057421129662153259e-04,1.165256352623281606e-04,1.275891784222785261e-04,1.388536163034514493e-04,1.502340829344787139e-04,1.616390906290306629e-04,1.729730863291893336e-04,1.841358220093352856e-04,1.950251603058045843e-04,2.055366513432429912e-04,2.155665406334721969e-04,2.250114809588974688e-04,2.337716717737719943e-04,2.417506121934709601e-04,2.488582815741372379e-04,2.550108228956664974e-04,2.601336615902981818e-04,2.641610002770355633e-04,2.670387695469835778e-04,2.687238170169672187e-04,2.691865910511500063e-04,2.684099203665174255e-04,2.663913498460381436e-04,2.631414310946945489e-04,2.586856575861496842e-04,2.530622200195343000e-04,2.463235238082720998e-04,2.385334030548250312e-04,2.297682436144122934e-04,2.201136923373951486e-04,2.096654497274252416e-04,1.985255526626493287e-04,1.868029378843694696e-04,1.746094124948724825e-04,1.620601191789398867e-04,1.492693355434983381e-04,1.363509906802308914e-04,1.234144487095628813e-04,1.105652315046969867e-04,9.790094151398550325e-05,8.551233577787286321e-05,7.347952737186463554e-05,6.187353122169596742e-05,5.075285296238276332e-05,4.016558898016649013e-05,3.014646839628740615e-05,2.071954137128413873e-05,1.189568823692794024e-05,3.675876124864003709e-06,-3.950905536818293449e-06,-1.100389355180195704e-05,-1.751228127575607852e-05,-2.351109217571088360e-05,-2.904270933430920003e-05,-3.415252665643144522e-05,-3.889043584354817776e-05,-4.330642174906433058e-05,-4.745216957609979069e-05,-5.137676303371331186e-05,-5.512855718890816956e-05,-5.875110878172666216e-05,-6.228542323756336787e-05,-6.576619967491143209e-05,-6.922451014093885060e-05,-7.268438512755694516e-05,-7.616592875654687586e-05,-7.968221397464791001e-05,-8.324278932267991705e-05,-8.685080294436938343e-05,-9.050681670462332662e-05,-9.420602756148411334e-05,-9.794226085225896062e-05,-1.017050938045658295e-04,-1.054838638926235676e-04,-1.092644870711910812e-04,-1.130334515473346119e-04,-1.167744284555149537e-04,-1.204728462960189217e-04,-1.241131724581334629e-04,-1.276853985356809595e-04,-1.311836479058165839e-04,-1.346137629669029608e-04,-1.379883774361959255e-04,-1.413259680723833844e-04,-1.446273668252446686e-04,-1.478525656665893547e-04,-1.508772432512264523e-04,-1.534801909628131090e-04,-1.553641399620630018e-04,-1.562945143326249298e-04,-1.563314393412180059e-04,-1.561544863071204778e-04,-1.572196555869325872e-04,-1.614707521026063604e-04,-1.701082284506437697e-04,-1.814158486005378588e-04,-1.882942738494953637e-04,-1.782495088025438869e-04,-1.409400515287226839e-04,-9.056874644272924584e-05
0.000000000000000000e+00,0.000000000000000000e+00,0.000000000000000000e+00,0.000000000000000000e+00,0.000000000000000000e+00,0.000000000000000000e+00,0.000000000000000000e+00,0.000000000000000000e+00,0.000000000000000000e+00,0.000000000000000000e+00,0.000000000000000000e+00,0.000000000000000000e+00,0.000000000000000000e+00,0.000000000000000000e+00,0.000000000000000000e+00,0.000000000000000000e+00,0.000000000000000000e+00,0.000000000000000000e+00,0.000000000000000000e+00,0.000000000000000000e+00,0.000000000000000000e+00,0.000000000000000000e+00,0.000000000000000000e+00,0.000000000000000000e+00,0.000000000000000000e+00,0.000000000000000000e+00,0.000000000000000000e+00,0.000000000000000000e+00,0.000000000000000000e+00,0.000000000000000000e+00,0.000000000000000000e+00,0.000000000000000000e+00,0.000000000000000000e+00,0.000000000000000000e+00,0.000000000000000000e+00,0.000000000000000000e+00,0.000000000000000000e+00,0.000000000000000000e+00,0.000000000000000000e+00,0.000000000000000000e+00,0.000000000000000000e+00,0.000000000000000000e+00,0.000000000000000000e+00,0.000000000000000000e+00,0.000000000000000000e+00,0.000000000000000000e+00,0.000000000000000000e+00,0.000000000000000000e+00,0.000000000000000000e+00,0.000000000000000000e+00,0.000000000000000000e+00,0.000000000000000000e+00,0.000000000000000000e+00,0.000000000000000000e+00,0.000000000000000000e+00,0.000000000000000000e+00,0.000000000000000000e+00,0.000000000000000000e+00,0.000000000000000000e+00,0.000000000000000000e+00,0.000000000000000000e+00,0.000000000000000000e+00,0.000000000000000000e+00,0.000000000000000000e+00,0.000000000000000000e+00,0.000000000000000000e+00,0.000000000000000000e+00,0.000000000000000000e+00,0.000000000000000000e+00,0.000000000000000000e+00,0.000000000000000000e+00,0.000000000000000000e+00,0.000000000000000000e+00,0.000000000000000000e+00,0.000000000000000000e+00,0.000000000000000000e+00,0.000000000000000000e+00,0.000000000000000000e+00,0.000000000000000000e+00,0.000000000000000000e+00,0.000000000000000000e+00,0.000000000000000000e+00,0.000000000000000000e+00,0.000000000000000000e+00,0.000000000000000000e+00,0.000000000000000000e+00,0.000000000000000000e+00,0.000000000000000000e+00,0.000000000000000000e+00,0.000000000000000000e+00,0.000000000000000000e+00,0.000000000000000000e+00,0.000000000000000000e+00,0.000000000000000000e+00,0.000000000000000000e+00,0.000000000000000000e+00,0.000000000000000000e+00,0.000000000000000000e+00,0.000000000000000000e+00,0.000000000000000000e+00,0.000000000000000000e+00,0.000000000000000000e+00,0.000000000000000000e+00,0.000000000000000000e+00,0.000000000000000000e+00,0.000000000000000000e+00,0.000000000000000000e+00,0.000000000000000000e+00,0.000000000000000000e+00,0.000000000000000000e+00,0.000000000000000000e+00,0.000000000000000000e+00,0.000000000000000000e+00,0.000000000000000000e+00,0.000000000000000000e+00,0.000000000000000000e+00,0.000000000000000000e+00,0.000000000000000000e+00,0.000000000000000000e+00,0.000000000000000000e+00,0.000000000000000000e+00,0.000000000000000000e+00,0.000000000000000000e+00,0.000000000000000000e+00,0.000000000000000000e+00,0.000000000000000000e+00,0.000000000000000000e+00,0.000000000000000000e+00,0.000000000000000000e+00,0.000000000000000000e+00,0.000000000000000000e+00,0.000000000000000000e+00,0.000000000000000000e+00,0.000000000000000000e+00,0.000000000000000000e+00,0.000000000000000000e+00,0.000000000000000000e+00,0.000000000000000000e+00,0.000000000000000000e+00,0.000000000000000000e+00,0.000000000000000000e+00,0.000000000000000000e+00,0.000000000000000000e+00,0.000000000000000000e+00,0.000000000000000000e+00,0.000000000000000000e+00,0.000000000000000000e+00,0.000000000000000000e+00,0.000000000000000000e+00,0.000000000000000000e+00,0.000000000000000000e+00,0.000000000000000000e+00,0.000000000000000000e+00,0.000000000000000000e+00,0.000000000000000000e+00,0.000000000000000000e+00,0.000000000000000000e+00,0.000000000000000000e+00,0.000000000000000000e+00,0.000000000000000000e+00,0.000000000000000000e+00,0.000000000000000000e+00,0.000000000000000000e+00,0.000000000000000000e+00,0.000000000000000000e+00,0.000000000000000000e+00,0.000000000000000000e+00,0.000000000000000000e+00,0.000000000000000000e+00,0.000000000000000000e+00,0.000000000000000000e+00,0.000000000000000000e+00,0.000000000000000000e+00,0.000000000000000000e+00,0.000000000000000000e+00,0.000000000000000000e+00,0.000000000000000000e+00,0.000000000000000000e+00,0.000000000000000000e+00,0.000000000000000000e+00,0.000000000000000000e+00,0.000000000000000000e+00,0.000000000000000000e+00,0.000000000000000000e+00,0.000000000000000000e+00,0.000000000000000000e+00,0.000000000000000000e+00,3.304503895714407894e-04,4.083317436159291996e-04,4.472776468185542774e-04,4.721982427525237653e-04,4.721875334770115869e-04,4.527499724893069765e-04,4.237818629484772976e-04,3.775828957903054899e-04,3.254489508411539055e-04,2.681325732727868534e-04,2.080684790279518004e-04,1.491742351315384718e-04,9.192512976822879434e-05,3.859586052214714975e-05,-9.780902689565627997e-06,-5.257182640690476991e-05,-8.918149404425080716e-05,-1.196154223099890341e-04,-1.439348352670817045e-04,-1.624543214335743646e-04,-1.756491792440701598e-04,-1.840536799614718064e-04,-1.882873595560474874e-04,-1.889689665672372428e-04,-1.867077763544758642e-04,-1.820807439126759719e-04,-1.756084516984115877e-04,-1.677542895523259029e-04,-1.589145037545025389e-04,-1.494214406155497474e-04,-1.395459883899169559e-04,-1.295042578018142240e-04,-1.194638070091899877e-04,-1.095532109213320489e-04,-9.986770530353322631e-05,-9.047883308633582070e-05,-8.143810221602015517e-05,-7.278467687909457640e-05,-6.454682455393664616e-05,-5.674730336078072715e-05,-4.940298395517142235e-05,-4.252842044083540290e-05,-3.613426614799950979e-05,-3.022966320932610543e-05,-2.482006320791156395e-05,-1.990901460665899008e-05,-1.549585043752098947e-05,-1.157730477755373250e-05,-8.145322519285032325e-06,-5.188746248240503173e-06,-2.691333535997033335e-06,-6.335993419971420094e-07,1.008970579057220779e-06,2.263929113140950182e-06,3.163508817965149130e-06,3.742528128580457836e-06,4.039941398209608142e-06,4.096689578764055254e-06,3.957199897423637535e-06,3.667215062637087380e-06,3.275263586192933405e-06,2.830484264647884841e-06,2.384070887476416356e-06,1.987094916075200200e-06,1.691917346882185324e-06,1.550004898484311379e-06,1.613297836011973299e-06,1.932013461371765204e-06,2.555960507855259502e-06,3.532326812205194898e-06,4.906936572771048669e-06,6.722025061857958333e-06,9.017442997865926293e-06,1.182842875913449861e-05,1.518677330147865624e-05,1.911860871656742913e-05,2.364555679960066994e-05,2.878256125420361803e-05,3.453905239418197920e-05,4.091685794231435220e-05,4.791142440047301248e-05,5.550984708500289054e-05,6.369219417416556960e-05,7.242969910404541340e-05,8.168623495821230012e-05,9.141671048032116184e-05,1.015687392911935986e-04,1.120812737658574633e-04,1.228865049792885573e-04,1.339087562625336817e-04,1.450666357893332190e-04,1.562721941092392317e-04,1.674333325553244590e-04,1.784532074635770190e-04,1.892328754306096838e-04,1.996709029469727976e-04,2.096662059193435965e-04,2.191177993053029175e-04,2.279277656745359556e-04,2.360010577625166724e-04,2.432485118680225767e-04,2.495865997704994790e-04,2.549403900867437721e-04,2.592431372276762010e-04,2.624390896709971892e-04,2.644828044662759494e-04,2.653417071726956117e-04,2.649950318116779864e-04,2.634360533353998206e-04,2.606705746871523679e-04,2.567187782661709819e-04,2.516132124409533157e-04,2.454002415572225228e-04,2.381375213096028536e-04,2.298950644029257079e-04,2.207522342453865460e-04,2.107984817895088383e-04,2.001299262122517868e-04,1.888498538742294005e-04,1.770649890915207067e-04,1.648858748688182096e-04,1.524229629736246810e-04,1.397870149436738704e-04,1.270851555422236395e-04,1.144214391467509402e-04,1.018930122974774438e-04,8.959098360605106080e-05,7.759682866921719638e-05,6.598368094380646328e-05,5.481308622319799320e-05,4.413679872727686962e-05,3.399395451175547459e-05,2.441341393335469626e-05,1.541137712223443688e-05,6.994265029609051611e-06,-8.432498659767073093e-07,-8.114881364131355077e-06,-1.484435843042134542e-05,-2.106168374559337801e-05,-2.680453699260419804e-05,-3.211428948801731603e-05,-3.703732303347828761e-05,-4.162095354225736540e-05,-4.591481518867606445e-05,-4.996684465377081776e-05,-5.382486918164642778e-05,-5.753278255823888999e-05,-6.113244582171237533e-05,-6.466014904485112150e-05,-6.814888887547189671e-05,-7.162516242873510051e-05,-7.511163357829690258e-05,-7.862425541607117154e-05,-8.217528640157574613e-05,-8.577069557821510328e-05,-8.941344787670878929e-05,-9.310111615629626687e-05,-9.682931942150094522e-05,-1.005894384618863548e-04,-1.043720453769734423e-04,-1.081645861826366269e-04,-1.119546010186465187e-04,-1.157272774737297958e-04,-1.194683976211378539e-04,-1.231620493081933088e-04,-1.267938271823301094e-04,-1.303497936645488578e-04,-1.338209701498217405e-04,-1.372042388499465854e-04,-1.405065309986916445e-04,-1.437427300747686593e-04,-1.469291134593661856e-04,-1.500644683920298792e-04,-1.531002213365254504e-04,-1.559080554980263799e-04,-1.582626373535194050e-04,-1.598839522620830033e-04,-1.605667546037521860e-04,-1.604310394391216150e-04,-1.602016328420892042e-04,-1.613551487158408463e-04,-1.657403264024777953e-04,-1.743694535930173780e-04,-1.852345846671702779e-04,-1.910856923039593220e-04,-1.795770069402477932e-04,-1.410658468536549691e-04,-9.036620893246839433e-05
0.000000000000000000e+00,0.000000000000000000e+00,0.000000000000000000e+00,0.000000000000000000e+00,0.000000000000000000e+00,0.000000000000000000e+00,0.000000000000000000e+00,0.000000000000000000e+00,0.000000000000000000e+00,0.000000000000000000e+00,0.000000000000000000e+00,0.000000000000000000e+00,0.000000000000000000e+00,0.000000000000000000e+00,0.000000000000000000e+00,0.000000000000000000e+00,0.000000000000000000e+00,0.000000000000000000e+00,0.000000000000000000e+00,0.000000000000000000e+00,0.000000000000000000e+00,0.000000000000000000e+00,0.000000000000000000e+00,0.000000000000000000e+00,0.000000000000000000e+00,0.000000000000000000e+00,0.000000000000000000e+00,0.000000000000000000e+00,0.000000000000000000e+00,0.000000000000000000e+00,0.000000000000000000e+00,0.000000000000000000e+00,0.000000000000000000e+00,0.000000000000000000e+00,0.000000000000000000e+00,0.000000000000000000e+00,0.000000000000000000e+00,0.000000000000000000e+00,0.000000000000000000e+00,0.000000000000000000e+00,0.000000000000000000e+00,0.000000000000000000e+00,0.000000000000000000e+00,0.000000000000000000e+00,0.000000000000000000e+00,0.000000000000000000e+00,0.000000000000000000e+00,0.000000000000000000e+00,0.000000000000000000e+00,0.000000000000000000e+00,0.000000000000000000e+00,0.000000000000000000e+00,0.000000000000000000e+00,0.000000000000000000e+00,0.000000000000000000e+00,0.000000000000000000e+00,0.000000000000000000e+00,0.000000000000000000e+00,0.000000000000000000e+00,0.000000000000000000e+00,0.000000000000000000e+00,0.000000000000000000e+00,0.000000000000000000e+00,0.000000000000000000e+00,0.000000000000000000e+00,0.000000000000000000e+00,0.000000000000000000e+00,0.000000000000000000e+00,0.000000000000000000e+00,0.000000000000000000e+00,0.000000000000000000e+00,0.000000000000000000e+00,0.000000000000000000e+00,0.000000000000000000e+00,0.000000000000000000e+00,0.000000000000000000e+00,0.000000000000000000e+00,0.000000000000000000e+00,0.000000000000000000e+00,0.000000000000000000e+00,0.000000000000000000e+00,0.000000000000000000e+00,0.000000000000000000e+00,0.000000000000000000e+00,0.000000000000000000e+00,0.000000000000000000e+00,0.000000000000000000e+00,0.000000000000000000e+00,0.000000000000000000e+00,0.000000000000000000e+00,0.000000000000000000e+00,0.000000000000000000e+00,0.000000000000000000e+00,0.000000000000000000e+00,0.000000000000000000e+00,0.000000000000000000e+00,0.000000000000000000e+00,0.000000000000000000e+00,0.000000000000000000e+00,0.000000000000000000e+00,0.000000000000000000e+00,0.000000000000000000e+00,0.000000000000000000e+00,0.000000000000000000e+00,0.000000000000000000e+00,0.000000000000000000e+00,0.000000000000000000e+00,0.000000000000000000e+00,0.000000000000000000e+00,0.000000000000000000e+00,0.000000000000000000e+00,0.000000000000000000e+00,0.000000000000000000e+00,0.000000000000000000e+00,0.000000000000000000e+00,0.000000000000000000e+00,0.000000000000000000e+00,0.000000000000000000e+00,0.000000000000000000e+00,0.000000000000000000e+00,0.000000000000000000e+00,0.000000000000000000e+00,0.000000000000000000e+00,0.000000000000000000e+00,0.000000000000000000e+00,0.000000000000000000e+00,0.000000000000000000e+00,0.000000000000000000e+00,0.000000000000000000e+00,0.000000000000000000e+00,0.000000000000000000e+00,0.000000000000000000e+00,0.000000000000000000e+00,0.000000000000000000e+00,0.000000000000000000e+00,0.000000000000000000e+00,0.000000000000000000e+00,0.000000000000000000e+00,0.000000000000000000e+00,0.000000000000000000e+00,0.000000000000000000e+00,0.000000000000000000e+00,0.000000000000000000e+00,0.000000000000000000e+00,0.000000000000000000e+00,0.000000000000000000e+00,0.000000000000000000e+00,0.000000000000000000e+00,0.000000000000000000e+00,0.000000000000000000e+00,0.000000000000000000e+00,0.000000000000000000e+00,0.000000000000000000e+00,0.000000000000000000e+00,0.000000000000000000e+00,0.000000000000000000e+00,0.000000000000000000e+00,0.000000000000000000e+00,0.000000000000000000e+00,0.000000000000000000e+00,0.000000000000000000e+00,0.000000000000000000e+00,0.000000000000000000e+00,0.000000000000000000e+00,0.000000000000000000e+00,0.000000000000000000e+00,0.000000000000000000e+00,0.000000000000000000e+00,0.000000000000000000e+00,0.000000000000000000e+00,0.000000000000000000e+00,0.000000000000000000e+00,0.000000000000000000e+00,0.000000000000000000e+00,0.000000000000000000e+00,0.000000000000000000e+00,0.000000000000000000e+00,0.000000000000000000e+00,0.000000000000000000e+00,0.000000000000000000e+00,0.000000000000000000e+00,0.000000000000000000e+00,0.000000000000000000e+00,0.000000000000000000e+00,0.000000000000000000e+00,0.000000000000000000e+00,3.380701485148425076e-04,4.120141903072827797e-04,4.427823528940311800e-04,4.763400974226622868e-04,4.620502745419648822e-04,4.378417824234135053e-04,3.999593211009918486e-04,3.503310539874947087e-04,2.967958141572882248e-04,2.381132750521241452e-04,1.788668339448495556e-04,1.208418219003434151e-04,6.548898460159983026e-05,1.464602125121067080e-05,-3.116760368643015848e-05,-7.112250515829557970e-05,-1.049492287442108703e-04,-1.326608349726896160e-04,-1.543904302961293662e-04,-1.705409585656286232e-04,-1.815824666759842713e-04,-1.880794512619063277e-04,-1.906458189583015391e-04,-1.898884586128279255e-04,-1.864059612285333216e-04,-1.807510575387562214e-04,-1.734251860208412552e-04,-1.648690097671545837e-04,-1.554588618787971469e-04,-1.455084396606091653e-04,-1.352732112580741486e-04,-1.249551988010705209e-04,-1.147119285023067992e-04,-1.046622014538415457e-04,-9.489519075160914789e-05,-8.547575518319049483e-05,-7.645163434260569574e-05,-6.785700987214076795e-05,-5.971745820607082784e-05,-5.205141285805180970e-05,-4.487332347523852703e-05,-3.819343809507596860e-05,-3.201981621442485753e-05,-2.635704444618264052e-05,-2.120769216903415079e-05,-1.657049898729770818e-05,-1.244171165355757432e-05,-8.813127780603052656e-06,-5.673562655502606414e-06,-3.006962101166349461e-06,-7.940816791185932715e-07,9.892561823858773729e-07,2.370288016123577165e-06,3.380913769319672747e-06,4.055684812608707042e-06,4.433307896948003750e-06,4.554555344887322268e-06,4.463707511246273945e-06,4.206430455372273644e-06,3.831182437798647439e-06,3.387084820391317079e-06,2.925301852565234103e-06,2.496913705023779844e-06,2.154266368497178522e-06,1.948845127676754962e-06,1.932585291663541087e-06,2.155740600310174848e-06,2.668145515573074496e-06,3.517074769088413744e-06,4.748452537521594026e-06,6.404704712848281478e-06,8.525917727240002136e-06,1.114769250107891448e-05,1.430226457404932768e-05,1.801637689984553301e-05,2.231238231275141926e-05,2.720616053185985253e-05,3.270823302121062312e-05,3.882175692214306651e-05,4.554369010468823243e-05,5.286290025792819182e-05,6.076142328635375891e-05,6.921272833178771704e-05,7.818311449010532357e-05,8.763017105926371793e-05,9.750435487866392417e-05,1.077476788216432616e-04,1.182955043268990678e-04,1.290754797854235284e-04,1.400095699970374107e-04,1.510132499253598391e-04,1.619977754565914510e-04,1.728696179138709506e-04,1.835329598221587953e-04,1.938893331054648015e-04,2.038403013405841316e-04,2.132872417500932709e-04,2.221341538997374885e-04,2.302875048570426724e-04,2.376590859393013389e-04,2.441658242859794971e-04,2.497325965865905811e-04,2.542919011892949229e-04,2.577865328698811698e-04,2.601690093462083594e-04,2.614040155533292067e-04,2.614674880801171031e-04,2.603487515804691200e-04,2.580491841324564022e-04,2.545839916852055368e-04,2.499804054361650708e-04,2.442790707729137036e-04,2.375317621391652542e-04,2.298023980303453976e-04,2.211642963243194238e-04,2.117008631268440003e-04,2.015024485768877080e-04,1.906667910894220043e-04,1.792955665504183927e-04,1.674946973114672683e-04,1.553707131319096422e-04,1.430310531718043956e-04,1.305803723034455190e-04,1.181209721184054817e-04,1.057491894566424791e-04,9.355608780036258525e-05,8.162405521203539981e-05,7.002787023427802947e-05,5.883161420064189086e-05,4.809019686798056485e-05,3.784665480870664324e-05,2.813418370130446513e-05,1.897385307058182180e-05,1.037714787732943489e-05,2.344084262544520648e-06,-5.133782689228102660e-06,-1.207490239635815349e-05,-1.850434005765254651e-05,-2.445507821826954731e-05,-2.996436546070732360e-05,-3.507490255868355599e-05,-3.983106660245081410e-05,-4.428012055981949541e-05,-4.846845388503532095e-05,-5.244294932992482817e-05,-5.624736652762452055e-05,-5.992397789676231389e-05,-6.351019110693102753e-05,-6.704052984202443018e-05,-7.054354858448499987e-05,-7.404418933714784594e-05,-7.756099422852177287e-05,-8.110882372412596072e-05,-8.469632723220205941e-05,-8.832897060206607097e-05,-9.200668969957198986e-05,-9.572715092649272564e-05,-9.948348812868192061e-05,-1.032677042790573269e-04,-1.070683643508712498e-04,-1.108740238193288294e-04,-1.146707111844729371e-04,-1.184452665802939537e-04,-1.221824860506958972e-04,-1.258684542822960069e-04,-1.294875957691767109e-04,-1.330267321336118570e-04,-1.364729683592725738e-04,-1.398196296177218751e-04,-1.430651287853239848e-04,-1.462190922079012576e-04,-1.492963725361387529e-04,-1.523133058910547855e-04,-1.552631338436626280e-04,-1.580927920915763877e-04,-1.606656004991253810e-04,-1.627597785406099419e-04,-1.641064787058303643e-04,-1.645407269882214873e-04,-1.642291927377058976e-04,-1.639532289096593150e-04,-1.651846718074762358e-04,-1.696964991342773629e-04,-1.782865948101350318e-04,-1.887098168544967347e-04,-1.935480520280357536e-04,-1.806872860054318077e-04,-1.411008311454377804e-04,-9.023197843191141636e-05
0.000000000000000000e+00,0.000000000000000000e+00,0.000000000000000000e+00,0.000000000000000000e+00,0.000000000000000000e+00,0.000000000000000000e+00,0.000000000000000000e+00,0.000000000000000000e+00,0.000000000000000000e+00,0.000000000000000000e+00,0.000000000000000000e+00,0.000000000000000000e+00,0.000000000000000000e+00,0.000000000000000000e+00,0.000000000000000000e+00,0.000000000000000000e+00,0.000000000000000000e+00,0.000000000000000000e+00,0.000000000000000000e+00,0.000000000000000000e+00,0.000000000000000000e+00,0.000000000000000000e+00,0.000000000000000000e+00,0.000000000000000000e+00,0.000000000000000000e+00,0.000000000000000000e+00,0.000000000000000000e+00,0.000000000000000000e+00,0.000000000000000000e+00,0.000000000000000000e+00,0.000000000000000000e+00,0.000000000000000000e+00,0.000000000000000000e+00,0.000000000000000000e+00,0.000000000000000000e+00,0.000000000000000000e+00,0.000000000000000000e+00,0.000000000000000000e+00,0.000000000000000000e+00,0.000000000000000000e+00,0.000000000000000000e+00,0.000000000000000000e+00,0.000000000000000000e+00,0.000000000000000000e+00,0.000000000000000000e+00,0.000000000000000000e+00,0.000000000000000000e+00,0.000000000000000000e+00,0.000000000000000000e+00,0.000000000000000000e+00,0.000000000000000000e+00,0.000000000000000000e+00,0.000000000000000000e+00,0.000000000000000000e+00,0.000000000000000000e+00,0.000000000000000000e+00,0.000000000000000000e+00,0.000000000000000000e+00,0.000000000000000000e+00,0.000000000000000000e+00,0.000000000000000000e+00,0.000000000000000000e+00,0.000000000000000000e+00,0.000000000000000000e+00,0.000000000000000000e+00,0.000000000000000000e+00,0.000000000000000000e+00,0.000000000000000000e+00,0.000000000000000000e+00,0.000000000000000000e+00,0.000000000000000000e+00,0.000000000000000000e+00,0.000000000000000000e+00,0.000000000000000000e+00,0.000000000000000000e+00,0.000000000000000000e+00,0.000000000000000000e+00,0.000000000000000000e+00,0.000000000000000000e+00,0.000000000000000000e+00,0.000000000000000000e+00,0.000000000000000000e+00,0.000000000000000000e+00,0.000000000000000000e+00,0.000000000000000000e+00,0.000000000000000000e+00,0.000000000000000000e+00,0.000000000000000000e+00,0.000000000000000000e+00,0.000000000000000000e+00,0.000000000000000000e+00,0.000000000000000000e+00,0.000000000000000000e+00,0.000000000000000000e+00,0.000000000000000000e+00,0.000000000000000000e+00,0.000000000000000000e+00,0.000000000000000000e+00,0.000000000000000000e+00,0.000000000000000000e+00,0.000000000000000000e+00,0.000000000000000000e+00,0.000000000000000000e+00,0.000000000000000000e+00,0.000000000000000000e+00,0.000000000000000000e+00,0.000000000000000000e+00,0.000000000000000000e+00,0.000000000000000000e+00,0.000000000000000000e+00,0.000000000000000000e+00,0.000000000000000000e+00,0.000000000000000000e+00,0.000000000000000000e+00,0.000000000000000000e+00,0.000000000000000000e+00,0.000000000000000000e+00,0.000000000000000000e+00,0.000000000000000000e+00,0.000000000000000000e+00,0.000000000000000000e+00,0.000000000000000000e+00,0.000000000000000000e+00,0.000000000000000000e+00,0.000000000000000000e+00,0.000000000000000000e+00,0.000000000000000000e+00,0.000000000000000000e+00,0.000000000000000000e+00,0.000000000000000000e+00,0.000000000000000000e+00,0.000000000000000000e+00,0.000000000000000000e+00,0.000000000000000000e+00,0.000000000000000000e+00,0.000000000000000000e+00,0.000000000000000000e+00,0.000000000000000000e+00,0.000000000000000000e+00,0.000000000000000000e+00,0.000000000000000000e+00,0.000000000000000000e+00,0.000000000000000000e+00,0.000000000000000000e+00,0.000000000000000000e+00,0.000000000000000000e+00,0.000000000000000000e+00,0.000000000000000000e+00,0.000000000000000000e+00,0.000000000000000000e+00,0.000000000000000000e+00,0.000000000000000000e+00,0.000000000000000000e+00,0.000000000000000000e+00,0.000000000000000000e+00,0.000000000000000000e+00,0.000000000000000000e+00,0.000000000000000000e+00,0.000000000000000000e+00,0.000000000000000000e+00,0.000000000000000000e+00,0.000000000000000000e+00,0.000000000000000000e+00,0.000000000000000000e+00,0.000000000000000000e+00,0.000000000000000000e+00,0.000000000000000000e+00,0.000000000000000000e+00,0.000000000000000000e+00,0.000000000000000000e+00,0.000000000000000000e+00,0.000000000000000000e+00,0.000000000000000000e+00,0.000000000000000000e+00,0.000000000000000000e+00,0.000000000000000000e+00,0.000000000000000000e+00,0.000000000000000000e+00,0.000000000000000000e+00,0.000000000000000000e+00,0.000000000000000000e+00,0.000000000000000000e+00,0.000000000000000000e+00,0.000000000000000000e+00,3.390544589025269099e-04,4.077961417313574278e-04,4.456141802297379734e-04,4.672733984364819786e-04,4.672344321847693828e-04,4.471414765285353478e-04,4.192978482414131520e-04,3.739481734039871649e-04,3.231599993567816275e-04,2.669691515650781809e-04,2.079821972992482843e-04,1.498908472374942894e-04,9.319489260876271731e-05,4.010555195203309990e-05,-8.301004315547059087e-06,-5.137584939098035011e-05,-8.845784863687550443e-05,-1.195011419279131949e-04,-1.444979994605497453e-04,-1.637051086746893838e-04,-1.775418383277806481e-04,-1.864990750442152990e-04,-1.911637789566066818e-04,-1.921345670984897502e-04,-1.900129296021937616e-04,-1.853777785082669368e-04,-1.787613225720027918e-04,-1.706440632058665266e-04,-1.614449104253223518e-04,-1.515198891249549466e-04,-1.411654721277852799e-04,-1.306206867654699521e-04,-1.200754632324211631e-04,-1.096757179200339913e-04,-9.953238587600170609e-05,-8.972684734614835356e-05,-8.031899076718629609e-05,-7.135098292262127893e-05,-6.285361030543061241e-05,-5.484785317771405676e-05,-4.734935965840445502e-05,-4.036820679681939818e-05,-3.391189270258921951e-05,-2.798394681482262617e-05,-2.258600658471614391e-05,-1.771586532603490271e-05,-1.336912593617320944e-05,-9.537108870927179963e-06,-6.208421472464032278e-06,-3.366970351583508963e-06,-9.936246925770190662e-07,9.355774684337387757e-07,2.447618637617979808e-06,3.574110241223254586e-06,4.349353047329535476e-06,4.811809042055195855e-06,5.002077719791488867e-06,4.964283142778448792e-06,4.744009663358488724e-06,4.389641252299507045e-06,3.950286354889238429e-06,3.477087758308765938e-06,3.021150403892597129e-06,2.634824453594741046e-06,2.369637963932438331e-06,2.277546646502575795e-06,2.408867550073985102e-06,2.813486649759201133e-06,3.538789764360317264e-06,4.630822244834824236e-06,6.132217732197773591e-06,8.083310962292742131e-06,1.052007187053372234e-05,1.347518115287159901e-05,1.697598520746383777e-05,2.104555329845454449e-05,2.570067682315425544e-05,3.095293574843860574e-05,3.680677284105225575e-05,4.326060458134358203e-05,5.030500636486499524e-05,5.792390837555411192e-05,6.609293036325830661e-05,7.478070492841892695e-05,8.394739933793607888e-05,9.354620645340791941e-05,1.035220854259382307e-04,1.138134535248961347e-04,1.243511671467909311e-04,1.350604360147905950e-04,1.458600509740422778e-04,1.566645259413818796e-04,1.673835602675053562e-04,1.779243945096339039e-04,1.881914740965284620e-04,1.980889841106812563e-04,2.075206594586457502e-04,2.163924434212699554e-04,2.246123697295563347e-04,2.320932719674428718e-04,2.387526472473188452e-04,2.445153309523795415e-04,2.493132423278021149e-04,2.530879335895639304e-04,2.557901165267265162e-04,2.573819981351780739e-04,2.578364953448342178e-04,2.571392816667734883e-04,2.552876145020651017e-04,2.522920383357152882e-04,2.481747747302939008e-04,2.429710557811996211e-04,2.367270587511635465e-04,2.295008762864100740e-04,2.213600127860498152e-04,2.123820320888795954e-04,2.026516677096294305e-04,1.922612209187439861e-04,1.813073684627454127e-04,1.698914109011936892e-04,1.581158862225781104e-04,1.460847871775913050e-04,1.339001047560577800e-04,1.216621419705457948e-04,1.094661157242810814e-04,9.740269183873452184e-05,8.555476658516660265e-05,7.399833345724524721e-05,6.279954676676579434e-05,5.201600553043699368e-05,4.169417233992281385e-05,3.187112563798544853e-05,2.257236997950557927e-05,1.381406787295223691e-05,5.601236013919709146e-06,-2.069574348102497940e-06,-9.211742287465762258e-06,-1.584551915995729111e-05,-2.199923872437505314e-05,-2.770598496998738752e-05,-3.300465941889626175e-05,-3.793649973507013566e-05,-4.254613086701635643e-05,-4.687806630899755950e-05,-5.097786905095036040e-05,-5.488875862152336143e-05,-5.865299136986294466e-05,-6.230867288258961365e-05,-6.589143687231909235e-05,-6.943152739267521942e-05,-7.295581564375123822e-05,-7.648517481903553325e-05,-8.003683033409086304e-05,-8.362200888451701666e-05,-8.724857704175132517e-05,-9.091891279765160476e-05,-9.463275703130591290e-05,-9.838523645414661446e-05,-1.021698345938663107e-04,-1.059764877757272966e-04,-1.097945674745484846e-04,-1.136109611680768836e-04,-1.174129294303033840e-04,-1.211860696552752287e-04,-1.249169028091863586e-04,-1.285907038339495782e-04,-1.321938701743153211e-04,-1.357120381187779817e-04,-1.391328749109329362e-04,-1.424455702022019653e-04,-1.456448627694260825e-04,-1.487320272532074202e-04,-1.517176726593946539e-04,-1.546183904889762532e-04,-1.574477117578508307e-04,-1.601962096475339613e-04,-1.628024485171740074e-04,-1.651269723775870368e-04,-1.669467762217972983e-04,-1.680136132185207538e-04,-1.681944296773763708e-04,-1.677141015353688855e-04,-1.673925942972717261e-04,-1.687111474070757133e-04,-1.733406809778979493e-04,-1.818972035701128440e-04,-1.918739707460418028e-04,-1.957468089508034579e-04,-1.815830606938075096e-04,-1.410212095690522335e-04,-8.999652351478312946e-05
0.000000000000000000e+00,0.000000000000000000e+00,0.000000000000000000e+00,0.000000000000000000e+00,0.000000000000000000e+00,0.000000000000000000e+00,0.000000000000000000e+00,0.000000000000000000e+00,0.000000000000000000e+00,0.000000000000000000e+00,0.000000000000000000e+00,0.000000000000000000e+00,0.000000000000000000e+00,0.000000000000000000e+00,0.000000000000000000e+00,0.000000000000000000e+00,0.000000000000000000e+00,0.000000000000000000e+00,0.000000000000000000e+00,0.000000000000000000e+00,0.000000000000000000e+00,0.000000000000000000e+00,0.000000000000000000e+00,0.000000000000000000e+00,0.000000000000000000e+00,0.000000000000000000e+00,0.000000000000000000e+00,0.000000000000000000e+00,0.000000000000000000e+00,0.000000000000000000e+00,0.000000000000000000e+00,0.000000000000000000e+00,0.000000000000000000e+00,0.000000000000000000e+00,0.000000000000000000e+00,0.000000000000000000e+00,0.000000000000000000e+00,0.000000000000000000e+00,0.000000000000000000e+00,0.000000000000000000e+00,0.000000000000000000e+00,0.000000000000000000e+00,0.000000000000000000e+00,0.000000000000000000e+00,0.000000000000000000e+00,0.000000000000000000e+00,0.000000000000000000e+00,0.000000000000000000e+00,0.000000000000000000e+00,0.000000000000000000e+00,0.000000000000000000e+00,0.000000000000000000e+00,0.000000000000000000e+00,0.000000000000000000e+00,0.000000000000000000e+00,0.000000000000000000e+00,0.000000000000000000e+00,0.000000000000000000e+00,0.000000000000000000e+00,0.000000000000000000e+00,0.000000000000000000e+00,0.000000000000000000e+00,0.000000000000000000e+00,0.000000000000000000e+00,0.000000000000000000e+00,0.000000000000000000e+00,0.000000000000000000e+00,0.000000000000000000e+00,0.000000000000000000e+00,0.000000000000000000e+00,0.000000000000000000e+00,0.000000000000000000e+00,0.000000000000000000e+00,0.000000000000000000e+00,0.000000000000000000e+00,0.000000000000000000e+00,0.000000000000000000e+00,0.000000000000000000e+00,0.000000000000000000e+00,0.000000000000000000e+00,0.000000000000000000e+00,0.000000000000000000e+00,0.000000000000000000e+00,0.000000000000000000e+00,0.000000000000000000e+00,0.000000000000000000e+00,0.000000000000000000e+00,0.000000000000000000e+00,0.000000000000000000e+00,0.000000000000000000e+00,0.000000000000000000e+00,0.000000000000000000e+00,0.000000000000000000e+00,0.000000000000000000e+00,0.000000000000000000e+00,0.000000000000000000e+00,0.000000000000000000e+00,0.000000000000000000e+00,0.000000000000000000e+00,0.000000000000000000e+00,0.000000000000000000e+00,0.000000000000000000e+00,0.000000000000000000e+00,0.000000000000000000e+00,0.000000000000000000e+00,0.000000000000000000e+00,0.000000000000000000e+00,0.000000000000000000e+00,0.000000000000000000e+00,0.000000000000000000e+00,0.000000000000000000e+00,0.000000000000000000e+00,0.000000000000000000e+00,0.000000000000000000e+00,0.000000000000000000e+00,0.000000000000000000e+00,0.000000000000000000e+00,0.000000000000000000e+00,0.000000000000000000e+00,0.000000000000000000e+00,0.000000000000000000e+00,0.000000000000000000e+00,0.000000000000000000e+00,0.000000000000000000e+00,0.000000000000000000e+00,0.000000000000000000e+00,0.000000000000000000e+00,0.000000000000000000e+00,0.000000000000000000e+00,0.000000000000000000e+00,0.000000000000000000e+00,0.000000000000000000e+00,0.000000000000000000e+00,0.000000000000000000e+00,0.000000000000000000e+00,0.000000000000000000e+00,0.000000000000000000e+00,0.000000000000000000e+00,0.000000000000000000e+00,0.000000000000000000e+00,0.000000000000000000e+00,0.000000000000000000e+00,0.000000000000000000e+00,0.000000000000000000e+00,0.000000000000000000e+00,0.000000000000000000e+00,0.000000000000000000e+00,0.000000000000000000e+00,0.000000000000000000e+00,0.000000000000000000e+00,0.000000000000000000e+00,0.000000000000000000e+00,0.000000000000000000e+00,0.000000000000000000e+00,0.000000000000000000e+00,0.000000000000000000e+00,0.000000000000000000e+00,0.000000000000000000e+00,0.000000000000000000e+00,0.000000000000000000e+00,0.000000000000000000e+00,0.000000000000000000e+00,0.000000000000000000e+00,0.000000000000000000e+00,0.000000000000000000e+00,0.000000000000000000e+00,0.000000000000000000e+00,0.000000000000000000e+00,0.000000000000000000e+00,0.000000000000000000e+00,0.000000000000000000e+00,0.000000000000000000e+00,0.000000000000000000e+00,0.000000000000000000e+00,0.000000000000000000e+00,0.000000000000000000e+00,0.000000000000000000e+00,0.000000000000000000e+00,0.000000000000000000e+00,0.000000000000000000e+00,0.000000000000000000e+00,0.000000000000000000e+00,2.927891131440664950e-04,3.906846230735292152e-04,4.312603563490788675e-04,4.508260812516527954e-04,4.748572093809195279e-04,4.585982873347091426e-04,4.328670920906237292e-04,3.957318365308627240e-04,3.466600582620392814e-04,2.944262719017286473e-04,2.367348107511415157e-04,1.785241543742983384e-04,1.212139556918241331e-04,6.637068214251581628e-05,1.573855425698838628e-05,-3.010043092415282654e-05,-7.031238840551535152e-05,-1.045592842936085922e-04,-1.328105207683768780e-04,-1.551318634261072526e-04,-1.718767207818339365e-04,-1.834625196906266458e-04,-1.904174710142001804e-04,-1.933254172881080897e-04,-1.927782068905776981e-04,-1.893674761008898506e-04,-1.836509274258509787e-04,-1.761407192647316546e-04,-1.672959546994665667e-04,-1.575133243357852470e-04,-1.471304868243228066e-04,-1.364252880109068674e-04,-1.256225344396825702e-04,-1.148986197445576172e-04,-1.043896975768356843e-04,-9.419737044674105148e-05,-8.439681435419388409e-05,-7.504131943030122238e-05,-6.616899325069229977e-05,-5.780545301656071268e-05,-4.996856898106867453e-05,-4.266934626227162334e-05,-3.591497850202368577e-05,-2.970834460701157084e-05,-2.404998123849431661e-05,-1.893673969558237665e-05,-1.436324551421376794e-05,-1.032017892852211418e-05,-6.795618371091650275e-06,-3.773256368768043797e-06,-1.233849574831841614e-06,8.464677501903374878e-07,2.494547776699635754e-06,3.741770531476453328e-06,4.622235192786002687e-06,5.174173522242904307e-06,5.438021126291830003e-06,5.457742000630728852e-06,5.278835445278862629e-06,4.949607420654822782e-06,4.519154426192981560e-06,4.038603372778606789e-06,3.559095330954309823e-06,3.133000758968612992e-06,2.811910915656493331e-06,2.647824821194167924e-06,2.691147339880104332e-06,2.991840030484563446e-06,3.597422644184286038e-06,4.554081591352391939e-06,5.904674515611646269e-06,7.689795876812545490e-06,9.945790462850489740e-06,1.270578374252596433e-05,1.599771791393467992e-05,1.984536367984017350e-05,2.426640034904776818e-05,2.927343437133920982e-05,3.487215208328892926e-05,4.106237775320304074e-05,4.783633289769046647e-05,5.517977181341474877e-05,6.307038407807224784e-05,7.147904765837674102e-05,8.036841037293725155e-05,8.969429884805196242e-05,9.940450968608929914e-05,1.094404062521541865e-04,1.197359407525535127e-04,1.302194599940085628e-04,1.408129657201946552e-04,1.514341355474815918e-04,1.619958114754177416e-04,1.724082241657145891e-04,1.825786798109214763e-04,1.924139562808855892e-04,2.018201382168732382e-04,2.107051342102270208e-04,2.189785911238279631e-04,2.265544645005854694e-04,2.333509278777549706e-04,2.392929162063853622e-04,2.443119364079755058e-04,2.483484976563663264e-04,2.513517273781712847e-04,2.532816042537172152e-04,2.541082903926710781e-04,2.538140935297736539e-04,2.523924414393811889e-04,2.498495187351850821e-04,2.462028329068476030e-04,2.414824970369604208e-04,2.357293662961814891e-04,2.289959684697798073e-04,2.213442226534055601e-04,2.128460517792351301e-04,2.035807284239479764e-04,1.936352342973105553e-04,1.831013082383097889e-04,1.720756437566623115e-04,1.606567384637310977e-04,1.489450395710743271e-04,1.370397097590370116e-04,1.250388400568222048e-04,1.130362528334812630e-04,1.011219005289696276e-04,8.937882125690342215e-05,7.788383014880348541e-05,6.670472709979285368e-05,5.590136567648107174e-05,4.552318690577859865e-05,3.561072038308516765e-05,2.619348477150067688e-05,1.729193948093198151e-05,8.915754699307239535e-06,1.066193183154092233e-06,-6.265286056522711015e-06,-1.309427371814587336e-05,-1.944454409530232332e-05,-2.534501843296554764e-05,-3.083073542701914987e-05,-3.593964383366043990e-05,-4.071352532086350463e-05,-4.519473784790317944e-05,-4.942720977928316398e-05,-5.345325106939481874e-05,-5.731472649417586020e-05,-6.105003332962938701e-05,-6.469553755489692031e-05,-6.828278675625177566e-05,-7.184025944644202187e-05,-7.539084439766723404e-05,-7.895391469143752956e-05,-8.254306493996456471e-05,-8.616848432783636000e-05,-8.983490734542613646e-05,-9.354423041620451933e-05,-9.729360582317598649e-05,-1.010782301345808766e-04,-1.048894981573513527e-04,-1.087178886738412981e-04,-1.125510898358467155e-04,-1.163769075911650356e-04,-1.201812587709939653e-04,-1.239510165469743684e-04,-1.276717448542922227e-04,-1.313304196098720271e-04,-1.349128595482862241e-04,-1.384065148782915482e-04,-1.417979619838670067e-04,-1.450765700943977196e-04,-1.482329471413365650e-04,-1.512643511552910368e-04,-1.541736343228724561e-04,-1.569738409862964741e-04,-1.596810532860309744e-04,-1.623081617571402126e-04,-1.648397842820333449e-04,-1.672101673684456204e-04,-1.692730360106970593e-04,-1.708115589691632072e-04,-1.715920108626616610e-04,-1.715231677814182661e-04,-1.708746271144305929e-04,-1.705150960218181175e-04,-1.719108691894612900e-04,-1.766504067338726947e-04,-1.851446580587593274e-04,-1.946794898147273360e-04,-1.976085173711260800e-04,-1.822586301126423501e-04,-1.408503906451267422e-04,-8.982602434229229138e-05
0.000000000000000000e+00,0.000000000000000000e+00,0.000000000000000000e+00,0.000000000000000000e+00,0.000000000000000000e+00,0.000000000000000000e+00,0.000000000000000000e+00,0.000000000000000000e+00,0.000000000000000000e+00,0.000000000000000000e+00,0.000000000000000000e+00,0.000000000000000000e+00,0.000000000000000000e+00,0.000000000000000000e+00,0.000000000000000000e+00,0.000000000000000000e+00,0.000000000000000000e+00,0.000000000000000000e+00,0.000000000000000000e+00,0.000000000000000000e+00,0.000000000000000000e+00,0.000000000000000000e+00,0.000000000000000000e+00,0.000000000000000000e+00,0.000000000000000000e+00,0.000000000000000000e+00,0.000000000000000000e+00,0.000000000000000000e+00,0.000000000000000000e+00,0.000000000000000000e+00,0.000000000000000000e+00,0.000000000000000000e+00,0.000000000000000000e+00,0.000000000000000000e+00,0.000000000000000000e+00,0.000000000000000000e+00,0.000000000000000000e+00,0.000000000000000000e+00,0.000000000000000000e+00,0.000000000000000000e+00,0.000000000000000000e+00,0.000000000000000000e+00,0.000000000000000000e+00,0.000000000000000000e+00,0.000000000000000000e+00,0.000000000000000000e+00,0.000000000000000000e+00,0.000000000000000000e+00,0.000000000000000000e+00,0.000000000000000000e+00,0.000000000000000000e+00,0.000000000000000000e+00,0.000000000000000000e+00,0.000000000000000000e+00,0.000000000000000000e+00,0.000000000000000000e+00,0.000000000000000000e+00,0.000000000000000000e+00,0.000000000000000000e+00,0.000000000000000000e+00,0.000000000000000000e+00,0.000000000000000000e+00,0.000000000000000000e+00,0.000000000000000000e+00,0.000000000000000000e+00,0.000000000000000000e+00,0.000000000000000000e+00,0.000000000000000000e+00,0.000000000000000000e+00,0.000000000000000000e+00,0.000000000000000000e+00,0.000000000000000000e+00,0.000000000000000000e+00,0.000000000000000000e+00,0.000000000000000000e+00,0.000000000000000000e+00,0.000000000000000000e+00,0.000000000000000000e+00,0.000000000000000000e+00,0.000000000000000000e+00,0.000000000000000000e+00,0.000000000000000000e+00,0.000000000000000000e+00,0.000000000000000000e+00,0.000000000000000000e+00,0.000000000000000000e+00,0.000000000000000000e+00,0.000000000000000000e+00,0.000000000000000000e+00,0.000000000000000000e+00,0.000000000000000000e+00,0.000000000000000000e+00,0.000000000000000000e+00,0.000000000000000000e+00,0.000000000000000000e+00,0.000000000000000000e+00,0.000000000000000000e+00,0.000000000000000000e+00,0.000000000000000000e+00,0.000000000000000000e+00,0.000000000000000000e+00,0.000000000000000000e+00,0.000000000000000000e+00,0.000000000000000000e+00,0.000000000000000000e+00,0.000000000000000000e+00,0.000000000000000000e+00,0.000000000000000000e+00,0.000000000000000000e+00,0.000000000000000000e+00,0.000000000000000000e+00,0.000000000000000000e+00,0.000000000000000000e+00,0.000000000000000000e+00,0.000000000000000000e+00,0.000000000000000000e+00,0.000000000000000000e+00,0.000000000000000000e+00,0.000000000000000000e+00,0.000000000000000000e+00,0.000000000000000000e+00,0.000000000000000000e+00,0.000000000000000000e+00,0.000000000000000000e+00,0.000000000000000000e+00,0.000000000000000000e+00,0.000000000000000000e+00,0.000000000000000000e+00,0.000000000000000000e+00,0.000000000000000000e+00,0.000000000000000000e+00,0.000000000000000000e+00,0.000000000000000000e+00,0.000000000000000000e+00,0.000000000000000000e+00,0.000000000000000000e+00,0.000000000000000000e+00,0.000000000000000000e+00,0.000000000000000000e+00,0.000000000000000000e+00,0.000000000000000000e+00,0.000000000000000000e+00,0.000000000000000000e+00,0.000000000000000000e+00,0.000000000000000000e+00,0.000000000000000000e+00,0.000000000000000000e+00,0.000000000000000000e+00,0.000000000000000000e+00,0.000000000000000000e+00,0.000000000000000000e+00,0.000000000000000000e+00,0.000000000000000000e+00,0.000000000000000000e+00,0.000000000000000000e+00,0.000000000000000000e+00,0.000000000000000000e+00,0.000000000000000000e+00,0.000000000000000000e+00,0.000000000000000000e+00,0.000000000000000000e+00,0.000000000000000000e+00,0.000000000000000000e+00,0.000000000000000000e+00,0.000000000000000000e+00,0.000000000000000000e+00,0.000000000000000000e+00,0.000000000000000000e+00,0.000000000000000000e+00,0.000000000000000000e+00,0.000000000000000000e+00,0.000000000000000000e+00,0.000000000000000000e+00,0.000000000000000000e+00,0.000000000000000000e+00,0.000000000000000000e+00,0.000000000000000000e+00,0.000000000000000000e+00,0.000000000000000000e+00,0.000000000000000000e+00,0.000000000000000000e+00,3.104586641398762335e-04,3.944904106540774195e-04,4.317266864978317863e-04,4.644773996999195160e-04,4.617796343881831506e-04,4.425538898954278441e-04,4.136961192556435187e-04,3.694358762080334185e-04,3.192561576265491498e-04,2.643929656642636798e-04,2.063288454612097569e-04,1.492618415517198637e-04,9.322291446772495592e-05,4.063072613604331852e-05,-7.584081263599523411e-06,-5.067041825867997707e-05,-8.797797702054025153e-05,-1.193868546052851375e-04,-1.448532393492964491e-04,-1.645696592709136477e-04,-1.789114730537279664e-04,-1.883220534531993495e-04,-1.933561742770554029e-04,-1.945871898034151712e-04,-1.926035524259095812e-04,-1.879805551308601165e-04,-1.812552847567977434e-04,-1.729207616750692801e-04,-1.634125833878192135e-04,-1.531077652822686091e-04,-1.423239383015129837e-04,-1.313224718029699976e-04,-1.203128410218913259e-04,-1.094596363340213067e-04,-9.888798145440712880e-05,-8.869175640474341452e-05,-7.893837956102537322e-05,-6.967608761033736219e-05,-6.093720640002258472e-05,-5.274366611340159923e-05,-4.510843687293310917e-05,-3.803933528163985349e-05,-3.153886527907387785e-05,-2.560676415893132457e-05,-2.023879601580014516e-05,-1.542856518789403989e-05,-1.116580375553358423e-05,-7.437883063404404494e-06,-4.227978430587623926e-06,-1.516556435728636013e-06,7.203696668704789158e-07,2.509640691036507104e-06,3.882525676693342270e-06,4.872979547554578095e-06,5.519052742768457206e-06,5.861033445158609000e-06,5.942736007632126014e-06,5.809574032021096272e-06,5.509773931884737503e-06,5.092419798689864049e-06,4.608624838854136918e-06,4.109574329855031432e-06,3.647670475545802595e-06,3.274585067057196424e-06,3.042379671700478811e-06,3.001569544412514618e-06,3.202213828915359913e-06,3.691988274698373159e-06,4.517239353552635269e-06,5.721064824595566270e-06,7.344329946604904480e-06,9.423760259446007138e-06,1.199292547929086749e-05,1.508035621215303052e-05,1.871050983386160640e-05,2.290193065689738851e-05,2.766822070198379497e-05,3.301626989352214001e-05,3.894726202919706476e-05,4.545500694007181266e-05,5.252701723143019099e-05,6.014297715805413252e-05,6.827592799928643022e-05,7.689090787537373301e-05,8.594628219013723109e-05,9.539258412447110703e-05,1.051740209288483824e-04,1.152275360816731387e-04,1.254845122401644902e-04,1.358700631995464383e-04,1.463049404186361801e-04,1.567050466338186445e-04,1.669835359897117581e-04,1.770505226263320163e-04,1.868153459546955883e-04,1.961864283446386708e-04,2.050736587337531798e-04,2.133883355806325205e-04,2.210456057407326200e-04,2.279644141281296987e-04,2.340699226296415485e-04,2.392933783642566881e-04,2.435744311445352847e-04,2.468608295033749558e-04,2.491105562396370653e-04,2.502912665887841218e-04,2.503821704488764241e-04,2.493731405397261775e-04,2.472662868515957540e-04,2.440746837460789828e-04,2.398236058910694778e-04,2.345488504115047026e-04,2.282976320277904279e-04,2.211265071299353864e-04,2.131019562926099236e-04,2.042979485450866731e-04,1.947962688383033541e-04,1.846837897026088816e-04,1.740526265920350462e-04,1.629972076982502390e-04,1.516143588262793744e-04,1.400002780429565662e-04,1.282506619341203366e-04,1.164576984052558554e-04,1.047103466987791745e-04,9.309145825500362572e-05,8.167831341443237308e-05,7.053996684572945083e-05,5.973812496191209108e-05,4.932478994938165506e-05,3.934353496580216561e-05,2.982749104854896799e-05,2.080104434515779780e-05,1.227817574075828011e-05,4.264568652405897345e-06,-3.243724615431912261e-06,-1.025781108449799633e-05,-1.679702350794912255e-05,-2.288616188912799565e-05,-2.855637950542229544e-05,-3.384223780215230400e-05,-3.878251677515745884e-05,-4.341719522655179729e-05,-4.778829621780439888e-05,-5.193690403538387811e-05,-5.590414845757166054e-05,-5.972835643972666006e-05,-6.344625970235138221e-05,-6.709035472693316692e-05,-7.069038908446736546e-05,-7.427097110770610909e-05,-7.785335533906481470e-05,-8.145330778136724052e-05,-8.508317474996345367e-05,-8.874997620322444428e-05,-9.245771044960081407e-05,-9.620562220303345807e-05,-9.999067310458469363e-05,-1.038059176637172584e-04,-1.076430597014353500e-04,-1.114908697218642614e-04,-1.153377473500197031e-04,-1.191701205234046101e-04,-1.229749297339511552e-04,-1.267379466881917631e-04,-1.304460755169211306e-04,-1.340855275446687712e-04,-1.376438518207898857e-04,-1.411080276546745351e-04,-1.444663808037375239e-04,-1.477071143662833034e-04,-1.508208078682673689e-04,-1.538003834102206438e-04,-1.566446710307824262e-04,-1.593592930530449419e-04,-1.619580125152407122e-04,-1.644580559860492146e-04,-1.668689340670724162e-04,-1.691721489960129143e-04,-1.712940443301367601e-04,-1.730870167679643954e-04,-1.743358329572114690e-04,-1.748300836289612100e-04,-1.745117982270374707e-04,-1.737055917205254066e-04,-1.733111428470130214e-04,-1.747934393186249000e-04,-1.796342549644054860e-04,-1.880723196760150813e-04,-1.971642211720316150e-04,-1.992010219279265486e-04,-1.827192310860708212e-04,-1.405660323667029142e-04,-8.955800173825019463e-05
0.000000000000000000e+00,0.000000000000000000e+00,0.000000000000000000e+00,0.000000000000000000e+00,0.000000000000000000e+00,0.000000000000000000e+00,0.000000000000000000e+00,0.000000000000000000e+00,0.000000000000000000e+00,0.000000000000000000e+00,0.000000000000000000e+00,0.000000000000000000e+00,0.000000000000000000e+00,0.000000000000000000e+00,0.000000000000000000e+00,0.000000000000000000e+00,0.000000000000000000e+00,0.000000000000000000e+00,0.000000000000000000e+00,0.000000000000000000e+00,0.000000000000000000e+00,0.000000000000000000e+00,0.000000000000000000e+00,0.000000000000000000e+00,0.000000000000000000e+00,0.000000000000000000e+00,0.000000000000000000e+00,0.000000000000000000e+00,0.000000000000000000e+00,0.000000000000000000e+00,0.000000000000000000e+00,0.000000000000000000e+00,0.000000000000000000e+00,0.000000000000000000e+00,0.000000000000000000e+00,0.000000000000000000e+00,0.000000000000000000e+00,0.000000000000000000e+00,0.000000000000000000e+00,0.000000000000000000e+00,0.000000000000000000e+00,0.000000000000000000e+00,0.000000000000000000e+00,0.000000000000000000e+00,0.000000000000000000e+00,0.000000000000000000e+00,0.000000000000000000e+00,0.000000000000000000e+00,0.000000000000000000e+00,0.000000000000000000e+00,0.000000000000000000e+00,0.000000000000000000e+00,0.000000000000000000e+00,0.000000000000000000e+00,0.000000000000000000e+00,0.000000000000000000e+00,0.000000000000000000e+00,0.000000000000000000e+00,0.000000000000000000e+00,0.000000000000000000e+00,0.000000000000000000e+00,0.000000000000000000e+00,0.000000000000000000e+00,0.000000000000000000e+00,0.000000000000000000e+00,0.000000000000000000e+00,0.000000000000000000e+00,0.000000000000000000e+00,0.000000000000000000e+00,0.000000000000000000e+00,0.000000000000000000e+00,0.000000000000000000e+00,0.000000000000000000e+00,0.000000000000000000e+00,0.000000000000000000e+00,0.000000000000000000e+00,0.000000000000000000e+00,0.000000000000000000e+00,0.000000000000000000e+00,0.000000000000000000e+00,0.000000000000000000e+00,0.000000000000000000e+00,0.000000000000000000e+00,0.000000000000000000e+00,0.000000000000000000e+00,0.000000000000000000e+00,0.000000000000000000e+00,0.000000000000000000e+00,0.000000000000000000e+00,0.000000000000000000e+00,0.000000000000000000e+00,0.000000000000000000e+00,0.000000000000000000e+00,0.000000000000000000e+00,0.000000000000000000e+00,0.000000000000000000e+00,0.000000000000000000e+00,0.000000000000000000e+00,0.000000000000000000e+00,0.000000000000000000e+00,0.000000000000000000e+00,0.000000000000000000e+00,0.000000000000000000e+00,0.000000000000000000e+00,0.000000000000000000e+00,0.000000000000000000e+00,0.000000000000000000e+00,0.000000000000000000e+00,0.000000000000000000e+00,0.000000000000000000e+00,0.000000000000000000e+00,0.000000000000000000e+00,0.000000000000000000e+00,0.000000000000000000e+00,0.000000000000000000e+00,0.000000000000000000e+00,0.000000000000000000e+00,0.000000000000000000e+00,0.000000000000000000e+00,0.000000000000000000e+00,0.000000000000000000e+00,0.000000000000000000e+00,0.000000000000000000e+00,0.000000000000000000e+00,0.000000000000000000e+00,0.000000000000000000e+00,0.000000000000000000e+00,0.000000000000000000e+00,0.000000000000000000e+00,0.000000000000000000e+00,0.000000000000000000e+00,0.000000000000000000e+00,0.000000000000000000e+00,0.000000000000000000e+00,0.000000000000000000e+00,0.000000000000000000e+00,0.000000000000000000e+00,0.000000000000000000e+00,0.000000000000000000e+00,0.000000000000000000e+00,0.000000000000000000e+00,0.000000000000000000e+00,0.000000000000000000e+00,0.000000000000000000e+00,0.000000000000000000e+00,0.000000000000000000e+00,0.000000000000000000e+00,0.000000000000000000e+00,0.000000000000000000e+00,0.000000000000000000e+00,0.000000000000000000e+00,0.000000000000000000e+00,0.000000000000000000e+00,0.000000000000000000e+00,0.000000000000000000e+00,0.000000000000000000e+00,0.000000000000000000e+00,0.000000000000000000e+00,0.000000000000000000e+00,0.000000000000000000e+00,0.000000000000000000e+00,0.000000000000000000e+00,0.000000000000000000e+00,0.000000000000000000e+00,0.000000000000000000e+00,0.000000000000000000e+00,0.000000000000000000e+00,0.000000000000000000e+00,0.000000000000000000e+00,0.000000000000000000e+00,0.000000000000000000e+00,0.000000000000000000e+00,0.000000000000000000e+00,0.000000000000000000e+00,0.000000000000000000e+00,0.000000000000000000e+00,0.000000000000000000e+00,0.000000000000000000e+00,0.000000000000000000e+00,3.000589941632319547e-04,3.809868883191488585e-04,4.274917549055522984e-04,4.560955717834544627e-04,4.617857247914859274e-04,4.487650422220331651e-04,4.260893941131605562e-04,3.891295977317802443e-04,3.416514571692345426e-04,2.901350462515127240e-04,2.338488569305441443e-04,1.765597453824330101e-04,1.202790398861435737e-04,6.606052036145074787e-05,1.592922208212376437e-05,-2.972302107310114967e-05,-6.991937121853460959e-05,-1.043572618567214231e-04,-1.329163480361235611e-04,-1.556388931640742112e-04,-1.728125653772451817e-04,-1.848194209682718994e-04,-1.921419461920265332e-04,-1.953382490952217500e-04,-1.949764495276873160e-04,-1.916396302745231777e-04,-1.858820832840338375e-04,-1.782234030121835797e-04,-1.691339300166490279e-04,-1.590281144745176432e-04,-1.482622037405227958e-04,-1.371353818831939659e-04,-1.258917788375100467e-04,-1.147271870598975344e-04,-1.037932678735979512e-04,-9.320579350588705533e-05,-8.304948206802557757e-05,-7.338552688166139067e-05,-6.425552069118351623e-05,-5.568742317593344018e-05,-4.769781071229891624e-05,-4.029613333528458762e-05,-3.348531477451965709e-05,-2.726457109425077277e-05,-2.162879836808754205e-05,-1.657044749569869526e-05,-1.207821922757768431e-05,-8.138488127838365162e-06,-4.733722387455004172e-06,-1.843809583117669990e-06,5.555364931209504226e-07,2.491356572876388140e-06,3.994926141567696228e-06,5.100176606541401381e-06,5.845033260442510231e-06,6.269689583740147862e-06,6.417826808185083936e-06,6.334788550864961322e-06,6.068721954835045562e-06,5.668702367765402947e-06,5.185829686599450168e-06,4.671339520892892011e-06,4.177673817341810864e-06,3.756598373641824905e-06,3.460253090574258286e-06,3.339282684283295063e-06,3.443863260778582410e-06,3.821846212217708548e-06,4.519755318532926268e-06,5.580943066433765946e-06,7.046555354367994361e-06,8.953703387858717803e-06,1.133639960255965800e-05,1.422375493605880705e-05,1.764089791531445601e-05,2.160721468628764276e-05,2.613727171880399916e-05,3.123912305226454853e-05,3.691526449559464430e-05,4.316103803393264086e-05,4.996565077672389827e-05,5.731070948308330463e-05,6.517134001983599376e-05,7.351488478063099134e-05,8.230215736902650047e-05,9.148633173101220514e-05,1.010143617209965044e-04,1.108260827564743205e-04,1.208558167503445018e-04,1.310316951633397472e-04,1.412774568525708386e-04,1.515119861597856476e-04,1.616512953872738733e-04,1.716082541147145553e-04,1.812947305664919890e-04,1.906214701877412569e-04,1.995003527513798073e-04,2.078443611060320638e-04,2.155698953108511277e-04,2.225967582618728409e-04,2.288504562827697387e-04,2.342621188442704447e-04,2.387707085607803270e-04,2.423227889665098556e-04,2.448745670940867644e-04,2.463914273366703831e-04,2.468497374528687846e-04,2.462360783184585353e-04,2.445487593079543253e-04,2.417966927726737409e-04,2.380005863869079006e-04,2.331914361386268114e-04,2.274113896182235162e-04,2.207118599947318217e-04,2.131540828851471634e-04,2.048068834710178366e-04,1.957469776439802085e-04,1.860564521378716937e-04,1.758228852409467473e-04,1.651366228171097608e-04,1.540908124994211066e-04,1.427785744942096174e-04,1.312930539569481944e-04,1.197245929453708707e-04,1.081609075095367104e-04,9.668436531247961887e-05,8.537238650179416056e-05,7.429492035623268980e-05,6.351515269675646141e-05,5.308725523378914974e-05,4.305745831707799239e-05,3.346212000547622460e-05,2.432919327816332437e-05,1.567663049799153079e-05,7.514241400575186433e-06,-1.575845406760816247e-07,-7.345665858273403027e-06,-1.406503798358530003e-05,-2.033645270879370036e-05,-2.618719425756279621e-05,-3.164837930259218929e-05,-3.675567485950664582e-05,-4.154650116217686726e-05,-4.606075435848189248e-05,-5.033801681428349775e-05,-5.441838430777277920e-05,-5.833977892544555175e-05,-6.213896580259949630e-05,-6.584904371992012591e-05,-6.950071222709974805e-05,-7.311998687468653293e-05,-7.672974701279376198e-05,-8.034769005066500045e-05,-8.398815757839321475e-05,-8.766031058577077679e-05,-9.137020154342657507e-05,-9.511912471324848533e-05,-9.890587906894104193e-05,-1.027252288964452718e-04,-1.065702909591913016e-04,-1.104310334268961255e-04,-1.142967223793982880e-04,-1.181543905995564636e-04,-1.219912889513359941e-04,-1.257932605108035419e-04,-1.295471474140438741e-04,-1.332389937836695468e-04,-1.368563518409044257e-04,-1.403862263290250412e-04,-1.438172719341599998e-04,-1.471375113100803868e-04,-1.503367075556535449e-04,-1.534043111833106974e-04,-1.563328372932256316e-04,-1.591168014798638940e-04,-1.617575907395472890e-04,-1.642622948428985299e-04,-1.666467281442006183e-04,-1.689270755725387908e-04,-1.711115651922844353e-04,-1.731755208662765638e-04,-1.750414017769428990e-04,-1.765565073611019922e-04,-1.775142515968325689e-04,-1.777214075436097144e-04,-1.771621454237614344e-04,-1.762024265837733555e-04,-1.757820833123592140e-04,-1.773416393335430243e-04,-1.822760417482963222e-04,-1.906313077981768641e-04,-1.992880947342216813e-04,-2.004594524444312581e-04,-1.829643205139309394e-04,-1.401938284404407773e-04,-8.935229350263100686e-05
0.000000000000000000e+00,0.000000000000000000e+00,0.000000000000000000e+00,0.000000000000000000e+00,0.000000000000000000e+00,0.000000000000000000e+00,0.000000000000000000e+00,0.000000000000000000e+00,0.000000000000000000e+00,0.000000000000000000e+00,0.000000000000000000e+00,0.000000000000000000e+00,0.000000000000000000e+00,0.000000000000000000e+00,0.000000000000000000e+00,0.000000000000000000e+00,0.000000000000000000e+00,0.000000000000000000e+00,0.000000000000000000e+00,0.000000000000000000e+00,0.000000000000000000e+00,0.000000000000000000e+00,0.000000000000000000e+00,0.000000000000000000e+00,0.000000000000000000e+00,0.000000000000000000e+00,0.000000000000000000e+00,0.000000000000000000e+00,0.000000000000000000e+00,0.000000000000000000e+00,0.000000000000000000e+00,0.000000000000000000e+00,0.000000000000000000e+00,0.000000000000000000e+00,0.000000000000000000e+00,0.000000000000000000e+00,0.000000000000000000e+00,0.000000000000000000e+00,0.000000000000000000e+00,0.000000000000000000e+00,0.000000000000000000e+00,0.000000000000000000e+00,0.000000000000000000e+00,0.000000000000000000e+00,0.000000000000000000e+00,0.000000000000000000e+00,0.000000000000000000e+00,0.000000000000000000e+00,0.000000000000000000e+00,0.000000000000000000e+00,0.000000000000000000e+00,0.000000000000000000e+00,0.000000000000000000e+00,0.000000000000000000e+00,0.000000000000000000e+00,0.000000000000000000e+00,0.000000000000000000e+00,0.000000000000000000e+00,0.000000000000000000e+00,0.000000000000000000e+00,0.000000000000000000e+00,0.000000000000000000e+00,0.000000000000000000e+00,0.000000000000000000e+00,0.000000000000000000e+00,0.000000000000000000e+00,0.000000000000000000e+00,0.000000000000000000e+00,0.000000000000000000e+00,0.000000000000000000e+00,0.000000000000000000e+00,0.000000000000000000e+00,0.000000000000000000e+00,0.000000000000000000e+00,0.000000000000000000e+00,0.000000000000000000e+00,0.000000000000000000e+00,0.000000000000000000e+00,0.000000000000000000e+00,0.000000000000000000e+00,0.000000000000000000e+00,0.000000000000000000e+00,0.000000000000000000e+00,0.000000000000000000e+00,0.000000000000000000e+00,0.000000000000000000e+00,0.000000000000000000e+00,0.000000000000000000e+00,0.000000000000000000e+00,0.000000000000000000e+00,0.000000000000000000e+00,0.000000000000000000e+00,0.000000000000000000e+00,0.000000000000000000e+00,0.000000000000000000e+00,0.000000000000000000e+00,0.000000000000000000e+00,0.000000000000000000e+00,0.000000000000000000e+00,0.000000000000000000e+00,0.000000000000000000e+00,0.000000000000000000e+00,0.000000000000000000e+00,0.000000000000000000e+00,0.000000000000000000e+00,0.000000000000000000e+00,0.000000000000000000e+00,0.000000000000000000e+00,0.000000000000000000e+00,0.000000000000000000e+00,0.000000000000000000e+00,0.000000000000000000e+00,0.000000000000000000e+00,0.000000000000000000e+00,0.000000000000000000e+00,0.000000000000000000e+00,0.000000000000000000e+00,0.000000000000000000e+00,0.000000000000000000e+00,0.000000000000000000e+00,0.000000000000000000e+00,0.000000000000000000e+00,0.000000000000000000e+00,0.000000000000000000e+00,0.000000000000000000e+00,0.000000000000000000e+00,0.000000000000000000e+00,0.000000000000000000e+00,0.000000000000000000e+00,0.000000000000000000e+00,0.000000000000000000e+00,0.000000000000000000e+00,0.000000000000000000e+00,0.000000000000000000e+00,0.000000000000000000e+00,0.000000000000000000e+00,0.000000000000000000e+00,0.000000000000000000e+00,0.000000000000000000e+00,0.000000000000000000e+00,0.000000000000000000e+00,0.000000000000000000e+00,0.000000000000000000e+00,0.000000000000000000e+00,0.000000000000000000e+00,0.000000000000000000e+00,0.000000000000000000e+00,0.000000000000000000e+00,0.000000000000000000e+00,0.000000000000000000e+00,0.000000000000000000e+00,0.000000000000000000e+00,0.000000000000000000e+00,0.000000000000000000e+00,0.000000000000000000e+00,0.000000000000000000e+00,0.000000000000000000e+00,0.000000000000000000e+00,0.000000000000000000e+00,0.000000000000000000e+00,0.000000000000000000e+00,0.000000000000000000e+00,0.000000000000000000e+00,0.000000000000000000e+00,0.000000000000000000e+00,0.000000000000000000e+00,0.000000000000000000e+00,0.000000000000000000e+00,0.000000000000000000e+00,0.000000000000000000e+00,0.000000000000000000e+00,0.000000000000000000e+00,0.000000000000000000e+00,0.000000000000000000e+00,0.000000000000000000e+00,0.000000000000000000e+00,0.000000000000000000e+00,0.000000000000000000e+00,3.132987071828709593e-04,3.897810456396676236e-04,4.264854367057048490e-04,4.626649805412701415e-04,4.551045092581738915e-04,4.363763466750932929e-04,4.045214870156045735e-04,3.621498621566782757e-04,3.137603633785873702e-04,2.598730996814058538e-04,2.032165306088530392e-04,1.470417890809394416e-04,9.201182751616412362e-05,4.002466443471838070e-05,-7.687454523931287290e-06,-5.058407709152289199e-05,-8.784542440239123803e-05,-1.194073546486291797e-04,-1.451231640918474093e-04,-1.651743448106516036e-04,-1.798686069842907035e-04,-1.896209980654207461e-04,-1.949436941529846250e-04,-1.963883250367952805e-04,-1.945231969904413956e-04,-1.899166878635617805e-04,-1.831050101167415673e-04,-1.745883037589278581e-04,-1.648146963675187410e-04,-1.541771711203109528e-04,-1.430123046431856294e-04,-1.316001300606090116e-04,-1.201693394243264081e-04,-1.089009113873108800e-04,-9.793533357404527460e-05,-8.737772358876784288e-05,-7.730516150290770599e-05,-6.777117418847322802e-05,-5.881208833037250853e-05,-5.044993308273431904e-05,-4.269726801824677131e-05,-3.555839817952582385e-05,-2.903270450160565905e-05,-2.311448803294876260e-05,-1.779519718740500664e-05,-1.306238091843146598e-05,-8.901297267217928182e-06,-5.293436545548644321e-06,-2.217902795742429092e-06,3.501609282636539187e-07,2.438178983464139223e-06,4.077633766648737050e-06,5.302553822532961017e-06,6.150855647737428149e-06,6.662697451513164677e-06,6.881679504489710284e-06,6.853095514572086167e-06,6.625030164310261219e-06,6.246553821321590171e-06,5.768757921995372845e-06,5.242931522250812404e-06,4.721562658460390036e-06,4.256520461323995428e-06,3.900035381994405088e-06,3.702897026433681460e-06,3.715414713424507865e-06,3.985632808024677468e-06,4.560267817516772922e-06,5.482940605653090637e-06,6.795086928606942704e-06,8.534208538771608703e-06,1.073475919366381104e-05,1.342642255373111720e-05,1.663498331691628553e-05,2.038064711063680207e-05,2.467891468000663909e-05,2.953896606053436823e-05,3.496456320925908244e-05,4.095252639082643214e-05,4.749369618047479409e-05,5.457153326867641936e-05,6.216317354339037291e-05,7.023818270276772403e-05,7.875973749136536313e-05,8.768356308546877600e-05,9.695926908642449316e-05,1.065294903418917064e-04,1.163313978847831532e-04,1.262960527845278049e-04,1.363501001819602556e-04,1.464153314913945283e-04,1.564105548025556509e-04,1.662513442980976185e-04,1.758520637980471636e-04,1.851257650235691387e-04,1.939863244874262364e-04,2.023484358866248440e-04,2.101298056199841417e-04,2.172511708855735791e-04,2.236384875625174750e-04,2.292228961961906991e-04,2.339428293824497398e-04,2.377438441766122708e-04,2.405805756900633054e-04,2.424163575608195668e-04,2.432249549430187587e-04,2.429899049447708527e-04,2.417059756263856328e-04,2.393781754366754112e-04,2.360229045085126967e-04,2.316666049756471344e-04,2.263465952512662915e-04,2.201093597709411094e-04,2.130110838265753578e-04,2.051156092696893507e-04,1.964947141916591742e-04,1.872257876560486577e-04,1.773919223418826349e-04,1.670793837938939542e-04,1.563776026395895138e-04,1.453765299401660620e-04,1.341666268944168190e-04,1.228362060864949569e-04,1.114715195791196009e-04,1.001541853918136936e-04,8.896146918976854370e-05,7.796388615628459468e-05,6.722575746865748015e-05,5.680306053036645670e-05,4.674432014876308910e-05,3.708875623039682685e-05,2.786754272988356960e-05,1.910227338725436417e-05,1.080659139104426066e-05,2.984963089643381290e-06,-4.365349351032135085e-06,-1.125524614789961595e-05,-1.770153015117837460e-05,-2.372766276360299977e-05,-2.936129571038339115e-05,-3.463490961821182192e-05,-3.958323056169259864e-05,-4.424384628335616728e-05,-4.865460553070988258e-05,-5.285430649856104102e-05,-5.688017111536102747e-05,-6.076868933758733556e-05,-6.455324468660384070e-05,-6.826517776820195779e-05,-7.193161547071227728e-05,-7.557679007606259354e-05,-7.922009574047998736e-05,-8.287766936351189685e-05,-8.656066821219888228e-05,-9.027708936834039500e-05,-9.403023579373029090e-05,-9.782072668336949314e-05,-1.016450997830656468e-04,-1.054979487918569937e-04,-1.093706005495826837e-04,-1.132533101685968423e-04,-1.171339545399469539e-04,-1.210002209137370379e-04,-1.248382705903240458e-04,-1.286348653453055592e-04,-1.323759663414265616e-04,-1.360487397409563929e-04,-1.396400525678555705e-04,-1.431382811293520677e-04,-1.465316752869008979e-04,-1.498099350288241037e-04,-1.529625745488432114e-04,-1.559805093942420999e-04,-1.588550056192437952e-04,-1.615799688724271852e-04,-1.641523022811710783e-04,-1.665749782386222763e-04,-1.688576347459621305e-04,-1.710164396023253436e-04,-1.730680974911755774e-04,-1.750169560850221666e-04,-1.768349690210566550e-04,-1.784373998585076458e-04,-1.796717987188164902e-04,-1.803357865011931123e-04,-1.802614365508433542e-04,-1.794662810327623344e-04,-1.783668190432544218e-04,-1.779255909452664096e-04,-1.795718978079289998e-04,-1.845916178463091707e-04,-1.928708578428739537e-04,-2.010943776170213341e-04,-2.014540375159927803e-04,-1.830016693809079806e-04,-1.397129751254483311e-04,-8.905346762612024276e-05
0.000000000000000000e+00,0.000000000000000000e+00,0.000000000000000000e+00,0.000000000000000000e+00,0.000000000000000000e+00,0.000000000000000000e+00,0.000000000000000000e+00,0.000000000000000000e+00,0.000000000000000000e+00,0.000000000000000000e+00,0.000000000000000000e+00,0.000000000000000000e+00,0.000000000000000000e+00,0.000000000000000000e+00,0.000000000000000000e+00,0.000000000000000000e+00,0.000000000000000000e+00,0.000000000000000000e+00,0.000000000000000000e+00,0.000000000000000000e+00,0.000000000000000000e+00,0.000000000000000000e+00,0.000000000000000000e+00,0.000000000000000000e+00,0.000000000000000000e+00,0.000000000000000000e+00,0.000000000000000000e+00,0.000000000000000000e+00,0.000000000000000000e+00,0.000000000000000000e+00,0.000000000000000000e+00,0.000000000000000000e+00,0.000000000000000000e+00,0.000000000000000000e+00,0.000000000000000000e+00,0.000000000000000000e+00,0.000000000000000000e+00,0.000000000000000000e+00,0.000000000000000000e+00,0.000000000000000000e+00,0.000000000000000000e+00,0.000000000000000000e+00,0.000000000000000000e+00,0.000000000000000000e+00,0.000000000000000000e+00,0.000000000000000000e+00,0.000000000000000000e+00,0.000000000000000000e+00,0.000000000000000000e+00,0.000000000000000000e+00,0.000000000000000000e+00,0.000000000000000000e+00,0.000000000000000000e+00,0.000000000000000000e+00,0.000000000000000000e+00,0.000000000000000000e+00,0.000000000000000000e+00,0.000000000000000000e+00,0.000000000000000000e+00,0.000000000000000000e+00,0.000000000000000000e+00,0.000000000000000000e+00,0.000000000000000000e+00,0.000000000000000000e+00,0.000000000000000000e+00,0.000000000000000000e+00,0.000000000000000000e+00,0.000000000000000000e+00,0.000000000000000000e+00,0.000000000000000000e+00,0.000000000000000000e+00,0.000000000000000000e+00,0.000000000000000000e+00,0.000000000000000000e+00,0.000000000000000000e+00,0.000000000000000000e+00,0.000000000000000000e+00,0.000000000000000000e+00,0.000000000000000000e+00,0.000000000000000000e+00,0.000000000000000000e+00,0.000000000000000000e+00,0.000000000000000000e+00,0.000000000000000000e+00,0.000000000000000000e+00,0.000000000000000000e+00,0.000000000000000000e+00,0.000000000000000000e+00,0.000000000000000000e+00,0.000000000000000000e+00,0.000000000000000000e+00,0.000000000000000000e+00,0.000000000000000000e+00,0.000000000000000000e+00,0.000000000000000000e+00,0.000000000000000000e+00,0.000000000000000000e+00,0.000000000000000000e+00,0.000000000000000000e+00,0.000000000000000000e+00,0.000000000000000000e+00,0.000000000000000000e+00,0.000000000000000000e+00,0.000000000000000000e+00,0.000000000000000000e+00,0.000000000000000000e+00,0.000000000000000000e+00,0.000000000000000000e+00,0.000000000000000000e+00,0.000000000000000000e+00,0.000000000000000000e+00,0.000000000000000000e+00,0.000000000000000000e+00,0.000000000000000000e+00,0.000000000000000000e+00,0.000000000000000000e+00,0.000000000000000000e+00,0.000000000000000000e+00,0.000000000000000000e+00,0.000000000000000000e+00,0.000000000000000000e+00,0.000000000000000000e+00,0.000000000000000000e+00,0.000000000000000000e+00,0.000000000000000000e+00,0.000000000000000000e+00,0.000000000000000000e+00,0.000000000000000000e+00,0.000000000000000000e+00,0.000000000000000000e+00,0.000000000000000000e+00,0.000000000000000000e+00,0.000000000000000000e+00,0.000000000000000000e+00,0.000000000000000000e+00,0.000000000000000000e+00,0.000000000000000000e+00,0.000000000000000000e+00,0.000000000000000000e+00,0.000000000000000000e+00,0.000000000000000000e+00,0.000000000000000000e+00,0.000000000000000000e+00,0.000000000000000000e+00,0.000000000000000000e+00,0.000000000000000000e+00,0.000000000000000000e+00,0.000000000000000000e+00,0.000000000000000000e+00,0.000000000000000000e+00,0.000000000000000000e+00,0.000000000000000000e+00,0.000000000000000000e+00,0.000000000000000000e+00,0.000000000000000000e+00,0.000000000000000000e+00,0.000000000000000000e+00,0.000000000000000000e+00,0.000000000000000000e+00,0.000000000000000000e+00,0.000000000000000000e+00,0.000000000000000000e+00,0.000000000000000000e+00,0.000000000000000000e+00,0.000000000000000000e+00,0.000000000000000000e+00,0.000000000000000000e+00,0.000000000000000000e+00,0.000000000000000000e+00,0.000000000000000000e+00,0.000000000000000000e+00,0.000000000000000000e+00,0.000000000000000000e+00,0.000000000000000000e+00,0.000000000000000000e+00,0.000000000000000000e+00,3.119260302979075423e-04,3.826520231539996407e-04,4.246430903613447020e-04,4.507200894678639927e-04,4.563268435150552842e-04,4.425404528261253395e-04,4.198597111112689021e-04,3.805034927778306653e-04,3.352101265562632015e-04,2.839075211396368875e-04,2.291950000501008370e-04,1.732508257755428446e-04,1.179175621057263477e-04,6.465024179546770776e-05,1.509869176212579576e-05,-3.006187307762192353e-05,-7.006176017784086025e-05,-1.044251232378711381e-04,-1.330992928738209194e-04,-1.560145595540227462e-04,-1.734604811617510771e-04,-1.857474084477099487e-04,-1.933392704937665456e-04,-1.967512615842146575e-04,-1.965363148226425139e-04,-1.932578879661077441e-04,-1.874674276341835701e-04,-1.796833068946463677e-04,-1.703851469948546862e-04,-1.599984093700502639e-04,-1.488961388871779955e-04,-1.373940587716611958e-04,-1.257550415795777711e-04,-1.141912428727297451e-04,-1.028705545836547386e-04,-9.192121127769992811e-05,-8.143914827353737314e-05,-7.149254158454978916e-05,-6.212859800943587379e-05,-5.337693911102788663e-05,-4.525495194987712511e-05,-3.776965823481554804e-05,-3.092149733600694226e-05,-2.470477659560941320e-05,-1.911019546210658497e-05,-1.412425371166879766e-05,-9.730975266912650414e-06,-5.910728067773321034e-06,-2.641573531574022429e-06,1.021292271191754748e-07,2.348447188929494469e-06,4.129254961224803388e-06,5.478871618183246609e-06,6.435326246099772595e-06,7.038857056344531214e-06,7.333044278478586140e-06,7.363186619447853348e-06,7.177328333557135977e-06,6.824555909643939747e-06,6.355957899063559302e-06,5.822885785099879770e-06,5.277877763268488078e-06,4.772915433541375228e-06,4.360328602587758478e-06,4.091064753663023546e-06,4.015579512645091338e-06,4.182124992748280949e-06,4.637623569778993883e-06,5.425976267509667986e-06,6.588916482110548810e-06,8.164340199428867754e-06,1.018714016061746440e-05,1.268756432497949286e-05,1.569203783945992322e-05,1.922156284647005164e-05,2.329254361230483571e-05,2.791524773211283826e-05,3.309465725907967295e-05,3.882901714515200794e-05,4.511074096126064365e-05,5.192507598334015920e-05,5.925109518501806965e-05,6.706050898842067746e-05,7.531877501947590941e-05,8.398408366342060693e-05,9.300861319127206542e-05,1.023377096588730406e-04,1.119113073326792368e-04,1.216633132326364741e-04,1.315232015903842317e-04,1.414155999679100027e-04,1.512620524957828565e-04,1.609807889563334173e-04,1.704886359159345189e-04,1.797009337639087281e-04,1.885335590447717710e-04,1.969029387852919827e-04,2.047281329789622285e-04,2.119308822744585816e-04,2.184376883237261241e-04,2.241798216305270386e-04,2.290953308004529899e-04,2.331289333953597638e-04,2.362338841749695947e-04,2.383716741040716879e-04,2.395136931263680503e-04,2.396406714351471761e-04,2.387440842778226118e-04,2.368252849973857680e-04,2.338966172352819131e-04,2.299802101381937555e-04,2.251087858128101270e-04,2.193241118035129701e-04,2.126775167899519611e-04,2.052280217456032370e-04,1.970426022304849105e-04,1.881940449680331569e-04,1.787610181060916772e-04,1.688257217654530386e-04,1.584738459520074042e-04,1.477920997508968301e-04,1.368681483290481863e-04,1.257881143183254451e-04,1.146365893786701679e-04,1.034942020994444748e-04,9.243779549037895479e-05,8.153814833800444113e-05,7.086039804202433139e-05,6.046198738521404618e-05,5.039339326421503996e-05,4.069634947778983123e-05,3.140491763108274571e-05,2.254401058481221812e-05,1.413081416324935645e-05,6.173607598608124227e-06,-1.326483911941121264e-06,-8.376403468525783259e-06,-1.498912583008451110e-05,-2.118436307950384949e-05,-2.698631299344599957e-05,-3.242423209849020730e-05,-3.753005353212322766e-05,-4.233891487614507029e-05,-4.688673663750654537e-05,-5.121079432099103439e-05,-5.534734567182235344e-05,-5.933232884333247481e-05,-6.319911415466956570e-05,-6.697939376400815874e-05,-7.070111335901828450e-05,-7.438959548312986953e-05,-7.806568084711739200e-05,-8.174710039369037886e-05,-8.544682812253200956e-05,-8.917468974048697178e-05,-9.293590270368929512e-05,-9.673288557727461971e-05,-1.005639398613336497e-04,-1.044252072809486348e-04,-1.083094346740681247e-04,-1.122080188752811331e-04,-1.161097923493214042e-04,-1.200030985312963315e-04,-1.238745420439440179e-04,-1.277110500366019480e-04,-1.314985422798612812e-04,-1.352239485909144661e-04,-1.388737584859741660e-04,-1.424359673389601825e-04,-1.458984509941987917e-04,-1.492508082870704089e-04,-1.524825071842712875e-04,-1.555846636519757744e-04,-1.585480591871710611e-04,-1.613652121988548799e-04,-1.640287721927255699e-04,-1.665346722655262348e-04,-1.688814584242278704e-04,-1.710745753740894196e-04,-1.731249054550217288e-04,-1.750502007427091303e-04,-1.768655781714793969e-04,-1.785735494450340255e-04,-1.801398565639361854e-04,-1.814765288189631694e-04,-1.824278210328485130e-04,-1.828022109273707869e-04,-1.824508569965242180e-04,-1.814325789803201017e-04,-1.802006976645574620e-04,-1.797489016675916386e-04,-1.814734092135458093e-04,-1.865710564714782502e-04,-1.947498075023989064e-04,-2.025504318121038863e-04,-2.021283029961585859e-04,-1.828356235190986643e-04,-1.391511542780932945e-04,-8.881498308496306557e-05
0.000000000000000000e+00,0.000000000000000000e+00,0.000000000000000000e+00,0.000000000000000000e+00,0.000000000000000000e+00,0.000000000000000000e+00,0.000000000000000000e+00,0.000000000000000000e+00,0.000000000000000000e+00,0.000000000000000000e+00,0.000000000000000000e+00,0.000000000000000000e+00,0.000000000000000000e+00,0.000000000000000000e+00,0.000000000000000000e+00,0.000000000000000000e+00,0.000000000000000000e+00,0.000000000000000000e+00,0.000000000000000000e+00,0.000000000000000000e+00,0.000000000000000000e+00,0.000000000000000000e+00,0.000000000000000000e+00,0.000000000000000000e+00,0.000000000000000000e+00,0.000000000000000000e+00,0.000000000000000000e+00,0.000000000000000000e+00,0.000000000000000000e+00,0.000000000000000000e+00,0.000000000000000000e+00,0.000000000000000000e+00,0.000000000000000000e+00,0.000000000000000000e+00,0.000000000000000000e+00,0.000000000000000000e+00,0.000000000000000000e+00,0.000000000000000000e+00,0.000000000000000000e+00,0.000000000000000000e+00,0.000000000000000000e+00,0.000000000000000000e+00,0.000000000000000000e+00,0.000000000000000000e+00,0.000000000000000000e+00,0.000000000000000000e+00,0.000000000000000000e+00,0.000000000000000000e+00,0.000000000000000000e+00,0.000000000000000000e+00,0.000000000000000000e+00,0.000000000000000000e+00,0.000000000000000000e+00,0.000000000000000000e+00,0.000000000000000000e+00,0.000000000000000000e+00,0.000000000000000000e+00,0.000000000000000000e+00,0.000000000000000000e+00,0.000000000000000000e+00,0.000000000000000000e+00,0.000000000000000000e+00,0.000000000000000000e+00,0.000000000000000000e+00,0.000000000000000000e+00,0.000000000000000000e+00,0.000000000000000000e+00,0.000000000000000000e+00,0.000000000000000000e+00,0.000000000000000000e+00,0.000000000000000000e+00,0.000000000000000000e+00,0.000000000000000000e+00,0.000000000000000000e+00,0.000000000000000000e+00,0.000000000000000000e+00,0.000000000000000000e+00,0.000000000000000000e+00,0.000000000000000000e+00,0.000000000000000000e+00,0.000000000000000000e+00,0.000000000000000000e+00,0.000000000000000000e+00,0.000000000000000000e+00,0.000000000000000000e+00,0.000000000000000000e+00,0.000000000000000000e+00,0.000000000000000000e+00,0.000000000000000000e+00,0.000000000000000000e+00,0.000000000000000000e+00,0.000000000000000000e+00,0.000000000000000000e+00,0.000000000000000000e+00,0.000000000000000000e+00,0.000000000000000000e+00,0.000000000000000000e+00,0.000000000000000000e+00,0.000000000000000000e+00,0.000000000000000000e+00,0.000000000000000000e+00,0.000000000000000000e+00,0.000000000000000000e+00,0.000000000000000000e+00,0.000000000000000000e+00,0.000000000000000000e+00,0.000000000000000000e+00,0.000000000000000000e+00,0.000000000000000000e+00,0.000000000000000000e+00,0.000000000000000000e+00,0.000000000000000000e+00,0.000000000000000000e+00,0.000000000000000000e+00,0.000000000000000000e+00,0.000000000000000000e+00,0.000000000000000000e+00,0.000000000000000000e+00,0.000000000000000000e+00,0.000000000000000000e+00,0.000000000000000000e+00,0.000000000000000000e+00,0.000000000000000000e+00,0.000000000000000000e+00,0.000000000000000000e+00,0.000000000000000000e+00,0.000000000000000000e+00,0.000000000000000000e+00,0.000000000000000000e+00,0.000000000000000000e+00,0.000000000000000000e+00,0.000000000000000000e+00,0.000000000000000000e+00,0.000000000000000000e+00,0.000000000000000000e+00,0.000000000000000000e+00,0.000000000000000000e+00,0.000000000000000000e+00,0.000000000000000000e+00,0.000000000000000000e+00,0.000000000000000000e+00,0.000000000000000000e+00,0.000000000000000000e+00,0.000000000000000000e+00,0.000000000000000000e+00,0.000000000000000000e+00,0.000000000000000000e+00,0.000000000000000000e+00,0.000000000000000000e+00,0.000000000000000000e+00,0.000000000000000000e+00,0.000000000000000000e+00,0.000000000000000000e+00,0.000000000000000000e+00,0.000000000000000000e+00,0.000000000000000000e+00,0.000000000000000000e+00,0.000000000000000000e+00,0.000000000000000000e+00,0.000000000000000000e+00,0.000000000000000000e+00,0.000000000000000000e+00,0.000000000000000000e+00,0.000000000000000000e+00,0.000000000000000000e+00,0.000000000000000000e+00,0.000000000000000000e+00,0.000000000000000000e+00,0.000000000000000000e+00,0.000000000000000000e+00,0.000000000000000000e+00,0.000000000000000000e+00,0.000000000000000000e+00,0.000000000000000000e+00,2.703522243751913488e-04,3.652002985509713120e-04,4.088287907609682308e-04,4.328206524191746674e-04,4.599281380881569217e-04,4.496579351716620135e-04,4.296248419649686436e-04,3.979818996552376194e-04,3.544797769269202514e-04,3.069145482426310716e-04,2.534710511312523486e-04,1.986942512401165665e-04,1.434240282209906631e-04,8.955215980647720023e-05,3.844959188135140259e-05,-8.665329823424659271e-06,-5.109491698960771634e-05,-8.814914400728031570e-05,-1.196143258267774750e-04,-1.454059299421480345e-04,-1.655977878445161276e-04,-1.805049205176176752e-04,-1.904712778328369232e-04,-1.959967039140716831e-04,-1.975917955070864186e-04,-1.958137347520903912e-04,-1.912136350269124025e-04,-1.843264377707896809e-04,-1.756528368968725674e-04,-1.656498418157460707e-04,-1.547222843492952900e-04,-1.432217863751060537e-04,-1.314450404109568881e-04,-1.196369770475729655e-04,-1.079947388279214464e-04,-9.667228728317950315e-05,-8.578704141446105030e-05,-7.542464058966050113e-05,-6.564570670493346377e-05,-5.648981138198360140e-05,-4.798112606593980551e-05,-4.013098522550509852e-05,-3.294209073226301551e-05,-2.640958052166382853e-05,-2.052393014489259252e-05,-1.527082072242512157e-05,-1.063310486443359676e-05,-6.589912726549270375e-06,-3.118098676185133996e-06,-1.909909309328888986e-07,2.220341512775811844e-06,4.148410626992704154e-06,5.628014289038083239e-06,6.697477558849223320e-06,7.397242740149161354e-06,7.770980734019211980e-06,7.864059912312490011e-06,7.724538295613550868e-06,7.401544614995642804e-06,6.946186563152149296e-06,6.409887147028421654e-06,5.845244592979045928e-06,5.304359266109118837e-06,4.839669238828229683e-06,4.502289125892749340e-06,4.342831971243905030e-06,4.409769240879098990e-06,4.750240373952718605e-06,5.408436413236047350e-06,6.426395153491612516e-06,7.842409858904345366e-06,9.691809885263486825e-06,1.200539937426013475e-05,1.481022887376702064e-05,1.812807495468245837e-05,2.197621575249919393e-05,2.636596923275392692e-05,3.130349294559567374e-05,3.678840459775823134e-05,4.281463222116956826e-05,4.936914461649782811e-05,5.643288157383874102e-05,6.397962280940907188e-05,7.197702815400662459e-05,8.038567130324344567e-05,8.916021660006303348e-05,9.824863801273012978e-05,1.075935521884492061e-04,1.171316336379749757e-04,1.267951133642784085e-04,1.365113887425339803e-04,1.462046838933211631e-04,1.557958380573321304e-04,1.652041090627390501e-04,1.743471083706988516e-04,1.831427138587574956e-04,1.915091046639044953e-04,1.993667356588621443e-04,2.066384123452958028e-04,2.132512684066861677e-04,2.191368117324779302e-04,2.242328396991252726e-04,2.284833831939587969e-04,2.318404928903719390e-04,2.342640097639037209e-04,2.357231602202170505e-04,2.361960894416380286e-04,2.356712138932443306e-04,2.341464677117842505e-04,2.316303773648737546e-04,2.281409903768147319e-04,2.237066576173996654e-04,2.183646365150378058e-04,2.121615898808466058e-04,2.051518804022764062e-04,1.973978188902347905e-04,1.889676909376267558e-04,1.799358096347710551e-04,1.703803364237606267e-04,1.603832113883201774e-04,1.500278464254991943e-04,1.393990183343400257e-04,1.285805218719506481e-04,1.176551158443765423e-04,1.067022255298161724e-04,9.579802931820561196e-05,8.501329420845415606e-05,7.441368046050632183e-05,6.405778090081101534e-05,5.399770436162038532e-05,4.427737044142672973e-05,3.493341056868142804e-05,2.599374624570647437e-05,1.747882120202664500e-05,9.400465016319392594e-06,1.763443197804100682e-06,-5.435418216702985349e-06,-1.220540326659952553e-05,-1.856256887158015510e-05,-2.452769653098064618e-05,-3.012681010280349940e-05,-3.538898489057933024e-05,-4.034680031374114395e-05,-4.503409085834763606e-05,-4.948641758407519499e-05,-5.373884491064830125e-05,-5.782651005815734322e-05,-6.178250041527907834e-05,-6.563858677415127841e-05,-6.942325913271051778e-05,-7.316266950739884966e-05,-7.687886153527202890e-05,-8.059094422241597959e-05,-8.431352549500290353e-05,-8.805811258868710136e-05,-9.183173506500370657e-05,-9.563854397813161803e-05,-9.947858908322562525e-05,-1.033495704411472563e-04,-1.072457203530980069e-04,-1.111596499709033769e-04,-1.150812808352004771e-04,-1.189997266932354026e-04,-1.229022233743889286e-04,-1.267759924342159214e-04,-1.306071306943317454e-04,-1.343824146765081940e-04,-1.380881273519390224e-04,-1.417117714800302083e-04,-1.452408191711881968e-04,-1.486642947085508421e-04,-1.519714256058924469e-04,-1.551530405262568804e-04,-1.582001228159675703e-04,-1.611050363914976814e-04,-1.638601731868357964e-04,-1.664593148094081830e-04,-1.688969854127348672e-04,-1.711705765505559709e-04,-1.732809897576495582e-04,-1.752351596104346901e-04,-1.770461946270435248e-04,-1.787317645067958215e-04,-1.803068827210909156e-04,-1.817697767417038887e-04,-1.830827513395331713e-04,-1.841515362040058309e-04,-1.848222547686958995e-04,-1.849098889590111673e-04,-1.842921228244491418e-04,-1.830601456436168760e-04,-1.817123490929909216e-04,-1.812566229066954904e-04,-1.830690551676431097e-04,-1.882370333465293753e-04,-1.963227611079863637e-04,-2.037043839730650404e-04,-2.025543758757468676e-04,-1.824761475316604646e-04,-1.384890073547383952e-04,-8.848838260814152323e-05
0.000000000000000000e+00,0.000000000000000000e+00,0.000000000000000000e+00,0.000000000000000000e+00,0.000000000000000000e+00,0.000000000000000000e+00,0.000000000000000000e+00,0.000000000000000000e+00,0.000000000000000000e+00,0.000000000000000000e+00,0.000000000000000000e+00,0.000000000000000000e+00,0.000000000000000000e+00,0.000000000000000000e+00,0.000000000000000000e+00,0.000000000000000000e+00,0.000000000000000000e+00,0.000000000000000000e+00,0.000000000000000000e+00,0.000000000000000000e+00,0.000000000000000000e+00,0.000000000000000000e+00,0.000000000000000000e+00,0.000000000000000000e+00,0.000000000000000000e+00,0.000000000000000000e+00,0.000000000000000000e+00,0.000000000000000000e+00,0.000000000000000000e+00,0.000000000000000000e+00,0.000000000000000000e+00,0.000000000000000000e+00,0.000000000000000000e+00,0.000000000000000000e+00,0.000000000000000000e+00,0.000000000000000000e+00,0.000000000000000000e+00,0.000000000000000000e+00,0.000000000000000000e+00,0.000000000000000000e+00,0.000000000000000000e+00,0.000000000000000000e+00,0.000000000000000000e+00,0.000000000000000000e+00,0.000000000000000000e+00,0.000000000000000000e+00,0.000000000000000000e+00,0.000000000000000000e+00,0.000000000000000000e+00,0.000000000000000000e+00,0.000000000000000000e+00,0.000000000000000000e+00,0.000000000000000000e+00,0.000000000000000000e+00,0.000000000000000000e+00,0.000000000000000000e+00,0.000000000000000000e+00,0.000000000000000000e+00,0.000000000000000000e+00,0.000000000000000000e+00,0.000000000000000000e+00,0.000000000000000000e+00,0.000000000000000000e+00,0.000000000000000000e+00,0.000000000000000000e+00,0.000000000000000000e+00,0.000000000000000000e+00,0.000000000000000000e+00,0.000000000000000000e+00,0.000000000000000000e+00,0.000000000000000000e+00,0.000000000000000000e+00,0.000000000000000000e+00,0.000000000000000000e+00,0.000000000000000000e+00,0.000000000000000000e+00,0.000000000000000000e+00,0.000000000000000000e+00,0.000000000000000000e+00,0.000000000000000000e+00,0.000000000000000000e+00,0.000000000000000000e+00,0.000000000000000000e+00,0.000000000000000000e+00,0.000000000000000000e+00,0.000000000000000000e+00,0.000000000000000000e+00,0.000000000000000000e+00,0.000000000000000000e+00,0.000000000000000000e+00,0.000000000000000000e+00,0.000000000000000000e+00,0.000000000000000000e+00,0.000000000000000000e+00,0.000000000000000000e+00,0.000000000000000000e+00,0.000000000000000000e+00,0.000000000000000000e+00,0.000000000000000000e+00,0.000000000000000000e+00,0.000000000000000000e+00,0.000000000000000000e+00,0.000000000000000000e+00,0.000000000000000000e+00,0.000000000000000000e+00,0.000000000000000000e+00,0.000000000000000000e+00,0.000000000000000000e+00,0.000000000000000000e+00,0.000000000000000000e+00,0.000000000000000000e+00,0.000000000000000000e+00,0.000000000000000000e+00,0.000000000000000000e+00,0.000000000000000000e+00,0.000000000000000000e+00,0.000000000000000000e+00,0.000000000000000000e+00,0.000000000000000000e+00,0.000000000000000000e+00,0.000000000000000000e+00,0.000000000000000000e+00,0.000000000000000000e+00,0.000000000000000000e+00,0.000000000000000000e+00,0.000000000000000000e+00,0.000000000000000000e+00,0.000000000000000000e+00,0.000000000000000000e+00,0.000000000000000000e+00,0.000000000000000000e+00,0.000000000000000000e+00,0.000000000000000000e+00,0.000000000000000000e+00,0.000000000000000000e+00,0.000000000000000000e+00,0.000000000000000000e+00,0.000000000000000000e+00,0.000000000000000000e+00,0.000000000000000000e+00,0.000000000000000000e+00,0.000000000000000000e+00,0.000000000000000000e+00,0.000000000000000000e+00,0.000000000000000000e+00,0.000000000000000000e+00,0.000000000000000000e+00,0.000000000000000000e+00,0.000000000000000000e+00,0.000000000000000000e+00,0.000000000000000000e+00,0.000000000000000000e+00,0.000000000000000000e+00,0.000000000000000000e+00,0.000000000000000000e+00,0.000000000000000000e+00,0.000000000000000000e+00,0.000000000000000000e+00,0.000000000000000000e+00,0.000000000000000000e+00,0.000000000000000000e+00,0.000000000000000000e+00,0.000000000000000000e+00,0.000000000000000000e+00,0.000000000000000000e+00,0.000000000000000000e+00,0.000000000000000000e+00,0.000000000000000000e+00,0.000000000000000000e+00,0.000000000000000000e+00,0.000000000000000000e+00,0.000000000000000000e+00,0.000000000000000000e+00,2.909748551062626499e-04,3.731964083832567999e-04,4.126807872407355581e-04,4.474958468896129732e-04,4.496046818642121068e-04,4.356279143516156435e-04,4.118617691652360800e-04,3.730468247420457408e-04,3.277698884117606604e-04,2.771887058708673345e-04,2.227961202355105256e-04,1.684222638183307825e-04,1.140895789565280757e-04,6.214581801081393386e-05,1.334518374439878231e-05,-3.113906716724572485e-05,-7.069812658926975346e-05,-1.048267164436365428e-04,-1.333872163781329155e-04,-1.563379580267840608e-04,-1.738768053521339940e-04,-1.863206296466729268e-04,-1.940658969320353637e-04,-1.976207243492661371e-04,-1.974977250848160379e-04,-1.942545490776897694e-04,-1.884254088136437034e-04,-1.805309909325059266e-04,-1.710506909204816454e-04,-1.604206887048885953e-04,-1.490242038550988323e-04,-1.371926262201782622e-04,-1.252031370337082202e-04,-1.132841104420267481e-04,-1.016169412624552644e-04,-9.034315076248292738e-05,-7.956833580796797499e-05,-6.936919846683784602e-05,-5.979763599300427697e-05,-5.088680128011385475e-05,-4.265414009178197433e-05,-3.510608879593605033e-05,-2.823970284677096215e-05,-2.204598490044633151e-05,-1.651025655765713069e-05,-1.161440007554144769e-05,-7.336340971706270506e-06,-3.651607488338669990e-06,-5.323215609202975243e-07,2.051551608681638945e-06,4.133384925106562194e-06,5.748690600676241784e-06,6.936276877776304701e-06,7.736966566394771404e-06,8.194644922756230562e-06,8.354858407072142474e-06,8.265744879610821896e-06,7.976530885699734664e-06,7.538371736717810945e-06,7.002786967669185619e-06,6.422446051104123208e-06,5.849580846956958394e-06,5.336744996297106375e-06,4.935230739089877398e-06,4.695817131529592520e-06,4.667205775228092693e-06,4.896762211944592186e-06,5.428976261957904685e-06,6.306195566263529822e-06,7.567113015600459360e-06,9.247491642012819782e-06,1.137868335814441063e-05,1.398834886915050643e-05,1.709901693638280778e-05,2.072880975927751001e-05,2.489005830110175001e-05,2.959005079668698910e-05,3.482972560246707592e-05,4.060446656287234083e-05,4.690289903206571809e-05,5.370775963286458543e-05,6.099482261955003950e-05,6.873387234243114063e-05,7.688778540658389702e-05,8.541363148416582468e-05,9.426193152487239986e-05,1.033779063331979008e-04,1.127009224532372780e-04,1.221658983661153919e-04,1.317029380297348405e-04,1.412388922490095586e-04,1.506971659981954520e-04,1.599994184619470030e-04,1.690655153675753926e-04,1.778153367097327182e-04,1.861688308220334957e-04,1.940478853846053741e-04,2.013764274195184434e-04,2.080823023923422633e-04,2.140973551967912845e-04,2.193592553521341569e-04,2.238114895885704792e-04,2.274050693606112169e-04,2.300983666772296815e-04,2.318586440012189583e-04,2.326616718434760080e-04,2.324930306793552269e-04,2.313474613713419482e-04,2.292299035477462360e-04,2.261545473926313888e-04,2.221455920025992674e-04,2.172359882098490234e-04,2.114679222384518249e-04,2.048912622514448311e-04,1.975637952281857296e-04,1.895494127509494780e-04,1.809181502506379861e-04,1.717441679592532095e-04,1.621056593853524520e-04,1.520826993234802263e-04,1.417571008115354211e-04,1.312102120174496434e-04,1.205228067471036192e-04,1.097729149719870161e-04,9.903583062600312178e-05,8.838205623686687005e-05,7.787750337953267769e-05,6.758162073138334269e-05,5.754784784957484576e-05,4.782197894322793495e-05,3.844291083904556702e-05,2.944127328284416398e-05,2.084048868199454596e-05,1.265567563164732209e-05,4.895013248245131678e-06,-2.441100032289116404e-06,-9.358408808855183758e-06,-1.586942751472357336e-05,-2.199158188261283320e-05,-2.774768116944455009e-05,-3.316390725811498990e-05,-3.827020515231556382e-05,-4.309819758529971092e-05,-4.768157227282968270e-05,-5.205400140149971165e-05,-5.624960169583001778e-05,-6.030093159145830806e-05,-6.423958987099107488e-05,-6.809434939615083499e-05,-7.189194308031313606e-05,-7.565537338755230193e-05,-7.940491279714707276e-05,-8.315660529080276498e-05,-8.692348493136206860e-05,-9.071426214730883737e-05,-9.453474161818460121e-05,-9.838666528972466721e-05,-1.022692923207948145e-04,-1.061783550205187192e-04,-1.101077514896232234e-04,-1.140485618922352444e-04,-1.179908001146629876e-04,-1.219224368664709391e-04,-1.258311607566909402e-04,-1.297033615406314728e-04,-1.335258628819808264e-04,-1.372848316457956274e-04,-1.409674608929407903e-04,-1.445607830657975195e-04,-1.480532934759850369e-04,-1.514336444182040728e-04,-1.546921959214635439e-04,-1.578195504574564324e-04,-1.608080162741009592e-04,-1.636499584982927576e-04,-1.663392580121253309e-04,-1.688696366422044346e-04,-1.712365188177430921e-04,-1.734358475045121213e-04,-1.754670411840184409e-04,-1.773326000109941118e-04,-1.790417467428109062e-04,-1.806085191699075747e-04,-1.820516461587821564e-04,-1.833840195197748257e-04,-1.846015823976118839e-04,-1.856605725873744679e-04,-1.864642999907207231e-04,-1.868573885738419567e-04,-1.866675460534844458e-04,-1.857926910321366226e-04,-1.843634426965993730e-04,-1.829096595068429427e-04,-1.824613229939922295e-04,-1.843538846117477603e-04,-1.895853361679155074e-04,-1.975556992865387510e-04,-2.045304323007453805e-04,-2.026835266009491233e-04,-1.819318902455346291e-04,-1.377557695882124776e-04,-8.822072089278983162e-05
0.000000000000000000e+00,0.000000000000000000e+00,0.000000000000000000e+00,0.000000000000000000e+00,0.000000000000000000e+00,0.000000000000000000e+00,0.000000000000000000e+00,0.000000000000000000e+00,0.000000000000000000e+00,0.000000000000000000e+00,0.000000000000000000e+00,0.000000000000000000e+00,0.000000000000000000e+00,0.000000000000000000e+00,0.000000000000000000e+00,0.000000000000000000e+00,0.000000000000000000e+00,0.000000000000000000e+00,0.000000000000000000e+00,0.000000000000000000e+00,0.000000000000000000e+00,0.000000000000000000e+00,0.000000000000000000e+00,0.000000000000000000e+00,0.000000000000000000e+00,0.000000000000000000e+00,0.000000000000000000e+00,0.000000000000000000e+00,0.000000000000000000e+00,0.000000000000000000e+00,0.000000000000000000e+00,0.000000000000000000e+00,0.000000000000000000e+00,0.000000000000000000e+00,0.000000000000000000e+00,0.000000000000000000e+00,0.000000000000000000e+00,0.000000000000000000e+00,0.000000000000000000e+00,0.000000000000000000e+00,0.000000000000000000e+00,0.000000000000000000e+00,0.000000000000000000e+00,0.000000000000000000e+00,0.000000000000000000e+00,0.000000000000000000e+00,0.000000000000000000e+00,0.000000000000000000e+00,0.000000000000000000e+00,0.000000000000000000e+00,0.000000000000000000e+00,0.000000000000000000e+00,0.000000000000000000e+00,0.000000000000000000e+00,0.000000000000000000e+00,0.000000000000000000e+00,0.000000000000000000e+00,0.000000000000000000e+00,0.000000000000000000e+00,0.000000000000000000e+00,0.000000000000000000e+00,0.000000000000000000e+00,0.000000000000000000e+00,0.000000000000000000e+00,0.000000000000000000e+00,0.000000000000000000e+00,0.000000000000000000e+00,0.000000000000000000e+00,0.000000000000000000e+00,0.000000000000000000e+00,0.000000000000000000e+00,0.000000000000000000e+00,0.000000000000000000e+00,0.000000000000000000e+00,0.000000000000000000e+00,0.000000000000000000e+00,0.000000000000000000e+00,0.000000000000000000e+00,0.000000000000000000e+00,0.000000000000000000e+00,0.000000000000000000e+00,0.000000000000000000e+00,0.000000000000000000e+00,0.000000000000000000e+00,0.000000000000000000e+00,0.000000000000000000e+00,0.000000000000000000e+00,0.000000000000000000e+00,0.000000000000000000e+00,0.000000000000000000e+00,0.000000000000000000e+00,0.000000000000000000e+00,0.000000000000000000e+00,0.000000000000000000e+00,0.000000000000000000e+00,0.000000000000000000e+00,0.000000000000000000e+00,0.000000000000000000e+00,0.000000000000000000e+00,0.000000000000000000e+00,0.000000000000000000e+00,0.000000000000000000e+00,0.000000000000000000e+00,0.000000000000000000e+00,0.000000000000000000e+00,0.000000000000000000e+00,0.000000000000000000e+00,0.000000000000000000e+00,0.000000000000000000e+00,0.000000000000000000e+00,0.000000000000000000e+00,0.000000000000000000e+00,0.000000000000000000e+00,0.000000000000000000e+00,0.000000000000000000e+00,0.000000000000000000e+00,0.000000000000000000e+00,0.000000000000000000e+00,0.000000000000000000e+00,0.000000000000000000e+00,0.000000000000000000e+00,0.000000000000000000e+00,0.000000000000000000e+00,0.000000000000000000e+00,0.000000000000000000e+00,0.000000000000000000e+00,0.000000000000000000e+00,0.000000000000000000e+00,0.000000000000000000e+00,0.000000000000000000e+00,0.000000000000000000e+00,0.000000000000000000e+00,0.000000000000000000e+00,0.000000000000000000e+00,0.000000000000000000e+00,0.000000000000000000e+00,0.000000000000000000e+00,0.000000000000000000e+00,0.000000000000000000e+00,0.000000000000000000e+00,0.000000000000000000e+00,0.000000000000000000e+00,0.000000000000000000e+00,0.000000000000000000e+00,0.000000000000000000e+00,0.000000000000000000e+00,0.000000000000000000e+00,0.000000000000000000e+00,0.000000000000000000e+00,0.000000000000000000e+00,0.000000000000000000e+00,0.000000000000000000e+00,0.000000000000000000e+00,0.000000000000000000e+00,0.000000000000000000e+00,0.000000000000000000e+00,0.000000000000000000e+00,0.000000000000000000e+00,0.000000000000000000e+00,0.000000000000000000e+00,0.000000000000000000e+00,0.000000000000000000e+00,0.000000000000000000e+00,0.000000000000000000e+00,0.000000000000000000e+00,0.000000000000000000e+00,0.000000000000000000e+00,0.000000000000000000e+00,0.000000000000000000e+00,0.000000000000000000e+00,0.000000000000000000e+00,2.816421651006270968e-04,3.602577579253294889e-04,4.070167091988603444e-04,4.374071252967920475e-04,4.467448840949393512e-04,4.385236919774350038e-04,4.206001638695624828e-04,3.887589505368012951e-04,3.463111554889862411e-04,2.991959797199849735e-04,2.467821017525525878e-04,1.925887511463932338e-04,1.385154487854738960e-04,8.559553772377492711e-05,3.577919864409243771e-05,-1.054875503676515500e-05,-5.222507697287103855e-05,-8.887574774198006078e-05,-1.200588640353607913e-04,-1.457243112923610451e-04,-1.659066639175443207e-04,-1.808648399337499206e-04,-1.909341802016616965e-04,-1.965590913367210773e-04,-1.982422287525742054e-04,-1.965052669186504884e-04,-1.918951082567656446e-04,-1.849319299012975877e-04,-1.761196324851035423e-04,-1.659163052615607683e-04,-1.547369674118109686e-04,-1.429438651379199383e-04,-1.308476830564852232e-04,-1.187075634272014739e-04,-1.067345616591340357e-04,-9.509584359731449127e-05,-8.391962505142252018e-05,-7.330100383996882452e-05,-6.330675723422068740e-05,-5.398122592389798798e-05,-4.535001553374447486e-05,-3.742494743247866835e-05,-3.020634782091251218e-05,-2.368672422256945742e-05,-1.785171880871739810e-05,-1.268263941300717104e-05,-8.156378886428624313e-06,-4.247144555881582057e-06,-9.257297961269029720e-07,1.839188444374889067e-06,4.082075685644342251e-06,5.839383243381113832e-06,7.150627160068477573e-06,8.057196840510954934e-06,8.603359240249624026e-06,8.834962342297459430e-06,8.800327171137758723e-06,8.548845814243780065e-06,8.131775178285016601e-06,7.600762522808162954e-06,7.008573711526428587e-06,6.407585787122914297e-06,5.850480921803114151e-06,5.388737551931681312e-06,5.073310495960491998e-06,4.953139623821794234e-06,5.075825116539907921e-06,5.486162287955119622e-06,6.226813574022029360e-06,7.336872949978622933e-06,8.852534384821808043e-06,1.080568939277588832e-05,1.322459454619942871e-05,1.613250962016327987e-05,1.954837254879536462e-05,2.348549143994693692e-05,2.795224215074055627e-05,3.295083332942565501e-05,3.847804788329337923e-05,4.452410466796556123e-05,5.107346923786794613e-05,5.810383780440418338e-05,6.558704393444398100e-05,7.348818930188440125e-05,8.176667095437025888e-05,9.037547889881685751e-05,9.926236305846523520e-05,1.083693098988641713e-04,1.176338594374345123e-04,1.269887623123052106e-04,1.363634457236022552e-04,1.456838393109066850e-04,1.548739756101882100e-04,1.638559589144031727e-04,1.725516719538397741e-04,1.808828479359813517e-04,1.887728421506906285e-04,1.961467551147673882e-04,2.029332171618446624e-04,2.090645015184983233e-04,2.144782630147837148e-04,2.191175751934711232e-04,2.229325621101450644e-04,2.258802940549768732e-04,2.279262545815732019e-04,2.290440354422154309e-04,2.292165895718614873e-04,2.284356772203957056e-04,2.267028691864134756e-04,2.240287121810755641e-04,2.204334642249608490e-04,2.159459668420391485e-04,2.106041148280035288e-04,2.044534443690571241e-04,1.975473606410050264e-04,1.899454725029563152e-04,1.817136216295534284e-04,1.729220140301492166e-04,1.636451116831402709e-04,1.539596268650485656e-04,1.439443497976358873e-04,1.336780820730395570e-04,1.232394803641330503e-04,1.127050090915726409e-04,1.021488801234681496e-04,9.164110188961379689e-05,8.124758820407208197e-05,7.102837157190717936e-05,6.103794140411913384e-05,5.132367412986665791e-05,4.192644322774022715e-05,3.287929924345700766e-05,2.420837272420335134e-05,1.593181499604847596e-05,8.060992046388109369e-06,5.996738408084685187e-07,-6.454505565132414500e-06,-1.311064422919995285e-05,-1.938289113802597278e-05,-2.529088055460905645e-05,-3.085789106534957122e-05,-3.611118414620118370e-05,-4.108007497275743993e-05,-4.579624817707476350e-05,-5.029181515608701622e-05,-5.459967955304021955e-05,-5.875165157428005212e-05,-6.277892794350499581e-05,-6.671032253142741820e-05,-7.057291124926105418e-05,-7.439042138618153399e-05,-7.818407279030090899e-05,-8.197114772497170535e-05,-8.576603804348088703e-05,-8.957899565659508236e-05,-9.341737391089232365e-05,-9.728453864006186011e-05,-1.011812732726692833e-04,-1.051048144451716929e-04,-1.090503767386237580e-04,-1.130102669026294775e-04,-1.169754770384046522e-04,-1.209348287088527792e-04,-1.248765834143640216e-04,-1.287875724656026711e-04,-1.326547804134579314e-04,-1.364644279018547234e-04,-1.402034957970649286e-04,-1.438587439765312505e-04,-1.474181568738953203e-04,-1.508698948900606088e-04,-1.542036463275280652e-04,-1.574095093175668914e-04,-1.604792215981711478e-04,-1.634049614424533978e-04,-1.661804177705847937e-04,-1.687995371235181561e-04,-1.712574901382309632e-04,-1.735496060307167409e-04,-1.756725866278541302e-04,-1.776242280434550832e-04,-1.794053942092294898e-04,-1.810208226277294698e-04,-1.824810357969727163e-04,-1.838018920318851095e-04,-1.850015532968569661e-04,-1.860922094601450089e-04,-1.870652240659403205e-04,-1.878735026002511534e-04,-1.884150869589283032e-04,-1.885380496884807365e-04,-1.880785317169081849e-04,-1.869614788723624192e-04,-1.853479715368326858e-04,-1.838068135129957456e-04,-1.833737779516818821e-04,-1.853564086919318513e-04,-1.906445404199104681e-04,-1.985076018555266000e-04,-2.050805334009503974e-04,-2.025889034373698559e-04,-1.812143918406184545e-04,-1.369332972539131599e-04,-8.787038791828067903e-05
0.000000000000000000e+00,0.000000000000000000e+00,0.000000000000000000e+00,0.000000000000000000e+00,0.000000000000000000e+00,0.000000000000000000e+00,0.000000000000000000e+00,0.000000000000000000e+00,0.000000000000000000e+00,0.000000000000000000e+00,0.000000000000000000e+00,0.000000000000000000e+00,0.000000000000000000e+00,0.000000000000000000e+00,0.000000000000000000e+00,0.000000000000000000e+00,0.000000000000000000e+00,0.000000000000000000e+00,0.000000000000000000e+00,0.000000000000000000e+00,0.000000000000000000e+00,0.000000000000000000e+00,0.000000000000000000e+00,0.000000000000000000e+00,0.000000000000000000e+00,0.000000000000000000e+00,0.000000000000000000e+00,0.000000000000000000e+00,0.000000000000000000e+00,0.000000000000000000e+00,0.000000000000000000e+00,0.000000000000000000e+00,0.000000000000000000e+00,0.000000000000000000e+00,0.000000000000000000e+00,0.000000000000000000e+00,0.000000000000000000e+00,0.000000000000000000e+00,0.000000000000000000e+00,0.000000000000000000e+00,0.000000000000000000e+00,0.000000000000000000e+00,0.000000000000000000e+00,0.000000000000000000e+00,0.000000000000000000e+00,0.000000000000000000e+00,0.000000000000000000e+00,0.000000000000000000e+00,0.000000000000000000e+00,0.000000000000000000e+00,0.000000000000000000e+00,0.000000000000000000e+00,0.000000000000000000e+00,0.000000000000000000e+00,0.000000000000000000e+00,0.000000000000000000e+00,0.000000000000000000e+00,0.000000000000000000e+00,0.000000000000000000e+00,0.000000000000000000e+00,0.000000000000000000e+00,0.000000000000000000e+00,0.000000000000000000e+00,0.000000000000000000e+00,0.000000000000000000e+00,0.000000000000000000e+00,0.000000000000000000e+00,0.000000000000000000e+00,0.000000000000000000e+00,0.000000000000000000e+00,0.000000000000000000e+00,0.000000000000000000e+00,0.000000000000000000e+00,0.000000000000000000e+00,0.000000000000000000e+00,0.000000000000000000e+00,0.000000000000000000e+00,0.000000000000000000e+00,0.000000000000000000e+00,0.000000000000000000e+00,0.000000000000000000e+00,0.000000000000000000e+00,0.000000000000000000e+00,0.000000000000000000e+00,0.000000000000000000e+00,0.000000000000000000e+00,0.000000000000000000e+00,0.000000000000000000e+00,0.000000000000000000e+00,0.000000000000000000e+00,0.000000000000000000e+00,0.000000000000000000e+00,0.000000000000000000e+00,0.000000000000000000e+00,0.000000000000000000e+00,0.000000000000000000e+00,0.000000000000000000e+00,0.000000000000000000e+00,0.000000000000000000e+00,0.000000000000000000e+00,0.000000000000000000e+00,0.000000000000000000e+00,0.000000000000000000e+00,0.000000000000000000e+00,0.000000000000000000e+00,0.000000000000000000e+00,0.000000000000000000e+00,0.000000000000000000e+00,0.000000000000000000e+00,0.000000000000000000e+00,0.000000000000000000e+00,0.000000000000000000e+00,0.000000000000000000e+00,0.000000000000000000e+00,0.000000000000000000e+00,0.000000000000000000e+00,0.000000000000000000e+00,0.000000000000000000e+00,0.000000000000000000e+00,0.000000000000000000e+00,0.000000000000000000e+00,0.000000000000000000e+00,0.000000000000000000e+00,0.000000000000000000e+00,0.000000000000000000e+00,0.000000000000000000e+00,0.000000000000000000e+00,0.000000000000000000e+00,0.000000000000000000e+00,0.000000000000000000e+00,0.000000000000000000e+00,0.000000000000000000e+00,0.000000000000000000e+00,0.000000000000000000e+00,0.000000000000000000e+00,0.000000000000000000e+00,0.000000000000000000e+00,0.000000000000000000e+00,0.000000000000000000e+00,0.000000000000000000e+00,0.000000000000000000e+00,0.000000000000000000e+00,0.000000000000000000e+00,0.000000000000000000e+00,0.000000000000000000e+00,0.000000000000000000e+00,0.000000000000000000e+00,0.000000000000000000e+00,0.000000000000000000e+00,0.000000000000000000e+00,0.000000000000000000e+00,0.000000000000000000e+00,0.000000000000000000e+00,0.000000000000000000e+00,0.000000000000000000e+00,0.000000000000000000e+00,0.000000000000000000e+00,0.000000000000000000e+00,0.000000000000000000e+00,0.000000000000000000e+00,0.000000000000000000e+00,0.000000000000000000e+00,0.000000000000000000e+00,0.000000000000000000e+00,0.000000000000000000e+00,0.000000000000000000e+00,0.000000000000000000e+00,0.000000000000000000e+00,0.000000000000000000e+00,0.000000000000000000e+00,2.966965713117000899e-04,3.711620109876751471e-04,4.084576223925711659e-04,4.454402103604684828e-04,4.417554072972727330e-04,4.274600627488922945e-04,4.004549931180628416e-04,3.630355075063592535e-04,3.191436118055137250e-04,2.693459824323990405e-04,2.161372203860190393e-04,1.625713206867559037e-04,1.093408425260881147e-04,5.827314181729543818e-05,1.060075118583475061e-05,-3.309322557463591848e-05,-7.188247383474486525e-05,-1.055884551403422775e-04,-1.338213608981147563e-04,-1.566379075335686108e-04,-1.741206232529217586e-04,-1.865790854796889504e-04,-1.943763485358178389e-04,-1.979828185339229632e-04,-1.978989073459406047e-04,-1.946525449064227375e-04,-1.887751131747029748e-04,-1.807739068702430565e-04,-1.711335216878381003e-04,-1.602906534747917467e-04,-1.486399185591731934e-04,-1.365216931958301806e-04,-1.242275016616371461e-04,-1.119976991508165378e-04,-1.000274556293533887e-04,-8.846905406568669750e-05,-7.743865175091967188e-05,-6.702003992165461060e-05,-5.727120702530072568e-05,-4.822795100106040293e-05,-3.990939386366423110e-05,-3.232064189870361283e-05,-2.545694611358574873e-05,-1.930514798076403136e-05,-1.384658872195097974e-05,-9.057467982941637421e-06,-4.910811385294426707e-06,-1.376065447330458219e-06,1.579510606082444273e-06,3.991664292937025012e-06,5.898013082131713545e-06,7.339003016567176955e-06,8.356806735251824325e-06,8.996254736703458189e-06,9.303656924885344654e-06,9.327637891004760090e-06,9.117854734658987288e-06,8.725732863344876710e-06,8.203100434903506282e-06,7.602851630292700453e-06,6.977534664762300076e-06,6.379974919202784852e-06,5.861850947028461774e-06,5.474302099074410503e-06,5.266516262383248751e-06,5.286335194693354149e-06,5.578866698186160232e-06,6.187091908133993302e-06,7.150507586659940066e-06,8.505735759040402999e-06,1.028520000478563897e-05,1.251773904187492583e-05,1.522732339040174627e-05,1.843367923943285160e-05,2.215105686010866774e-05,2.638887739955917108e-05,3.115057002607687572e-05,3.643426037157343348e-05,4.223169799708945799e-05,4.852900962034938716e-05,5.530574091400983883e-05,6.253569943727672940e-05,7.018613427713596843e-05,7.821869220833184812e-05,8.658875491549303770e-05,9.524652714453199390e-05,1.041365442109080480e-04,1.131989029440944765e-04,1.223689422200425255e-04,1.315786168378409843e-04,1.407563415838973086e-04,1.498284956429106279e-04,1.587194072181315663e-04,1.673529628085648963e-04,1.756526959439942649e-04,1.835434630403864301e-04,1.909515877948872215e-04,1.978065548105597681e-04,2.040411520712516621e-04,2.095931264549544151e-04,2.144052616853599636e-04,2.184269372741587021e-04,2.216140792729865544e-04,2.239305667051838165e-04,2.253479976660376018e-04,2.258468950121644305e-04,2.254162407084770066e-04,2.240544450114183468e-04,2.217686167677116187e-04,2.185752766717672703e-04,2.144993493900461043e-04,2.095746204105373392e-04,2.038424559617943400e-04,1.973520229418906057e-04,1.901587629213778512e-04,1.823244138855546379e-04,1.739152833491004128e-04,1.650021273671809874e-04,1.556582831823739865e-04,1.459594735223354947e-04,1.359818697437374234e-04,1.258018965624930401e-04,1.154943013081132278e-04,1.051320351912900361e-04,9.478440258159049291e-05,8.451708958299122994e-05,7.439045934934409546e-05,6.445978757862291092e-05,5.477375650354804310e-05,4.537494089229855834e-05,3.629853566177942227e-05,2.757311643375850372e-05,1.921961521405859106e-05,1.125235814295282994e-05,3.678282102393591310e-06,-3.501769179291570957e-06,-1.029361550490684652e-05,-1.670822425463916393e-05,-2.276211375542704793e-05,-2.847567202393062812e-05,-3.387345282701881456e-05,-3.898239452778367301e-05,-4.383207643863890285e-05,-4.845290774523845621e-05,-5.287641301204317173e-05,-5.713345891606494274e-05,-6.125463221734132456e-05,-6.526856319406961317e-05,-6.920244761289865657e-05,-7.308051130050830543e-05,-7.692471098510810608e-05,-8.075336603433815193e-05,-8.458205344888831143e-05,-8.842241263610897196e-05,-9.228322970052246169e-05,-9.616940165662315662e-05,-1.000831869444049674e-04,-1.040232990793526363e-04,-1.079862862509291618e-04,-1.119657129799106146e-04,-1.159536233625514028e-04,-1.199397640189334239e-04,-1.239130838189174552e-04,-1.278609525513510687e-04,-1.317706547662054139e-04,-1.356285656246250418e-04,-1.394216070834765938e-04,-1.431363539792747180e-04,-1.467604354083000019e-04,-1.502815571895247098e-04,-1.536888455580026809e-04,-1.569717796890895490e-04,-1.601214799990770461e-04,-1.631295365002606969e-04,-1.659892347941556206e-04,-1.686942482354865228e-04,-1.712398010260774773e-04,-1.736212270045262300e-04,-1.758351920090981009e-04,-1.778783244977144454e-04,-1.797489330444334915e-04,-1.814461993573776219e-04,-1.829729400741738287e-04,-1.843353641527268965e-04,-1.855460087814505578e-04,-1.866212693081681741e-04,-1.875798050076430930e-04,-1.884311837450263003e-04,-1.891641506128304690e-04,-1.897258479897566104e-04,-1.900128258161801241e-04,-1.898733795627291910e-04,-1.891578689643690395e-04,-1.878119302164421448e-04,-1.860334162336161495e-04,-1.844167362077272858e-04,-1.840109592503134267e-04,-1.860765776925458440e-04,-1.914151828267128986e-04,-1.991505716843792952e-04,-2.053346986932913976e-04,-2.022285094965853996e-04,-1.803357879522032143e-04,-1.360518540130258133e-04,-8.757802503561047376e-05
0.000000000000000000e+00,0.000000000000000000e+00,0.000000000000000000e+00,0.000000000000000000e+00,0.000000000000000000e+00,0.000000000000000000e+00,0.000000000000000000e+00,0.000000000000000000e+00,0.000000000000000000e+00,0.000000000000000000e+00,0.000000000000000000e+00,0.000000000000000000e+00,0.000000000000000000e+00,0.000000000000000000e+00,0.000000000000000000e+00,0.000000000000000000e+00,0.000000000000000000e+00,0.000000000000000000e+00,0.000000000000000000e+00,0.000000000000000000e+00,0.000000000000000000e+00,0.000000000000000000e+00,0.000000000000000000e+00,0.000000000000000000e+00,0.000000000000000000e+00,0.000000000000000000e+00,0.000000000000000000e+00,0.000000000000000000e+00,0.000000000000000000e+00,0.000000000000000000e+00,0.000000000000000000e+00,0.000000000000000000e+00,0.000000000000000000e+00,0.000000000000000000e+00,0.000000000000000000e+00,0.000000000000000000e+00,0.000000000000000000e+00,0.000000000000000000e+00,0.000000000000000000e+00,0.000000000000000000e+00,0.000000000000000000e+00,0.000000000000000000e+00,0.000000000000000000e+00,0.000000000000000000e+00,0.000000000000000000e+00,0.000000000000000000e+00,0.000000000000000000e+00,0.000000000000000000e+00,0.000000000000000000e+00,0.000000000000000000e+00,0.000000000000000000e+00,0.000000000000000000e+00,0.000000000000000000e+00,0.000000000000000000e+00,0.000000000000000000e+00,0.000000000000000000e+00,0.000000000000000000e+00,0.000000000000000000e+00,0.000000000000000000e+00,0.000000000000000000e+00,0.000000000000000000e+00,0.000000000000000000e+00,0.000000000000000000e+00,0.000000000000000000e+00,0.000000000000000000e+00,0.000000000000000000e+00,0.000000000000000000e+00,0.000000000000000000e+00,0.000000000000000000e+00,0.000000000000000000e+00,0.000000000000000000e+00,0.000000000000000000e+00,0.000000000000000000e+00,0.000000000000000000e+00,0.000000000000000000e+00,0.000000000000000000e+00,0.000000000000000000e+00,0.000000000000000000e+00,0.000000000000000000e+00,0.000000000000000000e+00,0.000000000000000000e+00,0.000000000000000000e+00,0.000000000000000000e+00,0.000000000000000000e+00,0.000000000000000000e+00,0.000000000000000000e+00,0.000000000000000000e+00,0.000000000000000000e+00,0.000000000000000000e+00,0.000000000000000000e+00,0.000000000000000000e+00,0.000000000000000000e+00,0.000000000000000000e+00,0.000000000000000000e+00,0.000000000000000000e+00,0.000000000000000000e+00,0.000000000000000000e+00,0.000000000000000000e+00,0.000000000000000000e+00,0.000000000000000000e+00,0.000000000000000000e+00,0.000000000000000000e+00,0.000000000000000000e+00,0.000000000000000000e+00,0.000000000000000000e+00,0.000000000000000000e+00,0.000000000000000000e+00,0.000000000000000000e+00,0.000000000000000000e+00,0.000000000000000000e+00,0.000000000000000000e+00,0.000000000000000000e+00,0.000000000000000000e+00,0.000000000000000000e+00,0.000000000000000000e+00,0.000000000000000000e+00,0.000000000000000000e+00,0.000000000000000000e+00,0.000000000000000000e+00,0.000000000000000000e+00,0.000000000000000000e+00,0.000000000000000000e+00,0.000000000000000000e+00,0.000000000000000000e+00,0.000000000000000000e+00,0.000000000000000000e+00,0.000000000000000000e+00,0.000000000000000000e+00,0.000000000000000000e+00,0.000000000000000000e+00,0.000000000000000000e+00,0.000000000000000000e+00,0.000000000000000000e+00,0.000000000000000000e+00,0.000000000000000000e+00,0.000000000000000000e+00,0.000000000000000000e+00,0.000000000000000000e+00,0.000000000000000000e+00,0.000000000000000000e+00,0.000000000000000000e+00,0.000000000000000000e+00,0.000000000000000000e+00,0.000000000000000000e+00,0.000000000000000000e+00,0.000000000000000000e+00,0.000000000000000000e+00,0.000000000000000000e+00,0.000000000000000000e+00,0.000000000000000000e+00,0.000000000000000000e+00,0.000000000000000000e+00,0.000000000000000000e+00,0.000000000000000000e+00,0.000000000000000000e+00,0.000000000000000000e+00,0.000000000000000000e+00,0.000000000000000000e+00,0.000000000000000000e+00,0.000000000000000000e+00,0.000000000000000000e+00,0.000000000000000000e+00,0.000000000000000000e+00,0.000000000000000000e+00,0.000000000000000000e+00,0.000000000000000000e+00,0.000000000000000000e+00,0.000000000000000000e+00,2.965447118777842991e-04,3.640013994000818823e-04,4.056120725380850953e-04,4.326376210497743634e-04,4.409810826993191928e-04,4.308844527291856596e-04,4.123014307903567375e-04,3.777227269203309898e-04,3.370098422162763055e-04,2.899435335700671157e-04,2.389396879995888019e-04,1.859954579796241922e-04,1.329054405611056384e-04,8.107393313687996867e-05,3.212109370477261248e-05,-1.322319956845197594e-05,-5.414440680677737365e-05,-9.006096370385482377e-05,-1.208007039122156750e-04,-1.461104266834629170e-04,-1.661349956737203845e-04,-1.809948705392409765e-04,-1.910487728269763823e-04,-1.966784745911871399e-04,-1.983727437249440339e-04,-1.966309656033007338e-04,-1.919808264820531125e-04,-1.849370025391116701e-04,-1.759943103618522215e-04,-1.656151606449114959e-04,-1.542167244984015003e-04,-1.421715505801844626e-04,-1.297996650216509966e-04,-1.173728432605012625e-04,-1.051138870609872949e-04,-9.320161264766594700e-05,-8.177461046779691196e-05,-7.093631720791017999e-05,-6.076034418032511724e-05,-5.129504544503956634e-05,-4.256870364437681748e-05,-3.459300375250407765e-05,-2.736730932920288130e-05,-2.088079754485035885e-05,-1.511562519922791221e-05,-1.004783958044224497e-05,-5.649568871817050024e-06,-1.889020640436619811e-06,1.268005913289571482e-06,3.858676681457140728e-06,5.921970418604606463e-06,7.499485144788790376e-06,8.634396855732692815e-06,9.372307434823161549e-06,9.760166502297927736e-06,9.847054282358649939e-06,9.683010012814760760e-06,9.319721120880104776e-06,8.809262060506702413e-06,8.204705187521518878e-06,7.558801678795246942e-06,6.924544449532921080e-06,6.353826977523391794e-06,5.897985761951775794e-06,5.606464886793557554e-06,5.527355542027201291e-06,5.706083089061407613e-06,6.185951405594975796e-06,7.006860657295614179e-06,8.205858561568462017e-06,9.815893361691421416e-06,1.186637347585429883e-05,1.438196112153238944e-05,1.738314520872241931e-05,2.088508512392435570e-05,2.489820729432869653e-05,2.942711388646758637e-05,3.447121932366821104e-05,4.002374334833781906e-05,4.607240837582971617e-05,5.259853919255235561e-05,5.957784426406430116e-05,6.697964444431441075e-05,7.476776058443955703e-05,8.289989058309828207e-05,9.132862162104564364e-05,1.000009686488809049e-04,1.088595224088166678e-04,1.178421533271489791e-04,1.268832966335134860e-04,1.359138142055949113e-04,1.448624063170253777e-04,1.536556112057460544e-04,1.622193203337380914e-04,1.704788825003128471e-04,1.783606872739437765e-04,1.857923287239861547e-04,1.927042112800321830e-04,1.990297189920220693e-04,2.047067908300317246e-04,2.096780360366500711e-04,2.138922228628155277e-04,2.173042799318512504e-04,2.198766442679825307e-04,2.215790930352051237e-04,2.223899035885876078e-04,2.222954693437143774e-04,2.212912360557213627e-04,2.193810692773869064e-04,2.165779462871393016e-04,2.129030595423059996e-04,2.083862614191050251e-04,2.030649068996907131e-04,1.969840670933799883e-04,1.901951335664619179e-04,1.827558348823320178e-04,1.747286428465696755e-04,1.661806424198189046e-04,1.571817951089097003e-04,1.478047250611005112e-04,1.381229054807007442e-04,1.282104312799570807e-04,1.181401996973041612e-04,1.079837417842055385e-04,9.780946780842250448e-05,8.768262585464067338e-05,7.766367614594532262e-05,6.780843546468644418e-05,5.816663279038917128e-05,4.878228392626897869e-05,3.969246486758183244e-05,3.092794317184389296e-05,2.251218659640764761e-05,1.446225787685023270e-05,6.788056012393326905e-06,-5.065391262617009811e-07,-7.424215207708323468e-06,-1.397286545080419458e-05,-2.016596663511033527e-05,-2.602104800642491604e-05,-3.155995255821576414e-05,-3.680719642267987404e-05,-4.179017575902552276e-05,-4.653748190144762543e-05,-5.107911885507246169e-05,-5.544483893985432645e-05,-5.966443225887671970e-05,-6.376614086321428045e-05,-6.777707199075195404e-05,-7.172173661110971417e-05,-7.562262378116124770e-05,-7.949889317941675668e-05,-8.336713023929039784e-05,-8.724020384776393013e-05,-9.112820306418440363e-05,-9.503745272813581479e-05,-9.897161480517333574e-05,-1.029308384459299999e-04,-1.069129944110888957e-04,-1.109129240760052749e-04,-1.149237656353546059e-04,-1.189362599815816469e-04,-1.229401233902068641e-04,-1.269233676627003920e-04,-1.308736758254215777e-04,-1.347776991493154417e-04,-1.386223993782014917e-04,-1.423942953441921695e-04,-1.460807461166488354e-04,-1.496691334686312816e-04,-1.531480728498316136e-04,-1.565065319058317939e-04,-1.597349653910166110e-04,-1.628243777440138826e-04,-1.657673753211700446e-04,-1.685571751309444745e-04,-1.711885500883370654e-04,-1.736567778938285134e-04,-1.759584566743097349e-04,-1.780904461086706722e-04,-1.800506491455387131e-04,-1.818372261578490813e-04,-1.834497142614365884e-04,-1.848890659420948949e-04,-1.861594595782214577e-04,-1.872691435252025181e-04,-1.882316787499051789e-04,-1.890648073637877949e-04,-1.897861102181135822e-04,-1.904039003464820068e-04,-1.909021631207542184e-04,-1.912249656887461560e-04,-1.912647086138160256e-04,-1.908746218767877793e-04,-1.899150415471287205e-04,-1.883584901684291085e-04,-1.864306718388906612e-04,-1.847584707027083461e-04,-1.843887106940586540e-04,-1.865473632050771401e-04,-1.919304521655509194e-04,-1.995466119171148962e-04,-2.053473540970094020e-04,-2.016753747012355437e-04,-1.793083992541475769e-04,-1.350941947463741015e-04,-8.720870120796935692e-05
0.000000000000000000e+00,0.000000000000000000e+00,0.000000000000000000e+00,0.000000000000000000e+00,0.000000000000000000e+00,0.000000000000000000e+00,0.000000000000000000e+00,0.000000000000000000e+00,0.000000000000000000e+00,0.000000000000000000e+00,0.000000000000000000e+00,0.000000000000000000e+00,0.000000000000000000e+00,0.000000000000000000e+00,0.000000000000000000e+00,0.000000000000000000e+00,0.000000000000000000e+00,0.000000000000000000e+00,0.000000000000000000e+00,0.000000000000000000e+00,0.000000000000000000e+00,0.000000000000000000e+00,0.000000000000000000e+00,0.000000000000000000e+00,0.000000000000000000e+00,0.000000000000000000e+00,0.000000000000000000e+00,0.000000000000000000e+00,0.000000000000000000e+00,0.000000000000000000e+00,0.000000000000000000e+00,0.000000000000000000e+00,0.000000000000000000e+00,0.000000000000000000e+00,0.000000000000000000e+00,0.000000000000000000e+00,0.000000000000000000e+00,0.000000000000000000e+00,0.000000000000000000e+00,0.000000000000000000e+00,0.000000000000000000e+00,0.000000000000000000e+00,0.000000000000000000e+00,0.000000000000000000e+00,0.000000000000000000e+00,0.000000000000000000e+00,0.000000000000000000e+00,0.000000000000000000e+00,0.000000000000000000e+00,0.000000000000000000e+00,0.000000000000000000e+00,0.000000000000000000e+00,0.000000000000000000e+00,0.000000000000000000e+00,0.000000000000000000e+00,0.000000000000000000e+00,0.000000000000000000e+00,0.000000000000000000e+00,0.000000000000000000e+00,0.000000000000000000e+00,0.000000000000000000e+00,0.000000000000000000e+00,0.000000000000000000e+00,0.000000000000000000e+00,0.000000000000000000e+00,0.000000000000000000e+00,0.000000000000000000e+00,0.000000000000000000e+00,0.000000000000000000e+00,0.000000000000000000e+00,0.000000000000000000e+00,0.000000000000000000e+00,0.000000000000000000e+00,0.000000000000000000e+00,0.000000000000000000e+00,0.000000000000000000e+00,0.000000000000000000e+00,0.000000000000000000e+00,0.000000000000000000e+00,0.000000000000000000e+00,0.000000000000000000e+00,0.000000000000000000e+00,0.000000000000000000e+00,0.000000000000000000e+00,0.000000000000000000e+00,0.000000000000000000e+00,0.000000000000000000e+00,0.000000000000000000e+00,0.000000000000000000e+00,0.000000000000000000e+00,0.000000000000000000e+00,0.000000000000000000e+00,0.000000000000000000e+00,0.000000000000000000e+00,0.000000000000000000e+00,0.000000000000000000e+00,0.000000000000000000e+00,0.000000000000000000e+00,0.000000000000000000e+00,0.000000000000000000e+00,0.000000000000000000e+00,0.000000000000000000e+00,0.000000000000000000e+00,0.000000000000000000e+00,0.000000000000000000e+00,0.000000000000000000e+00,0.000000000000000000e+00,0.000000000000000000e+00,0.000000000000000000e+00,0.000000000000000000e+00,0.000000000000000000e+00,0.000000000000000000e+00,0.000000000000000000e+00,0.000000000000000000e+00,0.000000000000000000e+00,0.000000000000000000e+00,0.000000000000000000e+00,0.000000000000000000e+00,0.000000000000000000e+00,0.000000000000000000e+00,0.000000000000000000e+00,0.000000000000000000e+00,0.000000000000000000e+00,0.000000000000000000e+00,0.000000000000000000e+00,0.000000000000000000e+00,0.000000000000000000e+00,0.000000000000000000e+00,0.000000000000000000e+00,0.000000000000000000e+00,0.000000000000000000e+00,0.000000000000000000e+00,0.000000000000000000e+00,0.000000000000000000e+00,0.000000000000000000e+00,0.000000000000000000e+00,0.000000000000000000e+00,0.000000000000000000e+00,0.000000000000000000e+00,0.000000000000000000e+00,0.000000000000000000e+00,0.000000000000000000e+00,0.000000000000000000e+00,0.000000000000000000e+00,0.000000000000000000e+00,0.000000000000000000e+00,0.000000000000000000e+00,0.000000000000000000e+00,0.000000000000000000e+00,0.000000000000000000e+00,0.000000000000000000e+00,0.000000000000000000e+00,0.000000000000000000e+00,0.000000000000000000e+00,0.000000000000000000e+00,0.000000000000000000e+00,0.000000000000000000e+00,0.000000000000000000e+00,0.000000000000000000e+00,0.000000000000000000e+00,0.000000000000000000e+00,0.000000000000000000e+00,0.000000000000000000e+00,0.000000000000000000e+00,0.000000000000000000e+00,0.000000000000000000e+00,2.575240556972442033e-04,3.485827702455642743e-04,3.903672282793084589e-04,4.150060106094272810e-04,4.426254581279365588e-04,4.356571580830706611e-04,4.192986680790089125e-04,3.918826825049819733e-04,3.528689855806823846e-04,3.095280693960097127e-04,2.600191321450549950e-04,2.085665877816287163e-04,1.559311004931938666e-04,1.039520840914128934e-04,5.395983244429952355e-05,7.191645812339210915e-06,-3.560547039656614289e-05,-7.367977459721503433e-05,-1.067053433605507420e-04,-1.344829049709893992e-04,-1.569320095580111559e-04,-1.742281709796092274e-04,-1.865549771772593733e-04,-1.943054114852471386e-04,-1.978764647639375549e-04,-1.977695173342353292e-04,-1.944809920320432581e-04,-1.885333905706585572e-04,-1.804257935869405546e-04,-1.706375205211166195e-04,-1.596093058565217597e-04,-1.477383266763855282e-04,-1.353753902034667575e-04,-1.228201461865725515e-04,-1.103254704451172137e-04,-9.809632814315275028e-05,-8.629632738886039466e-05,-7.504983283991376595e-05,-6.444866030812193179e-05,-5.455555532964273958e-05,-4.541021894229096734e-05,-3.703261942088959452e-05,-2.942791778319156555e-05,-2.258886453308007832e-05,-1.649947327093609844e-05,-1.113633086081521090e-05,-6.471144973514747165e-06,-2.471117599998694131e-06,8.993366589937577994e-07,3.678865938481335309e-06,5.907956515924890451e-06,7.629557811863164831e-06,8.888069136115198527e-06,9.730080534079017300e-06,1.020338293620207278e-05,1.035768461916592460e-05,1.024355251262737884e-05,9.913048384463634459e-06,9.418581471597190559e-06,8.813464446875507200e-06,8.150698170422957095e-06,7.483473027068830847e-06,6.863919901879934805e-06,6.343585961412304220e-06,5.972182540377198967e-06,5.798056841275975247e-06,5.866957530585972100e-06,6.222513840979666817e-06,6.905030276402293309e-06,7.951977360046385521e-06,9.396821428575601859e-06,1.126952875335059441e-05,1.359543567577182089e-05,1.639576970702776078e-05,1.968656813403495232e-05,2.347922437300566223e-05,2.777946783087438125e-05,3.258794932227383149e-05,3.789929958607037215e-05,4.370277229504113977e-05,4.998140174025844553e-05,5.671272463105509956e-05,6.386805810738868465e-05,7.141332137428258895e-05,7.930845285985187957e-05,8.750834944743929062e-05,9.596243614986302512e-05,1.046157343487455498e-04,1.134085890504183287e-04,1.222778685044853249e-04,1.311568435041389892e-04,1.399765097407059604e-04,1.486656015493556299e-04,1.571520163457366969e-04,1.653629328118490379e-04,1.732263049575818222e-04,1.806710432722087654e-04,1.876285356911690087e-04,1.940328410553339813e-04,1.998221868497676449e-04,2.049391186354187198e-04,2.093319209565405671e-04,2.129546651679777806e-04,2.157685010936196400e-04,2.177415493265621581e-04,2.188500172552587794e-04,2.190778903870251807e-04,2.184178368962118289e-04,2.168706652051186111e-04,2.144459954178915169e-04,2.111614662563359964e-04,2.070431684336267631e-04,2.021246017756651110e-04,1.964468833591568415e-04,1.900574737724934995e-04,1.830101902155518306e-04,1.753637378732402592e-04,1.671815736560920815e-04,1.585302931295383985e-04,1.494794028154919504e-04,1.400996237447221879e-04,1.304626380995307596e-04,1.206393762461399648e-04,1.106998061869086584e-04,1.007112713024381078e-04,9.073838827912792282e-05,8.084149766236167235e-05,7.107672782760902203e-05,6.149461024671748857e-05,5.214035435676053369e-05,4.305266506198969923e-05,3.426425710236931773e-05,2.580089498625547952e-05,1.768215704530104717e-05,9.920699180532679260e-06,2.523259749533797669e-06,-4.509870187089501915e-06,-1.118362806914752521e-05,-1.750853737552349675e-05,-2.349931736735954478e-05,-2.917511644032136166e-05,-3.455800445168848563e-05,-3.967313915619092869e-05,-4.454720173143064487e-05,-4.920855740256354580e-05,-5.368569568738369588e-05,-5.800744435008764482e-05,-6.220147102111270754e-05,-6.629460205133554237e-05,-7.031143204091436791e-05,-7.427478679651816976e-05,-7.820447303409407147e-05,-8.211790885325587859e-05,-8.602902907038191083e-05,-8.994908922332901758e-05,-9.388572458775543735e-05,-9.784391674324558407e-05,-1.018251883596154163e-04,-1.058287067867403849e-04,-1.098505840217791664e-04,-1.138850813053612996e-04,-1.179239756803004979e-04,-1.219578242800532282e-04,-1.259753562624642579e-04,-1.299647557171187571e-04,-1.339130403938177294e-04,-1.378073275218128022e-04,-1.416341678670209221e-04,-1.453807682690584451e-04,-1.490342598770635907e-04,-1.525828635734049620e-04,-1.560150829763473266e-04,-1.593208119712204976e-04,-1.624904528436033795e-04,-1.655159742815098020e-04,-1.683899560844796426e-04,-1.711066039914751861e-04,-1.736607084988279798e-04,-1.760486108878606072e-04,-1.782670498964737725e-04,-1.803140920084964115e-04,-1.821878956624099028e-04,-1.838877637391194558e-04,-1.854130665622470285e-04,-1.867648575871953928e-04,-1.879453844507515518e-04,-1.889606359180903553e-04,-1.898201266380269373e-04,-1.905390792288803598e-04,-1.911353205989726003e-04,-1.916263533382683642e-04,-1.920174219086158744e-04,-1.922896787955148885e-04,-1.923818705829963586e-04,-1.921859029610710034e-04,-1.915568322552807306e-04,-1.903703301479262315e-04,-1.886194676902723923e-04,-1.865634826804609986e-04,-1.848487904515011722e-04,-1.845272130114682498e-04,-1.867723877624272090e-04,-1.921943781975231000e-04,-1.996726292497062911e-04,-2.051030271443481481e-04,-2.008930042965613460e-04,-1.781469063257000213e-04,-1.340910499350794012e-04,-8.689665709850889503e-05
0.000000000000000000e+00,0.000000000000000000e+00,0.000000000000000000e+00,0.000000000000000000e+00,0.000000000000000000e+00,0.000000000000000000e+00,0.000000000000000000e+00,0.000000000000000000e+00,0.000000000000000000e+00,0.000000000000000000e+00,0.000000000000000000e+00,0.000000000000000000e+00,0.000000000000000000e+00,0.000000000000000000e+00,0.000000000000000000e+00,0.000000000000000000e+00,0.000000000000000000e+00,0.000000000000000000e+00,0.000000000000000000e+00,0.000000000000000000e+00,0.000000000000000000e+00,0.000000000000000000e+00,0.000000000000000000e+00,0.000000000000000000e+00,0.000000000000000000e+00,0.000000000000000000e+00,0.000000000000000000e+00,0.000000000000000000e+00,0.000000000000000000e+00,0.000000000000000000e+00,0.000000000000000000e+00,0.000000000000000000e+00,0.000000000000000000e+00,0.000000000000000000e+00,0.000000000000000000e+00,0.000000000000000000e+00,0.000000000000000000e+00,0.000000000000000000e+00,0.000000000000000000e+00,0.000000000000000000e+00,0.000000000000000000e+00,0.000000000000000000e+00,0.000000000000000000e+00,0.000000000000000000e+00,0.000000000000000000e+00,0.000000000000000000e+00,0.000000000000000000e+00,0.000000000000000000e+00,0.000000000000000000e+00,0.000000000000000000e+00,0.000000000000000000e+00,0.000000000000000000e+00,0.000000000000000000e+00,0.000000000000000000e+00,0.000000000000000000e+00,0.000000000000000000e+00,0.000000000000000000e+00,0.000000000000000000e+00,0.000000000000000000e+00,0.000000000000000000e+00,0.000000000000000000e+00,0.000000000000000000e+00,0.000000000000000000e+00,0.000000000000000000e+00,0.000000000000000000e+00,0.000000000000000000e+00,0.000000000000000000e+00,0.000000000000000000e+00,0.000000000000000000e+00,0.000000000000000000e+00,0.000000000000000000e+00,0.000000000000000000e+00,0.000000000000000000e+00,0.000000000000000000e+00,0.000000000000000000e+00,0.000000000000000000e+00,0.000000000000000000e+00,0.000000000000000000e+00,0.000000000000000000e+00,0.000000000000000000e+00,0.000000000000000000e+00,0.000000000000000000e+00,0.000000000000000000e+00,0.000000000000000000e+00,0.000000000000000000e+00,0.000000000000000000e+00,0.000000000000000000e+00,0.000000000000000000e+00,0.000000000000000000e+00,0.000000000000000000e+00,0.000000000000000000e+00,0.000000000000000000e+00,0.000000000000000000e+00,0.000000000000000000e+00,0.000000000000000000e+00,0.000000000000000000e+00,0.000000000000000000e+00,0.000000000000000000e+00,0.000000000000000000e+00,0.000000000000000000e+00,0.000000000000000000e+00,0.000000000000000000e+00,0.000000000000000000e+00,0.000000000000000000e+00,0.000000000000000000e+00,0.000000000000000000e+00,0.000000000000000000e+00,0.000000000000000000e+00,0.000000000000000000e+00,0.000000000000000000e+00,0.000000000000000000e+00,0.000000000000000000e+00,0.000000000000000000e+00,0.000000000000000000e+00,0.000000000000000000e+00,0.000000000000000000e+00,0.000000000000000000e+00,0.000000000000000000e+00,0.000000000000000000e+00,0.000000000000000000e+00,0.000000000000000000e+00,0.000000000000000000e+00,0.000000000000000000e+00,0.000000000000000000e+00,0.000000000000000000e+00,0.000000000000000000e+00,0.000000000000000000e+00,0.000000000000000000e+00,0.000000000000000000e+00,0.000000000000000000e+00,0.000000000000000000e+00,0.000000000000000000e+00,0.000000000000000000e+00,0.000000000000000000e+00,0.000000000000000000e+00,0.000000000000000000e+00,0.000000000000000000e+00,0.000000000000000000e+00,0.000000000000000000e+00,0.000000000000000000e+00,0.000000000000000000e+00,0.000000000000000000e+00,0.000000000000000000e+00,0.000000000000000000e+00,0.000000000000000000e+00,0.000000000000000000e+00,0.000000000000000000e+00,0.000000000000000000e+00,0.000000000000000000e+00,0.000000000000000000e+00,0.000000000000000000e+00,0.000000000000000000e+00,0.000000000000000000e+00,0.000000000000000000e+00,0.000000000000000000e+00,0.000000000000000000e+00,0.000000000000000000e+00,0.000000000000000000e+00,0.000000000000000000e+00,0.000000000000000000e+00,0.000000000000000000e+00,0.000000000000000000e+00,0.000000000000000000e+00,0.000000000000000000e+00,0.000000000000000000e+00,2.770116321559534193e-04,3.573060611519454839e-04,3.951323625396346221e-04,4.303692778112652565e-04,4.341371691104407328e-04,4.232457261930914908e-04,4.028834611764094912e-04,3.683033660419596017e-04,3.271394043376282660e-04,2.805407127957882892e-04,2.297340280721633205e-04,1.783207363988684115e-04,1.262965481572371018e-04,7.592126555228836363e-05,2.795849630744627403e-05,-1.639158832213504722e-05,-5.646678293776684240e-05,-9.168100439292914102e-05,-1.217910085057139689e-04,-1.466423948831090097e-04,-1.662951786593329395e-04,-1.809388675112895645e-04,-1.908337883763187978e-04,-1.963856829521333340e-04,-1.980112843652298755e-04,-1.962169668596032098e-04,-1.914938895468304739e-04,-1.843567050550441819e-04,-1.752877590570615267e-04,-1.647498319428149357e-04,-1.531616585840720900e-04,-1.409006717923548004e-04,-1.282954389958078085e-04,-1.156264206732310389e-04,-1.031270329455935363e-04,-9.098567139488784351e-05,-7.935024246262398434e-05,-6.833197353835008061e-05,-5.801052939885112728e-05,-4.843872965567005788e-05,-3.964697606162698260e-05,-3.164778848199732166e-05,-2.443906651430364162e-05,-1.800779580428632531e-05,-1.233205695351710268e-05,-7.383743068980791394e-06,-3.129470391395776693e-06,4.675471511437811060e-07,3.447393669313887146e-06,5.852148800662163180e-06,7.726268638276500341e-06,9.115580777195178900e-06,1.006788142344839790e-05,1.063201754947455618e-05,1.085852089007433779e-05,1.079865400556329508e-05,1.050499171020092130e-05,1.003038577227974553e-05,9.428471682285012188e-06,8.752558343160900728e-06,8.056075662825367385e-06,7.391418916283871743e-06,6.810364784382276340e-06,6.362902727374863681e-06,6.097643738569610936e-06,6.060663395260004958e-06,6.295918513895278109e-06,6.844116844971353611e-06,7.743148595553197026e-06,9.026990793024353984e-06,1.072615641322157796e-05,1.286663894296391142e-05,1.547038209603675572e-05,1.855427159962076965e-05,2.213063202989815092e-05,2.620627672701312657e-05,3.078304329339226107e-05,3.585691695156776606e-05,4.141862094215992924e-05,4.745283197819238625e-05,5.393884478053640179e-05,6.084989943990916209e-05,6.815393975155998587e-05,7.581307064360891040e-05,8.378442740722571004e-05,9.201977669410383589e-05,1.004665081768463437e-04,1.090673851437357425e-04,1.177616619007616441e-04,1.264849801992284830e-04,1.351706054457839704e-04,1.437494538660244437e-04,1.521514292292783688e-04,1.603055538047658442e-04,1.681413759550898289e-04,1.755891667888821056e-04,1.825813588890044174e-04,1.890527613915484069e-04,1.949419825594915219e-04,2.001916100310196850e-04,2.047495660331313100e-04,2.085691977003178424e-04,2.116105142171151386e-04,2.138401349521235040e-04,2.152323630005442169e-04,2.157689464249554396e-04,2.154399522811218726e-04,2.142433079616993293e-04,2.121854530517869384e-04,2.092806426533426532e-04,2.055513701698407410e-04,2.010274312486485518e-04,1.957461274691363806e-04,1.897511067547126746e-04,1.830923745034924142e-04,1.758249425696389737e-04,1.680086892612412709e-04,1.597068629493282794e-04,1.509858443227283153e-04,1.419135611912943030e-04,1.325592144005868322e-04,1.229916665302267656e-04,1.132791961860580920e-04,1.034879244734361923e-04,9.368166062584970554e-05,8.392042618943160181e-05,7.426044819957537820e-05,6.475283223865672554e-05,5.544374816753097770e-05,4.637329035754496489e-05,3.757588625008284107e-05,2.907936620931157379e-05,2.090560816428017370e-05,1.306982201749868591e-05,5.581425742417793109e-06,-1.556468405910770798e-06,-8.345968221217907730e-06,-1.479474264613158816e-05,-2.091476358033535102e-05,-2.672251702182786308e-05,-3.223762115626875802e-05,-3.748295992739685283e-05,-4.248323349157119046e-05,-4.726507139765032681e-05,-5.185557361968369159e-05,-5.628245999264661477e-05,-6.057265680121932369e-05,-6.475253330578009073e-05,-6.884658061246554746e-05,-7.287777563880277923e-05,-7.686638659764683185e-05,-8.083049072930815170e-05,-8.478492556935873900e-05,-8.874197077154710202e-05,-9.271044810659403849e-05,-9.669656153503029079e-05,-1.007031334709876272e-04,-1.047305827761778693e-04,-1.087762719865723737e-04,-1.128355917372036294e-04,-1.169013848195453404e-04,-1.209650988661925813e-04,-1.250162491722909110e-04,-1.290435997927915691e-04,-1.330346281784162402e-04,-1.369766979533761900e-04,-1.408564940644558726e-04,-1.446611575367793331e-04,-1.483776689746376136e-04,-1.519939252733763162e-04,-1.554980606669529415e-04,-1.588794562062002119e-04,-1.621279995081330533e-04,-1.652350274224281379e-04,-1.681925350970410091e-04,-1.709940558171188811e-04,-1.736338310833229791e-04,-1.761076224266552197e-04,-1.784118433517351910e-04,-1.805442797702961613e-04,-1.825031824910990932e-04,-1.842878893281077305e-04,-1.858979557215435980e-04,-1.873338100255330079e-04,-1.885962300774874116e-04,-1.896873995247721947e-04,-1.906112000610234473e-04,-1.913748315197097915e-04,-1.919895759495546987e-04,-1.924713299338201946e-04,-1.928387450050610867e-04,-1.931077310430191762e-04,-1.932817904510234918e-04,-1.933372552162605828e-04,-1.932101859682900584e-04,-1.927895048875310482e-04,-1.919365600498956466e-04,-1.905381700037239593e-04,-1.886136156401787200e-04,-1.864468882963033728e-04,-1.847103334572428414e-04,-1.844460603158540118e-04,-1.867876981050359633e-04,-1.922432608882203514e-04,-1.995920990430368564e-04,-2.046570864410488877e-04,-1.999530563176408191e-04,-1.768635486942971144e-04,-1.330257252776514889e-04,-8.651344625064979858e-05
0.000000000000000000e+00,0.000000000000000000e+00,0.000000000000000000e+00,0.000000000000000000e+00,0.000000000000000000e+00,0.000000000000000000e+00,0.000000000000000000e+00,0.000000000000000000e+00,0.000000000000000000e+00,0.000000000000000000e+00,0.000000000000000000e+00,0.000000000000000000e+00,0.000000000000000000e+00,0.000000000000000000e+00,0.000000000000000000e+00,0.000000000000000000e+00,0.000000000000000000e+00,0.000000000000000000e+00,0.000000000000000000e+00,0.000000000000000000e+00,0.000000000000000000e+00,0.000000000000000000e+00,0.000000000000000000e+00,0.000000000000000000e+00,0.000000000000000000e+00,0.000000000000000000e+00,0.000000000000000000e+00,0.000000000000000000e+00,0.000000000000000000e+00,0.000000000000000000e+00,0.000000000000000000e+00,0.000000000000000000e+00,0.000000000000000000e+00,0.000000000000000000e+00,0.000000000000000000e+00,0.000000000000000000e+00,0.000000000000000000e+00,0.000000000000000000e+00,0.000000000000000000e+00,0.000000000000000000e+00,0.000000000000000000e+00,0.000000000000000000e+00,0.000000000000000000e+00,0.000000000000000000e+00,0.000000000000000000e+00,0.000000000000000000e+00,0.000000000000000000e+00,0.000000000000000000e+00,0.000000000000000000e+00,0.000000000000000000e+00,0.000000000000000000e+00,0.000000000000000000e+00,0.000000000000000000e+00,0.000000000000000000e+00,0.000000000000000000e+00,0.000000000000000000e+00,0.000000000000000000e+00,0.000000000000000000e+00,0.000000000000000000e+00,0.000000000000000000e+00,0.000000000000000000e+00,0.000000000000000000e+00,0.000000000000000000e+00,0.000000000000000000e+00,0.000000000000000000e+00,0.000000000000000000e+00,0.000000000000000000e+00,0.000000000000000000e+00,0.000000000000000000e+00,0.000000000000000000e+00,0.000000000000000000e+00,0.000000000000000000e+00,0.000000000000000000e+00,0.000000000000000000e+00,0.000000000000000000e+00,0.000000000000000000e+00,0.000000000000000000e+00,0.000000000000000000e+00,0.000000000000000000e+00,0.000000000000000000e+00,0.000000000000000000e+00,0.000000000000000000e+00,0.000000000000000000e+00,0.000000000000000000e+00,0.000000000000000000e+00,0.000000000000000000e+00,0.000000000000000000e+00,0.000000000000000000e+00,0.000000000000000000e+00,0.000000000000000000e+00,0.000000000000000000e+00,0.000000000000000000e+00,0.000000000000000000e+00,0.000000000000000000e+00,0.000000000000000000e+00,0.000000000000000000e+00,0.000000000000000000e+00,0.000000000000000000e+00,0.000000000000000000e+00,0.000000000000000000e+00,0.000000000000000000e+00,0.000000000000000000e+00,0.000000000000000000e+00,0.000000000000000000e+00,0.000000000000000000e+00,0.000000000000000000e+00,0.000000000000000000e+00,0.000000000000000000e+00,0.000000000000000000e+00,0.000000000000000000e+00,0.000000000000000000e+00,0.000000000000000000e+00,0.000000000000000000e+00,0.000000000000000000e+00,0.000000000000000000e+00,0.000000000000000000e+00,0.000000000000000000e+00,0.000000000000000000e+00,0.000000000000000000e+00,0.000000000000000000e+00,0.000000000000000000e+00,0.000000000000000000e+00,0.000000000000000000e+00,0.000000000000000000e+00,0.000000000000000000e+00,0.000000000000000000e+00,0.000000000000000000e+00,0.000000000000000000e+00,0.000000000000000000e+00,0.000000000000000000e+00,0.000000000000000000e+00,0.000000000000000000e+00,0.000000000000000000e+00,0.000000000000000000e+00,0.000000000000000000e+00,0.000000000000000000e+00,0.000000000000000000e+00,0.000000000000000000e+00,0.000000000000000000e+00,0.000000000000000000e+00,0.000000000000000000e+00,0.000000000000000000e+00,0.000000000000000000e+00,0.000000000000000000e+00,0.000000000000000000e+00,0.000000000000000000e+00,0.000000000000000000e+00,0.000000000000000000e+00,0.000000000000000000e+00,0.000000000000000000e+00,0.000000000000000000e+00,0.000000000000000000e+00,0.000000000000000000e+00,0.000000000000000000e+00,0.000000000000000000e+00,0.000000000000000000e+00,0.000000000000000000e+00,0.000000000000000000e+00,0.000000000000000000e+00,0.000000000000000000e+00,0.000000000000000000e+00,0.000000000000000000e+00,0.000000000000000000e+00,2.741258308493571506e-04,3.446255225088946461e-04,3.911991998138976390e-04,4.198492555068324052e-04,4.310104555736800802e-04,4.245494563424253589e-04,4.097390984957914942e-04,3.812504649861452608e-04,3.427997888022583971e-04,2.994572386531548988e-04,2.507475600439921419e-04,1.997670809178938049e-04,1.483556015899611133e-04,9.743582839333494452e-05,4.890903295804938452e-05,3.189166020089577841e-06,-3.853090463951396629e-05,-7.580811896538870449e-05,-1.081165292806744976e-04,-1.353033753129102010e-04,-1.572919652904775643e-04,-1.742181249622037703e-04,-1.863015195747585605e-04,-1.938691925832883160e-04,-1.973315127305445978e-04,-1.971287803695833253e-04,-1.937618368365978238e-04,-1.877178263435456788e-04,-1.794990352666359220e-04,-1.695712691176043743e-04,-1.583788713966462539e-04,-1.463193769941257562e-04,-1.337495408844111629e-04,-1.209767208255618662e-04,-1.082618061942177198e-04,-9.581970482161666425e-05,-8.382206817686446124e-05,-7.240198865524304073e-05,-6.165726062779198135e-05,-5.165625351643945079e-05,-4.244138790502583153e-05,-3.403458104412465917e-05,-2.644031244896320455e-05,-1.965000791734877316e-05,-1.364424659805343974e-05,-8.395978126220645534e-06,-3.871761321124497448e-06,-3.397593102852001670e-08,3.158758997877587078e-06,5.750097677723612785e-06,7.786108539076931382e-06,9.314212271438422402e-06,1.038362109666001429e-05,1.104445572655368553e-05,1.134828405139876628e-05,1.134725536417825729e-05,1.109462115969978456e-05,1.064380916783914237e-05,1.004888087298225552e-05,9.363530664429076044e-06,8.641482182287838875e-06,7.935432663616593272e-06,7.297411661920533019e-06,6.777701600508466476e-06,6.425184770472931884e-06,6.286267511626008010e-06,6.405234315603773726e-06,6.823194172699110277e-06,7.578451945847690255e-06,8.705487490924974440e-06,1.023534868145400622e-05,1.219466978703025865e-05,1.460608903945509339e-05,1.748731274588457283e-05,2.085156249837725713e-05,2.470669439884229753e-05,2.905568529953988572e-05,3.389582052805960728e-05,3.921923308541392397e-05,4.501217669183724314e-05,5.125563512578987474e-05,5.792469900230037393e-05,6.498926340026920387e-05,7.241352576975115416e-05,8.015678813523897971e-05,8.817308963866505916e-05,9.641212482969647697e-05,1.048190176880976640e-04,1.133353601035266535e-04,1.218991252325591924e-04,1.304458208014840472e-04,1.389085290516468168e-04,1.472191588076992240e-04,1.553085880069324221e-04,1.631079876041147624e-04,1.705490318789042571e-04,1.775652573846580456e-04,1.840922971139630833e-04,1.900692300464663182e-04,1.954387889943761888e-04,2.001486519761898418e-04,2.041515711440238033e-04,2.074065570127298173e-04,2.098788778990437020e-04,2.115410923528117989e-04,2.123728751315892983e-04,2.123618618485045590e-04,2.115032682371823685e-04,2.098005233644066939e-04,2.072646628786076629e-04,2.039147420227424578e-04,1.997769994502380717e-04,1.948850573578312143e-04,1.892788688752589045e-04,1.830047285152327976e-04,1.761140317226192161e-04,1.686631331850354230e-04,1.607119606091531353e-04,1.523237701120974631e-04,1.435636666233589790e-04,1.344983136497447521e-04,1.251944190540781076e-04,1.157184602702558202e-04,1.061351960389291215e-04,9.650746727193864726e-05,8.689479240971004497e-05,7.735329860009669154e-05,6.793445087189067550e-05,5.868515848639529049e-05,4.964667669255834373e-05,4.085491982456932120e-05,3.233955995375165728e-05,2.412456263703646319e-05,1.622749052860235521e-05,8.660260933454134560e-06,1.428645748497860879e-06,-5.466766464160146203e-06,-1.203089856201220315e-05,-1.827305026784777211e-05,-2.420709205525306247e-05,-2.985020196027482196e-05,-3.522297299043615525e-05,-4.034807297948645474e-05,-4.525031882401576067e-05,-4.995531421119852851e-05,-5.448954468289690954e-05,-5.887904624959476731e-05,-6.314957103704130301e-05,-6.732533321022678185e-05,-7.142928620533990126e-05,-7.548198171258325984e-05,-7.950198716535541033e-05,-8.350487992106754684e-05,-8.750381910345064035e-05,-9.150868207181225725e-05,-9.552678951360685537e-05,-9.956217648384955434e-05,-1.036164555335698957e-04,-1.076882017010369927e-04,-1.117739270104261466e-04,-1.158675492210852170e-04,-1.199614434827869102e-04,-1.240459593565121821e-04,-1.281105124552135905e-04,-1.321431135997434749e-04,-1.361314649497793626e-04,-1.400624688226445396e-04,-1.439232985292464187e-04,-1.477008614464417259e-04,-1.513828234488592383e-04,-1.549570100211558079e-04,-1.584123735774469453e-04,-1.617383263645252509e-04,-1.649256507840227376e-04,-1.679657668787741152e-04,-1.708515949281886031e-04,-1.735767651362260717e-04,-1.761364449821444433e-04,-1.785264935997613023e-04,-1.807442586641957376e-04,-1.827876609231053715e-04,-1.846559547178727246e-04,-1.863487228473675460e-04,-1.878666292208545040e-04,-1.892103811144677157e-04,-1.903816631810577504e-04,-1.913823310448149382e-04,-1.922159486325410659e-04,-1.928875494439295205e-04,-1.934059373773372459e-04,-1.937833853887386605e-04,-1.940370340918564122e-04,-1.941851297051045788e-04,-1.942429400167008057e-04,-1.942105255229321090e-04,-1.940612939451333274e-04,-1.937265472887388454e-04,-1.930957448278470027e-04,-1.920335204521859691e-04,-1.904427943126531990e-04,-1.883627685050887188e-04,-1.861073531087261226e-04,-1.843623784099532011e-04,-1.841673082952009733e-04,-1.865992201788562604e-04,-1.920832283422040695e-04,-1.992852821789908673e-04,-2.039971724368535384e-04,-1.988232393576619091e-04,-1.754745908512312844e-04,-1.319288716745613493e-04,-8.618694736435179317e-05
0.000000000000000000e+00,0.000000000000000000e+00,0.000000000000000000e+00,0.000000000000000000e+00,0.000000000000000000e+00,0.000000000000000000e+00,0.000000000000000000e+00,0.000000000000000000e+00,0.000000000000000000e+00,0.000000000000000000e+00,0.000000000000000000e+00,0.000000000000000000e+00,0.000000000000000000e+00,0.000000000000000000e+00,0.000000000000000000e+00,0.000000000000000000e+00,0.000000000000000000e+00,0.000000000000000000e+00,0.000000000000000000e+00,0.000000000000000000e+00,0.000000000000000000e+00,0.000000000000000000e+00,0.000000000000000000e+00,0.000000000000000000e+00,0.000000000000000000e+00,0.000000000000000000e+00,0.000000000000000000e+00,0.000000000000000000e+00,0.000000000000000000e+00,0.000000000000000000e+00,0.000000000000000000e+00,0.000000000000000000e+00,0.000000000000000000e+00,0.000000000000000000e+00,0.000000000000000000e+00,0.000000000000000000e+00,0.000000000000000000e+00,0.000000000000000000e+00,0.000000000000000000e+00,0.000000000000000000e+00,0.000000000000000000e+00,0.000000000000000000e+00,0.000000000000000000e+00,0.000000000000000000e+00,0.000000000000000000e+00,0.000000000000000000e+00,0.000000000000000000e+00,0.000000000000000000e+00,0.000000000000000000e+00,0.000000000000000000e+00,0.000000000000000000e+00,0.000000000000000000e+00,0.000000000000000000e+00,0.000000000000000000e+00,0.000000000000000000e+00,0.000000000000000000e+00,0.000000000000000000e+00,0.000000000000000000e+00,0.000000000000000000e+00,0.000000000000000000e+00,0.000000000000000000e+00,0.000000000000000000e+00,0.000000000000000000e+00,0.000000000000000000e+00,0.000000000000000000e+00,0.000000000000000000e+00,0.000000000000000000e+00,0.000000000000000000e+00,0.000000000000000000e+00,0.000000000000000000e+00,0.000000000000000000e+00,0.000000000000000000e+00,0.000000000000000000e+00,0.000000000000000000e+00,0.000000000000000000e+00,0.000000000000000000e+00,0.000000000000000000e+00,0.000000000000000000e+00,0.000000000000000000e+00,0.000000000000000000e+00,0.000000000000000000e+00,0.000000000000000000e+00,0.000000000000000000e+00,0.000000000000000000e+00,0.000000000000000000e+00,0.000000000000000000e+00,0.000000000000000000e+00,0.000000000000000000e+00,0.000000000000000000e+00,0.000000000000000000e+00,0.000000000000000000e+00,0.000000000000000000e+00,0.000000000000000000e+00,0.000000000000000000e+00,0.000000000000000000e+00,0.000000000000000000e+00,0.000000000000000000e+00,0.000000000000000000e+00,0.000000000000000000e+00,0.000000000000000000e+00,0.000000000000000000e+00,0.000000000000000000e+00,0.000000000000000000e+00,0.000000000000000000e+00,0.000000000000000000e+00,0.000000000000000000e+00,0.000000000000000000e+00,0.000000000000000000e+00,0.000000000000000000e+00,0.000000000000000000e+00,0.000000000000000000e+00,0.000000000000000000e+00,0.000000000000000000e+00,0.000000000000000000e+00,0.000000000000000000e+00,0.000000000000000000e+00,0.000000000000000000e+00,0.000000000000000000e+00,0.000000000000000000e+00,0.000000000000000000e+00,0.000000000000000000e+00,0.000000000000000000e+00,0.000000000000000000e+00,0.000000000000000000e+00,0.000000000000000000e+00,0.000000000000000000e+00,0.000000000000000000e+00,0.000000000000000000e+00,0.000000000000000000e+00,0.000000000000000000e+00,0.000000000000000000e+00,0.000000000000000000e+00,0.000000000000000000e+00,0.000000000000000000e+00,0.000000000000000000e+00,0.000000000000000000e+00,0.000000000000000000e+00,0.000000000000000000e+00,0.000000000000000000e+00,0.000000000000000000e+00,0.000000000000000000e+00,0.000000000000000000e+00,0.000000000000000000e+00,0.000000000000000000e+00,0.000000000000000000e+00,0.000000000000000000e+00,0.000000000000000000e+00,0.000000000000000000e+00,0.000000000000000000e+00,0.000000000000000000e+00,0.000000000000000000e+00,0.000000000000000000e+00,0.000000000000000000e+00,0.000000000000000000e+00,0.000000000000000000e+00,0.000000000000000000e+00,0.000000000000000000e+00,0.000000000000000000e+00,0.000000000000000000e+00,0.000000000000000000e+00,0.000000000000000000e+00,2.383126979644007847e-04,3.276756284445092506e-04,3.734474129171763668e-04,4.022490176058509444e-04,4.315420205732423110e-04,4.283317120872176986e-04,4.150013454093715894e-04,3.911305395494275470e-04,3.568645219478741668e-04,3.166806398734305105e-04,2.703837904247757785e-04,2.205859575100744597e-04,1.698839972546180093e-04,1.190328736087942408e-04,6.967968490178824616e-05,2.307077108081335699e-05,-2.020706307686399853e-05,-5.917913142449788877e-05,-9.358976232424695563e-05,-1.229637183562734949e-04,-1.472562659345302708e-04,-1.664431889758908223e-04,-1.807228603788915266e-04,-1.903527588078117742e-04,-1.957024584843904179e-04,-1.971907926564308905e-04,-1.952776289725563507e-04,-1.904541039463306584e-04,-1.832031519647642865e-04,-1.740107510246438919e-04,-1.633260239468942057e-04,-1.515738081336844901e-04,-1.391303065299105896e-04,-1.263317953579164165e-04,-1.134644064665079770e-04,-1.007701348321737183e-04,-8.844529640269150532e-05,-7.664567165579110649e-05,-6.548929665209116623e-05,-5.506141825035039649e-05,-4.541873558325771422e-05,-3.659407373844876678e-05,-2.860040317785332025e-05,-2.143490595210866242e-05,-1.508202150444007158e-05,-9.516660650258035949e-06,-4.706117148888998011e-06,-6.123949132672379693e-07,2.806866189714394185e-06,5.596796020783364761e-06,7.805080837304099095e-06,9.480857841229063966e-06,1.067492812693297781e-05,1.143890035695276203e-05,1.182559579311096407e-05,1.188826134775906078e-05,1.168101246119905004e-05,1.125801257060602254e-05,1.067387788182496616e-05,9.982787073340513559e-06,9.238830201025925276e-06,8.495056215392435742e-06,7.803780470606372491e-06,7.215597206925629375e-06,6.779670299652107385e-06,6.542739707977289876e-06,6.549416857718608333e-06,6.841207120321539876e-06,7.456823242602255400e-06,8.431237561453933471e-06,9.796020048050209342e-06,1.157842835748982584e-05,1.380177393319584750e-05,1.648455637750622770e-05,1.964086180827627739e-05,2.327954972925683471e-05,2.740469118645581507e-05,3.201481972353057906e-05,3.710342107797929510e-05,4.265826318492366718e-05,4.866195255023047275e-05,5.509136020575509376e-05,6.191826132314363830e-05,6.910887361511200368e-05,7.662459555635530687e-05,8.442167057999757382e-05,9.245203526390638016e-05,1.006631168168336941e-04,1.089987959780689547e-04,1.173993371004342421e-04,1.258024618185796879e-04,1.341434011747739356e-04,1.423560660966436515e-04,1.503732003575639867e-04,1.581276235468465476e-04,1.655524532501609987e-04,1.725823865937065732e-04,1.791539510252602898e-04,1.852067828296965351e-04,1.906838594128369604e-04,1.955327284926674462e-04,1.997056718316161093e-04,2.031608379489670225e-04,2.058622884783014293e-04,2.077809906883758913e-04,2.088947032749453826e-04,2.091887926835599490e-04,2.086559248699511597e-04,2.072966808074125768e-04,2.051190337530283932e-04,2.021387533607090566e-04,1.983786630555343911e-04,1.938688375423740587e-04,1.886456506200669440e-04,1.827517861614096387e-04,1.762351017129364496e-04,1.691484869218369308e-04,1.615485813408384160e-04,1.534955256919594117e-04,1.450515824454207147e-04,1.362808333880992698e-04,1.272477580266408973e-04,1.180169350608195616e-04,1.086516359901694239e-04,9.921358793941353112e-05,8.976163780422037760e-05,8.035162939327627010e-05,7.103518714520314298e-05,6.185975202861055940e-05,5.286752376014006340e-05,4.409568798198553282e-05,3.557554280708885217e-05,2.733293542975282441e-05,1.938758379245385482e-05,1.175372514680643652e-05,4.439627935052549108e-06,-2.551560797960097279e-06,-9.222133286227873902e-06,-1.557880217128632103e-05,-2.163288128422990029e-05,-2.739913448803283155e-05,-3.289586262573142127e-05,-3.814366750279387362e-05,-4.316549448299561735e-05,-4.798536305338915259e-05,-5.262841629546682643e-05,-5.711966889767080668e-05,-6.148411186230572361e-05,-6.574552373591543715e-05,-6.992667172461209855e-05,-7.404822283545431903e-05,-7.812907180185621914e-05,-8.218537672256067154e-05,-8.623103099596850913e-05,-9.027683420408001431e-05,-9.433111103771004802e-05,-9.839901412943525638e-05,-1.024832792836381958e-04,-1.065836442536005201e-04,-1.106977179770173177e-04,-1.148204893197996604e-04,-1.189452796859120784e-04,-1.230633095445621261e-04,-1.271646995364281369e-04,-1.312380606892873014e-04,-1.352715091928108403e-04,-1.392522485131513291e-04,-1.431675669658780885e-04,-1.470043858048953591e-04,-1.507502156606395794e-04,-1.543926530166803298e-04,-1.579202802572989548e-04,-1.613221025477367798e-04,-1.645883853787746993e-04,-1.677100335965414613e-04,-1.706793686559526855e-04,-1.734894599940186026e-04,-1.761348495356479830e-04,-1.786108498746997759e-04,-1.809142215667293289e-04,-1.830424480029237534e-04,-1.849943575499725509e-04,-1.867693725340486264e-04,-1.883680537677277745e-04,-1.897913289101042030e-04,-1.910409704105445238e-04,-1.921189065987533376e-04,-1.930277948738847512e-04,-1.937707360403924362e-04,-1.943522826212707724e-04,-1.947789152912148339e-04,-1.950604370979760788e-04,-1.952105530088810072e-04,-1.952466718768738462e-04,-1.951873184792195454e-04,-1.950456769530205226e-04,-1.948196631660386235e-04,-1.944779254263658843e-04,-1.939495834696095510e-04,-1.931222967001551387e-04,-1.918682033696962868e-04,-1.901022021494893038e-04,-1.878886067605110171e-04,-1.855626865613344055e-04,-1.838297928419784758e-04,-1.837128956075816057e-04,-1.862446142361175768e-04,-1.917521295372252692e-04,-1.988155430896364130e-04,-2.031780710606709772e-04,-1.975726177075887993e-04,-1.739913673735841851e-04,-1.307840158768420775e-04,-8.579499144746924712e-05
0.000000000000000000e+00,0.000000000000000000e+00,0.000000000000000000e+00,0.000000000000000000e+00,0.000000000000000000e+00,0.000000000000000000e+00,0.000000000000000000e+00,0.000000000000000000e+00,0.000000000000000000e+00,0.000000000000000000e+00,0.000000000000000000e+00,0.000000000000000000e+00,0.000000000000000000e+00,0.000000000000000000e+00,0.000000000000000000e+00,0.000000000000000000e+00,0.000000000000000000e+00,0.000000000000000000e+00,0.000000000000000000e+00,0.000000000000000000e+00,0.000000000000000000e+00,0.000000000000000000e+00,0.000000000000000000e+00,0.000000000000000000e+00,0.000000000000000000e+00,0.000000000000000000e+00,0.000000000000000000e+00,0.000000000000000000e+00,0.000000000000000000e+00,0.000000000000000000e+00,0.000000000000000000e+00,0.000000000000000000e+00,0.000000000000000000e+00,0.000000000000000000e+00,0.000000000000000000e+00,0.000000000000000000e+00,0.000000000000000000e+00,0.000000000000000000e+00,0.000000000000000000e+00,0.000000000000000000e+00,0.000000000000000000e+00,0.000000000000000000e+00,0.000000000000000000e+00,0.000000000000000000e+00,0.000000000000000000e+00,0.000000000000000000e+00,0.000000000000000000e+00,0.000000000000000000e+00,0.000000000000000000e+00,0.000000000000000000e+00,0.000000000000000000e+00,0.000000000000000000e+00,0.000000000000000000e+00,0.000000000000000000e+00,0.000000000000000000e+00,0.000000000000000000e+00,0.000000000000000000e+00,0.000000000000000000e+00,0.000000000000000000e+00,0.000000000000000000e+00,0.000000000000000000e+00,0.000000000000000000e+00,0.000000000000000000e+00,0.000000000000000000e+00,0.000000000000000000e+00,0.000000000000000000e+00,0.000000000000000000e+00,0.000000000000000000e+00,0.000000000000000000e+00,0.000000000000000000e+00,0.000000000000000000e+00,0.000000000000000000e+00,0.000000000000000000e+00,0.000000000000000000e+00,0.000000000000000000e+00,0.000000000000000000e+00,0.000000000000000000e+00,0.000000000000000000e+00,0.000000000000000000e+00,0.000000000000000000e+00,0.000000000000000000e+00,0.000000000000000000e+00,0.000000000000000000e+00,0.000000000000000000e+00,0.000000000000000000e+00,0.000000000000000000e+00,0.000000000000000000e+00,0.000000000000000000e+00,0.000000000000000000e+00,0.000000000000000000e+00,0.000000000000000000e+00,0.000000000000000000e+00,0.000000000000000000e+00,0.000000000000000000e+00,0.000000000000000000e+00,0.000000000000000000e+00,0.000000000000000000e+00,0.000000000000000000e+00,0.000000000000000000e+00,0.000000000000000000e+00,0.000000000000000000e+00,0.000000000000000000e+00,0.000000000000000000e+00,0.000000000000000000e+00,0.000000000000000000e+00,0.000000000000000000e+00,0.000000000000000000e+00,0.000000000000000000e+00,0.000000000000000000e+00,0.000000000000000000e+00,0.000000000000000000e+00,0.000000000000000000e+00,0.000000000000000000e+00,0.000000000000000000e+00,0.000000000000000000e+00,0.000000000000000000e+00,0.000000000000000000e+00,0.000000000000000000e+00,0.000000000000000000e+00,0.000000000000000000e+00,0.000000000000000000e+00,0.000000000000000000e+00,0.000000000000000000e+00,0.000000000000000000e+00,0.000000000000000000e+00,0.000000000000000000e+00,0.000000000000000000e+00,0.000000000000000000e+00,0.000000000000000000e+00,0.000000000000000000e+00,0.000000000000000000e+00,0.000000000000000000e+00,0.000000000000000000e+00,0.000000000000000000e+00,0.000000000000000000e+00,0.000000000000000000e+00,0.000000000000000000e+00,0.000000000000000000e+00,0.000000000000000000e+00,0.000000000000000000e+00,0.000000000000000000e+00,0.000000000000000000e+00,0.000000000000000000e+00,0.000000000000000000e+00,0.000000000000000000e+00,0.000000000000000000e+00,0.000000000000000000e+00,0.000000000000000000e+00,0.000000000000000000e+00,0.000000000000000000e+00,0.000000000000000000e+00,0.000000000000000000e+00,0.000000000000000000e+00,0.000000000000000000e+00,0.000000000000000000e+00,0.000000000000000000e+00,0.000000000000000000e+00,0.000000000000000000e+00,0.000000000000000000e+00,0.000000000000000000e+00,2.617955828481464790e-04,3.403171452921961086e-04,3.813777930566193621e-04,4.179036510526258868e-04,4.252198029765141742e-04,4.177836111929931562e-04,4.003869974870232894e-04,3.693271915106976231e-04,3.316963362661006615e-04,2.883109268568859553e-04,2.405630667619716907e-04,1.907625562704630157e-04,1.402590001465786314e-04,9.054665550217383201e-05,4.305509948939024398e-05,-1.417326102272056178e-06,-4.208103273447992072e-05,-7.827998787338819487e-05,-1.097740162841604719e-04,-1.362180798148317077e-04,-1.576583037096826749e-04,-1.741141143416521204e-04,-1.858422703003273957e-04,-1.931293745889942363e-04,-1.963767199971473568e-04,-1.960128700485978305e-04,-1.925089790431004232e-04,-1.863463640969049366e-04,-1.780022998180551697e-04,-1.679436802062894208e-04,-1.566033306543003587e-04,-1.443846566165091086e-04,-1.316434044455089573e-04,-1.186946616969827281e-04,-1.058042763067017672e-04,-9.319508149978447849e-05,-8.104571364095167890e-05,-6.949591566938470100e-05,-5.864948536154174317e-05,-4.857892445097496668e-05,-3.932998368574143965e-05,-3.092561018265215341e-05,-2.337049944000759851e-05,-1.665417403176266091e-05,-1.075475833179504426e-05,-5.641096115525749609e-06,-1.275532814610688234e-06,2.384875823923163309e-06,5.386462040017009647e-06,7.778466920448056296e-06,9.611770342744261822e-06,1.093890128047628576e-05,1.181313497836432842e-05,1.228876403768298624e-05,1.242034869432307461e-05,1.226307779372792378e-05,1.187203373188062508e-05,1.130254421879980566e-05,1.060939647252947895e-05,9.847142498081833467e-06,9.069251093313193899e-06,8.328369682761261215e-06,7.675432503140474573e-06,7.159900059669334910e-06,6.828851161138903381e-06,6.727222848349191474e-06,6.896910744272187256e-06,7.377026101410929115e-06,8.203021284159158955e-06,9.406973248522046142e-06,1.101674438419988705e-05,1.305629713195129816e-05,1.554489727989373919e-05,1.849746359581647931e-05,2.192382103521053535e-05,2.582909146083802444e-05,3.021300681592632294e-05,3.507035063187217782e-05,4.039034436456178675e-05,4.615715277088793233e-05,5.234935877239344312e-05,5.894054758804405619e-05,6.589888562007804407e-05,7.318779765460885678e-05,8.076566282813332570e-05,8.858659594738472456e-05,9.660026852941019134e-05,1.047527994721161290e-04,1.129867017628885550e-04,1.212418798105823256e-04,1.294556932899259562e-04,1.375640491197326000e-04,1.455015638721207096e-04,1.532027285578140821e-04,1.606021410514010600e-04,1.676357125580902132e-04,1.742409326623406808e-04,1.803580786903904228e-04,1.859304693661199760e-04,1.909056332890583492e-04,1.952355037474951980e-04,1.988775010675090992e-04,2.017946215950547112e-04,2.039563912656034773e-04,2.053388064450706123e-04,2.059251227906112880e-04,2.057056143457071287e-04,2.046781721742996869e-04,2.028478601394807768e-04,2.002273109697061816e-04,1.968360713925670533e-04,1.927007979631839140e-04,1.878543993117744767e-04,1.823360488316855591e-04,1.761901463318198493e-04,1.694661782229142709e-04,1.622175336186883622e-04,1.545012538695885221e-04,1.463767481606392720e-04,1.379054823200267339e-04,1.291496455292204162e-04,1.201718327326105134e-04,1.110337167905273836e-04,1.017957792470921294e-04,9.251604092961351910e-05,8.324989224561562303e-05,7.404892994616876973e-05,6.496093074250749468e-05,5.602883305729073856e-05,4.729088710157573967e-05,3.877980860373133850e-05,3.052312537068412263e-05,2.254251614233173713e-05,1.485435912177430741e-05,7.469254380789990259e-06,3.927650636840283126e-07,-6.374892612074328447e-06,-1.283793857177662989e-05,-1.900520009119894196e-05,-2.488906619677991495e-05,-3.050555910371238370e-05,-3.587319713112785511e-05,-4.101301211997307716e-05,-4.594736892511800666e-05,-5.069997720826700707e-05,-5.529471606467885455e-05,-5.975568693717498244e-05,-6.410608817673350563e-05,-6.836835005067890697e-05,-7.256309641188465019e-05,-7.670939347219037693e-05,-8.082382505716528321e-05,-8.492087494515120853e-05,-8.901212952960741169e-05,-9.310680034552019013e-05,-9.721105471203556276e-05,-1.013286719928350104e-04,-1.054604903747765482e-04,-1.096051788604847100e-04,-1.137587780883831165e-04,-1.179155612602127021e-04,-1.220676398921254340e-04,-1.262058817036695499e-04,-1.303195490361786597e-04,-1.343972405724636911e-04,-1.384265309595419913e-04,-1.423949059155434874e-04,-1.462893759029990711e-04,-1.500973800286265923e-04,-1.538063534855081823e-04,-1.574045836016861144e-04,-1.608807190110326699e-04,-1.642245700691105745e-04,-1.674265561227818644e-04,-1.704784512639743251e-04,-1.733727735930162578e-04,-1.761034849289745165e-04,-1.786653311951328944e-04,-1.810545094033566191e-04,-1.832679682194560046e-04,-1.853040535817027004e-04,-1.871617688014544703e-04,-1.888413993510348562e-04,-1.903437151814244346e-04,-1.916705697616915346e-04,-1.928240339133075419e-04,-1.938070155001265149e-04,-1.946224088474189000e-04,-1.952739490224086037e-04,-1.957656480685662391e-04,-1.961032628176349131e-04,-1.962942348190840056e-04,-1.963497090518502336e-04,-1.962840494150707425e-04,-1.961154473703445881e-04,-1.958615204900200353e-04,-1.955342851595411372e-04,-1.951279332787127382e-04,-1.946082226410334620e-04,-1.939001793761400234e-04,-1.928930426666332994e-04,-1.914635436983648195e-04,-1.895431380572777929e-04,-1.872150590830467935e-04,-1.848406775204285667e-04,-1.831329873565859436e-04,-1.831054053058343346e-04,-1.857307393967367346e-04,-1.912568091336398096e-04,-1.981650780078076355e-04,-2.021891851137319856e-04,-1.961718735766117673e-04,-1.724308401785276082e-04,-1.296212415459611683e-04,-8.545916266587115257e-05
0.000000000000000000e+00,0.000000000000000000e+00,0.000000000000000000e+00,0.000000000000000000e+00,0.000000000000000000e+00,0.000000000000000000e+00,0.000000000000000000e+00,0.000000000000000000e+00,0.000000000000000000e+00,0.000000000000000000e+00,0.000000000000000000e+00,0.000000000000000000e+00,0.000000000000000000e+00,0.000000000000000000e+00,0.000000000000000000e+00,0.000000000000000000e+00,0.000000000000000000e+00,0.000000000000000000e+00,0.000000000000000000e+00,0.000000000000000000e+00,0.000000000000000000e+00,0.000000000000000000e+00,0.000000000000000000e+00,0.000000000000000000e+00,0.000000000000000000e+00,0.000000000000000000e+00,0.000000000000000000e+00,0.000000000000000000e+00,0.000000000000000000e+00,0.000000000000000000e+00,0.000000000000000000e+00,0.000000000000000000e+00,0.000000000000000000e+00,0.000000000000000000e+00,0.000000000000000000e+00,0.000000000000000000e+00,0.000000000000000000e+00,0.000000000000000000e+00,0.000000000000000000e+00,0.000000000000000000e+00,0.000000000000000000e+00,0.000000000000000000e+00,0.000000000000000000e+00,0.000000000000000000e+00,0.000000000000000000e+00,0.000000000000000000e+00,0.000000000000000000e+00,0.000000000000000000e+00,0.000000000000000000e+00,0.000000000000000000e+00,0.000000000000000000e+00,0.000000000000000000e+00,0.000000000000000000e+00,0.000000000000000000e+00,0.000000000000000000e+00,0.000000000000000000e+00,0.000000000000000000e+00,0.000000000000000000e+00,0.000000000000000000e+00,0.000000000000000000e+00,0.000000000000000000e+00,0.000000000000000000e+00,0.000000000000000000e+00,0.000000000000000000e+00,0.000000000000000000e+00,0.000000000000000000e+00,0.000000000000000000e+00,0.000000000000000000e+00,0.000000000000000000e+00,0.000000000000000000e+00,0.000000000000000000e+00,0.000000000000000000e+00,0.000000000000000000e+00,0.000000000000000000e+00,0.000000000000000000e+00,0.000000000000000000e+00,0.000000000000000000e+00,0.000000000000000000e+00,0.000000000000000000e+00,0.000000000000000000e+00,0.000000000000000000e+00,0.000000000000000000e+00,0.000000000000000000e+00,0.000000000000000000e+00,0.000000000000000000e+00,0.000000000000000000e+00,0.000000000000000000e+00,0.000000000000000000e+00,0.000000000000000000e+00,0.000000000000000000e+00,0.000000000000000000e+00,0.000000000000000000e+00,0.000000000000000000e+00,0.000000000000000000e+00,0.000000000000000000e+00,0.000000000000000000e+00,0.000000000000000000e+00,0.000000000000000000e+00,0.000000000000000000e+00,0.000000000000000000e+00,0.000000000000000000e+00,0.000000000000000000e+00,0.000000000000000000e+00,0.000000000000000000e+00,0.000000000000000000e+00,0.000000000000000000e+00,0.000000000000000000e+00,0.000000000000000000e+00,0.000000000000000000e+00,0.000000000000000000e+00,0.000000000000000000e+00,0.000000000000000000e+00,0.000000000000000000e+00,0.000000000000000000e+00,0.000000000000000000e+00,0.000000000000000000e+00,0.000000000000000000e+00,0.000000000000000000e+00,0.000000000000000000e+00,0.000000000000000000e+00,0.000000000000000000e+00,0.000000000000000000e+00,0.000000000000000000e+00,0.000000000000000000e+00,0.000000000000000000e+00,0.000000000000000000e+00,0.000000000000000000e+00,0.000000000000000000e+00,0.000000000000000000e+00,0.000000000000000000e+00,0.000000000000000000e+00,0.000000000000000000e+00,0.000000000000000000e+00,0.000000000000000000e+00,0.000000000000000000e+00,0.000000000000000000e+00,0.000000000000000000e+00,0.000000000000000000e+00,0.000000000000000000e+00,0.000000000000000000e+00,0.000000000000000000e+00,0.000000000000000000e+00,0.000000000000000000e+00,0.000000000000000000e+00,0.000000000000000000e+00,0.000000000000000000e+00,0.000000000000000000e+00,0.000000000000000000e+00,0.000000000000000000e+00,0.000000000000000000e+00,0.000000000000000000e+00,0.000000000000000000e+00,0.000000000000000000e+00,0.000000000000000000e+00,0.000000000000000000e+00,0.000000000000000000e+00,0.000000000000000000e+00,0.000000000000000000e+00,2.537270082054172266e-04,3.282485434183715590e-04,3.746209224979869497e-04,4.063247734732496497e-04,4.197511323596345373e-04,4.171787398222284726e-04,4.053606907954188142e-04,3.802821187211241475e-04,3.451432452912650680e-04,3.048433259566410815e-04,2.589931369026875424e-04,2.106024558756221102e-04,1.609118131379138456e-04,1.112660224581754170e-04,6.316325638290700209e-05,1.764426401474207784e-05,-2.444564545309239924e-05,-6.239120580337686941e-05,-9.576951889069906885e-05,-1.243271501075151263e-04,-1.478833637359190092e-04,-1.665233603526994398e-04,-1.803327618155344371e-04,-1.896121180554223714e-04,-1.946724235979086306e-04,-1.959393796309805234e-04,-1.938482124716633828e-04,-1.888753646495896002e-04,-1.814929260105547788e-04,-1.721690536713460788e-04,-1.613513502717613915e-04,-1.494553805780312456e-04,-1.368625098023837578e-04,-1.239080681170404575e-04,-1.108859835270459179e-04,-9.804205638797971523e-05,-8.558045512919262474e-05,-7.366227105470614649e-05,-6.241185114899424453e-05,-5.191874580745042464e-05,-4.224337114773272746e-05,-3.342038448958588271e-05,-2.546349744432352917e-05,-1.836888995182698545e-05,-1.211905826454081947e-05,-6.685528007913696387e-06,-2.031727671336256481e-06,1.885230719964927137e-06,5.112539972945289104e-06,7.700766375779568177e-06,9.702498357451109137e-06,1.117203863665156898e-05,1.216447858035236398e-05,1.273576604507192375e-05,1.294199280060831710e-05,1.283963545802659042e-05,1.248490102143539600e-05,1.193400870613904007e-05,1.124250646908257978e-05,1.046552919386809900e-05,9.657056595820807571e-06,8.870133021038125197e-06,8.156074398220355007e-06,7.564662410182912937e-06,7.143324724423744511e-06,6.937325024975154077e-06,6.988942268842946571e-06,7.337675362304468800e-06,8.019441285395425875e-06,9.066806505086589152e-06,1.050821682266322242e-05,1.236826202154891716e-05,1.466694580499202365e-05,1.741998786018747431e-05,2.063814118423869910e-05,2.432753665146685881e-05,2.848905660111402177e-05,3.311872985301814767e-05,3.820717311780052626e-05,4.374004758186777190e-05,4.969758194055857602e-05,5.605510373203442776e-05,6.278265837056442873e-05,6.984562838866929845e-05,7.720446107763588475e-05,8.481538625400373687e-05,9.263026081799141675e-05,1.005973906118856907e-04,1.086614935992056798e-04,1.167646242216980083e-04,1.248462485092052018e-04,1.328442607071059049e-04,1.406951542133672624e-04,1.483351109791848622e-04,1.557002426475400444e-04,1.627277242909566267e-04,1.693560714981683709e-04,1.755262824383926196e-04,1.811821099369498712e-04,1.862711706316772507e-04,1.907451672378156411e-04,1.945609215558961901e-04,1.976805018806251848e-04,2.000721384020887040e-04,2.017102144601858754e-04,2.025760286304788401e-04,2.026576161971160861e-04,2.019503316210217428e-04,2.004564776407394397e-04,1.981856940918942309e-04,1.951543854357580261e-04,1.913859158601791165e-04,1.869098404793831619e-04,1.817619209168418453e-04,1.759831795290095772e-04,1.696197629171015942e-04,1.627218510311709927e-04,1.553434071424708942e-04,1.475409836055337871e-04,1.393734049323163923e-04,1.309005186498830885e-04,1.221828627474351285e-04,1.132804130987144828e-04,1.042522874608318621e-04,9.515554019276216435e-05,8.604495215094168695e-05,7.697191900994686991e-05,6.798437002152254180e-05,5.912578842569923295e-05,5.043529253950204309e-05,4.194681609805151081e-05,3.368937320409083613e-05,2.568641373385625119e-05,1.795628021511356620e-05,1.051173968839700821e-05,3.360626652536229211e-06,-3.494460904922047683e-06,-1.005535161713757810e-05,-1.632846529391639628e-05,-2.232386670625283761e-05,-2.805532571598446566e-05,-3.353927413365831754e-05,-3.879480353238221480e-05,-4.384256990120462212e-05,-4.870477466649674857e-05,-5.340406329426684000e-05,-5.796353445946574582e-05,-6.240567618368847859e-05,-6.675244359737912627e-05,-7.102426991125823674e-05,-7.524024526172948236e-05,-7.941723044710375734e-05,-8.357015874338239966e-05,-8.771126885137913505e-05,-9.185053941757974599e-05,-9.599504524745338567e-05,-1.001495218364486926e-04,-1.043158369174016121e-04,-1.084936709279015534e-04,-1.126800856529526788e-04,-1.168702974136606184e-04,-1.210573170091244256e-04,-1.252327864241974608e-04,-1.293866601895820093e-04,-1.335080740636379636e-04,-1.375850375676755514e-04,-1.416053044126108112e-04,-1.455560490830621863e-04,-1.494247132465200030e-04,-1.531986451529228170e-04,-1.568659029655709500e-04,-1.604148433656606457e-04,-1.638348705412512177e-04,-1.671159686038453662e-04,-1.702493927222167825e-04,-1.732271478220769262e-04,-1.760426251539609665e-04,-1.786900365000838376e-04,-1.811650044008778870e-04,-1.834639656351074127e-04,-1.855847244520346612e-04,-1.875258388135089588e-04,-1.892871396412887722e-04,-1.908691050631688090e-04,-1.922733336829698936e-04,-1.935019013935643933e-04,-1.945577693137951641e-04,-1.954441381927497453e-04,-1.961648222285757536e-04,-1.967237289770631416e-04,-1.971253833427734120e-04,-1.973748500103071472e-04,-1.974786959891829347e-04,-1.974455802166732684e-04,-1.972873845007274915e-04,-1.970195225036108723e-04,-1.966600153232995183e-04,-1.962262163783415152e-04,-1.957276169474383726e-04,-1.951559635049314630e-04,-1.944724388971973714e-04,-1.936004905584643907e-04,-1.924287395102848445e-04,-1.908424871432853323e-04,-1.887857035690837331e-04,-1.863653193549857023e-04,-1.839605271402126050e-04,-1.822977126079371429e-04,-1.823677518826420142e-04,-1.850954658694683303e-04,-1.906351886526744894e-04,-1.973956768823571068e-04,-2.010833404320918716e-04,-1.946864104321095626e-04,-1.708027379046029356e-04,-1.284240238034410186e-04,-8.506336064681164480e-05
0.000000000000000000e+00,0.000000000000000000e+00,0.000000000000000000e+00,0.000000000000000000e+00,0.000000000000000000e+00,0.000000000000000000e+00,0.000000000000000000e+00,0.000000000000000000e+00,0.000000000000000000e+00,0.000000000000000000e+00,0.000000000000000000e+00,0.000000000000000000e+00,0.000000000000000000e+00,0.000000000000000000e+00,0.000000000000000000e+00,0.000000000000000000e+00,0.000000000000000000e+00,0.000000000000000000e+00,0.000000000000000000e+00,0.000000000000000000e+00,0.000000000000000000e+00,0.000000000000000000e+00,0.000000000000000000e+00,0.000000000000000000e+00,0.000000000000000000e+00,0.000000000000000000e+00,0.000000000000000000e+00,0.000000000000000000e+00,0.000000000000000000e+00,0.000000000000000000e+00,0.000000000000000000e+00,0.000000000000000000e+00,0.000000000000000000e+00,0.000000000000000000e+00,0.000000000000000000e+00,0.000000000000000000e+00,0.000000000000000000e+00,0.000000000000000000e+00,0.000000000000000000e+00,0.000000000000000000e+00,0.000000000000000000e+00,0.000000000000000000e+00,0.000000000000000000e+00,0.000000000000000000e+00,0.000000000000000000e+00,0.000000000000000000e+00,0.000000000000000000e+00,0.000000000000000000e+00,0.000000000000000000e+00,0.000000000000000000e+00,0.000000000000000000e+00,0.000000000000000000e+00,0.000000000000000000e+00,0.000000000000000000e+00,0.000000000000000000e+00,0.000000000000000000e+00,0.000000000000000000e+00,0.000000000000000000e+00,0.000000000000000000e+00,0.000000000000000000e+00,0.000000000000000000e+00,0.000000000000000000e+00,0.000000000000000000e+00,0.000000000000000000e+00,0.000000000000000000e+00,0.000000000000000000e+00,0.000000000000000000e+00,0.000000000000000000e+00,0.000000000000000000e+00,0.000000000000000000e+00,0.000000000000000000e+00,0.000000000000000000e+00,0.000000000000000000e+00,0.000000000000000000e+00,0.000000000000000000e+00,0.000000000000000000e+00,0.000000000000000000e+00,0.000000000000000000e+00,0.000000000000000000e+00,0.000000000000000000e+00,0.000000000000000000e+00,0.000000000000000000e+00,0.000000000000000000e+00,0.000000000000000000e+00,0.000000000000000000e+00,0.000000000000000000e+00,0.000000000000000000e+00,0.000000000000000000e+00,0.000000000000000000e+00,0.000000000000000000e+00,0.000000000000000000e+00,0.000000000000000000e+00,0.000000000000000000e+00,0.000000000000000000e+00,0.000000000000000000e+00,0.000000000000000000e+00,0.000000000000000000e+00,0.000000000000000000e+00,0.000000000000000000e+00,0.000000000000000000e+00,0.000000000000000000e+00,0.000000000000000000e+00,0.000000000000000000e+00,0.000000000000000000e+00,0.000000000000000000e+00,0.000000000000000000e+00,0.000000000000000000e+00,0.000000000000000000e+00,0.000000000000000000e+00,0.000000000000000000e+00,0.000000000000000000e+00,0.000000000000000000e+00,0.000000000000000000e+00,0.000000000000000000e+00,0.000000000000000000e+00,0.000000000000000000e+00,0.000000000000000000e+00,0.000000000000000000e+00,0.000000000000000000e+00,0.000000000000000000e+00,0.000000000000000000e+00,0.000000000000000000e+00,0.000000000000000000e+00,0.000000000000000000e+00,0.000000000000000000e+00,0.000000000000000000e+00,0.000000000000000000e+00,0.000000000000000000e+00,0.000000000000000000e+00,0.000000000000000000e+00,0.000000000000000000e+00,0.000000000000000000e+00,0.000000000000000000e+00,0.000000000000000000e+00,0.000000000000000000e+00,0.000000000000000000e+00,0.000000000000000000e+00,0.000000000000000000e+00,0.000000000000000000e+00,0.000000000000000000e+00,0.000000000000000000e+00,0.000000000000000000e+00,0.000000000000000000e+00,0.000000000000000000e+00,0.000000000000000000e+00,0.000000000000000000e+00,0.000000000000000000e+00,0.000000000000000000e+00,0.000000000000000000e+00,0.000000000000000000e+00,0.000000000000000000e+00,0.000000000000000000e+00,0.000000000000000000e+00,0.000000000000000000e+00,0.000000000000000000e+00,0.000000000000000000e+00,0.000000000000000000e+00,2.707207276639773692e-04,3.415549523293622772e-04,3.791083236635189630e-04,4.162306462201427362e-04,4.172494699982937181e-04,4.083990441548547849e-04,3.878244050918915552e-04,3.571845391797157142e-04,3.199659379060182753e-04,2.765648079899827856e-04,2.292876310266983987e-04,1.807236579026746785e-04,1.314426781798858990e-04,8.316252972718719209e-05,3.688526263439840413e-05,-6.403463784801597778e-06,-4.591275739699655743e-05,-8.109968383207648561e-05,-1.116112436084486389e-04,-1.372490473623496515e-04,-1.579668295464984945e-04,-1.738740620117191333e-04,-1.851353848277431939e-04,-1.920741360741638228e-04,-1.950291757598624127e-04,-1.944414457049241710e-04,-1.907500046089751768e-04,-1.844321025119267617e-04,-1.759494945797130186e-04,-1.657588717632274772e-04,-1.542884459683605317e-04,-1.419355594392948726e-04,-1.290591450586661140e-04,-1.159743763643182216e-04,-1.029537133651445047e-04,-9.022366186242006118e-05,-7.796962917048083630e-05,-6.633594903449230339e-05,-5.543154552314537916e-05,-4.533242323448079969e-05,-3.608685426426048564e-05,-2.771902852840934075e-05,-2.023330950939667609e-05,-1.361794856989616085e-05,-7.848262641412719556e-06,-2.889770830485080643e-06,1.299680704652273723e-06,4.767579685848924155e-06,7.565524709354900433e-06,9.747621885427018259e-06,1.136994084576472084e-05,1.248944943505201892e-05,1.316391058718123863e-05,1.345113214634223624e-05,1.340909749350680288e-05,1.309534740984748286e-05,1.256719559910436585e-05,1.188112453246924196e-05,1.109300119437220091e-05,1.025743163164035385e-05,9.427945639208480262e-06,8.656300771197179920e-06,7.992639035386177323e-06,7.484756513472746888e-06,7.178250434148193428e-06,7.115778599822592337e-06,7.337216792698832419e-06,7.878929680744600566e-06,8.773953384825125784e-06,1.005129326852945356e-05,1.173614048177238981e-05,1.384920670830883974e-05,1.640697986604695296e-05,1.942110349219708067e-05,2.289867630781240238e-05,2.684168435885485299e-05,3.124735103006004157e-05,3.610763210803361164e-05,4.140962558261316689e-05,4.713514192041155467e-05,5.326118514045920108e-05,5.975961148838702009e-05,6.659769370061686001e-05,7.373788010437384887e-05,8.113845210832138324e-05,8.875339219183015480e-05,9.653314037235906006e-05,1.044245737107446845e-04,1.123718610948639096e-04,1.203165492332042367e-04,1.281985071474152577e-04,1.359561048425976949e-04,1.435272301979557594e-04,1.508495374536733004e-04,1.578615106325737124e-04,1.645027506138990714e-04,1.707150517780207217e-04,1.764426897156993915e-04,1.816334724132399566e-04,1.862389864752153992e-04,1.902155816946614678e-04,1.935245327905589713e-04,1.961329172404186133e-04,1.980136523985933760e-04,1.991462312741946810e-04,1.995166015414100592e-04,1.991177323394202104e-04,1.979493116950510612e-04,1.960181287467025141e-04,1.933375785971484058e-04,1.899278575614998116e-04,1.858152782407711441e-04,1.810322891529397621e-04,1.756166165031901804e-04,1.696111325350366423e-04,1.630628527826830977e-04,1.560226884978736404e-04,1.485443380668739668e-04,1.406839670690110335e-04,1.324990393348472891e-04,1.240479730578818423e-04,1.153889602962910812e-04,1.065796488838387614e-04,9.767599893765892586e-05,8.873203811640971743e-05,7.979879999723589338e-05,7.092419470340520038e-05,6.215206713630294318e-05,5.352221652338740206e-05,4.506960290432150402e-05,3.682453831043848674e-05,2.881205828311605643e-05,2.105229496609251354e-05,1.356001764887677761e-05,6.345184981080847899e-06,-5.873544121503640104e-07,-7.237146066852879751e-06,-1.360828999247969500e-05,-1.970858789161234286e-05,-2.554959556106501531e-05,-3.114566882361453415e-05,-3.651394660240698132e-05,-4.167333700225220045e-05,-4.664447369742063333e-05,-5.144868583502658712e-05,-5.610797073761014463e-05,-6.064398979418457014e-05,-6.507809713354998531e-05,-6.943039859705712569e-05,-7.371986933155459502e-05,-7.796350480782554462e-05,-8.217655088960663088e-05,-8.637176550387500051e-05,-9.055977361171881838e-05,-9.474844661191861197e-05,-9.894338292880817389e-05,-1.031474007382447190e-04,-1.073611338102856101e-04,-1.115826228905190070e-04,-1.158080071467771206e-04,-1.200311915714993085e-04,-1.242446078157887466e-04,-1.284389300634135788e-04,-1.326038757828375985e-04,-1.367279410390191772e-04,-1.407992118988256802e-04,-1.448050920009971189e-04,-1.487330987237274764e-04,-1.525705604905104335e-04,-1.563053776236777179e-04,-1.599256734340909333e-04,-1.634205069492956702e-04,-1.667794692172802477e-04,-1.699933427346400226e-04,-1.730536415381245155e-04,-1.759532192669413422e-04,-1.786857577046461110e-04,-1.812463313904335736e-04,-1.836308536893605512e-04,-1.858366100837745565e-04,-1.878616724335678621e-04,-1.897054138788227887e-04,-1.913678980161224682e-04,-1.928503827687033689e-04,-1.941546790896845622e-04,-1.952836399845961953e-04,-1.962404702173223595e-04,-1.970291994252013827e-04,-1.976539445056946839e-04,-1.981194328494758716e-04,-1.984303261530755581e-04,-1.985920233919059917e-04,-1.986103076395937829e-04,-1.984927422037543305e-04,-1.982487178271317909e-04,-1.978911537628453177e-04,-1.974357529608501195e-04,-1.969008386313347749e-04,-1.963023710027035260e-04,-1.956482115724477746e-04,-1.949262078980264548e-04,-1.940948123675775741e-04,-1.930741340301444337e-04,-1.917554116520348842e-04,-1.900296968815506546e-04,-1.878577057669798659e-04,-1.853640095276610318e-04,-1.829500142906139684e-04,-1.813442223938908232e-04,-1.815218022639625642e-04,-1.843453391970862828e-04,-1.898935933403695460e-04,-1.964902204493115400e-04,-1.998505336895800024e-04,-1.930888310384308115e-04,-1.691239781450242332e-04,-1.272214808540784591e-04,-8.472297175030651700e-05
0.000000000000000000e+00,0.000000000000000000e+00,0.000000000000000000e+00,0.000000000000000000e+00,0.000000000000000000e+00,0.000000000000000000e+00,0.000000000000000000e+00,0.000000000000000000e+00,0.000000000000000000e+00,0.000000000000000000e+00,0.000000000000000000e+00,0.000000000000000000e+00,0.000000000000000000e+00,0.000000000000000000e+00,0.000000000000000000e+00,0.000000000000000000e+00,0.000000000000000000e+00,0.000000000000000000e+00,0.000000000000000000e+00,0.000000000000000000e+00,0.000000000000000000e+00,0.000000000000000000e+00,0.000000000000000000e+00,0.000000000000000000e+00,0.000000000000000000e+00,0.000000000000000000e+00,0.000000000000000000e+00,0.000000000000000000e+00,0.000000000000000000e+00,0.000000000000000000e+00,0.000000000000000000e+00,0.000000000000000000e+00,0.000000000000000000e+00,0.000000000000000000e+00,0.000000000000000000e+00,0.000000000000000000e+00,0.000000000000000000e+00,0.000000000000000000e+00,0.000000000000000000e+00,0.000000000000000000e+00,0.000000000000000000e+00,0.000000000000000000e+00,0.000000000000000000e+00,0.000000000000000000e+00,0.000000000000000000e+00,0.000000000000000000e+00,0.000000000000000000e+00,0.000000000000000000e+00,0.000000000000000000e+00,0.000000000000000000e+00,0.000000000000000000e+00,0.000000000000000000e+00,0.000000000000000000e+00,0.000000000000000000e+00,0.000000000000000000e+00,0.000000000000000000e+00,0.000000000000000000e+00,0.000000000000000000e+00,0.000000000000000000e+00,0.000000000000000000e+00,0.000000000000000000e+00,0.000000000000000000e+00,0.000000000000000000e+00,0.000000000000000000e+00,0.000000000000000000e+00,0.000000000000000000e+00,0.000000000000000000e+00,0.000000000000000000e+00,0.000000000000000000e+00,0.000000000000000000e+00,0.000000000000000000e+00,0.000000000000000000e+00,0.000000000000000000e+00,0.000000000000000000e+00,0.000000000000000000e+00,0.000000000000000000e+00,0.000000000000000000e+00,0.000000000000000000e+00,0.000000000000000000e+00,0.000000000000000000e+00,0.000000000000000000e+00,0.000000000000000000e+00,0.000000000000000000e+00,0.000000000000000000e+00,0.000000000000000000e+00,0.000000000000000000e+00,0.000000000000000000e+00,0.000000000000000000e+00,0.000000000000000000e+00,0.000000000000000000e+00,0.000000000000000000e+00,0.000000000000000000e+00,0.000000000000000000e+00,0.000000000000000000e+00,0.000000000000000000e+00,0.000000000000000000e+00,0.000000000000000000e+00,0.000000000000000000e+00,0.000000000000000000e+00,0.000000000000000000e+00,0.000000000000000000e+00,0.000000000000000000e+00,0.000000000000000000e+00,0.000000000000000000e+00,0.000000000000000000e+00,0.000000000000000000e+00,0.000000000000000000e+00,0.000000000000000000e+00,0.000000000000000000e+00,0.000000000000000000e+00,0.000000000000000000e+00,0.000000000000000000e+00,0.000000000000000000e+00,0.000000000000000000e+00,0.000000000000000000e+00,0.000000000000000000e+00,0.000000000000000000e+00,0.000000000000000000e+00,0.000000000000000000e+00,0.000000000000000000e+00,0.000000000000000000e+00,0.000000000000000000e+00,0.000000000000000000e+00,0.000000000000000000e+00,0.000000000000000000e+00,0.000000000000000000e+00,0.000000000000000000e+00,0.000000000000000000e+00,0.000000000000000000e+00,0.000000000000000000e+00,0.000000000000000000e+00,0.000000000000000000e+00,0.000000000000000000e+00,0.000000000000000000e+00,0.000000000000000000e+00,0.000000000000000000e+00,0.000000000000000000e+00,0.000000000000000000e+00,0.000000000000000000e+00,0.000000000000000000e+00,0.000000000000000000e+00,0.000000000000000000e+00,0.000000000000000000e+00,0.000000000000000000e+00,0.000000000000000000e+00,0.000000000000000000e+00,0.000000000000000000e+00,0.000000000000000000e+00,0.000000000000000000e+00,0.000000000000000000e+00,0.000000000000000000e+00,0.000000000000000000e+00,0.000000000000000000e+00,0.000000000000000000e+00,0.000000000000000000e+00,2.713410852485438228e-04,3.344966931472291116e-04,3.750279282164446781e-04,4.028588534351533012e-04,4.142951685787132888e-04,4.089031373116361941e-04,3.955557614158745948e-04,3.675163396731486809e-04,3.332549233622050062e-04,2.925815974521871524e-04,2.474935242343972628e-04,1.998327113076111129e-04,1.511556309571629670e-04,1.027463249037309761e-04,5.609146904520767146e-05,1.186059980235695865e-05,-2.896791827074768157e-05,-6.580011988748263199e-05,-9.816251100233744928e-05,-1.257824139877009820e-04,-1.485478694175131748e-04,-1.664862844707989454e-04,-1.797473768249590795e-04,-1.885648090889407622e-04,-1.932770876764429826e-04,-1.942531132388633259e-04,-1.919383817974443858e-04,-1.867754094565537591e-04,-1.792371085235235605e-04,-1.697739939926577572e-04,-1.588290200878323104e-04,-1.468110754512690942e-04,-1.340981874012365399e-04,-1.210271699383820158e-04,-1.078926706192074534e-04,-9.494604539685011979e-05,-8.239466485305529790e-05,-7.040564020622927164e-05,-5.910680687401041576e-05,-4.859218543629603682e-05,-3.892439869463832074e-05,-3.014010522680582116e-05,-2.225308070975692032e-05,-1.525887241029457795e-05,-9.137780612795849678e-06,-3.858490576428503911e-06,6.195427333338627629e-07,4.343470884694814191e-06,7.365440904718244943e-06,9.740819692000136210e-06,1.152729617140733341e-05,1.278372566937712696e-05,1.356976402078625792e-05,1.394509783883220786e-05,1.396940472255095217e-05,1.370177288940904667e-05,1.320081652092121153e-05,1.252414776512916704e-05,1.172853524789031133e-05,1.086935333048161994e-05,1.000072926994259182e-05,9.174944756210763993e-06,8.442559383415678038e-06,7.851771380185616140e-06,7.448528342991364425e-06,7.275868232685253930e-06,7.374035844354172473e-06,7.779826625369648516e-06,8.526725326032369152e-06,9.644270456663545826e-06,1.115822619235644109e-05,1.308997965630797941e-05,1.545675271075019056e-05,1.827104071059530379e-05,2.154086907222758115e-05,2.526928138057198806e-05,2.945464643153177024e-05,3.409020479468275892e-05,3.916443417046700046e-05,4.466066532771777414e-05,5.055751566748616663e-05,5.682858651300604834e-05,6.344297552311194978e-05,7.036506664752200919e-05,7.755513074395545563e-05,8.496921663878731880e-05,9.255984573521119896e-05,1.002760075368048799e-04,1.080639483623012994e-04,1.158672677695264078e-04,1.236277942294067300e-04,1.312857707427177775e-04,1.387808021991059125e-04,1.460521099211245879e-04,1.530395272803799990e-04,1.596837948307739611e-04,1.659275734949012930e-04,1.717157452666537472e-04,1.769964078180947349e-04,1.817211413331924134e-04,1.858459455247740569e-04,1.893314317316160001e-04,1.921436636983379399e-04,1.942542361133244629e-04,1.956409844101832151e-04,1.962879165802557178e-04,1.961857646404808488e-04,1.953317455249628401e-04,1.937299372134140146e-04,1.913908560645317307e-04,1.883316529839684339e-04,1.845755076122365061e-04,1.801516531087668602e-04,1.750946008396330801e-04,1.694440150522998057e-04,1.632437938313556936e-04,1.565418259171703528e-04,1.493889636271357143e-04,1.418387024135184965e-04,1.339460884217737765e-04,1.257673665269286442e-04,1.173588688388312403e-04,1.087766786827354485e-04,1.000755465729509817e-04,9.130861596017685337e-05,8.252641011982375120e-05,7.377666069679263833e-05,6.510340288089924514e-05,5.654694020153154223e-05,4.814307672194265158e-05,3.992324168817032866e-05,3.191387684745776530e-05,2.413673310072466790e-05,1.660841919665185861e-05,9.340870310777684544e-06,2.341052160314931524e-06,-4.388410634119771752e-06,-1.084939254660442461e-05,-1.704750209993616023e-05,-2.299212952802580996e-05,-2.869557708132490441e-05,-3.417303152816418001e-05,-3.944162803519145615e-05,-4.452038727527191065e-05,-4.942925403299239278e-05,-5.418903986826480293e-05,-5.882047703392562866e-05,-6.334420533690970218e-05,-6.777987798727872165e-05,-7.214622573756036838e-05,-7.646024431583172212e-05,-8.073736066540434435e-05,-8.499072233886999055e-05,-8.923148053126590145e-05,-9.346819116970591333e-05,-9.770721845714422490e-05,-1.019522464695513407e-04,-1.062047962277631944e-04,-1.104638365392521921e-04,-1.147263982879698647e-04,-1.189872650545045670e-04,-1.232396612956426524e-04,-1.274749977495599534e-04,-1.316836061058459118e-04,-1.358545118134419196e-04,-1.399761869950064098e-04,-1.440363240829171064e-04,-1.480225809423428563e-04,-1.519223324115564783e-04,-1.557233863226225191e-04,-1.594136957886424001e-04,-1.629820311800735978e-04,-1.664176429403809506e-04,-1.697108815541107155e-04,-1.728528077640754674e-04,-1.758357591831027488e-04,-1.786529111927717445e-04,-1.812987943510523136e-04,-1.837688144676555160e-04,-1.860597289093262371e-04,-1.881691380125141168e-04,-1.900959301538090529e-04,-1.918397578599922277e-04,-1.934014593086109480e-04,-1.947825289342122181e-04,-1.959855140459891532e-04,-1.970134800128981150e-04,-1.978703667991273682e-04,-1.985604427558990788e-04,-1.990886080102210976e-04,-1.994598647463038900e-04,-1.996796197753947396e-04,-1.997533203191323263e-04,-1.996869522576289770e-04,-1.994871376790099938e-04,-1.991620443992017241e-04,-1.987220194680455558e-04,-1.981804219149032188e-04,-1.975535961294472352e-04,-1.968592491678299169e-04,-1.961125653297125088e-04,-1.953185133597031247e-04,-1.944623109073216529e-04,-1.934981439684637879e-04,-1.923452350212154227e-04,-1.908953722271466557e-04,-1.890491021362303802e-04,-1.867799386063464899e-04,-1.842345058974347548e-04,-1.818284611744364835e-04,-1.802979311749653942e-04,-1.805902249368871273e-04,-1.835172084054654499e-04,-1.890687458634673695e-04,-1.955076990646356433e-04,-1.985405107736234087e-04,-1.914400531154423254e-04,-1.674021626775447282e-04,-1.259968457457936477e-04,-8.432776148710490654e-05
0.000000000000000000e+00,0.000000000000000000e+00,0.000000000000000000e+00,0.000000000000000000e+00,0.000000000000000000e+00,0.000000000000000000e+00,0.000000000000000000e+00,0.000000000000000000e+00,0.000000000000000000e+00,0.000000000000000000e+00,0.000000000000000000e+00,0.000000000000000000e+00,0.000000000000000000e+00,0.000000000000000000e+00,0.000000000000000000e+00,0.000000000000000000e+00,0.000000000000000000e+00,0.000000000000000000e+00,0.000000000000000000e+00,0.000000000000000000e+00,0.000000000000000000e+00,0.000000000000000000e+00,0.000000000000000000e+00,0.000000000000000000e+00,0.000000000000000000e+00,0.000000000000000000e+00,0.000000000000000000e+00,0.000000000000000000e+00,0.000000000000000000e+00,0.000000000000000000e+00,0.000000000000000000e+00,0.000000000000000000e+00,0.000000000000000000e+00,0.000000000000000000e+00,0.000000000000000000e+00,0.000000000000000000e+00,0.000000000000000000e+00,0.000000000000000000e+00,0.000000000000000000e+00,0.000000000000000000e+00,0.000000000000000000e+00,0.000000000000000000e+00,0.000000000000000000e+00,0.000000000000000000e+00,0.000000000000000000e+00,0.000000000000000000e+00,0.000000000000000000e+00,0.000000000000000000e+00,0.000000000000000000e+00,0.000000000000000000e+00,0.000000000000000000e+00,0.000000000000000000e+00,0.000000000000000000e+00,0.000000000000000000e+00,0.000000000000000000e+00,0.000000000000000000e+00,0.000000000000000000e+00,0.000000000000000000e+00,0.000000000000000000e+00,0.000000000000000000e+00,0.000000000000000000e+00,0.000000000000000000e+00,0.000000000000000000e+00,0.000000000000000000e+00,0.000000000000000000e+00,0.000000000000000000e+00,0.000000000000000000e+00,0.000000000000000000e+00,0.000000000000000000e+00,0.000000000000000000e+00,0.000000000000000000e+00,0.000000000000000000e+00,0.000000000000000000e+00,0.000000000000000000e+00,0.000000000000000000e+00,0.000000000000000000e+00,0.000000000000000000e+00,0.000000000000000000e+00,0.000000000000000000e+00,0.000000000000000000e+00,0.000000000000000000e+00,0.000000000000000000e+00,0.000000000000000000e+00,0.000000000000000000e+00,0.000000000000000000e+00,0.000000000000000000e+00,0.000000000000000000e+00,0.000000000000000000e+00,0.000000000000000000e+00,0.000000000000000000e+00,0.000000000000000000e+00,0.000000000000000000e+00,0.000000000000000000e+00,0.000000000000000000e+00,0.000000000000000000e+00,0.000000000000000000e+00,0.000000000000000000e+00,0.000000000000000000e+00,0.000000000000000000e+00,0.000000000000000000e+00,0.000000000000000000e+00,0.000000000000000000e+00,0.000000000000000000e+00,0.000000000000000000e+00,0.000000000000000000e+00,0.000000000000000000e+00,0.000000000000000000e+00,0.000000000000000000e+00,0.000000000000000000e+00,0.000000000000000000e+00,0.000000000000000000e+00,0.000000000000000000e+00,0.000000000000000000e+00,0.000000000000000000e+00,0.000000000000000000e+00,0.000000000000000000e+00,0.000000000000000000e+00,0.000000000000000000e+00,0.000000000000000000e+00,0.000000000000000000e+00,0.000000000000000000e+00,0.000000000000000000e+00,0.000000000000000000e+00,0.000000000000000000e+00,0.000000000000000000e+00,0.000000000000000000e+00,0.000000000000000000e+00,0.000000000000000000e+00,0.000000000000000000e+00,0.000000000000000000e+00,0.000000000000000000e+00,0.000000000000000000e+00,0.000000000000000000e+00,0.000000000000000000e+00,0.000000000000000000e+00,0.000000000000000000e+00,0.000000000000000000e+00,0.000000000000000000e+00,0.000000000000000000e+00,0.000000000000000000e+00,0.000000000000000000e+00,0.000000000000000000e+00,0.000000000000000000e+00,0.000000000000000000e+00,0.000000000000000000e+00,0.000000000000000000e+00,0.000000000000000000e+00,0.000000000000000000e+00,0.000000000000000000e+00,0.000000000000000000e+00,0.000000000000000000e+00,0.000000000000000000e+00,0.000000000000000000e+00,2.375259424832027962e-04,3.213524191047815418e-04,3.610203263680861305e-04,3.858835454225829713e-04,4.137979055970708933e-04,4.108708149484465366e-04,3.993498281160081818e-04,3.775732763653246392e-04,3.448930826950234968e-04,3.076663555417687742e-04,2.642185494532564224e-04,2.181914075353415044e-04,1.703116555946844728e-04,1.222034815049457873e-04,7.512080588649117866e-05,3.021807402743990350e-05,-1.176157926945532790e-05,-4.998980505146697619e-05,-8.406191427460023519e-05,-1.135528325944579230e-04,-1.382951484074702896e-04,-1.582367031211536878e-04,-1.734681674008822457e-04,-1.841860021939176293e-04,-1.906704384147071417e-04,-1.932778987282646058e-04,-1.924030308238549507e-04,-1.884905712661785466e-04,-1.819855477055651327e-04,-1.733513742705659021e-04,-1.630267495832657995e-04,-1.514387278208499438e-04,-1.389767316146574120e-04,-1.259987953335595860e-04,-1.128197584816976882e-04,-9.971367931704774878e-05,-8.691100504824873362e-05,-7.460033793993762748e-05,-6.293069768771685348e-05,-5.201400397950032341e-05,-4.192953775800416038e-05,-3.272713231737499996e-05,-2.443194014268818711e-05,-1.704787493874767790e-05,-1.056173152561654844e-05,-4.946393059533459765e-06,-1.639531555972273062e-07,3.831648911058546867e-06,7.092525792520028074e-06,9.674895594451035101e-06,1.163784636153206938e-05,1.304200994165310664e-05,1.394896597867287601e-05,1.442036856972068850e-05,1.451775802530711703e-05,1.430195391831490943e-05,1.383308234695664904e-05,1.317008189860435769e-05,1.237081326079168573e-05,1.149157897456947844e-05,1.058724155786093352e-05,9.710710770297410996e-06,8.913043390508702682e-06,8.242890488977171624e-06,7.746581500863081570e-06,7.467545405388969742e-06,7.446394841109971771e-06,7.720342035885600609e-06,8.323300279331991445e-06,9.285313640104806977e-06,1.063268908473250612e-05,1.238745408484296578e-05,1.456752790759245336e-05,1.718621702859676883e-05,2.025243128273431322e-05,2.377022516403818941e-05,2.773906419610234553e-05,3.215342052103956885e-05,3.700309622788585989e-05,4.227288298548799450e-05,4.794295083243117815e-05,5.398858267056042676e-05,6.038063792746488226e-05,6.708537243639826236e-05,7.406498557363273014e-05,8.127753378910714151e-05,8.867756691093337689e-05,9.621613923277814063e-05,1.038415357199319545e-04,1.114993783523161088e-04,1.191334363888429346e-04,1.266858181677543824e-04,1.340978520286672518e-04,1.413103457249846248e-04,1.482645168752168101e-04,1.549022943886172452e-04,1.611672702775550402e-04,1.670050109071404703e-04,1.723639965081641564e-04,1.771959054648983452e-04,1.814565046977317461e-04,1.851058683084522095e-04,1.881091817733659423e-04,1.904368575749640217e-04,1.920652192249391172e-04,1.929764812272740705e-04,1.931592853598020434e-04,1.926085202619445380e-04,1.913256917605320238e-04,1.893185679639076816e-04,1.866013769405880341e-04,1.831942754639604202e-04,1.791233799285791293e-04,1.744200696162607545e-04,1.691208690982803832e-04,1.632666088069040786e-04,1.569021881036559117e-04,1.500756259096002203e-04,1.428377421362220928e-04,1.352411383324778526e-04,1.273398406404393883e-04,1.191882544005345719e-04,1.108408139462352979e-04,1.023509557741369936e-04,9.377081936653850402e-05,8.515028101930786355e-05,7.653674573347909202e-05,6.797427841532715294e-05,5.950352007580948110e-05,5.116094529764935275e-05,4.297892700762973055e-05,3.498513937597704578e-05,2.720278487232422897e-05,1.965015077573657157e-05,1.234100081708782967e-05,5.284282016644329011e-06,-1.515328228271802319e-06,-8.057579334975343554e-06,-1.434596473166499415e-05,-2.038776724489081273e-05,-2.619326920371851581e-05,-3.177571792592583436e-05,-3.715046382463481600e-05,-4.233488292065231199e-05,-4.734748155560769231e-05,-5.220781475364220150e-05,-5.693559641684596708e-05,-6.155065097875857467e-05,-6.607206499372441906e-05,-7.051820502068625103e-05,-7.490594062456333504e-05,-7.925075423994911729e-05,-8.356605736321714181e-05,-8.786340898837232576e-05,-9.215193699412995560e-05,-9.643867153077861670e-05,-1.007280732906259572e-04,-1.050224779757902933e-04,-1.093217233245312854e-04,-1.136236915517897165e-04,-1.179240186740235815e-04,-1.222167145015980747e-04,-1.264939317834107746e-04,-1.307466386296340368e-04,-1.349644218045009995e-04,-1.391361847370019722e-04,-1.432499590964381436e-04,-1.472936027848718225e-04,-1.512545965204550738e-04,-1.551207200029403445e-04,-1.588798150317628451e-04,-1.625204236905105552e-04,-1.660315057013278420e-04,-1.694030290750360164e-04,-1.726256359937974026e-04,-1.756911829790438182e-04,-1.785923556849395774e-04,-1.813231614703820398e-04,-1.838784984085986844e-04,-1.862546077565548086e-04,-1.884486058948966689e-04,-1.904589073791557651e-04,-1.922847301365342447e-04,-1.939265011358772884e-04,-1.953853439222975289e-04,-1.966634769040714068e-04,-1.977636858685105289e-04,-1.986897174061444404e-04,-1.994457266326777462e-04,-2.000366591738441779e-04,-2.004676571242846098e-04,-2.007444356630091553e-04,-2.008726639344355573e-04,-2.008584219976509012e-04,-2.007076853335300803e-04,-2.004270962210324817e-04,-2.000237863825230021e-04,-1.995066911449969844e-04,-1.988866356102684987e-04,-1.981776868074120325e-04,-1.973960930581177627e-04,-1.965593899728446928e-04,-1.956809254293880658e-04,-1.947636628618317541e-04,-1.937888661983694827e-04,-1.927082776047564689e-04,-1.914386164880317045e-04,-1.898753123820870426e-04,-1.879256768789091246e-04,-1.855799323152542747e-04,-1.830008616292093360e-04,-1.806224644598785093e-04,-1.791778287298630363e-04,-1.795931275211532234e-04,-1.826162807808941961e-04,-1.881654621918876931e-04,-1.944306934515567769e-04,-1.971429635584998118e-04,-1.897137921394779993e-04,-1.656536091105702312e-04,-1.247779784847025120e-04,-8.398704301287638989e-05
0.000000000000000000e+00,0.000000000000000000e+00,0.000000000000000000e+00,0.000000000000000000e+00,0.000000000000000000e+00,0.000000000000000000e+00,0.000000000000000000e+00,0.000000000000000000e+00,0.000000000000000000e+00,0.000000000000000000e+00,0.000000000000000000e+00,0.000000000000000000e+00,0.000000000000000000e+00,0.000000000000000000e+00,0.000000000000000000e+00,0.000000000000000000e+00,0.000000000000000000e+00,0.000000000000000000e+00,0.000000000000000000e+00,0.000000000000000000e+00,0.000000000000000000e+00,0.000000000000000000e+00,0.000000000000000000e+00,0.000000000000000000e+00,0.000000000000000000e+00,0.000000000000000000e+00,0.000000000000000000e+00,0.000000000000000000e+00,0.000000000000000000e+00,0.000000000000000000e+00,0.000000000000000000e+00,0.000000000000000000e+00,0.000000000000000000e+00,0.000000000000000000e+00,0.000000000000000000e+00,0.000000000000000000e+00,0.000000000000000000e+00,0.000000000000000000e+00,0.000000000000000000e+00,0.000000000000000000e+00,0.000000000000000000e+00,0.000000000000000000e+00,0.000000000000000000e+00,0.000000000000000000e+00,0.000000000000000000e+00,0.000000000000000000e+00,0.000000000000000000e+00,0.000000000000000000e+00,0.000000000000000000e+00,0.000000000000000000e+00,0.000000000000000000e+00,0.000000000000000000e+00,0.000000000000000000e+00,0.000000000000000000e+00,0.000000000000000000e+00,0.000000000000000000e+00,0.000000000000000000e+00,0.000000000000000000e+00,0.000000000000000000e+00,0.000000000000000000e+00,0.000000000000000000e+00,0.000000000000000000e+00,0.000000000000000000e+00,0.000000000000000000e+00,0.000000000000000000e+00,0.000000000000000000e+00,0.000000000000000000e+00,0.000000000000000000e+00,0.000000000000000000e+00,0.000000000000000000e+00,0.000000000000000000e+00,0.000000000000000000e+00,0.000000000000000000e+00,0.000000000000000000e+00,0.000000000000000000e+00,0.000000000000000000e+00,0.000000000000000000e+00,0.000000000000000000e+00,0.000000000000000000e+00,0.000000000000000000e+00,0.000000000000000000e+00,0.000000000000000000e+00,0.000000000000000000e+00,0.000000000000000000e+00,0.000000000000000000e+00,0.000000000000000000e+00,0.000000000000000000e+00,0.000000000000000000e+00,0.000000000000000000e+00,0.000000000000000000e+00,0.000000000000000000e+00,0.000000000000000000e+00,0.000000000000000000e+00,0.000000000000000000e+00,0.000000000000000000e+00,0.000000000000000000e+00,0.000000000000000000e+00,0.000000000000000000e+00,0.000000000000000000e+00,0.000000000000000000e+00,0.000000000000000000e+00,0.000000000000000000e+00,0.000000000000000000e+00,0.000000000000000000e+00,0.000000000000000000e+00,0.000000000000000000e+00,0.000000000000000000e+00,0.000000000000000000e+00,0.000000000000000000e+00,0.000000000000000000e+00,0.000000000000000000e+00,0.000000000000000000e+00,0.000000000000000000e+00,0.000000000000000000e+00,0.000000000000000000e+00,0.000000000000000000e+00,0.000000000000000000e+00,0.000000000000000000e+00,0.000000000000000000e+00,0.000000000000000000e+00,0.000000000000000000e+00,0.000000000000000000e+00,0.000000000000000000e+00,0.000000000000000000e+00,0.000000000000000000e+00,0.000000000000000000e+00,0.000000000000000000e+00,0.000000000000000000e+00,0.000000000000000000e+00,0.000000000000000000e+00,0.000000000000000000e+00,0.000000000000000000e+00,0.000000000000000000e+00,0.000000000000000000e+00,0.000000000000000000e+00,0.000000000000000000e+00,0.000000000000000000e+00,0.000000000000000000e+00,0.000000000000000000e+00,0.000000000000000000e+00,0.000000000000000000e+00,0.000000000000000000e+00,0.000000000000000000e+00,0.000000000000000000e+00,0.000000000000000000e+00,0.000000000000000000e+00,0.000000000000000000e+00,0.000000000000000000e+00,0.000000000000000000e+00,0.000000000000000000e+00,0.000000000000000000e+00,0.000000000000000000e+00,2.567197674507002998e-04,3.310967923313018761e-04,3.671125280303543089e-04,4.016701254679398247e-04,4.078050507036378651e-04,4.007531554627716741e-04,3.850635936219029857e-04,3.563069154344621482e-04,3.211074184197947436e-04,2.804196129142640602e-04,2.352693998466151820e-04,1.888096761237148915e-04,1.410695372813987477e-04,9.406437251696916154e-05,4.856111204635352342e-05,5.692593306580139215e-06,-3.384993839103700192e-05,-6.941599125137606452e-05,-1.006641607278506358e-04,-1.272692567720295055e-04,-1.491635828739959035e-04,-1.663407088383080199e-04,-1.789540498344488993e-04,-1.872371042944887725e-04,-1.915067567084232768e-04,-1.921379429037422203e-04,-1.895423350133422990e-04,-1.841630696740603496e-04,-1.764450009210524685e-04,-1.668387328181864947e-04,-1.557703782856191457e-04,-1.436488748829942478e-04,-1.308442371519294108e-04,-1.176937374846071416e-04,-1.044906054464613145e-04,-9.148814370140810213e-05,-7.889635229084139448e-05,-6.688517649248381617e-05,-5.558605703411575831e-05,-4.509525800760988645e-05,-3.547783317175624325e-05,-2.677109410216999040e-05,-1.898917678695314975e-05,-1.212634335827516394e-05,-6.161122612681400361e-06,-1.059141013566797776e-06,3.223591067994127665e-06,6.738513929653895848e-06,9.542153360038047128e-06,1.169466589352495361e-05,1.325826475861564984e-05,1.429638590796250201e-05,1.487269108683407502e-05,1.505068948840813493e-05,1.489309720687027214e-05,1.446173832036920054e-05,1.381707905849539344e-05,1.301826450281529348e-05,1.212270385201160349e-05,1.118614923929518159e-05,1.026226567990534492e-05,9.402706803419632825e-06,8.656647604631895624e-06,8.070847144554611552e-06,7.689149847828680154e-06,7.552544669543714095e-06,7.698652899106325512e-06,8.161799692551704411e-06,8.972507895255867915e-06,1.015759640087156431e-05,1.173969588637775311e-05,1.373738427861726923e-05,1.616473589875511038e-05,1.903150085706285647e-05,2.234269634905031521e-05,2.609883546335378904e-05,3.029556875145903588e-05,3.492396848065028807e-05,3.997022935456504906e-05,4.541601559214115128e-05,5.123823058175078882e-05,5.740943508838495596e-05,6.389769556533062206e-05,7.066708133960386833e-05,7.767759955789600137e-05,8.488577685788917270e-05,9.224468522566236421e-05,9.970460937564412174e-05,1.072131622833417855e-04,1.147160335736581264e-04,1.221571866373158345e-04,1.294796763512128543e-04,1.366259121571214831e-04,1.435385261440372132e-04,1.501606790646301415e-04,1.564369530189495955e-04,1.623136709293961902e-04,1.677397825906756681e-04,1.726671634152998928e-04,1.770514592056604856e-04,1.808523277014541979e-04,1.840342066941772024e-04,1.865664625685269822e-04,1.884240487077328311e-04,1.895875290659443878e-04,1.900435992992081425e-04,1.897849603647167580e-04,1.888106831835310992e-04,1.871259168693305752e-04,1.847420883492804748e-04,1.816764412533357364e-04,1.779520738034651769e-04,1.735973165434551830e-04,1.686456237757231406e-04,1.631348099519568226e-04,1.571068207796767378e-04,1.506068580918554797e-04,1.436830654306318054e-04,1.363855786662517325e-04,1.287661666858742166e-04,1.208772494075496410e-04,1.127715368153646024e-04,1.045010571519561492e-04,9.611683694436193163e-05,8.766798018939041433e-05,7.920142845906155422e-05,7.076112713891652352e-05,6.238789858184492988e-05,5.411872435414473925e-05,4.598675619878925898e-05,3.802073430096556458e-05,3.024515107428279962e-05,2.267981526976227746e-05,1.534017295248762356e-05,8.237016526216160367e-06,1.376956456045816354e-06,-5.237736266034035375e-06,-1.160852428520757877e-05,-1.774064899285048447e-05,-2.364241598757239318e-05,-2.932515653977493523e-05,-3.480243642142978003e-05,-4.008996786666218408e-05,-4.520477783316084644e-05,-5.016510710481714678e-05,-5.498957504798124290e-05,-5.969710194647748582e-05,-6.430610526512246902e-05,-6.883447776570080650e-05,-7.329884538950796533e-05,-7.771462752315867512e-05,-8.209537935251495593e-05,-8.645295242123357332e-05,-9.079693540009608761e-05,-9.513492362765894818e-05,-9.947206255920044049e-05,-1.038114252291255380e-04,-1.081536531661993016e-04,-1.124974316441789269e-04,-1.168392145163085224e-04,-1.211737796238963519e-04,-1.254940176276998385e-04,-1.297915447261221782e-04,-1.340565317284598114e-04,-1.382783487286479347e-04,-1.424454096270899204e-04,-1.465458237096834294e-04,-1.505672324963191230e-04,-1.544974460091254060e-04,-1.583242527909968186e-04,-1.620360234396592356e-04,-1.656214801835697377e-04,-1.690702562187935563e-04,-1.723726174958224147e-04,-1.755199726180932537e-04,-1.785045456233551287e-04,-1.813198368459570495e-04,-1.839602507493626464e-04,-1.864215126214059182e-04,-1.887002595145145388e-04,-1.907944206489772560e-04,-1.927027821633875784e-04,-1.944253405450036237e-04,-1.959628530738171173e-04,-1.973171729692521431e-04,-1.984907962173984423e-04,-1.994871827233821431e-04,-2.003103047250656677e-04,-2.009649482647249169e-04,-2.014562591681039194e-04,-2.017900084981960477e-04,-2.019721325926906758e-04,-2.020089588046662448e-04,-2.019067823715276584e-04,-2.016721248810464384e-04,-2.013115122472623460e-04,-2.008319625206526741e-04,-2.002412233647692628e-04,-1.995486143544576815e-04,-1.987656393775947313e-04,-1.979064919558344939e-04,-1.969876499647815163e-04,-1.960256056007987375e-04,-1.950324756809109872e-04,-1.940080581963404501e-04,-1.929309304732117290e-04,-1.917490005684333856e-04,-1.903788726501187505e-04,-1.887176708889437397e-04,-1.866829925568907621e-04,-1.842779232909481696e-04,-1.816854865928427124e-04,-1.793503953167778974e-04,-1.780079869926290566e-04,-1.785519415339484003e-04,-1.816774088195629081e-04,-1.872182817766185402e-04,-1.933144835924311138e-04,-1.957037599328568286e-04,-1.879659434572357099e-04,-1.638834783727069824e-04,-1.235477723882091926e-04,-8.359625564234666453e-05
0.000000000000000000e+00,0.000000000000000000e+00,0.000000000000000000e+00,0.000000000000000000e+00,0.000000000000000000e+00,0.000000000000000000e+00,0.000000000000000000e+00,0.000000000000000000e+00,0.000000000000000000e+00,0.000000000000000000e+00,0.000000000000000000e+00,0.000000000000000000e+00,0.000000000000000000e+00,0.000000000000000000e+00,0.000000000000000000e+00,0.000000000000000000e+00,0.000000000000000000e+00,0.000000000000000000e+00,0.000000000000000000e+00,0.000000000000000000e+00,0.000000000000000000e+00,0.000000000000000000e+00,0.000000000000000000e+00,0.000000000000000000e+00,0.000000000000000000e+00,0.000000000000000000e+00,0.000000000000000000e+00,0.000000000000000000e+00,0.000000000000000000e+00,0.000000000000000000e+00,0.000000000000000000e+00,0.000000000000000000e+00,0.000000000000000000e+00,0.000000000000000000e+00,0.000000000000000000e+00,0.000000000000000000e+00,0.000000000000000000e+00,0.000000000000000000e+00,0.000000000000000000e+00,0.000000000000000000e+00,0.000000000000000000e+00,0.000000000000000000e+00,0.000000000000000000e+00,0.000000000000000000e+00,0.000000000000000000e+00,0.000000000000000000e+00,0.000000000000000000e+00,0.000000000000000000e+00,0.000000000000000000e+00,0.000000000000000000e+00,0.000000000000000000e+00,0.000000000000000000e+00,0.000000000000000000e+00,0.000000000000000000e+00,0.000000000000000000e+00,0.000000000000000000e+00,0.000000000000000000e+00,0.000000000000000000e+00,0.000000000000000000e+00,0.000000000000000000e+00,0.000000000000000000e+00,0.000000000000000000e+00,0.000000000000000000e+00,0.000000000000000000e+00,0.000000000000000000e+00,0.000000000000000000e+00,0.000000000000000000e+00,0.000000000000000000e+00,0.000000000000000000e+00,0.000000000000000000e+00,0.000000000000000000e+00,0.000000000000000000e+00,0.000000000000000000e+00,0.000000000000000000e+00,0.000000000000000000e+00,0.000000000000000000e+00,0.000000000000000000e+00,0.000000000000000000e+00,0.000000000000000000e+00,0.000000000000000000e+00,0.000000000000000000e+00,0.000000000000000000e+00,0.000000000000000000e+00,0.000000000000000000e+00,0.000000000000000000e+00,0.000000000000000000e+00,0.000000000000000000e+00,0.000000000000000000e+00,0.000000000000000000e+00,0.000000000000000000e+00,0.000000000000000000e+00,0.000000000000000000e+00,0.000000000000000000e+00,0.000000000000000000e+00,0.000000000000000000e+00,0.000000000000000000e+00,0.000000000000000000e+00,0.000000000000000000e+00,0.000000000000000000e+00,0.000000000000000000e+00,0.000000000000000000e+00,0.000000000000000000e+00,0.000000000000000000e+00,0.000000000000000000e+00,0.000000000000000000e+00,0.000000000000000000e+00,0.000000000000000000e+00,0.000000000000000000e+00,0.000000000000000000e+00,0.000000000000000000e+00,0.000000000000000000e+00,0.000000000000000000e+00,0.000000000000000000e+00,0.000000000000000000e+00,0.000000000000000000e+00,0.000000000000000000e+00,0.000000000000000000e+00,0.000000000000000000e+00,0.000000000000000000e+00,0.000000000000000000e+00,0.000000000000000000e+00,0.000000000000000000e+00,0.000000000000000000e+00,0.000000000000000000e+00,0.000000000000000000e+00,0.000000000000000000e+00,0.000000000000000000e+00,0.000000000000000000e+00,0.000000000000000000e+00,0.000000000000000000e+00,0.000000000000000000e+00,0.000000000000000000e+00,0.000000000000000000e+00,0.000000000000000000e+00,0.000000000000000000e+00,0.000000000000000000e+00,0.000000000000000000e+00,0.000000000000000000e+00,0.000000000000000000e+00,0.000000000000000000e+00,0.000000000000000000e+00,0.000000000000000000e+00,0.000000000000000000e+00,0.000000000000000000e+00,0.000000000000000000e+00,0.000000000000000000e+00,0.000000000000000000e+00,0.000000000000000000e+00,0.000000000000000000e+00,0.000000000000000000e+00,2.561631990388713834e-04,3.199023454899920849e-04,3.630838602598421955e-04,3.909817646433741065e-04,4.036234443955821630e-04,4.001917516663608182e-04,3.893266371003753913e-04,3.657790003947414726e-04,3.329627067216423225e-04,2.952646483351004472e-04,2.521735578548594875e-04,2.063888140812069087e-04,1.595336742963492040e-04,1.124460533800504075e-04,6.684816384409341110e-05,2.319241776517740600e-05,-1.738353809997894215e-05,-5.437354679116515745e-05,-8.719410625515311940e-05,-1.155831488263580514e-04,-1.393226244142442062e-04,-1.584106966603307650e-04,-1.728977888242972316e-04,-1.829915272264327829e-04,-1.889545359004070519e-04,-1.911350030204759512e-04,-1.899217893024099033e-04,-1.857379044278887833e-04,-1.790240856761032688e-04,-1.702211789036955100e-04,-1.597655410858232815e-04,-1.480692938693304217e-04,-1.355217279587003917e-04,-1.224733129643129170e-04,-1.092399255907318422e-04,-9.609350556888537030e-05,-8.326660179119315676e-05,-7.094914963632039848e-05,-5.929271797190647679e-05,-4.841154376597909045e-05,-3.838667250420298193e-05,-2.926927144320863282e-05,-2.108463142243242679e-05,-1.383615079925861664e-05,-7.508949493938268642e-06,-2.073519931493454412e-06,2.511254354906691816e-06,6.295238634287037923e-06,9.334718468341487513e-06,1.169042865817046401e-05,1.342589605479419752e-05,1.460625104216908672e-05,1.529712810277563328e-05,1.556406139307449127e-05,1.547177847523274749e-05,1.508396955285686488e-05,1.446280882669928952e-05,1.366892270254662179e-05,1.276100744114897497e-05,1.179587680478106955e-05,1.082809283241718064e-05,9.910027607394192902e-06,9.091468980386897367e-06,8.419672934990552843e-06,7.938938515808480643e-06,7.690652928410734152e-06,7.712847706618481566e-06,8.040250007528758981e-06,8.703837912432798988e-06,9.730912979273948290e-06,1.114467130844742641e-05,1.296430937708420454e-05,1.520462370633109109e-05,1.787615829887130825e-05,2.098484250516228193e-05,2.453218617301621059e-05,2.851496386173144157e-05,3.292546348306797259e-05,3.775122511905064376e-05,4.297534974137237255e-05,4.857630153041850340e-05,5.452828406113065978e-05,6.080111508668799866e-05,6.736067735311977961e-05,7.416887347873020800e-05,8.118415669275779573e-05,8.836157032609589645e-05,9.565336008476811504e-05,1.030090978013130577e-04,1.103763715577729812e-04,1.177009871134152870e-04,1.249277257723507926e-04,1.320006098978013264e-04,1.388637115701725239e-04,1.454614615598967976e-04,1.517394852977270718e-04,1.576449283980489193e-04,1.631272910508792511e-04,1.681387384173250565e-04,1.726349009671957206e-04,1.765751354802776001e-04,1.799232576869953500e-04,1.826477197054084979e-04,1.847222430039428798e-04,1.861258811640861799e-04,1.868435258145031443e-04,1.868658296327226087e-04,1.861895653194516943e-04,1.848173923917798380e-04,1.827580589679469406e-04,1.800260064587071726e-04,1.766414150708103554e-04,1.726296520042552634e-04,1.680211730702757718e-04,1.628508313042560923e-04,1.571576577797776134e-04,1.509840575115158707e-04,1.443755013716927784e-04,1.373796438499470720e-04,1.300459641569276016e-04,1.224248451991356065e-04,1.145672050598105788e-04,1.065235781972063912e-04,9.834377845230216162e-05,9.007602206360884351e-05,8.176666038466130532e-05,7.345938014626342879e-05,6.519503857104429591e-05,5.701096984763304165e-05,4.894094779591493530e-05,4.101461926489982076e-05,3.325761046426161006e-05,2.569109851921803369e-05,1.833206763393954589e-05,1.119301994690238016e-05,4.282377481521291833e-06,-2.395676577232211799e-06,-8.840663951121146999e-06,-1.505585767949072815e-05,-2.104763861603982090e-05,-2.682545535608221165e-05,-3.240110033666522245e-05,-3.778861471263647006e-05,-4.300351760962418349e-05,-4.806269039515733191e-05,-5.298359426491823022e-05,-5.778416852986614994e-05,-6.248207047845605441e-05,-6.709461963579123616e-05,-7.163808986416189586e-05,-7.612772630653306233e-05,-8.057711335424279234e-05,-8.499828366267913585e-05,-8.940117754345883693e-05,-9.379385474147390307e-05,-9.818205178630904923e-05,-1.025694980076987458e-04,-1.069575682882234854e-04,-1.113456959687346816e-04,-1.157311101903434021e-04,-1.201093307683991323e-04,-1.244739726895402400e-04,-1.288173024319292010e-04,-1.331300878084431551e-04,-1.374021920657850801e-04,-1.416224454677226261e-04,-1.457792529989661117e-04,-1.498604648811576899e-04,-1.538539756939019936e-04,-1.577475741011177119e-04,-1.615295152371588915e-04,-1.651883347120758772e-04,-1.687133815076655695e-04,-1.720945870633996521e-04,-1.753229518842651217e-04,-1.783902663455107554e-04,-1.812895499271464147e-04,-1.840147255681196957e-04,-1.865610152560482336e-04,-1.889245737534644260e-04,-1.911028478225208077e-04,-1.930941777059980743e-04,-1.948981295082733442e-04,-1.965150739535192234e-04,-1.979465024549290954e-04,-1.991945922368678408e-04,-2.002625159813682697e-04,-2.011539993099475932e-04,-2.018736301246977917e-04,-2.024264067894538093e-04,-2.028180454166586967e-04,-2.030545061223329928e-04,-2.031422913032986089e-04,-2.030879375313956320e-04,-2.028983207721151360e-04,-2.025801468682818338e-04,-2.021403670619174951e-04,-2.015858087759344100e-04,-2.009239274100306483e-04,-2.001627682188913721e-04,-1.993121823819538237e-04,-1.983838891052638876e-04,-1.973924545274738558e-04,-1.963538818240111595e-04,-1.952840500177017275e-04,-1.941928631645649568e-04,-1.930778441224087396e-04,-1.919136916152408166e-04,-1.906462819273091794e-04,-1.891906225763655114e-04,-1.874484808436965909e-04,-1.853450973506110336e-04,-1.829000311431540555e-04,-1.803108278343281193e-04,-1.780367352132229447e-04,-1.768052767370424736e-04,-1.774842391132692206e-04,-1.807037229911727567e-04,-1.862298276111917046e-04,-1.921406852695379868e-04,-1.942116999091318328e-04,-1.861708002544572250e-04,-1.621071310005094157e-04,-1.223326440225879245e-04,-8.325878867524195699e-05
0.000000000000000000e+00,0.000000000000000000e+00,0.000000000000000000e+00,0.000000000000000000e+00,0.000000000000000000e+00,0.000000000000000000e+00,0.000000000000000000e+00,0.000000000000000000e+00,0.000000000000000000e+00,0.000000000000000000e+00,0.000000000000000000e+00,0.000000000000000000e+00,0.000000000000000000e+00,0.000000000000000000e+00,0.000000000000000000e+00,0.000000000000000000e+00,0.000000000000000000e+00,0.000000000000000000e+00,0.000000000000000000e+00,0.000000000000000000e+00,0.000000000000000000e+00,0.000000000000000000e+00,0.000000000000000000e+00,0.000000000000000000e+00,0.000000000000000000e+00,0.000000000000000000e+00,0.000000000000000000e+00,0.000000000000000000e+00,0.000000000000000000e+00,0.000000000000000000e+00,0.000000000000000000e+00,0.000000000000000000e+00,0.000000000000000000e+00,0.000000000000000000e+00,0.000000000000000000e+00,0.000000000000000000e+00,0.000000000000000000e+00,0.000000000000000000e+00,0.000000000000000000e+00,0.000000000000000000e+00,0.000000000000000000e+00,0.000000000000000000e+00,0.000000000000000000e+00,0.000000000000000000e+00,0.000000000000000000e+00,0.000000000000000000e+00,0.000000000000000000e+00,0.000000000000000000e+00,0.000000000000000000e+00,0.000000000000000000e+00,0.000000000000000000e+00,0.000000000000000000e+00,0.000000000000000000e+00,0.000000000000000000e+00,0.000000000000000000e+00,0.000000000000000000e+00,0.000000000000000000e+00,0.000000000000000000e+00,0.000000000000000000e+00,0.000000000000000000e+00,0.000000000000000000e+00,0.000000000000000000e+00,0.000000000000000000e+00,0.000000000000000000e+00,0.000000000000000000e+00,0.000000000000000000e+00,0.000000000000000000e+00,0.000000000000000000e+00,0.000000000000000000e+00,0.000000000000000000e+00,0.000000000000000000e+00,0.000000000000000000e+00,0.000000000000000000e+00,0.000000000000000000e+00,0.000000000000000000e+00,0.000000000000000000e+00,0.000000000000000000e+00,0.000000000000000000e+00,0.000000000000000000e+00,0.000000000000000000e+00,0.000000000000000000e+00,0.000000000000000000e+00,0.000000000000000000e+00,0.000000000000000000e+00,0.000000000000000000e+00,0.000000000000000000e+00,0.000000000000000000e+00,0.000000000000000000e+00,0.000000000000000000e+00,0.000000000000000000e+00,0.000000000000000000e+00,0.000000000000000000e+00,0.000000000000000000e+00,0.000000000000000000e+00,0.000000000000000000e+00,0.000000000000000000e+00,0.000000000000000000e+00,0.000000000000000000e+00,0.000000000000000000e+00,0.000000000000000000e+00,0.000000000000000000e+00,0.000000000000000000e+00,0.000000000000000000e+00,0.000000000000000000e+00,0.000000000000000000e+00,0.000000000000000000e+00,0.000000000000000000e+00,0.000000000000000000e+00,0.000000000000000000e+00,0.000000000000000000e+00,0.000000000000000000e+00,0.000000000000000000e+00,0.000000000000000000e+00,0.000000000000000000e+00,0.000000000000000000e+00,0.000000000000000000e+00,0.000000000000000000e+00,0.000000000000000000e+00,0.000000000000000000e+00,0.000000000000000000e+00,0.000000000000000000e+00,0.000000000000000000e+00,0.000000000000000000e+00,0.000000000000000000e+00,0.000000000000000000e+00,0.000000000000000000e+00,0.000000000000000000e+00,0.000000000000000000e+00,0.000000000000000000e+00,0.000000000000000000e+00,0.000000000000000000e+00,0.000000000000000000e+00,0.000000000000000000e+00,0.000000000000000000e+00,0.000000000000000000e+00,0.000000000000000000e+00,0.000000000000000000e+00,0.000000000000000000e+00,0.000000000000000000e+00,0.000000000000000000e+00,0.000000000000000000e+00,0.000000000000000000e+00,0.000000000000000000e+00,0.000000000000000000e+00,0.000000000000000000e+00,0.000000000000000000e+00,0.000000000000000000e+00,0.000000000000000000e+00,2.239359457328259583e-04,3.064814284789922454e-04,3.475575853497634717e-04,3.746539466285643463e-04,4.028906828649124429e-04,4.020970851681341242e-04,3.922531238572581221e-04,3.728339903539724270e-04,3.436365439792726795e-04,3.087806872917566369e-04,2.679089435522381021e-04,2.233718817145907026e-04,1.774193844010006984e-04,1.307255167650182208e-04,8.477329287077921955e-05,4.071836511523039322e-05,-8.413939440971671253e-07,-3.895423202472721738e-05,-7.328184617118466691e-05,-1.032915884549636689e-04,-1.288225107849526720e-04,-1.497270955125788012e-04,-1.660674661823712374e-04,-1.779538595127419401e-04,-1.856339571363694186e-04,-1.893985853120183269e-04,-1.896202787509096877e-04,-1.866973551228664889e-04,-1.810598285502854987e-04,-1.731439489178915618e-04,-1.633835176764393310e-04,-1.521998131727102634e-04,-1.399891675623686342e-04,-1.271204330086299990e-04,-1.139241213663465268e-04,-1.006943158439338606e-04,-8.768196581811294799e-05,-7.509888882805138010e-05,-6.311544649668938804e-05,-5.186506161255277972e-05,-4.144528408988378617e-05,-3.192225938662845183e-05,-2.333379163813672176e-05,-1.569349440994910816e-05,-8.994539964184292076e-06,-3.213230837847653769e-06,1.687474385313466016e-06,5.755136265903384263e-06,9.044980648527282146e-06,1.161785539023197642e-05,1.353816020294770248e-05,1.487251632079488814e-05,1.568839376020837839e-05,1.605335532903703435e-05,1.603420230413133207e-05,1.569662254119912656e-05,1.510465990564760086e-05,1.432060456173140414e-05,1.340462365471610536e-05,1.241476816707903872e-05,1.140665444164368469e-05,1.043350846945365332e-05,9.545839310661053970e-06,8.791483687018064917e-06,8.215251828903562332e-06,7.858964965197992597e-06,7.761078192120439393e-06,7.956719527265346397e-06,8.477304992702797243e-06,9.350593187411820485e-06,1.060030936476504233e-05,1.224622844072031385e-05,1.430382215401541670e-05,1.678438019271064107e-05,1.969469114390211406e-05,2.303720871679580283e-05,2.680977502538526265e-05,3.100583777564436169e-05,3.561422382182821293e-05,4.061941339856037068e-05,4.600137215500925175e-05,5.173588909527456782e-05,5.779447537323239182e-05,6.414477251824467392e-05,7.075052526405452671e-05,7.757206516710186679e-05,8.456636213437328643e-05,9.168758539020941539e-05,9.888723410286434905e-05,1.061147729258098973e-04,1.133178364728836473e-04,1.204429307827226353e-04,1.274356998917315002e-04,1.342416781444300195e-04,1.408066004559252633e-04,1.470771841487822297e-04,1.530014584083224174e-04,1.585295490062619194e-04,1.636139976728612970e-04,1.682105193570809863e-04,1.722782794055130419e-04,1.757805914860376400e-04,1.786851200816853868e-04,1.809644882763003439e-04,1.825963754354264113e-04,1.835640079025105615e-04,1.838561268976235765e-04,1.834673416968790811e-04,1.823979504787437477e-04,1.806541443514309638e-04,1.782476735504629655e-04,1.751959010218365740e-04,1.715213171686729712e-04,1.672514526334935813e-04,1.624182556687403859e-04,1.570578842017427454e-04,1.512099697677999667e-04,1.449173178405152682e-04,1.382250901520895548e-04,1.311804487895690664e-04,1.238316939327965339e-04,1.162278908294832834e-04,1.084180021726967736e-04,1.004505376144275062e-04,9.237271917545680625e-05,8.423019059935304401e-05,7.606625062084540630e-05,6.792165457304857141e-05,5.983394447439789544e-05,5.183736838008863894e-05,4.396232861245205224e-05,3.623543593633372451e-05,2.867908840010476934e-05,2.131166808544535698e-05,1.414725353162710947e-05,7.195957155870509226e-06,4.637647131349196581e-07,-6.046997858564175972e-06,-1.233771338582990193e-05,-1.841289681867771660e-05,-2.428015565367219012e-05,-2.994952991636660669e-05,-3.543339288776074103e-05,-4.074573880328869217e-05,-4.590205613616189659e-05,-5.091859626976694912e-05,-5.581225239950768011e-05,-6.059984192192947839e-05,-6.529802214371853734e-05,-6.992261599037138085e-05,-7.448859133424980486e-05,-7.900945416871327318e-05,-8.349731189540830778e-05,-8.796235084730237813e-05,-9.241299593019319596e-05,-9.685548101277768440e-05,-1.012941086616379383e-04,-1.057309132634309768e-04,-1.101660160651160770e-04,-1.145973727958656706e-04,-1.190212116601248088e-04,-1.234318504649697338e-04,-1.278221993243490288e-04,-1.321836275031842793e-04,-1.365065089028241481e-04,-1.407801163972161561e-04,-1.449931869313490068e-04,-1.491338211564840338e-04,-1.531900461441263774e-04,-1.571497004279038916e-04,-1.610009755806585314e-04,-1.647322708721129690e-04,-1.683326996971992555e-04,-1.717919033061364291e-04,-1.751005135708567949e-04,-1.782499208788832195e-04,-1.812326902247950731e-04,-1.840422836363702882e-04,-1.866734313913557088e-04,-1.891218136903942187e-04,-1.913843924247918087e-04,-1.934590598965435547e-04,-1.953449388099188209e-04,-1.970420076393296545e-04,-1.985513774553234704e-04,-1.998749042388188902e-04,-2.010154508343972113e-04,-2.019764960300359804e-04,-2.027623877743699545e-04,-2.033779561959350409e-04,-2.038287586386429548e-04,-2.041206975551454993e-04,-2.042602483113609743e-04,-2.042540756791032968e-04,-2.041092294234788653e-04,-2.038327611957807333e-04,-2.034318958104006688e-04,-2.029137066691732787e-04,-2.022853521925195520e-04,-2.015539814800653112e-04,-2.007272196600288453e-04,-1.998135086019975056e-04,-1.988228630266895293e-04,-1.977674029712316657e-04,-1.966615105132536528e-04,-1.955210247774687464e-04,-1.943603962919774263e-04,-1.931879218830751053e-04,-1.919977983694111747e-04,-1.907621169393898400e-04,-1.894234735913535308e-04,-1.878976018083319485e-04,-1.860890784162472504e-04,-1.839340900090659738e-04,-1.814649285655264952e-04,-1.788974349185992003e-04,-1.766980945295929287e-04,-1.755916908456221976e-04,-1.764095065166268841e-04,-1.797274064533756449e-04,-1.852317988068914853e-04,-1.909603020956470289e-04,-1.927083157362609604e-04,-1.843789936111798946e-04,-1.603271787580358106e-04,-1.211151395638811987e-04,-8.287557537623814528e-05
0.000000000000000000e+00,0.000000000000000000e+00,0.000000000000000000e+00,0.000000000000000000e+00,0.000000000000000000e+00,0.000000000000000000e+00,0.000000000000000000e+00,0.000000000000000000e+00,0.000000000000000000e+00,0.000000000000000000e+00,0.000000000000000000e+00,0.000000000000000000e+00,0.000000000000000000e+00,0.000000000000000000e+00,0.000000000000000000e+00,0.000000000000000000e+00,0.000000000000000000e+00,0.000000000000000000e+00,0.000000000000000000e+00,0.000000000000000000e+00,0.000000000000000000e+00,0.000000000000000000e+00,0.000000000000000000e+00,0.000000000000000000e+00,0.000000000000000000e+00,0.000000000000000000e+00,0.000000000000000000e+00,0.000000000000000000e+00,0.000000000000000000e+00,0.000000000000000000e+00,0.000000000000000000e+00,0.000000000000000000e+00,0.000000000000000000e+00,0.000000000000000000e+00,0.000000000000000000e+00,0.000000000000000000e+00,0.000000000000000000e+00,0.000000000000000000e+00,0.000000000000000000e+00,0.000000000000000000e+00,0.000000000000000000e+00,0.000000000000000000e+00,0.000000000000000000e+00,0.000000000000000000e+00,0.000000000000000000e+00,0.000000000000000000e+00,0.000000000000000000e+00,0.000000000000000000e+00,0.000000000000000000e+00,0.000000000000000000e+00,0.000000000000000000e+00,0.000000000000000000e+00,0.000000000000000000e+00,0.000000000000000000e+00,0.000000000000000000e+00,0.000000000000000000e+00,0.000000000000000000e+00,0.000000000000000000e+00,0.000000000000000000e+00,0.000000000000000000e+00,0.000000000000000000e+00,0.000000000000000000e+00,0.000000000000000000e+00,0.000000000000000000e+00,0.000000000000000000e+00,0.000000000000000000e+00,0.000000000000000000e+00,0.000000000000000000e+00,0.000000000000000000e+00,0.000000000000000000e+00,0.000000000000000000e+00,0.000000000000000000e+00,0.000000000000000000e+00,0.000000000000000000e+00,0.000000000000000000e+00,0.000000000000000000e+00,0.000000000000000000e+00,0.000000000000000000e+00,0.000000000000000000e+00,0.000000000000000000e+00,0.000000000000000000e+00,0.000000000000000000e+00,0.000000000000000000e+00,0.000000000000000000e+00,0.000000000000000000e+00,0.000000000000000000e+00,0.000000000000000000e+00,0.000000000000000000e+00,0.000000000000000000e+00,0.000000000000000000e+00,0.000000000000000000e+00,0.000000000000000000e+00,0.000000000000000000e+00,0.000000000000000000e+00,0.000000000000000000e+00,0.000000000000000000e+00,0.000000000000000000e+00,0.000000000000000000e+00,0.000000000000000000e+00,0.000000000000000000e+00,0.000000000000000000e+00,0.000000000000000000e+00,0.000000000000000000e+00,0.000000000000000000e+00,0.000000000000000000e+00,0.000000000000000000e+00,0.000000000000000000e+00,0.000000000000000000e+00,0.000000000000000000e+00,0.000000000000000000e+00,0.000000000000000000e+00,0.000000000000000000e+00,0.000000000000000000e+00,0.000000000000000000e+00,0.000000000000000000e+00,0.000000000000000000e+00,0.000000000000000000e+00,0.000000000000000000e+00,0.000000000000000000e+00,0.000000000000000000e+00,0.000000000000000000e+00,0.000000000000000000e+00,0.000000000000000000e+00,0.000000000000000000e+00,0.000000000000000000e+00,0.000000000000000000e+00,0.000000000000000000e+00,0.000000000000000000e+00,0.000000000000000000e+00,0.000000000000000000e+00,0.000000000000000000e+00,0.000000000000000000e+00,0.000000000000000000e+00,0.000000000000000000e+00,0.000000000000000000e+00,0.000000000000000000e+00,0.000000000000000000e+00,0.000000000000000000e+00,0.000000000000000000e+00,0.000000000000000000e+00,0.000000000000000000e+00,0.000000000000000000e+00,0.000000000000000000e+00,0.000000000000000000e+00,0.000000000000000000e+00,0.000000000000000000e+00,0.000000000000000000e+00,2.446308378129658889e-04,3.183594058148621754e-04,3.554881752376853605e-04,3.906517269846148115e-04,3.984042508268691922e-04,3.933909008410450153e-04,3.794004160276283149e-04,3.530451052519742016e-04,3.204186941625707889e-04,2.822515038778517882e-04,2.396290246380509503e-04,1.946850491990105038e-04,1.485531041927231873e-04,1.026003084761534348e-04,5.811375518508357966e-05,1.586073022052354468e-05,-2.338617313497857206e-05,-5.895529771044048155e-05,-9.052979467015094517e-05,-1.176969590153254241e-04,-1.403853185678137082e-04,-1.585026018677177548e-04,-1.721745096069091704e-04,-1.815587863322382946e-04,-1.869395243247114766e-04,-1.886338943089231753e-04,-1.870308499077012949e-04,-1.825353775015742437e-04,-1.755801596595591156e-04,-1.665945531084085456e-04,-1.560029584051576194e-04,-1.442105138884441711e-04,-1.315963728386735005e-04,-1.185084532730593159e-04,-1.052567753475721263e-04,-9.211348241001455399e-05,-7.930873055673584083e-05,-6.703376852905759296e-05,-5.543984430336700936e-05,-4.464257646162312336e-05,-3.472330699292700982e-05,-2.573371961137040992e-05,-1.769870461295919520e-05,-1.062069107124644352e-05,-4.483034458680782781e-06,7.462643517886191405e-07,5.111412936308276170e-06,8.665887124592011438e-06,1.146993293896589446e-05,1.358841355758280625e-05,1.508906622103011314e-05,1.604103766028448539e-05,1.651381899678062393e-05,1.657631363068810977e-05,1.629628541211366267e-05,1.573978546832197233e-05,1.497093179786394410e-05,1.405153812702870085e-05,1.304107141675943791e-05,1.199636494835152750e-05,1.097164844814314656e-05,1.001827357605070185e-05,9.184759494054021593e-06,8.516499034776595591e-06,8.055799371568409466e-06,7.841564889037381709e-06,7.909334917079626338e-06,8.290954071366315334e-06,9.014618780870217079e-06,1.010455064436791712e-05,1.158106503718802191e-05,1.346026207209260035e-05,1.575412830676040397e-05,1.847025694207700449e-05,2.161199078954716409e-05,2.517818079332101688e-05,2.916337662242397076e-05,3.355763136428945340e-05,3.834674565847490872e-05,4.351212622673297038e-05,4.903108970390444583e-05,5.487678266590966978e-05,6.101855127184222568e-05,6.742192969299479319e-05,7.404908053237025062e-05,8.085885641894279279e-05,8.780731350064704065e-05,9.484784725305992793e-05,1.019317771404316345e-04,1.090085525907245591e-04,1.160264015350634490e-04,1.229325964823100453e-04,1.296741536309252343e-04,1.361981426796331630e-04,1.424524172362748515e-04,1.483859461217288506e-04,1.539495505855541040e-04,1.590962301018899983e-04,1.637818781014521968e-04,1.679655722358884573e-04,1.716102385194050379e-04,1.746828752457721043e-04,1.771551359936766000e-04,1.790034581379856718e-04,1.802095383198574357e-04,1.807603408658801155e-04,1.806484450210818298e-04,1.798719154073904732e-04,1.784345082301237501e-04,1.763453947104167286e-04,1.736192230112379410e-04,1.702756956316900058e-04,1.663394941163174906e-04,1.618397217745472954e-04,1.568097083448375881e-04,1.512863390731493201e-04,1.453097653942677823e-04,1.389226494139957871e-04,1.321698134663608826e-04,1.250974346384477762e-04,1.177526701703991490e-04,1.101828393985639857e-04,1.024350631241335017e-04,9.455547013993031470e-05,8.658888697257854645e-05,7.857810321221013288e-05,7.056364376252059485e-05,6.258312192497529072e-05,5.467111996051304563e-05,4.685865181211853895e-05,3.917316994103961291e-05,3.163815127097011298e-05,2.427323947652002106e-05,1.709395876439503506e-05,1.011199163705550011e-05,3.335016064817674445e-06,-3.232890198655761701e-06,-9.591302065825115279e-06,-1.574293331296868403e-05,-2.169359915085047170e-05,-2.745161676763895024e-05,-3.302770436832519577e-05,-3.843432477916837404e-05,-4.368555105387316562e-05,-4.879638446373482663e-05,-5.378261812106006125e-05,-5.866016079440007001e-05,-6.344492883066286623e-05,-6.815220486296995220e-05,-7.279658473333858431e-05,-7.739139551490105450e-05,-8.194871847370561470e-05,-8.647888434683029756e-05,-9.099058616774283810e-05,-9.549046203129363155e-05,-9.998330352812175297e-05,-1.044717280380935259e-04,-1.089564803400417813e-04,-1.134361885960007577e-04,-1.179077492205455973e-04,-1.223661538977056690e-04,-1.268049417204777495e-04,-1.312160794584238074e-04,-1.355904608505268424e-04,-1.399178193593338083e-04,-1.441872526379668553e-04,-1.483871463334506338e-04,-1.525057021974597019e-04,-1.565308530451606803e-04,-1.604507754994044088e-04,-1.642537796059747755e-04,-1.679287913231904280e-04,-1.714652049657607394e-04,-1.748533256355196488e-04,-1.780841779264912602e-04,-1.811499038247491706e-04,-1.840435262459781901e-04,-1.867593028517859047e-04,-1.892924473888498197e-04,-1.916394438429347760e-04,-1.937977317831516546e-04,-1.957659880147444070e-04,-1.975437840268006243e-04,-1.991318438116334287e-04,-2.005316821686477366e-04,-2.017458478535226333e-04,-2.027775510884001064e-04,-2.036309008140366726e-04,-2.043105280865833062e-04,-2.048218243830148379e-04,-2.051705634631363813e-04,-2.053631430789743873e-04,-2.054062000509297790e-04,-2.053068506776480496e-04,-2.050722855521501129e-04,-2.047100038155854989e-04,-2.042273823531244169e-04,-2.036319314023931075e-04,-2.029308869218283626e-04,-2.021316045771702073e-04,-2.012413213597669830e-04,-2.002678928154109971e-04,-1.992198563787369583e-04,-1.981075294754037531e-04,-1.969429915250773470e-04,-1.957406742936228022e-04,-1.945155910967881648e-04,-1.932811914376133557e-04,-1.920432702089292377e-04,-1.907935998900385781e-04,-1.895006041711792030e-04,-1.881053812269559437e-04,-1.865230352752350336e-04,-1.846637567469608886e-04,-1.824721175089188659e-04,-1.799964646724097649e-04,-1.774653932708609679e-04,-1.753561931904261601e-04,-1.743814180589543534e-04,-1.753423043784874916e-04,-1.787490871087376145e-04,-1.842242665761023416e-04,-1.897536488157235840e-04,-1.911812391069132356e-04,-1.825651233311585025e-04,-1.585578543191833016e-04,-1.199201448932654126e-04,-8.254425095832454353e-05
0.000000000000000000e+00,0.000000000000000000e+00,0.000000000000000000e+00,0.000000000000000000e+00,0.000000000000000000e+00,0.000000000000000000e+00,0.000000000000000000e+00,0.000000000000000000e+00,0.000000000000000000e+00,0.000000000000000000e+00,0.000000000000000000e+00,0.000000000000000000e+00,0.000000000000000000e+00,0.000000000000000000e+00,0.000000000000000000e+00,0.000000000000000000e+00,0.000000000000000000e+00,0.000000000000000000e+00,0.000000000000000000e+00,0.000000000000000000e+00,0.000000000000000000e+00,0.000000000000000000e+00,0.000000000000000000e+00,0.000000000000000000e+00,0.000000000000000000e+00,0.000000000000000000e+00,0.000000000000000000e+00,0.000000000000000000e+00,0.000000000000000000e+00,0.000000000000000000e+00,0.000000000000000000e+00,0.000000000000000000e+00,0.000000000000000000e+00,0.000000000000000000e+00,0.000000000000000000e+00,0.000000000000000000e+00,0.000000000000000000e+00,0.000000000000000000e+00,0.000000000000000000e+00,0.000000000000000000e+00,0.000000000000000000e+00,0.000000000000000000e+00,0.000000000000000000e+00,0.000000000000000000e+00,0.000000000000000000e+00,0.000000000000000000e+00,0.000000000000000000e+00,0.000000000000000000e+00,0.000000000000000000e+00,0.000000000000000000e+00,0.000000000000000000e+00,0.000000000000000000e+00,0.000000000000000000e+00,0.000000000000000000e+00,0.000000000000000000e+00,0.000000000000000000e+00,0.000000000000000000e+00,0.000000000000000000e+00,0.000000000000000000e+00,0.000000000000000000e+00,0.000000000000000000e+00,0.000000000000000000e+00,0.000000000000000000e+00,0.000000000000000000e+00,0.000000000000000000e+00,0.000000000000000000e+00,0.000000000000000000e+00,0.000000000000000000e+00,0.000000000000000000e+00,0.000000000000000000e+00,0.000000000000000000e+00,0.000000000000000000e+00,0.000000000000000000e+00,0.000000000000000000e+00,0.000000000000000000e+00,0.000000000000000000e+00,0.000000000000000000e+00,0.000000000000000000e+00,0.000000000000000000e+00,0.000000000000000000e+00,0.000000000000000000e+00,0.000000000000000000e+00,0.000000000000000000e+00,0.000000000000000000e+00,0.000000000000000000e+00,0.000000000000000000e+00,0.000000000000000000e+00,0.000000000000000000e+00,0.000000000000000000e+00,0.000000000000000000e+00,0.000000000000000000e+00,0.000000000000000000e+00,0.000000000000000000e+00,0.000000000000000000e+00,0.000000000000000000e+00,0.000000000000000000e+00,0.000000000000000000e+00,0.000000000000000000e+00,0.000000000000000000e+00,0.000000000000000000e+00,0.000000000000000000e+00,0.000000000000000000e+00,0.000000000000000000e+00,0.000000000000000000e+00,0.000000000000000000e+00,0.000000000000000000e+00,0.000000000000000000e+00,0.000000000000000000e+00,0.000000000000000000e+00,0.000000000000000000e+00,0.000000000000000000e+00,0.000000000000000000e+00,0.000000000000000000e+00,0.000000000000000000e+00,0.000000000000000000e+00,0.000000000000000000e+00,0.000000000000000000e+00,0.000000000000000000e+00,0.000000000000000000e+00,0.000000000000000000e+00,0.000000000000000000e+00,0.000000000000000000e+00,0.000000000000000000e+00,0.000000000000000000e+00,0.000000000000000000e+00,0.000000000000000000e+00,0.000000000000000000e+00,0.000000000000000000e+00,0.000000000000000000e+00,0.000000000000000000e+00,0.000000000000000000e+00,0.000000000000000000e+00,0.000000000000000000e+00,0.000000000000000000e+00,0.000000000000000000e+00,0.000000000000000000e+00,0.000000000000000000e+00,0.000000000000000000e+00,0.000000000000000000e+00,0.000000000000000000e+00,0.000000000000000000e+00,0.000000000000000000e+00,0.000000000000000000e+00,0.000000000000000000e+00,0.000000000000000000e+00,2.434008673105984562e-04,3.071043476936846542e-04,3.509462345403768497e-04,3.795153999777251767e-04,3.935825794510262377e-04,3.919777326526187539e-04,3.829330214388381869e-04,3.613658291491737926e-04,3.308402930503496087e-04,2.953474799549703016e-04,2.545519427748190919e-04,2.109855439578455503e-04,1.658033427463719315e-04,1.201524583035979506e-04,7.543156175158143928e-05,3.257506106500172768e-05,-7.595608693359118936e-06,-4.437987574432723781e-05,-7.731330385530532049e-05,-1.060761220449334233e-04,-1.304075196812086023e-04,-1.502816623154654585e-04,-1.656778159815145140e-04,-1.767735257435908028e-04,-1.837655697070009891e-04,-1.869708266594212345e-04,-1.867277524666541202e-04,-1.834373055657120008e-04,-1.775085130949455412e-04,-1.693721114224294602e-04,-1.594487389753257238e-04,-1.481510061072235712e-04,-1.358669554249743281e-04,-1.229573969746956374e-04,-1.097490029116252145e-04,-9.653082056117355991e-05,-8.355310801875827636e-05,-7.102533856419950811e-05,-5.911848445738387590e-05,-4.796513859088551163e-05,-3.766350775634544806e-05,-2.827928051905892446e-05,-1.985010143406928880e-05,-1.238851292062923232e-05,-5.886190274920964256e-06,-3.172354227232151173e-07,4.358232027513677490e-06,8.191028880164669723e-06,1.124014591287462998e-05,1.357029212080277433e-05,1.524996382800722029e-05,1.634966917356981962e-05,1.694071425086450818e-05,1.709403361246269990e-05,1.687952485952560469e-05,1.636533256403980695e-05,1.561755335210342650e-05,1.469980563208569554e-05,1.367314938936906064e-05,1.259580031712243602e-05,1.152314950328472965e-05,1.050752554863089609e-05,9.598244700182397330e-06,8.841369707083749616e-06,8.279759358619151512e-06,7.952807360975333795e-06,7.896486198630079675e-06,8.143070093905892259e-06,8.721181605123917225e-06,9.655511754282530590e-06,1.096688203810766916e-05,1.267197625723726634e-05,1.478342975170579679e-05,1.730958542143612010e-05,2.025461943850016746e-05,2.361833131116819392e-05,2.739631314191732386e-05,3.157978180951165109e-05,3.615579778876011163e-05,4.110714681397252356e-05,4.641261409990187295e-05,5.204692262448597543e-05,5.798106848360866909e-05,6.418232232467509170e-05,7.061463068337017822e-05,7.723868537509721952e-05,8.401239344653974701e-05,9.089101615070742043e-05,9.782770645775382481e-05,1.047737146724597019e-04,1.116789875352660423e-04,1.184924319858496556e-04,1.251625642498478599e-04,1.316378172942671895e-04,1.378672225815668251e-04,1.438007410857382394e-04,1.493899552790676707e-04,1.545883988509958687e-04,1.593522326273056852e-04,1.636405449583474897e-04,1.674159831990486205e-04,1.706449955992776226e-04,1.732983900908258591e-04,1.753514897304908561e-04,1.767845930701189279e-04,1.775830188778688967e-04,1.777374473023956127e-04,1.772438356051182990e-04,1.761036264156023501e-04,1.743235241742865677e-04,1.719155655137528742e-04,1.688967554105473242e-04,1.652890043883098882e-04,1.611186331915031341e-04,1.564161912019610713e-04,1.512158478379564252e-04,1.455551153571062845e-04,1.394741532321026520e-04,1.330154255111447921e-04,1.262229503395812793e-04,1.191419266113386601e-04,1.118179640724527730e-04,1.042967157674997060e-04,9.662312458756873630e-05,8.884109695857000987e-05,8.099279940560422596e-05,7.311840531023459369e-05,6.525547040671391850e-05,5.743877870370220221e-05,4.969981932677510606e-05,4.206675039766131303e-05,3.456399185085297620e-05,2.721231777182822934e-05,2.002857131533409033e-05,1.302588729154391865e-05,6.213526654926290891e-06,-4.027774562376948031e-07,-6.820876449681471681e-06,-1.304175149391294685e-05,-1.906947958537676881e-05,-2.491069143083361916e-05,-3.057447085673509440e-05,-3.607175180478348772e-05,-4.141517909178699607e-05,-4.661847392742292026e-05,-5.169628584113868282e-05,-5.666355679487034464e-05,-6.153539354503530451e-05,-6.632645873558742759e-05,-7.105089010841139489e-05,-7.572174307015995726e-05,-8.035097826178048931e-05,-8.494897434975949904e-05,-8.952459895616654366e-05,-9.408480337184370204e-05,-9.863478434205043299e-05,-1.031776646949929401e-04,-1.077147456880812214e-04,-1.122452699278021223e-04,-1.167667566452916284e-04,-1.212748364827243052e-04,-1.257636558792895275e-04,-1.302257679445555018e-04,-1.346525876584893865e-04,-1.390343196142919933e-04,-1.433604433302309612e-04,-1.476196573634729926e-04,-1.518003738123934235e-04,-1.558906591637279951e-04,-1.598787188849099775e-04,-1.637528181030619659e-04,-1.675017406699033336e-04,-1.711146768952007948e-04,-1.745816460526243899e-04,-1.778933432922390494e-04,-1.810415195876029812e-04,-1.840187849690245808e-04,-1.868189447356076146e-04,-1.894367606835833094e-04,-1.918682464735595931e-04,-1.941103920950800876e-04,-1.961614242187369151e-04,-1.980205015052791768e-04,-1.996879474263095662e-04,-2.011649252052803228e-04,-2.024536510804591941e-04,-2.035570578802068558e-04,-2.044789962742852001e-04,-2.052238954944195942e-04,-2.057969587922735006e-04,-2.062038284110029264e-04,-2.064507784999178547e-04,-2.065443880659407843e-04,-2.064917286126830443e-04,-2.063000427207611193e-04,-2.059769154736255849e-04,-2.055299521996737679e-04,-2.049669223722842934e-04,-2.042954458042441958e-04,-2.035231295577824399e-04,-2.026573348459471881e-04,-2.017054085439794295e-04,-2.006747007809652633e-04,-1.995730491190306015e-04,-1.984091849577855279e-04,-1.971933817260409616e-04,-1.959378563597667135e-04,-1.946565661485653398e-04,-1.933640044495490333e-04,-1.920718696064945723e-04,-1.907840701680214531e-04,-1.894890167148495443e-04,-1.881527441793344447e-04,-1.867137406002638135e-04,-1.850887354801435038e-04,-1.831918018012389845e-04,-1.809789828812229313e-04,-1.785110393861543440e-04,-1.760327952906837429e-04,-1.740253660184932257e-04,-1.731939303165706942e-04,-1.742997658242259943e-04,-1.777979183300186289e-04,-1.832357600444122706e-04,-1.885672206043630366e-04,-1.896675284393453404e-04,-1.807745825502023325e-04,-1.567992939535691691e-04,-1.187299292384449880e-04,-8.217107422239591243e-05
0.000000000000000000e+00,0.000000000000000000e+00,0.000000000000000000e+00,0.000000000000000000e+00,0.000000000000000000e+00,0.000000000000000000e+00,0.000000000000000000e+00,0.000000000000000000e+00,0.000000000000000000e+00,0.000000000000000000e+00,0.000000000000000000e+00,0.000000000000000000e+00,0.000000000000000000e+00,0.000000000000000000e+00,0.000000000000000000e+00,0.000000000000000000e+00,0.000000000000000000e+00,0.000000000000000000e+00,0.000000000000000000e+00,0.000000000000000000e+00,0.000000000000000000e+00,0.000000000000000000e+00,0.000000000000000000e+00,0.000000000000000000e+00,0.000000000000000000e+00,0.000000000000000000e+00,0.000000000000000000e+00,0.000000000000000000e+00,0.000000000000000000e+00,0.000000000000000000e+00,0.000000000000000000e+00,0.000000000000000000e+00,0.000000000000000000e+00,0.000000000000000000e+00,0.000000000000000000e+00,0.000000000000000000e+00,0.000000000000000000e+00,0.000000000000000000e+00,0.000000000000000000e+00,0.000000000000000000e+00,0.000000000000000000e+00,0.000000000000000000e+00,0.000000000000000000e+00,0.000000000000000000e+00,0.000000000000000000e+00,0.000000000000000000e+00,0.000000000000000000e+00,0.000000000000000000e+00,0.000000000000000000e+00,0.000000000000000000e+00,0.000000000000000000e+00,0.000000000000000000e+00,0.000000000000000000e+00,0.000000000000000000e+00,0.000000000000000000e+00,0.000000000000000000e+00,0.000000000000000000e+00,0.000000000000000000e+00,0.000000000000000000e+00,0.000000000000000000e+00,0.000000000000000000e+00,0.000000000000000000e+00,0.000000000000000000e+00,0.000000000000000000e+00,0.000000000000000000e+00,0.000000000000000000e+00,0.000000000000000000e+00,0.000000000000000000e+00,0.000000000000000000e+00,0.000000000000000000e+00,0.000000000000000000e+00,0.000000000000000000e+00,0.000000000000000000e+00,0.000000000000000000e+00,0.000000000000000000e+00,0.000000000000000000e+00,0.000000000000000000e+00,0.000000000000000000e+00,0.000000000000000000e+00,0.000000000000000000e+00,0.000000000000000000e+00,0.000000000000000000e+00,0.000000000000000000e+00,0.000000000000000000e+00,0.000000000000000000e+00,0.000000000000000000e+00,0.000000000000000000e+00,0.000000000000000000e+00,0.000000000000000000e+00,0.000000000000000000e+00,0.000000000000000000e+00,0.000000000000000000e+00,0.000000000000000000e+00,0.000000000000000000e+00,0.000000000000000000e+00,0.000000000000000000e+00,0.000000000000000000e+00,0.000000000000000000e+00,0.000000000000000000e+00,0.000000000000000000e+00,0.000000000000000000e+00,0.000000000000000000e+00,0.000000000000000000e+00,0.000000000000000000e+00,0.000000000000000000e+00,0.000000000000000000e+00,0.000000000000000000e+00,0.000000000000000000e+00,0.000000000000000000e+00,0.000000000000000000e+00,0.000000000000000000e+00,0.000000000000000000e+00,0.000000000000000000e+00,0.000000000000000000e+00,0.000000000000000000e+00,0.000000000000000000e+00,0.000000000000000000e+00,0.000000000000000000e+00,0.000000000000000000e+00,0.000000000000000000e+00,0.000000000000000000e+00,0.000000000000000000e+00,0.000000000000000000e+00,0.000000000000000000e+00,0.000000000000000000e+00,0.000000000000000000e+00,0.000000000000000000e+00,0.000000000000000000e+00,0.000000000000000000e+00,0.000000000000000000e+00,0.000000000000000000e+00,0.000000000000000000e+00,0.000000000000000000e+00,0.000000000000000000e+00,0.000000000000000000e+00,0.000000000000000000e+00,0.000000000000000000e+00,0.000000000000000000e+00,0.000000000000000000e+00,0.000000000000000000e+00,0.000000000000000000e+00,0.000000000000000000e+00,0.000000000000000000e+00,2.128883341763563447e-04,2.937369185592872346e-04,3.355259351067127493e-04,3.637057985042736362e-04,3.922436990890360822e-04,3.930743599295431312e-04,3.848898290997037350e-04,3.674166566974703492e-04,3.402786332692146927e-04,3.075028692640268324e-04,2.687115948836515445e-04,2.262531361902175950e-04,1.821997049648005601e-04,1.371186961884600277e-04,9.248218891168575998e-05,4.925379032942484725e-05,8.322660549782707459e-06,-2.952953924169809266e-05,-6.376345733339865564e-05,-9.397673424927426521e-05,-1.199082927955190495e-04,-1.414236700503063138e-04,-1.585303331784172168e-04,-1.712890452189129572e-04,-1.799106519374902972e-04,-1.846309840242661498e-04,-1.857922449574768279e-04,-1.837494965237180069e-04,-1.789123559616262341e-04,-1.716905544960841714e-04,-1.625096595416594312e-04,-1.517796513207345674e-04,-1.398991396440372429e-04,-1.272381512213794437e-04,-1.141382199295412099e-04,-1.009044837245191210e-04,-8.780474814183938828e-05,-7.506749397366365459e-05,-6.288167454516412026e-05,-5.139836068992107115e-05,-4.073193553199472739e-05,-3.096369472349622083e-05,-2.214421358036259047e-05,-1.429763839266144427e-05,-7.424697306067047323e-06,-1.506873774687360750e-06,3.490480699801578883e-06,7.614552425896821137e-06,1.092229998070612642e-05,1.347764895639341087e-05,1.534933763002110729e-05,1.660891279398303896e-05,1.732924790806286569e-05,1.758322424417072194e-05,1.744284097517125246e-05,1.697840993191978510e-05,1.625810974565615864e-05,1.534751708671912627e-05,1.430944610799189614e-05,1.320366476417118195e-05,1.208688619002846998e-05,1.101256090536246761e-05,1.003092890504041882e-05,9.188823493973992599e-06,8.529735112283131076e-06,8.093599740622709198e-06,7.916857706350730148e-06,8.032224247619121278e-06,8.468745784815240386e-06,9.251562739914520413e-06,1.040197400598563648e-05,1.193720590177872816e-05,1.387049688021257067e-05,1.621088559555191103e-05,1.896332611219959997e-05,2.212850565303440314e-05,2.570299830050330739e-05,2.967912089002940678e-05,3.404513165741773241e-05,3.878513154978811405e-05,4.387931360861279740e-05,4.930391642760347990e-05,5.503152975299136081e-05,6.103110623113806833e-05,6.726832797151006472e-05,7.370568134763307152e-05,8.030288746227004460e-05,8.701704210437133749e-05,9.380310988039512992e-05,1.006141274108116062e-04,1.074017564587204896e-04,1.141165433603902134e-04,1.207085212192924141e-04,1.271275129400390943e-04,1.333237670819919173e-04,1.392482863690400457e-04,1.448534767657910078e-04,1.500934786342913410e-04,1.549248046573445490e-04,1.593066475040046874e-04,1.632014799178535026e-04,1.665753113123262562e-04,1.693982230684966915e-04,1.716445472247291656e-04,1.732933120096817722e-04,1.743283188461409116e-04,1.747384773919548177e-04,1.745177623532210881e-04,1.736654236317061153e-04,1.721858116242208127e-04,1.700884560462442136e-04,1.673877569554846638e-04,1.641029348130189673e-04,1.602575936910181074e-04,1.558795543532435557e-04,1.510003051425990524e-04,1.456547384471567198e-04,1.398805127487548548e-04,1.337177199463276999e-04,1.272081882023467115e-04,1.203951125397946103e-04,1.133223318748284645e-04,1.060339576531236502e-04,9.857365951595380496e-05,9.098432636378043733e-05,8.330739348708669832e-05,7.558256750805038217e-05,6.784722380461918130e-05,6.013622166674458593e-05,5.248139492371778656e-05,4.491147689679972387e-05,3.745169985015388742e-05,3.012384150241571222e-05,2.294594085182706842e-05,1.593246969080634517e-05,9.094164058211746336e-06,2.438315934882639678e-06,-4.031288410757219441e-06,-1.031396906606251365e-05,-1.641212314743610779e-05,-2.233073693723682107e-05,-2.807728738294892239e-05,-3.366119001487269391e-05,-3.909365727432289955e-05,-4.438710975440158531e-05,-4.955501954560905729e-05,-5.461131347509021487e-05,-5.957022965225681333e-05,-6.444574029637680933e-05,-6.925144746700708312e-05,-7.400004986959827461e-05,-7.870329954835391707e-05,-8.337153201789748139e-05,-8.801369986846210619e-05,-9.263697914344371854e-05,-9.724688887709386138e-05,-1.018469794363876662e-04,-1.064390396243054257e-04,-1.110228653939142931e-04,-1.155965490160542670e-04,-1.201563198432481521e-04,-1.246969038157657054e-04,-1.292114224457075453e-04,-1.336918061883650259e-04,-1.381287340066401936e-04,-1.425120812733750948e-04,-1.468308804558679374e-04,-1.510737834070577802e-04,-1.552290239403971372e-04,-1.592848755526978498e-04,-1.632295987497632626e-04,-1.670518781251441700e-04,-1.707407408562259578e-04,-1.742859611635840422e-04,-1.776779408710495005e-04,-1.809080740006459125e-04,-1.839685850684125385e-04,-1.868528513105684186e-04,-1.895551988751349986e-04,-1.920711843758399380e-04,-1.943973528428857031e-04,-1.965314835635520810e-04,-1.984723162416440301e-04,-2.002197681877217823e-04,-2.017746365159343847e-04,-2.031387947070844332e-04,-2.043148789413670990e-04,-2.053064721203428364e-04,-2.061177818686239815e-04,-2.067538195654455694e-04,-2.072200763178156312e-04,-2.075227034386305832e-04,-2.076681904185161511e-04,-2.076635508729066104e-04,-2.075160020298167545e-04,-2.072331554070739278e-04,-2.068226901022467298e-04,-2.062925421119585776e-04,-2.056505590931338072e-04,-2.049046876852529556e-04,-2.040626131865546993e-04,-2.031319843509874705e-04,-2.021201005545985251e-04,-2.010342991394912810e-04,-1.998818309598181860e-04,-1.986705817071951561e-04,-1.974091984371251370e-04,-1.961080480589334199e-04,-1.947790717430157841e-04,-1.934359820703539061e-04,-1.920921407891599425e-04,-1.907579294654710908e-04,-1.894345685319798927e-04,-1.881080258752739376e-04,-1.867410177471983844e-04,-1.852711829211591314e-04,-1.836156362085544899e-04,-1.816949889449665661e-04,-1.794742663003737030e-04,-1.770296818663769621e-04,-1.746169167221501184e-04,-1.727242278496958657e-04,-1.720404712152879937e-04,-1.732932642120300578e-04,-1.768719040808322193e-04,-1.822637465590416642e-04,-1.873799958436095294e-04,-1.881536457417405553e-04,-1.789822334984096826e-04,-1.550645875594748200e-04,-1.175678410119183176e-04,-8.184811151557022202e-05
0.000000000000000000e+00,0.000000000000000000e+00,0.000000000000000000e+00,0.000000000000000000e+00,0.000000000000000000e+00,0.000000000000000000e+00,0.000000000000000000e+00,0.000000000000000000e+00,0.000000000000000000e+00,0.000000000000000000e+00,0.000000000000000000e+00,0.000000000000000000e+00,0.000000000000000000e+00,0.000000000000000000e+00,0.000000000000000000e+00,0.000000000000000000e+00,0.000000000000000000e+00,0.000000000000000000e+00,0.000000000000000000e+00,0.000000000000000000e+00,0.000000000000000000e+00,0.000000000000000000e+00,0.000000000000000000e+00,0.000000000000000000e+00,0.000000000000000000e+00,0.000000000000000000e+00,0.000000000000000000e+00,0.000000000000000000e+00,0.000000000000000000e+00,0.000000000000000000e+00,0.000000000000000000e+00,0.000000000000000000e+00,0.000000000000000000e+00,0.000000000000000000e+00,0.000000000000000000e+00,0.000000000000000000e+00,0.000000000000000000e+00,0.000000000000000000e+00,0.000000000000000000e+00,0.000000000000000000e+00,0.000000000000000000e+00,0.000000000000000000e+00,0.000000000000000000e+00,0.000000000000000000e+00,0.000000000000000000e+00,0.000000000000000000e+00,0.000000000000000000e+00,0.000000000000000000e+00,0.000000000000000000e+00,0.000000000000000000e+00,0.000000000000000000e+00,0.000000000000000000e+00,0.000000000000000000e+00,0.000000000000000000e+00,0.000000000000000000e+00,0.000000000000000000e+00,0.000000000000000000e+00,0.000000000000000000e+00,0.000000000000000000e+00,0.000000000000000000e+00,0.000000000000000000e+00,0.000000000000000000e+00,0.000000000000000000e+00,0.000000000000000000e+00,0.000000000000000000e+00,0.000000000000000000e+00,0.000000000000000000e+00,0.000000000000000000e+00,0.000000000000000000e+00,0.000000000000000000e+00,0.000000000000000000e+00,0.000000000000000000e+00,0.000000000000000000e+00,0.000000000000000000e+00,0.000000000000000000e+00,0.000000000000000000e+00,0.000000000000000000e+00,0.000000000000000000e+00,0.000000000000000000e+00,0.000000000000000000e+00,0.000000000000000000e+00,0.000000000000000000e+00,0.000000000000000000e+00,0.000000000000000000e+00,0.000000000000000000e+00,0.000000000000000000e+00,0.000000000000000000e+00,0.000000000000000000e+00,0.000000000000000000e+00,0.000000000000000000e+00,0.000000000000000000e+00,0.000000000000000000e+00,0.000000000000000000e+00,0.000000000000000000e+00,0.000000000000000000e+00,0.000000000000000000e+00,0.000000000000000000e+00,0.000000000000000000e+00,0.000000000000000000e+00,0.000000000000000000e+00,0.000000000000000000e+00,0.000000000000000000e+00,0.000000000000000000e+00,0.000000000000000000e+00,0.000000000000000000e+00,0.000000000000000000e+00,0.000000000000000000e+00,0.000000000000000000e+00,0.000000000000000000e+00,0.000000000000000000e+00,0.000000000000000000e+00,0.000000000000000000e+00,0.000000000000000000e+00,0.000000000000000000e+00,0.000000000000000000e+00,0.000000000000000000e+00,0.000000000000000000e+00,0.000000000000000000e+00,0.000000000000000000e+00,0.000000000000000000e+00,0.000000000000000000e+00,0.000000000000000000e+00,0.000000000000000000e+00,0.000000000000000000e+00,0.000000000000000000e+00,0.000000000000000000e+00,0.000000000000000000e+00,0.000000000000000000e+00,0.000000000000000000e+00,0.000000000000000000e+00,0.000000000000000000e+00,0.000000000000000000e+00,0.000000000000000000e+00,0.000000000000000000e+00,0.000000000000000000e+00,0.000000000000000000e+00,0.000000000000000000e+00,0.000000000000000000e+00,0.000000000000000000e+00,0.000000000000000000e+00,0.000000000000000000e+00,0.000000000000000000e+00,2.345305804879547888e-04,3.071774784282333402e-04,3.448158304896860251e-04,3.800097394609727058e-04,3.889614999631589858e-04,3.854391074899712498e-04,3.729674676869997323e-04,3.485689854294319028e-04,3.178833276115065323e-04,2.817228240175157178e-04,2.410470666342078743e-04,1.979643974814392191e-04,1.535235962246729049e-04,1.090276992489401070e-04,6.570576830234615008e-05,2.423661452041694721e-05,-1.450043625424496332e-05,-4.989429007887008407e-05,-8.147261681564293653e-05,-1.089061527631430816e-04,-1.320209163376359510e-04,-1.507550217902738792e-04,-1.651634383979416916e-04,-1.753789617584614589e-04,-1.816383404855065678e-04,-1.842164164497116967e-04,-1.834707604824300435e-04,-1.797707259360430978e-04,-1.735299870753106055e-04,-1.651562879693252407e-04,-1.550672685707314073e-04,-1.436603800006816816e-04,-1.313183210701632188e-04,-1.183923145307610970e-04,-1.052036916810263810e-04,-9.203593901950486234e-05,-7.913541381777366133e-05,-6.670904837921590419e-05,-5.492548585541542943e-05,-4.391634047910366917e-05,-3.377826670064010929e-05,-2.457619522414987475e-05,-1.634619870859448950e-05,-9.099478494889947866e-06,-2.825592483082923301e-06,2.503636738730353858e-06,6.930965000259783620e-06,1.051037875049090682e-05,1.330434613575102261e-05,1.538125111345305720e-05,1.681324367169990326e-05,1.767447684163363326e-05,1.803958634161052308e-05,1.798261799336757497e-05,1.757604853431639648e-05,1.689023127636692285e-05,1.599281421332658478e-05,1.494852709914682241e-05,1.381884749003058196e-05,1.266197977100091782e-05,1.153264570911277314e-05,1.048214844365702022e-05,9.558204283810423969e-06,8.805028853467129280e-06,8.263166627957107521e-06,7.969572487012064861e-06,7.957425652162175174e-06,8.256203465516611333e-06,8.891484205115810264e-06,9.885021630437324083e-06,1.125454859933602410e-05,1.301386433045729956e-05,1.517265175994964806e-05,1.773658859410472087e-05,2.070718959494731643e-05,2.408195033823995517e-05,2.785422345307120954e-05,3.201340215352589360e-05,3.654483788923804848e-05,4.143006962698356926e-05,4.664678945900546539e-05,5.216912301136045118e-05,5.796764884255426571e-05,6.400973463337903486e-05,7.025961503222395395e-05,7.667878679716828383e-05,8.322614754397324708e-05,8.985845033864436546e-05,9.653050234430157186e-05,1.031956754461370274e-04,1.098061592021296951e-04,1.163135192315241053e-04,1.226689936100134790e-04,1.288240855157410120e-04,1.347308868958581112e-04,1.403426869114246924e-04,1.456143020063776616e-04,1.505026776693569939e-04,1.549672005806251298e-04,1.589702686655909182e-04,1.624775592621538771e-04,1.654585417958374428e-04,1.678866762248730656e-04,1.697398441430380720e-04,1.710004542577592387e-04,1.716557713631301307e-04,1.716979102220777295e-04,1.711240474820306331e-04,1.699362917979190056e-04,1.681417710203750022e-04,1.657523742543240322e-04,1.627847149837143698e-04,1.592597493824925842e-04,1.552026247521345566e-04,1.506421870309221746e-04,1.456107322317110660e-04,1.401434239314943635e-04,1.342779725100075577e-04,1.280539897029577597e-04,1.215126256771831845e-04,1.146958918864646919e-04,1.076462888927699144e-04,1.004061304176130431e-04,9.301719510550153221e-05,8.552008373611044711e-05,7.795392588549796789e-05,7.035579894594148193e-05,6.276051618819004007e-05,5.520013092461536033e-05,4.770382629477231068e-05,4.029752113725586400e-05,3.300387446772134076e-05,2.584200197389453915e-05,1.882760021411958082e-05,1.197277468427841128e-05,5.286280778718018866e-06,-1.226543371890692542e-06,-7.563429642716999026e-06,-1.372515615339413119e-05,-1.971511074847433586e-05,-2.553919605205402023e-05,-3.120532592846882858e-05,-3.672328344433870652e-05,-4.210417604829181845e-05,-4.736027303320983152e-05,-5.250444670685501601e-05,-5.755001640873249610e-05,-6.251020239472029644e-05,-6.739800185322184791e-05,-7.222567964333417260e-05,-7.700469819630655272e-05,-8.174526485706600475e-05,-8.645633236067873319e-05,-9.114521671537487559e-05,-9.581767857730012544e-05,-1.004776189052135847e-04,-1.051272445991588102e-04,-1.097668421819775094e-04,-1.143950241632551285e-04,-1.190085744080549306e-04,-1.236027654856550336e-04,-1.281712637845736687e-04,-1.327065031674111786e-04,-1.371996337876085618e-04,-1.416409341247002861e-04,-1.460197851805033510e-04,-1.503251016349750212e-04,-1.545453127648516070e-04,-1.586687940526148590e-04,-1.626838376669193908e-04,-1.665790681499433492e-04,-1.703433883158764076e-04,-1.739663662347350106e-04,-1.774381464595696555e-04,-1.807497998897752793e-04,-1.838931947669085703e-04,-1.868613055544835692e-04,-1.896480425825157175e-04,-1.922485202794260478e-04,-1.946588481962320061e-04,-1.968763623351791031e-04,-1.988993831962591690e-04,-2.007274162861781271e-04,-2.023608846230086692e-04,-2.038013057023004243e-04,-2.050510066057428479e-04,-2.061132848551367489e-04,-2.069921141250558136e-04,-2.076922958053493886e-04,-2.082191626361820755e-04,-2.085787266765086608e-04,-2.087773871350147162e-04,-2.088220786636273162e-04,-2.087199878337804646e-04,-2.084787023725883455e-04,-2.081059371089130790e-04,-2.076096789433143136e-04,-2.069979178397451762e-04,-2.062787762577250161e-04,-2.054602404220884349e-04,-2.045502684081137806e-04,-2.035565397486200398e-04,-2.024865750700266314e-04,-2.013475876478110498e-04,-2.001467220574169544e-04,-1.988911662646809548e-04,-1.975886299720507955e-04,-1.962477790875893165e-04,-1.948787535240305800e-04,-1.934933958888941077e-04,-1.921046885452217228e-04,-1.907251710629323342e-04,-1.893632297632494787e-04,-1.880180301610437214e-04,-1.866722749236054513e-04,-1.852866492737478040e-04,-1.837969586203797587e-04,-1.821228839353845799e-04,-1.801899321982985394e-04,-1.779749765182387354e-04,-1.755661280437000385e-04,-1.732331033648636109e-04,-1.714646198297771549e-04,-1.709378384311740367e-04,-1.723374582480302879e-04,-1.759970970637269043e-04,-1.813335499162703913e-04,-1.862340196403225641e-04,-1.866723064110536795e-04,-1.772284761841679749e-04,-1.533516129172546045e-04,-1.164160012112937654e-04,-8.148678783823728761e-05
0.000000000000000000e+00,0.000000000000000000e+00,0.000000000000000000e+00,0.000000000000000000e+00,0.000000000000000000e+00,0.000000000000000000e+00,0.000000000000000000e+00,0.000000000000000000e+00,0.000000000000000000e+00,0.000000000000000000e+00,0.000000000000000000e+00,0.000000000000000000e+00,0.000000000000000000e+00,0.000000000000000000e+00,0.000000000000000000e+00,0.000000000000000000e+00,0.000000000000000000e+00,0.000000000000000000e+00,0.000000000000000000e+00,0.000000000000000000e+00,0.000000000000000000e+00,0.000000000000000000e+00,0.000000000000000000e+00,0.000000000000000000e+00,0.000000000000000000e+00,0.000000000000000000e+00,0.000000000000000000e+00,0.000000000000000000e+00,0.000000000000000000e+00,0.000000000000000000e+00,0.000000000000000000e+00,0.000000000000000000e+00,0.000000000000000000e+00,0.000000000000000000e+00,0.000000000000000000e+00,0.000000000000000000e+00,0.000000000000000000e+00,0.000000000000000000e+00,0.000000000000000000e+00,0.000000000000000000e+00,0.000000000000000000e+00,0.000000000000000000e+00,0.000000000000000000e+00,0.000000000000000000e+00,0.000000000000000000e+00,0.000000000000000000e+00,0.000000000000000000e+00,0.000000000000000000e+00,0.000000000000000000e+00,0.000000000000000000e+00,0.000000000000000000e+00,0.000000000000000000e+00,0.000000000000000000e+00,0.000000000000000000e+00,0.000000000000000000e+00,0.000000000000000000e+00,0.000000000000000000e+00,0.000000000000000000e+00,0.000000000000000000e+00,0.000000000000000000e+00,0.000000000000000000e+00,0.000000000000000000e+00,0.000000000000000000e+00,0.000000000000000000e+00,0.000000000000000000e+00,0.000000000000000000e+00,0.000000000000000000e+00,0.000000000000000000e+00,0.000000000000000000e+00,0.000000000000000000e+00,0.000000000000000000e+00,0.000000000000000000e+00,0.000000000000000000e+00,0.000000000000000000e+00,0.000000000000000000e+00,0.000000000000000000e+00,0.000000000000000000e+00,0.000000000000000000e+00,0.000000000000000000e+00,0.000000000000000000e+00,0.000000000000000000e+00,0.000000000000000000e+00,0.000000000000000000e+00,0.000000000000000000e+00,0.000000000000000000e+00,0.000000000000000000e+00,0.000000000000000000e+00,0.000000000000000000e+00,0.000000000000000000e+00,0.000000000000000000e+00,0.000000000000000000e+00,0.000000000000000000e+00,0.000000000000000000e+00,0.000000000000000000e+00,0.000000000000000000e+00,0.000000000000000000e+00,0.000000000000000000e+00,0.000000000000000000e+00,0.000000000000000000e+00,0.000000000000000000e+00,0.000000000000000000e+00,0.000000000000000000e+00,0.000000000000000000e+00,0.000000000000000000e+00,0.000000000000000000e+00,0.000000000000000000e+00,0.000000000000000000e+00,0.000000000000000000e+00,0.000000000000000000e+00,0.000000000000000000e+00,0.000000000000000000e+00,0.000000000000000000e+00,0.000000000000000000e+00,0.000000000000000000e+00,0.000000000000000000e+00,0.000000000000000000e+00,0.000000000000000000e+00,0.000000000000000000e+00,0.000000000000000000e+00,0.000000000000000000e+00,0.000000000000000000e+00,0.000000000000000000e+00,0.000000000000000000e+00,0.000000000000000000e+00,0.000000000000000000e+00,0.000000000000000000e+00,0.000000000000000000e+00,0.000000000000000000e+00,0.000000000000000000e+00,0.000000000000000000e+00,0.000000000000000000e+00,0.000000000000000000e+00,0.000000000000000000e+00,0.000000000000000000e+00,0.000000000000000000e+00,0.000000000000000000e+00,0.000000000000000000e+00,0.000000000000000000e+00,0.000000000000000000e+00,0.000000000000000000e+00,2.329219401881386345e-04,2.961783098146598438e-04,3.401151647886836130e-04,3.689027896858065999e-04,3.837582364885039040e-04,3.834773103298078729e-04,3.757617404810834690e-04,3.558611248470969755e-04,3.272090111752619054e-04,2.935490001044562566e-04,2.546644867683171549e-04,2.128983914466226954e-04,1.694157655198776211e-04,1.252820492006983361e-04,8.185427228966408878e-05,4.001979467825141681e-05,5.576047109668008676e-07,-3.580426323517376893e-05,-6.861687540188820753e-05,-9.745774199777985404e-05,-1.220937448561076042e-04,-1.424138438398816846e-04,-1.584195973290029131e-04,-1.702192917857874173e-04,-1.779969461324295990e-04,-1.820170571682768422e-04,-1.825880172745392150e-04,-1.800772103318526332e-04,-1.748656168573832481e-04,-1.673658527970557858e-04,-1.579815373991316687e-04,-1.471197840340998761e-04,-1.351637851671272719e-04,-1.224788334433974692e-04,-1.093964605104965786e-04,-9.621712872220492322e-05,-8.320253841046046936e-05,-7.057753310695144523e-05,-5.852777238403973300e-05,-4.720188576814745950e-05,-3.671253670007175148e-05,-2.713915624726276690e-05,-1.853094855542038494e-05,-1.091008307482058113e-05,-4.275497489416207082e-06,1.393812826304445286e-06,6.135006490528491975e-06,9.998367603639199188e-06,1.304401430472580578e-05,1.533938578013988889e-05,1.695667174574651989e-05,1.797094109869525224e-05,1.845832177310655764e-05,1.849476631626612561e-05,1.815487943751572985e-05,1.751121851542193896e-05,1.663360398160014763e-05,1.558880865097049941e-05,1.444018039737464455e-05,1.324757452496841905e-05,1.206714560910441778e-05,1.095140458535712507e-05,9.949078511688726553e-06,9.105213058322154812e-06,8.461041912663095892e-06,8.054093178154573480e-06,7.918044939604008928e-06,8.082822576760781785e-06,8.574439514101972172e-06,9.415089135719932208e-06,1.062298069037297722e-05,1.221243631953058598e-05,1.419373502273995478e-05,1.657322613034467265e-05,1.935319316906925738e-05,2.253199347931885641e-05,2.610395165119379555e-05,3.005953306826514930e-05,3.438527473319595411e-05,3.906399912714386154e-05,4.407478900870494758e-05,4.939324708390604215e-05,5.499152044211114224e-05,6.083861070434304200e-05,6.690045263547546024e-05,7.314027813057162792e-05,7.951875168513810449e-05,8.599438933225144615e-05,9.252375071465269540e-05,9.906191069686647575e-05,1.055627037391763522e-04,1.119792415219333866e-04,1.182642004704459666e-04,1.243703737947846793e-04,1.302509879179780498e-04,1.358602724717940323e-04,1.411537867059327745e-04,1.460889868593144016e-04,1.506255400099269814e-04,1.547258654477579531e-04,1.583554113884545224e-04,1.614831459525323124e-04,1.640817720585077862e-04,1.661281446116328415e-04,1.676034008717167362e-04,1.684932835241571966e-04,1.687881678383505962e-04,1.684832752937454070e-04,1.675785846613348222e-04,1.660789274607624372e-04,1.639937773071655739e-04,1.613372261850838771e-04,1.581276544435050973e-04,1.543875950737961990e-04,1.501432949295883898e-04,1.454244821803950673e-04,1.402638369569287659e-04,1.346966841900501684e-04,1.287603982319919049e-04,1.224940487179100059e-04,1.159377681854230666e-04,1.091323819124094915e-04,1.021187697417071284e-04,9.493751175075989439e-05,8.762827522769312970e-05,8.022950648940397288e-05,7.277787133307109572e-05,6.530801955501455496e-05,5.785210254105739266e-05,5.043963146500801204e-05,4.309708945883847361e-05,3.584789760969593283e-05,2.871213193869608866e-05,2.170660374949183623e-05,1.484468399467623691e-05,8.136496815910086855e-06,1.588846346352444609e-06,-4.794485066164448312e-06,-1.101271950664900920e-05,-1.706769560789006977e-05,-2.296377842966547720e-05,-2.870740221016925833e-05,-3.430692974376949484e-05,-3.977214976996904162e-05,-4.511411089299745064e-05,-5.034459948817592934e-05,-5.547597408110016326e-05,-6.052064957745721582e-05,-6.549095692396285113e-05,-7.039865744720258086e-05,-7.525484965232825236e-05,-8.006953366295992808e-05,-8.485158241455186651e-05,-8.960837095541550074e-05,-9.434582346428501993e-05,-9.906811596221330946e-05,-1.037778040587226583e-04,-1.084756009953991522e-04,-1.131605843911400334e-04,-1.178300451181699712e-04,-1.224797651823853264e-04,-1.271039273021537573e-04,-1.316954509956227970e-04,-1.362459484000894268e-04,-1.407461020786935312e-04,-1.451856499456113958e-04,-1.495537865169168311e-04,-1.538391589680557215e-04,-1.580302736021277463e-04,-1.621154860051351727e-04,-1.660833962539708000e-04,-1.699228186155495100e-04,-1.736231521182992677e-04,-1.771743188531756281e-04,-1.805671005289223932e-04,-1.837930386578344412e-04,-1.868447320694160215e-04,-1.897156965634174016e-04,-1.924006225345996769e-04,-1.948951955613511806e-04,-1.971963168596079560e-04,-1.993018893528173915e-04,-2.012110063133349682e-04,-2.029237095086244141e-04,-2.044411529674506397e-04,-2.057653407482256758e-04,-2.068992733303240579e-04,-2.078466725364375395e-04,-2.086121177990672953e-04,-2.092007650432419353e-04,-2.096184793437967902e-04,-2.098715534300909364e-04,-2.099668422703812772e-04,-2.099114853254558657e-04,-2.097130472055638286e-04,-2.093792453015332522e-04,-2.089180980211897108e-04,-2.083376548992177358e-04,-2.076461494686758773e-04,-2.068517228942567997e-04,-2.059625755156201500e-04,-2.049866745299139584e-04,-2.039319093245502514e-04,-2.028057962358919923e-04,-2.016156882411490896e-04,-2.003685496991318112e-04,-1.990713468407788542e-04,-1.977310185098757962e-04,-1.963551747424960260e-04,-1.949522486215993005e-04,-1.935322937908708118e-04,-1.921066737384010000e-04,-1.906878730805553748e-04,-1.892870534076057361e-04,-1.879110546256820943e-04,-1.865562820727172284e-04,-1.852031134379765909e-04,-1.838093984139553116e-04,-1.823108437769825098e-04,-1.806285579568843685e-04,-1.786954433345502868e-04,-1.764977869983012861e-04,-1.741383529085046167e-04,-1.718956758200907873e-04,-1.702619977674004685e-04,-1.698943464307730081e-04,-1.714406298817175835e-04,-1.751690229013800140e-04,-1.804402413384315800e-04,-1.851071441906970900e-04,-1.852090175002139871e-04,-1.754885631924958244e-04,-1.516724171014942335e-04,-1.152962726566068890e-04,-8.117379626713652687e-05
0.000000000000000000e+00,0.000000000000000000e+00,0.000000000000000000e+00,0.000000000000000000e+00,0.000000000000000000e+00,0.000000000000000000e+00,0.000000000000000000e+00,0.000000000000000000e+00,0.000000000000000000e+00,0.000000000000000000e+00,0.000000000000000000e+00,0.000000000000000000e+00,0.000000000000000000e+00,0.000000000000000000e+00,0.000000000000000000e+00,0.000000000000000000e+00,0.000000000000000000e+00,0.000000000000000000e+00,0.000000000000000000e+00,0.000000000000000000e+00,0.000000000000000000e+00,0.000000000000000000e+00,0.000000000000000000e+00,0.000000000000000000e+00,0.000000000000000000e+00,0.000000000000000000e+00,0.000000000000000000e+00,0.000000000000000000e+00,0.000000000000000000e+00,0.000000000000000000e+00,0.000000000000000000e+00,0.000000000000000000e+00,0.000000000000000000e+00,0.000000000000000000e+00,0.000000000000000000e+00,0.000000000000000000e+00,0.000000000000000000e+00,0.000000000000000000e+00,0.000000000000000000e+00,0.000000000000000000e+00,0.000000000000000000e+00,0.000000000000000000e+00,0.000000000000000000e+00,0.000000000000000000e+00,0.000000000000000000e+00,0.000000000000000000e+00,0.000000000000000000e+00,0.000000000000000000e+00,0.000000000000000000e+00,0.000000000000000000e+00,0.000000000000000000e+00,0.000000000000000000e+00,0.000000000000000000e+00,0.000000000000000000e+00,0.000000000000000000e+00,0.000000000000000000e+00,0.000000000000000000e+00,0.000000000000000000e+00,0.000000000000000000e+00,0.000000000000000000e+00,0.000000000000000000e+00,0.000000000000000000e+00,0.000000000000000000e+00,0.000000000000000000e+00,0.000000000000000000e+00,0.000000000000000000e+00,0.000000000000000000e+00,0.000000000000000000e+00,0.000000000000000000e+00,0.000000000000000000e+00,0.000000000000000000e+00,0.000000000000000000e+00,0.000000000000000000e+00,0.000000000000000000e+00,0.000000000000000000e+00,0.000000000000000000e+00,0.000000000000000000e+00,0.000000000000000000e+00,0.000000000000000000e+00,0.000000000000000000e+00,0.000000000000000000e+00,0.000000000000000000e+00,0.000000000000000000e+00,0.000000000000000000e+00,0.000000000000000000e+00,0.000000000000000000e+00,0.000000000000000000e+00,0.000000000000000000e+00,0.000000000000000000e+00,0.000000000000000000e+00,0.000000000000000000e+00,0.000000000000000000e+00,0.000000000000000000e+00,0.000000000000000000e+00,0.000000000000000000e+00,0.000000000000000000e+00,0.000000000000000000e+00,0.000000000000000000e+00,0.000000000000000000e+00,0.000000000000000000e+00,0.000000000000000000e+00,0.000000000000000000e+00,0.000000000000000000e+00,0.000000000000000000e+00,0.000000000000000000e+00,0.000000000000000000e+00,0.000000000000000000e+00,0.000000000000000000e+00,0.000000000000000000e+00,0.000000000000000000e+00,0.000000000000000000e+00,0.000000000000000000e+00,0.000000000000000000e+00,0.000000000000000000e+00,0.000000000000000000e+00,0.000000000000000000e+00,0.000000000000000000e+00,0.000000000000000000e+00,0.000000000000000000e+00,0.000000000000000000e+00,0.000000000000000000e+00,0.000000000000000000e+00,0.000000000000000000e+00,0.000000000000000000e+00,0.000000000000000000e+00,0.000000000000000000e+00,0.000000000000000000e+00,0.000000000000000000e+00,0.000000000000000000e+00,0.000000000000000000e+00,0.000000000000000000e+00,0.000000000000000000e+00,0.000000000000000000e+00,0.000000000000000000e+00,0.000000000000000000e+00,0.000000000000000000e+00,0.000000000000000000e+00,0.000000000000000000e+00,2.038914562792539258e-04,2.830060088603040722e-04,3.250029952487497494e-04,3.536948382196829460e-04,3.821906857745836295e-04,3.840610439056180137e-04,3.770716343515366129e-04,3.610530830440983590e-04,3.356115418251956408e-04,3.045580753436737576e-04,2.675632987050927916e-04,2.269030431051305007e-04,1.845170873822176002e-04,1.409984129099569933e-04,9.772477409550793732e-05,5.564849868977560422e-05,1.561364125917263861e-05,-2.161887369041010781e-05,-5.550277436550795295e-05,-8.563500094045423290e-05,-1.116933069655655722e-04,-1.335348988711340321e-04,-1.510991586669811087e-04,-1.644507708824043915e-04,-1.737419216562481898e-04,-1.791985943928756997e-04,-1.811125953876012104e-04,-1.798169574552025926e-04,-1.756869051528090809e-04,-1.691112378961399357e-04,-1.604975598515944509e-04,-1.502433596215048753e-04,-1.387424504528153959e-04,-1.263625489505806920e-04,-1.134500825590811464e-04,-1.003162262390016604e-04,-8.723997352153893222e-05,-7.446119316375891806e-05,-6.218321555017936031e-05,-5.057077995683819510e-05,-3.975286786142111635e-05,-2.982373948569021706e-05,-2.084618851021607686e-05,-1.285433387869271305e-05,-5.857145935344859809e-06,1.580415854667311781e-07,5.222054215882461777e-06,9.380402618648280030e-06,1.269016347145516354e-05,1.521700355140317161e-05,1.703262099430871208e-05,1.821247838956276696e-05,1.883388494620378387e-05,1.897446446669180721e-05,1.871084766742915420e-05,1.811777596942954984e-05,1.726729308861579143e-05,1.622832431339597066e-05,1.506622231624538027e-05,1.384265508627431285e-05,1.261536635356191973e-05,1.143823227515665483e-05,1.036112584762884832e-05,9.430043484392621906e-06,8.687000842187278445e-06,8.170172174823195959e-06,7.913780987070435132e-06,7.948228777203655599e-06,8.299970750789362002e-06,8.991632354513669437e-06,1.004187575208087859e-05,1.146551307726445773e-05,1.327337540469202420e-05,1.547243439014000174e-05,1.806568583082035156e-05,2.105229029200645773e-05,2.442748151618403038e-05,2.818273462124981001e-05,3.230570763637610114e-05,3.678044419659867617e-05,4.158735501342864812e-05,4.670346085470881563e-05,5.210241964950965111e-05,5.775481457950682319e-05,6.362823135368514610e-05,6.968759498002805378e-05,7.589530007835907038e-05,8.221159794750378320e-05,8.859478025949624072e-05,9.500161512508276780e-05,1.013875809901692741e-04,1.077073465198851099e-04,1.139150471487651535e-04,1.199647990418233675e-04,1.258110059473886645e-04,1.314088927988363385e-04,1.367148259030820823e-04,1.416868475567562762e-04,1.462849888350211867e-04,1.504717835422012039e-04,1.542125505086284088e-04,1.574758637777684067e-04,1.602337807752472667e-04,1.624622461451629178e-04,1.641412436251996033e-04,1.652551134688230445e-04,1.657926093156805399e-04,1.657471135533035032e-04,1.651165857029902406e-04,1.639036660763352202e-04,1.621155088153609675e-04,1.597637713415998265e-04,1.568643326816295262e-04,1.534371739142318671e-04,1.495059901777938155e-04,1.450979749539023161e-04,1.402433415224362727e-04,1.349750308179998323e-04,1.293281644203695779e-04,1.233397012543378888e-04,1.170478488987128319e-04,1.104916980600884350e-04,1.037106216182419690e-04,9.674391726015715766e-05,8.963022402597728769e-05,8.240720261816044854e-05,7.511099728644483648e-05,6.777598025851287820e-05,6.043428281506579082e-05,5.311562535770102280e-05,4.584693589277960313e-05,3.865228092621954471e-05,3.155258282751548281e-05,2.456565957492760972e-05,1.770604516020348430e-05,1.098513876751443084e-05,4.411125058615715079e-06,-2.010773823924256408e-06,-8.278288084706612228e-06,-1.439175852921451683e-05,-2.035405240698949967e-05,-2.617015035259569802e-05,-3.184700875801466720e-05,-3.739309772277728434e-05,-4.281823349442080175e-05,-4.813309194248003876e-05,-5.334903584542606076e-05,-5.847762874728233641e-05,-6.353048124609513546e-05,-6.851878858345471788e-05,-7.345321764922933079e-05,-7.834348841362009995e-05,-8.319831932367137189e-05,-8.802506799400257071e-05,-9.282974736243455459e-05,-9.761673532427454184e-05,-1.023888679133967195e-04,-1.071472213039673755e-04,-1.118912819339851672e-04,-1.166187980768329188e-04,-1.213260208093543856e-04,-1.260076167438072307e-04,-1.306569686006889578e-04,-1.352661361981927679e-04,-1.398262015767955243e-04,-1.443272623452892395e-04,-1.487588041207089581e-04,-1.531097090392918392e-04,-1.573686378410172422e-04,-1.615240367839122543e-04,-1.655645129283222280e-04,-1.694788246695538153e-04,-1.732562363974777609e-04,-1.768864810399344348e-04,-1.803600838750059679e-04,-1.836682893917494460e-04,-1.868033481322265311e-04,-1.897584043206366989e-04,-1.925277436929939689e-04,-1.951066422389914927e-04,-1.974915766006858685e-04,-1.996800375153805988e-04,-2.016707071839433886e-04,-2.034632433415315496e-04,-2.050584298229984426e-04,-2.064579385102661708e-04,-2.076644601291773907e-04,-2.086814516806100451e-04,-2.095132544092913069e-04,-2.101648339249890835e-04,-2.106418915318116370e-04,-2.109506033990807868e-04,-2.110977303226736898e-04,-2.110903612803344926e-04,-2.109360253647603691e-04,-2.106424438598144156e-04,-2.102176461912590676e-04,-2.096697326997826833e-04,-2.090069930820249501e-04,-2.082376784857810457e-04,-2.073701156549407449e-04,-2.064124830491510007e-04,-2.053729104992279046e-04,-2.042592578131687735e-04,-2.030792008331623545e-04,-2.018400396750984443e-04,-2.005488149807751043e-04,-1.992122367726026529e-04,-1.978369371966759861e-04,-1.964296577814647398e-04,-1.949977123072143550e-04,-1.935494126509291872e-04,-1.920944350659558035e-04,-1.906438449283440304e-04,-1.892091866569773067e-04,-1.878005633520628455e-04,-1.864226660886162009e-04,-1.850697959834606216e-04,-1.837192973198388004e-04,-1.823274791236100944e-04,-1.808290825204892478e-04,-1.791487412559491588e-04,-1.772251804399843091e-04,-1.750567384946595073e-04,-1.727573452027949240e-04,-1.706172328375198230e-04,-1.691257619703673677e-04,-1.689242215394327245e-04,-1.706150891810691511e-04,-1.744108043832107884e-04,-1.796061410194155878e-04,-1.840372481603518733e-04,-1.837924828430406742e-04,-1.737983023012459850e-04,-1.500229338077830601e-04,-1.141907934955984407e-04,-8.082557457413243980e-05
0.000000000000000000e+00,0.000000000000000000e+00,0.000000000000000000e+00,0.000000000000000000e+00,0.000000000000000000e+00,0.000000000000000000e+00,0.000000000000000000e+00,0.000000000000000000e+00,0.000000000000000000e+00,0.000000000000000000e+00,0.000000000000000000e+00,0.000000000000000000e+00,0.000000000000000000e+00,0.000000000000000000e+00,0.000000000000000000e+00,0.000000000000000000e+00,0.000000000000000000e+00,0.000000000000000000e+00,0.000000000000000000e+00,0.000000000000000000e+00,0.000000000000000000e+00,0.000000000000000000e+00,0.000000000000000000e+00,0.000000000000000000e+00,0.000000000000000000e+00,0.000000000000000000e+00,0.000000000000000000e+00,0.000000000000000000e+00,0.000000000000000000e+00,0.000000000000000000e+00,0.000000000000000000e+00,0.000000000000000000e+00,0.000000000000000000e+00,0.000000000000000000e+00,0.000000000000000000e+00,0.000000000000000000e+00,0.000000000000000000e+00,0.000000000000000000e+00,0.000000000000000000e+00,0.000000000000000000e+00,0.000000000000000000e+00,0.000000000000000000e+00,0.000000000000000000e+00,0.000000000000000000e+00,0.000000000000000000e+00,0.000000000000000000e+00,0.000000000000000000e+00,0.000000000000000000e+00,0.000000000000000000e+00,0.000000000000000000e+00,0.000000000000000000e+00,0.000000000000000000e+00,0.000000000000000000e+00,0.000000000000000000e+00,0.000000000000000000e+00,0.000000000000000000e+00,0.000000000000000000e+00,0.000000000000000000e+00,0.000000000000000000e+00,0.000000000000000000e+00,0.000000000000000000e+00,0.000000000000000000e+00,0.000000000000000000e+00,0.000000000000000000e+00,0.000000000000000000e+00,0.000000000000000000e+00,0.000000000000000000e+00,0.000000000000000000e+00,0.000000000000000000e+00,0.000000000000000000e+00,0.000000000000000000e+00,0.000000000000000000e+00,0.000000000000000000e+00,0.000000000000000000e+00,0.000000000000000000e+00,0.000000000000000000e+00,0.000000000000000000e+00,0.000000000000000000e+00,0.000000000000000000e+00,0.000000000000000000e+00,0.000000000000000000e+00,0.000000000000000000e+00,0.000000000000000000e+00,0.000000000000000000e+00,0.000000000000000000e+00,0.000000000000000000e+00,0.000000000000000000e+00,0.000000000000000000e+00,0.000000000000000000e+00,0.000000000000000000e+00,0.000000000000000000e+00,0.000000000000000000e+00,0.000000000000000000e+00,0.000000000000000000e+00,0.000000000000000000e+00,0.000000000000000000e+00,0.000000000000000000e+00,0.000000000000000000e+00,0.000000000000000000e+00,0.000000000000000000e+00,0.000000000000000000e+00,0.000000000000000000e+00,0.000000000000000000e+00,0.000000000000000000e+00,0.000000000000000000e+00,0.000000000000000000e+00,0.000000000000000000e+00,0.000000000000000000e+00,0.000000000000000000e+00,0.000000000000000000e+00,0.000000000000000000e+00,0.000000000000000000e+00,0.000000000000000000e+00,0.000000000000000000e+00,0.000000000000000000e+00,0.000000000000000000e+00,0.000000000000000000e+00,0.000000000000000000e+00,0.000000000000000000e+00,0.000000000000000000e+00,0.000000000000000000e+00,0.000000000000000000e+00,0.000000000000000000e+00,0.000000000000000000e+00,0.000000000000000000e+00,0.000000000000000000e+00,0.000000000000000000e+00,0.000000000000000000e+00,0.000000000000000000e+00,0.000000000000000000e+00,0.000000000000000000e+00,0.000000000000000000e+00,0.000000000000000000e+00,0.000000000000000000e+00,0.000000000000000000e+00,0.000000000000000000e+00,0.000000000000000000e+00,2.261518319380650521e-04,2.975454034705777738e-04,3.352313543155703893e-04,3.701314906365678293e-04,3.797917027483614931e-04,3.772539610759035678e-04,3.658851786985717119e-04,3.429865973196125940e-04,3.138987683040183425e-04,2.794220329937544120e-04,2.404617195294251643e-04,1.990432685482803861e-04,1.561697314857719398e-04,1.131095458972044112e-04,7.102135637478262649e-05,3.058340212576453966e-05,-7.366945689065671914e-06,-4.222268124242535553e-05,-7.351324699453869887e-05,-1.008993106979586777e-04,-1.241682692910324199e-04,-1.432361400522294255e-04,-1.581036551230633966e-04,-1.688900344263545529e-04,-1.757839726648890554e-04,-1.790477776980562851e-04,-1.789956637903350792e-04,-1.759789647904041446e-04,-1.703790261532607260e-04,-1.625875736119445714e-04,-1.530049713135775706e-04,-1.420199931087745343e-04,-1.300110461606457260e-04,-1.173291286334033820e-04,-1.043006046881649924e-04,-9.121573239651679260e-05,-7.833161648554007263e-05,-6.586627268585432062e-05,-5.400163748488967833e-05,-4.288192175364924293e-05,-3.261688994141732640e-05,-2.328302463974182956e-05,-1.492707701263681528e-05,-7.568827704593127174e-06,-1.204719045659124862e-06,4.188723198754639331e-06,8.651467070951960283e-06,1.223658285237869395e-05,1.500729723993045735e-05,1.703406290172775471e-05,1.839224887351011755e-05,1.915986830029264642e-05,1.941594600319551385e-05,1.923892718435679577e-05,1.870566469944701175e-05,1.789041609017910298e-05,1.686432673836233851e-05,1.569486492330256122e-05,1.444565164789443637e-05,1.317617656501173030e-05,1.194183549007211337e-05,1.079379573648188773e-05,9.779133228909342321e-06,8.940755157719865222e-06,8.317566429461411751e-06,7.944397377595353017e-06,7.852164155743377781e-06,8.067781354696475368e-06,8.614306727111307958e-06,9.510839255139431206e-06,1.077265341601084266e-05,1.241109305573072724e-05,1.443370609733593916e-05,1.684414681473501792e-05,1.964232210892808480e-05,2.282431335921707762e-05,2.638254357933379624e-05,3.030572780533203879e-05,3.457906859716716042e-05,3.918424214716074452e-05,4.409962827895727415e-05,4.930033817924030676e-05,5.475848400252404690e-05,6.044325291639748480e-05,6.632122019706249226e-05,7.235647269847562751e-05,7.851096754523450238e-05,8.474470588675013473e-05,9.101613672997395214e-05,9.728237875267185266e-05,1.034996654000823300e-04,1.096236086373066142e-04,1.156096773051238486e-04,1.214134922655171924e-04,1.269913255680274434e-04,1.323004119777398090e-04,1.372994523293847105e-04,1.419489225556918102e-04,1.462115613221149420e-04,1.500526550063733785e-04,1.534404878823216140e-04,1.563465805019034337e-04,1.587460806933894443e-04,1.606179337341711699e-04,1.619451943964522593e-04,1.627151101943781616e-04,1.629193385576456802e-04,1.625539291063758608e-04,1.616194354824795302e-04,1.601207886842704849e-04,1.580672997005666536e-04,1.554724229404321389e-04,1.523536530667515929e-04,1.487321849085176408e-04,1.446327151821087187e-04,1.400830123755815644e-04,1.351136407669940084e-04,1.297574600100256611e-04,1.240492944272980711e-04,1.180253868650480624e-04,1.117230401584776183e-04,1.051800528197670260e-04,9.843436148906687007e-05,9.152348691189247638e-05,8.448420593192457499e-05,7.735203493578172594e-05,7.016095755802838579e-05,6.294296946230833168e-05,5.572788365616072588e-05,4.854295547170913431e-05,4.141278163401039417e-05,3.435901805836856276e-05,2.740038209547845526e-05,2.055246882138837014e-05,1.382785873496377676e-05,7.236031129239459176e-06,7.835724856420100346e-07,-5.525821220866316496e-06,-1.169104661586170585e-05,-1.771351575805433175e-05,-2.359678533262677866e-05,-2.934642342963845205e-05,-3.496958652471512491e-05,-4.047485227409551448e-05,-4.587176744668812364e-05,-5.117067038298219893e-05,-5.638223378056522218e-05,-6.151730026444496822e-05,-6.658644287601506542e-05,-7.159983525885682033e-05,-7.656684997272043347e-05,-8.149598126278202606e-05,-8.639449713703494795e-05,-9.126842787435718220e-05,-9.612228252961833831e-05,-1.009591106487751563e-04,-1.057802879673173843e-04,-1.105856527519763987e-04,-1.153733594608257238e-04,-1.201400852594938670e-04,-1.248809448589396345e-04,-1.295897575865149196e-04,-1.342590120127611910e-04,-1.388801799474595467e-04,-1.434437161980618367e-04,-1.479394033432212706e-04,-1.523563702784858542e-04,-1.566834507503010070e-04,-1.609092043091897247e-04,-1.650222723303901382e-04,-1.690113864962706960e-04,-1.728657081867261051e-04,-1.765748123510616158e-04,-1.801289993744519479e-04,-1.835192457769762610e-04,-1.867374814867955000e-04,-1.897765027496942862e-04,-1.926302117048026453e-04,-1.952934907181552943e-04,-1.977624048134694022e-04,-2.000340399703739102e-04,-2.021066719466374842e-04,-2.039795736128551516e-04,-2.056531558078897879e-04,-2.071287503466893499e-04,-2.084087296945367693e-04,-2.094962728965498009e-04,-2.103954710993371331e-04,-2.111110834179778122e-04,-2.116486348760507829e-04,-2.120141683913524095e-04,-2.122143408212029229e-04,-2.122561760937526391e-04,-2.121471640324105524e-04,-2.118950183814698792e-04,-2.115077820366463709e-04,-2.109935921696216648e-04,-2.103607940466485410e-04,-2.096177129249888419e-04,-2.087727759869673907e-04,-2.078342864001109323e-04,-2.068105491078725414e-04,-2.057096380014998755e-04,-2.045395210344689077e-04,-2.033078151924017378e-04,-2.020219226831814418e-04,-2.006887961521030390e-04,-1.993151456423498903e-04,-1.979072928045309885e-04,-1.964715692638423737e-04,-1.950143619407976997e-04,-1.935427776548611582e-04,-1.920647840046781096e-04,-1.905898269442100629e-04,-1.891283287379101532e-04,-1.876911337097250437e-04,-1.862867904018246910e-04,-1.849183097406094703e-04,-1.835772810560133228e-04,-1.822389772346524515e-04,-1.808574798711270538e-04,-1.793682650080807004e-04,-1.776984365767699664e-04,-1.757948741305475726e-04,-1.736655693799608348e-04,-1.714380835477628590e-04,-1.694092661531097549e-04,-1.680684075337688071e-04,-1.680331007038319061e-04,-1.698663440000467535e-04,-1.737158435093256060e-04,-1.788243260597229575e-04,-1.830014420359287396e-04,-1.824076143211809649e-04,-1.721335740908602589e-04,-1.484143375902215439e-04,-1.131200288256252240e-04,-8.052364378743956505e-05
0.000000000000000000e+00,0.000000000000000000e+00,0.000000000000000000e+00,0.000000000000000000e+00,0.000000000000000000e+00,0.000000000000000000e+00,0.000000000000000000e+00,0.000000000000000000e+00,0.000000000000000000e+00,0.000000000000000000e+00,0.000000000000000000e+00,0.000000000000000000e+00,0.000000000000000000e+00,0.000000000000000000e+00,0.000000000000000000e+00,0.000000000000000000e+00,0.000000000000000000e+00,0.000000000000000000e+00,0.000000000000000000e+00,0.000000000000000000e+00,0.000000000000000000e+00,0.000000000000000000e+00,0.000000000000000000e+00,0.000000000000000000e+00,0.000000000000000000e+00,0.000000000000000000e+00,0.000000000000000000e+00,0.000000000000000000e+00,0.000000000000000000e+00,0.000000000000000000e+00,0.000000000000000000e+00,0.000000000000000000e+00,0.000000000000000000e+00,0.000000000000000000e+00,0.000000000000000000e+00,0.000000000000000000e+00,0.000000000000000000e+00,0.000000000000000000e+00,0.000000000000000000e+00,0.000000000000000000e+00,0.000000000000000000e+00,0.000000000000000000e+00,0.000000000000000000e+00,0.000000000000000000e+00,0.000000000000000000e+00,0.000000000000000000e+00,0.000000000000000000e+00,0.000000000000000000e+00,0.000000000000000000e+00,0.000000000000000000e+00,0.000000000000000000e+00,0.000000000000000000e+00,0.000000000000000000e+00,0.000000000000000000e+00,0.000000000000000000e+00,0.000000000000000000e+00,0.000000000000000000e+00,0.000000000000000000e+00,0.000000000000000000e+00,0.000000000000000000e+00,0.000000000000000000e+00,0.000000000000000000e+00,0.000000000000000000e+00,0.000000000000000000e+00,0.000000000000000000e+00,0.000000000000000000e+00,0.000000000000000000e+00,0.000000000000000000e+00,0.000000000000000000e+00,0.000000000000000000e+00,0.000000000000000000e+00,0.000000000000000000e+00,0.000000000000000000e+00,0.000000000000000000e+00,0.000000000000000000e+00,0.000000000000000000e+00,0.000000000000000000e+00,0.000000000000000000e+00,0.000000000000000000e+00,0.000000000000000000e+00,0.000000000000000000e+00,0.000000000000000000e+00,0.000000000000000000e+00,0.000000000000000000e+00,0.000000000000000000e+00,0.000000000000000000e+00,0.000000000000000000e+00,0.000000000000000000e+00,0.000000000000000000e+00,0.000000000000000000e+00,0.000000000000000000e+00,0.000000000000000000e+00,0.000000000000000000e+00,0.000000000000000000e+00,0.000000000000000000e+00,0.000000000000000000e+00,0.000000000000000000e+00,0.000000000000000000e+00,0.000000000000000000e+00,0.000000000000000000e+00,0.000000000000000000e+00,0.000000000000000000e+00,0.000000000000000000e+00,0.000000000000000000e+00,0.000000000000000000e+00,0.000000000000000000e+00,0.000000000000000000e+00,0.000000000000000000e+00,0.000000000000000000e+00,0.000000000000000000e+00,0.000000000000000000e+00,0.000000000000000000e+00,0.000000000000000000e+00,0.000000000000000000e+00,0.000000000000000000e+00,0.000000000000000000e+00,0.000000000000000000e+00,0.000000000000000000e+00,0.000000000000000000e+00,0.000000000000000000e+00,0.000000000000000000e+00,0.000000000000000000e+00,0.000000000000000000e+00,0.000000000000000000e+00,0.000000000000000000e+00,0.000000000000000000e+00,0.000000000000000000e+00,0.000000000000000000e+00,0.000000000000000000e+00,0.000000000000000000e+00,0.000000000000000000e+00,0.000000000000000000e+00,0.000000000000000000e+00,0.000000000000000000e+00,0.000000000000000000e+00,2.244317231032086379e-04,2.869860182590936522e-04,3.306456426667357088e-04,3.592795154759003545e-04,3.744574645792802885e-04,3.749963569440256596e-04,3.681689424784531802e-04,3.495099688423114080e-04,3.223241065606938347e-04,2.901863403430282855e-04,2.529334024858931372e-04,2.127827211874036431e-04,1.708630450041878157e-04,1.281916905818801663e-04,8.607996548625367658e-05,4.537458498027597371e-05,6.840106117027576017e-06,-2.882636808540674014e-05,-6.117133518274825692e-05,-8.977615248540031262e-05,-1.143918408259142076e-04,-1.348804420188564224e-04,-1.512168451021905899e-04,-1.634660363381330200e-04,-1.717882804559583997e-04,-1.764073949224086927e-04,-1.776149291523279779e-04,-1.757424456825540393e-04,-1.711547258447391800e-04,-1.642361069251341158e-04,-1.553774083056019481e-04,-1.449698426424219310e-04,-1.333908267763605040e-04,-1.210017551516560122e-04,-1.081356944176539882e-04,-9.509795644823098703e-05,-8.215751384015736018e-05,-6.954924903085261490e-05,-5.746943792794105012e-05,-4.607881521989818724e-05,-3.550150971752158603e-05,-2.582859480216281574e-05,-1.711941035542991022e-05,-9.405372958025364543e-06,-2.692641123934712345e-06,3.034069716980216741e-06,7.808310770883226829e-06,1.167836108394073960e-05,1.470415219407767862e-05,1.695424487325922328e-05,1.850323941813055635e-05,1.942940079652179832e-05,1.981272604651393543e-05,1.973323535424968195e-05,1.926970578817354578e-05,1.849855592604827305e-05,1.749315022505615303e-05,1.632314894403281673e-05,1.505423581909300276e-05,1.374778653877264565e-05,1.246086692928157428e-05,1.124608679989574228e-05,1.015174102924947090e-05,9.221747501425656490e-06,8.495841636617601248e-06,8.009534197582899692e-06,7.794308140422718940e-06,7.877565377374135143e-06,8.282805757382128060e-06,9.029556229815089062e-06,1.013353186815860483e-05,1.160655469987729581e-05,1.345670631997092507e-05,1.568824865373374841e-05,1.830177992521609480e-05,2.129416931153465772e-05,2.465872663707820218e-05,2.838516066205899453e-05,3.245977072318708952e-05,3.686543629663225231e-05,4.158183717033267778e-05,4.658548043921959886e-05,5.184995465024520541e-05,5.734599917737226356e-05,6.304179661792832861e-05,6.890308802616615033e-05,7.489350621452438913e-05,8.097473826347101420e-05,8.710690006256857328e-05,9.324874473331933738e-05,9.935807568238362510e-05,1.053919960804684949e-04,1.113073539754687926e-04,1.170610239343646317e-04,1.226103736460202589e-04,1.279135646094026950e-04,1.329300255923140104e-04,1.376207553725592348e-04,1.419487849940106615e-04,1.458794626411233993e-04,1.493808844314228022e-04,1.524241400501189793e-04,1.549836912914493261e-04,1.570375574595134270e-04,1.585676222464129260e-04,1.595597402127772843e-04,1.600039558547745422e-04,1.598945165866340085e-04,1.592299927481482982e-04,1.580131880766209342e-04,1.562511555405729263e-04,1.539550028360701906e-04,1.511398057683776164e-04,1.478243132929952651e-04,1.440307671410015087e-04,1.397845177663006476e-04,1.351137654459391550e-04,1.300491046334395278e-04,1.246232073208066295e-04,1.188703182145281110e-04,1.128259052525700803e-04,1.065261312983575110e-04,1.000074990008595739e-04,9.330632605830187665e-05,8.645841189163601045e-05,7.949854284338751342e-05,7.246020638809733453e-05,6.537514997491931414e-05,5.827316488329547590e-05,5.118171804414249946e-05,4.412582249237406257e-05,3.712775580569049975e-05,3.020702786459654590e-05,2.338019301881153557e-05,1.666091905754719514e-05,1.005989338537413367e-05,3.584990262939095708e-06,-2.758735340976437376e-06,-8.968791557725586396e-06,-1.504518036054446968e-05,-2.099006723448139375e-05,-2.680765364389054554e-05,-3.250379163585217764e-05,-3.808581865023148580e-05,-4.356213888646760779e-05,-4.894204297235270665e-05,-5.423527901762397211e-05,-5.945187985802993027e-05,-6.460174610505160211e-05,-6.969450218693664821e-05,-7.473911144581088983e-05,-7.974377914568660708e-05,-8.471561595934218433e-05,-8.966060176031440815e-05,-9.458330900909692803e-05,-9.948693586179591184e-05,-1.043730954209754814e-04,-1.092419209458503891e-04,-1.140919211759346472e-04,-1.189201547173748911e-04,-1.237221461884967656e-04,-1.284921217051007117e-04,-1.332229759149989115e-04,-1.379065563530894702e-04,-1.425336679495401056e-04,-1.470943912168622212e-04,-1.515781087902470521e-04,-1.559738411473060018e-04,-1.602702792847422600e-04,-1.644561219750783384e-04,-1.685200997325246130e-04,-1.724512993259342706e-04,-1.762391665110610338e-04,-1.798738063521480206e-04,-1.833459554346488917e-04,-1.866472500859459743e-04,-1.897701625105514508e-04,-1.927082327954698709e-04,-1.954559671630123885e-04,-1.980090332751000091e-04,-2.003641221790788333e-04,-2.025191095119875759e-04,-2.044728854155600738e-04,-2.062254865359923874e-04,-2.077779000223752308e-04,-2.091321726004626523e-04,-2.102911956896123379e-04,-2.112587983103471649e-04,-2.120395204413157424e-04,-2.126386962321702976e-04,-2.130622221475242536e-04,-2.133166361140838134e-04,-2.134088860394509567e-04,-2.133464093887211654e-04,-2.131369065961350514e-04,-2.127884243705468375e-04,-2.123091374988475837e-04,-2.117074378959328367e-04,-2.109917271443179023e-04,-2.101705114377790378e-04,-2.092522052252500375e-04,-2.082452289131704517e-04,-2.071578207393361625e-04,-2.059981297231132619e-04,-2.047740306834576886e-04,-2.034932044915815301e-04,-2.021629590136038337e-04,-2.007903047855422434e-04,-1.993818175293621806e-04,-1.979437614685360244e-04,-1.964820869448183360e-04,-1.950026992692923734e-04,-1.935117000353200466e-04,-1.920158211637399488e-04,-1.905228076686970760e-04,-1.890416147720472425e-04,-1.875822094838074377e-04,-1.861543393811334734e-04,-1.847653326748045441e-04,-1.834159961129849348e-04,-1.820958886329679209e-04,-1.807776135862539026e-04,-1.794143221374993203e-04,-1.779414604810919875e-04,-1.762906042353328917e-04,-1.744152624426284503e-04,-1.723354762295814546e-04,-1.701889991510550416e-04,-1.682818745646329499e-04,-1.670971711207202171e-04,-1.672329465339229511e-04,-1.692046714369246430e-04,-1.731046816928193957e-04,-1.781144809630296258e-04,-1.820338712339705843e-04,-1.810795611672822174e-04,-1.705260855473949330e-04,-1.468409833506153150e-04,-1.120663144393903586e-04,-8.018930362951682070e-05
0.000000000000000000e+00,0.000000000000000000e+00,0.000000000000000000e+00,0.000000000000000000e+00,0.000000000000000000e+00,0.000000000000000000e+00,0.000000000000000000e+00,0.000000000000000000e+00,0.000000000000000000e+00,0.000000000000000000e+00,0.000000000000000000e+00,0.000000000000000000e+00,0.000000000000000000e+00,0.000000000000000000e+00,0.000000000000000000e+00,0.000000000000000000e+00,0.000000000000000000e+00,0.000000000000000000e+00,0.000000000000000000e+00,0.000000000000000000e+00,0.000000000000000000e+00,0.000000000000000000e+00,0.000000000000000000e+00,0.000000000000000000e+00,0.000000000000000000e+00,0.000000000000000000e+00,0.000000000000000000e+00,0.000000000000000000e+00,0.000000000000000000e+00,0.000000000000000000e+00,0.000000000000000000e+00,0.000000000000000000e+00,0.000000000000000000e+00,0.000000000000000000e+00,0.000000000000000000e+00,0.000000000000000000e+00,0.000000000000000000e+00,0.000000000000000000e+00,0.000000000000000000e+00,0.000000000000000000e+00,0.000000000000000000e+00,0.000000000000000000e+00,0.000000000000000000e+00,0.000000000000000000e+00,0.000000000000000000e+00,0.000000000000000000e+00,0.000000000000000000e+00,0.000000000000000000e+00,0.000000000000000000e+00,0.000000000000000000e+00,0.000000000000000000e+00,0.000000000000000000e+00,0.000000000000000000e+00,0.000000000000000000e+00,0.000000000000000000e+00,0.000000000000000000e+00,0.000000000000000000e+00,0.000000000000000000e+00,0.000000000000000000e+00,0.000000000000000000e+00,0.000000000000000000e+00,0.000000000000000000e+00,0.000000000000000000e+00,0.000000000000000000e+00,0.000000000000000000e+00,0.000000000000000000e+00,0.000000000000000000e+00,0.000000000000000000e+00,0.000000000000000000e+00,0.000000000000000000e+00,0.000000000000000000e+00,0.000000000000000000e+00,0.000000000000000000e+00,0.000000000000000000e+00,0.000000000000000000e+00,0.000000000000000000e+00,0.000000000000000000e+00,0.000000000000000000e+00,0.000000000000000000e+00,0.000000000000000000e+00,0.000000000000000000e+00,0.000000000000000000e+00,0.000000000000000000e+00,0.000000000000000000e+00,0.000000000000000000e+00,0.000000000000000000e+00,0.000000000000000000e+00,0.000000000000000000e+00,0.000000000000000000e+00,0.000000000000000000e+00,0.000000000000000000e+00,0.000000000000000000e+00,0.000000000000000000e+00,0.000000000000000000e+00,0.000000000000000000e+00,0.000000000000000000e+00,0.000000000000000000e+00,0.000000000000000000e+00,0.000000000000000000e+00,0.000000000000000000e+00,0.000000000000000000e+00,0.000000000000000000e+00,0.000000000000000000e+00,0.000000000000000000e+00,0.000000000000000000e+00,0.000000000000000000e+00,0.000000000000000000e+00,0.000000000000000000e+00,0.000000000000000000e+00,0.000000000000000000e+00,0.000000000000000000e+00,0.000000000000000000e+00,0.000000000000000000e+00,0.000000000000000000e+00,0.000000000000000000e+00,0.000000000000000000e+00,0.000000000000000000e+00,0.000000000000000000e+00,0.000000000000000000e+00,0.000000000000000000e+00,0.000000000000000000e+00,0.000000000000000000e+00,0.000000000000000000e+00,0.000000000000000000e+00,0.000000000000000000e+00,0.000000000000000000e+00,0.000000000000000000e+00,0.000000000000000000e+00,0.000000000000000000e+00,0.000000000000000000e+00,0.000000000000000000e+00,0.000000000000000000e+00,0.000000000000000000e+00,1.966981264331330395e-04,2.741465483418652552e-04,3.159821238356797456e-04,3.447425300071483450e-04,3.728969806748997956e-04,3.753274891454585734e-04,3.690794784281583858e-04,3.540714610412975518e-04,3.299161519149606766e-04,3.002364436848331260e-04,2.647535266843991687e-04,2.256591480113802404e-04,1.847991631480047940e-04,1.427564012426008717e-04,1.008424467540720176e-04,5.998138035781830786e-05,2.098276399824541862e-05,-1.541157439663279528e-05,-4.867311468449163255e-05,-7.839636267774111023e-05,-1.042593560582938709e-04,-1.261010685149220524e-04,-1.438396284044330526e-04,-1.575118152523969392e-04,-1.672344944228327450e-04,-1.732058737871639681e-04,-1.756824707497749388e-04,-1.749769232548393876e-04,-1.714347244251958411e-04,-1.654290241828787673e-04,-1.573439503484081240e-04,-1.475660892236619226e-04,-1.364755702590643319e-04,-1.244361331628156394e-04,-1.117909664601885968e-04,-9.885391349455084652e-05,-8.590860744962374200e-05,-7.320238292972942418e-05,-6.094778375380975431e-05,-4.931954704600377179e-05,-3.845749397442793226e-05,-2.846621424709906727e-05,-1.941864960415495519e-05,-1.135774304644229031e-05,-4.300269803025858201e-06,1.760387691849931962e-06,6.850501472114908634e-06,1.101281911159539917e-05,1.430319960629645070e-05,1.678756737484584331e-05,1.853913395823200214e-05,1.963582314262564266e-05,2.015818386102594820e-05,2.018743474362596452e-05,1.980406227951229898e-05,1.908648478909280084e-05,1.811024628495579581e-05,1.694720544364387006e-05,1.566518815896173898e-05,1.432756227493621111e-05,1.299319950491029049e-05,1.171629325227018364e-05,1.054649716470026928e-05,9.528867861420085709e-06,8.704080419799724075e-06,8.108414214952599773e-06,7.773982473724051252e-06,7.728715568509561410e-06,7.996574185504870254e-06,8.597513415093500913e-06,9.547672691394129741e-06,1.085932287885180400e-05,1.254103965030322712e-05,1.459764469564969696e-05,1.703037416839138081e-05,1.983682686583003883e-05,2.301113908224902758e-05,2.654395076365309935e-05,3.042259588579312280e-05,3.463109505567054335e-05,3.915036847598138561e-05,4.395826154981955766e-05,4.902978614203700109e-05,5.433718442520612987e-05,5.985020307171403080e-05,6.553619925464803644e-05,7.136045100281513927e-05,7.728630742744132425e-05,8.327553640047649067e-05,8.928851853165124071e-05,9.528463053285022048e-05,1.012224792635986161e-04,1.070603157334486716e-04,1.127563018178138945e-04,1.182689460404814404e-04,1.235573916114152755e-04,1.285818612533402188e-04,1.333039514264854823e-04,1.376870700059890681e-04,1.416967184660053241e-04,1.453009037190265685e-04,1.484703881828346650e-04,1.511790560628621270e-04,1.534041110393350317e-04,1.551263780438414622e-04,1.563304299931187640e-04,1.570048087482028506e-04,1.571420658325458296e-04,1.567388905994434385e-04,1.557960549140508292e-04,1.543184422063853013e-04,1.523148922151025455e-04,1.497981310565662659e-04,1.467845187787388352e-04,1.432938872634783581e-04,1.393491999531287447e-04,1.349763107710401713e-04,1.302035514099142703e-04,1.250614299829410313e-04,1.195821662302984145e-04,1.137993528496294916e-04,1.077474624745065771e-04,1.014614972380006213e-04,9.497649311643779945e-05,8.832718402958131092e-05,8.154752898242712661e-05,7.467041583395040501e-05,6.772723462323667547e-05,6.074764314464410153e-05,5.375920609464332966e-05,4.678724004308057780e-05,3.985453289841350865e-05,3.298128014049055915e-05,2.618489303043852349e-05,1.948003154159635758e-05,1.287850321686533420e-05,6.389391621542090252e-06,1.904128961036997745e-08,-6.228725782486132434e-06,-1.235254958374829334e-05,-1.835324058389533017e-05,-2.423365903821483256e-05,-2.999836592722480717e-05,-3.565346128747483729e-05,-4.120619808038617767e-05,-4.666480092105801018e-05,-5.203806480657012295e-05,-5.733517619716901642e-05,-6.256531832567701051e-05,-6.773751552095589896e-05,-7.286026500927517537e-05,-7.794142276779289209e-05,-8.298787847171420541e-05,-8.800549725168121853e-05,-9.299885002338172601e-05,-9.797122062520353220e-05,-1.029243985745301030e-04,-1.078587556140431198e-04,-1.127731024204618678e-04,-1.176648330586319686e-04,-1.225298418251448494e-04,-1.273627289939017885e-04,-1.321567692642067779e-04,-1.369041679288621703e-04,-1.415960687345643092e-04,-1.462228465565561621e-04,-1.507741401639175311e-04,-1.552391658774609053e-04,-1.596067598963309348e-04,-1.638656973163199655e-04,-1.680047293055580016e-04,-1.720128931616055263e-04,-1.758795315436206027e-04,-1.795945816972319565e-04,-1.831485668530706426e-04,-1.865328559907735112e-04,-1.897396209909576244e-04,-1.927620619322363798e-04,-1.955943272151671234e-04,-1.982317029550519354e-04,-2.006704966869435965e-04,-2.029081925722870717e-04,-2.049433021055095195e-04,-2.067754893303263653e-04,-2.084053939982557547e-04,-2.098347326189975556e-04,-2.110661006833693717e-04,-2.121030561411759894e-04,-2.129499076140148252e-04,-2.136117868869495326e-04,-2.140944296372935835e-04,-2.144042429195743915e-04,-2.145480840318544523e-04,-2.145333280049683882e-04,-2.143676490664497868e-04,-2.140590920799355595e-04,-2.136158598745486873e-04,-2.130463916121246655e-04,-2.123591580832841111e-04,-2.115627490359877944e-04,-2.106656770958058452e-04,-2.096764746664955923e-04,-2.086035046544999056e-04,-2.074550650070561871e-04,-2.062392005948614833e-04,-2.049638106424862794e-04,-2.036364536123345568e-04,-2.022644554690662308e-04,-2.008547072637864757e-04,-1.994137928301440213e-04,-1.979478099171311581e-04,-1.964625832726610494e-04,-1.949635888034215571e-04,-1.934563598013109501e-04,-1.919465846506143746e-04,-1.904407232660086072e-04,-1.889461036631593586e-04,-1.874713451723042672e-04,-1.860256513655897024e-04,-1.846179241508449182e-04,-1.832538372445250135e-04,-1.819324850872152614e-04,-1.806408850407344440e-04,-1.793499523773999047e-04,-1.780113276525889532e-04,-1.765620817140191583e-04,-1.749372687494941308e-04,-1.730991752595239250e-04,-1.710775071626669810e-04,-1.690223792619236333e-04,-1.672440690089533504e-04,-1.662219834798693812e-04,-1.665271472322447878e-04,-1.686332807529113261e-04,-1.725690922921637057e-04,-1.774682110208231729e-04,-1.811113869068567265e-04,-1.797930721059625087e-04,-1.689526311589176829e-04,-1.453133715186361637e-04,-1.110488207000648038e-04,-7.989910581489170858e-05
0.000000000000000000e+00,0.000000000000000000e+00,0.000000000000000000e+00,0.000000000000000000e+00,0.000000000000000000e+00,0.000000000000000000e+00,0.000000000000000000e+00,0.000000000000000000e+00,0.000000000000000000e+00,0.000000000000000000e+00,0.000000000000000000e+00,0.000000000000000000e+00,0.000000000000000000e+00,0.000000000000000000e+00,0.000000000000000000e+00,0.000000000000000000e+00,0.000000000000000000e+00,0.000000000000000000e+00,0.000000000000000000e+00,0.000000000000000000e+00,0.000000000000000000e+00,0.000000000000000000e+00,0.000000000000000000e+00,0.000000000000000000e+00,0.000000000000000000e+00,0.000000000000000000e+00,0.000000000000000000e+00,0.000000000000000000e+00,0.000000000000000000e+00,0.000000000000000000e+00,0.000000000000000000e+00,0.000000000000000000e+00,0.000000000000000000e+00,0.000000000000000000e+00,0.000000000000000000e+00,0.000000000000000000e+00,0.000000000000000000e+00,0.000000000000000000e+00,0.000000000000000000e+00,0.000000000000000000e+00,0.000000000000000000e+00,0.000000000000000000e+00,0.000000000000000000e+00,0.000000000000000000e+00,0.000000000000000000e+00,0.000000000000000000e+00,0.000000000000000000e+00,0.000000000000000000e+00,0.000000000000000000e+00,0.000000000000000000e+00,0.000000000000000000e+00,0.000000000000000000e+00,0.000000000000000000e+00,0.000000000000000000e+00,0.000000000000000000e+00,0.000000000000000000e+00,0.000000000000000000e+00,0.000000000000000000e+00,0.000000000000000000e+00,0.000000000000000000e+00,0.000000000000000000e+00,0.000000000000000000e+00,0.000000000000000000e+00,0.000000000000000000e+00,0.000000000000000000e+00,0.000000000000000000e+00,0.000000000000000000e+00,0.000000000000000000e+00,0.000000000000000000e+00,0.000000000000000000e+00,0.000000000000000000e+00,0.000000000000000000e+00,0.000000000000000000e+00,0.000000000000000000e+00,0.000000000000000000e+00,0.000000000000000000e+00,0.000000000000000000e+00,0.000000000000000000e+00,0.000000000000000000e+00,0.000000000000000000e+00,0.000000000000000000e+00,0.000000000000000000e+00,0.000000000000000000e+00,0.000000000000000000e+00,0.000000000000000000e+00,0.000000000000000000e+00,0.000000000000000000e+00,0.000000000000000000e+00,0.000000000000000000e+00,0.000000000000000000e+00,0.000000000000000000e+00,0.000000000000000000e+00,0.000000000000000000e+00,0.000000000000000000e+00,0.000000000000000000e+00,0.000000000000000000e+00,0.000000000000000000e+00,0.000000000000000000e+00,0.000000000000000000e+00,0.000000000000000000e+00,0.000000000000000000e+00,0.000000000000000000e+00,0.000000000000000000e+00,0.000000000000000000e+00,0.000000000000000000e+00,0.000000000000000000e+00,0.000000000000000000e+00,0.000000000000000000e+00,0.000000000000000000e+00,0.000000000000000000e+00,0.000000000000000000e+00,0.000000000000000000e+00,0.000000000000000000e+00,0.000000000000000000e+00,0.000000000000000000e+00,0.000000000000000000e+00,0.000000000000000000e+00,0.000000000000000000e+00,0.000000000000000000e+00,0.000000000000000000e+00,0.000000000000000000e+00,0.000000000000000000e+00,0.000000000000000000e+00,0.000000000000000000e+00,0.000000000000000000e+00,0.000000000000000000e+00,0.000000000000000000e+00,0.000000000000000000e+00,0.000000000000000000e+00,0.000000000000000000e+00,0.000000000000000000e+00,0.000000000000000000e+00,2.193706463227697539e-04,2.894406873466313468e-04,3.268079113629197862e-04,3.611424618230789710e-04,3.710713501529222264e-04,3.690710907395103649e-04,3.583996743107050061e-04,3.365805851071306128e-04,3.087263329883146545e-04,2.756208296085993948e-04,2.381296489409258268e-04,1.981955400601218085e-04,1.567859156952693903e-04,1.151211455265290981e-04,7.430451053677867733e-05,3.499664485555805266e-05,-1.999854835286955142e-06,-3.609074031524212831e-05,-6.681913015624161786e-05,-9.384339938133284440e-05,-1.169473519154712549e-04,-1.360291704869984284e-04,-1.510706034926443146e-04,-1.621632589255646360e-04,-1.694660400873240649e-04,-1.732126464593941617e-04,-1.736865283063881017e-04,-1.712167321470141530e-04,-1.661592412358648947e-04,-1.588903320990191475e-04,-1.497911836471994742e-04,-1.392409365996668570e-04,-1.276067606662852744e-04,-1.152367734784395066e-04,-1.024549024926770045e-04,-8.955468929470263191e-05,-7.679767006298945898e-05,-6.440925247928467104e-05,-5.257972939727042599e-05,-4.146256511214520659e-05,-3.117711845311097737e-05,-2.180901479162451981e-05,-1.341376690421432604e-05,-6.018653183982175966e-06,3.733497522269048717e-07,5.780848092370707523e-06,1.024020387809795227e-05,1.380258084078287502e-05,1.653051907335402801e-05,1.849520317766668561e-05,1.977363267424866222e-05,2.044639712222496683e-05,2.059552814239782196e-05,2.030289835926906819e-05,1.964873550422023413e-05,1.871062833015060343e-05,1.756260581944543708e-05,1.627464906977399585e-05,1.491219812261132813e-05,1.353603124931366206e-05,1.220205479948585097e-05,1.096141098262777086e-05,9.860424824350194671e-06,8.940826159225033506e-06,8.239760935976401702e-06,7.790048458409068821e-06,7.620200137177409651e-06,7.754667640700741024e-06,8.213843011000545794e-06,9.014281042123716657e-06,1.016867684889918860e-05,1.168606396017197346e-05,1.357177803776471921e-05,1.582764101937826683e-05,1.845192410055183441e-05,2.143953012341435623e-05,2.478196817399519735e-05,2.846754465824180395e-05,3.248135915977330907e-05,3.680551213489586311e-05,4.141912918654386565e-05,4.629859145795558599e-05,5.141759383404354927e-05,5.674740293829945675e-05,6.225695353398527242e-05,6.791313786075731356e-05,7.368094297213471553e-05,7.952377340885433870e-05,8.540362996170783468e-05,9.128146516137157496e-05,9.711740098910715186e-05,1.028711134859387841e-04,1.085020834447531136e-04,1.139700028556382873e-04,1.192350488663216127e-04,1.242583010937753753e-04,1.290020254780804973e-04,1.334300880640709296e-04,1.375082322232168647e-04,1.412044718265392091e-04,1.444893431472265947e-04,1.473362588980707338e-04,1.497217154255624184e-04,1.516255892618975090e-04,1.530312812778511955e-04,1.539259393883920125e-04,1.543005242074096137e-04,1.541499452720274999e-04,1.534730372220455405e-04,1.522726020556141658e-04,1.505552905351967828e-04,1.483315490564033972e-04,1.456154073117230400e-04,1.424243347879268907e-04,1.387789421300726785e-04,1.347027585014365716e-04,1.302218600350748396e-04,1.253645847939110645e-04,1.201611066968577058e-04,1.146431091652573933e-04,1.088433265861833775e-04,1.027952005884727059e-04,9.653241317322026362e-05,9.008855070778926197e-05,8.349665314847911019e-05,7.678891018343076487e-05,6.999624947596299847e-05,6.314808697601788552e-05,5.627197394880301948e-05,4.939341950681284569e-05,4.253561162016624125e-05,3.571932472653887268e-05,2.896272431846510159e-05,2.228136648304425863e-05,1.568808949012871637e-05,9.193105770508525214e-06,2.803977665247421652e-06,-3.474203833431459898e-06,-9.638767892584249381e-06,-1.568920959235986759e-05,-2.162707708437947615e-05,-2.745565767466901454e-05,-3.317982103908228431e-05,-3.880566475114858216e-05,-4.434033376194968364e-05,-4.979164627761485055e-05,-5.516791065724469678e-05,-6.047755273028795518e-05,-6.572895061795593964e-05,-7.093008319575787313e-05,-7.608840117378148503e-05,-8.121051358489603678e-05,-8.630210996144507514e-05,-9.136769771897285607e-05,-9.641058574559428773e-05,-1.014326806921199935e-04,-1.064345371398865833e-04,-1.114152155379306191e-04,-1.163723987754355682e-04,-1.213023092870610078e-04,-1.261998868009683676e-04,-1.310587574239290281e-04,-1.358714630060022996e-04,-1.406294712185255150e-04,-1.453234437372786830e-04,-1.499432737526554022e-04,-1.544783782664458835e-04,-1.589177482997290486e-04,-1.632502501271224213e-04,-1.674646736979793556e-04,-1.715500285360507696e-04,-1.754955774303518646e-04,-1.792911148152249697e-04,-1.829269753456984966e-04,-1.863942855174168293e-04,-1.896849399727338671e-04,-1.927918205331277896e-04,-1.957087365729526457e-04,-1.984306091207772100e-04,-2.009533750032625179e-04,-2.032741368506863335e-04,-2.053910336202788148e-04,-2.073033599362895853e-04,-2.090114078101248300e-04,-2.105165605733204848e-04,-2.118211120089136224e-04,-2.129283411282957550e-04,-2.138423155091247164e-04,-2.145679533750792479e-04,-2.151108177944939537e-04,-2.154771720732817002e-04,-2.156737707808935854e-04,-2.157079135650587123e-04,-2.155872379491074878e-04,-2.153197755449167013e-04,-2.149137504665089577e-04,-2.143776407678129659e-04,-2.137199853277315612e-04,-2.129494522886122806e-04,-2.120746564098072628e-04,-2.111042351472875367e-04,-2.100466774046810153e-04,-2.089104060839560705e-04,-2.077036172418063862e-04,-2.064343648619209454e-04,-2.051104066838723621e-04,-2.037392837433670814e-04,-2.023281689191175087e-04,-2.008839364355888561e-04,-1.994130208588421700e-04,-1.979214917853678452e-04,-1.964149660573420394e-04,-1.948987450414693451e-04,-1.933778708924620976e-04,-1.918574090595019860e-04,-1.903427212451181826e-04,-1.888398551357661792e-04,-1.873558533636692500e-04,-1.858987693904350850e-04,-1.844772396709906843e-04,-1.830989709129607075e-04,-1.817683343396487249e-04,-1.804822667666486856e-04,-1.792259509098347665e-04,-1.779681191625518430e-04,-1.766601918244016382e-04,-1.752401831357338550e-04,-1.736485137438921423e-04,-1.718547449138962035e-04,-1.699003877829514844e-04,-1.679445068147228696e-04,-1.663038861106999220e-04,-1.654483594831914568e-04,-1.659258515397409365e-04,-1.681608554955580910e-04,-1.721274911978632545e-04,-1.769030245194016561e-04,-1.802649078096565157e-04,-1.785702516552219903e-04,-1.674413380673135080e-04,-1.438246523838538585e-04,-1.100502576994082045e-04,-7.957906086536251902e-05
0.000000000000000000e+00,0.000000000000000000e+00,0.000000000000000000e+00,0.000000000000000000e+00,0.000000000000000000e+00,0.000000000000000000e+00,0.000000000000000000e+00,0.000000000000000000e+00,0.000000000000000000e+00,0.000000000000000000e+00,0.000000000000000000e+00,0.000000000000000000e+00,0.000000000000000000e+00,0.000000000000000000e+00,0.000000000000000000e+00,0.000000000000000000e+00,0.000000000000000000e+00,0.000000000000000000e+00,0.000000000000000000e+00,0.000000000000000000e+00,0.000000000000000000e+00,0.000000000000000000e+00,0.000000000000000000e+00,0.000000000000000000e+00,0.000000000000000000e+00,0.000000000000000000e+00,0.000000000000000000e+00,0.000000000000000000e+00,0.000000000000000000e+00,0.000000000000000000e+00,0.000000000000000000e+00,0.000000000000000000e+00,0.000000000000000000e+00,0.000000000000000000e+00,0.000000000000000000e+00,0.000000000000000000e+00,0.000000000000000000e+00,0.000000000000000000e+00,0.000000000000000000e+00,0.000000000000000000e+00,0.000000000000000000e+00,0.000000000000000000e+00,0.000000000000000000e+00,0.000000000000000000e+00,0.000000000000000000e+00,0.000000000000000000e+00,0.000000000000000000e+00,0.000000000000000000e+00,0.000000000000000000e+00,0.000000000000000000e+00,0.000000000000000000e+00,0.000000000000000000e+00,0.000000000000000000e+00,0.000000000000000000e+00,0.000000000000000000e+00,0.000000000000000000e+00,0.000000000000000000e+00,0.000000000000000000e+00,0.000000000000000000e+00,0.000000000000000000e+00,0.000000000000000000e+00,0.000000000000000000e+00,0.000000000000000000e+00,0.000000000000000000e+00,0.000000000000000000e+00,0.000000000000000000e+00,0.000000000000000000e+00,0.000000000000000000e+00,0.000000000000000000e+00,0.000000000000000000e+00,0.000000000000000000e+00,0.000000000000000000e+00,0.000000000000000000e+00,0.000000000000000000e+00,0.000000000000000000e+00,0.000000000000000000e+00,0.000000000000000000e+00,0.000000000000000000e+00,0.000000000000000000e+00,0.000000000000000000e+00,0.000000000000000000e+00,0.000000000000000000e+00,0.000000000000000000e+00,0.000000000000000000e+00,0.000000000000000000e+00,0.000000000000000000e+00,0.000000000000000000e+00,0.000000000000000000e+00,0.000000000000000000e+00,0.000000000000000000e+00,0.000000000000000000e+00,0.000000000000000000e+00,0.000000000000000000e+00,0.000000000000000000e+00,0.000000000000000000e+00,0.000000000000000000e+00,0.000000000000000000e+00,0.000000000000000000e+00,0.000000000000000000e+00,0.000000000000000000e+00,0.000000000000000000e+00,0.000000000000000000e+00,0.000000000000000000e+00,0.000000000000000000e+00,0.000000000000000000e+00,0.000000000000000000e+00,0.000000000000000000e+00,0.000000000000000000e+00,0.000000000000000000e+00,0.000000000000000000e+00,0.000000000000000000e+00,0.000000000000000000e+00,0.000000000000000000e+00,0.000000000000000000e+00,0.000000000000000000e+00,0.000000000000000000e+00,0.000000000000000000e+00,0.000000000000000000e+00,0.000000000000000000e+00,0.000000000000000000e+00,0.000000000000000000e+00,0.000000000000000000e+00,0.000000000000000000e+00,0.000000000000000000e+00,0.000000000000000000e+00,0.000000000000000000e+00,0.000000000000000000e+00,0.000000000000000000e+00,0.000000000000000000e+00,0.000000000000000000e+00,2.177203675406298440e-04,2.794577700130813913e-04,3.225512882962514234e-04,3.507015444574357083e-04,3.657801352790830316e-04,3.666747045643606231e-04,3.603265518360870313e-04,3.425027571342574247e-04,3.164022815914236514e-04,2.854708372574284972e-04,2.495790370824292940e-04,2.108453204876933006e-04,1.703547028898309498e-04,1.290844966734654706e-04,8.829189982441369613e-05,4.878895160605984874e-05,1.131227268355475851e-05,-2.346837945367697198e-05,-5.510842657825856485e-05,-8.319960084870706596e-05,-1.074898929818261659e-04,-1.278349769626125438e-04,-1.441934854406897143e-04,-1.566113171001811777e-04,-1.652233088485229962e-04,-1.702264914885690201e-04,-1.718850423965944123e-04,-1.705031010859769003e-04,-1.664230653769592061e-04,-1.600069148020955110e-04,-1.516303629928694426e-04,-1.416686875888235376e-04,-1.304906720076258215e-04,-1.184487033674015146e-04,-1.058736491130288790e-04,-9.306918813142035383e-05,-8.030778778002171936e-05,-6.782855768412654159e-05,-5.583488219609963383e-05,-4.449498370205918601e-05,-3.394147712423122286e-05,-2.427377043538789028e-05,-1.555926428391868132e-05,-7.836746523157795633e-06,-1.118731817953951891e-06,4.604807762543211903e-06,9.363507711929798153e-06,1.320301542010908692e-05,1.618195636289247724e-05,1.836878683992217791e-05,1.983904018171732603e-05,2.067281022811529720e-05,2.095250947765028932e-05,2.076104980423313542e-05,2.018019959155155845e-05,1.928942686579556369e-05,1.816482535534014121e-05,1.687851323525662821e-05,1.549802491735666711e-05,1.408612360673263266e-05,1.270052556472809234e-05,1.139398202182657074e-05,1.021420592138222463e-05,9.204099339270125512e-06,8.401777538867314529e-06,7.840851259760187589e-06,7.550476842345201948e-06,7.555637905441094832e-06,7.877182965675302609e-06,8.532080803879519990e-06,9.533432683695494664e-06,1.089069699203748785e-05,1.260967992534544764e-05,1.469273728713622090e-05,1.713875562235441498e-05,1.994334360206888125e-05,2.309881704634359132e-05,2.659439175214586628e-05,3.041618367644161495e-05,3.454741242132757119e-05,3.896842486070775560e-05,4.365691599182379000e-05,4.858798201692949209e-05,5.373436368044456229e-05,5.906653337554883314e-05,6.455296500854432054e-05,7.016025841332385331e-05,7.585343844156938015e-05,8.159611813094354044e-05,8.735082761518548548e-05,9.307921485092246136e-05,9.874240203731690104e-05,1.043012194110891404e-04,1.097165834427913040e-04,1.149497555854301338e-04,1.199627329310435080e-04,1.247185202091004406e-04,1.291815202013396819e-04,1.333178040987807354e-04,1.370954861753569186e-04,1.404849752404977250e-04,1.434593162970588805e-04,1.459944046909655380e-04,1.480692771358524829e-04,1.496662706205051851e-04,1.507712465322409484e-04,1.513736786017716202e-04,1.514667969361277965e-04,1.510475931603821593e-04,1.501168757649927758e-04,1.486791857931492344e-04,1.467427605739243693e-04,1.443193593042921415e-04,1.414241384101305992e-04,1.380753925930158310e-04,1.342943511636033758e-04,1.301048459991532727e-04,1.255330436876124392e-04,1.206070568978981827e-04,1.153566316257524990e-04,1.098127223116280562e-04,1.040071565657633875e-04,9.797219671913402761e-05,9.174020589086167774e-05,8.534321935193121714e-05,7.881263559631694181e-05,7.217881988992442513e-05,6.547084212023027388e-05,5.871613228606999515e-05,5.194028348625191624e-05,4.516677507831237106e-05,3.841685449145318035e-05,3.170933866832984806e-05,2.506058282382523994e-05,1.848436498771041219e-05,1.199194380084872699e-05,5.592024958412941374e-06,-7.090958877720057592e-07,-6.907491782587280534e-06,-1.300138595566666377e-05,-1.899104769311461293e-05,-2.487851242351035659e-05,-3.066743103042598111e-05,-3.636274626013282629e-05,-4.197051448746127344e-05,-4.749755827826431193e-05,-5.295128091938597407e-05,-5.833931554433633164e-05,-6.366935248901465084e-05,-6.894880441775331961e-05,-7.418466481657361156e-05,-7.938320615033526886e-05,-8.454988471787374283e-05,-8.968908524719931559e-05,-9.480408317852768692e-05,-9.989684458475566896e-05,-1.049680520881350902e-04,-1.100169639678148711e-04,-1.150415047720808760e-04,-1.200381823930647679e-04,-1.250022394628174749e-04,-1.299276224810970003e-04,-1.348071857062483378e-04,-1.396327025223738458e-04,-1.443951101302504755e-04,-1.490845505498612723e-04,-1.536906422476711431e-04,-1.582025366920623204e-04,-1.626092022470677272e-04,-1.668994820947352286e-04,-1.710623762675916111e-04,-1.750870879278096858e-04,-1.789632911423964063e-04,-1.826811547432536330e-04,-1.862315860961952035e-04,-1.896062247346499844e-04,-1.927976555723166243e-04,-1.957993678361581529e-04,-1.986059345448962221e-04,-2.012129355738619097e-04,-2.036171034066171302e-04,-2.058162121166804174e-04,-2.078091920914333245e-04,-2.095959890626797946e-04,-2.111776525047187418e-04,-2.125561704348591537e-04,-2.137345374056212892e-04,-2.147165715925128729e-04,-2.155069687510435968e-04,-2.161111081703237231e-04,-2.165350987474797971e-04,-2.167855798547179444e-04,-2.168697649644595201e-04,-2.167952425274543508e-04,-2.165700215784621295e-04,-2.162023365717669315e-04,-2.157006983080009537e-04,-2.150737055297591326e-04,-2.143301035411654854e-04,-2.134786043442899893e-04,-2.125279545457131765e-04,-2.114867648474637795e-04,-2.103635880237432010e-04,-2.091667572396428666e-04,-2.079044734964669093e-04,-2.065846498739279998e-04,-2.052150055295997742e-04,-2.038029097880426162e-04,-2.023554781991767455e-04,-2.008794100446315489e-04,-1.993810876268732536e-04,-1.978664122910760549e-04,-1.963409319702980884e-04,-1.948097132260063829e-04,-1.932775657692188003e-04,-1.917490254025876770e-04,-1.902287639587786660e-04,-1.887217162899607601e-04,-1.872336330597091205e-04,-1.857711042040781401e-04,-1.843417799053501561e-04,-1.829534581518936964e-04,-1.816129145297115037e-04,-1.803228461258731007e-04,-1.790785484604211447e-04,-1.778629508583359829e-04,-1.766435981131217025e-04,-1.753712018171982192e-04,-1.739863122518788376e-04,-1.724337604648083875e-04,-1.706923285348522753e-04,-1.688129384216512140e-04,-1.669654706982961882e-04,-1.654683642592990700e-04,-1.647841965347466610e-04,-1.654307394102217375e-04,-1.677888719922723750e-04,-1.717705872759455019e-04,-1.764096243392066746e-04,-1.794715334631878797e-04,-1.773961231656706898e-04,-1.659701948327875292e-04,-1.423848427999553515e-04,-1.090886018515826734e-04,-7.930095212637229508e-05
0.000000000000000000e+00,0.000000000000000000e+00,0.000000000000000000e+00,0.000000000000000000e+00,0.000000000000000000e+00,0.000000000000000000e+00,0.000000000000000000e+00,0.000000000000000000e+00,0.000000000000000000e+00,0.000000000000000000e+00,0.000000000000000000e+00,0.000000000000000000e+00,0.000000000000000000e+00,0.000000000000000000e+00,0.000000000000000000e+00,0.000000000000000000e+00,0.000000000000000000e+00,0.000000000000000000e+00,0.000000000000000000e+00,0.000000000000000000e+00,0.000000000000000000e+00,0.000000000000000000e+00,0.000000000000000000e+00,0.000000000000000000e+00,0.000000000000000000e+00,0.000000000000000000e+00,0.000000000000000000e+00,0.000000000000000000e+00,0.000000000000000000e+00,0.000000000000000000e+00,0.000000000000000000e+00,0.000000000000000000e+00,0.000000000000000000e+00,0.000000000000000000e+00,0.000000000000000000e+00,0.000000000000000000e+00,0.000000000000000000e+00,0.000000000000000000e+00,0.000000000000000000e+00,0.000000000000000000e+00,0.000000000000000000e+00,0.000000000000000000e+00,0.000000000000000000e+00,0.000000000000000000e+00,0.000000000000000000e+00,0.000000000000000000e+00,0.000000000000000000e+00,0.000000000000000000e+00,0.000000000000000000e+00,0.000000000000000000e+00,0.000000000000000000e+00,0.000000000000000000e+00,0.000000000000000000e+00,0.000000000000000000e+00,0.000000000000000000e+00,0.000000000000000000e+00,0.000000000000000000e+00,0.000000000000000000e+00,0.000000000000000000e+00,0.000000000000000000e+00,0.000000000000000000e+00,0.000000000000000000e+00,0.000000000000000000e+00,0.000000000000000000e+00,0.000000000000000000e+00,0.000000000000000000e+00,0.000000000000000000e+00,0.000000000000000000e+00,0.000000000000000000e+00,0.000000000000000000e+00,0.000000000000000000e+00,0.000000000000000000e+00,0.000000000000000000e+00,0.000000000000000000e+00,0.000000000000000000e+00,0.000000000000000000e+00,0.000000000000000000e+00,0.000000000000000000e+00,0.000000000000000000e+00,0.000000000000000000e+00,0.000000000000000000e+00,0.000000000000000000e+00,0.000000000000000000e+00,0.000000000000000000e+00,0.000000000000000000e+00,0.000000000000000000e+00,0.000000000000000000e+00,0.000000000000000000e+00,0.000000000000000000e+00,0.000000000000000000e+00,0.000000000000000000e+00,0.000000000000000000e+00,0.000000000000000000e+00,0.000000000000000000e+00,0.000000000000000000e+00,0.000000000000000000e+00,0.000000000000000000e+00,0.000000000000000000e+00,0.000000000000000000e+00,0.000000000000000000e+00,0.000000000000000000e+00,0.000000000000000000e+00,0.000000000000000000e+00,0.000000000000000000e+00,0.000000000000000000e+00,0.000000000000000000e+00,0.000000000000000000e+00,0.000000000000000000e+00,0.000000000000000000e+00,0.000000000000000000e+00,0.000000000000000000e+00,0.000000000000000000e+00,0.000000000000000000e+00,0.000000000000000000e+00,0.000000000000000000e+00,0.000000000000000000e+00,0.000000000000000000e+00,0.000000000000000000e+00,0.000000000000000000e+00,0.000000000000000000e+00,0.000000000000000000e+00,0.000000000000000000e+00,0.000000000000000000e+00,0.000000000000000000e+00,0.000000000000000000e+00,0.000000000000000000e+00,0.000000000000000000e+00,0.000000000000000000e+00,1.910950737374138113e-04,2.669773640092004967e-04,3.083918263289431327e-04,3.368295890509341931e-04,3.643668568804328480e-04,3.669066463435147478e-04,3.609710563927878159e-04,3.465593871119749354e-04,3.233030864021044833e-04,2.946711949876672731e-04,2.604213052784127300e-04,2.226712162064578440e-04,1.831866954713205927e-04,1.425323693954305411e-04,1.019596633121607496e-04,6.235774136581388532e-05,2.450124547286871099e-05,-1.089559721620300625e-05,-4.332521270577457994e-05,-7.239078652372962590e-05,-9.777834554375342566e-05,-1.193211319471040589e-04,-1.369309620901212800e-04,-1.506279560945161594e-04,-1.605111400448995952e-04,-1.667545256528501824e-04,-1.695905603419100866e-04,-1.693058607577293542e-04,-1.662215867702782871e-04,-1.606889456843642360e-04,-1.530723375650216175e-04,-1.437434534736078354e-04,-1.330690423373772659e-04,-1.214047730989776630e-04,-1.090867954698352711e-04,-9.642703873299434097e-05,-8.370831873984085534e-05,-7.118127274326946548e-05,-5.906256315203916625e-05,-4.753346091715938645e-05,-3.674056462712533877e-05,-2.679603709910453210e-05,-1.778009914688879453e-05,-9.742620324163495294e-06,-2.706598484438183335e-06,3.329384289654036404e-06,8.387355184898431334e-06,1.250711999229987991e-05,1.574260744261613468e-05,1.815908597484531905e-05,1.982997181194226169e-05,2.083440602356305190e-05,2.125469573541758075e-05,2.117443412730809458e-05,2.067662418348819391e-05,1.984239752397257210e-05,1.874977393188261682e-05,1.747293274096100779e-05,1.608149638149927637e-05,1.464024493881719302e-05,1.320878291826407156e-05,1.184156412118141754e-05,1.058780260263039707e-05,9.491681789671908899e-06,8.592393143010694956e-06,7.924428750034616747e-06,7.517664121306747700e-06,7.397666269631110544e-06,7.585770979114572365e-06,8.099369531222673550e-06,8.951959031949743471e-06,1.015339520186837131e-05,1.170991416476413513e-05,1.362435455115936029e-05,1.589616048075672669e-05,1.852158412997660460e-05,2.149368374524426349e-05,2.480251948987272683e-05,2.843515946572528372e-05,3.237587969369291809e-05,3.660618807452153430e-05,4.110503640942873561e-05,4.584886923694288035e-05,5.081185350596382680e-05,5.596595722304621278e-05,6.128120102470367670e-05,6.672577026649486990e-05,7.226629165248170871e-05,7.786798098007644529e-05,8.349494638436286858e-05,8.911037179810783683e-05,9.467684589892744163e-05,1.001565783583535809e-04,1.055117503730382955e-04,1.107047572642269406e-04,1.156985729403595191e-04,1.204570088117514880e-04,1.249450811079128162e-04,1.291292728009129796e-04,1.329778897878119775e-04,1.364613099526392316e-04,1.395523121880428406e-04,1.422262952453258174e-04,1.444615627861947334e-04,1.462394946067248195e-04,1.475447716742180916e-04,1.483654838974310158e-04,1.486932815426783116e-04,1.485234069638017294e-04,1.478547627931345624e-04,1.466898597080777353e-04,1.450347969995043377e-04,1.428991240770179896e-04,1.402957349082007256e-04,1.372406469827378993e-04,1.337528170922402254e-04,1.298538472976105778e-04,1.255677350288811702e-04,1.209205207155073756e-04,1.159399897555213723e-04,1.106552804754779837e-04,1.050965588190818674e-04,9.929460791029897867e-05,9.328049811472707918e-05,8.708518053076110021e-05,8.073917527381493952e-05,7.427219065423955736e-05,6.771285112639133523e-05,6.108836178796754016e-05,5.442429453245134496e-05,4.774431398884042347e-05,4.107003624182668328e-05,3.442082769305367519e-05,2.781374558718944365e-05,2.126341587452415858e-05,1.478205909499905625e-05,8.379447572165368746e-06,2.063014387463151025e-06,-4.162115420897651595e-06,-1.029294057230388277e-05,-1.632848881460831778e-05,-2.226956989817903233e-05,-2.811863204062553276e-05,-3.387946846827161315e-05,-3.955704284830636552e-05,-4.515716811739418001e-05,-5.068632030029275397e-05,-5.615130929055773580e-05,-6.155910061478521878e-05,-6.691649726604541922e-05,-7.222998763237176156e-05,-7.750545548837932473e-05,-8.274806961776893480e-05,-8.796203582790061920e-05,-9.315054000057436769e-05,-9.831555180282703331e-05,-1.034578283276185821e-04,-1.085767744014073645e-04,-1.136705090315795702e-04,-1.187357822775695254e-04,-1.237681018403111253e-04,-1.287617017999835199e-04,-1.337097222865432145e-04,-1.386042214066102662e-04,-1.434363973894687845e-04,-1.481966320534179745e-04,-1.528747424179447757e-04,-1.574600423112512096e-04,-1.619416093308272229e-04,-1.663083507655480303e-04,-1.705492719894696394e-04,-1.746535337063915639e-04,-1.786107092592955270e-04,-1.824108221217917694e-04,-1.860445819531904538e-04,-1.895033939740589071e-04,-1.927795665762545188e-04,-1.958662873716705659e-04,-1.987577984102275881e-04,-2.014493369271763733e-04,-2.039372773718059798e-04,-2.062190378569172795e-04,-2.082931909594023362e-04,-2.101593393320528181e-04,-2.118181993763327013e-04,-2.132714512463827739e-04,-2.145218008985266041e-04,-2.155728107265956410e-04,-2.164289461459468090e-04,-2.170953933857481784e-04,-2.175780967323065820e-04,-2.178835696779171313e-04,-2.180189283762314122e-04,-2.179917015633547536e-04,-2.178098648356285275e-04,-2.174816537210667270e-04,-2.170156022725398728e-04,-2.164203625644663966e-04,-2.157047499837928903e-04,-2.148775714453518494e-04,-2.139476787981496912e-04,-2.129238072793614492e-04,-2.118146376224533465e-04,-2.106286455980044487e-04,-2.093741724147716600e-04,-2.080592852006268628e-04,-2.066918535368615000e-04,-2.052794189073529495e-04,-2.038292724621874039e-04,-2.023483294343912057e-04,-2.008432014174270093e-04,-1.993200736782971966e-04,-1.977847708777451035e-04,-1.962426501305610763e-04,-1.946986817698542608e-04,-1.931574060059743721e-04,-1.916230875964854087e-04,-1.900998189904519779e-04,-1.885918103226603959e-04,-1.871036711487597645e-04,-1.856407399884648637e-04,-1.842092940749494073e-04,-1.828163794110785158e-04,-1.814691608535719378e-04,-1.801731806183514903e-04,-1.789298329509676473e-04,-1.777324037438938662e-04,-1.765622987342456819e-04,-1.753854733297855384e-04,-1.741532015223437591e-04,-1.728079494120786049e-04,-1.713007123820853858e-04,-1.696179858225052518e-04,-1.678219730888384754e-04,-1.660899693072775247e-04,-1.647440405332618396e-04,-1.642338281558758373e-04,-1.650506712648066253e-04,-1.675249157204302872e-04,-1.715151648129905801e-04,-1.760038232762924505e-04,-1.787594671339833648e-04,-1.762902462281626230e-04,-1.645642480694754078e-04,-1.409862374269609398e-04,-1.081470954379423727e-04,-7.899534718289335394e-05
0.000000000000000000e+00,0.000000000000000000e+00,0.000000000000000000e+00,0.000000000000000000e+00,0.000000000000000000e+00,0.000000000000000000e+00,0.000000000000000000e+00,0.000000000000000000e+00,0.000000000000000000e+00,0.000000000000000000e+00,0.000000000000000000e+00,0.000000000000000000e+00,0.000000000000000000e+00,0.000000000000000000e+00,0.000000000000000000e+00,0.000000000000000000e+00,0.000000000000000000e+00,0.000000000000000000e+00,0.000000000000000000e+00,0.000000000000000000e+00,0.000000000000000000e+00,0.000000000000000000e+00,0.000000000000000000e+00,0.000000000000000000e+00,0.000000000000000000e+00,0.000000000000000000e+00,0.000000000000000000e+00,0.000000000000000000e+00,0.000000000000000000e+00,0.000000000000000000e+00,0.000000000000000000e+00,0.000000000000000000e+00,0.000000000000000000e+00,0.000000000000000000e+00,0.000000000000000000e+00,0.000000000000000000e+00,0.000000000000000000e+00,0.000000000000000000e+00,0.000000000000000000e+00,0.000000000000000000e+00,0.000000000000000000e+00,0.000000000000000000e+00,0.000000000000000000e+00,0.000000000000000000e+00,0.000000000000000000e+00,0.000000000000000000e+00,0.000000000000000000e+00,0.000000000000000000e+00,0.000000000000000000e+00,0.000000000000000000e+00,0.000000000000000000e+00,0.000000000000000000e+00,0.000000000000000000e+00,0.000000000000000000e+00,0.000000000000000000e+00,0.000000000000000000e+00,0.000000000000000000e+00,0.000000000000000000e+00,0.000000000000000000e+00,0.000000000000000000e+00,0.000000000000000000e+00,0.000000000000000000e+00,0.000000000000000000e+00,0.000000000000000000e+00,0.000000000000000000e+00,0.000000000000000000e+00,0.000000000000000000e+00,0.000000000000000000e+00,0.000000000000000000e+00,0.000000000000000000e+00,0.000000000000000000e+00,0.000000000000000000e+00,0.000000000000000000e+00,0.000000000000000000e+00,0.000000000000000000e+00,0.000000000000000000e+00,0.000000000000000000e+00,0.000000000000000000e+00,0.000000000000000000e+00,0.000000000000000000e+00,0.000000000000000000e+00,0.000000000000000000e+00,0.000000000000000000e+00,0.000000000000000000e+00,0.000000000000000000e+00,0.000000000000000000e+00,0.000000000000000000e+00,0.000000000000000000e+00,0.000000000000000000e+00,0.000000000000000000e+00,0.000000000000000000e+00,0.000000000000000000e+00,0.000000000000000000e+00,0.000000000000000000e+00,0.000000000000000000e+00,0.000000000000000000e+00,0.000000000000000000e+00,0.000000000000000000e+00,0.000000000000000000e+00,0.000000000000000000e+00,0.000000000000000000e+00,0.000000000000000000e+00,0.000000000000000000e+00,0.000000000000000000e+00,0.000000000000000000e+00,0.000000000000000000e+00,0.000000000000000000e+00,0.000000000000000000e+00,0.000000000000000000e+00,0.000000000000000000e+00,0.000000000000000000e+00,0.000000000000000000e+00,0.000000000000000000e+00,0.000000000000000000e+00,0.000000000000000000e+00,0.000000000000000000e+00,0.000000000000000000e+00,0.000000000000000000e+00,0.000000000000000000e+00,0.000000000000000000e+00,0.000000000000000000e+00,0.000000000000000000e+00,0.000000000000000000e+00,0.000000000000000000e+00,0.000000000000000000e+00,0.000000000000000000e+00,0.000000000000000000e+00,2.140363067713849825e-04,2.826782527743276394e-04,3.194255906683042242e-04,3.529076008735322059e-04,3.627046547799008067e-04,3.608179057191747202e-04,3.504693057691739321e-04,3.293405754754899213e-04,3.023850191413454767e-04,2.703628681472015449e-04,2.341098220135032497e-04,1.954906251821697733e-04,1.554401877662013663e-04,1.151277264769440153e-04,7.560667357435187433e-05,3.750959036621847264e-05,1.604986497178275791e-06,-3.153668517085453951e-05,-6.147533040965268505e-05,-8.787941699800249718e-05,-1.105356591751829008e-04,-1.293378694691558106e-04,-1.442591755954959775e-04,-1.553759689411621096e-04,-1.628291087180513486e-04,-1.668304485438915909e-04,-1.676404644647439695e-04,-1.655646549138042477e-04,-1.609363109230855962e-04,-1.541114188894378279e-04,-1.454529261886188440e-04,-1.353259772323736046e-04,-1.240857475854129967e-04,-1.120730036212760585e-04,-9.960577121640214746e-05,-8.697604583795052991e-05,-7.444492845614629625e-05,-6.224096754925817477e-05,-5.055822619925066133e-05,-3.955617380752432733e-05,-2.936012401687399336e-05,-2.006250878967341257e-05,-1.172503146051060899e-05,-4.381003114375491540e-06,1.961528501011163607e-06,7.316832341902046342e-06,1.171804488803703532e-05,1.521405285028997115e-05,1.786620526347740330e-05,1.974538094954818036e-05,2.092917291823746706e-05,2.149938922560571043e-05,2.153987136437094548e-05,2.113456078011006651e-05,2.036598930813057361e-05,1.931393439737848821e-05,1.805452577612888285e-05,1.665942644598680716e-05,1.519543963816003187e-05,1.372410123329711983e-05,1.230164632078575814e-05,1.097888277748994813e-05,9.801381543131280308e-06,8.809512084580748128e-06,8.038744300282288954e-06,7.519753045002637039e-06,7.278751887698782006e-06,7.337605658307610011e-06,7.714148730545160489e-06,8.422274023146560548e-06,9.472215319580833262e-06,1.087060374862337071e-05,1.262071236034732171e-05,1.472248557598349075e-05,1.717275497198220285e-05,1.996525431144800510e-05,2.309081960435418389e-05,2.653740370284246692e-05,3.029027313725287299e-05,3.433203407755915689e-05,3.864283558621829363e-05,4.320041541535100992e-05,4.798031632102258250e-05,5.295595739994020759e-05,5.809886806895685007e-05,6.337878891348682658e-05,6.876392672885707057e-05,7.422108759922976990e-05,7.971595521003841842e-05,8.521325725946230758e-05,9.067706736703470664e-05,9.607100343770415057e-05,1.013585506933021310e-04,1.065032873480180537e-04,1.114692228787646786e-04,1.162210427612468656e-04,1.207244525830035225e-04,1.249464301611789136e-04,1.288555629914527859e-04,1.324222932626440818e-04,1.356192338281760773e-04,1.384213898129423774e-04,1.408064371270403143e-04,1.427549038422471763e-04,1.442503955121542602e-04,1.452797205108799386e-04,1.458330482582974211e-04,1.459039653339175540e-04,1.454895561091049485e-04,1.445903805463054012e-04,1.432104714494455153e-04,1.413572300633821044e-04,1.390413397138536857e-04,1.362765811020231707e-04,1.330796679355394560e-04,1.294699895726027651e-04,1.254693797675352233e-04,1.211017995073289714e-04,1.163930547033034733e-04,1.113704362467314601e-04,1.060624059996779437e-04,1.004982139651234093e-04,9.470757403615626872e-05,8.872027955645284743e-05,8.256589085438846044e-05,7.627337030550131636e-05,6.987080269722659252e-05,6.338506923430801488e-05,5.684161934671434291e-05,5.026420003345987390e-05,4.367469402747663822e-05,3.709291668830562959e-05,3.053653074299415041e-05,2.402091793388656270e-05,1.755917521317449401e-05,1.116206289754118355e-05,4.838081613171478859e-06,-1.406506785999935891e-06,-7.567527639358693849e-06,-1.364280865663101595e-05,-1.963196466195013873e-05,-2.553626208876493036e-05,-3.135835491334107363e-05,-3.710211497068049605e-05,-4.277233664229578914e-05,-4.837455146451333780e-05,-5.391472043360972030e-05,-5.939905189914807015e-05,-6.483370018078560531e-05,-7.022460480056277779e-05,-7.557721251359191374e-05,-8.089635363863351960e-05,-8.618600174576338273e-05,-9.144919940420068259e-05,-9.668786590872604711e-05,-1.019027804842527219e-04,-1.070934439093994728e-04,-1.122581224811363798e-04,-1.173937646155697042e-04,-1.224961040940470629e-04,-1.275596281115359441e-04,-1.325777339229266790e-04,-1.375427407664948215e-04,-1.424460903734928532e-04,-1.472783920621194319e-04,-1.520296549659574232e-04,-1.566893536026958743e-04,-1.612466782930527275e-04,-1.656906077831155782e-04,-1.700101642122175884e-04,-1.741944798837932046e-04,-1.782330442201548266e-04,-1.821157533867266210e-04,-1.858331387320518553e-04,-1.893763904233659705e-04,-1.927375596231992432e-04,-1.959095502654188670e-04,-1.988862903200722424e-04,-2.016626889740051479e-04,-2.042347754398636571e-04,-2.065996217835135032e-04,-2.087554505260929704e-04,-2.107015259004299892e-04,-2.124382337551888314e-04,-2.139669459309505165e-04,-2.152900775538506371e-04,-2.164109304172794589e-04,-2.173337336017374093e-04,-2.180634722291212605e-04,-2.186059175159933015e-04,-2.189674471116626411e-04,-2.191550703031951077e-04,-2.191762454984841075e-04,-2.190389055019934948e-04,-2.187512767308444773e-04,-2.183219084527772229e-04,-2.177594972037354452e-04,-2.170729228034128241e-04,-2.162710803396275592e-04,-2.153629248149835482e-04,-2.143573121125433105e-04,-2.132630533838165401e-04,-2.120887656342773924e-04,-2.108429363949989059e-04,-2.095337837867736034e-04,-2.081693313123493734e-04,-2.067572759888049562e-04,-2.053050717530122235e-04,-2.038198020393615687e-04,-2.023082683449621110e-04,-2.007768613058527065e-04,-1.992316508237778087e-04,-1.976782515865418424e-04,-1.961219196049595389e-04,-1.945674226076934781e-04,-1.930191734491946802e-04,-1.914811472126707833e-04,-1.899571191321090553e-04,-1.884506935672714044e-04,-1.869657102746777875e-04,-1.855063776274652634e-04,-1.840777468102853176e-04,-1.826856394706151084e-04,-1.813366668409378422e-04,-1.800371252653829707e-04,-1.787916016097983315e-04,-1.775998772659793880e-04,-1.764537684097924192e-04,-1.753328241010138511e-04,-1.742024103828764816e-04,-1.730139483884919713e-04,-1.717133316442672115e-04,-1.702567735799349229e-04,-1.686402081768021430e-04,-1.669346944529132633e-04,-1.653265041885753663e-04,-1.641365800334912103e-04,-1.638037159789131644e-04,-1.647862036726107228e-04,-1.673693187544370736e-04,-1.713514343781770703e-04,-1.756759722811211753e-04,-1.781065273667450596e-04,-1.752383078604191288e-04,-1.632029124429816450e-04,-1.396385251265217821e-04,-1.072426067480238405e-04,-7.872945774192809966e-05
0.000000000000000000e+00,0.000000000000000000e+00,0.000000000000000000e+00,0.000000000000000000e+00,0.000000000000000000e+00,0.000000000000000000e+00,0.000000000000000000e+00,0.000000000000000000e+00,0.000000000000000000e+00,0.000000000000000000e+00,0.000000000000000000e+00,0.000000000000000000e+00,0.000000000000000000e+00,0.000000000000000000e+00,0.000000000000000000e+00,0.000000000000000000e+00,0.000000000000000000e+00,0.000000000000000000e+00,0.000000000000000000e+00,0.000000000000000000e+00,0.000000000000000000e+00,0.000000000000000000e+00,0.000000000000000000e+00,0.000000000000000000e+00,0.000000000000000000e+00,0.000000000000000000e+00,0.000000000000000000e+00,0.000000000000000000e+00,0.000000000000000000e+00,0.000000000000000000e+00,0.000000000000000000e+00,0.000000000000000000e+00,0.000000000000000000e+00,0.000000000000000000e+00,0.000000000000000000e+00,0.000000000000000000e+00,0.000000000000000000e+00,0.000000000000000000e+00,0.000000000000000000e+00,0.000000000000000000e+00,0.000000000000000000e+00,0.000000000000000000e+00,0.000000000000000000e+00,0.000000000000000000e+00,0.000000000000000000e+00,0.000000000000000000e+00,0.000000000000000000e+00,0.000000000000000000e+00,0.000000000000000000e+00,0.000000000000000000e+00,0.000000000000000000e+00,0.000000000000000000e+00,0.000000000000000000e+00,0.000000000000000000e+00,0.000000000000000000e+00,0.000000000000000000e+00,0.000000000000000000e+00,0.000000000000000000e+00,0.000000000000000000e+00,0.000000000000000000e+00,0.000000000000000000e+00,0.000000000000000000e+00,0.000000000000000000e+00,0.000000000000000000e+00,0.000000000000000000e+00,0.000000000000000000e+00,0.000000000000000000e+00,0.000000000000000000e+00,0.000000000000000000e+00,0.000000000000000000e+00,0.000000000000000000e+00,0.000000000000000000e+00,0.000000000000000000e+00,0.000000000000000000e+00,0.000000000000000000e+00,0.000000000000000000e+00,0.000000000000000000e+00,0.000000000000000000e+00,0.000000000000000000e+00,0.000000000000000000e+00,0.000000000000000000e+00,0.000000000000000000e+00,0.000000000000000000e+00,0.000000000000000000e+00,0.000000000000000000e+00,0.000000000000000000e+00,0.000000000000000000e+00,0.000000000000000000e+00,0.000000000000000000e+00,0.000000000000000000e+00,0.000000000000000000e+00,0.000000000000000000e+00,0.000000000000000000e+00,0.000000000000000000e+00,0.000000000000000000e+00,0.000000000000000000e+00,0.000000000000000000e+00,0.000000000000000000e+00,0.000000000000000000e+00,0.000000000000000000e+00,0.000000000000000000e+00,0.000000000000000000e+00,0.000000000000000000e+00,0.000000000000000000e+00,0.000000000000000000e+00,0.000000000000000000e+00,0.000000000000000000e+00,0.000000000000000000e+00,0.000000000000000000e+00,0.000000000000000000e+00,0.000000000000000000e+00,0.000000000000000000e+00,0.000000000000000000e+00,0.000000000000000000e+00,0.000000000000000000e+00,0.000000000000000000e+00,0.000000000000000000e+00,0.000000000000000000e+00,0.000000000000000000e+00,0.000000000000000000e+00,0.000000000000000000e+00,0.000000000000000000e+00,0.000000000000000000e+00,0.000000000000000000e+00,0.000000000000000000e+00,2.121475577502185557e-04,2.732629057564790157e-04,3.154848156047652475e-04,3.428988812572477405e-04,3.574424472916034115e-04,3.582864526646242949e-04,3.520359794721105687e-04,3.346940013365838022e-04,3.093407581668882280e-04,2.793382267827510131e-04,2.445679746688840723e-04,2.070718481811723748e-04,1.678894769636374003e-04,1.279601126185320008e-04,8.848812222645863342e-05,5.024844494837915724e-05,1.394516632969910124e-05,-1.978392829240179616e-05,-5.051152440579455700e-05,-7.784690463134188152e-05,-1.015445306918082765e-04,-1.214628760109652344e-04,-1.375547326665220069e-04,-1.498575156216259475e-04,-1.584904699195319525e-04,-1.636341215203221920e-04,-1.655313054005906246e-04,-1.644654797696865761e-04,-1.607565346301715313e-04,-1.547461025340216229e-04,-1.467904241960072548e-04,-1.372484534918547974e-04,-1.264752769753460580e-04,-1.148127490327752285e-04,-1.025844214467698767e-04,-9.008916695710403680e-05,-7.759770935265503425e-05,-6.534921508403398495e-05,-5.354962592528871674e-05,-4.237079452050239106e-05,-3.195048364224416389e-05,-2.239351148969564745e-05,-1.377310774503416924e-05,-6.133504038144341456e-06,5.077529486898163569e-07,6.156397845296302033e-06,1.083864306541931151e-05,1.459755600070963092e-05,1.749019498404761540e-05,1.958421349045929351e-05,2.095526164702929742e-05,2.168409886665218780e-05,2.185447150413458221e-05,2.155087097113325060e-05,2.085698594093539181e-05,1.985412461498381852e-05,1.862024080408323479e-05,1.722895169290711661e-05,1.574906251709301861e-05,1.424405833344336083e-05,1.277200960306053328e-05,1.138539774811746585e-05,1.013127367889779511e-05,9.051285785163932696e-06,8.181977291109490517e-06,7.554911156347951496e-06,7.197019109778656687e-06,7.130750258501798584e-06,7.374415161777678218e-06,7.942316075730001092e-06,8.845056999500735173e-06,1.008963877753625686e-05,1.167972704654820589e-05,1.361571283808349047e-05,1.589494372317020487e-05,1.851176036056283194e-05,2.145770275303747921e-05,2.472153686342023842e-05,2.828944934517895466e-05,3.214507767937593011e-05,3.626970485036021496e-05,4.064230345217450900e-05,4.523973858862135933e-05,5.003683304011768810e-05,5.500658386541987395e-05,6.012025323392853048e-05,6.534760244160270370e-05,7.065701149036689697e-05,7.601573309859011691e-05,8.139004282659084374e-05,8.674551430745476197e-05,9.204719985380181030e-05,9.725992594441873961e-05,1.023485014669472346e-04,1.072780294198176141e-04,1.120141364876470869e-04,1.165232933992834340e-04,1.207730559450828802e-04,1.247323830765789871e-04,1.283718763488242453e-04,1.316640821820455436e-04,1.345837145002643962e-04,1.371079259908664506e-04,1.392164977346195282e-04,1.408920640668648425e-04,1.421202534777829269e-04,1.428898529600495083e-04,1.431928865057632415e-04,1.430247076504824607e-04,1.423840054281055672e-04,1.412728180206024396e-04,1.396964607831272290e-04,1.376634590965233028e-04,1.351853985697773215e-04,1.322767808407385767e-04,1.289548017267903152e-04,1.252391392343766847e-04,1.211516706854348619e-04,1.167162070424337467e-04,1.119581644082019652e-04,1.069042625313734902e-04,1.015821692141238912e-04,9.602018326953564787e-05,9.024687207853551415e-05,8.429076019463974838e-05,7.817998050020056071e-05,7.194198907291556402e-05,6.560324913377388832e-05,5.918899078855469851e-05,5.272294435244137323e-05,4.622716031991170042e-05,3.972180489529561134e-05,3.322505126376665003e-05,2.675294553816298177e-05,2.031937541218112187e-05,1.393600958117529515e-05,7.612344529917129167e-06,1.355715181145484799e-06,-4.828584711622187144e-06,-1.093722798953150372e-05,-1.696866946602283753e-05,-2.292301915831661667e-05,-2.880180685737938255e-05,-3.460781837788580602e-05,-4.034482568952766073e-05,-4.601740365941698490e-05,-5.163064375032941583e-05,-5.718996961447701057e-05,-6.270085257972018099e-05,-6.816864390977104540e-05,-7.359830910050773115e-05,-7.899429271875008692e-05,-8.436028605237548376e-05,-8.969913735324074294e-05,-9.501266385035267740e-05,-1.003016162425626897e-04,-1.055655418184805268e-04,-1.108028075162018831e-04,-1.160105162826561079e-04,-1.211845883515133120e-04,-1.263197284259278742e-04,-1.314095604319504148e-04,-1.364466390241778938e-04,-1.414226293265810706e-04,-1.463283529895394663e-04,-1.511540016390975456e-04,-1.558892055067325193e-04,-1.605232676735843147e-04,-1.650452422960251790e-04,-1.694441763284425283e-04,-1.737091845819575472e-04,-1.778296863847705076e-04,-1.817954660337871124e-04,-1.855968936338581860e-04,-1.892249616970398092e-04,-1.926714819288628366e-04,-1.959290915141278600e-04,-1.989914205625286021e-04,-2.018530646475070675e-04,-2.045097206608460652e-04,-2.069581251228711633e-04,-2.091961590062657898e-04,-2.112227539375007056e-04,-2.130379688951085533e-04,-2.146428684613154716e-04,-2.160395760229664769e-04,-2.172311295922751376e-04,-2.182215171658303393e-04,-2.190155163045102971e-04,-2.196187176534457406e-04,-2.200373545043010713e-04,-2.202783202430118445e-04,-2.203489936299302186e-04,-2.202572552626043910e-04,-2.200113134619431610e-04,-2.196197238672659591e-04,-2.190912197731794255e-04,-2.184347378846158657e-04,-2.176592558745965599e-04,-2.167738262630000429e-04,-2.157874230013792844e-04,-2.147089845277117481e-04,-2.135472704356431383e-04,-2.123109140427992454e-04,-2.110082896722650665e-04,-2.096475744458869159e-04,-2.082366261820449806e-04,-2.067830532272366530e-04,-2.052941020213244565e-04,-2.037767321043055049e-04,-2.022375107519925068e-04,-2.006826880235645406e-04,-1.991180947408946543e-04,-1.975492121930636186e-04,-1.959810738262127681e-04,-1.944183325454060013e-04,-1.928651838072425290e-04,-1.913254572295798833e-04,-1.898026114926503892e-04,-1.882999066514737404e-04,-1.868205409465522584e-04,-1.853679394294199183e-04,-1.839460222074033326e-04,-1.825594593768717453e-04,-1.812137629811598613e-04,-1.799149355865959743e-04,-1.786686191948371047e-04,-1.774781895103916295e-04,-1.763422056520184858e-04,-1.752507187816577602e-04,-1.741821683488713765e-04,-1.731010084575522261e-04,-1.719600430543080573e-04,-1.707080084327695577e-04,-1.693079340056315683e-04,-1.677636533121224720e-04,-1.661566703286325669e-04,-1.646788296033037760e-04,-1.636516332102063646e-04,-1.634975799953262044e-04,-1.646454417487127979e-04,-1.673290540550529380e-04,-1.712950166972947435e-04,-1.754406293038201961e-04,-1.775386609609788809e-04,-1.742577631575917361e-04,-1.619085936606507446e-04,-1.383334444463685481e-04,-1.063590392646901483e-04,-7.843825073978129736e-05
0.000000000000000000e+00,0.000000000000000000e+00,0.000000000000000000e+00,0.000000000000000000e+00,0.000000000000000000e+00,0.000000000000000000e+00,0.000000000000000000e+00,0.000000000000000000e+00,0.000000000000000000e+00,0.000000000000000000e+00,0.000000000000000000e+00,0.000000000000000000e+00,0.000000000000000000e+00,0.000000000000000000e+00,0.000000000000000000e+00,0.000000000000000000e+00,0.000000000000000000e+00,0.000000000000000000e+00,0.000000000000000000e+00,0.000000000000000000e+00,0.000000000000000000e+00,0.000000000000000000e+00,0.000000000000000000e+00,0.000000000000000000e+00,0.000000000000000000e+00,0.000000000000000000e+00,0.000000000000000000e+00,0.000000000000000000e+00,0.000000000000000000e+00,0.000000000000000000e+00,0.000000000000000000e+00,0.000000000000000000e+00,0.000000000000000000e+00,0.000000000000000000e+00,0.000000000000000000e+00,0.000000000000000000e+00,0.000000000000000000e+00,0.000000000000000000e+00,0.000000000000000000e+00,0.000000000000000000e+00,0.000000000000000000e+00,0.000000000000000000e+00,0.000000000000000000e+00,0.000000000000000000e+00,0.000000000000000000e+00,0.000000000000000000e+00,0.000000000000000000e+00,0.000000000000000000e+00,0.000000000000000000e+00,0.000000000000000000e+00,0.000000000000000000e+00,0.000000000000000000e+00,0.000000000000000000e+00,0.000000000000000000e+00,0.000000000000000000e+00,0.000000000000000000e+00,0.000000000000000000e+00,0.000000000000000000e+00,0.000000000000000000e+00,0.000000000000000000e+00,0.000000000000000000e+00,0.000000000000000000e+00,0.000000000000000000e+00,0.000000000000000000e+00,0.000000000000000000e+00,0.000000000000000000e+00,0.000000000000000000e+00,0.000000000000000000e+00,0.000000000000000000e+00,0.000000000000000000e+00,0.000000000000000000e+00,0.000000000000000000e+00,0.000000000000000000e+00,0.000000000000000000e+00,0.000000000000000000e+00,0.000000000000000000e+00,0.000000000000000000e+00,0.000000000000000000e+00,0.000000000000000000e+00,0.000000000000000000e+00,0.000000000000000000e+00,0.000000000000000000e+00,0.000000000000000000e+00,0.000000000000000000e+00,0.000000000000000000e+00,0.000000000000000000e+00,0.000000000000000000e+00,0.000000000000000000e+00,0.000000000000000000e+00,0.000000000000000000e+00,0.000000000000000000e+00,0.000000000000000000e+00,0.000000000000000000e+00,0.000000000000000000e+00,0.000000000000000000e+00,0.000000000000000000e+00,0.000000000000000000e+00,0.000000000000000000e+00,0.000000000000000000e+00,0.000000000000000000e+00,0.000000000000000000e+00,0.000000000000000000e+00,0.000000000000000000e+00,0.000000000000000000e+00,0.000000000000000000e+00,0.000000000000000000e+00,0.000000000000000000e+00,0.000000000000000000e+00,0.000000000000000000e+00,0.000000000000000000e+00,0.000000000000000000e+00,0.000000000000000000e+00,0.000000000000000000e+00,0.000000000000000000e+00,0.000000000000000000e+00,0.000000000000000000e+00,0.000000000000000000e+00,0.000000000000000000e+00,0.000000000000000000e+00,0.000000000000000000e+00,0.000000000000000000e+00,0.000000000000000000e+00,0.000000000000000000e+00,1.864929456807044156e-04,2.600944185131071388e-04,3.013352709008208872e-04,3.291219669364890839e-04,3.560339529679762438e-04,3.582989084745656530e-04,3.523768332835231854e-04,3.382075029008242651e-04,3.155507016626220469e-04,2.876935145314978644e-04,2.544519319115845697e-04,2.178577725625127539e-04,1.796223744448209028e-04,1.402798106850556420e-04,1.010325556718061530e-04,6.272905768133945671e-05,2.611021994634832075e-05,-8.144482521459230905e-06,-3.955197703630196240e-05,-6.773462590080783882e-05,-9.239217658814009892e-05,-1.133638583315201226e-04,-1.305622752366078390e-04,-1.440024417384488877e-04,-1.537732914214812185e-04,-1.600349107013316545e-04,-1.630026484323974666e-04,-1.629439840250709556e-04,-1.601597972874369675e-04,-1.549810422463460688e-04,-1.477525334854673273e-04,-1.388283358684987503e-04,-1.285594827679648327e-04,-1.172891081619064957e-04,-1.053431467552898705e-04,-9.302681404147202068e-05,-8.061820794203020547e-05,-6.836641841311157423e-05,-5.648793413170411420e-05,-4.516636583341281265e-05,-3.455133046898604021e-05,-2.475962071460211807e-05,-1.587602104349570011e-05,-7.955600227312911531e-06,-1.025883063146976382e-06,4.910134981066893108e-06,9.871053433657750925e-06,1.389376791198320030e-05,1.703033144906629755e-05,1.934476313660876592e-05,2.091013420963028804e-05,2.180576560181613798e-05,2.211480654838528145e-05,2.192198368269240223e-05,2.131179701026040480e-05,2.036687734233626017e-05,1.916681000617426867e-05,1.778706992350092997e-05,1.629840065725741738e-05,1.476623433633366852e-05,1.325050534751132122e-05,1.180543042698808820e-05,1.047962112595381064e-05,9.316096378770224673e-06,8.352568733582798748e-06,7.621579707551272105e-06,7.150861046504780761e-06,6.963511770448914371e-06,7.078367135727086905e-06,7.510166456931484651e-06,8.269891656471124408e-06,9.364901062794535270e-06,1.079922268762974243e-05,1.257364869798028915e-05,1.468598452314290246e-05,1.713111098427854616e-05,1.990119929824739792e-05,2.298575378774953562e-05,2.637180624964006445e-05,3.004395337609195993e-05,3.398454347202000330e-05,3.817372083302295944e-05,4.258961508737863541e-05,4.720840148104185862e-05,5.200449986563654583e-05,5.695065669989377287e-05,6.201815815355598096e-05,6.717693747237628006e-05,7.239580511287114768e-05,7.764258373625572982e-05,8.288435714836407979e-05,8.808763378903713363e-05,9.321861467217585717e-05,9.824338410302527961e-05,1.031281943141407117e-04,1.078396790964449123e-04,1.123451495356080673e-04,1.166128226699888950e-04,1.206121192134594606e-04,1.243138959063931268e-04,1.276907330373748246e-04,1.307171564567014921e-04,1.333699006172972545e-04,1.356281047141169040e-04,1.374735361989572950e-04,1.388907454504526885e-04,1.398672354593787548e-04,1.403935609268015306e-04,1.404634321005559518e-04,1.400737472004732326e-04,1.392246220860687410e-04,1.379193492014075281e-04,1.361643495551887557e-04,1.339690565569775030e-04,1.313457922194160687e-04,1.283095797914682074e-04,1.248779515708377144e-04,1.210706995429499115e-04,1.169096271672894714e-04,1.124182517817822656e-04,1.076215167278940938e-04,1.025454626951021099e-04,9.721691926476745552e-05,9.166316440734196787e-05,8.591161580167869032e-05,7.998949826793791895e-05,7.392355502074548525e-05,6.773974195029111882e-05,6.146297736944270475e-05,5.511687985283228030e-05,4.872357218289783098e-05,4.230347610633334503e-05,3.587518229755940391e-05,2.945531113645729151e-05,2.305845586418921991e-05,1.669711363576392482e-05,1.038170397232616493e-05,4.120569252083075977e-06,-2.079934571086283357e-06,-8.215373843515218194e-06,-1.428308206793428491e-05,-2.028204242009219201e-05,-2.621268017042970960e-05,-3.207670574892850478e-05,-3.787686988385228874e-05,-4.361678365461510762e-05,-4.930065344037439293e-05,-5.493309562676031892e-05,-6.051886904369587112e-05,-6.606270182926520093e-05,-7.156903822820772775e-05,-7.704189360077403454e-05,-8.248463034574384141e-05,-8.789985431385981458e-05,-9.328923141934906407e-05,-9.865343503107301963e-05,-1.039920108323596842e-04,-1.093033804588201900e-04,-1.145847577268344287e-04,-1.198322092461596251e-04,-1.250406206651646446e-04,-1.302038106134515935e-04,-1.353145415041974789e-04,-1.403646793427687522e-04,-1.453452402339705323e-04,-1.502465856410844396e-04,-1.550584933450629814e-04,-1.597703758745818900e-04,-1.643713634096602633e-04,-1.688505324325417247e-04,-1.731969880068398072e-04,-1.774000901867505938e-04,-1.814495241445428762e-04,-1.853355133902140892e-04,-1.890488681695048293e-04,-1.925811768495519754e-04,-1.959248255961473176e-04,-1.990731620671967630e-04,-2.020204822896010447e-04,-2.047621637516983605e-04,-2.072946183143602270e-04,-2.096153946061998937e-04,-2.117230984351093259e-04,-2.136174668078578965e-04,-2.152992594505252050e-04,-2.167703086193881288e-04,-2.180333868509595145e-04,-2.190922379195001774e-04,-2.199514267722016934e-04,-2.206163575182914507e-04,-2.210931117022321322e-04,-2.213884591367793115e-04,-2.215096903295330627e-04,-2.214646254321137248e-04,-2.212614458899611516e-04,-2.209087059170473846e-04,-2.204151674498772975e-04,-2.197898175303224840e-04,-2.190417095576144930e-04,-2.181799889154524693e-04,-2.172137424724050454e-04,-2.161520338528077098e-04,-2.150037622378890329e-04,-2.137777079531352526e-04,-2.124824009319228370e-04,-2.111261767946811467e-04,-2.097170547973766224e-04,-2.082628041830088868e-04,-2.067708307889609286e-04,-2.052482528054769078e-04,-2.037017940003441583e-04,-2.021378667483658079e-04,-2.005624678682776984e-04,-1.989812653520708127e-04,-1.973994915125332141e-04,-1.958220312505639142e-04,-1.942533112792928403e-04,-1.926973985774547613e-04,-1.911579009367771263e-04,-1.896381100127657998e-04,-1.881409566407880136e-04,-1.866692611615797053e-04,-1.852257944338463061e-04,-1.838136709342733999e-04,-1.824364663581944795e-04,-1.810986006044407268e-04,-1.798051544050349585e-04,-1.785616964562504320e-04,-1.773730135061369207e-04,-1.762415619870289570e-04,-1.751644278577145681e-04,-1.741304575286982653e-04,-1.731167235836496092e-04,-1.720877604393874247e-04,-1.709973909723962117e-04,-1.697986032288802344e-04,-1.684602780434039709e-04,-1.669956356487254105e-04,-1.654941501996051386e-04,-1.641545007437310538e-04,-1.632940999237579333e-04,-1.633210338247386274e-04,-1.646283767715105530e-04,-1.674038547535488608e-04,-1.713361304391005074e-04,-1.752882685128353451e-04,-1.770347897550728208e-04,-1.733352632597697982e-04,-1.606622877422718507e-04,-1.370804597869114069e-04,-1.055122162840265793e-04,-7.818455723684937801e-05
0.000000000000000000e+00,0.000000000000000000e+00,0.000000000000000000e+00,0.000000000000000000e+00,0.000000000000000000e+00,0.000000000000000000e+00,0.000000000000000000e+00,0.000000000000000000e+00,0.000000000000000000e+00,0.000000000000000000e+00,0.000000000000000000e+00,0.000000000000000000e+00,0.000000000000000000e+00,0.000000000000000000e+00,0.000000000000000000e+00,0.000000000000000000e+00,0.000000000000000000e+00,0.000000000000000000e+00,0.000000000000000000e+00,0.000000000000000000e+00,0.000000000000000000e+00,0.000000000000000000e+00,0.000000000000000000e+00,0.000000000000000000e+00,0.000000000000000000e+00,0.000000000000000000e+00,0.000000000000000000e+00,0.000000000000000000e+00,0.000000000000000000e+00,0.000000000000000000e+00,0.000000000000000000e+00,0.000000000000000000e+00,0.000000000000000000e+00,0.000000000000000000e+00,0.000000000000000000e+00,0.000000000000000000e+00,0.000000000000000000e+00,0.000000000000000000e+00,0.000000000000000000e+00,0.000000000000000000e+00,0.000000000000000000e+00,0.000000000000000000e+00,0.000000000000000000e+00,0.000000000000000000e+00,0.000000000000000000e+00,0.000000000000000000e+00,0.000000000000000000e+00,0.000000000000000000e+00,0.000000000000000000e+00,0.000000000000000000e+00,0.000000000000000000e+00,0.000000000000000000e+00,0.000000000000000000e+00,0.000000000000000000e+00,0.000000000000000000e+00,0.000000000000000000e+00,0.000000000000000000e+00,0.000000000000000000e+00,0.000000000000000000e+00,0.000000000000000000e+00,0.000000000000000000e+00,0.000000000000000000e+00,0.000000000000000000e+00,0.000000000000000000e+00,0.000000000000000000e+00,0.000000000000000000e+00,0.000000000000000000e+00,0.000000000000000000e+00,0.000000000000000000e+00,0.000000000000000000e+00,0.000000000000000000e+00,0.000000000000000000e+00,0.000000000000000000e+00,0.000000000000000000e+00,0.000000000000000000e+00,0.000000000000000000e+00,0.000000000000000000e+00,0.000000000000000000e+00,0.000000000000000000e+00,0.000000000000000000e+00,0.000000000000000000e+00,0.000000000000000000e+00,0.000000000000000000e+00,0.000000000000000000e+00,0.000000000000000000e+00,0.000000000000000000e+00,0.000000000000000000e+00,0.000000000000000000e+00,0.000000000000000000e+00,0.000000000000000000e+00,0.000000000000000000e+00,0.000000000000000000e+00,0.000000000000000000e+00,0.000000000000000000e+00,0.000000000000000000e+00,0.000000000000000000e+00,0.000000000000000000e+00,0.000000000000000000e+00,0.000000000000000000e+00,0.000000000000000000e+00,0.000000000000000000e+00,0.000000000000000000e+00,0.000000000000000000e+00,0.000000000000000000e+00,0.000000000000000000e+00,0.000000000000000000e+00,0.000000000000000000e+00,0.000000000000000000e+00,0.000000000000000000e+00,0.000000000000000000e+00,0.000000000000000000e+00,0.000000000000000000e+00,0.000000000000000000e+00,0.000000000000000000e+00,0.000000000000000000e+00,0.000000000000000000e+00,0.000000000000000000e+00,0.000000000000000000e+00,0.000000000000000000e+00,0.000000000000000000e+00,0.000000000000000000e+00,0.000000000000000000e+00,2.100966945788176952e-04,2.755966422704703915e-04,3.120185835297548506e-04,3.442856427505797037e-04,3.539969557171666783e-04,3.519070654281140887e-04,3.417143312051046985e-04,3.209620955420959304e-04,2.946712007042584275e-04,2.634934186870926520e-04,2.283002469375772854e-04,1.908546439905118902e-04,1.520797263773976621e-04,1.130840052455849080e-04,7.488093459654757427e-05,3.806768994835123168e-05,3.379124405529680497e-06,-2.864431697090358072e-05,-5.758524074752063832e-05,-8.313029598786427605e-05,-1.050778145949861478e-04,-1.233264139248306816e-04,-1.378498211997580434e-04,-1.487180654079237280e-04,-1.560626977178216940e-04,-1.600811621366064557e-04,-1.610181108884687045e-04,-1.591601463722569672e-04,-1.548220173500188175e-04,-1.483400222039236017e-04,-1.400593326975139833e-04,-1.303279148089949281e-04,-1.194866894832204775e-04,-1.078639560589907581e-04,-9.576848619343803024e-05,-8.348524982481395735e-05,-7.127116817347368461e-05,-5.935266589987344023e-05,-4.792380268615512810e-05,-3.714558711790703032e-05,-2.714616985551821120e-05,-1.802166381673619085e-05,-9.837934608357325550e-06,-2.632547570485150586e-06,3.582378781837518437e-06,8.817531248401489936e-06,1.310301548321332027e-05,1.648546281450236843e-05,1.902459809833435060e-05,2.079048103550679947e-05,2.186040335189361037e-05,2.231653378868011820e-05,2.224337061573368994e-05,2.172593354470402365e-05,2.084786249953218183e-05,1.969019401502898712e-05,1.833009232696195537e-05,1.684016650346836631e-05,1.528774676431435763e-05,1.373464409181975481e-05,1.223684440129485207e-05,1.084458697644226267e-05,9.602339864802452894e-06,8.549074702864563086e-06,7.718401419647506542e-06,7.138936955213073538e-06,6.834505515989190648e-06,6.824527308234638298e-06,7.124222299225779186e-06,7.744973953708853313e-06,8.694502771735172433e-06,9.977184025178179228e-06,1.159417907306610128e-05,1.354370352010526045e-05,1.582111898497867570e-05,1.841915902323643049e-05,2.132799225356061843e-05,2.453541864447137896e-05,2.802691796687065444e-05,3.178583008884310241e-05,3.579340223366084934e-05,4.002896525912356371e-05,4.446999061044572049e-05,4.909227153110974097e-05,5.386999729109333084e-05,5.877594518686777783e-05,6.378157677299778892e-05,6.885724425868792347e-05,7.397231156521629685e-05,7.909537731833247661e-05,8.419442221842390666e-05,8.923704958879843984e-05,9.419065896289011825e-05,9.902270329090287915e-05,1.037008862233478669e-04,1.081934322931604552e-04,1.124693021007802744e-04,1.164984683511545254e-04,1.202521395567846397e-04,1.237030314000441499e-04,1.268255863867082665e-04,1.295962273397325941e-04,1.319935582978365993e-04,1.339985855421567265e-04,1.355948843382718584e-04,1.367687730308239256e-04,1.375094311277653383e-04,1.378090137299340680e-04,1.376627089329740224e-04,1.370687830707882898e-04,1.360285692577529483e-04,1.345464383471899354e-04,1.326297152945722917e-04,1.302885759275974659e-04,1.275358931872452124e-04,1.243870652239279298e-04,1.208597989033469221e-04,1.169738798209339284e-04,1.127509051853409921e-04,1.082140105896564890e-04,1.033875680735195851e-04,9.829688752322092698e-05,9.296789809126736225e-05,8.742684373185539135e-05,8.169996708915259294e-05,7.581321885084836012e-05,6.979196271956691769e-05,6.366071705063259894e-05,5.744289769654354136e-05,5.116060792247144833e-05,4.483443293782715401e-05,3.848329056391747415e-05,3.212428736081029707e-05,2.577263821013920294e-05,1.944158939471098059e-05,1.314241045261226586e-05,6.884384691406047423e-06,6.748717061515497075e-07,-5.480639045163073069e-06,-1.157840142629136563e-05,-1.761630483708158778e-05,-2.359369367998038938e-05,-2.951121797602752986e-05,-3.537061303669620355e-05,-4.117452385550191452e-05,-4.692626112880990451e-05,-5.262961634151225158e-05,-5.828861121244029452e-05,-6.390732059939423747e-05,-6.948963201490739408e-05,-7.503909234043699798e-05,-8.055869232900470997e-05,-8.605075074314566010e-05,-9.151673588882997088e-05,-9.695719741542001681e-05,-1.023716331879421279e-04,-1.077584749023117241e-04,-1.131150043498093484e-04,-1.184373945970620479e-04,-1.237206753078916527e-04,-1.289588269047083427e-04,-1.341447904942245440e-04,-1.392706085459897904e-04,-1.443274714753753449e-04,-1.493058952819991650e-04,-1.541957942604495755e-04,-1.589866839677218273e-04,-1.636677680495932346e-04,-1.682281539811211236e-04,-1.726569416692486623e-04,-1.769434396328013444e-04,-1.810772438209392427e-04,-1.850484431554907591e-04,-1.888476787141804146e-04,-1.924663296382735425e-04,-1.958965452257163914e-04,-1.991314048311301679e-04,-2.021649181961969834e-04,-2.049921558269009484e-04,-2.076092157486261150e-04,-2.100133236379939507e-04,-2.122027668445056864e-04,-2.141769660214951413e-04,-2.159363794785018045e-04,-2.174825500103656100e-04,-2.188179842882674575e-04,-2.199461799127204887e-04,-2.208714855500833283e-04,-2.215991139194989465e-04,-2.221349887416228350e-04,-2.224857494560910948e-04,-2.226585908583443834e-04,-2.226612649302429198e-04,-2.225019184262705581e-04,-2.221890964245713947e-04,-2.217315822227677142e-04,-2.211384062353409215e-04,-2.204186915242013214e-04,-2.195816706105229474e-04,-2.186365389310916197e-04,-2.175924811260656505e-04,-2.164585337917629545e-04,-2.152436219438219904e-04,-2.139564317124677045e-04,-2.126054570270434496e-04,-2.111988824119039152e-04,-2.097446394614496288e-04,-2.082502995697925767e-04,-2.067231392964330775e-04,-2.051700424306652257e-04,-2.035975725038729448e-04,-2.020118826767055046e-04,-2.004187920936956787e-04,-1.988237007097621223e-04,-1.972316645330084509e-04,-1.956473124255554978e-04,-1.940749166546869146e-04,-1.925183148120221291e-04,-1.909809825715124256e-04,-1.894659825391873428e-04,-1.879760693335492548e-04,-1.865137155039791120e-04,-1.850812990336923110e-04,-1.836812596025617428e-04,-1.823163754653755000e-04,-1.809899977407259742e-04,-1.797062194989857635e-04,-1.784698394008706990e-04,-1.772858429584623719e-04,-1.761583839206390845e-04,-1.750887881675581843e-04,-1.740730766348547241e-04,-1.730986622688577301e-04,-1.721420064097580252e-04,-1.711674632439299604e-04,-1.701310557008381896e-04,-1.689894472018001724e-04,-1.677187900943923591e-04,-1.663400965265263382e-04,-1.649521123721507578e-04,-1.637569391775324924e-04,-1.630693113931380343e-04,-1.632776930288619205e-04,-1.647428221597547484e-04,-1.676004884589429519e-04,-1.714896145107594819e-04,-1.752325411692675120e-04,-1.766189673105657081e-04,-1.724865057437338536e-04,-1.594841156431832819e-04,-1.358709899833578896e-04,-1.046867976590547407e-04,-7.790758140108085511e-05
0.000000000000000000e+00,0.000000000000000000e+00,0.000000000000000000e+00,0.000000000000000000e+00,0.000000000000000000e+00,0.000000000000000000e+00,0.000000000000000000e+00,0.000000000000000000e+00,0.000000000000000000e+00,0.000000000000000000e+00,0.000000000000000000e+00,0.000000000000000000e+00,0.000000000000000000e+00,0.000000000000000000e+00,0.000000000000000000e+00,0.000000000000000000e+00,0.000000000000000000e+00,0.000000000000000000e+00,0.000000000000000000e+00,0.000000000000000000e+00,0.000000000000000000e+00,0.000000000000000000e+00,0.000000000000000000e+00,0.000000000000000000e+00,0.000000000000000000e+00,0.000000000000000000e+00,0.000000000000000000e+00,0.000000000000000000e+00,0.000000000000000000e+00,0.000000000000000000e+00,0.000000000000000000e+00,0.000000000000000000e+00,0.000000000000000000e+00,0.000000000000000000e+00,0.000000000000000000e+00,0.000000000000000000e+00,0.000000000000000000e+00,0.000000000000000000e+00,0.000000000000000000e+00,0.000000000000000000e+00,0.000000000000000000e+00,0.000000000000000000e+00,0.000000000000000000e+00,0.000000000000000000e+00,0.000000000000000000e+00,0.000000000000000000e+00,0.000000000000000000e+00,0.000000000000000000e+00,0.000000000000000000e+00,0.000000000000000000e+00,0.000000000000000000e+00,0.000000000000000000e+00,0.000000000000000000e+00,0.000000000000000000e+00,0.000000000000000000e+00,0.000000000000000000e+00,0.000000000000000000e+00,0.000000000000000000e+00,0.000000000000000000e+00,0.000000000000000000e+00,0.000000000000000000e+00,0.000000000000000000e+00,0.000000000000000000e+00,0.000000000000000000e+00,0.000000000000000000e+00,0.000000000000000000e+00,0.000000000000000000e+00,0.000000000000000000e+00,0.000000000000000000e+00,0.000000000000000000e+00,0.000000000000000000e+00,0.000000000000000000e+00,0.000000000000000000e+00,0.000000000000000000e+00,0.000000000000000000e+00,0.000000000000000000e+00,0.000000000000000000e+00,0.000000000000000000e+00,0.000000000000000000e+00,0.000000000000000000e+00,0.000000000000000000e+00,0.000000000000000000e+00,0.000000000000000000e+00,0.000000000000000000e+00,0.000000000000000000e+00,0.000000000000000000e+00,0.000000000000000000e+00,0.000000000000000000e+00,0.000000000000000000e+00,0.000000000000000000e+00,0.000000000000000000e+00,0.000000000000000000e+00,0.000000000000000000e+00,0.000000000000000000e+00,0.000000000000000000e+00,0.000000000000000000e+00,0.000000000000000000e+00,0.000000000000000000e+00,0.000000000000000000e+00,0.000000000000000000e+00,0.000000000000000000e+00,0.000000000000000000e+00,0.000000000000000000e+00,0.000000000000000000e+00,0.000000000000000000e+00,0.000000000000000000e+00,0.000000000000000000e+00,0.000000000000000000e+00,0.000000000000000000e+00,0.000000000000000000e+00,0.000000000000000000e+00,0.000000000000000000e+00,0.000000000000000000e+00,0.000000000000000000e+00,0.000000000000000000e+00,0.000000000000000000e+00,0.000000000000000000e+00,0.000000000000000000e+00,0.000000000000000000e+00,0.000000000000000000e+00,2.061288181710168330e-04,2.683374586581097586e-04,3.075985911245919481e-04,3.351925498225618270e-04,3.486725028148328592e-04,3.496258544850252723e-04,3.430768468130573315e-04,3.260477501942232476e-04,3.010956729822200574e-04,2.718013856158767497e-04,2.379040810938149494e-04,2.014833759856999532e-04,1.634839123470857038e-04,1.248398527290023340e-04,8.668284601205661485e-05,4.975907857088082210e-05,1.472879616742661204e-05,-1.780116911900027552e-05,-4.743011972199161636e-05,-7.378914206818156765e-05,-9.664893142868340886e-05,-1.158780172528880466e-04,-1.314336230398779090e-04,-1.433523054047784718e-04,-1.517472614867779862e-04,-1.567890937325768549e-04,-1.587070598262382934e-04,-1.577686427571409395e-04,-1.542762155126650172e-04,-1.485530365598273215e-04,-1.409372788442767933e-04,-1.317704021863752887e-04,-1.213917503363753795e-04,-1.101290394657326182e-04,-9.829433420436912603e-05,-8.617706023215274634e-05,-7.404140406091919559e-05,-6.212188991523152264e-05,-5.062243854771768275e-05,-3.971424837144314925e-05,-2.953644011588952664e-05,-2.019587684036616969e-05,-1.176910374519490655e-05,-4.303671577923001320e-06,2.179021677946308155e-06,7.681410492055613004e-06,1.222644382486603708e-05,1.585477404330963648e-05,1.862137308373388290e-05,2.059268519110113527e-05,2.184352368560786261e-05,2.245453581481533656e-05,2.250961158680424838e-05,2.209386820022649764e-05,2.129167673649381184e-05,2.018524319047479464e-05,1.885325665686771228e-05,1.737004526705614358e-05,1.580477700609201540e-05,1.422110274725621222e-05,1.267679632418418574e-05,1.122376197385429882e-05,9.907983211516546975e-06,8.769765878523529441e-06,7.843872457562974432e-06,7.159887883850114488e-06,6.742439411218941020e-06,6.611600319276113613e-06,6.783125585807287902e-06,7.268839013800881230e-06,8.076843862221311479e-06,9.211865258400917447e-06,1.067541800008931324e-05,1.246609554875426961e-05,1.457969323948754038e-05,1.700944781651492823e-05,1.974612413533139202e-05,2.277821626907396325e-05,2.609201057803930260e-05,2.967176202180332818e-05,3.349974742469305223e-05,3.755643012843606709e-05,4.182051575239353409e-05,4.626911599641130197e-05,5.087781635132104314e-05,5.562084679002055580e-05,6.047116776861382492e-05,6.540065270946089258e-05,7.038019610488287540e-05,7.537991068335022065e-05,8.036925971428500622e-05,8.531727038439856946e-05,9.019269101295300062e-05,9.496422073382280202e-05,9.960069049310105963e-05,1.040713069681135938e-04,1.083458534992937355e-04,1.123949431239648384e-04,1.161902321610860478e-04,1.197046737411992015e-04,1.229127332624463181e-04,1.257906306287318791e-04,1.283165440049078350e-04,1.304708268536073821e-04,1.322361849698593746e-04,1.335978538008454554e-04,1.345437339366838776e-04,1.350645152907574171e-04,1.351537581088294818e-04,1.348079532828367548e-04,1.340265393334308689e-04,1.328118921697948418e-04,1.311692730437169128e-04,1.291067460263943133e-04,1.266350571507792496e-04,1.237674832316966239e-04,1.205196477447633200e-04,1.169093097920415356e-04,1.129561271617647816e-04,1.086813987134289570e-04,1.041077890305950498e-04,9.925904086442345078e-05,9.415967850994353349e-05,8.883470894394502281e-05,8.330932236011742524e-05,7.760860119155879513e-05,7.175723610932822623e-05,6.577926127383291305e-05,5.969780263700922559e-05,5.353485565717597201e-05,4.731108011875422286e-05,4.104563336643395679e-05,3.475602228052856817e-05,2.845800109275679624e-05,2.216548688987920239e-05,1.589052652681691968e-05,9.643277379590947635e-06,3.432043089279227218e-06,-2.736683443704870922e-06,-8.858120433286184323e-06,-1.492909943681262392e-05,-2.094791104642788150e-05,-2.691416366757214723e-05,-3.282858721996806351e-05,-3.869286275974707570e-05,-4.450939935547626350e-05,-5.028115067970324756e-05,-5.601138148106952835e-05,-6.170348782998096189e-05,-6.736076954391888240e-05,-7.298627000787775954e-05,-7.858256954617651136e-05,-8.415165872274426684e-05,-8.969476511949381586e-05,-9.521227094667901556e-05,-1.007035822220620267e-04,-1.061670976744203250e-04,-1.116001252509250715e-04,-1.169989050351048901e-04,-1.223585737221902898e-04,-1.276732399866702073e-04,-1.329359934477223205e-04,-1.381390269986922223e-04,-1.432736832015998082e-04,-1.483306148708499119e-04,-1.532998590912376257e-04,-1.581710250794769615e-04,-1.629333843225279647e-04,-1.675760735775052364e-04,-1.720881890529403046e-04,-1.764589923833542002e-04,-1.806779972981305174e-04,-1.847351674157070018e-04,-1.886209853305776210e-04,-1.923266329343948787e-04,-1.958440350564417216e-04,-1.991660154809983974e-04,-2.022863099242397898e-04,-2.051996936767778686e-04,-2.079019614973143303e-04,-2.103900255663845907e-04,-2.126618625365027273e-04,-2.147165829866616539e-04,-2.165543481565798060e-04,-2.181764141339348744e-04,-2.195850225545871914e-04,-2.207834242146681440e-04,-2.217757491567524312e-04,-2.225670152312940215e-04,-2.231629835022621092e-04,-2.235701575139131293e-04,-2.237956299025391671e-04,-2.238470778492682915e-04,-2.237326062770716290e-04,-2.234607443038875714e-04,-2.230402895877440085e-04,-2.224803096806684491e-04,-2.217899910858783102e-04,-2.209786483955425635e-04,-2.200555805780336262e-04,-2.190300897792822837e-04,-2.179113463770396481e-04,-2.167084184336492470e-04,-2.154301462212598070e-04,-2.140851826129288552e-04,-2.126818771446716667e-04,-2.112283271640661201e-04,-2.097322710570068811e-04,-2.082011496867420403e-04,-2.066420080602920353e-04,-2.050615663125374805e-04,-2.034661285158160648e-04,-2.018616618485500973e-04,-2.002537101013302575e-04,-1.986474785236055170e-04,-1.970477479742878120e-04,-1.954589621632076934e-04,-1.938851382351416811e-04,-1.923299560912464646e-04,-1.907966672026798719e-04,-1.892881982399943742e-04,-1.878070772510509467e-04,-1.863555880897932535e-04,-1.849357561039994288e-04,-1.835496074402296815e-04,-1.821992473923847303e-04,-1.808872299150491756e-04,-1.796166401450128539e-04,-1.783913775329936844e-04,-1.772158547223855771e-04,-1.760946525307481971e-04,-1.750311231524512615e-04,-1.740257664311970062e-04,-1.730733420706785468e-04,-1.721604043086726466e-04,-1.712626088055341580e-04,-1.703450983857024133e-04,-1.693657592193369100e-04,-1.682862140739646041e-04,-1.670888771591027275e-04,-1.658037880042457699e-04,-1.645364283913529205e-04,-1.634932947818078654e-04,-1.629819033969118604e-04,-1.633727998722976627e-04,-1.649886477385885961e-04,-1.679185170717862404e-04,-1.717460806445918805e-04,-1.752643953160262595e-04,-1.762714797947654210e-04,-1.716992929013444111e-04,-1.583567188424355409e-04,-1.347143198244716731e-04,-1.038975996318594364e-04,-7.766595827580752406e-05
0.000000000000000000e+00,0.000000000000000000e+00,0.000000000000000000e+00,0.000000000000000000e+00,0.000000000000000000e+00,0.000000000000000000e+00,0.000000000000000000e+00,0.000000000000000000e+00,0.000000000000000000e+00,0.000000000000000000e+00,0.000000000000000000e+00,0.000000000000000000e+00,0.000000000000000000e+00,0.000000000000000000e+00,0.000000000000000000e+00,0.000000000000000000e+00,0.000000000000000000e+00,0.000000000000000000e+00,0.000000000000000000e+00,0.000000000000000000e+00,0.000000000000000000e+00,0.000000000000000000e+00,0.000000000000000000e+00,0.000000000000000000e+00,0.000000000000000000e+00,0.000000000000000000e+00,0.000000000000000000e+00,0.000000000000000000e+00,0.000000000000000000e+00,0.000000000000000000e+00,0.000000000000000000e+00,0.000000000000000000e+00,0.000000000000000000e+00,0.000000000000000000e+00,0.000000000000000000e+00,0.000000000000000000e+00,0.000000000000000000e+00,0.000000000000000000e+00,0.000000000000000000e+00,0.000000000000000000e+00,0.000000000000000000e+00,0.000000000000000000e+00,0.000000000000000000e+00,0.000000000000000000e+00,0.000000000000000000e+00,0.000000000000000000e+00,0.000000000000000000e+00,0.000000000000000000e+00,0.000000000000000000e+00,0.000000000000000000e+00,0.000000000000000000e+00,0.000000000000000000e+00,0.000000000000000000e+00,0.000000000000000000e+00,0.000000000000000000e+00,0.000000000000000000e+00,0.000000000000000000e+00,0.000000000000000000e+00,0.000000000000000000e+00,0.000000000000000000e+00,0.000000000000000000e+00,0.000000000000000000e+00,0.000000000000000000e+00,0.000000000000000000e+00,0.000000000000000000e+00,0.000000000000000000e+00,0.000000000000000000e+00,0.000000000000000000e+00,0.000000000000000000e+00,0.000000000000000000e+00,0.000000000000000000e+00,0.000000000000000000e+00,0.000000000000000000e+00,0.000000000000000000e+00,0.000000000000000000e+00,0.000000000000000000e+00,0.000000000000000000e+00,0.000000000000000000e+00,0.000000000000000000e+00,0.000000000000000000e+00,0.000000000000000000e+00,0.000000000000000000e+00,0.000000000000000000e+00,0.000000000000000000e+00,0.000000000000000000e+00,0.000000000000000000e+00,0.000000000000000000e+00,0.000000000000000000e+00,0.000000000000000000e+00,0.000000000000000000e+00,0.000000000000000000e+00,0.000000000000000000e+00,0.000000000000000000e+00,0.000000000000000000e+00,0.000000000000000000e+00,0.000000000000000000e+00,0.000000000000000000e+00,0.000000000000000000e+00,0.000000000000000000e+00,0.000000000000000000e+00,0.000000000000000000e+00,0.000000000000000000e+00,0.000000000000000000e+00,0.000000000000000000e+00,0.000000000000000000e+00,0.000000000000000000e+00,0.000000000000000000e+00,0.000000000000000000e+00,0.000000000000000000e+00,0.000000000000000000e+00,0.000000000000000000e+00,0.000000000000000000e+00,0.000000000000000000e+00,0.000000000000000000e+00,0.000000000000000000e+00,0.000000000000000000e+00,0.000000000000000000e+00,0.000000000000000000e+00,0.000000000000000000e+00,2.235986268338907925e-04,2.829058371395863462e-04,3.147944758325700912e-04,3.461241244519072842e-04,3.489073316639217212e-04,3.438858608761282418e-04,3.295830145753715548e-04,3.073455365997988212e-04,2.798068023253362795e-04,2.472976161446791151e-04,2.115502317844498341e-04,1.743809564191641567e-04,1.362058817685562573e-04,9.823371583820692703e-05,6.123342235214775000e-05,2.592391537481467646e-05,-7.070734492451990428e-06,-3.729204074169161767e-05,-6.439419457125494838e-05,-8.809489548141258720e-05,-1.082497034561970744e-04,-1.247791451306874894e-04,-1.377025140177406883e-04,-1.471065085043562278e-04,-1.531451820418085056e-04,-1.560235886759669206e-04,-1.559957851814958575e-04,-1.533471723549583701e-04,-1.483914339522601083e-04,-1.414559793993778352e-04,-1.328771159409108385e-04,-1.229894892106914042e-04,-1.121206582430660692e-04,-1.005833629294674398e-04,-8.867118364474762117e-05,-7.665338205732228835e-05,-6.477202497616281669e-05,-5.323923404366676744e-05,-4.223587279907158027e-05,-3.191092748496715564e-05,-2.238169610439327210e-05,-1.373486302534081685e-05,-6.027930395195323848e-06,7.084787473202137742e-07,6.468320148485173062e-06,1.126707935033134313e-05,1.513901812522813373e-05,1.813384642558758261e-05,2.031391060987139559e-05,2.175099133347400599e-05,2.252376072700059607e-05,2.271500607728645565e-05,2.240957221047449040e-05,2.169217782286461633e-05,2.064593584914282574e-05,1.935080580831921980e-05,1.788268439212697790e-05,1.631244684596942188e-05,1.470553273222994976e-05,1.312147324528934296e-05,1.161385927631824973e-05,1.023022520654081959e-05,9.012274387462250905e-06,7.995989494711790987e-06,7.212000318497964140e-06,6.685809909664383691e-06,6.438213861786375886e-06,6.485560975193452794e-06,6.840162817407374006e-06,7.510538269091148513e-06,8.501779524591602022e-06,9.815755607723215904e-06,1.145142202935477926e-05,1.340497667203859385e-05,1.567011416495360095e-05,1.823813890551997057e-05,2.109817322938783188e-05,2.423723856042359770e-05,2.764043029013367965e-05,3.129098047112936895e-05,3.517041300351948980e-05,3.925860092924308910e-05,4.353391408098488617e-05,4.797328198928474288e-05,5.255234357524764634e-05,5.724552384943825209e-05,6.202619231790492001e-05,6.686675880541919433e-05,7.173884468733134827e-05,7.661340090862490807e-05,8.146089430668992351e-05,8.625144925278186488e-05,9.095504990032956790e-05,9.554170531942962348e-05,9.998166680102515220e-05,1.042456142078478873e-04,1.083048849662009047e-04,1.121316763611713760e-04,1.156992795851914153e-04,1.189822891907081306e-04,1.219568321269987586e-04,1.246007722842222424e-04,1.268939216600475906e-04,1.288182256880626654e-04,1.303579422373872065e-04,1.314997927796166758e-04,1.322330952225041906e-04,1.325498671350079573e-04,1.324449004903757959e-04,1.319158060209683664e-04,1.309630215541109533e-04,1.295897907730957630e-04,1.278021015440693436e-04,1.256085974163206312e-04,1.230204476261865490e-04,1.200511950177822164e-04,1.167165646863336072e-04,1.130342570547599807e-04,1.090237068290011345e-04,1.047058342224002191e-04,1.001027695864326240e-04,9.523757884896665320e-05,9.013397156396827379e-05,8.481601830999495469e-05,7.930786083890663241e-05,7.363343942567662326e-05,6.781622331924718459e-05,6.187896491998646164e-05,5.584346697118886340e-05,4.973037814045152091e-05,4.355901054020938542e-05,3.734718801756937523e-05,3.111112388795412935e-05,2.486532925104324536e-05,1.862255652574044821e-05,1.239377067402928104e-05,6.188159534838181726e-06,1.316624947915972415e-08,-6.125437194879302225e-06,-1.222346245988010135e-05,-1.827817595347591063e-05,-2.428816629672138699e-05,-3.025317152992674705e-05,-3.617391474932613249e-05,-4.205190158631453819e-05,-4.788923931376137534e-05,-5.368842032169996971e-05,-5.945214088267803402e-05,-6.518308663312619893e-05,-7.088376678566685445e-05,-7.655631662408918768e-05,-8.220236128851507928e-05,-8.782284809528746619e-05,-9.341795125775963226e-05,-9.898694365594726458e-05,-1.045281502493927201e-04,-1.100388650501523248e-04,-1.155153568763335193e-04,-1.209528330981667500e-04,-1.263454971511167530e-04,-1.316865565219613263e-04,-1.369683274848550506e-04,-1.421822811345972118e-04,-1.473191874727689476e-04,-1.523691904032383870e-04,-1.573219808507464153e-04,-1.621668897291834413e-04,-1.668930783901844696e-04,-1.714896377711745332e-04,-1.759457842022227412e-04,-1.802509532261118038e-04,-1.843949895716049943e-04,-1.883682253962610186e-04,-1.921616548903044668e-04,-1.957669887157427642e-04,-1.991768060025734589e-04,-2.023845792746884441e-04,-2.053847992526279455e-04,-2.081729672794731375e-04,-2.107456910644776990e-04,-2.131006442742708991e-04,-2.152366338711859516e-04,-2.171535288739108243e-04,-2.188523020644795333e-04,-2.203349317728628951e-04,-2.216044222971453063e-04,-2.226646838365887494e-04,-2.235205369351385505e-04,-2.241775763428142856e-04,-2.246421651668191542e-04,-2.249212885303714668e-04,-2.250225429618990080e-04,-2.249539853414125336e-04,-2.247241224915992597e-04,-2.243417601699677433e-04,-2.238159969832101382e-04,-2.231560772466828621e-04,-2.223713923469489184e-04,-2.214713402754388695e-04,-2.204653365484170483e-04,-2.193626822334801497e-04,-2.181725855938924799e-04,-2.169040395635353318e-04,-2.155658544795694038e-04,-2.141665452842166062e-04,-2.127143751047428635e-04,-2.112172519953611901e-04,-2.096827827187606986e-04,-2.081181785856485499e-04,-2.065303185077743979e-04,-2.049256633136717918e-04,-2.033103267702493716e-04,-2.016899973719278171e-04,-2.000700152207145546e-04,-1.984552994320548311e-04,-1.968504273913995750e-04,-1.952595649347357734e-04,-1.936865435953671129e-04,-1.921347917690870079e-04,-1.906074084944138589e-04,-1.891071016149778157e-04,-1.876362685527665629e-04,-1.861969662917035170e-04,-1.847910306329370099e-04,-1.834201249713240088e-04,-1.820859384171638704e-04,-1.807903469053544405e-04,-1.795356676390738625e-04,-1.783248419197746692e-04,-1.771615117897531620e-04,-1.760498536216264630e-04,-1.749939161240376571e-04,-1.739964788452979052e-04,-1.730570455459196902e-04,-1.721695365677864428e-04,-1.713194759848214537e-04,-1.704824661485657231e-04,-1.696242198308749399e-04,-1.687055921758446881e-04,-1.676925698157560147e-04,-1.665750518630240175e-04,-1.653904352617023999e-04,-1.642519520224763115e-04,-1.633670747848993388e-04,-1.630372658978983356e-04,-1.636101924891046665e-04,-1.653736666052068693e-04,-1.683647484409515243e-04,-1.721198169067213689e-04,-1.753967838729560190e-04,-1.760147231080680516e-04,-1.709877994003267717e-04,-1.572981972630671250e-04,-1.336017191685986798e-04,-1.031301002151651969e-04,-7.740296335802787349e-05
0.000000000000000000e+00,0.000000000000000000e+00,0.000000000000000000e+00,0.000000000000000000e+00,0.000000000000000000e+00,0.000000000000000000e+00,0.000000000000000000e+00,0.000000000000000000e+00,0.000000000000000000e+00,0.000000000000000000e+00,0.000000000000000000e+00,0.000000000000000000e+00,0.000000000000000000e+00,0.000000000000000000e+00,0.000000000000000000e+00,0.000000000000000000e+00,0.000000000000000000e+00,0.000000000000000000e+00,0.000000000000000000e+00,0.000000000000000000e+00,0.000000000000000000e+00,0.000000000000000000e+00,0.000000000000000000e+00,0.000000000000000000e+00,0.000000000000000000e+00,0.000000000000000000e+00,0.000000000000000000e+00,0.000000000000000000e+00,0.000000000000000000e+00,0.000000000000000000e+00,0.000000000000000000e+00,0.000000000000000000e+00,0.000000000000000000e+00,0.000000000000000000e+00,0.000000000000000000e+00,0.000000000000000000e+00,0.000000000000000000e+00,0.000000000000000000e+00,0.000000000000000000e+00,0.000000000000000000e+00,0.000000000000000000e+00,0.000000000000000000e+00,0.000000000000000000e+00,0.000000000000000000e+00,0.000000000000000000e+00,0.000000000000000000e+00,0.000000000000000000e+00,0.000000000000000000e+00,0.000000000000000000e+00,0.000000000000000000e+00,0.000000000000000000e+00,0.000000000000000000e+00,0.000000000000000000e+00,0.000000000000000000e+00,0.000000000000000000e+00,0.000000000000000000e+00,0.000000000000000000e+00,0.000000000000000000e+00,0.000000000000000000e+00,0.000000000000000000e+00,0.000000000000000000e+00,0.000000000000000000e+00,0.000000000000000000e+00,0.000000000000000000e+00,0.000000000000000000e+00,0.000000000000000000e+00,0.000000000000000000e+00,0.000000000000000000e+00,0.000000000000000000e+00,0.000000000000000000e+00,0.000000000000000000e+00,0.000000000000000000e+00,0.000000000000000000e+00,0.000000000000000000e+00,0.000000000000000000e+00,0.000000000000000000e+00,0.000000000000000000e+00,0.000000000000000000e+00,0.000000000000000000e+00,0.000000000000000000e+00,0.000000000000000000e+00,0.000000000000000000e+00,0.000000000000000000e+00,0.000000000000000000e+00,0.000000000000000000e+00,0.000000000000000000e+00,0.000000000000000000e+00,0.000000000000000000e+00,0.000000000000000000e+00,0.000000000000000000e+00,0.000000000000000000e+00,0.000000000000000000e+00,0.000000000000000000e+00,0.000000000000000000e+00,0.000000000000000000e+00,0.000000000000000000e+00,0.000000000000000000e+00,0.000000000000000000e+00,0.000000000000000000e+00,0.000000000000000000e+00,0.000000000000000000e+00,0.000000000000000000e+00,0.000000000000000000e+00,0.000000000000000000e+00,0.000000000000000000e+00,0.000000000000000000e+00,0.000000000000000000e+00,0.000000000000000000e+00,0.000000000000000000e+00,0.000000000000000000e+00,0.000000000000000000e+00,0.000000000000000000e+00,0.000000000000000000e+00,0.000000000000000000e+00,0.000000000000000000e+00,0.000000000000000000e+00,0.000000000000000000e+00,2.269575454141233592e-04,2.790565784975241551e-04,3.124112872703566058e-04,3.357253019624042338e-04,3.462717830893716599e-04,3.432011376575622250e-04,3.339088123031868477e-04,3.129795964344886166e-04,2.871154566741221338e-04,2.561622995935829519e-04,2.216716675984348932e-04,1.850140064409476297e-04,1.472970942985655206e-04,1.094452330037280264e-04,7.250110925379714682e-05,3.697424230829349494e-05,3.581119710611591281e-06,-2.719567816949624043e-05,-5.496463315847606549e-05,-7.944610376347736836e-05,-1.004564693029788585e-04,-1.179095548770384128e-04,-1.317870297917546926e-04,-1.421612934938114715e-04,-1.491616931305736926e-04,-1.529784876618844912e-04,-1.538460330754081796e-04,-1.520372555912270513e-04,-1.478515747360997811e-04,-1.416083971211984100e-04,-1.336357121422141261e-04,-1.242644441669002149e-04,-1.138192700139045076e-04,-1.026136866592690513e-04,-9.094319325072241762e-05,-7.908171255399753347e-05,-6.727696712306027661e-05,-5.574866320819506991e-05,-4.468588896196835122e-05,-3.424696335708766879e-05,-2.455866665576357974e-05,-1.571752009421463234e-05,-7.790519723072504183e-06,-8.175053443849007884e-07,5.187017504735806113e-06,1.023081654125419980e-05,1.434145636887839598e-05,1.756295627243113978e-05,1.995308064892945996e-05,2.158009008856605254e-05,2.252016373590043268e-05,2.285453912094849132e-05,2.266733468524200593e-05,2.204326241873819702e-05,2.106599597765003310e-05,1.981651981166691721e-05,1.837207219453926646e-05,1.680509717600264970e-05,1.518270797465232870e-05,1.356614693418530012e-05,1.201066615727763368e-05,1.056537102159225508e-05,9.273395054885220654e-06,8.171997508393527828e-06,7.292912518155917560e-06,6.662585374253212929e-06,6.302595970366831343e-06,6.229944931692209611e-06,6.457480111286219172e-06,6.994174250846851966e-06,7.845512379161014829e-06,9.013729996252589202e-06,1.049814292766552383e-05,1.229533539109835407e-05,1.439943005592228252e-05,1.680222819596238331e-05,1.949342700340885964e-05,2.246072095909312731e-05,2.568997805103342624e-05,2.916531472471031223e-05,3.286924435351278587e-05,3.678273886404140271e-05,4.088536237284188997e-05,4.515533145850232513e-05,4.956964502436906706e-05,5.410415296793295983e-05,5.873369077268429395e-05,6.343216366991956184e-05,6.817269177688180129e-05,7.292771427066034693e-05,7.766914855521099743e-05,8.236851686946311795e-05,8.699712115246995394e-05,9.152619280753770785e-05,9.592708330836163832e-05,1.001714360138716278e-04,1.042313905067456317e-04,1.080797728650082721e-04,1.116903089050690686e-04,1.150378260883615651e-04,1.180984674596795194e-04,1.208498948965384723e-04,1.232714922997420345e-04,1.253445569978179025e-04,1.270524785025177223e-04,1.283809033492235095e-04,1.293178751190827177e-04,1.298539582861342066e-04,1.299823264900693855e-04,1.296988331274414154e-04,1.290020379107755888e-04,1.278932157068974566e-04,1.263763158278245432e-04,1.244579054843307899e-04,1.221470614604710386e-04,1.194552499107318799e-04,1.163961554521248748e-04,1.129855042649762685e-04,1.092408406008068075e-04,1.051813047023816069e-04,1.008273707649918170e-04,9.620059464128068096e-05,9.132333007015544523e-05,8.621846320937371039e-05,8.090912528603853631e-05,7.541843162850096858e-05,6.976920878818567676e-05,6.398375497916551614e-05,5.808359829670365612e-05,5.208929348634141251e-05,4.602022533765817019e-05,3.989445371819506898e-05,3.372857278940128394e-05,2.753761250368914995e-05,2.133496023373172035e-05,1.513232270272780578e-05,8.939712212454821092e-06,2.765468538472311968e-06,-3.383692536135283789e-06,-9.502602181506458417e-06,-1.558753422043228357e-05,-2.163608174039479494e-05,-2.764700727564352903e-05,-3.362008515934906169e-05,-3.955591933260077888e-05,-4.545576587841159143e-05,-5.132133344105641482e-05,-5.715460158709126766e-05,-6.295761944824461161e-05,-6.873233550207766306e-05,-7.448040940334099984e-05,-8.020306747271477060e-05,-8.590094081768127584e-05,-9.157395836798211321e-05,-9.722122149064030521e-05,-1.028409430503150149e-04,-1.084303650578046408e-04,-1.139857482880463676e-04,-1.195023354286405877e-04,-1.249743916301803521e-04,-1.303952115338941075e-04,-1.357572071448002494e-04,-1.410519533980608589e-04,-1.462703163036380605e-04,-1.514025286788947143e-04,-1.564383489007371950e-04,-1.613671563352314512e-04,-1.661781294424391421e-04,-1.708603494064913709e-04,-1.754029858387382381e-04,-1.797953971722614241e-04,-1.840273127636331534e-04,-1.880889196616627611e-04,-1.919710313675024088e-04,-1.956651524305455937e-04,-1.991636262666651583e-04,-2.024596714191672470e-04,-2.055475033807225378e-04,-2.084223390066980842e-04,-2.110804899563999062e-04,-2.135193343769237325e-04,-2.157373821142757387e-04,-2.177342151618810143e-04,-2.195105269670324737e-04,-2.210680350766564960e-04,-2.224094985362099722e-04,-2.235386075453628819e-04,-2.244599840399691523e-04,-2.251790539562081742e-04,-2.257020365886175134e-04,-2.260358052828291347e-04,-2.261878711336804716e-04,-2.261662376590354391e-04,-2.259793839403035536e-04,-2.256361181893249237e-04,-2.251455646677109185e-04,-2.245170201706399304e-04,-2.237599481159491374e-04,-2.228838409764836287e-04,-2.218982239246177217e-04,-2.208125252450113295e-04,-2.196360909686231465e-04,-2.183780643824801164e-04,-2.170474122562389635e-04,-2.156528138038873034e-04,-2.142026984505507119e-04,-2.127051440229811401e-04,-2.111679255614119701e-04,-2.095984221350268256e-04,-2.080036759594303098e-04,-2.063903070066908021e-04,-2.047645815631150411e-04,-2.031323335733332546e-04,-2.014990415575206929e-04,-1.998697551044691936e-04,-1.982491784771462620e-04,-1.966415996141815793e-04,-1.950509778137667755e-04,-1.934808714659014468e-04,-1.919345271871042424e-04,-1.904148035205753227e-04,-1.889242632930377720e-04,-1.874650980566337441e-04,-1.860392389209072678e-04,-1.846483034716804410e-04,-1.832937615235220657e-04,-1.819769424893864015e-04,-1.806992984420163924e-04,-1.794624850329546882e-04,-1.782686972897520969e-04,-1.771207010593101982e-04,-1.760220128610008009e-04,-1.749764831841157378e-04,-1.739878088086176957e-04,-1.730580573956226197e-04,-1.721860509333373625e-04,-1.713647219490046147e-04,-1.705791448338010610e-04,-1.698047207624042037e-04,-1.690086599679308692e-04,-1.681544513161343157e-04,-1.672135833576052092e-04,-1.661823622142113044e-04,-1.651065192260544191e-04,-1.641044352315348801e-04,-1.633852612247438439e-04,-1.632399868455065438e-04,-1.639949565283226561e-04,-1.658978333803677271e-04,-1.689387875353851997e-04,-1.726020218372343305e-04,-1.756213092009675553e-04,-1.758304603809367173e-04,-1.703410432450674808e-04,-1.562928119502968063e-04,-1.325422841531021770e-04,-1.023981245999872335e-04,-7.717321427839583662e-05
0.000000000000000000e+00,0.000000000000000000e+00,0.000000000000000000e+00,0.000000000000000000e+00,0.000000000000000000e+00,0.000000000000000000e+00,0.000000000000000000e+00,0.000000000000000000e+00,0.000000000000000000e+00,0.000000000000000000e+00,0.000000000000000000e+00,0.000000000000000000e+00,0.000000000000000000e+00,0.000000000000000000e+00,0.000000000000000000e+00,0.000000000000000000e+00,0.000000000000000000e+00,0.000000000000000000e+00,0.000000000000000000e+00,0.000000000000000000e+00,0.000000000000000000e+00,0.000000000000000000e+00,0.000000000000000000e+00,0.000000000000000000e+00,0.000000000000000000e+00,0.000000000000000000e+00,0.000000000000000000e+00,0.000000000000000000e+00,0.000000000000000000e+00,0.000000000000000000e+00,0.000000000000000000e+00,0.000000000000000000e+00,0.000000000000000000e+00,0.000000000000000000e+00,0.000000000000000000e+00,0.000000000000000000e+00,0.000000000000000000e+00,0.000000000000000000e+00,0.000000000000000000e+00,0.000000000000000000e+00,0.000000000000000000e+00,0.000000000000000000e+00,0.000000000000000000e+00,0.000000000000000000e+00,0.000000000000000000e+00,0.000000000000000000e+00,0.000000000000000000e+00,0.000000000000000000e+00,0.000000000000000000e+00,0.000000000000000000e+00,0.000000000000000000e+00,0.000000000000000000e+00,0.000000000000000000e+00,0.000000000000000000e+00,0.000000000000000000e+00,0.000000000000000000e+00,0.000000000000000000e+00,0.000000000000000000e+00,0.000000000000000000e+00,0.000000000000000000e+00,0.000000000000000000e+00,0.000000000000000000e+00,0.000000000000000000e+00,0.000000000000000000e+00,0.000000000000000000e+00,0.000000000000000000e+00,0.000000000000000000e+00,0.000000000000000000e+00,0.000000000000000000e+00,0.000000000000000000e+00,0.000000000000000000e+00,0.000000000000000000e+00,0.000000000000000000e+00,0.000000000000000000e+00,0.000000000000000000e+00,0.000000000000000000e+00,0.000000000000000000e+00,0.000000000000000000e+00,0.000000000000000000e+00,0.000000000000000000e+00,0.000000000000000000e+00,0.000000000000000000e+00,0.000000000000000000e+00,0.000000000000000000e+00,0.000000000000000000e+00,0.000000000000000000e+00,0.000000000000000000e+00,0.000000000000000000e+00,0.000000000000000000e+00,0.000000000000000000e+00,0.000000000000000000e+00,0.000000000000000000e+00,0.000000000000000000e+00,0.000000000000000000e+00,0.000000000000000000e+00,0.000000000000000000e+00,0.000000000000000000e+00,0.000000000000000000e+00,0.000000000000000000e+00,0.000000000000000000e+00,0.000000000000000000e+00,0.000000000000000000e+00,0.000000000000000000e+00,0.000000000000000000e+00,0.000000000000000000e+00,0.000000000000000000e+00,0.000000000000000000e+00,0.000000000000000000e+00,0.000000000000000000e+00,0.000000000000000000e+00,0.000000000000000000e+00,0.000000000000000000e+00,0.000000000000000000e+00,0.000000000000000000e+00,0.000000000000000000e+00,2.026768653253673729e-04,2.718861201169001421e-04,3.037892689348199986e-04,3.235402015382454928e-04,3.459710948404938957e-04,3.438790689885220402e-04,3.352491778980802475e-04,3.186446021761996724e-04,2.934308615673566979e-04,2.646764581623734219e-04,2.310129338206304175e-04,1.953140488872722488e-04,1.580854095580644663e-04,1.205220600516018840e-04,8.350970632048627343e-05,4.785768694739278128e-05,1.410839813270647111e-05,-1.713063252040667762e-05,-4.552475859476361826e-05,-7.072314326845435817e-05,-9.253640731391318483e-05,-1.108468002791427611e-04,-1.256303733445366842e-04,-1.369279156948783878e-04,-1.448564438648946651e-04,-1.495818080264581381e-04,-1.513265964264167394e-04,-1.503464584609003334e-04,-1.469304182735128622e-04,-1.413857503181191347e-04,-1.340340538443947609e-04,-1.251996056136256733e-04,-1.152049435033051779e-04,-1.043618794558613655e-04,-9.296772831269980119e-05,-8.129904151421861241e-05,-6.960874997456949589e-05,-5.812245988748725346e-05,-4.703690090384228512e-05,-3.651841726807388542e-05,-2.670278477932064973e-05,-1.769549688504969950e-05,-9.572788423019510659e-06,-2.383301862352326204e-06,3.849965472085347559e-06,9.127069128698641313e-06,1.346858994708550729e-05,1.691256001043434670e-05,1.951171240617393589e-05,2.133032964670161932e-05,2.244160268713213852e-05,2.292473632997517552e-05,2.286267987741732321e-05,2.233972359241601408e-05,2.143976164065926256e-05,2.024449458797734203e-05,1.883227373046795805e-05,1.727691342857243305e-05,1.564707427658547335e-05,1.400561046881557972e-05,1.240939350090318008e-05,1.090907845928823025e-05,9.549246647444494410e-06,8.368462390755179584e-06,7.399613002640504928e-06,6.670136018711378813e-06,6.202451362906699510e-06,6.014261370565461841e-06,6.118996537516725486e-06,6.526120117823580401e-06,7.241538175152074736e-06,8.267869481506349316e-06,9.604796227047246549e-06,1.124928300075385019e-05,1.319586294804272689e-05,1.543680492538109127e-05,1.796234084417418247e-05,2.076078844441227501e-05,2.381873071192306562e-05,2.712110539877853142e-05,3.065134927661824972e-05,3.439146683556237757e-05,3.832215237975852032e-05,4.242285015549501510e-05,4.667186627050356633e-05,5.104643109932453131e-05,5.552281104585378283e-05,6.007638192727544224e-05,6.468174819535536151e-05,6.931283355595726635e-05,7.394301279381003129e-05,7.854522350114889078e-05,8.309211341845233376e-05,8.755617506296385394e-05,9.190990957711022205e-05,9.612598414047196136e-05,1.001774113791775760e-04,1.040377272574968934e-04,1.076811826660272164e-04,1.110829366615913245e-04,1.142192537623826199e-04,1.170677040493291676e-04,1.196073563350762684e-04,1.218189733753178525e-04,1.236851882331908132e-04,1.251906805306886175e-04,1.263223218176051719e-04,1.270693181311945098e-04,1.274233105301491372e-04,1.273784705432988635e-04,1.269315443399619619e-04,1.260818908148113218e-04,1.248314618355419753e-04,1.231847772768133932e-04,1.211488388428866449e-04,1.187330416998730906e-04,1.159490248450919641e-04,1.128105244019963403e-04,1.093331687402561344e-04,1.055342833787603813e-04,1.014326434793488396e-04,9.704824415666497503e-05,9.240202617566608677e-05,8.751562797470723303e-05,8.241110216524194520e-05,7.711066661069039280e-05,7.163642961627312894e-05,6.601015700736201331e-05,6.025302281529969217e-05,5.438540762039213342e-05,4.842668928520502434e-05,4.239508510929628887e-05,3.630749398106560287e-05,3.017939138138886628e-05,2.402473048817622709e-05,1.785589503051227407e-05,1.168366264960464513e-05,5.517216311181901033e-06,-6.358311356589275606e-07,-6.769370557930152888e-06,-1.287871605059569331e-05,-1.896049110899128808e-05,-2.501250125412998008e-05,-3.103358375190817993e-05,-3.702344546098337521e-05,-4.298248964228840798e-05,-4.891163323934969608e-05,-5.481212583003329243e-05,-6.068536150036171501e-05,-6.653270528392326991e-05,-7.235531449655262801e-05,-7.815398705331914712e-05,-8.392900560751019958e-05,-8.968002000833158883e-05,-9.540592497713358240e-05,-1.011047858664261464e-04,-1.067737571587472014e-04,-1.124090569107257258e-04,-1.180059294131480659e-04,-1.235586696172199205e-04,-1.290606292341923262e-04,-1.345042884435826023e-04,-1.398813009244629312e-04,-1.451826066052649543e-04,-1.503985079567617144e-04,-1.555188147700097858e-04,-1.605329417618256286e-04,-1.654300745740917681e-04,-1.701992775040953878e-04,-1.748296692018713153e-04,-1.793105291766537387e-04,-1.836314720080644061e-04,-1.877825421252170583e-04,-1.917543766167005884e-04,-1.955382794471692456e-04,-1.991263649405752541e-04,-2.025116048565064604e-04,-2.056879470618077450e-04,-2.086503314635099356e-04,-2.113947810022820005e-04,-2.139183850442956359e-04,-2.162193623676632445e-04,-2.182970130200927086e-04,-2.201517551914090550e-04,-2.217850485554331169e-04,-2.231994086817834988e-04,-2.243983063605522717e-04,-2.253861644130806705e-04,-2.261682384053898920e-04,-2.267506013411359938e-04,-2.271400115140248110e-04,-2.273438906541619625e-04,-2.273701845145057658e-04,-2.272273396806750653e-04,-2.269241619365001364e-04,-2.264697962527474693e-04,-2.258735871595927806e-04,-2.251450655248700351e-04,-2.242938141980346518e-04,-2.233294642009167488e-04,-2.222615679156573099e-04,-2.210996063386297958e-04,-2.198528711567182233e-04,-2.185304838362507780e-04,-2.171412871390844958e-04,-2.156938760879366899e-04,-2.141964988519373453e-04,-2.126570990849470822e-04,-2.110832256860158129e-04,-2.094820856497490503e-04,-2.078604619841562310e-04,-2.062247760111977880e-04,-2.045810126435642945e-04,-2.029347909292073741e-04,-2.012912957996917961e-04,-1.996553553266382285e-04,-1.980313777017460883e-04,-1.964234329091077988e-04,-1.948351929489191311e-04,-1.932700145246191896e-04,-1.917308800261677780e-04,-1.902204777492342484e-04,-1.887411433230757934e-04,-1.872949382717981059e-04,-1.858836005814500461e-04,-1.845086348952274316e-04,-1.831712986388653850e-04,-1.818727345019228211e-04,-1.806140331732993150e-04,-1.793964360394943215e-04,-1.782214868077122781e-04,-1.770912536579899194e-04,-1.760084470260350439e-04,-1.749764028237960479e-04,-1.739987931245614390e-04,-1.730788540422859055e-04,-1.722181743779985555e-04,-1.714147602039097732e-04,-1.706609854089610767e-04,-1.699413478634156222e-04,-1.692317820369952945e-04,-1.685007963160557146e-04,-1.677155229771697652e-04,-1.668523127334630893e-04,-1.659148915487466372e-04,-1.649555680854219064e-04,-1.640986094695939064e-04,-1.635514285579594174e-04,-1.635954907094954119e-04,-1.645311180032603621e-04,-1.665689359664706366e-04,-1.696474579996882072e-04,-1.732064389800823953e-04,-1.759502510792997066e-04,-1.757395196148624824e-04,-1.697717978595578658e-04,-1.553568219628102831e-04,-1.315272514546732621e-04,-1.016880042457974997e-04,-7.692389009298447480e-05
0.000000000000000000e+00,0.000000000000000000e+00,0.000000000000000000e+00,0.000000000000000000e+00,0.000000000000000000e+00,0.000000000000000000e+00,0.000000000000000000e+00,0.000000000000000000e+00,0.000000000000000000e+00,0.000000000000000000e+00,0.000000000000000000e+00,0.000000000000000000e+00,0.000000000000000000e+00,0.000000000000000000e+00,0.000000000000000000e+00,0.000000000000000000e+00,0.000000000000000000e+00,0.000000000000000000e+00,0.000000000000000000e+00,0.000000000000000000e+00,0.000000000000000000e+00,0.000000000000000000e+00,0.000000000000000000e+00,0.000000000000000000e+00,0.000000000000000000e+00,0.000000000000000000e+00,0.000000000000000000e+00,0.000000000000000000e+00,0.000000000000000000e+00,0.000000000000000000e+00,0.000000000000000000e+00,0.000000000000000000e+00,0.000000000000000000e+00,0.000000000000000000e+00,0.000000000000000000e+00,0.000000000000000000e+00,0.000000000000000000e+00,0.000000000000000000e+00,0.000000000000000000e+00,0.000000000000000000e+00,0.000000000000000000e+00,0.000000000000000000e+00,0.000000000000000000e+00,0.000000000000000000e+00,0.000000000000000000e+00,0.000000000000000000e+00,0.000000000000000000e+00,0.000000000000000000e+00,0.000000000000000000e+00,0.000000000000000000e+00,0.000000000000000000e+00,0.000000000000000000e+00,0.000000000000000000e+00,0.000000000000000000e+00,0.000000000000000000e+00,0.000000000000000000e+00,0.000000000000000000e+00,0.000000000000000000e+00,0.000000000000000000e+00,0.000000000000000000e+00,0.000000000000000000e+00,0.000000000000000000e+00,0.000000000000000000e+00,0.000000000000000000e+00,0.000000000000000000e+00,0.000000000000000000e+00,0.000000000000000000e+00,0.000000000000000000e+00,0.000000000000000000e+00,0.000000000000000000e+00,0.000000000000000000e+00,0.000000000000000000e+00,0.000000000000000000e+00,0.000000000000000000e+00,0.000000000000000000e+00,0.000000000000000000e+00,0.000000000000000000e+00,0.000000000000000000e+00,0.000000000000000000e+00,0.000000000000000000e+00,0.000000000000000000e+00,0.000000000000000000e+00,0.000000000000000000e+00,0.000000000000000000e+00,0.000000000000000000e+00,0.000000000000000000e+00,0.000000000000000000e+00,0.000000000000000000e+00,0.000000000000000000e+00,0.000000000000000000e+00,0.000000000000000000e+00,0.000000000000000000e+00,0.000000000000000000e+00,0.000000000000000000e+00,0.000000000000000000e+00,0.000000000000000000e+00,0.000000000000000000e+00,0.000000000000000000e+00,0.000000000000000000e+00,0.000000000000000000e+00,0.000000000000000000e+00,0.000000000000000000e+00,0.000000000000000000e+00,0.000000000000000000e+00,0.000000000000000000e+00,0.000000000000000000e+00,0.000000000000000000e+00,0.000000000000000000e+00,0.000000000000000000e+00,0.000000000000000000e+00,0.000000000000000000e+00,0.000000000000000000e+00,0.000000000000000000e+00,0.000000000000000000e+00,2.204427836579678104e-04,2.817479825134724340e-04,3.101523308342964895e-04,3.376904739091018222e-04,3.417211622770060316e-04,3.353581361008524950e-04,3.225637505345423876e-04,2.997145226971211244e-04,2.719934618197345768e-04,2.400942649238636849e-04,2.047399619962914975e-04,1.684129994898188982e-04,1.310814691199896137e-04,9.426231988099416988e-05,5.846282515953742955e-05,2.448062574584482175e-05,-7.200946183988680872e-06,-3.611110705715346651e-05,-6.197371294791680617e-05,-8.451810204717553920e-05,-1.036379671457895990e-04,-1.192668028559804071e-04,-1.314409583801129020e-04,-1.402515072207269364e-04,-1.458542605998350088e-04,-1.484495815985463019e-04,-1.482829739543158932e-04,-1.456280458380674952e-04,-1.407837808202533542e-04,-1.340616596706094136e-04,-1.257807544680093943e-04,-1.162586199527022087e-04,-1.058058769699635882e-04,-9.471940538891962991e-05,-8.327817116677314945e-05,-7.173845049091468287e-05,-6.033123840273192488e-05,-4.925941581977823821e-05,-3.869676826185990126e-05,-2.878692387127505396e-05,-1.964386508273568903e-05,-1.135231567711282621e-05,-3.969466959528159733e-06,2.473535328046428363e-06,7.969009677961543027e-06,1.253052442282605575e-05,1.618984524968466405e-05,1.899436612447521103e-05,2.100394963741242303e-05,2.228834531198428220e-05,2.292423987928714180e-05,2.299294664923415616e-05,2.257790593102778341e-05,2.176284180016944326e-05,2.062985077654778192e-05,1.925811659960061504e-05,1.772261675471417154e-05,1.609338512019189464e-05,1.443477725130565948e-05,1.280519925774730580e-05,1.125682063642132208e-05,9.835652995345971848e-06,8.581581453678932995e-06,7.528670822156821215e-06,6.705392155182781048e-06,6.135046381632293289e-06,5.836082464613535434e-06,5.822551998497630689e-06,6.104443126404498365e-06,6.688108058543647532e-06,7.576566121442169667e-06,8.769873298724103908e-06,1.026537287611839009e-05,1.205799721243126095e-05,1.414046212821984509e-05,1.650350449178218911e-05,1.913602665114755785e-05,2.202528006872408862e-05,2.515697048826697331e-05,2.851540002039160815e-05,3.208354491727467812e-05,3.584316872732002757e-05,3.977488459959537253e-05,4.385825168596614847e-05,4.807183328762226131e-05,5.239328752979102401e-05,5.679943124840850725e-05,6.126633411626574766e-05,6.576939617041832956e-05,7.028345234581727494e-05,7.478286926033811107e-05,7.924166475197576449e-05,8.363362720058194763e-05,8.793245237107836555e-05,9.211188631469497605e-05,9.614587963290775448e-05,1.000087527490502756e-04,1.036753653626586652e-04,1.071213002941387779e-04,1.103230430873098234e-04,1.132581775237464410e-04,1.159055670889969997e-04,1.182455519266595035e-04,1.202601207368236326e-04,1.219330960950405616e-04,1.232502831111096839e-04,1.241996285061527970e-04,1.247713317662073633e-04,1.249579637269165237e-04,1.247545273760181323e-04,1.241585240835784820e-04,1.231699545406441580e-04,1.217913248741673220e-04,1.200275829768625524e-04,1.178860619481193257e-04,1.153763525683179799e-04,1.125101870725999021e-04,1.093012540138117912e-04,1.057650305937184101e-04,1.019185509861881346e-04,9.778019974687948018e-05,9.336944834449760228e-05,8.870662515300148279e-05,8.381263717998221495e-05,7.870873362905192298e-05,7.341623053323597737e-05,6.795628486416303133e-05,6.234963905678026766e-05,5.661642128815774197e-05,5.077592491529090942e-05,4.484644808103285980e-05,3.884512014761419340e-05,3.278779048413342159e-05,2.668891033532409628e-05,2.056147678370735864e-05,1.441697441635635834e-05,8.265376294436099436e-06,2.115145534583898440e-06,-4.026709084745163943e-06,-1.015457567285436486e-05,-1.626413533903275501e-05,-2.235225673155584347e-05,-2.841685372771932426e-05,-3.445674302344022320e-05,-4.047147601967575006e-05,-4.646117286188701680e-05,-5.242634292651401760e-05,-5.836770996734869007e-05,-6.428603624286331200e-05,-7.018195348082691056e-05,-7.605580508283415542e-05,-8.190749644361928659e-05,-8.773636786798909683e-05,-9.354107547085943836e-05,-9.931950460916811924e-05,-1.050686893639329937e-04,-1.107847726947773048e-04,-1.164629686923680297e-04,-1.220975716607647257e-04,-1.276819613021026845e-04,-1.332086589226279705e-04,-1.386693718690211550e-04,-1.440550914201278721e-04,-1.493561695004564879e-04,-1.545624498882191959e-04,-1.596633677757745352e-04,-1.646481039335794482e-04,-1.695056962413315669e-04,-1.742252055216831339e-04,-1.787958277912713595e-04,-1.832070606117029222e-04,-1.874488054586433031e-04,-1.915115245203555922e-04,-1.953863240881495759e-04,-1.990650935778325004e-04,-2.025405629785405716e-04,-2.058064182132070133e-04,-2.088573281816535204e-04,-2.116890331447296490e-04,-2.142983394796905614e-04,-2.166831803040093383e-04,-2.188425784864298906e-04,-2.207766809944908075e-04,-2.224866927728849945e-04,-2.239748881363828718e-04,-2.252445197014720565e-04,-2.262998114513418936e-04,-2.271458479256677709e-04,-2.277885543207825618e-04,-2.282345715981375122e-04,-2.284912291861396758e-04,-2.285664116172845888e-04,-2.284685291325781753e-04,-2.282063809967831711e-04,-2.277891286909272694e-04,-2.272261602979753288e-04,-2.265270701123182624e-04,-2.257015275616448683e-04,-2.247592661008708244e-04,-2.237099591428387427e-04,-2.225632201322088244e-04,-2.213284870135506278e-04,-2.200150344787333992e-04,-2.186318676603844866e-04,-2.171877467904011715e-04,-2.156910901157381465e-04,-2.141500106125222012e-04,-2.125722276184938066e-04,-2.109651148430368513e-04,-2.093356198822103956e-04,-2.076903225500179842e-04,-2.060353612804051166e-04,-2.043765007403824366e-04,-2.027190640473399091e-04,-2.010680085979493314e-04,-1.994278628741616758e-04,-1.978028092345663887e-04,-1.961966235865239604e-04,-1.946127633380368631e-04,-1.930543073104573398e-04,-1.915240463945699803e-04,-1.900244204956322465e-04,-1.885576102266807680e-04,-1.871254698009948002e-04,-1.857296236628471517e-04,-1.843714027511015804e-04,-1.830519634783341087e-04,-1.817722501440879456e-04,-1.805331704462529243e-04,-1.793356152308326723e-04,-1.781807189478496368e-04,-1.770699289721758447e-04,-1.760052988944803124e-04,-1.749894571355591847e-04,-1.740256860241184414e-04,-1.731174002346391348e-04,-1.722675543496895610e-04,-1.714771437205448086e-04,-1.707436775306910579e-04,-1.700588601850803409e-04,-1.694071873547913756e-04,-1.687650060853674542e-04,-1.681029900565264785e-04,-1.673915563165533950e-04,-1.666128938939103995e-04,-1.657769862548684567e-04,-1.649434422599658145e-04,-1.642397538141192499e-04,-1.638720572801855783e-04,-1.641080124926504093e-04,-1.652233591256611076e-04,-1.673868228935960643e-04,-1.704902923869317259e-04,-1.739247815983383210e-04,-1.763758401592716799e-04,-1.757250991559075810e-04,-1.692702534364734512e-04,-1.544760149005292862e-04,-1.305654858594362550e-04,-1.010125782460027580e-04,-7.670576512730490249e-05
0.000000000000000000e+00,0.000000000000000000e+00,0.000000000000000000e+00,0.000000000000000000e+00,0.000000000000000000e+00,0.000000000000000000e+00,0.000000000000000000e+00,0.000000000000000000e+00,0.000000000000000000e+00,0.000000000000000000e+00,0.000000000000000000e+00,0.000000000000000000e+00,0.000000000000000000e+00,0.000000000000000000e+00,0.000000000000000000e+00,0.000000000000000000e+00,0.000000000000000000e+00,0.000000000000000000e+00,0.000000000000000000e+00,0.000000000000000000e+00,0.000000000000000000e+00,0.000000000000000000e+00,0.000000000000000000e+00,0.000000000000000000e+00,0.000000000000000000e+00,0.000000000000000000e+00,0.000000000000000000e+00,0.000000000000000000e+00,0.000000000000000000e+00,0.000000000000000000e+00,0.000000000000000000e+00,0.000000000000000000e+00,0.000000000000000000e+00,0.000000000000000000e+00,0.000000000000000000e+00,0.000000000000000000e+00,0.000000000000000000e+00,0.000000000000000000e+00,0.000000000000000000e+00,0.000000000000000000e+00,0.000000000000000000e+00,0.000000000000000000e+00,0.000000000000000000e+00,0.000000000000000000e+00,0.000000000000000000e+00,0.000000000000000000e+00,0.000000000000000000e+00,0.000000000000000000e+00,0.000000000000000000e+00,0.000000000000000000e+00,0.000000000000000000e+00,0.000000000000000000e+00,0.000000000000000000e+00,0.000000000000000000e+00,0.000000000000000000e+00,0.000000000000000000e+00,0.000000000000000000e+00,0.000000000000000000e+00,0.000000000000000000e+00,0.000000000000000000e+00,0.000000000000000000e+00,0.000000000000000000e+00,0.000000000000000000e+00,0.000000000000000000e+00,0.000000000000000000e+00,0.000000000000000000e+00,0.000000000000000000e+00,0.000000000000000000e+00,0.000000000000000000e+00,0.000000000000000000e+00,0.000000000000000000e+00,0.000000000000000000e+00,0.000000000000000000e+00,0.000000000000000000e+00,0.000000000000000000e+00,0.000000000000000000e+00,0.000000000000000000e+00,0.000000000000000000e+00,0.000000000000000000e+00,0.000000000000000000e+00,0.000000000000000000e+00,0.000000000000000000e+00,0.000000000000000000e+00,0.000000000000000000e+00,0.000000000000000000e+00,0.000000000000000000e+00,0.000000000000000000e+00,0.000000000000000000e+00,0.000000000000000000e+00,0.000000000000000000e+00,0.000000000000000000e+00,0.000000000000000000e+00,0.000000000000000000e+00,0.000000000000000000e+00,0.000000000000000000e+00,0.000000000000000000e+00,0.000000000000000000e+00,0.000000000000000000e+00,0.000000000000000000e+00,0.000000000000000000e+00,0.000000000000000000e+00,0.000000000000000000e+00,0.000000000000000000e+00,0.000000000000000000e+00,0.000000000000000000e+00,0.000000000000000000e+00,0.000000000000000000e+00,0.000000000000000000e+00,0.000000000000000000e+00,0.000000000000000000e+00,0.000000000000000000e+00,0.000000000000000000e+00,2.237876198652935110e-04,2.755547742880895480e-04,3.091672394213054839e-04,3.304125092301638217e-04,3.392278043752533587e-04,3.348346416831900359e-04,3.249528093175234680e-04,3.050998763631911906e-04,2.783735069453040938e-04,2.482211492458324020e-04,2.141000570201321868e-04,1.780508910354996880e-04,1.412931602431886902e-04,1.044200930974602081e-04,6.873489176243770705e-05,3.450204175783455862e-05,2.526508408509261492e-06,-2.686924946678985636e-05,-5.327392172603056625e-05,-7.648935590029852277e-05,-9.633110921216482070e-05,-1.127540692053732689e-04,-1.257442858542221907e-04,-1.353926849085010289e-04,-1.418280208932761615e-04,-1.452433010135024591e-04,-1.458648490166508183e-04,-1.439575423671073389e-04,-1.398066987797397427e-04,-1.337171718419640192e-04,-1.259995174233317038e-04,-1.169674432824944718e-04,-1.069277212538648886e-04,-9.617692523793994295e-05,-8.499438154974861667e-05,-7.363936188797434409e-05,-6.234655822843174374e-05,-5.132443563661482006e-05,-4.075287897105114127e-05,-3.078279927806031339e-05,-2.153565197659465671e-05,-1.310419891350023099e-05,-5.553508602352320742e-06,1.077354418615406793e-06,6.773279533108688931e-06,1.154078689122006222e-05,1.540534357497783729e-05,1.840872385350693699e-05,2.060607556839031304e-05,2.206326566182829235e-05,2.285402877619576990e-05,2.305755845925493435e-05,2.275600065272895966e-05,2.203248631631273588e-05,2.096914345095832839e-05,1.964567956302596102e-05,1.813798361354687706e-05,1.651727118756563675e-05,1.484925144920991999e-05,1.319376787052019884e-05,1.160443708097453010e-05,1.012867154487006823e-05,8.807666252312638534e-06,7.676677274436975040e-06,6.765231228430255711e-06,6.097543980531378010e-06,5.692844435159154402e-06,5.565840073972801381e-06,5.727072091737087500e-06,6.183362179494153177e-06,6.938144477686633696e-06,7.991855766138857006e-06,9.342215992511892171e-06,1.098454722770697259e-05,1.291199467521108363e-05,1.511577561415573974e-05,1.758534526940505857e-05,2.030858544807247678e-05,2.327192553328755423e-05,2.646048353770340502e-05,2.985815405460635641e-05,3.344771445616646303e-05,3.721089133791195125e-05,4.112844384230739965e-05,4.518021967385865039e-05,4.934522686759957222e-05,5.360168984127663537e-05,5.792711988610279092e-05,6.229838046305119265e-05,6.669176500846259940e-05,7.108307882524531876e-05,7.544773065941593013e-05,7.976083627573035499e-05,8.399732784808186894e-05,8.813208182269526892e-05,9.214004762298194217e-05,9.599639983455352129e-05,9.967668512790459024e-05,1.031569961090737921e-04,1.064141325719282765e-04,1.094257913801331813e-04,1.121707350533588022e-04,1.146289888046662264e-04,1.167820062604352661e-04,1.186128616959294767e-04,1.201064000015322005e-04,1.212494099853272267e-04,1.220307443009372171e-04,1.224414591465254761e-04,1.224748903579436429e-04,1.221267463269610771e-04,1.213951290048593114e-04,1.202805703115954010e-04,1.187859910784425620e-04,1.169166761263136452e-04,1.146801695597731162e-04,1.120861893011171101e-04,1.091464628371080237e-04,1.058745875257739185e-04,1.022858161267614413e-04,9.839687396139523538e-05,9.422570774458665071e-05,8.979127418161487963e-05,8.511326838614518642e-05,8.021190048299441252e-05,7.510762109580915342e-05,6.982090294796502029e-05,6.437198057926337433e-05,5.878065293035060436e-05,5.306605279168441827e-05,4.724648415756457277e-05,4.133923420022750806e-05,3.536045607062395473e-05,2.932503272757659083e-05,2.324651214966747047e-05,1.713702840537673316e-05,1.100729219439168996e-05,4.866570400734913217e-06,-1.277269252611738935e-06,-7.417723036713556926e-06,-1.354955763250755092e-05,-1.966872605400359661e-05,-2.577223388696716321e-05,-3.185801631513203100e-05,-3.792477585434353763e-05,-4.397183303362786698e-05,-4.999894933379465169e-05,-5.600616562703072525e-05,-6.199362498514932767e-05,-6.796141337527782371e-05,-7.390939675837683088e-05,-7.983707771507496387e-05,-8.574345979489150088e-05,-9.162693175074667349e-05,-9.748516954981501685e-05,-1.033150569110992287e-04,-1.091126319890193939e-04,-1.148730492405945894e-04,-1.205905738859684327e-04,-1.262585861461075856e-04,-1.318696225677931427e-04,-1.374154197800125064e-04,-1.428869980451333006e-04,-1.482747382569612571e-04,-1.535684999891866404e-04,-1.587577228218573660e-04,-1.638315689736143685e-04,-1.687790383893669397e-04,-1.735891249036402813e-04,-1.782509339441943296e-04,-1.827538411090738190e-04,-1.870876017930388289e-04,-1.912425019677308597e-04,-1.952094503880326219e-04,-1.989801130681438191e-04,-2.025469807407465170e-04,-2.059034807706249003e-04,-2.090440149659162283e-04,-2.119640451915076325e-04,-2.146600991923841594e-04,-2.171298286947573883e-04,-2.193719833455597351e-04,-2.213864423947060033e-04,-2.231741589756460170e-04,-2.247371683704259997e-04,-2.260785065131486703e-04,-2.272021992354160858e-04,-2.281131599924400349e-04,-2.288171653286891628e-04,-2.293207373888885904e-04,-2.296311111463451903e-04,-2.297561073119324120e-04,-2.297040966988627114e-04,-2.294838687657552157e-04,-2.291045979490267937e-04,-2.285757123827774284e-04,-2.279068662260433375e-04,-2.271078122144570062e-04,-2.261883830671023951e-04,-2.251583705523354942e-04,-2.240275180845400463e-04,-2.228054080277324972e-04,-2.215014666746142143e-04,-2.201248606479457688e-04,-2.186845146469793520e-04,-2.171890170888277592e-04,-2.156466503577646329e-04,-2.140653052777629663e-04,-2.124525231227342766e-04,-2.108154181465900462e-04,-2.091607303072675781e-04,-2.074947548880020048e-04,-2.058234047435395441e-04,-2.041521460132031081e-04,-2.024860686449062052e-04,-2.008298272430480947e-04,-1.991877185623319529e-04,-1.975636264861265043e-04,-1.959611048808230507e-04,-1.943833253705844644e-04,-1.928331632454082141e-04,-1.913131461159998633e-04,-1.898255398051331214e-04,-1.883722960296906068e-04,-1.869551359552230332e-04,-1.855754982240038803e-04,-1.842346231797152675e-04,-1.829335121641682046e-04,-1.816730275250632090e-04,-1.804538895592281604e-04,-1.792768199049888148e-04,-1.781426088760822059e-04,-1.770523158692682397e-04,-1.760073980995363521e-04,-1.750098923522287622e-04,-1.740624586636747774e-04,-1.731682751055350249e-04,-1.723306408873621399e-04,-1.715521345236270469e-04,-1.708333906712454714e-04,-1.701713150559991058e-04,-1.695573694596992469e-04,-1.689759486363942109e-04,-1.684045118602221314e-04,-1.678156943269297236e-04,-1.671840939162833777e-04,-1.664970340137074747e-04,-1.657715564735515060e-04,-1.650727260287098298e-04,-1.645317461361962721e-04,-1.643500813560771047e-04,-1.647823583981028711e-04,-1.660753035281541199e-04,-1.683587628876979090e-04,-1.714737273510979468e-04,-1.747699688789947949e-04,-1.769095050457105442e-04,-1.758064160100881708e-04,-1.688478231655828618e-04,-1.536649431841287784e-04,-1.296482824274002358e-04,-1.003590563740443411e-04,-7.646975617754499439e-05
0.000000000000000000e+00,0.000000000000000000e+00,0.000000000000000000e+00,0.000000000000000000e+00,0.000000000000000000e+00,0.000000000000000000e+00,0.000000000000000000e+00,0.000000000000000000e+00,0.000000000000000000e+00,0.000000000000000000e+00,0.000000000000000000e+00,0.000000000000000000e+00,0.000000000000000000e+00,0.000000000000000000e+00,0.000000000000000000e+00,0.000000000000000000e+00,0.000000000000000000e+00,0.000000000000000000e+00,0.000000000000000000e+00,0.000000000000000000e+00,0.000000000000000000e+00,0.000000000000000000e+00,0.000000000000000000e+00,0.000000000000000000e+00,0.000000000000000000e+00,0.000000000000000000e+00,0.000000000000000000e+00,0.000000000000000000e+00,0.000000000000000000e+00,0.000000000000000000e+00,0.000000000000000000e+00,0.000000000000000000e+00,0.000000000000000000e+00,0.000000000000000000e+00,0.000000000000000000e+00,0.000000000000000000e+00,0.000000000000000000e+00,0.000000000000000000e+00,0.000000000000000000e+00,0.000000000000000000e+00,0.000000000000000000e+00,0.000000000000000000e+00,0.000000000000000000e+00,0.000000000000000000e+00,0.000000000000000000e+00,0.000000000000000000e+00,0.000000000000000000e+00,0.000000000000000000e+00,0.000000000000000000e+00,0.000000000000000000e+00,0.000000000000000000e+00,0.000000000000000000e+00,0.000000000000000000e+00,0.000000000000000000e+00,0.000000000000000000e+00,0.000000000000000000e+00,0.000000000000000000e+00,0.000000000000000000e+00,0.000000000000000000e+00,0.000000000000000000e+00,0.000000000000000000e+00,0.000000000000000000e+00,0.000000000000000000e+00,0.000000000000000000e+00,0.000000000000000000e+00,0.000000000000000000e+00,0.000000000000000000e+00,0.000000000000000000e+00,0.000000000000000000e+00,0.000000000000000000e+00,0.000000000000000000e+00,0.000000000000000000e+00,0.000000000000000000e+00,0.000000000000000000e+00,0.000000000000000000e+00,0.000000000000000000e+00,0.000000000000000000e+00,0.000000000000000000e+00,0.000000000000000000e+00,0.000000000000000000e+00,0.000000000000000000e+00,0.000000000000000000e+00,0.000000000000000000e+00,0.000000000000000000e+00,0.000000000000000000e+00,0.000000000000000000e+00,0.000000000000000000e+00,0.000000000000000000e+00,0.000000000000000000e+00,0.000000000000000000e+00,0.000000000000000000e+00,0.000000000000000000e+00,0.000000000000000000e+00,0.000000000000000000e+00,0.000000000000000000e+00,0.000000000000000000e+00,0.000000000000000000e+00,0.000000000000000000e+00,0.000000000000000000e+00,0.000000000000000000e+00,0.000000000000000000e+00,0.000000000000000000e+00,0.000000000000000000e+00,0.000000000000000000e+00,0.000000000000000000e+00,0.000000000000000000e+00,0.000000000000000000e+00,0.000000000000000000e+00,0.000000000000000000e+00,0.000000000000000000e+00,1.997519504177094776e-04,2.686985109715088059e-04,3.001284785447364814e-04,3.193715278176449939e-04,3.401064506824199446e-04,3.367903740881077732e-04,3.267087804166791867e-04,3.093383981293541763e-04,2.845029679391227959e-04,2.557702655574747180e-04,2.227353731532036231e-04,1.872779485388378505e-04,1.510380734594970163e-04,1.144391533942548244e-04,7.856178570648204916e-05,4.425093455767872667e-05,1.189485880290284107e-05,-1.784065385911047993e-05,-4.477233444609893910e-05,-6.854010685988922791e-05,-8.904236790538439938e-05,-1.061600431689970094e-04,-1.199090857352458816e-04,-1.303301590806588638e-04,-1.375552393098650086e-04,-1.417469273016629680e-04,-1.431275342695133691e-04,-1.419435458758516071e-04,-1.384737134391346609e-04,-1.330107058337420963e-04,-1.258599225888360591e-04,-1.173278760116366263e-04,-1.077187153996174630e-04,-9.732611420854622155e-05,-8.642978087951260424e-05,-7.528995126087949187e-05,-6.414461733237926801e-05,-5.320622817582455354e-05,-4.266020974701357555e-05,-3.266351183574273668e-05,-2.334452706299300381e-05,-1.480314448587545524e-05,-7.111895576000989847e-06,-3.171720272771005502e-07,5.558702030802716803e-06,1.051546293481546483e-05,1.457225234834864527e-05,1.776517985864455243e-05,2.014442113630997023e-05,2.177167049743937153e-05,2.271729388154946296e-05,2.305794074387021710e-05,2.287399810941527706e-05,2.224756969783859556e-05,2.126040757351471908e-05,1.999239142989141699e-05,1.852002989141304020e-05,1.691548608692537990e-05,1.524565050262730986e-05,1.357167516701548231e-05,1.194854381673247995e-05,1.042501661113713245e-05,9.043578958659576316e-06,7.840672834416196078e-06,6.846895675670691826e-06,6.087398085836853395e-06,5.582217992107743162e-06,5.346744951523453754e-06,5.392099731756886182e-06,5.725592374932424399e-06,6.351085660910917153e-06,7.269401788298845445e-06,8.478635144458365129e-06,9.974486935527062547e-06,1.175051469074621582e-05,1.379839238565271481e-05,1.610809893833086478e-05,1.866811214742696660e-05,2.146554607878501679e-05,2.448629158018155816e-05,2.771511487279748040e-05,3.113575789241499050e-05,3.473101000823846339e-05,3.848278027811731413e-05,4.237215315985246988e-05,4.637944376597218164e-05,5.048424791067699930e-05,5.466549096929809384e-05,5.890148218433623211e-05,6.316996692897218404e-05,6.744819409094696366e-05,7.171297996195622121e-05,7.594079565576598520e-05,8.010784863333447335e-05,8.419019467252342745e-05,8.816384034602769786e-05,9.200488121809312033e-05,9.568962562114745568e-05,9.919475770082971755e-05,1.024974797394073164e-04,1.055756955071566328e-04,1.084081651799071697e-04,1.109747011942525485e-04,1.132563265772434122e-04,1.152354723405297978e-04,1.168961271310164891e-04,1.182240226529792900e-04,1.192067605989741808e-04,1.198339713465745881e-04,1.200974038062486916e-04,1.199910432711156507e-04,1.195111515110926546e-04,1.186563323314879416e-04,1.174275128824193678e-04,1.158279499066275462e-04,1.138631483185894834e-04,1.115408066202297900e-04,1.088706745560896489e-04,1.058644419275206483e-04,1.025355427127280631e-04,9.889899671499232043e-05,9.497117224559397731e-05,9.076959409584375263e-05,8.631268021926726160e-05,8.161953206552513486e-05,7.670966242703503273e-05,7.160278509480663993e-05,6.631855116320608287e-05,6.087635434936056151e-05,5.529509174447681423e-05,4.959299922136960263e-05,4.378745015590356665e-05,3.789483244115439246e-05,3.193039540195842269e-05,2.590817635424235641e-05,1.984090211129170352e-05,1.373996907272564994e-05,7.615401652789867994e-06,1.475885808888249680e-06,-4.671217344477926140e-06,-1.081978861366200223e-05,-1.696488750508872996e-05,-2.310262757239457438e-05,-2.923007256196329730e-05,-3.534508074115222972e-05,-4.144617209414070520e-05,-4.753235460361438067e-05,-5.360297599156230088e-05,-5.965754618373033177e-05,-6.569558781682146339e-05,-7.171646921792529947e-05,-7.771926743053975519e-05,-8.370262493711032672e-05,-8.966463729017402960e-05,-9.560274456225952748e-05,-1.015136529490040035e-04,-1.073932687458504094e-04,-1.132366597845585828e-04,-1.190380359374437161e-04,-1.247907523161784595e-04,-1.304873362925048968e-04,-1.361195304422596175e-04,-1.416783622482629425e-04,-1.471542212247552649e-04,-1.525369642170168764e-04,-1.578160183107710256e-04,-1.629805122615919654e-04,-1.680193949306582905e-04,-1.729215820227463570e-04,-1.776760790035548487e-04,-1.822721320575859281e-04,-1.866993447066520528e-04,-1.909478226382864700e-04,-1.950082744387155007e-04,-1.988721415114026150e-04,-2.025316752470288268e-04,-2.059800454096727157e-04,-2.092113884282513687e-04,-2.122208901101083121e-04,-2.150048022736568811e-04,-2.175604981751978956e-04,-2.198864571690099530e-04,-2.219822935719522738e-04,-2.238487112091416982e-04,-2.254875084122380817e-04,-2.269015060431912119e-04,-2.280945328041309220e-04,-2.290713315373433580e-04,-2.298375299633780206e-04,-2.303995307153565637e-04,-2.307644730207747050e-04,-2.309401120713228247e-04,-2.309347770857422930e-04,-2.307572453183864272e-04,-2.304167014665271416e-04,-2.299226109929051673e-04,-2.292846850903024225e-04,-2.285127571388081893e-04,-2.276167565289858165e-04,-2.266065911160208422e-04,-2.254921322341394796e-04,-2.242831050451079276e-04,-2.229890861429217235e-04,-2.216194028034796650e-04,-2.201831437493187253e-04,-2.186890675439633080e-04,-2.171456264025459855e-04,-2.155608833706995631e-04,-2.139425485546505212e-04,-2.122979042906833675e-04,-2.106338528207653152e-04,-2.089568484014154963e-04,-2.072729552732192687e-04,-2.055877855406095249e-04,-2.039065662518005850e-04,-2.022340818854019714e-04,-2.005747494095294625e-04,-1.989325642332569308e-04,-1.973111821417043970e-04,-1.957138674453111121e-04,-1.941435805032929785e-04,-1.926029263483000392e-04,-1.910942460367716551e-04,-1.896195633296789129e-04,-1.881806778084765591e-04,-1.867791072095409226e-04,-1.854161818149253536e-04,-1.840929831091377567e-04,-1.828104453002212773e-04,-1.815692997811721855e-04,-1.803702022373021639e-04,-1.792137050258045896e-04,-1.781004396558954496e-04,-1.770311393251848455e-04,-1.760068899011772248e-04,-1.750291746865626267e-04,-1.741001185522502955e-04,-1.732223865815031127e-04,-1.723991708236114417e-04,-1.716335819517885721e-04,-1.709279962411709914e-04,-1.702825903694467769e-04,-1.696939821852996475e-04,-1.691533032282819052e-04,-1.686454003826689228e-04,-1.681487289245463636e-04,-1.676386741470088702e-04,-1.670936103181773112e-04,-1.665068034309832769e-04,-1.659011021538060672e-04,-1.653475196421172195e-04,-1.649782702935579401e-04,-1.649904168934676954e-04,-1.656214316865649587e-04,-1.670903877496854697e-04,-1.694838038567873448e-04,-1.725967102352501275e-04,-1.757338647055174685e-04,-1.775438873293403255e-04,-1.759679532208201387e-04,-1.684957803029746651e-04,-1.529108224762122702e-04,-1.287842438539154460e-04,-9.973930842423214620e-05,-7.626296706861799798e-05
0.000000000000000000e+00,0.000000000000000000e+00,0.000000000000000000e+00,0.000000000000000000e+00,0.000000000000000000e+00,0.000000000000000000e+00,0.000000000000000000e+00,0.000000000000000000e+00,0.000000000000000000e+00,0.000000000000000000e+00,0.000000000000000000e+00,0.000000000000000000e+00,0.000000000000000000e+00,0.000000000000000000e+00,0.000000000000000000e+00,0.000000000000000000e+00,0.000000000000000000e+00,0.000000000000000000e+00,0.000000000000000000e+00,0.000000000000000000e+00,0.000000000000000000e+00,0.000000000000000000e+00,0.000000000000000000e+00,0.000000000000000000e+00,0.000000000000000000e+00,0.000000000000000000e+00,0.000000000000000000e+00,0.000000000000000000e+00,0.000000000000000000e+00,0.000000000000000000e+00,0.000000000000000000e+00,0.000000000000000000e+00,0.000000000000000000e+00,0.000000000000000000e+00,0.000000000000000000e+00,0.000000000000000000e+00,0.000000000000000000e+00,0.000000000000000000e+00,0.000000000000000000e+00,0.000000000000000000e+00,0.000000000000000000e+00,0.000000000000000000e+00,0.000000000000000000e+00,0.000000000000000000e+00,0.000000000000000000e+00,0.000000000000000000e+00,0.000000000000000000e+00,0.000000000000000000e+00,0.000000000000000000e+00,0.000000000000000000e+00,0.000000000000000000e+00,0.000000000000000000e+00,0.000000000000000000e+00,0.000000000000000000e+00,0.000000000000000000e+00,0.000000000000000000e+00,0.000000000000000000e+00,0.000000000000000000e+00,0.000000000000000000e+00,0.000000000000000000e+00,0.000000000000000000e+00,0.000000000000000000e+00,0.000000000000000000e+00,0.000000000000000000e+00,0.000000000000000000e+00,0.000000000000000000e+00,0.000000000000000000e+00,0.000000000000000000e+00,0.000000000000000000e+00,0.000000000000000000e+00,0.000000000000000000e+00,0.000000000000000000e+00,0.000000000000000000e+00,0.000000000000000000e+00,0.000000000000000000e+00,0.000000000000000000e+00,0.000000000000000000e+00,0.000000000000000000e+00,0.000000000000000000e+00,0.000000000000000000e+00,0.000000000000000000e+00,0.000000000000000000e+00,0.000000000000000000e+00,0.000000000000000000e+00,0.000000000000000000e+00,0.000000000000000000e+00,0.000000000000000000e+00,0.000000000000000000e+00,0.000000000000000000e+00,0.000000000000000000e+00,0.000000000000000000e+00,0.000000000000000000e+00,0.000000000000000000e+00,0.000000000000000000e+00,0.000000000000000000e+00,0.000000000000000000e+00,0.000000000000000000e+00,0.000000000000000000e+00,0.000000000000000000e+00,0.000000000000000000e+00,0.000000000000000000e+00,0.000000000000000000e+00,0.000000000000000000e+00,0.000000000000000000e+00,0.000000000000000000e+00,0.000000000000000000e+00,0.000000000000000000e+00,0.000000000000000000e+00,0.000000000000000000e+00,2.179494654954058084e-04,2.788038220674607555e-04,3.064132683879401361e-04,3.326999294897642844e-04,3.353201275009328342e-04,3.277487939558388383e-04,3.136635853517976812e-04,2.901271143862255847e-04,2.622860131006557894e-04,2.306868871136256614e-04,1.961293577400622290e-04,1.603326710073358860e-04,1.240302592700443613e-04,8.819961460211070067e-05,5.372736257816818214e-05,2.112784962136715985e-05,-9.074952760119383459e-06,-3.642926422893601944e-05,-6.076712329586216347e-05,-8.182801251650759547e-05,-9.959568528128585701e-05,-1.140072666746445466e-04,-1.251424717584033810e-04,-1.330877420973136888e-04,-1.380132888942834767e-04,-1.401104176554066364e-04,-1.396232234645129408e-04,-1.368120497334511260e-04,-1.319649787173598002e-04,-1.253763605076802813e-04,-1.173487937049655909e-04,-1.081804572660745713e-04,-9.816336681865931173e-05,-8.757521660609962123e-05,-7.667718625823386402e-05,-6.570865649864818378e-05,-5.488557745687237924e-05,-4.439744900535495944e-05,-3.440667918647321200e-05,-2.504748582778968272e-05,-1.642636386946375656e-05,-8.622512422090751520e-06,-1.689268534624060061e-06,4.344337564491881727e-06,9.471453515590947688e-06,1.370512021508050501e-05,1.707575738921760823e-05,1.962852150491438589e-05,2.142069512489523447e-05,2.251900515553895864e-05,2.299716267681771581e-05,2.293339570746032120e-05,2.240833249161465417e-05,2.150293512178682014e-05,2.029685777502732131e-05,1.886689432187883288e-05,1.728587247699642294e-05,1.562164856490836411e-05,1.393652293811679005e-05,1.228673795306892430e-05,1.072233438318456480e-05,9.287051881820755262e-06,8.018507355389968113e-06,6.948372850684189827e-06,6.102750343878155701e-06,5.502507575330892039e-06,5.163740786025755453e-06,5.098171926633406760e-06,5.313618281282017894e-06,5.814382852192067075e-06,6.601678499211230403e-06,7.673970669508774507e-06,9.027329325377312014e-06,1.065570635414980823e-05,1.255120866370975853e-05,1.470430945213626892e-05,1.710404893276309209e-05,1.973818837707601258e-05,2.259335115891113177e-05,2.565513215685061207e-05,2.890819308565633180e-05,3.233633985933661995e-05,3.592258503786029198e-05,3.964920436996042765e-05,4.349777756743197169e-05,4.744923410597092932e-05,5.148388271586438043e-05,5.558145629404966553e-05,5.972114035031884341e-05,6.388162673591523451e-05,6.804115066069685758e-05,7.217756187887313757e-05,7.626837823746789881e-05,8.029088088749355555e-05,8.422218978571922529e-05,8.803938663631722956e-05,9.171961458385571105e-05,9.524022919118334165e-05,9.857892101195779772e-05,1.017138912965094506e-04,1.046239925228216791e-04,1.072889219484225601e-04,1.096893717110202806e-04,1.118072300129348414e-04,1.136257293102955291e-04,1.151296421349171133e-04,1.163054136034433563e-04,1.171413371767974913e-04,1.176276568027924689e-04,1.177567078531899106e-04,1.175229751502033474e-04,1.169231862425488947e-04,1.159563145018611849e-04,1.146236157237499301e-04,1.129285701103670237e-04,1.108768583993348221e-04,1.084762422008239815e-04,1.057364816805902221e-04,1.026691595383557004e-04,9.928754784628232317e-05,9.560638613781100861e-05,9.164170960158948246e-05,8.741059567292390118e-05,8.293096892824925988e-05,7.822133289443545569e-05,7.330056845871042151e-05,6.818766825134236684e-05,6.290154522563680102e-05,5.746078605854977573e-05,5.188348496933681557e-05,4.618703039737914989e-05,4.038797643833991739e-05,3.450187393468713055e-05,2.854318846104751274e-05,2.252518324316707494e-05,1.645988874371155858e-05,1.035804081876315405e-05,4.229102921864216485e-06,-1.918741135083693819e-06,-8.078515288859963123e-06,-1.424440834530428603e-05,-2.041165898859302179e-05,-2.657647072363978960e-05,-3.273586353756094040e-05,-3.888755746718796014e-05,-4.502980310841294152e-05,-5.116124665517983547e-05,-5.728075298921083341e-05,-6.338726606797779814e-05,-6.947963876987253034e-05,-7.555650239295473157e-05,-8.161611668368703087e-05,-8.765626089034531316e-05,-9.367411548473077144e-05,-9.966618478627148011e-05,-1.056282189489764071e-04,-1.115551748501696739e-04,-1.174411832511075419e-04,-1.232795507857508668e-04,-1.290627731987328418e-04,-1.347825772802913166e-04,-1.404299771748296528e-04,-1.459953514202707052e-04,-1.514685359014404729e-04,-1.568389281319422512e-04,-1.620956078304657683e-04,-1.672274584997544020e-04,-1.722233050306493877e-04,-1.770720416271139887e-04,-1.817627753719315358e-04,-1.862849496204063650e-04,-1.906284830282290734e-04,-1.947838785833694904e-04,-1.987423490360709221e-04,-2.024959035427080381e-04,-2.060374525206273128e-04,-2.093608661789536640e-04,-2.124610542643070752e-04,-2.153339932799097720e-04,-2.179767791209202203e-04,-2.203876222669332149e-04,-2.225658736845651864e-04,-2.245119895058101810e-04,-2.262275326055508229e-04,-2.277151100843618711e-04,-2.289783544917480646e-04,-2.300218387226892673e-04,-2.308510418839189568e-04,-2.314722469614683743e-04,-2.318924968168834585e-04,-2.321194802103384853e-04,-2.321614834162458781e-04,-2.320272699664965247e-04,-2.317260329681822988e-04,-2.312672733584392984e-04,-2.306607573079324462e-04,-2.299163969653679788e-04,-2.290442164446092495e-04,-2.280542380939943584e-04,-2.269564596055503956e-04,-2.257607478792892394e-04,-2.244768288441764356e-04,-2.231141900783308746e-04,-2.216820840760784386e-04,-2.201894399896824398e-04,-2.186448803578165288e-04,-2.170566416942458932e-04,-2.154326041262938786e-04,-2.137802200929251435e-04,-2.121065559417769264e-04,-2.104182276976094147e-04,-2.087214534281711859e-04,-2.070219949026853509e-04,-2.053252194359842929e-04,-2.036360462557713349e-04,-2.019590165441168884e-04,-2.002982434274020005e-04,-1.986574889836888863e-04,-1.970401168785396401e-04,-1.954491750731174261e-04,-1.938873500968230144e-04,-1.923570538975146675e-04,-1.908603784481879341e-04,-1.893991845882619463e-04,-1.879750552954107760e-04,-1.865893840029033400e-04,-1.852433255185066826e-04,-1.839378828151975835e-04,-1.826738585443672225e-04,-1.814519452203493732e-04,-1.802726897813586705e-04,-1.791366028869516389e-04,-1.780441611396563651e-04,-1.769959579976135788e-04,-1.759927662518408729e-04,-1.750357290558268925e-04,-1.741264538791435041e-04,-1.732671481206559381e-04,-1.724605843100742960e-04,-1.717099169823478339e-04,-1.710182001371041767e-04,-1.703875206687654608e-04,-1.698178225783433077e-04,-1.693053442826047506e-04,-1.688412982147560900e-04,-1.684108915617795041e-04,-1.679942220286793008e-04,-1.675691920055747775e-04,-1.671187237884142482e-04,-1.666412462266513787e-04,-1.661660217301428124e-04,-1.657680982658523263e-04,-1.655809921530558896e-04,-1.657940264255818074e-04,-1.666281768120247563e-04,-1.682707061135996522e-04,-1.707677515241654085e-04,-1.738645399009171332e-04,-1.768280533354925658e-04,-1.782892624421374258e-04,-1.762272402530231426e-04,-1.682242414306041268e-04,-1.522266779482558995e-04,-1.279648554412652110e-04,-9.914146747900582811e-05,-7.603989539045602876e-05
0.000000000000000000e+00,0.000000000000000000e+00,0.000000000000000000e+00,0.000000000000000000e+00,0.000000000000000000e+00,0.000000000000000000e+00,0.000000000000000000e+00,0.000000000000000000e+00,0.000000000000000000e+00,0.000000000000000000e+00,0.000000000000000000e+00,0.000000000000000000e+00,0.000000000000000000e+00,0.000000000000000000e+00,0.000000000000000000e+00,0.000000000000000000e+00,0.000000000000000000e+00,0.000000000000000000e+00,0.000000000000000000e+00,0.000000000000000000e+00,0.000000000000000000e+00,0.000000000000000000e+00,0.000000000000000000e+00,0.000000000000000000e+00,0.000000000000000000e+00,0.000000000000000000e+00,0.000000000000000000e+00,0.000000000000000000e+00,0.000000000000000000e+00,0.000000000000000000e+00,0.000000000000000000e+00,0.000000000000000000e+00,0.000000000000000000e+00,0.000000000000000000e+00,0.000000000000000000e+00,0.000000000000000000e+00,0.000000000000000000e+00,0.000000000000000000e+00,0.000000000000000000e+00,0.000000000000000000e+00,0.000000000000000000e+00,0.000000000000000000e+00,0.000000000000000000e+00,0.000000000000000000e+00,0.000000000000000000e+00,0.000000000000000000e+00,0.000000000000000000e+00,0.000000000000000000e+00,0.000000000000000000e+00,0.000000000000000000e+00,0.000000000000000000e+00,0.000000000000000000e+00,0.000000000000000000e+00,0.000000000000000000e+00,0.000000000000000000e+00,0.000000000000000000e+00,0.000000000000000000e+00,0.000000000000000000e+00,0.000000000000000000e+00,0.000000000000000000e+00,0.000000000000000000e+00,0.000000000000000000e+00,0.000000000000000000e+00,0.000000000000000000e+00,0.000000000000000000e+00,0.000000000000000000e+00,0.000000000000000000e+00,0.000000000000000000e+00,0.000000000000000000e+00,0.000000000000000000e+00,0.000000000000000000e+00,0.000000000000000000e+00,0.000000000000000000e+00,0.000000000000000000e+00,0.000000000000000000e+00,0.000000000000000000e+00,0.000000000000000000e+00,0.000000000000000000e+00,0.000000000000000000e+00,0.000000000000000000e+00,0.000000000000000000e+00,0.000000000000000000e+00,0.000000000000000000e+00,0.000000000000000000e+00,0.000000000000000000e+00,0.000000000000000000e+00,0.000000000000000000e+00,0.000000000000000000e+00,0.000000000000000000e+00,0.000000000000000000e+00,0.000000000000000000e+00,0.000000000000000000e+00,0.000000000000000000e+00,0.000000000000000000e+00,0.000000000000000000e+00,0.000000000000000000e+00,0.000000000000000000e+00,0.000000000000000000e+00,0.000000000000000000e+00,0.000000000000000000e+00,0.000000000000000000e+00,0.000000000000000000e+00,0.000000000000000000e+00,0.000000000000000000e+00,0.000000000000000000e+00,0.000000000000000000e+00,0.000000000000000000e+00,2.211829477161926028e-04,2.731590409761503477e-04,3.061846270682319561e-04,3.261127509416216408e-04,3.335594768262423182e-04,3.277532119119369635e-04,3.165931993460998988e-04,2.956393212386888543e-04,2.683126166274045076e-04,2.379773336036489120e-04,2.042001059381006887e-04,1.689834993374345648e-04,1.331491652830150258e-04,9.746999858949844254e-05,6.294174185338810633e-05,3.013827541610409241e-05,-4.021885431435667234e-07,-2.823113029974106373e-05,-5.306175902549759780e-05,-7.471871010878909744e-05,-9.305993322885598663e-05,-1.081122957178991809e-04,-1.198798569480370491e-04,-1.284961296245749332e-04,-1.340881430312729499e-04,-1.368609818246810600e-04,-1.370295260928426487e-04,-1.348538688314762646e-04,-1.306034475339786221e-04,-1.245695934712196158e-04,-1.170442690644579828e-04,-1.083231189128739048e-04,-9.869289610878806743e-05,-8.843060414710452800e-05,-7.779606074273236215e-05,-6.703015476908753367e-05,-5.635052167632858075e-05,-4.595030612066391170e-05,-3.599597912093883040e-05,-2.662705777720783396e-05,-1.795561881287428764e-05,-1.006707393268208474e-05,-3.020996918950193940e-06,3.147193347531953021e-06,8.424491865949789064e-06,1.281799179898523233e-05,1.635260919400050741e-05,1.906844798950517019e-05,2.101832775881656867e-05,2.226511640321375297e-05,2.287933420722899170e-05,2.293668658219518599e-05,2.251594937782891548e-05,2.169687341633067136e-05,2.055849050960388362e-05,1.917749972193236212e-05,1.762706980723624048e-05,1.597575257852299046e-05,1.428679168463471573e-05,1.261754151069729522e-05,1.101922837295278024e-05,9.536794275613174341e-06,8.209008276671217328e-06,7.068618172004768612e-06,6.142689313557907732e-06,5.452941140720686624e-06,5.016198510136997659e-06,4.844807828928352973e-06,4.947111094073580314e-06,5.327865098191251227e-06,5.988678245247601820e-06,6.928385393197267489e-06,8.143414604104960795e-06,9.628094825805239869e-06,1.137494129214406464e-05,1.337489177884028811e-05,1.561751437013108280e-05,1.809117977049266125e-05,2.078320338775376279e-05,2.367996651844224369e-05,2.676700723606238239e-05,3.002910394367716874e-05,3.345032870947099225e-05,3.701410523783730611e-05,4.070323644171911545e-05,4.449994723346511544e-05,4.838589668270068425e-05,5.234221521812440373e-05,5.634951138214470436e-05,6.038791321920625226e-05,6.443707984344520297e-05,6.847625680277842338e-05,7.248430206009627477e-05,7.643976386299541697e-05,8.032092874481934898e-05,8.410592785939419820e-05,8.777281148418617516e-05,9.129968625190616640e-05,9.466481675990427106e-05,9.784679204672211156e-05,1.008246507270367715e-04,1.035780709028552457e-04,1.060875112289912716e-04,1.083344146550602031e-04,1.103013543512220031e-04,1.119722385769295655e-04,1.133324477961776799e-04,1.143690259322253906e-04,1.150707936741527472e-04,1.154285108338065906e-04,1.154349512219725337e-04,1.150850221316817955e-04,1.143757884706984152e-04,1.133065386257055767e-04,1.118787496557122237e-04,1.100960936219743877e-04,1.079643410526980984e-04,1.054913075652641610e-04,1.026866987241071367e-04,9.956200260101794551e-05,9.613028469878902847e-05,9.240603717237143224e-05,8.840493697436092163e-05,8.414366619400196552e-05,7.963964951139589424e-05,7.491086217762040758e-05,6.997556407052869592e-05,6.485211218833524980e-05,5.955870814339814267e-05,5.411323084833231370e-05,4.853301242323766138e-05,4.283470431896436716e-05,3.703409369595198937e-05,3.114601293034076107e-05,2.518420491226937451e-05,1.916128207088751964e-05,1.308864508357559413e-05,6.976493544709009262e-06,8.337985494121851770e-07,-5.331636823617149237e-06,-1.151315446431947133e-05,-1.770513646190075021e-05,-2.390293852109250591e-05,-3.010274968819352717e-05,-3.630149214177429720e-05,-4.249665681143690487e-05,-4.868618170019293795e-05,-5.486827657516380320e-05,-6.104129329843480188e-05,-6.720355353091840773e-05,-7.335322477124714760e-05,-7.948816462870968050e-05,-8.560581530917086169e-05,-9.170307643947531358e-05,-9.777622862294190126e-05,-1.038208441371404287e-04,-1.098317470906481745e-04,-1.158029678127887321e-04,-1.217277433762387209e-04,-1.275985175330322785e-04,-1.334069813496682516e-04,-1.391441165399427975e-04,-1.448002721343344043e-04,-1.503652454701067938e-04,-1.558283875853286587e-04,-1.611787133047705770e-04,-1.664050257333734705e-04,-1.714960450660405118e-04,-1.764405413184355360e-04,-1.812274708008556354e-04,-1.858461061039296067e-04,-1.902861695681258309e-04,-1.945379504309537988e-04,-1.985924259436911918e-04,-2.024413572947291308e-04,-2.060773910295202454e-04,-2.094941276193790507e-04,-2.126861982598854948e-04,-2.156493024735485627e-04,-2.183802579067753154e-04,-2.208770058724585724e-04,-2.231386341877661080e-04,-2.251653518400723931e-04,-2.269584870087266450e-04,-2.285204339161702348e-04,-2.298546298144162623e-04,-2.309654784549529524e-04,-2.318583109306325747e-04,-2.325392910302226575e-04,-2.330153653949693993e-04,-2.332941563316567326e-04,-2.333839068210233402e-04,-2.332933662072743614e-04,-2.330317352549827917e-04,-2.326085496137700835e-04,-2.320336294682435671e-04,-2.313169648950198331e-04,-2.304686737928644152e-04,-2.294988923280494406e-04,-2.284177438799440984e-04,-2.272352367995136477e-04,-2.259612461544332086e-04,-2.246054200973270781e-04,-2.231771753180715240e-04,-2.216856124933181381e-04,-2.201395256019415825e-04,-2.185473262496171181e-04,-2.169170664092056732e-04,-2.152563708976212777e-04,-2.135724726729724119e-04,-2.118721523929628799e-04,-2.101617851292071409e-04,-2.084472857437344245e-04,-2.067341657533726461e-04,-2.050274832017959183e-04,-2.033319084116358259e-04,-2.016516770748755878e-04,-1.999906637228909530e-04,-1.983523368673636219e-04,-1.967398391398597049e-04,-1.951559433841813991e-04,-1.936031384526786664e-04,-1.920835850366858007e-04,-1.905992059192393787e-04,-1.891516399300763015e-04,-1.877423350929930865e-04,-1.863724986493813321e-04,-1.850431916389804789e-04,-1.837552735551231794e-04,-1.825094991416638705e-04,-1.813064600020379547e-04,-1.801466910528971225e-04,-1.790306198211668567e-04,-1.779587007870982792e-04,-1.769313920866035991e-04,-1.759493412516742765e-04,-1.750134010594751942e-04,-1.741248642466410241e-04,-1.732854724956406681e-04,-1.724976073512173860e-04,-1.717641162077041352e-04,-1.710882203763033460e-04,-1.704728432717150604e-04,-1.699199442524979529e-04,-1.694291434161676341e-04,-1.689965998863212336e-04,-1.686135227294874555e-04,-1.682659928677376134e-04,-1.679356119842989007e-04,-1.676034942484574833e-04,-1.672566405527867151e-04,-1.668992932345509284e-04,-1.665657983799868794e-04,-1.663355576303548273e-04,-1.663406948267744686e-04,-1.667629604107503721e-04,-1.678029094180328402e-04,-1.696173335346036080e-04,-1.722079140536837488e-04,-1.752748925702365826e-04,-1.780440942402831440e-04,-1.791384693220646554e-04,-1.765699697812472325e-04,-1.680255960825498068e-04,-1.516011840600176757e-04,-1.271985278821924370e-04,-9.857650492591896012e-05,-7.584415133742135535e-05
0.000000000000000000e+00,0.000000000000000000e+00,0.000000000000000000e+00,0.000000000000000000e+00,0.000000000000000000e+00,0.000000000000000000e+00,0.000000000000000000e+00,0.000000000000000000e+00,0.000000000000000000e+00,0.000000000000000000e+00,0.000000000000000000e+00,0.000000000000000000e+00,0.000000000000000000e+00,0.000000000000000000e+00,0.000000000000000000e+00,0.000000000000000000e+00,0.000000000000000000e+00,0.000000000000000000e+00,0.000000000000000000e+00,0.000000000000000000e+00,0.000000000000000000e+00,0.000000000000000000e+00,0.000000000000000000e+00,0.000000000000000000e+00,0.000000000000000000e+00,0.000000000000000000e+00,0.000000000000000000e+00,0.000000000000000000e+00,0.000000000000000000e+00,0.000000000000000000e+00,0.000000000000000000e+00,0.000000000000000000e+00,0.000000000000000000e+00,0.000000000000000000e+00,0.000000000000000000e+00,0.000000000000000000e+00,0.000000000000000000e+00,0.000000000000000000e+00,0.000000000000000000e+00,0.000000000000000000e+00,0.000000000000000000e+00,0.000000000000000000e+00,0.000000000000000000e+00,0.000000000000000000e+00,0.000000000000000000e+00,0.000000000000000000e+00,0.000000000000000000e+00,0.000000000000000000e+00,0.000000000000000000e+00,0.000000000000000000e+00,0.000000000000000000e+00,0.000000000000000000e+00,0.000000000000000000e+00,0.000000000000000000e+00,0.000000000000000000e+00,0.000000000000000000e+00,0.000000000000000000e+00,0.000000000000000000e+00,0.000000000000000000e+00,0.000000000000000000e+00,0.000000000000000000e+00,0.000000000000000000e+00,0.000000000000000000e+00,0.000000000000000000e+00,0.000000000000000000e+00,0.000000000000000000e+00,0.000000000000000000e+00,0.000000000000000000e+00,0.000000000000000000e+00,0.000000000000000000e+00,0.000000000000000000e+00,0.000000000000000000e+00,0.000000000000000000e+00,0.000000000000000000e+00,0.000000000000000000e+00,0.000000000000000000e+00,0.000000000000000000e+00,0.000000000000000000e+00,0.000000000000000000e+00,0.000000000000000000e+00,0.000000000000000000e+00,0.000000000000000000e+00,0.000000000000000000e+00,0.000000000000000000e+00,0.000000000000000000e+00,0.000000000000000000e+00,0.000000000000000000e+00,0.000000000000000000e+00,0.000000000000000000e+00,0.000000000000000000e+00,0.000000000000000000e+00,0.000000000000000000e+00,0.000000000000000000e+00,0.000000000000000000e+00,0.000000000000000000e+00,0.000000000000000000e+00,0.000000000000000000e+00,0.000000000000000000e+00,0.000000000000000000e+00,0.000000000000000000e+00,0.000000000000000000e+00,0.000000000000000000e+00,0.000000000000000000e+00,0.000000000000000000e+00,0.000000000000000000e+00,1.976213124417505968e-04,2.666294118624085966e-04,2.978359640684424652e-04,3.161477136261955923e-04,3.352544113759764141e-04,3.303817751272461142e-04,3.187494528441465742e-04,3.001317024178567117e-04,2.743461125259763489e-04,2.451053731622813677e-04,2.120011595884597620e-04,1.769878794933289724e-04,1.416263063813089161e-04,1.061953192767916730e-04,7.172701929464124233e-05,3.883340913920209033e-05,8.049480782835676489e-06,-2.014064469169221940e-05,-4.543916536248678197e-05,-6.761713988925294552e-05,-8.654646111851340307e-05,-1.021807496267410938e-04,-1.145730813556887219e-04,-1.237965694081402592e-04,-1.300199958654720803e-04,-1.334096986934432401e-04,-1.341988542495285415e-04,-1.326210995488727017e-04,-1.289482528801101755e-04,-1.234537545569301610e-04,-1.164275549851832186e-04,-1.081549950227096479e-04,-9.892118094660588108e-05,-8.899838258799938487e-05,-7.864643691611191106e-05,-6.810540923287005679e-05,-5.759487306240862784e-05,-4.730994659306906274e-05,-3.742082600156300994e-05,-2.807105474766499192e-05,-1.937781889315634621e-05,-1.143183922757695444e-05,-4.298527734584833505e-06,1.980902109140676380e-06,7.387554161540900265e-06,1.192291596558287896e-05,1.560651159657847832e-05,1.847352129427849319e-05,2.057225603968695541e-05,2.196165756497597926e-05,2.270885090609049188e-05,2.288678080818099043e-05,2.257203684978707000e-05,2.184280765037270288e-05,2.077710904523056933e-05,1.945117049093142845e-05,1.793813871324136328e-05,1.630695111507253706e-05,1.462153302859118459e-05,1.294015605541700506e-05,1.131509341040442426e-05,9.792406785449751612e-06,8.411976274388567265e-06,7.207616856764714454e-06,6.207369051577572843e-06,5.433827067158336293e-06,4.904572025126883071e-06,4.632601115821880554e-06,4.626803810678715175e-06,4.892406517991014762e-06,5.431421982229861564e-06,6.243054348461496146e-06,7.324081638365942362e-06,8.669193043605477158e-06,1.027128823527974366e-05,1.212173895459253171e-05,1.421060572864978562e-05,1.652682920558307022e-05,1.905837492480560416e-05,2.179236687886073058e-05,2.471517513983040299e-05,2.781250597940494431e-05,3.106944702198923919e-05,3.447052697397361360e-05,3.799973095305746748e-05,4.164054087451734860e-05,4.537593173511762659e-05,4.918840237149180861e-05,5.305996258512750673e-05,5.697216376927458602e-05,6.090608696287968296e-05,6.484238340479665374e-05,6.876127399226389630e-05,7.264260975884009972e-05,7.646589230952354594e-05,8.021036245204883576e-05,8.385504851826255750e-05,8.737888802907817188e-05,9.076080684927569726e-05,9.397987438207010128e-05,9.701541182905686468e-05,9.984717661469402848e-05,1.024554932674030865e-04,1.048214582373875608e-04,1.069270827409486019e-04,1.087555054323162374e-04,1.102911334392247763e-04,1.115198478869196112e-04,1.124291276407826451e-04,1.130082317634065886e-04,1.132482904570175929e-04,1.131424494142356524e-04,1.126859143054599789e-04,1.118760447537144850e-04,1.107123423823367086e-04,1.091964865884292743e-04,1.073322612829196793e-04,1.051255302114190209e-04,1.025841033949902208e-04,9.971765567096227455e-05,9.653753964850655966e-05,9.305665659235283298e-05,8.928922765318073561e-05,8.525063049379005592e-05,8.095714407037016725e-05,7.642576706016960110e-05,7.167395326176461236e-05,6.671942878109490870e-05,6.157993517156369655e-05,5.627306158090591694e-05,5.081601126788719297e-05,4.522546279215670342e-05,3.951737287276524461e-05,3.370687758363992539e-05,2.780814104298470058e-05,2.183430385318012304e-05,1.579738320484711786e-05,9.708271808174740448e-06,3.576690972372358926e-06,-2.588760700638744845e-06,-8.780603600144415498e-06,-1.499238312066012707e-05,-2.121862123159696601e-05,-2.745468500727882402e-05,-3.369670249178539548e-05,-3.994140431869802453e-05,-4.618601530470281888e-05,-5.242808173548404278e-05,-5.866535170292331024e-05,-6.489560169148943290e-05,-7.111651922588002551e-05,-7.732554235925950912e-05,-8.351975759327894759e-05,-8.969576465802112043e-05,-9.584960089104087397e-05,-1.019766413421730681e-04,-1.080715579640246360e-04,-1.141282617796416130e-04,-1.201399016058900542e-04,-1.260988511195194786e-04,-1.319967478074347649e-04,-1.378245236971143339e-04,-1.435724812705675745e-04,-1.492303628450062172e-04,-1.547874567410927353e-04,-1.602326972361776004e-04,-1.655547916979715247e-04,-1.707423409692062244e-04,-1.757839766895020279e-04,-1.806684910456288131e-04,-1.853849731751953489e-04,-1.899229374187048100e-04,-1.942724484316648746e-04,-1.984242382726588967e-04,-2.023698114564722336e-04,-2.061015431499046481e-04,-2.096127576165050929e-04,-2.128978021931178185e-04,-2.159520951038498664e-04,-2.187721724601694620e-04,-2.213557039756485108e-04,-2.237015127112027631e-04,-2.258095595639021506e-04,-2.276809376485263835e-04,-2.293178283884189910e-04,-2.307234741400300874e-04,-2.319021101673358963e-04,-2.328589203053700097e-04,-2.335999500070490992e-04,-2.341320504912955392e-04,-2.344627784288916099e-04,-2.346003341629112737e-04,-2.345534535105603792e-04,-2.343313453601788535e-04,-2.339435805897618881e-04,-2.334000337347540122e-04,-2.327107732796374116e-04,-2.318860112567264220e-04,-2.309359982566946024e-04,-2.298709838797361664e-04,-2.287011188397280884e-04,-2.274364282310680602e-04,-2.260867221557168617e-04,-2.246615828742100482e-04,-2.231702845380752231e-04,-2.216217945088058033e-04,-2.200247020675435386e-04,-2.183872335603103418e-04,-2.167171894027542553e-04,-2.150219722424503120e-04,-2.133085311972186696e-04,-2.115834019133778468e-04,-2.098526567515537574e-04,-2.081219554546834922e-04,-2.063964999117351841e-04,-2.046810941041254397e-04,-2.029801021145906663e-04,-2.012975160755195523e-04,-1.996369162150629087e-04,-1.980015456420163283e-04,-1.963942713941011929e-04,-1.948176649871858832e-04,-1.932739635616404611e-04,-1.917651550865012223e-04,-1.902929386609142413e-04,-1.888588129824804625e-04,-1.874640346196419305e-04,-1.861097078977466365e-04,-1.847967398642097578e-04,-1.835259298035620814e-04,-1.822979208206484568e-04,-1.811132893410385405e-04,-1.799724977046716966e-04,-1.788759900211221818e-04,-1.778241588729479025e-04,-1.768174625418406966e-04,-1.758564270031732764e-04,-1.749418002011335360e-04,-1.740746006047152138e-04,-1.732562920876199830e-04,-1.724888332164010323e-04,-1.717747635778979042e-04,-1.711170904338124110e-04,-1.705190424786424822e-04,-1.699835277616538662e-04,-1.695122882468249269e-04,-1.691048274311888859e-04,-1.687571306844489502e-04,-1.684607817425580803e-04,-1.682026229883408464e-04,-1.679663341832150335e-04,-1.677359519356475697e-04,-1.675032023941274166e-04,-1.672772824618644902e-04,-1.670980826026653406e-04,-1.670474159618821008e-04,-1.672562145564381942e-04,-1.678954404491880175e-04,-1.691458873785603293e-04,-1.711300043304372909e-04,-1.738079263807335961e-04,-1.768313838083080129e-04,-1.793919554112001231e-04,-1.801005832683746390e-04,-1.770121942195992438e-04,-1.679090071356960541e-04,-1.510462550820354673e-04,-1.264772301845203454e-04,-9.803359467683121710e-05,-7.563367734858379644e-05
0.000000000000000000e+00,0.000000000000000000e+00,0.000000000000000000e+00,0.000000000000000000e+00,0.000000000000000000e+00,0.000000000000000000e+00,0.000000000000000000e+00,0.000000000000000000e+00,0.000000000000000000e+00,0.000000000000000000e+00,0.000000000000000000e+00,0.000000000000000000e+00,0.000000000000000000e+00,0.000000000000000000e+00,0.000000000000000000e+00,0.000000000000000000e+00,0.000000000000000000e+00,0.000000000000000000e+00,0.000000000000000000e+00,0.000000000000000000e+00,0.000000000000000000e+00,0.000000000000000000e+00,0.000000000000000000e+00,0.000000000000000000e+00,0.000000000000000000e+00,0.000000000000000000e+00,0.000000000000000000e+00,0.000000000000000000e+00,0.000000000000000000e+00,0.000000000000000000e+00,0.000000000000000000e+00,0.000000000000000000e+00,0.000000000000000000e+00,0.000000000000000000e+00,0.000000000000000000e+00,0.000000000000000000e+00,0.000000000000000000e+00,0.000000000000000000e+00,0.000000000000000000e+00,0.000000000000000000e+00,0.000000000000000000e+00,0.000000000000000000e+00,0.000000000000000000e+00,0.000000000000000000e+00,0.000000000000000000e+00,0.000000000000000000e+00,0.000000000000000000e+00,0.000000000000000000e+00,0.000000000000000000e+00,0.000000000000000000e+00,0.000000000000000000e+00,0.000000000000000000e+00,0.000000000000000000e+00,0.000000000000000000e+00,0.000000000000000000e+00,0.000000000000000000e+00,0.000000000000000000e+00,0.000000000000000000e+00,0.000000000000000000e+00,0.000000000000000000e+00,0.000000000000000000e+00,0.000000000000000000e+00,0.000000000000000000e+00,0.000000000000000000e+00,0.000000000000000000e+00,0.000000000000000000e+00,0.000000000000000000e+00,0.000000000000000000e+00,0.000000000000000000e+00,0.000000000000000000e+00,0.000000000000000000e+00,0.000000000000000000e+00,0.000000000000000000e+00,0.000000000000000000e+00,0.000000000000000000e+00,0.000000000000000000e+00,0.000000000000000000e+00,0.000000000000000000e+00,0.000000000000000000e+00,0.000000000000000000e+00,0.000000000000000000e+00,0.000000000000000000e+00,0.000000000000000000e+00,0.000000000000000000e+00,0.000000000000000000e+00,0.000000000000000000e+00,0.000000000000000000e+00,0.000000000000000000e+00,0.000000000000000000e+00,0.000000000000000000e+00,0.000000000000000000e+00,0.000000000000000000e+00,0.000000000000000000e+00,0.000000000000000000e+00,0.000000000000000000e+00,0.000000000000000000e+00,0.000000000000000000e+00,0.000000000000000000e+00,0.000000000000000000e+00,0.000000000000000000e+00,0.000000000000000000e+00,0.000000000000000000e+00,0.000000000000000000e+00,0.000000000000000000e+00,2.165958871484793618e-04,2.772510050066721659e-04,3.041116091778123904e-04,3.287256517799116528e-04,3.296652042455554548e-04,3.203991072184743535e-04,3.047237539599415338e-04,2.799889678042623525e-04,2.513179772295482382e-04,2.193778231615583227e-04,1.849321192146887501e-04,1.497321972495368222e-04,1.144426014989345631e-04,7.996107062084089679e-05,4.708169056152341570e-05,1.615314117940967761e-05,-1.230177764142882335e-05,-3.795651012558883875e-05,-6.058011868541340493e-05,-8.001570769799090633e-05,-9.621083703904375164e-05,-1.091743954579239167e-04,-1.189939782720908208e-04,-1.257985901502420875e-04,-1.297808780351700100e-04,-1.311429434446531291e-04,-1.301358284997951092e-04,-1.270084724611279608e-04,-1.220390635648286817e-04,-1.155009511490573176e-04,-1.076785269093115329e-04,-9.884683422714716865e-05,-8.927711611397191839e-05,-7.922467545434730624e-05,-6.893014324398032242e-05,-5.861252996210431214e-05,-4.846927668350659057e-05,-3.867271110582535892e-05,-2.937020253363445754e-05,-2.068288624562023202e-05,-1.270642250854544848e-05,-5.511257928300305288e-06,8.559059831211104972e-07,6.370780213560408182e-06,1.102942281139509647e-05,1.484622586929210776e-05,1.785149034019228685e-05,2.008909301903817477e-05,2.161396882312542457e-05,2.248976248842618600e-05,2.278645334599983083e-05,2.257821906741805471e-05,2.194137449406352548e-05,2.095259463603806011e-05,1.968727263036619901e-05,1.821818138023006020e-05,1.661429939813342213e-05,1.493993642914748347e-05,1.325402857225729087e-05,1.160970709637054081e-05,1.005402071833980652e-05,8.627884643049023194e-06,7.366148835723125464e-06,6.297830665127325818e-06,5.446422050602784439e-06,4.830293653745393969e-06,4.463129536680570731e-06,4.354398345186045288e-06,4.509821280414131888e-06,4.931830557422360843e-06,5.620005543947659477e-06,6.571469440679146565e-06,7.781258023094642616e-06,9.242632448395428224e-06,1.094736832700851986e-05,1.288598185735848012e-05,1.504794237021009352e-05,1.742182074433165032e-05,1.999543712568605848e-05,2.275594618004141262e-05,2.568993486520017002e-05,2.878346006842476181e-05,3.202211073848801993e-05,3.539101167807711881e-05,3.887486209120595868e-05,4.245791695386063680e-05,4.612401215231565367e-05,4.985653349486826217e-05,5.363843793965423058e-05,5.745222014170035856e-05,6.127993964618053330e-05,6.510319550030315111e-05,6.890316999206355794e-05,7.266062211822086996e-05,7.635595795666391455e-05,7.996925221795061914e-05,8.348035270877246050e-05,8.686893555603321978e-05,9.011464683068964843e-05,9.319719206704790346e-05,9.609651280824868763e-05,9.879290558641992464e-05,1.012672257754049953e-04,1.035010261073121508e-04,1.054767756112838620e-04,1.071780037940679747e-04,1.085895192669153686e-04,1.096975434173593053e-04,1.104899119399870721e-04,1.109561814098259221e-04,1.110877974811624213e-04,1.108781593137298562e-04,1.103227406719458188e-04,1.094191005390170298e-04,1.081669475302227210e-04,1.065680899194541121e-04,1.046264391989073697e-04,1.023478985494516831e-04,9.974030734284180003e-05,9.681327304193188801e-05,9.357806414773409880e-05,9.004739583156628232e-05,8.623528355422090564e-05,8.215679675803653202e-05,7.782788859645543562e-05,7.326513436834050750e-05,6.848555424521383039e-05,6.350635370704768514e-05,5.834475587788121064e-05,5.301776016076081887e-05,4.754199902492040432e-05,4.193352866047288100e-05,3.620772216802614510e-05,3.037910274933736045e-05,2.446128163724507214e-05,1.846684050378247466e-05,1.240731851111934663e-05,6.293146600304723063e-06,1.336840482206342784e-07,-6.062796630684059207e-06,-1.228902703096558749e-05,-1.853871224973153907e-05,-2.480640896601755467e-05,-3.108745722783593771e-05,-3.737782898229208419e-05,-4.367403293903387448e-05,-4.997294546989043684e-05,-5.627170104070427131e-05,-6.256751874111627764e-05,-6.885759163368237480e-05,-7.513892247677997891e-05,-8.140822510207100667e-05,-8.766178204580360369e-05,-9.389536964285158697e-05,-1.001041482686069350e-04,-1.062826202981141801e-04,-1.124245606063978715e-04,-1.185230130908006502e-04,-1.245702652817557994e-04,-1.305578851286452139e-04,-1.364767394570579626e-04,-1.423170686397413919e-04,-1.480685446825361681e-04,-1.537203777284397931e-04,-1.592614062260976060e-04,-1.646802263524457138e-04,-1.699653043655933061e-04,-1.751051182661634350e-04,-1.800882812502104999e-04,-1.849036843551954390e-04,-1.895406199320055014e-04,-1.939889145885447907e-04,-1.982390426561950745e-04,-2.022822402555440012e-04,-2.061106006081352376e-04,-2.097171622311652401e-04,-2.130959803451258844e-04,-2.162421847442618341e-04,-2.191520241614475738e-04,-2.218228919769261228e-04,-2.242533429380348447e-04,-2.264430872853523944e-04,-2.283929814803205239e-04,-2.301049933629860974e-04,-2.315821703405925220e-04,-2.328285797264845918e-04,-2.338492591118676535e-04,-2.346501370209020689e-04,-2.352379709079169279e-04,-2.356202537053047545e-04,-2.358051450941652351e-04,-2.358013694871783218e-04,-2.356181459840892033e-04,-2.352650828976689181e-04,-2.347521112332461837e-04,-2.340893801433409469e-04,-2.332871979604430050e-04,-2.323559320701490427e-04,-2.313059605928153423e-04,-2.301475791880321065e-04,-2.288909655190021915e-04,-2.275460945474746871e-04,-2.261227169991940811e-04,-2.246302838282703170e-04,-2.230779391060463913e-04,-2.214744535888066659e-04,-2.198282317898257059e-04,-2.181472540024280015e-04,-2.164390968186875267e-04,-2.147108825355516194e-04,-2.129693120529941219e-04,-2.112206203253632611e-04,-2.094706203848921520e-04,-2.077246633802057535e-04,-2.059876924088951174e-04,-2.042642056848791574e-04,-2.025583189069593603e-04,-2.008737301835156338e-04,-1.992137897942395622e-04,-1.975814656469577644e-04,-1.959794194541358825e-04,-1.944099716581318990e-04,-1.928751831834897654e-04,-1.913768188384082304e-04,-1.899164338232321822e-04,-1.884953344942777117e-04,-1.871146686238556612e-04,-1.857753820907714058e-04,-1.844783116685738613e-04,-1.832241360624875905e-04,-1.820134705083836042e-04,-1.808468117351342652e-04,-1.797246364199586461e-04,-1.786473437778864060e-04,-1.776153663684378113e-04,-1.766291213459492181e-04,-1.756891503284479909e-04,-1.747960950245067212e-04,-1.739508819192310031e-04,-1.731547226491931602e-04,-1.724093262357969173e-04,-1.717168632568475501e-04,-1.710801021294733304e-04,-1.705021635287144429e-04,-1.699863669718546053e-04,-1.695355210309481859e-04,-1.691512908761597816e-04,-1.688329625610891294e-04,-1.685766168564190872e-04,-1.683741049942148174e-04,-1.682134837752782841e-04,-1.680803173871683897e-04,-1.679621546196285585e-04,-1.678548924810375283e-04,-1.677732067993058370e-04,-1.677611466132483383e-04,-1.679031867061526356e-04,-1.683264521363980379e-04,-1.691913448501615425e-04,-1.706552358065433167e-04,-1.728076819628685283e-04,-1.755635162346795965e-04,-1.785306515060714090e-04,-1.808632037901556418e-04,-1.811691122931040007e-04,-1.775413377004197654e-04,-1.678685314836790609e-04,-1.505524570701128283e-04,-1.258095137475944347e-04,-9.752300736109012545e-05,-7.544877831179986998e-05
0.000000000000000000e+00,0.000000000000000000e+00,0.000000000000000000e+00,0.000000000000000000e+00,0.000000000000000000e+00,0.000000000000000000e+00,0.000000000000000000e+00,0.000000000000000000e+00,0.000000000000000000e+00,0.000000000000000000e+00,0.000000000000000000e+00,0.000000000000000000e+00,0.000000000000000000e+00,0.000000000000000000e+00,0.000000000000000000e+00,0.000000000000000000e+00,0.000000000000000000e+00,0.000000000000000000e+00,0.000000000000000000e+00,0.000000000000000000e+00,0.000000000000000000e+00,0.000000000000000000e+00,0.000000000000000000e+00,0.000000000000000000e+00,0.000000000000000000e+00,0.000000000000000000e+00,0.000000000000000000e+00,0.000000000000000000e+00,0.000000000000000000e+00,0.000000000000000000e+00,0.000000000000000000e+00,0.000000000000000000e+00,0.000000000000000000e+00,0.000000000000000000e+00,0.000000000000000000e+00,0.000000000000000000e+00,0.000000000000000000e+00,0.000000000000000000e+00,0.000000000000000000e+00,0.000000000000000000e+00,0.000000000000000000e+00,0.000000000000000000e+00,0.000000000000000000e+00,0.000000000000000000e+00,0.000000000000000000e+00,0.000000000000000000e+00,0.000000000000000000e+00,0.000000000000000000e+00,0.000000000000000000e+00,0.000000000000000000e+00,0.000000000000000000e+00,0.000000000000000000e+00,0.000000000000000000e+00,0.000000000000000000e+00,0.000000000000000000e+00,0.000000000000000000e+00,0.000000000000000000e+00,0.000000000000000000e+00,0.000000000000000000e+00,0.000000000000000000e+00,0.000000000000000000e+00,0.000000000000000000e+00,0.000000000000000000e+00,0.000000000000000000e+00,0.000000000000000000e+00,0.000000000000000000e+00,0.000000000000000000e+00,0.000000000000000000e+00,0.000000000000000000e+00,0.000000000000000000e+00,0.000000000000000000e+00,0.000000000000000000e+00,0.000000000000000000e+00,0.000000000000000000e+00,0.000000000000000000e+00,0.000000000000000000e+00,0.000000000000000000e+00,0.000000000000000000e+00,0.000000000000000000e+00,0.000000000000000000e+00,0.000000000000000000e+00,0.000000000000000000e+00,0.000000000000000000e+00,0.000000000000000000e+00,0.000000000000000000e+00,0.000000000000000000e+00,0.000000000000000000e+00,0.000000000000000000e+00,0.000000000000000000e+00,0.000000000000000000e+00,0.000000000000000000e+00,0.000000000000000000e+00,0.000000000000000000e+00,0.000000000000000000e+00,0.000000000000000000e+00,0.000000000000000000e+00,0.000000000000000000e+00,0.000000000000000000e+00,0.000000000000000000e+00,0.000000000000000000e+00,0.000000000000000000e+00,0.000000000000000000e+00,2.194085011836100049e-04,2.725053215831218741e-04,3.049218579037061270e-04,3.232530405205142612e-04,3.287237995263286644e-04,3.210451013133996186e-04,3.080243617830195077e-04,2.855649427657449527e-04,2.571463438241654623e-04,2.261585579090561783e-04,1.922494969263820641e-04,1.573701450163993262e-04,1.223452069641426776e-04,8.787153634083895546e-05,5.487808195759830626e-05,2.384083377340159027e-05,-4.822361103370866410e-06,-3.073037984273447421e-05,-5.370242417282214647e-05,-7.355457975588051782e-05,-9.021975109220604732e-05,-1.037014431668564719e-04,-1.140603802742387363e-04,-1.214232839577654969e-04,-1.259554973986565739e-04,-1.278698449745176472e-04,-1.273955405740710299e-04,-1.247934692527806445e-04,-1.203235480333906475e-04,-1.142641831635549365e-04,-1.068852293484022259e-04,-9.846158189333305635e-05,-8.925488894429958243e-05,-7.951971287031271588e-05,-6.949224512324939410e-05,-5.939228591995530406e-05,-4.941682657802494146e-05,-3.974070930900542724e-05,-3.051352085481502506e-05,-2.186026204692003566e-05,-1.388046991493269788e-05,-6.649362866344257906e-06,-2.184311593370512445e-07,5.382864022696344825e-06,1.014554717002047819e-05,1.407897729189096273e-05,1.720874225073614684e-05,1.957426597376450659e-05,2.122648023513700288e-05,2.222543214808563503e-05,2.263801505783015477e-05,2.253578565538346667e-05,2.199295794861836760e-05,2.108457439473485675e-05,1.988488535292484837e-05,1.846595038072380225e-05,1.689645759122600780e-05,1.524077642144129629e-05,1.355822146015871828e-05,1.190253730241344861e-05,1.032157380199206588e-05,8.857150626898457931e-06,7.545078925308192594e-06,6.415324591993551185e-06,5.492285444248132424e-06,4.795152620755224663e-06,4.338339736519009880e-06,4.131939004236322000e-06,4.182205231185093194e-06,4.492019179642528434e-06,5.061352046606011680e-06,5.887676420965866575e-06,6.966366388015745876e-06,8.291025618911810084e-06,9.853804743370418888e-06,1.164563905657910642e-05,1.365648341064766192e-05,1.587546646558609734e-05,1.829105383671636025e-05,2.089113295300330954e-05,2.366311951970270853e-05,2.659398906997331019e-05,2.967034206324548808e-05,3.287839710655434457e-05,3.620402804745755272e-05,3.963273137766025353e-05,4.314964628966833765e-05,4.673950676106867634e-05,5.038665427756314642e-05,5.407498451236278543e-05,5.778796251110520206e-05,6.150857436674144569e-05,6.521935544778745524e-05,6.890235822343596626e-05,7.253920459031302516e-05,7.611108071826104473e-05,7.959882319649441566e-05,8.298294914821904486e-05,8.624378209846523548e-05,8.936152075127315822e-05,9.231640491933252213e-05,9.508882035899539711e-05,9.765949896610542056e-05,1.000096510393276838e-04,1.021211883007761695e-04,1.039768699283758174e-04,1.055605327543903798e-04,1.068572341845299057e-04,1.078534717764942260e-04,1.085373051559346817e-04,1.088985472897997152e-04,1.089288487325166247e-04,1.086218451610095254e-04,1.079731905123844778e-04,1.069806494169613103e-04,1.056440705990021423e-04,1.039654182206769330e-04,1.019486827284704720e-04,9.959985114581622811e-05,9.692675863002154103e-05,9.393900366792571417e-05,9.064774920875718234e-05,8.706559380038388454e-05,8.320633561539940654e-05,7.908481424838914944e-05,7.471665381095954925e-05,7.011809207045699357e-05,6.530571987037626642e-05,6.029631448876031022e-05,5.510659201692731988e-05,4.975306043286083978e-05,4.425179952249344513e-05,3.861834653844070626e-05,3.286751515251790887e-05,2.701332310735787593e-05,2.106885796107466793e-05,1.504625223616446013e-05,8.956599721601922026e-06,2.809979624148089714e-06,-3.384576765867775574e-06,-9.619015258343407287e-06,-1.588624562525188839e-05,-2.218002995373663909e-05,-2.849493020556265763e-05,-3.482616457633470571e-05,-4.116952564343266213e-05,-4.752121594422415308e-05,-5.387774862001837192e-05,-6.023577501498924593e-05,-6.659198087003718374e-05,-7.294291937385224294e-05,-7.928491606936158417e-05,-8.561392031119080266e-05,-9.192543100205313733e-05,-9.821437775857151285e-05,-1.044750773827372674e-04,-1.107011532762696972e-04,-1.168855293301775800e-04,-1.230203924847855551e-04,-1.290972267969389231e-04,-1.351068199202533186e-04,-1.410393359399828386e-04,-1.468843624330567229e-04,-1.526310167575210396e-04,-1.582680267489308527e-04,-1.637838619878112078e-04,-1.691668385158042896e-04,-1.744052645168953206e-04,-1.794875579512960706e-04,-1.844023952414657909e-04,-1.891388304898844810e-04,-1.936864361311518249e-04,-1.980354133054705200e-04,-2.021767148466798532e-04,-2.061021381960271312e-04,-2.098044232461311078e-04,-2.132773215831751260e-04,-2.165156642862676995e-04,-2.195154039489213382e-04,-2.222736502127129268e-04,-2.247886836461821891e-04,-2.270599593020816687e-04,-2.290880938744735830e-04,-2.308748397019299225e-04,-2.324230485186458547e-04,-2.337366199477371479e-04,-2.348204465176667588e-04,-2.356803417501452389e-04,-2.363229719014600736e-04,-2.367557692585762238e-04,-2.369868563233140267e-04,-2.370249499383310528e-04,-2.368792834437662132e-04,-2.365595068543968149e-04,-2.360756119687519648e-04,-2.354378331202716256e-04,-2.346565794271389437e-04,-2.337423397471972530e-04,-2.327056253266426963e-04,-2.315568816115049942e-04,-2.303064435841746277e-04,-2.289644561076391912e-04,-2.275408433133607462e-04,-2.260452382560538241e-04,-2.244869668884308975e-04,-2.228749870316540762e-04,-2.212178867887263875e-04,-2.195238322173926064e-04,-2.178005795088140998e-04,-2.160554302958912212e-04,-2.142952565637819187e-04,-2.125264622336760494e-04,-2.107550195569302370e-04,-2.089864354692137294e-04,-2.072257981388917110e-04,-2.054777465606769918e-04,-2.037465259477331029e-04,-2.020359591146210433e-04,-2.003495095018755878e-04,-1.986902530485983346e-04,-1.970609477896053579e-04,-1.954640051147267413e-04,-1.939015650390623182e-04,-1.923754659395975877e-04,-1.908873246963988814e-04,-1.894385041086142792e-04,-1.880301970437886754e-04,-1.866633906833925906e-04,-1.853389535483162143e-04,-1.840575955609625558e-04,-1.828199565356296741e-04,-1.816265612364585647e-04,-1.804779083920036130e-04,-1.793744216142827868e-04,-1.783165405742749370e-04,-1.773046732759556122e-04,-1.763392966257803824e-04,-1.754209228204191718e-04,-1.745502223470299353e-04,-1.737280207693131637e-04,-1.729554517519988461e-04,-1.722339837047170920e-04,-1.715655725009552677e-04,-1.709526586875343248e-04,-1.703982037837473000e-04,-1.699055017850745176e-04,-1.694778867269139454e-04,-1.691181580829935569e-04,-1.688277985743534830e-04,-1.686060533819341454e-04,-1.684489784204422651e-04,-1.683490178138007381e-04,-1.682952756255871873e-04,-1.682756840879754865e-04,-1.682809239441182168e-04,-1.683115956978028344e-04,-1.683869099181040498e-04,-1.685554717296482109e-04,-1.689024978733475466e-04,-1.695515965929773753e-04,-1.706496077387331840e-04,-1.723313684587352435e-04,-1.746499881664299501e-04,-1.774780131916614513e-04,-1.803761637630871251e-04,-1.824676263211825393e-04,-1.823532600935928293e-04,-1.781733130913522995e-04,-1.679135869211822855e-04,-1.501316351525008690e-04,-1.251885064172255995e-04,-9.703523303888739019e-05,-7.525074823867909093e-05
0.000000000000000000e+00,0.000000000000000000e+00,0.000000000000000000e+00,0.000000000000000000e+00,0.000000000000000000e+00,0.000000000000000000e+00,0.000000000000000000e+00,0.000000000000000000e+00,0.000000000000000000e+00,0.000000000000000000e+00,0.000000000000000000e+00,0.000000000000000000e+00,0.000000000000000000e+00,0.000000000000000000e+00,0.000000000000000000e+00,0.000000000000000000e+00,0.000000000000000000e+00,0.000000000000000000e+00,0.000000000000000000e+00,0.000000000000000000e+00,0.000000000000000000e+00,0.000000000000000000e+00,0.000000000000000000e+00,0.000000000000000000e+00,0.000000000000000000e+00,0.000000000000000000e+00,0.000000000000000000e+00,0.000000000000000000e+00,0.000000000000000000e+00,0.000000000000000000e+00,0.000000000000000000e+00,0.000000000000000000e+00,0.000000000000000000e+00,0.000000000000000000e+00,0.000000000000000000e+00,0.000000000000000000e+00,0.000000000000000000e+00,0.000000000000000000e+00,0.000000000000000000e+00,0.000000000000000000e+00,0.000000000000000000e+00,0.000000000000000000e+00,0.000000000000000000e+00,0.000000000000000000e+00,0.000000000000000000e+00,0.000000000000000000e+00,0.000000000000000000e+00,0.000000000000000000e+00,0.000000000000000000e+00,0.000000000000000000e+00,0.000000000000000000e+00,0.000000000000000000e+00,0.000000000000000000e+00,0.000000000000000000e+00,0.000000000000000000e+00,0.000000000000000000e+00,0.000000000000000000e+00,0.000000000000000000e+00,0.000000000000000000e+00,0.000000000000000000e+00,0.000000000000000000e+00,0.000000000000000000e+00,0.000000000000000000e+00,0.000000000000000000e+00,0.000000000000000000e+00,0.000000000000000000e+00,0.000000000000000000e+00,0.000000000000000000e+00,0.000000000000000000e+00,0.000000000000000000e+00,0.000000000000000000e+00,0.000000000000000000e+00,0.000000000000000000e+00,0.000000000000000000e+00,0.000000000000000000e+00,0.000000000000000000e+00,0.000000000000000000e+00,0.000000000000000000e+00,0.000000000000000000e+00,0.000000000000000000e+00,0.000000000000000000e+00,0.000000000000000000e+00,0.000000000000000000e+00,0.000000000000000000e+00,0.000000000000000000e+00,0.000000000000000000e+00,0.000000000000000000e+00,0.000000000000000000e+00,0.000000000000000000e+00,0.000000000000000000e+00,0.000000000000000000e+00,0.000000000000000000e+00,0.000000000000000000e+00,0.000000000000000000e+00,0.000000000000000000e+00,0.000000000000000000e+00,0.000000000000000000e+00,0.000000000000000000e+00,0.000000000000000000e+00,0.000000000000000000e+00,1.969514350449001749e-04,2.659220785731519245e-04,2.974883694779934971e-04,3.144685822150261210e-04,3.316327929348902187e-04,3.244689443547301138e-04,3.106906676405564688e-04,2.901929529405669942e-04,2.630187946239355618e-04,2.328326363353497655e-04,1.993272600644599955e-04,1.644417330040046684e-04,1.296907703674370646e-04,9.532627345618971436e-05,6.229510298409493790e-05,3.114165234856549176e-05,2.302030253271062923e-06,-2.383922313978906936e-05,-4.706929196488399088e-05,-6.725311675581087205e-05,-8.429461465701688330e-05,-9.820601485876893390e-05,-1.090340973223789155e-04,-1.168916703718604562e-04,-1.219372273392275161e-04,-1.243640412457689434e-04,-1.244014814636069694e-04,-1.222945451230791414e-04,-1.183086952343301816e-04,-1.127088402339534241e-04,-1.057683636837263036e-04,-9.775018564592784752e-05,-8.891602540046462326e-05,-7.951164021450568195e-05,-6.977257959158854501e-05,-5.991421913288240176e-05,-5.013434277931578051e-05,-4.060727797386862002e-05,-3.148516509352993262e-05,-2.289517963817833921e-05,-1.494071702721158797e-05,-7.700760368960356898e-06,-1.231426353114181062e-06,4.433266946369172247e-06,9.279443324372365501e-06,1.331174312160316962e-05,1.655105979820104315e-05,1.903245372520641351e-05,2.080276356921852306e-05,2.191838049640366419e-05,2.244294403775014621e-05,2.244523496157928237e-05,2.199713722607169879e-05,2.117183039934321536e-05,2.004213736856081031e-05,1.867911546016306251e-05,1.715084252243647444e-05,1.552143761735618046e-05,1.385028533174932306e-05,1.219146996976516540e-05,1.059340285113074498e-05,9.098623621907355710e-06,7.743771198515274072e-06,6.559683658005490329e-06,5.571634203202944676e-06,4.799643711069345342e-06,4.258889543167777611e-06,3.960136281724759717e-06,3.910223508255092016e-06,4.112526283862385164e-06,4.567441781815312765e-06,5.272811582915709134e-06,6.224352330811164221e-06,7.415999657187260079e-06,8.840255761665798197e-06,1.048844053271174685e-05,1.235095126286169298e-05,1.441742465346255345e-05,1.667691765015536090e-05,1.911799367583806434e-05,2.172883970405025642e-05,2.449729327108949740e-05,2.741091194362463960e-05,3.045695707234495085e-05,3.362243022917949604e-05,3.689402743627521910e-05,4.025815473218197563e-05,4.370086424894550583e-05,4.720785917519701539e-05,5.076442179370426329e-05,5.435541768478667751e-05,5.796522606550589239e-05,6.157775379254138988e-05,6.517637920271711978e-05,6.874398728540321375e-05,7.226293864806324053e-05,7.571513699893295268e-05,7.908203356471096011e-05,8.234473543492667178e-05,8.548405175692762499e-05,8.848064626551775138e-05,9.131512541943690982e-05,9.396823175437222261e-05,9.642096727270786844e-05,9.865481759656882430e-05,1.006518977418598506e-04,1.023951916267735562e-04,1.038687029405428529e-04,1.050576913177972183e-04,1.059488090639823505e-04,1.065303146878304117e-04,1.067921769508980295e-04,1.067262483806083928e-04,1.063263211721801442e-04,1.055882473323930572e-04,1.045099358176105627e-04,1.030914114386242384e-04,1.013347485713311178e-04,9.924406715469478296e-05,9.682540459847567636e-05,9.408665336590298631e-05,9.103737858617113644e-05,8.768870711869143229e-05,8.405310319724379009e-05,8.014422295820711022e-05,7.597666372990256075e-05,7.156580041697900400e-05,6.692752558234215201e-05,6.207808471425993718e-05,5.703382404488681866e-05,5.181104072667249810e-05,4.642575362052300488e-05,4.089358207188635981e-05,3.522955204687954091e-05,2.944801391866758630e-05,2.356249273877983428e-05,1.758565163110846640e-05,1.152919104183113381e-05,5.403860353456168442e-06,-7.805930099694182365e-07,-7.015365013406170748e-06,-1.329259892004711272e-05,-1.960528459248324940e-05,-2.594722164135690706e-05,-3.231288452711039521e-05,-3.869735401170888272e-05,-4.509615851089241015e-05,-5.150518511023809403e-05,-5.792050942937587498e-05,-6.433829886865616169e-05,-7.075464417960425172e-05,-7.716546805535240796e-05,-8.356637149595259070e-05,-8.995256018764672627e-05,-9.631871748092636415e-05,-1.026589591656857926e-04,-1.089667424499049140e-04,-1.152348567885890256e-04,-1.214553748270000267e-04,-1.276196831478079480e-04,-1.337184770603592977e-04,-1.397418309156868443e-04,-1.456792343720768258e-04,-1.515196978089615714e-04,-1.572518238245320461e-04,-1.628639397922612263e-04,-1.683441953200530319e-04,-1.736807115507431353e-04,-1.788616934827652930e-04,-1.838755844497360682e-04,-1.887111816882920863e-04,-1.933577845715467401e-04,-1.978053025410279094e-04,-2.020443869462715389e-04,-2.060665221956422795e-04,-2.098641331843870031e-04,-2.134306529319570853e-04,-2.167606002040493895e-04,-2.198496196421662063e-04,-2.226945269568185730e-04,-2.252933202881838052e-04,-2.276451929652516671e-04,-2.297505172929816442e-04,-2.316108271231174067e-04,-2.332287772620495738e-04,-2.346080998197690691e-04,-2.357535438803679657e-04,-2.366708107379094197e-04,-2.373664793306702386e-04,-2.378479260397881609e-04,-2.381232417010491730e-04,-2.382011416922437451e-04,-2.380908801782335939e-04,-2.378021558382279669e-04,-2.373450284723928718e-04,-2.367298250338806536e-04,-2.359670629407829422e-04,-2.350673601855914942e-04,-2.340413687642890338e-04,-2.328996916509106516e-04,-2.316528287776961810e-04,-2.303111026665018168e-04,-2.288846184524025162e-04,-2.273831990422048928e-04,-2.258163598239750262e-04,-2.241932534221239973e-04,-2.225226590292743033e-04,-2.208129361744209430e-04,-2.190720280663350150e-04,-2.173074233077072715e-04,-2.155261722547530600e-04,-2.137348552859698791e-04,-2.119396109521868362e-04,-2.101461092344305052e-04,-2.083595901632658606e-04,-2.065848404473459132e-04,-2.048262412580933577e-04,-2.030877466597352766e-04,-2.013729393522553049e-04,-1.996850094626644674e-04,-1.980268171981250781e-04,-1.964008707291163352e-04,-1.948093949038579031e-04,-1.932543071462417255e-04,-1.917372915684942671e-04,-1.902597719670428027e-04,-1.888229907973314160e-04,-1.874279783920176239e-04,-1.860756362429313697e-04,-1.847667014346589991e-04,-1.835018335115781208e-04,-1.822815728902647532e-04,-1.811064305487223767e-04,-1.799768393411251260e-04,-1.788932466278793972e-04,-1.778560590222283205e-04,-1.768657411443334674e-04,-1.759227584664262351e-04,-1.750276911292745412e-04,-1.741811852031450341e-04,-1.733840955772863524e-04,-1.726374560105685602e-04,-1.719426581341303249e-04,-1.713014290856191191e-04,-1.707160160098572413e-04,-1.701890990526829189e-04,-1.697238738798252612e-04,-1.693237383461828911e-04,-1.689920959849342181e-04,-1.687316321719500227e-04,-1.685437569190131467e-04,-1.684275460463786238e-04,-1.683792532842234239e-04,-1.683917546262085477e-04,-1.684555745341570108e-04,-1.685607228956426508e-04,-1.687014925085569372e-04,-1.688825146078170257e-04,-1.691279840484964788e-04,-1.694896283908456413e-04,-1.700537462056743790e-04,-1.709379614845872261e-04,-1.722761185851986424e-04,-1.741772007296578265e-04,-1.766597365109715586e-04,-1.795504870090471581e-04,-1.823676981340934065e-04,-1.842002343831935498e-04,-1.836501682934473390e-04,-1.788996826309602990e-04,-1.680418633255852687e-04,-1.497776379218001544e-04,-1.246237959454949546e-04,-9.658029281680392602e-05,-7.507679452119628207e-05
0.000000000000000000e+00,0.000000000000000000e+00,0.000000000000000000e+00,0.000000000000000000e+00,0.000000000000000000e+00,0.000000000000000000e+00,0.000000000000000000e+00,0.000000000000000000e+00,0.000000000000000000e+00,0.000000000000000000e+00,0.000000000000000000e+00,0.000000000000000000e+00,0.000000000000000000e+00,0.000000000000000000e+00,0.000000000000000000e+00,0.000000000000000000e+00,0.000000000000000000e+00,0.000000000000000000e+00,0.000000000000000000e+00,0.000000000000000000e+00,0.000000000000000000e+00,0.000000000000000000e+00,0.000000000000000000e+00,0.000000000000000000e+00,0.000000000000000000e+00,0.000000000000000000e+00,0.000000000000000000e+00,0.000000000000000000e+00,0.000000000000000000e+00,0.000000000000000000e+00,0.000000000000000000e+00,0.000000000000000000e+00,0.000000000000000000e+00,0.000000000000000000e+00,0.000000000000000000e+00,0.000000000000000000e+00,0.000000000000000000e+00,0.000000000000000000e+00,0.000000000000000000e+00,0.000000000000000000e+00,0.000000000000000000e+00,0.000000000000000000e+00,0.000000000000000000e+00,0.000000000000000000e+00,0.000000000000000000e+00,0.000000000000000000e+00,0.000000000000000000e+00,0.000000000000000000e+00,0.000000000000000000e+00,0.000000000000000000e+00,0.000000000000000000e+00,0.000000000000000000e+00,0.000000000000000000e+00,0.000000000000000000e+00,0.000000000000000000e+00,0.000000000000000000e+00,0.000000000000000000e+00,0.000000000000000000e+00,0.000000000000000000e+00,0.000000000000000000e+00,0.000000000000000000e+00,0.000000000000000000e+00,0.000000000000000000e+00,0.000000000000000000e+00,0.000000000000000000e+00,0.000000000000000000e+00,0.000000000000000000e+00,0.000000000000000000e+00,0.000000000000000000e+00,0.000000000000000000e+00,0.000000000000000000e+00,0.000000000000000000e+00,0.000000000000000000e+00,0.000000000000000000e+00,0.000000000000000000e+00,0.000000000000000000e+00,0.000000000000000000e+00,0.000000000000000000e+00,0.000000000000000000e+00,0.000000000000000000e+00,0.000000000000000000e+00,0.000000000000000000e+00,0.000000000000000000e+00,0.000000000000000000e+00,0.000000000000000000e+00,0.000000000000000000e+00,0.000000000000000000e+00,0.000000000000000000e+00,0.000000000000000000e+00,0.000000000000000000e+00,0.000000000000000000e+00,0.000000000000000000e+00,0.000000000000000000e+00,0.000000000000000000e+00,0.000000000000000000e+00,0.000000000000000000e+00,0.000000000000000000e+00,0.000000000000000000e+00,0.000000000000000000e+00,2.179658732133987016e-04,2.772602633613159215e-04,3.036600143400109797e-04,3.257881373706278177e-04,3.246773765195270318e-04,3.129478707326698830e-04,2.951190495280554761e-04,2.685593720678595693e-04,2.386464399896826732e-04,2.060032480328478270e-04,1.714572669035532902e-04,1.366851161352420718e-04,1.023241069921177528e-04,6.919881101955473375e-05,3.801688652900623493e-05,9.048516920043323433e-06,-1.728130503882469065e-05,-4.073598643855083341e-05,-6.117194308997071534e-05,-7.851493484774216020e-05,-9.276312127922008480e-05,-1.039772882473638142e-04,-1.122530131890234521e-04,-1.177457095977814047e-04,-1.206384535366194669e-04,-1.211475196576581426e-04,-1.195125648429376443e-04,-1.159864514201940420e-04,-1.108341810898787048e-04,-1.043189721677521158e-04,-9.670497101485520683e-05,-8.824458401046770260e-05,-7.918323349260729231e-05,-6.974884022788647748e-05,-6.015601036229969360e-05,-5.059824550375403032e-05,-4.125046674053805743e-05,-3.226416116803258190e-05,-2.376891983629169267e-05,-1.587019035505411605e-05,-8.650716521237467521e-06,-2.170247343957014555e-06,3.532726910120141529e-06,8.439979305216736542e-06,1.255148948257024692e-05,1.588370252326756670e-05,1.846727062443635786e-05,2.034496146401951818e-05,2.156936361536789727e-05,2.220074394618945656e-05,2.230489623485689600e-05,2.195117813582762233e-05,2.121065765620973868e-05,2.015448577245154772e-05,1.885243847387996159e-05,1.737170262350701098e-05,1.577584668707344650e-05,1.412403095079138250e-05,1.247038894393823837e-05,1.086362902701943941e-05,9.346777454835234391e-06,7.957114075657369497e-06,6.726211190126950980e-06,5.680132431735386864e-06,4.839690889209682050e-06,4.220830786760722801e-06,3.835021215128565313e-06,3.689735893944954702e-06,3.788899148347686411e-06,4.133384725812112809e-06,4.721442614751961986e-06,5.549155500673663192e-06,6.610797321212857903e-06,7.899210899237156039e-06,9.406074798368761603e-06,1.112218993009008926e-05,1.303765267304633977e-05,1.514205575059734377e-05,1.742457885883239301e-05,1.987411827838291017e-05,2.247931177448933242e-05,2.522861394933286345e-05,2.811027245483972248e-05,3.111236487116593100e-05,3.422274113140929348e-05,3.742903524880951725e-05,4.071858639292915349e-05,4.407843665367012457e-05,4.749524151199406352e-05,5.095526380764763837e-05,5.444428401006002672e-05,5.794760093975320618e-05,6.144995306257044674e-05,6.493553750132891457e-05,6.838795433504144688e-05,7.179025575787808069e-05,7.512492492836339943e-05,7.837396570947517238e-05,8.151892488832353548e-05,8.454102877489554123e-05,8.742125205120083575e-05,9.014050085575391242e-05,9.267972417816940144e-05,9.502013552815756622e-05,9.714335550265861680e-05,9.903165746233528707e-05,1.006681241474872317e-04,1.020368982161767672e-04,1.031233325916260286e-04,1.039142250133780556e-04,1.043979416296721949e-04,1.045646160253893878e-04,1.044062282644906862e-04,1.039167527352048416e-04,1.030921797372014219e-04,1.019306021357640145e-04,1.004321727954550855e-04,9.859912655427207598e-05,9.643567344049445804e-05,9.394795899562896125e-05,9.114389946246878517e-05,8.803308926531358124e-05,8.462658955232281260e-05,8.093679611218568162e-05,7.697719633615736595e-05,7.276221365571603622e-05,6.830694991737237473e-05,6.362702345194907463e-05,5.873831402855483387e-05,5.365681101349140635e-05,4.839837668641080266e-05,4.297861889492976496e-05,3.741268590384179437e-05,3.171517487721705415e-05,2.589996799938929450e-05,1.998018441588299759e-05,1.396806350205491833e-05,7.874963950710268338e-06,1.711296111718675909e-06,-4.513431977509385406e-06,-1.079063503341691385e-05,-1.711256136892070354e-05,-2.347227139074301339e-05,-2.986351231120947878e-05,-3.628066291074951246e-05,-4.271858176481640838e-05,-4.917252882188710098e-05,-5.563799878707161988e-05,-6.211063170137791996e-05,-6.858604432871197624e-05,-7.505974268265764259e-05,-8.152696451306820061e-05,-8.798260644147269454e-05,-9.442108977329430385e-05,-1.008363134560540222e-04,-1.072215533895922433e-04,-1.135694498093792204e-04,-1.198719471156273718e-04,-1.261203206889182564e-04,-1.323051602869856035e-04,-1.384164370890823869e-04,-1.444435293719643269e-04,-1.503753262818223436e-04,-1.562002903560473944e-04,-1.619065906993562276e-04,-1.674821935282346907e-04,-1.729150145893992082e-04,-1.781930266720929939e-04,-1.833044195723371791e-04,-1.882377126711436773e-04,-1.929819105993027767e-04,-1.975266094874978306e-04,-2.018621376075063355e-04,-2.059796455389355263e-04,-2.098712231533158775e-04,-2.135299663730233326e-04,-2.169500645457252521e-04,-2.201268393012089221e-04,-2.230567992506441160e-04,-2.257376493058833899e-04,-2.281683123992543074e-04,-2.303489102280238243e-04,-2.322807540685464746e-04,-2.339663000356782168e-04,-2.354091129081425069e-04,-2.366138005409574370e-04,-2.375859558468883573e-04,-2.383320759367847544e-04,-2.388594880344171436e-04,-2.391762592790872834e-04,-2.392911124353256540e-04,-2.392133321616566070e-04,-2.389526760230852064e-04,-2.385192825098691473e-04,-2.379235821741622770e-04,-2.371762119007620134e-04,-2.362879300878488432e-04,-2.352695407330844481e-04,-2.341318155800105349e-04,-2.328854305822714206e-04,-2.315408969273715354e-04,-2.301085114836653447e-04,-2.285982976597417669e-04,-2.270199705710523094e-04,-2.253828878664568605e-04,-2.236960296171970489e-04,-2.219679585648738228e-04,-2.202068141655748551e-04,-2.184202811983380920e-04,-2.166155969934820190e-04,-2.147995269905331628e-04,-2.129783839317056341e-04,-2.111580087602639173e-04,-2.093438004485451110e-04,-2.075407005601776671e-04,-2.057532323851537972e-04,-2.039854875233330434e-04,-2.022411730915649566e-04,-2.005235988008381015e-04,-1.988357311499245022e-04,-1.971801796410782505e-04,-1.955592570628565858e-04,-1.939749636958923700e-04,-1.924290529840540307e-04,-1.909230127903397659e-04,-1.894581359251223008e-04,-1.880354976827757396e-04,-1.866560307643655252e-04,-1.853204983901975687e-04,-1.840295730648681787e-04,-1.827838044886822969e-04,-1.815837013757464890e-04,-1.804296933192729409e-04,-1.793222147897925755e-04,-1.782616605888021717e-04,-1.772484719936000686e-04,-1.762830874770275266e-04,-1.753660337605901769e-04,-1.744978779173092639e-04,-1.736793308054540087e-04,-1.729112119849351243e-04,-1.721945755101225749e-04,-1.715306978989408467e-04,-1.709212250931282310e-04,-1.703681712856154444e-04,-1.698740445287507837e-04,-1.694417875354641077e-04,-1.690747650654469362e-04,-1.687765061569712198e-04,-1.685503818162446409e-04,-1.683990221817730046e-04,-1.683236306263875435e-04,-1.683232498855038984e-04,-1.683941624430108257e-04,-1.685299346890087259e-04,-1.687222511000594481e-04,-1.689635820785020178e-04,-1.692513125849104665e-04,-1.695945465723099164e-04,-1.700213950992023146e-04,-1.705871539545434615e-04,-1.713773076617654311e-04,-1.725041340856970002e-04,-1.740857403113692931e-04,-1.762067810531610986e-04,-1.788479730465911816e-04,-1.817938319657208155e-04,-1.845166832017154635e-04,-1.860774189757221590e-04,-1.850745977484304213e-04,-1.797406855433836270e-04,-1.682664314789387376e-04,-1.495047359490719039e-04,-1.241111572560943952e-04,-9.615057679056918376e-05,-7.489155648975354140e-05
0.000000000000000000e+00,0.000000000000000000e+00,0.000000000000000000e+00,0.000000000000000000e+00,0.000000000000000000e+00,0.000000000000000000e+00,0.000000000000000000e+00,0.000000000000000000e+00,0.000000000000000000e+00,0.000000000000000000e+00,0.000000000000000000e+00,0.000000000000000000e+00,0.000000000000000000e+00,0.000000000000000000e+00,0.000000000000000000e+00,0.000000000000000000e+00,0.000000000000000000e+00,0.000000000000000000e+00,0.000000000000000000e+00,0.000000000000000000e+00,0.000000000000000000e+00,0.000000000000000000e+00,0.000000000000000000e+00,0.000000000000000000e+00,0.000000000000000000e+00,0.000000000000000000e+00,0.000000000000000000e+00,0.000000000000000000e+00,0.000000000000000000e+00,0.000000000000000000e+00,0.000000000000000000e+00,0.000000000000000000e+00,0.000000000000000000e+00,0.000000000000000000e+00,0.000000000000000000e+00,0.000000000000000000e+00,0.000000000000000000e+00,0.000000000000000000e+00,0.000000000000000000e+00,0.000000000000000000e+00,0.000000000000000000e+00,0.000000000000000000e+00,0.000000000000000000e+00,0.000000000000000000e+00,0.000000000000000000e+00,0.000000000000000000e+00,0.000000000000000000e+00,0.000000000000000000e+00,0.000000000000000000e+00,0.000000000000000000e+00,0.000000000000000000e+00,0.000000000000000000e+00,0.000000000000000000e+00,0.000000000000000000e+00,0.000000000000000000e+00,0.000000000000000000e+00,0.000000000000000000e+00,0.000000000000000000e+00,0.000000000000000000e+00,0.000000000000000000e+00,0.000000000000000000e+00,0.000000000000000000e+00,0.000000000000000000e+00,0.000000000000000000e+00,0.000000000000000000e+00,0.000000000000000000e+00,0.000000000000000000e+00,0.000000000000000000e+00,0.000000000000000000e+00,0.000000000000000000e+00,0.000000000000000000e+00,0.000000000000000000e+00,0.000000000000000000e+00,0.000000000000000000e+00,0.000000000000000000e+00,0.000000000000000000e+00,0.000000000000000000e+00,0.000000000000000000e+00,0.000000000000000000e+00,0.000000000000000000e+00,0.000000000000000000e+00,0.000000000000000000e+00,0.000000000000000000e+00,0.000000000000000000e+00,0.000000000000000000e+00,0.000000000000000000e+00,0.000000000000000000e+00,0.000000000000000000e+00,0.000000000000000000e+00,0.000000000000000000e+00,0.000000000000000000e+00,0.000000000000000000e+00,0.000000000000000000e+00,0.000000000000000000e+00,0.000000000000000000e+00,0.000000000000000000e+00,0.000000000000000000e+00,2.172938280387333324e-04,2.747232738622968186e-04,3.046984241015328657e-04,3.218648376028197247e-04,3.241619584720436512e-04,3.142914116637922643e-04,2.985876359216536120e-04,2.741676354725033600e-04,2.440993596681313596e-04,2.121426391026080100e-04,1.778363389169229918e-04,1.432010635946254695e-04,1.089533431031971514e-04,7.575409317346351254e-05,4.442568998464400742e-05,1.536178445652766042e-05,-1.111605474013736831e-05,-3.472167037322348028e-05,-5.536109177332890690e-05,-7.293403157141144992e-05,-8.744659885101585723e-05,-9.895697924640543233e-05,-1.075719515533528402e-04,-1.134348954760484678e-04,-1.167288124123427054e-04,-1.176581936979368580e-04,-1.164549639879845230e-04,-1.133635998257196710e-04,-1.086387627816712536e-04,-1.025398495188753999e-04,-9.532258982195628374e-05,-8.723829743937599297e-05,-7.852511189701946650e-05,-6.940991972422979846e-05,-6.010103843908571507e-05,-5.079096113485307508e-05,-4.165066824199121777e-05,-3.283195447212530337e-05,-2.446362131875001242e-05,-1.665328457192888885e-05,-9.485551467380576662e-06,-3.023768792715442609e-06,2.690105213530579365e-06,7.633525937963810218e-06,1.180231506609318281e-05,1.520846055377044985e-05,1.787840089631364409e-05,1.985073368719579025e-05,2.117422086251429992e-05,2.190556228889978230e-05,2.210740330908917596e-05,2.184632360314139152e-05,2.119105182368320037e-05,2.021079405340654196e-05,1.897378931481369746e-05,1.754605170189874478e-05,1.599032724731306706e-05,1.436526444012074634e-05,1.272476939918557494e-05,1.111757129235286516e-05,9.586930847133820453e-06,8.170539628381840043e-06,6.900516852360840246e-06,5.803570672842379484e-06,4.901211319912139982e-06,4.210099391854063057e-06,3.742400989608830383e-06,3.506247139871948836e-06,3.506156710161344822e-06,3.743533813213430676e-06,4.217090240636280134e-06,4.923318117707532883e-06,5.856858396163898389e-06,7.010904939689146319e-06,8.377487231752390353e-06,9.947784904184702468e-06,1.171231495370888950e-05,1.366115573244430658e-05,1.578404560101688954e-05,1.807052820143483892e-05,2.050997827271484254e-05,2.309168529177553196e-05,2.580482438692814650e-05,2.863849541150313068e-05,3.158165527255200026e-05,3.462312707401417713e-05,3.775150743212171695e-05,4.095515783717906013e-05,4.422209849064461993e-05,4.753999267396422811e-05,5.089603790057546157e-05,5.427695402540340890e-05,5.766888298329610326e-05,6.105739228628213422e-05,6.442739559494803305e-05,6.776318397593024238e-05,7.104837963830899067e-05,7.426600658653875200e-05,7.739848804711133034e-05,8.042776512690669123e-05,8.333534402458041691e-05,8.610246547279215654e-05,8.871020076693758951e-05,9.113966691793625027e-05,9.337216240038473869e-05,9.538941509122727755e-05,9.717374152179696772e-05,9.870830866615093848e-05,9.997729584653678456e-05,1.009661483695508256e-04,1.016617198517358789e-04,1.020524960180781105e-04,1.021286971738344054e-04,1.018824539151816307e-04,1.013078541896976232e-04,1.004010583848003883e-04,9.916028187779838462e-05,9.758584386784815274e-05,9.568008341521278513e-05,9.344734340607578052e-05,9.089382483852346390e-05,8.802751359174007582e-05,8.485798339412130634e-05,8.139627799000554494e-05,7.765467733424416541e-05,7.364655095782320722e-05,6.938610424376996384e-05,6.488822017755108357e-05,6.016820307173415563e-05,5.524162555234245133e-05,5.012408600363245516e-05,4.483107585037653532e-05,3.937776461770140852e-05,3.377889968861883294e-05,2.804862960098725424e-05,2.220044488762172130e-05,1.624704646575510439e-05,1.020033227810379878e-05,4.071313710110230602e-06,-2.129851131528898387e-06,-8.393893829220552732e-06,-1.471235855244645195e-05,-2.107759561866970617e-05,-2.748264662886717649e-05,-3.392120251498275237e-05,-4.038745972006479589e-05,-4.687605253297563983e-05,-5.338189126803549207e-05,-5.990008050793811764e-05,-6.642575167683807116e-05,-7.295397985193498682e-05,-7.947962369987939739e-05,-8.599725360128189814e-05,-9.250101145366603297e-05,-9.898456181603169815e-05,-1.054409824403829051e-04,-1.118627479150102727e-04,-1.182416589706926510e-04,-1.245688647810659882e-04,-1.308348353001800456e-04,-1.370294242482386095e-04,-1.431418843828466631e-04,-1.491609687631100846e-04,-1.550749844755900514e-04,-1.608719256325059585e-04,-1.665395572920832482e-04,-1.720655703765971631e-04,-1.774376848596182778e-04,-1.826438148181710444e-04,-1.876721787094139679e-04,-1.925114622811490708e-04,-1.971509239836807402e-04,-2.015805443687990390e-04,-2.057911161902851039e-04,-2.097743709514163950e-04,-2.135230456801208952e-04,-2.170309800287674765e-04,-2.202931546464860328e-04,-2.233057552631059121e-04,-2.260661806033187316e-04,-2.285730728168589422e-04,-2.308262956467595174e-04,-2.328269331162401156e-04,-2.345772409449439018e-04,-2.360806173808125460e-04,-2.373415325276774621e-04,-2.383654765454045496e-04,-2.391588725726069185e-04,-2.397290082136230814e-04,-2.400839381480449921e-04,-2.402324049460399433e-04,-2.401837373458898446e-04,-2.399477660898155929e-04,-2.395347233331308466e-04,-2.389551585017368057e-04,-2.382198434974363308e-04,-2.373396926622542804e-04,-2.363256774857545200e-04,-2.351887537368163681e-04,-2.339397883644512600e-04,-2.325894958172600841e-04,-2.311483788415870106e-04,-2.296266750394978509e-04,-2.280343123727487941e-04,-2.263808661501401744e-04,-2.246755292956153930e-04,-2.229270792491635351e-04,-2.211438624638729770e-04,-2.193337701659443611e-04,-2.175042361217989896e-04,-2.156622198282193040e-04,-2.138142163284383404e-04,-2.119662451814442218e-04,-2.101238709883387380e-04,-2.082921963993250841e-04,-2.064758920082464190e-04,-2.046791916779360117e-04,-2.029059305529654360e-04,-2.011595410770958237e-04,-1.994430980346486443e-04,-1.977593137883493235e-04,-1.961105894590277224e-04,-1.944990081019274362e-04,-1.929263913531650734e-04,-1.913942894634366499e-04,-1.899040429614886314e-04,-1.884567686433161096e-04,-1.870534259844704216e-04,-1.856947982993582054e-04,-1.843815637221795408e-04,-1.831142707414517006e-04,-1.818934135165307248e-04,-1.807194008472878734e-04,-1.795926354640544080e-04,-1.785134753682820000e-04,-1.774823168865999063e-04,-1.764995477674281962e-04,-1.755656349925338458e-04,-1.746810709244014871e-04,-1.738464700147003528e-04,-1.730625131069296976e-04,-1.723300618299774157e-04,-1.716501096967228406e-04,-1.710239245836566173e-04,-1.704530106822221857e-04,-1.699392770465104350e-04,-1.694849879857514437e-04,-1.690929157435922296e-04,-1.687661994608014894e-04,-1.685083764657631248e-04,-1.683230069617615244e-04,-1.682134513350860958e-04,-1.681821511022399429e-04,-1.682301782728666366e-04,-1.683563731652365980e-04,-1.685572180629012380e-04,-1.688267282268611773e-04,-1.691580369366050966e-04,-1.695456418307453750e-04,-1.699904025174901138e-04,-1.705050396641665585e-04,-1.711220240021496931e-04,-1.718986659287289351e-04,-1.729202602671423830e-04,-1.742913587357218757e-04,-1.761156347083388826e-04,-1.784503822879858817e-04,-1.812413937209584865e-04,-1.842275414746462044e-04,-1.868405858555532723e-04,-1.881093904239591376e-04,-1.866368951702206710e-04,-1.806992623586541828e-04,-1.685940502501657827e-04,-1.493136426456517936e-04,-1.236633193923489249e-04,-9.575682607741637417e-05,-7.472938024663168955e-05
0.000000000000000000e+00,0.000000000000000000e+00,0.000000000000000000e+00,0.000000000000000000e+00,0.000000000000000000e+00,0.000000000000000000e+00,0.000000000000000000e+00,0.000000000000000000e+00,0.000000000000000000e+00,0.000000000000000000e+00,0.000000000000000000e+00,0.000000000000000000e+00,0.000000000000000000e+00,0.000000000000000000e+00,0.000000000000000000e+00,0.000000000000000000e+00,0.000000000000000000e+00,0.000000000000000000e+00,0.000000000000000000e+00,0.000000000000000000e+00,0.000000000000000000e+00,0.000000000000000000e+00,0.000000000000000000e+00,0.000000000000000000e+00,0.000000000000000000e+00,0.000000000000000000e+00,0.000000000000000000e+00,0.000000000000000000e+00,0.000000000000000000e+00,0.000000000000000000e+00,0.000000000000000000e+00,0.000000000000000000e+00,0.000000000000000000e+00,0.000000000000000000e+00,0.000000000000000000e+00,0.000000000000000000e+00,0.000000000000000000e+00,0.000000000000000000e+00,0.000000000000000000e+00,0.000000000000000000e+00,0.000000000000000000e+00,0.000000000000000000e+00,0.000000000000000000e+00,0.000000000000000000e+00,0.000000000000000000e+00,0.000000000000000000e+00,0.000000000000000000e+00,0.000000000000000000e+00,0.000000000000000000e+00,0.000000000000000000e+00,0.000000000000000000e+00,0.000000000000000000e+00,0.000000000000000000e+00,0.000000000000000000e+00,0.000000000000000000e+00,0.000000000000000000e+00,0.000000000000000000e+00,0.000000000000000000e+00,0.000000000000000000e+00,0.000000000000000000e+00,0.000000000000000000e+00,0.000000000000000000e+00,0.000000000000000000e+00,0.000000000000000000e+00,0.000000000000000000e+00,0.000000000000000000e+00,0.000000000000000000e+00,0.000000000000000000e+00,0.000000000000000000e+00,0.000000000000000000e+00,0.000000000000000000e+00,0.000000000000000000e+00,0.000000000000000000e+00,0.000000000000000000e+00,0.000000000000000000e+00,0.000000000000000000e+00,0.000000000000000000e+00,0.000000000000000000e+00,0.000000000000000000e+00,0.000000000000000000e+00,0.000000000000000000e+00,0.000000000000000000e+00,0.000000000000000000e+00,0.000000000000000000e+00,0.000000000000000000e+00,0.000000000000000000e+00,0.000000000000000000e+00,0.000000000000000000e+00,0.000000000000000000e+00,0.000000000000000000e+00,0.000000000000000000e+00,0.000000000000000000e+00,0.000000000000000000e+00,0.000000000000000000e+00,0.000000000000000000e+00,0.000000000000000000e+00,2.320776917062528707e-04,2.848782104895737611e-04,3.061485298316703012e-04,3.263874866787495237e-04,3.171118785200279042e-04,3.015707110249924382e-04,2.785198449408799793e-04,2.496929075445812954e-04,2.181000690635982806e-04,1.840116971419840711e-04,1.490985272307472208e-04,1.149913718504404241e-04,8.178582526355168648e-05,5.039180301966154809e-05,2.122315511788686813e-05,-5.367003802704289741e-06,-2.910520959940031562e-05,-4.986835205425604542e-05,-6.760965378712258025e-05,-8.230970383644684865e-05,-9.404641197246361702e-05,-1.029174791252096582e-04,-1.090748250445379170e-04,-1.126952834300183783e-04,-1.139836005099510469e-04,-1.131607495396312022e-04,-1.104655070073460801e-04,-1.061427855514197584e-04,-1.004435326242030842e-04,-9.361695545399594312e-05,-8.590676403217093176e-05,-7.754792796202843446e-05,-6.876127597272384110e-05,-5.975328017066251698e-05,-5.071135919808999635e-05,-4.180522248398332765e-05,-3.318327574313868745e-05,-2.497434044569222156e-05,-1.728522592283103241e-05,-1.020239798529663150e-05,-3.790886693795781844e-06,1.903976570921395907e-06,6.856343380418914678e-06,1.105788625776535446e-05,1.451659805517145079e-05,1.725463925274611619e-05,1.930658351448549733e-05,2.071722313130005611e-05,2.153962944856202042e-05,2.183307365572917938e-05,2.166116396912520192e-05,2.109001251858454038e-05,2.018662629672026820e-05,1.901741868342718956e-05,1.764696244089601591e-05,1.613689993986786522e-05,1.454510013406561937e-05,1.292496905409353922e-05,1.132499421831546215e-05,9.788412595078416838e-06,8.353086815984435922e-06,7.051462881861701528e-06,5.910705803010956359e-06,4.952872613487968179e-06,4.195233466867228899e-06,3.650588198474085190e-06,3.327702812730235530e-06,3.231702456207441256e-06,3.364557890756391391e-06,3.725493105757956028e-06,4.311463229558467936e-06,5.117524317814406652e-06,6.137256558072322056e-06,7.363059236005104861e-06,8.786491128114022991e-06,1.039847304587911940e-05,1.218953677477320611e-05,1.414993559558556774e-05,1.626980860434692515e-05,1.853921170750670241e-05,2.094821272962587300e-05,2.348686047351266547e-05,2.614522826267856256e-05,2.891333858848546467e-05,3.178117117355851515e-05,3.473855824345089427e-05,3.777517049341022571e-05,4.088039548234831465e-05,4.404331298373938096e-05,4.725256780854654020e-05,5.049634563967862728e-05,5.376225181125968762e-05,5.703729945656198767e-05,6.030780671929792774e-05,6.355941001183298999e-05,6.677699269405754263e-05,6.994473609537820683e-05,7.304609151816892981e-05,7.606387937371514221e-05,7.898031280429198273e-05,8.177715043486801297e-05,8.443577372431443611e-05,8.693739146837102289e-05,8.926316475568345015e-05,9.139445279545945150e-05,9.331297104119451891e-05,9.500106043717240463e-05,9.644185806154215537e-05,9.761956724900368429e-05,9.851961723780220715e-05,9.912891061804584300e-05,9.943594931495088030e-05,9.943103841203236148e-05,9.910635998360155826e-05,9.845611783296753892e-05,9.747654720795422825e-05,9.616599219032799691e-05,9.452484689359039020e-05,9.255556484898377271e-05,9.026253469334241534e-05,8.765202784071690807e-05,8.473201798674093632e-05,8.151207888409306619e-05,7.800316165097109713e-05,7.421745817567183866e-05,7.016815297499527052e-05,6.586926952810906238e-05,6.133541429192038521e-05,5.658162324046306878e-05,5.162311482091640284e-05,4.647515242058584180e-05,4.115282087730714295e-05,3.567091788752729949e-05,3.004376556200332761e-05,2.428514033110611595e-05,1.840812735117974949e-05,1.242509463704278763e-05,6.347594244328432671e-06,1.863824814193851552e-07,-6.048632007290696361e-06,-1.234832376777787136e-05,-1.870435893498585182e-05,-2.510909162454819207e-05,-3.155553527326350352e-05,-3.803722785086326700e-05,-4.454817516815546733e-05,-5.108269513646409340e-05,-5.763534403982727974e-05,-6.420075170282562487e-05,-7.077354299750891699e-05,-7.734817663828736289e-05,-8.391887461739042564e-05,-9.047947726358071920e-05,-9.702339267300191187e-05,-1.035434794606685227e-04,-1.100320264526205230e-04,-1.164806721390234442e-04,-1.228804219058830490e-04,-1.292216096763993197e-04,-1.354939560070595524e-04,-1.416865731022409281e-04,-1.477880626034701664e-04,-1.537865606082002641e-04,-1.596698695489562824e-04,-1.654255356824540927e-04,-1.710410057381497330e-04,-1.765037261863877703e-04,-1.818013128669349586e-04,-1.869216596287247105e-04,-1.918531082298782873e-04,-1.965845538025343218e-04,-2.011056029519550268e-04,-2.054066648159936701e-04,-2.094790872139412196e-04,-2.133152244851391362e-04,-2.169085443365007101e-04,-2.202536666944796592e-04,-2.233464370893975255e-04,-2.261839339674514724e-04,-2.287645075937164423e-04,-2.310877562511230493e-04,-2.331545323955375789e-04,-2.349668906445373149e-04,-2.365280650674201571e-04,-2.378423936818543861e-04,-2.389152722221850322e-04,-2.397530609761293850e-04,-2.403630211453742995e-04,-2.407532103192472242e-04,-2.409324076924770713e-04,-2.409100043767841413e-04,-2.406959233990712350e-04,-2.403005105191530883e-04,-2.397344542218899103e-04,-2.390086818867183404e-04,-2.381342840399732440e-04,-2.371224197318539935e-04,-2.359842482581818435e-04,-2.347308465510525354e-04,-2.333731505078294965e-04,-2.319218861853034476e-04,-2.303875218694214039e-04,-2.287802139400264086e-04,-2.271097699306695637e-04,-2.253856091532203899e-04,-2.236167362628265257e-04,-2.218117161197896692e-04,-2.199786568104684676e-04,-2.181251977833436879e-04,-2.162585008832663839e-04,-2.143852505176031776e-04,-2.125116510245997608e-04,-2.106434374973951593e-04,-2.087858777012965579e-04,-2.069437921786697896e-04,-2.051215589344979994e-04,-2.033231415355696867e-04,-2.015520948744178897e-04,-1.998116001341543281e-04,-1.981044700886529534e-04,-1.964331900060699407e-04,-1.947999211305613695e-04,-1.932065468218347403e-04,-1.916546730647531067e-04,-1.901456793731085677e-04,-1.886807153755960982e-04,-1.872607562190162190e-04,-1.858865944566021500e-04,-1.845588998315685276e-04,-1.832782058074354005e-04,-1.820449736476467131e-04,-1.808595729239717575e-04,-1.797223496973505562e-04,-1.786336002482558126e-04,-1.775936429859952632e-04,-1.766027846763194864e-04,-1.756613958343584254e-04,-1.747698694558682164e-04,-1.739287007908398063e-04,-1.731384408362123776e-04,-1.723997841796064232e-04,-1.717135234454051989e-04,-1.710806523687074979e-04,-1.705023304109510695e-04,-1.699800072565294657e-04,-1.695154010625138667e-04,-1.691106343514182486e-04,-1.687682027513569846e-04,-1.684910696811262357e-04,-1.682825507160079384e-04,-1.681462544283902612e-04,-1.680857635538983864e-04,-1.681042961310810031e-04,-1.682041335201709710e-04,-1.683860500785981391e-04,-1.686487844998744610e-04,-1.689887903216851460e-04,-1.694007322580891230e-04,-1.698788108858727600e-04,-1.704198526427615397e-04,-1.710274717658338915e-04,-1.717184078938759409e-04,-1.725281868130017259e-04,-1.735167593191742658e-04,-1.747671782629316400e-04,-1.763775642722769028e-04,-1.784344353451497065e-04,-1.809705042604959322e-04,-1.838934410439615477e-04,-1.869014910540496685e-04,-1.893818710841109519e-04,-1.903385699159727514e-04,-1.883726561354077435e-04,-1.818120392626755761e-04,-1.690500613578527070e-04,-1.492269593866017350e-04,-1.232820248204251779e-04,-9.539457844150904878e-05,-7.455844715023098610e-05
0.000000000000000000e+00,0.000000000000000000e+00,0.000000000000000000e+00,0.000000000000000000e+00,0.000000000000000000e+00,0.000000000000000000e+00,0.000000000000000000e+00,0.000000000000000000e+00,0.000000000000000000e+00,0.000000000000000000e+00,0.000000000000000000e+00,0.000000000000000000e+00,0.000000000000000000e+00,0.000000000000000000e+00,0.000000000000000000e+00,0.000000000000000000e+00,0.000000000000000000e+00,0.000000000000000000e+00,0.000000000000000000e+00,0.000000000000000000e+00,0.000000000000000000e+00,0.000000000000000000e+00,0.000000000000000000e+00,0.000000000000000000e+00,0.000000000000000000e+00,0.000000000000000000e+00,0.000000000000000000e+00,0.000000000000000000e+00,0.000000000000000000e+00,0.000000000000000000e+00,0.000000000000000000e+00,0.000000000000000000e+00,0.000000000000000000e+00,0.000000000000000000e+00,0.000000000000000000e+00,0.000000000000000000e+00,0.000000000000000000e+00,0.000000000000000000e+00,0.000000000000000000e+00,0.000000000000000000e+00,0.000000000000000000e+00,0.000000000000000000e+00,0.000000000000000000e+00,0.000000000000000000e+00,0.000000000000000000e+00,0.000000000000000000e+00,0.000000000000000000e+00,0.000000000000000000e+00,0.000000000000000000e+00,0.000000000000000000e+00,0.000000000000000000e+00,0.000000000000000000e+00,0.000000000000000000e+00,0.000000000000000000e+00,0.000000000000000000e+00,0.000000000000000000e+00,0.000000000000000000e+00,0.000000000000000000e+00,0.000000000000000000e+00,0.000000000000000000e+00,0.000000000000000000e+00,0.000000000000000000e+00,0.000000000000000000e+00,0.000000000000000000e+00,0.000000000000000000e+00,0.000000000000000000e+00,0.000000000000000000e+00,0.000000000000000000e+00,0.000000000000000000e+00,0.000000000000000000e+00,0.000000000000000000e+00,0.000000000000000000e+00,0.000000000000000000e+00,0.000000000000000000e+00,0.000000000000000000e+00,0.000000000000000000e+00,0.000000000000000000e+00,0.000000000000000000e+00,0.000000000000000000e+00,0.000000000000000000e+00,0.000000000000000000e+00,0.000000000000000000e+00,0.000000000000000000e+00,0.000000000000000000e+00,0.000000000000000000e+00,0.000000000000000000e+00,0.000000000000000000e+00,0.000000000000000000e+00,0.000000000000000000e+00,0.000000000000000000e+00,0.000000000000000000e+00,0.000000000000000000e+00,0.000000000000000000e+00,0.000000000000000000e+00,2.383390205862507042e-04,2.868688174555986191e-04,3.105824891371743971e-04,3.220471991478971764e-04,3.194775985499083990e-04,3.038894265321403945e-04,2.841232188641324417e-04,2.548822333589397600e-04,2.234952521965882257e-04,1.896974827654590481e-04,1.549748902340823307e-04,1.205673662088573462e-04,8.728727950889613721e-05,5.572082290400974709e-05,2.654958344917256039e-05,-1.163175452411207533e-07,-2.393283792064221119e-05,-4.478473976969794303e-05,-6.261337014980629162e-05,-7.743357608160329416e-05,-8.931180052719683100e-05,-9.836796913408144558e-05,-1.047410575773431675e-04,-1.086175485250018486e-04,-1.101954062987786496e-04,-1.096959625412297578e-04,-1.073487597323222626e-04,-1.033932410300135386e-04,-9.807029249698534675e-05,-9.162151204839582685e-05,-8.428257377265748244e-05,-7.628123384467597407e-05,-6.783345455259274918e-05,-5.914019073960216546e-05,-5.038622206493898267e-05,-4.173706054884562453e-05,-3.333963468521801063e-05,-2.531998881501817015e-05,-1.778477618504206606e-05,-1.081977415074098334e-05,-4.491607544502601990e-06,1.152845950238866920e-06,6.084592699792479825e-06,1.029216239211230244e-05,1.377955593573511966e-05,1.656508288462783964e-05,1.867917836262882359e-05,2.016276588145919912e-05,2.106509969432907153e-05,2.144198545418085999e-05,2.135380674566429132e-05,2.086384825683213593e-05,2.003662265773984439e-05,1.893645153011651872e-05,1.762616616602410676e-05,1.616603299458340488e-05,1.461286017924081736e-05,1.301929512292188091e-05,1.143332376088703416e-05,9.897915927077628447e-06,8.450865166136271411e-06,7.124722126278355942e-06,5.946900622085222215e-06,4.939824769809675486e-06,4.121223365425238893e-06,3.504418346727399832e-06,3.098736774278972276e-06,2.909876771302048978e-06,2.940375919360319599e-06,3.189999393432942441e-06,3.656211918603738473e-06,4.334540778481102085e-06,5.219007466969976503e-06,6.302428555792205704e-06,7.576775695362262077e-06,9.033391632218691113e-06,1.066326308746799044e-05,1.245714538118130391e-05,1.440574834142782862e-05,1.649977672075967952e-05,1.873004054722148646e-05,2.108742664180243272e-05,2.356294999282199660e-05,2.614767401214774598e-05,2.883271977299327343e-05,3.160915130527699118e-05,3.446795742989044233e-05,3.739991592791752119e-05,4.039556049087231052e-05,4.344503583784519851e-05,4.653806135563731406e-05,4.966378903525009637e-05,5.281077591273140870e-05,5.596685761723113004e-05,5.911914282975295614e-05,6.225391612845482411e-05,6.535666810512691556e-05,6.841204071496473328e-05,7.140390509050505998e-05,7.431535966605911107e-05,7.712886350063186244e-05,7.982629194508945934e-05,8.238912663220682294e-05,8.479856573153073747e-05,8.703576326290046988e-05,8.908198212921556998e-05,9.091886680433208670e-05,9.252861957820448905e-05,9.389428430949356994e-05,9.499992171250136973e-05,9.583087922290140263e-05,9.637394055204699292e-05,9.661755809627900265e-05,9.655195522782283001e-05,9.616930255811253624e-05,9.546375766842609063e-05,9.443157377084073964e-05,9.307106947232316179e-05,9.138266652869233317e-05,8.936879034092602117e-05,8.703384123100055421e-05,8.438403350810274304e-05,8.142731103100183505e-05,7.817313810062876366e-05,7.463237446643386725e-05,7.081703466371982113e-05,6.674013992227094177e-05,6.241546387120917622e-05,5.785737914650517866e-05,5.308060687014228734e-05,4.810007444445369085e-05,4.293068423750244294e-05,3.758719650201248114e-05,3.208402969298763144e-05,2.643517907500863654e-05,2.065405747733941878e-05,1.475345636218016154e-05,8.745431950788997016e-06,2.641311641306316127e-06,-3.548373375292000490e-06,-9.813837171259804710e-06,-1.614606241522770788e-05,-2.253670908919268642e-05,-2.897809935702281875e-05,-3.546309303905539851e-05,-4.198504225714166607e-05,-4.853764314797264287e-05,-5.511487062473026941e-05,-6.171081760228638749e-05,-6.831962168552476356e-05,-7.493530428241892288e-05,-8.155170174061920527e-05,-8.816231698482094703e-05,-9.476026739763134779e-05,-1.013381608402598910e-04,-1.078880712166981824e-04,-1.144014487635873712e-04,-1.208691316511059758e-04,-1.272812972510194564e-04,-1.336275144305086756e-04,-1.398967383524845980e-04,-1.460774036580240705e-04,-1.521574607013058129e-04,-1.581245051484653403e-04,-1.639658490372997417e-04,-1.696686781505646368e-04,-1.752201476104095111e-04,-1.806075553632407473e-04,-1.858184497435173051e-04,-1.908408059718070442e-04,-1.956631325377602808e-04,-2.002746378766654832e-04,-2.046653234709363764e-04,-2.088261296363341747e-04,-2.127490055913033049e-04,-2.164270261124402468e-04,-2.198544319835471451e-04,-2.230267126445638055e-04,-2.259406138638626502e-04,-2.285941848972768652e-04,-2.309867534686457660e-04,-2.331189389646367693e-04,-2.349925975228878876e-04,-2.366108051571628112e-04,-2.379777777522543657e-04,-2.390988296266975612e-04,-2.399802744683331688e-04,-2.406293657014401484e-04,-2.410541849191246225e-04,-2.412635706089588975e-04,-2.412670005513564654e-04,-2.410745151102719312e-04,-2.406965995166442422e-04,-2.401441071880565500e-04,-2.394281469511506824e-04,-2.385600108649972898e-04,-2.375510703991124187e-04,-2.364127121335371430e-04,-2.351562458106643677e-04,-2.337928501683385341e-04,-2.323334947312492263e-04,-2.307888969925612826e-04,-2.291694588503637522e-04,-2.274852354354431761e-04,-2.257458862973717986e-04,-2.239606554187019405e-04,-2.221383366152950792e-04,-2.202872636934316737e-04,-2.184152890731466744e-04,-2.165297826308795639e-04,-2.146376222655689591e-04,-2.127451997141675637e-04,-2.108584216442563406e-04,-2.089827206159258169e-04,-2.071230652717260959e-04,-2.052839746146169631e-04,-2.034695359611423694e-04,-2.016834207831618949e-04,-1.999289092553023311e-04,-1.982089060500546551e-04,-1.965259705220156377e-04,-1.948823310216185177e-04,-1.932799199987204929e-04,-1.917203855923628767e-04,-1.902051311880441104e-04,-1.887353232299081047e-04,-1.873119350075570387e-04,-1.859357498181698760e-04,-1.846074089718407845e-04,-1.833274095594958841e-04,-1.820961568229292893e-04,-1.809139558336583917e-04,-1.797810684213999803e-04,-1.786976979946273611e-04,-1.776640511560994423e-04,-1.766803147317943872e-04,-1.757467221436600905e-04,-1.748635216976383866e-04,-1.740310481374492688e-04,-1.732496819276557764e-04,-1.725199278726718369e-04,-1.718423671802180464e-04,-1.712177480503209977e-04,-1.706469354998491549e-04,-1.701310220929895891e-04,-1.696712816891458950e-04,-1.692693066240382480e-04,-1.689269626129250143e-04,-1.686465416719899475e-04,-1.684306854509157929e-04,-1.682825030633840668e-04,-1.682053785017633449e-04,-1.682029544394381820e-04,-1.682787036220653471e-04,-1.684356938549913757e-04,-1.686758867320665382e-04,-1.689998115266905460e-04,-1.694058989702426155e-04,-1.698907163995894056e-04,-1.704492533246644754e-04,-1.710770210409878560e-04,-1.717725690441705027e-04,-1.725426147325627890e-04,-1.734067786759427895e-04,-1.744041903829262675e-04,-1.755955314075812303e-04,-1.770627451830201278e-04,-1.788947890352233605e-04,-1.811635613289051512e-04,-1.838738111531285861e-04,-1.869000070291097868e-04,-1.898956951318181657e-04,-1.922111289775359742e-04,-1.928196852819203462e-04,-1.903297245957095106e-04,-1.831116533674064450e-04,-1.696639527055472023e-04,-1.492610460681588155e-04,-1.229881515186888536e-04,-9.507750720215748239e-05,-7.441053768278493386e-05
0.000000000000000000e+00,0.000000000000000000e+00,0.000000000000000000e+00,0.000000000000000000e+00,0.000000000000000000e+00,0.000000000000000000e+00,0.000000000000000000e+00,0.000000000000000000e+00,0.000000000000000000e+00,0.000000000000000000e+00,0.000000000000000000e+00,0.000000000000000000e+00,0.000000000000000000e+00,0.000000000000000000e+00,0.000000000000000000e+00,0.000000000000000000e+00,0.000000000000000000e+00,0.000000000000000000e+00,0.000000000000000000e+00,0.000000000000000000e+00,0.000000000000000000e+00,0.000000000000000000e+00,0.000000000000000000e+00,0.000000000000000000e+00,0.000000000000000000e+00,0.000000000000000000e+00,0.000000000000000000e+00,0.000000000000000000e+00,0.000000000000000000e+00,0.000000000000000000e+00,0.000000000000000000e+00,0.000000000000000000e+00,0.000000000000000000e+00,0.000000000000000000e+00,0.000000000000000000e+00,0.000000000000000000e+00,0.000000000000000000e+00,0.000000000000000000e+00,0.000000000000000000e+00,0.000000000000000000e+00,0.000000000000000000e+00,0.000000000000000000e+00,0.000000000000000000e+00,0.000000000000000000e+00,0.000000000000000000e+00,0.000000000000000000e+00,0.000000000000000000e+00,0.000000000000000000e+00,0.000000000000000000e+00,0.000000000000000000e+00,0.000000000000000000e+00,0.000000000000000000e+00,0.000000000000000000e+00,0.000000000000000000e+00,0.000000000000000000e+00,0.000000000000000000e+00,0.000000000000000000e+00,0.000000000000000000e+00,0.000000000000000000e+00,0.000000000000000000e+00,0.000000000000000000e+00,0.000000000000000000e+00,0.000000000000000000e+00,0.000000000000000000e+00,0.000000000000000000e+00,0.000000000000000000e+00,0.000000000000000000e+00,0.000000000000000000e+00,0.000000000000000000e+00,0.000000000000000000e+00,0.000000000000000000e+00,0.000000000000000000e+00,0.000000000000000000e+00,0.000000000000000000e+00,0.000000000000000000e+00,0.000000000000000000e+00,0.000000000000000000e+00,0.000000000000000000e+00,0.000000000000000000e+00,0.000000000000000000e+00,0.000000000000000000e+00,0.000000000000000000e+00,0.000000000000000000e+00,0.000000000000000000e+00,0.000000000000000000e+00,0.000000000000000000e+00,0.000000000000000000e+00,0.000000000000000000e+00,0.000000000000000000e+00,0.000000000000000000e+00,0.000000000000000000e+00,0.000000000000000000e+00,2.151057663136700664e-04,2.836674576690343774e-04,3.081133482149227124e-04,3.157996443302780597e-04,3.255205794437804876e-04,3.093069544187897917e-04,2.881762023319903686e-04,2.611836819248251028e-04,2.283746254975816195e-04,1.952185882863308501e-04,1.600748001202586081e-04,1.256935321109135090e-04,9.224088009677521341e-05,6.057958793768741714e-05,3.121606312335427509e-05,4.537057080339225994e-06,-1.933336187043329315e-05,-4.018266692977101476e-05,-5.804844797224032073e-05,-7.290760665020877150e-05,-8.485443455281788084e-05,-9.400571207116751140e-05,-1.005208767221973698e-04,-1.045767137656877587e-04,-1.063790942274502705e-04,-1.061403007636212939e-04,-1.040904784800796555e-04,-1.004598718158923544e-04,-9.548381795380324799e-05,-8.939382876511906191e-05,-8.241803483617982161e-05,-7.477539368785464304e-05,-6.667476132848792927e-05,-5.831101326180225129e-05,-4.986359052491865098e-05,-4.149460297147490069e-05,-3.334735035625846803e-05,-2.554621239458596061e-05,-1.819567067465495324e-05,-1.138127514839256318e-05,-5.169232235511338260e-06,3.921682486503589853e-07,5.272409589845014116e-06,9.457091618429811975e-06,1.294718078140385764e-05,1.575715503652405636e-05,1.791369885322833137e-05,1.945371937305821113e-05,2.042270490683292217e-05,2.087276667256892884e-05,2.086093743567959231e-05,2.044740011804370425e-05,1.969394707442537307e-05,1.866250700919607622e-05,1.741389850438302143e-05,1.600671340805960224e-05,1.449642835741654209e-05,1.293466044922324655e-05,1.136864694042729033e-05,9.840850752519778545e-06,8.388774273557859503e-06,7.044859392115135665e-06,5.836570365524558311e-06,4.786514077688960469e-06,3.912714745877747476e-06,3.228878307368453289e-06,2.744786001357937808e-06,2.466636745200995428e-06,2.397498750759577047e-06,2.537676750713012443e-06,2.885172925906024414e-06,3.436036642583624703e-06,4.184795551703372559e-06,5.124754351221465811e-06,6.248366008259865166e-06,7.547455853524063519e-06,9.013514003962205974e-06,1.063783320863699186e-05,1.241171645129302741e-05,1.432652960136037026e-05,1.637382994240639225e-05,1.854534453958550731e-05,2.083303311043483992e-05,2.322900804519800933e-05,2.572554778193076556e-05,2.831497504484148790e-05,3.098963618010402337e-05,3.374175255052244850e-05,3.656337948430951108e-05,3.944624402673734264e-05,4.238169595435919176e-05,4.536054443826457170e-05,4.837301369661990756e-05,5.140859180259011422e-05,5.445600468553868161e-05,5.750309146837643333e-05,6.053681143719275866e-05,6.354316049465067557e-05,6.650722495485058335e-05,6.941315159591153157e-05,7.224425858779328984e-05,7.498306658239412242e-05,7.761147077236328477e-05,8.011083305233959804e-05,8.246221098152677531e-05,8.464650221221448490e-05,8.664471706483987121e-05,8.843815762017430047e-05,9.000871269600890789e-05,9.133904752406480309e-05,9.241289534084541808e-05,9.321523113701204446e-05,9.373253385175641067e-05,9.395291959860547332e-05,9.386635232273953108e-05,9.346471747706298916e-05,9.274196593078068548e-05,9.169411700452836011e-05,9.031932894332697745e-05,8.861782896155168696e-05,8.659191215692341051e-05,8.424580431330807152e-05,8.158559847371147820e-05,7.861906266587213941e-05,7.535552869148147599e-05,7.180566115484350045e-05,6.798131607517408893e-05,6.389528953753520718e-05,5.956116458972757005e-05,5.499305772815485068e-05,5.020547154656924570e-05,4.521305552317992136e-05,4.003047949200897897e-05,3.467222229432507391e-05,2.915247782252383164e-05,2.348498149005571361e-05,1.768295678789871719e-05,1.175898562589113482e-05,5.724999406434967507e-06,-4.078045975209039661e-07,-6.628927430287437185e-06,-1.292860750407130354e-05,-1.929774328089602130e-05,-2.572789245047319169e-05,-3.221115933837843622e-05,-3.874016166332970085e-05,-4.530789139463247637e-05,-5.190765875812828391e-05,-5.853293719833403631e-05,-6.517729593898783660e-05,-7.183424101511254800e-05,-7.849714865069117996e-05,-8.515911488819062462e-05,-9.181290217632065030e-05,-9.845080975545371078e-05,-1.050646449421029739e-04,-1.116456249254620380e-04,-1.181843821124143744e-04,-1.246709052350570906e-04,-1.310945847699659592e-04,-1.374441973545637290e-04,-1.437079929589161250e-04,-1.498737219549762091e-04,-1.559287609130118003e-04,-1.618601768664432292e-04,-1.676548840132692075e-04,-1.732997355141315562e-04,-1.787816997548812990e-04,-1.840879671012990958e-04,-1.892061323211594861e-04,-1.941243025670584576e-04,-1.988312723325725976e-04,-2.033166196110242616e-04,-2.075708612760140427e-04,-2.115855265815631586e-04,-2.153532836787237640e-04,-2.188679828784444354e-04,-2.221247485562024594e-04,-2.251199882771250365e-04,-2.278514480211068377e-04,-2.303181868201952182e-04,-2.325205965624708667e-04,-2.344603448025977166e-04,-2.361403630495841012e-04,-2.375647626507109800e-04,-2.387387972762082186e-04,-2.396687581678243217e-04,-2.403619175065153414e-04,-2.408264099100952617e-04,-2.410711635993475121e-04,-2.411057749495455912e-04,-2.409404340109640565e-04,-2.405857983369776086e-04,-2.400529186247267000e-04,-2.393531171225735045e-04,-2.384979181100783908e-04,-2.374989350794958713e-04,-2.363678096092584815e-04,-2.351161103582116133e-04,-2.337552827134695653e-04,-2.322965615241321779e-04,-2.307509328154318565e-04,-2.291290611921671183e-04,-2.274412639599116741e-04,-2.256974532859424361e-04,-2.239071222837844940e-04,-2.220793013632833672e-04,-2.202225552300348071e-04,-2.183449523808376406e-04,-2.164540715403704275e-04,-2.145569829607105997e-04,-2.126602625548887598e-04,-2.107699835117325866e-04,-2.088917362654809317e-04,-2.070306289243761756e-04,-2.051913112058436142e-04,-2.033779822722136014e-04,-2.015944168375842873e-04,-1.998439791722061033e-04,-1.981296497288794086e-04,-1.964540442948284251e-04,-1.948194396611854350e-04,-1.932277971508957197e-04,-1.916807860441971606e-04,-1.901798109705458268e-04,-1.887260320000891107e-04,-1.873203956374755149e-04,-1.859636506745530643e-04,-1.846563827594434727e-04,-1.833990252658783350e-04,-1.821918976066017894e-04,-1.810352104862620909e-04,-1.799291082507662115e-04,-1.788736679218668965e-04,-1.778689458835634220e-04,-1.769149700225384700e-04,-1.760117909448695288e-04,-1.751594664365763014e-04,-1.743581173196618250e-04,-1.736079035675077548e-04,-1.729090852557282388e-04,-1.722619905885143694e-04,-1.716670837765690372e-04,-1.711249275151035772e-04,-1.706362622268301995e-04,-1.702019687123896609e-04,-1.698231652367039482e-04,-1.695011766763725766e-04,-1.692376516299663822e-04,-1.690345345481373976e-04,-1.688941847410200885e-04,-1.688193186737913052e-04,-1.688130707412545135e-04,-1.688788280983017818e-04,-1.690201284724578829e-04,-1.692402934574087359e-04,-1.695420833095972958e-04,-1.699271519161242399e-04,-1.703955968873513101e-04,-1.709456382331380354e-04,-1.715736880460888049e-04,-1.722752620677693407e-04,-1.730466912533790776e-04,-1.738885620208394263e-04,-1.748097326874401241e-04,-1.758332038249792422e-04,-1.769999705908874234e-04,-1.783724581505895072e-04,-1.800287778554937666e-04,-1.820510602150109244e-04,-1.844928972330566993e-04,-1.873359646423814709e-04,-1.904169285252286842e-04,-1.933529099804671871e-04,-1.954509835062251714e-04,-1.956646316899321491e-04,-1.925997391377844831e-04,-1.846798214513582542e-04,-1.704939447953852331e-04,-1.494610957291893165e-04,-1.227973628354027381e-04,-9.480730997214719530e-05,-7.425814383412143163e-05
0.000000000000000000e+00,0.000000000000000000e+00,0.000000000000000000e+00,0.000000000000000000e+00,0.000000000000000000e+00,0.000000000000000000e+00,0.000000000000000000e+00,0.000000000000000000e+00,0.000000000000000000e+00,0.000000000000000000e+00,0.000000000000000000e+00,0.000000000000000000e+00,0.000000000000000000e+00,0.000000000000000000e+00,0.000000000000000000e+00,0.000000000000000000e+00,0.000000000000000000e+00,0.000000000000000000e+00,0.000000000000000000e+00,0.000000000000000000e+00,0.000000000000000000e+00,0.000000000000000000e+00,0.000000000000000000e+00,0.000000000000000000e+00,0.000000000000000000e+00,0.000000000000000000e+00,0.000000000000000000e+00,0.000000000000000000e+00,0.000000000000000000e+00,0.000000000000000000e+00,0.000000000000000000e+00,0.000000000000000000e+00,0.000000000000000000e+00,0.000000000000000000e+00,0.000000000000000000e+00,0.000000000000000000e+00,0.000000000000000000e+00,0.000000000000000000e+00,0.000000000000000000e+00,0.000000000000000000e+00,0.000000000000000000e+00,0.000000000000000000e+00,0.000000000000000000e+00,0.000000000000000000e+00,0.000000000000000000e+00,0.000000000000000000e+00,0.000000000000000000e+00,0.000000000000000000e+00,0.000000000000000000e+00,0.000000000000000000e+00,0.000000000000000000e+00,0.000000000000000000e+00,0.000000000000000000e+00,0.000000000000000000e+00,0.000000000000000000e+00,0.000000000000000000e+00,0.000000000000000000e+00,0.000000000000000000e+00,0.000000000000000000e+00,0.000000000000000000e+00,0.000000000000000000e+00,0.000000000000000000e+00,0.000000000000000000e+00,0.000000000000000000e+00,0.000000000000000000e+00,0.000000000000000000e+00,0.000000000000000000e+00,0.000000000000000000e+00,0.000000000000000000e+00,0.000000000000000000e+00,0.000000000000000000e+00,0.000000000000000000e+00,0.000000000000000000e+00,0.000000000000000000e+00,0.000000000000000000e+00,0.000000000000000000e+00,0.000000000000000000e+00,0.000000000000000000e+00,0.000000000000000000e+00,0.000000000000000000e+00,0.000000000000000000e+00,0.000000000000000000e+00,0.000000000000000000e+00,0.000000000000000000e+00,0.000000000000000000e+00,0.000000000000000000e+00,0.000000000000000000e+00,0.000000000000000000e+00,0.000000000000000000e+00,0.000000000000000000e+00,0.000000000000000000e+00,2.335240237798943497e-04,2.902835642687738625e-04,3.088616383843211638e-04,3.229513177451052161e-04,3.123320041326043783e-04,2.917006691692115676e-04,2.668459225038638635e-04,2.342650627089149320e-04,2.001456511222829784e-04,1.651423044673554468e-04,1.298865205130295250e-04,9.656336090664375323e-05,6.465615895116943210e-05,3.528200678671544147e-05,8.495309676546742566e-06,-1.534552631108571986e-05,-3.619378661250878976e-05,-5.398813703401692470e-05,-6.882299682805979272e-05,-8.074523994966910248e-05,-8.991787712272599951e-05,-9.648597391855599965e-05,-1.006461768079009328e-04,-1.025978541325241151e-04,-1.025595578312520073e-04,-1.007514198606308798e-04,-9.740275221355086069e-05,-9.273877454601858251e-05,-8.698526337439272424e-05,-8.035991997862677449e-05,-7.307385923439089581e-05,-6.532672312499800940e-05,-5.730615053664969759e-05,-4.918481647026860711e-05,-4.111945926905153124e-05,-3.324941266524557537e-05,-2.569572438021143067e-05,-1.856108982277682808e-05,-1.192938000345787474e-05,-5.866634589431346322e-06,-4.210548680847027703e-07,4.375464881347687388e-06,8.506940884064481545e-06,1.197153946081221233e-05,1.478077760021289756e-05,1.695762929862347919e-05,1.853533799301242796e-05,1.955546037692101159e-05,2.006642467788044787e-05,2.012164734133510685e-05,1.977805314465725677e-05,1.909441738764927125e-05,1.813004220014486872e-05,1.694343004525116972e-05,1.559123505629509698e-05,1.412731279285164002e-05,1.260199538901955281e-05,1.106151652840770546e-05,9.547609169952037488e-06,8.097270941243100048e-06,6.742646154398275700e-06,5.511070404974650589e-06,4.425173087646498632e-06,3.503124807454964966e-06,2.758886698377475776e-06,2.202584138674493338e-06,1.840834612121709954e-06,1.677182929062813658e-06,1.712453340389944380e-06,1.945197069417803961e-06,2.372028807032069838e-06,2.988050523404980868e-06,3.787143265386611938e-06,4.762340616660837395e-06,5.906054757578413574e-06,7.210380935574319268e-06,8.667244818634838859e-06,1.026862830068963050e-05,1.200663451717632273e-05,1.387363508585719706e-05,1.586225836986170082e-05,1.796546664676955030e-05,2.017647989107843173e-05,2.248879636647098959e-05,2.489606714639295849e-05,2.739207503096394310e-05,2.997057500170845760e-05,3.262524568134135322e-05,3.534950984357738713e-05,3.813647181264742507e-05,4.097873162854405720e-05,4.386832188722044462e-05,4.679652970348957130e-05,4.975384754058102105e-05,5.272981832133104952e-05,5.571301601866393441e-05,5.869093000526313697e-05,6.164999118244823004e-05,6.457551046888040664e-05,6.745176365412782306e-05,7.026199465956927835e-05,7.298856642140211823e-05,7.561303220085677723e-05,7.811635140344831392e-05,8.047902310941551756e-05,8.268135631980454375e-05,8.470365046005055984e-05,8.652650055924973485e-05,8.813100142868842606e-05,8.949906173958550838e-05,9.061360402210500548e-05,9.145885935315789257e-05,9.202053546456251799e-05,9.228606620221655051e-05,9.224472456729171084e-05,9.188780740679548472e-05,9.120867791408222218e-05,9.020287468431437291e-05,8.886807744479207868e-05,8.720413898272955469e-05,8.521297700332165249e-05,8.289853595108524764e-05,8.026661555442571642e-05,7.732477613240329418e-05,7.408211976331352403e-05,7.054915676884900596e-05,6.673755829023882223e-05,6.266000325292008205e-05,5.832992162501823526e-05,5.376134061773199318e-05,4.896863646924584022e-05,4.396639643330611666e-05,3.876919412546064143e-05,3.339148054803253848e-05,2.784739438504675859e-05,2.215069141571020773e-05,1.631459712546415297e-05,1.035177978684005412e-05,4.274248726827599920e-06,-1.906627576823340975e-06,-8.180178009933079003e-06,-1.453636794647965003e-05,-2.096581434346445370e-05,-2.745968745191858793e-05,-3.400969115200788495e-05,-4.060793521932971900e-05,-4.724688989686365141e-05,-5.391923874179013456e-05,-6.061781820683917444e-05,-6.733546257071302101e-05,-7.406494046605120111e-05,-8.079880421238582106e-05,-8.752933566134216776e-05,-9.424841225195317897e-05,-1.009474740569285398e-04,-1.076174178487353857e-04,-1.142485956116275856e-04,-1.208307456422029366e-04,-1.273530298902238395e-04,-1.338040075872919956e-04,-1.401717146938189070e-04,-1.464436810091722656e-04,-1.526070501594900574e-04,-1.586486361518262879e-04,-1.645550774069507078e-04,-1.703129240254139015e-04,-1.759088151276977992e-04,-1.813295844961511979e-04,-1.865624476993058575e-04,-1.915951119067620936e-04,-1.964159584186726273e-04,-2.010141426008637178e-04,-2.053797585620719074e-04,-2.095039171410848281e-04,-2.133788822042885600e-04,-2.169981179159308562e-04,-2.203563898385553466e-04,-2.234497766500967680e-04,-2.262757332338765671e-04,-2.288330659211875449e-04,-2.311219584595675569e-04,-2.331439132408422155e-04,-2.349017440293928172e-04,-2.363994881798763090e-04,-2.376423720760103685e-04,-2.386367009363230863e-04,-2.393898040414595325e-04,-2.399099094169147492e-04,-2.402060762096386401e-04,-2.402880614719761238e-04,-2.401662466710858374e-04,-2.398515031688276125e-04,-2.393551189967492367e-04,-2.386886686312860285e-04,-2.378639450402398800e-04,-2.368928381590181236e-04,-2.357872759663581883e-04,-2.345591148266000124e-04,-2.332200921060401002e-04,-2.317817303656860572e-04,-2.302553028818232566e-04,-2.286517526186802581e-04,-2.269816710216203631e-04,-2.252552318234980039e-04,-2.234821826630855300e-04,-2.216717930930123780e-04,-2.198328579551429027e-04,-2.179736584655256706e-04,-2.161019758412741434e-04,-2.142250640294039471e-04,-2.123496718093750260e-04,-2.104820255861813484e-04,-2.086278580659842261e-04,-2.067923995218437711e-04,-2.049804111341021920e-04,-2.031961832290218775e-04,-2.014435714567946339e-04,-1.997260006777925169e-04,-1.980465022915734949e-04,-1.964077226743785151e-04,-1.948119601484788463e-04,-1.932611771320855750e-04,-1.917570354323608491e-04,-1.903009115409018057e-04,-1.888939291231378926e-04,-1.875369771630885376e-04,-1.862307387042769582e-04,-1.849757118025660097e-04,-1.837722337306797369e-04,-1.826205049384061472e-04,-1.815206080519430893e-04,-1.804725352360317544e-04,-1.794762013810165995e-04,-1.785314753935906792e-04,-1.776381869300013266e-04,-1.767961621716128418e-04,-1.760052233226736332e-04,-1.752652293789535177e-04,-1.745760674332730669e-04,-1.739376989929054796e-04,-1.733501422091427216e-04,-1.728135248621794756e-04,-1.723280574771751943e-04,-1.718940957383069759e-04,-1.715121064681687205e-04,-1.711827449807280148e-04,-1.709068182618247458e-04,-1.706853845575532916e-04,-1.705197169054847633e-04,-1.704114272581429875e-04,-1.703624208658849142e-04,-1.703750267901030214e-04,-1.704519016980713645e-04,-1.705961101566509631e-04,-1.708108920318842576e-04,-1.710996039899357528e-04,-1.714652543847190584e-04,-1.719102684708539725e-04,-1.724358188765556191e-04,-1.730416315221691389e-04,-1.737255009429863190e-04,-1.744838643633634528e-04,-1.753123999176684573e-04,-1.762085756808076480e-04,-1.771742647355674740e-04,-1.782209644717049860e-04,-1.793735479326816001e-04,-1.806757896400099962e-04,-1.821891799717300644e-04,-1.839900333009900633e-04,-1.861494961767509271e-04,-1.887073619139990215e-04,-1.916164422125816872e-04,-1.946841818810096918e-04,-1.974835246548453454e-04,-1.992914361729435611e-04,-1.990305685179927708e-04,-1.953195836972113650e-04,-1.866195199545934969e-04,-1.716244679421103216e-04,-1.498804781368643518e-04,-1.227514237176367058e-04,-9.460633068497657555e-05,-7.413100795152250950e-05
0.000000000000000000e+00,0.000000000000000000e+00,0.000000000000000000e+00,0.000000000000000000e+00,0.000000000000000000e+00,0.000000000000000000e+00,0.000000000000000000e+00,0.000000000000000000e+00,0.000000000000000000e+00,0.000000000000000000e+00,0.000000000000000000e+00,0.000000000000000000e+00,0.000000000000000000e+00,0.000000000000000000e+00,0.000000000000000000e+00,0.000000000000000000e+00,0.000000000000000000e+00,0.000000000000000000e+00,0.000000000000000000e+00,0.000000000000000000e+00,0.000000000000000000e+00,0.000000000000000000e+00,0.000000000000000000e+00,0.000000000000000000e+00,0.000000000000000000e+00,0.000000000000000000e+00,0.000000000000000000e+00,0.000000000000000000e+00,0.000000000000000000e+00,0.000000000000000000e+00,0.000000000000000000e+00,0.000000000000000000e+00,0.000000000000000000e+00,0.000000000000000000e+00,0.000000000000000000e+00,0.000000000000000000e+00,0.000000000000000000e+00,0.000000000000000000e+00,0.000000000000000000e+00,0.000000000000000000e+00,0.000000000000000000e+00,0.000000000000000000e+00,0.000000000000000000e+00,0.000000000000000000e+00,0.000000000000000000e+00,0.000000000000000000e+00,0.000000000000000000e+00,0.000000000000000000e+00,0.000000000000000000e+00,0.000000000000000000e+00,0.000000000000000000e+00,0.000000000000000000e+00,0.000000000000000000e+00,0.000000000000000000e+00,0.000000000000000000e+00,0.000000000000000000e+00,0.000000000000000000e+00,0.000000000000000000e+00,0.000000000000000000e+00,0.000000000000000000e+00,0.000000000000000000e+00,0.000000000000000000e+00,0.000000000000000000e+00,0.000000000000000000e+00,0.000000000000000000e+00,0.000000000000000000e+00,0.000000000000000000e+00,0.000000000000000000e+00,0.000000000000000000e+00,0.000000000000000000e+00,0.000000000000000000e+00,0.000000000000000000e+00,0.000000000000000000e+00,0.000000000000000000e+00,0.000000000000000000e+00,0.000000000000000000e+00,0.000000000000000000e+00,0.000000000000000000e+00,0.000000000000000000e+00,0.000000000000000000e+00,0.000000000000000000e+00,0.000000000000000000e+00,0.000000000000000000e+00,0.000000000000000000e+00,0.000000000000000000e+00,0.000000000000000000e+00,0.000000000000000000e+00,0.000000000000000000e+00,0.000000000000000000e+00,2.349340273932568361e-04,2.907292783153802782e-04,3.145233199101831801e-04,3.227993168898204523e-04,3.151404642648066609e-04,2.953297512618281826e-04,2.712134883362461897e-04,2.398893839795351456e-04,2.046673372205495367e-04,1.697116845129085019e-04,1.341716337225340168e-04,1.000637533100872902e-04,6.812312700045641410e-05,3.844260356251701810e-05,1.180181057491806158e-05,-1.205335423582887657e-05,-3.277507973200320305e-05,-5.048458985347864877e-05,-6.517345572656978387e-05,-7.700179669223395696e-05,-8.608815824657729333e-05,-9.263298109741526735e-05,-9.680874034858651242e-05,-9.883791054907067506e-05,-9.892859427282846903e-05,-9.730676700267408086e-05,-9.419120372306031934e-05,-8.980434915650098958e-05,-8.436066641040683683e-05,-7.807131211231344351e-05,-7.113636033586691646e-05,-6.374730999502965746e-05,-5.608214755922342175e-05,-4.830613876122954526e-05,-4.056885475886975805e-05,-3.300422761857681664e-05,-2.572896961248103927e-05,-1.884264169429394718e-05,-1.242723570487481915e-05,-6.547542277992919482e-06,-1.251700912445161280e-06,3.428088947268468872e-06,7.474413112079820240e-06,1.088367944677981989e-05,1.366467801666512044e-05,1.583741683401291477e-05,1.743154435765522124e-05,1.848499914475339124e-05,1.904237206634321446e-05,1.915344554768747695e-05,1.887160797971540669e-05,1.825243621173535345e-05,1.735230017661131943e-05,1.622714753439256238e-05,1.493140183847651701e-05,1.351704971679679358e-05,1.203287438001761346e-05,1.052387823578119147e-05,9.030843661444116195e-06,7.590075617134291499e-06,6.233249823302835336e-06,4.987428620960020309e-06,3.875135912302889880e-06,2.914579828060407109e-06,2.119882705760462017e-06,1.501437148903375469e-06,1.066220579084853918e-06,8.182176790320587431e-07,7.587612402442918701e-07,8.869690025817008694e-07,1.200069147038140360e-06,1.693815661195174754e-06,2.362771249784827964e-06,3.200677497538309466e-06,4.200677576983353841e-06,5.355625259099050612e-06,6.658236117994533239e-06,8.101325427606509324e-06,9.677882403187749012e-06,1.138123345243926979e-05,1.320504058292314545e-05,1.514339337426784752e-05,1.719073905812948044e-05,1.934191237383614957e-05,2.159200933061758684e-05,2.393636751113828454e-05,2.637039752738495191e-05,2.888952749031542544e-05,3.148900650908372770e-05,3.416382724899015983e-05,3.690851598864702549e-05,3.971704781559816676e-05,4.258263870368068313e-05,4.549766931669569682e-05,4.845349608845256941e-05,5.144040116488362907e-05,5.444744061346045355e-05,5.746243858927339247e-05,6.047189029369206463e-05,6.346101670187483568e-05,6.641373651078111729e-05,6.931279266381375388e-05,7.213980057053241462e-05,7.487544911799728551e-05,7.749962266815423159e-05,7.999166885811266777e-05,8.233058137575918615e-05,8.449531672974615955e-05,8.646501541819811036e-05,8.821934164168533665e-05,8.973871390637940687e-05,9.100463719334632971e-05,9.199991202847520059e-05,9.270892920401045559e-05,9.311782944643441108e-05,9.321473614227514053e-05,9.298984497658560893e-05,9.243557879202970366e-05,9.154659623616034567e-05,9.031986304325356242e-05,8.875457895622280448e-05,8.685216956746932002e-05,8.461613991140385087e-05,8.205199909440681985e-05,7.916705582245793960e-05,7.597029353728229639e-05,7.247212722670729845e-05,6.868424944050507074e-05,6.461936906168217441e-05,6.029104866167672797e-05,5.571344491785932960e-05,5.090115582572063950e-05,4.586897974725955403e-05,4.063178767726963896e-05,3.520431414548418623e-05,2.960106564715442323e-05,2.383615237220663895e-05,1.792323958045107700e-05,1.187542483602689132e-05,5.705234913328942640e-06,-5.754508083417163850e-07,-6.955359136505369855e-06,-1.342385641760933359e-05,-1.997086755157594112e-05,-2.658687201407457855e-05,-3.326279035398941610e-05,-3.998995125011340750e-05,-4.675995491751367149e-05,-5.356462144638212417e-05,-6.039584214156717474e-05,-6.724552069852272147e-05,-7.410542450119944678e-05,-8.096713085986381058e-05,-8.782189058594580826e-05,-9.466059139562915561e-05,-1.014736454795621976e-04,-1.082509810403019078e-04,-1.149819638445304630e-04,-1.216554254965842555e-04,-1.282596259282229689e-04,-1.347823233374395439e-04,-1.412107803119974560e-04,-1.475318756407563360e-04,-1.537321517181713493e-04,-1.597979632748088377e-04,-1.657155586320105585e-04,-1.714712556120360934e-04,-1.770515449171256462e-04,-1.824432799064903076e-04,-1.876337876822536618e-04,-1.926110577575863142e-04,-1.973638458583310646e-04,-2.018818470458123436e-04,-2.061557788122147454e-04,-2.101775267154253209e-04,-2.139401965924516292e-04,-2.174382245810126417e-04,-2.206673924476212413e-04,-2.236248982191439867e-04,-2.263093329419637440e-04,-2.287207122949475176e-04,-2.308604169277325138e-04,-2.327311888438218107e-04,-2.343370403977206669e-04,-2.356832216437449020e-04,-2.367761049352431503e-04,-2.376231307701630476e-04,-2.382326757662670599e-04,-2.386139848994160522e-04,-2.387770305917498036e-04,-2.387324388423388689e-04,-2.384913464795127957e-04,-2.380653277606136582e-04,-2.374662557432570900e-04,-2.367062346976753228e-04,-2.357974702491349528e-04,-2.347522115905562382e-04,-2.335826337018299980e-04,-2.323007920096000834e-04,-2.309185187177759677e-04,-2.294473913379335489e-04,-2.278986440421054867e-04,-2.262831504396346826e-04,-2.246113499393944323e-04,-2.228932442993717430e-04,-2.211383382706994926e-04,-2.193556488065824235e-04,-2.175536587522566780e-04,-2.157403371589752632e-04,-2.139231044654231603e-04,-2.121088620919577396e-04,-2.103039674142039028e-04,-2.085142706908418690e-04,-2.067450981207683870e-04,-2.050012941588378972e-04,-2.032872110420818072e-04,-2.016067546399872797e-04,-1.999633790188336485e-04,-1.983601341168580458e-04,-1.967996641499486033e-04,-1.952842555916378296e-04,-1.938158384852531129e-04,-1.923960334115747280e-04,-1.910261550512520131e-04,-1.897072570174984077e-04,-1.884401372913705245e-04,-1.872253799848588016e-04,-1.860633625364935121e-04,-1.849542936317804349e-04,-1.838982222951175553e-04,-1.828950713328020272e-04,-1.819446486770569932e-04,-1.810466758128294459e-04,-1.802008019056143290e-04,-1.794066267105317062e-04,-1.786637181207368600e-04,-1.779716290062752552e-04,-1.773299188245239483e-04,-1.767381636966579956e-04,-1.761959826588588003e-04,-1.757030401587378072e-04,-1.752590775717284294e-04,-1.748639074904319041e-04,-1.745174516937086505e-04,-1.742197276243587754e-04,-1.739708955374183539e-04,-1.737712397038854303e-04,-1.736212297619324854e-04,-1.735215014211944089e-04,-1.734729376565181664e-04,-1.734766519926874773e-04,-1.735340880686148286e-04,-1.736469955158755833e-04,-1.738175234547579119e-04,-1.740481487099031948e-04,-1.743416992553580198e-04,-1.747011580313606550e-04,-1.751295231730733008e-04,-1.756294195411686873e-04,-1.762027587650147992e-04,-1.768502464004142755e-04,-1.775710514358926388e-04,-1.783626923771641987e-04,-1.792213740787110656e-04,-1.801432615514202921e-04,-1.811264359425597884e-04,-1.821745992730790307e-04,-1.833007173724691366e-04,-1.845324633377468061e-04,-1.859140172644424213e-04,-1.875078302362362653e-04,-1.893841915877282546e-04,-1.916074692925579632e-04,-1.941968726914623030e-04,-1.970849329280432072e-04,-2.000397247861115534e-04,-2.026048064477438166e-04,-2.040124637065257845e-04,-2.031748584843289299e-04,-1.987031258746162026e-04,-1.891173522218225485e-04,-1.731922288870485472e-04,-1.506214294519576989e-04,-1.229001873697787152e-04,-9.449080286388970807e-05,-7.400852092622556353e-05
0.000000000000000000e+00,0.000000000000000000e+00,0.000000000000000000e+00,0.000000000000000000e+00,0.000000000000000000e+00,0.000000000000000000e+00,0.000000000000000000e+00,0.000000000000000000e+00,0.000000000000000000e+00,0.000000000000000000e+00,0.000000000000000000e+00,0.000000000000000000e+00,0.000000000000000000e+00,0.000000000000000000e+00,0.000000000000000000e+00,0.000000000000000000e+00,0.000000000000000000e+00,0.000000000000000000e+00,0.000000000000000000e+00,0.000000000000000000e+00,0.000000000000000000e+00,0.000000000000000000e+00,0.000000000000000000e+00,0.000000000000000000e+00,0.000000000000000000e+00,0.000000000000000000e+00,0.000000000000000000e+00,0.000000000000000000e+00,0.000000000000000000e+00,0.000000000000000000e+00,0.000000000000000000e+00,0.000000000000000000e+00,0.000000000000000000e+00,0.000000000000000000e+00,0.000000000000000000e+00,0.000000000000000000e+00,0.000000000000000000e+00,0.000000000000000000e+00,0.000000000000000000e+00,0.000000000000000000e+00,0.000000000000000000e+00,0.000000000000000000e+00,0.000000000000000000e+00,0.000000000000000000e+00,0.000000000000000000e+00,0.000000000000000000e+00,0.000000000000000000e+00,0.000000000000000000e+00,0.000000000000000000e+00,0.000000000000000000e+00,0.000000000000000000e+00,0.000000000000000000e+00,0.000000000000000000e+00,0.000000000000000000e+00,0.000000000000000000e+00,0.000000000000000000e+00,0.000000000000000000e+00,0.000000000000000000e+00,0.000000000000000000e+00,0.000000000000000000e+00,0.000000000000000000e+00,0.000000000000000000e+00,0.000000000000000000e+00,0.000000000000000000e+00,0.000000000000000000e+00,0.000000000000000000e+00,0.000000000000000000e+00,0.000000000000000000e+00,0.000000000000000000e+00,0.000000000000000000e+00,0.000000000000000000e+00,0.000000000000000000e+00,0.000000000000000000e+00,0.000000000000000000e+00,0.000000000000000000e+00,0.000000000000000000e+00,0.000000000000000000e+00,0.000000000000000000e+00,0.000000000000000000e+00,0.000000000000000000e+00,0.000000000000000000e+00,0.000000000000000000e+00,0.000000000000000000e+00,0.000000000000000000e+00,0.000000000000000000e+00,0.000000000000000000e+00,0.000000000000000000e+00,0.000000000000000000e+00,2.485061196994115787e-04,2.967350876903183964e-04,3.102296243290997312e-04,3.211131253669173547e-04,3.010563754869337132e-04,2.757054350116309419e-04,2.445462287050072974e-04,2.095245262903806826e-04,1.740179507998177008e-04,1.381051620822960099e-04,1.032935897999565024e-04,7.107971213005111037e-05,4.126045532916766846e-05,1.442130596431803581e-05,-9.230202315342701252e-06,-2.985976164921232414e-05,-4.730006832260673876e-05,-6.180964942810344769e-05,-7.341035327446133725e-05,-8.233413430822624456e-05,-8.873592739781380005e-05,-9.284686738289371210e-05,-9.486241207735565098e-05,-9.501388835255851343e-05,-9.351096932806215718e-05,-9.057845198662621263e-05,-8.642604251713959158e-05,-8.126417101736982103e-05,-7.529145411692079245e-05,-6.870025223172928036e-05,-6.167036475455752874e-05,-5.437118230284147471e-05,-4.695798182965559340e-05,-3.957273900802967730e-05,-3.234202979057907785e-05,-2.537713995774724282e-05,-1.877318631270464205e-05,-1.260916034803928715e-05,-6.948010496388579934e-06,-1.836948364429005713e-06,2.691701074032802489e-06,6.619865860944102250e-06,9.942362843318058207e-06,1.266602826589628017e-05,1.480811916284960750e-05,1.639529963791692060e-05,1.746198059883479923e-05,1.804919838589930111e-05,1.820297761126319540e-05,1.797314999105933942e-05,1.741182700223558295e-05,1.657226413957474845e-05,1.550755434173567760e-05,1.426966395827800284e-05,1.290843785430899533e-05,1.147089432381856882e-05,1.000057736315740642e-05,8.537137050701241959e-06,7.116012532420834203e-06,5.768277475637552414e-06,4.520605430351205242e-06,3.395332514271386303e-06,2.410640138418773052e-06,1.580772585000946499e-06,9.163652232265435958e-07,4.247507096199471921e-07,1.103638957745612428e-07,-2.492269049030765329e-08,1.862642839916277583e-08,2.389299142688733923e-07,6.324959901574077769e-07,1.194699273242778258e-06,1.920144365205764147e-06,2.802883655692298649e-06,3.836724402162562822e-06,5.015379109074232914e-06,6.332707923814448009e-06,7.782797166077232821e-06,9.360132599583060798e-06,1.105960516863177653e-05,1.287661482143508267e-05,1.480700675957406337e-05,1.684711020487962189e-05,1.899361288517371606e-05,2.124354340748920599e-05,2.359409516878977460e-05,2.604256399057388382e-05,2.858613484565003751e-05,3.122178835872861788e-05,3.394606532385120354e-05,3.675495745369890569e-05,3.964366651214515781e-05,4.260649694950176378e-05,4.563662879502938590e-05,4.872603219877795993e-05,5.186527513440736888e-05,5.504348114278825090e-05,5.824819300610103935e-05,6.146539380365873147e-05,6.467944485104321778e-05,6.787318559394622287e-05,7.102795758126869677e-05,7.412379034318996348e-05,7.713951299726945498e-05,8.005302178433232763e-05,8.284146872002905962e-05,8.548159437622418662e-05,8.794997160958539773e-05,9.022337706381024919e-05,9.227905951657912635e-05,9.409511709212599307e-05,9.565075564284214276e-05,9.692663720066098290e-05,9.790509516637111321e-05,9.857042364047034647e-05,9.890902276920440707e-05,9.890960719866333608e-05,9.856326504818688748e-05,9.786357479174829079e-05,9.680657281693687646e-05,9.539077942597766415e-05,9.361708079528331401e-05,9.148867469647466296e-05,8.901088135157604760e-05,8.619102668457261725e-05,8.303820220562951914e-05,7.956310759528761628e-05,7.577778217029540030e-05,7.169542951218894173e-05,6.733014263859175505e-05,6.269673176504673474e-05,5.781046271411742580e-05,5.268690551021804004e-05,4.734170157974528073e-05,4.179044647526510930e-05,3.604849678564037998e-05,3.013089552579320101e-05,2.405222494450676005e-05,1.782657849552097540e-05,1.146746131016865395e-05,4.987808489033656541e-06,-1.600068866717443546e-06,-8.284422862008247523e-06,-1.505408255073557020e-05,-2.189835735410841465e-05,-2.880701847129509807e-05,-3.577017547768605014e-05,-4.277823524017760053e-05,-4.982176231406075588e-05,-5.689142656779744338e-05,-6.397785907960643048e-05,-7.107160046189426152e-05,-7.816296442738464789e-05,-8.524199892651711219e-05,-9.229836927660872486e-05,-9.932134349400978596e-05,-1.062997056314889018e-04,-1.132217748643551942e-04,-1.200753572222405352e-04,-1.268478048680108901e-04,-1.335260106296918105e-04,-1.400965095367172168e-04,-1.465455156775525127e-04,-1.528590628541935106e-04,-1.590230779675290244e-04,-1.650235524463776612e-04,-1.708466414993903618e-04,-1.764788536814657007e-04,-1.819071618039836010e-04,-1.871191954189999876e-04,-1.921033477121896350e-04,-1.968489554163532741e-04,-2.013463869224768393e-04,-2.055871961770745803e-04,-2.095641802551834480e-04,-2.132714975845906758e-04,-2.167046875574014659e-04,-2.198607480881754710e-04,-2.227381145893632744e-04,-2.253366965118652721e-04,-2.276578173600567591e-04,-2.297042138002667786e-04,-2.314799418036798679e-04,-2.329903447384861609e-04,-2.342419329452105560e-04,-2.352423288407744977e-04,-2.360001282574072348e-04,-2.365248310766346221e-04,-2.368266926731605682e-04,-2.369166481946627053e-04,-2.368061617132978048e-04,-2.365071512497768944e-04,-2.360318420166144366e-04,-2.353926979237846138e-04,-2.346022838548605569e-04,-2.336732078971391711e-04,-2.326179961095109147e-04,-2.314490482638418428e-04,-2.301785271781654513e-04,-2.288183294351737378e-04,-2.273799901503874006e-04,-2.258746690211806173e-04,-2.243130704156790303e-04,-2.227054442173104947e-04,-2.210615203736968407e-04,-2.193905233474074826e-04,-2.177011197395881668e-04,-2.160014447098158820e-04,-2.142990609720930048e-04,-2.126009952866307986e-04,-2.109137069801430664e-04,-2.092431325059663659e-04,-2.075946616384747396e-04,-2.059731881119415253e-04,-2.043830917485075930e-04,-2.028282932907237151e-04,-2.013122409085703140e-04,-1.998379675065130204e-04,-1.984080802998837824e-04,-1.970248190724252979e-04,-1.956900477846941076e-04,-1.944053124731643474e-04,-1.931718341360489537e-04,-1.919905651721839652e-04,-1.908621830752220861e-04,-1.897871445006467633e-04,-1.887656795710450255e-04,-1.877978428277021794e-04,-1.868835082078624502e-04,-1.860224162727581413e-04,-1.852141701563058806e-04,-1.844582785649177977e-04,-1.837541532107244649e-04,-1.831011471326125112e-04,-1.824985543030742928e-04,-1.819456428107153626e-04,-1.814416574414867353e-04,-1.809858471585571067e-04,-1.805774714990266057e-04,-1.802158215882331102e-04,-1.799002312020658563e-04,-1.796300903826575617e-04,-1.794048621934742820e-04,-1.792240881422383172e-04,-1.790874124212475454e-04,-1.789945792466413217e-04,-1.789454681220488711e-04,-1.789400850004093985e-04,-1.789786144748251278e-04,-1.790614080448563932e-04,-1.791890595490344402e-04,-1.793623905018134972e-04,-1.795825477015287864e-04,-1.798509703521799087e-04,-1.801694867377698155e-04,-1.805402159594614981e-04,-1.809656061104938528e-04,-1.814481878084107111e-04,-1.819904807418240187e-04,-1.825945281566197103e-04,-1.832616800741006507e-04,-1.839919898563966317e-04,-1.847841627188722693e-04,-1.856352506413372415e-04,-1.865415346432296737e-04,-1.874993452118112734e-04,-1.885079705558495317e-04,-1.895721574859075549e-04,-1.907073517802264243e-04,-1.919421608498716298e-04,-1.933230425505247819e-04,-1.949095307646373193e-04,-1.967698368903567508e-04,-1.989543757109221104e-04,-2.014701374831413881e-04,-2.042170484743805153e-04,-2.069395883979119690e-04,-2.091321899588516298e-04,-2.100076111431604486e-04,-2.084389753776314446e-04,-2.030623800505363991e-04,-1.924213961207521051e-04,-1.754051004310940292e-04,-1.518237599654283286e-04,-1.233395580572929011e-04,-9.450794635578318862e-05,-7.391989204555395531e-05
0.000000000000000000e+00,0.000000000000000000e+00,0.000000000000000000e+00,0.000000000000000000e+00,0.000000000000000000e+00,0.000000000000000000e+00,0.000000000000000000e+00,0.000000000000000000e+00,0.000000000000000000e+00,0.000000000000000000e+00,0.000000000000000000e+00,0.000000000000000000e+00,0.000000000000000000e+00,0.000000000000000000e+00,0.000000000000000000e+00,0.000000000000000000e+00,0.000000000000000000e+00,0.000000000000000000e+00,0.000000000000000000e+00,0.000000000000000000e+00,0.000000000000000000e+00,0.000000000000000000e+00,0.000000000000000000e+00,0.000000000000000000e+00,0.000000000000000000e+00,0.000000000000000000e+00,0.000000000000000000e+00,0.000000000000000000e+00,0.000000000000000000e+00,0.000000000000000000e+00,0.000000000000000000e+00,0.000000000000000000e+00,0.000000000000000000e+00,0.000000000000000000e+00,0.000000000000000000e+00,0.000000000000000000e+00,0.000000000000000000e+00,0.000000000000000000e+00,0.000000000000000000e+00,0.000000000000000000e+00,0.000000000000000000e+00,0.000000000000000000e+00,0.000000000000000000e+00,0.000000000000000000e+00,0.000000000000000000e+00,0.000000000000000000e+00,0.000000000000000000e+00,0.000000000000000000e+00,0.000000000000000000e+00,0.000000000000000000e+00,0.000000000000000000e+00,0.000000000000000000e+00,0.000000000000000000e+00,0.000000000000000000e+00,0.000000000000000000e+00,0.000000000000000000e+00,0.000000000000000000e+00,0.000000000000000000e+00,0.000000000000000000e+00,0.000000000000000000e+00,0.000000000000000000e+00,0.000000000000000000e+00,0.000000000000000000e+00,0.000000000000000000e+00,0.000000000000000000e+00,0.000000000000000000e+00,0.000000000000000000e+00,0.000000000000000000e+00,0.000000000000000000e+00,0.000000000000000000e+00,0.000000000000000000e+00,0.000000000000000000e+00,0.000000000000000000e+00,0.000000000000000000e+00,0.000000000000000000e+00,0.000000000000000000e+00,0.000000000000000000e+00,0.000000000000000000e+00,0.000000000000000000e+00,0.000000000000000000e+00,0.000000000000000000e+00,0.000000000000000000e+00,0.000000000000000000e+00,0.000000000000000000e+00,0.000000000000000000e+00,0.000000000000000000e+00,2.528339096947468823e-04,3.044879637849920678e-04,3.192783263608496287e-04,3.215005475504194017e-04,3.067880408587376215e-04,2.804614362637847247e-04,2.512875299170637291e-04,2.146688773696124532e-04,1.782955943011397127e-04,1.419373165550511266e-04,1.068446460879562022e-04,7.405896881545654428e-05,4.405241230879275720e-05,1.708872920083198669e-05,-6.480212650570217664e-06,-2.684263919473770551e-05,-4.403997046893548794e-05,-5.816228418160510397e-05,-6.947429911155704842e-05,-7.807846283274336998e-05,-8.425441690809021408e-05,-8.817303944126161496e-05,-9.008892985733477543e-05,-9.020474558922086190e-05,-8.875289037107413081e-05,-8.593736700586002933e-05,-8.197256349136077078e-05,-7.705303906902113943e-05,-7.137270981599158160e-05,-6.510977549286822068e-05,-5.843538826827611053e-05,-5.150648144962728772e-05,-4.446932855069580880e-05,-3.745564967755501902e-05,-3.058436859885615337e-05,-2.395933088313397075e-05,-1.767033707073617247e-05,-1.179194933960790799e-05,-6.384329938449027393e-06,-1.492940598766011095e-06,2.850501994340523651e-06,6.627623017139955925e-06,9.832227566501860149e-06,1.246940079562162649e-05,1.455420671302833201e-05,1.611052536181306708e-05,1.716971839817396124e-05,1.776938052262284359e-05,1.795203024513423074e-05,1.776387092227468988e-05,1.725354227691101665e-05,1.647096300164801861e-05,1.546620776146760023e-05,1.428851844367447853e-05,1.298539551751101408e-05,1.160185732450073330e-05,1.017981262183287508e-05,8.757603470097592493e-06,7.369674890405169851e-06,6.046386954662755995e-06,4.813952699306990608e-06,3.694472564271682381e-06,2.706086449526781321e-06,1.863169221370508365e-06,1.176632448109139197e-06,6.542162366404293781e-07,3.008755355344078377e-07,1.191082445264937583e-07,1.093688701833218152e-07,2.703849615912435155e-07,5.995554511972106767e-07,1.093223727516018995e-06,1.747034309777904479e-06,2.556145890168118884e-06,3.515532888127424595e-06,4.620131698097947109e-06,5.865080930145678694e-06,7.245798633821163459e-06,8.758158000278448913e-06,1.039849498763939571e-05,1.216371786733849874e-05,1.405124624722729704e-05,1.605905523455367255e-05,1.818554960881321955e-05,2.042954691958595820e-05,2.279009418435398078e-05,2.526639820085704855e-05,2.785759583971564177e-05,3.056264361883633056e-05,3.338005611763280044e-05,3.630777046312706427e-05,3.934287084279257526e-05,4.248144722757387146e-05,4.571832750775819591e-05,4.904695333742503210e-05,5.245914446085689207e-05,5.594501696494095432e-05,5.949280547133585522e-05,6.308884869505382634e-05,6.671749277720446342e-05,7.036116460865160570e-05,7.400037290445648261e-05,7.761388105207313976e-05,8.117881183034572005e-05,8.467091919279449866e-05,8.806478884394356539e-05,9.133419407102039297e-05,9.445237028863904855e-05,9.739242707550648881e-05,1.001276636702599145e-04,1.026320006120817177e-04,1.048802970512484524e-04,1.068487621446421467e-04,1.085152348280491233e-04,1.098595379953794401e-04,1.108636872385401225e-04,1.115121593572225664e-04,1.117920072420954761e-04,1.116930264460502949e-04,1.112077664382326306e-04,1.103315922262542001e-04,1.090625951260696205e-04,1.074015584748780209e-04,1.053517818638820838e-04,1.029189691965036853e-04,1.001109877855500395e-04,9.693770256773589198e-05,9.341069514588326778e-05,8.954306982378959251e-05,8.534915787383427082e-05,8.084431976055721214e-05,7.604465737754175761e-05,7.096683325846996581e-05,6.562780919566373668e-05,6.004469834397839847e-05,5.423454340660903346e-05,4.821421214570139946e-05,4.200022294822523415e-05,3.560868900433578548e-05,2.905519405901336091e-05,2.235478581575722515e-05,1.552190035428847211e-05,8.570401377670442195e-06,1.513548249770931694e-06,-5.635925408285514856e-06,-1.286580781680229955e-05,-2.016429992427543007e-05,-2.751998537034334652e-05,-3.492170133107497471e-05,-4.235849340453852962e-05,-4.981947793140606521e-05,-5.729379362186100630e-05,-6.477046734568354686e-05,-7.223837450140231013e-05,-7.968612013077675470e-05,-8.710201953038103611e-05,-9.447400562370715158e-05,-1.017896399127863992e-04,-1.090360550924631886e-04,-1.162000038873813756e-04,-1.232678426929591795e-04,-1.302256220000102074e-04,-1.370591123907523615e-04,-1.437539352961133892e-04,-1.502956273693980193e-04,-1.566698048966520557e-04,-1.628622572749169740e-04,-1.688591335161976001e-04,-1.746470513147211051e-04,-1.802132906708254665e-04,-1.855459026038906766e-04,-1.906338936809737628e-04,-1.954673184779460050e-04,-2.000374401392768003e-04,-2.043367932115212361e-04,-2.083593089152429429e-04,-2.121003393126070428e-04,-2.155567408466898974e-04,-2.187268559383820268e-04,-2.216105534970832776e-04,-2.242091689651213617e-04,-2.265255050364057795e-04,-2.285637351486562109e-04,-2.303293709988884672e-04,-2.318291371456848292e-04,-2.330709138811094220e-04,-2.340635918946437969e-04,-2.348169997209684397e-04,-2.353417475130970980e-04,-2.356491478956485475e-04,-2.357510570967436469e-04,-2.356597969199552525e-04,-2.353880001284423720e-04,-2.349485397254660489e-04,-2.343543838668530580e-04,-2.336185369764652174e-04,-2.327539078134475015e-04,-2.317732653411400427e-04,-2.306891220503614758e-04,-2.295137060671502860e-04,-2.282588605255409973e-04,-2.269360322044087737e-04,-2.255561866954131100e-04,-2.241298129287279904e-04,-2.226668530973734226e-04,-2.211767217594319361e-04,-2.196682489441793287e-04,-2.181497120762258119e-04,-2.166287903735003855e-04,-2.151126075930949466e-04,-2.136076956998510430e-04,-2.121200463494688545e-04,-2.106550818174625762e-04,-2.092177131759024070e-04,-2.078123165958139726e-04,-2.064427963023548248e-04,-2.051125645673667849e-04,-2.038246077120149527e-04,-2.025814683581508640e-04,-2.013853129698279750e-04,-2.002379152104925700e-04,-1.991407237395653696e-04,-1.980948458165029957e-04,-1.971011142915223815e-04,-1.961600708761728428e-04,-1.952720314749397843e-04,-1.944370688160012596e-04,-1.936550754431862187e-04,-1.929257456548205088e-04,-1.922486356233846076e-04,-1.916231448245634252e-04,-1.910485728657194656e-04,-1.905241007998953614e-04,-1.900488443233147487e-04,-1.896218355605491421e-04,-1.892420723220213119e-04,-1.889085010991503751e-04,-1.886200620456904644e-04,-1.883756740139344392e-04,-1.881742748129978428e-04,-1.880148091423831610e-04,-1.878962634994548451e-04,-1.878176578802786634e-04,-1.877780745863976493e-04,-1.877766547574966332e-04,-1.878126205649877805e-04,-1.878852783904430437e-04,-1.879940349002092446e-04,-1.881384102815174394e-04,-1.883180504958950445e-04,-1.885327558548578601e-04,-1.887824929230543663e-04,-1.890674430766270755e-04,-1.893880138996738619e-04,-1.897449034479827034e-04,-1.901390961501074649e-04,-1.905719151621661570e-04,-1.910449592125832731e-04,-1.915600813574544264e-04,-1.921191972972886494e-04,-1.927241156772020497e-04,-1.933761799125188155e-04,-1.940759551748520153e-04,-1.948228468905956960e-04,-1.956149034120657380e-04,-1.964489432929030172e-04,-1.973211145165731483e-04,-1.982284944643023211e-04,-1.991711262662077702e-04,-2.001558863886247275e-04,-2.011994507352151524e-04,-2.023333172348452610e-04,-2.036031484269922227e-04,-2.050694427149302244e-04,-2.067917714066799676e-04,-2.088148503314969304e-04,-2.111206565712059303e-04,-2.135931851645821123e-04,-2.159296507883103793e-04,-2.176045299027305670e-04,-2.177712572141777311e-04,-2.153070939069863304e-04,-2.088171220313114100e-04,-1.969210814363625030e-04,-1.785627342899853720e-04,-1.537236611333434163e-04,-1.242038829261559374e-04,-9.471278571380559261e-05,-7.385989374584729422e-05
0.000000000000000000e+00,0.000000000000000000e+00,0.000000000000000000e+00,0.000000000000000000e+00,0.000000000000000000e+00,0.000000000000000000e+00,0.000000000000000000e+00,0.000000000000000000e+00,0.000000000000000000e+00,0.000000000000000000e+00,0.000000000000000000e+00,0.000000000000000000e+00,0.000000000000000000e+00,0.000000000000000000e+00,0.000000000000000000e+00,0.000000000000000000e+00,0.000000000000000000e+00,0.000000000000000000e+00,0.000000000000000000e+00,0.000000000000000000e+00,0.000000000000000000e+00,0.000000000000000000e+00,0.000000000000000000e+00,0.000000000000000000e+00,0.000000000000000000e+00,0.000000000000000000e+00,0.000000000000000000e+00,0.000000000000000000e+00,0.000000000000000000e+00,0.000000000000000000e+00,0.000000000000000000e+00,0.000000000000000000e+00,0.000000000000000000e+00,0.000000000000000000e+00,0.000000000000000000e+00,0.000000000000000000e+00,0.000000000000000000e+00,0.000000000000000000e+00,0.000000000000000000e+00,0.000000000000000000e+00,0.000000000000000000e+00,0.000000000000000000e+00,0.000000000000000000e+00,0.000000000000000000e+00,0.000000000000000000e+00,0.000000000000000000e+00,0.000000000000000000e+00,0.000000000000000000e+00,0.000000000000000000e+00,0.000000000000000000e+00,0.000000000000000000e+00,0.000000000000000000e+00,0.000000000000000000e+00,0.000000000000000000e+00,0.000000000000000000e+00,0.000000000000000000e+00,0.000000000000000000e+00,0.000000000000000000e+00,0.000000000000000000e+00,0.000000000000000000e+00,0.000000000000000000e+00,0.000000000000000000e+00,0.000000000000000000e+00,0.000000000000000000e+00,0.000000000000000000e+00,0.000000000000000000e+00,0.000000000000000000e+00,0.000000000000000000e+00,0.000000000000000000e+00,0.000000000000000000e+00,0.000000000000000000e+00,0.000000000000000000e+00,0.000000000000000000e+00,0.000000000000000000e+00,0.000000000000000000e+00,0.000000000000000000e+00,0.000000000000000000e+00,0.000000000000000000e+00,0.000000000000000000e+00,0.000000000000000000e+00,0.000000000000000000e+00,0.000000000000000000e+00,0.000000000000000000e+00,0.000000000000000000e+00,0.000000000000000000e+00,2.638220891180322720e-04,3.072623060277900639e-04,3.121356143554783339e-04,3.169160021319673858e-04,2.890048090973272089e-04,2.580802290226138574e-04,2.223042295636195426e-04,1.835040936841422277e-04,1.468937727233553183e-04,1.108500403391055478e-04,7.779046803161654064e-05,4.757511603908577463e-05,2.063912446177187232e-05,-2.862307131614868662e-06,-2.292474992499951954e-05,-3.974041759223749802e-05,-5.342095690219180251e-05,-6.423722069106309579e-05,-7.242893329106090772e-05,-7.819969545169825156e-05,-8.182814930963445662e-05,-8.350659696794608742e-05,-8.349443875425491659e-05,-8.198989879072155352e-05,-7.921857502542416728e-05,-7.537107591007651756e-05,-7.064471149758750062e-05,-6.521459513013182349e-05,-5.925320839709929716e-05,-5.291597988151626377e-05,-4.635061011459879106e-05,-3.969021206527066593e-05,-3.305720813099230471e-05,-2.656018177233757205e-05,-2.029536521681571786e-05,-1.434525743936567681e-05,-8.779282773048690031e-06,-3.653381577967606834e-06,9.895310556599575775e-07,5.119258530322310830e-06,8.717762350105541787e-06,1.177830249545175380e-05,1.430467911448947902e-05,1.631000268340310913e-05,1.781577923715792477e-05,1.885050748686301268e-05,1.944870891149502517e-05,1.964951806222647052e-05,1.949573353926175453e-05,1.903249931592636060e-05,1.830641573669042850e-05,1.736437026062398486e-05,1.625275134632662603e-05,1.501648815352636643e-05,1.369842913453560860e-05,1.233864838505392591e-05,1.097404174895762381e-05,9.637926234735085429e-06,8.359867684210593015e-06,7.165555299349710472e-06,6.076834278659167003e-06,5.111805153712369398e-06,4.285010888431521946e-06,3.607697159544594073e-06,3.088095597184134098e-06,2.731780246681598903e-06,2.541990501761279045e-06,2.520025495178916080e-06,2.665558787618493765e-06,2.977024597854828415e-06,3.451889864538271662e-06,4.087001757077238734e-06,4.878797826813737922e-06,5.823598887204842545e-06,6.917750116039809661e-06,8.157853336927764915e-06,9.540838560393425944e-06,1.106413402441112125e-05,1.272566945108344992e-05,1.452398293730041762e-05,1.645815696167340588e-05,1.852786138993342576e-05,2.073322372951807581e-05,2.307480919989855515e-05,2.555342913106491904e-05,2.817006266176810795e-05,3.092561128473366675e-05,3.382077165322405738e-05,3.685574933026335799e-05,4.003009768781069566e-05,4.334240933698637775e-05,4.679014174015529555e-05,5.036931013251682031e-05,5.407432566852221053e-05,5.789771811822133261e-05,6.183001607433452694e-05,6.585952996973993493e-05,6.997230450765573096e-05,7.415199089792111819e-05,7.837989759630826407e-05,8.263497377456728327e-05,8.689397497530701442e-05,9.113156786067474807e-05,9.532061349101110038e-05,9.943238795684468856e-05,1.034369696647341583e-04,1.073035538276561929e-04,1.110009141589956682e-04,1.144977748035119563e-04,1.177633050174462545e-04,1.207675034979782864e-04,1.234816795810636969e-04,1.258788035134659176e-04,1.279339298727005911e-04,1.296244729196399496e-04,1.309305366857823716e-04,1.318350860085550828e-04,1.323241612962656392e-04,1.323869307848731295e-04,1.320157835045337156e-04,1.312062636593547694e-04,1.299570498538216623e-04,1.282697856959785483e-04,1.261489647662503133e-04,1.236016809460574733e-04,1.206374458005723781e-04,1.172678870937992972e-04,1.135065280218557386e-04,1.093684631219285974e-04,1.048701276972160729e-04,1.000289776890635771e-04,9.486327370856017355e-05,8.939178654470203498e-05,8.363361460316068611e-05,7.760793068920033948e-05,7.133384540997802863e-05,6.483020463180491015e-05,5.811550532197699961e-05,5.120774730942674255e-05,4.412440264930056575e-05,3.688232039579616062e-05,2.949774614244205078e-05,2.198627460607025322e-05,1.436291259454622603e-05,6.642071299625490287e-06,-1.162336492161337645e-06,-9.036874494197356822e-06,-1.696846225117071505e-05,-2.494433495258437304e-05,-3.295191100612298652e-05,-4.097874551231010836e-05,-4.901239811363313555e-05,-5.704039214082746236e-05,-6.505009456400038387e-05,-7.302869232047103185e-05,-8.096309536611827232e-05,-8.883994049059354707e-05,-9.664552682644553976e-05,-1.043658553155405963e-04,-1.119866033286349711e-04,-1.194932046416655408e-04,-1.268708658876874619e-04,-1.341046873840988482e-04,-1.411797191249366124e-04,-1.480811174522058055e-04,-1.547942328190847396e-04,-1.613047919820407390e-04,-1.675990048989281251e-04,-1.736637579967851381e-04,-1.794867243993875029e-04,-1.850565517274871678e-04,-1.903629589056275273e-04,-1.953969023605446544e-04,-2.001506444754550310e-04,-2.046178851622480332e-04,-2.087937911886642310e-04,-2.126750850526274903e-04,-2.162600298413743188e-04,-2.195484729624093011e-04,-2.225417867112402430e-04,-2.252428696024972796e-04,-2.276560474682198831e-04,-2.297870391040030089e-04,-2.316428259286393396e-04,-2.332315910821719269e-04,-2.345625673027101064e-04,-2.356459595059919780e-04,-2.364927807515229609e-04,-2.371147679711472535e-04,-2.375242150478900835e-04,-2.377338901265893620e-04,-2.377568733080204276e-04,-2.376064822621281962e-04,-2.372961202093028113e-04,-2.368392146824596081e-04,-2.362490796094039562e-04,-2.355388702724933725e-04,-2.347214616077454000e-04,-2.338094208325230689e-04,-2.328149026463050832e-04,-2.317496397061454840e-04,-2.306248542843472213e-04,-2.294512657951302452e-04,-2.282390176430180225e-04,-2.269977003095548891e-04,-2.257362915860605353e-04,-2.244631932991546187e-04,-2.231861828144799992e-04,-2.219124612621440121e-04,-2.206486140857349184e-04,-2.194006685783063176e-04,-2.181740612903207074e-04,-2.169737027586024481e-04,-2.158039497356678570e-04,-2.146686751576719289e-04,-2.135712433770299741e-04,-2.125145836315990144e-04,-2.115011667324442370e-04,-2.105330805389295278e-04,-2.096120068430132419e-04,-2.087392976054927346e-04,-2.079159510711842953e-04,-2.071426877604806498e-04,-2.064199251356229519e-04,-2.057478525582176747e-04,-2.051264040945203516e-04,-2.045553318371176349e-04,-2.040341766842135838e-04,-2.035623395774173602e-04,-2.031390503144950234e-04,-2.027634363754163077e-04,-2.024344900361891512e-04,-2.021511345358395777e-04,-2.019121899500972916e-04,-2.017164365002231782e-04,-2.015625798161101829e-04,-2.014493111887565415e-04,-2.013752729950300943e-04,-2.013391156366122424e-04,-2.013394639992854233e-04,-2.013749706759241742e-04,-2.014442843963332565e-04,-2.015460989257044722e-04,-2.016791244870927446e-04,-2.018421315801587524e-04,-2.020339267373607965e-04,-2.022533906897774078e-04,-2.024994606950771122e-04,-2.027711633146658820e-04,-2.030676072433984947e-04,-2.033880123190430684e-04,-2.037317186031170526e-04,-2.040982135187721311e-04,-2.044871621606535802e-04,-2.048984294979226217e-04,-2.053321283647792470e-04,-2.057886176643119655e-04,-2.062685437578612045e-04,-2.067727672339320446e-04,-2.073023470914919157e-04,-2.078583250060072154e-04,-2.084416045794625484e-04,-2.090525542015560559e-04,-2.096908387534564256e-04,-2.103549666618140972e-04,-2.110424164862706724e-04,-2.117495715331592680e-04,-2.124729047426081785e-04,-2.132099845219876278e-04,-2.139626510207602453e-04,-2.147391998246131061e-04,-2.155595227882562759e-04,-2.164559048864590849e-04,-2.174770447791155199e-04,-2.186791251699241468e-04,-2.201210768209558894e-04,-2.218302516613489955e-04,-2.237806280820503740e-04,-2.258161707910430591e-04,-2.276199320647481132e-04,-2.285989324771715641e-04,-2.279016759325240083e-04,-2.243284714468041870e-04,-2.165292749823054805e-04,-2.030939672931396855e-04,-1.831103951920297899e-04,-1.566428818928896293e-04,-1.257235777264319361e-04,-9.522195842981039853e-05,-7.386206787826779053e-05
0.000000000000000000e+00,0.000000000000000000e+00,0.000000000000000000e+00,0.000000000000000000e+00,0.000000000000000000e+00,0.000000000000000000e+00,0.000000000000000000e+00,0.000000000000000000e+00,0.000000000000000000e+00,0.000000000000000000e+00,0.000000000000000000e+00,0.000000000000000000e+00,0.000000000000000000e+00,0.000000000000000000e+00,0.000000000000000000e+00,0.000000000000000000e+00,0.000000000000000000e+00,0.000000000000000000e+00,0.000000000000000000e+00,0.000000000000000000e+00,0.000000000000000000e+00,0.000000000000000000e+00,0.000000000000000000e+00,0.000000000000000000e+00,0.000000000000000000e+00,0.000000000000000000e+00,0.000000000000000000e+00,0.000000000000000000e+00,0.000000000000000000e+00,0.000000000000000000e+00,0.000000000000000000e+00,0.000000000000000000e+00,0.000000000000000000e+00,0.000000000000000000e+00,0.000000000000000000e+00,0.000000000000000000e+00,0.000000000000000000e+00,0.000000000000000000e+00,0.000000000000000000e+00,0.000000000000000000e+00,0.000000000000000000e+00,0.000000000000000000e+00,0.000000000000000000e+00,0.000000000000000000e+00,0.000000000000000000e+00,0.000000000000000000e+00,0.000000000000000000e+00,0.000000000000000000e+00,0.000000000000000000e+00,0.000000000000000000e+00,0.000000000000000000e+00,0.000000000000000000e+00,0.000000000000000000e+00,0.000000000000000000e+00,0.000000000000000000e+00,0.000000000000000000e+00,0.000000000000000000e+00,0.000000000000000000e+00,0.000000000000000000e+00,0.000000000000000000e+00,0.000000000000000000e+00,0.000000000000000000e+00,0.000000000000000000e+00,0.000000000000000000e+00,0.000000000000000000e+00,0.000000000000000000e+00,0.000000000000000000e+00,0.000000000000000000e+00,0.000000000000000000e+00,0.000000000000000000e+00,0.000000000000000000e+00,0.000000000000000000e+00,0.000000000000000000e+00,0.000000000000000000e+00,0.000000000000000000e+00,0.000000000000000000e+00,0.000000000000000000e+00,0.000000000000000000e+00,0.000000000000000000e+00,0.000000000000000000e+00,0.000000000000000000e+00,0.000000000000000000e+00,0.000000000000000000e+00,2.747048689055261073e-04,3.231652929645900197e-04,3.306301172442402468e-04,3.242137494627703891e-04,3.011287078996061290e-04,2.671138176575357836e-04,2.329024444481876449e-04,1.922935097939183801e-04,1.538526524973234555e-04,1.170689098653333019e-04,8.283756748722156840e-05,5.267592339176280545e-05,2.570661452105489633e-05,2.539138658327420811e-06,-1.715925703533525593e-05,-3.343501584921132821e-05,-4.655293095030664806e-05,-5.675081837367992280e-05,-6.433878087835189559e-05,-6.957090841674296478e-05,-7.271928011993392810e-05,-7.404225764762501654e-05,-7.375403298882557803e-05,-7.209585412593114910e-05,-6.925656438152525416e-05,-6.544522027866991908e-05,-6.083247053673145505e-05,-5.559440894430564789e-05,-4.988244909723730478e-05,-4.384523578793888122e-05,-3.761347662302536986e-05,-3.131081114435925114e-05,-2.504602219185303431e-05,-1.891849096956207154e-05,-1.301415904374731476e-05,-7.408239672769733128e-06,-2.163154380147276157e-06,2.669889974718470180e-06,7.051877927143591841e-06,1.095476917080003056e-05,1.436176244471916486e-05,1.726610722954769026e-05,1.967082833600414460e-05,2.158746007568113361e-05,2.303539435849137038e-05,2.404056239833985675e-05,2.463457891932839455e-05,2.485345672496826059e-05,2.473670045653157820e-05,2.432613207586340642e-05,2.366503412195528969e-05,2.279712651022902209e-05,2.176581411182514994e-05,2.061334023563195605e-05,1.938018225991557198e-05,1.810441536874151264e-05,1.682129918754684861e-05,1.556288291720473493e-05,1.435780619937831300e-05,1.323114958953475185e-05,1.220443712154099557e-05,1.129570123754923676e-05,1.051964417584831778e-05,9.887863903037664005e-06,9.409117977211183667e-06,9.089650592966644910e-06,8.933502790322433526e-06,8.942884610006580849e-06,9.118483033942688159e-06,9.459832746151273765e-06,9.965584884914953706e-06,1.063384297040345997e-05,1.146236956013419993e-05,1.244886808674243115e-05,1.359111771947511750e-05,1.488719356024750630e-05,1.633552908324319191e-05,1.793507376491773451e-05,1.968528611048952663e-05,2.158622947464544173e-05,2.363849840349210852e-05,2.584325261084648260e-05,2.820207818814120189e-05,3.071695945246020473e-05,3.339007710153066245e-05,3.622371983557085890e-05,3.922002482817682110e-05,4.238083590488357801e-05,4.570739739799154974e-05,4.920017244084754063e-05,5.285850833937396628e-05,5.668043606954957590e-05,6.066233256623258509e-05,6.479872960566906526e-05,6.908200459178551601e-05,7.350223223081418431e-05,7.804693887836092539e-05,8.270103200774433486e-05,8.744665218364850606e-05,9.226321161395255126e-05,9.712737089767623986e-05,1.020132079219383342e-04,1.068923333221298994e-04,1.117341951720159706e-04,1.165063292246859371e-04,1.211747859048646397e-04,1.257044921571863168e-04,1.300597686660747701e-04,1.342047629955751863e-04,1.381040102766569171e-04,1.417228859929004338e-04,1.450281561977621707e-04,1.479883956336689669e-04,1.505744754055673420e-04,1.527598981758768594e-04,1.545211809871533445e-04,1.558380721864295170e-04,1.566938024962008784e-04,1.570751654604776585e-04,1.569726278722218937e-04,1.563802735675364256e-04,1.552957815277371484e-04,1.537202485534634136e-04,1.516580570080329146e-04,1.491166031639122624e-04,1.461060851900661695e-04,1.426391699541676699e-04,1.387307352376079058e-04,1.343975087477123547e-04,1.296577973398013164e-04,1.245311289369524955e-04,1.190379969436661353e-04,1.131995300366666685e-04,1.070372733790051688e-04,1.005729041770637994e-04,9.382806401169967842e-05,8.682413080586027804e-05,7.958210955781685038e-05,7.212246472537397189e-05,6.446507049741835517e-05,5.662910204352153041e-05,4.863304150687825677e-05,4.049462225701187703e-05,3.223088309842384291e-05,2.385815657649652027e-05,1.539216136672086953e-05,6.848023681508196208e-06,-1.759603737052545011e-06,-1.041649918238811804e-05,-1.910873871575779849e-05,-2.782264519780051619e-05,-3.654465321003948572e-05,-4.526126191013089784e-05,-5.395891021999160378e-05,-6.262394522633265670e-05,-7.124251880523281685e-05,-7.980058208564028296e-05,-8.828381313563268774e-05,-9.667764606276781460e-05,-1.049672369838595921e-04,-1.131375334113489834e-04,-1.211732822407758897e-04,-1.290591410007847501e-04,-1.367797269470493902e-04,-1.443197666347798133e-04,-1.516641797589756931e-04,-1.587982579586572898e-04,-1.657077716715114847e-04,-1.723791642198878348e-04,-1.787996659022975977e-04,-1.849574864923869276e-04,-1.908419191538152050e-04,-1.964435140805064926e-04,-2.017541556413931451e-04,-2.067672021796178902e-04,-2.114775235717173481e-04,-2.158815971586799151e-04,-2.199774986218270938e-04,-2.237649501492766342e-04,-2.272452637123635480e-04,-2.304213435204188385e-04,-2.332975862189205600e-04,-2.358798444322788310e-04,-2.381752923096874439e-04,-2.401923599630971377e-04,-2.419405748704711091e-04,-2.434304782262302009e-04,-2.446734531063535917e-04,-2.456816334454500457e-04,-2.464677289676109350e-04,-2.470449361342000262e-04,-2.474267681264932101e-04,-2.476269751559707607e-04,-2.476593856829864245e-04,-2.475378413436265883e-04,-2.472760534698627559e-04,-2.468875558385884230e-04,-2.463855786413045291e-04,-2.457830204995589338e-04,-2.450923404348603462e-04,-2.443255491833171925e-04,-2.434941184955931358e-04,-2.426089907367874826e-04,-2.416805039787880407e-04,-2.407184181678087380e-04,-2.397318539210440357e-04,-2.387293331247799827e-04,-2.377187290640216273e-04,-2.367073191325024699e-04,-2.357017438400458719e-04,-2.347080693079684659e-04,-2.337317527786726104e-04,-2.327777126874729314e-04,-2.318502984770162126e-04,-2.309533662437489472e-04,-2.300902509095845464e-04,-2.292638456933268675e-04,-2.284765749812208650e-04,-2.277304761482922793e-04,-2.270271717713896536e-04,-2.263679526004084089e-04,-2.257537480567169716e-04,-2.251852094127785198e-04,-2.246626778048485551e-04,-2.241862669097699999e-04,-2.237558279598070667e-04,-2.233710314092882696e-04,-2.230313286744066469e-04,-2.227360324426879031e-04,-2.224842750694159003e-04,-2.222750873128794425e-04,-2.221073535044065263e-04,-2.219798885848410942e-04,-2.218913903290663171e-04,-2.218405146236564641e-04,-2.218258251773143482e-04,-2.218458670058721265e-04,-2.218991141986573505e-04,-2.219840415640490989e-04,-2.220990711353762513e-04,-2.222426418680731146e-04,-2.224131556481037534e-04,-2.226090448057853528e-04,-2.228287184412296325e-04,-2.230706273607465946e-04,-2.233332116289942339e-04,-2.236149624585118860e-04,-2.239143722215362789e-04,-2.242299930853866271e-04,-2.245603915464975948e-04,-2.249042044497023666e-04,-2.252601015261418177e-04,-2.256268406382417268e-04,-2.260032429896091037e-04,-2.263882493919285239e-04,-2.267809110691139168e-04,-2.271804437589053577e-04,-2.275862277019843015e-04,-2.279978420470480478e-04,-2.284150474554661663e-04,-2.288377608558994072e-04,-2.292659708946261240e-04,-2.296996027558323721e-04,-2.301383233305279174e-04,-2.305812999363053865e-04,-2.310269501475557472e-04,-2.314727907725198756e-04,-2.319154243778100925e-04,-2.323510256743463551e-04,-2.327761318418613168e-04,-2.331896206434074285e-04,-2.335947076253148708e-04,-2.340029260849059997e-04,-2.344361106313197550e-04,-2.349309870550494864e-04,-2.355355791562601547e-04,-2.363093400927031621e-04,-2.373012220067085187e-04,-2.385377338147688338e-04,-2.399634908854575465e-04,-2.414175936944901451e-04,-2.425221871154425860e-04,-2.426833708331873935e-04,-2.409474312934816234e-04,-2.361406979208755777e-04,-2.267928639100043721e-04,-2.115991069133502480e-04,-1.895969458413458025e-04,-1.610860035388756361e-04,-1.282220426373380977e-04,-9.619375395313186587e-05,-7.396324217958448835e-05
0.000000000000000000e+00,0.000000000000000000e+00,0.000000000000000000e+00,0.000000000000000000e+00,0.000000000000000000e+00,0.000000000000000000e+00,0.000000000000000000e+00,0.000000000000000000e+00,0.000000000000000000e+00,0.000000000000000000e+00,0.000000000000000000e+00,0.000000000000000000e+00,0.000000000000000000e+00,0.000000000000000000e+00,0.000000000000000000e+00,0.000000000000000000e+00,0.000000000000000000e+00,0.000000000000000000e+00,0.000000000000000000e+00,0.000000000000000000e+00,0.000000000000000000e+00,0.000000000000000000e+00,0.000000000000000000e+00,0.000000000000000000e+00,0.000000000000000000e+00,0.000000000000000000e+00,0.000000000000000000e+00,0.000000000000000000e+00,0.000000000000000000e+00,0.000000000000000000e+00,0.000000000000000000e+00,0.000000000000000000e+00,0.000000000000000000e+00,0.000000000000000000e+00,0.000000000000000000e+00,0.000000000000000000e+00,0.000000000000000000e+00,0.000000000000000000e+00,0.000000000000000000e+00,0.000000000000000000e+00,0.000000000000000000e+00,0.000000000000000000e+00,0.000000000000000000e+00,0.000000000000000000e+00,0.000000000000000000e+00,0.000000000000000000e+00,0.000000000000000000e+00,0.000000000000000000e+00,0.000000000000000000e+00,0.000000000000000000e+00,0.000000000000000000e+00,0.000000000000000000e+00,0.000000000000000000e+00,0.000000000000000000e+00,0.000000000000000000e+00,0.000000000000000000e+00,0.000000000000000000e+00,0.000000000000000000e+00,0.000000000000000000e+00,0.000000000000000000e+00,0.000000000000000000e+00,0.000000000000000000e+00,0.000000000000000000e+00,0.000000000000000000e+00,0.000000000000000000e+00,0.000000000000000000e+00,0.000000000000000000e+00,0.000000000000000000e+00,0.000000000000000000e+00,0.000000000000000000e+00,0.000000000000000000e+00,0.000000000000000000e+00,0.000000000000000000e+00,0.000000000000000000e+00,0.000000000000000000e+00,0.000000000000000000e+00,0.000000000000000000e+00,0.000000000000000000e+00,0.000000000000000000e+00,0.000000000000000000e+00,0.000000000000000000e+00,0.000000000000000000e+00,2.890807430846450759e-04,3.272976854868998755e-04,3.239856180853383861e-04,3.201307587729085584e-04,2.832822109605921375e-04,2.452080695220737135e-04,2.047314421157127892e-04,1.629764634671244125e-04,1.256970998681409917e-04,9.040085947483162516e-05,5.944674883186159702e-05,3.256579306477715635e-05,9.551770596188858097e-06,-9.455670759833578114e-06,-2.509479596360975501e-05,-3.743343899925551203e-05,-4.688262546862755010e-05,-5.370300515257961350e-05,-5.823614952333463460e-05,-6.075846111828814202e-05,-6.155342570294538651e-05,-6.086199451674174444e-05,-5.890593149676418244e-05,-5.589594209417260418e-05,-5.200830493211201192e-05,-4.742423939522583652e-05,-4.229211260607087180e-05,-3.676229433087858993e-05,-3.096113565019946467e-05,-2.501178302203961107e-05,-1.902036698199726145e-05,-1.308631410878480260e-05,-7.295515585914756581e-06,-1.725227650333984187e-06,3.559130097526376934e-06,8.501775055555737788e-06,1.305785724895441796e-05,1.719247056972698085e-05,2.088087678523904394e-05,2.410791805202011436e-05,2.686760757857579798e-05,2.916257066703576480e-05,3.100321922678456763e-05,3.240709463504869533e-05,3.339778449614322342e-05,3.400417842732125274e-05,3.425928042089421995e-05,3.419944910554711259e-05,3.386324193645673299e-05,3.329071523949070263e-05,3.252239342628687415e-05,3.159867394296728122e-05,3.055896881303818365e-05,2.944123589364475803e-05,2.828131864929998599e-05,2.711262337066795166e-05,2.596567887743829020e-05,2.486797938768253708e-05,2.384377378973870335e-05,2.291407689648503369e-05,2.209667126663691401e-05,2.140626211447683967e-05,2.085464800510686989e-05,2.045097416285925185e-05,2.020201514318015402e-05,2.011247521142102545e-05,2.018532671576545533e-05,2.042211081235858583e-05,2.082328363490979628e-05,2.138848035827354630e-05,2.211683301222950066e-05,2.300717289573202468e-05,2.405829701065076320e-05,2.526909632588363508e-05,2.663876011770103906e-05,2.816682794243536241e-05,2.985332998906251395e-05,3.169876655010941935e-05,3.370418640432773163e-05,3.587109883131074591e-05,3.820149204095556921e-05,4.069768141664540642e-05,4.336226886173622186e-05,4.619792999630735887e-05,4.920731583084834992e-05,5.239278337576334905e-05,5.575624481424297399e-05,5.929885108284245991e-05,6.302080055886276181e-05,6.692099284728025030e-05,7.099681763255105650e-05,7.524380453551505652e-05,7.965542139289806946e-05,8.422275370190714084e-05,8.893434817641068921e-05,9.377595990360101182e-05,9.873047949272517284e-05,1.037777855670769843e-04,1.088947902502790377e-04,1.140554274432192523e-04,1.192308407717703427e-04,1.243895239153199050e-04,1.294976579186593959e-04,1.345193999925671079e-04,1.394173556570821510e-04,1.441529904122958888e-04,1.486872009359353113e-04,1.529808045982567974e-04,1.569951573945111854e-04,1.606926633654632403e-04,1.640373784597171124e-04,1.669954784058924255e-04,1.695357894719847294e-04,1.716301602178237713e-04,1.732538715722645043e-04,1.743858730775616546e-04,1.750090426637791979e-04,1.751102677750121473e-04,1.746805458738385369e-04,1.737149114367625403e-04,1.722123878494395330e-04,1.701757791410332698e-04,1.676114993865724778e-04,1.645292606624660682e-04,1.609418155797974666e-04,1.568645793245971047e-04,1.523153242858785129e-04,1.473137746036737013e-04,1.418812899354146854e-04,1.360404669415118289e-04,1.298148435491414956e-04,1.232285348837501863e-04,1.163059816023197100e-04,1.090716395249762834e-04,1.015497871927482281e-04,9.376428017993592530e-05,8.573842509541238714e-05,7.749480214896050929e-05,6.905520604275332958e-05,6.044053431853954502e-05,5.167079027820712381e-05,4.276503009397780074e-05,3.374141908071791714e-05,2.461722743223963828e-05,1.540892867480817151e-05,6.132231987168793776e-06,-3.197789732756767746e-06,-1.256664395919148704e-05,-2.196027399321279547e-05,-3.136499268633107163e-05,-4.076733450013911959e-05,-5.015399178015236749e-05,-5.951167597405033501e-05,-6.882706862858627692e-05,-7.808670336148759413e-05,-8.727694255851802072e-05,-9.638389022764007395e-05,-1.053934035877491973e-04,-1.142910447731116985e-04,-1.230621339036965434e-04,-1.316917444989733181e-04,-1.401648009562205324e-04,-1.484661182875240471e-04,-1.565805421194282009e-04,-1.644930280473638686e-04,-1.721888165944321142e-04,-1.796535416577803377e-04,-1.868734272244221241e-04,-1.938354092825863683e-04,-2.005273369028949993e-04,-2.069380890378315948e-04,-2.130577611773055427e-04,-2.188777586763129607e-04,-2.243909516993137143e-04,-2.295917293482756943e-04,-2.344761098145743000e-04,-2.390417453943282148e-04,-2.432879815693845735e-04,-2.472158101115676829e-04,-2.508278778180683590e-04,-2.541283914555990051e-04,-2.571230827196640156e-04,-2.598190736977141102e-04,-2.622248085331234575e-04,-2.643498909036388249e-04,-2.662049946257476229e-04,-2.678016853976118955e-04,-2.691523224531775903e-04,-2.702698759244381898e-04,-2.711678301707175979e-04,-2.718600061757692763e-04,-2.723604749287450682e-04,-2.726833918416896475e-04,-2.728429260669000046e-04,-2.728531114482963225e-04,-2.727277952924677383e-04,-2.724805081441871216e-04,-2.721244335010827397e-04,-2.716722968900761462e-04,-2.711363564265981975e-04,-2.705283103009032135e-04,-2.698593069426492548e-04,-2.691398690925393081e-04,-2.683799215900076630e-04,-2.675887296377404447e-04,-2.667749418272346955e-04,-2.659465399386788144e-04,-2.651108946645064205e-04,-2.642747242478708748e-04,-2.634441604110111280e-04,-2.626247132492229058e-04,-2.618213450442076419e-04,-2.610384390551493913e-04,-2.602798791494813292e-04,-2.595490204173636324e-04,-2.588487728499980277e-04,-2.581815720182282625e-04,-2.575494653355231357e-04,-2.569540813634887478e-04,-2.563967174989290748e-04,-2.558783067752039460e-04,-2.553995060943977389e-04,-2.549606596764728830e-04,-2.545618872053994155e-04,-2.542030433341929425e-04,-2.538838053241674816e-04,-2.536036282363602094e-04,-2.533618318169090968e-04,-2.531575511941466425e-04,-2.529898228989322772e-04,-2.528575310480043938e-04,-2.527594924867562071e-04,-2.526943985810219508e-04,-2.526608995343380590e-04,-2.526575420315208399e-04,-2.526828528207054436e-04,-2.527352725643969137e-04,-2.528132387826878026e-04,-2.529151163692760725e-04,-2.530392799650746025e-04,-2.531840416898136501e-04,-2.533477329412990825e-04,-2.535286299695154529e-04,-2.537250349757479389e-04,-2.539352002345244912e-04,-2.541574082274672105e-04,-2.543898951745821859e-04,-2.546309298783860898e-04,-2.548787379350163102e-04,-2.551315791776401134e-04,-2.553876747013804176e-04,-2.556452834059543401e-04,-2.559026352669556480e-04,-2.561580080776867767e-04,-2.564096712665527912e-04,-2.566559628850187901e-04,-2.568952463100009726e-04,-2.571259815259740794e-04,-2.573466887828420539e-04,-2.575559940442667369e-04,-2.577525782697537857e-04,-2.579351574662703183e-04,-2.581023847756014800e-04,-2.582527208628171856e-04,-2.583842833916374254e-04,-2.584946183164332193e-04,-2.585806172868862192e-04,-2.586383650521021532e-04,-2.586635133324132656e-04,-2.586516248666299433e-04,-2.585997152097118030e-04,-2.585075568794676661e-04,-2.583810946024483438e-04,-2.582342761643002848e-04,-2.580939924290469659e-04,-2.579989964500466128e-04,-2.580033809468656081e-04,-2.581631213417533784e-04,-2.585321880069631987e-04,-2.591192069476049237e-04,-2.598732303795506520e-04,-2.605880289062972432e-04,-2.608973140226205213e-04,-2.601131976261391080e-04,-2.573152759279792893e-04,-2.511537803938133180e-04,-2.402365984924913873e-04,-2.230313662366347686e-04,-1.987697763932264636e-04,-1.676516857889374902e-04,-1.322180578832163951e-04,-9.791957897090463442e-05,-7.421455357525219803e-05
0.000000000000000000e+00,0.000000000000000000e+00,0.000000000000000000e+00,0.000000000000000000e+00,0.000000000000000000e+00,0.000000000000000000e+00,0.000000000000000000e+00,0.000000000000000000e+00,0.000000000000000000e+00,0.000000000000000000e+00,0.000000000000000000e+00,0.000000000000000000e+00,0.000000000000000000e+00,0.000000000000000000e+00,0.000000000000000000e+00,0.000000000000000000e+00,0.000000000000000000e+00,0.000000000000000000e+00,0.000000000000000000e+00,0.000000000000000000e+00,0.000000000000000000e+00,0.000000000000000000e+00,0.000000000000000000e+00,0.000000000000000000e+00,0.000000000000000000e+00,0.000000000000000000e+00,0.000000000000000000e+00,0.000000000000000000e+00,0.000000000000000000e+00,0.000000000000000000e+00,0.000000000000000000e+00,0.000000000000000000e+00,0.000000000000000000e+00,0.000000000000000000e+00,0.000000000000000000e+00,0.000000000000000000e+00,0.000000000000000000e+00,0.000000000000000000e+00,0.000000000000000000e+00,0.000000000000000000e+00,0.000000000000000000e+00,0.000000000000000000e+00,0.000000000000000000e+00,0.000000000000000000e+00,0.000000000000000000e+00,0.000000000000000000e+00,0.000000000000000000e+00,0.000000000000000000e+00,0.000000000000000000e+00,0.000000000000000000e+00,0.000000000000000000e+00,0.000000000000000000e+00,0.000000000000000000e+00,0.000000000000000000e+00,0.000000000000000000e+00,0.000000000000000000e+00,0.000000000000000000e+00,0.000000000000000000e+00,0.000000000000000000e+00,0.000000000000000000e+00,0.000000000000000000e+00,0.000000000000000000e+00,0.000000000000000000e+00,0.000000000000000000e+00,0.000000000000000000e+00,0.000000000000000000e+00,0.000000000000000000e+00,0.000000000000000000e+00,0.000000000000000000e+00,0.000000000000000000e+00,0.000000000000000000e+00,0.000000000000000000e+00,0.000000000000000000e+00,0.000000000000000000e+00,0.000000000000000000e+00,0.000000000000000000e+00,0.000000000000000000e+00,0.000000000000000000e+00,0.000000000000000000e+00,0.000000000000000000e+00,3.064176456701000854e-04,3.596751262185532427e-04,3.548538948778668756e-04,3.381060787360035211e-04,3.026539641635769438e-04,2.596325289702321832e-04,2.187515324840044197e-04,1.742031188564430514e-04,1.341373602290757828e-04,9.793665341549174965e-05,6.571406907534918811e-05,3.886931898500759408e-05,1.601113498958698926e-05,-2.548416854660399794e-06,-1.733697737277049660e-05,-2.885042273292282781e-05,-3.734399670358918069e-05,-4.331806256906235898e-05,-4.702449443283542886e-05,-4.882863685260958907e-05,-4.899426137891635982e-05,-4.779604515904198011e-05,-4.545513086934250077e-05,-4.217750587861258623e-05,-3.814203635739061063e-05,-3.350567276613411472e-05,-2.841704302254488654e-05,-2.300054425754183277e-05,-1.737859392960999018e-05,-1.165256554253543471e-05,-5.920959036437881086e-06,-2.662525289640470586e-07,5.234144483080942574e-06,1.051548883928356653e-05,1.551978396372685379e-05,2.019992072509012434e-05,2.451642979616189732e-05,2.843968880295309718e-05,3.194797735377139804e-05,3.502854451535182523e-05,3.767620189892515321e-05,3.989367967557543672e-05,4.169038518842173589e-05,4.308229618927860062e-05,4.409074385579465487e-05,4.474200960914383635e-05,4.506612740065274968e-05,4.509632773474162449e-05,4.486791547267995878e-05,4.441768497785679584e-05,4.378293737306192452e-05,4.300095525709348050e-05,4.210819922051135507e-05,4.113988881456755956e-05,4.012939128486078962e-05,3.910792942289872715e-05,3.810416553428220415e-05,3.714404908167260016e-05,3.625059758175407305e-05,3.544388977445093574e-05,3.474103506003693026e-05,3.415629986226324425e-05,3.370123695578478159e-05,3.338491105585701468e-05,3.321414169997974347e-05,3.319378156208512975e-05,3.332702078292726030e-05,3.361567164973915806e-05,3.406048723977608231e-05,3.466141431237421589e-05,3.541788934199832948e-05,3.632903266253020272e-05,3.739389676052572674e-05,3.861158643059184466e-05,3.998144585955946631e-05,4.150310023950234609e-05,4.317657795826556429e-05,4.500227689680358215e-05,4.698102415838669279e-05,4.911397388240916701e-05,5.140260892839565584e-05,5.384857705311157651e-05,5.645363838282308806e-05,5.921944556984409932e-05,6.214744048052108969e-05,6.523858425277453878e-05,6.849320879566166479e-05,7.191070625174154506e-05,7.548934655502841659e-05,7.922594268630179604e-05,8.311565387302981061e-05,8.715165173218951693e-05,9.132493771809820689e-05,9.562404345068252335e-05,1.000348982108539186e-04,1.045406018664636892e-04,1.091213810504841223e-04,1.137544727477707079e-04,1.184142041554579148e-04,1.230720174651324524e-04,1.276966971656340929e-04,1.322545514740683945e-04,1.367097925725038515e-04,1.410248691333718910e-04,1.451609822713247164e-04,1.490785401172208847e-04,1.527377694073859323e-04,1.560992421042150505e-04,1.591245249428991434e-04,1.617767148249863709e-04,1.640210604872265629e-04,1.658254406841444279e-04,1.671608950762243394e-04,1.680019876498219588e-04,1.683271974361218301e-04,1.681191273684744854e-04,1.673647263053045062e-04,1.660553262172280301e-04,1.641866902654584830e-04,1.617588839794504218e-04,1.587761654443216666e-04,1.552467151778420481e-04,1.511824006157716255e-04,1.465984022000003906e-04,1.415128935572917675e-04,1.359466069365877555e-04,1.299224726851230111e-04,1.234651663139303039e-04,1.166007473577705743e-04,1.093562246924163127e-04,1.017592275370136847e-04,9.383761716786367902e-05,8.561921363022322008e-05,7.713147251756728696e-05,6.840128152549223369e-05,5.945471188643818906e-05,5.031689036771820394e-05,4.101182715458761907e-05,3.156236190997033572e-05,2.199006379954483132e-05,1.231524501308032834e-05,2.556924278316113764e-06,-7.267102292395495465e-06,-1.714024562907341833e-05,-2.704700777879424800e-05,-3.697292721380954754e-05,-4.690443108584637163e-05,-5.682875493905295452e-05,-6.673377663816590052e-05,-7.660792395824896116e-05,-8.644000340877107402e-05,-9.621910871608112194e-05,-1.059344571652194236e-04,-1.155753112573346212e-04,-1.251308343310173225e-04,-1.345900366785322247e-04,-1.439416610400182659e-04,-1.531741630744433609e-04,-1.622756356567711168e-04,-1.712338315819563091e-04,-1.800361331426431598e-04,-1.886696219785545764e-04,-1.971210968575317593e-04,-2.053771913937589642e-04,-2.134244381239236779e-04,-2.212494293921773547e-04,-2.288389199029969366e-04,-2.361800198697996045e-04,-2.432603220110084326e-04,-2.500681102413818244e-04,-2.565924921295994815e-04,-2.628236028115865370e-04,-2.687527220049137325e-04,-2.743724529433687873e-04,-2.796768051802294265e-04,-2.846613315971664639e-04,-2.893231622404290665e-04,-2.936610882658979198e-04,-2.976755398456934964e-04,-3.013686144641406937e-04,-3.047440002082766144e-04,-3.078069534049920940e-04,-3.105641751982664745e-04,-3.130237489718324718e-04,-3.151949822994857620e-04,-3.170883174899139542e-04,-3.187151526211457701e-04,-3.200877390128992021e-04,-3.212189944990893214e-04,-3.221224002507335881e-04,-3.228118174029484381e-04,-3.233013931601360800e-04,-3.236053891145150531e-04,-3.237381036649052287e-04,-3.237137174494640374e-04,-3.235462363015289850e-04,-3.232493565809450636e-04,-3.228364304854059049e-04,-3.223203519140160661e-04,-3.217135440824862055e-04,-3.210278649569176012e-04,-3.202746158025474130e-04,-3.194644641521391846e-04,-3.186074710885730384e-04,-3.177130290928739014e-04,-3.167899054252933805e-04,-3.158461919229173351e-04,-3.148893617202707610e-04,-3.139262280467734843e-04,-3.129630116087664979e-04,-3.120053055985520709e-04,-3.110581512816745406e-04,-3.101260066948875152e-04,-3.092128282848978157e-04,-3.083220410960389323e-04,-3.074566246511185419e-04,-3.066190827710063029e-04,-3.058115322313971008e-04,-3.050356707024901785e-04,-3.042928670459815136e-04,-3.035841261780743085e-04,-3.029101801767577215e-04,-3.022714491578628736e-04,-3.016681326258978391e-04,-3.011001657057719668e-04,-3.005673103943198496e-04,-3.000691066986075533e-04,-2.996049636291698128e-04,-2.991741049705076878e-04,-2.987756599994000604e-04,-2.984086037509761408e-04,-2.980718475528180891e-04,-2.977641737586550919e-04,-2.974843262623511606e-04,-2.972309397601662767e-04,-2.970026304528416115e-04,-2.967979199686227227e-04,-2.966153264820060539e-04,-2.964532834900178264e-04,-2.963102315767048478e-04,-2.961845322855369451e-04,-2.960745607343945839e-04,-2.959786148749397731e-04,-2.958950091075252930e-04,-2.958219792638623136e-04,-2.957577772994511036e-04,-2.957005723979416311e-04,-2.956485467642668095e-04,-2.955997934073319264e-04,-2.955524131068839114e-04,-2.955044098052660921e-04,-2.954537891112377166e-04,-2.953984529152476712e-04,-2.953363003123164027e-04,-2.952651238543153801e-04,-2.951827139983071000e-04,-2.950867593249320467e-04,-2.949749540208758468e-04,-2.948449012876402757e-04,-2.946942175125255906e-04,-2.945204295415272309e-04,-2.943210579618330902e-04,-2.940934860470995863e-04,-2.938349942715509752e-04,-2.935425739720491319e-04,-2.932128989495022910e-04,-2.928420915797594272e-04,-2.924256996130823846e-04,-2.919585393999265654e-04,-2.914349419908539469e-04,-2.908490005852169672e-04,-2.901956325517577001e-04,-2.894716871268204154e-04,-2.886785112801654521e-04,-2.878239300221790997e-04,-2.869264871782984728e-04,-2.860163576258708054e-04,-2.851396888545936013e-04,-2.843519414149180418e-04,-2.837182096756532741e-04,-2.832849692348409529e-04,-2.830725987155585112e-04,-2.830027039092510629e-04,-2.828924288453329170e-04,-2.823084490419805687e-04,-2.806185719199427221e-04,-2.767472858879137503e-04,-2.694499385144964797e-04,-2.569871986709675602e-04,-2.379860591760369628e-04,-2.112085250325005227e-04,-1.771933173938949890e-04,-1.383417756441861907e-04,-1.008003293887040671e-04,-7.477405564271965210e-05
0.000000000000000000e+00,0.000000000000000000e+00,0.000000000000000000e+00,0.000000000000000000e+00,0.000000000000000000e+00,0.000000000000000000e+00,0.000000000000000000e+00,0.000000000000000000e+00,0.000000000000000000e+00,0.000000000000000000e+00,0.000000000000000000e+00,0.000000000000000000e+00,0.000000000000000000e+00,0.000000000000000000e+00,0.000000000000000000e+00,0.000000000000000000e+00,0.000000000000000000e+00,0.000000000000000000e+00,0.000000000000000000e+00,0.000000000000000000e+00,0.000000000000000000e+00,0.000000000000000000e+00,0.000000000000000000e+00,0.000000000000000000e+00,0.000000000000000000e+00,0.000000000000000000e+00,0.000000000000000000e+00,0.000000000000000000e+00,0.000000000000000000e+00,0.000000000000000000e+00,0.000000000000000000e+00,0.000000000000000000e+00,0.000000000000000000e+00,0.000000000000000000e+00,0.000000000000000000e+00,0.000000000000000000e+00,0.000000000000000000e+00,0.000000000000000000e+00,0.000000000000000000e+00,0.000000000000000000e+00,0.000000000000000000e+00,0.000000000000000000e+00,0.000000000000000000e+00,0.000000000000000000e+00,0.000000000000000000e+00,0.000000000000000000e+00,0.000000000000000000e+00,0.000000000000000000e+00,0.000000000000000000e+00,0.000000000000000000e+00,0.000000000000000000e+00,0.000000000000000000e+00,0.000000000000000000e+00,0.000000000000000000e+00,0.000000000000000000e+00,0.000000000000000000e+00,0.000000000000000000e+00,0.000000000000000000e+00,0.000000000000000000e+00,0.000000000000000000e+00,0.000000000000000000e+00,0.000000000000000000e+00,0.000000000000000000e+00,0.000000000000000000e+00,0.000000000000000000e+00,0.000000000000000000e+00,0.000000000000000000e+00,0.000000000000000000e+00,0.000000000000000000e+00,0.000000000000000000e+00,0.000000000000000000e+00,0.000000000000000000e+00,0.000000000000000000e+00,0.000000000000000000e+00,0.000000000000000000e+00,0.000000000000000000e+00,0.000000000000000000e+00,0.000000000000000000e+00,0.000000000000000000e+00,3.190074348336462530e-04,3.608084902529705494e-04,3.394559705802756094e-04,3.253990498236272993e-04,2.738891719596902273e-04,2.270930891548818167e-04,1.801108665997343912e-04,1.356606848340513507e-04,9.806713294472386847e-05,6.461783848799552911e-05,3.682115122494268247e-05,1.414048658161160172e-05,-4.195454813659976931e-06,-1.825462413032137422e-05,-2.895411850823440886e-05,-3.660309129594346313e-05,-4.168820020142103156e-05,-4.464087687894301192e-05,-4.574516596924654171e-05,-4.535268612071542769e-05,-4.369198982862498772e-05,-4.101601488915845032e-05,-3.751233979565748181e-05,-3.336058981568369914e-05,-2.870656414743095534e-05,-2.368182133832310421e-05,-1.840240899056625845e-05,-1.296923192458867396e-05,-7.476728978841556675e-06,-2.004424028184635552e-06,3.372239018081700098e-06,8.590518608087393377e-06,1.359234107309519517e-05,1.833002735334545504e-05,2.276178001922386483e-05,2.685472195310655426e-05,3.058265749478229892e-05,3.392736423907096122e-05,3.687750829293405514e-05,3.942889783391359581e-05,4.158387102785952427e-05,4.335092283608334434e-05,4.474421727028617124e-05,4.578284664516552499e-05,4.649032932188762126e-05,4.689367850630885639e-05,4.702286902088363989e-05,4.690985390580134100e-05,4.658804430978253633e-05,4.609138429597467744e-05,4.545389924097741004e-05,4.470890482201208096e-05,4.388866170429549381e-05,4.302375646050178706e-05,4.214287599663644606e-05,4.127237018640126813e-05,4.043614627179300121e-05,3.965541155197583353e-05,3.894868524208150228e-05,3.833171399671317597e-05,3.781759326691089263e-05,3.741683664290961717e-05,3.713758492222382266e-05,3.698579367368644337e-05,3.696549372605009763e-05,3.707905015600981337e-05,3.732743216819051980e-05,3.771049652282464239e-05,3.822722916806563280e-05,3.887601435648538643e-05,3.965482034136041695e-05,4.056142689915699542e-05,4.159353861409213564e-05,4.274895505533674077e-05,4.402560563501104715e-05,4.542165688536086842e-05,4.693547143889809607e-05,4.856565451944421771e-05,5.031094509412046081e-05,5.217020790883018392e-05,5.414226689141751975e-05,5.622585012597249130e-05,5.841937526751133118e-05,6.072085460970112980e-05,6.312764189994071967e-05,6.563630553348210662e-05,6.824234795683799975e-05,7.094005870402918159e-05,7.372222246114731891e-05,7.657997020084448148e-05,7.950249913723140985e-05,8.247694801541350024e-05,8.548815941639304210e-05,8.851861171337398735e-05,9.154825867450450344e-05,9.455455289870207190e-05,9.751239678036272723e-05,1.003942880975872918e-04,1.031704083757244752e-04,1.058089096240860834e-04,1.082761506709323598e-04,1.105371254680704923e-04,1.125558367477202747e-04,1.142958436280970297e-04,1.157207387719160754e-04,1.167947707867944237e-04,1.174833709169350649e-04,1.177537890950155624e-04,1.175756041607432692e-04,1.169213060085877464e-04,1.157667229638335366e-04,1.140914882245141777e-04,1.118793294418825507e-04,1.091183740809269958e-04,1.058012667494983298e-04,1.019252915390207731e-04,9.749230766622095834e-05,9.250869203720465733e-05,8.698510778137243126e-05,8.093629202110429112e-05,7.438069054191752763e-05,6.734013078803814396e-05,5.983936704130139234e-05,5.190568577338440054e-05,4.356840893385363091e-05,3.485847840214940842e-05,2.580796145909677788e-05,1.644965494789564880e-05,6.816628893792598139e-06,-3.058118526181099102e-06,-1.314205357644569781e-05,-2.340338074307492215e-05,-3.381135644899377373e-05,-4.433648127107259255e-05,-5.495072910223576025e-05,-6.562765603964623240e-05,-7.634254686913818509e-05,-8.707244537502740827e-05,-9.779622547946315459e-05,-1.084945521795763771e-04,-1.191498881705529397e-04,-1.297463972547692284e-04,-1.402698991452309486e-04,-1.507077283995351925e-04,-1.610486507479239786e-04,-1.712826908085302296e-04,-1.814010231271450085e-04,-1.913957815170281413e-04,-2.012599373971975085e-04,-2.109871028892946229e-04,-2.205714082698489445e-04,-2.300073101724570363e-04,-2.392894791945735129e-04,-2.484126238126810825e-04,-2.573713984631352623e-04,-2.661602530579533759e-04,-2.747733711082499990e-04,-2.832045538807674307e-04,-2.914471971084321863e-04,-2.994942175421426412e-04,-3.073380751311689633e-04,-3.149707475707068643e-04,-3.223838020823609034e-04,-3.295684201151515696e-04,-3.365155186565085962e-04,-3.432158222701849515e-04,-3.496600281877993810e-04,-3.558389166176553439e-04,-3.617435472892113822e-04,-3.673653923411496170e-04,-3.726965457510075341e-04,-3.777298578666435412e-04,-3.824591355761323844e-04,-3.868792561064843477e-04,-3.909863370009123784e-04,-3.947778105877569285e-04,-3.982525471930113150e-04,-4.014108758787865395e-04,-4.042546508720542739e-04,-4.067872136593672508e-04,-4.090134026992300366e-04,-4.109394610797563289e-04,-4.125729974261405889e-04,-4.139228497782681507e-04,-4.149990105964454761e-04,-4.158124609955978108e-04,-4.163750747737693944e-04,-4.166994377817304388e-04,-4.167987453403877870e-04,-4.166866199654135211e-04,-4.163770142282519331e-04,-4.158840371993235280e-04,-4.152218716487152432e-04,-4.144046162737268185e-04,-4.134462228633895117e-04,-4.123603582417940472e-04,-4.111603641258832951e-04,-4.098591400976996026e-04,-4.084691265922017907e-04,-4.070022082430309503e-04,-4.054697188081705277e-04,-4.038823629072250975e-04,-4.022502406581944826e-04,-4.005827850483095298e-04,-3.988888035206856098e-04,-3.971764278704470875e-04,-3.954531698507227164e-04,-3.937258804504516836e-04,-3.920008166760309879e-04,-3.902836072384519082e-04,-3.885793279151120638e-04,-3.868924709662776499e-04,-3.852270268242800780e-04,-3.835864549147503431e-04,-3.819737697955220010e-04,-3.803915114328916937e-04,-3.788418342945018514e-04,-3.773264754899118066e-04,-3.758468456835408204e-04,-3.744039938432477564e-04,-3.729986991604034908e-04,-3.716314314449972755e-04,-3.703024435277920551e-04,-3.690117265854574169e-04,-3.677591027357127867e-04,-3.665441747880429321e-04,-3.653664189318799613e-04,-3.642251285664399683e-04,-3.631195071396530437e-04,-3.620486058317468709e-04,-3.610114167114885611e-04,-3.600068041387216567e-04,-3.590335984840839359e-04,-3.580905211730306035e-04,-3.571762792658236384e-04,-3.562894841036960713e-04,-3.554287470707991298e-04,-3.545925918212837480e-04,-3.537795515541236374e-04,-3.529880748088134296e-04,-3.522166245697566753e-04,-3.514635776248180863e-04,-3.507273257852886708e-04,-3.500061688072513087e-04,-3.492984179764082610e-04,-3.486022826082696793e-04,-3.479159762119122157e-04,-3.472375966609361764e-04,-3.465652351589847461e-04,-3.458968503672064975e-04,-3.452303805182133198e-04,-3.445636121805962962e-04,-3.438942961358843939e-04,-3.432200120393862357e-04,-3.425382888967920471e-04,-3.418464672706142708e-04,-3.411418246493984558e-04,-3.404214359983389259e-04,-3.396823014991706322e-04,-3.389212025220769112e-04,-3.381348224141343239e-04,-3.373195876075869783e-04,-3.364717620611925490e-04,-3.355872565528190119e-04,-3.346616726288844344e-04,-3.336900735724875511e-04,-3.326669770706249451e-04,-3.315861422546428862e-04,-3.304405962901718488e-04,-3.292226429507704778e-04,-3.279241722428789764e-04,-3.265373365521194600e-04,-3.250555466038941837e-04,-3.234754577724750801e-04,-3.217988711220463351e-04,-3.200364679329679779e-04,-3.182096157162012931e-04,-3.163551925657507148e-04,-3.145230492740334048e-04,-3.127792832900526117e-04,-3.111889945258353315e-04,-3.098146176070038405e-04,-3.086646150360452027e-04,-3.076909021391295703e-04,-3.066725796193403922e-04,-3.052472882411358477e-04,-3.026822419726311409e-04,-2.980569926814357977e-04,-2.898459283967207210e-04,-2.765604833786593328e-04,-2.560783464269913382e-04,-2.274515118915193675e-04,-1.902602016999990807e-04,-1.475337686767971390e-04,-1.054742508079963741e-04,-7.573309243238053091e-05
0.000000000000000000e+00,0.000000000000000000e+00,0.000000000000000000e+00,0.000000000000000000e+00,0.000000000000000000e+00,0.000000000000000000e+00,0.000000000000000000e+00,0.000000000000000000e+00,0.000000000000000000e+00,0.000000000000000000e+00,0.000000000000000000e+00,0.000000000000000000e+00,0.000000000000000000e+00,0.000000000000000000e+00,0.000000000000000000e+00,0.000000000000000000e+00,0.000000000000000000e+00,0.000000000000000000e+00,0.000000000000000000e+00,0.000000000000000000e+00,0.000000000000000000e+00,0.000000000000000000e+00,0.000000000000000000e+00,0.000000000000000000e+00,0.000000000000000000e+00,0.000000000000000000e+00,0.000000000000000000e+00,0.000000000000000000e+00,0.000000000000000000e+00,0.000000000000000000e+00,0.000000000000000000e+00,0.000000000000000000e+00,0.000000000000000000e+00,0.000000000000000000e+00,0.000000000000000000e+00,0.000000000000000000e+00,0.000000000000000000e+00,0.000000000000000000e+00,0.000000000000000000e+00,0.000000000000000000e+00,0.000000000000000000e+00,0.000000000000000000e+00,0.000000000000000000e+00,0.000000000000000000e+00,0.000000000000000000e+00,0.000000000000000000e+00,0.000000000000000000e+00,0.000000000000000000e+00,0.000000000000000000e+00,0.000000000000000000e+00,0.000000000000000000e+00,0.000000000000000000e+00,0.000000000000000000e+00,0.000000000000000000e+00,0.000000000000000000e+00,0.000000000000000000e+00,0.000000000000000000e+00,0.000000000000000000e+00,0.000000000000000000e+00,0.000000000000000000e+00,0.000000000000000000e+00,0.000000000000000000e+00,0.000000000000000000e+00,0.000000000000000000e+00,0.000000000000000000e+00,0.000000000000000000e+00,0.000000000000000000e+00,0.000000000000000000e+00,0.000000000000000000e+00,0.000000000000000000e+00,0.000000000000000000e+00,0.000000000000000000e+00,0.000000000000000000e+00,0.000000000000000000e+00,0.000000000000000000e+00,0.000000000000000000e+00,0.000000000000000000e+00,0.000000000000000000e+00,3.283775675792796676e-04,3.470181289217565070e-04,3.174754186176367084e-04,2.727599248680492470e-04,2.153886583656010822e-04,1.674600219186212684e-04,1.171812223363090334e-04,7.605694546647977022e-05,4.065592406183146423e-05,1.138307029410449543e-05,-1.158043671742679641e-05,-2.986319719103113469e-05,-4.372717678432750277e-05,-5.384834628584389554e-05,-6.098939441627780405e-05,-6.550169382165396063e-05,-6.796965202650867143e-05,-6.871421083287549715e-05,-6.805608558031249022e-05,-6.627499190779697019e-05,-6.356931185261996788e-05,-6.014990533799095915e-05,-5.616410621530667764e-05,-5.175888703109840928e-05,-4.704654267673833438e-05,-4.213122184879995101e-05,-3.710063758580558384e-05,-3.203310375233012859e-05,-2.699967277029222481e-05,-2.206142633766871848e-05,-1.727550591477271775e-05,-1.268919614203890864e-05,-8.346248531536418124e-06,-4.281467239441482743e-06,-5.253752256672667214e-07,2.899543129848002804e-06,5.975831015052467747e-06,8.693293379118599085e-06,1.104701520588418747e-05,1.303853724478226434e-05,1.467438741496485347e-05,1.596656430213915824e-05,1.693128834676153839e-05,1.758904644064735888e-05,1.796344255229195957e-05,1.808098563083249442e-05,1.797002035310399059e-05,1.766039593695853976e-05,1.718250777313063318e-05,1.656695139137477006e-05,1.584371585279930003e-05,1.504189297945190052e-05,1.418904862992895725e-05,1.331102318401728238e-05,1.243148510211976269e-05,1.157183276738070729e-05,1.075092051154025649e-05,9.985059863949619758e-06,9.287904082607898425e-06,8.670542543685125236e-06,8.141526689979421271e-06,7.707044023508607914e-06,7.371059193618942354e-06,7.135541729089662442e-06,7.000684400940056545e-06,6.965148748663003010e-06,7.026317318413834357e-06,7.180519834803934917e-06,7.423279824069715272e-06,7.749491621749943570e-06,8.153632157119749949e-06,8.629870253980528451e-06,9.172226338141227148e-06,9.774606796066913128e-06,1.043090531061915603e-05,1.113496458824973579e-05,1.188062176180454479e-05,1.266160672738625590e-05,1.347153987436893294e-05,1.430378006971898758e-05,1.515138567762487985e-05,1.600692620553298710e-05,1.686241802782342526e-05,1.770911329529351898e-05,1.853742183022917615e-05,1.933669110163007868e-05,2.009512724300993478e-05,2.079958213443209149e-05,2.143549016757950311e-05,2.198668271152475341e-05,2.243536225916051608e-05,2.276196919158979124e-05,2.294521910073129984e-05,2.296204925155501469e-05,2.278774550979565126e-05,2.239599366429334895e-05,2.175911726306302202e-05,2.084825032355038871e-05,1.963369553799988593e-05,1.808521974574541104e-05,1.617252426155290200e-05,1.386564466946743852e-05,1.113550426723496256e-05,7.954378975581998974e-06,4.296485574280320306e-06,1.384557792818102156e-07,-4.540101907798593025e-06,-9.756183007717161360e-06,-1.552291530333888792e-05,-2.184925517590696889e-05,-2.873966018469262634e-05,-3.619394656884942281e-05,-4.420714070232405137e-05,-5.276952021788468880e-05,-6.186665354945368445e-05,-7.147962109129295011e-05,-8.158522666795765008e-05,-9.215637175153700076e-05,-1.031624024278033334e-04,-1.145695933547629948e-04,-1.263415818523717059e-04,-1.384399108367641870e-04,-1.508244985605639043e-04,-1.634541906280669585e-04,-1.762872182829823889e-04,-1.892817168575873347e-04,-2.023961349868427264e-04,-2.155896878512853691e-04,-2.288226915829755378e-04,-2.420569317970455703e-04,-2.552559093513792664e-04,-2.683851158918065132e-04,-2.814121874205573540e-04,-2.943070877153805315e-04,-3.070421740494890602e-04,-3.195922959352585566e-04,-3.319347826684030528e-04,-3.440494689667318476e-04,-3.559186170394670911e-04,-3.675268827131728108e-04,-3.788611858984302521e-04,-3.899106312326036617e-04,-4.006663406460234762e-04,-4.111213418993739615e-04,-4.212703759434132918e-04,-4.311097654505264718e-04,-4.406372082330112000e-04,-4.498516363628962699e-04,-4.587530054077756307e-04,-4.673421532897020975e-04,-4.756205937773897276e-04,-4.835903830701990930e-04,-4.912539250109770840e-04,-4.986138526067893876e-04,-5.056728518665633797e-04,-5.124335650988444185e-04,-5.188984400656269013e-04,-5.250696617961298027e-04,-5.309490336786970533e-04,-5.365379443907820640e-04,-5.418372872284508588e-04,-5.468474681109902280e-04,-5.515683683354758371e-04,-5.559993978845043702e-04,-5.601395043113140343e-04,-5.639872722427171454e-04,-5.675409768514311833e-04,-5.707987253162699007e-04,-5.737585474425673567e-04,-5.764185684186392883e-04,-5.787771225178480177e-04,-5.808329399291506639e-04,-5.825852634818675562e-04,-5.840340279047068510e-04,-5.851799574390902656e-04,-5.860247174398017797e-04,-5.865709759576498905e-04,-5.868225120260517390e-04,-5.867842265011903331e-04,-5.864621970059540274e-04,-5.858636338896333270e-04,-5.849968829074404710e-04,-5.838713314870380353e-04,-5.824973678898421421e-04,-5.808862490414560447e-04,-5.790500294582529017e-04,-5.770014048935556954e-04,-5.747536257955654371e-04,-5.723203311011755253e-04,-5.697154598859645314e-04,-5.669530875777465187e-04,-5.640473467228242005e-04,-5.610122747100978243e-04,-5.578617511957340794e-04,-5.546093630133910098e-04,-5.512683625130997741e-04,-5.478515522663457427e-04,-5.443712658247162797e-04,-5.408392724105163347e-04,-5.372667795489531693e-04,-5.336643562381007504e-04,-5.300419555613964783e-04,-5.264088537819660435e-04,-5.227736902892507042e-04,-5.191444195480686245e-04,-5.155283654365101689e-04,-5.119321828516308539e-04,-5.083619235219711706e-04,-5.048230042004437593e-04,-5.013202812716080871e-04,-4.978580227480240619e-04,-4.944399893389146662e-04,-4.910694078330182354e-04,-4.877490566951160449e-04,-4.844812388088424776e-04,-4.812678700691180563e-04,-4.781104498398705007e-04,-4.750101513944915009e-04,-4.719677887882354692e-04,-4.689839083424164937e-04,-4.660587509361823117e-04,-4.631923440310776801e-04,-4.603844586369942567e-04,-4.576347016256241936e-04,-4.549424668301575475e-04,-4.523070276004839555e-04,-4.497274816517316540e-04,-4.472028439723007968e-04,-4.447319851497112870e-04,-4.423137248617060369e-04,-4.399467634808642831e-04,-4.376297764664417961e-04,-4.353613390840182910e-04,-4.331400220715700931e-04,-4.309643093233495839e-04,-4.288326952333119230e-04,-4.267435951754698252e-04,-4.246954449453469501e-04,-4.226866038317821268e-04,-4.207154565694870780e-04,-4.187803087533450465e-04,-4.168794916994983282e-04,-4.150112498910922629e-04,-4.131738491250131645e-04,-4.113654556219457329e-04,-4.095842478234149476e-04,-4.078282867678569641e-04,-4.060956319314479594e-04,-4.043842025139578428e-04,-4.026918978407422346e-04,-4.010164493756714099e-04,-3.993555464682804041e-04,-3.977066792348387335e-04,-3.960672707937124871e-04,-3.944345114577073341e-04,-3.928054986813330211e-04,-3.911770626889062431e-04,-3.895459142693852273e-04,-3.879084598089022843e-04,-3.862609534434381111e-04,-3.845992941550301493e-04,-3.829191719326013594e-04,-3.812158316790467184e-04,-3.794841961673612999e-04,-3.777185777294394067e-04,-3.759127665400783212e-04,-3.740596896224768989e-04,-3.721514979335049564e-04,-3.701792426747974605e-04,-3.681331136529120401e-04,-3.660023463306065375e-04,-3.637759687291759704e-04,-3.614433234239534465e-04,-3.589958916315818009e-04,-3.564287954020793755e-04,-3.537442358945369430e-04,-3.509536287076318937e-04,-3.480825199384314939e-04,-3.451707951118017067e-04,-3.422774476116927089e-04,-3.394717020867484827e-04,-3.368348573037637265e-04,-3.344275664851430164e-04,-3.322897732701938513e-04,-3.303578800565502393e-04,-3.284838270704292526e-04,-3.262549094577614299e-04,-3.231123244460677962e-04,-3.179745779950297153e-04,-3.096819550488658025e-04,-2.961981684203439814e-04,-2.759612936298734770e-04,-2.463272094191918012e-04,-2.073948693718610271e-04,-1.603733796409157408e-04,-1.127712364283516499e-04,-7.759539162433375646e-05
0.000000000000000000e+00,0.000000000000000000e+00,0.000000000000000000e+00,0.000000000000000000e+00,0.000000000000000000e+00,0.000000000000000000e+00,0.000000000000000000e+00,0.000000000000000000e+00,0.000000000000000000e+00,0.000000000000000000e+00,0.000000000000000000e+00,0.000000000000000000e+00,0.000000000000000000e+00,0.000000000000000000e+00,0.000000000000000000e+00,0.000000000000000000e+00,0.000000000000000000e+00,0.000000000000000000e+00,0.000000000000000000e+00,0.000000000000000000e+00,0.000000000000000000e+00,0.000000000000000000e+00,0.000000000000000000e+00,0.000000000000000000e+00,0.000000000000000000e+00,0.000000000000000000e+00,0.000000000000000000e+00,0.000000000000000000e+00,0.000000000000000000e+00,0.000000000000000000e+00,0.000000000000000000e+00,0.000000000000000000e+00,0.000000000000000000e+00,0.000000000000000000e+00,0.000000000000000000e+00,0.000000000000000000e+00,0.000000000000000000e+00,0.000000000000000000e+00,0.000000000000000000e+00,0.000000000000000000e+00,0.000000000000000000e+00,0.000000000000000000e+00,0.000000000000000000e+00,0.000000000000000000e+00,0.000000000000000000e+00,0.000000000000000000e+00,0.000000000000000000e+00,0.000000000000000000e+00,0.000000000000000000e+00,0.000000000000000000e+00,0.000000000000000000e+00,0.000000000000000000e+00,0.000000000000000000e+00,0.000000000000000000e+00,0.000000000000000000e+00,0.000000000000000000e+00,0.000000000000000000e+00,0.000000000000000000e+00,0.000000000000000000e+00,0.000000000000000000e+00,0.000000000000000000e+00,0.000000000000000000e+00,0.000000000000000000e+00,0.000000000000000000e+00,0.000000000000000000e+00,0.000000000000000000e+00,0.000000000000000000e+00,0.000000000000000000e+00,0.000000000000000000e+00,0.000000000000000000e+00,0.000000000000000000e+00,0.000000000000000000e+00,0.000000000000000000e+00,0.000000000000000000e+00,0.000000000000000000e+00,0.000000000000000000e+00,3.378082508017892101e-04,3.533601735829299765e-04,3.058167298116503904e-04,2.499046950196623850e-04,1.772275632189075363e-04,1.123019247281724343e-04,5.824276257719080861e-05,9.042277831935596557e-06,-2.795660514964817340e-05,-5.961852124122053904e-05,-8.367239024137962410e-05,-1.023532508906147622e-04,-1.163743262099305761e-04,-1.264451678514691738e-04,-1.334982322678401217e-04,-1.380584680453408322e-04,-1.405933256673711092e-04,-1.415770913187097181e-04,-1.412679798531102859e-04,-1.399710154151123480e-04,-1.378767647552481886e-04,-1.351545124783035145e-04,-1.319542651443208234e-04,-1.283854254412605475e-04,-1.245587905840227357e-04,-1.205548769317688843e-04,-1.164530329164881840e-04,-1.123167500350546533e-04,-1.082061438580462983e-04,-1.041737719539942512e-04,-1.002673830779061417e-04,-9.653032300649198167e-05,-9.299996045899783801e-05,-8.970985903697686512e-05,-8.668719824590017005e-05,-8.395495555317022995e-05,-8.152986325361199712e-05,-7.942389147912852921e-05,-7.764318291804276143e-05,-7.618893389714963217e-05,-7.505716925584517564e-05,-7.423930039617702753e-05,-7.372246615574697495e-05,-7.348997462740762933e-05,-7.352197521554791311e-05,-7.379587545876415149e-05,-7.428716401654612866e-05,-7.496981460225847071e-05,-7.581712646142355007e-05,-7.680208919376608915e-05,-7.789814656336537196e-05,-7.907948846909963422e-05,-8.032168080621984957e-05,-8.160186289426997388e-05,-8.289921920434177832e-05,-8.419507798294281926e-05,-8.547322459851862961e-05,-8.671990877852936582e-05,-8.792401081694948910e-05,-8.907696795121517830e-05,-9.017280800479506053e-05,-9.120800634020608184e-05,-9.218140568934870941e-05,-9.309402083299423824e-05,-9.394887236723217891e-05,-9.475076581518245369e-05,-9.550607615531271806e-05,-9.622253434533940722e-05,-9.690900169763389882e-05,-9.757529477424089169e-05,-9.823198227398138025e-05,-9.889026998482198486e-05,-9.956184107661527347e-05,-1.002588105795595839e-04,-1.009936172371630060e-04,-1.017790454544952321e-04,-1.026281659594966003e-04,-1.035544142616865370e-04,-1.045715695920976078e-04,-1.056938734506657641e-04,-1.069360321179427259e-04,-1.083133568917754282e-04,-1.098417744776272742e-04,-1.115379711175207213e-04,-1.134193960152472260e-04,-1.155043930694295279e-04,-1.178121834064728462e-04,-1.203629692337913540e-04,-1.231778813388265483e-04,-1.262790390791020709e-04,-1.296894474714449866e-04,-1.334329963719195196e-04,-1.375342909965239166e-04,-1.420185738444467815e-04,-1.469114743235963539e-04,-1.522388410847025245e-04,-1.580264027300979626e-04,-1.642995072972003073e-04,-1.710826974698749861e-04,-1.783993678145593385e-04,-1.862712734119892626e-04,-1.947181321412413642e-04,-2.037571023874698074e-04,-2.134023736505608916e-04,-2.236646629390228965e-04,-2.345508479928677475e-04,-2.460635389077127041e-04,-2.582008104593787952e-04,-2.709559023926257624e-04,-2.843170988887571771e-04,-2.982675973390065552e-04,-3.127855648544704292e-04,-3.278441935249822676e-04,-3.434119396049336356e-04,-3.594527579078349213e-04,-3.759265043274797398e-04,-3.927893187606774092e-04,-4.099941512424947702e-04,-4.274912462276025471e-04,-4.452287405288132783e-04,-4.631531944906730263e-04,-4.812102073663162118e-04,-4.993449427606352735e-04,-5.175027126986367397e-04,-5.356294534119320546e-04,-5.536722403518859166e-04,-5.715796829743290119e-04,-5.893023463782745769e-04,-6.067930473936628899e-04,-6.240071718076477432e-04,-6.409028665206772035e-04,-6.574412525908644939e-04,-6.735865180930860089e-04,-6.893060355367418334e-04,-7.045703668270834235e-04,-7.193532988481629543e-04,-7.336317757513987703e-04,-7.473858690114744754e-04,-7.605986536504470534e-04,-7.732561294721527773e-04,-7.853470574131688788e-04,-7.968628475672667657e-04,-8.077973702440840531e-04,-8.181468243831657456e-04,-8.279095356132139824e-04,-8.370858161880947567e-04,-8.456777597889711872e-04,-8.536891015500446640e-04,-8.611250168475043142e-04,-8.679919876014028160e-04,-8.742976100899664017e-04,-8.800504717186910780e-04,-8.852599711638935555e-04,-8.899362083492884769e-04,-8.940898190818335383e-04,-8.977318801655123333e-04,-9.008737602182345606e-04,-9.035270417047710362e-04,-9.057033897925683384e-04,-9.074144935224210057e-04,-9.086719552072750408e-04,-9.094872537337586691e-04,-9.098716577995540067e-04,-9.098362150163963108e-04,-9.093916926890180776e-04,-9.085485963710481557e-04,-9.073171412767997617e-04,-9.057073025785920177e-04,-9.037288183227273073e-04,-9.013912706265582485e-04,-8.987041169413144404e-04,-8.956767965208216114e-04,-8.923187815906213427e-04,-8.886396980318509494e-04,-8.846493823033342195e-04,-8.803579996432917693e-04,-8.757760885219019248e-04,-8.709146606694361274e-04,-8.657852221921411972e-04,-8.603998439275521628e-04,-8.547711453666392368e-04,-8.489123258297796674e-04,-8.428371078230093450e-04,-8.365597303966365757e-04,-8.300948566371476895e-04,-8.234575367192763229e-04,-8.166630890625252827e-04,-8.097270442598188947e-04,-8.026650117683655113e-04,-7.954926169030688502e-04,-7.882253646934829147e-04,-7.808785808609039047e-04,-7.734672823970041231e-04,-7.660061308218147095e-04,-7.585093160914493319e-04,-7.509905273798937611e-04,-7.434628539035493958e-04,-7.359387756333344698e-04,-7.284300820382559258e-04,-7.209478828746655136e-04,-7.135025439190100655e-04,-7.061037164033891114e-04,-6.987602875557915542e-04,-6.914804263121457004e-04,-6.842715458069077760e-04,-6.771403625710509938e-04,-6.700928678839894546e-04,-6.631343976219821173e-04,-6.562696094591760664e-04,-6.495025607245720695e-04,-6.428366887058473795e-04,-6.362748942150404886e-04,-6.298195226090721154e-04,-6.234724511666236155e-04,-6.172350688367527535e-04,-6.111083659440304672e-04,-6.050929110629341872e-04,-5.991889419629607130e-04,-5.933963383593782170e-04,-5.877147133645684030e-04,-5.821433811720201894e-04,-5.766814485837558650e-04,-5.713277769398885644e-04,-5.660810735489803453e-04,-5.609398473716319458e-04,-5.559025003888165822e-04,-5.509672766972106882e-04,-5.461323540093758044e-04,-5.413957859236048038e-04,-5.367555938691139124e-04,-5.322097023695712085e-04,-5.277560318357771719e-04,-5.233924266637885207e-04,-5.191167493310866769e-04,-5.149268011622034963e-04,-5.108204182152373349e-04,-5.067953845083064766e-04,-5.028495301951739884e-04,-4.989806369823633365e-04,-4.951865390878155103e-04,-4.914650204917351108e-04,-4.878139191541155852e-04,-4.842310156365501120e-04,-4.807141410259810192e-04,-4.772610563476774293e-04,-4.738695646137323133e-04,-4.705373803322133531e-04,-4.672622460967709723e-04,-4.640417914167091289e-04,-4.608736543362779679e-04,-4.577553288292609776e-04,-4.546842921384038668e-04,-4.516578401562488815e-04,-4.486732215396538825e-04,-4.457274608043372706e-04,-4.428175006506917199e-04,-4.399400126257544384e-04,-4.370915489419437334e-04,-4.342683397078872781e-04,-4.314664536934422227e-04,-4.286815779724490187e-04,-4.259091821968894972e-04,-4.231442700944691151e-04,-4.203815337880026219e-04,-4.176150590167237238e-04,-4.148384497878962202e-04,-4.120444702689929914e-04,-4.092251304340953680e-04,-4.063712796801156445e-04,-4.034726976757116250e-04,-4.005177506448983184e-04,-3.974936543946587519e-04,-3.943864854999011745e-04,-3.911819592314442692e-04,-3.878663132197461495e-04,-3.844280322276921670e-04,-3.808602165685792142e-04,-3.771633249943421684e-04,-3.733492803176473827e-04,-3.694438568358137873e-04,-3.654917045498995562e-04,-3.615536867744310249e-04,-3.577107736916535657e-04,-3.540457261067762027e-04,-3.506453735970978800e-04,-3.475465530577272828e-04,-3.447487212699136680e-04,-3.420863623579473763e-04,-3.393050033160089577e-04,-3.357762943461106145e-04,-3.307986663612659029e-04,-3.229318184550062851e-04,-3.109505169720404760e-04,-2.921889204334696512e-04,-2.652826184223818656e-04,-2.263636625986802022e-04,-1.775983180541201259e-04,-1.235734848783097081e-04,-8.045210627674041391e-05
0.000000000000000000e+00,0.000000000000000000e+00,0.000000000000000000e+00,0.000000000000000000e+00,0.000000000000000000e+00,0.000000000000000000e+00,0.000000000000000000e+00,0.000000000000000000e+00,0.000000000000000000e+00,0.000000000000000000e+00,0.000000000000000000e+00,0.000000000000000000e+00,0.000000000000000000e+00,0.000000000000000000e+00,0.000000000000000000e+00,0.000000000000000000e+00,0.000000000000000000e+00,0.000000000000000000e+00,0.000000000000000000e+00,0.000000000000000000e+00,0.000000000000000000e+00,0.000000000000000000e+00,0.000000000000000000e+00,0.000000000000000000e+00,0.000000000000000000e+00,0.000000000000000000e+00,0.000000000000000000e+00,0.000000000000000000e+00,0.000000000000000000e+00,0.000000000000000000e+00,0.000000000000000000e+00,0.000000000000000000e+00,0.000000000000000000e+00,0.000000000000000000e+00,0.000000000000000000e+00,0.000000000000000000e+00,0.000000000000000000e+00,0.000000000000000000e+00,0.000000000000000000e+00,0.000000000000000000e+00,0.000000000000000000e+00,0.000000000000000000e+00,0.000000000000000000e+00,0.000000000000000000e+00,0.000000000000000000e+00,0.000000000000000000e+00,0.000000000000000000e+00,0.000000000000000000e+00,0.000000000000000000e+00,0.000000000000000000e+00,0.000000000000000000e+00,0.000000000000000000e+00,0.000000000000000000e+00,0.000000000000000000e+00,0.000000000000000000e+00,0.000000000000000000e+00,0.000000000000000000e+00,0.000000000000000000e+00,0.000000000000000000e+00,0.000000000000000000e+00,0.000000000000000000e+00,0.000000000000000000e+00,0.000000000000000000e+00,0.000000000000000000e+00,0.000000000000000000e+00,0.000000000000000000e+00,0.000000000000000000e+00,0.000000000000000000e+00,0.000000000000000000e+00,0.000000000000000000e+00,0.000000000000000000e+00,0.000000000000000000e+00,0.000000000000000000e+00,0.000000000000000000e+00,0.000000000000000000e+00,2.412750383088804241e-04,2.246454655188774487e-04,1.500078346655835451e-04,8.691178085194726523e-05,-5.004148677573145212e-07,-6.625347420136996120e-05,-1.219010969276717644e-04,-1.648485086984207261e-04,-1.972596533732435327e-04,-2.231807955815904492e-04,-2.415128193807392445e-04,-2.558163763379907914e-04,-2.658988926978505716e-04,-2.731199968847383848e-04,-2.780135914098894002e-04,-2.811057637254131786e-04,-2.828302050088554059e-04,-2.835037943900755295e-04,-2.833383673728545257e-04,-2.825513251176750497e-04,-2.812595863260150411e-04,-2.795921900278718042e-04,-2.776357730517190273e-04,-2.754674086095549343e-04,-2.731582736674667967e-04,-2.707632665848500974e-04,-2.683383269146149175e-04,-2.659280425327579340e-04,-2.635769882110150920e-04,-2.613240840121352549e-04,-2.592061876669966868e-04,-2.572569274064251247e-04,-2.555059237750290741e-04,-2.539799011225491268e-04,-2.527003402395470565e-04,-2.516854551391261761e-04,-2.509477818223758362e-04,-2.504961468169146456e-04,-2.503338479724260992e-04,-2.504603333063921272e-04,-2.508701057152204201e-04,-2.515541391485275231e-04,-2.524993700317214058e-04,-2.536899369950934157e-04,-2.551070667741976846e-04,-2.567301865817399028e-04,-2.585370349266298204e-04,-2.605046498286680873e-04,-2.626095745490061558e-04,-2.648287025630429456e-04,-2.671394881363204862e-04,-2.695206283750843689e-04,-2.719522254546392795e-04,-2.744162988827180370e-04,-2.768968772519978775e-04,-2.793803492063270748e-04,-2.818554833900222011e-04,-2.843136358448704760e-04,-2.867487055785439688e-04,-2.891572171721953845e-04,-2.915382200657520113e-04,-2.938932632847629555e-04,-2.962262473231399066e-04,-2.985433100746849675e-04,-3.008526462051653856e-04,-3.031643306545817582e-04,-3.054901290565966310e-04,-3.078432919469333983e-04,-3.102383844295486938e-04,-3.126910844256590417e-04,-3.152180564424040036e-04,-3.178367795020651068e-04,-3.205654797555140476e-04,-3.234230011414409287e-04,-3.264287986514072953e-04,-3.296028513828075357e-04,-3.329657062638831594e-04,-3.365384221550472431e-04,-3.403426452928649750e-04,-3.444005663197997804e-04,-3.487350048081940186e-04,-3.533693590616283279e-04,-3.583276776006234787e-04,-3.636345833576703785e-04,-3.693153134198987552e-04,-3.753956029169409751e-04,-3.819016785782877732e-04,-3.888600913246432556e-04,-3.962976528706023513e-04,-4.042412089627749343e-04,-4.127175112591318176e-04,-4.217529259134544795e-04,-4.313732364423195857e-04,-4.416032864518655305e-04,-4.524667147735500277e-04,-4.639855379957658131e-04,-4.761798278256615044e-04,-4.890672491158116770e-04,-5.026627008383415364e-04,-5.169778373260448248e-04,-5.320207064983931188e-04,-5.477952934808685229e-04,-5.643011997200577832e-04,-5.815332556380685110e-04,-5.994812886555267971e-04,-6.181298520225840271e-04,-6.374581260387101028e-04,-6.574398019688406248e-04,-6.780431482225349670e-04,-6.992310718008537020e-04,-7.209613616068551341e-04,-7.431869280886856111e-04,-7.658562130541837591e-04,-7.889135855364666711e-04,-8.122998862152106415e-04,-8.359529386958664205e-04,-8.598081811274010467e-04,-8.837992405313948229e-04,-9.078585969940333039e-04,-9.319181659689306603e-04,-9.559099420581629357e-04,-9.797665398037784697e-04,-1.003421772960084394e-03,-1.026811115697204074e-03,-1.049872186342762272e-03,-1.072545104920715180e-03,-1.094772864575465840e-03,-1.116501575304264292e-03,-1.137680719431266368e-03,-1.158263283421705463e-03,-1.178205904390097411e-03,-1.197468900928845125e-03,-1.216016325008856735e-03,-1.233815908493541332e-03,-1.250839038945207203e-03,-1.267060641215376777e-03,-1.282459097096346054e-03,-1.297016081699060071e-03,-1.310716446264449620e-03,-1.323548027653508085e-03,-1.335501511629403780e-03,-1.346570231321234145e-03,-1.356750025472977343e-03,-1.366039038702030178e-03,-1.374437586021449087e-03,-1.381947964461540702e-03,-1.388574331915604001e-03,-1.394322536484340382e-03,-1.399200014570328200e-03,-1.403215641313994505e-03,-1.406379650018498365e-03,-1.408703504384646978e-03,-1.410199838887583532e-03,-1.410882351287684076e-03,-1.410765761599878237e-03,-1.409865721650510779e-03,-1.408198788867703411e-03,-1.405782348565915883e-03,-1.402634598033700077e-03,-1.398774476834526923e-03,-1.394221656640159306e-03,-1.388996475166030418e-03,-1.383119927882187896e-03,-1.376613602201600057e-03,-1.369499668465254654e-03,-1.361800812468464501e-03,-1.353540224692882437e-03,-1.344741530822258536e-03,-1.335428779633174474e-03,-1.325626372328203963e-03,-1.315359050286282619e-03,-1.304651824318517079e-03,-1.293529963200309302e-03,-1.282018923096878019e-03,-1.270144336586186400e-03,-1.257931941172806684e-03,-1.245407565287724640e-03,-1.232597047961371843e-03,-1.219526217027843687e-03,-1.206220803895400370e-03,-1.192706415196315888e-03,-1.179008435855861004e-03,-1.165151989982940364e-03,-1.151161833815432436e-03,-1.137062309824578418e-03,-1.122877234199870641e-03,-1.108629849762732267e-03,-1.094342714124404460e-03,-1.080037658036646711e-03,-1.065735680682422699e-03,-1.051456919685563908e-03,-1.037220558929865220e-03,-1.023044814884914834e-03,-1.008946860433221782e-03,-9.949428300777482526e-04,-9.810477611179207243e-04,-9.672756182486486444e-04,-9.536392515247621134e-04,-9.401504392049112122e-04,-9.268198605361208271e-04,-9.136571545724263754e-04,-9.006709049544438543e-04,-8.878687118399734585e-04,-8.752571854833298120e-04,-8.628420282584660459e-04,-8.506280338382801341e-04,-8.386191764422131368e-04,-8.268186126610859235e-04,-8.152287753963239529e-04,-8.038513757596579389e-04,-7.926874996071135281e-04,-7.817376073790675188e-04,-7.710016315969027076e-04,-7.604789729477059957e-04,-7.501685975572728194e-04,-7.400690280291103828e-04,-7.301784397102293288e-04,-7.204946457476031933e-04,-7.110151919106355578e-04,-7.017373350211344443e-04,-6.926581361856653596e-04,-6.837744321868495165e-04,-6.750829272118758807e-04,-6.665801569662759734e-04,-6.582625791683700085e-04,-6.501265302654464636e-04,-6.421683150994687969e-04,-6.343841561808948124e-04,-6.267702830283989127e-04,-6.193228739860120926e-04,-6.120381458039488541e-04,-6.049122879809119965e-04,-5.979415531913615878e-04,-5.911221840974516077e-04,-5.844505052453029823e-04,-5.779228422289927388e-04,-5.715356156728609686e-04,-5.652852525420322145e-04,-5.591682828174399014e-04,-5.531812426296723499e-04,-5.473207742069846659e-04,-5.415835203730688489e-04,-5.359662283131490105e-04,-5.304656348122106487e-04,-5.250785743433158568e-04,-5.198018542424552753e-04,-5.146323675889708741e-04,-5.095669573283391398e-04,-5.046025344217072370e-04,-4.997359297835569621e-04,-4.949640182844019598e-04,-4.902835573333520986e-04,-4.856913176028206255e-04,-4.811839072160965076e-04,-4.767579105496064880e-04,-4.724096972101563853e-04,-4.681355707598779483e-04,-4.639315615778214635e-04,-4.597935871678967765e-04,-4.557172265861816896e-04,-4.516978918564849128e-04,-4.477305774027498780e-04,-4.438100366158982419e-04,-4.399304917686168198e-04,-4.360858014550063745e-04,-4.322691074660027759e-04,-4.284729741620197686e-04,-4.246889497937844172e-04,-4.209076755555148357e-04,-4.171183729627295613e-04,-4.133089884962730973e-04,-4.094657155683710742e-04,-4.055733900598053115e-04,-4.016153232111990931e-04,-3.975743847780264292e-04,-3.934335859517884451e-04,-3.891784694341657541e-04,-3.847987902709394518e-04,-3.802927215019580157e-04,-3.756691480427916461e-04,-3.709534998862492943e-04,-3.661879220621978306e-04,-3.614374136260045840e-04,-3.567807825486274159e-04,-3.523159419128619606e-04,-3.481273338015061802e-04,-3.442962065557147100e-04,-3.408172436155776212e-04,-3.376465550451807551e-04,-3.345081877226463636e-04,-3.310891316105029464e-04,-3.265748533730508207e-04,-3.202992274476236870e-04,-3.105138239942589469e-04,-2.963168618966479924e-04,-2.741208876204463121e-04,-2.431586286481648475e-04,-1.959316222698735059e-04,-1.388310512016536612e-04,-8.576058512008980959e-05
0.000000000000000000e+00,0.000000000000000000e+00,0.000000000000000000e+00,0.000000000000000000e+00,0.000000000000000000e+00,0.000000000000000000e+00,0.000000000000000000e+00,0.000000000000000000e+00,0.000000000000000000e+00,0.000000000000000000e+00,0.000000000000000000e+00,0.000000000000000000e+00,0.000000000000000000e+00,0.000000000000000000e+00,0.000000000000000000e+00,0.000000000000000000e+00,0.000000000000000000e+00,0.000000000000000000e+00,0.000000000000000000e+00,0.000000000000000000e+00,0.000000000000000000e+00,0.000000000000000000e+00,0.000000000000000000e+00,0.000000000000000000e+00,0.000000000000000000e+00,0.000000000000000000e+00,0.000000000000000000e+00,0.000000000000000000e+00,0.000000000000000000e+00,0.000000000000000000e+00,0.000000000000000000e+00,0.000000000000000000e+00,0.000000000000000000e+00,0.000000000000000000e+00,0.000000000000000000e+00,0.000000000000000000e+00,0.000000000000000000e+00,0.000000000000000000e+00,0.000000000000000000e+00,0.000000000000000000e+00,0.000000000000000000e+00,0.000000000000000000e+00,0.000000000000000000e+00,0.000000000000000000e+00,0.000000000000000000e+00,0.000000000000000000e+00,0.000000000000000000e+00,0.000000000000000000e+00,0.000000000000000000e+00,0.000000000000000000e+00,0.000000000000000000e+00,0.000000000000000000e+00,0.000000000000000000e+00,0.000000000000000000e+00,0.000000000000000000e+00,0.000000000000000000e+00,0.000000000000000000e+00,0.000000000000000000e+00,0.000000000000000000e+00,0.000000000000000000e+00,0.000000000000000000e+00,0.000000000000000000e+00,0.000000000000000000e+00,0.000000000000000000e+00,0.000000000000000000e+00,0.000000000000000000e+00,0.000000000000000000e+00,0.000000000000000000e+00,0.000000000000000000e+00,0.000000000000000000e+00,0.000000000000000000e+00,0.000000000000000000e+00,0.000000000000000000e+00,0.000000000000000000e+00,0.000000000000000000e+00,1.503181563468916674e-05,-7.384558113392484472e-05,-1.761632467481357995e-04,-2.595434792026863669e-04,-3.170395941813291640e-04,-3.658215241459986914e-04,-3.975607464226329395e-04,-4.213499118965095369e-04,-4.383815427978466576e-04,-4.502863085450363543e-04,-4.592693941598810546e-04,-4.652602785445204034e-04,-4.697647913222513885e-04,-4.727914051595304037e-04,-4.749401239404501098e-04,-4.763791490729510055e-04,-4.773316449378313311e-04,-4.779198670864205026e-04,-4.782566241455244718e-04,-4.783970781791681975e-04,-4.784115205631291534e-04,-4.783346104625512416e-04,-4.782108727187866864e-04,-4.780742791696644266e-04,-4.779569030126170769e-04,-4.778917774940598384e-04,-4.779060042174428026e-04,-4.780291751690318269e-04,-4.782862965146318797e-04,-4.787031904593029249e-04,-4.793023936044968412e-04,-4.801049980958082826e-04,-4.811289268915018569e-04,-4.823889580805172553e-04,-4.838964046431440142e-04,-4.856586177241575559e-04,-4.876792630728364955e-04,-4.899579571784598228e-04,-4.924906954279997416e-04,-4.952698735534604747e-04,-4.982847120810878763e-04,-5.015216465857388331e-04,-5.049647174401129595e-04,-5.085961964871239284e-04,-5.123969393018350206e-04,-5.163471051730805393e-04,-5.204264607433605047e-04,-5.246150797381414141e-04,-5.288935801186654597e-04,-5.332437295498569175e-04,-5.376486027806985646e-04,-5.420930563031362004e-04,-5.465638048319267084e-04,-5.510497588131950744e-04,-5.555420310502300020e-04,-5.600341495031650003e-04,-5.645220106294357269e-04,-5.690039860354443755e-04,-5.734808365652768140e-04,-5.779557287118133359e-04,-5.824341176423187931e-04,-5.869236856396029727e-04,-5.914342000776623941e-04,-5.959773877315096896e-04,-6.005667780332847941e-04,-6.052175335680845883e-04,-6.099462960653595023e-04,-6.147709992423127517e-04,-6.197107386798502392e-04,-6.247855931334024083e-04,-6.300165362107397167e-04,-6.354252851011220815e-04,-6.410342625257990212e-04,-6.468664798553239430e-04,-6.529455453719594429e-04,-6.592955756614726553e-04,-6.659412345917927953e-04,-6.729076563454841880e-04,-6.802204919041282593e-04,-6.879058217410539402e-04,-6.959901847691080633e-04,-7.045004592693948067e-04,-7.134638528307652187e-04,-7.229077351702204455e-04,-7.328595743980779141e-04,-7.433467124060163210e-04,-7.543962402309824103e-04,-7.660347133964550467e-04,-7.782879656206846599e-04,-7.911807670856067830e-04,-8.047365812182162570e-04,-8.189771739606575406e-04,-8.339223239004428870e-04,-8.495893964248879115e-04,-8.659930241355926275e-04,-8.831446669154182760e-04,-9.010522874010336953e-04,-9.197199258600652046e-04,-9.391474032048802763e-04,-9.593299462911550031e-04,-9.802579562473495364e-04,-1.001916722853141107e-03,-1.024286296383043011e-03,-1.047341326941986532e-03,-1.071051071935259780e-03,-1.095379386719767378e-03,-1.120284887169063727e-03,-1.145721102604044771e-03,-1.171636795474360416e-03,-1.197976268803948837e-03,-1.224679825965875341e-03,-1.251684206466586969e-03,-1.278923151978104749e-03,-1.306327929894764194e-03,-1.333827960461579296e-03,-1.361351379663271752e-03,-1.388825678017819405e-03,-1.416178253690282031e-03,-1.443337016283537068e-03,-1.470230887013621295e-03,-1.496790329510408555e-03,-1.522947764731625870e-03,-1.548638003046884761e-03,-1.573798554542797049e-03,-1.598369949689250075e-03,-1.622295938279503082e-03,-1.645523697743682574e-03,-1.668003924680405313e-03,-1.689690939335154350e-03,-1.710542681771986965e-03,-1.730520727682654299e-03,-1.749590206456634644e-03,-1.767719747293042829e-03,-1.784881338951632918e-03,-1.801050226488716023e-03,-1.816204732819489635e-03,-1.830326125882701790e-03,-1.843398420928970280e-03,-1.855408236131227649e-03,-1.866344592292654841e-03,-1.876198772364660438e-03,-1.884964132484526645e-03,-1.892635977914011855e-03,-1.899211396286055011e-03,-1.904689159399608955e-03,-1.909069586477963850e-03,-1.912354478195542199e-03,-1.914547014729108725e-03,-1.915651725412790152e-03,-1.915674423428037664e-03,-1.914622211580848700e-03,-1.912503452608028173e-03,-1.909327808720735070e-03,-1.905106243678529121e-03,-1.899851090927469907e-03,-1.893576080797930959e-03,-1.886296429308156062e-03,-1.878028881141994774e-03,-1.868791808579562319e-03,-1.858605258454893274e-03,-1.847491048437694978e-03,-1.835472804236164528e-03,-1.822576038942168731e-03,-1.808828165771469206e-03,-1.794258545886890776e-03,-1.778898462492111776e-03,-1.762781124028073776e-03,-1.745941587982275701e-03,-1.728416710041304812e-03,-1.710245010828600814e-03,-1.691466567542380907e-03,-1.672122823723618890e-03,-1.652256427471646355e-03,-1.631910992245967770e-03,-1.611130893556874224e-03,-1.589960996689191103e-03,-1.568446431783988805e-03,-1.546632302638934787e-03,-1.524563452953698033e-03,-1.502284184617944411e-03,-1.479838042115667754e-03,-1.457267552362058374e-03,-1.434614040696651632e-03,-1.411917408192487787e-03,-1.389215991285635025e-03,-1.366546384911855594e-03,-1.343943351348453590e-03,-1.321439691981829249e-03,-1.299066205872303776e-03,-1.276851608349351651e-03,-1.254822535762549832e-03,-1.233003505682378443e-03,-1.211416961566323842e-03,-1.190083267282057797e-03,-1.169020784008343921e-03,-1.148245890969098407e-03,-1.127773086584323795e-03,-1.107615027425925408e-03,-1.087782646125932950e-03,-1.068285201322542819e-03,-1.049130405804546548e-03,-1.030324481318029700e-03,-1.011872291618069134e-03,-9.937773972242104972e-04,-9.760421892726727205e-04,-9.586679404792644143e-04,-9.416549368185730138e-04,-9.250025219963076877e-04,-9.087092249538316615e-04,-8.927727960264296783e-04,-8.771903290739032407e-04,-8.619582881964218219e-04,-8.470726239261583889e-04,-8.325287899077849288e-04,-8.183218530665904581e-04,-8.044465000552205409e-04,-7.908971416692809481e-04,-7.776679091352971078e-04,-7.647527532991659372e-04,-7.521454310105853656e-04,-7.398395997793114510e-04,-7.278287946198673270e-04,-7.161065189776080579e-04,-7.046662124448615670e-04,-6.935013388229475766e-04,-6.826053451189671240e-04,-6.719717476393002355e-04,-6.615940826427581375e-04,-6.514659913579670149e-04,-6.415811626106342766e-04,-6.319334176396278462e-04,-6.225166449253822371e-04,-6.133248856531515634e-04,-6.043522608670017773e-04,-5.955930583867501344e-04,-5.870416522887367565e-04,-5.786925920400991371e-04,-5.705405141682242959e-04,-5.625802343282598371e-04,-5.548066508635202251e-04,-5.472148404701841946e-04,-5.397999531723723975e-04,-5.325573121921849899e-04,-5.254822996584393056e-04,-5.185704612332143722e-04,-5.118173816458539398e-04,-5.052187945813694375e-04,-4.987704468991406830e-04,-4.924682142846115683e-04,-4.863079528166534891e-04,-4.802856209924270228e-04,-4.743971172213240018e-04,-4.686384091354959982e-04,-4.630053556712818716e-04,-4.574938451024282557e-04,-4.520996005585117979e-04,-4.468183287473967403e-04,-4.416455076093547816e-04,-4.365765475242035904e-04,-4.316065582583826239e-04,-4.267305222190681210e-04,-4.219430333712169585e-04,-4.172384763166269881e-04,-4.126107215689323667e-04,-4.080532953068107612e-04,-4.035590061687904166e-04,-3.991200847477975253e-04,-3.947277184578102164e-04,-3.903721541386734458e-04,-3.860421537003199018e-04,-3.817251153455085031e-04,-3.774065658748291976e-04,-3.730704896017041539e-04,-3.686991597400564704e-04,-3.642740455075473179e-04,-3.597765057562074954e-04,-3.551897294781945422e-04,-3.505009007183983671e-04,-3.457042727859409260e-04,-3.408050972031076106e-04,-3.358225849366265310e-04,-3.307950767323271910e-04,-3.257786612891327570e-04,-3.208525962728498316e-04,-3.161040793707071582e-04,-3.116361973404491127e-04,-3.075202131697617192e-04,-3.038243029331215775e-04,-3.004944283396930875e-04,-2.974722924958488448e-04,-2.944044955694820527e-04,-2.910563513244603410e-04,-2.865392259004476421e-04,-2.806014032840492274e-04,-2.713318867562849188e-04,-2.589558374528833020e-04,-2.383640827556277866e-04,-2.101072633128841507e-04,-1.556962022492922189e-04,-9.261715489803708939e-05
0.000000000000000000e+00,0.000000000000000000e+00,0.000000000000000000e+00,0.000000000000000000e+00,0.000000000000000000e+00,0.000000000000000000e+00,0.000000000000000000e+00,0.000000000000000000e+00,0.000000000000000000e+00,0.000000000000000000e+00,0.000000000000000000e+00,0.000000000000000000e+00,0.000000000000000000e+00,0.000000000000000000e+00,0.000000000000000000e+00,0.000000000000000000e+00,0.000000000000000000e+00,0.000000000000000000e+00,0.000000000000000000e+00,0.000000000000000000e+00,0.000000000000000000e+00,0.000000000000000000e+00,0.000000000000000000e+00,0.000000000000000000e+00,0.000000000000000000e+00,0.000000000000000000e+00,0.000000000000000000e+00,0.000000000000000000e+00,0.000000000000000000e+00,0.000000000000000000e+00,0.000000000000000000e+00,0.000000000000000000e+00,0.000000000000000000e+00,0.000000000000000000e+00,0.000000000000000000e+00,0.000000000000000000e+00,0.000000000000000000e+00,0.000000000000000000e+00,0.000000000000000000e+00,0.000000000000000000e+00,0.000000000000000000e+00,0.000000000000000000e+00,0.000000000000000000e+00,0.000000000000000000e+00,0.000000000000000000e+00,0.000000000000000000e+00,0.000000000000000000e+00,0.000000000000000000e+00,0.000000000000000000e+00,0.000000000000000000e+00,0.000000000000000000e+00,0.000000000000000000e+00,0.000000000000000000e+00,0.000000000000000000e+00,0.000000000000000000e+00,0.000000000000000000e+00,0.000000000000000000e+00,0.000000000000000000e+00,0.000000000000000000e+00,0.000000000000000000e+00,0.000000000000000000e+00,0.000000000000000000e+00,0.000000000000000000e+00,0.000000000000000000e+00,0.000000000000000000e+00,0.000000000000000000e+00,0.000000000000000000e+00,0.000000000000000000e+00,0.000000000000000000e+00,0.000000000000000000e+00,0.000000000000000000e+00,0.000000000000000000e+00,0.000000000000000000e+00,0.000000000000000000e+00,-1.377537887721127098e-04,-2.814462510724751766e-04,-4.087107297326959365e-04,-4.900905204104744712e-04,-5.381542154354731697e-04,-5.683683974115202268e-04,-5.833315558319669084e-04,-5.940904289097346863e-04,-5.990857885828594544e-04,-6.025030341696462803e-04,-6.045112779021767071e-04,-6.055814326361685365e-04,-6.064817921987205457e-04,-6.069721759813271689e-04,-6.075667145173171968e-04,-6.081227745123431519e-04,-6.088149198228632241e-04,-6.096094017499994761e-04,-6.105468192930309929e-04,-6.116162997883458881e-04,-6.128309054582097926e-04,-6.141826849277503761e-04,-6.156824530709108581e-04,-6.173312516184438969e-04,-6.191394705135508597e-04,-6.211157804496658229e-04,-6.232698740318495800e-04,-6.256128405335521564e-04,-6.281540570576119075e-04,-6.309039330733958242e-04,-6.338709845523499403e-04,-6.370629891305711577e-04,-6.404857618969505770e-04,-6.441427743174511951e-04,-6.480353674248933923e-04,-6.521617321518658871e-04,-6.565179007374075289e-04,-6.610966858736740592e-04,-6.658889400098756076e-04,-6.708827493109470897e-04,-6.760646964504658579e-04,-6.814193794322868621e-04,-6.869305603303896019e-04,-6.925809412579110634e-04,-6.983531532966971407e-04,-7.042296817824848613e-04,-7.101936789258576129e-04,-7.162289444433296006e-04,-7.223205579728623951e-04,-7.284548538279415246e-04,-7.346198805186837308e-04,-7.408053415157548911e-04,-7.470029010435707845e-04,-7.532060884152827701e-04,-7.594104783836703185e-04,-7.656135713268683593e-04,-7.718148787511769750e-04,-7.780157946066692653e-04,-7.842196111447388273e-04,-7.904313911190221200e-04,-7.966579298139956408e-04,-8.029076304090116160e-04,-8.091904208665926575e-04,-8.155176316488554856e-04,-8.219018753481742521e-04,-8.283569290234903343e-04,-8.348975887201243260e-04,-8.415395645093277184e-04,-8.482993265220648699e-04,-8.551940243489710661e-04,-8.622413416724452467e-04,-8.694594501423949821e-04,-8.768668848114949226e-04,-8.844825360558206291e-04,-8.923255490323906422e-04,-9.004153477613323223e-04,-9.087715514829753380e-04,-9.174140158517338477e-04,-9.263627507745147331e-04,-9.356379580754437550e-04,-9.452599319705712972e-04,-9.552490725281687209e-04,-9.656257522026284301e-04,-9.764102895105235573e-04,-9.876227714538349071e-04,-9.992829796221550879e-04,-1.011410165996855497e-03,-1.024022931337615835e-03,-1.037138958377810220e-03,-1.050774848175021082e-03,-1.064945819261362610e-03,-1.079665511644848285e-03,-1.094945663728186507e-03,-1.110795896918085517e-03,-1.127223385266761316e-03,-1.144232637218867534e-03,-1.161825176640166263e-03,-1.179999342276512406e-03,-1.198750002712791092e-03,-1.218068397720259606e-03,-1.237941912382633852e-03,-1.258353986033553451e-03,-1.279283970566136991e-03,-1.300707130488859423e-03,-1.322594605962695239e-03,-1.344913520753228398e-03,-1.367627061528106560e-03,-1.390694699548397986e-03,-1.414072385303492612e-03,-1.437712876420640332e-03,-1.461566033078674645e-03,-1.485579231434377848e-03,-1.509697733238332196e-03,-1.533865153898283148e-03,-1.558023871931433265e-03,-1.582115515679743522e-03,-1.606081375877406762e-03,-1.629862875274431860e-03,-1.653401950242820500e-03,-1.676641472373382362e-03,-1.699525571785323640e-03,-1.721999988042866806e-03,-1.744012317186798607e-03,-1.765512279149848750e-03,-1.786451880317435148e-03,-1.806785593918523941e-03,-1.826470438502564731e-03,-1.845466075473347440e-03,-1.863734810621835419e-03,-1.881241618732938008e-03,-1.897954080091174235e-03,-1.913842345857929986e-03,-1.928879024276565881e-03,-1.943039102423001208e-03,-1.956299797943279479e-03,-1.968640453175731549e-03,-1.980042368075831533e-03,-1.990488682040331223e-03,-1.999964202631991390e-03,-2.008455289094305922e-03,-2.015949689927707365e-03,-2.022436440356106466e-03,-2.027905719974563894e-03,-2.032348774518346821e-03,-2.035757802863964131e-03,-2.038125911484158989e-03,-2.039447038111554499e-03,-2.039715945283484839e-03,-2.038928185972550041e-03,-2.037080140570616919e-03,-2.034169027664741326e-03,-2.030192986558309546e-03,-2.025151133958420519e-03,-2.019043691502222550e-03,-2.011872086226568906e-03,-2.003639119357475060e-03,-1.994349104865492453e-03,-1.984008071816554652e-03,-1.972623930952178799e-03,-1.960206698141483354e-03,-1.946768673819464397e-03,-1.932324669712720631e-03,-1.916892180487559478e-03,-1.900491590538398376e-03,-1.883146312179960090e-03,-1.864882944987773577e-03,-1.845731351691516815e-03,-1.825724740960389106e-03,-1.804899652618608460e-03,-1.783295937756296506e-03,-1.760956630781825797e-03,-1.737927809806110195e-03,-1.714258345318749694e-03,-1.689999639086058134e-03,-1.665205256943136803e-03,-1.639930563735427426e-03,-1.614232267175552031e-03,-1.588167987290000759e-03,-1.561795756658234269e-03,-1.535173566488783102e-03,-1.508358866247636997e-03,-1.481408135223582796e-03,-1.454376430945160262e-03,-1.427317030690730118e-03,-1.400281063371571410e-03,-1.373317246193209683e-03,-1.346471617069778430e-03,-1.319787375870536952e-03,-1.293304719414637783e-03,-1.267060783020972038e-03,-1.241089568280748538e-03,-1.215421971043743410e-03,-1.190085784969376840e-03,-1.165105797211238910e-03,-1.140503847976798114e-03,-1.116298974227455162e-03,-1.092507506019553022e-03,-1.069143240236627946e-03,-1.046217557008798571e-03,-1.023739608593928797e-03,-1.001716442575800812e-03,-9.801531945429113948e-04,-9.590532082632016817e-04,-9.384182241682677153e-04,-9.182484898285656017e-04,-8.985429391198714987e-04,-8.792992888743549366e-04,-8.605142058654033322e-04,-8.421833874554255283e-04,-8.243017152049993308e-04,-8.068633187292385345e-04,-7.898617159027641454e-04,-7.732898600717930029e-04,-7.571402675941718693e-04,-7.414050491355478377e-04,-7.260760257481618275e-04,-7.111447453038665083e-04,-6.966025885651762469e-04,-6.824407719513004948e-04,-6.686504451551887693e-04,-6.552226814591647144e-04,-6.421485684589040184e-04,-6.294191870884644976e-04,-6.170256969577401053e-04,-6.049593051378676298e-04,-5.932113475384570610e-04,-5.817732483648955458e-04,-5.706365988604134238e-04,-5.597931081984090524e-04,-5.492346808069105283e-04,-5.389533592985950011e-04,-5.289414014944172513e-04,-5.191912158284192743e-04,-5.096954390918024191e-04,-5.004468645851824042e-04,-4.914385215150834712e-04,-4.826635959985588653e-04,-4.741155129646010226e-04,-4.657878499445263854e-04,-4.576744222599450369e-04,-4.497691893509085247e-04,-4.420663439712563909e-04,-4.345602106081416171e-04,-4.272453393503078704e-04,-4.201163957384779039e-04,-4.131682599154458272e-04,-4.063959070139061894e-04,-3.997945121608381279e-04,-3.933593202540087226e-04,-3.870857573997949115e-04,-3.809692887030060996e-04,-3.750055368174439905e-04,-3.691901262308739328e-04,-3.635188098853651636e-04,-3.579872984328685186e-04,-3.525913963858444758e-04,-3.473268148955885228e-04,-3.421893194639295528e-04,-3.371745246081908533e-04,-3.322780552175664463e-04,-3.274953201087816256e-04,-3.228216875176324429e-04,-3.182522306104565543e-04,-3.137819130345023428e-04,-3.094052919329296088e-04,-3.051167021018057549e-04,-3.009098928052526085e-04,-2.967781939513059537e-04,-2.927140606984980024e-04,-2.887092164917772538e-04,-2.847541027359313257e-04,-2.808380464474236494e-04,-2.769486856395264964e-04,-2.730723298003991930e-04,-2.691935636302501475e-04,-2.652961550261962961e-04,-2.613631747945886047e-04,-2.573789852277751241e-04,-2.533301629271984411e-04,-2.492091018952734879e-04,-2.450154163817053849e-04,-2.407613546459617753e-04,-2.364716486846883822e-04,-2.321905301014969166e-04,-2.279745432660485848e-04,-2.239022195734261715e-04,-2.200481102817177361e-04,-2.165044574102573615e-04,-2.133118094794680931e-04,-2.105311796598033586e-04,-2.080716040230023447e-04,-2.059375853239606906e-04,-2.037798628437563118e-04,-2.016895887978977127e-04,-1.989011477158694014e-04,-1.962269414058880870e-04,-1.918812162168907472e-04,-1.888465878036603744e-04,-1.797310733945732737e-04,-1.682386432101944411e-04,-1.043036391255834920e-04
0.000000000000000000e+00,0.000000000000000000e+00,0.000000000000000000e+00,0.000000000000000000e+00,0.000000000000000000e+00,0.000000000000000000e+00,0.000000000000000000e+00,0.000000000000000000e+00,0.000000000000000000e+00,0.000000000000000000e+00,0.000000000000000000e+00,0.000000000000000000e+00,0.000000000000000000e+00,0.000000000000000000e+00,0.000000000000000000e+00,0.000000000000000000e+00,0.000000000000000000e+00,0.000000000000000000e+00,0.000000000000000000e+00,0.000000000000000000e+00,0.000000000000000000e+00,0.000000000000000000e+00,0.000000000000000000e+00,0.000000000000000000e+00,0.000000000000000000e+00,0.000000000000000000e+00,0.000000000000000000e+00,0.000000000000000000e+00,0.000000000000000000e+00,0.000000000000000000e+00,0.000000000000000000e+00,0.000000000000000000e+00,0.000000000000000000e+00,0.000000000000000000e+00,0.000000000000000000e+00,0.000000000000000000e+00,0.000000000000000000e+00,0.000000000000000000e+00,0.000000000000000000e+00,0.000000000000000000e+00,0.000000000000000000e+00,0.000000000000000000e+00,0.000000000000000000e+00,0.000000000000000000e+00,0.000000000000000000e+00,0.000000000000000000e+00,0.000000000000000000e+00,0.000000000000000000e+00,0.000000000000000000e+00,0.000000000000000000e+00,0.000000000000000000e+00,0.000000000000000000e+00,0.000000000000000000e+00,0.000000000000000000e+00,0.000000000000000000e+00,0.000000000000000000e+00,0.000000000000000000e+00,0.000000000000000000e+00,0.000000000000000000e+00,0.000000000000000000e+00,0.000000000000000000e+00,0.000000000000000000e+00,0.000000000000000000e+00,0.000000000000000000e+00,0.000000000000000000e+00,0.000000000000000000e+00,0.000000000000000000e+00,0.000000000000000000e+00,0.000000000000000000e+00,0.000000000000000000e+00,0.000000000000000000e+00,0.000000000000000000e+00,0.000000000000000000e+00,0.000000000000000000e+00,-1.944670591123683545e-04,-2.930999729088541272e-04,-3.680655092797069415e-04,-3.987552285805596314e-04,-4.083185104629287248e-04,-4.092474563891314635e-04,-4.076186924744303356e-04,-4.036433446095304980e-04,-4.004058475763392993e-04,-3.971378487152687348e-04,-3.944693811503398534e-04,-3.923241744663375830e-04,-3.905594358152131404e-04,-3.893083095422685469e-04,-3.883827557983283779e-04,-3.878549266833498238e-04,-3.876240262998982273e-04,-3.876894168916427698e-04,-3.880062268677138358e-04,-3.885582436378277969e-04,-3.893213479730635394e-04,-3.902843454957174497e-04,-3.914336462632889277e-04,-3.927634961709725470e-04,-3.942677106852811439e-04,-3.959426958524983825e-04,-3.977857562836317491e-04,-3.997937860008174502e-04,-4.019648770340063888e-04,-4.042958991833271254e-04,-4.067842945958379452e-04,-4.094261407569189308e-04,-4.122172713501960975e-04,-4.151521523908607392e-04,-4.182245338167472882e-04,-4.214269236128107715e-04,-4.247510480956193514e-04,-4.281876379754461924e-04,-4.317268586690607745e-04,-4.353582269174308106e-04,-4.390710742922935336e-04,-4.428544988134227082e-04,-4.466978486316375871e-04,-4.505906610638937913e-04,-4.545231225687245097e-04,-4.584859759647106985e-04,-4.624709160388475681e-04,-4.664704608951593563e-04,-4.704782599164744963e-04,-4.744889346243607751e-04,-4.784982945888967862e-04,-4.825031598032147808e-04,-4.865014944369787961e-04,-4.904922264589730262e-04,-4.944753169026149062e-04,-4.984515923088142075e-04,-5.024227682017648770e-04,-5.063913056420459849e-04,-5.103604034469084354e-04,-5.143338834048594198e-04,-5.183161596064970750e-04,-5.223121507725050862e-04,-5.263272304749575230e-04,-5.303671622308492100e-04,-5.344380333174020411e-04,-5.385462091936469870e-04,-5.426982552978611802e-04,-5.469009100982519809e-04,-5.511610013970127042e-04,-5.554854394701503597e-04,-5.598811350477183712e-04,-5.643550141891393382e-04,-5.689139435264261441e-04,-5.735647665349652077e-04,-5.783142381150012607e-04,-5.831690784100946332e-04,-5.881359143992346541e-04,-5.932213437410034391e-04,-5.984318773522424688e-04,-6.037740035606715700e-04,-6.092541241562894616e-04,-6.148786095051683590e-04,-6.206537217507459561e-04,-6.265856542631290582e-04,-6.326804386834884546e-04,-6.389439658024858356e-04,-6.453818764027746723e-04,-6.519995638354737560e-04,-6.588020508425809036e-04,-6.657939759135883583e-04,-6.729794591596474597e-04,-6.803620751789250451e-04,-6.879447112156729556e-04,-6.957295296102349730e-04,-7.037178218622541130e-04,-7.119099646720000946e-04,-7.203052747948647831e-04,-7.289019645644335401e-04,-7.376970045818711727e-04,-7.466860870808433902e-04,-7.558635058561997662e-04,-7.652221379467812491e-04,-7.747533516639622600e-04,-7.844470176939259340e-04,-7.942914555665137955e-04,-8.042734835546903101e-04,-8.143784108828746411e-04,-8.245901315655366137e-04,-8.348911643946779239e-04,-8.452627898759330514e-04,-8.556851336710613251e-04,-8.661373394192547516e-04,-8.765976853468551233e-04,-8.870437806220615772e-04,-8.974527008758908251e-04,-9.078011931131155232e-04,-9.180658146150446090e-04,-9.282231313401077821e-04,-9.382498456612987404e-04,-9.481229751338834987e-04,-9.578199573929699687e-04,-9.673187997971580783e-04,-9.765981539805144995e-04,-9.856374312370043671e-04,-9.944168434783658486e-04,-1.002917483137215435e-03,-1.011121330789153689e-03,-1.019011301412920669e-03,-1.026571221591719577e-03,-1.033785846226439572e-03,-1.040640810115362391e-03,-1.047122620707312528e-03,-1.053218589997012046e-03,-1.058916809693686255e-03,-1.064206069863899654e-03,-1.069075823128810832e-03,-1.073516096531908172e-03,-1.077517451256968482e-03,-1.081070893968936802e-03,-1.084167838221079382e-03,-1.086800021140677495e-03,-1.088959472271037836e-03,-1.090638441032623510e-03,-1.091829378292100876e-03,-1.092524879576100855e-03,-1.092717684204413172e-03,-1.092400638792348109e-03,-1.091566718330388638e-03,-1.090209014039699928e-03,-1.088320780267488684e-03,-1.085895450174423045e-03,-1.082926711613086497e-03,-1.079408553269070115e-03,-1.075335371618611714e-03,-1.070702048805367715e-03,-1.065504091098209158e-03,-1.059737737718684583e-03,-1.053400128697817503e-03,-1.046489440831496146e-03,-1.039005079252646943e-03,-1.030947832553110377e-03,-1.022320077704553902e-03,-1.013125941231708812e-03,-1.003371501621841584e-03,-9.930649377947570969e-04,-9.822167076321648357e-04,-9.708396599713078889e-04,-9.589491637983078810e-04,-9.465631573307635264e-04,-9.337022017297300471e-04,-9.203894426447474346e-04,-9.066505670610999551e-04,-8.925136607098703304e-04,-8.780090580463540892e-04,-8.631690934425675964e-04,-8.480278512399378084e-04,-8.326208268433176168e-04,-8.169846003783018526e-04,-8.011564489400246122e-04,-7.851739940090025080e-04,-7.690747904211948753e-04,-7.528959767402055962e-04,-7.366738979825240320e-04,-7.204438083000474190e-04,-7.042395591524645143e-04,-6.880933793000518434e-04,-6.720356464323631223e-04,-6.560947553018124916e-04,-6.402969763942673552e-04,-6.246664095002829251e-04,-6.092249212416452585e-04,-5.939921718491265098e-04,-5.789856162309843859e-04,-5.642205869577128366e-04,-5.497103409245584615e-04,-5.354661807464688571e-04,-5.214975297513224509e-04,-5.078120758105008443e-04,-4.944158600085858321e-04,-4.813134300644908870e-04,-4.685079314084534619e-04,-4.560012608002634790e-04,-4.437941518997566754e-04,-4.318863228664916037e-04,-4.202765514112682889e-04,-4.089628127661229778e-04,-3.979423414759134425e-04,-3.872117580931009250e-04,-3.767671166125426672e-04,-3.666040196149457104e-04,-3.567176513503965722e-04,-3.471028819451356948e-04,-3.377542868113003554e-04,-3.286662410528398801e-04,-3.198329262432225120e-04,-3.112484164304197957e-04,-3.029066734664821563e-04,-2.948016261001127529e-04,-2.869271550483675089e-04,-2.792771666472767373e-04,-2.718455687733396212e-04,-2.646263404403495869e-04,-2.576134995537765070e-04,-2.508011697330424401e-04,-2.441835407274658715e-04,-2.377549336279163384e-04,-2.315097546144173624e-04,-2.254425596059736892e-04,-2.195480018556676845e-04,-2.138208969814517433e-04,-2.082561647761383241e-04,-2.028488954712597177e-04,-1.975942859853446645e-04,-1.924877082012210305e-04,-1.875246397402808803e-04,-1.827007349725484479e-04,-1.780117502742232832e-04,-1.734536184480064101e-04,-1.690223682903184714e-04,-1.647142030717214077e-04,-1.605254141080186944e-04,-1.564524639349226906e-04,-1.524918934386165607e-04,-1.486404103565543329e-04,-1.448947893716062056e-04,-1.412519665793091387e-04,-1.377089317817441325e-04,-1.342628295874317187e-04,-1.309108429567445867e-04,-1.276503016534761095e-04,-1.244785559055124015e-04,-1.213930930342633661e-04,-1.183913999289157613e-04,-1.154710888869222429e-04,-1.126297474752718862e-04,-1.098650749546029959e-04,-1.071747180167431494e-04,-1.045564195832022548e-04,-1.020078387080283354e-04,-9.952671381541798384e-05,-9.711066433976776467e-05,-9.475737007623358840e-05,-9.246435022687091577e-05,-9.022915879586239786e-05,-8.804913303177172535e-05,-8.592160152305794603e-05,-8.384358912067394604e-05,-8.181203136799717072e-05,-7.982342047616614446e-05,-7.787402270263249189e-05,-7.595945845848421142e-05,-7.407493870454152950e-05,-7.221480484899847987e-05,-7.037284710275568112e-05,-6.854189683614253373e-05,-6.671436096001003577e-05,-6.488205199129369605e-05,-6.303712307133204230e-05,-6.117239148252741527e-05,-5.928276821624857542e-05,-5.736629913876859855e-05,-5.542573506227318060e-05,-5.347037114451706454e-05,-5.151630023052267295e-05,-4.958925690673320091e-05,-4.771993347868328959e-05,-4.594994932992570874e-05,-4.431441114246113024e-05,-4.286116670905052377e-05,-4.160289464621368490e-05,-4.058567427923823694e-05,-3.976374417676534792e-05,-3.923092634566207237e-05,-3.887519184500363805e-05,-3.912109244227020185e-05,-3.988301839901742127e-05,-4.290258467788534092e-05,-4.818131572279480307e-05,-6.127460941378062517e-05,-7.816932881762668104e-05,-9.667093382269639637e-05
0.000000000000000000e+00,0.000000000000000000e+00,0.000000000000000000e+00,0.000000000000000000e+00,0.000000000000000000e+00,0.000000000000000000e+00,0.000000000000000000e+00,0.000000000000000000e+00,0.000000000000000000e+00,0.000000000000000000e+00,0.000000000000000000e+00,0.000000000000000000e+00,0.000000000000000000e+00,0.000000000000000000e+00,0.000000000000000000e+00,0.000000000000000000e+00,0.000000000000000000e+00,0.000000000000000000e+00,0.000000000000000000e+00,0.000000000000000000e+00,0.000000000000000000e+00,0.000000000000000000e+00,0.000000000000000000e+00,0.000000000000000000e+00,0.000000000000000000e+00,0.000000000000000000e+00,0.000000000000000000e+00,0.000000000000000000e+00,0.000000000000000000e+00,0.000000000000000000e+00,0.000000000000000000e+00,0.000000000000000000e+00,0.000000000000000000e+00,0.000000000000000000e+00,0.000000000000000000e+00,0.000000000000000000e+00,0.000000000000000000e+00,0.000000000000000000e+00,0.000000000000000000e+00,0.000000000000000000e+00,0.000000000000000000e+00,0.000000000000000000e+00,0.000000000000000000e+00,0.000000000000000000e+00,0.000000000000000000e+00,0.000000000000000000e+00,0.000000000000000000e+00,0.000000000000000000e+00,0.000000000000000000e+00,0.000000000000000000e+00,0.000000000000000000e+00,0.000000000000000000e+00,0.000000000000000000e+00,0.000000000000000000e+00,0.000000000000000000e+00,0.000000000000000000e+00,0.000000000000000000e+00,0.000000000000000000e+00,0.000000000000000000e+00,0.000000000000000000e+00,0.000000000000000000e+00,0.000000000000000000e+00,0.000000000000000000e+00,0.000000000000000000e+00,0.000000000000000000e+00,0.000000000000000000e+00,0.000000000000000000e+00,0.000000000000000000e+00,0.000000000000000000e+00,0.000000000000000000e+00,0.000000000000000000e+00,0.000000000000000000e+00,0.000000000000000000e+00,0.000000000000000000e+00,0.000000000000000000e+00,0.000000000000000000e+00,0.000000000000000000e+00,0.000000000000000000e+00,0.000000000000000000e+00,0.000000000000000000e+00,0.000000000000000000e+00,0.000000000000000000e+00,0.000000000000000000e+00,0.000000000000000000e+00,0.000000000000000000e+00,0.000000000000000000e+00,0.000000000000000000e+00,0.000000000000000000e+00,0.000000000000000000e+00,0.000000000000000000e+00,0.000000000000000000e+00,0.000000000000000000e+00,0.000000000000000000e+00,0.000000000000000000e+00,0.000000000000000000e+00,0.000000000000000000e+00,0.000000000000000000e+00,0.000000000000000000e+00,0.000000000000000000e+00,0.000000000000000000e+00,0.000000000000000000e+00,0.000000000000000000e+00,0.000000000000000000e+00,0.000000000000000000e+00,0.000000000000000000e+00,0.000000000000000000e+00,0.000000000000000000e+00,0.000000000000000000e+00,0.000000000000000000e+00,0.000000000000000000e+00,0.000000000000000000e+00,0.000000000000000000e+00,0.000000000000000000e+00,0.000000000000000000e+00,0.000000000000000000e+00,0.000000000000000000e+00,0.000000000000000000e+00,0.000000000000000000e+00,0.000000000000000000e+00,0.000000000000000000e+00,0.000000000000000000e+00,0.000000000000000000e+00,0.000000000000000000e+00,0.000000000000000000e+00,0.000000000000000000e+00,0.000000000000000000e+00,0.000000000000000000e+00,0.000000000000000000e+00,0.000000000000000000e+00,0.000000000000000000e+00,0.000000000000000000e+00,0.000000000000000000e+00,0.000000000000000000e+00,0.000000000000000000e+00,0.000000000000000000e+00,0.000000000000000000e+00,0.000000000000000000e+00,0.000000000000000000e+00,0.000000000000000000e+00,0.000000000000000000e+00,0.000000000000000000e+00,0.000000000000000000e+00,0.000000000000000000e+00,0.000000000000000000e+00,0.000000000000000000e+00,0.000000000000000000e+00,0.000000000000000000e+00,0.000000000000000000e+00,0.000000000000000000e+00,0.000000000000000000e+00,0.000000000000000000e+00,0.000000000000000000e+00,0.000000000000000000e+00,0.000000000000000000e+00,0.000000000000000000e+00,0.000000000000000000e+00,0.000000000000000000e+00,0.000000000000000000e+00,0.000000000000000000e+00,0.000000000000000000e+00,0.000000000000000000e+00,0.000000000000000000e+00,0.000000000000000000e+00,0.000000000000000000e+00,0.000000000000000000e+00,0.000000000000000000e+00,0.000000000000000000e+00,0.000000000000000000e+00,0.000000000000000000e+00,0.000000000000000000e+00,0.000000000000000000e+00,0.000000000000000000e+00,0.000000000000000000e+00,0.000000000000000000e+00,0.000000000000000000e+00,0.000000000000000000e+00,0.000000000000000000e+00,0.000000000000000000e+00,0.000000000000000000e+00,0.000000000000000000e+00,0.000000000000000000e+00,0.000000000000000000e+00,0.000000000000000000e+00,0.000000000000000000e+00,0.000000000000000000e+00,0.000000000000000000e+00,0.000000000000000000e+00,0.000000000000000000e+00,0.000000000000000000e+00,0.000000000000000000e+00,0.000000000000000000e+00,0.000000000000000000e+00,0.000000000000000000e+00,0.000000000000000000e+00,0.000000000000000000e+00,0.000000000000000000e+00,0.000000000000000000e+00,0.000000000000000000e+00,0.000000000000000000e+00,0.000000000000000000e+00,0.000000000000000000e+00,0.000000000000000000e+00,0.000000000000000000e+00,0.000000000000000000e+00,0.000000000000000000e+00,0.000000000000000000e+00,0.000000000000000000e+00,0.000000000000000000e+00,0.000000000000000000e+00,0.000000000000000000e+00,0.000000000000000000e+00,0.000000000000000000e+00,0.000000000000000000e+00,0.000000000000000000e+00,0.000000000000000000e+00,0.000000000000000000e+00,0.000000000000000000e+00,0.000000000000000000e+00,0.000000000000000000e+00,0.000000000000000000e+00,0.000000000000000000e+00,0.000000000000000000e+00,0.000000000000000000e+00,0.000000000000000000e+00,0.000000000000000000e+00,0.000000000000000000e+00,0.000000000000000000e+00,0.000000000000000000e+00,0.000000000000000000e+00,0.000000000000000000e+00,0.000000000000000000e+00,0.000000000000000000e+00,0.000000000000000000e+00,0.000000000000000000e+00,0.000000000000000000e+00,0.000000000000000000e+00,0.000000000000000000e+00,0.000000000000000000e+00,0.000000000000000000e+00,0.000000000000000000e+00,0.000000000000000000e+00,0.000000000000000000e+00,0.000000000000000000e+00,0.000000000000000000e+00,0.000000000000000000e+00,0.000000000000000000e+00,0.000000000000000000e+00,0.000000000000000000e+00,0.000000000000000000e+00,0.000000000000000000e+00,0.000000000000000000e+00,0.000000000000000000e+00,0.000000000000000000e+00,0.000000000000000000e+00,0.000000000000000000e+00,0.000000000000000000e+00,0.000000000000000000e+00,0.000000000000000000e+00,0.000000000000000000e+00,0.000000000000000000e+00,0.000000000000000000e+00,0.000000000000000000e+00,0.000000000000000000e+00,0.000000000000000000e+00,0.000000000000000000e+00,0.000000000000000000e+00,0.000000000000000000e+00,0.000000000000000000e+00,0.000000000000000000e+00,0.000000000000000000e+00,0.000000000000000000e+00,0.000000000000000000e+00,0.000000000000000000e+00,0.000000000000000000e+00,0.000000000000000000e+00,0.000000000000000000e+00,0.000000000000000000e+00,0.000000000000000000e+00,0.000000000000000000e+00,0.000000000000000000e+00,0.000000000000000000e+00,0.000000000000000000e+00,0.000000000000000000e+00,0.000000000000000000e+00,0.000000000000000000e+00,0.000000000000000000e+00,0.000000000000000000e+00,0.000000000000000000e+00,0.000000000000000000e+00,0.000000000000000000e+00,0.000000000000000000e+00,0.000000000000000000e+00,0.000000000000000000e+00,0.000000000000000000e+00,0.000000000000000000e+00,0.000000000000000000e+00,0.000000000000000000e+00,0.000000000000000000e+00,0.000000000000000000e+00,0.000000000000000000e+00,0.000000000000000000e+00,0.000000000000000000e+00,0.000000000000000000e+00,0.000000000000000000e+00,0.000000000000000000e+00,0.000000000000000000e+00,0.000000000000000000e+00,0.000000000000000000e+00,0.000000000000000000e+00,0.000000000000000000e+00,0.000000000000000000e+00,0.000000000000000000e+00,0.000000000000000000e+00,0.000000000000000000e+00,0.000000000000000000e+00,0.000000000000000000e+00,0.000000000000000000e+00,0.000000000000000000e+00,0.000000000000000000e+00,0.000000000000000000e+00,0.000000000000000000e+00,0.000000000000000000e+00,0.000000000000000000e+00,0.000000000000000000e+00,0.000000000000000000e+00,0.000000000000000000e+00,0.000000000000000000e+00,0.000000000000000000e+00,0.000000000000000000e+00,0.000000000000000000e+00,0.000000000000000000e+00,0.000000000000000000e+00,0.000000000000000000e+00,0.000000000000000000e+00,0.000000000000000000e+00,0.000000000000000000e+00,0.000000000000000000e+00,0.000000000000000000e+00,0.000000000000000000e+00,0.000000000000000000e+00,0.000000000000000000e+00,0.000000000000000000e+00,0.000000000000000000e+00,0.000000000000000000e+00,0.000000000000000000e+00,0.000000000000000000e+00,0.000000000000000000e+00,0.000000000000000000e+00,0.000000000000000000e+00,0.000000000000000000e+00,0.000000000000000000e+00,0.000000000000000000e+00,0.000000000000000000e+00,0.000000000000000000e+00,0.000000000000000000e+00,0.000000000000000000e+00,0.000000000000000000e+00,0.000000000000000000e+00,0.000000000000000000e+00,0.000000000000000000e+00,0.000000000000000000e+00,0.000000000000000000e+00,0.000000000000000000e+00,0.000000000000000000e+00,0.000000000000000000e+00,0.000000000000000000e+00,0.000000000000000000e+00,0.000000000000000000e+00,0.000000000000000000e+00,0.000000000000000000e+00,0.000000000000000000e+00,0.000000000000000000e+00,0.000000000000000000e+00,0.000000000000000000e+00,0.000000000000000000e+00
0.000000000000000000e+00,0.000000000000000000e+00,0.000000000000000000e+00,0.000000000000000000e+00,0.000000000000000000e+00,0.000000000000000000e+00,0.000000000000000000e+00,0.000000000000000000e+00,0.000000000000000000e+00,0.000000000000000000e+00,0.000000000000000000e+00,0.000000000000000000e+00,0.000000000000000000e+00,0.000000000000000000e+00,0.000000000000000000e+00,0.000000000000000000e+00,0.000000000000000000e+00,0.000000000000000000e+00,0.000000000000000000e+00,0.000000000000000000e+00,0.000000000000000000e+00,0.000000000000000000e+00,0.000000000000000000e+00,0.000000000000000000e+00,0.000000000000000000e+00,0.000000000000000000e+00,0.000000000000000000e+00,0.000000000000000000e+00,0.000000000000000000e+00,0.000000000000000000e+00,0.000000000000000000e+00,0.000000000000000000e+00,0.000000000000000000e+00,0.000000000000000000e+00,0.000000000000000000e+00,0.000000000000000000e+00,0.000000000000000000e+00,0.000000000000000000e+00,0.000000000000000000e+00,0.000000000000000000e+00,0.000000000000000000e+00,0.000000000000000000e+00,0.000000000000000000e+00,0.000000000000000000e+00,0.000000000000000000e+00,0.000000000000000000e+00,0.000000000000000000e+00,0.000000000000000000e+00,0.000000000000000000e+00,0.000000000000000000e+00,0.000000000000000000e+00,0.000000000000000000e+00,0.000000000000000000e+00,0.000000000000000000e+00,0.000000000000000000e+00,0.000000000000000000e+00,0.000000000000000000e+00,0.000000000000000000e+00,0.000000000000000000e+00,0.000000000000000000e+00,0.000000000000000000e+00,0.000000000000000000e+00,0.000000000000000000e+00,0.000000000000000000e+00,0.000000000000000000e+00,0.000000000000000000e+00,0.000000000000000000e+00,0.000000000000000000e+00,0.000000000000000000e+00,0.000000000000000000e+00,0.000000000000000000e+00,0.000000000000000000e+00,0.000000000000000000e+00,0.000000000000000000e+00,0.000000000000000000e+00,0.000000000000000000e+00,0.000000000000000000e+00,0.000000000000000000e+00,0.000000000000000000e+00,0.000000000000000000e+00,0.000000000000000000e+00,0.000000000000000000e+00,0.000000000000000000e+00,0.000000000000000000e+00,0.000000000000000000e+00,0.000000000000000000e+00,0.000000000000000000e+00,0.000000000000000000e+00,0.000000000000000000e+00,0.000000000000000000e+00,0.000000000000000000e+00,0.000000000000000000e+00,0.000000000000000000e+00,0.000000000000000000e+00,0.000000000000000000e+00,0.000000000000000000e+00,0.000000000000000000e+00,0.000000000000000000e+00,0.000000000000000000e+00,0.000000000000000000e+00,0.000000000000000000e+00,0.000000000000000000e+00,0.000000000000000000e+00,0.000000000000000000e+00,0.000000000000000000e+00,0.000000000000000000e+00,0.000000000000000000e+00,0.000000000000000000e+00,0.000000000000000000e+00,0.000000000000000000e+00,0.000000000000000000e+00,0.000000000000000000e+00,0.000000000000000000e+00,0.000000000000000000e+00,0.000000000000000000e+00,0.000000000000000000e+00,0.000000000000000000e+00,0.000000000000000000e+00,0.000000000000000000e+00,0.000000000000000000e+00,0.000000000000000000e+00,0.000000000000000000e+00,0.000000000000000000e+00,0.000000000000000000e+00,0.000000000000000000e+00,0.000000000000000000e+00,0.000000000000000000e+00,0.000000000000000000e+00,0.000000000000000000e+00,0.000000000000000000e+00,0.000000000000000000e+00,0.000000000000000000e+00,0.000000000000000000e+00,0.000000000000000000e+00,0.000000000000000000e+00,0.000000000000000000e+00,0.000000000000000000e+00,0.000000000000000000e+00,0.000000000000000000e+00,0.000000000000000000e+00,0.000000000000000000e+00,0.000000000000000000e+00,0.000000000000000000e+00,0.000000000000000000e+00,0.000000000000000000e+00,0.000000000000000000e+00,0.000000000000000000e+00,0.000000000000000000e+00,0.000000000000000000e+00,0.000000000000000000e+00,0.000000000000000000e+00,0.000000000000000000e+00,0.000000000000000000e+00,0.000000000000000000e+00,0.000000000000000000e+00,0.000000000000000000e+00,0.000000000000000000e+00,0.000000000000000000e+00,0.000000000000000000e+00,0.000000000000000000e+00,0.000000000000000000e+00,0.000000000000000000e+00,0.000000000000000000e+00,0.000000000000000000e+00,0.000000000000000000e+00,0.000000000000000000e+00,0.000000000000000000e+00,0.000000000000000000e+00,0.000000000000000000e+00,0.000000000000000000e+00,0.000000000000000000e+00,0.000000000000000000e+00,0.000000000000000000e+00,0.000000000000000000e+00,0.000000000000000000e+00,0.000000000000000000e+00,0.000000000000000000e+00,0.000000000000000000e+00,0.000000000000000000e+00,0.000000000000000000e+00,0.000000000000000000e+00,0.000000000000000000e+00,0.000000000000000000e+00,0.000000000000000000e+00,0.000000000000000000e+00,0.000000000000000000e+00,0.000000000000000000e+00,0.000000000000000000e+00,0.000000000000000000e+00,0.000000000000000000e+00,0.000000000000000000e+00,0.000000000000000000e+00,0.000000000000000000e+00,0.000000000000000000e+00,0.000000000000000000e+00,0.000000000000000000e+00,0.000000000000000000e+00,0.000000000000000000e+00,0.000000000000000000e+00,0.000000000000000000e+00,0.000000000000000000e+00,0.000000000000000000e+00,0.000000000000000000e+00,0.000000000000000000e+00,0.000000000000000000e+00,0.000000000000000000e+00,0.000000000000000000e+00,0.000000000000000000e+00,0.000000000000000000e+00,0.000000000000000000e+00,0.000000000000000000e+00,0.000000000000000000e+00,0.000000000000000000e+00,0.000000000000000000e+00,0.000000000000000000e+00,0.000000000000000000e+00,0.000000000000000000e+00,0.000000000000000000e+00,0.000000000000000000e+00,0.000000000000000000e+00,0.000000000000000000e+00,0.000000000000000000e+00,0.000000000000000000e+00,0.000000000000000000e+00,0.000000000000000000e+00,0.000000000000000000e+00,0.000000000000000000e+00,0.000000000000000000e+00,0.000000000000000000e+00,0.000000000000000000e+00,0.000000000000000000e+00,0.000000000000000000e+00,0.000000000000000000e+00,0.000000000000000000e+00,0.000000000000000000e+00,0.000000000000000000e+00,0.000000000000000000e+00,0.000000000000000000e+00,0.000000000000000000e+00,0.000000000000000000e+00,0.000000000000000000e+00,0.000000000000000000e+00,0.000000000000000000e+00,0.000000000000000000e+00,0.000000000000000000e+00,0.000000000000000000e+00,0.000000000000000000e+00,0.000000000000000000e+00,0.000000000000000000e+00,0.000000000000000000e+00,0.000000000000000000e+00,0.000000000000000000e+00,0.000000000000000000e+00,0.000000000000000000e+00,0.000000000000000000e+00,0.000000000000000000e+00,0.000000000000000000e+00,0.000000000000000000e+00,0.000000000000000000e+00,0.000000000000000000e+00,0.000000000000000000e+00,0.000000000000000000e+00,0.000000000000000000e+00,0.000000000000000000e+00,0.000000000000000000e+00,0.000000000000000000e+00,0.000000000000000000e+00,0.000000000000000000e+00,0.000000000000000000e+00,0.000000000000000000e+00,0.000000000000000000e+00,0.000000000000000000e+00,0.000000000000000000e+00,0.000000000000000000e+00,0.000000000000000000e+00,0.000000000000000000e+00,0.000000000000000000e+00,0.000000000000000000e+00,0.000000000000000000e+00,0.000000000000000000e+00,0.000000000000000000e+00,0.000000000000000000e+00,0.000000000000000000e+00,0.000000000000000000e+00,0.000000000000000000e+00,0.000000000000000000e+00,0.000000000000000000e+00,0.000000000000000000e+00,0.000000000000000000e+00,0.000000000000000000e+00,0.000000000000000000e+00,0.000000000000000000e+00,0.000000000000000000e+00,0.000000000000000000e+00,0.000000000000000000e+00,0.000000000000000000e+00,0.000000000000000000e+00,0.000000000000000000e+00,0.000000000000000000e+00,0.000000000000000000e+00,0.000000000000000000e+00,0.000000000000000000e+00,0.000000000000000000e+00,0.000000000000000000e+00,0.000000000000000000e+00,0.000000000000000000e+00,0.000000000000000000e+00,0.000000000000000000e+00,0.000000000000000000e+00,0.000000000000000000e+00,0.000000000000000000e+00,0.000000000000000000e+00,0.000000000000000000e+00,0.000000000000000000e+00,0.000000000000000000e+00,0.000000000000000000e+00,0.000000000000000000e+00,0.000000000000000000e+00,0.000000000000000000e+00,0.000000000000000000e+00,0.000000000000000000e+00,0.000000000000000000e+00,0.000000000000000000e+00,0.000000000000000000e+00,0.000000000000000000e+00,0.000000000000000000e+00,0.000000000000000000e+00,0.000000000000000000e+00,0.000000000000000000e+00,0.000000000000000000e+00,0.000000000000000000e+00,0.000000000000000000e+00,0.000000000000000000e+00,0.000000000000000000e+00,0.000000000000000000e+00,0.000000000000000000e+00,0.000000000000000000e+00,0.000000000000000000e+00,0.000000000000000000e+00,0.000000000000000000e+00,0.000000000000000000e+00,0.000000000000000000e+00,0.000000000000000000e+00,0.000000000000000000e+00,0.000000000000000000e+00,0.000000000000000000e+00,0.000000000000000000e+00,0.000000000000000000e+00,0.000000000000000000e+00,0.000000000000000000e+00,0.000000000000000000e+00,0.000000000000000000e+00,0.000000000000000000e+00,0.000000000000000000e+00,0.000000000000000000e+00,0.000000000000000000e+00,0.000000000000000000e+00,0.000000000000000000e+00,0.000000000000000000e+00,0.000000000000000000e+00,0.000000000000000000e+00,0.000000000000000000e+00,0.000000000000000000e+00,0.000000000000000000e+00,0.000000000000000000e+00,0.000000000000000000e+00,0.000000000000000000e+00,0.000000000000000000e+00,0.000000000000000000e+00,0.000000000000000000e+00,0.000000000000000000e+00,0.000000000000000000e+00,0.000000000000000000e+00,0.000000000000000000e+00,0.000000000000000000e+00
0.000000000000000000e+00,0.000000000000000000e+00,0.000000000000000000e+00,0.000000000000000000e+00,0.000000000000000000e+00,0.000000000000000000e+00,0.000000000000000000e+00,0.000000000000000000e+00,0.000000000000000000e+00,0.000000000000000000e+00,0.000000000000000000e+00,0.000000000000000000e+00,0.000000000000000000e+00,0.000000000000000000e+00,0.000000000000000000e+00,0.000000000000000000e+00,0.000000000000000000e+00,0.000000000000000000e+00,0.000000000000000000e+00,0.000000000000000000e+00,0.000000000000000000e+00,0.000000000000000000e+00,0.000000000000000000e+00,0.000000000000000000e+00,0.000000000000000000e+00,0.000000000000000000e+00,0.000000000000000000e+00,0.000000000000000000e+00,0.000000000000000000e+00,0.000000000000000000e+00,0.000000000000000000e+00,0.000000000000000000e+00,0.000000000000000000e+00,0.000000000000000000e+00,0.000000000000000000e+00,0.000000000000000000e+00,0.000000000000000000e+00,0.000000000000000000e+00,0.000000000000000000e+00,0.000000000000000000e+00,0.000000000000000000e+00,0.000000000000000000e+00,0.000000000000000000e+00,0.000000000000000000e+00,0.000000000000000000e+00,0.000000000000000000e+00,0.000000000000000000e+00,0.000000000000000000e+00,0.000000000000000000e+00,0.000000000000000000e+00,0.000000000000000000e+00,0.000000000000000000e+00,0.000000000000000000e+00,0.000000000000000000e+00,0.000000000000000000e+00,0.000000000000000000e+00,0.000000000000000000e+00,0.000000000000000000e+00,0.000000000000000000e+00,0.000000000000000000e+00,0.000000000000000000e+00,0.000000000000000000e+00,0.000000000000000000e+00,0.000000000000000000e+00,0.000000000000000000e+00,0.000000000000000000e+00,0.000000000000000000e+00,0.000000000000000000e+00,0.000000000000000000e+00,0.000000000000000000e+00,0.000000000000000000e+00,0.000000000000000000e+00,0.000000000000000000e+00,0.000000000000000000e+00,0.000000000000000000e+00,0.000000000000000000e+00,0.000000000000000000e+00,0.000000000000000000e+00,0.000000000000000000e+00,0.000000000000000000e+00,0.000000000000000000e+00,0.000000000000000000e+00,0.000000000000000000e+00,0.000000000000000000e+00,0.000000000000000000e+00,0.000000000000000000e+00,0.000000000000000000e+00,0.000000000000000000e+00,0.000000000000000000e+00,0.000000000000000000e+00,0.000000000000000000e+00,0.000000000000000000e+00,0.000000000000000000e+00,0.000000000000000000e+00,0.000000000000000000e+00,0.000000000000000000e+00,0.000000000000000000e+00,0.000000000000000000e+00,0.000000000000000000e+00,0.000000000000000000e+00,0.000000000000000000e+00,0.000000000000000000e+00,0.000000000000000000e+00,0.000000000000000000e+00,0.000000000000000000e+00,0.000000000000000000e+00,0.000000000000000000e+00,0.000000000000000000e+00,0.000000000000000000e+00,0.000000000000000000e+00,0.000000000000000000e+00,0.000000000000000000e+00,0.000000000000000000e+00,0.000000000000000000e+00,0.000000000000000000e+00,0.000000000000000000e+00,0.000000000000000000e+00,0.000000000000000000e+00,0.000000000000000000e+00,0.000000000000000000e+00,0.000000000000000000e+00,0.000000000000000000e+00,0.000000000000000000e+00,0.000000000000000000e+00,0.000000000000000000e+00,0.000000000000000000e+00,0.000000000000000000e+00,0.000000000000000000e+00,0.000000000000000000e+00,0.000000000000000000e+00,0.000000000000000000e+00,0.000000000000000000e+00,0.000000000000000000e+00,0.000000000000000000e+00,0.000000000000000000e+00,0.000000000000000000e+00,0.000000000000000000e+00,0.000000000000000000e+00,0.000000000000000000e+00,0.000000000000000000e+00,0.000000000000000000e+00,0.000000000000000000e+00,0.000000000000000000e+00,0.000000000000000000e+00,0.000000000000000000e+00,0.000000000000000000e+00,0.000000000000000000e+00,0.000000000000000000e+00,0.000000000000000000e+00,0.000000000000000000e+00,0.000000000000000000e+00,0.000000000000000000e+00,0.000000000000000000e+00,0.000000000000000000e+00,0.000000000000000000e+00,0.000000000000000000e+00,0.000000000000000000e+00,0.000000000000000000e+00,0.000000000000000000e+00,0.000000000000000000e+00,0.000000000000000000e+00,0.000000000000000000e+00,0.000000000000000000e+00,0.000000000000000000e+00,0.000000000000000000e+00,0.000000000000000000e+00,0.000000000000000000e+00,0.000000000000000000e+00,0.000000000000000000e+00,0.000000000000000000e+00,0.000000000000000000e+00,0.000000000000000000e+00,0.000000000000000000e+00,0.000000000000000000e+00,0.000000000000000000e+00,0.000000000000000000e+00,0.000000000000000000e+00,0.000000000000000000e+00,0.000000000000000000e+00,0.000000000000000000e+00,0.000000000000000000e+00,0.000000000000000000e+00,0.000000000000000000e+00,0.000000000000000000e+00,0.000000000000000000e+00,0.000000000000000000e+00,0.000000000000000000e+00,0.000000000000000000e+00,0.000000000000000000e+00,0.000000000000000000e+00,0.000000000000000000e+00,0.000000000000000000e+00,0.000000000000000000e+00,0.000000000000000000e+00,0.000000000000000000e+00,0.000000000000000000e+00,0.000000000000000000e+00,0.000000000000000000e+00,0.000000000000000000e+00,0.000000000000000000e+00,0.000000000000000000e+00,0.000000000000000000e+00,0.000000000000000000e+00,0.000000000000000000e+00,0.000000000000000000e+00,0.000000000000000000e+00,0.000000000000000000e+00,0.000000000000000000e+00,0.000000000000000000e+00,0.000000000000000000e+00,0.000000000000000000e+00,0.000000000000000000e+00,0.000000000000000000e+00,0.000000000000000000e+00,0.000000000000000000e+00,0.000000000000000000e+00,0.000000000000000000e+00,0.000000000000000000e+00,0.000000000000000000e+00,0.000000000000000000e+00,0.000000000000000000e+00,0.000000000000000000e+00,0.000000000000000000e+00,0.000000000000000000e+00,0.000000000000000000e+00,0.000000000000000000e+00,0.000000000000000000e+00,0.000000000000000000e+00,0.000000000000000000e+00,0.000000000000000000e+00,0.000000000000000000e+00,0.000000000000000000e+00,0.000000000000000000e+00,0.000000000000000000e+00,0.000000000000000000e+00,0.000000000000000000e+00,0.000000000000000000e+00,0.000000000000000000e+00,0.000000000000000000e+00,0.000000000000000000e+00,0.000000000000000000e+00,0.000000000000000000e+00,0.000000000000000000e+00,0.000000000000000000e+00,0.000000000000000000e+00,0.000000000000000000e+00,0.000000000000000000e+00,0.000000000000000000e+00,0.000000000000000000e+00,0.000000000000000000e+00,0.000000000000000000e+00,0.000000000000000000e+00,0.000000000000000000e+00,0.000000000000000000e+00,0.000000000000000000e+00,0.000000000000000000e+00,0.000000000000000000e+00,0.000000000000000000e+00,0.000000000000000000e+00,0.000000000000000000e+00,0.000000000000000000e+00,0.000000000000000000e+00,0.000000000000000000e+00,0.000000000000000000e+00,0.000000000000000000e+00,0.000000000000000000e+00,0.000000000000000000e+00,0.000000000000000000e+00,0.000000000000000000e+00,0.000000000000000000e+00,0.000000000000000000e+00,0.000000000000000000e+00,0.000000000000000000e+00,0.000000000000000000e+00,0.000000000000000000e+00,0.000000000000000000e+00,0.000000000000000000e+00,0.000000000000000000e+00,0.000000000000000000e+00,0.000000000000000000e+00,0.000000000000000000e+00,0.000000000000000000e+00,0.000000000000000000e+00,0.000000000000000000e+00,0.000000000000000000e+00,0.000000000000000000e+00,0.000000000000000000e+00,0.000000000000000000e+00,0.000000000000000000e+00,0.000000000000000000e+00,0.000000000000000000e+00,0.000000000000000000e+00,0.000000000000000000e+00,0.000000000000000000e+00,0.000000000000000000e+00,0.000000000000000000e+00,0.000000000000000000e+00,0.000000000000000000e+00,0.000000000000000000e+00,0.000000000000000000e+00,0.000000000000000000e+00,0.000000000000000000e+00,0.000000000000000000e+00,0.000000000000000000e+00,0.000000000000000000e+00,0.000000000000000000e+00,0.000000000000000000e+00,0.000000000000000000e+00,0.000000000000000000e+00,0.000000000000000000e+00,0.000000000000000000e+00,0.000000000000000000e+00,0.000000000000000000e+00,0.000000000000000000e+00,0.000000000000000000e+00,0.000000000000000000e+00,0.000000000000000000e+00,0.000000000000000000e+00,0.000000000000000000e+00,0.000000000000000000e+00,0.000000000000000000e+00,0.000000000000000000e+00,0.000000000000000000e+00,0.000000000000000000e+00,0.000000000000000000e+00,0.000000000000000000e+00,0.000000000000000000e+00,0.000000000000000000e+00,0.000000000000000000e+00,0.000000000000000000e+00,0.000000000000000000e+00,0.000000000000000000e+00,0.000000000000000000e+00,0.000000000000000000e+00,0.000000000000000000e+00,0.000000000000000000e+00,0.000000000000000000e+00,0.000000000000000000e+00,0.000000000000000000e+00,0.000000000000000000e+00,0.000000000000000000e+00,0.000000000000000000e+00,0.000000000000000000e+00,0.000000000000000000e+00,0.000000000000000000e+00,0.000000000000000000e+00,0.000000000000000000e+00,0.000000000000000000e+00,0.000000000000000000e+00,0.000000000000000000e+00,0.000000000000000000e+00,0.000000000000000000e+00,0.000000000000000000e+00,0.000000000000000000e+00,0.000000000000000000e+00,0.000000000000000000e+00,0.000000000000000000e+00,0.000000000000000000e+00,0.000000000000000000e+00,0.000000000000000000e+00,0.000000000000000000e+00,0.000000000000000000e+00,0.000000000000000000e+00,0.000000000000000000e+00,0.000000000000000000e+00,0.000000000000000000e+00,0.000000000000000000e+00,0.000000000000000000e+00,0.000000000000000000e+00,0.000000000000000000e+00,0.000000000000000000e+00,0.000000000000000000e+00,0.000000000000000000e+00,0.000000000000000000e+00,0.000000000000000000e+00
0.000000000000000000e+00,0.000000000000000000e+00,0.000000000000000000e+00,0.000000000000000000e+00,0.000000000000000000e+00,0.000000000000000000e+00,0.000000000000000000e+00,0.000000000000000000e+00,0.000000000000000000e+00,0.000000000000000000e+00,0.000000000000000000e+00,0.000000000000000000e+00,0.000000000000000000e+00,0.000000000000000000e+00,0.000000000000000000e+00,0.000000000000000000e+00,0.000000000000000000e+00,0.000000000000000000e+00,0.000000000000000000e+00,0.000000000000000000e+00,0.000000000000000000e+00,0.000000000000000000e+00,0.000000000000000000e+00,0.000000000000000000e+00,0.000000000000000000e+00,0.000000000000000000e+00,0.000000000000000000e+00,0.000000000000000000e+00,0.000000000000000000e+00,0.000000000000000000e+00,0.000000000000000000e+00,0.000000000000000000e+00,0.000000000000000000e+00,0.000000000000000000e+00,0.000000000000000000e+00,0.000000000000000000e+00,0.000000000000000000e+00,0.000000000000000000e+00,0.000000000000000000e+00,0.000000000000000000e+00,0.000000000000000000e+00,0.000000000000000000e+00,0.000000000000000000e+00,0.000000000000000000e+00,0.000000000000000000e+00,0.000000000000000000e+00,0.000000000000000000e+00,0.000000000000000000e+00,0.000000000000000000e+00,0.000000000000000000e+00,0.000000000000000000e+00,0.000000000000000000e+00,0.000000000000000000e+00,0.000000000000000000e+00,0.000000000000000000e+00,0.000000000000000000e+00,0.000000000000000000e+00,0.000000000000000000e+00,0.000000000000000000e+00,0.000000000000000000e+00,0.000000000000000000e+00,0.000000000000000000e+00,0.000000000000000000e+00,0.000000000000000000e+00,0.000000000000000000e+00,0.000000000000000000e+00,0.000000000000000000e+00,0.000000000000000000e+00,0.000000000000000000e+00,0.000000000000000000e+00,0.000000000000000000e+00,0.000000000000000000e+00,0.000000000000000000e+00,0.000000000000000000e+00,0.000000000000000000e+00,0.000000000000000000e+00,0.000000000000000000e+00,0.000000000000000000e+00,0.000000000000000000e+00,0.000000000000000000e+00,0.000000000000000000e+00,0.000000000000000000e+00,0.000000000000000000e+00,0.000000000000000000e+00,0.000000000000000000e+00,0.000000000000000000e+00,0.000000000000000000e+00,0.000000000000000000e+00,0.000000000000000000e+00,0.000000000000000000e+00,0.000000000000000000e+00,0.000000000000000000e+00,0.000000000000000000e+00,0.000000000000000000e+00,0.000000000000000000e+00,0.000000000000000000e+00,0.000000000000000000e+00,0.000000000000000000e+00,0.000000000000000000e+00,0.000000000000000000e+00,0.000000000000000000e+00,0.000000000000000000e+00,0.000000000000000000e+00,0.000000000000000000e+00,0.000000000000000000e+00,0.000000000000000000e+00,0.000000000000000000e+00,0.000000000000000000e+00,0.000000000000000000e+00,0.000000000000000000e+00,0.000000000000000000e+00,0.000000000000000000e+00,0.000000000000000000e+00,0.000000000000000000e+00,0.000000000000000000e+00,0.000000000000000000e+00,0.000000000000000000e+00,0.000000000000000000e+00,0.000000000000000000e+00,0.000000000000000000e+00,0.000000000000000000e+00,0.000000000000000000e+00,0.000000000000000000e+00,0.000000000000000000e+00,0.000000000000000000e+00,0.000000000000000000e+00,0.000000000000000000e+00,0.000000000000000000e+00,0.000000000000000000e+00,0.000000000000000000e+00,0.000000000000000000e+00,0.000000000000000000e+00,0.000000000000000000e+00,0.000000000000000000e+00,0.000000000000000000e+00,0.000000000000000000e+00,0.000000000000000000e+00,0.000000000000000000e+00,0.000000000000000000e+00,0.000000000000000000e+00,0.000000000000000000e+00,0.000000000000000000e+00,0.000000000000000000e+00,0.000000000000000000e+00,0.000000000000000000e+00,0.000000000000000000e+00,0.000000000000000000e+00,0.000000000000000000e+00,0.000000000000000000e+00,0.000000000000000000e+00,0.000000000000000000e+00,0.000000000000000000e+00,0.000000000000000000e+00,0.000000000000000000e+00,0.000000000000000000e+00,0.000000000000000000e+00,0.000000000000000000e+00,0.000000000000000000e+00,0.000000000000000000e+00,0.000000000000000000e+00,0.000000000000000000e+00,0.000000000000000000e+00,0.000000000000000000e+00,0.000000000000000000e+00,0.000000000000000000e+00,0.000000000000000000e+00,0.000000000000000000e+00,0.000000000000000000e+00,0.000000000000000000e+00,0.000000000000000000e+00,0.000000000000000000e+00,0.000000000000000000e+00,0.000000000000000000e+00,0.000000000000000000e+00,0.000000000000000000e+00,0.000000000000000000e+00,0.000000000000000000e+00,0.000000000000000000e+00,0.000000000000000000e+00,0.000000000000000000e+00,0.000000000000000000e+00,0.000000000000000000e+00,0.000000000000000000e+00,0.000000000000000000e+00,0.000000000000000000e+00,0.000000000000000000e+00,0.000000000000000000e+00,0.000000000000000000e+00,0.000000000000000000e+00,0.000000000000000000e+00,0.000000000000000000e+00,0.000000000000000000e+00,0.000000000000000000e+00,0.000000000000000000e+00,0.000000000000000000e+00,0.000000000000000000e+00,0.000000000000000000e+00,0.000000000000000000e+00,0.000000000000000000e+00,0.000000000000000000e+00,0.000000000000000000e+00,0.000000000000000000e+00,0.000000000000000000e+00,0.000000000000000000e+00,0.000000000000000000e+00,0.000000000000000000e+00,0.000000000000000000e+00,0.000000000000000000e+00,0.000000000000000000e+00,0.000000000000000000e+00,0.000000000000000000e+00,0.000000000000000000e+00,0.000000000000000000e+00,0.000000000000000000e+00,0.000000000000000000e+00,0.000000000000000000e+00,0.000000000000000000e+00,0.000000000000000000e+00,0.000000000000000000e+00,0.000000000000000000e+00,0.000000000000000000e+00,0.000000000000000000e+00,0.000000000000000000e+00,0.000000000000000000e+00,0.000000000000000000e+00,0.000000000000000000e+00,0.000000000000000000e+00,0.000000000000000000e+00,0.000000000000000000e+00,0.000000000000000000e+00,0.000000000000000000e+00,0.000000000000000000e+00,0.000000000000000000e+00,0.000000000000000000e+00,0.000000000000000000e+00,0.000000000000000000e+00,0.000000000000000000e+00,0.000000000000000000e+00,0.000000000000000000e+00,0.000000000000000000e+00,0.000000000000000000e+00,0.000000000000000000e+00,0.000000000000000000e+00,0.000000000000000000e+00,0.000000000000000000e+00,0.000000000000000000e+00,0.000000000000000000e+00,0.000000000000000000e+00,0.000000000000000000e+00,0.000000000000000000e+00,0.000000000000000000e+00,0.000000000000000000e+00,0.000000000000000000e+00,0.000000000000000000e+00,0.000000000000000000e+00,0.000000000000000000e+00,0.000000000000000000e+00,0.000000000000000000e+00,0.000000000000000000e+00,0.000000000000000000e+00,0.000000000000000000e+00,0.000000000000000000e+00,0.000000000000000000e+00,0.000000000000000000e+00,0.000000000000000000e+00,0.000000000000000000e+00,0.000000000000000000e+00,0.000000000000000000e+00,0.000000000000000000e+00,0.000000000000000000e+00,0.000000000000000000e+00,0.000000000000000000e+00,0.000000000000000000e+00,0.000000000000000000e+00,0.000000000000000000e+00,0.000000000000000000e+00,0.000000000000000000e+00,0.000000000000000000e+00,0.000000000000000000e+00,0.000000000000000000e+00,0.000000000000000000e+00,0.000000000000000000e+00,0.000000000000000000e+00,0.000000000000000000e+00,0.000000000000000000e+00,0.000000000000000000e+00,0.000000000000000000e+00,0.000000000000000000e+00,0.000000000000000000e+00,0.000000000000000000e+00,0.000000000000000000e+00,0.000000000000000000e+00,0.000000000000000000e+00,0.000000000000000000e+00,0.000000000000000000e+00,0.000000000000000000e+00,0.000000000000000000e+00,0.000000000000000000e+00,0.000000000000000000e+00,0.000000000000000000e+00,0.000000000000000000e+00,0.000000000000000000e+00,0.000000000000000000e+00,0.000000000000000000e+00,0.000000000000000000e+00,0.000000000000000000e+00,0.000000000000000000e+00,0.000000000000000000e+00,0.000000000000000000e+00,0.000000000000000000e+00,0.000000000000000000e+00,0.000000000000000000e+00,0.000000000000000000e+00,0.000000000000000000e+00,0.000000000000000000e+00,0.000000000000000000e+00,0.000000000000000000e+00,0.000000000000000000e+00,0.000000000000000000e+00,0.000000000000000000e+00,0.000000000000000000e+00,0.000000000000000000e+00,0.000000000000000000e+00,0.000000000000000000e+00,0.000000000000000000e+00,0.000000000000000000e+00,0.000000000000000000e+00,0.000000000000000000e+00,0.000000000000000000e+00,0.000000000000000000e+00,0.000000000000000000e+00,0.000000000000000000e+00,0.000000000000000000e+00,0.000000000000000000e+00,0.000000000000000000e+00,0.000000000000000000e+00,0.000000000000000000e+00,0.000000000000000000e+00,0.000000000000000000e+00,0.000000000000000000e+00,0.000000000000000000e+00,0.000000000000000000e+00,0.000000000000000000e+00,0.000000000000000000e+00,0.000000000000000000e+00,0.000000000000000000e+00,0.000000000000000000e+00,0.000000000000000000e+00,0.000000000000000000e+00,0.000000000000000000e+00,0.000000000000000000e+00,0.000000000000000000e+00,0.000000000000000000e+00,0.000000000000000000e+00,0.000000000000000000e+00,0.000000000000000000e+00,0.000000000000000000e+00,0.000000000000000000e+00,0.000000000000000000e+00,0.000000000000000000e+00,0.000000000000000000e+00,0.000000000000000000e+00,0.000000000000000000e+00,0.000000000000000000e+00,0.000000000000000000e+00,0.000000000000000000e+00,0.000000000000000000e+00,0.000000000000000000e+00,0.000000000000000000e+00,0.000000000000000000e+00,0.000000000000000000e+00,0.000000000000000000e+00,0.000000000000000000e+00,0.000000000000000000e+00,0.000000000000000000e+00
0.000000000000000000e+00,0.000000000000000000e+00,0.000000000000000000e+00,0.000000000000000000e+00,0.000000000000000000e+00,0.000000000000000000e+00,0.000000000000000000e+00,0.000000000000000000e+00,0.000000000000000000e+00,0.000000000000000000e+00,0.000000000000000000e+00,0.000000000000000000e+00,0.000000000000000000e+00,0.000000000000000000e+00,0.000000000000000000e+00,0.000000000000000000e+00,0.000000000000000000e+00,0.000000000000000000e+00,0.000000000000000000e+00,0.000000000000000000e+00,0.000000000000000000e+00,0.000000000000000000e+00,0.000000000000000000e+00,0.000000000000000000e+00,0.000000000000000000e+00,0.000000000000000000e+00,0.000000000000000000e+00,0.000000000000000000e+00,0.000000000000000000e+00,0.000000000000000000e+00,0.000000000000000000e+00,0.000000000000000000e+00,0.000000000000000000e+00,0.000000000000000000e+00,0.000000000000000000e+00,0.000000000000000000e+00,0.000000000000000000e+00,0.000000000000000000e+00,0.000000000000000000e+00,0.000000000000000000e+00,0.000000000000000000e+00,0.000000000000000000e+00,0.000000000000000000e+00,0.000000000000000000e+00,0.000000000000000000e+00,0.000000000000000000e+00,0.000000000000000000e+00,0.000000000000000000e+00,0.000000000000000000e+00,0.000000000000000000e+00,0.000000000000000000e+00,0.000000000000000000e+00,0.000000000000000000e+00,0.000000000000000000e+00,0.000000000000000000e+00,0.000000000000000000e+00,0.000000000000000000e+00,0.000000000000000000e+00,0.000000000000000000e+00,0.000000000000000000e+00,0.000000000000000000e+00,0.000000000000000000e+00,0.000000000000000000e+00,0.000000000000000000e+00,0.000000000000000000e+00,0.000000000000000000e+00,0.000000000000000000e+00,0.000000000000000000e+00,0.000000000000000000e+00,0.000000000000000000e+00,0.000000000000000000e+00,0.000000000000000000e+00,0.000000000000000000e+00,0.000000000000000000e+00,0.000000000000000000e+00,0.000000000000000000e+00,0.000000000000000000e+00,0.000000000000000000e+00,0.000000000000000000e+00,0.000000000000000000e+00,0.000000000000000000e+00,0.000000000000000000e+00,0.000000000000000000e+00,0.000000000000000000e+00,0.000000000000000000e+00,0.000000000000000000e+00,0.000000000000000000e+00,0.000000000000000000e+00,0.000000000000000000e+00,0.000000000000000000e+00,0.000000000000000000e+00,0.000000000000000000e+00,0.000000000000000000e+00,0.000000000000000000e+00,0.000000000000000000e+00,0.000000000000000000e+00,0.000000000000000000e+00,0.000000000000000000e+00,0.000000000000000000e+00,0.000000000000000000e+00,0.000000000000000000e+00,0.000000000000000000e+00,0.000000000000000000e+00,0.000000000000000000e+00,0.000000000000000000e+00,0.000000000000000000e+00,0.000000000000000000e+00,0.000000000000000000e+00,0.000000000000000000e+00,0.000000000000000000e+00,0.000000000000000000e+00,0.000000000000000000e+00,0.000000000000000000e+00,0.000000000000000000e+00,0.000000000000000000e+00,0.000000000000000000e+00,0.000000000000000000e+00,0.000000000000000000e+00,0.000000000000000000e+00,0.000000000000000000e+00,0.000000000000000000e+00,0.000000000000000000e+00,0.000000000000000000e+00,0.000000000000000000e+00,0.000000000000000000e+00,0.000000000000000000e+00,0.000000000000000000e+00,0.000000000000000000e+00,0.000000000000000000e+00,0.000000000000000000e+00,0.000000000000000000e+00,0.000000000000000000e+00,0.000000000000000000e+00,0.000000000000000000e+00,0.000000000000000000e+00,0.000000000000000000e+00,0.000000000000000000e+00,0.000000000000000000e+00,0.000000000000000000e+00,0.000000000000000000e+00,0.000000000000000000e+00,0.000000000000000000e+00,0.000000000000000000e+00,0.000000000000000000e+00,0.000000000000000000e+00,0.000000000000000000e+00,0.000000000000000000e+00,0.000000000000000000e+00,0.000000000000000000e+00,0.000000000000000000e+00,0.000000000000000000e+00,0.000000000000000000e+00,0.000000000000000000e+00,0.000000000000000000e+00,0.000000000000000000e+00,0.000000000000000000e+00,0.000000000000000000e+00,0.000000000000000000e+00,0.000000000000000000e+00,0.000000000000000000e+00,0.000000000000000000e+00,0.000000000000000000e+00,0.000000000000000000e+00,0.000000000000000000e+00,0.000000000000000000e+00,0.000000000000000000e+00,0.000000000000000000e+00,0.000000000000000000e+00,0.000000000000000000e+00,0.000000000000000000e+00,0.000000000000000000e+00,0.000000000000000000e+00,0.000000000000000000e+00,0.000000000000000000e+00,0.000000000000000000e+00,0.000000000000000000e+00,0.000000000000000000e+00,0.000000000000000000e+00,0.000000000000000000e+00,0.000000000000000000e+00,0.000000000000000000e+00,0.000000000000000000e+00,0.000000000000000000e+00,0.000000000000000000e+00,0.000000000000000000e+00,0.000000000000000000e+00,0.000000000000000000e+00,0.000000000000000000e+00,0.000000000000000000e+00,0.000000000000000000e+00,0.000000000000000000e+00,0.000000000000000000e+00,0.000000000000000000e+00,0.000000000000000000e+00,0.000000000000000000e+00,0.000000000000000000e+00,0.000000000000000000e+00,0.000000000000000000e+00,0.000000000000000000e+00,0.000000000000000000e+00,0.000000000000000000e+00,0.000000000000000000e+00,0.000000000000000000e+00,0.000000000000000000e+00,0.000000000000000000e+00,0.000000000000000000e+00,0.000000000000000000e+00,0.000000000000000000e+00,0.000000000000000000e+00,0.000000000000000000e+00,0.000000000000000000e+00,0.000000000000000000e+00,0.000000000000000000e+00,0.000000000000000000e+00,0.000000000000000000e+00,0.000000000000000000e+00,0.000000000000000000e+00,0.000000000000000000e+00,0.000000000000000000e+00,0.000000000000000000e+00,0.000000000000000000e+00,0.000000000000000000e+00,0.000000000000000000e+00,0.000000000000000000e+00,0.000000000000000000e+00,0.000000000000000000e+00,0.000000000000000000e+00,0.000000000000000000e+00,0.000000000000000000e+00,0.000000000000000000e+00,0.000000000000000000e+00,0.000000000000000000e+00,0.000000000000000000e+00,0.000000000000000000e+00,0.000000000000000000e+00,0.000000000000000000e+00,0.000000000000000000e+00,0.000000000000000000e+00,0.000000000000000000e+00,0.000000000000000000e+00,0.000000000000000000e+00,0.000000000000000000e+00,0.000000000000000000e+00,0.000000000000000000e+00,0.000000000000000000e+00,0.000000000000000000e+00,0.000000000000000000e+00,0.000000000000000000e+00,0.000000000000000000e+00,0.000000000000000000e+00,0.000000000000000000e+00,0.000000000000000000e+00,0.000000000000000000e+00,0.000000000000000000e+00,0.000000000000000000e+00,0.000000000000000000e+00,0.000000000000000000e+00,0.000000000000000000e+00,0.000000000000000000e+00,0.000000000000000000e+00,0.000000000000000000e+00,0.000000000000000000e+00,0.000000000000000000e+00,0.000000000000000000e+00,0.000000000000000000e+00,0.000000000000000000e+00,0.000000000000000000e+00,0.000000000000000000e+00,0.000000000000000000e+00,0.000000000000000000e+00,0.000000000000000000e+00,0.000000000000000000e+00,0.000000000000000000e+00,0.000000000000000000e+00,0.000000000000000000e+00,0.000000000000000000e+00,0.000000000000000000e+00,0.000000000000000000e+00,0.000000000000000000e+00,0.000000000000000000e+00,0.000000000000000000e+00,0.000000000000000000e+00,0.000000000000000000e+00,0.000000000000000000e+00,0.000000000000000000e+00,0.000000000000000000e+00,0.000000000000000000e+00,0.000000000000000000e+00,0.000000000000000000e+00,0.000000000000000000e+00,0.000000000000000000e+00,0.000000000000000000e+00,0.000000000000000000e+00,0.000000000000000000e+00,0.000000000000000000e+00,0.000000000000000000e+00,0.000000000000000000e+00,0.000000000000000000e+00,0.000000000000000000e+00,0.000000000000000000e+00,0.000000000000000000e+00,0.000000000000000000e+00,0.000000000000000000e+00,0.000000000000000000e+00,0.000000000000000000e+00,0.000000000000000000e+00,0.000000000000000000e+00,0.000000000000000000e+00,0.000000000000000000e+00,0.000000000000000000e+00,0.000000000000000000e+00,0.000000000000000000e+00,0.000000000000000000e+00,0.000000000000000000e+00,0.000000000000000000e+00,0.000000000000000000e+00,0.000000000000000000e+00,0.000000000000000000e+00,0.000000000000000000e+00,0.000000000000000000e+00,0.000000000000000000e+00,0.000000000000000000e+00,0.000000000000000000e+00,0.000000000000000000e+00,0.000000000000000000e+00,0.000000000000000000e+00,0.000000000000000000e+00,0.000000000000000000e+00,0.000000000000000000e+00,0.000000000000000000e+00,0.000000000000000000e+00,0.000000000000000000e+00,0.000000000000000000e+00,0.000000000000000000e+00,0.000000000000000000e+00,0.000000000000000000e+00,0.000000000000000000e+00,0.000000000000000000e+00,0.000000000000000000e+00,0.000000000000000000e+00,0.000000000000000000e+00,0.000000000000000000e+00,0.000000000000000000e+00,0.000000000000000000e+00,0.000000000000000000e+00,0.000000000000000000e+00,0.000000000000000000e+00,0.000000000000000000e+00,0.000000000000000000e+00,0.000000000000000000e+00,0.000000000000000000e+00,0.000000000000000000e+00,0.000000000000000000e+00,0.000000000000000000e+00,0.000000000000000000e+00,0.000000000000000000e+00,0.000000000000000000e+00,0.000000000000000000e+00,0.000000000000000000e+00,0.000000000000000000e+00,0.000000000000000000e+00,0.000000000000000000e+00,0.000000000000000000e+00,0.000000000000000000e+00,0.000000000000000000e+00,0.000000000000000000e+00,0.000000000000000000e+00,0.000000000000000000e+00,0.000000000000000000e+00,0.000000000000000000e+00,0.000000000000000000e+00,0.000000000000000000e+00,0.000000000000000000e+00,0.000000000000000000e+00,0.000000000000000000e+00
0.000000000000000000e+00,0.000000000000000000e+00,0.000000000000000000e+00,0.000000000000000000e+00,0.000000000000000000e+00,0.000000000000000000e+00,0.000000000000000000e+00,0.000000000000000000e+00,0.000000000000000000e+00,0.000000000000000000e+00,0.000000000000000000e+00,0.000000000000000000e+00,0.000000000000000000e+00,0.000000000000000000e+00,0.000000000000000000e+00,0.000000000000000000e+00,0.000000000000000000e+00,0.000000000000000000e+00,0.000000000000000000e+00,0.000000000000000000e+00,0.000000000000000000e+00,0.000000000000000000e+00,0.000000000000000000e+00,0.000000000000000000e+00,0.000000000000000000e+00,0.000000000000000000e+00,0.000000000000000000e+00,0.000000000000000000e+00,0.000000000000000000e+00,0.000000000000000000e+00,0.000000000000000000e+00,0.000000000000000000e+00,0.000000000000000000e+00,0.000000000000000000e+00,0.000000000000000000e+00,0.000000000000000000e+00,0.000000000000000000e+00,0.000000000000000000e+00,0.000000000000000000e+00,0.000000000000000000e+00,0.000000000000000000e+00,0.000000000000000000e+00,0.000000000000000000e+00,0.000000000000000000e+00,0.000000000000000000e+00,0.000000000000000000e+00,0.000000000000000000e+00,0.000000000000000000e+00,0.000000000000000000e+00,0.000000000000000000e+00,0.000000000000000000e+00,0.000000000000000000e+00,0.000000000000000000e+00,0.000000000000000000e+00,0.000000000000000000e+00,0.000000000000000000e+00,0.000000000000000000e+00,0.000000000000000000e+00,0.000000000000000000e+00,0.000000000000000000e+00,0.000000000000000000e+00,0.000000000000000000e+00,0.000000000000000000e+00,0.000000000000000000e+00,0.000000000000000000e+00,0.000000000000000000e+00,0.000000000000000000e+00,0.000000000000000000e+00,0.000000000000000000e+00,0.000000000000000000e+00,0.000000000000000000e+00,0.000000000000000000e+00,0.000000000000000000e+00,0.000000000000000000e+00,0.000000000000000000e+00,0.000000000000000000e+00,0.000000000000000000e+00,0.000000000000000000e+00,0.000000000000000000e+00,0.000000000000000000e+00,0.000000000000000000e+00,0.000000000000000000e+00,0.000000000000000000e+00,0.000000000000000000e+00,0.000000000000000000e+00,0.000000000000000000e+00,0.000000000000000000e+00,0.000000000000000000e+00,0.000000000000000000e+00,0.000000000000000000e+00,0.000000000000000000e+00,0.000000000000000000e+00,0.000000000000000000e+00,0.000000000000000000e+00,0.000000000000000000e+00,0.000000000000000000e+00,0.000000000000000000e+00,0.000000000000000000e+00,0.000000000000000000e+00,0.000000000000000000e+00,0.000000000000000000e+00,0.000000000000000000e+00,0.000000000000000000e+00,0.000000000000000000e+00,0.000000000000000000e+00,0.000000000000000000e+00,0.000000000000000000e+00,0.000000000000000000e+00,0.000000000000000000e+00,0.000000000000000000e+00,0.000000000000000000e+00,0.000000000000000000e+00,0.000000000000000000e+00,0.000000000000000000e+00,0.000000000000000000e+00,0.000000000000000000e+00,0.000000000000000000e+00,0.000000000000000000e+00,0.000000000000000000e+00,0.000000000000000000e+00,0.000000000000000000e+00,0.000000000000000000e+00,0.000000000000000000e+00,0.000000000000000000e+00,0.000000000000000000e+00,0.000000000000000000e+00,0.000000000000000000e+00,0.000000000000000000e+00,0.000000000000000000e+00,0.000000000000000000e+00,0.000000000000000000e+00,0.000000000000000000e+00,0.000000000000000000e+00,0.000000000000000000e+00,0.000000000000000000e+00,0.000000000000000000e+00,0.000000000000000000e+00,0.000000000000000000e+00,0.000000000000000000e+00,0.000000000000000000e+00,0.000000000000000000e+00,0.000000000000000000e+00,0.000000000000000000e+00,0.000000000000000000e+00,0.000000000000000000e+00,0.000000000000000000e+00,0.000000000000000000e+00,0.000000000000000000e+00,0.000000000000000000e+00,0.000000000000000000e+00,0.000000000000000000e+00,0.000000000000000000e+00,0.000000000000000000e+00,0.000000000000000000e+00,0.000000000000000000e+00,0.000000000000000000e+00,0.000000000000000000e+00,0.000000000000000000e+00,0.000000000000000000e+00,0.000000000000000000e+00,0.000000000000000000e+00,0.000000000000000000e+00,0.000000000000000000e+00,0.000000000000000000e+00,0.000000000000000000e+00,0.000000000000000000e+00,0.000000000000000000e+00,0.000000000000000000e+00,0.000000000000000000e+00,0.000000000000000000e+00,0.000000000000000000e+00,0.000000000000000000e+00,0.000000000000000000e+00,0.000000000000000000e+00,0.000000000000000000e+00,0.000000000000000000e+00,0.000000000000000000e+00,0.000000000000000000e+00,0.000000000000000000e+00,0.000000000000000000e+00,0.000000000000000000e+00,0.000000000000000000e+00,0.000000000000000000e+00,0.000000000000000000e+00,0.000000000000000000e+00,0.000000000000000000e+00,0.000000000000000000e+00,0.000000000000000000e+00,0.000000000000000000e+00,0.000000000000000000e+00,0.000000000000000000e+00,0.000000000000000000e+00,0.000000000000000000e+00,0.000000000000000000e+00,0.000000000000000000e+00,0.000000000000000000e+00,0.000000000000000000e+00,0.000000000000000000e+00,0.000000000000000000e+00,0.000000000000000000e+00,0.000000000000000000e+00,0.000000000000000000e+00,0.000000000000000000e+00,0.000000000000000000e+00,0.000000000000000000e+00,0.000000000000000000e+00,0.000000000000000000e+00,0.000000000000000000e+00,0.000000000000000000e+00,0.000000000000000000e+00,0.000000000000000000e+00,0.000000000000000000e+00,0.000000000000000000e+00,0.000000000000000000e+00,0.000000000000000000e+00,0.000000000000000000e+00,0.000000000000000000e+00,0.000000000000000000e+00,0.000000000000000000e+00,0.000000000000000000e+00,0.000000000000000000e+00,0.000000000000000000e+00,0.000000000000000000e+00,0.000000000000000000e+00,0.000000000000000000e+00,0.000000000000000000e+00,0.000000000000000000e+00,0.000000000000000000e+00,0.000000000000000000e+00,0.000000000000000000e+00,0.000000000000000000e+00,0.000000000000000000e+00,0.000000000000000000e+00,0.000000000000000000e+00,0.000000000000000000e+00,0.000000000000000000e+00,0.000000000000000000e+00,0.000000000000000000e+00,0.000000000000000000e+00,0.000000000000000000e+00,0.000000000000000000e+00,0.000000000000000000e+00,0.000000000000000000e+00,0.000000000000000000e+00,0.000000000000000000e+00,0.000000000000000000e+00,0.000000000000000000e+00,0.000000000000000000e+00,0.000000000000000000e+00,0.000000000000000000e+00,0.000000000000000000e+00,0.000000000000000000e+00,0.000000000000000000e+00,0.000000000000000000e+00,0.000000000000000000e+00,0.000000000000000000e+00,0.000000000000000000e+00,0.000000000000000000e+00,0.000000000000000000e+00,0.000000000000000000e+00,0.000000000000000000e+00,0.000000000000000000e+00,0.000000000000000000e+00,0.000000000000000000e+00,0.000000000000000000e+00,0.000000000000000000e+00,0.000000000000000000e+00,0.000000000000000000e+00,0.000000000000000000e+00,0.000000000000000000e+00,0.000000000000000000e+00,0.000000000000000000e+00,0.000000000000000000e+00,0.000000000000000000e+00,0.000000000000000000e+00,0.000000000000000000e+00,0.000000000000000000e+00,0.000000000000000000e+00,0.000000000000000000e+00,0.000000000000000000e+00,0.000000000000000000e+00,0.000000000000000000e+00,0.000000000000000000e+00,0.000000000000000000e+00,0.000000000000000000e+00,0.000000000000000000e+00,0.000000000000000000e+00,0.000000000000000000e+00,0.000000000000000000e+00,0.000000000000000000e+00,0.000000000000000000e+00,0.000000000000000000e+00,0.000000000000000000e+00,0.000000000000000000e+00,0.000000000000000000e+00,0.000000000000000000e+00,0.000000000000000000e+00,0.000000000000000000e+00,0.000000000000000000e+00,0.000000000000000000e+00,0.000000000000000000e+00,0.000000000000000000e+00,0.000000000000000000e+00,0.000000000000000000e+00,0.000000000000000000e+00,0.000000000000000000e+00,0.000000000000000000e+00,0.000000000000000000e+00,0.000000000000000000e+00,0.000000000000000000e+00,0.000000000000000000e+00,0.000000000000000000e+00,0.000000000000000000e+00,0.000000000000000000e+00,0.000000000000000000e+00,0.000000000000000000e+00,0.000000000000000000e+00,0.000000000000000000e+00,0.000000000000000000e+00,0.000000000000000000e+00,0.000000000000000000e+00,0.000000000000000000e+00,0.000000000000000000e+00,0.000000000000000000e+00,0.000000000000000000e+00,0.000000000000000000e+00,0.000000000000000000e+00,0.000000000000000000e+00,0.000000000000000000e+00,0.000000000000000000e+00,0.000000000000000000e+00,0.000000000000000000e+00,0.000000000000000000e+00,0.000000000000000000e+00,0.000000000000000000e+00,0.000000000000000000e+00,0.000000000000000000e+00,0.000000000000000000e+00,0.000000000000000000e+00,0.000000000000000000e+00,0.000000000000000000e+00,0.000000000000000000e+00,0.000000000000000000e+00,0.000000000000000000e+00,0.000000000000000000e+00,0.000000000000000000e+00,0.000000000000000000e+00,0.000000000000000000e+00,0.000000000000000000e+00,0.000000000000000000e+00,0.000000000000000000e+00,0.000000000000000000e+00,0.000000000000000000e+00,0.000000000000000000e+00,0.000000000000000000e+00,0.000000000000000000e+00,0.000000000000000000e+00,0.000000000000000000e+00,0.000000000000000000e+00,0.000000000000000000e+00,0.000000000000000000e+00,0.000000000000000000e+00,0.000000000000000000e+00,0.000000000000000000e+00,0.000000000000000000e+00,0.000000000000000000e+00,0.000000000000000000e+00,0.000000000000000000e+00,0.000000000000000000e+00,0.000000000000000000e+00,0.000000000000000000e+00,0.000000000000000000e+00,0.000000000000000000e+00,0.000000000000000000e+00,0.000000000000000000e+00
0.000000000000000000e+00,0.000000000000000000e+00,0.000000000000000000e+00,0.000000000000000000e+00,0.000000000000000000e+00,0.000000000000000000e+00,0.000000000000000000e+00,0.000000000000000000e+00,0.000000000000000000e+00,0.000000000000000000e+00,0.000000000000000000e+00,0.000000000000000000e+00,0.000000000000000000e+00,0.000000000000000000e+00,0.000000000000000000e+00,0.000000000000000000e+00,0.000000000000000000e+00,0.000000000000000000e+00,0.000000000000000000e+00,0.000000000000000000e+00,0.000000000000000000e+00,0.000000000000000000e+00,0.000000000000000000e+00,0.000000000000000000e+00,0.000000000000000000e+00,0.000000000000000000e+00,0.000000000000000000e+00,0.000000000000000000e+00,0.000000000000000000e+00,0.000000000000000000e+00,0.000000000000000000e+00,0.000000000000000000e+00,0.000000000000000000e+00,0.000000000000000000e+00,0.000000000000000000e+00,0.000000000000000000e+00,0.000000000000000000e+00,0.000000000000000000e+00,0.000000000000000000e+00,0.000000000000000000e+00,0.000000000000000000e+00,0.000000000000000000e+00,0.000000000000000000e+00,0.000000000000000000e+00,0.000000000000000000e+00,0.000000000000000000e+00,0.000000000000000000e+00,0.000000000000000000e+00,0.000000000000000000e+00,0.000000000000000000e+00,0.000000000000000000e+00,0.000000000000000000e+00,0.000000000000000000e+00,0.000000000000000000e+00,0.000000000000000000e+00,0.000000000000000000e+00,0.000000000000000000e+00,0.000000000000000000e+00,0.000000000000000000e+00,0.000000000000000000e+00,0.000000000000000000e+00,0.000000000000000000e+00,0.000000000000000000e+00,0.000000000000000000e+00,0.000000000000000000e+00,0.000000000000000000e+00,0.000000000000000000e+00,0.000000000000000000e+00,0.000000000000000000e+00,0.000000000000000000e+00,0.000000000000000000e+00,0.000000000000000000e+00,0.000000000000000000e+00,0.000000000000000000e+00,0.000000000000000000e+00,0.000000000000000000e+00,0.000000000000000000e+00,0.000000000000000000e+00,0.000000000000000000e+00,0.000000000000000000e+00,0.000000000000000000e+00,0.000000000000000000e+00,0.000000000000000000e+00,0.000000000000000000e+00,0.000000000000000000e+00,0.000000000000000000e+00,0.000000000000000000e+00,0.000000000000000000e+00,0.000000000000000000e+00,0.000000000000000000e+00,0.000000000000000000e+00,0.000000000000000000e+00,0.000000000000000000e+00,0.000000000000000000e+00,0.000000000000000000e+00,0.000000000000000000e+00,0.000000000000000000e+00,0.000000000000000000e+00,0.000000000000000000e+00,0.000000000000000000e+00,0.000000000000000000e+00,0.000000000000000000e+00,0.000000000000000000e+00,0.000000000000000000e+00,0.000000000000000000e+00,0.000000000000000000e+00,0.000000000000000000e+00,0.000000000000000000e+00,0.000000000000000000e+00,0.000000000000000000e+00,0.000000000000000000e+00,0.000000000000000000e+00,0.000000000000000000e+00,0.000000000000000000e+00,0.000000000000000000e+00,0.000000000000000000e+00,0.000000000000000000e+00,0.000000000000000000e+00,0.000000000000000000e+00,0.000000000000000000e+00,0.000000000000000000e+00,0.000000000000000000e+00,0.000000000000000000e+00,0.000000000000000000e+00,0.000000000000000000e+00,0.000000000000000000e+00,0.000000000000000000e+00,0.000000000000000000e+00,0.000000000000000000e+00,0.000000000000000000e+00,0.000000000000000000e+00,0.000000000000000000e+00,0.000000000000000000e+00,0.000000000000000000e+00,0.000000000000000000e+00,0.000000000000000000e+00,0.000000000000000000e+00,0.000000000000000000e+00,0.000000000000000000e+00,0.000000000000000000e+00,0.000000000000000000e+00,0.000000000000000000e+00,0.000000000000000000e+00,0.000000000000000000e+00,0.000000000000000000e+00,0.000000000000000000e+00,0.000000000000000000e+00,0.000000000000000000e+00,0.000000000000000000e+00,0.000000000000000000e+00,0.000000000000000000e+00,0.000000000000000000e+00,0.000000000000000000e+00,0.000000000000000000e+00,0.000000000000000000e+00,0.000000000000000000e+00,0.000000000000000000e+00,0.000000000000000000e+00,0.000000000000000000e+00,0.000000000000000000e+00,0.000000000000000000e+00,0.000000000000000000e+00,0.000000000000000000e+00,0.000000000000000000e+00,0.000000000000000000e+00,0.000000000000000000e+00,0.000000000000000000e+00,0.000000000000000000e+00,0.000000000000000000e+00,0.000000000000000000e+00,0.000000000000000000e+00,0.000000000000000000e+00,0.000000000000000000e+00,0.000000000000000000e+00,0.000000000000000000e+00,0.000000000000000000e+00,0.000000000000000000e+00,0.000000000000000000e+00,0.000000000000000000e+00,0.000000000000000000e+00,0.000000000000000000e+00,0.000000000000000000e+00,0.000000000000000000e+00,0.000000000000000000e+00,0.000000000000000000e+00,0.000000000000000000e+00,0.000000000000000000e+00,0.000000000000000000e+00,0.000000000000000000e+00,0.000000000000000000e+00,0.000000000000000000e+00,0.000000000000000000e+00,0.000000000000000000e+00,0.000000000000000000e+00,0.000000000000000000e+00,0.000000000000000000e+00,0.000000000000000000e+00,0.000000000000000000e+00,0.000000000000000000e+00,0.000000000000000000e+00,0.000000000000000000e+00,0.000000000000000000e+00,0.000000000000000000e+00,0.000000000000000000e+00,0.000000000000000000e+00,0.000000000000000000e+00,0.000000000000000000e+00,0.000000000000000000e+00,0.000000000000000000e+00,0.000000000000000000e+00,0.000000000000000000e+00,0.000000000000000000e+00,0.000000000000000000e+00,0.000000000000000000e+00,0.000000000000000000e+00,0.000000000000000000e+00,0.000000000000000000e+00,0.000000000000000000e+00,0.000000000000000000e+00,0.000000000000000000e+00,0.000000000000000000e+00,0.000000000000000000e+00,0.000000000000000000e+00,0.000000000000000000e+00,0.000000000000000000e+00,0.000000000000000000e+00,0.000000000000000000e+00,0.000000000000000000e+00,0.000000000000000000e+00,0.000000000000000000e+00,0.000000000000000000e+00,0.000000000000000000e+00,0.000000000000000000e+00,0.000000000000000000e+00,0.000000000000000000e+00,0.000000000000000000e+00,0.000000000000000000e+00,0.000000000000000000e+00,0.000000000000000000e+00,0.000000000000000000e+00,0.000000000000000000e+00,0.000000000000000000e+00,0.000000000000000000e+00,0.000000000000000000e+00,0.000000000000000000e+00,0.000000000000000000e+00,0.000000000000000000e+00,0.000000000000000000e+00,0.000000000000000000e+00,0.000000000000000000e+00,0.000000000000000000e+00,0.000000000000000000e+00,0.000000000000000000e+00,0.000000000000000000e+00,0.000000000000000000e+00,0.000000000000000000e+00,0.000000000000000000e+00,0.000000000000000000e+00,0.000000000000000000e+00,0.000000000000000000e+00,0.000000000000000000e+00,0.000000000000000000e+00,0.000000000000000000e+00,0.000000000000000000e+00,0.000000000000000000e+00,0.000000000000000000e+00,0.000000000000000000e+00,0.000000000000000000e+00,0.000000000000000000e+00,0.000000000000000000e+00,0.000000000000000000e+00,0.000000000000000000e+00,0.000000000000000000e+00,0.000000000000000000e+00,0.000000000000000000e+00,0.000000000000000000e+00,0.000000000000000000e+00,0.000000000000000000e+00,0.000000000000000000e+00,0.000000000000000000e+00,0.000000000000000000e+00,0.000000000000000000e+00,0.000000000000000000e+00,0.000000000000000000e+00,0.000000000000000000e+00,0.000000000000000000e+00,0.000000000000000000e+00,0.000000000000000000e+00,0.000000000000000000e+00,0.000000000000000000e+00,0.000000000000000000e+00,0.000000000000000000e+00,0.000000000000000000e+00,0.000000000000000000e+00,0.000000000000000000e+00,0.000000000000000000e+00,0.000000000000000000e+00,0.000000000000000000e+00,0.000000000000000000e+00,0.000000000000000000e+00,0.000000000000000000e+00,0.000000000000000000e+00,0.000000000000000000e+00,0.000000000000000000e+00,0.000000000000000000e+00,0.000000000000000000e+00,0.000000000000000000e+00,0.000000000000000000e+00,0.000000000000000000e+00,0.000000000000000000e+00,0.000000000000000000e+00,0.000000000000000000e+00,0.000000000000000000e+00,0.000000000000000000e+00,0.000000000000000000e+00,0.000000000000000000e+00,0.000000000000000000e+00,0.000000000000000000e+00,0.000000000000000000e+00,0.000000000000000000e+00,0.000000000000000000e+00,0.000000000000000000e+00,0.000000000000000000e+00,0.000000000000000000e+00,0.000000000000000000e+00,0.000000000000000000e+00,0.000000000000000000e+00,0.000000000000000000e+00,0.000000000000000000e+00,0.000000000000000000e+00,0.000000000000000000e+00,0.000000000000000000e+00,0.000000000000000000e+00,0.000000000000000000e+00,0.000000000000000000e+00,0.000000000000000000e+00,0.000000000000000000e+00,0.000000000000000000e+00,0.000000000000000000e+00,0.000000000000000000e+00,0.000000000000000000e+00,0.000000000000000000e+00,0.000000000000000000e+00,0.000000000000000000e+00,0.000000000000000000e+00,0.000000000000000000e+00,0.000000000000000000e+00,0.000000000000000000e+00,0.000000000000000000e+00,0.000000000000000000e+00,0.000000000000000000e+00,0.000000000000000000e+00,0.000000000000000000e+00,0.000000000000000000e+00,0.000000000000000000e+00,0.000000000000000000e+00,0.000000000000000000e+00,0.000000000000000000e+00,0.000000000000000000e+00,0.000000000000000000e+00,0.000000000000000000e+00,0.000000000000000000e+00,0.000000000000000000e+00,0.000000000000000000e+00,0.000000000000000000e+00,0.000000000000000000e+00,0.000000000000000000e+00,0.000000000000000000e+00,0.000000000000000000e+00,0.000000000000000000e+00,0.000000000000000000e+00,0.000000000000000000e+00,0.000000000000000000e+00,0.000000000000000000e+00,0.000000000000000000e+00
0.000000000000000000e+00,0.000000000000000000e+00,0.000000000000000000e+00,0.000000000000000000e+00,0.000000000000000000e+00,0.000000000000000000e+00,0.000000000000000000e+00,0.000000000000000000e+00,0.000000000000000000e+00,0.000000000000000000e+00,0.000000000000000000e+00,0.000000000000000000e+00,0.000000000000000000e+00,0.000000000000000000e+00,0.000000000000000000e+00,0.000000000000000000e+00,0.000000000000000000e+00,0.000000000000000000e+00,0.000000000000000000e+00,0.000000000000000000e+00,0.000000000000000000e+00,0.000000000000000000e+00,0.000000000000000000e+00,0.000000000000000000e+00,0.000000000000000000e+00,0.000000000000000000e+00,0.000000000000000000e+00,0.000000000000000000e+00,0.000000000000000000e+00,0.000000000000000000e+00,0.000000000000000000e+00,0.000000000000000000e+00,0.000000000000000000e+00,0.000000000000000000e+00,0.000000000000000000e+00,0.000000000000000000e+00,0.000000000000000000e+00,0.000000000000000000e+00,0.000000000000000000e+00,0.000000000000000000e+00,0.000000000000000000e+00,0.000000000000000000e+00,0.000000000000000000e+00,0.000000000000000000e+00,0.000000000000000000e+00,0.000000000000000000e+00,0.000000000000000000e+00,0.000000000000000000e+00,0.000000000000000000e+00,0.000000000000000000e+00,0.000000000000000000e+00,0.000000000000000000e+00,0.000000000000000000e+00,0.000000000000000000e+00,0.000000000000000000e+00,0.000000000000000000e+00,0.000000000000000000e+00,0.000000000000000000e+00,0.000000000000000000e+00,0.000000000000000000e+00,0.000000000000000000e+00,0.000000000000000000e+00,0.000000000000000000e+00,0.000000000000000000e+00,0.000000000000000000e+00,0.000000000000000000e+00,0.000000000000000000e+00,0.000000000000000000e+00,0.000000000000000000e+00,0.000000000000000000e+00,0.000000000000000000e+00,0.000000000000000000e+00,0.000000000000000000e+00,0.000000000000000000e+00,0.000000000000000000e+00,0.000000000000000000e+00,0.000000000000000000e+00,0.000000000000000000e+00,0.000000000000000000e+00,0.000000000000000000e+00,0.000000000000000000e+00,0.000000000000000000e+00,0.000000000000000000e+00,0.000000000000000000e+00,0.000000000000000000e+00,0.000000000000000000e+00,0.000000000000000000e+00,0.000000000000000000e+00,0.000000000000000000e+00,0.000000000000000000e+00,0.000000000000000000e+00,0.000000000000000000e+00,0.000000000000000000e+00,0.000000000000000000e+00,0.000000000000000000e+00,0.000000000000000000e+00,0.000000000000000000e+00,0.000000000000000000e+00,0.000000000000000000e+00,0.000000000000000000e+00,0.000000000000000000e+00,0.000000000000000000e+00,0.000000000000000000e+00,0.000000000000000000e+00,0.000000000000000000e+00,0.000000000000000000e+00,0.000000000000000000e+00,0.000000000000000000e+00,0.000000000000000000e+00,0.000000000000000000e+00,0.000000000000000000e+00,0.000000000000000000e+00,0.000000000000000000e+00,0.000000000000000000e+00,0.000000000000000000e+00,0.000000000000000000e+00,0.000000000000000000e+00,0.000000000000000000e+00,0.000000000000000000e+00,0.000000000000000000e+00,0.000000000000000000e+00,0.000000000000000000e+00,0.000000000000000000e+00,0.000000000000000000e+00,0.000000000000000000e+00,0.000000000000000000e+00,0.000000000000000000e+00,0.000000000000000000e+00,0.000000000000000000e+00,0.000000000000000000e+00,0.000000000000000000e+00,0.000000000000000000e+00,0.000000000000000000e+00,0.000000000000000000e+00,0.000000000000000000e+00,0.000000000000000000e+00,0.000000000000000000e+00,0.000000000000000000e+00,0.000000000000000000e+00,0.000000000000000000e+00,0.000000000000000000e+00,0.000000000000000000e+00,0.000000000000000000e+00,0.000000000000000000e+00,0.000000000000000000e+00,0.000000000000000000e+00,0.000000000000000000e+00,0.000000000000000000e+00,0.000000000000000000e+00,0.000000000000000000e+00,0.000000000000000000e+00,0.000000000000000000e+00,0.000000000000000000e+00,0.000000000000000000e+00,0.000000000000000000e+00,0.000000000000000000e+00,0.000000000000000000e+00,0.000000000000000000e+00,0.000000000000000000e+00,0.000000000000000000e+00,0.000000000000000000e+00,0.000000000000000000e+00,0.000000000000000000e+00,0.000000000000000000e+00,0.000000000000000000e+00,0.000000000000000000e+00,0.000000000000000000e+00,0.000000000000000000e+00,0.000000000000000000e+00,0.000000000000000000e+00,0.000000000000000000e+00,0.000000000000000000e+00,0.000000000000000000e+00,0.000000000000000000e+00,0.000000000000000000e+00,0.000000000000000000e+00,0.000000000000000000e+00,0.000000000000000000e+00,0.000000000000000000e+00,0.000000000000000000e+00,0.000000000000000000e+00,0.000000000000000000e+00,0.000000000000000000e+00,0.000000000000000000e+00,0.000000000000000000e+00,0.000000000000000000e+00,0.000000000000000000e+00,0.000000000000000000e+00,0.000000000000000000e+00,0.000000000000000000e+00,0.000000000000000000e+00,0.000000000000000000e+00,0.000000000000000000e+00,0.000000000000000000e+00,0.000000000000000000e+00,0.000000000000000000e+00,0.000000000000000000e+00,0.000000000000000000e+00,0.000000000000000000e+00,0.000000000000000000e+00,0.000000000000000000e+00,0.000000000000000000e+00,0.000000000000000000e+00,0.000000000000000000e+00,0.000000000000000000e+00,0.000000000000000000e+00,0.000000000000000000e+00,0.000000000000000000e+00,0.000000000000000000e+00,0.000000000000000000e+00,0.000000000000000000e+00,0.000000000000000000e+00,0.000000000000000000e+00,0.000000000000000000e+00,0.000000000000000000e+00,0.000000000000000000e+00,0.000000000000000000e+00,0.000000000000000000e+00,0.000000000000000000e+00,0.000000000000000000e+00,0.000000000000000000e+00,0.000000000000000000e+00,0.000000000000000000e+00,0.000000000000000000e+00,0.000000000000000000e+00,0.000000000000000000e+00,0.000000000000000000e+00,0.000000000000000000e+00,0.000000000000000000e+00,0.000000000000000000e+00,0.000000000000000000e+00,0.000000000000000000e+00,0.000000000000000000e+00,0.000000000000000000e+00,0.000000000000000000e+00,0.000000000000000000e+00,0.000000000000000000e+00,0.000000000000000000e+00,0.000000000000000000e+00,0.000000000000000000e+00,0.000000000000000000e+00,0.000000000000000000e+00,0.000000000000000000e+00,0.000000000000000000e+00,0.000000000000000000e+00,0.000000000000000000e+00,0.000000000000000000e+00,0.000000000000000000e+00,0.000000000000000000e+00,0.000000000000000000e+00,0.000000000000000000e+00,0.000000000000000000e+00,0.000000000000000000e+00,0.000000000000000000e+00,0.000000000000000000e+00,0.000000000000000000e+00,0.000000000000000000e+00,0.000000000000000000e+00,0.000000000000000000e+00,0.000000000000000000e+00,0.000000000000000000e+00,0.000000000000000000e+00,0.000000000000000000e+00,0.000000000000000000e+00,0.000000000000000000e+00,0.000000000000000000e+00,0.000000000000000000e+00,0.000000000000000000e+00,0.000000000000000000e+00,0.000000000000000000e+00,0.000000000000000000e+00,0.000000000000000000e+00,0.000000000000000000e+00,0.000000000000000000e+00,0.000000000000000000e+00,0.000000000000000000e+00,0.000000000000000000e+00,0.000000000000000000e+00,0.000000000000000000e+00,0.000000000000000000e+00,0.000000000000000000e+00,0.000000000000000000e+00,0.000000000000000000e+00,0.000000000000000000e+00,0.000000000000000000e+00,0.000000000000000000e+00,0.000000000000000000e+00,0.000000000000000000e+00,0.000000000000000000e+00,0.000000000000000000e+00,0.000000000000000000e+00,0.000000000000000000e+00,0.000000000000000000e+00,0.000000000000000000e+00,0.000000000000000000e+00,0.000000000000000000e+00,0.000000000000000000e+00,0.000000000000000000e+00,0.000000000000000000e+00,0.000000000000000000e+00,0.000000000000000000e+00,0.000000000000000000e+00,0.000000000000000000e+00,0.000000000000000000e+00,0.000000000000000000e+00,0.000000000000000000e+00,0.000000000000000000e+00,0.000000000000000000e+00,0.000000000000000000e+00,0.000000000000000000e+00,0.000000000000000000e+00,0.000000000000000000e+00,0.000000000000000000e+00,0.000000000000000000e+00,0.000000000000000000e+00,0.000000000000000000e+00,0.000000000000000000e+00,0.000000000000000000e+00,0.000000000000000000e+00,0.000000000000000000e+00,0.000000000000000000e+00,0.000000000000000000e+00,0.000000000000000000e+00,0.000000000000000000e+00,0.000000000000000000e+00,0.000000000000000000e+00,0.000000000000000000e+00,0.000000000000000000e+00,0.000000000000000000e+00,0.000000000000000000e+00,0.000000000000000000e+00,0.000000000000000000e+00,0.000000000000000000e+00,0.000000000000000000e+00,0.000000000000000000e+00,0.000000000000000000e+00,0.000000000000000000e+00,0.000000000000000000e+00,0.000000000000000000e+00,0.000000000000000000e+00,0.000000000000000000e+00,0.000000000000000000e+00,0.000000000000000000e+00,0.000000000000000000e+00,0.000000000000000000e+00,0.000000000000000000e+00,0.000000000000000000e+00,0.000000000000000000e+00,0.000000000000000000e+00,0.000000000000000000e+00,0.000000000000000000e+00,0.000000000000000000e+00,0.000000000000000000e+00,0.000000000000000000e+00,0.000000000000000000e+00,0.000000000000000000e+00,0.000000000000000000e+00,0.000000000000000000e+00,0.000000000000000000e+00,0.000000000000000000e+00,0.000000000000000000e+00,0.000000000000000000e+00,0.000000000000000000e+00,0.000000000000000000e+00,0.000000000000000000e+00,0.000000000000000000e+00,0.000000000000000000e+00,0.000000000000000000e+00,0.000000000000000000e+00,0.000000000000000000e+00,0.000000000000000000e+00,0.000000000000000000e+00,0.000000000000000000e+00,0.000000000000000000e+00,0.000000000000000000e+00
0.000000000000000000e+00,0.000000000000000000e+00,0.000000000000000000e+00,0.000000000000000000e+00,0.000000000000000000e+00,0.000000000000000000e+00,0.000000000000000000e+00,0.000000000000000000e+00,0.000000000000000000e+00,0.000000000000000000e+00,0.000000000000000000e+00,0.000000000000000000e+00,0.000000000000000000e+00,0.000000000000000000e+00,0.000000000000000000e+00,0.000000000000000000e+00,0.000000000000000000e+00,0.000000000000000000e+00,0.000000000000000000e+00,0.000000000000000000e+00,0.000000000000000000e+00,0.000000000000000000e+00,0.000000000000000000e+00,0.000000000000000000e+00,0.000000000000000000e+00,0.000000000000000000e+00,0.000000000000000000e+00,0.000000000000000000e+00,0.000000000000000000e+00,0.000000000000000000e+00,0.000000000000000000e+00,0.000000000000000000e+00,0.000000000000000000e+00,0.000000000000000000e+00,0.000000000000000000e+00,0.000000000000000000e+00,0.000000000000000000e+00,0.000000000000000000e+00,0.000000000000000000e+00,0.000000000000000000e+00,0.000000000000000000e+00,0.000000000000000000e+00,0.000000000000000000e+00,0.000000000000000000e+00,0.000000000000000000e+00,0.000000000000000000e+00,0.000000000000000000e+00,0.000000000000000000e+00,0.000000000000000000e+00,0.000000000000000000e+00,0.000000000000000000e+00,0.000000000000000000e+00,0.000000000000000000e+00,0.000000000000000000e+00,0.000000000000000000e+00,0.000000000000000000e+00,0.000000000000000000e+00,0.000000000000000000e+00,0.000000000000000000e+00,0.000000000000000000e+00,0.000000000000000000e+00,0.000000000000000000e+00,0.000000000000000000e+00,0.000000000000000000e+00,0.000000000000000000e+00,0.000000000000000000e+00,0.000000000000000000e+00,0.000000000000000000e+00,0.000000000000000000e+00,0.000000000000000000e+00,0.000000000000000000e+00,0.000000000000000000e+00,0.000000000000000000e+00,0.000000000000000000e+00,0.000000000000000000e+00,0.000000000000000000e+00,0.000000000000000000e+00,0.000000000000000000e+00,0.000000000000000000e+00,0.000000000000000000e+00,0.000000000000000000e+00,0.000000000000000000e+00,0.000000000000000000e+00,0.000000000000000000e+00,0.000000000000000000e+00,0.000000000000000000e+00,0.000000000000000000e+00,0.000000000000000000e+00,0.000000000000000000e+00,0.000000000000000000e+00,0.000000000000000000e+00,0.000000000000000000e+00,0.000000000000000000e+00,0.000000000000000000e+00,0.000000000000000000e+00,0.000000000000000000e+00,0.000000000000000000e+00,0.000000000000000000e+00,0.000000000000000000e+00,0.000000000000000000e+00,0.000000000000000000e+00,0.000000000000000000e+00,0.000000000000000000e+00,0.000000000000000000e+00,0.000000000000000000e+00,0.000000000000000000e+00,0.000000000000000000e+00,0.000000000000000000e+00,0.000000000000000000e+00,0.000000000000000000e+00,0.000000000000000000e+00,0.000000000000000000e+00,0.000000000000000000e+00,0.000000000000000000e+00,0.000000000000000000e+00,0.000000000000000000e+00,0.000000000000000000e+00,0.000000000000000000e+00,0.000000000000000000e+00,0.000000000000000000e+00,0.000000000000000000e+00,0.000000000000000000e+00,0.000000000000000000e+00,0.000000000000000000e+00,0.000000000000000000e+00,0.000000000000000000e+00,0.000000000000000000e+00,0.000000000000000000e+00,0.000000000000000000e+00,0.000000000000000000e+00,0.000000000000000000e+00,0.000000000000000000e+00,0.000000000000000000e+00,0.000000000000000000e+00,0.000000000000000000e+00,0.000000000000000000e+00,0.000000000000000000e+00,0.000000000000000000e+00,0.000000000000000000e+00,0.000000000000000000e+00,0.000000000000000000e+00,0.000000000000000000e+00,0.000000000000000000e+00,0.000000000000000000e+00,0.000000000000000000e+00,0.000000000000000000e+00,0.000000000000000000e+00,0.000000000000000000e+00,0.000000000000000000e+00,0.000000000000000000e+00,0.000000000000000000e+00,0.000000000000000000e+00,0.000000000000000000e+00,0.000000000000000000e+00,0.000000000000000000e+00,0.000000000000000000e+00,0.000000000000000000e+00,0.000000000000000000e+00,0.000000000000000000e+00,0.000000000000000000e+00,0.000000000000000000e+00,0.000000000000000000e+00,0.000000000000000000e+00,0.000000000000000000e+00,0.000000000000000000e+00,0.000000000000000000e+00,0.000000000000000000e+00,0.000000000000000000e+00,0.000000000000000000e+00,0.000000000000000000e+00,0.000000000000000000e+00,0.000000000000000000e+00,0.000000000000000000e+00,0.000000000000000000e+00,0.000000000000000000e+00,0.000000000000000000e+00,0.000000000000000000e+00,0.000000000000000000e+00,0.000000000000000000e+00,0.000000000000000000e+00,0.000000000000000000e+00,0.000000000000000000e+00,0.000000000000000000e+00,0.000000000000000000e+00,0.000000000000000000e+00,0.000000000000000000e+00,0.000000000000000000e+00,0.000000000000000000e+00,0.000000000000000000e+00,0.000000000000000000e+00,0.000000000000000000e+00,0.000000000000000000e+00,0.000000000000000000e+00,0.000000000000000000e+00,0.000000000000000000e+00,0.000000000000000000e+00,0.000000000000000000e+00,0.000000000000000000e+00,0.000000000000000000e+00,0.000000000000000000e+00,0.000000000000000000e+00,0.000000000000000000e+00,0.000000000000000000e+00,0.000000000000000000e+00,0.000000000000000000e+00,0.000000000000000000e+00,0.000000000000000000e+00,0.000000000000000000e+00,0.000000000000000000e+00,0.000000000000000000e+00,0.000000000000000000e+00,0.000000000000000000e+00,0.000000000000000000e+00,0.000000000000000000e+00,0.000000000000000000e+00,0.000000000000000000e+00,0.000000000000000000e+00,0.000000000000000000e+00,0.000000000000000000e+00,0.000000000000000000e+00,0.000000000000000000e+00,0.000000000000000000e+00,0.000000000000000000e+00,0.000000000000000000e+00,0.000000000000000000e+00,0.000000000000000000e+00,0.000000000000000000e+00,0.000000000000000000e+00,0.000000000000000000e+00,0.000000000000000000e+00,0.000000000000000000e+00,0.000000000000000000e+00,0.000000000000000000e+00,0.000000000000000000e+00,0.000000000000000000e+00,0.000000000000000000e+00,0.000000000000000000e+00,0.000000000000000000e+00,0.000000000000000000e+00,0.000000000000000000e+00,0.000000000000000000e+00,0.000000000000000000e+00,0.000000000000000000e+00,0.000000000000000000e+00,0.000000000000000000e+00,0.000000000000000000e+00,0.000000000000000000e+00,0.000000000000000000e+00,0.000000000000000000e+00,0.000000000000000000e+00,0.000000000000000000e+00,0.000000000000000000e+00,0.000000000000000000e+00,0.000000000000000000e+00,0.000000000000000000e+00,0.000000000000000000e+00,0.000000000000000000e+00,0.000000000000000000e+00,0.000000000000000000e+00,0.000000000000000000e+00,0.000000000000000000e+00,0.000000000000000000e+00,0.000000000000000000e+00,0.000000000000000000e+00,0.000000000000000000e+00,0.000000000000000000e+00,0.000000000000000000e+00,0.000000000000000000e+00,0.000000000000000000e+00,0.000000000000000000e+00,0.000000000000000000e+00,0.000000000000000000e+00,0.000000000000000000e+00,0.000000000000000000e+00,0.000000000000000000e+00,0.000000000000000000e+00,0.000000000000000000e+00,0.000000000000000000e+00,0.000000000000000000e+00,0.000000000000000000e+00,0.000000000000000000e+00,0.000000000000000000e+00,0.000000000000000000e+00,0.000000000000000000e+00,0.000000000000000000e+00,0.000000000000000000e+00,0.000000000000000000e+00,0.000000000000000000e+00,0.000000000000000000e+00,0.000000000000000000e+00,0.000000000000000000e+00,0.000000000000000000e+00,0.000000000000000000e+00,0.000000000000000000e+00,0.000000000000000000e+00,0.000000000000000000e+00,0.000000000000000000e+00,0.000000000000000000e+00,0.000000000000000000e+00,0.000000000000000000e+00,0.000000000000000000e+00,0.000000000000000000e+00,0.000000000000000000e+00,0.000000000000000000e+00,0.000000000000000000e+00,0.000000000000000000e+00,0.000000000000000000e+00,0.000000000000000000e+00,0.000000000000000000e+00,0.000000000000000000e+00,0.000000000000000000e+00,0.000000000000000000e+00,0.000000000000000000e+00,0.000000000000000000e+00,0.000000000000000000e+00,0.000000000000000000e+00,0.000000000000000000e+00,0.000000000000000000e+00,0.000000000000000000e+00,0.000000000000000000e+00,0.000000000000000000e+00,0.000000000000000000e+00,0.000000000000000000e+00,0.000000000000000000e+00,0.000000000000000000e+00,0.000000000000000000e+00,0.000000000000000000e+00,0.000000000000000000e+00,0.000000000000000000e+00,0.000000000000000000e+00,0.000000000000000000e+00,0.000000000000000000e+00,0.000000000000000000e+00,0.000000000000000000e+00,0.000000000000000000e+00,0.000000000000000000e+00,0.000000000000000000e+00,0.000000000000000000e+00,0.000000000000000000e+00,0.000000000000000000e+00,0.000000000000000000e+00,0.000000000000000000e+00,0.000000000000000000e+00,0.000000000000000000e+00,0.000000000000000000e+00,0.000000000000000000e+00,0.000000000000000000e+00,0.000000000000000000e+00,0.000000000000000000e+00,0.000000000000000000e+00,0.000000000000000000e+00,0.000000000000000000e+00,0.000000000000000000e+00,0.000000000000000000e+00,0.000000000000000000e+00,0.000000000000000000e+00,0.000000000000000000e+00,0.000000000000000000e+00,0.000000000000000000e+00,0.000000000000000000e+00,0.000000000000000000e+00,0.000000000000000000e+00,0.000000000000000000e+00,0.000000000000000000e+00,0.000000000000000000e+00,0.000000000000000000e+00,0.000000000000000000e+00,0.000000000000000000e+00,0.000000000000000000e+00,0.000000000000000000e+00,0.000000000000000000e+00,0.000000000000000000e+00,0.000000000000000000e+00,0.000000000000000000e+00,0.000000000000000000e+00
0.000000000000000000e+00,0.000000000000000000e+00,0.000000000000000000e+00,0.000000000000000000e+00,0.000000000000000000e+00,0.000000000000000000e+00,0.000000000000000000e+00,0.000000000000000000e+00,0.000000000000000000e+00,0.000000000000000000e+00,0.000000000000000000e+00,0.000000000000000000e+00,0.000000000000000000e+00,0.000000000000000000e+00,0.000000000000000000e+00,0.000000000000000000e+00,0.000000000000000000e+00,0.000000000000000000e+00,0.000000000000000000e+00,0.000000000000000000e+00,0.000000000000000000e+00,0.000000000000000000e+00,0.000000000000000000e+00,0.000000000000000000e+00,0.000000000000000000e+00,0.000000000000000000e+00,0.000000000000000000e+00,0.000000000000000000e+00,0.000000000000000000e+00,0.000000000000000000e+00,0.000000000000000000e+00,0.000000000000000000e+00,0.000000000000000000e+00,0.000000000000000000e+00,0.000000000000000000e+00,0.000000000000000000e+00,0.000000000000000000e+00,0.000000000000000000e+00,0.000000000000000000e+00,0.000000000000000000e+00,0.000000000000000000e+00,0.000000000000000000e+00,0.000000000000000000e+00,0.000000000000000000e+00,0.000000000000000000e+00,0.000000000000000000e+00,0.000000000000000000e+00,0.000000000000000000e+00,0.000000000000000000e+00,0.000000000000000000e+00,0.000000000000000000e+00,0.000000000000000000e+00,0.000000000000000000e+00,0.000000000000000000e+00,0.000000000000000000e+00,0.000000000000000000e+00,0.000000000000000000e+00,0.000000000000000000e+00,0.000000000000000000e+00,0.000000000000000000e+00,0.000000000000000000e+00,0.000000000000000000e+00,0.000000000000000000e+00,0.000000000000000000e+00,0.000000000000000000e+00,0.000000000000000000e+00,0.000000000000000000e+00,0.000000000000000000e+00,0.000000000000000000e+00,0.000000000000000000e+00,0.000000000000000000e+00,0.000000000000000000e+00,0.000000000000000000e+00,0.000000000000000000e+00,0.000000000000000000e+00,0.000000000000000000e+00,0.000000000000000000e+00,0.000000000000000000e+00,0.000000000000000000e+00,0.000000000000000000e+00,0.000000000000000000e+00,0.000000000000000000e+00,0.000000000000000000e+00,0.000000000000000000e+00,0.000000000000000000e+00,0.000000000000000000e+00,0.000000000000000000e+00,0.000000000000000000e+00,0.000000000000000000e+00,0.000000000000000000e+00,0.000000000000000000e+00,0.000000000000000000e+00,0.000000000000000000e+00,0.000000000000000000e+00,0.000000000000000000e+00,0.000000000000000000e+00,0.000000000000000000e+00,0.000000000000000000e+00,0.000000000000000000e+00,0.000000000000000000e+00,0.000000000000000000e+00,0.000000000000000000e+00,0.000000000000000000e+00,0.000000000000000000e+00,0.000000000000000000e+00,0.000000000000000000e+00,0.000000000000000000e+00,0.000000000000000000e+00,0.000000000000000000e+00,0.000000000000000000e+00,0.000000000000000000e+00,0.000000000000000000e+00,0.000000000000000000e+00,0.000000000000000000e+00,0.000000000000000000e+00,0.000000000000000000e+00,0.000000000000000000e+00,0.000000000000000000e+00,0.000000000000000000e+00,0.000000000000000000e+00,0.000000000000000000e+00,0.000000000000000000e+00,0.000000000000000000e+00,0.000000000000000000e+00,0.000000000000000000e+00,0.000000000000000000e+00,0.000000000000000000e+00,0.000000000000000000e+00,0.000000000000000000e+00,0.000000000000000000e+00,0.000000000000000000e+00,0.000000000000000000e+00,0.000000000000000000e+00,0.000000000000000000e+00,0.000000000000000000e+00,0.000000000000000000e+00,0.000000000000000000e+00,0.000000000000000000e+00,0.000000000000000000e+00,0.000000000000000000e+00,0.000000000000000000e+00,0.000000000000000000e+00,0.000000000000000000e+00,0.000000000000000000e+00,0.000000000000000000e+00,0.000000000000000000e+00,0.000000000000000000e+00,0.000000000000000000e+00,0.000000000000000000e+00,0.000000000000000000e+00,0.000000000000000000e+00,0.000000000000000000e+00,0.000000000000000000e+00,0.000000000000000000e+00,0.000000000000000000e+00,0.000000000000000000e+00,0.000000000000000000e+00,0.000000000000000000e+00,0.000000000000000000e+00,0.000000000000000000e+00,0.000000000000000000e+00,0.000000000000000000e+00,0.000000000000000000e+00,0.000000000000000000e+00,0.000000000000000000e+00,0.000000000000000000e+00,0.000000000000000000e+00,0.000000000000000000e+00,0.000000000000000000e+00,0.000000000000000000e+00,0.000000000000000000e+00,0.000000000000000000e+00,0.000000000000000000e+00,0.000000000000000000e+00,0.000000000000000000e+00,0.000000000000000000e+00,0.000000000000000000e+00,0.000000000000000000e+00,0.000000000000000000e+00,0.000000000000000000e+00,0.000000000000000000e+00,0.000000000000000000e+00,0.000000000000000000e+00,0.000000000000000000e+00,0.000000000000000000e+00,0.000000000000000000e+00,0.000000000000000000e+00,0.000000000000000000e+00,0.000000000000000000e+00,0.000000000000000000e+00,0.000000000000000000e+00,0.000000000000000000e+00,0.000000000000000000e+00,0.000000000000000000e+00,0.000000000000000000e+00,0.000000000000000000e+00,0.000000000000000000e+00,0.000000000000000000e+00,0.000000000000000000e+00,0.000000000000000000e+00,0.000000000000000000e+00,0.000000000000000000e+00,0.000000000000000000e+00,0.000000000000000000e+00,0.000000000000000000e+00,0.000000000000000000e+00,0.000000000000000000e+00,0.000000000000000000e+00,0.000000000000000000e+00,0.000000000000000000e+00,0.000000000000000000e+00,0.000000000000000000e+00,0.000000000000000000e+00,0.000000000000000000e+00,0.000000000000000000e+00,0.000000000000000000e+00,0.000000000000000000e+00,0.000000000000000000e+00,0.000000000000000000e+00,0.000000000000000000e+00,0.000000000000000000e+00,0.000000000000000000e+00,0.000000000000000000e+00,0.000000000000000000e+00,0.000000000000000000e+00,0.000000000000000000e+00,0.000000000000000000e+00,0.000000000000000000e+00,0.000000000000000000e+00,0.000000000000000000e+00,0.000000000000000000e+00,0.000000000000000000e+00,0.000000000000000000e+00,0.000000000000000000e+00,0.000000000000000000e+00,0.000000000000000000e+00,0.000000000000000000e+00,0.000000000000000000e+00,0.000000000000000000e+00,0.000000000000000000e+00,0.000000000000000000e+00,0.000000000000000000e+00,0.000000000000000000e+00,0.000000000000000000e+00,0.000000000000000000e+00,0.000000000000000000e+00,0.000000000000000000e+00,0.000000000000000000e+00,0.000000000000000000e+00,0.000000000000000000e+00,0.000000000000000000e+00,0.000000000000000000e+00,0.000000000000000000e+00,0.000000000000000000e+00,0.000000000000000000e+00,0.000000000000000000e+00,0.000000000000000000e+00,0.000000000000000000e+00,0.000000000000000000e+00,0.000000000000000000e+00,0.000000000000000000e+00,0.000000000000000000e+00,0.000000000000000000e+00,0.000000000000000000e+00,0.000000000000000000e+00,0.000000000000000000e+00,0.000000000000000000e+00,0.000000000000000000e+00,0.000000000000000000e+00,0.000000000000000000e+00,0.000000000000000000e+00,0.000000000000000000e+00,0.000000000000000000e+00,0.000000000000000000e+00,0.000000000000000000e+00,0.000000000000000000e+00,0.000000000000000000e+00,0.000000000000000000e+00,0.000000000000000000e+00,0.000000000000000000e+00,0.000000000000000000e+00,0.000000000000000000e+00,0.000000000000000000e+00,0.000000000000000000e+00,0.000000000000000000e+00,0.000000000000000000e+00,0.000000000000000000e+00,0.000000000000000000e+00,0.000000000000000000e+00,0.000000000000000000e+00,0.000000000000000000e+00,0.000000000000000000e+00,0.000000000000000000e+00,0.000000000000000000e+00,0.000000000000000000e+00,0.000000000000000000e+00,0.000000000000000000e+00,0.000000000000000000e+00,0.000000000000000000e+00,0.000000000000000000e+00,0.000000000000000000e+00,0.000000000000000000e+00,0.000000000000000000e+00,0.000000000000000000e+00,0.000000000000000000e+00,0.000000000000000000e+00,0.000000000000000000e+00,0.000000000000000000e+00,0.000000000000000000e+00,0.000000000000000000e+00,0.000000000000000000e+00,0.000000000000000000e+00,0.000000000000000000e+00,0.000000000000000000e+00,0.000000000000000000e+00,0.000000000000000000e+00,0.000000000000000000e+00,0.000000000000000000e+00,0.000000000000000000e+00,0.000000000000000000e+00,0.000000000000000000e+00,0.000000000000000000e+00,0.000000000000000000e+00,0.000000000000000000e+00,0.000000000000000000e+00,0.000000000000000000e+00,0.000000000000000000e+00,0.000000000000000000e+00,0.000000000000000000e+00,0.000000000000000000e+00,0.000000000000000000e+00,0.000000000000000000e+00,0.000000000000000000e+00,0.000000000000000000e+00,0.000000000000000000e+00,0.000000000000000000e+00,0.000000000000000000e+00,0.000000000000000000e+00,0.000000000000000000e+00,0.000000000000000000e+00,0.000000000000000000e+00,0.000000000000000000e+00,0.000000000000000000e+00,0.000000000000000000e+00,0.000000000000000000e+00,0.000000000000000000e+00,0.000000000000000000e+00,0.000000000000000000e+00,0.000000000000000000e+00,0.000000000000000000e+00,0.000000000000000000e+00,0.000000000000000000e+00,0.000000000000000000e+00,0.000000000000000000e+00,0.000000000000000000e+00,0.000000000000000000e+00,0.000000000000000000e+00,0.000000000000000000e+00,0.000000000000000000e+00,0.000000000000000000e+00,0.000000000000000000e+00,0.000000000000000000e+00,0.000000000000000000e+00,0.000000000000000000e+00,0.000000000000000000e+00,0.000000000000000000e+00,0.000000000000000000e+00,0.000000000000000000e+00,0.000000000000000000e+00,0.000000000000000000e+00,0.000000000000000000e+00,0.000000000000000000e+00,0.000000000000000000e+00,0.000000000000000000e+00,0.000000000000000000e+00
0.000000000000000000e+00,0.000000000000000000e+00,0.000000000000000000e+00,0.000000000000000000e+00,0.000000000000000000e+00,0.000000000000000000e+00,0.000000000000000000e+00,0.000000000000000000e+00,0.000000000000000000e+00,0.000000000000000000e+00,0.000000000000000000e+00,0.000000000000000000e+00,0.000000000000000000e+00,0.000000000000000000e+00,0.000000000000000000e+00,0.000000000000000000e+00,0.000000000000000000e+00,0.000000000000000000e+00,0.000000000000000000e+00,0.000000000000000000e+00,0.000000000000000000e+00,0.000000000000000000e+00,0.000000000000000000e+00,0.000000000000000000e+00,0.000000000000000000e+00,0.000000000000000000e+00,0.000000000000000000e+00,0.000000000000000000e+00,0.000000000000000000e+00,0.000000000000000000e+00,0.000000000000000000e+00,0.000000000000000000e+00,0.000000000000000000e+00,0.000000000000000000e+00,0.000000000000000000e+00,0.000000000000000000e+00,0.000000000000000000e+00,0.000000000000000000e+00,0.000000000000000000e+00,0.000000000000000000e+00,0.000000000000000000e+00,0.000000000000000000e+00,0.000000000000000000e+00,0.000000000000000000e+00,0.000000000000000000e+00,0.000000000000000000e+00,0.000000000000000000e+00,0.000000000000000000e+00,0.000000000000000000e+00,0.000000000000000000e+00,0.000000000000000000e+00,0.000000000000000000e+00,0.000000000000000000e+00,0.000000000000000000e+00,0.000000000000000000e+00,0.000000000000000000e+00,0.000000000000000000e+00,0.000000000000000000e+00,0.000000000000000000e+00,0.000000000000000000e+00,0.000000000000000000e+00,0.000000000000000000e+00,0.000000000000000000e+00,0.000000000000000000e+00,0.000000000000000000e+00,0.000000000000000000e+00,0.000000000000000000e+00,0.000000000000000000e+00,0.000000000000000000e+00,0.000000000000000000e+00,0.000000000000000000e+00,0.000000000000000000e+00,0.000000000000000000e+00,0.000000000000000000e+00,0.000000000000000000e+00,0.000000000000000000e+00,0.000000000000000000e+00,0.000000000000000000e+00,0.000000000000000000e+00,0.000000000000000000e+00,0.000000000000000000e+00,0.000000000000000000e+00,0.000000000000000000e+00,0.000000000000000000e+00,0.000000000000000000e+00,0.000000000000000000e+00,0.000000000000000000e+00,0.000000000000000000e+00,0.000000000000000000e+00,0.000000000000000000e+00,0.000000000000000000e+00,0.000000000000000000e+00,0.000000000000000000e+00,0.000000000000000000e+00,0.000000000000000000e+00,0.000000000000000000e+00,0.000000000000000000e+00,0.000000000000000000e+00,0.000000000000000000e+00,0.000000000000000000e+00,0.000000000000000000e+00,0.000000000000000000e+00,0.000000000000000000e+00,0.000000000000000000e+00,0.000000000000000000e+00,0.000000000000000000e+00,0.000000000000000000e+00,0.000000000000000000e+00,0.000000000000000000e+00,0.000000000000000000e+00,0.000000000000000000e+00,0.000000000000000000e+00,0.000000000000000000e+00,0.000000000000000000e+00,0.000000000000000000e+00,0.000000000000000000e+00,0.000000000000000000e+00,0.000000000000000000e+00,0.000000000000000000e+00,0.000000000000000000e+00,0.000000000000000000e+00,0.000000000000000000e+00,0.000000000000000000e+00,0.000000000000000000e+00,0.000000000000000000e+00,0.000000000000000000e+00,0.000000000000000000e+00,0.000000000000000000e+00,0.000000000000000000e+00,0.000000000000000000e+00,0.000000000000000000e+00,0.000000000000000000e+00,0.000000000000000000e+00,0.000000000000000000e+00,0.000000000000000000e+00,0.000000000000000000e+00,0.000000000000000000e+00,0.000000000000000000e+00,0.000000000000000000e+00,0.000000000000000000e+00,0.000000000000000000e+00,0.000000000000000000e+00,0.000000000000000000e+00,0.000000000000000000e+00,0.000000000000000000e+00,0.000000000000000000e+00,0.000000000000000000e+00,0.000000000000000000e+00,0.000000000000000000e+00,0.000000000000000000e+00,0.000000000000000000e+00,0.000000000000000000e+00,0.000000000000000000e+00,0.000000000000000000e+00,0.000000000000000000e+00,0.000000000000000000e+00,0.000000000000000000e+00,0.000000000000000000e+00,0.000000000000000000e+00,0.000000000000000000e+00,0.000000000000000000e+00,0.000000000000000000e+00,0.000000000000000000e+00,0.000000000000000000e+00,0.000000000000000000e+00,0.000000000000000000e+00,0.000000000000000000e+00,0.000000000000000000e+00,0.000000000000000000e+00,0.000000000000000000e+00,0.000000000000000000e+00,0.000000000000000000e+00,0.000000000000000000e+00,0.000000000000000000e+00,0.000000000000000000e+00,0.000000000000000000e+00,0.000000000000000000e+00,0.000000000000000000e+00,0.000000000000000000e+00,0.000000000000000000e+00,0.000000000000000000e+00,0.000000000000000000e+00,0.000000000000000000e+00,0.000000000000000000e+00,0.000000000000000000e+00,0.000000000000000000e+00,0.000000000000000000e+00,0.000000000000000000e+00,0.000000000000000000e+00,0.000000000000000000e+00,0.000000000000000000e+00,0.000000000000000000e+00,0.000000000000000000e+00,0.000000000000000000e+00,0.000000000000000000e+00,0.000000000000000000e+00,0.000000000000000000e+00,0.000000000000000000e+00,0.000000000000000000e+00,0.000000000000000000e+00,0.000000000000000000e+00,0.000000000000000000e+00,0.000000000000000000e+00,0.000000000000000000e+00,0.000000000000000000e+00,0.000000000000000000e+00,0.000000000000000000e+00,0.000000000000000000e+00,0.000000000000000000e+00,0.000000000000000000e+00,0.000000000000000000e+00,0.000000000000000000e+00,0.000000000000000000e+00,0.000000000000000000e+00,0.000000000000000000e+00,0.000000000000000000e+00,0.000000000000000000e+00,0.000000000000000000e+00,0.000000000000000000e+00,0.000000000000000000e+00,0.000000000000000000e+00,0.000000000000000000e+00,0.000000000000000000e+00,0.000000000000000000e+00,0.000000000000000000e+00,0.000000000000000000e+00,0.000000000000000000e+00,0.000000000000000000e+00,0.000000000000000000e+00,0.000000000000000000e+00,0.000000000000000000e+00,0.000000000000000000e+00,0.000000000000000000e+00,0.000000000000000000e+00,0.000000000000000000e+00,0.000000000000000000e+00,0.000000000000000000e+00,0.000000000000000000e+00,0.000000000000000000e+00,0.000000000000000000e+00,0.000000000000000000e+00,0.000000000000000000e+00,0.000000000000000000e+00,0.000000000000000000e+00,0.000000000000000000e+00,0.000000000000000000e+00,0.000000000000000000e+00,0.000000000000000000e+00,0.000000000000000000e+00,0.000000000000000000e+00,0.000000000000000000e+00,0.000000000000000000e+00,0.000000000000000000e+00,0.000000000000000000e+00,0.000000000000000000e+00,0.000000000000000000e+00,0.000000000000000000e+00,0.000000000000000000e+00,0.000000000000000000e+00,0.000000000000000000e+00,0.000000000000000000e+00,0.000000000000000000e+00,0.000000000000000000e+00,0.000000000000000000e+00,0.000000000000000000e+00,0.000000000000000000e+00,0.000000000000000000e+00,0.000000000000000000e+00,0.000000000000000000e+00,0.000000000000000000e+00,0.000000000000000000e+00,0.000000000000000000e+00,0.000000000000000000e+00,0.000000000000000000e+00,0.000000000000000000e+00,0.000000000000000000e+00,0.000000000000000000e+00,0.000000000000000000e+00,0.000000000000000000e+00,0.000000000000000000e+00,0.000000000000000000e+00,0.000000000000000000e+00,0.000000000000000000e+00,0.000000000000000000e+00,0.000000000000000000e+00,0.000000000000000000e+00,0.000000000000000000e+00,0.000000000000000000e+00,0.000000000000000000e+00,0.000000000000000000e+00,0.000000000000000000e+00,0.000000000000000000e+00,0.000000000000000000e+00,0.000000000000000000e+00,0.000000000000000000e+00,0.000000000000000000e+00,0.000000000000000000e+00,0.000000000000000000e+00,0.000000000000000000e+00,0.000000000000000000e+00,0.000000000000000000e+00,0.000000000000000000e+00,0.000000000000000000e+00,0.000000000000000000e+00,0.000000000000000000e+00,0.000000000000000000e+00,0.000000000000000000e+00,0.000000000000000000e+00,0.000000000000000000e+00,0.000000000000000000e+00,0.000000000000000000e+00,0.000000000000000000e+00,0.000000000000000000e+00,0.000000000000000000e+00,0.000000000000000000e+00,0.000000000000000000e+00,0.000000000000000000e+00,0.000000000000000000e+00,0.000000000000000000e+00,0.000000000000000000e+00,0.000000000000000000e+00,0.000000000000000000e+00,0.000000000000000000e+00,0.000000000000000000e+00,0.000000000000000000e+00,0.000000000000000000e+00,0.000000000000000000e+00,0.000000000000000000e+00,0.000000000000000000e+00,0.000000000000000000e+00,0.000000000000000000e+00,0.000000000000000000e+00,0.000000000000000000e+00,0.000000000000000000e+00,0.000000000000000000e+00,0.000000000000000000e+00,0.000000000000000000e+00,0.000000000000000000e+00,0.000000000000000000e+00,0.000000000000000000e+00,0.000000000000000000e+00,0.000000000000000000e+00,0.000000000000000000e+00,0.000000000000000000e+00,0.000000000000000000e+00,0.000000000000000000e+00,0.000000000000000000e+00,0.000000000000000000e+00,0.000000000000000000e+00,0.000000000000000000e+00,0.000000000000000000e+00,0.000000000000000000e+00,0.000000000000000000e+00,0.000000000000000000e+00,0.000000000000000000e+00,0.000000000000000000e+00,0.000000000000000000e+00,0.000000000000000000e+00,0.000000000000000000e+00,0.000000000000000000e+00,0.000000000000000000e+00,0.000000000000000000e+00,0.000000000000000000e+00,0.000000000000000000e+00,0.000000000000000000e+00,0.000000000000000000e+00,0.000000000000000000e+00,0.000000000000000000e+00,0.000000000000000000e+00,0.000000000000000000e+00,0.000000000000000000e+00,0.000000000000000000e+00,0.000000000000000000e+00,0.000000000000000000e+00,0.000000000000000000e+00
0.000000000000000000e+00,0.000000000000000000e+00,0.000000000000000000e+00,0.000000000000000000e+00,0.000000000000000000e+00,0.000000000000000000e+00,0.000000000000000000e+00,0.000000000000000000e+00,0.000000000000000000e+00,0.000000000000000000e+00,0.000000000000000000e+00,0.000000000000000000e+00,0.000000000000000000e+00,0.000000000000000000e+00,0.000000000000000000e+00,0.000000000000000000e+00,0.000000000000000000e+00,0.000000000000000000e+00,0.000000000000000000e+00,0.000000000000000000e+00,0.000000000000000000e+00,0.000000000000000000e+00,0.000000000000000000e+00,0.000000000000000000e+00,0.000000000000000000e+00,0.000000000000000000e+00,0.000000000000000000e+00,0.000000000000000000e+00,0.000000000000000000e+00,0.000000000000000000e+00,0.000000000000000000e+00,0.000000000000000000e+00,0.000000000000000000e+00,0.000000000000000000e+00,0.000000000000000000e+00,0.000000000000000000e+00,0.000000000000000000e+00,0.000000000000000000e+00,0.000000000000000000e+00,0.000000000000000000e+00,0.000000000000000000e+00,0.000000000000000000e+00,0.000000000000000000e+00,0.000000000000000000e+00,0.000000000000000000e+00,0.000000000000000000e+00,0.000000000000000000e+00,0.000000000000000000e+00,0.000000000000000000e+00,0.000000000000000000e+00,0.000000000000000000e+00,0.000000000000000000e+00,0.000000000000000000e+00,0.000000000000000000e+00,0.000000000000000000e+00,0.000000000000000000e+00,0.000000000000000000e+00,0.000000000000000000e+00,0.000000000000000000e+00,0.000000000000000000e+00,0.000000000000000000e+00,0.000000000000000000e+00,0.000000000000000000e+00,0.000000000000000000e+00,0.000000000000000000e+00,0.000000000000000000e+00,0.000000000000000000e+00,0.000000000000000000e+00,0.000000000000000000e+00,0.000000000000000000e+00,0.000000000000000000e+00,0.000000000000000000e+00,0.000000000000000000e+00,0.000000000000000000e+00,0.000000000000000000e+00,0.000000000000000000e+00,0.000000000000000000e+00,0.000000000000000000e+00,0.000000000000000000e+00,0.000000000000000000e+00,0.000000000000000000e+00,0.000000000000000000e+00,0.000000000000000000e+00,0.000000000000000000e+00,0.000000000000000000e+00,0.000000000000000000e+00,0.000000000000000000e+00,0.000000000000000000e+00,0.000000000000000000e+00,0.000000000000000000e+00,0.000000000000000000e+00,0.000000000000000000e+00,0.000000000000000000e+00,0.000000000000000000e+00,0.000000000000000000e+00,0.000000000000000000e+00,0.000000000000000000e+00,0.000000000000000000e+00,0.000000000000000000e+00,0.000000000000000000e+00,0.000000000000000000e+00,0.000000000000000000e+00,0.000000000000000000e+00,0.000000000000000000e+00,0.000000000000000000e+00,0.000000000000000000e+00,0.000000000000000000e+00,0.000000000000000000e+00,0.000000000000000000e+00,0.000000000000000000e+00,0.000000000000000000e+00,0.000000000000000000e+00,0.000000000000000000e+00,0.000000000000000000e+00,0.000000000000000000e+00,0.000000000000000000e+00,0.000000000000000000e+00,0.000000000000000000e+00,0.000000000000000000e+00,0.000000000000000000e+00,0.000000000000000000e+00,0.000000000000000000e+00,0.000000000000000000e+00,0.000000000000000000e+00,0.000000000000000000e+00,0.000000000000000000e+00,0.000000000000000000e+00,0.000000000000000000e+00,0.000000000000000000e+00,0.000000000000000000e+00,0.000000000000000000e+00,0.000000000000000000e+00,0.000000000000000000e+00,0.000000000000000000e+00,0.000000000000000000e+00,0.000000000000000000e+00,0.000000000000000000e+00,0.000000000000000000e+00,0.000000000000000000e+00,0.000000000000000000e+00,0.000000000000000000e+00,0.000000000000000000e+00,0.000000000000000000e+00,0.000000000000000000e+00,0.000000000000000000e+00,0.000000000000000000e+00,0.000000000000000000e+00,0.000000000000000000e+00,0.000000000000000000e+00,0.000000000000000000e+00,0.000000000000000000e+00,0.000000000000000000e+00,0.000000000000000000e+00,0.000000000000000000e+00,0.000000000000000000e+00,0.000000000000000000e+00,0.000000000000000000e+00,0.000000000000000000e+00,0.000000000000000000e+00,0.000000000000000000e+00,0.000000000000000000e+00,0.000000000000000000e+00,0.000000000000000000e+00,0.000000000000000000e+00,0.000000000000000000e+00,0.000000000000000000e+00,0.000000000000000000e+00,0.000000000000000000e+00,0.000000000000000000e+00,0.000000000000000000e+00,0.000000000000000000e+00,0.000000000000000000e+00,0.000000000000000000e+00,0.000000000000000000e+00,0.000000000000000000e+00,0.000000000000000000e+00,0.000000000000000000e+00,0.000000000000000000e+00,0.000000000000000000e+00,0.000000000000000000e+00,0.000000000000000000e+00,0.000000000000000000e+00,0.000000000000000000e+00,0.000000000000000000e+00,0.000000000000000000e+00,0.000000000000000000e+00,0.000000000000000000e+00,0.000000000000000000e+00,0.000000000000000000e+00,0.000000000000000000e+00,0.000000000000000000e+00,0.000000000000000000e+00,0.000000000000000000e+00,0.000000000000000000e+00,0.000000000000000000e+00,0.000000000000000000e+00,0.000000000000000000e+00,0.000000000000000000e+00,0.000000000000000000e+00,0.000000000000000000e+00,0.000000000000000000e+00,0.000000000000000000e+00,0.000000000000000000e+00,0.000000000000000000e+00,0.000000000000000000e+00,0.000000000000000000e+00,0.000000000000000000e+00,0.000000000000000000e+00,0.000000000000000000e+00,0.000000000000000000e+00,0.000000000000000000e+00,0.000000000000000000e+00,0.000000000000000000e+00,0.000000000000000000e+00,0.000000000000000000e+00,0.000000000000000000e+00,0.000000000000000000e+00,0.000000000000000000e+00,0.000000000000000000e+00,0.000000000000000000e+00,0.000000000000000000e+00,0.000000000000000000e+00,0.000000000000000000e+00,0.000000000000000000e+00,0.000000000000000000e+00,0.000000000000000000e+00,0.000000000000000000e+00,0.000000000000000000e+00,0.000000000000000000e+00,0.000000000000000000e+00,0.000000000000000000e+00,0.000000000000000000e+00,0.000000000000000000e+00,0.000000000000000000e+00,0.000000000000000000e+00,0.000000000000000000e+00,0.000000000000000000e+00,0.000000000000000000e+00,0.000000000000000000e+00,0.000000000000000000e+00,0.000000000000000000e+00,0.000000000000000000e+00,0.000000000000000000e+00,0.000000000000000000e+00,0.000000000000000000e+00,0.000000000000000000e+00,0.000000000000000000e+00,0.000000000000000000e+00,0.000000000000000000e+00,0.000000000000000000e+00,0.000000000000000000e+00,0.000000000000000000e+00,0.000000000000000000e+00,0.000000000000000000e+00,0.000000000000000000e+00,0.000000000000000000e+00,0.000000000000000000e+00,0.000000000000000000e+00,0.000000000000000000e+00,0.000000000000000000e+00,0.000000000000000000e+00,0.000000000000000000e+00,0.000000000000000000e+00,0.000000000000000000e+00,0.000000000000000000e+00,0.000000000000000000e+00,0.000000000000000000e+00,0.000000000000000000e+00,0.000000000000000000e+00,0.000000000000000000e+00,0.000000000000000000e+00,0.000000000000000000e+00,0.000000000000000000e+00,0.000000000000000000e+00,0.000000000000000000e+00,0.000000000000000000e+00,0.000000000000000000e+00,0.000000000000000000e+00,0.000000000000000000e+00,0.000000000000000000e+00,0.000000000000000000e+00,0.000000000000000000e+00,0.000000000000000000e+00,0.000000000000000000e+00,0.000000000000000000e+00,0.000000000000000000e+00,0.000000000000000000e+00,0.000000000000000000e+00,0.000000000000000000e+00,0.000000000000000000e+00,0.000000000000000000e+00,0.000000000000000000e+00,0.000000000000000000e+00,0.000000000000000000e+00,0.000000000000000000e+00,0.000000000000000000e+00,0.000000000000000000e+00,0.000000000000000000e+00,0.000000000000000000e+00,0.000000000000000000e+00,0.000000000000000000e+00,0.000000000000000000e+00,0.000000000000000000e+00,0.000000000000000000e+00,0.000000000000000000e+00,0.000000000000000000e+00,0.000000000000000000e+00,0.000000000000000000e+00,0.000000000000000000e+00,0.000000000000000000e+00,0.000000000000000000e+00,0.000000000000000000e+00,0.000000000000000000e+00,0.000000000000000000e+00,0.000000000000000000e+00,0.000000000000000000e+00,0.000000000000000000e+00,0.000000000000000000e+00,0.000000000000000000e+00,0.000000000000000000e+00,0.000000000000000000e+00,0.000000000000000000e+00,0.000000000000000000e+00,0.000000000000000000e+00,0.000000000000000000e+00,0.000000000000000000e+00,0.000000000000000000e+00,0.000000000000000000e+00,0.000000000000000000e+00,0.000000000000000000e+00,0.000000000000000000e+00,0.000000000000000000e+00,0.000000000000000000e+00,0.000000000000000000e+00,0.000000000000000000e+00,0.000000000000000000e+00,0.000000000000000000e+00,0.000000000000000000e+00,0.000000000000000000e+00,0.000000000000000000e+00,0.000000000000000000e+00,0.000000000000000000e+00,0.000000000000000000e+00,0.000000000000000000e+00,0.000000000000000000e+00,0.000000000000000000e+00,0.000000000000000000e+00,0.000000000000000000e+00,0.000000000000000000e+00,0.000000000000000000e+00,0.000000000000000000e+00,0.000000000000000000e+00,0.000000000000000000e+00,0.000000000000000000e+00,0.000000000000000000e+00,0.000000000000000000e+00,0.000000000000000000e+00,0.000000000000000000e+00,0.000000000000000000e+00,0.000000000000000000e+00,0.000000000000000000e+00,0.000000000000000000e+00,0.000000000000000000e+00,0.000000000000000000e+00,0.000000000000000000e+00,0.000000000000000000e+00,0.000000000000000000e+00,0.000000000000000000e+00,0.000000000000000000e+00,0.000000000000000000e+00,0.000000000000000000e+00,0.000000000000000000e+00,0.000000000000000000e+00,0.000000000000000000e+00,0.000000000000000000e+00
0.000000000000000000e+00,0.000000000000000000e+00,0.000000000000000000e+00,0.000000000000000000e+00,0.000000000000000000e+00,0.000000000000000000e+00,0.000000000000000000e+00,0.000000000000000000e+00,0.000000000000000000e+00,0.000000000000000000e+00,0.000000000000000000e+00,0.000000000000000000e+00,0.000000000000000000e+00,0.000000000000000000e+00,0.000000000000000000e+00,0.000000000000000000e+00,0.000000000000000000e+00,0.000000000000000000e+00,0.000000000000000000e+00,0.000000000000000000e+00,0.000000000000000000e+00,0.000000000000000000e+00,0.000000000000000000e+00,0.000000000000000000e+00,0.000000000000000000e+00,0.000000000000000000e+00,0.000000000000000000e+00,0.000000000000000000e+00,0.000000000000000000e+00,0.000000000000000000e+00,0.000000000000000000e+00,0.000000000000000000e+00,0.000000000000000000e+00,0.000000000000000000e+00,0.000000000000000000e+00,0.000000000000000000e+00,0.000000000000000000e+00,0.000000000000000000e+00,0.000000000000000000e+00,0.000000000000000000e+00,0.000000000000000000e+00,0.000000000000000000e+00,0.000000000000000000e+00,0.000000000000000000e+00,0.000000000000000000e+00,0.000000000000000000e+00,0.000000000000000000e+00,0.000000000000000000e+00,0.000000000000000000e+00,0.000000000000000000e+00,0.000000000000000000e+00,0.000000000000000000e+00,0.000000000000000000e+00,0.000000000000000000e+00,0.000000000000000000e+00,0.000000000000000000e+00,0.000000000000000000e+00,0.000000000000000000e+00,0.000000000000000000e+00,0.000000000000000000e+00,0.000000000000000000e+00,0.000000000000000000e+00,0.000000000000000000e+00,0.000000000000000000e+00,0.000000000000000000e+00,0.000000000000000000e+00,0.000000000000000000e+00,0.000000000000000000e+00,0.000000000000000000e+00,0.000000000000000000e+00,0.000000000000000000e+00,0.000000000000000000e+00,0.000000000000000000e+00,0.000000000000000000e+00,0.000000000000000000e+00,0.000000000000000000e+00,0.000000000000000000e+00,0.000000000000000000e+00,0.000000000000000000e+00,0.000000000000000000e+00,0.000000000000000000e+00,0.000000000000000000e+00,0.000000000000000000e+00,0.000000000000000000e+00,0.000000000000000000e+00,0.000000000000000000e+00,0.000000000000000000e+00,0.000000000000000000e+00,0.000000000000000000e+00,0.000000000000000000e+00,0.000000000000000000e+00,0.000000000000000000e+00,0.000000000000000000e+00,0.000000000000000000e+00,0.000000000000000000e+00,0.000000000000000000e+00,0.000000000000000000e+00,0.000000000000000000e+00,0.000000000000000000e+00,0.000000000000000000e+00,0.000000000000000000e+00,0.000000000000000000e+00,0.000000000000000000e+00,0.000000000000000000e+00,0.000000000000000000e+00,0.000000000000000000e+00,0.000000000000000000e+00,0.000000000000000000e+00,0.000000000000000000e+00,0.000000000000000000e+00,0.000000000000000000e+00,0.000000000000000000e+00,0.000000000000000000e+00,0.000000000000000000e+00,0.000000000000000000e+00,0.000000000000000000e+00,0.000000000000000000e+00,0.000000000000000000e+00,0.000000000000000000e+00,0.000000000000000000e+00,0.000000000000000000e+00,0.000000000000000000e+00,0.000000000000000000e+00,0.000000000000000000e+00,0.000000000000000000e+00,0.000000000000000000e+00,0.000000000000000000e+00,0.000000000000000000e+00,0.000000000000000000e+00,0.000000000000000000e+00,0.000000000000000000e+00,0.000000000000000000e+00,0.000000000000000000e+00,0.000000000000000000e+00,0.000000000000000000e+00,0.000000000000000000e+00,0.000000000000000000e+00,0.000000000000000000e+00,0.000000000000000000e+00,0.000000000000000000e+00,0.000000000000000000e+00,0.000000000000000000e+00,0.000000000000000000e+00,0.000000000000000000e+00,0.000000000000000000e+00,0.000000000000000000e+00,0.000000000000000000e+00,0.000000000000000000e+00,0.000000000000000000e+00,0.000000000000000000e+00,0.000000000000000000e+00,0.000000000000000000e+00,0.000000000000000000e+00,0.000000000000000000e+00,0.000000000000000000e+00,0.000000000000000000e+00,0.000000000000000000e+00,0.000000000000000000e+00,0.000000000000000000e+00,0.000000000000000000e+00,0.000000000000000000e+00,0.000000000000000000e+00,0.000000000000000000e+00,0.000000000000000000e+00,0.000000000000000000e+00,0.000000000000000000e+00,0.000000000000000000e+00,0.000000000000000000e+00,0.000000000000000000e+00,0.000000000000000000e+00,0.000000000000000000e+00,0.000000000000000000e+00,0.000000000000000000e+00,0.000000000000000000e+00,0.000000000000000000e+00,0.000000000000000000e+00,0.000000000000000000e+00,0.000000000000000000e+00,0.000000000000000000e+00,0.000000000000000000e+00,0.000000000000000000e+00,0.000000000000000000e+00,0.000000000000000000e+00,0.000000000000000000e+00,0.000000000000000000e+00,0.000000000000000000e+00,0.000000000000000000e+00,0.000000000000000000e+00,0.000000000000000000e+00,0.000000000000000000e+00,0.000000000000000000e+00,0.000000000000000000e+00,0.000000000000000000e+00,0.000000000000000000e+00,0.000000000000000000e+00,0.000000000000000000e+00,0.000000000000000000e+00,0.000000000000000000e+00,0.000000000000000000e+00,0.000000000000000000e+00,0.000000000000000000e+00,0.000000000000000000e+00,0.000000000000000000e+00,0.000000000000000000e+00,0.000000000000000000e+00,0.000000000000000000e+00,0.000000000000000000e+00,0.000000000000000000e+00,0.000000000000000000e+00,0.000000000000000000e+00,0.000000000000000000e+00,0.000000000000000000e+00,0.000000000000000000e+00,0.000000000000000000e+00,0.000000000000000000e+00,0.000000000000000000e+00,0.000000000000000000e+00,0.000000000000000000e+00,0.000000000000000000e+00,0.000000000000000000e+00,0.000000000000000000e+00,0.000000000000000000e+00,0.000000000000000000e+00,0.000000000000000000e+00,0.000000000000000000e+00,0.000000000000000000e+00,0.000000000000000000e+00,0.000000000000000000e+00,0.000000000000000000e+00,0.000000000000000000e+00,0.000000000000000000e+00,0.000000000000000000e+00,0.000000000000000000e+00,0.000000000000000000e+00,0.000000000000000000e+00,0.000000000000000000e+00,0.000000000000000000e+00,0.000000000000000000e+00,0.000000000000000000e+00,0.000000000000000000e+00,0.000000000000000000e+00,0.000000000000000000e+00,0.000000000000000000e+00,0.000000000000000000e+00,0.000000000000000000e+00,0.000000000000000000e+00,0.000000000000000000e+00,0.000000000000000000e+00,0.000000000000000000e+00,0.000000000000000000e+00,0.000000000000000000e+00,0.000000000000000000e+00,0.000000000000000000e+00,0.000000000000000000e+00,0.000000000000000000e+00,0.000000000000000000e+00,0.000000000000000000e+00,0.000000000000000000e+00,0.000000000000000000e+00,0.000000000000000000e+00,0.000000000000000000e+00,0.000000000000000000e+00,0.000000000000000000e+00,0.000000000000000000e+00,0.000000000000000000e+00,0.000000000000000000e+00,0.000000000000000000e+00,0.000000000000000000e+00,0.000000000000000000e+00,0.000000000000000000e+00,0.000000000000000000e+00,0.000000000000000000e+00,0.000000000000000000e+00,0.000000000000000000e+00,0.000000000000000000e+00,0.000000000000000000e+00,0.000000000000000000e+00,0.000000000000000000e+00,0.000000000000000000e+00,0.000000000000000000e+00,0.000000000000000000e+00,0.000000000000000000e+00,0.000000000000000000e+00,0.000000000000000000e+00,0.000000000000000000e+00,0.000000000000000000e+00,0.000000000000000000e+00,0.000000000000000000e+00,0.000000000000000000e+00,0.000000000000000000e+00,0.000000000000000000e+00,0.000000000000000000e+00,0.000000000000000000e+00,0.000000000000000000e+00,0.000000000000000000e+00,0.000000000000000000e+00,0.000000000000000000e+00,0.000000000000000000e+00,0.000000000000000000e+00,0.000000000000000000e+00,0.000000000000000000e+00,0.000000000000000000e+00,0.000000000000000000e+00,0.000000000000000000e+00,0.000000000000000000e+00,0.000000000000000000e+00,0.000000000000000000e+00,0.000000000000000000e+00,0.000000000000000000e+00,0.000000000000000000e+00,0.000000000000000000e+00,0.000000000000000000e+00,0.000000000000000000e+00,0.000000000000000000e+00,0.000000000000000000e+00,0.000000000000000000e+00,0.000000000000000000e+00,0.000000000000000000e+00,0.000000000000000000e+00,0.000000000000000000e+00,0.000000000000000000e+00,0.000000000000000000e+00,0.000000000000000000e+00,0.000000000000000000e+00,0.000000000000000000e+00,0.000000000000000000e+00,0.000000000000000000e+00,0.000000000000000000e+00,0.000000000000000000e+00,0.000000000000000000e+00,0.000000000000000000e+00,0.000000000000000000e+00,0.000000000000000000e+00,0.000000000000000000e+00,0.000000000000000000e+00,0.000000000000000000e+00,0.000000000000000000e+00,0.000000000000000000e+00,0.000000000000000000e+00,0.000000000000000000e+00,0.000000000000000000e+00,0.000000000000000000e+00,0.000000000000000000e+00,0.000000000000000000e+00,0.000000000000000000e+00,0.000000000000000000e+00,0.000000000000000000e+00,0.000000000000000000e+00,0.000000000000000000e+00,0.000000000000000000e+00,0.000000000000000000e+00,0.000000000000000000e+00,0.000000000000000000e+00,0.000000000000000000e+00,0.000000000000000000e+00,0.000000000000000000e+00,0.000000000000000000e+00,0.000000000000000000e+00,0.000000000000000000e+00,0.000000000000000000e+00,0.000000000000000000e+00,0.000000000000000000e+00,0.000000000000000000e+00,0.000000000000000000e+00,0.000000000000000000e+00,0.000000000000000000e+00,0.000000000000000000e+00,0.000000000000000000e+00,0.000000000000000000e+00,0.000000000000000000e+00,0.000000000000000000e+00,0.000000000000000000e+00,0.000000000000000000e+00,0.000000000000000000e+00,0.000000000000000000e+00
0.000000000000000000e+00,0.000000000000000000e+00,0.000000000000000000e+00,0.000000000000000000e+00,0.000000000000000000e+00,0.000000000000000000e+00,0.000000000000000000e+00,0.000000000000000000e+00,0.000000000000000000e+00,0.000000000000000000e+00,0.000000000000000000e+00,0.000000000000000000e+00,0.000000000000000000e+00,0.000000000000000000e+00,0.000000000000000000e+00,0.000000000000000000e+00,0.000000000000000000e+00,0.000000000000000000e+00,0.000000000000000000e+00,0.000000000000000000e+00,0.000000000000000000e+00,0.000000000000000000e+00,0.000000000000000000e+00,0.000000000000000000e+00,0.000000000000000000e+00,0.000000000000000000e+00,0.000000000000000000e+00,0.000000000000000000e+00,0.000000000000000000e+00,0.000000000000000000e+00,0.000000000000000000e+00,0.000000000000000000e+00,0.000000000000000000e+00,0.000000000000000000e+00,0.000000000000000000e+00,0.000000000000000000e+00,0.000000000000000000e+00,0.000000000000000000e+00,0.000000000000000000e+00,0.000000000000000000e+00,0.000000000000000000e+00,0.000000000000000000e+00,0.000000000000000000e+00,0.000000000000000000e+00,0.000000000000000000e+00,0.000000000000000000e+00,0.000000000000000000e+00,0.000000000000000000e+00,0.000000000000000000e+00,0.000000000000000000e+00,0.000000000000000000e+00,0.000000000000000000e+00,0.000000000000000000e+00,0.000000000000000000e+00,0.000000000000000000e+00,0.000000000000000000e+00,0.000000000000000000e+00,0.000000000000000000e+00,0.000000000000000000e+00,0.000000000000000000e+00,0.000000000000000000e+00,0.000000000000000000e+00,0.000000000000000000e+00,0.000000000000000000e+00,0.000000000000000000e+00,0.000000000000000000e+00,0.000000000000000000e+00,0.000000000000000000e+00,0.000000000000000000e+00,0.000000000000000000e+00,0.000000000000000000e+00,0.000000000000000000e+00,0.000000000000000000e+00,0.000000000000000000e+00,0.000000000000000000e+00,0.000000000000000000e+00,0.000000000000000000e+00,0.000000000000000000e+00,0.000000000000000000e+00,0.000000000000000000e+00,0.000000000000000000e+00,0.000000000000000000e+00,0.000000000000000000e+00,0.000000000000000000e+00,0.000000000000000000e+00,0.000000000000000000e+00,0.000000000000000000e+00,0.000000000000000000e+00,0.000000000000000000e+00,0.000000000000000000e+00,0.000000000000000000e+00,0.000000000000000000e+00,0.000000000000000000e+00,0.000000000000000000e+00,0.000000000000000000e+00,0.000000000000000000e+00,0.000000000000000000e+00,0.000000000000000000e+00,0.000000000000000000e+00,0.000000000000000000e+00,0.000000000000000000e+00,0.000000000000000000e+00,0.000000000000000000e+00,0.000000000000000000e+00,0.000000000000000000e+00,0.000000000000000000e+00,0.000000000000000000e+00,0.000000000000000000e+00,0.000000000000000000e+00,0.000000000000000000e+00,0.000000000000000000e+00,0.000000000000000000e+00,0.000000000000000000e+00,0.000000000000000000e+00,0.000000000000000000e+00,0.000000000000000000e+00,0.000000000000000000e+00,0.000000000000000000e+00,0.000000000000000000e+00,0.000000000000000000e+00,0.000000000000000000e+00,0.000000000000000000e+00,0.000000000000000000e+00,0.000000000000000000e+00,0.000000000000000000e+00,0.000000000000000000e+00,0.000000000000000000e+00,0.000000000000000000e+00,0.000000000000000000e+00,0.000000000000000000e+00,0.000000000000000000e+00,0.000000000000000000e+00,0.000000000000000000e+00,0.000000000000000000e+00,0.000000000000000000e+00,0.000000000000000000e+00,0.000000000000000000e+00,0.000000000000000000e+00,0.000000000000000000e+00,0.000000000000000000e+00,0.000000000000000000e+00,0.000000000000000000e+00,0.000000000000000000e+00,0.000000000000000000e+00,0.000000000000000000e+00,0.000000000000000000e+00,0.000000000000000000e+00,0.000000000000000000e+00,0.000000000000000000e+00,0.000000000000000000e+00,0.000000000000000000e+00,0.000000000000000000e+00,0.000000000000000000e+00,0.000000000000000000e+00,0.000000000000000000e+00,0.000000000000000000e+00,0.000000000000000000e+00,0.000000000000000000e+00,0.000000000000000000e+00,0.000000000000000000e+00,0.000000000000000000e+00,0.000000000000000000e+00,0.000000000000000000e+00,0.000000000000000000e+00,0.000000000000000000e+00,0.000000000000000000e+00,0.000000000000000000e+00,0.000000000000000000e+00,0.000000000000000000e+00,0.000000000000000000e+00,0.000000000000000000e+00,0.000000000000000000e+00,0.000000000000000000e+00,0.000000000000000000e+00,0.000000000000000000e+00,0.000000000000000000e+00,0.000000000000000000e+00,0.000000000000000000e+00,0.000000000000000000e+00,0.000000000000000000e+00,0.000000000000000000e+00,0.000000000000000000e+00,0.000000000000000000e+00,0.000000000000000000e+00,0.000000000000000000e+00,0.000000000000000000e+00,0.000000000000000000e+00,0.000000000000000000e+00,0.000000000000000000e+00,0.000000000000000000e+00,0.000000000000000000e+00,0.000000000000000000e+00,0.000000000000000000e+00,0.000000000000000000e+00,0.000000000000000000e+00,0.000000000000000000e+00,0.000000000000000000e+00,0.000000000000000000e+00,0.000000000000000000e+00,0.000000000000000000e+00,0.000000000000000000e+00,0.000000000000000000e+00,0.000000000000000000e+00,0.000000000000000000e+00,0.000000000000000000e+00,0.000000000000000000e+00,0.000000000000000000e+00,0.000000000000000000e+00,0.000000000000000000e+00,0.000000000000000000e+00,0.000000000000000000e+00,0.000000000000000000e+00,0.000000000000000000e+00,0.000000000000000000e+00,0.000000000000000000e+00,0.000000000000000000e+00,0.000000000000000000e+00,0.000000000000000000e+00,0.000000000000000000e+00,0.000000000000000000e+00,0.000000000000000000e+00,0.000000000000000000e+00,0.000000000000000000e+00,0.000000000000000000e+00,0.000000000000000000e+00,0.000000000000000000e+00,0.000000000000000000e+00,0.000000000000000000e+00,0.000000000000000000e+00,0.000000000000000000e+00,0.000000000000000000e+00,0.000000000000000000e+00,0.000000000000000000e+00,0.000000000000000000e+00,0.000000000000000000e+00,0.000000000000000000e+00,0.000000000000000000e+00,0.000000000000000000e+00,0.000000000000000000e+00,0.000000000000000000e+00,0.000000000000000000e+00,0.000000000000000000e+00,0.000000000000000000e+00,0.000000000000000000e+00,0.000000000000000000e+00,0.000000000000000000e+00,0.000000000000000000e+00,0.000000000000000000e+00,0.000000000000000000e+00,0.000000000000000000e+00,0.000000000000000000e+00,0.000000000000000000e+00,0.000000000000000000e+00,0.000000000000000000e+00,0.000000000000000000e+00,0.000000000000000000e+00,0.000000000000000000e+00,0.000000000000000000e+00,0.000000000000000000e+00,0.000000000000000000e+00,0.000000000000000000e+00,0.000000000000000000e+00,0.000000000000000000e+00,0.000000000000000000e+00,0.000000000000000000e+00,0.000000000000000000e+00,0.000000000000000000e+00,0.000000000000000000e+00,0.000000000000000000e+00,0.000000000000000000e+00,0.000000000000000000e+00,0.000000000000000000e+00,0.000000000000000000e+00,0.000000000000000000e+00,0.000000000000000000e+00,0.000000000000000000e+00,0.000000000000000000e+00,0.000000000000000000e+00,0.000000000000000000e+00,0.000000000000000000e+00,0.000000000000000000e+00,0.000000000000000000e+00,0.000000000000000000e+00,0.000000000000000000e+00,0.000000000000000000e+00,0.000000000000000000e+00,0.000000000000000000e+00,0.000000000000000000e+00,0.000000000000000000e+00,0.000000000000000000e+00,0.000000000000000000e+00,0.000000000000000000e+00,0.000000000000000000e+00,0.000000000000000000e+00,0.000000000000000000e+00,0.000000000000000000e+00,0.000000000000000000e+00,0.000000000000000000e+00,0.000000000000000000e+00,0.000000000000000000e+00,0.000000000000000000e+00,0.000000000000000000e+00,0.000000000000000000e+00,0.000000000000000000e+00,0.000000000000000000e+00,0.000000000000000000e+00,0.000000000000000000e+00,0.000000000000000000e+00,0.000000000000000000e+00,0.000000000000000000e+00,0.000000000000000000e+00,0.000000000000000000e+00,0.000000000000000000e+00,0.000000000000000000e+00,0.000000000000000000e+00,0.000000000000000000e+00,0.000000000000000000e+00,0.000000000000000000e+00,0.000000000000000000e+00,0.000000000000000000e+00,0.000000000000000000e+00,0.000000000000000000e+00,0.000000000000000000e+00,0.000000000000000000e+00,0.000000000000000000e+00,0.000000000000000000e+00,0.000000000000000000e+00,0.000000000000000000e+00,0.000000000000000000e+00,0.000000000000000000e+00,0.000000000000000000e+00,0.000000000000000000e+00,0.000000000000000000e+00,0.000000000000000000e+00,0.000000000000000000e+00,0.000000000000000000e+00,0.000000000000000000e+00,0.000000000000000000e+00,0.000000000000000000e+00,0.000000000000000000e+00,0.000000000000000000e+00,0.000000000000000000e+00,0.000000000000000000e+00,0.000000000000000000e+00,0.000000000000000000e+00,0.000000000000000000e+00,0.000000000000000000e+00,0.000000000000000000e+00,0.000000000000000000e+00,0.000000000000000000e+00,0.000000000000000000e+00,0.000000000000000000e+00,0.000000000000000000e+00,0.000000000000000000e+00,0.000000000000000000e+00,0.000000000000000000e+00,0.000000000000000000e+00,0.000000000000000000e+00,0.000000000000000000e+00,0.000000000000000000e+00,0.000000000000000000e+00,0.000000000000000000e+00,0.000000000000000000e+00,0.000000000000000000e+00,0.000000000000000000e+00,0.000000000000000000e+00,0.000000000000000000e+00,0.000000000000000000e+00,0.000000000000000000e+00,0.000000000000000000e+00,0.000000000000000000e+00,0.000000000000000000e+00,0.000000000000000000e+00,0.000000000000000000e+00,0.000000000000000000e+00
0.000000000000000000e+00,0.000000000000000000e+00,0.000000000000000000e+00,0.000000000000000000e+00,0.000000000000000000e+00,0.000000000000000000e+00,0.000000000000000000e+00,0.000000000000000000e+00,0.000000000000000000e+00,0.000000000000000000e+00,0.000000000000000000e+00,0.000000000000000000e+00,0.000000000000000000e+00,0.000000000000000000e+00,0.000000000000000000e+00,0.000000000000000000e+00,0.000000000000000000e+00,0.000000000000000000e+00,0.000000000000000000e+00,0.000000000000000000e+00,0.000000000000000000e+00,0.000000000000000000e+00,0.000000000000000000e+00,0.000000000000000000e+00,0.000000000000000000e+00,0.000000000000000000e+00,0.000000000000000000e+00,0.000000000000000000e+00,0.000000000000000000e+00,0.000000000000000000e+00,0.000000000000000000e+00,0.000000000000000000e+00,0.000000000000000000e+00,0.000000000000000000e+00,0.000000000000000000e+00,0.000000000000000000e+00,0.000000000000000000e+00,0.000000000000000000e+00,0.000000000000000000e+00,0.000000000000000000e+00,0.000000000000000000e+00,0.000000000000000000e+00,0.000000000000000000e+00,0.000000000000000000e+00,0.000000000000000000e+00,0.000000000000000000e+00,0.000000000000000000e+00,0.000000000000000000e+00,0.000000000000000000e+00,0.000000000000000000e+00,0.000000000000000000e+00,0.000000000000000000e+00,0.000000000000000000e+00,0.000000000000000000e+00,0.000000000000000000e+00,0.000000000000000000e+00,0.000000000000000000e+00,0.000000000000000000e+00,0.000000000000000000e+00,0.000000000000000000e+00,0.000000000000000000e+00,0.000000000000000000e+00,0.000000000000000000e+00,0.000000000000000000e+00,0.000000000000000000e+00,0.000000000000000000e+00,0.000000000000000000e+00,0.000000000000000000e+00,0.000000000000000000e+00,0.000000000000000000e+00,0.000000000000000000e+00,0.000000000000000000e+00,0.000000000000000000e+00,0.000000000000000000e+00,0.000000000000000000e+00,0.000000000000000000e+00,0.000000000000000000e+00,0.000000000000000000e+00,0.000000000000000000e+00,0.000000000000000000e+00,0.000000000000000000e+00,0.000000000000000000e+00,0.000000000000000000e+00,0.000000000000000000e+00,0.000000000000000000e+00,0.000000000000000000e+00,0.000000000000000000e+00,0.000000000000000000e+00,0.000000000000000000e+00,0.000000000000000000e+00,0.000000000000000000e+00,0.000000000000000000e+00,0.000000000000000000e+00,0.000000000000000000e+00,0.000000000000000000e+00,0.000000000000000000e+00,0.000000000000000000e+00,0.000000000000000000e+00,0.000000000000000000e+00,0.000000000000000000e+00,0.000000000000000000e+00,0.000000000000000000e+00,0.000000000000000000e+00,0.000000000000000000e+00,0.000000000000000000e+00,0.000000000000000000e+00,0.000000000000000000e+00,0.000000000000000000e+00,0.000000000000000000e+00,0.000000000000000000e+00,0.000000000000000000e+00,0.000000000000000000e+00,0.000000000000000000e+00,0.000000000000000000e+00,0.000000000000000000e+00,0.000000000000000000e+00,0.000000000000000000e+00,0.000000000000000000e+00,0.000000000000000000e+00,0.000000000000000000e+00,0.000000000000000000e+00,0.000000000000000000e+00,0.000000000000000000e+00,0.000000000000000000e+00,0.000000000000000000e+00,0.000000000000000000e+00,0.000000000000000000e+00,0.000000000000000000e+00,0.000000000000000000e+00,0.000000000000000000e+00,0.000000000000000000e+00,0.000000000000000000e+00,0.000000000000000000e+00,0.000000000000000000e+00,0.000000000000000000e+00,0.000000000000000000e+00,0.000000000000000000e+00,0.000000000000000000e+00,0.000000000000000000e+00,0.000000000000000000e+00,0.000000000000000000e+00,0.000000000000000000e+00,0.000000000000000000e+00,0.000000000000000000e+00,0.000000000000000000e+00,0.000000000000000000e+00,0.000000000000000000e+00,0.000000000000000000e+00,0.000000000000000000e+00,0.000000000000000000e+00,0.000000000000000000e+00,0.000000000000000000e+00,0.000000000000000000e+00,0.000000000000000000e+00,0.000000000000000000e+00,0.000000000000000000e+00,0.000000000000000000e+00,0.000000000000000000e+00,0.000000000000000000e+00,0.000000000000000000e+00,0.000000000000000000e+00,0.000000000000000000e+00,0.000000000000000000e+00,0.000000000000000000e+00,0.000000000000000000e+00,0.000000000000000000e+00,0.000000000000000000e+00,0.000000000000000000e+00,0.000000000000000000e+00,0.000000000000000000e+00,0.000000000000000000e+00,0.000000000000000000e+00,0.000000000000000000e+00,0.000000000000000000e+00,0.000000000000000000e+00,0.000000000000000000e+00,0.000000000000000000e+00,0.000000000000000000e+00,0.000000000000000000e+00,0.000000000000000000e+00,0.000000000000000000e+00,0.000000000000000000e+00,0.000000000000000000e+00,0.000000000000000000e+00,0.000000000000000000e+00,0.000000000000000000e+00,0.000000000000000000e+00,0.000000000000000000e+00,0.000000000000000000e+00,0.000000000000000000e+00,0.000000000000000000e+00,0.000000000000000000e+00,0.000000000000000000e+00,0.000000000000000000e+00,0.000000000000000000e+00,0.000000000000000000e+00,0.000000000000000000e+00,0.000000000000000000e+00,0.000000000000000000e+00,0.000000000000000000e+00,0.000000000000000000e+00,0.000000000000000000e+00,0.000000000000000000e+00,0.000000000000000000e+00,0.000000000000000000e+00,0.000000000000000000e+00,0.000000000000000000e+00,0.000000000000000000e+00,0.000000000000000000e+00,0.000000000000000000e+00,0.000000000000000000e+00,0.000000000000000000e+00,0.000000000000000000e+00,0.000000000000000000e+00,0.000000000000000000e+00,0.000000000000000000e+00,0.000000000000000000e+00,0.000000000000000000e+00,0.000000000000000000e+00,0.000000000000000000e+00,0.000000000000000000e+00,0.000000000000000000e+00,0.000000000000000000e+00,0.000000000000000000e+00,0.000000000000000000e+00,0.000000000000000000e+00,0.000000000000000000e+00,0.000000000000000000e+00,0.000000000000000000e+00,0.000000000000000000e+00,0.000000000000000000e+00,0.000000000000000000e+00,0.000000000000000000e+00,0.000000000000000000e+00,0.000000000000000000e+00,0.000000000000000000e+00,0.000000000000000000e+00,0.000000000000000000e+00,0.000000000000000000e+00,0.000000000000000000e+00,0.000000000000000000e+00,0.000000000000000000e+00,0.000000000000000000e+00,0.000000000000000000e+00,0.000000000000000000e+00,0.000000000000000000e+00,0.000000000000000000e+00,0.000000000000000000e+00,0.000000000000000000e+00,0.000000000000000000e+00,0.000000000000000000e+00,0.000000000000000000e+00,0.000000000000000000e+00,0.000000000000000000e+00,0.000000000000000000e+00,0.000000000000000000e+00,0.000000000000000000e+00,0.000000000000000000e+00,0.000000000000000000e+00,0.000000000000000000e+00,0.000000000000000000e+00,0.000000000000000000e+00,0.000000000000000000e+00,0.000000000000000000e+00,0.000000000000000000e+00,0.000000000000000000e+00,0.000000000000000000e+00,0.000000000000000000e+00,0.000000000000000000e+00,0.000000000000000000e+00,0.000000000000000000e+00,0.000000000000000000e+00,0.000000000000000000e+00,0.000000000000000000e+00,0.000000000000000000e+00,0.000000000000000000e+00,0.000000000000000000e+00,0.000000000000000000e+00,0.000000000000000000e+00,0.000000000000000000e+00,0.000000000000000000e+00,0.000000000000000000e+00,0.000000000000000000e+00,0.000000000000000000e+00,0.000000000000000000e+00,0.000000000000000000e+00,0.000000000000000000e+00,0.000000000000000000e+00,0.000000000000000000e+00,0.000000000000000000e+00,0.000000000000000000e+00,0.000000000000000000e+00,0.000000000000000000e+00,0.000000000000000000e+00,0.000000000000000000e+00,0.000000000000000000e+00,0.000000000000000000e+00,0.000000000000000000e+00,0.000000000000000000e+00,0.000000000000000000e+00,0.000000000000000000e+00,0.000000000000000000e+00,0.000000000000000000e+00,0.000000000000000000e+00,0.000000000000000000e+00,0.000000000000000000e+00,0.000000000000000000e+00,0.000000000000000000e+00,0.000000000000000000e+00,0.000000000000000000e+00,0.000000000000000000e+00,0.000000000000000000e+00,0.000000000000000000e+00,0.000000000000000000e+00,0.000000000000000000e+00,0.000000000000000000e+00,0.000000000000000000e+00,0.000000000000000000e+00,0.000000000000000000e+00,0.000000000000000000e+00,0.000000000000000000e+00,0.000000000000000000e+00,0.000000000000000000e+00,0.000000000000000000e+00,0.000000000000000000e+00,0.000000000000000000e+00,0.000000000000000000e+00,0.000000000000000000e+00,0.000000000000000000e+00,0.000000000000000000e+00,0.000000000000000000e+00,0.000000000000000000e+00,0.000000000000000000e+00,0.000000000000000000e+00,0.000000000000000000e+00,0.000000000000000000e+00,0.000000000000000000e+00,0.000000000000000000e+00,0.000000000000000000e+00,0.000000000000000000e+00,0.000000000000000000e+00,0.000000000000000000e+00,0.000000000000000000e+00,0.000000000000000000e+00,0.000000000000000000e+00,0.000000000000000000e+00,0.000000000000000000e+00,0.000000000000000000e+00,0.000000000000000000e+00,0.000000000000000000e+00,0.000000000000000000e+00,0.000000000000000000e+00,0.000000000000000000e+00,0.000000000000000000e+00,0.000000000000000000e+00,0.000000000000000000e+00,0.000000000000000000e+00,0.000000000000000000e+00,0.000000000000000000e+00,0.000000000000000000e+00,0.000000000000000000e+00,0.000000000000000000e+00,0.000000000000000000e+00,0.000000000000000000e+00,0.000000000000000000e+00,0.000000000000000000e+00,0.000000000000000000e+00,0.000000000000000000e+00,0.000000000000000000e+00,0.000000000000000000e+00,0.000000000000000000e+00,0.000000000000000000e+00,0.000000000000000000e+00,0.000000000000000000e+00,0.000000000000000000e+00
0.000000000000000000e+00,0.000000000000000000e+00,0.000000000000000000e+00,0.000000000000000000e+00,0.000000000000000000e+00,0.000000000000000000e+00,0.000000000000000000e+00,0.000000000000000000e+00,0.000000000000000000e+00,0.000000000000000000e+00,0.000000000000000000e+00,0.000000000000000000e+00,0.000000000000000000e+00,0.000000000000000000e+00,0.000000000000000000e+00,0.000000000000000000e+00,0.000000000000000000e+00,0.000000000000000000e+00,0.000000000000000000e+00,0.000000000000000000e+00,0.000000000000000000e+00,0.000000000000000000e+00,0.000000000000000000e+00,0.000000000000000000e+00,0.000000000000000000e+00,0.000000000000000000e+00,0.000000000000000000e+00,0.000000000000000000e+00,0.000000000000000000e+00,0.000000000000000000e+00,0.000000000000000000e+00,0.000000000000000000e+00,0.000000000000000000e+00,0.000000000000000000e+00,0.000000000000000000e+00,0.000000000000000000e+00,0.000000000000000000e+00,0.000000000000000000e+00,0.000000000000000000e+00,0.000000000000000000e+00,0.000000000000000000e+00,0.000000000000000000e+00,0.000000000000000000e+00,0.000000000000000000e+00,0.000000000000000000e+00,0.000000000000000000e+00,0.000000000000000000e+00,0.000000000000000000e+00,0.000000000000000000e+00,0.000000000000000000e+00,0.000000000000000000e+00,0.000000000000000000e+00,0.000000000000000000e+00,0.000000000000000000e+00,0.000000000000000000e+00,0.000000000000000000e+00,0.000000000000000000e+00,0.000000000000000000e+00,0.000000000000000000e+00,0.000000000000000000e+00,0.000000000000000000e+00,0.000000000000000000e+00,0.000000000000000000e+00,0.000000000000000000e+00,0.000000000000000000e+00,0.000000000000000000e+00,0.000000000000000000e+00,0.000000000000000000e+00,0.000000000000000000e+00,0.000000000000000000e+00,0.000000000000000000e+00,0.000000000000000000e+00,0.000000000000000000e+00,0.000000000000000000e+00,0.000000000000000000e+00,0.000000000000000000e+00,0.000000000000000000e+00,0.000000000000000000e+00,0.000000000000000000e+00,0.000000000000000000e+00,0.000000000000000000e+00,0.000000000000000000e+00,0.000000000000000000e+00,0.000000000000000000e+00,0.000000000000000000e+00,0.000000000000000000e+00,0.000000000000000000e+00,0.000000000000000000e+00,0.000000000000000000e+00,0.000000000000000000e+00,0.000000000000000000e+00,0.000000000000000000e+00,0.000000000000000000e+00,0.000000000000000000e+00,0.000000000000000000e+00,0.000000000000000000e+00,0.000000000000000000e+00,0.000000000000000000e+00,0.000000000000000000e+00,0.000000000000000000e+00,0.000000000000000000e+00,0.000000000000000000e+00,0.000000000000000000e+00,0.000000000000000000e+00,0.000000000000000000e+00,0.000000000000000000e+00,0.000000000000000000e+00,0.000000000000000000e+00,0.000000000000000000e+00,0.000000000000000000e+00,0.000000000000000000e+00,0.000000000000000000e+00,0.000000000000000000e+00,0.000000000000000000e+00,0.000000000000000000e+00,0.000000000000000000e+00,0.000000000000000000e+00,0.000000000000000000e+00,0.000000000000000000e+00,0.000000000000000000e+00,0.000000000000000000e+00,0.000000000000000000e+00,0.000000000000000000e+00,0.000000000000000000e+00,0.000000000000000000e+00,0.000000000000000000e+00,0.000000000000000000e+00,0.000000000000000000e+00,0.000000000000000000e+00,0.000000000000000000e+00,0.000000000000000000e+00,0.000000000000000000e+00,0.000000000000000000e+00,0.000000000000000000e+00,0.000000000000000000e+00,0.000000000000000000e+00,0.000000000000000000e+00,0.000000000000000000e+00,0.000000000000000000e+00,0.000000000000000000e+00,0.000000000000000000e+00,0.000000000000000000e+00,0.000000000000000000e+00,0.000000000000000000e+00,0.000000000000000000e+00,0.000000000000000000e+00,0.000000000000000000e+00,0.000000000000000000e+00,0.000000000000000000e+00,0.000000000000000000e+00,0.000000000000000000e+00,0.000000000000000000e+00,0.000000000000000000e+00,0.000000000000000000e+00,0.000000000000000000e+00,0.000000000000000000e+00,0.000000000000000000e+00,0.000000000000000000e+00,0.000000000000000000e+00,0.000000000000000000e+00,0.000000000000000000e+00,0.000000000000000000e+00,0.000000000000000000e+00,0.000000000000000000e+00,0.000000000000000000e+00,0.000000000000000000e+00,0.000000000000000000e+00,0.000000000000000000e+00,0.000000000000000000e+00,0.000000000000000000e+00,0.000000000000000000e+00,0.000000000000000000e+00,0.000000000000000000e+00,0.000000000000000000e+00,0.000000000000000000e+00,0.000000000000000000e+00,0.000000000000000000e+00,0.000000000000000000e+00,0.000000000000000000e+00,0.000000000000000000e+00,0.000000000000000000e+00,0.000000000000000000e+00,0.000000000000000000e+00,0.000000000000000000e+00,0.000000000000000000e+00,0.000000000000000000e+00,0.000000000000000000e+00,0.000000000000000000e+00,0.000000000000000000e+00,0.000000000000000000e+00,0.000000000000000000e+00,0.000000000000000000e+00,0.000000000000000000e+00,0.000000000000000000e+00,0.000000000000000000e+00,0.000000000000000000e+00,0.000000000000000000e+00,0.000000000000000000e+00,0.000000000000000000e+00,0.000000000000000000e+00,0.000000000000000000e+00,0.000000000000000000e+00,0.000000000000000000e+00,0.000000000000000000e+00,0.000000000000000000e+00,0.000000000000000000e+00,0.000000000000000000e+00,0.000000000000000000e+00,0.000000000000000000e+00,0.000000000000000000e+00,0.000000000000000000e+00,0.000000000000000000e+00,0.000000000000000000e+00,0.000000000000000000e+00,0.000000000000000000e+00,0.000000000000000000e+00,0.000000000000000000e+00,0.000000000000000000e+00,0.000000000000000000e+00,0.000000000000000000e+00,0.000000000000000000e+00,0.000000000000000000e+00,0.000000000000000000e+00,0.000000000000000000e+00,0.000000000000000000e+00,0.000000000000000000e+00,0.000000000000000000e+00,0.000000000000000000e+00,0.000000000000000000e+00,0.000000000000000000e+00,0.000000000000000000e+00,0.000000000000000000e+00,0.000000000000000000e+00,0.000000000000000000e+00,0.000000000000000000e+00,0.000000000000000000e+00,0.000000000000000000e+00,0.000000000000000000e+00,0.000000000000000000e+00,0.000000000000000000e+00,0.000000000000000000e+00,0.000000000000000000e+00,0.000000000000000000e+00,0.000000000000000000e+00,0.000000000000000000e+00,0.000000000000000000e+00,0.000000000000000000e+00,0.000000000000000000e+00,0.000000000000000000e+00,0.000000000000000000e+00,0.000000000000000000e+00,0.000000000000000000e+00,0.000000000000000000e+00,0.000000000000000000e+00,0.000000000000000000e+00,0.000000000000000000e+00,0.000000000000000000e+00,0.000000000000000000e+00,0.000000000000000000e+00,0.000000000000000000e+00,0.000000000000000000e+00,0.000000000000000000e+00,0.000000000000000000e+00,0.000000000000000000e+00,0.000000000000000000e+00,0.000000000000000000e+00,0.000000000000000000e+00,0.000000000000000000e+00,0.000000000000000000e+00,0.000000000000000000e+00,0.000000000000000000e+00,0.000000000000000000e+00,0.000000000000000000e+00,0.000000000000000000e+00,0.000000000000000000e+00,0.000000000000000000e+00,0.000000000000000000e+00,0.000000000000000000e+00,0.000000000000000000e+00,0.000000000000000000e+00,0.000000000000000000e+00,0.000000000000000000e+00,0.000000000000000000e+00,0.000000000000000000e+00,0.000000000000000000e+00,0.000000000000000000e+00,0.000000000000000000e+00,0.000000000000000000e+00,0.000000000000000000e+00,0.000000000000000000e+00,0.000000000000000000e+00,0.000000000000000000e+00,0.000000000000000000e+00,0.000000000000000000e+00,0.000000000000000000e+00,0.000000000000000000e+00,0.000000000000000000e+00,0.000000000000000000e+00,0.000000000000000000e+00,0.000000000000000000e+00,0.000000000000000000e+00,0.000000000000000000e+00,0.000000000000000000e+00,0.000000000000000000e+00,0.000000000000000000e+00,0.000000000000000000e+00,0.000000000000000000e+00,0.000000000000000000e+00,0.000000000000000000e+00,0.000000000000000000e+00,0.000000000000000000e+00,0.000000000000000000e+00,0.000000000000000000e+00,0.000000000000000000e+00,0.000000000000000000e+00,0.000000000000000000e+00,0.000000000000000000e+00,0.000000000000000000e+00,0.000000000000000000e+00,0.000000000000000000e+00,0.000000000000000000e+00,0.000000000000000000e+00,0.000000000000000000e+00,0.000000000000000000e+00,0.000000000000000000e+00,0.000000000000000000e+00,0.000000000000000000e+00,0.000000000000000000e+00,0.000000000000000000e+00,0.000000000000000000e+00,0.000000000000000000e+00,0.000000000000000000e+00,0.000000000000000000e+00,0.000000000000000000e+00,0.000000000000000000e+00,0.000000000000000000e+00,0.000000000000000000e+00,0.000000000000000000e+00,0.000000000000000000e+00,0.000000000000000000e+00,0.000000000000000000e+00,0.000000000000000000e+00,0.000000000000000000e+00,0.000000000000000000e+00,0.000000000000000000e+00,0.000000000000000000e+00,0.000000000000000000e+00,0.000000000000000000e+00,0.000000000000000000e+00,0.000000000000000000e+00,0.000000000000000000e+00,0.000000000000000000e+00,0.000000000000000000e+00,0.000000000000000000e+00,0.000000000000000000e+00,0.000000000000000000e+00,0.000000000000000000e+00,0.000000000000000000e+00,0.000000000000000000e+00,0.000000000000000000e+00,0.000000000000000000e+00,0.000000000000000000e+00,0.000000000000000000e+00,0.000000000000000000e+00,0.000000000000000000e+00,0.000000000000000000e+00,0.000000000000000000e+00,0.000000000000000000e+00,0.000000000000000000e+00,0.000000000000000000e+00,0.000000000000000000e+00,0.000000000000000000e+00,0.000000000000000000e+00,0.000000000000000000e+00,0.000000000000000000e+00
0.000000000000000000e+00,0.000000000000000000e+00,0.000000000000000000e+00,0.000000000000000000e+00,0.000000000000000000e+00,0.000000000000000000e+00,0.000000000000000000e+00,0.000000000000000000e+00,0.000000000000000000e+00,0.000000000000000000e+00,0.000000000000000000e+00,0.000000000000000000e+00,0.000000000000000000e+00,0.000000000000000000e+00,0.000000000000000000e+00,0.000000000000000000e+00,0.000000000000000000e+00,0.000000000000000000e+00,0.000000000000000000e+00,0.000000000000000000e+00,0.000000000000000000e+00,0.000000000000000000e+00,0.000000000000000000e+00,0.000000000000000000e+00,0.000000000000000000e+00,0.000000000000000000e+00,0.000000000000000000e+00,0.000000000000000000e+00,0.000000000000000000e+00,0.000000000000000000e+00,0.000000000000000000e+00,0.000000000000000000e+00,0.000000000000000000e+00,0.000000000000000000e+00,0.000000000000000000e+00,0.000000000000000000e+00,0.000000000000000000e+00,0.000000000000000000e+00,0.000000000000000000e+00,0.000000000000000000e+00,0.000000000000000000e+00,0.000000000000000000e+00,0.000000000000000000e+00,0.000000000000000000e+00,0.000000000000000000e+00,0.000000000000000000e+00,0.000000000000000000e+00,0.000000000000000000e+00,0.000000000000000000e+00,0.000000000000000000e+00,0.000000000000000000e+00,0.000000000000000000e+00,0.000000000000000000e+00,0.000000000000000000e+00,0.000000000000000000e+00,0.000000000000000000e+00,0.000000000000000000e+00,0.000000000000000000e+00,0.000000000000000000e+00,0.000000000000000000e+00,0.000000000000000000e+00,0.000000000000000000e+00,0.000000000000000000e+00,0.000000000000000000e+00,0.000000000000000000e+00,0.000000000000000000e+00,0.000000000000000000e+00,0.000000000000000000e+00,0.000000000000000000e+00,0.000000000000000000e+00,0.000000000000000000e+00,0.000000000000000000e+00,0.000000000000000000e+00,0.000000000000000000e+00,0.000000000000000000e+00,0.000000000000000000e+00,0.000000000000000000e+00,0.000000000000000000e+00,0.000000000000000000e+00,0.000000000000000000e+00,0.000000000000000000e+00,0.000000000000000000e+00,0.000000000000000000e+00,0.000000000000000000e+00,0.000000000000000000e+00,0.000000000000000000e+00,0.000000000000000000e+00,0.000000000000000000e+00,0.000000000000000000e+00,0.000000000000000000e+00,0.000000000000000000e+00,0.000000000000000000e+00,0.000000000000000000e+00,0.000000000000000000e+00,0.000000000000000000e+00,0.000000000000000000e+00,0.000000000000000000e+00,0.000000000000000000e+00,0.000000000000000000e+00,0.000000000000000000e+00,0.000000000000000000e+00,0.000000000000000000e+00,0.000000000000000000e+00,0.000000000000000000e+00,0.000000000000000000e+00,0.000000000000000000e+00,0.000000000000000000e+00,0.000000000000000000e+00,0.000000000000000000e+00,0.000000000000000000e+00,0.000000000000000000e+00,0.000000000000000000e+00,0.000000000000000000e+00,0.000000000000000000e+00,0.000000000000000000e+00,0.000000000000000000e+00,0.000000000000000000e+00,0.000000000000000000e+00,0.000000000000000000e+00,0.000000000000000000e+00,0.000000000000000000e+00,0.000000000000000000e+00,0.000000000000000000e+00,0.000000000000000000e+00,0.000000000000000000e+00,0.000000000000000000e+00,0.000000000000000000e+00,0.000000000000000000e+00,0.000000000000000000e+00,0.000000000000000000e+00,0.000000000000000000e+00,0.000000000000000000e+00,0.000000000000000000e+00,0.000000000000000000e+00,0.000000000000000000e+00,0.000000000000000000e+00,0.000000000000000000e+00,0.000000000000000000e+00,0.000000000000000000e+00,0.000000000000000000e+00,0.000000000000000000e+00,0.000000000000000000e+00,0.000000000000000000e+00,0.000000000000000000e+00,0.000000000000000000e+00,0.000000000000000000e+00,0.000000000000000000e+00,0.000000000000000000e+00,0.000000000000000000e+00,0.000000000000000000e+00,0.000000000000000000e+00,0.000000000000000000e+00,0.000000000000000000e+00,0.000000000000000000e+00,0.000000000000000000e+00,0.000000000000000000e+00,0.000000000000000000e+00,0.000000000000000000e+00,0.000000000000000000e+00,0.000000000000000000e+00,0.000000000000000000e+00,0.000000000000000000e+00,0.000000000000000000e+00,0.000000000000000000e+00,0.000000000000000000e+00,0.000000000000000000e+00,0.000000000000000000e+00,0.000000000000000000e+00,0.000000000000000000e+00,0.000000000000000000e+00,0.000000000000000000e+00,0.000000000000000000e+00,0.000000000000000000e+00,0.000000000000000000e+00,0.000000000000000000e+00,0.000000000000000000e+00,0.000000000000000000e+00,0.000000000000000000e+00,0.000000000000000000e+00,0.000000000000000000e+00,0.000000000000000000e+00,0.000000000000000000e+00,0.000000000000000000e+00,0.000000000000000000e+00,0.000000000000000000e+00,0.000000000000000000e+00,0.000000000000000000e+00,0.000000000000000000e+00,0.000000000000000000e+00,0.000000000000000000e+00,0.000000000000000000e+00,0.000000000000000000e+00,0.000000000000000000e+00,0.000000000000000000e+00,0.000000000000000000e+00,0.000000000000000000e+00,0.000000000000000000e+00,0.000000000000000000e+00,0.000000000000000000e+00,0.000000000000000000e+00,0.000000000000000000e+00,0.000000000000000000e+00,0.000000000000000000e+00,0.000000000000000000e+00,0.000000000000000000e+00,0.000000000000000000e+00,0.000000000000000000e+00,0.000000000000000000e+00,0.000000000000000000e+00,0.000000000000000000e+00,0.000000000000000000e+00,0.000000000000000000e+00,0.000000000000000000e+00,0.000000000000000000e+00,0.000000000000000000e+00,0.000000000000000000e+00,0.000000000000000000e+00,0.000000000000000000e+00,0.000000000000000000e+00,0.000000000000000000e+00,0.000000000000000000e+00,0.000000000000000000e+00,0.000000000000000000e+00,0.000000000000000000e+00,0.000000000000000000e+00,0.000000000000000000e+00,0.000000000000000000e+00,0.000000000000000000e+00,0.000000000000000000e+00,0.000000000000000000e+00,0.000000000000000000e+00,0.000000000000000000e+00,0.000000000000000000e+00,0.000000000000000000e+00,0.000000000000000000e+00,0.000000000000000000e+00,0.000000000000000000e+00,0.000000000000000000e+00,0.000000000000000000e+00,0.000000000000000000e+00,0.000000000000000000e+00,0.000000000000000000e+00,0.000000000000000000e+00,0.000000000000000000e+00,0.000000000000000000e+00,0.000000000000000000e+00,0.000000000000000000e+00,0.000000000000000000e+00,0.000000000000000000e+00,0.000000000000000000e+00,0.000000000000000000e+00,0.000000000000000000e+00,0.000000000000000000e+00,0.000000000000000000e+00,0.000000000000000000e+00,0.000000000000000000e+00,0.000000000000000000e+00,0.000000000000000000e+00,0.000000000000000000e+00,0.000000000000000000e+00,0.000000000000000000e+00,0.000000000000000000e+00,0.000000000000000000e+00,0.000000000000000000e+00,0.000000000000000000e+00,0.000000000000000000e+00,0.000000000000000000e+00,0.000000000000000000e+00,0.000000000000000000e+00,0.000000000000000000e+00,0.000000000000000000e+00,0.000000000000000000e+00,0.000000000000000000e+00,0.000000000000000000e+00,0.000000000000000000e+00,0.000000000000000000e+00,0.000000000000000000e+00,0.000000000000000000e+00,0.000000000000000000e+00,0.000000000000000000e+00,0.000000000000000000e+00,0.000000000000000000e+00,0.000000000000000000e+00,0.000000000000000000e+00,0.000000000000000000e+00,0.000000000000000000e+00,0.000000000000000000e+00,0.000000000000000000e+00,0.000000000000000000e+00,0.000000000000000000e+00,0.000000000000000000e+00,0.000000000000000000e+00,0.000000000000000000e+00,0.000000000000000000e+00,0.000000000000000000e+00,0.000000000000000000e+00,0.000000000000000000e+00,0.000000000000000000e+00,0.000000000000000000e+00,0.000000000000000000e+00,0.000000000000000000e+00,0.000000000000000000e+00,0.000000000000000000e+00,0.000000000000000000e+00,0.000000000000000000e+00,0.000000000000000000e+00,0.000000000000000000e+00,0.000000000000000000e+00,0.000000000000000000e+00,0.000000000000000000e+00,0.000000000000000000e+00,0.000000000000000000e+00,0.000000000000000000e+00,0.000000000000000000e+00,0.000000000000000000e+00,0.000000000000000000e+00,0.000000000000000000e+00,0.000000000000000000e+00,0.000000000000000000e+00,0.000000000000000000e+00,0.000000000000000000e+00,0.000000000000000000e+00,0.000000000000000000e+00,0.000000000000000000e+00,0.000000000000000000e+00,0.000000000000000000e+00,0.000000000000000000e+00,0.000000000000000000e+00,0.000000000000000000e+00,0.000000000000000000e+00,0.000000000000000000e+00,0.000000000000000000e+00,0.000000000000000000e+00,0.000000000000000000e+00,0.000000000000000000e+00,0.000000000000000000e+00,0.000000000000000000e+00,0.000000000000000000e+00,0.000000000000000000e+00,0.000000000000000000e+00,0.000000000000000000e+00,0.000000000000000000e+00,0.000000000000000000e+00,0.000000000000000000e+00,0.000000000000000000e+00,0.000000000000000000e+00,0.000000000000000000e+00,0.000000000000000000e+00,0.000000000000000000e+00,0.000000000000000000e+00,0.000000000000000000e+00,0.000000000000000000e+00,0.000000000000000000e+00,0.000000000000000000e+00,0.000000000000000000e+00,0.000000000000000000e+00,0.000000000000000000e+00,0.000000000000000000e+00,0.000000000000000000e+00,0.000000000000000000e+00,0.000000000000000000e+00,0.000000000000000000e+00,0.000000000000000000e+00,0.000000000000000000e+00,0.000000000000000000e+00,0.000000000000000000e+00,0.000000000000000000e+00,0.000000000000000000e+00,0.000000000000000000e+00,0.000000000000000000e+00,0.000000000000000000e+00,0.000000000000000000e+00,0.000000000000000000e+00,0.000000000000000000e+00,0.000000000000000000e+00
0.000000000000000000e+00,0.000000000000000000e+00,0.000000000000000000e+00,0.000000000000000000e+00,0.000000000000000000e+00,0.000000000000000000e+00,0.000000000000000000e+00,0.000000000000000000e+00,0.000000000000000000e+00,0.000000000000000000e+00,0.000000000000000000e+00,0.000000000000000000e+00,0.000000000000000000e+00,0.000000000000000000e+00,0.000000000000000000e+00,0.000000000000000000e+00,0.000000000000000000e+00,0.000000000000000000e+00,0.000000000000000000e+00,0.000000000000000000e+00,0.000000000000000000e+00,0.000000000000000000e+00,0.000000000000000000e+00,0.000000000000000000e+00,0.000000000000000000e+00,0.000000000000000000e+00,0.000000000000000000e+00,0.000000000000000000e+00,0.000000000000000000e+00,0.000000000000000000e+00,0.000000000000000000e+00,0.000000000000000000e+00,0.000000000000000000e+00,0.000000000000000000e+00,0.000000000000000000e+00,0.000000000000000000e+00,0.000000000000000000e+00,0.000000000000000000e+00,0.000000000000000000e+00,0.000000000000000000e+00,0.000000000000000000e+00,0.000000000000000000e+00,0.000000000000000000e+00,0.000000000000000000e+00,0.000000000000000000e+00,0.000000000000000000e+00,0.000000000000000000e+00,0.000000000000000000e+00,0.000000000000000000e+00,0.000000000000000000e+00,0.000000000000000000e+00,0.000000000000000000e+00,0.000000000000000000e+00,0.000000000000000000e+00,0.000000000000000000e+00,0.000000000000000000e+00,0.000000000000000000e+00,0.000000000000000000e+00,0.000000000000000000e+00,0.000000000000000000e+00,0.000000000000000000e+00,0.000000000000000000e+00,0.000000000000000000e+00,0.000000000000000000e+00,0.000000000000000000e+00,0.000000000000000000e+00,0.000000000000000000e+00,0.000000000000000000e+00,0.000000000000000000e+00,0.000000000000000000e+00,0.000000000000000000e+00,0.000000000000000000e+00,0.000000000000000000e+00,0.000000000000000000e+00,0.000000000000000000e+00,0.000000000000000000e+00,0.000000000000000000e+00,0.000000000000000000e+00,0.000000000000000000e+00,0.000000000000000000e+00,0.000000000000000000e+00,0.000000000000000000e+00,0.000000000000000000e+00,0.000000000000000000e+00,0.000000000000000000e+00,0.000000000000000000e+00,0.000000000000000000e+00,0.000000000000000000e+00,0.000000000000000000e+00,0.000000000000000000e+00,0.000000000000000000e+00,0.000000000000000000e+00,0.000000000000000000e+00,0.000000000000000000e+00,0.000000000000000000e+00,0.000000000000000000e+00,0.000000000000000000e+00,0.000000000000000000e+00,0.000000000000000000e+00,0.000000000000000000e+00,0.000000000000000000e+00,0.000000000000000000e+00,0.000000000000000000e+00,0.000000000000000000e+00,0.000000000000000000e+00,0.000000000000000000e+00,0.000000000000000000e+00,0.000000000000000000e+00,0.000000000000000000e+00,0.000000000000000000e+00,0.000000000000000000e+00,0.000000000000000000e+00,0.000000000000000000e+00,0.000000000000000000e+00,0.000000000000000000e+00,0.000000000000000000e+00,0.000000000000000000e+00,0.000000000000000000e+00,0.000000000000000000e+00,0.000000000000000000e+00,0.000000000000000000e+00,0.000000000000000000e+00,0.000000000000000000e+00,0.000000000000000000e+00,0.000000000000000000e+00,0.000000000000000000e+00,0.000000000000000000e+00,0.000000000000000000e+00,0.000000000000000000e+00,0.000000000000000000e+00,0.000000000000000000e+00,0.000000000000000000e+00,0.000000000000000000e+00,0.000000000000000000e+00,0.000000000000000000e+00,0.000000000000000000e+00,0.000000000000000000e+00,0.000000000000000000e+00,0.000000000000000000e+00,0.000000000000000000e+00,0.000000000000000000e+00,0.000000000000000000e+00,0.000000000000000000e+00,0.000000000000000000e+00,0.000000000000000000e+00,0.000000000000000000e+00,0.000000000000000000e+00,0.000000000000000000e+00,0.000000000000000000e+00,0.000000000000000000e+00,0.000000000000000000e+00,0.000000000000000000e+00,0.000000000000000000e+00,0.000000000000000000e+00,0.000000000000000000e+00,0.000000000000000000e+00,0.000000000000000000e+00,0.000000000000000000e+00,0.000000000000000000e+00,0.000000000000000000e+00,0.000000000000000000e+00,0.000000000000000000e+00,0.000000000000000000e+00,0.000000000000000000e+00,0.000000000000000000e+00,0.000000000000000000e+00,0.000000000000000000e+00,0.000000000000000000e+00,0.000000000000000000e+00,0.000000000000000000e+00,0.000000000000000000e+00,0.000000000000000000e+00,0.000000000000000000e+00,0.000000000000000000e+00,0.000000000000000000e+00,0.000000000000000000e+00,0.000000000000000000e+00,0.000000000000000000e+00,0.000000000000000000e+00,0.000000000000000000e+00,0.000000000000000000e+00,0.000000000000000000e+00,0.000000000000000000e+00,0.000000000000000000e+00,0.000000000000000000e+00,0.000000000000000000e+00,0.000000000000000000e+00,0.000000000000000000e+00,0.000000000000000000e+00,0.000000000000000000e+00,0.000000000000000000e+00,0.000000000000000000e+00,0.000000000000000000e+00,0.000000000000000000e+00,0.000000000000000000e+00,0.000000000000000000e+00,0.000000000000000000e+00,0.000000000000000000e+00,0.000000000000000000e+00,0.000000000000000000e+00,0.000000000000000000e+00,0.000000000000000000e+00,0.000000000000000000e+00,0.000000000000000000e+00,0.000000000000000000e+00,0.000000000000000000e+00,0.000000000000000000e+00,0.000000000000000000e+00,0.000000000000000000e+00,0.000000000000000000e+00,0.000000000000000000e+00,0.000000000000000000e+00,0.000000000000000000e+00,0.000000000000000000e+00,0.000000000000000000e+00,0.000000000000000000e+00,0.000000000000000000e+00,0.000000000000000000e+00,0.000000000000000000e+00,0.000000000000000000e+00,0.000000000000000000e+00,0.000000000000000000e+00,0.000000000000000000e+00,0.000000000000000000e+00,0.000000000000000000e+00,0.000000000000000000e+00,0.000000000000000000e+00,0.000000000000000000e+00,0.000000000000000000e+00,0.000000000000000000e+00,0.000000000000000000e+00,0.000000000000000000e+00,0.000000000000000000e+00,0.000000000000000000e+00,0.000000000000000000e+00,0.000000000000000000e+00,0.000000000000000000e+00,0.000000000000000000e+00,0.000000000000000000e+00,0.000000000000000000e+00,0.000000000000000000e+00,0.000000000000000000e+00,0.000000000000000000e+00,0.000000000000000000e+00,0.000000000000000000e+00,0.000000000000000000e+00,0.000000000000000000e+00,0.000000000000000000e+00,0.000000000000000000e+00,0.000000000000000000e+00,0.000000000000000000e+00,0.000000000000000000e+00,0.000000000000000000e+00,0.000000000000000000e+00,0.000000000000000000e+00,0.000000000000000000e+00,0.000000000000000000e+00,0.000000000000000000e+00,0.000000000000000000e+00,0.000000000000000000e+00,0.000000000000000000e+00,0.000000000000000000e+00,0.000000000000000000e+00,0.000000000000000000e+00,0.000000000000000000e+00,0.000000000000000000e+00,0.000000000000000000e+00,0.000000000000000000e+00,0.000000000000000000e+00,0.000000000000000000e+00,0.000000000000000000e+00,0.000000000000000000e+00,0.000000000000000000e+00,0.000000000000000000e+00,0.000000000000000000e+00,0.000000000000000000e+00,0.000000000000000000e+00,0.000000000000000000e+00,0.000000000000000000e+00,0.000000000000000000e+00,0.000000000000000000e+00,0.000000000000000000e+00,0.000000000000000000e+00,0.000000000000000000e+00,0.000000000000000000e+00,0.000000000000000000e+00,0.000000000000000000e+00,0.000000000000000000e+00,0.000000000000000000e+00,0.000000000000000000e+00,0.000000000000000000e+00,0.000000000000000000e+00,0.000000000000000000e+00,0.000000000000000000e+00,0.000000000000000000e+00,0.000000000000000000e+00,0.000000000000000000e+00,0.000000000000000000e+00,0.000000000000000000e+00,0.000000000000000000e+00,0.000000000000000000e+00,0.000000000000000000e+00,0.000000000000000000e+00,0.000000000000000000e+00,0.000000000000000000e+00,0.000000000000000000e+00,0.000000000000000000e+00,0.000000000000000000e+00,0.000000000000000000e+00,0.000000000000000000e+00,0.000000000000000000e+00,0.000000000000000000e+00,0.000000000000000000e+00,0.000000000000000000e+00,0.000000000000000000e+00,0.000000000000000000e+00,0.000000000000000000e+00,0.000000000000000000e+00,0.000000000000000000e+00,0.000000000000000000e+00,0.000000000000000000e+00,0.000000000000000000e+00,0.000000000000000000e+00,0.000000000000000000e+00,0.000000000000000000e+00,0.000000000000000000e+00,0.000000000000000000e+00,0.000000000000000000e+00,0.000000000000000000e+00,0.000000000000000000e+00,0.000000000000000000e+00,0.000000000000000000e+00,0.000000000000000000e+00,0.000000000000000000e+00,0.000000000000000000e+00,0.000000000000000000e+00,0.000000000000000000e+00,0.000000000000000000e+00,0.000000000000000000e+00,0.000000000000000000e+00,0.000000000000000000e+00,0.000000000000000000e+00,0.000000000000000000e+00,0.000000000000000000e+00,0.000000000000000000e+00,0.000000000000000000e+00,0.000000000000000000e+00,0.000000000000000000e+00,0.000000000000000000e+00,0.000000000000000000e+00,0.000000000000000000e+00,0.000000000000000000e+00,0.000000000000000000e+00,0.000000000000000000e+00,0.000000000000000000e+00,0.000000000000000000e+00,0.000000000000000000e+00,0.000000000000000000e+00,0.000000000000000000e+00,0.000000000000000000e+00,0.000000000000000000e+00,0.000000000000000000e+00,0.000000000000000000e+00,0.000000000000000000e+00,0.000000000000000000e+00,0.000000000000000000e+00,0.000000000000000000e+00,0.000000000000000000e+00,0.000000000000000000e+00,0.000000000000000000e+00,0.000000000000000000e+00,0.000000000000000000e+00,0.000000000000000000e+00,0.000000000000000000e+00,0.000000000000000000e+00
0.000000000000000000e+00,0.000000000000000000e+00,0.000000000000000000e+00,0.000000000000000000e+00,0.000000000000000000e+00,0.000000000000000000e+00,0.000000000000000000e+00,0.000000000000000000e+00,0.000000000000000000e+00,0.000000000000000000e+00,0.000000000000000000e+00,0.000000000000000000e+00,0.000000000000000000e+00,0.000000000000000000e+00,0.000000000000000000e+00,0.000000000000000000e+00,0.000000000000000000e+00,0.000000000000000000e+00,0.000000000000000000e+00,0.000000000000000000e+00,0.000000000000000000e+00,0.000000000000000000e+00,0.000000000000000000e+00,0.000000000000000000e+00,0.000000000000000000e+00,0.000000000000000000e+00,0.000000000000000000e+00,0.000000000000000000e+00,0.000000000000000000e+00,0.000000000000000000e+00,0.000000000000000000e+00,0.000000000000000000e+00,0.000000000000000000e+00,0.000000000000000000e+00,0.000000000000000000e+00,0.000000000000000000e+00,0.000000000000000000e+00,0.000000000000000000e+00,0.000000000000000000e+00,0.000000000000000000e+00,0.000000000000000000e+00,0.000000000000000000e+00,0.000000000000000000e+00,0.000000000000000000e+00,0.000000000000000000e+00,0.000000000000000000e+00,0.000000000000000000e+00,0.000000000000000000e+00,0.000000000000000000e+00,0.000000000000000000e+00,0.000000000000000000e+00,0.000000000000000000e+00,0.000000000000000000e+00,0.000000000000000000e+00,0.000000000000000000e+00,0.000000000000000000e+00,0.000000000000000000e+00,0.000000000000000000e+00,0.000000000000000000e+00,0.000000000000000000e+00,0.000000000000000000e+00,0.000000000000000000e+00,0.000000000000000000e+00,0.000000000000000000e+00,0.000000000000000000e+00,0.000000000000000000e+00,0.000000000000000000e+00,0.000000000000000000e+00,0.000000000000000000e+00,0.000000000000000000e+00,0.000000000000000000e+00,0.000000000000000000e+00,0.000000000000000000e+00,0.000000000000000000e+00,0.000000000000000000e+00,0.000000000000000000e+00,0.000000000000000000e+00,0.000000000000000000e+00,0.000000000000000000e+00,0.000000000000000000e+00,0.000000000000000000e+00,0.000000000000000000e+00,0.000000000000000000e+00,0.000000000000000000e+00,0.000000000000000000e+00,0.000000000000000000e+00,0.000000000000000000e+00,0.000000000000000000e+00,0.000000000000000000e+00,0.000000000000000000e+00,0.000000000000000000e+00,0.000000000000000000e+00,0.000000000000000000e+00,0.000000000000000000e+00,0.000000000000000000e+00,0.000000000000000000e+00,0.000000000000000000e+00,0.000000000000000000e+00,0.000000000000000000e+00,0.000000000000000000e+00,0.000000000000000000e+00,0.000000000000000000e+00,0.000000000000000000e+00,0.000000000000000000e+00,0.000000000000000000e+00,0.000000000000000000e+00,0.000000000000000000e+00,0.000000000000000000e+00,0.000000000000000000e+00,0.000000000000000000e+00,0.000000000000000000e+00,0.000000000000000000e+00,0.000000000000000000e+00,0.000000000000000000e+00,0.000000000000000000e+00,0.000000000000000000e+00,0.000000000000000000e+00,0.000000000000000000e+00,0.000000000000000000e+00,0.000000000000000000e+00,0.000000000000000000e+00,0.000000000000000000e+00,0.000000000000000000e+00,0.000000000000000000e+00,0.000000000000000000e+00,0.000000000000000000e+00,0.000000000000000000e+00,0.000000000000000000e+00,0.000000000000000000e+00,0.000000000000000000e+00,0.000000000000000000e+00,0.000000000000000000e+00,0.000000000000000000e+00,0.000000000000000000e+00,0.000000000000000000e+00,0.000000000000000000e+00,0.000000000000000000e+00,0.000000000000000000e+00,0.000000000000000000e+00,0.000000000000000000e+00,0.000000000000000000e+00,0.000000000000000000e+00,0.000000000000000000e+00,0.000000000000000000e+00,0.000000000000000000e+00,0.000000000000000000e+00,0.000000000000000000e+00,0.000000000000000000e+00,0.000000000000000000e+00,0.000000000000000000e+00,0.000000000000000000e+00,0.000000000000000000e+00,0.000000000000000000e+00,0.000000000000000000e+00,0.000000000000000000e+00,0.000000000000000000e+00,0.000000000000000000e+00,0.000000000000000000e+00,0.000000000000000000e+00,0.000000000000000000e+00,0.000000000000000000e+00,0.000000000000000000e+00,0.000000000000000000e+00,0.000000000000000000e+00,0.000000000000000000e+00,0.000000000000000000e+00,0.000000000000000000e+00,0.000000000000000000e+00,0.000000000000000000e+00,0.000000000000000000e+00,0.000000000000000000e+00,0.000000000000000000e+00,0.000000000000000000e+00,0.000000000000000000e+00,0.000000000000000000e+00,0.000000000000000000e+00,0.000000000000000000e+00,0.000000000000000000e+00,0.000000000000000000e+00,0.000000000000000000e+00,0.000000000000000000e+00,0.000000000000000000e+00,0.000000000000000000e+00,0.000000000000000000e+00,0.000000000000000000e+00,0.000000000000000000e+00,0.000000000000000000e+00,0.000000000000000000e+00,0.000000000000000000e+00,0.000000000000000000e+00,0.000000000000000000e+00,0.000000000000000000e+00,0.000000000000000000e+00,0.000000000000000000e+00,0.000000000000000000e+00,0.000000000000000000e+00,0.000000000000000000e+00,0.000000000000000000e+00,0.000000000000000000e+00,0.000000000000000000e+00,0.000000000000000000e+00,0.000000000000000000e+00,0.000000000000000000e+00,0.000000000000000000e+00,0.000000000000000000e+00,0.000000000000000000e+00,0.000000000000000000e+00,0.000000000000000000e+00,0.000000000000000000e+00,0.000000000000000000e+00,0.000000000000000000e+00,0.000000000000000000e+00,0.000000000000000000e+00,0.000000000000000000e+00,0.000000000000000000e+00,0.000000000000000000e+00,0.000000000000000000e+00,0.000000000000000000e+00,0.000000000000000000e+00,0.000000000000000000e+00,0.000000000000000000e+00,0.000000000000000000e+00,0.000000000000000000e+00,0.000000000000000000e+00,0.000000000000000000e+00,0.000000000000000000e+00,0.000000000000000000e+00,0.000000000000000000e+00,0.000000000000000000e+00,0.000000000000000000e+00,0.000000000000000000e+00,0.000000000000000000e+00,0.000000000000000000e+00,0.000000000000000000e+00,0.000000000000000000e+00,0.000000000000000000e+00,0.000000000000000000e+00,0.000000000000000000e+00,0.000000000000000000e+00,0.000000000000000000e+00,0.000000000000000000e+00,0.000000000000000000e+00,0.000000000000000000e+00,0.000000000000000000e+00,0.000000000000000000e+00,0.000000000000000000e+00,0.000000000000000000e+00,0.000000000000000000e+00,0.000000000000000000e+00,0.000000000000000000e+00,0.000000000000000000e+00,0.000000000000000000e+00,0.000000000000000000e+00,0.000000000000000000e+00,0.000000000000000000e+00,0.000000000000000000e+00,0.000000000000000000e+00,0.000000000000000000e+00,0.000000000000000000e+00,0.000000000000000000e+00,0.000000000000000000e+00,0.000000000000000000e+00,0.000000000000000000e+00,0.000000000000000000e+00,0.000000000000000000e+00,0.000000000000000000e+00,0.000000000000000000e+00,0.000000000000000000e+00,0.000000000000000000e+00,0.000000000000000000e+00,0.000000000000000000e+00,0.000000000000000000e+00,0.000000000000000000e+00,0.000000000000000000e+00,0.000000000000000000e+00,0.000000000000000000e+00,0.000000000000000000e+00,0.000000000000000000e+00,0.000000000000000000e+00,0.000000000000000000e+00,0.000000000000000000e+00,0.000000000000000000e+00,0.000000000000000000e+00,0.000000000000000000e+00,0.000000000000000000e+00,0.000000000000000000e+00,0.000000000000000000e+00,0.000000000000000000e+00,0.000000000000000000e+00,0.000000000000000000e+00,0.000000000000000000e+00,0.000000000000000000e+00,0.000000000000000000e+00,0.000000000000000000e+00,0.000000000000000000e+00,0.000000000000000000e+00,0.000000000000000000e+00,0.000000000000000000e+00,0.000000000000000000e+00,0.000000000000000000e+00,0.000000000000000000e+00,0.000000000000000000e+00,0.000000000000000000e+00,0.000000000000000000e+00,0.000000000000000000e+00,0.000000000000000000e+00,0.000000000000000000e+00,0.000000000000000000e+00,0.000000000000000000e+00,0.000000000000000000e+00,0.000000000000000000e+00,0.000000000000000000e+00,0.000000000000000000e+00,0.000000000000000000e+00,0.000000000000000000e+00,0.000000000000000000e+00,0.000000000000000000e+00,0.000000000000000000e+00,0.000000000000000000e+00,0.000000000000000000e+00,0.000000000000000000e+00,0.000000000000000000e+00,0.000000000000000000e+00,0.000000000000000000e+00,0.000000000000000000e+00,0.000000000000000000e+00,0.000000000000000000e+00,0.000000000000000000e+00,0.000000000000000000e+00,0.000000000000000000e+00,0.000000000000000000e+00,0.000000000000000000e+00,0.000000000000000000e+00,0.000000000000000000e+00,0.000000000000000000e+00,0.000000000000000000e+00,0.000000000000000000e+00,0.000000000000000000e+00,0.000000000000000000e+00,0.000000000000000000e+00,0.000000000000000000e+00,0.000000000000000000e+00,0.000000000000000000e+00,0.000000000000000000e+00,0.000000000000000000e+00,0.000000000000000000e+00,0.000000000000000000e+00,0.000000000000000000e+00,0.000000000000000000e+00,0.000000000000000000e+00,0.000000000000000000e+00,0.000000000000000000e+00,0.000000000000000000e+00,0.000000000000000000e+00,0.000000000000000000e+00,0.000000000000000000e+00,0.000000000000000000e+00,0.000000000000000000e+00,0.000000000000000000e+00,0.000000000000000000e+00,0.000000000000000000e+00,0.000000000000000000e+00,0.000000000000000000e+00,0.000000000000000000e+00,0.000000000000000000e+00,0.000000000000000000e+00,0.000000000000000000e+00,0.000000000000000000e+00,0.000000000000000000e+00,0.000000000000000000e+00,0.000000000000000000e+00,0.000000000000000000e+00,0.000000000000000000e+00,0.000000000000000000e+00,0.000000000000000000e+00
0.000000000000000000e+00,0.000000000000000000e+00,0.000000000000000000e+00,0.000000000000000000e+00,0.000000000000000000e+00,0.000000000000000000e+00,0.000000000000000000e+00,0.000000000000000000e+00,0.000000000000000000e+00,0.000000000000000000e+00,0.000000000000000000e+00,0.000000000000000000e+00,0.000000000000000000e+00,0.000000000000000000e+00,0.000000000000000000e+00,0.000000000000000000e+00,0.000000000000000000e+00,0.000000000000000000e+00,0.000000000000000000e+00,0.000000000000000000e+00,0.000000000000000000e+00,0.000000000000000000e+00,0.000000000000000000e+00,0.000000000000000000e+00,0.000000000000000000e+00,0.000000000000000000e+00,0.000000000000000000e+00,0.000000000000000000e+00,0.000000000000000000e+00,0.000000000000000000e+00,0.000000000000000000e+00,0.000000000000000000e+00,0.000000000000000000e+00,0.000000000000000000e+00,0.000000000000000000e+00,0.000000000000000000e+00,0.000000000000000000e+00,0.000000000000000000e+00,0.000000000000000000e+00,0.000000000000000000e+00,0.000000000000000000e+00,0.000000000000000000e+00,0.000000000000000000e+00,0.000000000000000000e+00,0.000000000000000000e+00,0.000000000000000000e+00,0.000000000000000000e+00,0.000000000000000000e+00,0.000000000000000000e+00,0.000000000000000000e+00,0.000000000000000000e+00,0.000000000000000000e+00,0.000000000000000000e+00,0.000000000000000000e+00,0.000000000000000000e+00,0.000000000000000000e+00,0.000000000000000000e+00,0.000000000000000000e+00,0.000000000000000000e+00,0.000000000000000000e+00,0.000000000000000000e+00,0.000000000000000000e+00,0.000000000000000000e+00,0.000000000000000000e+00,0.000000000000000000e+00,0.000000000000000000e+00,0.000000000000000000e+00,0.000000000000000000e+00,0.000000000000000000e+00,0.000000000000000000e+00,0.000000000000000000e+00,0.000000000000000000e+00,0.000000000000000000e+00,0.000000000000000000e+00,0.000000000000000000e+00,0.000000000000000000e+00,0.000000000000000000e+00,0.000000000000000000e+00,0.000000000000000000e+00,0.000000000000000000e+00,0.000000000000000000e+00,0.000000000000000000e+00,0.000000000000000000e+00,0.000000000000000000e+00,0.000000000000000000e+00,0.000000000000000000e+00,0.000000000000000000e+00,0.000000000000000000e+00,0.000000000000000000e+00,0.000000000000000000e+00,0.000000000000000000e+00,0.000000000000000000e+00,0.000000000000000000e+00,0.000000000000000000e+00,0.000000000000000000e+00,0.000000000000000000e+00,0.000000000000000000e+00,0.000000000000000000e+00,0.000000000000000000e+00,0.000000000000000000e+00,0.000000000000000000e+00,0.000000000000000000e+00,0.000000000000000000e+00,0.000000000000000000e+00,0.000000000000000000e+00,0.000000000000000000e+00,0.000000000000000000e+00,0.000000000000000000e+00,0.000000000000000000e+00,0.000000000000000000e+00,0.000000000000000000e+00,0.000000000000000000e+00,0.000000000000000000e+00,0.000000000000000000e+00,0.000000000000000000e+00,0.000000000000000000e+00,0.000000000000000000e+00,0.000000000000000000e+00,0.000000000000000000e+00,0.000000000000000000e+00,0.000000000000000000e+00,0.000000000000000000e+00,0.000000000000000000e+00,0.000000000000000000e+00,0.000000000000000000e+00,0.000000000000000000e+00,0.000000000000000000e+00,0.000000000000000000e+00,0.000000000000000000e+00,0.000000000000000000e+00,0.000000000000000000e+00,0.000000000000000000e+00,0.000000000000000000e+00,0.000000000000000000e+00,0.000000000000000000e+00,0.000000000000000000e+00,0.000000000000000000e+00,0.000000000000000000e+00,0.000000000000000000e+00,0.000000000000000000e+00,0.000000000000000000e+00,0.000000000000000000e+00,0.000000000000000000e+00,0.000000000000000000e+00,0.000000000000000000e+00,0.000000000000000000e+00,0.000000000000000000e+00,0.000000000000000000e+00,0.000000000000000000e+00,0.000000000000000000e+00,0.000000000000000000e+00,0.000000000000000000e+00,0.000000000000000000e+00,0.000000000000000000e+00,0.000000000000000000e+00,0.000000000000000000e+00,0.000000000000000000e+00,0.000000000000000000e+00,0.000000000000000000e+00,0.000000000000000000e+00,0.000000000000000000e+00,0.000000000000000000e+00,0.000000000000000000e+00,0.000000000000000000e+00,0.000000000000000000e+00,0.000000000000000000e+00,0.000000000000000000e+00,0.000000000000000000e+00,0.000000000000000000e+00,0.000000000000000000e+00,0.000000000000000000e+00,0.000000000000000000e+00,0.000000000000000000e+00,0.000000000000000000e+00,0.000000000000000000e+00,0.000000000000000000e+00,0.000000000000000000e+00,0.000000000000000000e+00,0.000000000000000000e+00,0.000000000000000000e+00,0.000000000000000000e+00,0.000000000000000000e+00,0.000000000000000000e+00,0.000000000000000000e+00,0.000000000000000000e+00,0.000000000000000000e+00,0.000000000000000000e+00,0.000000000000000000e+00,0.000000000000000000e+00,0.000000000000000000e+00,0.000000000000000000e+00,0.000000000000000000e+00,0.000000000000000000e+00,0.000000000000000000e+00,0.000000000000000000e+00,0.000000000000000000e+00,0.000000000000000000e+00,0.000000000000000000e+00,0.000000000000000000e+00,0.000000000000000000e+00,0.000000000000000000e+00,0.000000000000000000e+00,0.000000000000000000e+00,0.000000000000000000e+00,0.000000000000000000e+00,0.000000000000000000e+00,0.000000000000000000e+00,0.000000000000000000e+00,0.000000000000000000e+00,0.000000000000000000e+00,0.000000000000000000e+00,0.000000000000000000e+00,0.000000000000000000e+00,0.000000000000000000e+00,0.000000000000000000e+00,0.000000000000000000e+00,0.000000000000000000e+00,0.000000000000000000e+00,0.000000000000000000e+00,0.000000000000000000e+00,0.000000000000000000e+00,0.000000000000000000e+00,0.000000000000000000e+00,0.000000000000000000e+00,0.000000000000000000e+00,0.000000000000000000e+00,0.000000000000000000e+00,0.000000000000000000e+00,0.000000000000000000e+00,0.000000000000000000e+00,0.000000000000000000e+00,0.000000000000000000e+00,0.000000000000000000e+00,0.000000000000000000e+00,0.000000000000000000e+00,0.000000000000000000e+00,0.000000000000000000e+00,0.000000000000000000e+00,0.000000000000000000e+00,0.000000000000000000e+00,0.000000000000000000e+00,0.000000000000000000e+00,0.000000000000000000e+00,0.000000000000000000e+00,0.000000000000000000e+00,0.000000000000000000e+00,0.000000000000000000e+00,0.000000000000000000e+00,0.000000000000000000e+00,0.000000000000000000e+00,0.000000000000000000e+00,0.000000000000000000e+00,0.000000000000000000e+00,0.000000000000000000e+00,0.000000000000000000e+00,0.000000000000000000e+00,0.000000000000000000e+00,0.000000000000000000e+00,0.000000000000000000e+00,0.000000000000000000e+00,0.000000000000000000e+00,0.000000000000000000e+00,0.000000000000000000e+00,0.000000000000000000e+00,0.000000000000000000e+00,0.000000000000000000e+00,0.000000000000000000e+00,0.000000000000000000e+00,0.000000000000000000e+00,0.000000000000000000e+00,0.000000000000000000e+00,0.000000000000000000e+00,0.000000000000000000e+00,0.000000000000000000e+00,0.000000000000000000e+00,0.000000000000000000e+00,0.000000000000000000e+00,0.000000000000000000e+00,0.000000000000000000e+00,0.000000000000000000e+00,0.000000000000000000e+00,0.000000000000000000e+00,0.000000000000000000e+00,0.000000000000000000e+00,0.000000000000000000e+00,0.000000000000000000e+00,0.000000000000000000e+00,0.000000000000000000e+00,0.000000000000000000e+00,0.000000000000000000e+00,0.000000000000000000e+00,0.000000000000000000e+00,0.000000000000000000e+00,0.000000000000000000e+00,0.000000000000000000e+00,0.000000000000000000e+00,0.000000000000000000e+00,0.000000000000000000e+00,0.000000000000000000e+00,0.000000000000000000e+00,0.000000000000000000e+00,0.000000000000000000e+00,0.000000000000000000e+00,0.000000000000000000e+00,0.000000000000000000e+00,0.000000000000000000e+00,0.000000000000000000e+00,0.000000000000000000e+00,0.000000000000000000e+00,0.000000000000000000e+00,0.000000000000000000e+00,0.000000000000000000e+00,0.000000000000000000e+00,0.000000000000000000e+00,0.000000000000000000e+00,0.000000000000000000e+00,0.000000000000000000e+00,0.000000000000000000e+00,0.000000000000000000e+00,0.000000000000000000e+00,0.000000000000000000e+00,0.000000000000000000e+00,0.000000000000000000e+00,0.000000000000000000e+00,0.000000000000000000e+00,0.000000000000000000e+00,0.000000000000000000e+00,0.000000000000000000e+00,0.000000000000000000e+00,0.000000000000000000e+00,0.000000000000000000e+00,0.000000000000000000e+00,0.000000000000000000e+00,0.000000000000000000e+00,0.000000000000000000e+00,0.000000000000000000e+00,0.000000000000000000e+00,0.000000000000000000e+00,0.000000000000000000e+00,0.000000000000000000e+00,0.000000000000000000e+00,0.000000000000000000e+00,0.000000000000000000e+00,0.000000000000000000e+00,0.000000000000000000e+00,0.000000000000000000e+00,0.000000000000000000e+00,0.000000000000000000e+00,0.000000000000000000e+00,0.000000000000000000e+00,0.000000000000000000e+00,0.000000000000000000e+00,0.000000000000000000e+00,0.000000000000000000e+00,0.000000000000000000e+00,0.000000000000000000e+00,0.000000000000000000e+00,0.000000000000000000e+00,0.000000000000000000e+00,0.000000000000000000e+00,0.000000000000000000e+00,0.000000000000000000e+00,0.000000000000000000e+00,0.000000000000000000e+00,0.000000000000000000e+00,0.000000000000000000e+00,0.000000000000000000e+00,0.000000000000000000e+00,0.000000000000000000e+00,0.000000000000000000e+00,0.000000000000000000e+00,0.000000000000000000e+00,0.000000000000000000e+00,0.000000000000000000e+00,0.000000000000000000e+00
0.000000000000000000e+00,0.000000000000000000e+00,0.000000000000000000e+00,0.000000000000000000e+00,0.000000000000000000e+00,0.000000000000000000e+00,0.000000000000000000e+00,0.000000000000000000e+00,0.000000000000000000e+00,0.000000000000000000e+00,0.000000000000000000e+00,0.000000000000000000e+00,0.000000000000000000e+00,0.000000000000000000e+00,0.000000000000000000e+00,0.000000000000000000e+00,0.000000000000000000e+00,0.000000000000000000e+00,0.000000000000000000e+00,0.000000000000000000e+00,0.000000000000000000e+00,0.000000000000000000e+00,0.000000000000000000e+00,0.000000000000000000e+00,0.000000000000000000e+00,0.000000000000000000e+00,0.000000000000000000e+00,0.000000000000000000e+00,0.000000000000000000e+00,0.000000000000000000e+00,0.000000000000000000e+00,0.000000000000000000e+00,0.000000000000000000e+00,0.000000000000000000e+00,0.000000000000000000e+00,0.000000000000000000e+00,0.000000000000000000e+00,0.000000000000000000e+00,0.000000000000000000e+00,0.000000000000000000e+00,0.000000000000000000e+00,0.000000000000000000e+00,0.000000000000000000e+00,0.000000000000000000e+00,0.000000000000000000e+00,0.000000000000000000e+00,0.000000000000000000e+00,0.000000000000000000e+00,0.000000000000000000e+00,0.000000000000000000e+00,0.000000000000000000e+00,0.000000000000000000e+00,0.000000000000000000e+00,0.000000000000000000e+00,0.000000000000000000e+00,0.000000000000000000e+00,0.000000000000000000e+00,0.000000000000000000e+00,0.000000000000000000e+00,0.000000000000000000e+00,0.000000000000000000e+00,0.000000000000000000e+00,0.000000000000000000e+00,0.000000000000000000e+00,0.000000000000000000e+00,0.000000000000000000e+00,0.000000000000000000e+00,0.000000000000000000e+00,0.000000000000000000e+00,0.000000000000000000e+00,0.000000000000000000e+00,0.000000000000000000e+00,0.000000000000000000e+00,0.000000000000000000e+00,0.000000000000000000e+00,0.000000000000000000e+00,0.000000000000000000e+00,0.000000000000000000e+00,0.000000000000000000e+00,0.000000000000000000e+00,0.000000000000000000e+00,0.000000000000000000e+00,0.000000000000000000e+00,0.000000000000000000e+00,0.000000000000000000e+00,0.000000000000000000e+00,0.000000000000000000e+00,0.000000000000000000e+00,0.000000000000000000e+00,0.000000000000000000e+00,0.000000000000000000e+00,0.000000000000000000e+00,0.000000000000000000e+00,0.000000000000000000e+00,0.000000000000000000e+00,0.000000000000000000e+00,0.000000000000000000e+00,0.000000000000000000e+00,0.000000000000000000e+00,0.000000000000000000e+00,0.000000000000000000e+00,0.000000000000000000e+00,0.000000000000000000e+00,0.000000000000000000e+00,0.000000000000000000e+00,0.000000000000000000e+00,0.000000000000000000e+00,0.000000000000000000e+00,0.000000000000000000e+00,0.000000000000000000e+00,0.000000000000000000e+00,0.000000000000000000e+00,0.000000000000000000e+00,0.000000000000000000e+00,0.000000000000000000e+00,0.000000000000000000e+00,0.000000000000000000e+00,0.000000000000000000e+00,0.000000000000000000e+00,0.000000000000000000e+00,0.000000000000000000e+00,0.000000000000000000e+00,0.000000000000000000e+00,0.000000000000000000e+00,0.000000000000000000e+00,0.000000000000000000e+00,0.000000000000000000e+00,0.000000000000000000e+00,0.000000000000000000e+00,0.000000000000000000e+00,0.000000000000000000e+00,0.000000000000000000e+00,0.000000000000000000e+00,0.000000000000000000e+00,0.000000000000000000e+00,0.000000000000000000e+00,0.000000000000000000e+00,0.000000000000000000e+00,0.000000000000000000e+00,0.000000000000000000e+00,0.000000000000000000e+00,0.000000000000000000e+00,0.000000000000000000e+00,0.000000000000000000e+00,0.000000000000000000e+00,0.000000000000000000e+00,0.000000000000000000e+00,0.000000000000000000e+00,0.000000000000000000e+00,0.000000000000000000e+00,0.000000000000000000e+00,0.000000000000000000e+00,0.000000000000000000e+00,0.000000000000000000e+00,0.000000000000000000e+00,0.000000000000000000e+00,0.000000000000000000e+00,0.000000000000000000e+00,0.000000000000000000e+00,0.000000000000000000e+00,0.000000000000000000e+00,0.000000000000000000e+00,0.000000000000000000e+00,0.000000000000000000e+00,0.000000000000000000e+00,0.000000000000000000e+00,0.000000000000000000e+00,0.000000000000000000e+00,0.000000000000000000e+00,0.000000000000000000e+00,0.000000000000000000e+00,0.000000000000000000e+00,0.000000000000000000e+00,0.000000000000000000e+00,0.000000000000000000e+00,0.000000000000000000e+00,0.000000000000000000e+00,0.000000000000000000e+00,0.000000000000000000e+00,0.000000000000000000e+00,0.000000000000000000e+00,0.000000000000000000e+00,0.000000000000000000e+00,0.000000000000000000e+00,0.000000000000000000e+00,0.000000000000000000e+00,0.000000000000000000e+00,0.000000000000000000e+00,0.000000000000000000e+00,0.000000000000000000e+00,0.000000000000000000e+00,0.000000000000000000e+00,0.000000000000000000e+00,0.000000000000000000e+00,0.000000000000000000e+00,0.000000000000000000e+00,0.000000000000000000e+00,0.000000000000000000e+00,0.000000000000000000e+00,0.000000000000000000e+00,0.000000000000000000e+00,0.000000000000000000e+00,0.000000000000000000e+00,0.000000000000000000e+00,0.000000000000000000e+00,0.000000000000000000e+00,0.000000000000000000e+00,0.000000000000000000e+00,0.000000000000000000e+00,0.000000000000000000e+00,0.000000000000000000e+00,0.000000000000000000e+00,0.000000000000000000e+00,0.000000000000000000e+00,0.000000000000000000e+00,0.000000000000000000e+00,0.000000000000000000e+00,0.000000000000000000e+00,0.000000000000000000e+00,0.000000000000000000e+00,0.000000000000000000e+00,0.000000000000000000e+00,0.000000000000000000e+00,0.000000000000000000e+00,0.000000000000000000e+00,0.000000000000000000e+00,0.000000000000000000e+00,0.000000000000000000e+00,0.000000000000000000e+00,0.000000000000000000e+00,0.000000000000000000e+00,0.000000000000000000e+00,0.000000000000000000e+00,0.000000000000000000e+00,0.000000000000000000e+00,0.000000000000000000e+00,0.000000000000000000e+00,0.000000000000000000e+00,0.000000000000000000e+00,0.000000000000000000e+00,0.000000000000000000e+00,0.000000000000000000e+00,0.000000000000000000e+00,0.000000000000000000e+00,0.000000000000000000e+00,0.000000000000000000e+00,0.000000000000000000e+00,0.000000000000000000e+00,0.000000000000000000e+00,0.000000000000000000e+00,0.000000000000000000e+00,0.000000000000000000e+00,0.000000000000000000e+00,0.000000000000000000e+00,0.000000000000000000e+00,0.000000000000000000e+00,0.000000000000000000e+00,0.000000000000000000e+00,0.000000000000000000e+00,0.000000000000000000e+00,0.000000000000000000e+00,0.000000000000000000e+00,0.000000000000000000e+00,0.000000000000000000e+00,0.000000000000000000e+00,0.000000000000000000e+00,0.000000000000000000e+00,0.000000000000000000e+00,0.000000000000000000e+00,0.000000000000000000e+00,0.000000000000000000e+00,0.000000000000000000e+00,0.000000000000000000e+00,0.000000000000000000e+00,0.000000000000000000e+00,0.000000000000000000e+00,0.000000000000000000e+00,0.000000000000000000e+00,0.000000000000000000e+00,0.000000000000000000e+00,0.000000000000000000e+00,0.000000000000000000e+00,0.000000000000000000e+00,0.000000000000000000e+00,0.000000000000000000e+00,0.000000000000000000e+00,0.000000000000000000e+00,0.000000000000000000e+00,0.000000000000000000e+00,0.000000000000000000e+00,0.000000000000000000e+00,0.000000000000000000e+00,0.000000000000000000e+00,0.000000000000000000e+00,0.000000000000000000e+00,0.000000000000000000e+00,0.000000000000000000e+00,0.000000000000000000e+00,0.000000000000000000e+00,0.000000000000000000e+00,0.000000000000000000e+00,0.000000000000000000e+00,0.000000000000000000e+00,0.000000000000000000e+00,0.000000000000000000e+00,0.000000000000000000e+00,0.000000000000000000e+00,0.000000000000000000e+00,0.000000000000000000e+00,0.000000000000000000e+00,0.000000000000000000e+00,0.000000000000000000e+00,0.000000000000000000e+00,0.000000000000000000e+00,0.000000000000000000e+00,0.000000000000000000e+00,0.000000000000000000e+00,0.000000000000000000e+00,0.000000000000000000e+00,0.000000000000000000e+00,0.000000000000000000e+00,0.000000000000000000e+00,0.000000000000000000e+00,0.000000000000000000e+00,0.000000000000000000e+00,0.000000000000000000e+00,0.000000000000000000e+00,0.000000000000000000e+00,0.000000000000000000e+00,0.000000000000000000e+00,0.000000000000000000e+00,0.000000000000000000e+00,0.000000000000000000e+00,0.000000000000000000e+00,0.000000000000000000e+00,0.000000000000000000e+00,0.000000000000000000e+00,0.000000000000000000e+00,0.000000000000000000e+00,0.000000000000000000e+00,0.000000000000000000e+00,0.000000000000000000e+00,0.000000000000000000e+00,0.000000000000000000e+00,0.000000000000000000e+00,0.000000000000000000e+00,0.000000000000000000e+00,0.000000000000000000e+00,0.000000000000000000e+00,0.000000000000000000e+00,0.000000000000000000e+00,0.000000000000000000e+00,0.000000000000000000e+00,0.000000000000000000e+00,0.000000000000000000e+00,0.000000000000000000e+00,0.000000000000000000e+00,0.000000000000000000e+00,0.000000000000000000e+00,0.000000000000000000e+00,0.000000000000000000e+00,0.000000000000000000e+00,0.000000000000000000e+00,0.000000000000000000e+00,0.000000000000000000e+00,0.000000000000000000e+00,0.000000000000000000e+00,0.000000000000000000e+00,0.000000000000000000e+00,0.000000000000000000e+00,0.000000000000000000e+00,0.000000000000000000e+00,0.000000000000000000e+00,0.000000000000000000e+00,0.000000000000000000e+00
0.000000000000000000e+00,0.000000000000000000e+00,0.000000000000000000e+00,0.000000000000000000e+00,0.000000000000000000e+00,0.000000000000000000e+00,0.000000000000000000e+00,0.000000000000000000e+00,0.000000000000000000e+00,0.000000000000000000e+00,0.000000000000000000e+00,0.000000000000000000e+00,0.000000000000000000e+00,0.000000000000000000e+00,0.000000000000000000e+00,0.000000000000000000e+00,0.000000000000000000e+00,0.000000000000000000e+00,0.000000000000000000e+00,0.000000000000000000e+00,0.000000000000000000e+00,0.000000000000000000e+00,0.000000000000000000e+00,0.000000000000000000e+00,0.000000000000000000e+00,0.000000000000000000e+00,0.000000000000000000e+00,0.000000000000000000e+00,0.000000000000000000e+00,0.000000000000000000e+00,0.000000000000000000e+00,0.000000000000000000e+00,0.000000000000000000e+00,0.000000000000000000e+00,0.000000000000000000e+00,0.000000000000000000e+00,0.000000000000000000e+00,0.000000000000000000e+00,0.000000000000000000e+00,0.000000000000000000e+00,0.000000000000000000e+00,0.000000000000000000e+00,0.000000000000000000e+00,0.000000000000000000e+00,0.000000000000000000e+00,0.000000000000000000e+00,0.000000000000000000e+00,0.000000000000000000e+00,0.000000000000000000e+00,0.000000000000000000e+00,0.000000000000000000e+00,0.000000000000000000e+00,0.000000000000000000e+00,0.000000000000000000e+00,0.000000000000000000e+00,0.000000000000000000e+00,0.000000000000000000e+00,0.000000000000000000e+00,0.000000000000000000e+00,0.000000000000000000e+00,0.000000000000000000e+00,0.000000000000000000e+00,0.000000000000000000e+00,0.000000000000000000e+00,0.000000000000000000e+00,0.000000000000000000e+00,0.000000000000000000e+00,0.000000000000000000e+00,0.000000000000000000e+00,0.000000000000000000e+00,0.000000000000000000e+00,0.000000000000000000e+00,0.000000000000000000e+00,0.000000000000000000e+00,0.000000000000000000e+00,0.000000000000000000e+00,0.000000000000000000e+00,0.000000000000000000e+00,0.000000000000000000e+00,0.000000000000000000e+00,0.000000000000000000e+00,0.000000000000000000e+00,0.000000000000000000e+00,0.000000000000000000e+00,0.000000000000000000e+00,0.000000000000000000e+00,0.000000000000000000e+00,0.000000000000000000e+00,0.000000000000000000e+00,0.000000000000000000e+00,0.000000000000000000e+00,0.000000000000000000e+00,0.000000000000000000e+00,0.000000000000000000e+00,0.000000000000000000e+00,0.000000000000000000e+00,0.000000000000000000e+00,0.000000000000000000e+00,0.000000000000000000e+00,0.000000000000000000e+00,0.000000000000000000e+00,0.000000000000000000e+00,0.000000000000000000e+00,0.000000000000000000e+00,0.000000000000000000e+00,0.000000000000000000e+00,0.000000000000000000e+00,0.000000000000000000e+00,0.000000000000000000e+00,0.000000000000000000e+00,0.000000000000000000e+00,0.000000000000000000e+00,0.000000000000000000e+00,0.000000000000000000e+00,0.000000000000000000e+00,0.000000000000000000e+00,0.000000000000000000e+00,0.000000000000000000e+00,0.000000000000000000e+00,0.000000000000000000e+00,0.000000000000000000e+00,0.000000000000000000e+00,0.000000000000000000e+00,0.000000000000000000e+00,0.000000000000000000e+00,0.000000000000000000e+00,0.000000000000000000e+00,0.000000000000000000e+00,0.000000000000000000e+00,0.000000000000000000e+00,0.000000000000000000e+00,0.000000000000000000e+00,0.000000000000000000e+00,0.000000000000000000e+00,0.000000000000000000e+00,0.000000000000000000e+00,0.000000000000000000e+00,0.000000000000000000e+00,0.000000000000000000e+00,0.000000000000000000e+00,0.000000000000000000e+00,0.000000000000000000e+00,0.000000000000000000e+00,0.000000000000000000e+00,0.000000000000000000e+00,0.000000000000000000e+00,0.000000000000000000e+00,0.000000000000000000e+00,0.000000000000000000e+00,0.000000000000000000e+00,0.000000000000000000e+00,0.000000000000000000e+00,0.000000000000000000e+00,0.000000000000000000e+00,0.000000000000000000e+00,0.000000000000000000e+00,0.000000000000000000e+00,0.000000000000000000e+00,0.000000000000000000e+00,0.000000000000000000e+00,0.000000000000000000e+00,0.000000000000000000e+00,0.000000000000000000e+00,0.000000000000000000e+00,0.000000000000000000e+00,0.000000000000000000e+00,0.000000000000000000e+00,0.000000000000000000e+00,0.000000000000000000e+00,0.000000000000000000e+00,0.000000000000000000e+00,0.000000000000000000e+00,0.000000000000000000e+00,0.000000000000000000e+00,0.000000000000000000e+00,0.000000000000000000e+00,0.000000000000000000e+00,0.000000000000000000e+00,0.000000000000000000e+00,0.000000000000000000e+00,0.000000000000000000e+00,0.000000000000000000e+00,0.000000000000000000e+00,0.000000000000000000e+00,0.000000000000000000e+00,0.000000000000000000e+00,0.000000000000000000e+00,0.000000000000000000e+00,0.000000000000000000e+00,0.000000000000000000e+00,0.000000000000000000e+00,0.000000000000000000e+00,0.000000000000000000e+00,0.000000000000000000e+00,0.000000000000000000e+00,0.000000000000000000e+00,0.000000000000000000e+00,0.000000000000000000e+00,0.000000000000000000e+00,0.000000000000000000e+00,0.000000000000000000e+00,0.000000000000000000e+00,0.000000000000000000e+00,0.000000000000000000e+00,0.000000000000000000e+00,0.000000000000000000e+00,0.000000000000000000e+00,0.000000000000000000e+00,0.000000000000000000e+00,0.000000000000000000e+00,0.000000000000000000e+00,0.000000000000000000e+00,0.000000000000000000e+00,0.000000000000000000e+00,0.000000000000000000e+00,0.000000000000000000e+00,0.000000000000000000e+00,0.000000000000000000e+00,0.000000000000000000e+00,0.000000000000000000e+00,0.000000000000000000e+00,0.000000000000000000e+00,0.000000000000000000e+00,0.000000000000000000e+00,0.000000000000000000e+00,0.000000000000000000e+00,0.000000000000000000e+00,0.000000000000000000e+00,0.000000000000000000e+00,0.000000000000000000e+00,0.000000000000000000e+00,0.000000000000000000e+00,0.000000000000000000e+00,0.000000000000000000e+00,0.000000000000000000e+00,0.000000000000000000e+00,0.000000000000000000e+00,0.000000000000000000e+00,0.000000000000000000e+00,0.000000000000000000e+00,0.000000000000000000e+00,0.000000000000000000e+00,0.000000000000000000e+00,0.000000000000000000e+00,0.000000000000000000e+00,0.000000000000000000e+00,0.000000000000000000e+00,0.000000000000000000e+00,0.000000000000000000e+00,0.000000000000000000e+00,0.000000000000000000e+00,0.000000000000000000e+00,0.000000000000000000e+00,0.000000000000000000e+00,0.000000000000000000e+00,0.000000000000000000e+00,0.000000000000000000e+00,0.000000000000000000e+00,0.000000000000000000e+00,0.000000000000000000e+00,0.000000000000000000e+00,0.000000000000000000e+00,0.000000000000000000e+00,0.000000000000000000e+00,0.000000000000000000e+00,0.000000000000000000e+00,0.000000000000000000e+00,0.000000000000000000e+00,0.000000000000000000e+00,0.000000000000000000e+00,0.000000000000000000e+00,0.000000000000000000e+00,0.000000000000000000e+00,0.000000000000000000e+00,0.000000000000000000e+00,0.000000000000000000e+00,0.000000000000000000e+00,0.000000000000000000e+00,0.000000000000000000e+00,0.000000000000000000e+00,0.000000000000000000e+00,0.000000000000000000e+00,0.000000000000000000e+00,0.000000000000000000e+00,0.000000000000000000e+00,0.000000000000000000e+00,0.000000000000000000e+00,0.000000000000000000e+00,0.000000000000000000e+00,0.000000000000000000e+00,0.000000000000000000e+00,0.000000000000000000e+00,0.000000000000000000e+00,0.000000000000000000e+00,0.000000000000000000e+00,0.000000000000000000e+00,0.000000000000000000e+00,0.000000000000000000e+00,0.000000000000000000e+00,0.000000000000000000e+00,0.000000000000000000e+00,0.000000000000000000e+00,0.000000000000000000e+00,0.000000000000000000e+00,0.000000000000000000e+00,0.000000000000000000e+00,0.000000000000000000e+00,0.000000000000000000e+00,0.000000000000000000e+00,0.000000000000000000e+00,0.000000000000000000e+00,0.000000000000000000e+00,0.000000000000000000e+00,0.000000000000000000e+00,0.000000000000000000e+00,0.000000000000000000e+00,0.000000000000000000e+00,0.000000000000000000e+00,0.000000000000000000e+00,0.000000000000000000e+00,0.000000000000000000e+00,0.000000000000000000e+00,0.000000000000000000e+00,0.000000000000000000e+00,0.000000000000000000e+00,0.000000000000000000e+00,0.000000000000000000e+00,0.000000000000000000e+00,0.000000000000000000e+00,0.000000000000000000e+00,0.000000000000000000e+00,0.000000000000000000e+00,0.000000000000000000e+00,0.000000000000000000e+00,0.000000000000000000e+00,0.000000000000000000e+00,0.000000000000000000e+00,0.000000000000000000e+00,0.000000000000000000e+00,0.000000000000000000e+00,0.000000000000000000e+00,0.000000000000000000e+00,0.000000000000000000e+00,0.000000000000000000e+00,0.000000000000000000e+00,0.000000000000000000e+00,0.000000000000000000e+00,0.000000000000000000e+00,0.000000000000000000e+00,0.000000000000000000e+00,0.000000000000000000e+00,0.000000000000000000e+00,0.000000000000000000e+00,0.000000000000000000e+00,0.000000000000000000e+00,0.000000000000000000e+00,0.000000000000000000e+00,0.000000000000000000e+00,0.000000000000000000e+00,0.000000000000000000e+00,0.000000000000000000e+00,0.000000000000000000e+00,0.000000000000000000e+00,0.000000000000000000e+00,0.000000000000000000e+00,0.000000000000000000e+00,0.000000000000000000e+00,0.000000000000000000e+00,0.000000000000000000e+00,0.000000000000000000e+00,0.000000000000000000e+00,0.000000000000000000e+00,0.000000000000000000e+00,0.000000000000000000e+00,0.000000000000000000e+00
0.000000000000000000e+00,0.000000000000000000e+00,0.000000000000000000e+00,0.000000000000000000e+00,0.000000000000000000e+00,0.000000000000000000e+00,0.000000000000000000e+00,0.000000000000000000e+00,0.000000000000000000e+00,0.000000000000000000e+00,0.000000000000000000e+00,0.000000000000000000e+00,0.000000000000000000e+00,0.000000000000000000e+00,0.000000000000000000e+00,0.000000000000000000e+00,0.000000000000000000e+00,0.000000000000000000e+00,0.000000000000000000e+00,0.000000000000000000e+00,0.000000000000000000e+00,0.000000000000000000e+00,0.000000000000000000e+00,0.000000000000000000e+00,0.000000000000000000e+00,0.000000000000000000e+00,0.000000000000000000e+00,0.000000000000000000e+00,0.000000000000000000e+00,0.000000000000000000e+00,0.000000000000000000e+00,0.000000000000000000e+00,0.000000000000000000e+00,0.000000000000000000e+00,0.000000000000000000e+00,0.000000000000000000e+00,0.000000000000000000e+00,0.000000000000000000e+00,0.000000000000000000e+00,0.000000000000000000e+00,0.000000000000000000e+00,0.000000000000000000e+00,0.000000000000000000e+00,0.000000000000000000e+00,0.000000000000000000e+00,0.000000000000000000e+00,0.000000000000000000e+00,0.000000000000000000e+00,0.000000000000000000e+00,0.000000000000000000e+00,0.000000000000000000e+00,0.000000000000000000e+00,0.000000000000000000e+00,0.000000000000000000e+00,0.000000000000000000e+00,0.000000000000000000e+00,0.000000000000000000e+00,0.000000000000000000e+00,0.000000000000000000e+00,0.000000000000000000e+00,0.000000000000000000e+00,0.000000000000000000e+00,0.000000000000000000e+00,0.000000000000000000e+00,0.000000000000000000e+00,0.000000000000000000e+00,0.000000000000000000e+00,0.000000000000000000e+00,0.000000000000000000e+00,0.000000000000000000e+00,0.000000000000000000e+00,0.000000000000000000e+00,0.000000000000000000e+00,0.000000000000000000e+00,0.000000000000000000e+00,0.000000000000000000e+00,0.000000000000000000e+00,0.000000000000000000e+00,0.000000000000000000e+00,0.000000000000000000e+00,0.000000000000000000e+00,0.000000000000000000e+00,0.000000000000000000e+00,0.000000000000000000e+00,0.000000000000000000e+00,0.000000000000000000e+00,0.000000000000000000e+00,0.000000000000000000e+00,0.000000000000000000e+00,0.000000000000000000e+00,0.000000000000000000e+00,0.000000000000000000e+00,0.000000000000000000e+00,0.000000000000000000e+00,0.000000000000000000e+00,0.000000000000000000e+00,0.000000000000000000e+00,0.000000000000000000e+00,0.000000000000000000e+00,0.000000000000000000e+00,0.000000000000000000e+00,0.000000000000000000e+00,0.000000000000000000e+00,0.000000000000000000e+00,0.000000000000000000e+00,0.000000000000000000e+00,0.000000000000000000e+00,0.000000000000000000e+00,0.000000000000000000e+00,0.000000000000000000e+00,0.000000000000000000e+00,0.000000000000000000e+00,0.000000000000000000e+00,0.000000000000000000e+00,0.000000000000000000e+00,0.000000000000000000e+00,0.000000000000000000e+00,0.000000000000000000e+00,0.000000000000000000e+00,0.000000000000000000e+00,0.000000000000000000e+00,0.000000000000000000e+00,0.000000000000000000e+00,0.000000000000000000e+00,0.000000000000000000e+00,0.000000000000000000e+00,0.000000000000000000e+00,0.000000000000000000e+00,0.000000000000000000e+00,0.000000000000000000e+00,0.000000000000000000e+00,0.000000000000000000e+00,0.000000000000000000e+00,0.000000000000000000e+00,0.000000000000000000e+00,0.000000000000000000e+00,0.000000000000000000e+00,0.000000000000000000e+00,0.000000000000000000e+00,0.000000000000000000e+00,0.000000000000000000e+00,0.000000000000000000e+00,0.000000000000000000e+00,0.000000000000000000e+00,0.000000000000000000e+00,0.000000000000000000e+00,0.000000000000000000e+00,0.000000000000000000e+00,0.000000000000000000e+00,0.000000000000000000e+00,0.000000000000000000e+00,0.000000000000000000e+00,0.000000000000000000e+00,0.000000000000000000e+00,0.000000000000000000e+00,0.000000000000000000e+00,0.000000000000000000e+00,0.000000000000000000e+00,0.000000000000000000e+00,0.000000000000000000e+00,0.000000000000000000e+00,0.000000000000000000e+00,0.000000000000000000e+00,0.000000000000000000e+00,0.000000000000000000e+00,0.000000000000000000e+00,0.000000000000000000e+00,0.000000000000000000e+00,0.000000000000000000e+00,0.000000000000000000e+00,0.000000000000000000e+00,0.000000000000000000e+00,0.000000000000000000e+00,0.000000000000000000e+00,0.000000000000000000e+00,0.000000000000000000e+00,0.000000000000000000e+00,0.000000000000000000e+00,0.000000000000000000e+00,0.000000000000000000e+00,0.000000000000000000e+00,0.000000000000000000e+00,0.000000000000000000e+00,0.000000000000000000e+00,0.000000000000000000e+00,0.000000000000000000e+00,0.000000000000000000e+00,0.000000000000000000e+00,0.000000000000000000e+00,0.000000000000000000e+00,0.000000000000000000e+00,0.000000000000000000e+00,0.000000000000000000e+00,0.000000000000000000e+00,0.000000000000000000e+00,0.000000000000000000e+00,0.000000000000000000e+00,0.000000000000000000e+00,0.000000000000000000e+00,0.000000000000000000e+00,0.000000000000000000e+00,0.000000000000000000e+00,0.000000000000000000e+00,0.000000000000000000e+00,0.000000000000000000e+00,0.000000000000000000e+00,0.000000000000000000e+00,0.000000000000000000e+00,0.000000000000000000e+00,0.000000000000000000e+00,0.000000000000000000e+00,0.000000000000000000e+00,0.000000000000000000e+00,0.000000000000000000e+00,0.000000000000000000e+00,0.000000000000000000e+00,0.000000000000000000e+00,0.000000000000000000e+00,0.000000000000000000e+00,0.000000000000000000e+00,0.000000000000000000e+00,0.000000000000000000e+00,0.000000000000000000e+00,0.000000000000000000e+00,0.000000000000000000e+00,0.000000000000000000e+00,0.000000000000000000e+00,0.000000000000000000e+00,0.000000000000000000e+00,0.000000000000000000e+00,0.000000000000000000e+00,0.000000000000000000e+00,0.000000000000000000e+00,0.000000000000000000e+00,0.000000000000000000e+00,0.000000000000000000e+00,0.000000000000000000e+00,0.000000000000000000e+00,0.000000000000000000e+00,0.000000000000000000e+00,0.000000000000000000e+00,0.000000000000000000e+00,0.000000000000000000e+00,0.000000000000000000e+00,0.000000000000000000e+00,0.000000000000000000e+00,0.000000000000000000e+00,0.000000000000000000e+00,0.000000000000000000e+00,0.000000000000000000e+00,0.000000000000000000e+00,0.000000000000000000e+00,0.000000000000000000e+00,0.000000000000000000e+00,0.000000000000000000e+00,0.000000000000000000e+00,0.000000000000000000e+00,0.000000000000000000e+00,0.000000000000000000e+00,0.000000000000000000e+00,0.000000000000000000e+00,0.000000000000000000e+00,0.000000000000000000e+00,0.000000000000000000e+00,0.000000000000000000e+00,0.000000000000000000e+00,0.000000000000000000e+00,0.000000000000000000e+00,0.000000000000000000e+00,0.000000000000000000e+00,0.000000000000000000e+00,0.000000000000000000e+00,0.000000000000000000e+00,0.000000000000000000e+00,0.000000000000000000e+00,0.000000000000000000e+00,0.000000000000000000e+00,0.000000000000000000e+00,0.000000000000000000e+00,0.000000000000000000e+00,0.000000000000000000e+00,0.000000000000000000e+00,0.000000000000000000e+00,0.000000000000000000e+00,0.000000000000000000e+00,0.000000000000000000e+00,0.000000000000000000e+00,0.000000000000000000e+00,0.000000000000000000e+00,0.000000000000000000e+00,0.000000000000000000e+00,0.000000000000000000e+00,0.000000000000000000e+00,0.000000000000000000e+00,0.000000000000000000e+00,0.000000000000000000e+00,0.000000000000000000e+00,0.000000000000000000e+00,0.000000000000000000e+00,0.000000000000000000e+00,0.000000000000000000e+00,0.000000000000000000e+00,0.000000000000000000e+00,0.000000000000000000e+00,0.000000000000000000e+00,0.000000000000000000e+00,0.000000000000000000e+00,0.000000000000000000e+00,0.000000000000000000e+00,0.000000000000000000e+00,0.000000000000000000e+00,0.000000000000000000e+00,0.000000000000000000e+00,0.000000000000000000e+00,0.000000000000000000e+00,0.000000000000000000e+00,0.000000000000000000e+00,0.000000000000000000e+00,0.000000000000000000e+00,0.000000000000000000e+00,0.000000000000000000e+00,0.000000000000000000e+00,0.000000000000000000e+00,0.000000000000000000e+00,0.000000000000000000e+00,0.000000000000000000e+00,0.000000000000000000e+00,0.000000000000000000e+00,0.000000000000000000e+00,0.000000000000000000e+00,0.000000000000000000e+00,0.000000000000000000e+00,0.000000000000000000e+00,0.000000000000000000e+00,0.000000000000000000e+00,0.000000000000000000e+00,0.000000000000000000e+00,0.000000000000000000e+00,0.000000000000000000e+00,0.000000000000000000e+00,0.000000000000000000e+00,0.000000000000000000e+00,0.000000000000000000e+00,0.000000000000000000e+00,0.000000000000000000e+00,0.000000000000000000e+00,0.000000000000000000e+00,0.000000000000000000e+00,0.000000000000000000e+00,0.000000000000000000e+00,0.000000000000000000e+00,0.000000000000000000e+00,0.000000000000000000e+00,0.000000000000000000e+00,0.000000000000000000e+00,0.000000000000000000e+00,0.000000000000000000e+00,0.000000000000000000e+00,0.000000000000000000e+00,0.000000000000000000e+00,0.000000000000000000e+00,0.000000000000000000e+00,0.000000000000000000e+00,0.000000000000000000e+00,0.000000000000000000e+00,0.000000000000000000e+00,0.000000000000000000e+00,0.000000000000000000e+00,0.000000000000000000e+00,0.000000000000000000e+00,0.000000000000000000e+00,0.000000000000000000e+00,0.000000000000000000e+00,0.000000000000000000e+00,0.000000000000000000e+00
0.000000000000000000e+00,0.000000000000000000e+00,0.000000000000000000e+00,0.000000000000000000e+00,0.000000000000000000e+00,0.000000000000000000e+00,0.000000000000000000e+00,0.000000000000000000e+00,0.000000000000000000e+00,0.000000000000000000e+00,0.000000000000000000e+00,0.000000000000000000e+00,0.000000000000000000e+00,0.000000000000000000e+00,0.000000000000000000e+00,0.000000000000000000e+00,0.000000000000000000e+00,0.000000000000000000e+00,0.000000000000000000e+00,0.000000000000000000e+00,0.000000000000000000e+00,0.000000000000000000e+00,0.000000000000000000e+00,0.000000000000000000e+00,0.000000000000000000e+00,0.000000000000000000e+00,0.000000000000000000e+00,0.000000000000000000e+00,0.000000000000000000e+00,0.000000000000000000e+00,0.000000000000000000e+00,0.000000000000000000e+00,0.000000000000000000e+00,0.000000000000000000e+00,0.000000000000000000e+00,0.000000000000000000e+00,0.000000000000000000e+00,0.000000000000000000e+00,0.000000000000000000e+00,0.000000000000000000e+00,0.000000000000000000e+00,0.000000000000000000e+00,0.000000000000000000e+00,0.000000000000000000e+00,0.000000000000000000e+00,0.000000000000000000e+00,0.000000000000000000e+00,0.000000000000000000e+00,0.000000000000000000e+00,0.000000000000000000e+00,0.000000000000000000e+00,0.000000000000000000e+00,0.000000000000000000e+00,0.000000000000000000e+00,0.000000000000000000e+00,0.000000000000000000e+00,0.000000000000000000e+00,0.000000000000000000e+00,0.000000000000000000e+00,0.000000000000000000e+00,0.000000000000000000e+00,0.000000000000000000e+00,0.000000000000000000e+00,0.000000000000000000e+00,0.000000000000000000e+00,0.000000000000000000e+00,0.000000000000000000e+00,0.000000000000000000e+00,0.000000000000000000e+00,0.000000000000000000e+00,0.000000000000000000e+00,0.000000000000000000e+00,0.000000000000000000e+00,0.000000000000000000e+00,0.000000000000000000e+00,0.000000000000000000e+00,0.000000000000000000e+00,0.000000000000000000e+00,0.000000000000000000e+00,0.000000000000000000e+00,0.000000000000000000e+00,0.000000000000000000e+00,0.000000000000000000e+00,0.000000000000000000e+00,0.000000000000000000e+00,0.000000000000000000e+00,0.000000000000000000e+00,0.000000000000000000e+00,0.000000000000000000e+00,0.000000000000000000e+00,0.000000000000000000e+00,0.000000000000000000e+00,0.000000000000000000e+00,0.000000000000000000e+00,0.000000000000000000e+00,0.000000000000000000e+00,0.000000000000000000e+00,0.000000000000000000e+00,0.000000000000000000e+00,0.000000000000000000e+00,0.000000000000000000e+00,0.000000000000000000e+00,0.000000000000000000e+00,0.000000000000000000e+00,0.000000000000000000e+00,0.000000000000000000e+00,0.000000000000000000e+00,0.000000000000000000e+00,0.000000000000000000e+00,0.000000000000000000e+00,0.000000000000000000e+00,0.000000000000000000e+00,0.000000000000000000e+00,0.000000000000000000e+00,0.000000000000000000e+00,0.000000000000000000e+00,0.000000000000000000e+00,0.000000000000000000e+00,0.000000000000000000e+00,0.000000000000000000e+00,0.000000000000000000e+00,0.000000000000000000e+00,0.000000000000000000e+00,0.000000000000000000e+00,0.000000000000000000e+00,0.000000000000000000e+00,0.000000000000000000e+00,0.000000000000000000e+00,0.000000000000000000e+00,0.000000000000000000e+00,0.000000000000000000e+00,0.000000000000000000e+00,0.000000000000000000e+00,0.000000000000000000e+00,0.000000000000000000e+00,0.000000000000000000e+00,0.000000000000000000e+00,0.000000000000000000e+00,0.000000000000000000e+00,0.000000000000000000e+00,0.000000000000000000e+00,0.000000000000000000e+00,0.000000000000000000e+00,0.000000000000000000e+00,0.000000000000000000e+00,0.000000000000000000e+00,0.000000000000000000e+00,0.000000000000000000e+00,0.000000000000000000e+00,0.000000000000000000e+00,0.000000000000000000e+00,0.000000000000000000e+00,0.000000000000000000e+00,0.000000000000000000e+00,0.000000000000000000e+00,0.000000000000000000e+00,0.000000000000000000e+00,0.000000000000000000e+00,0.000000000000000000e+00,0.000000000000000000e+00,0.000000000000000000e+00,0.000000000000000000e+00,0.000000000000000000e+00,0.000000000000000000e+00,0.000000000000000000e+00,0.000000000000000000e+00,0.000000000000000000e+00,0.000000000000000000e+00,0.000000000000000000e+00,0.000000000000000000e+00,0.000000000000000000e+00,0.000000000000000000e+00,0.000000000000000000e+00,0.000000000000000000e+00,0.000000000000000000e+00,0.000000000000000000e+00,0.000000000000000000e+00,0.000000000000000000e+00,0.000000000000000000e+00,0.000000000000000000e+00,0.000000000000000000e+00,0.000000000000000000e+00,0.000000000000000000e+00,0.000000000000000000e+00,0.000000000000000000e+00,0.000000000000000000e+00,0.000000000000000000e+00,0.000000000000000000e+00,0.000000000000000000e+00,0.000000000000000000e+00,0.000000000000000000e+00,0.000000000000000000e+00,0.000000000000000000e+00,0.000000000000000000e+00,0.000000000000000000e+00,0.000000000000000000e+00,0.000000000000000000e+00,0.000000000000000000e+00,0.000000000000000000e+00,0.000000000000000000e+00,0.000000000000000000e+00,0.000000000000000000e+00,0.000000000000000000e+00,0.000000000000000000e+00,0.000000000000000000e+00,0.000000000000000000e+00,0.000000000000000000e+00,0.000000000000000000e+00,0.000000000000000000e+00,0.000000000000000000e+00,0.000000000000000000e+00,0.000000000000000000e+00,0.000000000000000000e+00,0.000000000000000000e+00,0.000000000000000000e+00,0.000000000000000000e+00,0.000000000000000000e+00,0.000000000000000000e+00,0.000000000000000000e+00,0.000000000000000000e+00,0.000000000000000000e+00,0.000000000000000000e+00,0.000000000000000000e+00,0.000000000000000000e+00,0.000000000000000000e+00,0.000000000000000000e+00,0.000000000000000000e+00,0.000000000000000000e+00,0.000000000000000000e+00,0.000000000000000000e+00,0.000000000000000000e+00,0.000000000000000000e+00,0.000000000000000000e+00,0.000000000000000000e+00,0.000000000000000000e+00,0.000000000000000000e+00,0.000000000000000000e+00,0.000000000000000000e+00,0.000000000000000000e+00,0.000000000000000000e+00,0.000000000000000000e+00,0.000000000000000000e+00,0.000000000000000000e+00,0.000000000000000000e+00,0.000000000000000000e+00,0.000000000000000000e+00,0.000000000000000000e+00,0.000000000000000000e+00,0.000000000000000000e+00,0.000000000000000000e+00,0.000000000000000000e+00,0.000000000000000000e+00,0.000000000000000000e+00,0.000000000000000000e+00,0.000000000000000000e+00,0.000000000000000000e+00,0.000000000000000000e+00,0.000000000000000000e+00,0.000000000000000000e+00,0.000000000000000000e+00,0.000000000000000000e+00,0.000000000000000000e+00,0.000000000000000000e+00,0.000000000000000000e+00,0.000000000000000000e+00,0.000000000000000000e+00,0.000000000000000000e+00,0.000000000000000000e+00,0.000000000000000000e+00,0.000000000000000000e+00,0.000000000000000000e+00,0.000000000000000000e+00,0.000000000000000000e+00,0.000000000000000000e+00,0.000000000000000000e+00,0.000000000000000000e+00,0.000000000000000000e+00,0.000000000000000000e+00,0.000000000000000000e+00,0.000000000000000000e+00,0.000000000000000000e+00,0.000000000000000000e+00,0.000000000000000000e+00,0.000000000000000000e+00,0.000000000000000000e+00,0.000000000000000000e+00,0.000000000000000000e+00,0.000000000000000000e+00,0.000000000000000000e+00,0.000000000000000000e+00,0.000000000000000000e+00,0.000000000000000000e+00,0.000000000000000000e+00,0.000000000000000000e+00,0.000000000000000000e+00,0.000000000000000000e+00,0.000000000000000000e+00,0.000000000000000000e+00,0.000000000000000000e+00,0.000000000000000000e+00,0.000000000000000000e+00,0.000000000000000000e+00,0.000000000000000000e+00,0.000000000000000000e+00,0.000000000000000000e+00,0.000000000000000000e+00,0.000000000000000000e+00,0.000000000000000000e+00,0.000000000000000000e+00,0.000000000000000000e+00,0.000000000000000000e+00,0.000000000000000000e+00,0.000000000000000000e+00,0.000000000000000000e+00,0.000000000000000000e+00,0.000000000000000000e+00,0.000000000000000000e+00,0.000000000000000000e+00,0.000000000000000000e+00,0.000000000000000000e+00,0.000000000000000000e+00,0.000000000000000000e+00,0.000000000000000000e+00,0.000000000000000000e+00,0.000000000000000000e+00,0.000000000000000000e+00,0.000000000000000000e+00,0.000000000000000000e+00,0.000000000000000000e+00,0.000000000000000000e+00,0.000000000000000000e+00,0.000000000000000000e+00,0.000000000000000000e+00,0.000000000000000000e+00,0.000000000000000000e+00,0.000000000000000000e+00,0.000000000000000000e+00,0.000000000000000000e+00,0.000000000000000000e+00,0.000000000000000000e+00,0.000000000000000000e+00,0.000000000000000000e+00,0.000000000000000000e+00,0.000000000000000000e+00,0.000000000000000000e+00,0.000000000000000000e+00,0.000000000000000000e+00,0.000000000000000000e+00,0.000000000000000000e+00,0.000000000000000000e+00,0.000000000000000000e+00,0.000000000000000000e+00,0.000000000000000000e+00,0.000000000000000000e+00,0.000000000000000000e+00,0.000000000000000000e+00,0.000000000000000000e+00,0.000000000000000000e+00,0.000000000000000000e+00,0.000000000000000000e+00,0.000000000000000000e+00,0.000000000000000000e+00,0.000000000000000000e+00,0.000000000000000000e+00,0.000000000000000000e+00,0.000000000000000000e+00,0.000000000000000000e+00,0.000000000000000000e+00,0.000000000000000000e+00,0.000000000000000000e+00,0.000000000000000000e+00,0.000000000000000000e+00,0.000000000000000000e+00,0.000000000000000000e+00,0.000000000000000000e+00
0.000000000000000000e+00,0.000000000000000000e+00,0.000000000000000000e+00,0.000000000000000000e+00,0.000000000000000000e+00,0.000000000000000000e+00,0.000000000000000000e+00,0.000000000000000000e+00,0.000000000000000000e+00,0.000000000000000000e+00,0.000000000000000000e+00,0.000000000000000000e+00,0.000000000000000000e+00,0.000000000000000000e+00,0.000000000000000000e+00,0.000000000000000000e+00,0.000000000000000000e+00,0.000000000000000000e+00,0.000000000000000000e+00,0.000000000000000000e+00,0.000000000000000000e+00,0.000000000000000000e+00,0.000000000000000000e+00,0.000000000000000000e+00,0.000000000000000000e+00,0.000000000000000000e+00,0.000000000000000000e+00,0.000000000000000000e+00,0.000000000000000000e+00,0.000000000000000000e+00,0.000000000000000000e+00,0.000000000000000000e+00,0.000000000000000000e+00,0.000000000000000000e+00,0.000000000000000000e+00,0.000000000000000000e+00,0.000000000000000000e+00,0.000000000000000000e+00,0.000000000000000000e+00,0.000000000000000000e+00,0.000000000000000000e+00,0.000000000000000000e+00,0.000000000000000000e+00,0.000000000000000000e+00,0.000000000000000000e+00,0.000000000000000000e+00,0.000000000000000000e+00,0.000000000000000000e+00,0.000000000000000000e+00,0.000000000000000000e+00,0.000000000000000000e+00,0.000000000000000000e+00,0.000000000000000000e+00,0.000000000000000000e+00,0.000000000000000000e+00,0.000000000000000000e+00,0.000000000000000000e+00,0.000000000000000000e+00,0.000000000000000000e+00,0.000000000000000000e+00,0.000000000000000000e+00,0.000000000000000000e+00,0.000000000000000000e+00,0.000000000000000000e+00,0.000000000000000000e+00,0.000000000000000000e+00,0.000000000000000000e+00,0.000000000000000000e+00,0.000000000000000000e+00,0.000000000000000000e+00,0.000000000000000000e+00,0.000000000000000000e+00,0.000000000000000000e+00,0.000000000000000000e+00,0.000000000000000000e+00,0.000000000000000000e+00,0.000000000000000000e+00,0.000000000000000000e+00,0.000000000000000000e+00,0.000000000000000000e+00,0.000000000000000000e+00,0.000000000000000000e+00,0.000000000000000000e+00,0.000000000000000000e+00,0.000000000000000000e+00,0.000000000000000000e+00,0.000000000000000000e+00,0.000000000000000000e+00,0.000000000000000000e+00,0.000000000000000000e+00,0.000000000000000000e+00,0.000000000000000000e+00,0.000000000000000000e+00,0.000000000000000000e+00,0.000000000000000000e+00,0.000000000000000000e+00,0.000000000000000000e+00,0.000000000000000000e+00,0.000000000000000000e+00,0.000000000000000000e+00,0.000000000000000000e+00,0.000000000000000000e+00,0.000000000000000000e+00,0.000000000000000000e+00,0.000000000000000000e+00,0.000000000000000000e+00,0.000000000000000000e+00,0.000000000000000000e+00,0.000000000000000000e+00,0.000000000000000000e+00,0.000000000000000000e+00,0.000000000000000000e+00,0.000000000000000000e+00,0.000000000000000000e+00,0.000000000000000000e+00,0.000000000000000000e+00,0.000000000000000000e+00,0.000000000000000000e+00,0.000000000000000000e+00,0.000000000000000000e+00,0.000000000000000000e+00,0.000000000000000000e+00,0.000000000000000000e+00,0.000000000000000000e+00,0.000000000000000000e+00,0.000000000000000000e+00,0.000000000000000000e+00,0.000000000000000000e+00,0.000000000000000000e+00,0.000000000000000000e+00,0.000000000000000000e+00,0.000000000000000000e+00,0.000000000000000000e+00,0.000000000000000000e+00,0.000000000000000000e+00,0.000000000000000000e+00,0.000000000000000000e+00,0.000000000000000000e+00,0.000000000000000000e+00,0.000000000000000000e+00,0.000000000000000000e+00,0.000000000000000000e+00,0.000000000000000000e+00,0.000000000000000000e+00,0.000000000000000000e+00,0.000000000000000000e+00,0.000000000000000000e+00,0.000000000000000000e+00,0.000000000000000000e+00,0.000000000000000000e+00,0.000000000000000000e+00,0.000000000000000000e+00,0.000000000000000000e+00,0.000000000000000000e+00,0.000000000000000000e+00,0.000000000000000000e+00,0.000000000000000000e+00,0.000000000000000000e+00,0.000000000000000000e+00,0.000000000000000000e+00,0.000000000000000000e+00,0.000000000000000000e+00,0.000000000000000000e+00,0.000000000000000000e+00,0.000000000000000000e+00,0.000000000000000000e+00,0.000000000000000000e+00,0.000000000000000000e+00,0.000000000000000000e+00,0.000000000000000000e+00,0.000000000000000000e+00,0.000000000000000000e+00,0.000000000000000000e+00,0.000000000000000000e+00,0.000000000000000000e+00,0.000000000000000000e+00,0.000000000000000000e+00,0.000000000000000000e+00,0.000000000000000000e+00,0.000000000000000000e+00,0.000000000000000000e+00,0.000000000000000000e+00,0.000000000000000000e+00,0.000000000000000000e+00,0.000000000000000000e+00,0.000000000000000000e+00,0.000000000000000000e+00,0.000000000000000000e+00,0.000000000000000000e+00,0.000000000000000000e+00,0.000000000000000000e+00,0.000000000000000000e+00,0.000000000000000000e+00,0.000000000000000000e+00,0.000000000000000000e+00,0.000000000000000000e+00,0.000000000000000000e+00,0.000000000000000000e+00,0.000000000000000000e+00,0.000000000000000000e+00,0.000000000000000000e+00,0.000000000000000000e+00,0.000000000000000000e+00,0.000000000000000000e+00,0.000000000000000000e+00,0.000000000000000000e+00,0.000000000000000000e+00,0.000000000000000000e+00,0.000000000000000000e+00,0.000000000000000000e+00,0.000000000000000000e+00,0.000000000000000000e+00,0.000000000000000000e+00,0.000000000000000000e+00,0.000000000000000000e+00,0.000000000000000000e+00,0.000000000000000000e+00,0.000000000000000000e+00,0.000000000000000000e+00,0.000000000000000000e+00,0.000000000000000000e+00,0.000000000000000000e+00,0.000000000000000000e+00,0.000000000000000000e+00,0.000000000000000000e+00,0.000000000000000000e+00,0.000000000000000000e+00,0.000000000000000000e+00,0.000000000000000000e+00,0.000000000000000000e+00,0.000000000000000000e+00,0.000000000000000000e+00,0.000000000000000000e+00,0.000000000000000000e+00,0.000000000000000000e+00,0.000000000000000000e+00,0.000000000000000000e+00,0.000000000000000000e+00,0.000000000000000000e+00,0.000000000000000000e+00,0.000000000000000000e+00,0.000000000000000000e+00,0.000000000000000000e+00,0.000000000000000000e+00,0.000000000000000000e+00,0.000000000000000000e+00,0.000000000000000000e+00,0.000000000000000000e+00,0.000000000000000000e+00,0.000000000000000000e+00,0.000000000000000000e+00,0.000000000000000000e+00,0.000000000000000000e+00,0.000000000000000000e+00,0.000000000000000000e+00,0.000000000000000000e+00,0.000000000000000000e+00,0.000000000000000000e+00,0.000000000000000000e+00,0.000000000000000000e+00,0.000000000000000000e+00,0.000000000000000000e+00,0.000000000000000000e+00,0.000000000000000000e+00,0.000000000000000000e+00,0.000000000000000000e+00,0.000000000000000000e+00,0.000000000000000000e+00,0.000000000000000000e+00,0.000000000000000000e+00,0.000000000000000000e+00,0.000000000000000000e+00,0.000000000000000000e+00,0.000000000000000000e+00,0.000000000000000000e+00,0.000000000000000000e+00,0.000000000000000000e+00,0.000000000000000000e+00,0.000000000000000000e+00,0.000000000000000000e+00,0.000000000000000000e+00,0.000000000000000000e+00,0.000000000000000000e+00,0.000000000000000000e+00,0.000000000000000000e+00,0.000000000000000000e+00,0.000000000000000000e+00,0.000000000000000000e+00,0.000000000000000000e+00,0.000000000000000000e+00,0.000000000000000000e+00,0.000000000000000000e+00,0.000000000000000000e+00,0.000000000000000000e+00,0.000000000000000000e+00,0.000000000000000000e+00,0.000000000000000000e+00,0.000000000000000000e+00,0.000000000000000000e+00,0.000000000000000000e+00,0.000000000000000000e+00,0.000000000000000000e+00,0.000000000000000000e+00,0.000000000000000000e+00,0.000000000000000000e+00,0.000000000000000000e+00,0.000000000000000000e+00,0.000000000000000000e+00,0.000000000000000000e+00,0.000000000000000000e+00,0.000000000000000000e+00,0.000000000000000000e+00,0.000000000000000000e+00,0.000000000000000000e+00,0.000000000000000000e+00,0.000000000000000000e+00,0.000000000000000000e+00,0.000000000000000000e+00,0.000000000000000000e+00,0.000000000000000000e+00,0.000000000000000000e+00,0.000000000000000000e+00,0.000000000000000000e+00,0.000000000000000000e+00,0.000000000000000000e+00,0.000000000000000000e+00,0.000000000000000000e+00,0.000000000000000000e+00,0.000000000000000000e+00,0.000000000000000000e+00,0.000000000000000000e+00,0.000000000000000000e+00,0.000000000000000000e+00,0.000000000000000000e+00,0.000000000000000000e+00,0.000000000000000000e+00,0.000000000000000000e+00,0.000000000000000000e+00,0.000000000000000000e+00,0.000000000000000000e+00,0.000000000000000000e+00,0.000000000000000000e+00,0.000000000000000000e+00,0.000000000000000000e+00,0.000000000000000000e+00,0.000000000000000000e+00,0.000000000000000000e+00,0.000000000000000000e+00,0.000000000000000000e+00,0.000000000000000000e+00,0.000000000000000000e+00,0.000000000000000000e+00,0.000000000000000000e+00,0.000000000000000000e+00,0.000000000000000000e+00,0.000000000000000000e+00,0.000000000000000000e+00,0.000000000000000000e+00,0.000000000000000000e+00,0.000000000000000000e+00,0.000000000000000000e+00,0.000000000000000000e+00,0.000000000000000000e+00,0.000000000000000000e+00,0.000000000000000000e+00,0.000000000000000000e+00,0.000000000000000000e+00,0.000000000000000000e+00,0.000000000000000000e+00,0.000000000000000000e+00,0.000000000000000000e+00,0.000000000000000000e+00,0.000000000000000000e+00,0.000000000000000000e+00,0.000000000000000000e+00
0.000000000000000000e+00,0.000000000000000000e+00,0.000000000000000000e+00,0.000000000000000000e+00,0.000000000000000000e+00,0.000000000000000000e+00,0.000000000000000000e+00,0.000000000000000000e+00,0.000000000000000000e+00,0.000000000000000000e+00,0.000000000000000000e+00,0.000000000000000000e+00,0.000000000000000000e+00,0.000000000000000000e+00,0.000000000000000000e+00,0.000000000000000000e+00,0.000000000000000000e+00,0.000000000000000000e+00,0.000000000000000000e+00,0.000000000000000000e+00,0.000000000000000000e+00,0.000000000000000000e+00,0.000000000000000000e+00,0.000000000000000000e+00,0.000000000000000000e+00,0.000000000000000000e+00,0.000000000000000000e+00,0.000000000000000000e+00,0.000000000000000000e+00,0.000000000000000000e+00,0.000000000000000000e+00,0.000000000000000000e+00,0.000000000000000000e+00,0.000000000000000000e+00,0.000000000000000000e+00,0.000000000000000000e+00,0.000000000000000000e+00,0.000000000000000000e+00,0.000000000000000000e+00,0.000000000000000000e+00,0.000000000000000000e+00,0.000000000000000000e+00,0.000000000000000000e+00,0.000000000000000000e+00,0.000000000000000000e+00,0.000000000000000000e+00,0.000000000000000000e+00,0.000000000000000000e+00,0.000000000000000000e+00,0.000000000000000000e+00,0.000000000000000000e+00,0.000000000000000000e+00,0.000000000000000000e+00,0.000000000000000000e+00,0.000000000000000000e+00,0.000000000000000000e+00,0.000000000000000000e+00,0.000000000000000000e+00,0.000000000000000000e+00,0.000000000000000000e+00,0.000000000000000000e+00,0.000000000000000000e+00,0.000000000000000000e+00,0.000000000000000000e+00,0.000000000000000000e+00,0.000000000000000000e+00,0.000000000000000000e+00,0.000000000000000000e+00,0.000000000000000000e+00,0.000000000000000000e+00,0.000000000000000000e+00,0.000000000000000000e+00,0.000000000000000000e+00,0.000000000000000000e+00,0.000000000000000000e+00,0.000000000000000000e+00,0.000000000000000000e+00,0.000000000000000000e+00,0.000000000000000000e+00,0.000000000000000000e+00,0.000000000000000000e+00,0.000000000000000000e+00,0.000000000000000000e+00,0.000000000000000000e+00,0.000000000000000000e+00,0.000000000000000000e+00,0.000000000000000000e+00,0.000000000000000000e+00,0.000000000000000000e+00,0.000000000000000000e+00,0.000000000000000000e+00,0.000000000000000000e+00,0.000000000000000000e+00,0.000000000000000000e+00,0.000000000000000000e+00,0.000000000000000000e+00,0.000000000000000000e+00,0.000000000000000000e+00,0.000000000000000000e+00,0.000000000000000000e+00,0.000000000000000000e+00,0.000000000000000000e+00,0.000000000000000000e+00,0.000000000000000000e+00,0.000000000000000000e+00,0.000000000000000000e+00,0.000000000000000000e+00,0.000000000000000000e+00,0.000000000000000000e+00,0.000000000000000000e+00,0.000000000000000000e+00,0.000000000000000000e+00,0.000000000000000000e+00,0.000000000000000000e+00,0.000000000000000000e+00,0.000000000000000000e+00,0.000000000000000000e+00,0.000000000000000000e+00,0.000000000000000000e+00,0.000000000000000000e+00,0.000000000000000000e+00,0.000000000000000000e+00,0.000000000000000000e+00,0.000000000000000000e+00,0.000000000000000000e+00,0.000000000000000000e+00,0.000000000000000000e+00,0.000000000000000000e+00,0.000000000000000000e+00,0.000000000000000000e+00,0.000000000000000000e+00,0.000000000000000000e+00,0.000000000000000000e+00,0.000000000000000000e+00,0.000000000000000000e+00,0.000000000000000000e+00,0.000000000000000000e+00,0.000000000000000000e+00,0.000000000000000000e+00,0.000000000000000000e+00,0.000000000000000000e+00,0.000000000000000000e+00,0.000000000000000000e+00,0.000000000000000000e+00,0.000000000000000000e+00,0.000000000000000000e+00,0.000000000000000000e+00,0.000000000000000000e+00,0.000000000000000000e+00,0.000000000000000000e+00,0.000000000000000000e+00,0.000000000000000000e+00,0.000000000000000000e+00,0.000000000000000000e+00,0.000000000000000000e+00,0.000000000000000000e+00,0.000000000000000000e+00,0.000000000000000000e+00,0.000000000000000000e+00,0.000000000000000000e+00,0.000000000000000000e+00,0.000000000000000000e+00,0.000000000000000000e+00,0.000000000000000000e+00,0.000000000000000000e+00,0.000000000000000000e+00,0.000000000000000000e+00,0.000000000000000000e+00,0.000000000000000000e+00,0.000000000000000000e+00,0.000000000000000000e+00,0.000000000000000000e+00,0.000000000000000000e+00,0.000000000000000000e+00,0.000000000000000000e+00,0.000000000000000000e+00,0.000000000000000000e+00,0.000000000000000000e+00,0.000000000000000000e+00,0.000000000000000000e+00,0.000000000000000000e+00,0.000000000000000000e+00,0.000000000000000000e+00,0.000000000000000000e+00,0.000000000000000000e+00,0.000000000000000000e+00,0.000000000000000000e+00,0.000000000000000000e+00,0.000000000000000000e+00,0.000000000000000000e+00,0.000000000000000000e+00,0.000000000000000000e+00,0.000000000000000000e+00,0.000000000000000000e+00,0.000000000000000000e+00,0.000000000000000000e+00,0.000000000000000000e+00,0.000000000000000000e+00,0.000000000000000000e+00,0.000000000000000000e+00,0.000000000000000000e+00,0.000000000000000000e+00,0.000000000000000000e+00,0.000000000000000000e+00,0.000000000000000000e+00,0.000000000000000000e+00,0.000000000000000000e+00,0.000000000000000000e+00,0.000000000000000000e+00,0.000000000000000000e+00,0.000000000000000000e+00,0.000000000000000000e+00,0.000000000000000000e+00,0.000000000000000000e+00,0.000000000000000000e+00,0.000000000000000000e+00,0.000000000000000000e+00,0.000000000000000000e+00,0.000000000000000000e+00,0.000000000000000000e+00,0.000000000000000000e+00,0.000000000000000000e+00,0.000000000000000000e+00,0.000000000000000000e+00,0.000000000000000000e+00,0.000000000000000000e+00,0.000000000000000000e+00,0.000000000000000000e+00,0.000000000000000000e+00,0.000000000000000000e+00,0.000000000000000000e+00,0.000000000000000000e+00,0.000000000000000000e+00,0.000000000000000000e+00,0.000000000000000000e+00,0.000000000000000000e+00,0.000000000000000000e+00,0.000000000000000000e+00,0.000000000000000000e+00,0.000000000000000000e+00,0.000000000000000000e+00,0.000000000000000000e+00,0.000000000000000000e+00,0.000000000000000000e+00,0.000000000000000000e+00,0.000000000000000000e+00,0.000000000000000000e+00,0.000000000000000000e+00,0.000000000000000000e+00,0.000000000000000000e+00,0.000000000000000000e+00,0.000000000000000000e+00,0.000000000000000000e+00,0.000000000000000000e+00,0.000000000000000000e+00,0.000000000000000000e+00,0.000000000000000000e+00,0.000000000000000000e+00,0.000000000000000000e+00,0.000000000000000000e+00,0.000000000000000000e+00,0.000000000000000000e+00,0.000000000000000000e+00,0.000000000000000000e+00,0.000000000000000000e+00,0.000000000000000000e+00,0.000000000000000000e+00,0.000000000000000000e+00,0.000000000000000000e+00,0.000000000000000000e+00,0.000000000000000000e+00,0.000000000000000000e+00,0.000000000000000000e+00,0.000000000000000000e+00,0.000000000000000000e+00,0.000000000000000000e+00,0.000000000000000000e+00,0.000000000000000000e+00,0.000000000000000000e+00,0.000000000000000000e+00,0.000000000000000000e+00,0.000000000000000000e+00,0.000000000000000000e+00,0.000000000000000000e+00,0.000000000000000000e+00,0.000000000000000000e+00,0.000000000000000000e+00,0.000000000000000000e+00,0.000000000000000000e+00,0.000000000000000000e+00,0.000000000000000000e+00,0.000000000000000000e+00,0.000000000000000000e+00,0.000000000000000000e+00,0.000000000000000000e+00,0.000000000000000000e+00,0.000000000000000000e+00,0.000000000000000000e+00,0.000000000000000000e+00,0.000000000000000000e+00,0.000000000000000000e+00,0.000000000000000000e+00,0.000000000000000000e+00,0.000000000000000000e+00,0.000000000000000000e+00,0.000000000000000000e+00,0.000000000000000000e+00,0.000000000000000000e+00,0.000000000000000000e+00,0.000000000000000000e+00,0.000000000000000000e+00,0.000000000000000000e+00,0.000000000000000000e+00,0.000000000000000000e+00,0.000000000000000000e+00,0.000000000000000000e+00,0.000000000000000000e+00,0.000000000000000000e+00,0.000000000000000000e+00,0.000000000000000000e+00,0.000000000000000000e+00,0.000000000000000000e+00,0.000000000000000000e+00,0.000000000000000000e+00,0.000000000000000000e+00,0.000000000000000000e+00,0.000000000000000000e+00,0.000000000000000000e+00,0.000000000000000000e+00,0.000000000000000000e+00,0.000000000000000000e+00,0.000000000000000000e+00,0.000000000000000000e+00,0.000000000000000000e+00,0.000000000000000000e+00,0.000000000000000000e+00,0.000000000000000000e+00,0.000000000000000000e+00,0.000000000000000000e+00,0.000000000000000000e+00,0.000000000000000000e+00,0.000000000000000000e+00,0.000000000000000000e+00,0.000000000000000000e+00,0.000000000000000000e+00,0.000000000000000000e+00,0.000000000000000000e+00,0.000000000000000000e+00,0.000000000000000000e+00,0.000000000000000000e+00,0.000000000000000000e+00,0.000000000000000000e+00,0.000000000000000000e+00,0.000000000000000000e+00,0.000000000000000000e+00,0.000000000000000000e+00,0.000000000000000000e+00,0.000000000000000000e+00,0.000000000000000000e+00,0.000000000000000000e+00,0.000000000000000000e+00,0.000000000000000000e+00,0.000000000000000000e+00,0.000000000000000000e+00,0.000000000000000000e+00,0.000000000000000000e+00,0.000000000000000000e+00,0.000000000000000000e+00,0.000000000000000000e+00,0.000000000000000000e+00,0.000000000000000000e+00,0.000000000000000000e+00,0.000000000000000000e+00,0.000000000000000000e+00,0.000000000000000000e+00
0.000000000000000000e+00,0.000000000000000000e+00,0.000000000000000000e+00,0.000000000000000000e+00,0.000000000000000000e+00,0.000000000000000000e+00,0.000000000000000000e+00,0.000000000000000000e+00,0.000000000000000000e+00,0.000000000000000000e+00,0.000000000000000000e+00,0.000000000000000000e+00,0.000000000000000000e+00,0.000000000000000000e+00,0.000000000000000000e+00,0.000000000000000000e+00,0.000000000000000000e+00,0.000000000000000000e+00,0.000000000000000000e+00,0.000000000000000000e+00,0.000000000000000000e+00,0.000000000000000000e+00,0.000000000000000000e+00,0.000000000000000000e+00,0.000000000000000000e+00,0.000000000000000000e+00,0.000000000000000000e+00,0.000000000000000000e+00,0.000000000000000000e+00,0.000000000000000000e+00,0.000000000000000000e+00,0.000000000000000000e+00,0.000000000000000000e+00,0.000000000000000000e+00,0.000000000000000000e+00,0.000000000000000000e+00,0.000000000000000000e+00,0.000000000000000000e+00,0.000000000000000000e+00,0.000000000000000000e+00,0.000000000000000000e+00,0.000000000000000000e+00,0.000000000000000000e+00,0.000000000000000000e+00,0.000000000000000000e+00,0.000000000000000000e+00,0.000000000000000000e+00,0.000000000000000000e+00,0.000000000000000000e+00,0.000000000000000000e+00,0.000000000000000000e+00,0.000000000000000000e+00,0.000000000000000000e+00,0.000000000000000000e+00,0.000000000000000000e+00,0.000000000000000000e+00,0.000000000000000000e+00,0.000000000000000000e+00,0.000000000000000000e+00,0.000000000000000000e+00,0.000000000000000000e+00,0.000000000000000000e+00,0.000000000000000000e+00,0.000000000000000000e+00,0.000000000000000000e+00,0.000000000000000000e+00,0.000000000000000000e+00,0.000000000000000000e+00,0.000000000000000000e+00,0.000000000000000000e+00,0.000000000000000000e+00,0.000000000000000000e+00,0.000000000000000000e+00,0.000000000000000000e+00,0.000000000000000000e+00,0.000000000000000000e+00,0.000000000000000000e+00,0.000000000000000000e+00,0.000000000000000000e+00,0.000000000000000000e+00,0.000000000000000000e+00,0.000000000000000000e+00,0.000000000000000000e+00,0.000000000000000000e+00,0.000000000000000000e+00,0.000000000000000000e+00,0.000000000000000000e+00,0.000000000000000000e+00,0.000000000000000000e+00,0.000000000000000000e+00,0.000000000000000000e+00,0.000000000000000000e+00,0.000000000000000000e+00,0.000000000000000000e+00,0.000000000000000000e+00,0.000000000000000000e+00,0.000000000000000000e+00,0.000000000000000000e+00,0.000000000000000000e+00,0.000000000000000000e+00,0.000000000000000000e+00,0.000000000000000000e+00,0.000000000000000000e+00,0.000000000000000000e+00,0.000000000000000000e+00,0.000000000000000000e+00,0.000000000000000000e+00,0.000000000000000000e+00,0.000000000000000000e+00,0.000000000000000000e+00,0.000000000000000000e+00,0.000000000000000000e+00,0.000000000000000000e+00,0.000000000000000000e+00,0.000000000000000000e+00,0.000000000000000000e+00,0.000000000000000000e+00,0.000000000000000000e+00,0.000000000000000000e+00,0.000000000000000000e+00,0.000000000000000000e+00,0.000000000000000000e+00,0.000000000000000000e+00,0.000000000000000000e+00,0.000000000000000000e+00,0.000000000000000000e+00,0.000000000000000000e+00,0.000000000000000000e+00,0.000000000000000000e+00,0.000000000000000000e+00,0.000000000000000000e+00,0.000000000000000000e+00,0.000000000000000000e+00,0.000000000000000000e+00,0.000000000000000000e+00,0.000000000000000000e+00,0.000000000000000000e+00,0.000000000000000000e+00,0.000000000000000000e+00,0.000000000000000000e+00,0.000000000000000000e+00,0.000000000000000000e+00,0.000000000000000000e+00,0.000000000000000000e+00,0.000000000000000000e+00,0.000000000000000000e+00,0.000000000000000000e+00,0.000000000000000000e+00,0.000000000000000000e+00,0.000000000000000000e+00,0.000000000000000000e+00,0.000000000000000000e+00,0.000000000000000000e+00,0.000000000000000000e+00,0.000000000000000000e+00,0.000000000000000000e+00,0.000000000000000000e+00,0.000000000000000000e+00,0.000000000000000000e+00,0.000000000000000000e+00,0.000000000000000000e+00,0.000000000000000000e+00,0.000000000000000000e+00,0.000000000000000000e+00,0.000000000000000000e+00,0.000000000000000000e+00,0.000000000000000000e+00,0.000000000000000000e+00,0.000000000000000000e+00,0.000000000000000000e+00,0.000000000000000000e+00,0.000000000000000000e+00,0.000000000000000000e+00,0.000000000000000000e+00,0.000000000000000000e+00,0.000000000000000000e+00,0.000000000000000000e+00,0.000000000000000000e+00,0.000000000000000000e+00,0.000000000000000000e+00,0.000000000000000000e+00,0.000000000000000000e+00,0.000000000000000000e+00,0.000000000000000000e+00,0.000000000000000000e+00,0.000000000000000000e+00,0.000000000000000000e+00,0.000000000000000000e+00,0.000000000000000000e+00,0.000000000000000000e+00,0.000000000000000000e+00,0.000000000000000000e+00,0.000000000000000000e+00,0.000000000000000000e+00,0.000000000000000000e+00,0.000000000000000000e+00,0.000000000000000000e+00,0.000000000000000000e+00,0.000000000000000000e+00,0.000000000000000000e+00,0.000000000000000000e+00,0.000000000000000000e+00,0.000000000000000000e+00,0.000000000000000000e+00,0.000000000000000000e+00,0.000000000000000000e+00,0.000000000000000000e+00,0.000000000000000000e+00,0.000000000000000000e+00,0.000000000000000000e+00,0.000000000000000000e+00,0.000000000000000000e+00,0.000000000000000000e+00,0.000000000000000000e+00,0.000000000000000000e+00,0.000000000000000000e+00,0.000000000000000000e+00,0.000000000000000000e+00,0.000000000000000000e+00,0.000000000000000000e+00,0.000000000000000000e+00,0.000000000000000000e+00,0.000000000000000000e+00,0.000000000000000000e+00,0.000000000000000000e+00,0.000000000000000000e+00,0.000000000000000000e+00,0.000000000000000000e+00,0.000000000000000000e+00,0.000000000000000000e+00,0.000000000000000000e+00,0.000000000000000000e+00,0.000000000000000000e+00,0.000000000000000000e+00,0.000000000000000000e+00,0.000000000000000000e+00,0.000000000000000000e+00,0.000000000000000000e+00,0.000000000000000000e+00,0.000000000000000000e+00,0.000000000000000000e+00,0.000000000000000000e+00,0.000000000000000000e+00,0.000000000000000000e+00,0.000000000000000000e+00,0.000000000000000000e+00,0.000000000000000000e+00,0.000000000000000000e+00,0.000000000000000000e+00,0.000000000000000000e+00,0.000000000000000000e+00,0.000000000000000000e+00,0.000000000000000000e+00,0.000000000000000000e+00,0.000000000000000000e+00,0.000000000000000000e+00,0.000000000000000000e+00,0.000000000000000000e+00,0.000000000000000000e+00,0.000000000000000000e+00,0.000000000000000000e+00,0.000000000000000000e+00,0.000000000000000000e+00,0.000000000000000000e+00,0.000000000000000000e+00,0.000000000000000000e+00,0.000000000000000000e+00,0.000000000000000000e+00,0.000000000000000000e+00,0.000000000000000000e+00,0.000000000000000000e+00,0.000000000000000000e+00,0.000000000000000000e+00,0.000000000000000000e+00,0.000000000000000000e+00,0.000000000000000000e+00,0.000000000000000000e+00,0.000000000000000000e+00,0.000000000000000000e+00,0.000000000000000000e+00,0.000000000000000000e+00,0.000000000000000000e+00,0.000000000000000000e+00,0.000000000000000000e+00,0.000000000000000000e+00,0.000000000000000000e+00,0.000000000000000000e+00,0.000000000000000000e+00,0.000000000000000000e+00,0.000000000000000000e+00,0.000000000000000000e+00,0.000000000000000000e+00,0.000000000000000000e+00,0.000000000000000000e+00,0.000000000000000000e+00,0.000000000000000000e+00,0.000000000000000000e+00,0.000000000000000000e+00,0.000000000000000000e+00,0.000000000000000000e+00,0.000000000000000000e+00,0.000000000000000000e+00,0.000000000000000000e+00,0.000000000000000000e+00,0.000000000000000000e+00,0.000000000000000000e+00,0.000000000000000000e+00,0.000000000000000000e+00,0.000000000000000000e+00,0.000000000000000000e+00,0.000000000000000000e+00,0.000000000000000000e+00,0.000000000000000000e+00,0.000000000000000000e+00,0.000000000000000000e+00,0.000000000000000000e+00,0.000000000000000000e+00,0.000000000000000000e+00,0.000000000000000000e+00,0.000000000000000000e+00,0.000000000000000000e+00,0.000000000000000000e+00,0.000000000000000000e+00,0.000000000000000000e+00,0.000000000000000000e+00,0.000000000000000000e+00,0.000000000000000000e+00,0.000000000000000000e+00,0.000000000000000000e+00,0.000000000000000000e+00,0.000000000000000000e+00,0.000000000000000000e+00,0.000000000000000000e+00,0.000000000000000000e+00,0.000000000000000000e+00,0.000000000000000000e+00,0.000000000000000000e+00,0.000000000000000000e+00,0.000000000000000000e+00,0.000000000000000000e+00,0.000000000000000000e+00,0.000000000000000000e+00,0.000000000000000000e+00,0.000000000000000000e+00,0.000000000000000000e+00,0.000000000000000000e+00,0.000000000000000000e+00,0.000000000000000000e+00,0.000000000000000000e+00,0.000000000000000000e+00,0.000000000000000000e+00,0.000000000000000000e+00,0.000000000000000000e+00,0.000000000000000000e+00,0.000000000000000000e+00,0.000000000000000000e+00,0.000000000000000000e+00,0.000000000000000000e+00,0.000000000000000000e+00,0.000000000000000000e+00,0.000000000000000000e+00,0.000000000000000000e+00,0.000000000000000000e+00,0.000000000000000000e+00,0.000000000000000000e+00,0.000000000000000000e+00,0.000000000000000000e+00,0.000000000000000000e+00,0.000000000000000000e+00,0.000000000000000000e+00,0.000000000000000000e+00,0.000000000000000000e+00,0.000000000000000000e+00,0.000000000000000000e+00,0.000000000000000000e+00
0.000000000000000000e+00,0.000000000000000000e+00,0.000000000000000000e+00,0.000000000000000000e+00,0.000000000000000000e+00,0.000000000000000000e+00,0.000000000000000000e+00,0.000000000000000000e+00,0.000000000000000000e+00,0.000000000000000000e+00,0.000000000000000000e+00,0.000000000000000000e+00,0.000000000000000000e+00,0.000000000000000000e+00,0.000000000000000000e+00,0.000000000000000000e+00,0.000000000000000000e+00,0.000000000000000000e+00,0.000000000000000000e+00,0.000000000000000000e+00,0.000000000000000000e+00,0.000000000000000000e+00,0.000000000000000000e+00,0.000000000000000000e+00,0.000000000000000000e+00,0.000000000000000000e+00,0.000000000000000000e+00,0.000000000000000000e+00,0.000000000000000000e+00,0.000000000000000000e+00,0.000000000000000000e+00,0.000000000000000000e+00,0.000000000000000000e+00,0.000000000000000000e+00,0.000000000000000000e+00,0.000000000000000000e+00,0.000000000000000000e+00,0.000000000000000000e+00,0.000000000000000000e+00,0.000000000000000000e+00,0.000000000000000000e+00,0.000000000000000000e+00,0.000000000000000000e+00,0.000000000000000000e+00,0.000000000000000000e+00,0.000000000000000000e+00,0.000000000000000000e+00,0.000000000000000000e+00,0.000000000000000000e+00,0.000000000000000000e+00,0.000000000000000000e+00,0.000000000000000000e+00,0.000000000000000000e+00,0.000000000000000000e+00,0.000000000000000000e+00,0.000000000000000000e+00,0.000000000000000000e+00,0.000000000000000000e+00,0.000000000000000000e+00,0.000000000000000000e+00,0.000000000000000000e+00,0.000000000000000000e+00,0.000000000000000000e+00,0.000000000000000000e+00,0.000000000000000000e+00,0.000000000000000000e+00,0.000000000000000000e+00,0.000000000000000000e+00,0.000000000000000000e+00,0.000000000000000000e+00,0.000000000000000000e+00,0.000000000000000000e+00,0.000000000000000000e+00,0.000000000000000000e+00,0.000000000000000000e+00,0.000000000000000000e+00,0.000000000000000000e+00,0.000000000000000000e+00,0.000000000000000000e+00,0.000000000000000000e+00,0.000000000000000000e+00,0.000000000000000000e+00,0.000000000000000000e+00,0.000000000000000000e+00,0.000000000000000000e+00,0.000000000000000000e+00,0.000000000000000000e+00,0.000000000000000000e+00,0.000000000000000000e+00,0.000000000000000000e+00,0.000000000000000000e+00,0.000000000000000000e+00,0.000000000000000000e+00,0.000000000000000000e+00,0.000000000000000000e+00,0.000000000000000000e+00,0.000000000000000000e+00,0.000000000000000000e+00,0.000000000000000000e+00,0.000000000000000000e+00,0.000000000000000000e+00,0.000000000000000000e+00,0.000000000000000000e+00,0.000000000000000000e+00,0.000000000000000000e+00,0.000000000000000000e+00,0.000000000000000000e+00,0.000000000000000000e+00,0.000000000000000000e+00,0.000000000000000000e+00,0.000000000000000000e+00,0.000000000000000000e+00,0.000000000000000000e+00,0.000000000000000000e+00,0.000000000000000000e+00,0.000000000000000000e+00,0.000000000000000000e+00,0.000000000000000000e+00,0.000000000000000000e+00,0.000000000000000000e+00,0.000000000000000000e+00,0.000000000000000000e+00,0.000000000000000000e+00,0.000000000000000000e+00,0.000000000000000000e+00,0.000000000000000000e+00,0.000000000000000000e+00,0.000000000000000000e+00,0.000000000000000000e+00,0.000000000000000000e+00,0.000000000000000000e+00,0.000000000000000000e+00,0.000000000000000000e+00,0.000000000000000000e+00,0.000000000000000000e+00,0.000000000000000000e+00,0.000000000000000000e+00,0.000000000000000000e+00,0.000000000000000000e+00,0.000000000000000000e+00,0.000000000000000000e+00,0.000000000000000000e+00,0.000000000000000000e+00,0.000000000000000000e+00,0.000000000000000000e+00,0.000000000000000000e+00,0.000000000000000000e+00,0.000000000000000000e+00,0.000000000000000000e+00,0.000000000000000000e+00,0.000000000000000000e+00,0.000000000000000000e+00,0.000000000000000000e+00,0.000000000000000000e+00,0.000000000000000000e+00,0.000000000000000000e+00,0.000000000000000000e+00,0.000000000000000000e+00,0.000000000000000000e+00,0.000000000000000000e+00,0.000000000000000000e+00,0.000000000000000000e+00,0.000000000000000000e+00,0.000000000000000000e+00,0.000000000000000000e+00,0.000000000000000000e+00,0.000000000000000000e+00,0.000000000000000000e+00,0.000000000000000000e+00,0.000000000000000000e+00,0.000000000000000000e+00,0.000000000000000000e+00,0.000000000000000000e+00,0.000000000000000000e+00,0.000000000000000000e+00,0.000000000000000000e+00,0.000000000000000000e+00,0.000000000000000000e+00,0.000000000000000000e+00,0.000000000000000000e+00,0.000000000000000000e+00,0.000000000000000000e+00,0.000000000000000000e+00,0.000000000000000000e+00,0.000000000000000000e+00,0.000000000000000000e+00,0.000000000000000000e+00,0.000000000000000000e+00,0.000000000000000000e+00,0.000000000000000000e+00,0.000000000000000000e+00,0.000000000000000000e+00,0.000000000000000000e+00,0.000000000000000000e+00,0.000000000000000000e+00,0.000000000000000000e+00,0.000000000000000000e+00,0.000000000000000000e+00,0.000000000000000000e+00,0.000000000000000000e+00,0.000000000000000000e+00,0.000000000000000000e+00,0.000000000000000000e+00,0.000000000000000000e+00,0.000000000000000000e+00,0.000000000000000000e+00,0.000000000000000000e+00,0.000000000000000000e+00,0.000000000000000000e+00,0.000000000000000000e+00,0.000000000000000000e+00,0.000000000000000000e+00,0.000000000000000000e+00,0.000000000000000000e+00,0.000000000000000000e+00,0.000000000000000000e+00,0.000000000000000000e+00,0.000000000000000000e+00,0.000000000000000000e+00,0.000000000000000000e+00,0.000000000000000000e+00,0.000000000000000000e+00,0.000000000000000000e+00,0.000000000000000000e+00,0.000000000000000000e+00,0.000000000000000000e+00,0.000000000000000000e+00,0.000000000000000000e+00,0.000000000000000000e+00,0.000000000000000000e+00,0.000000000000000000e+00,0.000000000000000000e+00,0.000000000000000000e+00,0.000000000000000000e+00,0.000000000000000000e+00,0.000000000000000000e+00,0.000000000000000000e+00,0.000000000000000000e+00,0.000000000000000000e+00,0.000000000000000000e+00,0.000000000000000000e+00,0.000000000000000000e+00,0.000000000000000000e+00,0.000000000000000000e+00,0.000000000000000000e+00,0.000000000000000000e+00,0.000000000000000000e+00,0.000000000000000000e+00,0.000000000000000000e+00,0.000000000000000000e+00,0.000000000000000000e+00,0.000000000000000000e+00,0.000000000000000000e+00,0.000000000000000000e+00,0.000000000000000000e+00,0.000000000000000000e+00,0.000000000000000000e+00,0.000000000000000000e+00,0.000000000000000000e+00,0.000000000000000000e+00,0.000000000000000000e+00,0.000000000000000000e+00,0.000000000000000000e+00,0.000000000000000000e+00,0.000000000000000000e+00,0.000000000000000000e+00,0.000000000000000000e+00,0.000000000000000000e+00,0.000000000000000000e+00,0.000000000000000000e+00,0.000000000000000000e+00,0.000000000000000000e+00,0.000000000000000000e+00,0.000000000000000000e+00,0.000000000000000000e+00,0.000000000000000000e+00,0.000000000000000000e+00,0.000000000000000000e+00,0.000000000000000000e+00,0.000000000000000000e+00,0.000000000000000000e+00,0.000000000000000000e+00,0.000000000000000000e+00,0.000000000000000000e+00,0.000000000000000000e+00,0.000000000000000000e+00,0.000000000000000000e+00,0.000000000000000000e+00,0.000000000000000000e+00,0.000000000000000000e+00,0.000000000000000000e+00,0.000000000000000000e+00,0.000000000000000000e+00,0.000000000000000000e+00,0.000000000000000000e+00,0.000000000000000000e+00,0.000000000000000000e+00,0.000000000000000000e+00,0.000000000000000000e+00,0.000000000000000000e+00,0.000000000000000000e+00,0.000000000000000000e+00,0.000000000000000000e+00,0.000000000000000000e+00,0.000000000000000000e+00,0.000000000000000000e+00,0.000000000000000000e+00,0.000000000000000000e+00,0.000000000000000000e+00,0.000000000000000000e+00,0.000000000000000000e+00,0.000000000000000000e+00,0.000000000000000000e+00,0.000000000000000000e+00,0.000000000000000000e+00,0.000000000000000000e+00,0.000000000000000000e+00,0.000000000000000000e+00,0.000000000000000000e+00,0.000000000000000000e+00,0.000000000000000000e+00,0.000000000000000000e+00,0.000000000000000000e+00,0.000000000000000000e+00,0.000000000000000000e+00,0.000000000000000000e+00,0.000000000000000000e+00,0.000000000000000000e+00,0.000000000000000000e+00,0.000000000000000000e+00,0.000000000000000000e+00,0.000000000000000000e+00,0.000000000000000000e+00,0.000000000000000000e+00,0.000000000000000000e+00,0.000000000000000000e+00,0.000000000000000000e+00,0.000000000000000000e+00,0.000000000000000000e+00,0.000000000000000000e+00,0.000000000000000000e+00,0.000000000000000000e+00,0.000000000000000000e+00,0.000000000000000000e+00,0.000000000000000000e+00,0.000000000000000000e+00,0.000000000000000000e+00,0.000000000000000000e+00,0.000000000000000000e+00,0.000000000000000000e+00,0.000000000000000000e+00,0.000000000000000000e+00,0.000000000000000000e+00,0.000000000000000000e+00,0.000000000000000000e+00,0.000000000000000000e+00,0.000000000000000000e+00,0.000000000000000000e+00,0.000000000000000000e+00,0.000000000000000000e+00,0.000000000000000000e+00,0.000000000000000000e+00,0.000000000000000000e+00,0.000000000000000000e+00,0.000000000000000000e+00,0.000000000000000000e+00,0.000000000000000000e+00,0.000000000000000000e+00,0.000000000000000000e+00,0.000000000000000000e+00,0.000000000000000000e+00,0.000000000000000000e+00,0.000000000000000000e+00,0.000000000000000000e+00,0.000000000000000000e+00
0.000000000000000000e+00,0.000000000000000000e+00,0.000000000000000000e+00,0.000000000000000000e+00,0.000000000000000000e+00,0.000000000000000000e+00,0.000000000000000000e+00,0.000000000000000000e+00,0.000000000000000000e+00,0.000000000000000000e+00,0.000000000000000000e+00,0.000000000000000000e+00,0.000000000000000000e+00,0.000000000000000000e+00,0.000000000000000000e+00,0.000000000000000000e+00,0.000000000000000000e+00,0.000000000000000000e+00,0.000000000000000000e+00,0.000000000000000000e+00,0.000000000000000000e+00,0.000000000000000000e+00,0.000000000000000000e+00,0.000000000000000000e+00,0.000000000000000000e+00,0.000000000000000000e+00,0.000000000000000000e+00,0.000000000000000000e+00,0.000000000000000000e+00,0.000000000000000000e+00,0.000000000000000000e+00,0.000000000000000000e+00,0.000000000000000000e+00,0.000000000000000000e+00,0.000000000000000000e+00,0.000000000000000000e+00,0.000000000000000000e+00,0.000000000000000000e+00,0.000000000000000000e+00,0.000000000000000000e+00,0.000000000000000000e+00,0.000000000000000000e+00,0.000000000000000000e+00,0.000000000000000000e+00,0.000000000000000000e+00,0.000000000000000000e+00,0.000000000000000000e+00,0.000000000000000000e+00,0.000000000000000000e+00,0.000000000000000000e+00,0.000000000000000000e+00,0.000000000000000000e+00,0.000000000000000000e+00,0.000000000000000000e+00,0.000000000000000000e+00,0.000000000000000000e+00,0.000000000000000000e+00,0.000000000000000000e+00,0.000000000000000000e+00,0.000000000000000000e+00,0.000000000000000000e+00,0.000000000000000000e+00,0.000000000000000000e+00,0.000000000000000000e+00,0.000000000000000000e+00,0.000000000000000000e+00,0.000000000000000000e+00,0.000000000000000000e+00,0.000000000000000000e+00,0.000000000000000000e+00,0.000000000000000000e+00,0.000000000000000000e+00,0.000000000000000000e+00,0.000000000000000000e+00,0.000000000000000000e+00,0.000000000000000000e+00,0.000000000000000000e+00,0.000000000000000000e+00,0.000000000000000000e+00,0.000000000000000000e+00,0.000000000000000000e+00,0.000000000000000000e+00,0.000000000000000000e+00,0.000000000000000000e+00,0.000000000000000000e+00,0.000000000000000000e+00,0.000000000000000000e+00,0.000000000000000000e+00,0.000000000000000000e+00,0.000000000000000000e+00,0.000000000000000000e+00,0.000000000000000000e+00,0.000000000000000000e+00,0.000000000000000000e+00,0.000000000000000000e+00,0.000000000000000000e+00,0.000000000000000000e+00,0.000000000000000000e+00,0.000000000000000000e+00,0.000000000000000000e+00,0.000000000000000000e+00,0.000000000000000000e+00,0.000000000000000000e+00,0.000000000000000000e+00,0.000000000000000000e+00,0.000000000000000000e+00,0.000000000000000000e+00,0.000000000000000000e+00,0.000000000000000000e+00,0.000000000000000000e+00,0.000000000000000000e+00,0.000000000000000000e+00,0.000000000000000000e+00,0.000000000000000000e+00,0.000000000000000000e+00,0.000000000000000000e+00,0.000000000000000000e+00,0.000000000000000000e+00,0.000000000000000000e+00,0.000000000000000000e+00,0.000000000000000000e+00,0.000000000000000000e+00,0.000000000000000000e+00,0.000000000000000000e+00,0.000000000000000000e+00,0.000000000000000000e+00,0.000000000000000000e+00,0.000000000000000000e+00,0.000000000000000000e+00,0.000000000000000000e+00,0.000000000000000000e+00,0.000000000000000000e+00,0.000000000000000000e+00,0.000000000000000000e+00,0.000000000000000000e+00,0.000000000000000000e+00,0.000000000000000000e+00,0.000000000000000000e+00,0.000000000000000000e+00,0.000000000000000000e+00,0.000000000000000000e+00,0.000000000000000000e+00,0.000000000000000000e+00,0.000000000000000000e+00,0.000000000000000000e+00,0.000000000000000000e+00,0.000000000000000000e+00,0.000000000000000000e+00,0.000000000000000000e+00,0.000000000000000000e+00,0.000000000000000000e+00,0.000000000000000000e+00,0.000000000000000000e+00,0.000000000000000000e+00,0.000000000000000000e+00,0.000000000000000000e+00,0.000000000000000000e+00,0.000000000000000000e+00,0.000000000000000000e+00,0.000000000000000000e+00,0.000000000000000000e+00,0.000000000000000000e+00,0.000000000000000000e+00,0.000000000000000000e+00,0.000000000000000000e+00,0.000000000000000000e+00,0.000000000000000000e+00,0.000000000000000000e+00,0.000000000000000000e+00,0.000000000000000000e+00,0.000000000000000000e+00,0.000000000000000000e+00,0.000000000000000000e+00,0.000000000000000000e+00,0.000000000000000000e+00,0.000000000000000000e+00,0.000000000000000000e+00,0.000000000000000000e+00,0.000000000000000000e+00,0.000000000000000000e+00,0.000000000000000000e+00,0.000000000000000000e+00,0.000000000000000000e+00,0.000000000000000000e+00,0.000000000000000000e+00,0.000000000000000000e+00,0.000000000000000000e+00,0.000000000000000000e+00,0.000000000000000000e+00,0.000000000000000000e+00,0.000000000000000000e+00,0.000000000000000000e+00,0.000000000000000000e+00,0.000000000000000000e+00,0.000000000000000000e+00,0.000000000000000000e+00,0.000000000000000000e+00,0.000000000000000000e+00,0.000000000000000000e+00,0.000000000000000000e+00,0.000000000000000000e+00,0.000000000000000000e+00,0.000000000000000000e+00,0.000000000000000000e+00,0.000000000000000000e+00,0.000000000000000000e+00,0.000000000000000000e+00,0.000000000000000000e+00,0.000000000000000000e+00,0.000000000000000000e+00,0.000000000000000000e+00,0.000000000000000000e+00,0.000000000000000000e+00,0.000000000000000000e+00,0.000000000000000000e+00,0.000000000000000000e+00,0.000000000000000000e+00,0.000000000000000000e+00,0.000000000000000000e+00,0.000000000000000000e+00,0.000000000000000000e+00,0.000000000000000000e+00,0.000000000000000000e+00,0.000000000000000000e+00,0.000000000000000000e+00,0.000000000000000000e+00,0.000000000000000000e+00,0.000000000000000000e+00,0.000000000000000000e+00,0.000000000000000000e+00,0.000000000000000000e+00,0.000000000000000000e+00,0.000000000000000000e+00,0.000000000000000000e+00,0.000000000000000000e+00,0.000000000000000000e+00,0.000000000000000000e+00,0.000000000000000000e+00,0.000000000000000000e+00,0.000000000000000000e+00,0.000000000000000000e+00,0.000000000000000000e+00,0.000000000000000000e+00,0.000000000000000000e+00,0.000000000000000000e+00,0.000000000000000000e+00,0.000000000000000000e+00,0.000000000000000000e+00,0.000000000000000000e+00,0.000000000000000000e+00,0.000000000000000000e+00,0.000000000000000000e+00,0.000000000000000000e+00,0.000000000000000000e+00,0.000000000000000000e+00,0.000000000000000000e+00,0.000000000000000000e+00,0.000000000000000000e+00,0.000000000000000000e+00,0.000000000000000000e+00,0.000000000000000000e+00,0.000000000000000000e+00,0.000000000000000000e+00,0.000000000000000000e+00,0.000000000000000000e+00,0.000000000000000000e+00,0.000000000000000000e+00,0.000000000000000000e+00,0.000000000000000000e+00,0.000000000000000000e+00,0.000000000000000000e+00,0.000000000000000000e+00,0.000000000000000000e+00,0.000000000000000000e+00,0.000000000000000000e+00,0.000000000000000000e+00,0.000000000000000000e+00,0.000000000000000000e+00,0.000000000000000000e+00,0.000000000000000000e+00,0.000000000000000000e+00,0.000000000000000000e+00,0.000000000000000000e+00,0.000000000000000000e+00,0.000000000000000000e+00,0.000000000000000000e+00,0.000000000000000000e+00,0.000000000000000000e+00,0.000000000000000000e+00,0.000000000000000000e+00,0.000000000000000000e+00,0.000000000000000000e+00,0.000000000000000000e+00,0.000000000000000000e+00,0.000000000000000000e+00,0.000000000000000000e+00,0.000000000000000000e+00,0.000000000000000000e+00,0.000000000000000000e+00,0.000000000000000000e+00,0.000000000000000000e+00,0.000000000000000000e+00,0.000000000000000000e+00,0.000000000000000000e+00,0.000000000000000000e+00,0.000000000000000000e+00,0.000000000000000000e+00,0.000000000000000000e+00,0.000000000000000000e+00,0.000000000000000000e+00,0.000000000000000000e+00,0.000000000000000000e+00,0.000000000000000000e+00,0.000000000000000000e+00,0.000000000000000000e+00,0.000000000000000000e+00,0.000000000000000000e+00,0.000000000000000000e+00,0.000000000000000000e+00,0.000000000000000000e+00,0.000000000000000000e+00,0.000000000000000000e+00,0.000000000000000000e+00,0.000000000000000000e+00,0.000000000000000000e+00,0.000000000000000000e+00,0.000000000000000000e+00,0.000000000000000000e+00,0.000000000000000000e+00,0.000000000000000000e+00,0.000000000000000000e+00,0.000000000000000000e+00,0.000000000000000000e+00,0.000000000000000000e+00,0.000000000000000000e+00,0.000000000000000000e+00,0.000000000000000000e+00,0.000000000000000000e+00,0.000000000000000000e+00,0.000000000000000000e+00,0.000000000000000000e+00,0.000000000000000000e+00,0.000000000000000000e+00,0.000000000000000000e+00,0.000000000000000000e+00,0.000000000000000000e+00,0.000000000000000000e+00,0.000000000000000000e+00,0.000000000000000000e+00,0.000000000000000000e+00,0.000000000000000000e+00,0.000000000000000000e+00,0.000000000000000000e+00,0.000000000000000000e+00,0.000000000000000000e+00,0.000000000000000000e+00,0.000000000000000000e+00,0.000000000000000000e+00,0.000000000000000000e+00,0.000000000000000000e+00,0.000000000000000000e+00,0.000000000000000000e+00,0.000000000000000000e+00,0.000000000000000000e+00,0.000000000000000000e+00,0.000000000000000000e+00,0.000000000000000000e+00,0.000000000000000000e+00,0.000000000000000000e+00,0.000000000000000000e+00,0.000000000000000000e+00,0.000000000000000000e+00,0.000000000000000000e+00,0.000000000000000000e+00,0.000000000000000000e+00
0.000000000000000000e+00,0.000000000000000000e+00,0.000000000000000000e+00,0.000000000000000000e+00,0.000000000000000000e+00,0.000000000000000000e+00,0.000000000000000000e+00,0.000000000000000000e+00,0.000000000000000000e+00,0.000000000000000000e+00,0.000000000000000000e+00,0.000000000000000000e+00,0.000000000000000000e+00,0.000000000000000000e+00,0.000000000000000000e+00,0.000000000000000000e+00,0.000000000000000000e+00,0.000000000000000000e+00,0.000000000000000000e+00,0.000000000000000000e+00,0.000000000000000000e+00,0.000000000000000000e+00,0.000000000000000000e+00,0.000000000000000000e+00,0.000000000000000000e+00,0.000000000000000000e+00,0.000000000000000000e+00,0.000000000000000000e+00,0.000000000000000000e+00,0.000000000000000000e+00,0.000000000000000000e+00,0.000000000000000000e+00,0.000000000000000000e+00,0.000000000000000000e+00,0.000000000000000000e+00,0.000000000000000000e+00,0.000000000000000000e+00,0.000000000000000000e+00,0.000000000000000000e+00,0.000000000000000000e+00,0.000000000000000000e+00,0.000000000000000000e+00,0.000000000000000000e+00,0.000000000000000000e+00,0.000000000000000000e+00,0.000000000000000000e+00,0.000000000000000000e+00,0.000000000000000000e+00,0.000000000000000000e+00,0.000000000000000000e+00,0.000000000000000000e+00,0.000000000000000000e+00,0.000000000000000000e+00,0.000000000000000000e+00,0.000000000000000000e+00,0.000000000000000000e+00,0.000000000000000000e+00,0.000000000000000000e+00,0.000000000000000000e+00,0.000000000000000000e+00,0.000000000000000000e+00,0.000000000000000000e+00,0.000000000000000000e+00,0.000000000000000000e+00,0.000000000000000000e+00,0.000000000000000000e+00,0.000000000000000000e+00,0.000000000000000000e+00,0.000000000000000000e+00,0.000000000000000000e+00,0.000000000000000000e+00,0.000000000000000000e+00,0.000000000000000000e+00,0.000000000000000000e+00,0.000000000000000000e+00,0.000000000000000000e+00,0.000000000000000000e+00,0.000000000000000000e+00,0.000000000000000000e+00,0.000000000000000000e+00,0.000000000000000000e+00,0.000000000000000000e+00,0.000000000000000000e+00,0.000000000000000000e+00,0.000000000000000000e+00,0.000000000000000000e+00,0.000000000000000000e+00,0.000000000000000000e+00,0.000000000000000000e+00,0.000000000000000000e+00,0.000000000000000000e+00,0.000000000000000000e+00,0.000000000000000000e+00,0.000000000000000000e+00,0.000000000000000000e+00,0.000000000000000000e+00,0.000000000000000000e+00,0.000000000000000000e+00,0.000000000000000000e+00,0.000000000000000000e+00,0.000000000000000000e+00,0.000000000000000000e+00,0.000000000000000000e+00,0.000000000000000000e+00,0.000000000000000000e+00,0.000000000000000000e+00,0.000000000000000000e+00,0.000000000000000000e+00,0.000000000000000000e+00,0.000000000000000000e+00,0.000000000000000000e+00,0.000000000000000000e+00,0.000000000000000000e+00,0.000000000000000000e+00,0.000000000000000000e+00,0.000000000000000000e+00,0.000000000000000000e+00,0.000000000000000000e+00,0.000000000000000000e+00,0.000000000000000000e+00,0.000000000000000000e+00,0.000000000000000000e+00,0.000000000000000000e+00,0.000000000000000000e+00,0.000000000000000000e+00,0.000000000000000000e+00,0.000000000000000000e+00,0.000000000000000000e+00,0.000000000000000000e+00,0.000000000000000000e+00,0.000000000000000000e+00,0.000000000000000000e+00,0.000000000000000000e+00,0.000000000000000000e+00,0.000000000000000000e+00,0.000000000000000000e+00,0.000000000000000000e+00,0.000000000000000000e+00,0.000000000000000000e+00,0.000000000000000000e+00,0.000000000000000000e+00,0.000000000000000000e+00,0.000000000000000000e+00,0.000000000000000000e+00,0.000000000000000000e+00,0.000000000000000000e+00,0.000000000000000000e+00,0.000000000000000000e+00,0.000000000000000000e+00,0.000000000000000000e+00,0.000000000000000000e+00,0.000000000000000000e+00,0.000000000000000000e+00,0.000000000000000000e+00,0.000000000000000000e+00,0.000000000000000000e+00,0.000000000000000000e+00,0.000000000000000000e+00,0.000000000000000000e+00,0.000000000000000000e+00,0.000000000000000000e+00,0.000000000000000000e+00,0.000000000000000000e+00,0.000000000000000000e+00,0.000000000000000000e+00,0.000000000000000000e+00,0.000000000000000000e+00,0.000000000000000000e+00,0.000000000000000000e+00,0.000000000000000000e+00,0.000000000000000000e+00,0.000000000000000000e+00,0.000000000000000000e+00,0.000000000000000000e+00,0.000000000000000000e+00,0.000000000000000000e+00,0.000000000000000000e+00,0.000000000000000000e+00,0.000000000000000000e+00,0.000000000000000000e+00,0.000000000000000000e+00,0.000000000000000000e+00,0.000000000000000000e+00,0.000000000000000000e+00,0.000000000000000000e+00,0.000000000000000000e+00,0.000000000000000000e+00,0.000000000000000000e+00,0.000000000000000000e+00,0.000000000000000000e+00,0.000000000000000000e+00,0.000000000000000000e+00,0.000000000000000000e+00,0.000000000000000000e+00,0.000000000000000000e+00,0.000000000000000000e+00,0.000000000000000000e+00,0.000000000000000000e+00,0.000000000000000000e+00,0.000000000000000000e+00,0.000000000000000000e+00,0.000000000000000000e+00,0.000000000000000000e+00,0.000000000000000000e+00,0.000000000000000000e+00,0.000000000000000000e+00,0.000000000000000000e+00,0.000000000000000000e+00,0.000000000000000000e+00,0.000000000000000000e+00,0.000000000000000000e+00,0.000000000000000000e+00,0.000000000000000000e+00,0.000000000000000000e+00,0.000000000000000000e+00,0.000000000000000000e+00,0.000000000000000000e+00,0.000000000000000000e+00,0.000000000000000000e+00,0.000000000000000000e+00,0.000000000000000000e+00,0.000000000000000000e+00,0.000000000000000000e+00,0.000000000000000000e+00,0.000000000000000000e+00,0.000000000000000000e+00,0.000000000000000000e+00,0.000000000000000000e+00,0.000000000000000000e+00,0.000000000000000000e+00,0.000000000000000000e+00,0.000000000000000000e+00,0.000000000000000000e+00,0.000000000000000000e+00,0.000000000000000000e+00,0.000000000000000000e+00,0.000000000000000000e+00,0.000000000000000000e+00,0.000000000000000000e+00,0.000000000000000000e+00,0.000000000000000000e+00,0.000000000000000000e+00,0.000000000000000000e+00,0.000000000000000000e+00,0.000000000000000000e+00,0.000000000000000000e+00,0.000000000000000000e+00,0.000000000000000000e+00,0.000000000000000000e+00,0.000000000000000000e+00,0.000000000000000000e+00,0.000000000000000000e+00,0.000000000000000000e+00,0.000000000000000000e+00,0.000000000000000000e+00,0.000000000000000000e+00,0.000000000000000000e+00,0.000000000000000000e+00,0.000000000000000000e+00,0.000000000000000000e+00,0.000000000000000000e+00,0.000000000000000000e+00,0.000000000000000000e+00,0.000000000000000000e+00,0.000000000000000000e+00,0.000000000000000000e+00,0.000000000000000000e+00,0.000000000000000000e+00,0.000000000000000000e+00,0.000000000000000000e+00,0.000000000000000000e+00,0.000000000000000000e+00,0.000000000000000000e+00,0.000000000000000000e+00,0.000000000000000000e+00,0.000000000000000000e+00,0.000000000000000000e+00,0.000000000000000000e+00,0.000000000000000000e+00,0.000000000000000000e+00,0.000000000000000000e+00,0.000000000000000000e+00,0.000000000000000000e+00,0.000000000000000000e+00,0.000000000000000000e+00,0.000000000000000000e+00,0.000000000000000000e+00,0.000000000000000000e+00,0.000000000000000000e+00,0.000000000000000000e+00,0.000000000000000000e+00,0.000000000000000000e+00,0.000000000000000000e+00,0.000000000000000000e+00,0.000000000000000000e+00,0.000000000000000000e+00,0.000000000000000000e+00,0.000000000000000000e+00,0.000000000000000000e+00,0.000000000000000000e+00,0.000000000000000000e+00,0.000000000000000000e+00,0.000000000000000000e+00,0.000000000000000000e+00,0.000000000000000000e+00,0.000000000000000000e+00,0.000000000000000000e+00,0.000000000000000000e+00,0.000000000000000000e+00,0.000000000000000000e+00,0.000000000000000000e+00,0.000000000000000000e+00,0.000000000000000000e+00,0.000000000000000000e+00,0.000000000000000000e+00,0.000000000000000000e+00,0.000000000000000000e+00,0.000000000000000000e+00,0.000000000000000000e+00,0.000000000000000000e+00,0.000000000000000000e+00,0.000000000000000000e+00,0.000000000000000000e+00,0.000000000000000000e+00,0.000000000000000000e+00,0.000000000000000000e+00,0.000000000000000000e+00,0.000000000000000000e+00,0.000000000000000000e+00,0.000000000000000000e+00,0.000000000000000000e+00,0.000000000000000000e+00,0.000000000000000000e+00,0.000000000000000000e+00,0.000000000000000000e+00,0.000000000000000000e+00,0.000000000000000000e+00,0.000000000000000000e+00,0.000000000000000000e+00,0.000000000000000000e+00,0.000000000000000000e+00,0.000000000000000000e+00,0.000000000000000000e+00,0.000000000000000000e+00,0.000000000000000000e+00,0.000000000000000000e+00,0.000000000000000000e+00,0.000000000000000000e+00,0.000000000000000000e+00,0.000000000000000000e+00,0.000000000000000000e+00,0.000000000000000000e+00,0.000000000000000000e+00,0.000000000000000000e+00,0.000000000000000000e+00,0.000000000000000000e+00,0.000000000000000000e+00,0.000000000000000000e+00,0.000000000000000000e+00,0.000000000000000000e+00,0.000000000000000000e+00,0.000000000000000000e+00,0.000000000000000000e+00,0.000000000000000000e+00,0.000000000000000000e+00,0.000000000000000000e+00,0.000000000000000000e+00,0.000000000000000000e+00,0.000000000000000000e+00,0.000000000000000000e+00,0.000000000000000000e+00,0.000000000000000000e+00,0.000000000000000000e+00,0.000000000000000000e+00,0.000000000000000000e+00
0.000000000000000000e+00,0.000000000000000000e+00,0.000000000000000000e+00,0.000000000000000000e+00,0.000000000000000000e+00,0.000000000000000000e+00,0.000000000000000000e+00,0.000000000000000000e+00,0.000000000000000000e+00,0.000000000000000000e+00,0.000000000000000000e+00,0.000000000000000000e+00,0.000000000000000000e+00,0.000000000000000000e+00,0.000000000000000000e+00,0.000000000000000000e+00,0.000000000000000000e+00,0.000000000000000000e+00,0.000000000000000000e+00,0.000000000000000000e+00,0.000000000000000000e+00,0.000000000000000000e+00,0.000000000000000000e+00,0.000000000000000000e+00,0.000000000000000000e+00,0.000000000000000000e+00,0.000000000000000000e+00,0.000000000000000000e+00,0.000000000000000000e+00,0.000000000000000000e+00,0.000000000000000000e+00,0.000000000000000000e+00,0.000000000000000000e+00,0.000000000000000000e+00,0.000000000000000000e+00,0.000000000000000000e+00,0.000000000000000000e+00,0.000000000000000000e+00,0.000000000000000000e+00,0.000000000000000000e+00,0.000000000000000000e+00,0.000000000000000000e+00,0.000000000000000000e+00,0.000000000000000000e+00,0.000000000000000000e+00,0.000000000000000000e+00,0.000000000000000000e+00,0.000000000000000000e+00,0.000000000000000000e+00,0.000000000000000000e+00,0.000000000000000000e+00,0.000000000000000000e+00,0.000000000000000000e+00,0.000000000000000000e+00,0.000000000000000000e+00,0.000000000000000000e+00,0.000000000000000000e+00,0.000000000000000000e+00,0.000000000000000000e+00,0.000000000000000000e+00,0.000000000000000000e+00,0.000000000000000000e+00,0.000000000000000000e+00,0.000000000000000000e+00,0.000000000000000000e+00,0.000000000000000000e+00,0.000000000000000000e+00,0.000000000000000000e+00,0.000000000000000000e+00,0.000000000000000000e+00,0.000000000000000000e+00,0.000000000000000000e+00,0.000000000000000000e+00,0.000000000000000000e+00,0.000000000000000000e+00,0.000000000000000000e+00,0.000000000000000000e+00,0.000000000000000000e+00,0.000000000000000000e+00,0.000000000000000000e+00,0.000000000000000000e+00,0.000000000000000000e+00,0.000000000000000000e+00,0.000000000000000000e+00,0.000000000000000000e+00,0.000000000000000000e+00,0.000000000000000000e+00,0.000000000000000000e+00,0.000000000000000000e+00,0.000000000000000000e+00,0.000000000000000000e+00,0.000000000000000000e+00,0.000000000000000000e+00,0.000000000000000000e+00,0.000000000000000000e+00,0.000000000000000000e+00,0.000000000000000000e+00,0.000000000000000000e+00,0.000000000000000000e+00,0.000000000000000000e+00,0.000000000000000000e+00,0.000000000000000000e+00,0.000000000000000000e+00,0.000000000000000000e+00,0.000000000000000000e+00,0.000000000000000000e+00,0.000000000000000000e+00,0.000000000000000000e+00,0.000000000000000000e+00,0.000000000000000000e+00,0.000000000000000000e+00,0.000000000000000000e+00,0.000000000000000000e+00,0.000000000000000000e+00,0.000000000000000000e+00,0.000000000000000000e+00,0.000000000000000000e+00,0.000000000000000000e+00,0.000000000000000000e+00,0.000000000000000000e+00,0.000000000000000000e+00,0.000000000000000000e+00,0.000000000000000000e+00,0.000000000000000000e+00,0.000000000000000000e+00,0.000000000000000000e+00,0.000000000000000000e+00,0.000000000000000000e+00,0.000000000000000000e+00,0.000000000000000000e+00,0.000000000000000000e+00,0.000000000000000000e+00,0.000000000000000000e+00,0.000000000000000000e+00,0.000000000000000000e+00,0.000000000000000000e+00,0.000000000000000000e+00,0.000000000000000000e+00,0.000000000000000000e+00,0.000000000000000000e+00,0.000000000000000000e+00,0.000000000000000000e+00,0.000000000000000000e+00,0.000000000000000000e+00,0.000000000000000000e+00,0.000000000000000000e+00,0.000000000000000000e+00,0.000000000000000000e+00,0.000000000000000000e+00,0.000000000000000000e+00,0.000000000000000000e+00,0.000000000000000000e+00,0.000000000000000000e+00,0.000000000000000000e+00,0.000000000000000000e+00,0.000000000000000000e+00,0.000000000000000000e+00,0.000000000000000000e+00,0.000000000000000000e+00,0.000000000000000000e+00,0.000000000000000000e+00,0.000000000000000000e+00,0.000000000000000000e+00,0.000000000000000000e+00,0.000000000000000000e+00,0.000000000000000000e+00,0.000000000000000000e+00,0.000000000000000000e+00,0.000000000000000000e+00,0.000000000000000000e+00,0.000000000000000000e+00,0.000000000000000000e+00,0.000000000000000000e+00,0.000000000000000000e+00,0.000000000000000000e+00,0.000000000000000000e+00,0.000000000000000000e+00,0.000000000000000000e+00,0.000000000000000000e+00,0.000000000000000000e+00,0.000000000000000000e+00,0.000000000000000000e+00,0.000000000000000000e+00,0.000000000000000000e+00,0.000000000000000000e+00,0.000000000000000000e+00,0.000000000000000000e+00,0.000000000000000000e+00,0.000000000000000000e+00,0.000000000000000000e+00,0.000000000000000000e+00,0.000000000000000000e+00,0.000000000000000000e+00,0.000000000000000000e+00,0.000000000000000000e+00,0.000000000000000000e+00,0.000000000000000000e+00,0.000000000000000000e+00,0.000000000000000000e+00,0.000000000000000000e+00,0.000000000000000000e+00,0.000000000000000000e+00,0.000000000000000000e+00,0.000000000000000000e+00,0.000000000000000000e+00,0.000000000000000000e+00,0.000000000000000000e+00,0.000000000000000000e+00,0.000000000000000000e+00,0.000000000000000000e+00,0.000000000000000000e+00,0.000000000000000000e+00,0.000000000000000000e+00,0.000000000000000000e+00,0.000000000000000000e+00,0.000000000000000000e+00,0.000000000000000000e+00,0.000000000000000000e+00,0.000000000000000000e+00,0.000000000000000000e+00,0.000000000000000000e+00,0.000000000000000000e+00,0.000000000000000000e+00,0.000000000000000000e+00,0.000000000000000000e+00,0.000000000000000000e+00,0.000000000000000000e+00,0.000000000000000000e+00,0.000000000000000000e+00,0.000000000000000000e+00,0.000000000000000000e+00,0.000000000000000000e+00,0.000000000000000000e+00,0.000000000000000000e+00,0.000000000000000000e+00,0.000000000000000000e+00,0.000000000000000000e+00,0.000000000000000000e+00,0.000000000000000000e+00,0.000000000000000000e+00,0.000000000000000000e+00,0.000000000000000000e+00,0.000000000000000000e+00,0.000000000000000000e+00,0.000000000000000000e+00,0.000000000000000000e+00,0.000000000000000000e+00,0.000000000000000000e+00,0.000000000000000000e+00,0.000000000000000000e+00,0.000000000000000000e+00,0.000000000000000000e+00,0.000000000000000000e+00,0.000000000000000000e+00,0.000000000000000000e+00,0.000000000000000000e+00,0.000000000000000000e+00,0.000000000000000000e+00,0.000000000000000000e+00,0.000000000000000000e+00,0.000000000000000000e+00,0.000000000000000000e+00,0.000000000000000000e+00,0.000000000000000000e+00,0.000000000000000000e+00,0.000000000000000000e+00,0.000000000000000000e+00,0.000000000000000000e+00,0.000000000000000000e+00,0.000000000000000000e+00,0.000000000000000000e+00,0.000000000000000000e+00,0.000000000000000000e+00,0.000000000000000000e+00,0.000000000000000000e+00,0.000000000000000000e+00,0.000000000000000000e+00,0.000000000000000000e+00,0.000000000000000000e+00,0.000000000000000000e+00,0.000000000000000000e+00,0.000000000000000000e+00,0.000000000000000000e+00,0.000000000000000000e+00,0.000000000000000000e+00,0.000000000000000000e+00,0.000000000000000000e+00,0.000000000000000000e+00,0.000000000000000000e+00,0.000000000000000000e+00,0.000000000000000000e+00,0.000000000000000000e+00,0.000000000000000000e+00,0.000000000000000000e+00,0.000000000000000000e+00,0.000000000000000000e+00,0.000000000000000000e+00,0.000000000000000000e+00,0.000000000000000000e+00,0.000000000000000000e+00,0.000000000000000000e+00,0.000000000000000000e+00,0.000000000000000000e+00,0.000000000000000000e+00,0.000000000000000000e+00,0.000000000000000000e+00,0.000000000000000000e+00,0.000000000000000000e+00,0.000000000000000000e+00,0.000000000000000000e+00,0.000000000000000000e+00,0.000000000000000000e+00,0.000000000000000000e+00,0.000000000000000000e+00,0.000000000000000000e+00,0.000000000000000000e+00,0.000000000000000000e+00,0.000000000000000000e+00,0.000000000000000000e+00,0.000000000000000000e+00,0.000000000000000000e+00,0.000000000000000000e+00,0.000000000000000000e+00,0.000000000000000000e+00,0.000000000000000000e+00,0.000000000000000000e+00,0.000000000000000000e+00,0.000000000000000000e+00,0.000000000000000000e+00,0.000000000000000000e+00,0.000000000000000000e+00,0.000000000000000000e+00,0.000000000000000000e+00,0.000000000000000000e+00,0.000000000000000000e+00,0.000000000000000000e+00,0.000000000000000000e+00,0.000000000000000000e+00,0.000000000000000000e+00,0.000000000000000000e+00,0.000000000000000000e+00,0.000000000000000000e+00,0.000000000000000000e+00,0.000000000000000000e+00,0.000000000000000000e+00,0.000000000000000000e+00,0.000000000000000000e+00,0.000000000000000000e+00,0.000000000000000000e+00,0.000000000000000000e+00,0.000000000000000000e+00,0.000000000000000000e+00,0.000000000000000000e+00,0.000000000000000000e+00,0.000000000000000000e+00,0.000000000000000000e+00,0.000000000000000000e+00,0.000000000000000000e+00,0.000000000000000000e+00,0.000000000000000000e+00,0.000000000000000000e+00,0.000000000000000000e+00,0.000000000000000000e+00,0.000000000000000000e+00,0.000000000000000000e+00,0.000000000000000000e+00,0.000000000000000000e+00,0.000000000000000000e+00,0.000000000000000000e+00,0.000000000000000000e+00,0.000000000000000000e+00,0.000000000000000000e+00,0.000000000000000000e+00,0.000000000000000000e+00,0.000000000000000000e+00
