0.000000000000000000e+00,0.000000000000000000e+00,0.000000000000000000e+00,0.000000000000000000e+00,0.000000000000000000e+00,0.000000000000000000e+00,0.000000000000000000e+00,0.000000000000000000e+00,0.000000000000000000e+00,0.000000000000000000e+00,0.000000000000000000e+00,0.000000000000000000e+00,0.000000000000000000e+00,0.000000000000000000e+00,0.000000000000000000e+00,0.000000000000000000e+00,0.000000000000000000e+00,0.000000000000000000e+00,0.000000000000000000e+00,0.000000000000000000e+00,0.000000000000000000e+00,0.000000000000000000e+00,0.000000000000000000e+00,0.000000000000000000e+00,0.000000000000000000e+00,0.000000000000000000e+00,0.000000000000000000e+00,0.000000000000000000e+00,0.000000000000000000e+00,0.000000000000000000e+00,0.000000000000000000e+00,0.000000000000000000e+00,0.000000000000000000e+00,0.000000000000000000e+00,0.000000000000000000e+00,0.000000000000000000e+00,0.000000000000000000e+00,0.000000000000000000e+00,0.000000000000000000e+00,0.000000000000000000e+00,0.000000000000000000e+00,0.000000000000000000e+00,0.000000000000000000e+00,0.000000000000000000e+00,0.000000000000000000e+00,0.000000000000000000e+00,0.000000000000000000e+00,0.000000000000000000e+00,0.000000000000000000e+00,0.000000000000000000e+00,0.000000000000000000e+00,0.000000000000000000e+00,0.000000000000000000e+00,0.000000000000000000e+00,0.000000000000000000e+00,0.000000000000000000e+00,0.000000000000000000e+00,0.000000000000000000e+00,0.000000000000000000e+00,0.000000000000000000e+00,0.000000000000000000e+00,0.000000000000000000e+00,0.000000000000000000e+00,0.000000000000000000e+00,0.000000000000000000e+00,0.000000000000000000e+00,0.000000000000000000e+00,0.000000000000000000e+00,0.000000000000000000e+00,0.000000000000000000e+00,0.000000000000000000e+00,0.000000000000000000e+00,0.000000000000000000e+00,0.000000000000000000e+00,0.000000000000000000e+00,0.000000000000000000e+00,0.000000000000000000e+00,0.000000000000000000e+00,0.000000000000000000e+00,0.000000000000000000e+00,0.000000000000000000e+00,0.000000000000000000e+00,0.000000000000000000e+00,0.000000000000000000e+00,0.000000000000000000e+00,0.000000000000000000e+00,0.000000000000000000e+00,0.000000000000000000e+00,0.000000000000000000e+00,0.000000000000000000e+00,0.000000000000000000e+00,0.000000000000000000e+00,0.000000000000000000e+00,0.000000000000000000e+00,0.000000000000000000e+00,0.000000000000000000e+00,0.000000000000000000e+00,0.000000000000000000e+00,0.000000000000000000e+00,0.000000000000000000e+00,0.000000000000000000e+00,0.000000000000000000e+00,0.000000000000000000e+00,0.000000000000000000e+00,0.000000000000000000e+00,0.000000000000000000e+00,0.000000000000000000e+00,0.000000000000000000e+00,0.000000000000000000e+00,0.000000000000000000e+00,0.000000000000000000e+00,0.000000000000000000e+00,0.000000000000000000e+00,0.000000000000000000e+00,0.000000000000000000e+00,0.000000000000000000e+00,0.000000000000000000e+00,0.000000000000000000e+00,0.000000000000000000e+00,0.000000000000000000e+00,0.000000000000000000e+00,0.000000000000000000e+00,0.000000000000000000e+00,0.000000000000000000e+00,0.000000000000000000e+00,0.000000000000000000e+00,0.000000000000000000e+00,0.000000000000000000e+00,0.000000000000000000e+00,0.000000000000000000e+00,0.000000000000000000e+00,0.000000000000000000e+00,0.000000000000000000e+00,0.000000000000000000e+00,0.000000000000000000e+00,0.000000000000000000e+00,0.000000000000000000e+00,0.000000000000000000e+00,0.000000000000000000e+00,0.000000000000000000e+00,0.000000000000000000e+00,0.000000000000000000e+00,0.000000000000000000e+00,0.000000000000000000e+00,0.000000000000000000e+00,0.000000000000000000e+00,0.000000000000000000e+00,0.000000000000000000e+00,0.000000000000000000e+00,0.000000000000000000e+00,0.000000000000000000e+00,0.000000000000000000e+00,0.000000000000000000e+00,0.000000000000000000e+00,0.000000000000000000e+00,0.000000000000000000e+00,0.000000000000000000e+00,0.000000000000000000e+00,0.000000000000000000e+00,0.000000000000000000e+00,0.000000000000000000e+00,0.000000000000000000e+00,0.000000000000000000e+00,0.000000000000000000e+00,0.000000000000000000e+00,0.000000000000000000e+00,0.000000000000000000e+00,0.000000000000000000e+00,0.000000000000000000e+00,0.000000000000000000e+00,0.000000000000000000e+00,0.000000000000000000e+00,0.000000000000000000e+00,0.000000000000000000e+00,0.000000000000000000e+00,0.000000000000000000e+00,0.000000000000000000e+00,0.000000000000000000e+00,0.000000000000000000e+00,0.000000000000000000e+00,0.000000000000000000e+00,0.000000000000000000e+00,0.000000000000000000e+00,0.000000000000000000e+00,0.000000000000000000e+00,0.000000000000000000e+00,0.000000000000000000e+00,0.000000000000000000e+00,0.000000000000000000e+00,0.000000000000000000e+00,0.000000000000000000e+00,0.000000000000000000e+00,0.000000000000000000e+00,0.000000000000000000e+00,0.000000000000000000e+00,0.000000000000000000e+00,0.000000000000000000e+00,0.000000000000000000e+00,0.000000000000000000e+00,0.000000000000000000e+00,0.000000000000000000e+00,0.000000000000000000e+00,0.000000000000000000e+00,0.000000000000000000e+00,0.000000000000000000e+00,0.000000000000000000e+00,0.000000000000000000e+00,0.000000000000000000e+00,0.000000000000000000e+00,0.000000000000000000e+00,0.000000000000000000e+00,0.000000000000000000e+00,0.000000000000000000e+00,0.000000000000000000e+00,0.000000000000000000e+00,0.000000000000000000e+00,0.000000000000000000e+00,0.000000000000000000e+00,0.000000000000000000e+00,0.000000000000000000e+00,0.000000000000000000e+00,0.000000000000000000e+00,0.000000000000000000e+00,0.000000000000000000e+00,0.000000000000000000e+00,0.000000000000000000e+00,0.000000000000000000e+00,0.000000000000000000e+00,0.000000000000000000e+00,0.000000000000000000e+00,0.000000000000000000e+00,0.000000000000000000e+00,0.000000000000000000e+00,0.000000000000000000e+00,0.000000000000000000e+00,0.000000000000000000e+00,0.000000000000000000e+00,0.000000000000000000e+00,0.000000000000000000e+00,0.000000000000000000e+00,0.000000000000000000e+00,0.000000000000000000e+00,0.000000000000000000e+00,0.000000000000000000e+00,0.000000000000000000e+00,0.000000000000000000e+00,0.000000000000000000e+00,0.000000000000000000e+00,0.000000000000000000e+00,0.000000000000000000e+00,0.000000000000000000e+00,0.000000000000000000e+00,0.000000000000000000e+00,0.000000000000000000e+00,0.000000000000000000e+00,0.000000000000000000e+00,0.000000000000000000e+00,0.000000000000000000e+00,0.000000000000000000e+00,0.000000000000000000e+00,0.000000000000000000e+00,0.000000000000000000e+00,0.000000000000000000e+00,0.000000000000000000e+00,0.000000000000000000e+00,0.000000000000000000e+00,0.000000000000000000e+00,0.000000000000000000e+00,0.000000000000000000e+00,0.000000000000000000e+00,0.000000000000000000e+00,0.000000000000000000e+00,0.000000000000000000e+00,0.000000000000000000e+00,0.000000000000000000e+00,0.000000000000000000e+00,0.000000000000000000e+00,0.000000000000000000e+00,0.000000000000000000e+00,0.000000000000000000e+00,0.000000000000000000e+00,0.000000000000000000e+00,0.000000000000000000e+00,0.000000000000000000e+00,0.000000000000000000e+00,0.000000000000000000e+00,0.000000000000000000e+00,0.000000000000000000e+00,0.000000000000000000e+00,0.000000000000000000e+00,0.000000000000000000e+00,0.000000000000000000e+00,0.000000000000000000e+00,0.000000000000000000e+00,0.000000000000000000e+00,0.000000000000000000e+00,0.000000000000000000e+00,0.000000000000000000e+00,0.000000000000000000e+00,0.000000000000000000e+00,0.000000000000000000e+00,0.000000000000000000e+00,0.000000000000000000e+00,0.000000000000000000e+00,0.000000000000000000e+00,0.000000000000000000e+00,0.000000000000000000e+00,0.000000000000000000e+00,0.000000000000000000e+00,0.000000000000000000e+00,0.000000000000000000e+00,0.000000000000000000e+00,0.000000000000000000e+00,0.000000000000000000e+00,0.000000000000000000e+00,0.000000000000000000e+00,0.000000000000000000e+00,0.000000000000000000e+00,0.000000000000000000e+00,0.000000000000000000e+00,0.000000000000000000e+00,0.000000000000000000e+00,0.000000000000000000e+00,0.000000000000000000e+00,0.000000000000000000e+00,0.000000000000000000e+00,0.000000000000000000e+00,0.000000000000000000e+00,0.000000000000000000e+00,0.000000000000000000e+00,0.000000000000000000e+00,0.000000000000000000e+00,0.000000000000000000e+00,0.000000000000000000e+00,0.000000000000000000e+00,0.000000000000000000e+00,0.000000000000000000e+00,0.000000000000000000e+00,0.000000000000000000e+00,0.000000000000000000e+00
0.000000000000000000e+00,0.000000000000000000e+00,0.000000000000000000e+00,0.000000000000000000e+00,0.000000000000000000e+00,0.000000000000000000e+00,0.000000000000000000e+00,0.000000000000000000e+00,0.000000000000000000e+00,0.000000000000000000e+00,0.000000000000000000e+00,0.000000000000000000e+00,0.000000000000000000e+00,0.000000000000000000e+00,0.000000000000000000e+00,0.000000000000000000e+00,0.000000000000000000e+00,0.000000000000000000e+00,0.000000000000000000e+00,0.000000000000000000e+00,0.000000000000000000e+00,0.000000000000000000e+00,0.000000000000000000e+00,0.000000000000000000e+00,0.000000000000000000e+00,0.000000000000000000e+00,0.000000000000000000e+00,0.000000000000000000e+00,0.000000000000000000e+00,0.000000000000000000e+00,0.000000000000000000e+00,0.000000000000000000e+00,0.000000000000000000e+00,0.000000000000000000e+00,0.000000000000000000e+00,0.000000000000000000e+00,0.000000000000000000e+00,0.000000000000000000e+00,0.000000000000000000e+00,0.000000000000000000e+00,0.000000000000000000e+00,0.000000000000000000e+00,0.000000000000000000e+00,0.000000000000000000e+00,0.000000000000000000e+00,0.000000000000000000e+00,0.000000000000000000e+00,0.000000000000000000e+00,0.000000000000000000e+00,0.000000000000000000e+00,0.000000000000000000e+00,0.000000000000000000e+00,0.000000000000000000e+00,0.000000000000000000e+00,0.000000000000000000e+00,0.000000000000000000e+00,0.000000000000000000e+00,0.000000000000000000e+00,0.000000000000000000e+00,0.000000000000000000e+00,0.000000000000000000e+00,0.000000000000000000e+00,0.000000000000000000e+00,0.000000000000000000e+00,0.000000000000000000e+00,0.000000000000000000e+00,0.000000000000000000e+00,0.000000000000000000e+00,0.000000000000000000e+00,0.000000000000000000e+00,0.000000000000000000e+00,0.000000000000000000e+00,0.000000000000000000e+00,0.000000000000000000e+00,0.000000000000000000e+00,0.000000000000000000e+00,0.000000000000000000e+00,0.000000000000000000e+00,0.000000000000000000e+00,0.000000000000000000e+00,0.000000000000000000e+00,0.000000000000000000e+00,0.000000000000000000e+00,0.000000000000000000e+00,0.000000000000000000e+00,0.000000000000000000e+00,0.000000000000000000e+00,0.000000000000000000e+00,0.000000000000000000e+00,0.000000000000000000e+00,0.000000000000000000e+00,0.000000000000000000e+00,0.000000000000000000e+00,0.000000000000000000e+00,0.000000000000000000e+00,0.000000000000000000e+00,0.000000000000000000e+00,0.000000000000000000e+00,0.000000000000000000e+00,0.000000000000000000e+00,0.000000000000000000e+00,0.000000000000000000e+00,0.000000000000000000e+00,0.000000000000000000e+00,0.000000000000000000e+00,0.000000000000000000e+00,0.000000000000000000e+00,0.000000000000000000e+00,0.000000000000000000e+00,0.000000000000000000e+00,0.000000000000000000e+00,0.000000000000000000e+00,0.000000000000000000e+00,0.000000000000000000e+00,0.000000000000000000e+00,0.000000000000000000e+00,0.000000000000000000e+00,0.000000000000000000e+00,0.000000000000000000e+00,0.000000000000000000e+00,0.000000000000000000e+00,0.000000000000000000e+00,0.000000000000000000e+00,0.000000000000000000e+00,0.000000000000000000e+00,0.000000000000000000e+00,0.000000000000000000e+00,0.000000000000000000e+00,0.000000000000000000e+00,0.000000000000000000e+00,0.000000000000000000e+00,0.000000000000000000e+00,0.000000000000000000e+00,0.000000000000000000e+00,0.000000000000000000e+00,0.000000000000000000e+00,0.000000000000000000e+00,0.000000000000000000e+00,0.000000000000000000e+00,0.000000000000000000e+00,0.000000000000000000e+00,0.000000000000000000e+00,0.000000000000000000e+00,0.000000000000000000e+00,0.000000000000000000e+00,0.000000000000000000e+00,0.000000000000000000e+00,0.000000000000000000e+00,0.000000000000000000e+00,0.000000000000000000e+00,0.000000000000000000e+00,0.000000000000000000e+00,0.000000000000000000e+00,0.000000000000000000e+00,0.000000000000000000e+00,0.000000000000000000e+00,0.000000000000000000e+00,0.000000000000000000e+00,0.000000000000000000e+00,0.000000000000000000e+00,0.000000000000000000e+00,0.000000000000000000e+00,0.000000000000000000e+00,0.000000000000000000e+00,0.000000000000000000e+00,0.000000000000000000e+00,0.000000000000000000e+00,0.000000000000000000e+00,0.000000000000000000e+00,0.000000000000000000e+00,0.000000000000000000e+00,0.000000000000000000e+00,0.000000000000000000e+00,0.000000000000000000e+00,0.000000000000000000e+00,0.000000000000000000e+00,0.000000000000000000e+00,0.000000000000000000e+00,0.000000000000000000e+00,0.000000000000000000e+00,0.000000000000000000e+00,0.000000000000000000e+00,0.000000000000000000e+00,0.000000000000000000e+00,0.000000000000000000e+00,0.000000000000000000e+00,0.000000000000000000e+00,0.000000000000000000e+00,0.000000000000000000e+00,0.000000000000000000e+00,0.000000000000000000e+00,0.000000000000000000e+00,0.000000000000000000e+00,0.000000000000000000e+00,0.000000000000000000e+00,0.000000000000000000e+00,0.000000000000000000e+00,0.000000000000000000e+00,0.000000000000000000e+00,0.000000000000000000e+00,0.000000000000000000e+00,0.000000000000000000e+00,0.000000000000000000e+00,0.000000000000000000e+00,0.000000000000000000e+00,0.000000000000000000e+00,0.000000000000000000e+00,0.000000000000000000e+00,0.000000000000000000e+00,0.000000000000000000e+00,0.000000000000000000e+00,0.000000000000000000e+00,0.000000000000000000e+00,0.000000000000000000e+00,0.000000000000000000e+00,0.000000000000000000e+00,0.000000000000000000e+00,0.000000000000000000e+00,0.000000000000000000e+00,0.000000000000000000e+00,0.000000000000000000e+00,0.000000000000000000e+00,0.000000000000000000e+00,0.000000000000000000e+00,0.000000000000000000e+00,0.000000000000000000e+00,0.000000000000000000e+00,0.000000000000000000e+00,0.000000000000000000e+00,0.000000000000000000e+00,0.000000000000000000e+00,0.000000000000000000e+00,0.000000000000000000e+00,0.000000000000000000e+00,0.000000000000000000e+00,0.000000000000000000e+00,0.000000000000000000e+00,0.000000000000000000e+00,0.000000000000000000e+00,0.000000000000000000e+00,0.000000000000000000e+00,0.000000000000000000e+00,0.000000000000000000e+00,0.000000000000000000e+00,0.000000000000000000e+00,0.000000000000000000e+00,0.000000000000000000e+00,0.000000000000000000e+00,0.000000000000000000e+00,0.000000000000000000e+00,0.000000000000000000e+00,0.000000000000000000e+00,0.000000000000000000e+00,0.000000000000000000e+00,0.000000000000000000e+00,0.000000000000000000e+00,0.000000000000000000e+00,0.000000000000000000e+00,0.000000000000000000e+00,0.000000000000000000e+00,0.000000000000000000e+00,0.000000000000000000e+00,0.000000000000000000e+00,0.000000000000000000e+00,0.000000000000000000e+00,0.000000000000000000e+00,0.000000000000000000e+00,0.000000000000000000e+00,0.000000000000000000e+00,0.000000000000000000e+00,0.000000000000000000e+00,0.000000000000000000e+00,0.000000000000000000e+00,0.000000000000000000e+00,0.000000000000000000e+00,0.000000000000000000e+00,0.000000000000000000e+00,0.000000000000000000e+00,0.000000000000000000e+00,0.000000000000000000e+00,0.000000000000000000e+00,0.000000000000000000e+00,0.000000000000000000e+00,0.000000000000000000e+00,0.000000000000000000e+00,0.000000000000000000e+00,0.000000000000000000e+00,0.000000000000000000e+00,0.000000000000000000e+00,0.000000000000000000e+00,0.000000000000000000e+00,0.000000000000000000e+00,0.000000000000000000e+00,0.000000000000000000e+00,0.000000000000000000e+00,0.000000000000000000e+00,0.000000000000000000e+00,0.000000000000000000e+00,0.000000000000000000e+00,0.000000000000000000e+00,0.000000000000000000e+00,0.000000000000000000e+00,0.000000000000000000e+00,0.000000000000000000e+00,0.000000000000000000e+00,0.000000000000000000e+00,0.000000000000000000e+00,0.000000000000000000e+00,0.000000000000000000e+00,0.000000000000000000e+00,0.000000000000000000e+00,0.000000000000000000e+00,0.000000000000000000e+00,0.000000000000000000e+00,0.000000000000000000e+00,0.000000000000000000e+00,0.000000000000000000e+00,0.000000000000000000e+00,0.000000000000000000e+00,0.000000000000000000e+00,0.000000000000000000e+00,0.000000000000000000e+00,0.000000000000000000e+00,0.000000000000000000e+00,0.000000000000000000e+00,0.000000000000000000e+00,0.000000000000000000e+00,0.000000000000000000e+00,0.000000000000000000e+00,0.000000000000000000e+00,0.000000000000000000e+00,0.000000000000000000e+00,0.000000000000000000e+00,0.000000000000000000e+00,0.000000000000000000e+00,0.000000000000000000e+00,0.000000000000000000e+00,0.000000000000000000e+00,0.000000000000000000e+00,0.000000000000000000e+00
0.000000000000000000e+00,0.000000000000000000e+00,0.000000000000000000e+00,0.000000000000000000e+00,0.000000000000000000e+00,0.000000000000000000e+00,0.000000000000000000e+00,0.000000000000000000e+00,0.000000000000000000e+00,0.000000000000000000e+00,0.000000000000000000e+00,0.000000000000000000e+00,0.000000000000000000e+00,0.000000000000000000e+00,0.000000000000000000e+00,0.000000000000000000e+00,0.000000000000000000e+00,0.000000000000000000e+00,0.000000000000000000e+00,0.000000000000000000e+00,0.000000000000000000e+00,0.000000000000000000e+00,0.000000000000000000e+00,0.000000000000000000e+00,0.000000000000000000e+00,0.000000000000000000e+00,0.000000000000000000e+00,0.000000000000000000e+00,0.000000000000000000e+00,0.000000000000000000e+00,0.000000000000000000e+00,0.000000000000000000e+00,0.000000000000000000e+00,0.000000000000000000e+00,0.000000000000000000e+00,0.000000000000000000e+00,0.000000000000000000e+00,0.000000000000000000e+00,0.000000000000000000e+00,0.000000000000000000e+00,0.000000000000000000e+00,0.000000000000000000e+00,0.000000000000000000e+00,0.000000000000000000e+00,0.000000000000000000e+00,0.000000000000000000e+00,0.000000000000000000e+00,0.000000000000000000e+00,0.000000000000000000e+00,0.000000000000000000e+00,0.000000000000000000e+00,0.000000000000000000e+00,0.000000000000000000e+00,0.000000000000000000e+00,0.000000000000000000e+00,0.000000000000000000e+00,0.000000000000000000e+00,0.000000000000000000e+00,0.000000000000000000e+00,0.000000000000000000e+00,0.000000000000000000e+00,0.000000000000000000e+00,0.000000000000000000e+00,0.000000000000000000e+00,0.000000000000000000e+00,0.000000000000000000e+00,0.000000000000000000e+00,0.000000000000000000e+00,0.000000000000000000e+00,0.000000000000000000e+00,0.000000000000000000e+00,0.000000000000000000e+00,0.000000000000000000e+00,0.000000000000000000e+00,0.000000000000000000e+00,0.000000000000000000e+00,0.000000000000000000e+00,0.000000000000000000e+00,0.000000000000000000e+00,0.000000000000000000e+00,0.000000000000000000e+00,0.000000000000000000e+00,0.000000000000000000e+00,0.000000000000000000e+00,0.000000000000000000e+00,0.000000000000000000e+00,0.000000000000000000e+00,0.000000000000000000e+00,0.000000000000000000e+00,0.000000000000000000e+00,0.000000000000000000e+00,0.000000000000000000e+00,0.000000000000000000e+00,0.000000000000000000e+00,0.000000000000000000e+00,0.000000000000000000e+00,0.000000000000000000e+00,0.000000000000000000e+00,0.000000000000000000e+00,0.000000000000000000e+00,0.000000000000000000e+00,0.000000000000000000e+00,0.000000000000000000e+00,0.000000000000000000e+00,0.000000000000000000e+00,0.000000000000000000e+00,0.000000000000000000e+00,0.000000000000000000e+00,0.000000000000000000e+00,0.000000000000000000e+00,0.000000000000000000e+00,0.000000000000000000e+00,0.000000000000000000e+00,0.000000000000000000e+00,0.000000000000000000e+00,0.000000000000000000e+00,0.000000000000000000e+00,0.000000000000000000e+00,0.000000000000000000e+00,0.000000000000000000e+00,0.000000000000000000e+00,0.000000000000000000e+00,0.000000000000000000e+00,0.000000000000000000e+00,0.000000000000000000e+00,0.000000000000000000e+00,0.000000000000000000e+00,0.000000000000000000e+00,0.000000000000000000e+00,0.000000000000000000e+00,0.000000000000000000e+00,0.000000000000000000e+00,0.000000000000000000e+00,0.000000000000000000e+00,0.000000000000000000e+00,0.000000000000000000e+00,0.000000000000000000e+00,0.000000000000000000e+00,0.000000000000000000e+00,0.000000000000000000e+00,0.000000000000000000e+00,0.000000000000000000e+00,0.000000000000000000e+00,0.000000000000000000e+00,0.000000000000000000e+00,0.000000000000000000e+00,0.000000000000000000e+00,0.000000000000000000e+00,0.000000000000000000e+00,0.000000000000000000e+00,0.000000000000000000e+00,0.000000000000000000e+00,0.000000000000000000e+00,0.000000000000000000e+00,0.000000000000000000e+00,0.000000000000000000e+00,0.000000000000000000e+00,0.000000000000000000e+00,0.000000000000000000e+00,0.000000000000000000e+00,0.000000000000000000e+00,0.000000000000000000e+00,0.000000000000000000e+00,0.000000000000000000e+00,0.000000000000000000e+00,0.000000000000000000e+00,0.000000000000000000e+00,0.000000000000000000e+00,0.000000000000000000e+00,0.000000000000000000e+00,0.000000000000000000e+00,0.000000000000000000e+00,0.000000000000000000e+00,0.000000000000000000e+00,0.000000000000000000e+00,0.000000000000000000e+00,0.000000000000000000e+00,0.000000000000000000e+00,0.000000000000000000e+00,0.000000000000000000e+00,0.000000000000000000e+00,0.000000000000000000e+00,0.000000000000000000e+00,0.000000000000000000e+00,0.000000000000000000e+00,0.000000000000000000e+00,0.000000000000000000e+00,0.000000000000000000e+00,0.000000000000000000e+00,0.000000000000000000e+00,0.000000000000000000e+00,0.000000000000000000e+00,0.000000000000000000e+00,0.000000000000000000e+00,0.000000000000000000e+00,0.000000000000000000e+00,0.000000000000000000e+00,0.000000000000000000e+00,0.000000000000000000e+00,0.000000000000000000e+00,0.000000000000000000e+00,0.000000000000000000e+00,0.000000000000000000e+00,0.000000000000000000e+00,0.000000000000000000e+00,0.000000000000000000e+00,0.000000000000000000e+00,0.000000000000000000e+00,0.000000000000000000e+00,0.000000000000000000e+00,0.000000000000000000e+00,0.000000000000000000e+00,0.000000000000000000e+00,0.000000000000000000e+00,0.000000000000000000e+00,0.000000000000000000e+00,0.000000000000000000e+00,0.000000000000000000e+00,0.000000000000000000e+00,0.000000000000000000e+00,0.000000000000000000e+00,0.000000000000000000e+00,0.000000000000000000e+00,0.000000000000000000e+00,0.000000000000000000e+00,0.000000000000000000e+00,0.000000000000000000e+00,0.000000000000000000e+00,0.000000000000000000e+00,0.000000000000000000e+00,0.000000000000000000e+00,0.000000000000000000e+00,0.000000000000000000e+00,0.000000000000000000e+00,0.000000000000000000e+00,0.000000000000000000e+00,0.000000000000000000e+00,0.000000000000000000e+00,0.000000000000000000e+00,0.000000000000000000e+00,0.000000000000000000e+00,0.000000000000000000e+00,0.000000000000000000e+00,0.000000000000000000e+00,0.000000000000000000e+00,0.000000000000000000e+00,0.000000000000000000e+00,0.000000000000000000e+00,0.000000000000000000e+00,0.000000000000000000e+00,0.000000000000000000e+00,0.000000000000000000e+00,0.000000000000000000e+00,0.000000000000000000e+00,0.000000000000000000e+00,0.000000000000000000e+00,0.000000000000000000e+00,0.000000000000000000e+00,0.000000000000000000e+00,0.000000000000000000e+00,0.000000000000000000e+00,0.000000000000000000e+00,0.000000000000000000e+00,0.000000000000000000e+00,0.000000000000000000e+00,0.000000000000000000e+00,0.000000000000000000e+00,0.000000000000000000e+00,0.000000000000000000e+00,0.000000000000000000e+00,0.000000000000000000e+00,0.000000000000000000e+00,0.000000000000000000e+00,0.000000000000000000e+00,0.000000000000000000e+00,0.000000000000000000e+00,0.000000000000000000e+00,0.000000000000000000e+00,0.000000000000000000e+00,0.000000000000000000e+00,0.000000000000000000e+00,0.000000000000000000e+00,0.000000000000000000e+00,0.000000000000000000e+00,0.000000000000000000e+00,0.000000000000000000e+00,0.000000000000000000e+00,0.000000000000000000e+00,0.000000000000000000e+00,0.000000000000000000e+00,0.000000000000000000e+00,0.000000000000000000e+00,0.000000000000000000e+00,0.000000000000000000e+00,0.000000000000000000e+00,0.000000000000000000e+00,0.000000000000000000e+00,0.000000000000000000e+00,0.000000000000000000e+00,0.000000000000000000e+00,0.000000000000000000e+00,0.000000000000000000e+00,0.000000000000000000e+00,0.000000000000000000e+00,0.000000000000000000e+00,0.000000000000000000e+00,0.000000000000000000e+00,0.000000000000000000e+00,0.000000000000000000e+00,0.000000000000000000e+00,0.000000000000000000e+00,0.000000000000000000e+00,0.000000000000000000e+00,0.000000000000000000e+00,0.000000000000000000e+00,0.000000000000000000e+00,0.000000000000000000e+00,0.000000000000000000e+00,0.000000000000000000e+00,0.000000000000000000e+00,0.000000000000000000e+00,0.000000000000000000e+00,0.000000000000000000e+00,0.000000000000000000e+00,0.000000000000000000e+00,0.000000000000000000e+00,0.000000000000000000e+00,0.000000000000000000e+00,0.000000000000000000e+00,0.000000000000000000e+00,0.000000000000000000e+00,0.000000000000000000e+00,0.000000000000000000e+00,0.000000000000000000e+00,0.000000000000000000e+00,0.000000000000000000e+00,0.000000000000000000e+00,0.000000000000000000e+00,0.000000000000000000e+00,0.000000000000000000e+00
0.000000000000000000e+00,0.000000000000000000e+00,0.000000000000000000e+00,0.000000000000000000e+00,0.000000000000000000e+00,0.000000000000000000e+00,0.000000000000000000e+00,0.000000000000000000e+00,0.000000000000000000e+00,0.000000000000000000e+00,0.000000000000000000e+00,0.000000000000000000e+00,0.000000000000000000e+00,0.000000000000000000e+00,0.000000000000000000e+00,0.000000000000000000e+00,0.000000000000000000e+00,0.000000000000000000e+00,0.000000000000000000e+00,0.000000000000000000e+00,0.000000000000000000e+00,0.000000000000000000e+00,0.000000000000000000e+00,0.000000000000000000e+00,0.000000000000000000e+00,0.000000000000000000e+00,0.000000000000000000e+00,0.000000000000000000e+00,0.000000000000000000e+00,0.000000000000000000e+00,0.000000000000000000e+00,0.000000000000000000e+00,0.000000000000000000e+00,0.000000000000000000e+00,0.000000000000000000e+00,0.000000000000000000e+00,0.000000000000000000e+00,0.000000000000000000e+00,0.000000000000000000e+00,0.000000000000000000e+00,0.000000000000000000e+00,0.000000000000000000e+00,0.000000000000000000e+00,0.000000000000000000e+00,0.000000000000000000e+00,0.000000000000000000e+00,0.000000000000000000e+00,0.000000000000000000e+00,0.000000000000000000e+00,0.000000000000000000e+00,0.000000000000000000e+00,0.000000000000000000e+00,0.000000000000000000e+00,0.000000000000000000e+00,0.000000000000000000e+00,0.000000000000000000e+00,0.000000000000000000e+00,0.000000000000000000e+00,0.000000000000000000e+00,0.000000000000000000e+00,0.000000000000000000e+00,0.000000000000000000e+00,0.000000000000000000e+00,0.000000000000000000e+00,0.000000000000000000e+00,0.000000000000000000e+00,0.000000000000000000e+00,0.000000000000000000e+00,0.000000000000000000e+00,0.000000000000000000e+00,0.000000000000000000e+00,0.000000000000000000e+00,0.000000000000000000e+00,0.000000000000000000e+00,0.000000000000000000e+00,0.000000000000000000e+00,0.000000000000000000e+00,0.000000000000000000e+00,0.000000000000000000e+00,0.000000000000000000e+00,0.000000000000000000e+00,0.000000000000000000e+00,0.000000000000000000e+00,0.000000000000000000e+00,0.000000000000000000e+00,0.000000000000000000e+00,0.000000000000000000e+00,0.000000000000000000e+00,0.000000000000000000e+00,0.000000000000000000e+00,0.000000000000000000e+00,0.000000000000000000e+00,0.000000000000000000e+00,0.000000000000000000e+00,0.000000000000000000e+00,0.000000000000000000e+00,0.000000000000000000e+00,0.000000000000000000e+00,0.000000000000000000e+00,0.000000000000000000e+00,0.000000000000000000e+00,0.000000000000000000e+00,0.000000000000000000e+00,0.000000000000000000e+00,0.000000000000000000e+00,0.000000000000000000e+00,0.000000000000000000e+00,0.000000000000000000e+00,0.000000000000000000e+00,0.000000000000000000e+00,0.000000000000000000e+00,0.000000000000000000e+00,0.000000000000000000e+00,0.000000000000000000e+00,0.000000000000000000e+00,0.000000000000000000e+00,0.000000000000000000e+00,0.000000000000000000e+00,0.000000000000000000e+00,0.000000000000000000e+00,0.000000000000000000e+00,0.000000000000000000e+00,0.000000000000000000e+00,0.000000000000000000e+00,0.000000000000000000e+00,0.000000000000000000e+00,0.000000000000000000e+00,0.000000000000000000e+00,0.000000000000000000e+00,0.000000000000000000e+00,0.000000000000000000e+00,0.000000000000000000e+00,0.000000000000000000e+00,0.000000000000000000e+00,0.000000000000000000e+00,0.000000000000000000e+00,0.000000000000000000e+00,0.000000000000000000e+00,0.000000000000000000e+00,0.000000000000000000e+00,0.000000000000000000e+00,0.000000000000000000e+00,0.000000000000000000e+00,0.000000000000000000e+00,0.000000000000000000e+00,0.000000000000000000e+00,0.000000000000000000e+00,0.000000000000000000e+00,0.000000000000000000e+00,0.000000000000000000e+00,0.000000000000000000e+00,0.000000000000000000e+00,0.000000000000000000e+00,0.000000000000000000e+00,0.000000000000000000e+00,0.000000000000000000e+00,0.000000000000000000e+00,0.000000000000000000e+00,0.000000000000000000e+00,0.000000000000000000e+00,0.000000000000000000e+00,0.000000000000000000e+00,0.000000000000000000e+00,0.000000000000000000e+00,0.000000000000000000e+00,0.000000000000000000e+00,0.000000000000000000e+00,0.000000000000000000e+00,0.000000000000000000e+00,0.000000000000000000e+00,0.000000000000000000e+00,0.000000000000000000e+00,0.000000000000000000e+00,0.000000000000000000e+00,0.000000000000000000e+00,0.000000000000000000e+00,0.000000000000000000e+00,0.000000000000000000e+00,0.000000000000000000e+00,0.000000000000000000e+00,0.000000000000000000e+00,0.000000000000000000e+00,0.000000000000000000e+00,0.000000000000000000e+00,0.000000000000000000e+00,0.000000000000000000e+00,0.000000000000000000e+00,0.000000000000000000e+00,0.000000000000000000e+00,0.000000000000000000e+00,0.000000000000000000e+00,0.000000000000000000e+00,0.000000000000000000e+00,0.000000000000000000e+00,0.000000000000000000e+00,0.000000000000000000e+00,0.000000000000000000e+00,0.000000000000000000e+00,0.000000000000000000e+00,0.000000000000000000e+00,0.000000000000000000e+00,0.000000000000000000e+00,0.000000000000000000e+00,0.000000000000000000e+00,0.000000000000000000e+00,0.000000000000000000e+00,0.000000000000000000e+00,0.000000000000000000e+00,0.000000000000000000e+00,0.000000000000000000e+00,0.000000000000000000e+00,0.000000000000000000e+00,0.000000000000000000e+00,0.000000000000000000e+00,0.000000000000000000e+00,0.000000000000000000e+00,0.000000000000000000e+00,0.000000000000000000e+00,0.000000000000000000e+00,0.000000000000000000e+00,0.000000000000000000e+00,0.000000000000000000e+00,0.000000000000000000e+00,0.000000000000000000e+00,0.000000000000000000e+00,0.000000000000000000e+00,0.000000000000000000e+00,0.000000000000000000e+00,0.000000000000000000e+00,0.000000000000000000e+00,0.000000000000000000e+00,0.000000000000000000e+00,0.000000000000000000e+00,0.000000000000000000e+00,0.000000000000000000e+00,0.000000000000000000e+00,0.000000000000000000e+00,0.000000000000000000e+00,0.000000000000000000e+00,0.000000000000000000e+00,0.000000000000000000e+00,0.000000000000000000e+00,0.000000000000000000e+00,0.000000000000000000e+00,0.000000000000000000e+00,0.000000000000000000e+00,0.000000000000000000e+00,0.000000000000000000e+00,0.000000000000000000e+00,0.000000000000000000e+00,0.000000000000000000e+00,0.000000000000000000e+00,0.000000000000000000e+00,0.000000000000000000e+00,0.000000000000000000e+00,0.000000000000000000e+00,0.000000000000000000e+00,0.000000000000000000e+00,0.000000000000000000e+00,0.000000000000000000e+00,0.000000000000000000e+00,0.000000000000000000e+00,0.000000000000000000e+00,0.000000000000000000e+00,0.000000000000000000e+00,0.000000000000000000e+00,0.000000000000000000e+00,0.000000000000000000e+00,0.000000000000000000e+00,0.000000000000000000e+00,0.000000000000000000e+00,0.000000000000000000e+00,0.000000000000000000e+00,0.000000000000000000e+00,0.000000000000000000e+00,0.000000000000000000e+00,0.000000000000000000e+00,0.000000000000000000e+00,0.000000000000000000e+00,0.000000000000000000e+00,0.000000000000000000e+00,0.000000000000000000e+00,0.000000000000000000e+00,0.000000000000000000e+00,0.000000000000000000e+00,0.000000000000000000e+00,0.000000000000000000e+00,0.000000000000000000e+00,0.000000000000000000e+00,0.000000000000000000e+00,0.000000000000000000e+00,0.000000000000000000e+00,0.000000000000000000e+00,0.000000000000000000e+00,0.000000000000000000e+00,0.000000000000000000e+00,0.000000000000000000e+00,0.000000000000000000e+00,0.000000000000000000e+00,0.000000000000000000e+00,0.000000000000000000e+00,0.000000000000000000e+00,0.000000000000000000e+00,0.000000000000000000e+00,0.000000000000000000e+00,0.000000000000000000e+00,0.000000000000000000e+00,0.000000000000000000e+00,0.000000000000000000e+00,0.000000000000000000e+00,0.000000000000000000e+00,0.000000000000000000e+00,0.000000000000000000e+00,0.000000000000000000e+00,0.000000000000000000e+00,0.000000000000000000e+00,0.000000000000000000e+00,0.000000000000000000e+00,0.000000000000000000e+00,0.000000000000000000e+00,0.000000000000000000e+00,0.000000000000000000e+00,0.000000000000000000e+00,0.000000000000000000e+00,0.000000000000000000e+00,0.000000000000000000e+00,0.000000000000000000e+00,0.000000000000000000e+00,0.000000000000000000e+00,0.000000000000000000e+00,0.000000000000000000e+00,0.000000000000000000e+00,0.000000000000000000e+00,0.000000000000000000e+00,0.000000000000000000e+00,0.000000000000000000e+00,0.000000000000000000e+00,0.000000000000000000e+00,0.000000000000000000e+00,0.000000000000000000e+00
0.000000000000000000e+00,0.000000000000000000e+00,0.000000000000000000e+00,0.000000000000000000e+00,0.000000000000000000e+00,0.000000000000000000e+00,0.000000000000000000e+00,0.000000000000000000e+00,0.000000000000000000e+00,0.000000000000000000e+00,0.000000000000000000e+00,0.000000000000000000e+00,0.000000000000000000e+00,0.000000000000000000e+00,0.000000000000000000e+00,0.000000000000000000e+00,0.000000000000000000e+00,0.000000000000000000e+00,0.000000000000000000e+00,0.000000000000000000e+00,0.000000000000000000e+00,0.000000000000000000e+00,0.000000000000000000e+00,0.000000000000000000e+00,0.000000000000000000e+00,0.000000000000000000e+00,0.000000000000000000e+00,0.000000000000000000e+00,0.000000000000000000e+00,0.000000000000000000e+00,0.000000000000000000e+00,0.000000000000000000e+00,0.000000000000000000e+00,0.000000000000000000e+00,0.000000000000000000e+00,0.000000000000000000e+00,0.000000000000000000e+00,0.000000000000000000e+00,0.000000000000000000e+00,0.000000000000000000e+00,0.000000000000000000e+00,0.000000000000000000e+00,0.000000000000000000e+00,0.000000000000000000e+00,0.000000000000000000e+00,0.000000000000000000e+00,0.000000000000000000e+00,0.000000000000000000e+00,0.000000000000000000e+00,0.000000000000000000e+00,0.000000000000000000e+00,0.000000000000000000e+00,0.000000000000000000e+00,0.000000000000000000e+00,0.000000000000000000e+00,0.000000000000000000e+00,0.000000000000000000e+00,0.000000000000000000e+00,0.000000000000000000e+00,0.000000000000000000e+00,0.000000000000000000e+00,0.000000000000000000e+00,0.000000000000000000e+00,0.000000000000000000e+00,0.000000000000000000e+00,0.000000000000000000e+00,0.000000000000000000e+00,0.000000000000000000e+00,0.000000000000000000e+00,0.000000000000000000e+00,0.000000000000000000e+00,0.000000000000000000e+00,0.000000000000000000e+00,0.000000000000000000e+00,0.000000000000000000e+00,0.000000000000000000e+00,0.000000000000000000e+00,0.000000000000000000e+00,0.000000000000000000e+00,0.000000000000000000e+00,0.000000000000000000e+00,0.000000000000000000e+00,0.000000000000000000e+00,0.000000000000000000e+00,0.000000000000000000e+00,0.000000000000000000e+00,0.000000000000000000e+00,0.000000000000000000e+00,0.000000000000000000e+00,0.000000000000000000e+00,0.000000000000000000e+00,0.000000000000000000e+00,0.000000000000000000e+00,0.000000000000000000e+00,0.000000000000000000e+00,0.000000000000000000e+00,0.000000000000000000e+00,0.000000000000000000e+00,0.000000000000000000e+00,0.000000000000000000e+00,0.000000000000000000e+00,0.000000000000000000e+00,0.000000000000000000e+00,0.000000000000000000e+00,0.000000000000000000e+00,0.000000000000000000e+00,0.000000000000000000e+00,0.000000000000000000e+00,0.000000000000000000e+00,0.000000000000000000e+00,0.000000000000000000e+00,0.000000000000000000e+00,0.000000000000000000e+00,0.000000000000000000e+00,0.000000000000000000e+00,0.000000000000000000e+00,0.000000000000000000e+00,0.000000000000000000e+00,0.000000000000000000e+00,0.000000000000000000e+00,0.000000000000000000e+00,0.000000000000000000e+00,0.000000000000000000e+00,0.000000000000000000e+00,0.000000000000000000e+00,0.000000000000000000e+00,0.000000000000000000e+00,0.000000000000000000e+00,0.000000000000000000e+00,0.000000000000000000e+00,0.000000000000000000e+00,0.000000000000000000e+00,0.000000000000000000e+00,0.000000000000000000e+00,0.000000000000000000e+00,0.000000000000000000e+00,0.000000000000000000e+00,0.000000000000000000e+00,0.000000000000000000e+00,0.000000000000000000e+00,0.000000000000000000e+00,0.000000000000000000e+00,0.000000000000000000e+00,0.000000000000000000e+00,0.000000000000000000e+00,0.000000000000000000e+00,0.000000000000000000e+00,0.000000000000000000e+00,0.000000000000000000e+00,0.000000000000000000e+00,0.000000000000000000e+00,0.000000000000000000e+00,0.000000000000000000e+00,0.000000000000000000e+00,0.000000000000000000e+00,0.000000000000000000e+00,0.000000000000000000e+00,0.000000000000000000e+00,0.000000000000000000e+00,0.000000000000000000e+00,0.000000000000000000e+00,0.000000000000000000e+00,0.000000000000000000e+00,0.000000000000000000e+00,0.000000000000000000e+00,0.000000000000000000e+00,0.000000000000000000e+00,0.000000000000000000e+00,0.000000000000000000e+00,0.000000000000000000e+00,0.000000000000000000e+00,0.000000000000000000e+00,0.000000000000000000e+00,0.000000000000000000e+00,0.000000000000000000e+00,0.000000000000000000e+00,0.000000000000000000e+00,0.000000000000000000e+00,0.000000000000000000e+00,0.000000000000000000e+00,0.000000000000000000e+00,0.000000000000000000e+00,0.000000000000000000e+00,0.000000000000000000e+00,0.000000000000000000e+00,0.000000000000000000e+00,0.000000000000000000e+00,0.000000000000000000e+00,0.000000000000000000e+00,0.000000000000000000e+00,0.000000000000000000e+00,0.000000000000000000e+00,0.000000000000000000e+00,0.000000000000000000e+00,0.000000000000000000e+00,0.000000000000000000e+00,0.000000000000000000e+00,0.000000000000000000e+00,0.000000000000000000e+00,0.000000000000000000e+00,0.000000000000000000e+00,0.000000000000000000e+00,0.000000000000000000e+00,0.000000000000000000e+00,0.000000000000000000e+00,0.000000000000000000e+00,0.000000000000000000e+00,0.000000000000000000e+00,0.000000000000000000e+00,0.000000000000000000e+00,0.000000000000000000e+00,0.000000000000000000e+00,0.000000000000000000e+00,0.000000000000000000e+00,0.000000000000000000e+00,0.000000000000000000e+00,0.000000000000000000e+00,0.000000000000000000e+00,0.000000000000000000e+00,0.000000000000000000e+00,0.000000000000000000e+00,0.000000000000000000e+00,0.000000000000000000e+00,0.000000000000000000e+00,0.000000000000000000e+00,0.000000000000000000e+00,0.000000000000000000e+00,0.000000000000000000e+00,0.000000000000000000e+00,0.000000000000000000e+00,0.000000000000000000e+00,0.000000000000000000e+00,0.000000000000000000e+00,0.000000000000000000e+00,0.000000000000000000e+00,0.000000000000000000e+00,0.000000000000000000e+00,0.000000000000000000e+00,0.000000000000000000e+00,0.000000000000000000e+00,0.000000000000000000e+00,0.000000000000000000e+00,0.000000000000000000e+00,0.000000000000000000e+00,0.000000000000000000e+00,0.000000000000000000e+00,0.000000000000000000e+00,0.000000000000000000e+00,0.000000000000000000e+00,0.000000000000000000e+00,0.000000000000000000e+00,0.000000000000000000e+00,0.000000000000000000e+00,0.000000000000000000e+00,0.000000000000000000e+00,0.000000000000000000e+00,0.000000000000000000e+00,0.000000000000000000e+00,0.000000000000000000e+00,0.000000000000000000e+00,0.000000000000000000e+00,0.000000000000000000e+00,0.000000000000000000e+00,0.000000000000000000e+00,0.000000000000000000e+00,0.000000000000000000e+00,0.000000000000000000e+00,0.000000000000000000e+00,0.000000000000000000e+00,0.000000000000000000e+00,0.000000000000000000e+00,0.000000000000000000e+00,0.000000000000000000e+00,0.000000000000000000e+00,0.000000000000000000e+00,0.000000000000000000e+00,0.000000000000000000e+00,0.000000000000000000e+00,0.000000000000000000e+00,0.000000000000000000e+00,0.000000000000000000e+00,0.000000000000000000e+00,0.000000000000000000e+00,0.000000000000000000e+00,0.000000000000000000e+00,0.000000000000000000e+00,0.000000000000000000e+00,0.000000000000000000e+00,0.000000000000000000e+00,0.000000000000000000e+00,0.000000000000000000e+00,0.000000000000000000e+00,0.000000000000000000e+00,0.000000000000000000e+00,0.000000000000000000e+00,0.000000000000000000e+00,0.000000000000000000e+00,0.000000000000000000e+00,0.000000000000000000e+00,0.000000000000000000e+00,0.000000000000000000e+00,0.000000000000000000e+00,0.000000000000000000e+00,0.000000000000000000e+00,0.000000000000000000e+00,0.000000000000000000e+00,0.000000000000000000e+00,0.000000000000000000e+00,0.000000000000000000e+00,0.000000000000000000e+00,0.000000000000000000e+00,0.000000000000000000e+00,0.000000000000000000e+00,0.000000000000000000e+00,0.000000000000000000e+00,0.000000000000000000e+00,0.000000000000000000e+00,0.000000000000000000e+00,0.000000000000000000e+00,0.000000000000000000e+00,0.000000000000000000e+00,0.000000000000000000e+00,0.000000000000000000e+00,0.000000000000000000e+00,0.000000000000000000e+00,0.000000000000000000e+00,0.000000000000000000e+00,0.000000000000000000e+00,0.000000000000000000e+00,0.000000000000000000e+00,0.000000000000000000e+00,0.000000000000000000e+00,0.000000000000000000e+00,0.000000000000000000e+00,0.000000000000000000e+00,0.000000000000000000e+00,0.000000000000000000e+00,0.000000000000000000e+00,0.000000000000000000e+00,0.000000000000000000e+00
0.000000000000000000e+00,0.000000000000000000e+00,0.000000000000000000e+00,0.000000000000000000e+00,0.000000000000000000e+00,0.000000000000000000e+00,0.000000000000000000e+00,0.000000000000000000e+00,0.000000000000000000e+00,0.000000000000000000e+00,0.000000000000000000e+00,0.000000000000000000e+00,0.000000000000000000e+00,0.000000000000000000e+00,0.000000000000000000e+00,0.000000000000000000e+00,0.000000000000000000e+00,0.000000000000000000e+00,0.000000000000000000e+00,0.000000000000000000e+00,0.000000000000000000e+00,0.000000000000000000e+00,0.000000000000000000e+00,0.000000000000000000e+00,0.000000000000000000e+00,0.000000000000000000e+00,0.000000000000000000e+00,0.000000000000000000e+00,0.000000000000000000e+00,0.000000000000000000e+00,0.000000000000000000e+00,0.000000000000000000e+00,0.000000000000000000e+00,0.000000000000000000e+00,0.000000000000000000e+00,0.000000000000000000e+00,0.000000000000000000e+00,0.000000000000000000e+00,0.000000000000000000e+00,0.000000000000000000e+00,0.000000000000000000e+00,0.000000000000000000e+00,0.000000000000000000e+00,0.000000000000000000e+00,0.000000000000000000e+00,0.000000000000000000e+00,0.000000000000000000e+00,0.000000000000000000e+00,0.000000000000000000e+00,0.000000000000000000e+00,0.000000000000000000e+00,0.000000000000000000e+00,0.000000000000000000e+00,0.000000000000000000e+00,0.000000000000000000e+00,0.000000000000000000e+00,0.000000000000000000e+00,0.000000000000000000e+00,0.000000000000000000e+00,0.000000000000000000e+00,0.000000000000000000e+00,0.000000000000000000e+00,0.000000000000000000e+00,0.000000000000000000e+00,0.000000000000000000e+00,0.000000000000000000e+00,0.000000000000000000e+00,0.000000000000000000e+00,0.000000000000000000e+00,0.000000000000000000e+00,0.000000000000000000e+00,0.000000000000000000e+00,0.000000000000000000e+00,0.000000000000000000e+00,0.000000000000000000e+00,0.000000000000000000e+00,0.000000000000000000e+00,0.000000000000000000e+00,0.000000000000000000e+00,0.000000000000000000e+00,0.000000000000000000e+00,0.000000000000000000e+00,0.000000000000000000e+00,0.000000000000000000e+00,0.000000000000000000e+00,0.000000000000000000e+00,0.000000000000000000e+00,0.000000000000000000e+00,0.000000000000000000e+00,0.000000000000000000e+00,0.000000000000000000e+00,0.000000000000000000e+00,0.000000000000000000e+00,0.000000000000000000e+00,0.000000000000000000e+00,0.000000000000000000e+00,0.000000000000000000e+00,0.000000000000000000e+00,0.000000000000000000e+00,0.000000000000000000e+00,0.000000000000000000e+00,0.000000000000000000e+00,0.000000000000000000e+00,0.000000000000000000e+00,0.000000000000000000e+00,0.000000000000000000e+00,0.000000000000000000e+00,0.000000000000000000e+00,0.000000000000000000e+00,0.000000000000000000e+00,0.000000000000000000e+00,0.000000000000000000e+00,0.000000000000000000e+00,0.000000000000000000e+00,0.000000000000000000e+00,0.000000000000000000e+00,0.000000000000000000e+00,0.000000000000000000e+00,0.000000000000000000e+00,0.000000000000000000e+00,0.000000000000000000e+00,0.000000000000000000e+00,0.000000000000000000e+00,0.000000000000000000e+00,0.000000000000000000e+00,0.000000000000000000e+00,0.000000000000000000e+00,0.000000000000000000e+00,0.000000000000000000e+00,0.000000000000000000e+00,0.000000000000000000e+00,0.000000000000000000e+00,0.000000000000000000e+00,0.000000000000000000e+00,0.000000000000000000e+00,0.000000000000000000e+00,0.000000000000000000e+00,0.000000000000000000e+00,0.000000000000000000e+00,0.000000000000000000e+00,0.000000000000000000e+00,0.000000000000000000e+00,0.000000000000000000e+00,0.000000000000000000e+00,0.000000000000000000e+00,0.000000000000000000e+00,0.000000000000000000e+00,0.000000000000000000e+00,0.000000000000000000e+00,0.000000000000000000e+00,0.000000000000000000e+00,0.000000000000000000e+00,0.000000000000000000e+00,0.000000000000000000e+00,0.000000000000000000e+00,0.000000000000000000e+00,0.000000000000000000e+00,0.000000000000000000e+00,0.000000000000000000e+00,0.000000000000000000e+00,0.000000000000000000e+00,0.000000000000000000e+00,0.000000000000000000e+00,0.000000000000000000e+00,0.000000000000000000e+00,0.000000000000000000e+00,0.000000000000000000e+00,0.000000000000000000e+00,0.000000000000000000e+00,0.000000000000000000e+00,0.000000000000000000e+00,0.000000000000000000e+00,0.000000000000000000e+00,0.000000000000000000e+00,0.000000000000000000e+00,0.000000000000000000e+00,0.000000000000000000e+00,0.000000000000000000e+00,0.000000000000000000e+00,0.000000000000000000e+00,0.000000000000000000e+00,0.000000000000000000e+00,0.000000000000000000e+00,0.000000000000000000e+00,0.000000000000000000e+00,0.000000000000000000e+00,0.000000000000000000e+00,0.000000000000000000e+00,0.000000000000000000e+00,0.000000000000000000e+00,0.000000000000000000e+00,0.000000000000000000e+00,0.000000000000000000e+00,0.000000000000000000e+00,0.000000000000000000e+00,0.000000000000000000e+00,0.000000000000000000e+00,0.000000000000000000e+00,0.000000000000000000e+00,0.000000000000000000e+00,0.000000000000000000e+00,0.000000000000000000e+00,0.000000000000000000e+00,0.000000000000000000e+00,0.000000000000000000e+00,0.000000000000000000e+00,0.000000000000000000e+00,0.000000000000000000e+00,0.000000000000000000e+00,0.000000000000000000e+00,0.000000000000000000e+00,0.000000000000000000e+00,0.000000000000000000e+00,0.000000000000000000e+00,0.000000000000000000e+00,0.000000000000000000e+00,0.000000000000000000e+00,0.000000000000000000e+00,0.000000000000000000e+00,0.000000000000000000e+00,0.000000000000000000e+00,0.000000000000000000e+00,0.000000000000000000e+00,0.000000000000000000e+00,0.000000000000000000e+00,0.000000000000000000e+00,0.000000000000000000e+00,0.000000000000000000e+00,0.000000000000000000e+00,0.000000000000000000e+00,0.000000000000000000e+00,0.000000000000000000e+00,0.000000000000000000e+00,0.000000000000000000e+00,0.000000000000000000e+00,0.000000000000000000e+00,0.000000000000000000e+00,0.000000000000000000e+00,0.000000000000000000e+00,0.000000000000000000e+00,0.000000000000000000e+00,0.000000000000000000e+00,0.000000000000000000e+00,0.000000000000000000e+00,0.000000000000000000e+00,0.000000000000000000e+00,0.000000000000000000e+00,0.000000000000000000e+00,0.000000000000000000e+00,0.000000000000000000e+00,0.000000000000000000e+00,0.000000000000000000e+00,0.000000000000000000e+00,0.000000000000000000e+00,0.000000000000000000e+00,0.000000000000000000e+00,0.000000000000000000e+00,0.000000000000000000e+00,0.000000000000000000e+00,0.000000000000000000e+00,0.000000000000000000e+00,0.000000000000000000e+00,0.000000000000000000e+00,0.000000000000000000e+00,0.000000000000000000e+00,0.000000000000000000e+00,0.000000000000000000e+00,0.000000000000000000e+00,0.000000000000000000e+00,0.000000000000000000e+00,0.000000000000000000e+00,0.000000000000000000e+00,0.000000000000000000e+00,0.000000000000000000e+00,0.000000000000000000e+00,0.000000000000000000e+00,0.000000000000000000e+00,0.000000000000000000e+00,0.000000000000000000e+00,0.000000000000000000e+00,0.000000000000000000e+00,0.000000000000000000e+00,0.000000000000000000e+00,0.000000000000000000e+00,0.000000000000000000e+00,0.000000000000000000e+00,0.000000000000000000e+00,0.000000000000000000e+00,0.000000000000000000e+00,0.000000000000000000e+00,0.000000000000000000e+00,0.000000000000000000e+00,0.000000000000000000e+00,0.000000000000000000e+00,0.000000000000000000e+00,0.000000000000000000e+00,0.000000000000000000e+00,0.000000000000000000e+00,0.000000000000000000e+00,0.000000000000000000e+00,0.000000000000000000e+00,0.000000000000000000e+00,0.000000000000000000e+00,0.000000000000000000e+00,0.000000000000000000e+00,0.000000000000000000e+00,0.000000000000000000e+00,0.000000000000000000e+00,0.000000000000000000e+00,0.000000000000000000e+00,0.000000000000000000e+00,0.000000000000000000e+00,0.000000000000000000e+00,0.000000000000000000e+00,0.000000000000000000e+00,0.000000000000000000e+00,0.000000000000000000e+00,0.000000000000000000e+00,0.000000000000000000e+00,0.000000000000000000e+00,0.000000000000000000e+00,0.000000000000000000e+00,0.000000000000000000e+00,0.000000000000000000e+00,0.000000000000000000e+00,0.000000000000000000e+00,0.000000000000000000e+00,0.000000000000000000e+00,0.000000000000000000e+00,0.000000000000000000e+00,0.000000000000000000e+00,0.000000000000000000e+00,0.000000000000000000e+00,0.000000000000000000e+00,0.000000000000000000e+00,0.000000000000000000e+00,0.000000000000000000e+00,0.000000000000000000e+00,0.000000000000000000e+00,0.000000000000000000e+00
0.000000000000000000e+00,0.000000000000000000e+00,0.000000000000000000e+00,0.000000000000000000e+00,0.000000000000000000e+00,0.000000000000000000e+00,0.000000000000000000e+00,0.000000000000000000e+00,0.000000000000000000e+00,0.000000000000000000e+00,0.000000000000000000e+00,0.000000000000000000e+00,0.000000000000000000e+00,0.000000000000000000e+00,0.000000000000000000e+00,0.000000000000000000e+00,0.000000000000000000e+00,0.000000000000000000e+00,0.000000000000000000e+00,0.000000000000000000e+00,0.000000000000000000e+00,0.000000000000000000e+00,0.000000000000000000e+00,0.000000000000000000e+00,0.000000000000000000e+00,0.000000000000000000e+00,0.000000000000000000e+00,0.000000000000000000e+00,0.000000000000000000e+00,0.000000000000000000e+00,0.000000000000000000e+00,0.000000000000000000e+00,0.000000000000000000e+00,0.000000000000000000e+00,0.000000000000000000e+00,0.000000000000000000e+00,0.000000000000000000e+00,0.000000000000000000e+00,0.000000000000000000e+00,0.000000000000000000e+00,0.000000000000000000e+00,0.000000000000000000e+00,0.000000000000000000e+00,0.000000000000000000e+00,0.000000000000000000e+00,0.000000000000000000e+00,0.000000000000000000e+00,0.000000000000000000e+00,0.000000000000000000e+00,0.000000000000000000e+00,0.000000000000000000e+00,0.000000000000000000e+00,0.000000000000000000e+00,0.000000000000000000e+00,0.000000000000000000e+00,0.000000000000000000e+00,0.000000000000000000e+00,0.000000000000000000e+00,0.000000000000000000e+00,0.000000000000000000e+00,0.000000000000000000e+00,0.000000000000000000e+00,0.000000000000000000e+00,0.000000000000000000e+00,0.000000000000000000e+00,0.000000000000000000e+00,0.000000000000000000e+00,0.000000000000000000e+00,0.000000000000000000e+00,0.000000000000000000e+00,0.000000000000000000e+00,0.000000000000000000e+00,0.000000000000000000e+00,0.000000000000000000e+00,0.000000000000000000e+00,0.000000000000000000e+00,0.000000000000000000e+00,0.000000000000000000e+00,0.000000000000000000e+00,0.000000000000000000e+00,0.000000000000000000e+00,0.000000000000000000e+00,0.000000000000000000e+00,0.000000000000000000e+00,0.000000000000000000e+00,0.000000000000000000e+00,0.000000000000000000e+00,0.000000000000000000e+00,0.000000000000000000e+00,0.000000000000000000e+00,0.000000000000000000e+00,0.000000000000000000e+00,0.000000000000000000e+00,0.000000000000000000e+00,0.000000000000000000e+00,0.000000000000000000e+00,0.000000000000000000e+00,0.000000000000000000e+00,0.000000000000000000e+00,0.000000000000000000e+00,0.000000000000000000e+00,0.000000000000000000e+00,0.000000000000000000e+00,0.000000000000000000e+00,0.000000000000000000e+00,0.000000000000000000e+00,0.000000000000000000e+00,0.000000000000000000e+00,0.000000000000000000e+00,0.000000000000000000e+00,0.000000000000000000e+00,0.000000000000000000e+00,0.000000000000000000e+00,0.000000000000000000e+00,0.000000000000000000e+00,0.000000000000000000e+00,0.000000000000000000e+00,0.000000000000000000e+00,0.000000000000000000e+00,0.000000000000000000e+00,0.000000000000000000e+00,0.000000000000000000e+00,0.000000000000000000e+00,0.000000000000000000e+00,0.000000000000000000e+00,0.000000000000000000e+00,0.000000000000000000e+00,0.000000000000000000e+00,0.000000000000000000e+00,0.000000000000000000e+00,0.000000000000000000e+00,0.000000000000000000e+00,0.000000000000000000e+00,0.000000000000000000e+00,0.000000000000000000e+00,0.000000000000000000e+00,0.000000000000000000e+00,0.000000000000000000e+00,0.000000000000000000e+00,0.000000000000000000e+00,0.000000000000000000e+00,0.000000000000000000e+00,0.000000000000000000e+00,0.000000000000000000e+00,0.000000000000000000e+00,0.000000000000000000e+00,0.000000000000000000e+00,0.000000000000000000e+00,0.000000000000000000e+00,0.000000000000000000e+00,0.000000000000000000e+00,0.000000000000000000e+00,0.000000000000000000e+00,0.000000000000000000e+00,0.000000000000000000e+00,0.000000000000000000e+00,0.000000000000000000e+00,0.000000000000000000e+00,0.000000000000000000e+00,0.000000000000000000e+00,0.000000000000000000e+00,0.000000000000000000e+00,0.000000000000000000e+00,0.000000000000000000e+00,0.000000000000000000e+00,0.000000000000000000e+00,0.000000000000000000e+00,0.000000000000000000e+00,0.000000000000000000e+00,0.000000000000000000e+00,0.000000000000000000e+00,0.000000000000000000e+00,0.000000000000000000e+00,0.000000000000000000e+00,0.000000000000000000e+00,0.000000000000000000e+00,0.000000000000000000e+00,0.000000000000000000e+00,0.000000000000000000e+00,0.000000000000000000e+00,0.000000000000000000e+00,0.000000000000000000e+00,0.000000000000000000e+00,0.000000000000000000e+00,0.000000000000000000e+00,0.000000000000000000e+00,0.000000000000000000e+00,0.000000000000000000e+00,0.000000000000000000e+00,0.000000000000000000e+00,0.000000000000000000e+00,0.000000000000000000e+00,0.000000000000000000e+00,0.000000000000000000e+00,0.000000000000000000e+00,0.000000000000000000e+00,0.000000000000000000e+00,0.000000000000000000e+00,0.000000000000000000e+00,0.000000000000000000e+00,0.000000000000000000e+00,0.000000000000000000e+00,0.000000000000000000e+00,0.000000000000000000e+00,0.000000000000000000e+00,0.000000000000000000e+00,0.000000000000000000e+00,0.000000000000000000e+00,0.000000000000000000e+00,0.000000000000000000e+00,0.000000000000000000e+00,0.000000000000000000e+00,0.000000000000000000e+00,0.000000000000000000e+00,0.000000000000000000e+00,0.000000000000000000e+00,0.000000000000000000e+00,0.000000000000000000e+00,0.000000000000000000e+00,0.000000000000000000e+00,0.000000000000000000e+00,0.000000000000000000e+00,0.000000000000000000e+00,0.000000000000000000e+00,0.000000000000000000e+00,0.000000000000000000e+00,0.000000000000000000e+00,0.000000000000000000e+00,0.000000000000000000e+00,0.000000000000000000e+00,0.000000000000000000e+00,0.000000000000000000e+00,0.000000000000000000e+00,0.000000000000000000e+00,0.000000000000000000e+00,0.000000000000000000e+00,0.000000000000000000e+00,0.000000000000000000e+00,0.000000000000000000e+00,0.000000000000000000e+00,0.000000000000000000e+00,0.000000000000000000e+00,0.000000000000000000e+00,0.000000000000000000e+00,0.000000000000000000e+00,0.000000000000000000e+00,0.000000000000000000e+00,0.000000000000000000e+00,0.000000000000000000e+00,0.000000000000000000e+00,0.000000000000000000e+00,0.000000000000000000e+00,0.000000000000000000e+00,0.000000000000000000e+00,0.000000000000000000e+00,0.000000000000000000e+00,0.000000000000000000e+00,0.000000000000000000e+00,0.000000000000000000e+00,0.000000000000000000e+00,0.000000000000000000e+00,0.000000000000000000e+00,0.000000000000000000e+00,0.000000000000000000e+00,0.000000000000000000e+00,0.000000000000000000e+00,0.000000000000000000e+00,0.000000000000000000e+00,0.000000000000000000e+00,0.000000000000000000e+00,0.000000000000000000e+00,0.000000000000000000e+00,0.000000000000000000e+00,0.000000000000000000e+00,0.000000000000000000e+00,0.000000000000000000e+00,0.000000000000000000e+00,0.000000000000000000e+00,0.000000000000000000e+00,0.000000000000000000e+00,0.000000000000000000e+00,0.000000000000000000e+00,0.000000000000000000e+00,0.000000000000000000e+00,0.000000000000000000e+00,0.000000000000000000e+00,0.000000000000000000e+00,0.000000000000000000e+00,0.000000000000000000e+00,0.000000000000000000e+00,0.000000000000000000e+00,0.000000000000000000e+00,0.000000000000000000e+00,0.000000000000000000e+00,0.000000000000000000e+00,0.000000000000000000e+00,0.000000000000000000e+00,0.000000000000000000e+00,0.000000000000000000e+00,0.000000000000000000e+00,0.000000000000000000e+00,0.000000000000000000e+00,0.000000000000000000e+00,0.000000000000000000e+00,0.000000000000000000e+00,0.000000000000000000e+00,0.000000000000000000e+00,0.000000000000000000e+00,0.000000000000000000e+00,0.000000000000000000e+00,0.000000000000000000e+00,0.000000000000000000e+00,0.000000000000000000e+00,0.000000000000000000e+00,0.000000000000000000e+00,0.000000000000000000e+00,0.000000000000000000e+00,0.000000000000000000e+00,0.000000000000000000e+00,0.000000000000000000e+00,0.000000000000000000e+00,0.000000000000000000e+00,0.000000000000000000e+00,0.000000000000000000e+00,0.000000000000000000e+00,0.000000000000000000e+00,0.000000000000000000e+00,0.000000000000000000e+00,0.000000000000000000e+00,0.000000000000000000e+00,0.000000000000000000e+00,0.000000000000000000e+00,0.000000000000000000e+00,0.000000000000000000e+00,0.000000000000000000e+00,0.000000000000000000e+00,0.000000000000000000e+00,0.000000000000000000e+00,0.000000000000000000e+00,0.000000000000000000e+00
0.000000000000000000e+00,0.000000000000000000e+00,0.000000000000000000e+00,0.000000000000000000e+00,0.000000000000000000e+00,0.000000000000000000e+00,0.000000000000000000e+00,0.000000000000000000e+00,0.000000000000000000e+00,0.000000000000000000e+00,0.000000000000000000e+00,0.000000000000000000e+00,0.000000000000000000e+00,0.000000000000000000e+00,0.000000000000000000e+00,0.000000000000000000e+00,0.000000000000000000e+00,0.000000000000000000e+00,0.000000000000000000e+00,0.000000000000000000e+00,0.000000000000000000e+00,0.000000000000000000e+00,0.000000000000000000e+00,0.000000000000000000e+00,0.000000000000000000e+00,0.000000000000000000e+00,0.000000000000000000e+00,0.000000000000000000e+00,0.000000000000000000e+00,0.000000000000000000e+00,0.000000000000000000e+00,0.000000000000000000e+00,0.000000000000000000e+00,0.000000000000000000e+00,0.000000000000000000e+00,0.000000000000000000e+00,0.000000000000000000e+00,0.000000000000000000e+00,0.000000000000000000e+00,0.000000000000000000e+00,0.000000000000000000e+00,0.000000000000000000e+00,0.000000000000000000e+00,0.000000000000000000e+00,0.000000000000000000e+00,0.000000000000000000e+00,0.000000000000000000e+00,0.000000000000000000e+00,0.000000000000000000e+00,0.000000000000000000e+00,0.000000000000000000e+00,0.000000000000000000e+00,0.000000000000000000e+00,0.000000000000000000e+00,0.000000000000000000e+00,0.000000000000000000e+00,0.000000000000000000e+00,0.000000000000000000e+00,0.000000000000000000e+00,0.000000000000000000e+00,0.000000000000000000e+00,0.000000000000000000e+00,0.000000000000000000e+00,0.000000000000000000e+00,0.000000000000000000e+00,0.000000000000000000e+00,0.000000000000000000e+00,0.000000000000000000e+00,0.000000000000000000e+00,0.000000000000000000e+00,0.000000000000000000e+00,0.000000000000000000e+00,0.000000000000000000e+00,0.000000000000000000e+00,0.000000000000000000e+00,0.000000000000000000e+00,0.000000000000000000e+00,0.000000000000000000e+00,0.000000000000000000e+00,0.000000000000000000e+00,0.000000000000000000e+00,0.000000000000000000e+00,0.000000000000000000e+00,0.000000000000000000e+00,0.000000000000000000e+00,0.000000000000000000e+00,0.000000000000000000e+00,0.000000000000000000e+00,0.000000000000000000e+00,0.000000000000000000e+00,0.000000000000000000e+00,0.000000000000000000e+00,0.000000000000000000e+00,0.000000000000000000e+00,0.000000000000000000e+00,0.000000000000000000e+00,0.000000000000000000e+00,0.000000000000000000e+00,0.000000000000000000e+00,0.000000000000000000e+00,0.000000000000000000e+00,0.000000000000000000e+00,0.000000000000000000e+00,0.000000000000000000e+00,0.000000000000000000e+00,0.000000000000000000e+00,0.000000000000000000e+00,0.000000000000000000e+00,0.000000000000000000e+00,0.000000000000000000e+00,0.000000000000000000e+00,0.000000000000000000e+00,0.000000000000000000e+00,0.000000000000000000e+00,0.000000000000000000e+00,0.000000000000000000e+00,0.000000000000000000e+00,0.000000000000000000e+00,0.000000000000000000e+00,0.000000000000000000e+00,0.000000000000000000e+00,0.000000000000000000e+00,0.000000000000000000e+00,0.000000000000000000e+00,0.000000000000000000e+00,0.000000000000000000e+00,0.000000000000000000e+00,0.000000000000000000e+00,0.000000000000000000e+00,0.000000000000000000e+00,0.000000000000000000e+00,0.000000000000000000e+00,0.000000000000000000e+00,0.000000000000000000e+00,0.000000000000000000e+00,0.000000000000000000e+00,0.000000000000000000e+00,0.000000000000000000e+00,0.000000000000000000e+00,0.000000000000000000e+00,0.000000000000000000e+00,0.000000000000000000e+00,0.000000000000000000e+00,0.000000000000000000e+00,0.000000000000000000e+00,0.000000000000000000e+00,0.000000000000000000e+00,0.000000000000000000e+00,0.000000000000000000e+00,0.000000000000000000e+00,0.000000000000000000e+00,0.000000000000000000e+00,0.000000000000000000e+00,0.000000000000000000e+00,0.000000000000000000e+00,0.000000000000000000e+00,0.000000000000000000e+00,0.000000000000000000e+00,0.000000000000000000e+00,0.000000000000000000e+00,0.000000000000000000e+00,0.000000000000000000e+00,0.000000000000000000e+00,0.000000000000000000e+00,0.000000000000000000e+00,0.000000000000000000e+00,0.000000000000000000e+00,0.000000000000000000e+00,0.000000000000000000e+00,0.000000000000000000e+00,0.000000000000000000e+00,0.000000000000000000e+00,0.000000000000000000e+00,0.000000000000000000e+00,0.000000000000000000e+00,0.000000000000000000e+00,0.000000000000000000e+00,0.000000000000000000e+00,0.000000000000000000e+00,0.000000000000000000e+00,0.000000000000000000e+00,0.000000000000000000e+00,0.000000000000000000e+00,0.000000000000000000e+00,0.000000000000000000e+00,0.000000000000000000e+00,0.000000000000000000e+00,0.000000000000000000e+00,0.000000000000000000e+00,0.000000000000000000e+00,0.000000000000000000e+00,0.000000000000000000e+00,0.000000000000000000e+00,0.000000000000000000e+00,0.000000000000000000e+00,0.000000000000000000e+00,0.000000000000000000e+00,0.000000000000000000e+00,0.000000000000000000e+00,0.000000000000000000e+00,0.000000000000000000e+00,0.000000000000000000e+00,0.000000000000000000e+00,0.000000000000000000e+00,0.000000000000000000e+00,0.000000000000000000e+00,0.000000000000000000e+00,0.000000000000000000e+00,0.000000000000000000e+00,0.000000000000000000e+00,0.000000000000000000e+00,0.000000000000000000e+00,0.000000000000000000e+00,0.000000000000000000e+00,0.000000000000000000e+00,0.000000000000000000e+00,0.000000000000000000e+00,0.000000000000000000e+00,0.000000000000000000e+00,0.000000000000000000e+00,0.000000000000000000e+00,0.000000000000000000e+00,0.000000000000000000e+00,0.000000000000000000e+00,0.000000000000000000e+00,0.000000000000000000e+00,0.000000000000000000e+00,0.000000000000000000e+00,0.000000000000000000e+00,0.000000000000000000e+00,0.000000000000000000e+00,0.000000000000000000e+00,0.000000000000000000e+00,0.000000000000000000e+00,0.000000000000000000e+00,0.000000000000000000e+00,0.000000000000000000e+00,0.000000000000000000e+00,0.000000000000000000e+00,0.000000000000000000e+00,0.000000000000000000e+00,0.000000000000000000e+00,0.000000000000000000e+00,0.000000000000000000e+00,0.000000000000000000e+00,0.000000000000000000e+00,0.000000000000000000e+00,0.000000000000000000e+00,0.000000000000000000e+00,0.000000000000000000e+00,0.000000000000000000e+00,0.000000000000000000e+00,0.000000000000000000e+00,0.000000000000000000e+00,0.000000000000000000e+00,0.000000000000000000e+00,0.000000000000000000e+00,0.000000000000000000e+00,0.000000000000000000e+00,0.000000000000000000e+00,0.000000000000000000e+00,0.000000000000000000e+00,0.000000000000000000e+00,0.000000000000000000e+00,0.000000000000000000e+00,0.000000000000000000e+00,0.000000000000000000e+00,0.000000000000000000e+00,0.000000000000000000e+00,0.000000000000000000e+00,0.000000000000000000e+00,0.000000000000000000e+00,0.000000000000000000e+00,0.000000000000000000e+00,0.000000000000000000e+00,0.000000000000000000e+00,0.000000000000000000e+00,0.000000000000000000e+00,0.000000000000000000e+00,0.000000000000000000e+00,0.000000000000000000e+00,0.000000000000000000e+00,0.000000000000000000e+00,0.000000000000000000e+00,0.000000000000000000e+00,0.000000000000000000e+00,0.000000000000000000e+00,0.000000000000000000e+00,0.000000000000000000e+00,0.000000000000000000e+00,0.000000000000000000e+00,0.000000000000000000e+00,0.000000000000000000e+00,0.000000000000000000e+00,0.000000000000000000e+00,0.000000000000000000e+00,0.000000000000000000e+00,0.000000000000000000e+00,0.000000000000000000e+00,0.000000000000000000e+00,0.000000000000000000e+00,0.000000000000000000e+00,0.000000000000000000e+00,0.000000000000000000e+00,0.000000000000000000e+00,0.000000000000000000e+00,0.000000000000000000e+00,0.000000000000000000e+00,0.000000000000000000e+00,0.000000000000000000e+00,0.000000000000000000e+00,0.000000000000000000e+00,0.000000000000000000e+00,0.000000000000000000e+00,0.000000000000000000e+00,0.000000000000000000e+00,0.000000000000000000e+00,0.000000000000000000e+00,0.000000000000000000e+00,0.000000000000000000e+00,0.000000000000000000e+00,0.000000000000000000e+00,0.000000000000000000e+00,0.000000000000000000e+00,0.000000000000000000e+00,0.000000000000000000e+00,0.000000000000000000e+00,0.000000000000000000e+00,0.000000000000000000e+00,0.000000000000000000e+00,0.000000000000000000e+00,0.000000000000000000e+00,0.000000000000000000e+00,0.000000000000000000e+00,0.000000000000000000e+00,0.000000000000000000e+00,0.000000000000000000e+00,0.000000000000000000e+00,0.000000000000000000e+00,0.000000000000000000e+00
0.000000000000000000e+00,0.000000000000000000e+00,0.000000000000000000e+00,0.000000000000000000e+00,0.000000000000000000e+00,0.000000000000000000e+00,0.000000000000000000e+00,0.000000000000000000e+00,0.000000000000000000e+00,0.000000000000000000e+00,0.000000000000000000e+00,0.000000000000000000e+00,0.000000000000000000e+00,0.000000000000000000e+00,0.000000000000000000e+00,0.000000000000000000e+00,0.000000000000000000e+00,0.000000000000000000e+00,0.000000000000000000e+00,0.000000000000000000e+00,0.000000000000000000e+00,0.000000000000000000e+00,0.000000000000000000e+00,0.000000000000000000e+00,0.000000000000000000e+00,0.000000000000000000e+00,0.000000000000000000e+00,0.000000000000000000e+00,0.000000000000000000e+00,0.000000000000000000e+00,0.000000000000000000e+00,0.000000000000000000e+00,0.000000000000000000e+00,0.000000000000000000e+00,0.000000000000000000e+00,0.000000000000000000e+00,0.000000000000000000e+00,0.000000000000000000e+00,0.000000000000000000e+00,0.000000000000000000e+00,0.000000000000000000e+00,0.000000000000000000e+00,0.000000000000000000e+00,0.000000000000000000e+00,0.000000000000000000e+00,0.000000000000000000e+00,0.000000000000000000e+00,0.000000000000000000e+00,0.000000000000000000e+00,0.000000000000000000e+00,0.000000000000000000e+00,0.000000000000000000e+00,0.000000000000000000e+00,0.000000000000000000e+00,0.000000000000000000e+00,0.000000000000000000e+00,0.000000000000000000e+00,0.000000000000000000e+00,0.000000000000000000e+00,0.000000000000000000e+00,0.000000000000000000e+00,0.000000000000000000e+00,0.000000000000000000e+00,0.000000000000000000e+00,0.000000000000000000e+00,0.000000000000000000e+00,0.000000000000000000e+00,0.000000000000000000e+00,0.000000000000000000e+00,0.000000000000000000e+00,0.000000000000000000e+00,0.000000000000000000e+00,0.000000000000000000e+00,0.000000000000000000e+00,0.000000000000000000e+00,0.000000000000000000e+00,0.000000000000000000e+00,0.000000000000000000e+00,0.000000000000000000e+00,0.000000000000000000e+00,0.000000000000000000e+00,0.000000000000000000e+00,0.000000000000000000e+00,0.000000000000000000e+00,0.000000000000000000e+00,0.000000000000000000e+00,0.000000000000000000e+00,0.000000000000000000e+00,0.000000000000000000e+00,0.000000000000000000e+00,0.000000000000000000e+00,0.000000000000000000e+00,0.000000000000000000e+00,0.000000000000000000e+00,0.000000000000000000e+00,0.000000000000000000e+00,0.000000000000000000e+00,0.000000000000000000e+00,0.000000000000000000e+00,0.000000000000000000e+00,0.000000000000000000e+00,0.000000000000000000e+00,0.000000000000000000e+00,0.000000000000000000e+00,0.000000000000000000e+00,0.000000000000000000e+00,0.000000000000000000e+00,0.000000000000000000e+00,0.000000000000000000e+00,0.000000000000000000e+00,0.000000000000000000e+00,0.000000000000000000e+00,0.000000000000000000e+00,0.000000000000000000e+00,0.000000000000000000e+00,0.000000000000000000e+00,0.000000000000000000e+00,0.000000000000000000e+00,0.000000000000000000e+00,0.000000000000000000e+00,0.000000000000000000e+00,0.000000000000000000e+00,0.000000000000000000e+00,0.000000000000000000e+00,0.000000000000000000e+00,0.000000000000000000e+00,0.000000000000000000e+00,0.000000000000000000e+00,0.000000000000000000e+00,0.000000000000000000e+00,0.000000000000000000e+00,0.000000000000000000e+00,0.000000000000000000e+00,0.000000000000000000e+00,0.000000000000000000e+00,0.000000000000000000e+00,0.000000000000000000e+00,0.000000000000000000e+00,0.000000000000000000e+00,0.000000000000000000e+00,0.000000000000000000e+00,0.000000000000000000e+00,0.000000000000000000e+00,0.000000000000000000e+00,0.000000000000000000e+00,0.000000000000000000e+00,0.000000000000000000e+00,0.000000000000000000e+00,0.000000000000000000e+00,0.000000000000000000e+00,0.000000000000000000e+00,0.000000000000000000e+00,0.000000000000000000e+00,0.000000000000000000e+00,0.000000000000000000e+00,0.000000000000000000e+00,0.000000000000000000e+00,0.000000000000000000e+00,0.000000000000000000e+00,0.000000000000000000e+00,0.000000000000000000e+00,0.000000000000000000e+00,0.000000000000000000e+00,0.000000000000000000e+00,0.000000000000000000e+00,0.000000000000000000e+00,0.000000000000000000e+00,0.000000000000000000e+00,0.000000000000000000e+00,0.000000000000000000e+00,0.000000000000000000e+00,0.000000000000000000e+00,0.000000000000000000e+00,0.000000000000000000e+00,0.000000000000000000e+00,0.000000000000000000e+00,0.000000000000000000e+00,0.000000000000000000e+00,0.000000000000000000e+00,0.000000000000000000e+00,0.000000000000000000e+00,0.000000000000000000e+00,0.000000000000000000e+00,0.000000000000000000e+00,0.000000000000000000e+00,0.000000000000000000e+00,0.000000000000000000e+00,0.000000000000000000e+00,0.000000000000000000e+00,0.000000000000000000e+00,0.000000000000000000e+00,0.000000000000000000e+00,0.000000000000000000e+00,0.000000000000000000e+00,0.000000000000000000e+00,0.000000000000000000e+00,0.000000000000000000e+00,0.000000000000000000e+00,0.000000000000000000e+00,0.000000000000000000e+00,0.000000000000000000e+00,0.000000000000000000e+00,0.000000000000000000e+00,0.000000000000000000e+00,0.000000000000000000e+00,0.000000000000000000e+00,0.000000000000000000e+00,0.000000000000000000e+00,0.000000000000000000e+00,0.000000000000000000e+00,0.000000000000000000e+00,0.000000000000000000e+00,0.000000000000000000e+00,0.000000000000000000e+00,0.000000000000000000e+00,0.000000000000000000e+00,0.000000000000000000e+00,0.000000000000000000e+00,0.000000000000000000e+00,0.000000000000000000e+00,0.000000000000000000e+00,0.000000000000000000e+00,0.000000000000000000e+00,0.000000000000000000e+00,0.000000000000000000e+00,0.000000000000000000e+00,0.000000000000000000e+00,0.000000000000000000e+00,0.000000000000000000e+00,0.000000000000000000e+00,0.000000000000000000e+00,0.000000000000000000e+00,0.000000000000000000e+00,0.000000000000000000e+00,0.000000000000000000e+00,0.000000000000000000e+00,0.000000000000000000e+00,0.000000000000000000e+00,0.000000000000000000e+00,0.000000000000000000e+00,0.000000000000000000e+00,0.000000000000000000e+00,0.000000000000000000e+00,0.000000000000000000e+00,0.000000000000000000e+00,0.000000000000000000e+00,0.000000000000000000e+00,0.000000000000000000e+00,0.000000000000000000e+00,0.000000000000000000e+00,0.000000000000000000e+00,0.000000000000000000e+00,0.000000000000000000e+00,0.000000000000000000e+00,0.000000000000000000e+00,0.000000000000000000e+00,0.000000000000000000e+00,0.000000000000000000e+00,0.000000000000000000e+00,0.000000000000000000e+00,0.000000000000000000e+00,0.000000000000000000e+00,0.000000000000000000e+00,0.000000000000000000e+00,0.000000000000000000e+00,0.000000000000000000e+00,0.000000000000000000e+00,0.000000000000000000e+00,0.000000000000000000e+00,0.000000000000000000e+00,0.000000000000000000e+00,0.000000000000000000e+00,0.000000000000000000e+00,0.000000000000000000e+00,0.000000000000000000e+00,0.000000000000000000e+00,0.000000000000000000e+00,0.000000000000000000e+00,0.000000000000000000e+00,0.000000000000000000e+00,0.000000000000000000e+00,0.000000000000000000e+00,0.000000000000000000e+00,0.000000000000000000e+00,0.000000000000000000e+00,0.000000000000000000e+00,0.000000000000000000e+00,0.000000000000000000e+00,0.000000000000000000e+00,0.000000000000000000e+00,0.000000000000000000e+00,0.000000000000000000e+00,0.000000000000000000e+00,0.000000000000000000e+00,0.000000000000000000e+00,0.000000000000000000e+00,0.000000000000000000e+00,0.000000000000000000e+00,0.000000000000000000e+00,0.000000000000000000e+00,0.000000000000000000e+00,0.000000000000000000e+00,0.000000000000000000e+00,0.000000000000000000e+00,0.000000000000000000e+00,0.000000000000000000e+00,0.000000000000000000e+00,0.000000000000000000e+00,0.000000000000000000e+00,0.000000000000000000e+00,0.000000000000000000e+00,0.000000000000000000e+00,0.000000000000000000e+00,0.000000000000000000e+00,0.000000000000000000e+00,0.000000000000000000e+00,0.000000000000000000e+00,0.000000000000000000e+00,0.000000000000000000e+00,0.000000000000000000e+00,0.000000000000000000e+00,0.000000000000000000e+00,0.000000000000000000e+00,0.000000000000000000e+00,0.000000000000000000e+00,0.000000000000000000e+00,0.000000000000000000e+00,0.000000000000000000e+00,0.000000000000000000e+00,0.000000000000000000e+00,0.000000000000000000e+00,0.000000000000000000e+00,0.000000000000000000e+00,0.000000000000000000e+00,0.000000000000000000e+00,0.000000000000000000e+00,0.000000000000000000e+00,0.000000000000000000e+00,0.000000000000000000e+00,0.000000000000000000e+00
0.000000000000000000e+00,0.000000000000000000e+00,0.000000000000000000e+00,0.000000000000000000e+00,0.000000000000000000e+00,0.000000000000000000e+00,0.000000000000000000e+00,0.000000000000000000e+00,0.000000000000000000e+00,0.000000000000000000e+00,0.000000000000000000e+00,0.000000000000000000e+00,0.000000000000000000e+00,0.000000000000000000e+00,0.000000000000000000e+00,0.000000000000000000e+00,0.000000000000000000e+00,0.000000000000000000e+00,0.000000000000000000e+00,0.000000000000000000e+00,0.000000000000000000e+00,0.000000000000000000e+00,0.000000000000000000e+00,0.000000000000000000e+00,0.000000000000000000e+00,0.000000000000000000e+00,0.000000000000000000e+00,0.000000000000000000e+00,0.000000000000000000e+00,0.000000000000000000e+00,0.000000000000000000e+00,0.000000000000000000e+00,0.000000000000000000e+00,0.000000000000000000e+00,0.000000000000000000e+00,0.000000000000000000e+00,0.000000000000000000e+00,0.000000000000000000e+00,0.000000000000000000e+00,0.000000000000000000e+00,0.000000000000000000e+00,0.000000000000000000e+00,0.000000000000000000e+00,0.000000000000000000e+00,0.000000000000000000e+00,0.000000000000000000e+00,0.000000000000000000e+00,0.000000000000000000e+00,0.000000000000000000e+00,0.000000000000000000e+00,0.000000000000000000e+00,0.000000000000000000e+00,0.000000000000000000e+00,0.000000000000000000e+00,0.000000000000000000e+00,0.000000000000000000e+00,0.000000000000000000e+00,0.000000000000000000e+00,0.000000000000000000e+00,0.000000000000000000e+00,0.000000000000000000e+00,0.000000000000000000e+00,0.000000000000000000e+00,0.000000000000000000e+00,0.000000000000000000e+00,0.000000000000000000e+00,0.000000000000000000e+00,0.000000000000000000e+00,0.000000000000000000e+00,0.000000000000000000e+00,0.000000000000000000e+00,0.000000000000000000e+00,0.000000000000000000e+00,0.000000000000000000e+00,0.000000000000000000e+00,0.000000000000000000e+00,0.000000000000000000e+00,0.000000000000000000e+00,0.000000000000000000e+00,0.000000000000000000e+00,0.000000000000000000e+00,0.000000000000000000e+00,0.000000000000000000e+00,0.000000000000000000e+00,0.000000000000000000e+00,0.000000000000000000e+00,0.000000000000000000e+00,0.000000000000000000e+00,0.000000000000000000e+00,0.000000000000000000e+00,0.000000000000000000e+00,0.000000000000000000e+00,0.000000000000000000e+00,0.000000000000000000e+00,0.000000000000000000e+00,0.000000000000000000e+00,0.000000000000000000e+00,0.000000000000000000e+00,0.000000000000000000e+00,0.000000000000000000e+00,0.000000000000000000e+00,0.000000000000000000e+00,0.000000000000000000e+00,0.000000000000000000e+00,0.000000000000000000e+00,0.000000000000000000e+00,0.000000000000000000e+00,0.000000000000000000e+00,0.000000000000000000e+00,0.000000000000000000e+00,0.000000000000000000e+00,0.000000000000000000e+00,0.000000000000000000e+00,0.000000000000000000e+00,0.000000000000000000e+00,0.000000000000000000e+00,0.000000000000000000e+00,0.000000000000000000e+00,0.000000000000000000e+00,0.000000000000000000e+00,0.000000000000000000e+00,0.000000000000000000e+00,0.000000000000000000e+00,0.000000000000000000e+00,0.000000000000000000e+00,0.000000000000000000e+00,0.000000000000000000e+00,0.000000000000000000e+00,0.000000000000000000e+00,0.000000000000000000e+00,0.000000000000000000e+00,0.000000000000000000e+00,0.000000000000000000e+00,0.000000000000000000e+00,0.000000000000000000e+00,0.000000000000000000e+00,0.000000000000000000e+00,0.000000000000000000e+00,0.000000000000000000e+00,0.000000000000000000e+00,0.000000000000000000e+00,0.000000000000000000e+00,0.000000000000000000e+00,0.000000000000000000e+00,0.000000000000000000e+00,0.000000000000000000e+00,0.000000000000000000e+00,0.000000000000000000e+00,0.000000000000000000e+00,0.000000000000000000e+00,0.000000000000000000e+00,0.000000000000000000e+00,0.000000000000000000e+00,0.000000000000000000e+00,0.000000000000000000e+00,0.000000000000000000e+00,0.000000000000000000e+00,0.000000000000000000e+00,0.000000000000000000e+00,0.000000000000000000e+00,0.000000000000000000e+00,0.000000000000000000e+00,0.000000000000000000e+00,0.000000000000000000e+00,0.000000000000000000e+00,0.000000000000000000e+00,0.000000000000000000e+00,0.000000000000000000e+00,0.000000000000000000e+00,0.000000000000000000e+00,0.000000000000000000e+00,0.000000000000000000e+00,0.000000000000000000e+00,0.000000000000000000e+00,0.000000000000000000e+00,0.000000000000000000e+00,0.000000000000000000e+00,0.000000000000000000e+00,0.000000000000000000e+00,0.000000000000000000e+00,0.000000000000000000e+00,0.000000000000000000e+00,0.000000000000000000e+00,0.000000000000000000e+00,0.000000000000000000e+00,0.000000000000000000e+00,0.000000000000000000e+00,0.000000000000000000e+00,0.000000000000000000e+00,0.000000000000000000e+00,0.000000000000000000e+00,0.000000000000000000e+00,0.000000000000000000e+00,0.000000000000000000e+00,0.000000000000000000e+00,0.000000000000000000e+00,0.000000000000000000e+00,0.000000000000000000e+00,0.000000000000000000e+00,0.000000000000000000e+00,0.000000000000000000e+00,0.000000000000000000e+00,0.000000000000000000e+00,0.000000000000000000e+00,0.000000000000000000e+00,0.000000000000000000e+00,0.000000000000000000e+00,0.000000000000000000e+00,0.000000000000000000e+00,0.000000000000000000e+00,0.000000000000000000e+00,0.000000000000000000e+00,0.000000000000000000e+00,0.000000000000000000e+00,0.000000000000000000e+00,0.000000000000000000e+00,0.000000000000000000e+00,0.000000000000000000e+00,0.000000000000000000e+00,0.000000000000000000e+00,0.000000000000000000e+00,0.000000000000000000e+00,0.000000000000000000e+00,0.000000000000000000e+00,0.000000000000000000e+00,0.000000000000000000e+00,0.000000000000000000e+00,0.000000000000000000e+00,0.000000000000000000e+00,0.000000000000000000e+00,0.000000000000000000e+00,0.000000000000000000e+00,0.000000000000000000e+00,0.000000000000000000e+00,0.000000000000000000e+00,0.000000000000000000e+00,0.000000000000000000e+00,0.000000000000000000e+00,0.000000000000000000e+00,0.000000000000000000e+00,0.000000000000000000e+00,0.000000000000000000e+00,0.000000000000000000e+00,0.000000000000000000e+00,0.000000000000000000e+00,0.000000000000000000e+00,0.000000000000000000e+00,0.000000000000000000e+00,0.000000000000000000e+00,0.000000000000000000e+00,0.000000000000000000e+00,0.000000000000000000e+00,0.000000000000000000e+00,0.000000000000000000e+00,0.000000000000000000e+00,0.000000000000000000e+00,0.000000000000000000e+00,0.000000000000000000e+00,0.000000000000000000e+00,0.000000000000000000e+00,0.000000000000000000e+00,0.000000000000000000e+00,0.000000000000000000e+00,0.000000000000000000e+00,0.000000000000000000e+00,0.000000000000000000e+00,0.000000000000000000e+00,0.000000000000000000e+00,0.000000000000000000e+00,0.000000000000000000e+00,0.000000000000000000e+00,0.000000000000000000e+00,0.000000000000000000e+00,0.000000000000000000e+00,0.000000000000000000e+00,0.000000000000000000e+00,0.000000000000000000e+00,0.000000000000000000e+00,0.000000000000000000e+00,0.000000000000000000e+00,0.000000000000000000e+00,0.000000000000000000e+00,0.000000000000000000e+00,0.000000000000000000e+00,0.000000000000000000e+00,0.000000000000000000e+00,0.000000000000000000e+00,0.000000000000000000e+00,0.000000000000000000e+00,0.000000000000000000e+00,0.000000000000000000e+00,0.000000000000000000e+00,0.000000000000000000e+00,0.000000000000000000e+00,0.000000000000000000e+00,0.000000000000000000e+00,0.000000000000000000e+00,0.000000000000000000e+00,0.000000000000000000e+00,0.000000000000000000e+00,0.000000000000000000e+00,0.000000000000000000e+00,0.000000000000000000e+00,0.000000000000000000e+00,0.000000000000000000e+00,0.000000000000000000e+00,0.000000000000000000e+00,0.000000000000000000e+00,0.000000000000000000e+00,0.000000000000000000e+00,0.000000000000000000e+00,0.000000000000000000e+00,0.000000000000000000e+00,0.000000000000000000e+00,0.000000000000000000e+00,0.000000000000000000e+00,0.000000000000000000e+00,0.000000000000000000e+00,0.000000000000000000e+00,0.000000000000000000e+00,0.000000000000000000e+00,0.000000000000000000e+00,0.000000000000000000e+00,0.000000000000000000e+00,0.000000000000000000e+00,0.000000000000000000e+00,0.000000000000000000e+00,0.000000000000000000e+00,0.000000000000000000e+00,0.000000000000000000e+00,0.000000000000000000e+00,0.000000000000000000e+00,0.000000000000000000e+00,0.000000000000000000e+00,0.000000000000000000e+00,0.000000000000000000e+00,0.000000000000000000e+00,0.000000000000000000e+00,0.000000000000000000e+00,0.000000000000000000e+00
0.000000000000000000e+00,0.000000000000000000e+00,0.000000000000000000e+00,0.000000000000000000e+00,0.000000000000000000e+00,0.000000000000000000e+00,0.000000000000000000e+00,0.000000000000000000e+00,0.000000000000000000e+00,0.000000000000000000e+00,0.000000000000000000e+00,0.000000000000000000e+00,0.000000000000000000e+00,0.000000000000000000e+00,0.000000000000000000e+00,0.000000000000000000e+00,0.000000000000000000e+00,0.000000000000000000e+00,0.000000000000000000e+00,0.000000000000000000e+00,0.000000000000000000e+00,0.000000000000000000e+00,0.000000000000000000e+00,0.000000000000000000e+00,0.000000000000000000e+00,0.000000000000000000e+00,0.000000000000000000e+00,0.000000000000000000e+00,0.000000000000000000e+00,0.000000000000000000e+00,0.000000000000000000e+00,0.000000000000000000e+00,0.000000000000000000e+00,0.000000000000000000e+00,0.000000000000000000e+00,0.000000000000000000e+00,0.000000000000000000e+00,0.000000000000000000e+00,0.000000000000000000e+00,0.000000000000000000e+00,0.000000000000000000e+00,0.000000000000000000e+00,0.000000000000000000e+00,0.000000000000000000e+00,0.000000000000000000e+00,0.000000000000000000e+00,0.000000000000000000e+00,0.000000000000000000e+00,0.000000000000000000e+00,0.000000000000000000e+00,0.000000000000000000e+00,0.000000000000000000e+00,0.000000000000000000e+00,0.000000000000000000e+00,0.000000000000000000e+00,0.000000000000000000e+00,0.000000000000000000e+00,0.000000000000000000e+00,0.000000000000000000e+00,0.000000000000000000e+00,0.000000000000000000e+00,0.000000000000000000e+00,0.000000000000000000e+00,0.000000000000000000e+00,0.000000000000000000e+00,0.000000000000000000e+00,0.000000000000000000e+00,0.000000000000000000e+00,0.000000000000000000e+00,0.000000000000000000e+00,0.000000000000000000e+00,0.000000000000000000e+00,0.000000000000000000e+00,0.000000000000000000e+00,0.000000000000000000e+00,0.000000000000000000e+00,0.000000000000000000e+00,0.000000000000000000e+00,0.000000000000000000e+00,0.000000000000000000e+00,0.000000000000000000e+00,0.000000000000000000e+00,0.000000000000000000e+00,0.000000000000000000e+00,0.000000000000000000e+00,0.000000000000000000e+00,0.000000000000000000e+00,0.000000000000000000e+00,0.000000000000000000e+00,0.000000000000000000e+00,0.000000000000000000e+00,0.000000000000000000e+00,0.000000000000000000e+00,0.000000000000000000e+00,0.000000000000000000e+00,0.000000000000000000e+00,0.000000000000000000e+00,0.000000000000000000e+00,0.000000000000000000e+00,0.000000000000000000e+00,0.000000000000000000e+00,0.000000000000000000e+00,0.000000000000000000e+00,0.000000000000000000e+00,0.000000000000000000e+00,0.000000000000000000e+00,0.000000000000000000e+00,0.000000000000000000e+00,0.000000000000000000e+00,0.000000000000000000e+00,0.000000000000000000e+00,0.000000000000000000e+00,0.000000000000000000e+00,0.000000000000000000e+00,0.000000000000000000e+00,0.000000000000000000e+00,0.000000000000000000e+00,0.000000000000000000e+00,0.000000000000000000e+00,0.000000000000000000e+00,0.000000000000000000e+00,0.000000000000000000e+00,0.000000000000000000e+00,0.000000000000000000e+00,0.000000000000000000e+00,0.000000000000000000e+00,0.000000000000000000e+00,0.000000000000000000e+00,0.000000000000000000e+00,0.000000000000000000e+00,0.000000000000000000e+00,0.000000000000000000e+00,0.000000000000000000e+00,0.000000000000000000e+00,0.000000000000000000e+00,0.000000000000000000e+00,0.000000000000000000e+00,0.000000000000000000e+00,0.000000000000000000e+00,0.000000000000000000e+00,0.000000000000000000e+00,0.000000000000000000e+00,0.000000000000000000e+00,0.000000000000000000e+00,0.000000000000000000e+00,0.000000000000000000e+00,0.000000000000000000e+00,0.000000000000000000e+00,0.000000000000000000e+00,0.000000000000000000e+00,0.000000000000000000e+00,0.000000000000000000e+00,0.000000000000000000e+00,0.000000000000000000e+00,0.000000000000000000e+00,0.000000000000000000e+00,0.000000000000000000e+00,0.000000000000000000e+00,0.000000000000000000e+00,0.000000000000000000e+00,0.000000000000000000e+00,0.000000000000000000e+00,0.000000000000000000e+00,0.000000000000000000e+00,0.000000000000000000e+00,0.000000000000000000e+00,0.000000000000000000e+00,0.000000000000000000e+00,0.000000000000000000e+00,0.000000000000000000e+00,0.000000000000000000e+00,0.000000000000000000e+00,0.000000000000000000e+00,0.000000000000000000e+00,0.000000000000000000e+00,0.000000000000000000e+00,0.000000000000000000e+00,0.000000000000000000e+00,0.000000000000000000e+00,0.000000000000000000e+00,0.000000000000000000e+00,0.000000000000000000e+00,0.000000000000000000e+00,0.000000000000000000e+00,0.000000000000000000e+00,0.000000000000000000e+00,0.000000000000000000e+00,0.000000000000000000e+00,0.000000000000000000e+00,0.000000000000000000e+00,0.000000000000000000e+00,0.000000000000000000e+00,0.000000000000000000e+00,0.000000000000000000e+00,0.000000000000000000e+00,0.000000000000000000e+00,0.000000000000000000e+00,0.000000000000000000e+00,0.000000000000000000e+00,0.000000000000000000e+00,0.000000000000000000e+00,0.000000000000000000e+00,0.000000000000000000e+00,0.000000000000000000e+00,0.000000000000000000e+00,0.000000000000000000e+00,0.000000000000000000e+00,0.000000000000000000e+00,0.000000000000000000e+00,0.000000000000000000e+00,0.000000000000000000e+00,0.000000000000000000e+00,0.000000000000000000e+00,0.000000000000000000e+00,0.000000000000000000e+00,0.000000000000000000e+00,0.000000000000000000e+00,0.000000000000000000e+00,0.000000000000000000e+00,0.000000000000000000e+00,0.000000000000000000e+00,0.000000000000000000e+00,0.000000000000000000e+00,0.000000000000000000e+00,0.000000000000000000e+00,0.000000000000000000e+00,0.000000000000000000e+00,0.000000000000000000e+00,0.000000000000000000e+00,0.000000000000000000e+00,0.000000000000000000e+00,0.000000000000000000e+00,0.000000000000000000e+00,0.000000000000000000e+00,0.000000000000000000e+00,0.000000000000000000e+00,0.000000000000000000e+00,0.000000000000000000e+00,0.000000000000000000e+00,0.000000000000000000e+00,0.000000000000000000e+00,0.000000000000000000e+00,0.000000000000000000e+00,0.000000000000000000e+00,0.000000000000000000e+00,0.000000000000000000e+00,0.000000000000000000e+00,0.000000000000000000e+00,0.000000000000000000e+00,0.000000000000000000e+00,0.000000000000000000e+00,0.000000000000000000e+00,0.000000000000000000e+00,0.000000000000000000e+00,0.000000000000000000e+00,0.000000000000000000e+00,0.000000000000000000e+00,0.000000000000000000e+00,0.000000000000000000e+00,0.000000000000000000e+00,0.000000000000000000e+00,0.000000000000000000e+00,0.000000000000000000e+00,0.000000000000000000e+00,0.000000000000000000e+00,0.000000000000000000e+00,0.000000000000000000e+00,0.000000000000000000e+00,0.000000000000000000e+00,0.000000000000000000e+00,0.000000000000000000e+00,0.000000000000000000e+00,0.000000000000000000e+00,0.000000000000000000e+00,0.000000000000000000e+00,0.000000000000000000e+00,0.000000000000000000e+00,0.000000000000000000e+00,0.000000000000000000e+00,0.000000000000000000e+00,0.000000000000000000e+00,0.000000000000000000e+00,0.000000000000000000e+00,0.000000000000000000e+00,0.000000000000000000e+00,0.000000000000000000e+00,0.000000000000000000e+00,0.000000000000000000e+00,0.000000000000000000e+00,0.000000000000000000e+00,0.000000000000000000e+00,0.000000000000000000e+00,0.000000000000000000e+00,0.000000000000000000e+00,0.000000000000000000e+00,0.000000000000000000e+00,0.000000000000000000e+00,0.000000000000000000e+00,0.000000000000000000e+00,0.000000000000000000e+00,0.000000000000000000e+00,0.000000000000000000e+00,0.000000000000000000e+00,0.000000000000000000e+00,0.000000000000000000e+00,0.000000000000000000e+00,0.000000000000000000e+00,0.000000000000000000e+00,0.000000000000000000e+00,0.000000000000000000e+00,0.000000000000000000e+00,0.000000000000000000e+00,0.000000000000000000e+00,0.000000000000000000e+00,0.000000000000000000e+00,0.000000000000000000e+00,0.000000000000000000e+00,0.000000000000000000e+00,0.000000000000000000e+00,0.000000000000000000e+00,0.000000000000000000e+00,0.000000000000000000e+00,0.000000000000000000e+00,0.000000000000000000e+00,0.000000000000000000e+00,0.000000000000000000e+00,0.000000000000000000e+00,0.000000000000000000e+00,0.000000000000000000e+00,0.000000000000000000e+00,0.000000000000000000e+00,0.000000000000000000e+00,0.000000000000000000e+00,0.000000000000000000e+00,0.000000000000000000e+00,0.000000000000000000e+00,0.000000000000000000e+00,0.000000000000000000e+00,0.000000000000000000e+00,0.000000000000000000e+00
0.000000000000000000e+00,0.000000000000000000e+00,0.000000000000000000e+00,0.000000000000000000e+00,0.000000000000000000e+00,0.000000000000000000e+00,0.000000000000000000e+00,0.000000000000000000e+00,0.000000000000000000e+00,0.000000000000000000e+00,0.000000000000000000e+00,0.000000000000000000e+00,0.000000000000000000e+00,0.000000000000000000e+00,0.000000000000000000e+00,0.000000000000000000e+00,0.000000000000000000e+00,0.000000000000000000e+00,0.000000000000000000e+00,0.000000000000000000e+00,0.000000000000000000e+00,0.000000000000000000e+00,0.000000000000000000e+00,0.000000000000000000e+00,0.000000000000000000e+00,0.000000000000000000e+00,0.000000000000000000e+00,0.000000000000000000e+00,0.000000000000000000e+00,0.000000000000000000e+00,0.000000000000000000e+00,0.000000000000000000e+00,0.000000000000000000e+00,0.000000000000000000e+00,0.000000000000000000e+00,0.000000000000000000e+00,0.000000000000000000e+00,0.000000000000000000e+00,0.000000000000000000e+00,0.000000000000000000e+00,0.000000000000000000e+00,0.000000000000000000e+00,0.000000000000000000e+00,0.000000000000000000e+00,0.000000000000000000e+00,0.000000000000000000e+00,0.000000000000000000e+00,0.000000000000000000e+00,0.000000000000000000e+00,0.000000000000000000e+00,0.000000000000000000e+00,0.000000000000000000e+00,0.000000000000000000e+00,0.000000000000000000e+00,0.000000000000000000e+00,0.000000000000000000e+00,0.000000000000000000e+00,0.000000000000000000e+00,0.000000000000000000e+00,0.000000000000000000e+00,0.000000000000000000e+00,0.000000000000000000e+00,0.000000000000000000e+00,0.000000000000000000e+00,0.000000000000000000e+00,0.000000000000000000e+00,0.000000000000000000e+00,0.000000000000000000e+00,0.000000000000000000e+00,0.000000000000000000e+00,0.000000000000000000e+00,0.000000000000000000e+00,0.000000000000000000e+00,0.000000000000000000e+00,0.000000000000000000e+00,0.000000000000000000e+00,0.000000000000000000e+00,0.000000000000000000e+00,0.000000000000000000e+00,0.000000000000000000e+00,0.000000000000000000e+00,0.000000000000000000e+00,0.000000000000000000e+00,0.000000000000000000e+00,0.000000000000000000e+00,0.000000000000000000e+00,0.000000000000000000e+00,0.000000000000000000e+00,0.000000000000000000e+00,0.000000000000000000e+00,0.000000000000000000e+00,0.000000000000000000e+00,0.000000000000000000e+00,0.000000000000000000e+00,0.000000000000000000e+00,0.000000000000000000e+00,0.000000000000000000e+00,0.000000000000000000e+00,0.000000000000000000e+00,0.000000000000000000e+00,0.000000000000000000e+00,0.000000000000000000e+00,0.000000000000000000e+00,0.000000000000000000e+00,0.000000000000000000e+00,0.000000000000000000e+00,0.000000000000000000e+00,0.000000000000000000e+00,0.000000000000000000e+00,0.000000000000000000e+00,0.000000000000000000e+00,0.000000000000000000e+00,0.000000000000000000e+00,0.000000000000000000e+00,0.000000000000000000e+00,0.000000000000000000e+00,0.000000000000000000e+00,0.000000000000000000e+00,0.000000000000000000e+00,0.000000000000000000e+00,0.000000000000000000e+00,0.000000000000000000e+00,0.000000000000000000e+00,0.000000000000000000e+00,0.000000000000000000e+00,0.000000000000000000e+00,0.000000000000000000e+00,0.000000000000000000e+00,0.000000000000000000e+00,0.000000000000000000e+00,0.000000000000000000e+00,0.000000000000000000e+00,0.000000000000000000e+00,0.000000000000000000e+00,0.000000000000000000e+00,0.000000000000000000e+00,0.000000000000000000e+00,0.000000000000000000e+00,0.000000000000000000e+00,0.000000000000000000e+00,0.000000000000000000e+00,0.000000000000000000e+00,0.000000000000000000e+00,0.000000000000000000e+00,0.000000000000000000e+00,0.000000000000000000e+00,0.000000000000000000e+00,0.000000000000000000e+00,0.000000000000000000e+00,0.000000000000000000e+00,0.000000000000000000e+00,0.000000000000000000e+00,0.000000000000000000e+00,0.000000000000000000e+00,0.000000000000000000e+00,0.000000000000000000e+00,0.000000000000000000e+00,0.000000000000000000e+00,0.000000000000000000e+00,0.000000000000000000e+00,0.000000000000000000e+00,0.000000000000000000e+00,0.000000000000000000e+00,0.000000000000000000e+00,0.000000000000000000e+00,0.000000000000000000e+00,0.000000000000000000e+00,0.000000000000000000e+00,0.000000000000000000e+00,0.000000000000000000e+00,0.000000000000000000e+00,0.000000000000000000e+00,0.000000000000000000e+00,0.000000000000000000e+00,0.000000000000000000e+00,0.000000000000000000e+00,0.000000000000000000e+00,0.000000000000000000e+00,0.000000000000000000e+00,0.000000000000000000e+00,0.000000000000000000e+00,0.000000000000000000e+00,0.000000000000000000e+00,0.000000000000000000e+00,0.000000000000000000e+00,0.000000000000000000e+00,0.000000000000000000e+00,0.000000000000000000e+00,0.000000000000000000e+00,0.000000000000000000e+00,0.000000000000000000e+00,0.000000000000000000e+00,0.000000000000000000e+00,0.000000000000000000e+00,0.000000000000000000e+00,0.000000000000000000e+00,0.000000000000000000e+00,0.000000000000000000e+00,0.000000000000000000e+00,0.000000000000000000e+00,0.000000000000000000e+00,0.000000000000000000e+00,0.000000000000000000e+00,0.000000000000000000e+00,0.000000000000000000e+00,0.000000000000000000e+00,0.000000000000000000e+00,0.000000000000000000e+00,0.000000000000000000e+00,0.000000000000000000e+00,0.000000000000000000e+00,0.000000000000000000e+00,0.000000000000000000e+00,0.000000000000000000e+00,0.000000000000000000e+00,0.000000000000000000e+00,0.000000000000000000e+00,0.000000000000000000e+00,0.000000000000000000e+00,0.000000000000000000e+00,0.000000000000000000e+00,0.000000000000000000e+00,0.000000000000000000e+00,0.000000000000000000e+00,0.000000000000000000e+00,0.000000000000000000e+00,0.000000000000000000e+00,0.000000000000000000e+00,0.000000000000000000e+00,0.000000000000000000e+00,0.000000000000000000e+00,0.000000000000000000e+00,0.000000000000000000e+00,0.000000000000000000e+00,0.000000000000000000e+00,0.000000000000000000e+00,0.000000000000000000e+00,0.000000000000000000e+00,0.000000000000000000e+00,0.000000000000000000e+00,0.000000000000000000e+00,0.000000000000000000e+00,0.000000000000000000e+00,0.000000000000000000e+00,0.000000000000000000e+00,0.000000000000000000e+00,0.000000000000000000e+00,0.000000000000000000e+00,0.000000000000000000e+00,0.000000000000000000e+00,0.000000000000000000e+00,0.000000000000000000e+00,0.000000000000000000e+00,0.000000000000000000e+00,0.000000000000000000e+00,0.000000000000000000e+00,0.000000000000000000e+00,0.000000000000000000e+00,0.000000000000000000e+00,0.000000000000000000e+00,0.000000000000000000e+00,0.000000000000000000e+00,0.000000000000000000e+00,0.000000000000000000e+00,0.000000000000000000e+00,0.000000000000000000e+00,0.000000000000000000e+00,0.000000000000000000e+00,0.000000000000000000e+00,0.000000000000000000e+00,0.000000000000000000e+00,0.000000000000000000e+00,0.000000000000000000e+00,0.000000000000000000e+00,0.000000000000000000e+00,0.000000000000000000e+00,0.000000000000000000e+00,0.000000000000000000e+00,0.000000000000000000e+00,0.000000000000000000e+00,0.000000000000000000e+00,0.000000000000000000e+00,0.000000000000000000e+00,0.000000000000000000e+00,0.000000000000000000e+00,0.000000000000000000e+00,0.000000000000000000e+00,0.000000000000000000e+00,0.000000000000000000e+00,0.000000000000000000e+00,0.000000000000000000e+00,0.000000000000000000e+00,0.000000000000000000e+00,0.000000000000000000e+00,0.000000000000000000e+00,0.000000000000000000e+00,0.000000000000000000e+00,0.000000000000000000e+00,0.000000000000000000e+00,0.000000000000000000e+00,0.000000000000000000e+00,0.000000000000000000e+00,0.000000000000000000e+00,0.000000000000000000e+00,0.000000000000000000e+00,0.000000000000000000e+00,0.000000000000000000e+00,0.000000000000000000e+00,0.000000000000000000e+00,0.000000000000000000e+00,0.000000000000000000e+00,0.000000000000000000e+00,0.000000000000000000e+00,0.000000000000000000e+00,0.000000000000000000e+00,0.000000000000000000e+00,0.000000000000000000e+00,0.000000000000000000e+00,0.000000000000000000e+00,0.000000000000000000e+00,0.000000000000000000e+00,0.000000000000000000e+00,0.000000000000000000e+00,0.000000000000000000e+00,0.000000000000000000e+00,0.000000000000000000e+00,0.000000000000000000e+00,0.000000000000000000e+00,0.000000000000000000e+00,0.000000000000000000e+00,0.000000000000000000e+00,0.000000000000000000e+00,0.000000000000000000e+00,0.000000000000000000e+00,0.000000000000000000e+00,0.000000000000000000e+00,0.000000000000000000e+00,0.000000000000000000e+00,0.000000000000000000e+00,0.000000000000000000e+00
0.000000000000000000e+00,0.000000000000000000e+00,0.000000000000000000e+00,0.000000000000000000e+00,0.000000000000000000e+00,0.000000000000000000e+00,0.000000000000000000e+00,0.000000000000000000e+00,0.000000000000000000e+00,0.000000000000000000e+00,0.000000000000000000e+00,0.000000000000000000e+00,0.000000000000000000e+00,0.000000000000000000e+00,0.000000000000000000e+00,0.000000000000000000e+00,0.000000000000000000e+00,0.000000000000000000e+00,0.000000000000000000e+00,0.000000000000000000e+00,0.000000000000000000e+00,0.000000000000000000e+00,0.000000000000000000e+00,0.000000000000000000e+00,0.000000000000000000e+00,0.000000000000000000e+00,0.000000000000000000e+00,0.000000000000000000e+00,0.000000000000000000e+00,0.000000000000000000e+00,0.000000000000000000e+00,0.000000000000000000e+00,0.000000000000000000e+00,0.000000000000000000e+00,0.000000000000000000e+00,0.000000000000000000e+00,0.000000000000000000e+00,0.000000000000000000e+00,0.000000000000000000e+00,0.000000000000000000e+00,0.000000000000000000e+00,0.000000000000000000e+00,0.000000000000000000e+00,0.000000000000000000e+00,0.000000000000000000e+00,0.000000000000000000e+00,0.000000000000000000e+00,0.000000000000000000e+00,0.000000000000000000e+00,0.000000000000000000e+00,0.000000000000000000e+00,0.000000000000000000e+00,0.000000000000000000e+00,0.000000000000000000e+00,0.000000000000000000e+00,0.000000000000000000e+00,0.000000000000000000e+00,0.000000000000000000e+00,0.000000000000000000e+00,0.000000000000000000e+00,0.000000000000000000e+00,0.000000000000000000e+00,0.000000000000000000e+00,0.000000000000000000e+00,0.000000000000000000e+00,0.000000000000000000e+00,0.000000000000000000e+00,0.000000000000000000e+00,0.000000000000000000e+00,0.000000000000000000e+00,0.000000000000000000e+00,0.000000000000000000e+00,0.000000000000000000e+00,0.000000000000000000e+00,0.000000000000000000e+00,0.000000000000000000e+00,0.000000000000000000e+00,0.000000000000000000e+00,0.000000000000000000e+00,0.000000000000000000e+00,0.000000000000000000e+00,0.000000000000000000e+00,0.000000000000000000e+00,0.000000000000000000e+00,0.000000000000000000e+00,0.000000000000000000e+00,0.000000000000000000e+00,0.000000000000000000e+00,0.000000000000000000e+00,0.000000000000000000e+00,0.000000000000000000e+00,0.000000000000000000e+00,0.000000000000000000e+00,0.000000000000000000e+00,0.000000000000000000e+00,0.000000000000000000e+00,0.000000000000000000e+00,0.000000000000000000e+00,0.000000000000000000e+00,0.000000000000000000e+00,0.000000000000000000e+00,0.000000000000000000e+00,0.000000000000000000e+00,0.000000000000000000e+00,0.000000000000000000e+00,0.000000000000000000e+00,0.000000000000000000e+00,0.000000000000000000e+00,0.000000000000000000e+00,0.000000000000000000e+00,0.000000000000000000e+00,0.000000000000000000e+00,0.000000000000000000e+00,0.000000000000000000e+00,0.000000000000000000e+00,0.000000000000000000e+00,0.000000000000000000e+00,0.000000000000000000e+00,0.000000000000000000e+00,0.000000000000000000e+00,0.000000000000000000e+00,0.000000000000000000e+00,0.000000000000000000e+00,0.000000000000000000e+00,0.000000000000000000e+00,0.000000000000000000e+00,0.000000000000000000e+00,0.000000000000000000e+00,0.000000000000000000e+00,0.000000000000000000e+00,0.000000000000000000e+00,0.000000000000000000e+00,0.000000000000000000e+00,0.000000000000000000e+00,0.000000000000000000e+00,0.000000000000000000e+00,0.000000000000000000e+00,0.000000000000000000e+00,0.000000000000000000e+00,0.000000000000000000e+00,0.000000000000000000e+00,0.000000000000000000e+00,0.000000000000000000e+00,0.000000000000000000e+00,0.000000000000000000e+00,0.000000000000000000e+00,0.000000000000000000e+00,0.000000000000000000e+00,0.000000000000000000e+00,0.000000000000000000e+00,0.000000000000000000e+00,0.000000000000000000e+00,0.000000000000000000e+00,0.000000000000000000e+00,0.000000000000000000e+00,0.000000000000000000e+00,0.000000000000000000e+00,0.000000000000000000e+00,0.000000000000000000e+00,0.000000000000000000e+00,0.000000000000000000e+00,0.000000000000000000e+00,0.000000000000000000e+00,0.000000000000000000e+00,0.000000000000000000e+00,0.000000000000000000e+00,0.000000000000000000e+00,0.000000000000000000e+00,0.000000000000000000e+00,0.000000000000000000e+00,0.000000000000000000e+00,0.000000000000000000e+00,0.000000000000000000e+00,0.000000000000000000e+00,0.000000000000000000e+00,0.000000000000000000e+00,0.000000000000000000e+00,0.000000000000000000e+00,0.000000000000000000e+00,0.000000000000000000e+00,0.000000000000000000e+00,0.000000000000000000e+00,0.000000000000000000e+00,0.000000000000000000e+00,0.000000000000000000e+00,0.000000000000000000e+00,0.000000000000000000e+00,0.000000000000000000e+00,0.000000000000000000e+00,0.000000000000000000e+00,0.000000000000000000e+00,0.000000000000000000e+00,0.000000000000000000e+00,0.000000000000000000e+00,0.000000000000000000e+00,0.000000000000000000e+00,0.000000000000000000e+00,0.000000000000000000e+00,0.000000000000000000e+00,0.000000000000000000e+00,0.000000000000000000e+00,0.000000000000000000e+00,0.000000000000000000e+00,0.000000000000000000e+00,0.000000000000000000e+00,0.000000000000000000e+00,0.000000000000000000e+00,0.000000000000000000e+00,0.000000000000000000e+00,0.000000000000000000e+00,0.000000000000000000e+00,0.000000000000000000e+00,0.000000000000000000e+00,0.000000000000000000e+00,0.000000000000000000e+00,0.000000000000000000e+00,0.000000000000000000e+00,0.000000000000000000e+00,0.000000000000000000e+00,0.000000000000000000e+00,0.000000000000000000e+00,0.000000000000000000e+00,0.000000000000000000e+00,0.000000000000000000e+00,0.000000000000000000e+00,0.000000000000000000e+00,0.000000000000000000e+00,0.000000000000000000e+00,0.000000000000000000e+00,0.000000000000000000e+00,0.000000000000000000e+00,0.000000000000000000e+00,0.000000000000000000e+00,0.000000000000000000e+00,0.000000000000000000e+00,0.000000000000000000e+00,0.000000000000000000e+00,0.000000000000000000e+00,0.000000000000000000e+00,0.000000000000000000e+00,0.000000000000000000e+00,0.000000000000000000e+00,0.000000000000000000e+00,0.000000000000000000e+00,0.000000000000000000e+00,0.000000000000000000e+00,0.000000000000000000e+00,0.000000000000000000e+00,0.000000000000000000e+00,0.000000000000000000e+00,0.000000000000000000e+00,0.000000000000000000e+00,0.000000000000000000e+00,0.000000000000000000e+00,0.000000000000000000e+00,0.000000000000000000e+00,0.000000000000000000e+00,0.000000000000000000e+00,0.000000000000000000e+00,0.000000000000000000e+00,0.000000000000000000e+00,0.000000000000000000e+00,0.000000000000000000e+00,0.000000000000000000e+00,0.000000000000000000e+00,0.000000000000000000e+00,0.000000000000000000e+00,0.000000000000000000e+00,0.000000000000000000e+00,0.000000000000000000e+00,0.000000000000000000e+00,0.000000000000000000e+00,0.000000000000000000e+00,0.000000000000000000e+00,0.000000000000000000e+00,0.000000000000000000e+00,0.000000000000000000e+00,0.000000000000000000e+00,0.000000000000000000e+00,0.000000000000000000e+00,0.000000000000000000e+00,0.000000000000000000e+00,0.000000000000000000e+00,0.000000000000000000e+00,0.000000000000000000e+00,0.000000000000000000e+00,0.000000000000000000e+00,0.000000000000000000e+00,0.000000000000000000e+00,0.000000000000000000e+00,0.000000000000000000e+00,0.000000000000000000e+00,0.000000000000000000e+00,0.000000000000000000e+00,0.000000000000000000e+00,0.000000000000000000e+00,0.000000000000000000e+00,0.000000000000000000e+00,0.000000000000000000e+00,0.000000000000000000e+00,0.000000000000000000e+00,0.000000000000000000e+00,0.000000000000000000e+00,0.000000000000000000e+00,0.000000000000000000e+00,0.000000000000000000e+00,0.000000000000000000e+00,0.000000000000000000e+00,0.000000000000000000e+00,0.000000000000000000e+00,0.000000000000000000e+00,0.000000000000000000e+00,0.000000000000000000e+00,0.000000000000000000e+00,0.000000000000000000e+00,0.000000000000000000e+00,0.000000000000000000e+00,0.000000000000000000e+00,0.000000000000000000e+00,0.000000000000000000e+00,0.000000000000000000e+00,0.000000000000000000e+00,0.000000000000000000e+00,0.000000000000000000e+00,0.000000000000000000e+00,0.000000000000000000e+00,0.000000000000000000e+00,0.000000000000000000e+00,0.000000000000000000e+00,0.000000000000000000e+00,0.000000000000000000e+00,0.000000000000000000e+00,0.000000000000000000e+00,0.000000000000000000e+00,0.000000000000000000e+00,0.000000000000000000e+00,0.000000000000000000e+00,0.000000000000000000e+00,0.000000000000000000e+00,0.000000000000000000e+00
0.000000000000000000e+00,0.000000000000000000e+00,0.000000000000000000e+00,0.000000000000000000e+00,0.000000000000000000e+00,0.000000000000000000e+00,0.000000000000000000e+00,0.000000000000000000e+00,0.000000000000000000e+00,0.000000000000000000e+00,0.000000000000000000e+00,0.000000000000000000e+00,0.000000000000000000e+00,0.000000000000000000e+00,0.000000000000000000e+00,0.000000000000000000e+00,0.000000000000000000e+00,0.000000000000000000e+00,0.000000000000000000e+00,0.000000000000000000e+00,0.000000000000000000e+00,0.000000000000000000e+00,0.000000000000000000e+00,0.000000000000000000e+00,0.000000000000000000e+00,0.000000000000000000e+00,0.000000000000000000e+00,0.000000000000000000e+00,0.000000000000000000e+00,0.000000000000000000e+00,0.000000000000000000e+00,0.000000000000000000e+00,0.000000000000000000e+00,0.000000000000000000e+00,0.000000000000000000e+00,0.000000000000000000e+00,0.000000000000000000e+00,0.000000000000000000e+00,0.000000000000000000e+00,0.000000000000000000e+00,0.000000000000000000e+00,0.000000000000000000e+00,0.000000000000000000e+00,0.000000000000000000e+00,0.000000000000000000e+00,0.000000000000000000e+00,0.000000000000000000e+00,0.000000000000000000e+00,0.000000000000000000e+00,0.000000000000000000e+00,0.000000000000000000e+00,0.000000000000000000e+00,0.000000000000000000e+00,0.000000000000000000e+00,0.000000000000000000e+00,0.000000000000000000e+00,0.000000000000000000e+00,0.000000000000000000e+00,0.000000000000000000e+00,0.000000000000000000e+00,0.000000000000000000e+00,0.000000000000000000e+00,0.000000000000000000e+00,0.000000000000000000e+00,0.000000000000000000e+00,0.000000000000000000e+00,0.000000000000000000e+00,0.000000000000000000e+00,0.000000000000000000e+00,0.000000000000000000e+00,0.000000000000000000e+00,0.000000000000000000e+00,0.000000000000000000e+00,0.000000000000000000e+00,0.000000000000000000e+00,0.000000000000000000e+00,0.000000000000000000e+00,0.000000000000000000e+00,0.000000000000000000e+00,0.000000000000000000e+00,0.000000000000000000e+00,0.000000000000000000e+00,0.000000000000000000e+00,0.000000000000000000e+00,0.000000000000000000e+00,0.000000000000000000e+00,0.000000000000000000e+00,0.000000000000000000e+00,0.000000000000000000e+00,0.000000000000000000e+00,0.000000000000000000e+00,0.000000000000000000e+00,0.000000000000000000e+00,0.000000000000000000e+00,0.000000000000000000e+00,0.000000000000000000e+00,0.000000000000000000e+00,0.000000000000000000e+00,0.000000000000000000e+00,0.000000000000000000e+00,0.000000000000000000e+00,0.000000000000000000e+00,0.000000000000000000e+00,0.000000000000000000e+00,0.000000000000000000e+00,0.000000000000000000e+00,0.000000000000000000e+00,0.000000000000000000e+00,0.000000000000000000e+00,0.000000000000000000e+00,0.000000000000000000e+00,0.000000000000000000e+00,0.000000000000000000e+00,0.000000000000000000e+00,0.000000000000000000e+00,0.000000000000000000e+00,0.000000000000000000e+00,0.000000000000000000e+00,0.000000000000000000e+00,0.000000000000000000e+00,0.000000000000000000e+00,0.000000000000000000e+00,0.000000000000000000e+00,0.000000000000000000e+00,0.000000000000000000e+00,0.000000000000000000e+00,0.000000000000000000e+00,0.000000000000000000e+00,0.000000000000000000e+00,0.000000000000000000e+00,0.000000000000000000e+00,0.000000000000000000e+00,0.000000000000000000e+00,0.000000000000000000e+00,0.000000000000000000e+00,0.000000000000000000e+00,0.000000000000000000e+00,0.000000000000000000e+00,0.000000000000000000e+00,0.000000000000000000e+00,0.000000000000000000e+00,0.000000000000000000e+00,0.000000000000000000e+00,0.000000000000000000e+00,0.000000000000000000e+00,0.000000000000000000e+00,0.000000000000000000e+00,0.000000000000000000e+00,0.000000000000000000e+00,0.000000000000000000e+00,0.000000000000000000e+00,0.000000000000000000e+00,0.000000000000000000e+00,0.000000000000000000e+00,0.000000000000000000e+00,0.000000000000000000e+00,0.000000000000000000e+00,0.000000000000000000e+00,0.000000000000000000e+00,0.000000000000000000e+00,0.000000000000000000e+00,0.000000000000000000e+00,0.000000000000000000e+00,0.000000000000000000e+00,0.000000000000000000e+00,0.000000000000000000e+00,0.000000000000000000e+00,0.000000000000000000e+00,0.000000000000000000e+00,0.000000000000000000e+00,0.000000000000000000e+00,0.000000000000000000e+00,0.000000000000000000e+00,0.000000000000000000e+00,0.000000000000000000e+00,0.000000000000000000e+00,0.000000000000000000e+00,0.000000000000000000e+00,0.000000000000000000e+00,0.000000000000000000e+00,0.000000000000000000e+00,0.000000000000000000e+00,0.000000000000000000e+00,0.000000000000000000e+00,0.000000000000000000e+00,0.000000000000000000e+00,0.000000000000000000e+00,0.000000000000000000e+00,0.000000000000000000e+00,0.000000000000000000e+00,0.000000000000000000e+00,0.000000000000000000e+00,0.000000000000000000e+00,0.000000000000000000e+00,0.000000000000000000e+00,0.000000000000000000e+00,0.000000000000000000e+00,0.000000000000000000e+00,0.000000000000000000e+00,0.000000000000000000e+00,0.000000000000000000e+00,0.000000000000000000e+00,0.000000000000000000e+00,0.000000000000000000e+00,0.000000000000000000e+00,0.000000000000000000e+00,0.000000000000000000e+00,0.000000000000000000e+00,0.000000000000000000e+00,0.000000000000000000e+00,0.000000000000000000e+00,0.000000000000000000e+00,0.000000000000000000e+00,0.000000000000000000e+00,0.000000000000000000e+00,0.000000000000000000e+00,0.000000000000000000e+00,0.000000000000000000e+00,0.000000000000000000e+00,0.000000000000000000e+00,0.000000000000000000e+00,0.000000000000000000e+00,0.000000000000000000e+00,0.000000000000000000e+00,0.000000000000000000e+00,0.000000000000000000e+00,0.000000000000000000e+00,0.000000000000000000e+00,0.000000000000000000e+00,0.000000000000000000e+00,0.000000000000000000e+00,0.000000000000000000e+00,0.000000000000000000e+00,0.000000000000000000e+00,0.000000000000000000e+00,0.000000000000000000e+00,0.000000000000000000e+00,0.000000000000000000e+00,0.000000000000000000e+00,0.000000000000000000e+00,0.000000000000000000e+00,0.000000000000000000e+00,0.000000000000000000e+00,0.000000000000000000e+00,0.000000000000000000e+00,0.000000000000000000e+00,0.000000000000000000e+00,0.000000000000000000e+00,0.000000000000000000e+00,0.000000000000000000e+00,0.000000000000000000e+00,0.000000000000000000e+00,0.000000000000000000e+00,0.000000000000000000e+00,0.000000000000000000e+00,0.000000000000000000e+00,0.000000000000000000e+00,0.000000000000000000e+00,0.000000000000000000e+00,0.000000000000000000e+00,0.000000000000000000e+00,0.000000000000000000e+00,0.000000000000000000e+00,0.000000000000000000e+00,0.000000000000000000e+00,0.000000000000000000e+00,0.000000000000000000e+00,0.000000000000000000e+00,0.000000000000000000e+00,0.000000000000000000e+00,0.000000000000000000e+00,0.000000000000000000e+00,0.000000000000000000e+00,0.000000000000000000e+00,0.000000000000000000e+00,0.000000000000000000e+00,0.000000000000000000e+00,0.000000000000000000e+00,0.000000000000000000e+00,0.000000000000000000e+00,0.000000000000000000e+00,0.000000000000000000e+00,0.000000000000000000e+00,0.000000000000000000e+00,0.000000000000000000e+00,0.000000000000000000e+00,0.000000000000000000e+00,0.000000000000000000e+00,0.000000000000000000e+00,0.000000000000000000e+00,0.000000000000000000e+00,0.000000000000000000e+00,0.000000000000000000e+00,0.000000000000000000e+00,0.000000000000000000e+00,0.000000000000000000e+00,0.000000000000000000e+00,0.000000000000000000e+00,0.000000000000000000e+00,0.000000000000000000e+00,0.000000000000000000e+00,0.000000000000000000e+00,0.000000000000000000e+00,0.000000000000000000e+00,0.000000000000000000e+00,0.000000000000000000e+00,0.000000000000000000e+00,0.000000000000000000e+00,0.000000000000000000e+00,0.000000000000000000e+00,0.000000000000000000e+00,0.000000000000000000e+00,0.000000000000000000e+00,0.000000000000000000e+00,0.000000000000000000e+00,0.000000000000000000e+00,0.000000000000000000e+00,0.000000000000000000e+00,0.000000000000000000e+00,0.000000000000000000e+00,0.000000000000000000e+00,0.000000000000000000e+00,0.000000000000000000e+00,0.000000000000000000e+00,0.000000000000000000e+00,0.000000000000000000e+00,0.000000000000000000e+00,0.000000000000000000e+00,0.000000000000000000e+00,0.000000000000000000e+00,0.000000000000000000e+00,0.000000000000000000e+00,0.000000000000000000e+00,0.000000000000000000e+00,0.000000000000000000e+00,0.000000000000000000e+00,0.000000000000000000e+00,0.000000000000000000e+00,0.000000000000000000e+00,0.000000000000000000e+00
0.000000000000000000e+00,0.000000000000000000e+00,0.000000000000000000e+00,0.000000000000000000e+00,0.000000000000000000e+00,0.000000000000000000e+00,0.000000000000000000e+00,0.000000000000000000e+00,0.000000000000000000e+00,0.000000000000000000e+00,0.000000000000000000e+00,0.000000000000000000e+00,0.000000000000000000e+00,0.000000000000000000e+00,0.000000000000000000e+00,0.000000000000000000e+00,0.000000000000000000e+00,0.000000000000000000e+00,0.000000000000000000e+00,0.000000000000000000e+00,0.000000000000000000e+00,0.000000000000000000e+00,0.000000000000000000e+00,0.000000000000000000e+00,0.000000000000000000e+00,0.000000000000000000e+00,0.000000000000000000e+00,0.000000000000000000e+00,0.000000000000000000e+00,0.000000000000000000e+00,0.000000000000000000e+00,0.000000000000000000e+00,0.000000000000000000e+00,0.000000000000000000e+00,0.000000000000000000e+00,0.000000000000000000e+00,0.000000000000000000e+00,0.000000000000000000e+00,0.000000000000000000e+00,0.000000000000000000e+00,0.000000000000000000e+00,0.000000000000000000e+00,0.000000000000000000e+00,0.000000000000000000e+00,0.000000000000000000e+00,0.000000000000000000e+00,0.000000000000000000e+00,0.000000000000000000e+00,0.000000000000000000e+00,0.000000000000000000e+00,0.000000000000000000e+00,0.000000000000000000e+00,0.000000000000000000e+00,0.000000000000000000e+00,0.000000000000000000e+00,0.000000000000000000e+00,0.000000000000000000e+00,0.000000000000000000e+00,0.000000000000000000e+00,0.000000000000000000e+00,0.000000000000000000e+00,0.000000000000000000e+00,0.000000000000000000e+00,0.000000000000000000e+00,0.000000000000000000e+00,0.000000000000000000e+00,0.000000000000000000e+00,0.000000000000000000e+00,0.000000000000000000e+00,0.000000000000000000e+00,0.000000000000000000e+00,0.000000000000000000e+00,0.000000000000000000e+00,0.000000000000000000e+00,0.000000000000000000e+00,0.000000000000000000e+00,0.000000000000000000e+00,0.000000000000000000e+00,0.000000000000000000e+00,0.000000000000000000e+00,0.000000000000000000e+00,0.000000000000000000e+00,0.000000000000000000e+00,0.000000000000000000e+00,0.000000000000000000e+00,0.000000000000000000e+00,0.000000000000000000e+00,0.000000000000000000e+00,0.000000000000000000e+00,0.000000000000000000e+00,0.000000000000000000e+00,0.000000000000000000e+00,0.000000000000000000e+00,0.000000000000000000e+00,0.000000000000000000e+00,0.000000000000000000e+00,0.000000000000000000e+00,0.000000000000000000e+00,0.000000000000000000e+00,0.000000000000000000e+00,0.000000000000000000e+00,0.000000000000000000e+00,0.000000000000000000e+00,0.000000000000000000e+00,0.000000000000000000e+00,0.000000000000000000e+00,0.000000000000000000e+00,0.000000000000000000e+00,0.000000000000000000e+00,0.000000000000000000e+00,0.000000000000000000e+00,0.000000000000000000e+00,0.000000000000000000e+00,0.000000000000000000e+00,0.000000000000000000e+00,0.000000000000000000e+00,0.000000000000000000e+00,0.000000000000000000e+00,0.000000000000000000e+00,0.000000000000000000e+00,0.000000000000000000e+00,0.000000000000000000e+00,0.000000000000000000e+00,0.000000000000000000e+00,0.000000000000000000e+00,0.000000000000000000e+00,0.000000000000000000e+00,0.000000000000000000e+00,0.000000000000000000e+00,0.000000000000000000e+00,0.000000000000000000e+00,0.000000000000000000e+00,0.000000000000000000e+00,0.000000000000000000e+00,0.000000000000000000e+00,0.000000000000000000e+00,0.000000000000000000e+00,0.000000000000000000e+00,0.000000000000000000e+00,0.000000000000000000e+00,0.000000000000000000e+00,0.000000000000000000e+00,0.000000000000000000e+00,0.000000000000000000e+00,0.000000000000000000e+00,0.000000000000000000e+00,0.000000000000000000e+00,0.000000000000000000e+00,0.000000000000000000e+00,0.000000000000000000e+00,0.000000000000000000e+00,0.000000000000000000e+00,0.000000000000000000e+00,0.000000000000000000e+00,0.000000000000000000e+00,0.000000000000000000e+00,0.000000000000000000e+00,0.000000000000000000e+00,0.000000000000000000e+00,0.000000000000000000e+00,0.000000000000000000e+00,0.000000000000000000e+00,0.000000000000000000e+00,0.000000000000000000e+00,0.000000000000000000e+00,0.000000000000000000e+00,0.000000000000000000e+00,0.000000000000000000e+00,0.000000000000000000e+00,0.000000000000000000e+00,0.000000000000000000e+00,0.000000000000000000e+00,0.000000000000000000e+00,0.000000000000000000e+00,0.000000000000000000e+00,0.000000000000000000e+00,0.000000000000000000e+00,0.000000000000000000e+00,0.000000000000000000e+00,0.000000000000000000e+00,0.000000000000000000e+00,0.000000000000000000e+00,0.000000000000000000e+00,0.000000000000000000e+00,0.000000000000000000e+00,0.000000000000000000e+00,0.000000000000000000e+00,0.000000000000000000e+00,0.000000000000000000e+00,0.000000000000000000e+00,0.000000000000000000e+00,0.000000000000000000e+00,0.000000000000000000e+00,0.000000000000000000e+00,0.000000000000000000e+00,0.000000000000000000e+00,0.000000000000000000e+00,0.000000000000000000e+00,0.000000000000000000e+00,0.000000000000000000e+00,0.000000000000000000e+00,0.000000000000000000e+00,0.000000000000000000e+00,0.000000000000000000e+00,0.000000000000000000e+00,0.000000000000000000e+00,0.000000000000000000e+00,0.000000000000000000e+00,0.000000000000000000e+00,0.000000000000000000e+00,0.000000000000000000e+00,0.000000000000000000e+00,0.000000000000000000e+00,0.000000000000000000e+00,0.000000000000000000e+00,0.000000000000000000e+00,0.000000000000000000e+00,0.000000000000000000e+00,0.000000000000000000e+00,0.000000000000000000e+00,0.000000000000000000e+00,0.000000000000000000e+00,0.000000000000000000e+00,0.000000000000000000e+00,0.000000000000000000e+00,0.000000000000000000e+00,0.000000000000000000e+00,0.000000000000000000e+00,0.000000000000000000e+00,0.000000000000000000e+00,0.000000000000000000e+00,0.000000000000000000e+00,0.000000000000000000e+00,0.000000000000000000e+00,0.000000000000000000e+00,0.000000000000000000e+00,0.000000000000000000e+00,0.000000000000000000e+00,0.000000000000000000e+00,0.000000000000000000e+00,0.000000000000000000e+00,0.000000000000000000e+00,0.000000000000000000e+00,0.000000000000000000e+00,0.000000000000000000e+00,0.000000000000000000e+00,0.000000000000000000e+00,0.000000000000000000e+00,0.000000000000000000e+00,0.000000000000000000e+00,0.000000000000000000e+00,0.000000000000000000e+00,0.000000000000000000e+00,0.000000000000000000e+00,0.000000000000000000e+00,0.000000000000000000e+00,0.000000000000000000e+00,0.000000000000000000e+00,0.000000000000000000e+00,0.000000000000000000e+00,0.000000000000000000e+00,0.000000000000000000e+00,0.000000000000000000e+00,0.000000000000000000e+00,0.000000000000000000e+00,0.000000000000000000e+00,0.000000000000000000e+00,0.000000000000000000e+00,0.000000000000000000e+00,0.000000000000000000e+00,0.000000000000000000e+00,0.000000000000000000e+00,0.000000000000000000e+00,0.000000000000000000e+00,0.000000000000000000e+00,0.000000000000000000e+00,0.000000000000000000e+00,0.000000000000000000e+00,0.000000000000000000e+00,0.000000000000000000e+00,0.000000000000000000e+00,0.000000000000000000e+00,0.000000000000000000e+00,0.000000000000000000e+00,0.000000000000000000e+00,0.000000000000000000e+00,0.000000000000000000e+00,0.000000000000000000e+00,0.000000000000000000e+00,0.000000000000000000e+00,0.000000000000000000e+00,0.000000000000000000e+00,0.000000000000000000e+00,0.000000000000000000e+00,0.000000000000000000e+00,0.000000000000000000e+00,0.000000000000000000e+00,0.000000000000000000e+00,0.000000000000000000e+00,0.000000000000000000e+00,0.000000000000000000e+00,0.000000000000000000e+00,0.000000000000000000e+00,0.000000000000000000e+00,0.000000000000000000e+00,0.000000000000000000e+00,0.000000000000000000e+00,0.000000000000000000e+00,0.000000000000000000e+00,0.000000000000000000e+00,0.000000000000000000e+00,0.000000000000000000e+00,0.000000000000000000e+00,0.000000000000000000e+00,0.000000000000000000e+00,0.000000000000000000e+00,0.000000000000000000e+00,0.000000000000000000e+00,0.000000000000000000e+00,0.000000000000000000e+00,0.000000000000000000e+00,0.000000000000000000e+00,0.000000000000000000e+00,0.000000000000000000e+00,0.000000000000000000e+00,0.000000000000000000e+00,0.000000000000000000e+00,0.000000000000000000e+00,0.000000000000000000e+00,0.000000000000000000e+00,0.000000000000000000e+00,0.000000000000000000e+00,0.000000000000000000e+00,0.000000000000000000e+00,0.000000000000000000e+00,0.000000000000000000e+00,0.000000000000000000e+00,0.000000000000000000e+00,0.000000000000000000e+00,0.000000000000000000e+00
0.000000000000000000e+00,0.000000000000000000e+00,0.000000000000000000e+00,0.000000000000000000e+00,0.000000000000000000e+00,0.000000000000000000e+00,0.000000000000000000e+00,0.000000000000000000e+00,0.000000000000000000e+00,0.000000000000000000e+00,0.000000000000000000e+00,0.000000000000000000e+00,0.000000000000000000e+00,0.000000000000000000e+00,0.000000000000000000e+00,0.000000000000000000e+00,0.000000000000000000e+00,0.000000000000000000e+00,0.000000000000000000e+00,0.000000000000000000e+00,0.000000000000000000e+00,0.000000000000000000e+00,0.000000000000000000e+00,0.000000000000000000e+00,0.000000000000000000e+00,0.000000000000000000e+00,0.000000000000000000e+00,0.000000000000000000e+00,0.000000000000000000e+00,0.000000000000000000e+00,0.000000000000000000e+00,0.000000000000000000e+00,0.000000000000000000e+00,0.000000000000000000e+00,0.000000000000000000e+00,0.000000000000000000e+00,0.000000000000000000e+00,0.000000000000000000e+00,0.000000000000000000e+00,0.000000000000000000e+00,0.000000000000000000e+00,0.000000000000000000e+00,0.000000000000000000e+00,0.000000000000000000e+00,0.000000000000000000e+00,0.000000000000000000e+00,0.000000000000000000e+00,0.000000000000000000e+00,0.000000000000000000e+00,0.000000000000000000e+00,0.000000000000000000e+00,0.000000000000000000e+00,0.000000000000000000e+00,0.000000000000000000e+00,0.000000000000000000e+00,0.000000000000000000e+00,0.000000000000000000e+00,0.000000000000000000e+00,0.000000000000000000e+00,0.000000000000000000e+00,0.000000000000000000e+00,0.000000000000000000e+00,0.000000000000000000e+00,0.000000000000000000e+00,0.000000000000000000e+00,0.000000000000000000e+00,0.000000000000000000e+00,0.000000000000000000e+00,0.000000000000000000e+00,0.000000000000000000e+00,0.000000000000000000e+00,0.000000000000000000e+00,0.000000000000000000e+00,0.000000000000000000e+00,0.000000000000000000e+00,0.000000000000000000e+00,0.000000000000000000e+00,0.000000000000000000e+00,0.000000000000000000e+00,0.000000000000000000e+00,0.000000000000000000e+00,0.000000000000000000e+00,0.000000000000000000e+00,0.000000000000000000e+00,0.000000000000000000e+00,0.000000000000000000e+00,0.000000000000000000e+00,0.000000000000000000e+00,0.000000000000000000e+00,0.000000000000000000e+00,0.000000000000000000e+00,0.000000000000000000e+00,0.000000000000000000e+00,0.000000000000000000e+00,0.000000000000000000e+00,0.000000000000000000e+00,0.000000000000000000e+00,0.000000000000000000e+00,0.000000000000000000e+00,0.000000000000000000e+00,0.000000000000000000e+00,0.000000000000000000e+00,0.000000000000000000e+00,0.000000000000000000e+00,0.000000000000000000e+00,0.000000000000000000e+00,0.000000000000000000e+00,0.000000000000000000e+00,0.000000000000000000e+00,0.000000000000000000e+00,0.000000000000000000e+00,0.000000000000000000e+00,0.000000000000000000e+00,0.000000000000000000e+00,0.000000000000000000e+00,0.000000000000000000e+00,0.000000000000000000e+00,0.000000000000000000e+00,0.000000000000000000e+00,0.000000000000000000e+00,0.000000000000000000e+00,0.000000000000000000e+00,0.000000000000000000e+00,0.000000000000000000e+00,0.000000000000000000e+00,0.000000000000000000e+00,0.000000000000000000e+00,0.000000000000000000e+00,0.000000000000000000e+00,0.000000000000000000e+00,0.000000000000000000e+00,0.000000000000000000e+00,0.000000000000000000e+00,0.000000000000000000e+00,0.000000000000000000e+00,0.000000000000000000e+00,0.000000000000000000e+00,0.000000000000000000e+00,0.000000000000000000e+00,0.000000000000000000e+00,0.000000000000000000e+00,0.000000000000000000e+00,0.000000000000000000e+00,0.000000000000000000e+00,0.000000000000000000e+00,0.000000000000000000e+00,0.000000000000000000e+00,0.000000000000000000e+00,0.000000000000000000e+00,0.000000000000000000e+00,0.000000000000000000e+00,0.000000000000000000e+00,0.000000000000000000e+00,0.000000000000000000e+00,0.000000000000000000e+00,0.000000000000000000e+00,0.000000000000000000e+00,0.000000000000000000e+00,0.000000000000000000e+00,0.000000000000000000e+00,0.000000000000000000e+00,0.000000000000000000e+00,0.000000000000000000e+00,0.000000000000000000e+00,0.000000000000000000e+00,0.000000000000000000e+00,0.000000000000000000e+00,0.000000000000000000e+00,0.000000000000000000e+00,0.000000000000000000e+00,0.000000000000000000e+00,0.000000000000000000e+00,0.000000000000000000e+00,0.000000000000000000e+00,0.000000000000000000e+00,0.000000000000000000e+00,0.000000000000000000e+00,0.000000000000000000e+00,0.000000000000000000e+00,0.000000000000000000e+00,0.000000000000000000e+00,0.000000000000000000e+00,0.000000000000000000e+00,0.000000000000000000e+00,0.000000000000000000e+00,0.000000000000000000e+00,0.000000000000000000e+00,0.000000000000000000e+00,0.000000000000000000e+00,0.000000000000000000e+00,0.000000000000000000e+00,0.000000000000000000e+00,0.000000000000000000e+00,0.000000000000000000e+00,0.000000000000000000e+00,0.000000000000000000e+00,0.000000000000000000e+00,0.000000000000000000e+00,0.000000000000000000e+00,0.000000000000000000e+00,0.000000000000000000e+00,0.000000000000000000e+00,0.000000000000000000e+00,0.000000000000000000e+00,0.000000000000000000e+00,0.000000000000000000e+00,0.000000000000000000e+00,0.000000000000000000e+00,0.000000000000000000e+00,0.000000000000000000e+00,0.000000000000000000e+00,0.000000000000000000e+00,0.000000000000000000e+00,0.000000000000000000e+00,0.000000000000000000e+00,0.000000000000000000e+00,0.000000000000000000e+00,0.000000000000000000e+00,0.000000000000000000e+00,0.000000000000000000e+00,0.000000000000000000e+00,0.000000000000000000e+00,0.000000000000000000e+00,0.000000000000000000e+00,0.000000000000000000e+00,0.000000000000000000e+00,0.000000000000000000e+00,0.000000000000000000e+00,0.000000000000000000e+00,0.000000000000000000e+00,0.000000000000000000e+00,0.000000000000000000e+00,0.000000000000000000e+00,0.000000000000000000e+00,0.000000000000000000e+00,0.000000000000000000e+00,0.000000000000000000e+00,0.000000000000000000e+00,0.000000000000000000e+00,0.000000000000000000e+00,0.000000000000000000e+00,0.000000000000000000e+00,0.000000000000000000e+00,0.000000000000000000e+00,0.000000000000000000e+00,0.000000000000000000e+00,0.000000000000000000e+00,0.000000000000000000e+00,0.000000000000000000e+00,0.000000000000000000e+00,0.000000000000000000e+00,0.000000000000000000e+00,0.000000000000000000e+00,0.000000000000000000e+00,0.000000000000000000e+00,0.000000000000000000e+00,0.000000000000000000e+00,0.000000000000000000e+00,0.000000000000000000e+00,0.000000000000000000e+00,0.000000000000000000e+00,0.000000000000000000e+00,0.000000000000000000e+00,0.000000000000000000e+00,0.000000000000000000e+00,0.000000000000000000e+00,0.000000000000000000e+00,0.000000000000000000e+00,0.000000000000000000e+00,0.000000000000000000e+00,0.000000000000000000e+00,0.000000000000000000e+00,0.000000000000000000e+00,0.000000000000000000e+00,0.000000000000000000e+00,0.000000000000000000e+00,0.000000000000000000e+00,0.000000000000000000e+00,0.000000000000000000e+00,0.000000000000000000e+00,0.000000000000000000e+00,0.000000000000000000e+00,0.000000000000000000e+00,0.000000000000000000e+00,0.000000000000000000e+00,0.000000000000000000e+00,0.000000000000000000e+00,0.000000000000000000e+00,0.000000000000000000e+00,0.000000000000000000e+00,0.000000000000000000e+00,0.000000000000000000e+00,0.000000000000000000e+00,0.000000000000000000e+00,0.000000000000000000e+00,0.000000000000000000e+00,0.000000000000000000e+00,0.000000000000000000e+00,0.000000000000000000e+00,0.000000000000000000e+00,0.000000000000000000e+00,0.000000000000000000e+00,0.000000000000000000e+00,0.000000000000000000e+00,0.000000000000000000e+00,0.000000000000000000e+00,0.000000000000000000e+00,0.000000000000000000e+00,0.000000000000000000e+00,0.000000000000000000e+00,0.000000000000000000e+00,0.000000000000000000e+00,0.000000000000000000e+00,0.000000000000000000e+00,0.000000000000000000e+00,0.000000000000000000e+00,0.000000000000000000e+00,0.000000000000000000e+00,0.000000000000000000e+00,0.000000000000000000e+00,0.000000000000000000e+00,0.000000000000000000e+00,0.000000000000000000e+00,0.000000000000000000e+00,0.000000000000000000e+00,0.000000000000000000e+00,0.000000000000000000e+00,0.000000000000000000e+00,0.000000000000000000e+00,0.000000000000000000e+00,0.000000000000000000e+00,0.000000000000000000e+00,0.000000000000000000e+00,0.000000000000000000e+00,0.000000000000000000e+00,0.000000000000000000e+00,0.000000000000000000e+00,0.000000000000000000e+00,0.000000000000000000e+00,0.000000000000000000e+00
0.000000000000000000e+00,0.000000000000000000e+00,0.000000000000000000e+00,0.000000000000000000e+00,0.000000000000000000e+00,0.000000000000000000e+00,0.000000000000000000e+00,0.000000000000000000e+00,0.000000000000000000e+00,0.000000000000000000e+00,0.000000000000000000e+00,0.000000000000000000e+00,0.000000000000000000e+00,0.000000000000000000e+00,0.000000000000000000e+00,0.000000000000000000e+00,0.000000000000000000e+00,0.000000000000000000e+00,0.000000000000000000e+00,0.000000000000000000e+00,0.000000000000000000e+00,0.000000000000000000e+00,0.000000000000000000e+00,0.000000000000000000e+00,0.000000000000000000e+00,0.000000000000000000e+00,0.000000000000000000e+00,0.000000000000000000e+00,0.000000000000000000e+00,0.000000000000000000e+00,0.000000000000000000e+00,0.000000000000000000e+00,0.000000000000000000e+00,0.000000000000000000e+00,0.000000000000000000e+00,0.000000000000000000e+00,0.000000000000000000e+00,0.000000000000000000e+00,0.000000000000000000e+00,0.000000000000000000e+00,0.000000000000000000e+00,0.000000000000000000e+00,0.000000000000000000e+00,0.000000000000000000e+00,0.000000000000000000e+00,0.000000000000000000e+00,0.000000000000000000e+00,0.000000000000000000e+00,0.000000000000000000e+00,0.000000000000000000e+00,0.000000000000000000e+00,0.000000000000000000e+00,0.000000000000000000e+00,0.000000000000000000e+00,0.000000000000000000e+00,0.000000000000000000e+00,0.000000000000000000e+00,0.000000000000000000e+00,0.000000000000000000e+00,0.000000000000000000e+00,0.000000000000000000e+00,0.000000000000000000e+00,0.000000000000000000e+00,0.000000000000000000e+00,0.000000000000000000e+00,0.000000000000000000e+00,0.000000000000000000e+00,0.000000000000000000e+00,0.000000000000000000e+00,0.000000000000000000e+00,0.000000000000000000e+00,0.000000000000000000e+00,0.000000000000000000e+00,0.000000000000000000e+00,0.000000000000000000e+00,0.000000000000000000e+00,0.000000000000000000e+00,0.000000000000000000e+00,0.000000000000000000e+00,0.000000000000000000e+00,0.000000000000000000e+00,0.000000000000000000e+00,0.000000000000000000e+00,0.000000000000000000e+00,0.000000000000000000e+00,0.000000000000000000e+00,0.000000000000000000e+00,0.000000000000000000e+00,0.000000000000000000e+00,0.000000000000000000e+00,0.000000000000000000e+00,0.000000000000000000e+00,0.000000000000000000e+00,0.000000000000000000e+00,0.000000000000000000e+00,0.000000000000000000e+00,0.000000000000000000e+00,0.000000000000000000e+00,0.000000000000000000e+00,0.000000000000000000e+00,0.000000000000000000e+00,0.000000000000000000e+00,0.000000000000000000e+00,0.000000000000000000e+00,0.000000000000000000e+00,0.000000000000000000e+00,0.000000000000000000e+00,0.000000000000000000e+00,0.000000000000000000e+00,0.000000000000000000e+00,0.000000000000000000e+00,0.000000000000000000e+00,0.000000000000000000e+00,0.000000000000000000e+00,0.000000000000000000e+00,0.000000000000000000e+00,0.000000000000000000e+00,0.000000000000000000e+00,0.000000000000000000e+00,0.000000000000000000e+00,0.000000000000000000e+00,0.000000000000000000e+00,0.000000000000000000e+00,0.000000000000000000e+00,0.000000000000000000e+00,0.000000000000000000e+00,0.000000000000000000e+00,0.000000000000000000e+00,0.000000000000000000e+00,0.000000000000000000e+00,0.000000000000000000e+00,0.000000000000000000e+00,0.000000000000000000e+00,0.000000000000000000e+00,0.000000000000000000e+00,0.000000000000000000e+00,0.000000000000000000e+00,0.000000000000000000e+00,0.000000000000000000e+00,0.000000000000000000e+00,0.000000000000000000e+00,0.000000000000000000e+00,0.000000000000000000e+00,0.000000000000000000e+00,0.000000000000000000e+00,0.000000000000000000e+00,0.000000000000000000e+00,0.000000000000000000e+00,0.000000000000000000e+00,0.000000000000000000e+00,0.000000000000000000e+00,0.000000000000000000e+00,0.000000000000000000e+00,0.000000000000000000e+00,0.000000000000000000e+00,0.000000000000000000e+00,0.000000000000000000e+00,0.000000000000000000e+00,0.000000000000000000e+00,0.000000000000000000e+00,0.000000000000000000e+00,0.000000000000000000e+00,0.000000000000000000e+00,0.000000000000000000e+00,0.000000000000000000e+00,0.000000000000000000e+00,0.000000000000000000e+00,0.000000000000000000e+00,0.000000000000000000e+00,0.000000000000000000e+00,0.000000000000000000e+00,0.000000000000000000e+00,0.000000000000000000e+00,0.000000000000000000e+00,0.000000000000000000e+00,0.000000000000000000e+00,0.000000000000000000e+00,0.000000000000000000e+00,0.000000000000000000e+00,0.000000000000000000e+00,0.000000000000000000e+00,0.000000000000000000e+00,0.000000000000000000e+00,0.000000000000000000e+00,0.000000000000000000e+00,0.000000000000000000e+00,0.000000000000000000e+00,0.000000000000000000e+00,0.000000000000000000e+00,0.000000000000000000e+00,0.000000000000000000e+00,0.000000000000000000e+00,0.000000000000000000e+00,0.000000000000000000e+00,0.000000000000000000e+00,0.000000000000000000e+00,0.000000000000000000e+00,0.000000000000000000e+00,0.000000000000000000e+00,0.000000000000000000e+00,0.000000000000000000e+00,0.000000000000000000e+00,0.000000000000000000e+00,0.000000000000000000e+00,0.000000000000000000e+00,0.000000000000000000e+00,0.000000000000000000e+00,0.000000000000000000e+00,0.000000000000000000e+00,0.000000000000000000e+00,0.000000000000000000e+00,0.000000000000000000e+00,0.000000000000000000e+00,0.000000000000000000e+00,0.000000000000000000e+00,0.000000000000000000e+00,0.000000000000000000e+00,0.000000000000000000e+00,0.000000000000000000e+00,0.000000000000000000e+00,0.000000000000000000e+00,0.000000000000000000e+00,0.000000000000000000e+00,0.000000000000000000e+00,0.000000000000000000e+00,0.000000000000000000e+00,0.000000000000000000e+00,0.000000000000000000e+00,0.000000000000000000e+00,0.000000000000000000e+00,0.000000000000000000e+00,0.000000000000000000e+00,0.000000000000000000e+00,0.000000000000000000e+00,0.000000000000000000e+00,0.000000000000000000e+00,0.000000000000000000e+00,0.000000000000000000e+00,0.000000000000000000e+00,0.000000000000000000e+00,0.000000000000000000e+00,0.000000000000000000e+00,0.000000000000000000e+00,0.000000000000000000e+00,0.000000000000000000e+00,0.000000000000000000e+00,0.000000000000000000e+00,0.000000000000000000e+00,0.000000000000000000e+00,0.000000000000000000e+00,0.000000000000000000e+00,0.000000000000000000e+00,0.000000000000000000e+00,0.000000000000000000e+00,0.000000000000000000e+00,0.000000000000000000e+00,0.000000000000000000e+00,0.000000000000000000e+00,0.000000000000000000e+00,0.000000000000000000e+00,0.000000000000000000e+00,0.000000000000000000e+00,0.000000000000000000e+00,0.000000000000000000e+00,0.000000000000000000e+00,0.000000000000000000e+00,0.000000000000000000e+00,0.000000000000000000e+00,0.000000000000000000e+00,0.000000000000000000e+00,0.000000000000000000e+00,0.000000000000000000e+00,0.000000000000000000e+00,0.000000000000000000e+00,0.000000000000000000e+00,0.000000000000000000e+00,0.000000000000000000e+00,0.000000000000000000e+00,0.000000000000000000e+00,0.000000000000000000e+00,0.000000000000000000e+00,0.000000000000000000e+00,0.000000000000000000e+00,0.000000000000000000e+00,0.000000000000000000e+00,0.000000000000000000e+00,0.000000000000000000e+00,0.000000000000000000e+00,0.000000000000000000e+00,0.000000000000000000e+00,0.000000000000000000e+00,0.000000000000000000e+00,0.000000000000000000e+00,0.000000000000000000e+00,0.000000000000000000e+00,0.000000000000000000e+00,0.000000000000000000e+00,0.000000000000000000e+00,0.000000000000000000e+00,0.000000000000000000e+00,0.000000000000000000e+00,0.000000000000000000e+00,0.000000000000000000e+00,0.000000000000000000e+00,0.000000000000000000e+00,0.000000000000000000e+00,0.000000000000000000e+00,0.000000000000000000e+00,0.000000000000000000e+00,0.000000000000000000e+00,0.000000000000000000e+00,0.000000000000000000e+00,0.000000000000000000e+00,0.000000000000000000e+00,0.000000000000000000e+00,0.000000000000000000e+00,0.000000000000000000e+00,0.000000000000000000e+00,0.000000000000000000e+00,0.000000000000000000e+00,0.000000000000000000e+00,0.000000000000000000e+00,0.000000000000000000e+00,0.000000000000000000e+00,0.000000000000000000e+00,0.000000000000000000e+00,0.000000000000000000e+00,0.000000000000000000e+00,0.000000000000000000e+00,0.000000000000000000e+00,0.000000000000000000e+00,0.000000000000000000e+00,0.000000000000000000e+00,0.000000000000000000e+00,0.000000000000000000e+00,0.000000000000000000e+00,0.000000000000000000e+00,0.000000000000000000e+00,0.000000000000000000e+00,0.000000000000000000e+00
0.000000000000000000e+00,0.000000000000000000e+00,0.000000000000000000e+00,0.000000000000000000e+00,0.000000000000000000e+00,0.000000000000000000e+00,0.000000000000000000e+00,0.000000000000000000e+00,0.000000000000000000e+00,0.000000000000000000e+00,0.000000000000000000e+00,0.000000000000000000e+00,0.000000000000000000e+00,0.000000000000000000e+00,0.000000000000000000e+00,0.000000000000000000e+00,0.000000000000000000e+00,0.000000000000000000e+00,0.000000000000000000e+00,0.000000000000000000e+00,0.000000000000000000e+00,0.000000000000000000e+00,0.000000000000000000e+00,0.000000000000000000e+00,0.000000000000000000e+00,0.000000000000000000e+00,0.000000000000000000e+00,0.000000000000000000e+00,0.000000000000000000e+00,0.000000000000000000e+00,0.000000000000000000e+00,0.000000000000000000e+00,0.000000000000000000e+00,0.000000000000000000e+00,0.000000000000000000e+00,0.000000000000000000e+00,0.000000000000000000e+00,0.000000000000000000e+00,0.000000000000000000e+00,0.000000000000000000e+00,0.000000000000000000e+00,0.000000000000000000e+00,0.000000000000000000e+00,0.000000000000000000e+00,0.000000000000000000e+00,0.000000000000000000e+00,0.000000000000000000e+00,0.000000000000000000e+00,0.000000000000000000e+00,0.000000000000000000e+00,0.000000000000000000e+00,0.000000000000000000e+00,0.000000000000000000e+00,0.000000000000000000e+00,0.000000000000000000e+00,0.000000000000000000e+00,0.000000000000000000e+00,0.000000000000000000e+00,0.000000000000000000e+00,0.000000000000000000e+00,0.000000000000000000e+00,0.000000000000000000e+00,0.000000000000000000e+00,0.000000000000000000e+00,0.000000000000000000e+00,0.000000000000000000e+00,0.000000000000000000e+00,0.000000000000000000e+00,0.000000000000000000e+00,0.000000000000000000e+00,0.000000000000000000e+00,0.000000000000000000e+00,0.000000000000000000e+00,0.000000000000000000e+00,0.000000000000000000e+00,0.000000000000000000e+00,0.000000000000000000e+00,0.000000000000000000e+00,0.000000000000000000e+00,0.000000000000000000e+00,0.000000000000000000e+00,0.000000000000000000e+00,0.000000000000000000e+00,0.000000000000000000e+00,0.000000000000000000e+00,0.000000000000000000e+00,0.000000000000000000e+00,0.000000000000000000e+00,0.000000000000000000e+00,0.000000000000000000e+00,0.000000000000000000e+00,0.000000000000000000e+00,0.000000000000000000e+00,0.000000000000000000e+00,0.000000000000000000e+00,0.000000000000000000e+00,0.000000000000000000e+00,0.000000000000000000e+00,0.000000000000000000e+00,0.000000000000000000e+00,0.000000000000000000e+00,0.000000000000000000e+00,0.000000000000000000e+00,0.000000000000000000e+00,0.000000000000000000e+00,0.000000000000000000e+00,0.000000000000000000e+00,0.000000000000000000e+00,0.000000000000000000e+00,0.000000000000000000e+00,0.000000000000000000e+00,0.000000000000000000e+00,0.000000000000000000e+00,0.000000000000000000e+00,0.000000000000000000e+00,0.000000000000000000e+00,0.000000000000000000e+00,0.000000000000000000e+00,0.000000000000000000e+00,0.000000000000000000e+00,0.000000000000000000e+00,0.000000000000000000e+00,0.000000000000000000e+00,0.000000000000000000e+00,0.000000000000000000e+00,0.000000000000000000e+00,0.000000000000000000e+00,0.000000000000000000e+00,0.000000000000000000e+00,0.000000000000000000e+00,0.000000000000000000e+00,0.000000000000000000e+00,0.000000000000000000e+00,0.000000000000000000e+00,0.000000000000000000e+00,0.000000000000000000e+00,0.000000000000000000e+00,0.000000000000000000e+00,0.000000000000000000e+00,0.000000000000000000e+00,0.000000000000000000e+00,0.000000000000000000e+00,0.000000000000000000e+00,0.000000000000000000e+00,0.000000000000000000e+00,0.000000000000000000e+00,0.000000000000000000e+00,0.000000000000000000e+00,0.000000000000000000e+00,0.000000000000000000e+00,0.000000000000000000e+00,0.000000000000000000e+00,0.000000000000000000e+00,0.000000000000000000e+00,0.000000000000000000e+00,0.000000000000000000e+00,0.000000000000000000e+00,0.000000000000000000e+00,0.000000000000000000e+00,0.000000000000000000e+00,0.000000000000000000e+00,0.000000000000000000e+00,0.000000000000000000e+00,0.000000000000000000e+00,0.000000000000000000e+00,0.000000000000000000e+00,0.000000000000000000e+00,0.000000000000000000e+00,0.000000000000000000e+00,0.000000000000000000e+00,0.000000000000000000e+00,0.000000000000000000e+00,0.000000000000000000e+00,0.000000000000000000e+00,0.000000000000000000e+00,0.000000000000000000e+00,0.000000000000000000e+00,0.000000000000000000e+00,0.000000000000000000e+00,0.000000000000000000e+00,0.000000000000000000e+00,0.000000000000000000e+00,0.000000000000000000e+00,0.000000000000000000e+00,0.000000000000000000e+00,0.000000000000000000e+00,0.000000000000000000e+00,0.000000000000000000e+00,0.000000000000000000e+00,0.000000000000000000e+00,0.000000000000000000e+00,0.000000000000000000e+00,0.000000000000000000e+00,0.000000000000000000e+00,0.000000000000000000e+00,0.000000000000000000e+00,0.000000000000000000e+00,0.000000000000000000e+00,0.000000000000000000e+00,0.000000000000000000e+00,0.000000000000000000e+00,1.852915577584978877e-04,2.164361406646281110e-04,2.324132382548039870e-04,2.410073591634397171e-04,2.447801999410451632e-04,2.466624008389065861e-04,2.473562445567434082e-04,2.476567172899186119e-04,2.477042049790408604e-04,2.476978982452496757e-04,2.476433583799315529e-04,2.475808182953292947e-04,2.475024244627713850e-04,2.474195436414384228e-04,2.473395441530756920e-04,2.472765486128804886e-04,2.472488221204761764e-04,2.472708259228036825e-04,2.473579915072442788e-04,2.475157260963693003e-04,2.477476335749106734e-04,2.480478274413614056e-04,2.484100372624610900e-04,2.488235147477266609e-04,2.492793677751430049e-04,2.497680437608640032e-04,2.502809691178644854e-04,2.508099641567132390e-04,2.513458450700121094e-04,2.518818413218518897e-04,2.524104380420802603e-04,2.529301273319062553e-04,2.534387207266997652e-04,2.539410938061768428e-04,2.544381165062573383e-04,2.549359510119072157e-04,2.554330097479818869e-04,2.559330577185361857e-04,2.564317551336237067e-04,2.569329897761944616e-04,2.574334359467222435e-04,2.579398139957291632e-04,2.584501683469127113e-04,2.589716914319698774e-04,2.595000178610036567e-04,2.600393530567804748e-04,2.605815541516817539e-04,2.611289858258142760e-04,2.616729274013730473e-04,2.622177847608055741e-04,2.627575628968645553e-04,2.633002241573046461e-04,2.638418606054757282e-04,2.643914210706882419e-04,2.649436339291737089e-04,2.655053427956862865e-04,2.660687901184804094e-04,2.666406661404834943e-04,2.672156724536821565e-04,2.678059949961443162e-04,2.684117806619308534e-04,2.690484667320955478e-04,2.697147527541287780e-04,2.704213080137374725e-04,2.711609114036887922e-04,2.719413700690477163e-04,2.727575646967058363e-04,2.736247149651858316e-04,2.745463603856453409e-04,2.755430511987667984e-04,2.766167764670016799e-04,2.777807642064118428e-04,2.790268348843272348e-04,2.803599755218424950e-04,2.817700421944483282e-04,2.832685746635301262e-04,2.848559605313364176e-04,2.865501647103673604e-04,2.883488405698455648e-04,2.902601022854924971e-04,2.922698798903884719e-04,2.943786760778281403e-04,2.965739227339120733e-04,2.988662555592487384e-04,3.012535243962952375e-04,3.037498831805437484e-04,3.063530539306224317e-04,3.090787462514226467e-04,3.119234642682556504e-04,3.148930894432551658e-04,3.179747256770387525e-04,3.211770696903250353e-04,3.244965931441903578e-04,3.279461993374434368e-04,3.315274146882513204e-04,3.352647513931058783e-04,3.391634253930789623e-04,3.432355939406674301e-04,3.474767456253700861e-04,3.518975350159809492e-04,3.564860566855177588e-04,3.612520573024833453e-04,3.662108672624149919e-04,3.713977456808405697e-04,3.768282143210778166e-04,3.825491643600287739e-04,3.885933522341088078e-04,3.949605195158833559e-04,4.016191613393093490e-04,4.086085107820601231e-04,4.159760731140864842e-04,4.237477779690841532e-04,4.319713755607064096e-04,4.407833787070414592e-04,4.502402974713370855e-04,4.602850595160406437e-04,4.709020274128245453e-04,4.822329202670982843e-04,4.943511187031679249e-04,5.071842697460852110e-04,5.207889689527866062e-04,5.355684162785232004e-04,5.517486058057253714e-04,5.690257496008169864e-04,5.873937751214445332e-04,6.077898477812248516e-04,6.303357344725668467e-04,6.544017294558945440e-04,6.805722720642232030e-04,7.123633101591145744e-04,7.468722789684164969e-04,7.908972932287706243e-04,8.365139716750659210e-04,9.275978840804631909e-04,1.001142131093465297e-03,1.221309565012836931e-03,1.322188365889081368e-03,1.475169881137622634e-03,7.223590083019164462e-04
0.000000000000000000e+00,0.000000000000000000e+00,0.000000000000000000e+00,0.000000000000000000e+00,0.000000000000000000e+00,0.000000000000000000e+00,0.000000000000000000e+00,0.000000000000000000e+00,0.000000000000000000e+00,0.000000000000000000e+00,0.000000000000000000e+00,0.000000000000000000e+00,0.000000000000000000e+00,0.000000000000000000e+00,0.000000000000000000e+00,0.000000000000000000e+00,0.000000000000000000e+00,0.000000000000000000e+00,0.000000000000000000e+00,0.000000000000000000e+00,0.000000000000000000e+00,0.000000000000000000e+00,0.000000000000000000e+00,0.000000000000000000e+00,0.000000000000000000e+00,0.000000000000000000e+00,0.000000000000000000e+00,0.000000000000000000e+00,0.000000000000000000e+00,0.000000000000000000e+00,0.000000000000000000e+00,0.000000000000000000e+00,0.000000000000000000e+00,0.000000000000000000e+00,0.000000000000000000e+00,0.000000000000000000e+00,0.000000000000000000e+00,0.000000000000000000e+00,0.000000000000000000e+00,0.000000000000000000e+00,0.000000000000000000e+00,0.000000000000000000e+00,0.000000000000000000e+00,0.000000000000000000e+00,0.000000000000000000e+00,0.000000000000000000e+00,0.000000000000000000e+00,0.000000000000000000e+00,0.000000000000000000e+00,0.000000000000000000e+00,0.000000000000000000e+00,0.000000000000000000e+00,0.000000000000000000e+00,0.000000000000000000e+00,0.000000000000000000e+00,0.000000000000000000e+00,0.000000000000000000e+00,0.000000000000000000e+00,0.000000000000000000e+00,0.000000000000000000e+00,0.000000000000000000e+00,0.000000000000000000e+00,0.000000000000000000e+00,0.000000000000000000e+00,0.000000000000000000e+00,0.000000000000000000e+00,0.000000000000000000e+00,0.000000000000000000e+00,0.000000000000000000e+00,0.000000000000000000e+00,0.000000000000000000e+00,0.000000000000000000e+00,0.000000000000000000e+00,0.000000000000000000e+00,0.000000000000000000e+00,0.000000000000000000e+00,0.000000000000000000e+00,0.000000000000000000e+00,0.000000000000000000e+00,0.000000000000000000e+00,0.000000000000000000e+00,0.000000000000000000e+00,0.000000000000000000e+00,0.000000000000000000e+00,0.000000000000000000e+00,0.000000000000000000e+00,0.000000000000000000e+00,0.000000000000000000e+00,0.000000000000000000e+00,0.000000000000000000e+00,0.000000000000000000e+00,0.000000000000000000e+00,0.000000000000000000e+00,0.000000000000000000e+00,0.000000000000000000e+00,0.000000000000000000e+00,0.000000000000000000e+00,0.000000000000000000e+00,0.000000000000000000e+00,0.000000000000000000e+00,0.000000000000000000e+00,0.000000000000000000e+00,0.000000000000000000e+00,0.000000000000000000e+00,0.000000000000000000e+00,0.000000000000000000e+00,0.000000000000000000e+00,0.000000000000000000e+00,0.000000000000000000e+00,0.000000000000000000e+00,0.000000000000000000e+00,0.000000000000000000e+00,0.000000000000000000e+00,0.000000000000000000e+00,0.000000000000000000e+00,0.000000000000000000e+00,0.000000000000000000e+00,0.000000000000000000e+00,0.000000000000000000e+00,0.000000000000000000e+00,0.000000000000000000e+00,0.000000000000000000e+00,0.000000000000000000e+00,0.000000000000000000e+00,0.000000000000000000e+00,0.000000000000000000e+00,0.000000000000000000e+00,0.000000000000000000e+00,0.000000000000000000e+00,0.000000000000000000e+00,0.000000000000000000e+00,0.000000000000000000e+00,0.000000000000000000e+00,0.000000000000000000e+00,0.000000000000000000e+00,0.000000000000000000e+00,0.000000000000000000e+00,0.000000000000000000e+00,0.000000000000000000e+00,0.000000000000000000e+00,0.000000000000000000e+00,0.000000000000000000e+00,0.000000000000000000e+00,0.000000000000000000e+00,0.000000000000000000e+00,0.000000000000000000e+00,0.000000000000000000e+00,0.000000000000000000e+00,0.000000000000000000e+00,0.000000000000000000e+00,0.000000000000000000e+00,0.000000000000000000e+00,0.000000000000000000e+00,0.000000000000000000e+00,0.000000000000000000e+00,0.000000000000000000e+00,0.000000000000000000e+00,0.000000000000000000e+00,0.000000000000000000e+00,0.000000000000000000e+00,0.000000000000000000e+00,0.000000000000000000e+00,0.000000000000000000e+00,0.000000000000000000e+00,0.000000000000000000e+00,0.000000000000000000e+00,0.000000000000000000e+00,0.000000000000000000e+00,0.000000000000000000e+00,0.000000000000000000e+00,0.000000000000000000e+00,0.000000000000000000e+00,0.000000000000000000e+00,0.000000000000000000e+00,0.000000000000000000e+00,0.000000000000000000e+00,0.000000000000000000e+00,0.000000000000000000e+00,0.000000000000000000e+00,0.000000000000000000e+00,0.000000000000000000e+00,0.000000000000000000e+00,0.000000000000000000e+00,0.000000000000000000e+00,0.000000000000000000e+00,0.000000000000000000e+00,0.000000000000000000e+00,0.000000000000000000e+00,0.000000000000000000e+00,0.000000000000000000e+00,0.000000000000000000e+00,0.000000000000000000e+00,0.000000000000000000e+00,0.000000000000000000e+00,0.000000000000000000e+00,4.571916100619417942e-04,5.412673271921260472e-04,5.785642438079093529e-04,6.156366372069061897e-04,6.398941361952911657e-04,6.459556111375025066e-04,6.454198127787182928e-04,6.368583943406018596e-04,6.396618102184392423e-04,6.415399545744829334e-04,6.434296944914049722e-04,6.438991778979450417e-04,6.441235254813135452e-04,6.439519515119943331e-04,6.438606186516195214e-04,6.437744498214502224e-04,6.438257849582434749e-04,6.439421120388736167e-04,6.441539355239973104e-04,6.444244635402963115e-04,6.447793088710018555e-04,6.452198030603666220e-04,6.457805865435527551e-04,6.464772543804542118e-04,6.473361362619418176e-04,6.483615965022332091e-04,6.495570578717713281e-04,6.509066325562874386e-04,6.523932075730784355e-04,6.539889994791260770e-04,6.556691606648538170e-04,6.574058464980680506e-04,6.591755317513324367e-04,6.609552894638169194e-04,6.627256739633619748e-04,6.644709819900250069e-04,6.661794390149926868e-04,6.678468260748175343e-04,6.694723652408180077e-04,6.710632583004811106e-04,6.726254757851271625e-04,6.741699089511964983e-04,6.757009065938087040e-04,6.772267562674427234e-04,6.787479734472259829e-04,6.802716866139230318e-04,6.817980276166756091e-04,6.833357606196523073e-04,6.848851374880980409e-04,6.864541561673131011e-04,6.880392043831933023e-04,6.896438369587283264e-04,6.912592415649014945e-04,6.928861172651362742e-04,6.945145542568458485e-04,6.961474625544438995e-04,6.977783458823495896e-04,6.994147887074062247e-04,7.010536143757180360e-04,7.027045993097262621e-04,7.043641697423911165e-04,7.060407969756013003e-04,7.077291487431430599e-04,7.094384815416810482e-04,7.111671891059897273e-04,7.129316576072888085e-04,7.147374232177594600e-04,7.166054990032436067e-04,7.185405824037522206e-04,7.205586523110618776e-04,7.226575413440268188e-04,7.248493464270623415e-04,7.271334482208459968e-04,7.295295112387243427e-04,7.320461187700648322e-04,7.347086881677551348e-04,7.375239572564416682e-04,7.405086732073827083e-04,7.436571255115449492e-04,7.469754852942512733e-04,7.504546237862259146e-04,7.541070745617424768e-04,7.579349655943609090e-04,7.619583489851402365e-04,7.661772367586311937e-04,7.706012211110091579e-04,7.752168348653519937e-04,7.800244212469424230e-04,7.850115386941564034e-04,7.901893845132626536e-04,7.955573802316282059e-04,8.011321792252249115e-04,8.069148362186290020e-04,8.129242381532740362e-04,8.191598262108777846e-04,8.256303447053453710e-04,8.323259060168379129e-04,8.392578633453321195e-04,8.464257423102234225e-04,8.538471683314615346e-04,8.615300974355925802e-04,8.695057648214137925e-04,8.777866402056418377e-04,8.863933315481774440e-04,8.953290616821562827e-04,9.046099169940007099e-04,9.142301236285206491e-04,9.242083137252457992e-04,9.345683066051291852e-04,9.453537963897860538e-04,9.565942166975591578e-04,9.683535816568626794e-04,9.806762603460231556e-04,9.935705582435382446e-04,1.007017125245486967e-03,1.021065487349913717e-03,1.035767975235595559e-03,1.051162745375245049e-03,1.067320098357187486e-03,1.084396086436107678e-03,1.102460778992762642e-03,1.121474783563993763e-03,1.141434027712113835e-03,1.162480460048664985e-03,1.184690747057443212e-03,1.208019389592758291e-03,1.232542424663772779e-03,1.258660796969389992e-03,1.286607073952719758e-03,1.316157421199734686e-03,1.347359431976881579e-03,1.381044264399161961e-03,1.417344177759623713e-03,1.455762150066656135e-03,1.497314153680441009e-03,1.544442195161284306e-03,1.596842175218999909e-03,1.656984933405217285e-03,1.730602109056697622e-03,1.833021113560132217e-03,1.965392470463742016e-03,2.160747651002884167e-03,2.302437132521664275e-03,1.995610076667009639e-03,6.453052432208473141e-04
0.000000000000000000e+00,0.000000000000000000e+00,0.000000000000000000e+00,0.000000000000000000e+00,0.000000000000000000e+00,0.000000000000000000e+00,0.000000000000000000e+00,0.000000000000000000e+00,0.000000000000000000e+00,0.000000000000000000e+00,0.000000000000000000e+00,0.000000000000000000e+00,0.000000000000000000e+00,0.000000000000000000e+00,0.000000000000000000e+00,0.000000000000000000e+00,0.000000000000000000e+00,0.000000000000000000e+00,0.000000000000000000e+00,0.000000000000000000e+00,0.000000000000000000e+00,0.000000000000000000e+00,0.000000000000000000e+00,0.000000000000000000e+00,0.000000000000000000e+00,0.000000000000000000e+00,0.000000000000000000e+00,0.000000000000000000e+00,0.000000000000000000e+00,0.000000000000000000e+00,0.000000000000000000e+00,0.000000000000000000e+00,0.000000000000000000e+00,0.000000000000000000e+00,0.000000000000000000e+00,0.000000000000000000e+00,0.000000000000000000e+00,0.000000000000000000e+00,0.000000000000000000e+00,0.000000000000000000e+00,0.000000000000000000e+00,0.000000000000000000e+00,0.000000000000000000e+00,0.000000000000000000e+00,0.000000000000000000e+00,0.000000000000000000e+00,0.000000000000000000e+00,0.000000000000000000e+00,0.000000000000000000e+00,0.000000000000000000e+00,0.000000000000000000e+00,0.000000000000000000e+00,0.000000000000000000e+00,0.000000000000000000e+00,0.000000000000000000e+00,0.000000000000000000e+00,0.000000000000000000e+00,0.000000000000000000e+00,0.000000000000000000e+00,0.000000000000000000e+00,0.000000000000000000e+00,0.000000000000000000e+00,0.000000000000000000e+00,0.000000000000000000e+00,0.000000000000000000e+00,0.000000000000000000e+00,0.000000000000000000e+00,0.000000000000000000e+00,0.000000000000000000e+00,0.000000000000000000e+00,0.000000000000000000e+00,0.000000000000000000e+00,0.000000000000000000e+00,0.000000000000000000e+00,0.000000000000000000e+00,0.000000000000000000e+00,0.000000000000000000e+00,0.000000000000000000e+00,0.000000000000000000e+00,0.000000000000000000e+00,0.000000000000000000e+00,0.000000000000000000e+00,0.000000000000000000e+00,0.000000000000000000e+00,0.000000000000000000e+00,0.000000000000000000e+00,0.000000000000000000e+00,0.000000000000000000e+00,0.000000000000000000e+00,0.000000000000000000e+00,0.000000000000000000e+00,0.000000000000000000e+00,0.000000000000000000e+00,0.000000000000000000e+00,0.000000000000000000e+00,0.000000000000000000e+00,0.000000000000000000e+00,0.000000000000000000e+00,0.000000000000000000e+00,0.000000000000000000e+00,0.000000000000000000e+00,0.000000000000000000e+00,0.000000000000000000e+00,0.000000000000000000e+00,0.000000000000000000e+00,0.000000000000000000e+00,0.000000000000000000e+00,0.000000000000000000e+00,0.000000000000000000e+00,0.000000000000000000e+00,0.000000000000000000e+00,0.000000000000000000e+00,0.000000000000000000e+00,0.000000000000000000e+00,0.000000000000000000e+00,0.000000000000000000e+00,0.000000000000000000e+00,0.000000000000000000e+00,0.000000000000000000e+00,0.000000000000000000e+00,0.000000000000000000e+00,0.000000000000000000e+00,0.000000000000000000e+00,0.000000000000000000e+00,0.000000000000000000e+00,0.000000000000000000e+00,0.000000000000000000e+00,0.000000000000000000e+00,0.000000000000000000e+00,0.000000000000000000e+00,0.000000000000000000e+00,0.000000000000000000e+00,0.000000000000000000e+00,0.000000000000000000e+00,0.000000000000000000e+00,0.000000000000000000e+00,0.000000000000000000e+00,0.000000000000000000e+00,0.000000000000000000e+00,0.000000000000000000e+00,0.000000000000000000e+00,0.000000000000000000e+00,0.000000000000000000e+00,0.000000000000000000e+00,0.000000000000000000e+00,0.000000000000000000e+00,0.000000000000000000e+00,0.000000000000000000e+00,0.000000000000000000e+00,0.000000000000000000e+00,0.000000000000000000e+00,0.000000000000000000e+00,0.000000000000000000e+00,0.000000000000000000e+00,0.000000000000000000e+00,0.000000000000000000e+00,0.000000000000000000e+00,0.000000000000000000e+00,0.000000000000000000e+00,0.000000000000000000e+00,0.000000000000000000e+00,0.000000000000000000e+00,0.000000000000000000e+00,0.000000000000000000e+00,0.000000000000000000e+00,0.000000000000000000e+00,0.000000000000000000e+00,0.000000000000000000e+00,0.000000000000000000e+00,0.000000000000000000e+00,0.000000000000000000e+00,0.000000000000000000e+00,0.000000000000000000e+00,0.000000000000000000e+00,0.000000000000000000e+00,0.000000000000000000e+00,0.000000000000000000e+00,0.000000000000000000e+00,0.000000000000000000e+00,0.000000000000000000e+00,0.000000000000000000e+00,0.000000000000000000e+00,0.000000000000000000e+00,0.000000000000000000e+00,0.000000000000000000e+00,0.000000000000000000e+00,0.000000000000000000e+00,6.800064127077208977e-04,8.253527108670761494e-04,8.970457861732940687e-04,9.397074159706938915e-04,9.577567558440346421e-04,9.657276579829100109e-04,9.731153049140918963e-04,9.520973345103578376e-04,9.368783224296080075e-04,9.103508094608968402e-04,9.125142660547227525e-04,9.152073288421198969e-04,9.215204149260433934e-04,9.242554457610682684e-04,9.339768653398167197e-04,9.331463853441631946e-04,9.299685283623020278e-04,9.297892942908227067e-04,9.292122400311298531e-04,9.289675634276770705e-04,9.284170646959116714e-04,9.280965554718316165e-04,9.278825967651985543e-04,9.279639639587028638e-04,9.282611608904989438e-04,9.287976452967753021e-04,9.295190412348222674e-04,9.304191925686338197e-04,9.314878398851769714e-04,9.327350073808089292e-04,9.341808394614587374e-04,9.358419105186687901e-04,9.377376408630893863e-04,9.398682841902269687e-04,9.422306423934894868e-04,9.448000203300057796e-04,9.475504573461551077e-04,9.504420462962805214e-04,9.534395967291523551e-04,9.565024541699821380e-04,9.595977036222256640e-04,9.626919581234904882e-04,9.657597976542856748e-04,9.687793305974754096e-04,9.717370464988047763e-04,9.746266819226587783e-04,9.774490299277321936e-04,9.802120780572219812e-04,9.829253202644880512e-04,9.856020483634115020e-04,9.882510357637427651e-04,9.908835374551655702e-04,9.935042907936633260e-04,9.961227881102338675e-04,9.987421565861159811e-04,1.001372181261958073e-03,1.004014590549892096e-03,1.006677183833996512e-03,1.009356799346372395e-03,1.012056199585859885e-03,1.014766583548750616e-03,1.017487668672604562e-03,1.020209404795413988e-03,1.022933739629438600e-03,1.025654085031294264e-03,1.028377284504044696e-03,1.031100392909094438e-03,1.033832997996524984e-03,1.036572443197150131e-03,1.039327907830794092e-03,1.042095970676177067e-03,1.044887630544404436e-03,1.047703986463682747e-03,1.050563619702966044e-03,1.053474844909949503e-03,1.056460829872093955e-03,1.059529070975682389e-03,1.062697885166338481e-03,1.065968041380849305e-03,1.069353902799412585e-03,1.072857270948304135e-03,1.076499023215510970e-03,1.080288621307595861e-03,1.084251240923894601e-03,1.088393640103422306e-03,1.092732096686441744e-03,1.097260889036074001e-03,1.101985813192667271e-03,1.106897799505867242e-03,1.112008545390556118e-03,1.117318945058445737e-03,1.122847083572482002e-03,1.128591754545889498e-03,1.134561479148534511e-03,1.140742362297318810e-03,1.147134178324851804e-03,1.153724018745353212e-03,1.160521366418799678e-03,1.167523396068078896e-03,1.174744572257975734e-03,1.182184708178528592e-03,1.189860838221676147e-03,1.197770125146824889e-03,1.205919594693092688e-03,1.214298984505934832e-03,1.222918346707817325e-03,1.231774693940194086e-03,1.240883678000516974e-03,1.250252476473195191e-03,1.259910215911047224e-03,1.269866801268206653e-03,1.280142504711179272e-03,1.290740601179026989e-03,1.301674191113722781e-03,1.312935310805354210e-03,1.324543410215235336e-03,1.336519099571930116e-03,1.348897683610071705e-03,1.361705390793981540e-03,1.375006657421367360e-03,1.388837741511670179e-03,1.403197755981794650e-03,1.418070538697302702e-03,1.433505159563809063e-03,1.449534843045052106e-03,1.466181287323076350e-03,1.483512554959648096e-03,1.501670315652870683e-03,1.520699063942361094e-03,1.540553809231621444e-03,1.561233659119971905e-03,1.582843980996701634e-03,1.605414029287431958e-03,1.628888945857884631e-03,1.653338263760327454e-03,1.679052491597707525e-03,1.706155064261594741e-03,1.734458621643157226e-03,1.764059628799273614e-03,1.795491247794241910e-03,1.828657384671433404e-03,1.863241562782080776e-03,1.900301294754180338e-03,1.941259828421802378e-03,1.986419917952920392e-03,2.035811412202041381e-03,2.099286075995768393e-03,2.168340381925258718e-03,2.266547253891094179e-03,2.322364143917704515e-03,2.276438187107394234e-03,1.693645808230141367e-03,4.373627222971463065e-04
0.000000000000000000e+00,0.000000000000000000e+00,0.000000000000000000e+00,0.000000000000000000e+00,0.000000000000000000e+00,0.000000000000000000e+00,0.000000000000000000e+00,0.000000000000000000e+00,0.000000000000000000e+00,0.000000000000000000e+00,0.000000000000000000e+00,0.000000000000000000e+00,0.000000000000000000e+00,0.000000000000000000e+00,0.000000000000000000e+00,0.000000000000000000e+00,0.000000000000000000e+00,0.000000000000000000e+00,0.000000000000000000e+00,0.000000000000000000e+00,0.000000000000000000e+00,0.000000000000000000e+00,0.000000000000000000e+00,0.000000000000000000e+00,0.000000000000000000e+00,0.000000000000000000e+00,0.000000000000000000e+00,0.000000000000000000e+00,0.000000000000000000e+00,0.000000000000000000e+00,0.000000000000000000e+00,0.000000000000000000e+00,0.000000000000000000e+00,0.000000000000000000e+00,0.000000000000000000e+00,0.000000000000000000e+00,0.000000000000000000e+00,0.000000000000000000e+00,0.000000000000000000e+00,0.000000000000000000e+00,0.000000000000000000e+00,0.000000000000000000e+00,0.000000000000000000e+00,0.000000000000000000e+00,0.000000000000000000e+00,0.000000000000000000e+00,0.000000000000000000e+00,0.000000000000000000e+00,0.000000000000000000e+00,0.000000000000000000e+00,0.000000000000000000e+00,0.000000000000000000e+00,0.000000000000000000e+00,0.000000000000000000e+00,0.000000000000000000e+00,0.000000000000000000e+00,0.000000000000000000e+00,0.000000000000000000e+00,0.000000000000000000e+00,0.000000000000000000e+00,0.000000000000000000e+00,0.000000000000000000e+00,0.000000000000000000e+00,0.000000000000000000e+00,0.000000000000000000e+00,0.000000000000000000e+00,0.000000000000000000e+00,0.000000000000000000e+00,0.000000000000000000e+00,0.000000000000000000e+00,0.000000000000000000e+00,0.000000000000000000e+00,0.000000000000000000e+00,0.000000000000000000e+00,0.000000000000000000e+00,0.000000000000000000e+00,0.000000000000000000e+00,0.000000000000000000e+00,0.000000000000000000e+00,0.000000000000000000e+00,0.000000000000000000e+00,0.000000000000000000e+00,0.000000000000000000e+00,0.000000000000000000e+00,0.000000000000000000e+00,0.000000000000000000e+00,0.000000000000000000e+00,0.000000000000000000e+00,0.000000000000000000e+00,0.000000000000000000e+00,0.000000000000000000e+00,0.000000000000000000e+00,0.000000000000000000e+00,0.000000000000000000e+00,0.000000000000000000e+00,0.000000000000000000e+00,0.000000000000000000e+00,0.000000000000000000e+00,0.000000000000000000e+00,0.000000000000000000e+00,0.000000000000000000e+00,0.000000000000000000e+00,0.000000000000000000e+00,0.000000000000000000e+00,0.000000000000000000e+00,0.000000000000000000e+00,0.000000000000000000e+00,0.000000000000000000e+00,0.000000000000000000e+00,0.000000000000000000e+00,0.000000000000000000e+00,0.000000000000000000e+00,0.000000000000000000e+00,0.000000000000000000e+00,0.000000000000000000e+00,0.000000000000000000e+00,0.000000000000000000e+00,0.000000000000000000e+00,0.000000000000000000e+00,0.000000000000000000e+00,0.000000000000000000e+00,0.000000000000000000e+00,0.000000000000000000e+00,0.000000000000000000e+00,0.000000000000000000e+00,0.000000000000000000e+00,0.000000000000000000e+00,0.000000000000000000e+00,0.000000000000000000e+00,0.000000000000000000e+00,0.000000000000000000e+00,0.000000000000000000e+00,0.000000000000000000e+00,0.000000000000000000e+00,0.000000000000000000e+00,0.000000000000000000e+00,0.000000000000000000e+00,0.000000000000000000e+00,0.000000000000000000e+00,0.000000000000000000e+00,0.000000000000000000e+00,0.000000000000000000e+00,0.000000000000000000e+00,0.000000000000000000e+00,0.000000000000000000e+00,0.000000000000000000e+00,0.000000000000000000e+00,0.000000000000000000e+00,0.000000000000000000e+00,0.000000000000000000e+00,0.000000000000000000e+00,0.000000000000000000e+00,0.000000000000000000e+00,0.000000000000000000e+00,0.000000000000000000e+00,0.000000000000000000e+00,0.000000000000000000e+00,0.000000000000000000e+00,0.000000000000000000e+00,0.000000000000000000e+00,0.000000000000000000e+00,0.000000000000000000e+00,0.000000000000000000e+00,0.000000000000000000e+00,0.000000000000000000e+00,0.000000000000000000e+00,0.000000000000000000e+00,0.000000000000000000e+00,0.000000000000000000e+00,0.000000000000000000e+00,0.000000000000000000e+00,0.000000000000000000e+00,0.000000000000000000e+00,0.000000000000000000e+00,0.000000000000000000e+00,0.000000000000000000e+00,0.000000000000000000e+00,0.000000000000000000e+00,0.000000000000000000e+00,0.000000000000000000e+00,0.000000000000000000e+00,0.000000000000000000e+00,6.388802083298822983e-04,8.152313640616249508e-04,9.530424183261770573e-04,1.082283146256363430e-03,1.129179427793491940e-03,1.171444973387715917e-03,1.159627180240359627e-03,1.172099448193748188e-03,1.174613364024138223e-03,1.172064020043540183e-03,1.162804238866912716e-03,1.146312205851995848e-03,1.130968482276316746e-03,1.145277024091512739e-03,1.139220593181936763e-03,1.127861266467280934e-03,1.125252938878109135e-03,1.122979437713017168e-03,1.126656023680702116e-03,1.127005545095757962e-03,1.129124026832244339e-03,1.128443945247165721e-03,1.126811729896922331e-03,1.126060616140078102e-03,1.125221173325333503e-03,1.124775966967853395e-03,1.124451600937599648e-03,1.124522923382328477e-03,1.124875500797769797e-03,1.125594146067312919e-03,1.126587379522867418e-03,1.127869340866970594e-03,1.129385467156324369e-03,1.131152954213736307e-03,1.133157962568688039e-03,1.135430885217524706e-03,1.137974074795421089e-03,1.140809772605105334e-03,1.143927644107372351e-03,1.147323572146418790e-03,1.150963302503735242e-03,1.154817678958645422e-03,1.158837338913107232e-03,1.162982601059593928e-03,1.167203700922445856e-03,1.171463210152536407e-03,1.175720025032609990e-03,1.179945570600577807e-03,1.184112564395897391e-03,1.188206342708885820e-03,1.192217616949233210e-03,1.196147767073299679e-03,1.200003596258965646e-03,1.203796437745640983e-03,1.207539751940168212e-03,1.211244972741422777e-03,1.214924304659506429e-03,1.218585275570250757e-03,1.222238268644929710e-03,1.225888570526690625e-03,1.229546195683955782e-03,1.233214119558072698e-03,1.236899698834018069e-03,1.240600366169602358e-03,1.244318101568135529e-03,1.248044360644148462e-03,1.251777925074619479e-03,1.255508804093079462e-03,1.259237952110314708e-03,1.262958747026410571e-03,1.266677077118689813e-03,1.270390028070551239e-03,1.274106470128946516e-03,1.277824079850646598e-03,1.281551791706020751e-03,1.285287054653192753e-03,1.289041228158916341e-03,1.292816737844429019e-03,1.296632796906803387e-03,1.300499075558813646e-03,1.304439345820696417e-03,1.308462431856839605e-03,1.312587275164331683e-03,1.316815862007421215e-03,1.321162886507916629e-03,1.325630772047724313e-03,1.330239824832850446e-03,1.334998955314073291e-03,1.339931765941299903e-03,1.345043941015251808e-03,1.350350090477360791e-03,1.355843353606506945e-03,1.361527826025398869e-03,1.367393243962728875e-03,1.373449244082541182e-03,1.379694703444597596e-03,1.386145147049726647e-03,1.392797727989879405e-03,1.399659241757615158e-03,1.406714582290949497e-03,1.413961775505733235e-03,1.421386150351762034e-03,1.428994170341575318e-03,1.436779724605854926e-03,1.444753791818484704e-03,1.452913334019872863e-03,1.461271813948540827e-03,1.469822684145685602e-03,1.478569408817325586e-03,1.487498797758340366e-03,1.496616797243000658e-03,1.505915495760881163e-03,1.515405841661454991e-03,1.525090995472987458e-03,1.534995098985453884e-03,1.545123306307676298e-03,1.555492736332834882e-03,1.566103185188767863e-03,1.576961528823148887e-03,1.588054061416396042e-03,1.599396218686392019e-03,1.611000970241186240e-03,1.622891833962301130e-03,1.635087088375116382e-03,1.647646951448608491e-03,1.660598599861872306e-03,1.673930437473121003e-03,1.687621378392231654e-03,1.701712889623201901e-03,1.716218369658704728e-03,1.731138955212124580e-03,1.746527927691550854e-03,1.762510130166619789e-03,1.779112068456038375e-03,1.796282552226833879e-03,1.814005105042474980e-03,1.832345025641319344e-03,1.851290207963317150e-03,1.870782093663709471e-03,1.890849012471672135e-03,1.911670352993650882e-03,1.933279531803167245e-03,1.955549919559236051e-03,1.978542717049810822e-03,2.002533030446394021e-03,2.027300991060495498e-03,2.052585937365388868e-03,2.079237868205560235e-03,2.107782677619224939e-03,2.138366244946717041e-03,2.170132163419295421e-03,2.206411886805447354e-03,2.238095190991256939e-03,2.253611855279959685e-03,2.191588777042552654e-03,1.935652809848944795e-03,1.389582996851004837e-03,3.512049475279313679e-04
0.000000000000000000e+00,0.000000000000000000e+00,0.000000000000000000e+00,0.000000000000000000e+00,0.000000000000000000e+00,0.000000000000000000e+00,0.000000000000000000e+00,0.000000000000000000e+00,0.000000000000000000e+00,0.000000000000000000e+00,0.000000000000000000e+00,0.000000000000000000e+00,0.000000000000000000e+00,0.000000000000000000e+00,0.000000000000000000e+00,0.000000000000000000e+00,0.000000000000000000e+00,0.000000000000000000e+00,0.000000000000000000e+00,0.000000000000000000e+00,0.000000000000000000e+00,0.000000000000000000e+00,0.000000000000000000e+00,0.000000000000000000e+00,0.000000000000000000e+00,0.000000000000000000e+00,0.000000000000000000e+00,0.000000000000000000e+00,0.000000000000000000e+00,0.000000000000000000e+00,0.000000000000000000e+00,0.000000000000000000e+00,0.000000000000000000e+00,0.000000000000000000e+00,0.000000000000000000e+00,0.000000000000000000e+00,0.000000000000000000e+00,0.000000000000000000e+00,0.000000000000000000e+00,0.000000000000000000e+00,0.000000000000000000e+00,0.000000000000000000e+00,0.000000000000000000e+00,0.000000000000000000e+00,0.000000000000000000e+00,0.000000000000000000e+00,0.000000000000000000e+00,0.000000000000000000e+00,0.000000000000000000e+00,0.000000000000000000e+00,0.000000000000000000e+00,0.000000000000000000e+00,0.000000000000000000e+00,0.000000000000000000e+00,0.000000000000000000e+00,0.000000000000000000e+00,0.000000000000000000e+00,0.000000000000000000e+00,0.000000000000000000e+00,0.000000000000000000e+00,0.000000000000000000e+00,0.000000000000000000e+00,0.000000000000000000e+00,0.000000000000000000e+00,0.000000000000000000e+00,0.000000000000000000e+00,0.000000000000000000e+00,0.000000000000000000e+00,0.000000000000000000e+00,0.000000000000000000e+00,0.000000000000000000e+00,0.000000000000000000e+00,0.000000000000000000e+00,0.000000000000000000e+00,0.000000000000000000e+00,0.000000000000000000e+00,0.000000000000000000e+00,0.000000000000000000e+00,0.000000000000000000e+00,0.000000000000000000e+00,0.000000000000000000e+00,0.000000000000000000e+00,0.000000000000000000e+00,0.000000000000000000e+00,0.000000000000000000e+00,0.000000000000000000e+00,0.000000000000000000e+00,0.000000000000000000e+00,0.000000000000000000e+00,0.000000000000000000e+00,0.000000000000000000e+00,0.000000000000000000e+00,0.000000000000000000e+00,0.000000000000000000e+00,0.000000000000000000e+00,0.000000000000000000e+00,0.000000000000000000e+00,0.000000000000000000e+00,0.000000000000000000e+00,0.000000000000000000e+00,0.000000000000000000e+00,0.000000000000000000e+00,0.000000000000000000e+00,0.000000000000000000e+00,0.000000000000000000e+00,0.000000000000000000e+00,0.000000000000000000e+00,0.000000000000000000e+00,0.000000000000000000e+00,0.000000000000000000e+00,0.000000000000000000e+00,0.000000000000000000e+00,0.000000000000000000e+00,0.000000000000000000e+00,0.000000000000000000e+00,0.000000000000000000e+00,0.000000000000000000e+00,0.000000000000000000e+00,0.000000000000000000e+00,0.000000000000000000e+00,0.000000000000000000e+00,0.000000000000000000e+00,0.000000000000000000e+00,0.000000000000000000e+00,0.000000000000000000e+00,0.000000000000000000e+00,0.000000000000000000e+00,0.000000000000000000e+00,0.000000000000000000e+00,0.000000000000000000e+00,0.000000000000000000e+00,0.000000000000000000e+00,0.000000000000000000e+00,0.000000000000000000e+00,0.000000000000000000e+00,0.000000000000000000e+00,0.000000000000000000e+00,0.000000000000000000e+00,0.000000000000000000e+00,0.000000000000000000e+00,0.000000000000000000e+00,0.000000000000000000e+00,0.000000000000000000e+00,0.000000000000000000e+00,0.000000000000000000e+00,0.000000000000000000e+00,0.000000000000000000e+00,0.000000000000000000e+00,0.000000000000000000e+00,0.000000000000000000e+00,0.000000000000000000e+00,0.000000000000000000e+00,0.000000000000000000e+00,0.000000000000000000e+00,0.000000000000000000e+00,0.000000000000000000e+00,0.000000000000000000e+00,0.000000000000000000e+00,0.000000000000000000e+00,0.000000000000000000e+00,0.000000000000000000e+00,0.000000000000000000e+00,0.000000000000000000e+00,0.000000000000000000e+00,0.000000000000000000e+00,0.000000000000000000e+00,0.000000000000000000e+00,0.000000000000000000e+00,0.000000000000000000e+00,0.000000000000000000e+00,0.000000000000000000e+00,0.000000000000000000e+00,0.000000000000000000e+00,0.000000000000000000e+00,1.426648021223669068e-03,1.774390942312750004e-03,1.821921071067622057e-03,1.757095961751592612e-03,1.595346062522394253e-03,1.442538566848218474e-03,1.322346536903656802e-03,1.206659777891204476e-03,1.155832389070669212e-03,1.124866231588727769e-03,1.162698866309919404e-03,1.198239875328877121e-03,1.243969013381120148e-03,1.314149592403009376e-03,1.335384879032312658e-03,1.326732207121228326e-03,1.317668545199264128e-03,1.301946923028969453e-03,1.284644623732023646e-03,1.267432622756650695e-03,1.262957968794606051e-03,1.257356751753737874e-03,1.260242324197257107e-03,1.257787943671095920e-03,1.253229100050659616e-03,1.252956612062101037e-03,1.251956472871699512e-03,1.253167833726237263e-03,1.252787078630322086e-03,1.253343391800358295e-03,1.253010078675361729e-03,1.252392784849727702e-03,1.252155338993322150e-03,1.252058657341330143e-03,1.252334070350395344e-03,1.252882974018199079e-03,1.253796341326341487e-03,1.255017865897435116e-03,1.256550575670100723e-03,1.258362032535184465e-03,1.260440221710924834e-03,1.262787953171427228e-03,1.265407591118002280e-03,1.268324672923541469e-03,1.271544926551356359e-03,1.275088485854982941e-03,1.278942980760113457e-03,1.283103310782131431e-03,1.287531398206953051e-03,1.292197614385684392e-03,1.297048230787581618e-03,1.302043005256224399e-03,1.307127531332877811e-03,1.312263479384726504e-03,1.317405149959310819e-03,1.322522985560486324e-03,1.327585597467532312e-03,1.332577568363291481e-03,1.337486211695829846e-03,1.342312525514809856e-03,1.347060741309614356e-03,1.351742377012855574e-03,1.356369325496822485e-03,1.360953921070306863e-03,1.365507719777294586e-03,1.370039577997246615e-03,1.374559624078543641e-03,1.379074368245724377e-03,1.383593479742194340e-03,1.388120783344879046e-03,1.392663086152452941e-03,1.397218367359378361e-03,1.401787944385724611e-03,1.406363593844863358e-03,1.410943302296922310e-03,1.415517157780042754e-03,1.420085165190636744e-03,1.424640556008641926e-03,1.429188133835251331e-03,1.433724695145829290e-03,1.438258011771308522e-03,1.442785490792026625e-03,1.447315118859788348e-03,1.451844278179251430e-03,1.456383668381043767e-03,1.460935873673128646e-03,1.465519602383367126e-03,1.470144716066968792e-03,1.474834509762804188e-03,1.479598019163740411e-03,1.484453716579892373e-03,1.489403640415005569e-03,1.494461682195531932e-03,1.499629784563414605e-03,1.504926771874951288e-03,1.510360284357090046e-03,1.515951864911920487e-03,1.521705758955043493e-03,1.527634647279719126e-03,1.533730255757070329e-03,1.539994656521487173e-03,1.546416012292887521e-03,1.553001637244800798e-03,1.559748332345193590e-03,1.566669187597987192e-03,1.573759906369509706e-03,1.581025755559090779e-03,1.588450502326715528e-03,1.596030301044724107e-03,1.603748475871391013e-03,1.611608337371198303e-03,1.619600458188479464e-03,1.627732161175745500e-03,1.635997252237642160e-03,1.644405476794470267e-03,1.652946571021158282e-03,1.661620096257374404e-03,1.670409189243657290e-03,1.679315017360864066e-03,1.688324192125160994e-03,1.697442012446255359e-03,1.706666532720638564e-03,1.716016433983127542e-03,1.725491944035280724e-03,1.735106382359121726e-03,1.744855542835130162e-03,1.754740012278902797e-03,1.764739443864482256e-03,1.774863583148710098e-03,1.785117421204841749e-03,1.795512761842269151e-03,1.806058097053174450e-03,1.816808546504785054e-03,1.827785569002670458e-03,1.838968870962343115e-03,1.850329556059481829e-03,1.861900648693488348e-03,1.873680215108143501e-03,1.885648318814425349e-03,1.897838904825904088e-03,1.910362154146358089e-03,1.923237209375219152e-03,1.936408332048511005e-03,1.949844922377722218e-03,1.963574742300700122e-03,1.977558328711059594e-03,1.991725749223274746e-03,2.006075502488492614e-03,2.020681353691301807e-03,2.035528784022555202e-03,2.050496042450307768e-03,2.065629175235158665e-03,2.080986882008720347e-03,2.096362897511022585e-03,2.111290918269730262e-03,2.126364197512655048e-03,2.141231584619300403e-03,2.155958687562412306e-03,2.167004386850492331e-03,2.175893565700341963e-03,2.165140223866661180e-03,2.120882751792297835e-03,1.955176556357759651e-03,1.604554579838404944e-03,1.081572257355376638e-03,2.670986862277630459e-04
0.000000000000000000e+00,0.000000000000000000e+00,0.000000000000000000e+00,0.000000000000000000e+00,0.000000000000000000e+00,0.000000000000000000e+00,0.000000000000000000e+00,0.000000000000000000e+00,0.000000000000000000e+00,0.000000000000000000e+00,0.000000000000000000e+00,0.000000000000000000e+00,0.000000000000000000e+00,0.000000000000000000e+00,0.000000000000000000e+00,0.000000000000000000e+00,0.000000000000000000e+00,0.000000000000000000e+00,0.000000000000000000e+00,0.000000000000000000e+00,0.000000000000000000e+00,0.000000000000000000e+00,0.000000000000000000e+00,0.000000000000000000e+00,0.000000000000000000e+00,0.000000000000000000e+00,0.000000000000000000e+00,0.000000000000000000e+00,0.000000000000000000e+00,0.000000000000000000e+00,0.000000000000000000e+00,0.000000000000000000e+00,0.000000000000000000e+00,0.000000000000000000e+00,0.000000000000000000e+00,0.000000000000000000e+00,0.000000000000000000e+00,0.000000000000000000e+00,0.000000000000000000e+00,0.000000000000000000e+00,0.000000000000000000e+00,0.000000000000000000e+00,0.000000000000000000e+00,0.000000000000000000e+00,0.000000000000000000e+00,0.000000000000000000e+00,0.000000000000000000e+00,0.000000000000000000e+00,0.000000000000000000e+00,0.000000000000000000e+00,0.000000000000000000e+00,0.000000000000000000e+00,0.000000000000000000e+00,0.000000000000000000e+00,0.000000000000000000e+00,0.000000000000000000e+00,0.000000000000000000e+00,0.000000000000000000e+00,0.000000000000000000e+00,0.000000000000000000e+00,0.000000000000000000e+00,0.000000000000000000e+00,0.000000000000000000e+00,0.000000000000000000e+00,0.000000000000000000e+00,0.000000000000000000e+00,0.000000000000000000e+00,0.000000000000000000e+00,0.000000000000000000e+00,0.000000000000000000e+00,0.000000000000000000e+00,0.000000000000000000e+00,0.000000000000000000e+00,0.000000000000000000e+00,0.000000000000000000e+00,0.000000000000000000e+00,0.000000000000000000e+00,0.000000000000000000e+00,0.000000000000000000e+00,0.000000000000000000e+00,0.000000000000000000e+00,0.000000000000000000e+00,0.000000000000000000e+00,0.000000000000000000e+00,0.000000000000000000e+00,0.000000000000000000e+00,0.000000000000000000e+00,0.000000000000000000e+00,0.000000000000000000e+00,0.000000000000000000e+00,0.000000000000000000e+00,0.000000000000000000e+00,0.000000000000000000e+00,0.000000000000000000e+00,0.000000000000000000e+00,0.000000000000000000e+00,0.000000000000000000e+00,0.000000000000000000e+00,0.000000000000000000e+00,0.000000000000000000e+00,0.000000000000000000e+00,0.000000000000000000e+00,0.000000000000000000e+00,0.000000000000000000e+00,0.000000000000000000e+00,0.000000000000000000e+00,0.000000000000000000e+00,0.000000000000000000e+00,0.000000000000000000e+00,0.000000000000000000e+00,0.000000000000000000e+00,0.000000000000000000e+00,0.000000000000000000e+00,0.000000000000000000e+00,0.000000000000000000e+00,0.000000000000000000e+00,0.000000000000000000e+00,0.000000000000000000e+00,0.000000000000000000e+00,0.000000000000000000e+00,0.000000000000000000e+00,0.000000000000000000e+00,0.000000000000000000e+00,0.000000000000000000e+00,0.000000000000000000e+00,0.000000000000000000e+00,0.000000000000000000e+00,0.000000000000000000e+00,0.000000000000000000e+00,0.000000000000000000e+00,0.000000000000000000e+00,0.000000000000000000e+00,0.000000000000000000e+00,0.000000000000000000e+00,0.000000000000000000e+00,0.000000000000000000e+00,0.000000000000000000e+00,0.000000000000000000e+00,0.000000000000000000e+00,0.000000000000000000e+00,0.000000000000000000e+00,0.000000000000000000e+00,0.000000000000000000e+00,0.000000000000000000e+00,0.000000000000000000e+00,0.000000000000000000e+00,0.000000000000000000e+00,0.000000000000000000e+00,0.000000000000000000e+00,0.000000000000000000e+00,0.000000000000000000e+00,0.000000000000000000e+00,0.000000000000000000e+00,0.000000000000000000e+00,0.000000000000000000e+00,0.000000000000000000e+00,0.000000000000000000e+00,0.000000000000000000e+00,0.000000000000000000e+00,0.000000000000000000e+00,0.000000000000000000e+00,0.000000000000000000e+00,0.000000000000000000e+00,0.000000000000000000e+00,0.000000000000000000e+00,0.000000000000000000e+00,0.000000000000000000e+00,0.000000000000000000e+00,0.000000000000000000e+00,0.000000000000000000e+00,0.000000000000000000e+00,0.000000000000000000e+00,0.000000000000000000e+00,1.492205795498664691e-03,1.983597643800601943e-03,2.088710068564983251e-03,2.094271425767501964e-03,1.964086713726332246e-03,1.793534253580891151e-03,1.604281555708871000e-03,1.435680059777801575e-03,1.318735124528897743e-03,1.294379726341563517e-03,1.279732202727696397e-03,1.277254322438245177e-03,1.301352567987798048e-03,1.339699458340057716e-03,1.369398242564196563e-03,1.392649816804860437e-03,1.393919352734083019e-03,1.379485921203246019e-03,1.362964496107291461e-03,1.344840573123677130e-03,1.333007772172960757e-03,1.323434813374737640e-03,1.321628861008143510e-03,1.319572358491015495e-03,1.321158406101584880e-03,1.321733051005600200e-03,1.321175620835673623e-03,1.322101103508099233e-03,1.322011630283850608e-03,1.322862027543300926e-03,1.323194379669414373e-03,1.323949699848311293e-03,1.324503819893646343e-03,1.325062840105644020e-03,1.325915083888731241e-03,1.326955148888640454e-03,1.328314947957351215e-03,1.329901104877590856e-03,1.331775293050223080e-03,1.333869831614154606e-03,1.336220025396870747e-03,1.338790786265105183e-03,1.341622747116433170e-03,1.344709445187728400e-03,1.348095809381610454e-03,1.351781808381334344e-03,1.355797274615058940e-03,1.360125414919660701e-03,1.364767075787439062e-03,1.369681483298349454e-03,1.374843981612292260e-03,1.380199556719606318e-03,1.385712332228752853e-03,1.391326977336967020e-03,1.397008382556343955e-03,1.402709397905477044e-03,1.408402197850042560e-03,1.414053087165344355e-03,1.419646953007968867e-03,1.425168058918082964e-03,1.430616695226298194e-03,1.435993803262032619e-03,1.441309910098480512e-03,1.446574075085040783e-03,1.451798030321250089e-03,1.456991333384320729e-03,1.462162769169862058e-03,1.467321137104754796e-03,1.472473164331627917e-03,1.477627566780526395e-03,1.482788493383831912e-03,1.487962035980293406e-03,1.493146563556684925e-03,1.498342835318163977e-03,1.503542974475148434e-03,1.508744374340511511e-03,1.513937266591445889e-03,1.519120892110490404e-03,1.524288350399815011e-03,1.529443449509264785e-03,1.534582580225548644e-03,1.539712324917278351e-03,1.544829488929823228e-03,1.549940753175718493e-03,1.555042809482516360e-03,1.560145045719625329e-03,1.565249353866752634e-03,1.570373151276765328e-03,1.575525615963668238e-03,1.580728808506033168e-03,1.585991141835816883e-03,1.591329865483531681e-03,1.596746226128317476e-03,1.602252561687791954e-03,1.607849587495827981e-03,1.613554132520538713e-03,1.619372203276007571e-03,1.625323181335107002e-03,1.631409861773033257e-03,1.637643134883024062e-03,1.644013422827834319e-03,1.650520868569110020e-03,1.657152058776051144e-03,1.663912088458857890e-03,1.670795908253071803e-03,1.677814557727891993e-03,1.684962713011998970e-03,1.692244592823443847e-03,1.699643247821787211e-03,1.707153246746472529e-03,1.714756116666893383e-03,1.722452360303118254e-03,1.730229692269818738e-03,1.738092170806902368e-03,1.746030777100694101e-03,1.754052058087205920e-03,1.762142713684100278e-03,1.770298850270983623e-03,1.778500103192056161e-03,1.786743102218868277e-03,1.795009305215472008e-03,1.803298326766166262e-03,1.811602998718919895e-03,1.819936931083287156e-03,1.828296065872949110e-03,1.836690240095345279e-03,1.845111914874528755e-03,1.853556556668723397e-03,1.861997509097651190e-03,1.870438426136318815e-03,1.878877360197849346e-03,1.887316042316414472e-03,1.895752661010382829e-03,1.904237035242571912e-03,1.912788828217855961e-03,1.921383252160731997e-03,1.929983115097100820e-03,1.938613315740990049e-03,1.947261391213706005e-03,1.955889593014476218e-03,1.964509875136818181e-03,1.973219500789533988e-03,1.982036068318518331e-03,1.990906959583599398e-03,1.999789583713161654e-03,2.008686393229916489e-03,2.017529212728531949e-03,2.026243690025982588e-03,2.034791971565798070e-03,2.043191718008105420e-03,2.051364498101350062e-03,2.059205631664060183e-03,2.066645318360671793e-03,2.073729139960956737e-03,2.080141921278807777e-03,2.085426209368894650e-03,2.089278054973916013e-03,2.091570383789677183e-03,2.090744932347054011e-03,2.083993899813931395e-03,2.066832930083941939e-03,2.027128828246131404e-03,1.939607130740683564e-03,1.743557051142159047e-03,1.415160773779735757e-03,8.797313517196167802e-04,2.086599528364359822e-04
0.000000000000000000e+00,0.000000000000000000e+00,0.000000000000000000e+00,0.000000000000000000e+00,0.000000000000000000e+00,0.000000000000000000e+00,0.000000000000000000e+00,0.000000000000000000e+00,0.000000000000000000e+00,0.000000000000000000e+00,0.000000000000000000e+00,0.000000000000000000e+00,0.000000000000000000e+00,0.000000000000000000e+00,0.000000000000000000e+00,0.000000000000000000e+00,0.000000000000000000e+00,0.000000000000000000e+00,0.000000000000000000e+00,0.000000000000000000e+00,0.000000000000000000e+00,0.000000000000000000e+00,0.000000000000000000e+00,0.000000000000000000e+00,0.000000000000000000e+00,0.000000000000000000e+00,0.000000000000000000e+00,0.000000000000000000e+00,0.000000000000000000e+00,0.000000000000000000e+00,0.000000000000000000e+00,0.000000000000000000e+00,0.000000000000000000e+00,0.000000000000000000e+00,0.000000000000000000e+00,0.000000000000000000e+00,0.000000000000000000e+00,0.000000000000000000e+00,0.000000000000000000e+00,0.000000000000000000e+00,0.000000000000000000e+00,0.000000000000000000e+00,0.000000000000000000e+00,0.000000000000000000e+00,0.000000000000000000e+00,0.000000000000000000e+00,0.000000000000000000e+00,0.000000000000000000e+00,0.000000000000000000e+00,0.000000000000000000e+00,0.000000000000000000e+00,0.000000000000000000e+00,0.000000000000000000e+00,0.000000000000000000e+00,0.000000000000000000e+00,0.000000000000000000e+00,0.000000000000000000e+00,0.000000000000000000e+00,0.000000000000000000e+00,0.000000000000000000e+00,0.000000000000000000e+00,0.000000000000000000e+00,0.000000000000000000e+00,0.000000000000000000e+00,0.000000000000000000e+00,0.000000000000000000e+00,0.000000000000000000e+00,0.000000000000000000e+00,0.000000000000000000e+00,0.000000000000000000e+00,0.000000000000000000e+00,0.000000000000000000e+00,0.000000000000000000e+00,0.000000000000000000e+00,0.000000000000000000e+00,0.000000000000000000e+00,0.000000000000000000e+00,0.000000000000000000e+00,0.000000000000000000e+00,0.000000000000000000e+00,0.000000000000000000e+00,0.000000000000000000e+00,0.000000000000000000e+00,0.000000000000000000e+00,0.000000000000000000e+00,0.000000000000000000e+00,0.000000000000000000e+00,0.000000000000000000e+00,0.000000000000000000e+00,0.000000000000000000e+00,0.000000000000000000e+00,0.000000000000000000e+00,0.000000000000000000e+00,0.000000000000000000e+00,0.000000000000000000e+00,0.000000000000000000e+00,0.000000000000000000e+00,0.000000000000000000e+00,0.000000000000000000e+00,0.000000000000000000e+00,0.000000000000000000e+00,0.000000000000000000e+00,0.000000000000000000e+00,0.000000000000000000e+00,0.000000000000000000e+00,0.000000000000000000e+00,0.000000000000000000e+00,0.000000000000000000e+00,0.000000000000000000e+00,0.000000000000000000e+00,0.000000000000000000e+00,0.000000000000000000e+00,0.000000000000000000e+00,0.000000000000000000e+00,0.000000000000000000e+00,0.000000000000000000e+00,0.000000000000000000e+00,0.000000000000000000e+00,0.000000000000000000e+00,0.000000000000000000e+00,0.000000000000000000e+00,0.000000000000000000e+00,0.000000000000000000e+00,0.000000000000000000e+00,0.000000000000000000e+00,0.000000000000000000e+00,0.000000000000000000e+00,0.000000000000000000e+00,0.000000000000000000e+00,0.000000000000000000e+00,0.000000000000000000e+00,0.000000000000000000e+00,0.000000000000000000e+00,0.000000000000000000e+00,0.000000000000000000e+00,0.000000000000000000e+00,0.000000000000000000e+00,0.000000000000000000e+00,0.000000000000000000e+00,0.000000000000000000e+00,0.000000000000000000e+00,0.000000000000000000e+00,0.000000000000000000e+00,0.000000000000000000e+00,0.000000000000000000e+00,0.000000000000000000e+00,0.000000000000000000e+00,0.000000000000000000e+00,0.000000000000000000e+00,0.000000000000000000e+00,0.000000000000000000e+00,0.000000000000000000e+00,0.000000000000000000e+00,0.000000000000000000e+00,0.000000000000000000e+00,0.000000000000000000e+00,0.000000000000000000e+00,0.000000000000000000e+00,0.000000000000000000e+00,0.000000000000000000e+00,0.000000000000000000e+00,0.000000000000000000e+00,0.000000000000000000e+00,0.000000000000000000e+00,0.000000000000000000e+00,0.000000000000000000e+00,0.000000000000000000e+00,0.000000000000000000e+00,0.000000000000000000e+00,0.000000000000000000e+00,0.000000000000000000e+00,0.000000000000000000e+00,1.199708452595063275e-03,1.856554083195435844e-03,2.172414647132774566e-03,2.269764407501700856e-03,2.188468484678802138e-03,2.037008898024611145e-03,1.831922658933299785e-03,1.636322094585831522e-03,1.471575149077490293e-03,1.374715836533136693e-03,1.323749247573728378e-03,1.318397652663709551e-03,1.326822579148114953e-03,1.344771734482131395e-03,1.366732671994872785e-03,1.386944243384112974e-03,1.395178347656801524e-03,1.395913447441166511e-03,1.386834819371941157e-03,1.371796496825982477e-03,1.358990558829378630e-03,1.347985348179005271e-03,1.342981009777804470e-03,1.339797339885194635e-03,1.340879928669116766e-03,1.342394771814885016e-03,1.345059394077195800e-03,1.347348570550777795e-03,1.348564568502017176e-03,1.350122231272553666e-03,1.351030220950073368e-03,1.352496743150123377e-03,1.353825632187910652e-03,1.355469921117827183e-03,1.357153015867603937e-03,1.358984341662999688e-03,1.361011354173986224e-03,1.363212658464168755e-03,1.365590081439155192e-03,1.368127543533860079e-03,1.370816474510331813e-03,1.373670281484643983e-03,1.376689933220957276e-03,1.379915241522965694e-03,1.383357928935206524e-03,1.387066112974882871e-03,1.391046614145796884e-03,1.395332654136434251e-03,1.399909763129635184e-03,1.404783349052558718e-03,1.409914882857399993e-03,1.415286102201000675e-03,1.420845384311872697e-03,1.426564107055760047e-03,1.432390531892161574e-03,1.438295935743789554e-03,1.444235530213354218e-03,1.450185679054936732e-03,1.456112951239456202e-03,1.462003770524151125e-03,1.467840545113664697e-03,1.473622880761159271e-03,1.479348494425912659e-03,1.485026060970517448e-03,1.490661142303240701e-03,1.496263527271328659e-03,1.501839798854888094e-03,1.507397255456809299e-03,1.512942465879054061e-03,1.518481221365487917e-03,1.524020724039614567e-03,1.529564728233624412e-03,1.535118462165834495e-03,1.540680371494912090e-03,1.546250825135453118e-03,1.551822252693864541e-03,1.557391802097954012e-03,1.562949952278996869e-03,1.568495598558845112e-03,1.574021860097621047e-03,1.579531950063613405e-03,1.585021957177464285e-03,1.590497555611255749e-03,1.595954894342902809e-03,1.601399393862388545e-03,1.606826728192562457e-03,1.612244711155094972e-03,1.617653956788172708e-03,1.623070138067850884e-03,1.628501081470707865e-03,1.633967130923782507e-03,1.639475413597917897e-03,1.645041455326713264e-03,1.650665030483091690e-03,1.656356408958274901e-03,1.662114471083372524e-03,1.667953734189904849e-03,1.673878310552263981e-03,1.679905485744175985e-03,1.686036687461070407e-03,1.692281330302872417e-03,1.698628764024757943e-03,1.705077488815613359e-03,1.711612621949213644e-03,1.718237277271725608e-03,1.724944811558304456e-03,1.731744659784700520e-03,1.738630896862615981e-03,1.745607261927902042e-03,1.752656583686091653e-03,1.759772312658993906e-03,1.766934537140053092e-03,1.774141492129127726e-03,1.781378665028550586e-03,1.788647518530005805e-03,1.795936823936710022e-03,1.803250767489430030e-03,1.810573999009817796e-03,1.817900057344548712e-03,1.825205730454208287e-03,1.832483832904433342e-03,1.839711410751776943e-03,1.846882824663471619e-03,1.853985971935500883e-03,1.861030080159426902e-03,1.868007697297985716e-03,1.874925835811915714e-03,1.881774707691201550e-03,1.888546350368132355e-03,1.895208747847429822e-03,1.901759469555251063e-03,1.908191016933053104e-03,1.914497378941736310e-03,1.920666698086389602e-03,1.926742759968504311e-03,1.932746654167514589e-03,1.938654121245162072e-03,1.944421243577991107e-03,1.950064664170080529e-03,1.955565785048024672e-03,1.960873387999420483e-03,1.965977815027947738e-03,1.970961550279181837e-03,1.975844892010492852e-03,1.980581866912128376e-03,1.985128846834561308e-03,1.989468531589293730e-03,1.993515004038094035e-03,1.997173871324790188e-03,2.000393130798294988e-03,2.003138040102701769e-03,2.005325106374616657e-03,2.006790948848474233e-03,2.007416540585215195e-03,2.007101905967601570e-03,2.005762927762182960e-03,2.002601019889033249e-03,1.997140963297113631e-03,1.988379510059514778e-03,1.975603487835867877e-03,1.953899029751958102e-03,1.920128557501885047e-03,1.859314792704901869e-03,1.755554576209165116e-03,1.560291735888109455e-03,1.257238086702754283e-03,7.619296343937290118e-04,1.746099236329469212e-04
0.000000000000000000e+00,0.000000000000000000e+00,0.000000000000000000e+00,0.000000000000000000e+00,0.000000000000000000e+00,0.000000000000000000e+00,0.000000000000000000e+00,0.000000000000000000e+00,0.000000000000000000e+00,0.000000000000000000e+00,0.000000000000000000e+00,0.000000000000000000e+00,0.000000000000000000e+00,0.000000000000000000e+00,0.000000000000000000e+00,0.000000000000000000e+00,0.000000000000000000e+00,0.000000000000000000e+00,0.000000000000000000e+00,0.000000000000000000e+00,0.000000000000000000e+00,0.000000000000000000e+00,0.000000000000000000e+00,0.000000000000000000e+00,0.000000000000000000e+00,0.000000000000000000e+00,0.000000000000000000e+00,0.000000000000000000e+00,0.000000000000000000e+00,0.000000000000000000e+00,0.000000000000000000e+00,0.000000000000000000e+00,0.000000000000000000e+00,0.000000000000000000e+00,0.000000000000000000e+00,0.000000000000000000e+00,0.000000000000000000e+00,0.000000000000000000e+00,0.000000000000000000e+00,0.000000000000000000e+00,0.000000000000000000e+00,0.000000000000000000e+00,0.000000000000000000e+00,0.000000000000000000e+00,0.000000000000000000e+00,0.000000000000000000e+00,0.000000000000000000e+00,0.000000000000000000e+00,0.000000000000000000e+00,0.000000000000000000e+00,0.000000000000000000e+00,0.000000000000000000e+00,0.000000000000000000e+00,0.000000000000000000e+00,0.000000000000000000e+00,0.000000000000000000e+00,0.000000000000000000e+00,0.000000000000000000e+00,0.000000000000000000e+00,0.000000000000000000e+00,0.000000000000000000e+00,0.000000000000000000e+00,0.000000000000000000e+00,0.000000000000000000e+00,0.000000000000000000e+00,0.000000000000000000e+00,0.000000000000000000e+00,0.000000000000000000e+00,0.000000000000000000e+00,0.000000000000000000e+00,0.000000000000000000e+00,0.000000000000000000e+00,0.000000000000000000e+00,0.000000000000000000e+00,0.000000000000000000e+00,0.000000000000000000e+00,0.000000000000000000e+00,0.000000000000000000e+00,0.000000000000000000e+00,0.000000000000000000e+00,0.000000000000000000e+00,0.000000000000000000e+00,0.000000000000000000e+00,0.000000000000000000e+00,0.000000000000000000e+00,0.000000000000000000e+00,0.000000000000000000e+00,0.000000000000000000e+00,0.000000000000000000e+00,0.000000000000000000e+00,0.000000000000000000e+00,0.000000000000000000e+00,0.000000000000000000e+00,0.000000000000000000e+00,0.000000000000000000e+00,0.000000000000000000e+00,0.000000000000000000e+00,0.000000000000000000e+00,0.000000000000000000e+00,0.000000000000000000e+00,0.000000000000000000e+00,0.000000000000000000e+00,0.000000000000000000e+00,0.000000000000000000e+00,0.000000000000000000e+00,0.000000000000000000e+00,0.000000000000000000e+00,0.000000000000000000e+00,0.000000000000000000e+00,0.000000000000000000e+00,0.000000000000000000e+00,0.000000000000000000e+00,0.000000000000000000e+00,0.000000000000000000e+00,0.000000000000000000e+00,0.000000000000000000e+00,0.000000000000000000e+00,0.000000000000000000e+00,0.000000000000000000e+00,0.000000000000000000e+00,0.000000000000000000e+00,0.000000000000000000e+00,0.000000000000000000e+00,0.000000000000000000e+00,0.000000000000000000e+00,0.000000000000000000e+00,0.000000000000000000e+00,0.000000000000000000e+00,0.000000000000000000e+00,0.000000000000000000e+00,0.000000000000000000e+00,0.000000000000000000e+00,0.000000000000000000e+00,0.000000000000000000e+00,0.000000000000000000e+00,0.000000000000000000e+00,0.000000000000000000e+00,0.000000000000000000e+00,0.000000000000000000e+00,0.000000000000000000e+00,0.000000000000000000e+00,0.000000000000000000e+00,0.000000000000000000e+00,0.000000000000000000e+00,0.000000000000000000e+00,0.000000000000000000e+00,0.000000000000000000e+00,0.000000000000000000e+00,0.000000000000000000e+00,0.000000000000000000e+00,0.000000000000000000e+00,0.000000000000000000e+00,0.000000000000000000e+00,0.000000000000000000e+00,0.000000000000000000e+00,0.000000000000000000e+00,0.000000000000000000e+00,0.000000000000000000e+00,0.000000000000000000e+00,0.000000000000000000e+00,0.000000000000000000e+00,0.000000000000000000e+00,0.000000000000000000e+00,0.000000000000000000e+00,0.000000000000000000e+00,0.000000000000000000e+00,0.000000000000000000e+00,0.000000000000000000e+00,0.000000000000000000e+00,0.000000000000000000e+00,0.000000000000000000e+00,0.000000000000000000e+00,1.495586485615921961e-03,1.949116427116141803e-03,2.167564738318627886e-03,2.216568649769525001e-03,2.129165405747552448e-03,1.948943334185963914e-03,1.755175023243498366e-03,1.571540418490202954e-03,1.437530561748465250e-03,1.350872226494945118e-03,1.316366084112475902e-03,1.309379110772099231e-03,1.323671277358983225e-03,1.340518548293435789e-03,1.356111077007982795e-03,1.365298633798935242e-03,1.368716759365150694e-03,1.365025523468789545e-03,1.357672232693246054e-03,1.348474488308324878e-03,1.339088465312752952e-03,1.333617869288536602e-03,1.330409123458551387e-03,1.331108382969738071e-03,1.332779468559450002e-03,1.336332804727990162e-03,1.339748090853666151e-03,1.343027591141186241e-03,1.345795098061282943e-03,1.347758600100613414e-03,1.349819005621192896e-03,1.351702162564072862e-03,1.353975772452838773e-03,1.356373868383684749e-03,1.359023271648659081e-03,1.361822719397855251e-03,1.364727771533940075e-03,1.367763870196266746e-03,1.370851899964986185e-03,1.374028013519867746e-03,1.377243535300125190e-03,1.380553087344184478e-03,1.383943964868932040e-03,1.387483231264619553e-03,1.391177231140734759e-03,1.395089097098783839e-03,1.399221925020969516e-03,1.403617414655439774e-03,1.408259579377978783e-03,1.413161336073595837e-03,1.418286394553456469e-03,1.423625616929162681e-03,1.429132976452466685e-03,1.434790064283270137e-03,1.440551941177033645e-03,1.446399148822512162e-03,1.452292454283867678e-03,1.458214670742347726e-03,1.464135090974836044e-03,1.470042958412123499e-03,1.475920259747505762e-03,1.481766197160331059e-03,1.487575738724238776e-03,1.493355183783792901e-03,1.499106349441271541e-03,1.504836036074645072e-03,1.510547189351803656e-03,1.516244387319081680e-03,1.521931235563798741e-03,1.527611495056440402e-03,1.533290343225994154e-03,1.538970403794744351e-03,1.544655888924738969e-03,1.550344982525959188e-03,1.556037838756711787e-03,1.561727169832552702e-03,1.567410281536861733e-03,1.573078080873396845e-03,1.578729650154744998e-03,1.584358421731097864e-03,1.589967589393400478e-03,1.595553247101871722e-03,1.601120671081624012e-03,1.606665552038517289e-03,1.612192359878842794e-03,1.617695697362878755e-03,1.623181804964324597e-03,1.628649684686347791e-03,1.634113033414915988e-03,1.639577863471857518e-03,1.645062500056132873e-03,1.650572300134330907e-03,1.656120728830414064e-03,1.661705572965020998e-03,1.667334656711439269e-03,1.673004535563788918e-03,1.678727170403204651e-03,1.684504572951177250e-03,1.690352020705541232e-03,1.696269687934738287e-03,1.702265854229991762e-03,1.708329088399855545e-03,1.714456590031931352e-03,1.720632173090093624e-03,1.726857215455290589e-03,1.733123725179391188e-03,1.739439925973682239e-03,1.745799683791135612e-03,1.752206797266569246e-03,1.758644405354682725e-03,1.765105360832951295e-03,1.771568745050677461e-03,1.778031088972974400e-03,1.784476339006224252e-03,1.790904111832180949e-03,1.797301719262126918e-03,1.803671917571164846e-03,1.809998437634238039e-03,1.816273353873338377e-03,1.822471569975593186e-03,1.828583054886998753e-03,1.834581443201495094e-03,1.840456514792680352e-03,1.846191713328326160e-03,1.851792594771143685e-03,1.857249245771080189e-03,1.862566561729910378e-03,1.867733647550636486e-03,1.872740992178317711e-03,1.877552602908135089e-03,1.882160146185426954e-03,1.886551760853063912e-03,1.890716344865608044e-03,1.894632916259435772e-03,1.898338025262057051e-03,1.901855728415407891e-03,1.905167496969026840e-03,1.908225864299640476e-03,1.911039668599838265e-03,1.913586753858283196e-03,1.915807954486115853e-03,1.917673607859432874e-03,1.919250766684547829e-03,1.920560650881345107e-03,1.921568723257916465e-03,1.922235679806274643e-03,1.922542728912847139e-03,1.922385600248343197e-03,1.921657932343933620e-03,1.920277360005321525e-03,1.918204225140632008e-03,1.915331747473899334e-03,1.911525669094314749e-03,1.906512246232467322e-03,1.900191172597245817e-03,1.892439720358953794e-03,1.882802353030511985e-03,1.870059811742363302e-03,1.853676686841890285e-03,1.832154751701844985e-03,1.802362680228868736e-03,1.758592378724778112e-03,1.690909970935312390e-03,1.584502337457804324e-03,1.407785234744397037e-03,1.123080564804185884e-03,6.790103133816131594e-04,1.539140069748966570e-04
0.000000000000000000e+00,0.000000000000000000e+00,0.000000000000000000e+00,0.000000000000000000e+00,0.000000000000000000e+00,0.000000000000000000e+00,0.000000000000000000e+00,0.000000000000000000e+00,0.000000000000000000e+00,0.000000000000000000e+00,0.000000000000000000e+00,0.000000000000000000e+00,0.000000000000000000e+00,0.000000000000000000e+00,0.000000000000000000e+00,0.000000000000000000e+00,0.000000000000000000e+00,0.000000000000000000e+00,0.000000000000000000e+00,0.000000000000000000e+00,0.000000000000000000e+00,0.000000000000000000e+00,0.000000000000000000e+00,0.000000000000000000e+00,0.000000000000000000e+00,0.000000000000000000e+00,0.000000000000000000e+00,0.000000000000000000e+00,0.000000000000000000e+00,0.000000000000000000e+00,0.000000000000000000e+00,0.000000000000000000e+00,0.000000000000000000e+00,0.000000000000000000e+00,0.000000000000000000e+00,0.000000000000000000e+00,0.000000000000000000e+00,0.000000000000000000e+00,0.000000000000000000e+00,0.000000000000000000e+00,0.000000000000000000e+00,0.000000000000000000e+00,0.000000000000000000e+00,0.000000000000000000e+00,0.000000000000000000e+00,0.000000000000000000e+00,0.000000000000000000e+00,0.000000000000000000e+00,0.000000000000000000e+00,0.000000000000000000e+00,0.000000000000000000e+00,0.000000000000000000e+00,0.000000000000000000e+00,0.000000000000000000e+00,0.000000000000000000e+00,0.000000000000000000e+00,0.000000000000000000e+00,0.000000000000000000e+00,0.000000000000000000e+00,0.000000000000000000e+00,0.000000000000000000e+00,0.000000000000000000e+00,0.000000000000000000e+00,0.000000000000000000e+00,0.000000000000000000e+00,0.000000000000000000e+00,0.000000000000000000e+00,0.000000000000000000e+00,0.000000000000000000e+00,0.000000000000000000e+00,0.000000000000000000e+00,0.000000000000000000e+00,0.000000000000000000e+00,0.000000000000000000e+00,0.000000000000000000e+00,0.000000000000000000e+00,0.000000000000000000e+00,0.000000000000000000e+00,0.000000000000000000e+00,0.000000000000000000e+00,0.000000000000000000e+00,0.000000000000000000e+00,0.000000000000000000e+00,0.000000000000000000e+00,0.000000000000000000e+00,0.000000000000000000e+00,0.000000000000000000e+00,0.000000000000000000e+00,0.000000000000000000e+00,0.000000000000000000e+00,0.000000000000000000e+00,0.000000000000000000e+00,0.000000000000000000e+00,0.000000000000000000e+00,0.000000000000000000e+00,0.000000000000000000e+00,0.000000000000000000e+00,0.000000000000000000e+00,0.000000000000000000e+00,0.000000000000000000e+00,0.000000000000000000e+00,0.000000000000000000e+00,0.000000000000000000e+00,0.000000000000000000e+00,0.000000000000000000e+00,0.000000000000000000e+00,0.000000000000000000e+00,0.000000000000000000e+00,0.000000000000000000e+00,0.000000000000000000e+00,0.000000000000000000e+00,0.000000000000000000e+00,0.000000000000000000e+00,0.000000000000000000e+00,0.000000000000000000e+00,0.000000000000000000e+00,0.000000000000000000e+00,0.000000000000000000e+00,0.000000000000000000e+00,0.000000000000000000e+00,0.000000000000000000e+00,0.000000000000000000e+00,0.000000000000000000e+00,0.000000000000000000e+00,0.000000000000000000e+00,0.000000000000000000e+00,0.000000000000000000e+00,0.000000000000000000e+00,0.000000000000000000e+00,0.000000000000000000e+00,0.000000000000000000e+00,0.000000000000000000e+00,0.000000000000000000e+00,0.000000000000000000e+00,0.000000000000000000e+00,0.000000000000000000e+00,0.000000000000000000e+00,0.000000000000000000e+00,0.000000000000000000e+00,0.000000000000000000e+00,0.000000000000000000e+00,0.000000000000000000e+00,0.000000000000000000e+00,0.000000000000000000e+00,0.000000000000000000e+00,0.000000000000000000e+00,0.000000000000000000e+00,0.000000000000000000e+00,0.000000000000000000e+00,0.000000000000000000e+00,0.000000000000000000e+00,0.000000000000000000e+00,0.000000000000000000e+00,0.000000000000000000e+00,0.000000000000000000e+00,0.000000000000000000e+00,0.000000000000000000e+00,0.000000000000000000e+00,0.000000000000000000e+00,0.000000000000000000e+00,0.000000000000000000e+00,0.000000000000000000e+00,0.000000000000000000e+00,0.000000000000000000e+00,0.000000000000000000e+00,0.000000000000000000e+00,0.000000000000000000e+00,0.000000000000000000e+00,0.000000000000000000e+00,0.000000000000000000e+00,0.000000000000000000e+00,0.000000000000000000e+00,1.595624683609084618e-03,1.942123393309172583e-03,2.096957924690498205e-03,2.062510280056018778e-03,1.928981524000304270e-03,1.758398720408248022e-03,1.583024545001174331e-03,1.443015381859283526e-03,1.342756096801155704e-03,1.291846328662929911e-03,1.273620963862709312e-03,1.280464432900268188e-03,1.294338236887315448e-03,1.310277525623607456e-03,1.319996897812166121e-03,1.324022862627281241e-03,1.321993709808490019e-03,1.317184208543827712e-03,1.310803577580151383e-03,1.304951676484811902e-03,1.301148221231669504e-03,1.299234995145470608e-03,1.300495449552007635e-03,1.303041428354793268e-03,1.307229433318307914e-03,1.311365020871317361e-03,1.315636437338438920e-03,1.319309542189502776e-03,1.322375606245361403e-03,1.325092728134282839e-03,1.327424599887266172e-03,1.330024816467819749e-03,1.332731054247050188e-03,1.335851771708082949e-03,1.339157879403915898e-03,1.342700642854304568e-03,1.346321576537215904e-03,1.350006566550911603e-03,1.353682743372528396e-03,1.357355071147061743e-03,1.360996949610664359e-03,1.364650809095703434e-03,1.368321462291763281e-03,1.372072708609208859e-03,1.375919377235401957e-03,1.379922954165193911e-03,1.384088940561269175e-03,1.388458879678299354e-03,1.393018687403249981e-03,1.397784918219863214e-03,1.402726413696934538e-03,1.407842128159881223e-03,1.413094655860513407e-03,1.418476334972806332e-03,1.423952123759761584e-03,1.429513000659712613e-03,1.435128122728436496e-03,1.440787879810878896e-03,1.446466526112105905e-03,1.452156805643988607e-03,1.457841776557364070e-03,1.463520353599278168e-03,1.469185540584583846e-03,1.474840861020303281e-03,1.480484582996017791e-03,1.486119721595638866e-03,1.491745370154519716e-03,1.497362392194261354e-03,1.502971055191612212e-03,1.508572150561628611e-03,1.514168554145422022e-03,1.519761083972019340e-03,1.525352916078497566e-03,1.530941633907808479e-03,1.536527426433876697e-03,1.542103240417448283e-03,1.547666992499417346e-03,1.553210174485467922e-03,1.558732636693403685e-03,1.564228414437185714e-03,1.569701327746895764e-03,1.575147819561444149e-03,1.580573388394376604e-03,1.585973553218186392e-03,1.591352299498153579e-03,1.596703240237357883e-03,1.602031227702160584e-03,1.607333468448025882e-03,1.612621632232205454e-03,1.617899599085519807e-03,1.623183547747043300e-03,1.628476730672016610e-03,1.633790397050147733e-03,1.639119984823968115e-03,1.644470656011359474e-03,1.649836255626116422e-03,1.655226026331311140e-03,1.660639696334016702e-03,1.666090639661432825e-03,1.671577876426515175e-03,1.677108899873732241e-03,1.682671801083887760e-03,1.688262868359622542e-03,1.693864803877743238e-03,1.699477503195736617e-03,1.705091831634242966e-03,1.710715149284535060e-03,1.716341443055754762e-03,1.721975076688302998e-03,1.727600027639357959e-03,1.733209110647723934e-03,1.738780846103606332e-03,1.744310599916634383e-03,1.749781416125701554e-03,1.755191809212021522e-03,1.760528385778295513e-03,1.765793388012245691e-03,1.770970755863121191e-03,1.776052302728196646e-03,1.781012177072992990e-03,1.785838624855108289e-03,1.790503018857669696e-03,1.794991405668010806e-03,1.799283333484520209e-03,1.803381324156351452e-03,1.807273868178289541e-03,1.810964398097302062e-03,1.814441907298980274e-03,1.817697197108726756e-03,1.820692088752488488e-03,1.823412709300550969e-03,1.825843624717163370e-03,1.827971172925580605e-03,1.829767050743755707e-03,1.831259197863693323e-03,1.832474428304771592e-03,1.833403968259666615e-03,1.834001746140853780e-03,1.834270149977109765e-03,1.834185423424705350e-03,1.833684579897071039e-03,1.832722430522501500e-03,1.831349866517544044e-03,1.829588341705983869e-03,1.827411497251808228e-03,1.824793553683984413e-03,1.821724019611774053e-03,1.818101554365076766e-03,1.813796818748383876e-03,1.808716931583166220e-03,1.802795882189866129e-03,1.795964848328933730e-03,1.788086264024565594e-03,1.778908274290474283e-03,1.768128209065841349e-03,1.755813746826919699e-03,1.741525913161271052e-03,1.724379226550476572e-03,1.703212345996332451e-03,1.677797826065862384e-03,1.644554518659654616e-03,1.599958365945534791e-03,1.532760838974708698e-03,1.435192240445743676e-03,1.273507079017841643e-03,1.020594580318642417e-03,6.099744886865218025e-04,1.362095430178286834e-04
0.000000000000000000e+00,0.000000000000000000e+00,0.000000000000000000e+00,0.000000000000000000e+00,0.000000000000000000e+00,0.000000000000000000e+00,0.000000000000000000e+00,0.000000000000000000e+00,0.000000000000000000e+00,0.000000000000000000e+00,0.000000000000000000e+00,0.000000000000000000e+00,0.000000000000000000e+00,0.000000000000000000e+00,0.000000000000000000e+00,0.000000000000000000e+00,0.000000000000000000e+00,0.000000000000000000e+00,0.000000000000000000e+00,0.000000000000000000e+00,0.000000000000000000e+00,0.000000000000000000e+00,0.000000000000000000e+00,0.000000000000000000e+00,0.000000000000000000e+00,0.000000000000000000e+00,0.000000000000000000e+00,0.000000000000000000e+00,0.000000000000000000e+00,0.000000000000000000e+00,0.000000000000000000e+00,0.000000000000000000e+00,0.000000000000000000e+00,0.000000000000000000e+00,0.000000000000000000e+00,0.000000000000000000e+00,0.000000000000000000e+00,0.000000000000000000e+00,0.000000000000000000e+00,0.000000000000000000e+00,0.000000000000000000e+00,0.000000000000000000e+00,0.000000000000000000e+00,0.000000000000000000e+00,0.000000000000000000e+00,0.000000000000000000e+00,0.000000000000000000e+00,0.000000000000000000e+00,0.000000000000000000e+00,0.000000000000000000e+00,0.000000000000000000e+00,0.000000000000000000e+00,0.000000000000000000e+00,0.000000000000000000e+00,0.000000000000000000e+00,0.000000000000000000e+00,0.000000000000000000e+00,0.000000000000000000e+00,0.000000000000000000e+00,0.000000000000000000e+00,0.000000000000000000e+00,0.000000000000000000e+00,0.000000000000000000e+00,0.000000000000000000e+00,0.000000000000000000e+00,0.000000000000000000e+00,0.000000000000000000e+00,0.000000000000000000e+00,0.000000000000000000e+00,0.000000000000000000e+00,0.000000000000000000e+00,0.000000000000000000e+00,0.000000000000000000e+00,0.000000000000000000e+00,0.000000000000000000e+00,0.000000000000000000e+00,0.000000000000000000e+00,0.000000000000000000e+00,0.000000000000000000e+00,0.000000000000000000e+00,0.000000000000000000e+00,0.000000000000000000e+00,0.000000000000000000e+00,0.000000000000000000e+00,0.000000000000000000e+00,0.000000000000000000e+00,0.000000000000000000e+00,0.000000000000000000e+00,0.000000000000000000e+00,0.000000000000000000e+00,0.000000000000000000e+00,0.000000000000000000e+00,0.000000000000000000e+00,0.000000000000000000e+00,0.000000000000000000e+00,0.000000000000000000e+00,0.000000000000000000e+00,0.000000000000000000e+00,0.000000000000000000e+00,0.000000000000000000e+00,0.000000000000000000e+00,0.000000000000000000e+00,0.000000000000000000e+00,0.000000000000000000e+00,0.000000000000000000e+00,0.000000000000000000e+00,0.000000000000000000e+00,0.000000000000000000e+00,0.000000000000000000e+00,0.000000000000000000e+00,0.000000000000000000e+00,0.000000000000000000e+00,0.000000000000000000e+00,0.000000000000000000e+00,0.000000000000000000e+00,0.000000000000000000e+00,0.000000000000000000e+00,0.000000000000000000e+00,0.000000000000000000e+00,0.000000000000000000e+00,0.000000000000000000e+00,0.000000000000000000e+00,0.000000000000000000e+00,0.000000000000000000e+00,0.000000000000000000e+00,0.000000000000000000e+00,0.000000000000000000e+00,0.000000000000000000e+00,0.000000000000000000e+00,0.000000000000000000e+00,0.000000000000000000e+00,0.000000000000000000e+00,0.000000000000000000e+00,0.000000000000000000e+00,0.000000000000000000e+00,0.000000000000000000e+00,0.000000000000000000e+00,0.000000000000000000e+00,0.000000000000000000e+00,0.000000000000000000e+00,0.000000000000000000e+00,0.000000000000000000e+00,0.000000000000000000e+00,0.000000000000000000e+00,0.000000000000000000e+00,0.000000000000000000e+00,0.000000000000000000e+00,0.000000000000000000e+00,0.000000000000000000e+00,0.000000000000000000e+00,0.000000000000000000e+00,0.000000000000000000e+00,0.000000000000000000e+00,0.000000000000000000e+00,0.000000000000000000e+00,0.000000000000000000e+00,0.000000000000000000e+00,0.000000000000000000e+00,0.000000000000000000e+00,0.000000000000000000e+00,0.000000000000000000e+00,0.000000000000000000e+00,0.000000000000000000e+00,0.000000000000000000e+00,0.000000000000000000e+00,0.000000000000000000e+00,0.000000000000000000e+00,0.000000000000000000e+00,0.000000000000000000e+00,0.000000000000000000e+00,0.000000000000000000e+00,8.732446438766656516e-04,1.518009695955603111e-03,1.826812517316011349e-03,1.886606580168423810e-03,1.787625071899085795e-03,1.634196093536691499e-03,1.481998807124708644e-03,1.357337384442514842e-03,1.267694460071655234e-03,1.221950036415544050e-03,1.208268893092743178e-03,1.219062826654557447e-03,1.236948789994115998e-03,1.255686710569099435e-03,1.267314562545183466e-03,1.272679061915550462e-03,1.271231462692465992e-03,1.266446116199806135e-03,1.260314659471097748e-03,1.255388222339874887e-03,1.252717359123270814e-03,1.252549260254261871e-03,1.255114788952848247e-03,1.259074638719009757e-03,1.264417547593414508e-03,1.269581956286119180e-03,1.274688805839334013e-03,1.278912447053513453e-03,1.282560189892934790e-03,1.285564194196116760e-03,1.288205224189838951e-03,1.290825065085045428e-03,1.293562590861227620e-03,1.296693483286917234e-03,1.300151703734281610e-03,1.303945312695014994e-03,1.307944993040836531e-03,1.312042061191303352e-03,1.316167632363595980e-03,1.320228796776189411e-03,1.324235689066248067e-03,1.328146673616957887e-03,1.332018242198115213e-03,1.335846248068740805e-03,1.339702930738642748e-03,1.343595759128199917e-03,1.347588269238819648e-03,1.351680080685840890e-03,1.355913210521376847e-03,1.360272018275632787e-03,1.364776627581580507e-03,1.369400371198331405e-03,1.374150306270716018e-03,1.378998459056829428e-03,1.383948111289763942e-03,1.388975543526855660e-03,1.394082463562400101e-03,1.399247967337676705e-03,1.404470276216188054e-03,1.409729998095566239e-03,1.415023495339487588e-03,1.420336011976122475e-03,1.425666123750703824e-03,1.431005679326617912e-03,1.436355193045599525e-03,1.441709875842965647e-03,1.447068527272271556e-03,1.452426583803624952e-03,1.457780616892631696e-03,1.463127567677757496e-03,1.468464670527128450e-03,1.473792501799169952e-03,1.479109632857962585e-03,1.484418334225544095e-03,1.489715367400419078e-03,1.495001245404299671e-03,1.500269124734745574e-03,1.505517941603413132e-03,1.510739886010893434e-03,1.515936060597959222e-03,1.521101319629165330e-03,1.526240648200976723e-03,1.531351121821565445e-03,1.536439007573121070e-03,1.541499931210453577e-03,1.546537850537420397e-03,1.551545533455685319e-03,1.556526685466732120e-03,1.561476651688014543e-03,1.566405119925060865e-03,1.571313670234525612e-03,1.576216336055507932e-03,1.581114118937408967e-03,1.586016061680215394e-03,1.590915103673127629e-03,1.595813687693534676e-03,1.600702729138833583e-03,1.605588667873442121e-03,1.610468837966966531e-03,1.615354811068641988e-03,1.620244570646216980e-03,1.625145145619184611e-03,1.630044487153000645e-03,1.634938377696520386e-03,1.639808658172649172e-03,1.644653982136720953e-03,1.649464274292434477e-03,1.654246312262823079e-03,1.658994502957040389e-03,1.663714216361403134e-03,1.668390810663136293e-03,1.673017625299872812e-03,1.677573091770084065e-03,1.682051868037839036e-03,1.686436655848445355e-03,1.690725504081290725e-03,1.694905011521004225e-03,1.698977689963500131e-03,1.702928729634287054e-03,1.706750846116673187e-03,1.710418644088203353e-03,1.713919816172761049e-03,1.717224730934390322e-03,1.720316656385566505e-03,1.723171858220252581e-03,1.725790318371315255e-03,1.728159698372758440e-03,1.730282518975817920e-03,1.732148404469915437e-03,1.733750118740912984e-03,1.735049435445621411e-03,1.736027679345066976e-03,1.736666155373473410e-03,1.736950724580183739e-03,1.736848273851877194e-03,1.736377413895325234e-03,1.735565802944962583e-03,1.734416568715021166e-03,1.732890330284641385e-03,1.730986649281304399e-03,1.728681649569669678e-03,1.725911940250643515e-03,1.722620503194934732e-03,1.718845411222162537e-03,1.714606360933519430e-03,1.709883193074027185e-03,1.704660218758773669e-03,1.698953304705360561e-03,1.692674596214114452e-03,1.685693712703860599e-03,1.677891329434441029e-03,1.669208409311833492e-03,1.659566780383480832e-03,1.648919828927111839e-03,1.637013977099311280e-03,1.623579426212125049e-03,1.608520634312974977e-03,1.591863740575331530e-03,1.572612639544395665e-03,1.550077524040025098e-03,1.523700656251065653e-03,1.492085739422476789e-03,1.450998654544424955e-03,1.392366880422966436e-03,1.305145509182918228e-03,1.163729249435648417e-03,9.339771896789005219e-04,5.555545404931230098e-04,1.231314206146123509e-04
0.000000000000000000e+00,0.000000000000000000e+00,0.000000000000000000e+00,0.000000000000000000e+00,0.000000000000000000e+00,0.000000000000000000e+00,0.000000000000000000e+00,0.000000000000000000e+00,0.000000000000000000e+00,0.000000000000000000e+00,0.000000000000000000e+00,0.000000000000000000e+00,0.000000000000000000e+00,0.000000000000000000e+00,0.000000000000000000e+00,0.000000000000000000e+00,0.000000000000000000e+00,0.000000000000000000e+00,0.000000000000000000e+00,0.000000000000000000e+00,0.000000000000000000e+00,0.000000000000000000e+00,0.000000000000000000e+00,0.000000000000000000e+00,0.000000000000000000e+00,0.000000000000000000e+00,0.000000000000000000e+00,0.000000000000000000e+00,0.000000000000000000e+00,0.000000000000000000e+00,0.000000000000000000e+00,0.000000000000000000e+00,0.000000000000000000e+00,0.000000000000000000e+00,0.000000000000000000e+00,0.000000000000000000e+00,0.000000000000000000e+00,0.000000000000000000e+00,0.000000000000000000e+00,0.000000000000000000e+00,0.000000000000000000e+00,0.000000000000000000e+00,0.000000000000000000e+00,0.000000000000000000e+00,0.000000000000000000e+00,0.000000000000000000e+00,0.000000000000000000e+00,0.000000000000000000e+00,0.000000000000000000e+00,0.000000000000000000e+00,0.000000000000000000e+00,0.000000000000000000e+00,0.000000000000000000e+00,0.000000000000000000e+00,0.000000000000000000e+00,0.000000000000000000e+00,0.000000000000000000e+00,0.000000000000000000e+00,0.000000000000000000e+00,0.000000000000000000e+00,0.000000000000000000e+00,0.000000000000000000e+00,0.000000000000000000e+00,0.000000000000000000e+00,0.000000000000000000e+00,0.000000000000000000e+00,0.000000000000000000e+00,0.000000000000000000e+00,0.000000000000000000e+00,0.000000000000000000e+00,0.000000000000000000e+00,0.000000000000000000e+00,0.000000000000000000e+00,0.000000000000000000e+00,0.000000000000000000e+00,0.000000000000000000e+00,0.000000000000000000e+00,0.000000000000000000e+00,0.000000000000000000e+00,0.000000000000000000e+00,0.000000000000000000e+00,0.000000000000000000e+00,0.000000000000000000e+00,0.000000000000000000e+00,0.000000000000000000e+00,0.000000000000000000e+00,0.000000000000000000e+00,0.000000000000000000e+00,0.000000000000000000e+00,0.000000000000000000e+00,0.000000000000000000e+00,0.000000000000000000e+00,0.000000000000000000e+00,0.000000000000000000e+00,0.000000000000000000e+00,0.000000000000000000e+00,0.000000000000000000e+00,0.000000000000000000e+00,0.000000000000000000e+00,0.000000000000000000e+00,0.000000000000000000e+00,0.000000000000000000e+00,0.000000000000000000e+00,0.000000000000000000e+00,0.000000000000000000e+00,0.000000000000000000e+00,0.000000000000000000e+00,0.000000000000000000e+00,0.000000000000000000e+00,0.000000000000000000e+00,0.000000000000000000e+00,0.000000000000000000e+00,0.000000000000000000e+00,0.000000000000000000e+00,0.000000000000000000e+00,0.000000000000000000e+00,0.000000000000000000e+00,0.000000000000000000e+00,0.000000000000000000e+00,0.000000000000000000e+00,0.000000000000000000e+00,0.000000000000000000e+00,0.000000000000000000e+00,0.000000000000000000e+00,0.000000000000000000e+00,0.000000000000000000e+00,0.000000000000000000e+00,0.000000000000000000e+00,0.000000000000000000e+00,0.000000000000000000e+00,0.000000000000000000e+00,0.000000000000000000e+00,0.000000000000000000e+00,0.000000000000000000e+00,0.000000000000000000e+00,0.000000000000000000e+00,0.000000000000000000e+00,0.000000000000000000e+00,0.000000000000000000e+00,0.000000000000000000e+00,0.000000000000000000e+00,0.000000000000000000e+00,0.000000000000000000e+00,0.000000000000000000e+00,0.000000000000000000e+00,0.000000000000000000e+00,0.000000000000000000e+00,0.000000000000000000e+00,0.000000000000000000e+00,0.000000000000000000e+00,0.000000000000000000e+00,0.000000000000000000e+00,0.000000000000000000e+00,0.000000000000000000e+00,0.000000000000000000e+00,0.000000000000000000e+00,0.000000000000000000e+00,0.000000000000000000e+00,0.000000000000000000e+00,0.000000000000000000e+00,0.000000000000000000e+00,0.000000000000000000e+00,0.000000000000000000e+00,0.000000000000000000e+00,0.000000000000000000e+00,0.000000000000000000e+00,0.000000000000000000e+00,0.000000000000000000e+00,0.000000000000000000e+00,0.000000000000000000e+00,0.000000000000000000e+00,9.223480254865608048e-04,1.525534404686184784e-03,1.684298332225900524e-03,1.597295593078098879e-03,1.442446956632151321e-03,1.292428269364874352e-03,1.176453730320435251e-03,1.106971220685553162e-03,1.082198000546905764e-03,1.090524921547591976e-03,1.121678660411946568e-03,1.158016963381768667e-03,1.190496308832564645e-03,1.210886811817081651e-03,1.220356484615630743e-03,1.219876583075236911e-03,1.214343240412366770e-03,1.206572141349062169e-03,1.200121356452376687e-03,1.196453404845794575e-03,1.196384672070318223e-03,1.199603301186511753e-03,1.205013823391911949e-03,1.211777680428919191e-03,1.218451924884183949e-03,1.224679138158652489e-03,1.229719141371610376e-03,1.233787445775009865e-03,1.236896392850317080e-03,1.239449073528277757e-03,1.241812912178906969e-03,1.244233134304997867e-03,1.247051283796823604e-03,1.250244457296781136e-03,1.253937482513258189e-03,1.257933090040122635e-03,1.262197201804160463e-03,1.266528268685191121e-03,1.270877761987971102e-03,1.275129218155226368e-03,1.279287178681467237e-03,1.283314605979853345e-03,1.287260733466038696e-03,1.291127056490600162e-03,1.294976697645267710e-03,1.298817392440202584e-03,1.302702886805953957e-03,1.306630859094963168e-03,1.310636650410298325e-03,1.314705548238724597e-03,1.318857132445696440e-03,1.323071052843249841e-03,1.327359970854908580e-03,1.331706686704951358e-03,1.336123690668331162e-03,1.340599565994331091e-03,1.345145441925937099e-03,1.349751146472912521e-03,1.354421767693810398e-03,1.359145018993346580e-03,1.363920239506544391e-03,1.368735652491986704e-03,1.373589144676706526e-03,1.378472248552261399e-03,1.383382316895433997e-03,1.388312299689423504e-03,1.393256675647156113e-03,1.398207866467208148e-03,1.403157988856569473e-03,1.408101119624341393e-03,1.413030722243198639e-03,1.417945427825224348e-03,1.422841375809239407e-03,1.427720271976184790e-03,1.432577951271974803e-03,1.437415607480910023e-03,1.442226570008166980e-03,1.447011147628683584e-03,1.451762226583453927e-03,1.456482501675325242e-03,1.461167687108438700e-03,1.465824292618196504e-03,1.470450134288100270e-03,1.475052640012708329e-03,1.479627701077859897e-03,1.484179625870542859e-03,1.488700454440025460e-03,1.493192999704805873e-03,1.497650736461641346e-03,1.502081497009452420e-03,1.506484511529988281e-03,1.510871806780661811e-03,1.515242164042468389e-03,1.519602620987824853e-03,1.523943686516860329e-03,1.528265227268332414e-03,1.532555191887870292e-03,1.536817251101145303e-03,1.541046313876217894e-03,1.545252275414058527e-03,1.549432211464779607e-03,1.553592994056499999e-03,1.557722785936808572e-03,1.561817294421875401e-03,1.565857796299199465e-03,1.569841947479873627e-03,1.573758917614293115e-03,1.577615129959795623e-03,1.581405662260114506e-03,1.585137272585965219e-03,1.588797229293270217e-03,1.592379968941178480e-03,1.595864315986431255e-03,1.599244600572121431e-03,1.602503615459048439e-03,1.605639431700566205e-03,1.608639201468436584e-03,1.611506303759457437e-03,1.614228030153173898e-03,1.616799028129628545e-03,1.619195533544806566e-03,1.621405838279570133e-03,1.623400599343493341e-03,1.625161350077890471e-03,1.626661713574728335e-03,1.627899470987261921e-03,1.628862081704472199e-03,1.629551612214787462e-03,1.629958759993075127e-03,1.630079494559692451e-03,1.629877900822770389e-03,1.629331771232271327e-03,1.628419214441436270e-03,1.627126821996649356e-03,1.625419626696795929e-03,1.623307242967458918e-03,1.620815634251686604e-03,1.617959208354826641e-03,1.614709811588234964e-03,1.611069162203139071e-03,1.607016699946881011e-03,1.602490387732548793e-03,1.597424639670720105e-03,1.591847393784099046e-03,1.585780837953411912e-03,1.579205440691736984e-03,1.572111818065992719e-03,1.564542166597407673e-03,1.556450359027975123e-03,1.547709449489033861e-03,1.538200149716149835e-03,1.527847904671647637e-03,1.516604471928377409e-03,1.504435913277822655e-03,1.491240523476504562e-03,1.476720225367953191e-03,1.460860377742722758e-03,1.443720023907591301e-03,1.424907631698263139e-03,1.403342222979498061e-03,1.379095582896014112e-03,1.350907474677136722e-03,1.316825530200930018e-03,1.268077184789928851e-03,1.195749908989744443e-03,1.071324808449899491e-03,8.637546239721541081e-04,5.113711319641538449e-04,1.112569847854653394e-04
0.000000000000000000e+00,0.000000000000000000e+00,0.000000000000000000e+00,0.000000000000000000e+00,0.000000000000000000e+00,0.000000000000000000e+00,0.000000000000000000e+00,0.000000000000000000e+00,0.000000000000000000e+00,0.000000000000000000e+00,0.000000000000000000e+00,0.000000000000000000e+00,0.000000000000000000e+00,0.000000000000000000e+00,0.000000000000000000e+00,0.000000000000000000e+00,0.000000000000000000e+00,0.000000000000000000e+00,0.000000000000000000e+00,0.000000000000000000e+00,0.000000000000000000e+00,0.000000000000000000e+00,0.000000000000000000e+00,0.000000000000000000e+00,0.000000000000000000e+00,0.000000000000000000e+00,0.000000000000000000e+00,0.000000000000000000e+00,0.000000000000000000e+00,0.000000000000000000e+00,0.000000000000000000e+00,0.000000000000000000e+00,0.000000000000000000e+00,0.000000000000000000e+00,0.000000000000000000e+00,0.000000000000000000e+00,0.000000000000000000e+00,0.000000000000000000e+00,0.000000000000000000e+00,0.000000000000000000e+00,0.000000000000000000e+00,0.000000000000000000e+00,0.000000000000000000e+00,0.000000000000000000e+00,0.000000000000000000e+00,0.000000000000000000e+00,0.000000000000000000e+00,0.000000000000000000e+00,0.000000000000000000e+00,0.000000000000000000e+00,0.000000000000000000e+00,0.000000000000000000e+00,0.000000000000000000e+00,0.000000000000000000e+00,0.000000000000000000e+00,0.000000000000000000e+00,0.000000000000000000e+00,0.000000000000000000e+00,0.000000000000000000e+00,0.000000000000000000e+00,0.000000000000000000e+00,0.000000000000000000e+00,0.000000000000000000e+00,0.000000000000000000e+00,0.000000000000000000e+00,0.000000000000000000e+00,0.000000000000000000e+00,0.000000000000000000e+00,0.000000000000000000e+00,0.000000000000000000e+00,0.000000000000000000e+00,0.000000000000000000e+00,0.000000000000000000e+00,0.000000000000000000e+00,0.000000000000000000e+00,0.000000000000000000e+00,0.000000000000000000e+00,0.000000000000000000e+00,0.000000000000000000e+00,0.000000000000000000e+00,0.000000000000000000e+00,0.000000000000000000e+00,0.000000000000000000e+00,0.000000000000000000e+00,0.000000000000000000e+00,0.000000000000000000e+00,0.000000000000000000e+00,0.000000000000000000e+00,0.000000000000000000e+00,0.000000000000000000e+00,0.000000000000000000e+00,0.000000000000000000e+00,0.000000000000000000e+00,0.000000000000000000e+00,0.000000000000000000e+00,0.000000000000000000e+00,0.000000000000000000e+00,0.000000000000000000e+00,0.000000000000000000e+00,0.000000000000000000e+00,0.000000000000000000e+00,0.000000000000000000e+00,0.000000000000000000e+00,0.000000000000000000e+00,0.000000000000000000e+00,0.000000000000000000e+00,0.000000000000000000e+00,0.000000000000000000e+00,0.000000000000000000e+00,0.000000000000000000e+00,0.000000000000000000e+00,0.000000000000000000e+00,0.000000000000000000e+00,0.000000000000000000e+00,0.000000000000000000e+00,0.000000000000000000e+00,0.000000000000000000e+00,0.000000000000000000e+00,0.000000000000000000e+00,0.000000000000000000e+00,0.000000000000000000e+00,0.000000000000000000e+00,0.000000000000000000e+00,0.000000000000000000e+00,0.000000000000000000e+00,0.000000000000000000e+00,0.000000000000000000e+00,0.000000000000000000e+00,0.000000000000000000e+00,0.000000000000000000e+00,0.000000000000000000e+00,0.000000000000000000e+00,0.000000000000000000e+00,0.000000000000000000e+00,0.000000000000000000e+00,0.000000000000000000e+00,0.000000000000000000e+00,0.000000000000000000e+00,0.000000000000000000e+00,0.000000000000000000e+00,0.000000000000000000e+00,0.000000000000000000e+00,0.000000000000000000e+00,0.000000000000000000e+00,0.000000000000000000e+00,0.000000000000000000e+00,0.000000000000000000e+00,0.000000000000000000e+00,0.000000000000000000e+00,0.000000000000000000e+00,0.000000000000000000e+00,0.000000000000000000e+00,0.000000000000000000e+00,0.000000000000000000e+00,0.000000000000000000e+00,0.000000000000000000e+00,0.000000000000000000e+00,0.000000000000000000e+00,0.000000000000000000e+00,0.000000000000000000e+00,0.000000000000000000e+00,0.000000000000000000e+00,0.000000000000000000e+00,0.000000000000000000e+00,0.000000000000000000e+00,0.000000000000000000e+00,0.000000000000000000e+00,0.000000000000000000e+00,0.000000000000000000e+00,0.000000000000000000e+00,0.000000000000000000e+00,1.187483792836442360e-03,1.585118024031691945e-03,1.493449039756970060e-03,1.299898603840017553e-03,1.113910897007120999e-03,9.701202409797559951e-04,8.939495576760799053e-04,8.787561688642363559e-04,9.114073979568246492e-04,9.722054371348487923e-04,1.040154670499629508e-03,1.100439916969207527e-03,1.142169992243681920e-03,1.164691194151024718e-03,1.170200014802955883e-03,1.165393565077858448e-03,1.155419598213235435e-03,1.145607834801162968e-03,1.138711943787972620e-03,1.136390423097567107e-03,1.138570295061718755e-03,1.144227457764905890e-03,1.152033165913298731e-03,1.160264659157117387e-03,1.168007912703669790e-03,1.174264851087211290e-03,1.179103263875229315e-03,1.182451265058846778e-03,1.184897088461751890e-03,1.186789865464081203e-03,1.188661716615755813e-03,1.190814616954780775e-03,1.193460810475222662e-03,1.196665699767256695e-03,1.200368908994359869e-03,1.204454046297605925e-03,1.208773045079432600e-03,1.213171185670485581e-03,1.217554321201382364e-03,1.221824751262788351e-03,1.225976493290600140e-03,1.229977357735684111e-03,1.233874663769028929e-03,1.237667887722419032e-03,1.241414443375586391e-03,1.245115848837466442e-03,1.248816989113664270e-03,1.252510042150043737e-03,1.256223461630201184e-03,1.259942119124337354e-03,1.263684253597572573e-03,1.267435440774887425e-03,1.271212595727421683e-03,1.275008993203050186e-03,1.278844546903654209e-03,1.282719723452932200e-03,1.286653205640554947e-03,1.290645197628798729e-03,1.294706083934503947e-03,1.298830624508942339e-03,1.303020097063264113e-03,1.307266062773393758e-03,1.311565267059745625e-03,1.315909674930835051e-03,1.320293495721862375e-03,1.324708386425256339e-03,1.329144758220470552e-03,1.333592977781509819e-03,1.338040974397177287e-03,1.342480762233044323e-03,1.346902210133426800e-03,1.351302622205447293e-03,1.355675798371541165e-03,1.360023359910076486e-03,1.364340251084434621e-03,1.368628709340108341e-03,1.372882207705893465e-03,1.377102665769698326e-03,1.381283560014622208e-03,1.385429311277706606e-03,1.389536360868430217e-03,1.393612858428617488e-03,1.397657286481740957e-03,1.401678406389726076e-03,1.405672405038002224e-03,1.409644180924350199e-03,1.413585132561087513e-03,1.417497398675185514e-03,1.421372637615245498e-03,1.425216995633244452e-03,1.429027431372719044e-03,1.432814207777194457e-03,1.436574106804667465e-03,1.440312527360741463e-03,1.444017854808903479e-03,1.447687709053668012e-03,1.451307249307961632e-03,1.454877522213540893e-03,1.458391089730978144e-03,1.461856307173444759e-03,1.465269501198610338e-03,1.468637651937796784e-03,1.471949500839783665e-03,1.475201101797637363e-03,1.478373519248924947e-03,1.481463635484449488e-03,1.484460041262202368e-03,1.487368949100930857e-03,1.490186309868556276e-03,1.492920554437730113e-03,1.495561371236452889e-03,1.498104846597776794e-03,1.500530708628954480e-03,1.502833255771586496e-03,1.504995684607688755e-03,1.507016379700370449e-03,1.508883444930974151e-03,1.510601481294595629e-03,1.512160495471374239e-03,1.513557858170046537e-03,1.514772490062872177e-03,1.515794324062144302e-03,1.516595586650995066e-03,1.517157170567487098e-03,1.517450741293583857e-03,1.517472049247075129e-03,1.517208815092282873e-03,1.516663030723946299e-03,1.515826636170903132e-03,1.514699488702935318e-03,1.513250284355121969e-03,1.511455214820329150e-03,1.509289322262026773e-03,1.506740201723972064e-03,1.503773668943393649e-03,1.500392021550229832e-03,1.496617271611844126e-03,1.492472405009611681e-03,1.487942185190959483e-03,1.483035950689747364e-03,1.477741670187637671e-03,1.472002091458723006e-03,1.465743063764696251e-03,1.458984620238826203e-03,1.451756158808099710e-03,1.444042437463811468e-03,1.435826706590352707e-03,1.427175122441939762e-03,1.418090905260278086e-03,1.408483903993714608e-03,1.398227412404410468e-03,1.387265349287808902e-03,1.375544721878628951e-03,1.363086287942277992e-03,1.349836396947069056e-03,1.335665294280012671e-03,1.320458235667359157e-03,1.304557316536018559e-03,1.287792968438004762e-03,1.269531479610515757e-03,1.249129283498980015e-03,1.226316261597235925e-03,1.199044153683153464e-03,1.161135935814217555e-03,1.102174369062034658e-03,9.950946904285075216e-04,8.060923811107317382e-04,4.760228145711968345e-04,1.028993917264266108e-04
0.000000000000000000e+00,0.000000000000000000e+00,0.000000000000000000e+00,0.000000000000000000e+00,0.000000000000000000e+00,0.000000000000000000e+00,0.000000000000000000e+00,0.000000000000000000e+00,0.000000000000000000e+00,0.000000000000000000e+00,0.000000000000000000e+00,0.000000000000000000e+00,0.000000000000000000e+00,0.000000000000000000e+00,0.000000000000000000e+00,0.000000000000000000e+00,0.000000000000000000e+00,0.000000000000000000e+00,0.000000000000000000e+00,0.000000000000000000e+00,0.000000000000000000e+00,0.000000000000000000e+00,0.000000000000000000e+00,0.000000000000000000e+00,0.000000000000000000e+00,0.000000000000000000e+00,0.000000000000000000e+00,0.000000000000000000e+00,0.000000000000000000e+00,0.000000000000000000e+00,0.000000000000000000e+00,0.000000000000000000e+00,0.000000000000000000e+00,0.000000000000000000e+00,0.000000000000000000e+00,0.000000000000000000e+00,0.000000000000000000e+00,0.000000000000000000e+00,0.000000000000000000e+00,0.000000000000000000e+00,0.000000000000000000e+00,0.000000000000000000e+00,0.000000000000000000e+00,0.000000000000000000e+00,0.000000000000000000e+00,0.000000000000000000e+00,0.000000000000000000e+00,0.000000000000000000e+00,0.000000000000000000e+00,0.000000000000000000e+00,0.000000000000000000e+00,0.000000000000000000e+00,0.000000000000000000e+00,0.000000000000000000e+00,0.000000000000000000e+00,0.000000000000000000e+00,0.000000000000000000e+00,0.000000000000000000e+00,0.000000000000000000e+00,0.000000000000000000e+00,0.000000000000000000e+00,0.000000000000000000e+00,0.000000000000000000e+00,0.000000000000000000e+00,0.000000000000000000e+00,0.000000000000000000e+00,0.000000000000000000e+00,0.000000000000000000e+00,0.000000000000000000e+00,0.000000000000000000e+00,0.000000000000000000e+00,0.000000000000000000e+00,0.000000000000000000e+00,0.000000000000000000e+00,0.000000000000000000e+00,0.000000000000000000e+00,0.000000000000000000e+00,0.000000000000000000e+00,0.000000000000000000e+00,0.000000000000000000e+00,0.000000000000000000e+00,0.000000000000000000e+00,0.000000000000000000e+00,0.000000000000000000e+00,0.000000000000000000e+00,0.000000000000000000e+00,0.000000000000000000e+00,0.000000000000000000e+00,0.000000000000000000e+00,0.000000000000000000e+00,0.000000000000000000e+00,0.000000000000000000e+00,0.000000000000000000e+00,0.000000000000000000e+00,0.000000000000000000e+00,0.000000000000000000e+00,0.000000000000000000e+00,0.000000000000000000e+00,0.000000000000000000e+00,0.000000000000000000e+00,0.000000000000000000e+00,0.000000000000000000e+00,0.000000000000000000e+00,0.000000000000000000e+00,0.000000000000000000e+00,0.000000000000000000e+00,0.000000000000000000e+00,0.000000000000000000e+00,0.000000000000000000e+00,0.000000000000000000e+00,0.000000000000000000e+00,0.000000000000000000e+00,0.000000000000000000e+00,0.000000000000000000e+00,0.000000000000000000e+00,0.000000000000000000e+00,0.000000000000000000e+00,0.000000000000000000e+00,0.000000000000000000e+00,0.000000000000000000e+00,0.000000000000000000e+00,0.000000000000000000e+00,0.000000000000000000e+00,0.000000000000000000e+00,0.000000000000000000e+00,0.000000000000000000e+00,0.000000000000000000e+00,0.000000000000000000e+00,0.000000000000000000e+00,0.000000000000000000e+00,0.000000000000000000e+00,0.000000000000000000e+00,0.000000000000000000e+00,0.000000000000000000e+00,0.000000000000000000e+00,0.000000000000000000e+00,0.000000000000000000e+00,0.000000000000000000e+00,0.000000000000000000e+00,0.000000000000000000e+00,0.000000000000000000e+00,0.000000000000000000e+00,0.000000000000000000e+00,0.000000000000000000e+00,0.000000000000000000e+00,0.000000000000000000e+00,0.000000000000000000e+00,0.000000000000000000e+00,0.000000000000000000e+00,0.000000000000000000e+00,0.000000000000000000e+00,0.000000000000000000e+00,0.000000000000000000e+00,0.000000000000000000e+00,0.000000000000000000e+00,0.000000000000000000e+00,0.000000000000000000e+00,0.000000000000000000e+00,0.000000000000000000e+00,0.000000000000000000e+00,0.000000000000000000e+00,0.000000000000000000e+00,0.000000000000000000e+00,0.000000000000000000e+00,0.000000000000000000e+00,0.000000000000000000e+00,0.000000000000000000e+00,0.000000000000000000e+00,0.000000000000000000e+00,0.000000000000000000e+00,0.000000000000000000e+00,1.535299446485542283e-03,1.459807586194865467e-03,1.268093293242708412e-03,1.048280316881733702e-03,8.435365945270895420e-04,7.185095453641427224e-04,6.735684375123957100e-04,7.030464206232206383e-04,7.801319713303834103e-04,8.786854359096021774e-04,9.737746261358024447e-04,1.048166296135242962e-03,1.095521893179939423e-03,1.116629351664238587e-03,1.118661550756856098e-03,1.109123350774561360e-03,1.095937031498244287e-03,1.084175195515825908e-03,1.077302227867856996e-03,1.076119721465769235e-03,1.080127973240920317e-03,1.087700381575995665e-03,1.096905158541128808e-03,1.106087658693450434e-03,1.113929301400595285e-03,1.119953652269164816e-03,1.124022487163669776e-03,1.126599746458385384e-03,1.128189281885172684e-03,1.129419398245317362e-03,1.130785978890235400e-03,1.132605999756648415e-03,1.135085092849989286e-03,1.138180937832764927e-03,1.141852103438181039e-03,1.145883733315123569e-03,1.150156955020014077e-03,1.154473269913754369e-03,1.158760117196652555e-03,1.162913704650934401e-03,1.166935631977053609e-03,1.170799443763333083e-03,1.174547577224580377e-03,1.178182605754393101e-03,1.181749188436047966e-03,1.185247090611385749e-03,1.188706582860474389e-03,1.192117803380481848e-03,1.195498548845883155e-03,1.198835745526749368e-03,1.202143569288872688e-03,1.205414772785078255e-03,1.208667906949439019e-03,1.211906759984348464e-03,1.215155877460715080e-03,1.218426888369890338e-03,1.221743352112235597e-03,1.225115010456832593e-03,1.228555404823844033e-03,1.232065880721007261e-03,1.235648308947557422e-03,1.239297729236883867e-03,1.243009225720397666e-03,1.246775920893361447e-03,1.250589023172022978e-03,1.254439999931158045e-03,1.258315700039495640e-03,1.262205623272617512e-03,1.266094076941882930e-03,1.269972053705753891e-03,1.273826267915531812e-03,1.277653494804003231e-03,1.281445462726704589e-03,1.285204273139119472e-03,1.288924085967338819e-03,1.292608529101573313e-03,1.296251159844521517e-03,1.299855639145116541e-03,1.303415812347451502e-03,1.306937781346596350e-03,1.310418411618393709e-03,1.313867398874356751e-03,1.317283643295816611e-03,1.320677225980411819e-03,1.324044533435563649e-03,1.327391180246377750e-03,1.330707973535816182e-03,1.333996576909993789e-03,1.337246934620302209e-03,1.340463723813490335e-03,1.343641809513289754e-03,1.346790026811992133e-03,1.349903528238491097e-03,1.352986587452725820e-03,1.356025972305727320e-03,1.359017564108066156e-03,1.361944100575438518e-03,1.364804267411785701e-03,1.367588448912381537e-03,1.370303613719680343e-03,1.372945505670713183e-03,1.375521432910736547e-03,1.378021062065878152e-03,1.380441194792981704e-03,1.382763058795467587e-03,1.384982967210378075e-03,1.387089069248939686e-03,1.389087416410526507e-03,1.390974945181671979e-03,1.392761928663836324e-03,1.394440918271142331e-03,1.396010174886772644e-03,1.397450859043976095e-03,1.398757486333825680e-03,1.399913851468576661e-03,1.400918756408603416e-03,1.401761461634094732e-03,1.402447902616145046e-03,1.402971134904030691e-03,1.403331758602755332e-03,1.403512213089516724e-03,1.403504938138128459e-03,1.403284919834458470e-03,1.402833542973751062e-03,1.402121257319686272e-03,1.401141815047893388e-03,1.399883453961356123e-03,1.398348415222072216e-03,1.396529868646460186e-03,1.394431595746307550e-03,1.392028811016927893e-03,1.389298565398911466e-03,1.386213510092946253e-03,1.382761709762207704e-03,1.378911535681188669e-03,1.374660332662719191e-03,1.370025367244233697e-03,1.365034387189494004e-03,1.359683712491263673e-03,1.353993085532055347e-03,1.347965983520226863e-03,1.341555832659573804e-03,1.334680713209661015e-03,1.327348501899106590e-03,1.319601640892676710e-03,1.311436562354603447e-03,1.302825343140377951e-03,1.293834824846795684e-03,1.284525658207262902e-03,1.274857144277017750e-03,1.264724135857634877e-03,1.254065757367390111e-03,1.242868875614289463e-03,1.231154998348245582e-03,1.218968386020339136e-03,1.206225904115594246e-03,1.192891337047053855e-03,1.179213257638494225e-03,1.165579777685345078e-03,1.151520290271117533e-03,1.136503778173371957e-03,1.119603093897377768e-03,1.099621551005687103e-03,1.070672845110247568e-03,1.023803440025762568e-03,9.312441221459977604e-04,7.587094615699033814e-04,4.473681818797604556e-04,9.618033307071071865e-05
0.000000000000000000e+00,0.000000000000000000e+00,0.000000000000000000e+00,0.000000000000000000e+00,0.000000000000000000e+00,0.000000000000000000e+00,0.000000000000000000e+00,0.000000000000000000e+00,0.000000000000000000e+00,0.000000000000000000e+00,0.000000000000000000e+00,0.000000000000000000e+00,0.000000000000000000e+00,0.000000000000000000e+00,0.000000000000000000e+00,0.000000000000000000e+00,0.000000000000000000e+00,0.000000000000000000e+00,0.000000000000000000e+00,0.000000000000000000e+00,0.000000000000000000e+00,0.000000000000000000e+00,0.000000000000000000e+00,0.000000000000000000e+00,0.000000000000000000e+00,0.000000000000000000e+00,0.000000000000000000e+00,0.000000000000000000e+00,0.000000000000000000e+00,0.000000000000000000e+00,0.000000000000000000e+00,0.000000000000000000e+00,0.000000000000000000e+00,0.000000000000000000e+00,0.000000000000000000e+00,0.000000000000000000e+00,0.000000000000000000e+00,0.000000000000000000e+00,0.000000000000000000e+00,0.000000000000000000e+00,0.000000000000000000e+00,0.000000000000000000e+00,0.000000000000000000e+00,0.000000000000000000e+00,0.000000000000000000e+00,0.000000000000000000e+00,0.000000000000000000e+00,0.000000000000000000e+00,0.000000000000000000e+00,0.000000000000000000e+00,0.000000000000000000e+00,0.000000000000000000e+00,0.000000000000000000e+00,0.000000000000000000e+00,0.000000000000000000e+00,0.000000000000000000e+00,0.000000000000000000e+00,0.000000000000000000e+00,0.000000000000000000e+00,0.000000000000000000e+00,0.000000000000000000e+00,0.000000000000000000e+00,0.000000000000000000e+00,0.000000000000000000e+00,0.000000000000000000e+00,0.000000000000000000e+00,0.000000000000000000e+00,0.000000000000000000e+00,0.000000000000000000e+00,0.000000000000000000e+00,0.000000000000000000e+00,0.000000000000000000e+00,0.000000000000000000e+00,0.000000000000000000e+00,0.000000000000000000e+00,0.000000000000000000e+00,0.000000000000000000e+00,0.000000000000000000e+00,0.000000000000000000e+00,0.000000000000000000e+00,0.000000000000000000e+00,0.000000000000000000e+00,0.000000000000000000e+00,0.000000000000000000e+00,0.000000000000000000e+00,0.000000000000000000e+00,0.000000000000000000e+00,0.000000000000000000e+00,0.000000000000000000e+00,0.000000000000000000e+00,0.000000000000000000e+00,0.000000000000000000e+00,0.000000000000000000e+00,0.000000000000000000e+00,0.000000000000000000e+00,0.000000000000000000e+00,0.000000000000000000e+00,0.000000000000000000e+00,0.000000000000000000e+00,0.000000000000000000e+00,0.000000000000000000e+00,0.000000000000000000e+00,0.000000000000000000e+00,0.000000000000000000e+00,0.000000000000000000e+00,0.000000000000000000e+00,0.000000000000000000e+00,0.000000000000000000e+00,0.000000000000000000e+00,0.000000000000000000e+00,0.000000000000000000e+00,0.000000000000000000e+00,0.000000000000000000e+00,0.000000000000000000e+00,0.000000000000000000e+00,0.000000000000000000e+00,0.000000000000000000e+00,0.000000000000000000e+00,0.000000000000000000e+00,0.000000000000000000e+00,0.000000000000000000e+00,0.000000000000000000e+00,0.000000000000000000e+00,0.000000000000000000e+00,0.000000000000000000e+00,0.000000000000000000e+00,0.000000000000000000e+00,0.000000000000000000e+00,0.000000000000000000e+00,0.000000000000000000e+00,0.000000000000000000e+00,0.000000000000000000e+00,0.000000000000000000e+00,0.000000000000000000e+00,0.000000000000000000e+00,0.000000000000000000e+00,0.000000000000000000e+00,0.000000000000000000e+00,0.000000000000000000e+00,0.000000000000000000e+00,0.000000000000000000e+00,0.000000000000000000e+00,0.000000000000000000e+00,0.000000000000000000e+00,0.000000000000000000e+00,0.000000000000000000e+00,0.000000000000000000e+00,0.000000000000000000e+00,0.000000000000000000e+00,0.000000000000000000e+00,0.000000000000000000e+00,0.000000000000000000e+00,0.000000000000000000e+00,0.000000000000000000e+00,0.000000000000000000e+00,0.000000000000000000e+00,0.000000000000000000e+00,0.000000000000000000e+00,0.000000000000000000e+00,0.000000000000000000e+00,0.000000000000000000e+00,0.000000000000000000e+00,0.000000000000000000e+00,0.000000000000000000e+00,0.000000000000000000e+00,0.000000000000000000e+00,0.000000000000000000e+00,0.000000000000000000e+00,0.000000000000000000e+00,0.000000000000000000e+00,0.000000000000000000e+00,1.392351005918211456e-03,1.260002700044595509e-03,1.074436800976769297e-03,8.355265939735154017e-04,6.537416968697597067e-04,5.450293203484881223e-04,5.311375890508102928e-04,5.894393857780296170e-04,6.955917268319666445e-04,8.153959518185502006e-04,9.233786349359568739e-04,1.002992343597008560e-03,1.049613922174987002e-03,1.067471543752910928e-03,1.064814581266116701e-03,1.051482430470025795e-03,1.035455954915570891e-03,1.022704606787553077e-03,1.016027352662276411e-03,1.016048786015500381e-03,1.021522103399559065e-03,1.030363055341935964e-03,1.040392628214315864e-03,1.049708310611237143e-03,1.057257212404539301e-03,1.062502767919154371e-03,1.065721266051012327e-03,1.067353425738792796e-03,1.068179062392739243e-03,1.068785206619519285e-03,1.069732496606670821e-03,1.071293519641362780e-03,1.073606556065533416e-03,1.076614783499548053e-03,1.080185073620213224e-03,1.084122538853427020e-03,1.088249793285052782e-03,1.092404546786172274e-03,1.096492047795441125e-03,1.100440264593043277e-03,1.104243759916269645e-03,1.107893445092876170e-03,1.111423675790717495e-03,1.114841038893799518e-03,1.118177216333144470e-03,1.121429341497282668e-03,1.124613665789838193e-03,1.127718139504915425e-03,1.130750418161549035e-03,1.133699745807518339e-03,1.136575914649335783e-03,1.139378630404227219e-03,1.142126574247877367e-03,1.144832983778294646e-03,1.147524643556605602e-03,1.150222783255365521e-03,1.152953265069052392e-03,1.155733933128608388e-03,1.158579390786674580e-03,1.161496730358924090e-03,1.164487147943291155e-03,1.167549093049383450e-03,1.170675593135013038e-03,1.173861562381953725e-03,1.177095516601119485e-03,1.180369831015397677e-03,1.183668492637786384e-03,1.186981367277308323e-03,1.190289902199226759e-03,1.193585161086184584e-03,1.196851303885945348e-03,1.200085391950026512e-03,1.203277447016480031e-03,1.206430579843455241e-03,1.209538305259086691e-03,1.212605904082629353e-03,1.215626937382241523e-03,1.218606812964311654e-03,1.221539458346845072e-03,1.224432454274475583e-03,1.227282692562167016e-03,1.230101152792156252e-03,1.232886809612555694e-03,1.235650903383200740e-03,1.238389865292086793e-03,1.241110061534490957e-03,1.243801765689059140e-03,1.246466346889232510e-03,1.249092203893144813e-03,1.251682784235418847e-03,1.254231124301662895e-03,1.256745007294837128e-03,1.259218437112031566e-03,1.261655155253864650e-03,1.264040975081839619e-03,1.266370669530174960e-03,1.268625091376745584e-03,1.270800913799261184e-03,1.272886597537781824e-03,1.274887870131604078e-03,1.276800063100519845e-03,1.278630962408749700e-03,1.280371472266012521e-03,1.282019488977566464e-03,1.283556793770632923e-03,1.284979297669648808e-03,1.286274803195296091e-03,1.287449127610055958e-03,1.288500193518874685e-03,1.289440126416492713e-03,1.290264682831602627e-03,1.290974756865264327e-03,1.291553493107255087e-03,1.291995849007508169e-03,1.292286337049826546e-03,1.292424108369527678e-03,1.292399606033898477e-03,1.292219975184874092e-03,1.291881385128461606e-03,1.291387856544575679e-03,1.290725909914947154e-03,1.289891103178566426e-03,1.288862213625683109e-03,1.287622251374672148e-03,1.286141292174807329e-03,1.284411030797681088e-03,1.282420239522689053e-03,1.280171663445691700e-03,1.277659631028113876e-03,1.274891297015026074e-03,1.271849539255558202e-03,1.268514941738306794e-03,1.264859228699242825e-03,1.260870226586592027e-03,1.256519320442010595e-03,1.251801163619499545e-03,1.246728850952949063e-03,1.241332033075111599e-03,1.235614645898122426e-03,1.229605574604942988e-03,1.223328448185649273e-03,1.216757589951349009e-03,1.209806977120027804e-03,1.202465399124681440e-03,1.194784246006429804e-03,1.186786379999444458e-03,1.178435367939990788e-03,1.169780255548823244e-03,1.160914893333861182e-03,1.151872227336639496e-03,1.142575493822399913e-03,1.132975303637955965e-03,1.123060255607340793e-03,1.112903769414282443e-03,1.102572425084270532e-03,1.092114323504485502e-03,1.081432898496240309e-03,1.070744155886923154e-03,1.060458672941649687e-03,1.050764721758006915e-03,1.041022545182736367e-03,1.030372425133090292e-03,1.016995402418376321e-03,9.960576345923498678e-04,9.585055565339409061e-04,8.778856682621477819e-04,7.185421375554039902e-04,4.229553408530248196e-04,9.033696325390182377e-05
0.000000000000000000e+00,0.000000000000000000e+00,0.000000000000000000e+00,0.000000000000000000e+00,0.000000000000000000e+00,0.000000000000000000e+00,0.000000000000000000e+00,0.000000000000000000e+00,0.000000000000000000e+00,0.000000000000000000e+00,0.000000000000000000e+00,0.000000000000000000e+00,0.000000000000000000e+00,0.000000000000000000e+00,0.000000000000000000e+00,0.000000000000000000e+00,0.000000000000000000e+00,0.000000000000000000e+00,0.000000000000000000e+00,0.000000000000000000e+00,0.000000000000000000e+00,0.000000000000000000e+00,0.000000000000000000e+00,0.000000000000000000e+00,0.000000000000000000e+00,0.000000000000000000e+00,0.000000000000000000e+00,0.000000000000000000e+00,0.000000000000000000e+00,0.000000000000000000e+00,0.000000000000000000e+00,0.000000000000000000e+00,0.000000000000000000e+00,0.000000000000000000e+00,0.000000000000000000e+00,0.000000000000000000e+00,0.000000000000000000e+00,0.000000000000000000e+00,0.000000000000000000e+00,0.000000000000000000e+00,0.000000000000000000e+00,0.000000000000000000e+00,0.000000000000000000e+00,0.000000000000000000e+00,0.000000000000000000e+00,0.000000000000000000e+00,0.000000000000000000e+00,0.000000000000000000e+00,0.000000000000000000e+00,0.000000000000000000e+00,0.000000000000000000e+00,0.000000000000000000e+00,0.000000000000000000e+00,0.000000000000000000e+00,0.000000000000000000e+00,0.000000000000000000e+00,0.000000000000000000e+00,0.000000000000000000e+00,0.000000000000000000e+00,0.000000000000000000e+00,0.000000000000000000e+00,0.000000000000000000e+00,0.000000000000000000e+00,0.000000000000000000e+00,0.000000000000000000e+00,0.000000000000000000e+00,0.000000000000000000e+00,0.000000000000000000e+00,0.000000000000000000e+00,0.000000000000000000e+00,0.000000000000000000e+00,0.000000000000000000e+00,0.000000000000000000e+00,0.000000000000000000e+00,0.000000000000000000e+00,0.000000000000000000e+00,0.000000000000000000e+00,0.000000000000000000e+00,0.000000000000000000e+00,0.000000000000000000e+00,0.000000000000000000e+00,0.000000000000000000e+00,0.000000000000000000e+00,0.000000000000000000e+00,0.000000000000000000e+00,0.000000000000000000e+00,0.000000000000000000e+00,0.000000000000000000e+00,0.000000000000000000e+00,0.000000000000000000e+00,0.000000000000000000e+00,0.000000000000000000e+00,0.000000000000000000e+00,0.000000000000000000e+00,0.000000000000000000e+00,0.000000000000000000e+00,0.000000000000000000e+00,0.000000000000000000e+00,0.000000000000000000e+00,0.000000000000000000e+00,0.000000000000000000e+00,0.000000000000000000e+00,0.000000000000000000e+00,0.000000000000000000e+00,0.000000000000000000e+00,0.000000000000000000e+00,0.000000000000000000e+00,0.000000000000000000e+00,0.000000000000000000e+00,0.000000000000000000e+00,0.000000000000000000e+00,0.000000000000000000e+00,0.000000000000000000e+00,0.000000000000000000e+00,0.000000000000000000e+00,0.000000000000000000e+00,0.000000000000000000e+00,0.000000000000000000e+00,0.000000000000000000e+00,0.000000000000000000e+00,0.000000000000000000e+00,0.000000000000000000e+00,0.000000000000000000e+00,0.000000000000000000e+00,0.000000000000000000e+00,0.000000000000000000e+00,0.000000000000000000e+00,0.000000000000000000e+00,0.000000000000000000e+00,0.000000000000000000e+00,0.000000000000000000e+00,0.000000000000000000e+00,0.000000000000000000e+00,0.000000000000000000e+00,0.000000000000000000e+00,0.000000000000000000e+00,0.000000000000000000e+00,0.000000000000000000e+00,0.000000000000000000e+00,0.000000000000000000e+00,0.000000000000000000e+00,0.000000000000000000e+00,0.000000000000000000e+00,0.000000000000000000e+00,0.000000000000000000e+00,0.000000000000000000e+00,0.000000000000000000e+00,0.000000000000000000e+00,0.000000000000000000e+00,0.000000000000000000e+00,0.000000000000000000e+00,0.000000000000000000e+00,0.000000000000000000e+00,0.000000000000000000e+00,0.000000000000000000e+00,0.000000000000000000e+00,0.000000000000000000e+00,0.000000000000000000e+00,0.000000000000000000e+00,0.000000000000000000e+00,0.000000000000000000e+00,0.000000000000000000e+00,0.000000000000000000e+00,0.000000000000000000e+00,0.000000000000000000e+00,0.000000000000000000e+00,0.000000000000000000e+00,0.000000000000000000e+00,0.000000000000000000e+00,0.000000000000000000e+00,4.644423545743154073e-04,8.017507169747563117e-04,8.914786264565642679e-04,7.825955126572805296e-04,6.420707478095660174e-04,5.060945243755746560e-04,4.434152347824642042e-04,4.540250980109093292e-04,5.348181008692695897e-04,6.528716224088997738e-04,7.794684588937672359e-04,8.873166961268428828e-04,9.632313931481973138e-04,1.004306806179393373e-03,1.016272862578756825e-03,1.008781365198896992e-03,9.918854968986642179e-04,9.741667231229019950e-04,9.610585021957649939e-04,9.551811128266654788e-04,9.564063863469277884e-04,9.630701717492224897e-04,9.726966365397678345e-04,9.829012832870071339e-04,9.918972109037634682e-04,9.986511497652899357e-04,1.002972407891291468e-03,1.005173622485674382e-03,1.005970721915188347e-03,1.006100254090362038e-03,1.006255034867610055e-03,1.006905928282217800e-03,1.008308991846167124e-03,1.010527632714670367e-03,1.013453609274946347e-03,1.016924690705652175e-03,1.020714838046139685e-03,1.024653518549251650e-03,1.028577209468573700e-03,1.032408757786890162e-03,1.036089480096626320e-03,1.039622836223159106e-03,1.043011039931720195e-03,1.046283217556447966e-03,1.049449608839274394e-03,1.052527664079258097e-03,1.055513884421265935e-03,1.058409310023137543e-03,1.061202363205481555e-03,1.063889839350526086e-03,1.066465279297916990e-03,1.068933016888085541e-03,1.071300242648725838e-03,1.073583818223412768e-03,1.075805573136499188e-03,1.077991927919053376e-03,1.080172147263580573e-03,1.082371800104875523e-03,1.084615361556700306e-03,1.086916503843547016e-03,1.089287205276328685e-03,1.091726864833217087e-03,1.094237245358473630e-03,1.096809046886633920e-03,1.099439557522460722e-03,1.102114993365352607e-03,1.104829667453390398e-03,1.107565462024654021e-03,1.110313772963741116e-03,1.113053986395565621e-03,1.115778257664115300e-03,1.118468804323397014e-03,1.121123702803405228e-03,1.123731615214482431e-03,1.126297090534033023e-03,1.128813101691717976e-03,1.131286744269480475e-03,1.133711464160901908e-03,1.136094329591234766e-03,1.138429027885944902e-03,1.140724330931422101e-03,1.142976723448367810e-03,1.145198127269916877e-03,1.147387219313491993e-03,1.149556174843045786e-03,1.151701305081027915e-03,1.153829730901033369e-03,1.155931277675443635e-03,1.158007208782888074e-03,1.160044600087833423e-03,1.162045924820358971e-03,1.164002695441196519e-03,1.165922017608861860e-03,1.167797260640010592e-03,1.169632245165553317e-03,1.171412566427792838e-03,1.173132590234438055e-03,1.174771930286043096e-03,1.176325660913460011e-03,1.177780624123765055e-03,1.179141440292627097e-03,1.180403179588807592e-03,1.181574187909755803e-03,1.182646857971466747e-03,1.183620467716646691e-03,1.184477732813410617e-03,1.185214305029066864e-03,1.185817681261092495e-03,1.186293252451962920e-03,1.186639780453088841e-03,1.186871073361063685e-03,1.186986277509794775e-03,1.186989286589844360e-03,1.186865778447809740e-03,1.186611394095299105e-03,1.186211445366551530e-03,1.185665249605890453e-03,1.184964295623276882e-03,1.184116618894111989e-03,1.183121316073407116e-03,1.181985731449601822e-03,1.180700722949328029e-03,1.179265280422944501e-03,1.177662751234296885e-03,1.175878864432705530e-03,1.173884291159640490e-03,1.171668612462843087e-03,1.169220889856545549e-03,1.166544503805235422e-03,1.163634926120864005e-03,1.160501721376973544e-03,1.157135603111406844e-03,1.153523008253056490e-03,1.149637003738771023e-03,1.145464910534596406e-03,1.140980652482813645e-03,1.136177265212596609e-03,1.131064985374531737e-03,1.125674252610026765e-03,1.120012969484754069e-03,1.114113283319584933e-03,1.108018271479599545e-03,1.101733217710518806e-03,1.095180046666330374e-03,1.088321734422441648e-03,1.081205687417840979e-03,1.073886818218727172e-03,1.066340961544756617e-03,1.058584214749342441e-03,1.050714643388283740e-03,1.042825073673322262e-03,1.034903549838473574e-03,1.026901934664654252e-03,1.018813538828408248e-03,1.010707090262829124e-03,1.002716473498936091e-03,9.949461561658977295e-04,9.873987467337059110e-04,9.800663464076991068e-04,9.732960472038096680e-04,9.673839103520603814e-04,9.621986575484783866e-04,9.567105640163509235e-04,9.491554324824272868e-04,9.346218701274662359e-04,9.045111015771716825e-04,8.329220235560178594e-04,6.841186856809371034e-04,4.017677801555660485e-04,8.504996164041077995e-05
0.000000000000000000e+00,0.000000000000000000e+00,0.000000000000000000e+00,0.000000000000000000e+00,0.000000000000000000e+00,0.000000000000000000e+00,0.000000000000000000e+00,0.000000000000000000e+00,0.000000000000000000e+00,0.000000000000000000e+00,0.000000000000000000e+00,0.000000000000000000e+00,0.000000000000000000e+00,0.000000000000000000e+00,0.000000000000000000e+00,0.000000000000000000e+00,0.000000000000000000e+00,0.000000000000000000e+00,0.000000000000000000e+00,0.000000000000000000e+00,0.000000000000000000e+00,0.000000000000000000e+00,0.000000000000000000e+00,0.000000000000000000e+00,0.000000000000000000e+00,0.000000000000000000e+00,0.000000000000000000e+00,0.000000000000000000e+00,0.000000000000000000e+00,0.000000000000000000e+00,0.000000000000000000e+00,0.000000000000000000e+00,0.000000000000000000e+00,0.000000000000000000e+00,0.000000000000000000e+00,0.000000000000000000e+00,0.000000000000000000e+00,0.000000000000000000e+00,0.000000000000000000e+00,0.000000000000000000e+00,0.000000000000000000e+00,0.000000000000000000e+00,0.000000000000000000e+00,0.000000000000000000e+00,0.000000000000000000e+00,0.000000000000000000e+00,0.000000000000000000e+00,0.000000000000000000e+00,0.000000000000000000e+00,0.000000000000000000e+00,0.000000000000000000e+00,0.000000000000000000e+00,0.000000000000000000e+00,0.000000000000000000e+00,0.000000000000000000e+00,0.000000000000000000e+00,0.000000000000000000e+00,0.000000000000000000e+00,0.000000000000000000e+00,0.000000000000000000e+00,0.000000000000000000e+00,0.000000000000000000e+00,0.000000000000000000e+00,0.000000000000000000e+00,0.000000000000000000e+00,0.000000000000000000e+00,0.000000000000000000e+00,0.000000000000000000e+00,0.000000000000000000e+00,0.000000000000000000e+00,0.000000000000000000e+00,0.000000000000000000e+00,0.000000000000000000e+00,0.000000000000000000e+00,0.000000000000000000e+00,0.000000000000000000e+00,0.000000000000000000e+00,0.000000000000000000e+00,0.000000000000000000e+00,0.000000000000000000e+00,0.000000000000000000e+00,0.000000000000000000e+00,0.000000000000000000e+00,0.000000000000000000e+00,0.000000000000000000e+00,0.000000000000000000e+00,0.000000000000000000e+00,0.000000000000000000e+00,0.000000000000000000e+00,0.000000000000000000e+00,0.000000000000000000e+00,0.000000000000000000e+00,0.000000000000000000e+00,0.000000000000000000e+00,0.000000000000000000e+00,0.000000000000000000e+00,0.000000000000000000e+00,0.000000000000000000e+00,0.000000000000000000e+00,0.000000000000000000e+00,0.000000000000000000e+00,0.000000000000000000e+00,0.000000000000000000e+00,0.000000000000000000e+00,0.000000000000000000e+00,0.000000000000000000e+00,0.000000000000000000e+00,0.000000000000000000e+00,0.000000000000000000e+00,0.000000000000000000e+00,0.000000000000000000e+00,0.000000000000000000e+00,0.000000000000000000e+00,0.000000000000000000e+00,0.000000000000000000e+00,0.000000000000000000e+00,0.000000000000000000e+00,0.000000000000000000e+00,0.000000000000000000e+00,0.000000000000000000e+00,0.000000000000000000e+00,0.000000000000000000e+00,0.000000000000000000e+00,0.000000000000000000e+00,0.000000000000000000e+00,0.000000000000000000e+00,0.000000000000000000e+00,0.000000000000000000e+00,0.000000000000000000e+00,0.000000000000000000e+00,0.000000000000000000e+00,0.000000000000000000e+00,0.000000000000000000e+00,0.000000000000000000e+00,0.000000000000000000e+00,0.000000000000000000e+00,0.000000000000000000e+00,0.000000000000000000e+00,0.000000000000000000e+00,0.000000000000000000e+00,0.000000000000000000e+00,0.000000000000000000e+00,0.000000000000000000e+00,0.000000000000000000e+00,0.000000000000000000e+00,0.000000000000000000e+00,0.000000000000000000e+00,0.000000000000000000e+00,0.000000000000000000e+00,0.000000000000000000e+00,0.000000000000000000e+00,0.000000000000000000e+00,0.000000000000000000e+00,0.000000000000000000e+00,0.000000000000000000e+00,0.000000000000000000e+00,0.000000000000000000e+00,0.000000000000000000e+00,0.000000000000000000e+00,0.000000000000000000e+00,0.000000000000000000e+00,0.000000000000000000e+00,0.000000000000000000e+00,0.000000000000000000e+00,0.000000000000000000e+00,0.000000000000000000e+00,0.000000000000000000e+00,0.000000000000000000e+00,0.000000000000000000e+00,0.000000000000000000e+00,3.733984154567199080e-04,7.415743922125652126e-04,7.338023548694446807e-04,6.646486033070476539e-04,5.338346107212056614e-04,4.422664955389177038e-04,4.022067671124855172e-04,4.365296202764608444e-04,5.238210704922947793e-04,6.434753595539355765e-04,7.628808902940718232e-04,8.614415356926599437e-04,9.265957120324631565e-04,9.582926842529644216e-04,9.627862242736691693e-04,9.502031053580994651e-04,9.306386209757056601e-04,9.121269150769947300e-04,8.996694876263186319e-04,8.950387793447080360e-04,8.976154007335170526e-04,9.052135119841392017e-04,9.151768911113852779e-04,9.251115844568184995e-04,9.333387483954080650e-04,9.390929305022840436e-04,9.423295697462184079e-04,9.435967320121292938e-04,9.436390572822197891e-04,9.432748719322914732e-04,9.431308520400316598e-04,9.436447132846101891e-04,9.449952598580884039e-04,9.471786015166079164e-04,9.500527184561394743e-04,9.534076770145836913e-04,9.570315870250045666e-04,9.607362491007093641e-04,9.643950414475509561e-04,9.679288449221936860e-04,9.713127824796650468e-04,9.745475056546187408e-04,9.776539724899860947e-04,9.806508829092314139e-04,9.835540524924775777e-04,9.863657501706050035e-04,9.890828160542864973e-04,9.916922268617350909e-04,9.941840023130219060e-04,9.965454319387013257e-04,9.987749955050080879e-04,1.000871861007103254e-03,1.002850245329717704e-03,1.004724111317925822e-03,1.006522405866928536e-03,1.008269223538219624e-03,1.010000002206978787e-03,1.011737969223657028e-03,1.013512671885767992e-03,1.015335328062774885e-03,1.017221930283744146e-03,1.019169308546732542e-03,1.021182399318179036e-03,1.023249503435694555e-03,1.025370742716038902e-03,1.027530491062748430e-03,1.029725845981796983e-03,1.031937325845193624e-03,1.034158817380522941e-03,1.036368393888971321e-03,1.038560124842520006e-03,1.040714834209275534e-03,1.042832156133251557e-03,1.044899674188261600e-03,1.046923638930141167e-03,1.048896535207246693e-03,1.050827309272810541e-03,1.052709159307068168e-03,1.054550650720135997e-03,1.056344932043304374e-03,1.058101639793316510e-03,1.059816462389617580e-03,1.061501902571928072e-03,1.063156018315138682e-03,1.064791683904240576e-03,1.066404977188432131e-03,1.068003772524140672e-03,1.069577590267829781e-03,1.071127783728299332e-03,1.072640382143167726e-03,1.074117125566439058e-03,1.075548314028324567e-03,1.076940686085913965e-03,1.078287459626687443e-03,1.079593080852140740e-03,1.080843663721934786e-03,1.082033865182278724e-03,1.083142766348848575e-03,1.084164282959954170e-03,1.085083976215624104e-03,1.085905464377880623e-03,1.086623683845906220e-03,1.087247549361143118e-03,1.087771129749852319e-03,1.088195300327741760e-03,1.088504082749877601e-03,1.088692998374082453e-03,1.088749247577268549e-03,1.088677492941812069e-03,1.088477037315571010e-03,1.088162996288422361e-03,1.087737894972822059e-03,1.087208854169250402e-03,1.086564608940315856e-03,1.085801758060865553e-03,1.084906509395939774e-03,1.083878105714426937e-03,1.082708829491909990e-03,1.081407131433877395e-03,1.079974644139691277e-03,1.078421691045133206e-03,1.076743438873394021e-03,1.074942298209947576e-03,1.073006631978636136e-03,1.070925856338647694e-03,1.068672356161041526e-03,1.066233660819047684e-03,1.063598640151338422e-03,1.060771223359792750e-03,1.057748105825080534e-03,1.054540169050122069e-03,1.051145144118040275e-03,1.047556765517352467e-03,1.043752029959700523e-03,1.039718474652624085e-03,1.035431865310909366e-03,1.030883417045054540e-03,1.026080912682035160e-03,1.021056120119122985e-03,1.015819594962953307e-03,1.010399856162343861e-03,1.004850568160993570e-03,9.992128440629820252e-04,9.934340223161646118e-04,9.874558228961534921e-04,9.813007251850372915e-04,9.750479246329566167e-04,9.687053539372411041e-04,9.622692088641130424e-04,9.558043196059604974e-04,9.494365616283124412e-04,9.432193744474840023e-04,9.371463989289583645e-04,9.311880811315402908e-04,9.253993254540771344e-04,9.198935703160439261e-04,9.148639288534779913e-04,9.103836412485967174e-04,9.064534847673333612e-04,9.031001537254167242e-04,9.005853853922160491e-04,8.988472159400269631e-04,8.972313493631554459e-04,8.938581906498212128e-04,8.842286801254493726e-04,8.595642699408017522e-04,7.949233287898610110e-04,6.543645430206306837e-04,3.833363414326232941e-04,8.078980327551521154e-05
0.000000000000000000e+00,0.000000000000000000e+00,0.000000000000000000e+00,0.000000000000000000e+00,0.000000000000000000e+00,0.000000000000000000e+00,0.000000000000000000e+00,0.000000000000000000e+00,0.000000000000000000e+00,0.000000000000000000e+00,0.000000000000000000e+00,0.000000000000000000e+00,0.000000000000000000e+00,0.000000000000000000e+00,0.000000000000000000e+00,0.000000000000000000e+00,0.000000000000000000e+00,0.000000000000000000e+00,0.000000000000000000e+00,0.000000000000000000e+00,0.000000000000000000e+00,0.000000000000000000e+00,0.000000000000000000e+00,0.000000000000000000e+00,0.000000000000000000e+00,0.000000000000000000e+00,0.000000000000000000e+00,0.000000000000000000e+00,0.000000000000000000e+00,0.000000000000000000e+00,0.000000000000000000e+00,0.000000000000000000e+00,0.000000000000000000e+00,0.000000000000000000e+00,0.000000000000000000e+00,0.000000000000000000e+00,0.000000000000000000e+00,0.000000000000000000e+00,0.000000000000000000e+00,0.000000000000000000e+00,0.000000000000000000e+00,0.000000000000000000e+00,0.000000000000000000e+00,0.000000000000000000e+00,0.000000000000000000e+00,0.000000000000000000e+00,0.000000000000000000e+00,0.000000000000000000e+00,0.000000000000000000e+00,0.000000000000000000e+00,0.000000000000000000e+00,0.000000000000000000e+00,0.000000000000000000e+00,0.000000000000000000e+00,0.000000000000000000e+00,0.000000000000000000e+00,0.000000000000000000e+00,0.000000000000000000e+00,0.000000000000000000e+00,0.000000000000000000e+00,0.000000000000000000e+00,0.000000000000000000e+00,0.000000000000000000e+00,0.000000000000000000e+00,0.000000000000000000e+00,0.000000000000000000e+00,0.000000000000000000e+00,0.000000000000000000e+00,0.000000000000000000e+00,0.000000000000000000e+00,0.000000000000000000e+00,0.000000000000000000e+00,0.000000000000000000e+00,0.000000000000000000e+00,0.000000000000000000e+00,0.000000000000000000e+00,0.000000000000000000e+00,0.000000000000000000e+00,0.000000000000000000e+00,0.000000000000000000e+00,0.000000000000000000e+00,0.000000000000000000e+00,0.000000000000000000e+00,0.000000000000000000e+00,0.000000000000000000e+00,0.000000000000000000e+00,0.000000000000000000e+00,0.000000000000000000e+00,0.000000000000000000e+00,0.000000000000000000e+00,0.000000000000000000e+00,0.000000000000000000e+00,0.000000000000000000e+00,0.000000000000000000e+00,0.000000000000000000e+00,0.000000000000000000e+00,0.000000000000000000e+00,0.000000000000000000e+00,0.000000000000000000e+00,0.000000000000000000e+00,0.000000000000000000e+00,0.000000000000000000e+00,0.000000000000000000e+00,0.000000000000000000e+00,0.000000000000000000e+00,0.000000000000000000e+00,0.000000000000000000e+00,0.000000000000000000e+00,0.000000000000000000e+00,0.000000000000000000e+00,0.000000000000000000e+00,0.000000000000000000e+00,0.000000000000000000e+00,0.000000000000000000e+00,0.000000000000000000e+00,0.000000000000000000e+00,0.000000000000000000e+00,0.000000000000000000e+00,0.000000000000000000e+00,0.000000000000000000e+00,0.000000000000000000e+00,0.000000000000000000e+00,0.000000000000000000e+00,0.000000000000000000e+00,0.000000000000000000e+00,0.000000000000000000e+00,0.000000000000000000e+00,0.000000000000000000e+00,0.000000000000000000e+00,0.000000000000000000e+00,0.000000000000000000e+00,0.000000000000000000e+00,0.000000000000000000e+00,0.000000000000000000e+00,0.000000000000000000e+00,0.000000000000000000e+00,0.000000000000000000e+00,0.000000000000000000e+00,0.000000000000000000e+00,0.000000000000000000e+00,0.000000000000000000e+00,0.000000000000000000e+00,0.000000000000000000e+00,0.000000000000000000e+00,0.000000000000000000e+00,0.000000000000000000e+00,0.000000000000000000e+00,0.000000000000000000e+00,0.000000000000000000e+00,0.000000000000000000e+00,0.000000000000000000e+00,0.000000000000000000e+00,0.000000000000000000e+00,0.000000000000000000e+00,0.000000000000000000e+00,0.000000000000000000e+00,0.000000000000000000e+00,0.000000000000000000e+00,0.000000000000000000e+00,0.000000000000000000e+00,0.000000000000000000e+00,0.000000000000000000e+00,0.000000000000000000e+00,0.000000000000000000e+00,0.000000000000000000e+00,0.000000000000000000e+00,0.000000000000000000e+00,0.000000000000000000e+00,0.000000000000000000e+00,0.000000000000000000e+00,3.919632328521186100e-04,5.977109066921026861e-04,6.713275285876566011e-04,5.947031867470422293e-04,5.089415974972840220e-04,4.311569819165793804e-04,4.158689767937452371e-04,4.551752182838663427e-04,5.440913892977794703e-04,6.524738223309694716e-04,7.581017510111725871e-04,8.398866809506291917e-04,8.906261490434861511e-04,9.103835231939164281e-04,9.068198570512778266e-04,8.895665351700783379e-04,8.683028444576663864e-04,8.501522818250481766e-04,8.391456517072488387e-04,8.362543259788182996e-04,8.402084347876006198e-04,8.485147841662479687e-04,8.584490278017667007e-04,8.677285877683887667e-04,8.749474192369421964e-04,8.795431671657764384e-04,8.817395813670467165e-04,8.821537515239027830e-04,8.816414896341142433e-04,8.809496110220339793e-04,8.806928613128878506e-04,8.811935112278781231e-04,8.825826649468681033e-04,8.847755731839981744e-04,8.876045819839133806e-04,8.908349351205252465e-04,8.942624737552344215e-04,8.977098882037692212e-04,9.010749845030230224e-04,9.042954463648315453e-04,9.073683427823346116e-04,9.102995672078194973e-04,9.131212487841884823e-04,9.158442254167262686e-04,9.184871334779537910e-04,9.210384015746341142e-04,9.234957323774368879e-04,9.258334801473444477e-04,9.280448817561370118e-04,9.301087791348602732e-04,9.320296144769777812e-04,9.338013813348169673e-04,9.354450725932985863e-04,9.369706133508056605e-04,9.384127862421458386e-04,9.397916112226545630e-04,9.411470842482951146e-04,9.424984254354087454e-04,9.438789552154682383e-04,9.452963186482941493e-04,9.467698378427545679e-04,9.482933019669488508e-04,9.498747248529694964e-04,9.515000660517203886e-04,9.531726276659380648e-04,9.548753729521211120e-04,9.566088119862307081e-04,9.583527263723975488e-04,9.601042021978024822e-04,9.618406108858953019e-04,9.635585200108951224e-04,9.652377816414902225e-04,9.668799233597384114e-04,9.684716274368092596e-04,9.700209448188999153e-04,9.715198632857534366e-04,9.729791122113851587e-04,9.743915057713255527e-04,9.757669092755246474e-04,9.770976870171336256e-04,9.783940318687017398e-04,9.796505298547014424e-04,9.808799425702495380e-04,9.820794737735343612e-04,9.832624980633929840e-04,9.844248171172863965e-04,9.855750817794343890e-04,9.867027055990137876e-04,9.878093416255469446e-04,9.888802803346846432e-04,9.899167443233013175e-04,9.909080962103233251e-04,9.918609175444202241e-04,9.927686568770553461e-04,9.936368094348889055e-04,9.944526637475671615e-04,9.952118087111648439e-04,9.958934987624825687e-04,9.964909367757332059e-04,9.969887460104327661e-04,9.973896199564412195e-04,9.976884510339864651e-04,9.978946722592472226e-04,9.980041450359849933e-04,9.980194965588521424e-04,9.979264093544128883e-04,9.977204217057379382e-04,9.973884402043810705e-04,9.969340321692712545e-04,9.963565978429978712e-04,9.956719847238927612e-04,9.948858488182858815e-04,9.940085917487929794e-04,9.930324575519961037e-04,9.919553204201887395e-04,9.907644278403964552e-04,9.894587229375424297e-04,9.880309621613284597e-04,9.864894373097889742e-04,9.848377567867943813e-04,9.830886964586474982e-04,9.812414637487174799e-04,9.793015821519411492e-04,9.772624671515685226e-04,9.751179551508037816e-04,9.728433770086389711e-04,9.704245293406219041e-04,9.678494654321093127e-04,9.651222631046173098e-04,9.622409599231826656e-04,9.592167945976606044e-04,9.560529788598731357e-04,9.527507443633500758e-04,9.492932533231467811e-04,9.456698363860715139e-04,9.418582162822994232e-04,9.378469186072641408e-04,9.336400255653809878e-04,9.292706010986178733e-04,9.247539272383876888e-04,9.201110023238892772e-04,9.153925593540978775e-04,9.106682461917453781e-04,9.059275972206741207e-04,9.011087929646297966e-04,8.961969509404808017e-04,8.912680218214399106e-04,8.863712207906775716e-04,8.815082176513415338e-04,8.767048390933956372e-04,8.720681132767712498e-04,8.677012494753828624e-04,8.636502806853613330e-04,8.599063464412306460e-04,8.564752593466495043e-04,8.534280667234388825e-04,8.509175091410908038e-04,8.491186715108585805e-04,8.480766356376764079e-04,8.477567719423237218e-04,8.481237411664942780e-04,8.491042789305325821e-04,8.500858063042436314e-04,8.494681830171934471e-04,8.429842238530641961e-04,8.220632606195520282e-04,7.624354869473345606e-04,6.283467433491439621e-04,3.670442728034248336e-04,7.703277755127742365e-05
0.000000000000000000e+00,0.000000000000000000e+00,0.000000000000000000e+00,0.000000000000000000e+00,0.000000000000000000e+00,0.000000000000000000e+00,0.000000000000000000e+00,0.000000000000000000e+00,0.000000000000000000e+00,0.000000000000000000e+00,0.000000000000000000e+00,0.000000000000000000e+00,0.000000000000000000e+00,0.000000000000000000e+00,0.000000000000000000e+00,0.000000000000000000e+00,0.000000000000000000e+00,0.000000000000000000e+00,0.000000000000000000e+00,0.000000000000000000e+00,0.000000000000000000e+00,0.000000000000000000e+00,0.000000000000000000e+00,0.000000000000000000e+00,0.000000000000000000e+00,0.000000000000000000e+00,0.000000000000000000e+00,0.000000000000000000e+00,0.000000000000000000e+00,0.000000000000000000e+00,0.000000000000000000e+00,0.000000000000000000e+00,0.000000000000000000e+00,0.000000000000000000e+00,0.000000000000000000e+00,0.000000000000000000e+00,0.000000000000000000e+00,0.000000000000000000e+00,0.000000000000000000e+00,0.000000000000000000e+00,0.000000000000000000e+00,0.000000000000000000e+00,0.000000000000000000e+00,0.000000000000000000e+00,0.000000000000000000e+00,0.000000000000000000e+00,0.000000000000000000e+00,0.000000000000000000e+00,0.000000000000000000e+00,0.000000000000000000e+00,0.000000000000000000e+00,0.000000000000000000e+00,0.000000000000000000e+00,0.000000000000000000e+00,0.000000000000000000e+00,0.000000000000000000e+00,0.000000000000000000e+00,0.000000000000000000e+00,0.000000000000000000e+00,0.000000000000000000e+00,0.000000000000000000e+00,0.000000000000000000e+00,0.000000000000000000e+00,0.000000000000000000e+00,0.000000000000000000e+00,0.000000000000000000e+00,0.000000000000000000e+00,0.000000000000000000e+00,0.000000000000000000e+00,0.000000000000000000e+00,0.000000000000000000e+00,0.000000000000000000e+00,0.000000000000000000e+00,0.000000000000000000e+00,0.000000000000000000e+00,0.000000000000000000e+00,0.000000000000000000e+00,0.000000000000000000e+00,0.000000000000000000e+00,0.000000000000000000e+00,0.000000000000000000e+00,0.000000000000000000e+00,0.000000000000000000e+00,0.000000000000000000e+00,0.000000000000000000e+00,0.000000000000000000e+00,0.000000000000000000e+00,0.000000000000000000e+00,0.000000000000000000e+00,0.000000000000000000e+00,0.000000000000000000e+00,0.000000000000000000e+00,0.000000000000000000e+00,0.000000000000000000e+00,0.000000000000000000e+00,0.000000000000000000e+00,0.000000000000000000e+00,0.000000000000000000e+00,0.000000000000000000e+00,0.000000000000000000e+00,0.000000000000000000e+00,0.000000000000000000e+00,0.000000000000000000e+00,0.000000000000000000e+00,0.000000000000000000e+00,0.000000000000000000e+00,0.000000000000000000e+00,0.000000000000000000e+00,0.000000000000000000e+00,0.000000000000000000e+00,0.000000000000000000e+00,0.000000000000000000e+00,0.000000000000000000e+00,0.000000000000000000e+00,0.000000000000000000e+00,0.000000000000000000e+00,0.000000000000000000e+00,0.000000000000000000e+00,0.000000000000000000e+00,0.000000000000000000e+00,0.000000000000000000e+00,0.000000000000000000e+00,0.000000000000000000e+00,0.000000000000000000e+00,0.000000000000000000e+00,0.000000000000000000e+00,0.000000000000000000e+00,0.000000000000000000e+00,0.000000000000000000e+00,0.000000000000000000e+00,0.000000000000000000e+00,0.000000000000000000e+00,0.000000000000000000e+00,0.000000000000000000e+00,0.000000000000000000e+00,0.000000000000000000e+00,0.000000000000000000e+00,0.000000000000000000e+00,0.000000000000000000e+00,0.000000000000000000e+00,0.000000000000000000e+00,0.000000000000000000e+00,0.000000000000000000e+00,0.000000000000000000e+00,0.000000000000000000e+00,0.000000000000000000e+00,0.000000000000000000e+00,0.000000000000000000e+00,0.000000000000000000e+00,0.000000000000000000e+00,0.000000000000000000e+00,0.000000000000000000e+00,0.000000000000000000e+00,0.000000000000000000e+00,0.000000000000000000e+00,0.000000000000000000e+00,0.000000000000000000e+00,0.000000000000000000e+00,0.000000000000000000e+00,0.000000000000000000e+00,0.000000000000000000e+00,0.000000000000000000e+00,0.000000000000000000e+00,0.000000000000000000e+00,0.000000000000000000e+00,0.000000000000000000e+00,0.000000000000000000e+00,0.000000000000000000e+00,0.000000000000000000e+00,0.000000000000000000e+00,3.570307819322221391e-04,5.583920013344775618e-04,6.072917275746887939e-04,5.848240163991774362e-04,5.102283728428842194e-04,4.635589152561041238e-04,4.535234704523542662e-04,4.981467654198601814e-04,5.761236273491334705e-04,6.704508951378679695e-04,7.556427842839814543e-04,8.187642375315554426e-04,8.525645383708072358e-04,8.602286568014845015e-04,8.487760162383955901e-04,8.279505773693978830e-04,8.061262233519102087e-04,7.893615611274220137e-04,7.804829512565641730e-04,7.795824023052125989e-04,7.848585016417734079e-04,7.936072944218065892e-04,8.031903779773404660e-04,8.115646453200867257e-04,8.176149340091538008e-04,8.210591351593783324e-04,8.222897450406293704e-04,8.220353153026122928e-04,8.211398377778695657e-04,8.203143777859699809e-04,8.200788913652577727e-04,8.206735629525458613e-04,8.221523654380974650e-04,8.243736628251372139e-04,8.271504235451391943e-04,8.302328364064145896e-04,8.334421182349362666e-04,8.366093927018309999e-04,8.396706193309751111e-04,8.425719643859438989e-04,8.453386199672186787e-04,8.479739028247461905e-04,8.505228320337748175e-04,8.529844647233507209e-04,8.553811138653009787e-04,8.576872620916093639e-04,8.599027223126139716e-04,8.619909619049215786e-04,8.639495714981804088e-04,8.657505585708884189e-04,8.674045915733336184e-04,8.689009970698047909e-04,8.702667400887300654e-04,8.715071187879502770e-04,8.726612678624519987e-04,8.737440040288945971e-04,8.747983359826921705e-04,8.758384350459474943e-04,8.769002724100175136e-04,8.779873269674293634e-04,8.791216977604365216e-04,8.802940037088649193e-04,8.815152313156856059e-04,8.827691849129555438e-04,8.840625261932617265e-04,8.853771915390386618e-04,8.867174608281379929e-04,8.880628683635612966e-04,8.894141140784046469e-04,8.907483287921983458e-04,8.920648995340197838e-04,8.933430064164498384e-04,8.945861938772732341e-04,8.957803371841012701e-04,8.969352299810260483e-04,8.980423212975178256e-04,8.991139686051999487e-04,9.001424968057016550e-04,9.011388601532426901e-04,9.020944821465056492e-04,9.030198425051552897e-04,9.039082328349351764e-04,9.047724050304863401e-04,9.056085798764778021e-04,9.064304751477685225e-04,9.072336524301744670e-04,9.080275795163511923e-04,9.088018127682634872e-04,9.095585148345229761e-04,9.102825683164150836e-04,9.109748526657302815e-04,9.116240164961695409e-04,9.122365650946756685e-04,9.128064224511604806e-04,9.133403832918733992e-04,9.138274333541377076e-04,9.142646230496280849e-04,9.146320442431535953e-04,9.149226111405539411e-04,9.151203455586355865e-04,9.152270591465330599e-04,9.152376505423827184e-04,9.151619636675134648e-04,9.149977038431683944e-04,9.147493448713590837e-04,9.144045732289062456e-04,9.139591331094432764e-04,9.133996812979506327e-04,9.127283131920367783e-04,9.119439810776625976e-04,9.110625054280052475e-04,9.100921746779468439e-04,9.090465099752153199e-04,9.079216000914958192e-04,9.067169370372594279e-04,9.054210237582539398e-04,9.040323509117665843e-04,9.025438272947820589e-04,9.009629634776760571e-04,8.992946571133532321e-04,8.975534761329440970e-04,8.957422383026898000e-04,8.938690435655305671e-04,8.919319680545194622e-04,8.899296257875944022e-04,8.878415437463713870e-04,8.856524703815779912e-04,8.833490524796174014e-04,8.809347652065918763e-04,8.784089906737398840e-04,8.757826699144343353e-04,8.730626498541946235e-04,8.702566722582346726e-04,8.673552414715119405e-04,8.643513243888621992e-04,8.612258368778770781e-04,8.579646203591083896e-04,8.545654688077934224e-04,8.510602829875739666e-04,8.474718656364990362e-04,8.438163821662016248e-04,8.401297236803197772e-04,8.364916669834330815e-04,8.329374373907126898e-04,8.294287933841669588e-04,8.259191493722652534e-04,8.224523097585250287e-04,8.190989864477128853e-04,8.158925851531983846e-04,8.128381185428662503e-04,8.100005340052063296e-04,8.074774888171154952e-04,8.053619809380210132e-04,8.036819747931735810e-04,8.024465979325984613e-04,8.016560768775796977e-04,8.013896470095030564e-04,8.017667524675582951e-04,8.029177295979372927e-04,8.048136810881727655e-04,8.073578864433889361e-04,8.102797046171361347e-04,8.130000813186705763e-04,8.139642716934729783e-04,8.093039089556407217e-04,7.905688135308854090e-04,7.343772876843243126e-04,6.051967082888607330e-04,3.522549912293089524e-04,7.347868863967057314e-05
0.000000000000000000e+00,0.000000000000000000e+00,0.000000000000000000e+00,0.000000000000000000e+00,0.000000000000000000e+00,0.000000000000000000e+00,0.000000000000000000e+00,0.000000000000000000e+00,0.000000000000000000e+00,0.000000000000000000e+00,0.000000000000000000e+00,0.000000000000000000e+00,0.000000000000000000e+00,0.000000000000000000e+00,0.000000000000000000e+00,0.000000000000000000e+00,0.000000000000000000e+00,0.000000000000000000e+00,0.000000000000000000e+00,0.000000000000000000e+00,0.000000000000000000e+00,0.000000000000000000e+00,0.000000000000000000e+00,0.000000000000000000e+00,0.000000000000000000e+00,0.000000000000000000e+00,0.000000000000000000e+00,0.000000000000000000e+00,0.000000000000000000e+00,0.000000000000000000e+00,0.000000000000000000e+00,0.000000000000000000e+00,0.000000000000000000e+00,0.000000000000000000e+00,0.000000000000000000e+00,0.000000000000000000e+00,0.000000000000000000e+00,0.000000000000000000e+00,0.000000000000000000e+00,0.000000000000000000e+00,0.000000000000000000e+00,0.000000000000000000e+00,0.000000000000000000e+00,0.000000000000000000e+00,0.000000000000000000e+00,0.000000000000000000e+00,0.000000000000000000e+00,0.000000000000000000e+00,0.000000000000000000e+00,0.000000000000000000e+00,0.000000000000000000e+00,0.000000000000000000e+00,0.000000000000000000e+00,0.000000000000000000e+00,0.000000000000000000e+00,0.000000000000000000e+00,0.000000000000000000e+00,0.000000000000000000e+00,0.000000000000000000e+00,0.000000000000000000e+00,0.000000000000000000e+00,0.000000000000000000e+00,0.000000000000000000e+00,0.000000000000000000e+00,0.000000000000000000e+00,0.000000000000000000e+00,0.000000000000000000e+00,0.000000000000000000e+00,0.000000000000000000e+00,0.000000000000000000e+00,0.000000000000000000e+00,0.000000000000000000e+00,0.000000000000000000e+00,0.000000000000000000e+00,0.000000000000000000e+00,0.000000000000000000e+00,0.000000000000000000e+00,0.000000000000000000e+00,0.000000000000000000e+00,0.000000000000000000e+00,0.000000000000000000e+00,0.000000000000000000e+00,0.000000000000000000e+00,0.000000000000000000e+00,0.000000000000000000e+00,0.000000000000000000e+00,0.000000000000000000e+00,0.000000000000000000e+00,0.000000000000000000e+00,0.000000000000000000e+00,0.000000000000000000e+00,0.000000000000000000e+00,0.000000000000000000e+00,0.000000000000000000e+00,0.000000000000000000e+00,0.000000000000000000e+00,0.000000000000000000e+00,0.000000000000000000e+00,0.000000000000000000e+00,0.000000000000000000e+00,0.000000000000000000e+00,0.000000000000000000e+00,0.000000000000000000e+00,0.000000000000000000e+00,0.000000000000000000e+00,0.000000000000000000e+00,0.000000000000000000e+00,0.000000000000000000e+00,0.000000000000000000e+00,0.000000000000000000e+00,0.000000000000000000e+00,0.000000000000000000e+00,0.000000000000000000e+00,0.000000000000000000e+00,0.000000000000000000e+00,0.000000000000000000e+00,0.000000000000000000e+00,0.000000000000000000e+00,0.000000000000000000e+00,0.000000000000000000e+00,0.000000000000000000e+00,0.000000000000000000e+00,0.000000000000000000e+00,0.000000000000000000e+00,0.000000000000000000e+00,0.000000000000000000e+00,0.000000000000000000e+00,0.000000000000000000e+00,0.000000000000000000e+00,0.000000000000000000e+00,0.000000000000000000e+00,0.000000000000000000e+00,0.000000000000000000e+00,0.000000000000000000e+00,0.000000000000000000e+00,0.000000000000000000e+00,0.000000000000000000e+00,0.000000000000000000e+00,0.000000000000000000e+00,0.000000000000000000e+00,0.000000000000000000e+00,0.000000000000000000e+00,0.000000000000000000e+00,0.000000000000000000e+00,0.000000000000000000e+00,0.000000000000000000e+00,0.000000000000000000e+00,0.000000000000000000e+00,0.000000000000000000e+00,0.000000000000000000e+00,0.000000000000000000e+00,0.000000000000000000e+00,0.000000000000000000e+00,0.000000000000000000e+00,0.000000000000000000e+00,0.000000000000000000e+00,0.000000000000000000e+00,0.000000000000000000e+00,0.000000000000000000e+00,0.000000000000000000e+00,0.000000000000000000e+00,0.000000000000000000e+00,0.000000000000000000e+00,0.000000000000000000e+00,0.000000000000000000e+00,0.000000000000000000e+00,0.000000000000000000e+00,0.000000000000000000e+00,0.000000000000000000e+00,0.000000000000000000e+00,3.537769297542110486e-04,5.192573544652520374e-04,5.853814479661242085e-04,5.694160520192225860e-04,5.345086564740391365e-04,4.995268024797544417e-04,5.043508162702466883e-04,5.429241947496642792e-04,6.113703811071496052e-04,6.857411358523669192e-04,7.511479023334225770e-04,7.938155472579364654e-04,8.118226341567519799e-04,8.078100472890578209e-04,7.900624226439988042e-04,7.668527534553827704e-04,7.457150786004172836e-04,7.310781752347546812e-04,7.247196036100719439e-04,7.258237452399750973e-04,7.322167512596774574e-04,7.411094115399000266e-04,7.500792130309756308e-04,7.573753496613914397e-04,7.622287040768732950e-04,7.645839036893015530e-04,7.650132227375780990e-04,7.642643256975920106e-04,7.631797661916477852e-04,7.623636460195690624e-04,7.622639566475410263e-04,7.630082097505371669e-04,7.645996421824648951e-04,7.668401620661657956e-04,7.695410516265192456e-04,7.724499822104669618e-04,7.754176416776233961e-04,7.782946390676534097e-04,7.810491490668233609e-04,7.836413811922908002e-04,7.861157772648777768e-04,7.884752370251751647e-04,7.907712488723388699e-04,7.929928178562566359e-04,7.951634836827895566e-04,7.972461363051585020e-04,7.992428635016686359e-04,8.011086056301565134e-04,8.028460586614738622e-04,8.044218841487949098e-04,8.058530771027426313e-04,8.071246289670789328e-04,8.082687107968113908e-04,8.092854790812351604e-04,8.102171738365409855e-04,8.110726007113335705e-04,8.118965759280268339e-04,8.126976028459432242e-04,8.135134951479281677e-04,8.143433480033388525e-04,8.152116741891480157e-04,8.161060251515195752e-04,8.170402701196883329e-04,8.179962974009118192e-04,8.189841552969825533e-04,8.199850433621508556e-04,8.210071151512241764e-04,8.220299867070508630e-04,8.230581174426057633e-04,8.240687059250846212e-04,8.250640522645701948e-04,8.260228553125589920e-04,8.269506302829074786e-04,8.278324782854233361e-04,8.286797655286116645e-04,8.294833494642054033e-04,8.302570118904349693e-04,8.309925298813554970e-04,8.317017516475416370e-04,8.323750985158421840e-04,8.330231242235216702e-04,8.336377417384922698e-04,8.342314819591194804e-04,8.347995410957720309e-04,8.353558573704732019e-04,8.358958404378784898e-04,8.364298213638691418e-04,8.369477729769477436e-04,8.374525703332824774e-04,8.379290250260237405e-04,8.383778127240408030e-04,8.387870333115407182e-04,8.391630738735488546e-04,8.395004223928967781e-04,8.398072370491511734e-04,8.400745513313505894e-04,8.403012686701420188e-04,8.404689016771713268e-04,8.405704676344556920e-04,8.405897021706487584e-04,8.405275486456039759e-04,8.403789113582999393e-04,8.401538879441065389e-04,8.398520083394997535e-04,8.394796345375139671e-04,8.390267800020281223e-04,8.384896498047905841e-04,8.378547769047404829e-04,8.371224751837507859e-04,8.362906635421019650e-04,8.353742451422720974e-04,8.343833931024098463e-04,8.333343488442425829e-04,8.322272126497203687e-04,8.310634339724721565e-04,8.298330559549262206e-04,8.285340841514289003e-04,8.271593152981753178e-04,8.257148730490796069e-04,8.242061629655778434e-04,8.226487873433972276e-04,8.210486473877012846e-04,8.194157719408715632e-04,8.177521207466801646e-04,8.160609477282794975e-04,8.143270632098709291e-04,8.125352580190200753e-04,8.106704535911119251e-04,8.087345001918716178e-04,8.067278361606522495e-04,8.046607403114088659e-04,8.025419798796324441e-04,8.003840063723314949e-04,7.981845505514975798e-04,7.959413687514157836e-04,7.936404804142046989e-04,7.912668524713087088e-04,7.888102568225367935e-04,7.862959276458142280e-04,7.837540369100720085e-04,7.812031619436156978e-04,7.786619873013116058e-04,7.761980794114347552e-04,7.738778858935866419e-04,7.717058386166381805e-04,7.696308815073342382e-04,7.676516002279109392e-04,7.658260605905331834e-04,7.642150446084375499e-04,7.628365847569537140e-04,7.617201640491852790e-04,7.609275205609259633e-04,7.605453655320856690e-04,7.606371306839042248e-04,7.612335400050339014e-04,7.623313362413812987e-04,7.639265437740824609e-04,7.660515929691025456e-04,7.687698968962041000e-04,7.721029353781202163e-04,7.759411412656174118e-04,7.800028912062431522e-04,7.836377239544568265e-04,7.853732696716525389e-04,7.815352513232331436e-04,7.638965733906243885e-04,7.098825923527190716e-04,5.844231884278240554e-04,3.387884796883518885e-04,7.022178341182735723e-05
0.000000000000000000e+00,0.000000000000000000e+00,0.000000000000000000e+00,0.000000000000000000e+00,0.000000000000000000e+00,0.000000000000000000e+00,0.000000000000000000e+00,0.000000000000000000e+00,0.000000000000000000e+00,0.000000000000000000e+00,0.000000000000000000e+00,0.000000000000000000e+00,0.000000000000000000e+00,0.000000000000000000e+00,0.000000000000000000e+00,0.000000000000000000e+00,0.000000000000000000e+00,0.000000000000000000e+00,0.000000000000000000e+00,0.000000000000000000e+00,0.000000000000000000e+00,0.000000000000000000e+00,0.000000000000000000e+00,0.000000000000000000e+00,0.000000000000000000e+00,0.000000000000000000e+00,0.000000000000000000e+00,0.000000000000000000e+00,0.000000000000000000e+00,0.000000000000000000e+00,0.000000000000000000e+00,0.000000000000000000e+00,0.000000000000000000e+00,0.000000000000000000e+00,0.000000000000000000e+00,0.000000000000000000e+00,0.000000000000000000e+00,0.000000000000000000e+00,0.000000000000000000e+00,0.000000000000000000e+00,0.000000000000000000e+00,0.000000000000000000e+00,0.000000000000000000e+00,0.000000000000000000e+00,0.000000000000000000e+00,0.000000000000000000e+00,0.000000000000000000e+00,0.000000000000000000e+00,0.000000000000000000e+00,0.000000000000000000e+00,0.000000000000000000e+00,0.000000000000000000e+00,0.000000000000000000e+00,0.000000000000000000e+00,0.000000000000000000e+00,0.000000000000000000e+00,0.000000000000000000e+00,0.000000000000000000e+00,0.000000000000000000e+00,0.000000000000000000e+00,0.000000000000000000e+00,0.000000000000000000e+00,0.000000000000000000e+00,0.000000000000000000e+00,0.000000000000000000e+00,0.000000000000000000e+00,0.000000000000000000e+00,0.000000000000000000e+00,0.000000000000000000e+00,0.000000000000000000e+00,0.000000000000000000e+00,0.000000000000000000e+00,0.000000000000000000e+00,0.000000000000000000e+00,0.000000000000000000e+00,0.000000000000000000e+00,0.000000000000000000e+00,0.000000000000000000e+00,0.000000000000000000e+00,0.000000000000000000e+00,0.000000000000000000e+00,0.000000000000000000e+00,0.000000000000000000e+00,0.000000000000000000e+00,0.000000000000000000e+00,0.000000000000000000e+00,0.000000000000000000e+00,0.000000000000000000e+00,0.000000000000000000e+00,0.000000000000000000e+00,0.000000000000000000e+00,0.000000000000000000e+00,0.000000000000000000e+00,0.000000000000000000e+00,0.000000000000000000e+00,0.000000000000000000e+00,0.000000000000000000e+00,0.000000000000000000e+00,0.000000000000000000e+00,0.000000000000000000e+00,0.000000000000000000e+00,0.000000000000000000e+00,0.000000000000000000e+00,0.000000000000000000e+00,0.000000000000000000e+00,0.000000000000000000e+00,0.000000000000000000e+00,0.000000000000000000e+00,0.000000000000000000e+00,0.000000000000000000e+00,0.000000000000000000e+00,0.000000000000000000e+00,0.000000000000000000e+00,0.000000000000000000e+00,0.000000000000000000e+00,0.000000000000000000e+00,0.000000000000000000e+00,0.000000000000000000e+00,0.000000000000000000e+00,0.000000000000000000e+00,0.000000000000000000e+00,0.000000000000000000e+00,0.000000000000000000e+00,0.000000000000000000e+00,0.000000000000000000e+00,0.000000000000000000e+00,0.000000000000000000e+00,0.000000000000000000e+00,0.000000000000000000e+00,0.000000000000000000e+00,0.000000000000000000e+00,0.000000000000000000e+00,0.000000000000000000e+00,0.000000000000000000e+00,0.000000000000000000e+00,0.000000000000000000e+00,0.000000000000000000e+00,0.000000000000000000e+00,0.000000000000000000e+00,0.000000000000000000e+00,0.000000000000000000e+00,0.000000000000000000e+00,0.000000000000000000e+00,0.000000000000000000e+00,0.000000000000000000e+00,0.000000000000000000e+00,0.000000000000000000e+00,0.000000000000000000e+00,0.000000000000000000e+00,0.000000000000000000e+00,0.000000000000000000e+00,0.000000000000000000e+00,0.000000000000000000e+00,0.000000000000000000e+00,0.000000000000000000e+00,0.000000000000000000e+00,0.000000000000000000e+00,0.000000000000000000e+00,0.000000000000000000e+00,0.000000000000000000e+00,0.000000000000000000e+00,0.000000000000000000e+00,0.000000000000000000e+00,0.000000000000000000e+00,0.000000000000000000e+00,0.000000000000000000e+00,0.000000000000000000e+00,0.000000000000000000e+00,0.000000000000000000e+00,0.000000000000000000e+00,3.342076520063822550e-04,4.958817139792345580e-04,5.569382349193512105e-04,5.662342234183170364e-04,5.464628431818506753e-04,5.372718062953736476e-04,5.456113854496602448e-04,5.841597319787952868e-04,6.376754430182143265e-04,6.952550401250393421e-04,7.396918559478729126e-04,7.647512319736330484e-04,7.679481062134685355e-04,7.547754784105609053e-04,7.321815187478157962e-04,7.082238341601535068e-04,6.885810647099254193e-04,6.765897745204903961e-04,6.727527231535020179e-04,6.756640071800027684e-04,6.828300591789002172e-04,6.915614932178717512e-04,6.996971760888331775e-04,7.058422699283082571e-04,7.095353815925031088e-04,7.109453682285333219e-04,7.107461550361560609e-04,7.096973908399920082e-04,7.085753790254660945e-04,7.078902356229277177e-04,7.079866704598661948e-04,7.089065646724849101e-04,7.105981044081930310e-04,7.128319424545203828e-04,7.154243079031736468e-04,7.181332674244483936e-04,7.208445220229246688e-04,7.234286810778387932e-04,7.258871510510648151e-04,7.281886852742447402e-04,7.303956490371755692e-04,7.325054736961538566e-04,7.345752957830635217e-04,7.365823072358679887e-04,7.385518512404130615e-04,7.404361742788672946e-04,7.422408090675898561e-04,7.439139624294323913e-04,7.454641172198664531e-04,7.468538632265206596e-04,7.481062788091123088e-04,7.492024182194090016e-04,7.501787088436918591e-04,7.510299725867596726e-04,7.518003688728931190e-04,7.524923515471469747e-04,7.531515332665357195e-04,7.537805957141012134e-04,7.544185729126514283e-04,7.550603173702324141e-04,7.557324811963962675e-04,7.564198556151961348e-04,7.571390574765201687e-04,7.578703434724780048e-04,7.586270043299057908e-04,7.593897163693315473e-04,7.601703677606349956e-04,7.609488602081798669e-04,7.617333166525354707e-04,7.625012039882533279e-04,7.632576363122288605e-04,7.639809610273027001e-04,7.646784847248297998e-04,7.653345510347754274e-04,7.659618465259913477e-04,7.665506084439851478e-04,7.671158096865019448e-04,7.676486897081415172e-04,7.681618180945426911e-04,7.686446553864304237e-04,7.691076657754570027e-04,7.695413989349290333e-04,7.699579881928647097e-04,7.703516275487193267e-04,7.707363546800713927e-04,7.711075383313562058e-04,7.714763925685100320e-04,7.718335800345857726e-04,7.721828640717201542e-04,7.725093234431120283e-04,7.728135407936983581e-04,7.730831944336246210e-04,7.733244094548419236e-04,7.735321873913843715e-04,7.737159314165991363e-04,7.738688953549846365e-04,7.739920722428634235e-04,7.740688804974105944e-04,7.740927874215570905e-04,7.740475356454156472e-04,7.739331843598397636e-04,7.737445893147665114e-04,7.734918876542178816e-04,7.731763400337746681e-04,7.728061761733221466e-04,7.723740300223443534e-04,7.718768901640011117e-04,7.713014121429471103e-04,7.706459568715775567e-04,7.699068738548168469e-04,7.690971995423965483e-04,7.682280315313156759e-04,7.673176802375793713e-04,7.663702147447577252e-04,7.653893332285771102e-04,7.643669567472025604e-04,7.633007106785403900e-04,7.621831314066728055e-04,7.610184312803737429e-04,7.598116926803230326e-04,7.585787041267017016e-04,7.573278694004570303e-04,7.560705120484127479e-04,7.548114492517093814e-04,7.535578818983373114e-04,7.523005985754709990e-04,7.510258395118225806e-04,7.497169898014401264e-04,7.483732059991647602e-04,7.469952974974909156e-04,7.455926549343384240e-04,7.441746271850096638e-04,7.427563408879471170e-04,7.413415823211275861e-04,7.399328474014867660e-04,7.385225432840791023e-04,7.370981820574051173e-04,7.356427231829665292e-04,7.341688708744946923e-04,7.327081749767183280e-04,7.312878447036397786e-04,7.299175026197722571e-04,7.286394369050848115e-04,7.275236169729797520e-04,7.266155547286585244e-04,7.258898943708110962e-04,7.253170722457278003e-04,7.249152985794775697e-04,7.247446552749006775e-04,7.248436830804807140e-04,7.252392298755104723e-04,7.259579518032307967e-04,7.270533389272455013e-04,7.285749469528243760e-04,7.305712753659282565e-04,7.330520406325600211e-04,7.360098961951640120e-04,7.394031804598442470e-04,7.432179253460706111e-04,7.474109851617774612e-04,7.518936440848176042e-04,7.563806362910775174e-04,7.602661428122751367e-04,7.621008414554207881e-04,7.584009586544518313e-04,7.410610949117523924e-04,6.883249651542014923e-04,5.656701076921231194e-04,3.265275907576930484e-04,6.739521939684071602e-05
0.000000000000000000e+00,0.000000000000000000e+00,0.000000000000000000e+00,0.000000000000000000e+00,0.000000000000000000e+00,0.000000000000000000e+00,0.000000000000000000e+00,0.000000000000000000e+00,0.000000000000000000e+00,0.000000000000000000e+00,0.000000000000000000e+00,0.000000000000000000e+00,0.000000000000000000e+00,0.000000000000000000e+00,0.000000000000000000e+00,0.000000000000000000e+00,0.000000000000000000e+00,0.000000000000000000e+00,0.000000000000000000e+00,0.000000000000000000e+00,0.000000000000000000e+00,0.000000000000000000e+00,0.000000000000000000e+00,0.000000000000000000e+00,0.000000000000000000e+00,0.000000000000000000e+00,0.000000000000000000e+00,0.000000000000000000e+00,0.000000000000000000e+00,0.000000000000000000e+00,0.000000000000000000e+00,0.000000000000000000e+00,0.000000000000000000e+00,0.000000000000000000e+00,0.000000000000000000e+00,0.000000000000000000e+00,0.000000000000000000e+00,0.000000000000000000e+00,0.000000000000000000e+00,0.000000000000000000e+00,0.000000000000000000e+00,0.000000000000000000e+00,0.000000000000000000e+00,0.000000000000000000e+00,0.000000000000000000e+00,0.000000000000000000e+00,0.000000000000000000e+00,0.000000000000000000e+00,0.000000000000000000e+00,0.000000000000000000e+00,0.000000000000000000e+00,0.000000000000000000e+00,0.000000000000000000e+00,0.000000000000000000e+00,0.000000000000000000e+00,0.000000000000000000e+00,0.000000000000000000e+00,0.000000000000000000e+00,0.000000000000000000e+00,0.000000000000000000e+00,0.000000000000000000e+00,0.000000000000000000e+00,0.000000000000000000e+00,0.000000000000000000e+00,0.000000000000000000e+00,0.000000000000000000e+00,0.000000000000000000e+00,0.000000000000000000e+00,0.000000000000000000e+00,0.000000000000000000e+00,0.000000000000000000e+00,0.000000000000000000e+00,0.000000000000000000e+00,0.000000000000000000e+00,0.000000000000000000e+00,0.000000000000000000e+00,0.000000000000000000e+00,0.000000000000000000e+00,0.000000000000000000e+00,0.000000000000000000e+00,0.000000000000000000e+00,0.000000000000000000e+00,0.000000000000000000e+00,0.000000000000000000e+00,0.000000000000000000e+00,0.000000000000000000e+00,0.000000000000000000e+00,0.000000000000000000e+00,0.000000000000000000e+00,0.000000000000000000e+00,0.000000000000000000e+00,0.000000000000000000e+00,0.000000000000000000e+00,0.000000000000000000e+00,0.000000000000000000e+00,0.000000000000000000e+00,0.000000000000000000e+00,0.000000000000000000e+00,0.000000000000000000e+00,0.000000000000000000e+00,0.000000000000000000e+00,0.000000000000000000e+00,0.000000000000000000e+00,0.000000000000000000e+00,0.000000000000000000e+00,0.000000000000000000e+00,0.000000000000000000e+00,0.000000000000000000e+00,0.000000000000000000e+00,0.000000000000000000e+00,0.000000000000000000e+00,0.000000000000000000e+00,0.000000000000000000e+00,0.000000000000000000e+00,0.000000000000000000e+00,0.000000000000000000e+00,0.000000000000000000e+00,0.000000000000000000e+00,0.000000000000000000e+00,0.000000000000000000e+00,0.000000000000000000e+00,0.000000000000000000e+00,0.000000000000000000e+00,0.000000000000000000e+00,0.000000000000000000e+00,0.000000000000000000e+00,0.000000000000000000e+00,0.000000000000000000e+00,0.000000000000000000e+00,0.000000000000000000e+00,0.000000000000000000e+00,0.000000000000000000e+00,0.000000000000000000e+00,0.000000000000000000e+00,0.000000000000000000e+00,0.000000000000000000e+00,0.000000000000000000e+00,0.000000000000000000e+00,0.000000000000000000e+00,0.000000000000000000e+00,0.000000000000000000e+00,0.000000000000000000e+00,0.000000000000000000e+00,0.000000000000000000e+00,0.000000000000000000e+00,0.000000000000000000e+00,0.000000000000000000e+00,0.000000000000000000e+00,0.000000000000000000e+00,0.000000000000000000e+00,0.000000000000000000e+00,0.000000000000000000e+00,0.000000000000000000e+00,0.000000000000000000e+00,0.000000000000000000e+00,0.000000000000000000e+00,0.000000000000000000e+00,0.000000000000000000e+00,0.000000000000000000e+00,0.000000000000000000e+00,0.000000000000000000e+00,0.000000000000000000e+00,0.000000000000000000e+00,0.000000000000000000e+00,0.000000000000000000e+00,0.000000000000000000e+00,0.000000000000000000e+00,0.000000000000000000e+00,0.000000000000000000e+00,0.000000000000000000e+00,3.224532244994205701e-04,4.672862363239659012e-04,5.321997000398519511e-04,5.493702016122777422e-04,5.542459792191551738e-04,5.571285951454089166e-04,5.771170100063473512e-04,6.098937626845449917e-04,6.539985410142625053e-04,6.938316619966596434e-04,7.218569701053856660e-04,7.308093517124819626e-04,7.228914996888831813e-04,7.024343081827876022e-04,6.772572734271317500e-04,6.535344978958573499e-04,6.361236060011375574e-04,6.267669298251844680e-04,6.252537384593573420e-04,6.295353137037793933e-04,6.370909879531856104e-04,6.453481647927605076e-04,6.525065437411633855e-04,6.574880881338916955e-04,6.601340275386976056e-04,6.607642043238845173e-04,6.601304111587499336e-04,6.589446451994623909e-04,6.579150777676983329e-04,6.574307633636006015e-04,6.577528868021107486e-04,6.588362258459616073e-04,6.605984663664060848e-04,6.627871878147561201e-04,6.652387134198469235e-04,6.677276245158083288e-04,6.701768822254222484e-04,6.724781796724628967e-04,6.746605063959685558e-04,6.766999189631528683e-04,6.786699903993111908e-04,6.805623459040049906e-04,6.824358110775146204e-04,6.842573125605073883e-04,6.860529477792211370e-04,6.877668117497640066e-04,6.894081274285427307e-04,6.909204989666412576e-04,6.923183110686056962e-04,6.935612416655803246e-04,6.946779581401498925e-04,6.956459144117819147e-04,6.965048911298990638e-04,6.972443345583503914e-04,6.979093742258519421e-04,6.984960626994403139e-04,6.990500675144538769e-04,6.995683885190373845e-04,7.000908449261283037e-04,7.006083978843369395e-04,7.011496304852208672e-04,7.016969850125471392e-04,7.022696413289435590e-04,7.028465119041017077e-04,7.034438430742993853e-04,7.040419301959175563e-04,7.046560671295544215e-04,7.052665519845643591e-04,7.058848966568174186e-04,7.064889701366740271e-04,7.070864695767260268e-04,7.076554977739496228e-04,7.082048912667759152e-04,7.087182643793161823e-04,7.092093264039806997e-04,7.096677027868140758e-04,7.101093152802615341e-04,7.105249434858862357e-04,7.109277354086533315e-04,7.113063227769662704e-04,7.116709623134224918e-04,7.120109325187325968e-04,7.123378114894555546e-04,7.126448428754888218e-04,7.129460188976110158e-04,7.132367617173565209e-04,7.135291352861428214e-04,7.138147310291376212e-04,7.140983356579507944e-04,7.143656228666596256e-04,7.146171815473035226e-04,7.148403804495346214e-04,7.150408802919289890e-04,7.152140381606988170e-04,7.153702332356891205e-04,7.155049431527267609e-04,7.156213381873978430e-04,7.157051185580732633e-04,7.157505040414653815e-04,7.157415151131508004e-04,7.156772921669101980e-04,7.155525297553842496e-04,7.153771279727891633e-04,7.151538940396979073e-04,7.148928302770969244e-04,7.145894294676801263e-04,7.142418413002357561e-04,7.138372234564469660e-04,7.133720142575511805e-04,7.128406003795317468e-04,7.122532445376328044e-04,7.116208591363208354e-04,7.109629328449696599e-04,7.102872165373521609e-04,7.095998555742646409e-04,7.088950041169719222e-04,7.081701464362379636e-04,7.074175624614989326e-04,7.066391826900052762e-04,7.058389432561813608e-04,7.050318833456999243e-04,7.042282650187836049e-04,7.034401864318879944e-04,7.026742469113530457e-04,7.019404081748904442e-04,7.012355121465114289e-04,7.005487394568376148e-04,6.998627739982751826e-04,6.991732961727725954e-04,6.984804633629840710e-04,6.977924796999461369e-04,6.971183482019522324e-04,6.964740238327025079e-04,6.958677639966022802e-04,6.953056945690512655e-04,6.947862834184566436e-04,6.943027349127540732e-04,6.938360265970662131e-04,6.933839939133612257e-04,6.929698076362433498e-04,6.926277910208782692e-04,6.923710615249927848e-04,6.922194193978414281e-04,6.922226456790413077e-04,6.924433453074804691e-04,6.928948724015067178e-04,6.935513428227653345e-04,6.943958258117956771e-04,6.954568904502337343e-04,6.967746840554460159e-04,6.983841338011957363e-04,7.003062120650915476e-04,7.025649567466837539e-04,7.051803467167243626e-04,7.081755640120356585e-04,7.115635161748296760e-04,7.153428575168264232e-04,7.194769644507478150e-04,7.239034830509056152e-04,7.285337106180388720e-04,7.332312551711380041e-04,7.377247031998185106e-04,7.414213476635863167e-04,7.429405793178837968e-04,7.389063848684596959e-04,7.213372131555869943e-04,6.691944691439813842e-04,5.486193134243254202e-04,3.152567222915766791e-04,6.480612085222196340e-05
0.000000000000000000e+00,0.000000000000000000e+00,0.000000000000000000e+00,0.000000000000000000e+00,0.000000000000000000e+00,0.000000000000000000e+00,0.000000000000000000e+00,0.000000000000000000e+00,0.000000000000000000e+00,0.000000000000000000e+00,0.000000000000000000e+00,0.000000000000000000e+00,0.000000000000000000e+00,0.000000000000000000e+00,0.000000000000000000e+00,0.000000000000000000e+00,0.000000000000000000e+00,0.000000000000000000e+00,0.000000000000000000e+00,0.000000000000000000e+00,0.000000000000000000e+00,0.000000000000000000e+00,0.000000000000000000e+00,0.000000000000000000e+00,0.000000000000000000e+00,0.000000000000000000e+00,0.000000000000000000e+00,0.000000000000000000e+00,0.000000000000000000e+00,0.000000000000000000e+00,0.000000000000000000e+00,0.000000000000000000e+00,0.000000000000000000e+00,0.000000000000000000e+00,0.000000000000000000e+00,0.000000000000000000e+00,0.000000000000000000e+00,0.000000000000000000e+00,0.000000000000000000e+00,0.000000000000000000e+00,0.000000000000000000e+00,0.000000000000000000e+00,0.000000000000000000e+00,0.000000000000000000e+00,0.000000000000000000e+00,0.000000000000000000e+00,0.000000000000000000e+00,0.000000000000000000e+00,0.000000000000000000e+00,0.000000000000000000e+00,0.000000000000000000e+00,0.000000000000000000e+00,0.000000000000000000e+00,0.000000000000000000e+00,0.000000000000000000e+00,0.000000000000000000e+00,0.000000000000000000e+00,0.000000000000000000e+00,0.000000000000000000e+00,0.000000000000000000e+00,0.000000000000000000e+00,0.000000000000000000e+00,0.000000000000000000e+00,0.000000000000000000e+00,0.000000000000000000e+00,0.000000000000000000e+00,0.000000000000000000e+00,0.000000000000000000e+00,0.000000000000000000e+00,0.000000000000000000e+00,0.000000000000000000e+00,0.000000000000000000e+00,0.000000000000000000e+00,0.000000000000000000e+00,0.000000000000000000e+00,0.000000000000000000e+00,0.000000000000000000e+00,0.000000000000000000e+00,0.000000000000000000e+00,0.000000000000000000e+00,0.000000000000000000e+00,0.000000000000000000e+00,0.000000000000000000e+00,0.000000000000000000e+00,0.000000000000000000e+00,0.000000000000000000e+00,0.000000000000000000e+00,0.000000000000000000e+00,0.000000000000000000e+00,0.000000000000000000e+00,0.000000000000000000e+00,0.000000000000000000e+00,0.000000000000000000e+00,0.000000000000000000e+00,0.000000000000000000e+00,0.000000000000000000e+00,0.000000000000000000e+00,0.000000000000000000e+00,0.000000000000000000e+00,0.000000000000000000e+00,0.000000000000000000e+00,0.000000000000000000e+00,0.000000000000000000e+00,0.000000000000000000e+00,0.000000000000000000e+00,0.000000000000000000e+00,0.000000000000000000e+00,0.000000000000000000e+00,0.000000000000000000e+00,0.000000000000000000e+00,0.000000000000000000e+00,0.000000000000000000e+00,0.000000000000000000e+00,0.000000000000000000e+00,0.000000000000000000e+00,0.000000000000000000e+00,0.000000000000000000e+00,0.000000000000000000e+00,0.000000000000000000e+00,0.000000000000000000e+00,0.000000000000000000e+00,0.000000000000000000e+00,0.000000000000000000e+00,0.000000000000000000e+00,0.000000000000000000e+00,0.000000000000000000e+00,0.000000000000000000e+00,0.000000000000000000e+00,0.000000000000000000e+00,0.000000000000000000e+00,0.000000000000000000e+00,0.000000000000000000e+00,0.000000000000000000e+00,0.000000000000000000e+00,0.000000000000000000e+00,0.000000000000000000e+00,0.000000000000000000e+00,0.000000000000000000e+00,0.000000000000000000e+00,0.000000000000000000e+00,0.000000000000000000e+00,0.000000000000000000e+00,0.000000000000000000e+00,0.000000000000000000e+00,0.000000000000000000e+00,0.000000000000000000e+00,0.000000000000000000e+00,0.000000000000000000e+00,0.000000000000000000e+00,0.000000000000000000e+00,0.000000000000000000e+00,0.000000000000000000e+00,0.000000000000000000e+00,0.000000000000000000e+00,0.000000000000000000e+00,0.000000000000000000e+00,0.000000000000000000e+00,0.000000000000000000e+00,0.000000000000000000e+00,0.000000000000000000e+00,0.000000000000000000e+00,0.000000000000000000e+00,0.000000000000000000e+00,0.000000000000000000e+00,0.000000000000000000e+00,0.000000000000000000e+00,0.000000000000000000e+00,0.000000000000000000e+00,0.000000000000000000e+00,0.000000000000000000e+00,3.000938701221073156e-04,4.351689749593496814e-04,4.988253329195948280e-04,5.314000635340824152e-04,5.487269103116709096e-04,5.684906604849805645e-04,5.909853047613597378e-04,6.233249049360539045e-04,6.557737185161693167e-04,6.835732273254477818e-04,6.967502193501846040e-04,6.944780751208823886e-04,6.777149290306782843e-04,6.530424098001714984e-04,6.265472295609395698e-04,6.041741012898162351e-04,5.890428137964143869e-04,5.821876217062668321e-04,5.824695458497096802e-04,5.876560017113058873e-04,5.951624726282528236e-04,6.027074632379994610e-04,6.087950917141383197e-04,6.126790744376098101e-04,6.144206399106724812e-04,6.144612988165070854e-04,6.135650695667365382e-04,6.123845789032700444e-04,6.115302851729048162e-04,6.112850582868160606e-04,6.118245041548533514e-04,6.130418055443980462e-04,6.148318128352915158e-04,6.169384292378899499e-04,6.192227113161215659e-04,6.214826404376368662e-04,6.236769590158346100e-04,6.257161880343103553e-04,6.276525561206643036e-04,6.294647163696251218e-04,6.312341647846131951e-04,6.329440156093055995e-04,6.346539659614024425e-04,6.363207383024792720e-04,6.379719354824263128e-04,6.395449683254778809e-04,6.410535760917250407e-04,6.424381806650143658e-04,6.437191514835212099e-04,6.448540515047320549e-04,6.458765241149318822e-04,6.467607534887281386e-04,6.475489949120187246e-04,6.482255273140154726e-04,6.488356481995856450e-04,6.493692942369005874e-04,6.498715948269027931e-04,6.503342847366969191e-04,6.507975961108872654e-04,6.512491167792102287e-04,6.517191217231955817e-04,6.521881895347962210e-04,6.526777815266119253e-04,6.531657624733848162e-04,6.536709076453854671e-04,6.541732421282792044e-04,6.546909826221898685e-04,6.552048983220598024e-04,6.557294858046563459e-04,6.562431416352699576e-04,6.567558294069525925e-04,6.572455392728068432e-04,6.577223276067597699e-04,6.581691500039894881e-04,6.586004106919685682e-04,6.590051798604251070e-04,6.594000746499696728e-04,6.597755563953584205e-04,6.601452263363900624e-04,6.604971001866377558e-04,6.608411405612566554e-04,6.611655116009221246e-04,6.614810796192955363e-04,6.617802011919877081e-04,6.620766300264299469e-04,6.623658957767515404e-04,6.626607991146472041e-04,6.629540416228352738e-04,6.632515068750759928e-04,6.635397737811590379e-04,6.638195325942148868e-04,6.640779692382918443e-04,6.643200608063299512e-04,6.645413028889149507e-04,6.647526695555927264e-04,6.649517258718537233e-04,6.651437702548545659e-04,6.653170573326868970e-04,6.654668178809639923e-04,6.655776108556893693e-04,6.656476171363801984e-04,6.656712089182124318e-04,6.656577021264457970e-04,6.656111637274500894e-04,6.655431738649601834e-04,6.654522375710848455e-04,6.653380602385264254e-04,6.651888047675798754e-04,6.649992508818607442e-04,6.647616623466710405e-04,6.644827751259510399e-04,6.641721564569051401e-04,6.638493772594621610e-04,6.635253238114814135e-04,6.632086466190592784e-04,6.628960675195674692e-04,6.625852721445571469e-04,6.622684541428768782e-04,6.619451047231078361e-04,6.616172853228303357e-04,6.612982773926930676e-04,6.609994477426266168e-04,6.607332868392612642e-04,6.605072743719680268e-04,6.603326518813457981e-04,6.602116422010246297e-04,6.601375911627955671e-04,6.600939170246648054e-04,6.600726693639831239e-04,6.600722322188904301e-04,6.600991350532925883e-04,6.601613800977733891e-04,6.602742587047788188e-04,6.604490027409133093e-04,6.606940493981381139e-04,6.610119678252139369e-04,6.614024984188787140e-04,6.618507826807139283e-04,6.623437165800690699e-04,6.628882256099587070e-04,6.635159040094964307e-04,6.642492765756020500e-04,6.651003944591239595e-04,6.660926105324853179e-04,6.672772969628217119e-04,6.686920459970396467e-04,6.703368592028775743e-04,6.721863968325146209e-04,6.742359699326159117e-04,6.765009313046450737e-04,6.790110174138532179e-04,6.817885472752664580e-04,6.848545897201320336e-04,6.882115823029946559e-04,6.918576752479780158e-04,6.957762380411254945e-04,6.999578528895302344e-04,7.043689559090693776e-04,7.089605134383626965e-04,7.136294111290982347e-04,7.182289629063658707e-04,7.224686909522381149e-04,7.257723061534827359e-04,7.267768388148275428e-04,7.221872171115364340e-04,7.040798052960580604e-04,6.520696218763546862e-04,5.330043577123834853e-04,3.047973665441393223e-04,6.234730558666825217e-05
0.000000000000000000e+00,0.000000000000000000e+00,0.000000000000000000e+00,0.000000000000000000e+00,0.000000000000000000e+00,0.000000000000000000e+00,0.000000000000000000e+00,0.000000000000000000e+00,0.000000000000000000e+00,0.000000000000000000e+00,0.000000000000000000e+00,0.000000000000000000e+00,0.000000000000000000e+00,0.000000000000000000e+00,0.000000000000000000e+00,0.000000000000000000e+00,0.000000000000000000e+00,0.000000000000000000e+00,0.000000000000000000e+00,0.000000000000000000e+00,0.000000000000000000e+00,0.000000000000000000e+00,0.000000000000000000e+00,0.000000000000000000e+00,0.000000000000000000e+00,0.000000000000000000e+00,0.000000000000000000e+00,0.000000000000000000e+00,0.000000000000000000e+00,0.000000000000000000e+00,0.000000000000000000e+00,0.000000000000000000e+00,0.000000000000000000e+00,0.000000000000000000e+00,0.000000000000000000e+00,0.000000000000000000e+00,0.000000000000000000e+00,0.000000000000000000e+00,0.000000000000000000e+00,0.000000000000000000e+00,0.000000000000000000e+00,0.000000000000000000e+00,0.000000000000000000e+00,0.000000000000000000e+00,0.000000000000000000e+00,0.000000000000000000e+00,0.000000000000000000e+00,0.000000000000000000e+00,0.000000000000000000e+00,0.000000000000000000e+00,0.000000000000000000e+00,0.000000000000000000e+00,0.000000000000000000e+00,0.000000000000000000e+00,0.000000000000000000e+00,0.000000000000000000e+00,0.000000000000000000e+00,0.000000000000000000e+00,0.000000000000000000e+00,0.000000000000000000e+00,0.000000000000000000e+00,0.000000000000000000e+00,0.000000000000000000e+00,0.000000000000000000e+00,0.000000000000000000e+00,0.000000000000000000e+00,0.000000000000000000e+00,0.000000000000000000e+00,0.000000000000000000e+00,0.000000000000000000e+00,0.000000000000000000e+00,0.000000000000000000e+00,0.000000000000000000e+00,0.000000000000000000e+00,0.000000000000000000e+00,0.000000000000000000e+00,0.000000000000000000e+00,0.000000000000000000e+00,0.000000000000000000e+00,0.000000000000000000e+00,0.000000000000000000e+00,0.000000000000000000e+00,0.000000000000000000e+00,0.000000000000000000e+00,0.000000000000000000e+00,0.000000000000000000e+00,0.000000000000000000e+00,0.000000000000000000e+00,0.000000000000000000e+00,0.000000000000000000e+00,0.000000000000000000e+00,0.000000000000000000e+00,0.000000000000000000e+00,0.000000000000000000e+00,0.000000000000000000e+00,0.000000000000000000e+00,0.000000000000000000e+00,0.000000000000000000e+00,0.000000000000000000e+00,0.000000000000000000e+00,0.000000000000000000e+00,0.000000000000000000e+00,0.000000000000000000e+00,0.000000000000000000e+00,0.000000000000000000e+00,0.000000000000000000e+00,0.000000000000000000e+00,0.000000000000000000e+00,0.000000000000000000e+00,0.000000000000000000e+00,0.000000000000000000e+00,0.000000000000000000e+00,0.000000000000000000e+00,0.000000000000000000e+00,0.000000000000000000e+00,0.000000000000000000e+00,0.000000000000000000e+00,0.000000000000000000e+00,0.000000000000000000e+00,0.000000000000000000e+00,0.000000000000000000e+00,0.000000000000000000e+00,0.000000000000000000e+00,0.000000000000000000e+00,0.000000000000000000e+00,0.000000000000000000e+00,0.000000000000000000e+00,0.000000000000000000e+00,0.000000000000000000e+00,0.000000000000000000e+00,0.000000000000000000e+00,0.000000000000000000e+00,0.000000000000000000e+00,0.000000000000000000e+00,0.000000000000000000e+00,0.000000000000000000e+00,0.000000000000000000e+00,0.000000000000000000e+00,0.000000000000000000e+00,0.000000000000000000e+00,0.000000000000000000e+00,0.000000000000000000e+00,0.000000000000000000e+00,0.000000000000000000e+00,0.000000000000000000e+00,0.000000000000000000e+00,0.000000000000000000e+00,0.000000000000000000e+00,0.000000000000000000e+00,0.000000000000000000e+00,0.000000000000000000e+00,0.000000000000000000e+00,0.000000000000000000e+00,0.000000000000000000e+00,0.000000000000000000e+00,0.000000000000000000e+00,0.000000000000000000e+00,0.000000000000000000e+00,0.000000000000000000e+00,0.000000000000000000e+00,0.000000000000000000e+00,0.000000000000000000e+00,0.000000000000000000e+00,0.000000000000000000e+00,0.000000000000000000e+00,0.000000000000000000e+00,0.000000000000000000e+00,0.000000000000000000e+00,0.000000000000000000e+00,0.000000000000000000e+00,2.738825214125894061e-04,3.972455063092452440e-04,4.669616871190617933e-04,5.085513001149401593e-04,5.417511563275598761e-04,5.665727619000739514e-04,5.941466427936099382e-04,6.203359664461501749e-04,6.467188773235449861e-04,6.631715238744199156e-04,6.674274737169110265e-04,6.563947247419329480e-04,6.347730794184130781e-04,6.074782927460367762e-04,5.813310976388218676e-04,5.605224083466872316e-04,5.477313393556550994e-04,5.428196589914503246e-04,5.443981531388233193e-04,5.499282000522029770e-04,5.570479178966336684e-04,5.636833560760046635e-04,5.687010170352461676e-04,5.715890726372226853e-04,5.726036211552216386e-04,5.722314786667157243e-04,5.712285302710531009e-04,5.701534710341502705e-04,5.695264247392954875e-04,5.695221750620545198e-04,5.702533593463028801e-04,5.715617881344726677e-04,5.733391398033167849e-04,5.753328743219797382e-04,5.774366761925304277e-04,5.794719887754160590e-04,5.814312413590070911e-04,5.832400121533131386e-04,5.849680627538957761e-04,5.865936286454675498e-04,5.882017438204524985e-04,5.897667474237645131e-04,5.913474842016788486e-04,5.928922512516487464e-04,5.944300285451593587e-04,5.958937293722755841e-04,5.973016378267690003e-04,5.985925253166734118e-04,5.997922737703985287e-04,6.008571024230411825e-04,6.018247907383088595e-04,6.026666767542311794e-04,6.034266587658084022e-04,6.040842868626116391e-04,6.046843949418390790e-04,6.052113480210748794e-04,6.057092837395551370e-04,6.061652705832643257e-04,6.066196132732534427e-04,6.070571254978436018e-04,6.075094769366301637e-04,6.079558874121732343e-04,6.084197193049273788e-04,6.088780813921603526e-04,6.093517398835841424e-04,6.098205468955677448e-04,6.103050534757924845e-04,6.107865727141247036e-04,6.112821063436081745e-04,6.117707322950343774e-04,6.122643278999881453e-04,6.127409560466842752e-04,6.132115701349237632e-04,6.136585924475509773e-04,6.140967807100423601e-04,6.145147472349546088e-04,6.149295370720348018e-04,6.153314773664289323e-04,6.157345038830745309e-04,6.161262879855695712e-04,6.165164356811893721e-04,6.168922041639533912e-04,6.172635912695876009e-04,6.176221303401343730e-04,6.179810925478777589e-04,6.183361146782244194e-04,6.187005320415385609e-04,6.190682604088497193e-04,6.194462793579616272e-04,6.198223510122643012e-04,6.201973623899063436e-04,6.205584752468929497e-04,6.209097877116247699e-04,6.212467019891772853e-04,6.215803396316662644e-04,6.219101079924790410e-04,6.222432702617199845e-04,6.225708130985134568e-04,6.228892016510776232e-04,6.231837978618820582e-04,6.234518018511189417e-04,6.236870741341952497e-04,6.238979350979876421e-04,6.240893110188203792e-04,6.242740422884633872e-04,6.244536760391365291e-04,6.246298345452709145e-04,6.247922706456138751e-04,6.249346008123684475e-04,6.250471006399797424e-04,6.251324953055126732e-04,6.251979187600174718e-04,6.252617910672378680e-04,6.253373282245881402e-04,6.254355634527144223e-04,6.255560573060303491e-04,6.256971009248166096e-04,6.258511185525127184e-04,6.260152557815807598e-04,6.261891658048234074e-04,6.263833521117892662e-04,6.266093653091704772e-04,6.268797772968515581e-04,6.272023800830436955e-04,6.275882332027683981e-04,6.280435701369073073e-04,6.285664957578842877e-04,6.291429252174631512e-04,6.297619636271344166e-04,6.304193661909179847e-04,6.311193475565300779e-04,6.318684089905849451e-04,6.326799609896146311e-04,6.335669229625926499e-04,6.345392587777473224e-04,6.356013597643483731e-04,6.367572727140073576e-04,6.380001316583794064e-04,6.393143181603324829e-04,6.406905195825947971e-04,6.421455985702929393e-04,6.437055582971936904e-04,6.453871221065013214e-04,6.471992974894802018e-04,6.491688304161787352e-04,6.513313446046911388e-04,6.537074789013797146e-04,6.562871618363341287e-04,6.590535328133094711e-04,6.619965752069395699e-04,6.651219965736742410e-04,6.684412825353518639e-04,6.719725346705700351e-04,6.757230557802244419e-04,6.796860314995119669e-04,6.838315564812345523e-04,6.881240105030017075e-04,6.925199914306126841e-04,6.969706107523024547e-04,7.013931323834726988e-04,7.056498598206922173e-04,7.094664933580013301e-04,7.122671018564563639e-04,7.127009790144179591e-04,7.074881770530377445e-04,6.887253865065125083e-04,6.365715725312977085e-04,5.186170387707184862e-04,2.950626223999885511e-04,6.001846842299205913e-05
0.000000000000000000e+00,0.000000000000000000e+00,0.000000000000000000e+00,0.000000000000000000e+00,0.000000000000000000e+00,0.000000000000000000e+00,0.000000000000000000e+00,0.000000000000000000e+00,0.000000000000000000e+00,0.000000000000000000e+00,0.000000000000000000e+00,0.000000000000000000e+00,0.000000000000000000e+00,0.000000000000000000e+00,0.000000000000000000e+00,0.000000000000000000e+00,0.000000000000000000e+00,0.000000000000000000e+00,0.000000000000000000e+00,0.000000000000000000e+00,0.000000000000000000e+00,0.000000000000000000e+00,0.000000000000000000e+00,0.000000000000000000e+00,0.000000000000000000e+00,0.000000000000000000e+00,0.000000000000000000e+00,0.000000000000000000e+00,0.000000000000000000e+00,0.000000000000000000e+00,0.000000000000000000e+00,0.000000000000000000e+00,0.000000000000000000e+00,0.000000000000000000e+00,0.000000000000000000e+00,0.000000000000000000e+00,0.000000000000000000e+00,0.000000000000000000e+00,0.000000000000000000e+00,0.000000000000000000e+00,0.000000000000000000e+00,0.000000000000000000e+00,0.000000000000000000e+00,0.000000000000000000e+00,0.000000000000000000e+00,0.000000000000000000e+00,0.000000000000000000e+00,0.000000000000000000e+00,0.000000000000000000e+00,0.000000000000000000e+00,0.000000000000000000e+00,0.000000000000000000e+00,0.000000000000000000e+00,0.000000000000000000e+00,0.000000000000000000e+00,0.000000000000000000e+00,0.000000000000000000e+00,0.000000000000000000e+00,0.000000000000000000e+00,0.000000000000000000e+00,0.000000000000000000e+00,0.000000000000000000e+00,0.000000000000000000e+00,0.000000000000000000e+00,0.000000000000000000e+00,0.000000000000000000e+00,0.000000000000000000e+00,0.000000000000000000e+00,0.000000000000000000e+00,0.000000000000000000e+00,0.000000000000000000e+00,0.000000000000000000e+00,0.000000000000000000e+00,0.000000000000000000e+00,0.000000000000000000e+00,0.000000000000000000e+00,0.000000000000000000e+00,0.000000000000000000e+00,0.000000000000000000e+00,0.000000000000000000e+00,0.000000000000000000e+00,0.000000000000000000e+00,0.000000000000000000e+00,0.000000000000000000e+00,0.000000000000000000e+00,0.000000000000000000e+00,0.000000000000000000e+00,0.000000000000000000e+00,0.000000000000000000e+00,0.000000000000000000e+00,0.000000000000000000e+00,0.000000000000000000e+00,0.000000000000000000e+00,0.000000000000000000e+00,0.000000000000000000e+00,0.000000000000000000e+00,0.000000000000000000e+00,0.000000000000000000e+00,0.000000000000000000e+00,0.000000000000000000e+00,0.000000000000000000e+00,0.000000000000000000e+00,0.000000000000000000e+00,0.000000000000000000e+00,0.000000000000000000e+00,0.000000000000000000e+00,0.000000000000000000e+00,0.000000000000000000e+00,0.000000000000000000e+00,0.000000000000000000e+00,0.000000000000000000e+00,0.000000000000000000e+00,0.000000000000000000e+00,0.000000000000000000e+00,0.000000000000000000e+00,0.000000000000000000e+00,0.000000000000000000e+00,0.000000000000000000e+00,0.000000000000000000e+00,0.000000000000000000e+00,0.000000000000000000e+00,0.000000000000000000e+00,0.000000000000000000e+00,0.000000000000000000e+00,0.000000000000000000e+00,0.000000000000000000e+00,0.000000000000000000e+00,0.000000000000000000e+00,0.000000000000000000e+00,0.000000000000000000e+00,0.000000000000000000e+00,0.000000000000000000e+00,0.000000000000000000e+00,0.000000000000000000e+00,0.000000000000000000e+00,0.000000000000000000e+00,0.000000000000000000e+00,0.000000000000000000e+00,0.000000000000000000e+00,0.000000000000000000e+00,0.000000000000000000e+00,0.000000000000000000e+00,0.000000000000000000e+00,0.000000000000000000e+00,0.000000000000000000e+00,0.000000000000000000e+00,0.000000000000000000e+00,0.000000000000000000e+00,0.000000000000000000e+00,0.000000000000000000e+00,0.000000000000000000e+00,0.000000000000000000e+00,0.000000000000000000e+00,0.000000000000000000e+00,0.000000000000000000e+00,0.000000000000000000e+00,0.000000000000000000e+00,0.000000000000000000e+00,0.000000000000000000e+00,0.000000000000000000e+00,0.000000000000000000e+00,0.000000000000000000e+00,0.000000000000000000e+00,0.000000000000000000e+00,0.000000000000000000e+00,0.000000000000000000e+00,0.000000000000000000e+00,0.000000000000000000e+00,0.000000000000000000e+00,0.000000000000000000e+00,2.427890151849441860e-04,3.640502418821500914e-04,4.410708292627061960e-04,4.968762070920621854e-04,5.323530508349426501e-04,5.615503259840845226e-04,5.827024886069911763e-04,6.064597549308911855e-04,6.248758315749517985e-04,6.365339805277395136e-04,6.340176530070043299e-04,6.191347581373864454e-04,5.944898419635395986e-04,5.669265063781557014e-04,5.415923063083060048e-04,5.227574658479185047e-04,5.118163485300997531e-04,5.084127662173507133e-04,5.106472353999167140e-04,5.161115659954955675e-04,5.225396397045317838e-04,5.281933780306380865e-04,5.321845356974990544e-04,5.342307718596875062e-04,5.346907185549751697e-04,5.340743122650222670e-04,5.330837253005346436e-04,5.321859519449592896e-04,5.318041536722305186e-04,5.320260474354597535e-04,5.329109822929418028e-04,5.342709696414158719e-04,5.360023281631157632e-04,5.378672167741676592e-04,5.397917123704074234e-04,5.416215031762934345e-04,5.433772921450897480e-04,5.449959944491286710e-04,5.465594547051870868e-04,5.480425124276362345e-04,5.495309998428473015e-04,5.509900608318949768e-04,5.524773744300706104e-04,5.539341240262256631e-04,5.553911681882975132e-04,5.567784971854252774e-04,5.581190129872324246e-04,5.593508777715314748e-04,5.605048664194954740e-04,5.615364193467268974e-04,5.624865344302291915e-04,5.633242037038605583e-04,5.640941886500994585e-04,5.647719917936127763e-04,5.654014606055709265e-04,5.659621922792823804e-04,5.664969413500003286e-04,5.669888808134618133e-04,5.674780144803365841e-04,5.679470522354310028e-04,5.684286625837035607e-04,5.689012322207489441e-04,5.693895335693669726e-04,5.698702230792582896e-04,5.703654203654715763e-04,5.708549158000530673e-04,5.713609242631817551e-04,5.718654032882625540e-04,5.723873319296524315e-04,5.729066798044734352e-04,5.734368751653736319e-04,5.739563158447525109e-04,5.744765361947586036e-04,5.749796183031366482e-04,5.754803239788934760e-04,5.759669417068430603e-04,5.764566509405073726e-04,5.769398524250781693e-04,5.774306837642300023e-04,5.779167839635437551e-04,5.784073516585774410e-04,5.788889905664961833e-04,5.793706752764117779e-04,5.798431874141610383e-04,5.803190282933654107e-04,5.807938945301233894e-04,5.812813668552987501e-04,5.817765991926584839e-04,5.822875807385256451e-04,5.828034913636034615e-04,5.833255020010448891e-04,5.838409499682669940e-04,5.843529070510933114e-04,5.848564755885663847e-04,5.853624478820469582e-04,5.858717531482199661e-04,5.863933597840740013e-04,5.869210828487697422e-04,5.874528158856385900e-04,5.879750127199492469e-04,5.884839204914165929e-04,5.889727107422257054e-04,5.894482535650110138e-04,5.899158268604054412e-04,5.903890703015055854e-04,5.908724451664085003e-04,5.913697563065368297e-04,5.918729506284092301e-04,5.923751614099221231e-04,5.928651278345760780e-04,5.933414408687330641e-04,5.938079252172811682e-04,5.942805775706139302e-04,5.947739051159093519e-04,5.953009835118792470e-04,5.958643802290277194e-04,5.964634085720734022e-04,5.970911454573192643e-04,5.977427314407725983e-04,5.984151714577889752e-04,5.991152719205032574e-04,5.998536653717762490e-04,6.006426219720534775e-04,6.014900437773456699e-04,6.024057004240742936e-04,6.033980368077770939e-04,6.044696340216909993e-04,6.056105427542044515e-04,6.068084206547756827e-04,6.080561562091639245e-04,6.093550466386865204e-04,6.107097296369694110e-04,6.121307559422000137e-04,6.136313787958915791e-04,6.152229086635103332e-04,6.169104670018174530e-04,6.186987393627507020e-04,6.205878607168246628e-04,6.225674314833211636e-04,6.246200961210082812e-04,6.267432644243927818e-04,6.289533368934465372e-04,6.312713595073247150e-04,6.337071303446687159e-04,6.362706527828922804e-04,6.389799344278031690e-04,6.418559679802243907e-04,6.449031418027377938e-04,6.481124587447429893e-04,6.514665096233809979e-04,6.549525249201490007e-04,6.585601010930518815e-04,6.622918123339795616e-04,6.661517699853706283e-04,6.701434761267438230e-04,6.742460512048110977e-04,6.784244095341612031e-04,6.826223851004258568e-04,6.867847625969360822e-04,6.908301164946325417e-04,6.946398364156536852e-04,6.979571885811289289e-04,7.002256899228706359e-04,7.000937126309030121e-04,6.942766757937344135e-04,6.748414517620267934e-04,6.223999210784610494e-04,5.052808014953231140e-04,2.859777473367248156e-04,5.783876229197284846e-05
0.000000000000000000e+00,0.000000000000000000e+00,0.000000000000000000e+00,0.000000000000000000e+00,0.000000000000000000e+00,0.000000000000000000e+00,0.000000000000000000e+00,0.000000000000000000e+00,0.000000000000000000e+00,0.000000000000000000e+00,0.000000000000000000e+00,0.000000000000000000e+00,0.000000000000000000e+00,0.000000000000000000e+00,0.000000000000000000e+00,0.000000000000000000e+00,0.000000000000000000e+00,0.000000000000000000e+00,0.000000000000000000e+00,0.000000000000000000e+00,0.000000000000000000e+00,0.000000000000000000e+00,0.000000000000000000e+00,0.000000000000000000e+00,0.000000000000000000e+00,0.000000000000000000e+00,0.000000000000000000e+00,0.000000000000000000e+00,0.000000000000000000e+00,0.000000000000000000e+00,0.000000000000000000e+00,0.000000000000000000e+00,0.000000000000000000e+00,0.000000000000000000e+00,0.000000000000000000e+00,0.000000000000000000e+00,0.000000000000000000e+00,0.000000000000000000e+00,0.000000000000000000e+00,0.000000000000000000e+00,0.000000000000000000e+00,0.000000000000000000e+00,0.000000000000000000e+00,0.000000000000000000e+00,0.000000000000000000e+00,0.000000000000000000e+00,0.000000000000000000e+00,0.000000000000000000e+00,0.000000000000000000e+00,0.000000000000000000e+00,0.000000000000000000e+00,0.000000000000000000e+00,0.000000000000000000e+00,0.000000000000000000e+00,0.000000000000000000e+00,0.000000000000000000e+00,0.000000000000000000e+00,0.000000000000000000e+00,0.000000000000000000e+00,0.000000000000000000e+00,0.000000000000000000e+00,0.000000000000000000e+00,0.000000000000000000e+00,0.000000000000000000e+00,0.000000000000000000e+00,0.000000000000000000e+00,0.000000000000000000e+00,0.000000000000000000e+00,0.000000000000000000e+00,0.000000000000000000e+00,0.000000000000000000e+00,0.000000000000000000e+00,0.000000000000000000e+00,0.000000000000000000e+00,0.000000000000000000e+00,0.000000000000000000e+00,0.000000000000000000e+00,0.000000000000000000e+00,0.000000000000000000e+00,0.000000000000000000e+00,0.000000000000000000e+00,0.000000000000000000e+00,0.000000000000000000e+00,0.000000000000000000e+00,0.000000000000000000e+00,0.000000000000000000e+00,0.000000000000000000e+00,0.000000000000000000e+00,0.000000000000000000e+00,0.000000000000000000e+00,0.000000000000000000e+00,0.000000000000000000e+00,0.000000000000000000e+00,0.000000000000000000e+00,0.000000000000000000e+00,0.000000000000000000e+00,0.000000000000000000e+00,0.000000000000000000e+00,0.000000000000000000e+00,0.000000000000000000e+00,0.000000000000000000e+00,0.000000000000000000e+00,0.000000000000000000e+00,0.000000000000000000e+00,0.000000000000000000e+00,0.000000000000000000e+00,0.000000000000000000e+00,0.000000000000000000e+00,0.000000000000000000e+00,0.000000000000000000e+00,0.000000000000000000e+00,0.000000000000000000e+00,0.000000000000000000e+00,0.000000000000000000e+00,0.000000000000000000e+00,0.000000000000000000e+00,0.000000000000000000e+00,0.000000000000000000e+00,0.000000000000000000e+00,0.000000000000000000e+00,0.000000000000000000e+00,0.000000000000000000e+00,0.000000000000000000e+00,0.000000000000000000e+00,0.000000000000000000e+00,0.000000000000000000e+00,0.000000000000000000e+00,0.000000000000000000e+00,0.000000000000000000e+00,0.000000000000000000e+00,0.000000000000000000e+00,0.000000000000000000e+00,0.000000000000000000e+00,0.000000000000000000e+00,0.000000000000000000e+00,0.000000000000000000e+00,0.000000000000000000e+00,0.000000000000000000e+00,0.000000000000000000e+00,0.000000000000000000e+00,0.000000000000000000e+00,0.000000000000000000e+00,0.000000000000000000e+00,0.000000000000000000e+00,0.000000000000000000e+00,0.000000000000000000e+00,0.000000000000000000e+00,0.000000000000000000e+00,0.000000000000000000e+00,0.000000000000000000e+00,0.000000000000000000e+00,0.000000000000000000e+00,0.000000000000000000e+00,0.000000000000000000e+00,0.000000000000000000e+00,0.000000000000000000e+00,0.000000000000000000e+00,0.000000000000000000e+00,0.000000000000000000e+00,0.000000000000000000e+00,0.000000000000000000e+00,0.000000000000000000e+00,0.000000000000000000e+00,0.000000000000000000e+00,0.000000000000000000e+00,0.000000000000000000e+00,0.000000000000000000e+00,0.000000000000000000e+00,0.000000000000000000e+00,0.000000000000000000e+00,2.198296738328564006e-04,3.465842436312748637e-04,4.406884034995529496e-04,4.958531681125823241e-04,5.306861157257608368e-04,5.444319718636037595e-04,5.611715342667436502e-04,5.764965486622264552e-04,5.945274327462400686e-04,6.027434761160958615e-04,5.993831140039717264e-04,5.825133545832526230e-04,5.579886847701930616e-04,5.308991837471434098e-04,5.072975929093663299e-04,4.901248311802119907e-04,4.807955440125190132e-04,4.782606171779927857e-04,4.807346532046866518e-04,4.857453104736825624e-04,4.913474089586008673e-04,4.959980663088765654e-04,4.990860106538855820e-04,5.004498393002225617e-04,5.005330399448243038e-04,4.998107269429719101e-04,4.989282105470584571e-04,4.982484011933360031e-04,4.981141293625928170e-04,4.985359874554392851e-04,4.995402824167271888e-04,5.009202644421742890e-04,5.025881329141906060e-04,5.043238842128546168e-04,5.060864924970492115e-04,5.077427580866631512e-04,5.093366351864582172e-04,5.108122715862877753e-04,5.122586011055078447e-04,5.136454266124375074e-04,5.150567898576127561e-04,5.164496715213801568e-04,5.178799075472389178e-04,5.192837441105175016e-04,5.206937184932641490e-04,5.220387932486314454e-04,5.233458543265542004e-04,5.245535831427313453e-04,5.256965441249680402e-04,5.267300575761148761e-04,5.276972098685698285e-04,5.285653277231060774e-04,5.293792400814740845e-04,5.301113170403182542e-04,5.308039583147578910e-04,5.314330076936361934e-04,5.320394801055861392e-04,5.326035521856614359e-04,5.331645166846589587e-04,5.337036981300215211e-04,5.342542862997506827e-04,5.347943773803648078e-04,5.353495825921879931e-04,5.358964291893115930e-04,5.364576866185585087e-04,5.370132157187158155e-04,5.375861689519043866e-04,5.381592762317594396e-04,5.387529358275043373e-04,5.393482721332698441e-04,5.399599078266572845e-04,5.405669131790430447e-04,5.411811114822224957e-04,5.417845045755014053e-04,5.423915133380302102e-04,5.429902638834315214e-04,5.435977488438356207e-04,5.442046518905735951e-04,5.448251534215870417e-04,5.454471888101876560e-04,5.460795040539716174e-04,5.467083410368465740e-04,5.473415098296128970e-04,5.479691296704822896e-04,5.486026244030816788e-04,5.492376725263987741e-04,5.498877436411820415e-04,5.505491798082289652e-04,5.512308093922246768e-04,5.519234087367361425e-04,5.526285009413155506e-04,5.533338334203092559e-04,5.540413651449132377e-04,5.547457425683056075e-04,5.554569539154746759e-04,5.561770784129254968e-04,5.569164492400273045e-04,5.576717315374838356e-04,5.584424164687613098e-04,5.592163778591798928e-04,5.599890213572238182e-04,5.607527150191313333e-04,5.615124254799647510e-04,5.622731925620494918e-04,5.630488476890208862e-04,5.638464522607419946e-04,5.646721056189919633e-04,5.655204945461873335e-04,5.663850539361727811e-04,5.672537227046280063e-04,5.681212468039451100e-04,5.689876117738141897e-04,5.698652092922612761e-04,5.707686204970486340e-04,5.717123783216167005e-04,5.727020788640947453e-04,5.737384425087799049e-04,5.748156703900896914e-04,5.759274404316128962e-04,5.770682232625488819e-04,5.782404658827585255e-04,5.794526714727353187e-04,5.807162014252910528e-04,5.820390992793780284e-04,5.834293268936310882e-04,5.848957451469131291e-04,5.864442554734223493e-04,5.880700660956665908e-04,5.897613831216410273e-04,5.915088114883882342e-04,5.933103973743265825e-04,5.951687678320392470e-04,5.970910127824065414e-04,5.990891389373026584e-04,6.011754549855657329e-04,6.033563994698191903e-04,6.056349249747174481e-04,6.080135783667902456e-04,6.104891266101673125e-04,6.130467252803481612e-04,6.156705246463485201e-04,6.183590665795524926e-04,6.211262971833914504e-04,6.239863603758540348e-04,6.269471643613221731e-04,6.300142044367144402e-04,6.331959462030971276e-04,6.364967639113875558e-04,6.399143717956842997e-04,6.434380187177925897e-04,6.470533224949198475e-04,6.507403524621410912e-04,6.544828998035877180e-04,6.582702314266599243e-04,6.621016520789168051e-04,6.659705629184573938e-04,6.698591742140564548e-04,6.737263601450893492e-04,6.775182136138972961e-04,6.811559464109706629e-04,6.845225630221213461e-04,6.873747152785219952e-04,6.891636833999798505e-04,6.885392925134901573e-04,6.821906269550202882e-04,6.621333847818385238e-04,6.093397230352219467e-04,4.928668136926504838e-04,2.774813658008502717e-04,5.580174637287019571e-05
0.000000000000000000e+00,0.000000000000000000e+00,0.000000000000000000e+00,0.000000000000000000e+00,0.000000000000000000e+00,0.000000000000000000e+00,0.000000000000000000e+00,0.000000000000000000e+00,0.000000000000000000e+00,0.000000000000000000e+00,0.000000000000000000e+00,0.000000000000000000e+00,0.000000000000000000e+00,0.000000000000000000e+00,0.000000000000000000e+00,0.000000000000000000e+00,0.000000000000000000e+00,0.000000000000000000e+00,0.000000000000000000e+00,0.000000000000000000e+00,0.000000000000000000e+00,0.000000000000000000e+00,0.000000000000000000e+00,0.000000000000000000e+00,0.000000000000000000e+00,0.000000000000000000e+00,0.000000000000000000e+00,0.000000000000000000e+00,0.000000000000000000e+00,0.000000000000000000e+00,0.000000000000000000e+00,0.000000000000000000e+00,0.000000000000000000e+00,0.000000000000000000e+00,0.000000000000000000e+00,0.000000000000000000e+00,0.000000000000000000e+00,0.000000000000000000e+00,0.000000000000000000e+00,0.000000000000000000e+00,0.000000000000000000e+00,0.000000000000000000e+00,0.000000000000000000e+00,0.000000000000000000e+00,0.000000000000000000e+00,0.000000000000000000e+00,0.000000000000000000e+00,0.000000000000000000e+00,0.000000000000000000e+00,0.000000000000000000e+00,0.000000000000000000e+00,0.000000000000000000e+00,0.000000000000000000e+00,0.000000000000000000e+00,0.000000000000000000e+00,0.000000000000000000e+00,0.000000000000000000e+00,0.000000000000000000e+00,0.000000000000000000e+00,0.000000000000000000e+00,0.000000000000000000e+00,0.000000000000000000e+00,0.000000000000000000e+00,0.000000000000000000e+00,0.000000000000000000e+00,0.000000000000000000e+00,0.000000000000000000e+00,0.000000000000000000e+00,0.000000000000000000e+00,0.000000000000000000e+00,0.000000000000000000e+00,0.000000000000000000e+00,0.000000000000000000e+00,0.000000000000000000e+00,0.000000000000000000e+00,0.000000000000000000e+00,0.000000000000000000e+00,0.000000000000000000e+00,0.000000000000000000e+00,0.000000000000000000e+00,0.000000000000000000e+00,0.000000000000000000e+00,0.000000000000000000e+00,0.000000000000000000e+00,0.000000000000000000e+00,0.000000000000000000e+00,0.000000000000000000e+00,0.000000000000000000e+00,0.000000000000000000e+00,0.000000000000000000e+00,0.000000000000000000e+00,0.000000000000000000e+00,0.000000000000000000e+00,0.000000000000000000e+00,0.000000000000000000e+00,0.000000000000000000e+00,0.000000000000000000e+00,0.000000000000000000e+00,0.000000000000000000e+00,0.000000000000000000e+00,0.000000000000000000e+00,0.000000000000000000e+00,0.000000000000000000e+00,0.000000000000000000e+00,0.000000000000000000e+00,0.000000000000000000e+00,0.000000000000000000e+00,0.000000000000000000e+00,0.000000000000000000e+00,0.000000000000000000e+00,0.000000000000000000e+00,0.000000000000000000e+00,0.000000000000000000e+00,0.000000000000000000e+00,0.000000000000000000e+00,0.000000000000000000e+00,0.000000000000000000e+00,0.000000000000000000e+00,0.000000000000000000e+00,0.000000000000000000e+00,0.000000000000000000e+00,0.000000000000000000e+00,0.000000000000000000e+00,0.000000000000000000e+00,0.000000000000000000e+00,0.000000000000000000e+00,0.000000000000000000e+00,0.000000000000000000e+00,0.000000000000000000e+00,0.000000000000000000e+00,0.000000000000000000e+00,0.000000000000000000e+00,0.000000000000000000e+00,0.000000000000000000e+00,0.000000000000000000e+00,0.000000000000000000e+00,0.000000000000000000e+00,0.000000000000000000e+00,0.000000000000000000e+00,0.000000000000000000e+00,0.000000000000000000e+00,0.000000000000000000e+00,0.000000000000000000e+00,0.000000000000000000e+00,0.000000000000000000e+00,0.000000000000000000e+00,0.000000000000000000e+00,0.000000000000000000e+00,0.000000000000000000e+00,0.000000000000000000e+00,0.000000000000000000e+00,0.000000000000000000e+00,0.000000000000000000e+00,0.000000000000000000e+00,0.000000000000000000e+00,0.000000000000000000e+00,0.000000000000000000e+00,0.000000000000000000e+00,0.000000000000000000e+00,0.000000000000000000e+00,0.000000000000000000e+00,0.000000000000000000e+00,0.000000000000000000e+00,0.000000000000000000e+00,0.000000000000000000e+00,0.000000000000000000e+00,0.000000000000000000e+00,0.000000000000000000e+00,0.000000000000000000e+00,0.000000000000000000e+00,2.261404178703282919e-04,3.757970702392312407e-04,4.720961162129939546e-04,5.219161995342343858e-04,5.207565187290646254e-04,5.186688157586502070e-04,5.172579846810320498e-04,5.351383666893556358e-04,5.531897299236922813e-04,5.654316953210013251e-04,5.627535603377530147e-04,5.478614958632255531e-04,5.243520783729480614e-04,4.992721153975037676e-04,4.773381507967299777e-04,4.619273884101783665e-04,4.536669353887871816e-04,4.516718125335558525e-04,4.539641549585330988e-04,4.583593465285981140e-04,4.630562173812861415e-04,4.667982547123694539e-04,4.691220152891240644e-04,4.699880864833469733e-04,4.698490288163640022e-04,4.691439850108357996e-04,4.684363360418466646e-04,4.680014663333641840e-04,4.681055892178115504e-04,4.687049989724935027e-04,4.698020156346275028e-04,4.711868284994757418e-04,4.727897613314015028e-04,4.744135550508221167e-04,4.760452340438676468e-04,4.775710712460669197e-04,4.790513903352884291e-04,4.804350968191674061e-04,4.818133739246663935e-04,4.831506046184513414e-04,4.845270864055525851e-04,4.858932093385184077e-04,4.873026120292289504e-04,4.886887339734371843e-04,4.900855279164018042e-04,4.914225591974250582e-04,4.927298436875592871e-04,4.939475188835748933e-04,4.951126532743987951e-04,4.961810853080424752e-04,4.971967764944013176e-04,4.981261824468826826e-04,4.990133938585225928e-04,4.998287334392877233e-04,5.006127053219485215e-04,5.013385717619327653e-04,5.020452429355550363e-04,5.027109012078976582e-04,5.033736694273731197e-04,5.040142575247075077e-04,5.046658355964946194e-04,5.053067922503789782e-04,5.059629609880896602e-04,5.066111097345172816e-04,5.072739215246835267e-04,5.079314953692002895e-04,5.086071552085063164e-04,5.092845520387299799e-04,5.099849124884532885e-04,5.106908130898458369e-04,5.114177141222623138e-04,5.121457565596388133e-04,5.128867859156117188e-04,5.136230466192274113e-04,5.143682860823729254e-04,5.151106553822481929e-04,5.158666134837593684e-04,5.166273270004865560e-04,5.174068246029504695e-04,5.181936674506578029e-04,5.189961014809906870e-04,5.198003322869763129e-04,5.206128864134042071e-04,5.214233426871929923e-04,5.222417432306159435e-04,5.230636653130754004e-04,5.239020688950397648e-04,5.247543789984839609e-04,5.256300164378414517e-04,5.265214729661703069e-04,5.274306590273583574e-04,5.283459900609204516e-04,5.292682851858592505e-04,5.301916458875749298e-04,5.311248037025801880e-04,5.320705835736060443e-04,5.330402671113549859e-04,5.340333167203994199e-04,5.350509584323210515e-04,5.360828605007460787e-04,5.371238084750953835e-04,5.381653729473436431e-04,5.392102270244195908e-04,5.402625535379106158e-04,5.413356393551166943e-04,5.424386360780331399e-04,5.435798461082911584e-04,5.447571082229644328e-04,5.459649447390917728e-04,5.471914328025873206e-04,5.484281651986658377e-04,5.496712108404672127e-04,5.509284138916270340e-04,5.522131272546397344e-04,5.535404981150777656e-04,5.549189790774746410e-04,5.563510067851564888e-04,5.578323774489371990e-04,5.593559712986595446e-04,5.609141929589339095e-04,5.625048756191849270e-04,5.641332476591715732e-04,5.658088541646257496e-04,5.675398940969112425e-04,5.693326174786103198e-04,5.711949717822287090e-04,5.731344460331322952e-04,5.751514649957065271e-04,5.772367570605131974e-04,5.793800080198981128e-04,5.815761318541165905e-04,5.838258375069207496e-04,5.861327872738069690e-04,5.885062468934489695e-04,5.909582379088995467e-04,5.934975801686358026e-04,5.961260904866786878e-04,5.988445015353586684e-04,6.016526468444638887e-04,6.045432886344783265e-04,6.074991823030385018e-04,6.105047333498258471e-04,6.135573847055732048e-04,6.166662889911721191e-04,6.198419431300211191e-04,6.230897260538259584e-04,6.264108402672985453e-04,6.298021664174623287e-04,6.332580995028889341e-04,6.367702126337474594e-04,6.403300806192401690e-04,6.439231063932981643e-04,6.475312424094879001e-04,6.511326703590706753e-04,6.547145263950207052e-04,6.582672258303828546e-04,6.617858617678242222e-04,6.652503072855997859e-04,6.686283822535624578e-04,6.718542773950191135e-04,6.748194073625940741e-04,6.772831004204625137e-04,6.786979678816750048e-04,6.777008435226594294e-04,6.709437607491417583e-04,6.503660533070177493e-04,5.972234349665674546e-04,4.812717620951550155e-04,2.695175539491246231e-04,5.388715214881225393e-05
0.000000000000000000e+00,0.000000000000000000e+00,0.000000000000000000e+00,0.000000000000000000e+00,0.000000000000000000e+00,0.000000000000000000e+00,0.000000000000000000e+00,0.000000000000000000e+00,0.000000000000000000e+00,0.000000000000000000e+00,0.000000000000000000e+00,0.000000000000000000e+00,0.000000000000000000e+00,0.000000000000000000e+00,0.000000000000000000e+00,0.000000000000000000e+00,0.000000000000000000e+00,0.000000000000000000e+00,0.000000000000000000e+00,0.000000000000000000e+00,0.000000000000000000e+00,0.000000000000000000e+00,0.000000000000000000e+00,0.000000000000000000e+00,0.000000000000000000e+00,0.000000000000000000e+00,0.000000000000000000e+00,0.000000000000000000e+00,0.000000000000000000e+00,0.000000000000000000e+00,0.000000000000000000e+00,0.000000000000000000e+00,0.000000000000000000e+00,0.000000000000000000e+00,0.000000000000000000e+00,0.000000000000000000e+00,0.000000000000000000e+00,0.000000000000000000e+00,0.000000000000000000e+00,0.000000000000000000e+00,0.000000000000000000e+00,0.000000000000000000e+00,0.000000000000000000e+00,0.000000000000000000e+00,0.000000000000000000e+00,0.000000000000000000e+00,0.000000000000000000e+00,0.000000000000000000e+00,0.000000000000000000e+00,0.000000000000000000e+00,0.000000000000000000e+00,0.000000000000000000e+00,0.000000000000000000e+00,0.000000000000000000e+00,0.000000000000000000e+00,0.000000000000000000e+00,0.000000000000000000e+00,0.000000000000000000e+00,0.000000000000000000e+00,0.000000000000000000e+00,0.000000000000000000e+00,0.000000000000000000e+00,0.000000000000000000e+00,0.000000000000000000e+00,0.000000000000000000e+00,0.000000000000000000e+00,0.000000000000000000e+00,0.000000000000000000e+00,0.000000000000000000e+00,0.000000000000000000e+00,0.000000000000000000e+00,0.000000000000000000e+00,0.000000000000000000e+00,0.000000000000000000e+00,0.000000000000000000e+00,0.000000000000000000e+00,0.000000000000000000e+00,0.000000000000000000e+00,0.000000000000000000e+00,0.000000000000000000e+00,0.000000000000000000e+00,0.000000000000000000e+00,0.000000000000000000e+00,0.000000000000000000e+00,0.000000000000000000e+00,0.000000000000000000e+00,0.000000000000000000e+00,0.000000000000000000e+00,0.000000000000000000e+00,0.000000000000000000e+00,0.000000000000000000e+00,0.000000000000000000e+00,0.000000000000000000e+00,0.000000000000000000e+00,0.000000000000000000e+00,0.000000000000000000e+00,0.000000000000000000e+00,0.000000000000000000e+00,0.000000000000000000e+00,0.000000000000000000e+00,0.000000000000000000e+00,0.000000000000000000e+00,0.000000000000000000e+00,0.000000000000000000e+00,0.000000000000000000e+00,0.000000000000000000e+00,0.000000000000000000e+00,0.000000000000000000e+00,0.000000000000000000e+00,0.000000000000000000e+00,0.000000000000000000e+00,0.000000000000000000e+00,0.000000000000000000e+00,0.000000000000000000e+00,0.000000000000000000e+00,0.000000000000000000e+00,0.000000000000000000e+00,0.000000000000000000e+00,0.000000000000000000e+00,0.000000000000000000e+00,0.000000000000000000e+00,0.000000000000000000e+00,0.000000000000000000e+00,0.000000000000000000e+00,0.000000000000000000e+00,0.000000000000000000e+00,0.000000000000000000e+00,0.000000000000000000e+00,0.000000000000000000e+00,0.000000000000000000e+00,0.000000000000000000e+00,0.000000000000000000e+00,0.000000000000000000e+00,0.000000000000000000e+00,0.000000000000000000e+00,0.000000000000000000e+00,0.000000000000000000e+00,0.000000000000000000e+00,0.000000000000000000e+00,0.000000000000000000e+00,0.000000000000000000e+00,0.000000000000000000e+00,0.000000000000000000e+00,0.000000000000000000e+00,0.000000000000000000e+00,0.000000000000000000e+00,0.000000000000000000e+00,0.000000000000000000e+00,0.000000000000000000e+00,0.000000000000000000e+00,0.000000000000000000e+00,0.000000000000000000e+00,0.000000000000000000e+00,0.000000000000000000e+00,0.000000000000000000e+00,0.000000000000000000e+00,0.000000000000000000e+00,0.000000000000000000e+00,0.000000000000000000e+00,0.000000000000000000e+00,0.000000000000000000e+00,0.000000000000000000e+00,0.000000000000000000e+00,0.000000000000000000e+00,0.000000000000000000e+00,0.000000000000000000e+00,0.000000000000000000e+00,0.000000000000000000e+00,0.000000000000000000e+00,0.000000000000000000e+00,2.965097722249324672e-04,4.648055441929003161e-04,5.603310305935171529e-04,5.469892381860583372e-04,5.056672279519405355e-04,4.564577111768191599e-04,4.576740067159572540e-04,4.778497818986141856e-04,5.064349786153179555e-04,5.234289808672152938e-04,5.262245313596914309e-04,5.139962432375828156e-04,4.936250676425814549e-04,4.706889125068189979e-04,4.509533738060909837e-04,4.369364129220010273e-04,4.296048243645030269e-04,4.277642561606521173e-04,4.297382285701805077e-04,4.334067606670816272e-04,4.372742571378136745e-04,4.402268099838126027e-04,4.419733918926857475e-04,4.425102597687660851e-04,4.422976752921029681e-04,4.417064477706112683e-04,4.412281425669185007e-04,4.410529920936237156e-04,4.413885702619252697e-04,4.421496661196671544e-04,4.433277613905831560e-04,4.447179576104277670e-04,4.462715714245565272e-04,4.478144424633192307e-04,4.493572432663056463e-04,4.508027043123847112e-04,4.522215558445542415e-04,4.535655635734894288e-04,4.549241589014541660e-04,4.562570198353021350e-04,4.576389997302736747e-04,4.590162691989114509e-04,4.604395936994840391e-04,4.618421091247785636e-04,4.632583602820809993e-04,4.646202991848702446e-04,4.659597341865624590e-04,4.672193211104945856e-04,4.684370581086921620e-04,4.695700916512568338e-04,4.706619112441319487e-04,4.716790466121375115e-04,4.726639872559229658e-04,4.735862153250542978e-04,4.744838588719797658e-04,4.753288543572217555e-04,4.761576085932883967e-04,4.769473591110603592e-04,4.777345602518695317e-04,4.785001074998580578e-04,4.792765858442056093e-04,4.800433042976910334e-04,4.808257130892868293e-04,4.816012549172005337e-04,4.823918116930437077e-04,4.831779322530797447e-04,4.839823369406730507e-04,4.847897502687230267e-04,4.856216049632826933e-04,4.864622244317456544e-04,4.873275374484455752e-04,4.881991790673929454e-04,4.890887711976862678e-04,4.899791677959008506e-04,4.908831334144242659e-04,4.917890524566480379e-04,4.927124917455225246e-04,4.936452846621156238e-04,4.946010825282105058e-04,4.955693885752429032e-04,4.965578992115924576e-04,4.975531352376916759e-04,4.985602536378583262e-04,4.995684556244331864e-04,5.005861251753458046e-04,5.016086709984813458e-04,5.026481330470311450e-04,5.037028791337191339e-04,5.047826170957859897e-04,5.058816131312055464e-04,5.070021593081189921e-04,5.081336040784838713e-04,5.092756536022706188e-04,5.104218491046686812e-04,5.115792533645822059e-04,5.127510131205933542e-04,5.139488672817516977e-04,5.151749360405844230e-04,5.164322674061082611e-04,5.177127330223785066e-04,5.190108417315018614e-04,5.203175410982452702e-04,5.216329563735276360e-04,5.229598394552266091e-04,5.243101156086261332e-04,5.256943325942913534e-04,5.271226721119104917e-04,5.285963389850477064e-04,5.301116251165634329e-04,5.316577652553865609e-04,5.332242176942734177e-04,5.348035576942297004e-04,5.363985275554290257e-04,5.380199983741443563e-04,5.396826507099214800e-04,5.413973744625905950e-04,5.431685080777772390e-04,5.449938735647489848e-04,5.468662547038046157e-04,5.487767425708700878e-04,5.507188044620531329e-04,5.526935550674209972e-04,5.547075873726328319e-04,5.567689864708440500e-04,5.588827819384646275e-04,5.610554521369250959e-04,5.632942788081551563e-04,5.656039548306105455e-04,5.679791169840420597e-04,5.704103898422935737e-04,5.728902081933169143e-04,5.754176075661901176e-04,5.779935202604887228e-04,5.806238011810888663e-04,5.833180768614181508e-04,5.860873086701391460e-04,5.889346185488205038e-04,5.918585468643294389e-04,5.948564753094508131e-04,5.979259112303684153e-04,6.010557910685321564e-04,6.042281874980977253e-04,6.074264290786228872e-04,6.106456947047709692e-04,6.138909694011775685e-04,6.171705749890846670e-04,6.204884243312099121e-04,6.238411290427353520e-04,6.272184759746262739e-04,6.306076492584794871e-04,6.339987180539061401e-04,6.373834291707685231e-04,6.407524095198994032e-04,6.440899265455679503e-04,6.473795571590629282e-04,6.506060027457829555e-04,6.537618788636210838e-04,6.568377270976443133e-04,6.598187930153980897e-04,6.626616972732447212e-04,6.652734631706799491e-04,6.674247595661776536e-04,6.685670641978754339e-04,6.673229169758686415e-04,6.602946645766026969e-04,6.393291630303334864e-04,5.858890047124363067e-04,4.703907024853457735e-04,2.620261978380702549e-04,5.207195322287130597e-05
0.000000000000000000e+00,0.000000000000000000e+00,0.000000000000000000e+00,0.000000000000000000e+00,0.000000000000000000e+00,0.000000000000000000e+00,0.000000000000000000e+00,0.000000000000000000e+00,0.000000000000000000e+00,0.000000000000000000e+00,0.000000000000000000e+00,0.000000000000000000e+00,0.000000000000000000e+00,0.000000000000000000e+00,0.000000000000000000e+00,0.000000000000000000e+00,0.000000000000000000e+00,0.000000000000000000e+00,0.000000000000000000e+00,0.000000000000000000e+00,0.000000000000000000e+00,0.000000000000000000e+00,0.000000000000000000e+00,0.000000000000000000e+00,0.000000000000000000e+00,0.000000000000000000e+00,0.000000000000000000e+00,0.000000000000000000e+00,0.000000000000000000e+00,0.000000000000000000e+00,0.000000000000000000e+00,0.000000000000000000e+00,0.000000000000000000e+00,0.000000000000000000e+00,0.000000000000000000e+00,0.000000000000000000e+00,0.000000000000000000e+00,0.000000000000000000e+00,0.000000000000000000e+00,0.000000000000000000e+00,0.000000000000000000e+00,0.000000000000000000e+00,0.000000000000000000e+00,0.000000000000000000e+00,0.000000000000000000e+00,0.000000000000000000e+00,0.000000000000000000e+00,0.000000000000000000e+00,0.000000000000000000e+00,0.000000000000000000e+00,0.000000000000000000e+00,0.000000000000000000e+00,0.000000000000000000e+00,0.000000000000000000e+00,0.000000000000000000e+00,0.000000000000000000e+00,0.000000000000000000e+00,0.000000000000000000e+00,0.000000000000000000e+00,0.000000000000000000e+00,0.000000000000000000e+00,0.000000000000000000e+00,0.000000000000000000e+00,0.000000000000000000e+00,0.000000000000000000e+00,0.000000000000000000e+00,0.000000000000000000e+00,0.000000000000000000e+00,0.000000000000000000e+00,0.000000000000000000e+00,0.000000000000000000e+00,0.000000000000000000e+00,0.000000000000000000e+00,0.000000000000000000e+00,0.000000000000000000e+00,0.000000000000000000e+00,0.000000000000000000e+00,0.000000000000000000e+00,0.000000000000000000e+00,0.000000000000000000e+00,0.000000000000000000e+00,0.000000000000000000e+00,0.000000000000000000e+00,0.000000000000000000e+00,0.000000000000000000e+00,0.000000000000000000e+00,0.000000000000000000e+00,0.000000000000000000e+00,0.000000000000000000e+00,0.000000000000000000e+00,0.000000000000000000e+00,0.000000000000000000e+00,0.000000000000000000e+00,0.000000000000000000e+00,0.000000000000000000e+00,0.000000000000000000e+00,0.000000000000000000e+00,0.000000000000000000e+00,0.000000000000000000e+00,0.000000000000000000e+00,0.000000000000000000e+00,0.000000000000000000e+00,0.000000000000000000e+00,0.000000000000000000e+00,0.000000000000000000e+00,0.000000000000000000e+00,0.000000000000000000e+00,0.000000000000000000e+00,0.000000000000000000e+00,0.000000000000000000e+00,0.000000000000000000e+00,0.000000000000000000e+00,0.000000000000000000e+00,0.000000000000000000e+00,0.000000000000000000e+00,0.000000000000000000e+00,0.000000000000000000e+00,0.000000000000000000e+00,0.000000000000000000e+00,0.000000000000000000e+00,0.000000000000000000e+00,0.000000000000000000e+00,0.000000000000000000e+00,0.000000000000000000e+00,0.000000000000000000e+00,0.000000000000000000e+00,0.000000000000000000e+00,0.000000000000000000e+00,0.000000000000000000e+00,0.000000000000000000e+00,0.000000000000000000e+00,0.000000000000000000e+00,0.000000000000000000e+00,0.000000000000000000e+00,0.000000000000000000e+00,0.000000000000000000e+00,0.000000000000000000e+00,0.000000000000000000e+00,0.000000000000000000e+00,0.000000000000000000e+00,0.000000000000000000e+00,0.000000000000000000e+00,0.000000000000000000e+00,0.000000000000000000e+00,0.000000000000000000e+00,0.000000000000000000e+00,0.000000000000000000e+00,0.000000000000000000e+00,0.000000000000000000e+00,0.000000000000000000e+00,0.000000000000000000e+00,0.000000000000000000e+00,0.000000000000000000e+00,0.000000000000000000e+00,0.000000000000000000e+00,0.000000000000000000e+00,0.000000000000000000e+00,0.000000000000000000e+00,0.000000000000000000e+00,0.000000000000000000e+00,0.000000000000000000e+00,0.000000000000000000e+00,0.000000000000000000e+00,0.000000000000000000e+00,0.000000000000000000e+00,0.000000000000000000e+00,0.000000000000000000e+00,0.000000000000000000e+00,0.000000000000000000e+00,0.000000000000000000e+00,4.654989591497767001e-04,6.605213939157456851e-04,6.694621603760251855e-04,5.809467852934225652e-04,4.271344596187033604e-04,3.771658379782778033e-04,3.794259502890527094e-04,4.168881382194375472e-04,4.543353605587575395e-04,4.812260649684809702e-04,4.890129437299436249e-04,4.817720332223446832e-04,4.645255284976254118e-04,4.446198703574663754e-04,4.268576780117047729e-04,4.143422220614903962e-04,4.076406665511435106e-04,4.059039683132018581e-04,4.074480208297945197e-04,4.104710854148934545e-04,4.136101443113077689e-04,4.159639596434213564e-04,4.173077487483580275e-04,4.176887080482919162e-04,4.175241680850147203e-04,4.171323347617212902e-04,4.169218512205905979e-04,4.170207930384418698e-04,4.175831866674188436e-04,4.185023502368681657e-04,4.197626628751853625e-04,4.211743400786785592e-04,4.227064959444724618e-04,4.242098828662717791e-04,4.257116382826942264e-04,4.271297721511701476e-04,4.285388790518280286e-04,4.298934670970552471e-04,4.312774497260848613e-04,4.326476456318171398e-04,4.340719299279267754e-04,4.354950076357155635e-04,4.369639859396310549e-04,4.384141428998689473e-04,4.398795745880992761e-04,4.412962672500316051e-04,4.426963397575788060e-04,4.440259910872010958e-04,4.453225394467952335e-04,4.465452795771563625e-04,4.477358917379397783e-04,4.488619864165817688e-04,4.499635835672018873e-04,4.510105606724131261e-04,4.520381564933364485e-04,4.530182357091839607e-04,4.539842577557223605e-04,4.549135485057619012e-04,4.558403559829604483e-04,4.567465553993301582e-04,4.576635781602467006e-04,4.585723192772857347e-04,4.594972934658744399e-04,4.604171308423078745e-04,4.613522710790073826e-04,4.622839852309882833e-04,4.632336437287546695e-04,4.641871957332876705e-04,4.651656327049868956e-04,4.661552853146880521e-04,4.671721532203336837e-04,4.681997744827289063e-04,4.692493072735097839e-04,4.703046009349202083e-04,4.713771531089073173e-04,4.724558060279999212e-04,4.735548783038351513e-04,4.746670385867301795e-04,4.758053135415598375e-04,4.769604463560992314e-04,4.781395347325095575e-04,4.793297872682474644e-04,4.805349451544784628e-04,4.817440411103019447e-04,4.829635690028454280e-04,4.841887339906379424e-04,4.854302577537202425e-04,4.866872961878181657e-04,4.879694984548306773e-04,4.892729111073597110e-04,4.906001574239774983e-04,4.919417781705216980e-04,4.932964386285640813e-04,4.946571838958412808e-04,4.960290540850325041e-04,4.974150907759686312e-04,4.988269238849794363e-04,5.002690874792954179e-04,5.017464556710025210e-04,5.032535160514442539e-04,5.047849524934614742e-04,5.063314600735472400e-04,5.078905633215221238e-04,5.094631437094802266e-04,5.110589422875044243e-04,5.126890664977980282e-04,5.143650155283412259e-04,5.160913344925019365e-04,5.178665737222517456e-04,5.196820918893839489e-04,5.215264219440635856e-04,5.233895401098479861e-04,5.252690366563372284e-04,5.271722652214669812e-04,5.291121904726214928e-04,5.311014302203076985e-04,5.331462226361135051e-04,5.352467755991699222e-04,5.373964425899941571e-04,5.395859195949202639e-04,5.418050496104948781e-04,5.440505324963300403e-04,5.463248747469618728e-04,5.486353522341564553e-04,5.509862740108569185e-04,5.533828816459198394e-04,5.558309358266815513e-04,5.583377481059354939e-04,5.609022543093597621e-04,5.635178977916497581e-04,5.661758109862848878e-04,5.688736289678000563e-04,5.716105355315308613e-04,5.743896096611533948e-04,5.772163819316529412e-04,5.801017554213056633e-04,5.830515819296187624e-04,5.860653310118329410e-04,5.891364301908889661e-04,5.922609188865202027e-04,5.954324316364121737e-04,5.986393455850333402e-04,6.018623141057946428e-04,6.050848353270881896e-04,6.082987472136727270e-04,6.115070303644245826e-04,6.147163069286677717e-04,6.179302668582873541e-04,6.211435046062981514e-04,6.243428312750003931e-04,6.275135713878209629e-04,6.306449062618852807e-04,6.337317482123425681e-04,6.367685132281123653e-04,6.397483779190352464e-04,6.426598953858949454e-04,6.454950944517804344e-04,6.482446028215830928e-04,6.509002132965309830e-04,6.534313036097428142e-04,6.557615925171895403e-04,6.576761812147303380e-04,6.586344206150430763e-04,6.572489905840548123e-04,6.500754514746122110e-04,6.288569449513138230e-04,5.752000770282042312e-04,4.601328981476218998e-04,2.549672811286403189e-04,5.037076306072757421e-05
0.000000000000000000e+00,0.000000000000000000e+00,0.000000000000000000e+00,0.000000000000000000e+00,0.000000000000000000e+00,0.000000000000000000e+00,0.000000000000000000e+00,0.000000000000000000e+00,0.000000000000000000e+00,0.000000000000000000e+00,0.000000000000000000e+00,0.000000000000000000e+00,0.000000000000000000e+00,0.000000000000000000e+00,0.000000000000000000e+00,0.000000000000000000e+00,0.000000000000000000e+00,0.000000000000000000e+00,0.000000000000000000e+00,0.000000000000000000e+00,0.000000000000000000e+00,0.000000000000000000e+00,0.000000000000000000e+00,0.000000000000000000e+00,0.000000000000000000e+00,0.000000000000000000e+00,0.000000000000000000e+00,0.000000000000000000e+00,0.000000000000000000e+00,0.000000000000000000e+00,0.000000000000000000e+00,0.000000000000000000e+00,0.000000000000000000e+00,0.000000000000000000e+00,0.000000000000000000e+00,0.000000000000000000e+00,0.000000000000000000e+00,0.000000000000000000e+00,0.000000000000000000e+00,0.000000000000000000e+00,0.000000000000000000e+00,0.000000000000000000e+00,0.000000000000000000e+00,0.000000000000000000e+00,0.000000000000000000e+00,0.000000000000000000e+00,0.000000000000000000e+00,0.000000000000000000e+00,0.000000000000000000e+00,0.000000000000000000e+00,0.000000000000000000e+00,0.000000000000000000e+00,0.000000000000000000e+00,0.000000000000000000e+00,0.000000000000000000e+00,0.000000000000000000e+00,0.000000000000000000e+00,0.000000000000000000e+00,0.000000000000000000e+00,0.000000000000000000e+00,0.000000000000000000e+00,0.000000000000000000e+00,0.000000000000000000e+00,0.000000000000000000e+00,0.000000000000000000e+00,0.000000000000000000e+00,0.000000000000000000e+00,0.000000000000000000e+00,0.000000000000000000e+00,0.000000000000000000e+00,0.000000000000000000e+00,0.000000000000000000e+00,0.000000000000000000e+00,0.000000000000000000e+00,0.000000000000000000e+00,0.000000000000000000e+00,0.000000000000000000e+00,0.000000000000000000e+00,0.000000000000000000e+00,0.000000000000000000e+00,0.000000000000000000e+00,0.000000000000000000e+00,0.000000000000000000e+00,0.000000000000000000e+00,0.000000000000000000e+00,0.000000000000000000e+00,0.000000000000000000e+00,0.000000000000000000e+00,0.000000000000000000e+00,0.000000000000000000e+00,0.000000000000000000e+00,0.000000000000000000e+00,0.000000000000000000e+00,0.000000000000000000e+00,0.000000000000000000e+00,0.000000000000000000e+00,0.000000000000000000e+00,0.000000000000000000e+00,0.000000000000000000e+00,0.000000000000000000e+00,0.000000000000000000e+00,0.000000000000000000e+00,0.000000000000000000e+00,0.000000000000000000e+00,0.000000000000000000e+00,0.000000000000000000e+00,0.000000000000000000e+00,0.000000000000000000e+00,0.000000000000000000e+00,0.000000000000000000e+00,0.000000000000000000e+00,0.000000000000000000e+00,0.000000000000000000e+00,0.000000000000000000e+00,0.000000000000000000e+00,0.000000000000000000e+00,0.000000000000000000e+00,0.000000000000000000e+00,0.000000000000000000e+00,0.000000000000000000e+00,0.000000000000000000e+00,0.000000000000000000e+00,0.000000000000000000e+00,0.000000000000000000e+00,0.000000000000000000e+00,0.000000000000000000e+00,0.000000000000000000e+00,0.000000000000000000e+00,0.000000000000000000e+00,0.000000000000000000e+00,0.000000000000000000e+00,0.000000000000000000e+00,0.000000000000000000e+00,0.000000000000000000e+00,0.000000000000000000e+00,0.000000000000000000e+00,0.000000000000000000e+00,0.000000000000000000e+00,0.000000000000000000e+00,0.000000000000000000e+00,0.000000000000000000e+00,0.000000000000000000e+00,0.000000000000000000e+00,0.000000000000000000e+00,0.000000000000000000e+00,0.000000000000000000e+00,0.000000000000000000e+00,0.000000000000000000e+00,0.000000000000000000e+00,0.000000000000000000e+00,0.000000000000000000e+00,0.000000000000000000e+00,0.000000000000000000e+00,0.000000000000000000e+00,0.000000000000000000e+00,0.000000000000000000e+00,0.000000000000000000e+00,0.000000000000000000e+00,0.000000000000000000e+00,0.000000000000000000e+00,0.000000000000000000e+00,0.000000000000000000e+00,0.000000000000000000e+00,0.000000000000000000e+00,0.000000000000000000e+00,0.000000000000000000e+00,0.000000000000000000e+00,0.000000000000000000e+00,0.000000000000000000e+00,0.000000000000000000e+00,7.760817677334326797e-04,9.065049873052745703e-04,8.157538137903626871e-04,4.905384589291718984e-04,3.405298718921347220e-04,2.875373981459742332e-04,3.101867407932081900e-04,3.567181703105803720e-04,4.065740691103806540e-04,4.395803252283542466e-04,4.537694753462649254e-04,4.504973918534951340e-04,4.372003896512979370e-04,4.200000697400527801e-04,4.044868574300950945e-04,3.932491750897260585e-04,3.872367123954491134e-04,3.855225887330182414e-04,3.867412907365859725e-04,3.892124028384407733e-04,3.918127588250302725e-04,3.937439060764738336e-04,3.948711473655980579e-04,3.952389724422700592e-04,3.952315988900487837e-04,3.951025693190180215e-04,3.951922844371144258e-04,3.955754096792389444e-04,3.963663830785967772e-04,3.974478493329293904e-04,3.988029263304923144e-04,4.002614262357572015e-04,4.018077633857050830e-04,4.033168986399816272e-04,4.048263540156063836e-04,4.062679262832986308e-04,4.077148548050444493e-04,4.091248156208257829e-04,4.105733458250181590e-04,4.120167170326163538e-04,4.135145472215391582e-04,4.150129506533132618e-04,4.165544092972914498e-04,4.180787170230602879e-04,4.196182130555812812e-04,4.211145138168613392e-04,4.225984272212567386e-04,4.240207640138504448e-04,4.254165524294986514e-04,4.267481581321595622e-04,4.280541618193554193e-04,4.293043027732113231e-04,4.305352842194746805e-04,4.317185892472831174e-04,4.328860375622837976e-04,4.340106056480118584e-04,4.351223268672403319e-04,4.361995640431781738e-04,4.372737910000515501e-04,4.383285906908043566e-04,4.393936822482753975e-04,4.404522074158599091e-04,4.415272746301252709e-04,4.425992784352119616e-04,4.436866972153469192e-04,4.447718647101575368e-04,4.458741349501860836e-04,4.469808336136353480e-04,4.481118659694675811e-04,4.492557738263592941e-04,4.504282007602360225e-04,4.516149435622440473e-04,4.528264508218987237e-04,4.540479384227015373e-04,4.552893777401926384e-04,4.565402951389802748e-04,4.578134211998508246e-04,4.591024102034935378e-04,4.604194095535918841e-04,4.617566766308523829e-04,4.631206692962534267e-04,4.644996710825031517e-04,4.658960093885822912e-04,4.672988033594771377e-04,4.687124826692357776e-04,4.701320532529695839e-04,4.715665515884086062e-04,4.730157652976880924e-04,4.744889177694760454e-04,4.759837953861385980e-04,4.775032605197889542e-04,4.790392886203740253e-04,4.805896152222390548e-04,4.821469361727529000e-04,4.837139966762614689e-04,4.852933264098810884e-04,4.868958144423276993e-04,4.885280415362433125e-04,4.901965893101634195e-04,4.918989256004501799e-04,4.936304292309723818e-04,4.953821032945350837e-04,4.971490650500567108e-04,4.989301068708720376e-04,5.007320553284714485e-04,5.025656693155989944e-04,5.044429895506615923e-04,5.063716178932067954e-04,5.083525992697446143e-04,5.103802084852327153e-04,5.124432834307476349e-04,5.145304536091233755e-04,5.166346618337847984e-04,5.187591052923884536e-04,5.209137504305661219e-04,5.231119348839196681e-04,5.253615293732722281e-04,5.276653759728286864e-04,5.300179857384790466e-04,5.324106142979367169e-04,5.348305997305759923e-04,5.372705932992812971e-04,5.397282057376787991e-04,5.422088551693635692e-04,5.447162519989482863e-04,5.472551181394978226e-04,5.498292076023096348e-04,5.524466578163243638e-04,5.551100087103288342e-04,5.578168954759788909e-04,5.605587241382498608e-04,5.633320674824302812e-04,5.661350090271296837e-04,5.689694218030304446e-04,5.718367535727359417e-04,5.747450926357820615e-04,5.777015216031096802e-04,5.807094100023973754e-04,5.837616443970610174e-04,5.868503094425012254e-04,5.899674152573886401e-04,5.931067474892553169e-04,5.962548851549252142e-04,5.993946464395172053e-04,6.025080510810178593e-04,6.055866504477681010e-04,6.086307837572663137e-04,6.116475784238276005e-04,6.146408143807073577e-04,6.176069102269569943e-04,6.205341568973575788e-04,6.234095849935858066e-04,6.262246274927369023e-04,6.289763367450105147e-04,6.316653906985465446e-04,6.342908247947921709e-04,6.368511018310312561e-04,6.393407992701566388e-04,6.417528626733991779e-04,6.440618236379680754e-04,6.461990525164742127e-04,6.479625631101571101e-04,6.488217501891854581e-04,6.473891625779138641e-04,6.401804343886143391e-04,6.188362018961150561e-04,5.650548203145846528e-04,4.504292070947038735e-04,2.483141359260097815e-04,4.880584034980482960e-05
0.000000000000000000e+00,0.000000000000000000e+00,0.000000000000000000e+00,0.000000000000000000e+00,0.000000000000000000e+00,0.000000000000000000e+00,0.000000000000000000e+00,0.000000000000000000e+00,0.000000000000000000e+00,0.000000000000000000e+00,0.000000000000000000e+00,0.000000000000000000e+00,0.000000000000000000e+00,0.000000000000000000e+00,0.000000000000000000e+00,0.000000000000000000e+00,0.000000000000000000e+00,0.000000000000000000e+00,0.000000000000000000e+00,0.000000000000000000e+00,0.000000000000000000e+00,0.000000000000000000e+00,0.000000000000000000e+00,0.000000000000000000e+00,0.000000000000000000e+00,0.000000000000000000e+00,0.000000000000000000e+00,0.000000000000000000e+00,0.000000000000000000e+00,0.000000000000000000e+00,0.000000000000000000e+00,0.000000000000000000e+00,0.000000000000000000e+00,0.000000000000000000e+00,0.000000000000000000e+00,0.000000000000000000e+00,0.000000000000000000e+00,0.000000000000000000e+00,0.000000000000000000e+00,0.000000000000000000e+00,0.000000000000000000e+00,0.000000000000000000e+00,0.000000000000000000e+00,0.000000000000000000e+00,0.000000000000000000e+00,0.000000000000000000e+00,0.000000000000000000e+00,0.000000000000000000e+00,0.000000000000000000e+00,0.000000000000000000e+00,0.000000000000000000e+00,0.000000000000000000e+00,0.000000000000000000e+00,0.000000000000000000e+00,0.000000000000000000e+00,0.000000000000000000e+00,0.000000000000000000e+00,0.000000000000000000e+00,0.000000000000000000e+00,0.000000000000000000e+00,0.000000000000000000e+00,0.000000000000000000e+00,0.000000000000000000e+00,0.000000000000000000e+00,0.000000000000000000e+00,0.000000000000000000e+00,0.000000000000000000e+00,0.000000000000000000e+00,0.000000000000000000e+00,0.000000000000000000e+00,0.000000000000000000e+00,0.000000000000000000e+00,0.000000000000000000e+00,0.000000000000000000e+00,0.000000000000000000e+00,0.000000000000000000e+00,0.000000000000000000e+00,0.000000000000000000e+00,0.000000000000000000e+00,0.000000000000000000e+00,0.000000000000000000e+00,0.000000000000000000e+00,0.000000000000000000e+00,0.000000000000000000e+00,0.000000000000000000e+00,0.000000000000000000e+00,0.000000000000000000e+00,0.000000000000000000e+00,0.000000000000000000e+00,0.000000000000000000e+00,0.000000000000000000e+00,0.000000000000000000e+00,0.000000000000000000e+00,0.000000000000000000e+00,0.000000000000000000e+00,0.000000000000000000e+00,0.000000000000000000e+00,0.000000000000000000e+00,0.000000000000000000e+00,0.000000000000000000e+00,0.000000000000000000e+00,0.000000000000000000e+00,0.000000000000000000e+00,0.000000000000000000e+00,0.000000000000000000e+00,0.000000000000000000e+00,0.000000000000000000e+00,0.000000000000000000e+00,0.000000000000000000e+00,0.000000000000000000e+00,0.000000000000000000e+00,0.000000000000000000e+00,0.000000000000000000e+00,0.000000000000000000e+00,0.000000000000000000e+00,0.000000000000000000e+00,0.000000000000000000e+00,0.000000000000000000e+00,0.000000000000000000e+00,0.000000000000000000e+00,0.000000000000000000e+00,0.000000000000000000e+00,0.000000000000000000e+00,0.000000000000000000e+00,0.000000000000000000e+00,0.000000000000000000e+00,0.000000000000000000e+00,0.000000000000000000e+00,0.000000000000000000e+00,0.000000000000000000e+00,0.000000000000000000e+00,0.000000000000000000e+00,0.000000000000000000e+00,0.000000000000000000e+00,0.000000000000000000e+00,0.000000000000000000e+00,0.000000000000000000e+00,0.000000000000000000e+00,0.000000000000000000e+00,0.000000000000000000e+00,0.000000000000000000e+00,0.000000000000000000e+00,0.000000000000000000e+00,0.000000000000000000e+00,0.000000000000000000e+00,0.000000000000000000e+00,0.000000000000000000e+00,0.000000000000000000e+00,0.000000000000000000e+00,0.000000000000000000e+00,0.000000000000000000e+00,0.000000000000000000e+00,0.000000000000000000e+00,0.000000000000000000e+00,0.000000000000000000e+00,0.000000000000000000e+00,0.000000000000000000e+00,0.000000000000000000e+00,0.000000000000000000e+00,0.000000000000000000e+00,0.000000000000000000e+00,0.000000000000000000e+00,0.000000000000000000e+00,0.000000000000000000e+00,0.000000000000000000e+00,0.000000000000000000e+00,0.000000000000000000e+00,0.000000000000000000e+00,0.000000000000000000e+00,0.000000000000000000e+00,1.174170252395111960e-03,1.260354798368972266e-03,7.119725493641444053e-04,4.196481127089360472e-04,2.744324663272612748e-04,2.374405433078815436e-04,2.603381936140753881e-04,3.141679391066100921e-04,3.661141743361392867e-04,4.036956119553407611e-04,4.208155414382796838e-04,4.214068352490767545e-04,4.110983130517097584e-04,3.967586605916587788e-04,3.832063534302771542e-04,3.733691332153351618e-04,3.679860592826361969e-04,3.664319013039495131e-04,3.674114922803438182e-04,3.695191132227055816e-04,3.717445988580643989e-04,3.734431078136214699e-04,3.745012744869968910e-04,3.749820857156938698e-04,3.752090926543850784e-04,3.753920992548031611e-04,3.758002377070941073e-04,3.764758384798814767e-04,3.774971799484415857e-04,3.787504527735881710e-04,3.802168856245797006e-04,3.817513074930991776e-04,3.833478288073174554e-04,3.849059345304719441e-04,3.864667491475051210e-04,3.879756602385822694e-04,3.894997164734137658e-04,3.910011821150919200e-04,3.925448203826056946e-04,3.940890277303374769e-04,3.956840531010126700e-04,3.972801442975820935e-04,3.989141589669775983e-04,4.005324517282780948e-04,4.021642798913518967e-04,4.037582326561910172e-04,4.053422891614428332e-04,4.068728262262256913e-04,4.083811578332178821e-04,4.098335985551338065e-04,4.112645131750743729e-04,4.126467590741576623e-04,4.140129827233795124e-04,4.153373820419757980e-04,4.166478726053703097e-04,4.179195979756434426e-04,4.191786939680485847e-04,4.204053712859947309e-04,4.216277509932134650e-04,4.228317260089151271e-04,4.240447527319379187e-04,4.252528146392466177e-04,4.264772221107379266e-04,4.277007366245079065e-04,4.289394996866820403e-04,4.301773121320707984e-04,4.314309689032121186e-04,4.326893369627476255e-04,4.339706324605795075e-04,4.352657558541609458e-04,4.365895540753678659e-04,4.379303651859756466e-04,4.392976728548060030e-04,4.406783885151101775e-04,4.420807174642111658e-04,4.434950805369609114e-04,4.449323014493526641e-04,4.463871454386289885e-04,4.478706266356619861e-04,4.493767609727158051e-04,4.509113376400277189e-04,4.524641108698663713e-04,4.540360503709133877e-04,4.556166618211000894e-04,4.572082035348184114e-04,4.588055294689727436e-04,4.604156674275947884e-04,4.620388869730163660e-04,4.636836107367224786e-04,4.653492844389179955e-04,4.670388795077508315e-04,4.687460233816457145e-04,4.704676647772903651e-04,4.721963825224915774e-04,4.739324622486312333e-04,4.756775706735997720e-04,4.774411833896563236e-04,4.792314305580604433e-04,4.810563204197138704e-04,4.829165536578898348e-04,4.848087258485324672e-04,4.867248563958528982e-04,4.886581027824558280e-04,4.906052368179201692e-04,4.925696367524286636e-04,4.945608311563685650e-04,4.965904657354486751e-04,4.986686657801048380e-04,5.007989268696414744e-04,5.029789743810107261e-04,5.051990348644040197e-04,5.074478202188953619e-04,5.097146408297317062e-04,5.119984441149322751e-04,5.143050777014505828e-04,5.166473534042783505e-04,5.190341690988604885e-04,5.214710701090491222e-04,5.239542062354887340e-04,5.264762818959114587e-04,5.290234391904678410e-04,5.315852860014058266e-04,5.341543478127382550e-04,5.367330733210816949e-04,5.393241148926740305e-04,5.419323814482893652e-04,5.445599568052099469e-04,5.472144578043362925e-04,5.499005301050469662e-04,5.526204351206855537e-04,5.553675377696193870e-04,5.581379916786600873e-04,5.609287879336561809e-04,5.637419513088781165e-04,5.665766721904987426e-04,5.694371646702254836e-04,5.723284353796812950e-04,5.752572492198822782e-04,5.782202220379356215e-04,5.812088947757836814e-04,5.842107196970093910e-04,5.872184787632188764e-04,5.902235461948033245e-04,5.932156011226131847e-04,5.961774848766212024e-04,5.990940481302841486e-04,6.019551556195220894e-04,6.047619275880552949e-04,6.075205953561669918e-04,6.102379301078648781e-04,6.129136007351651495e-04,6.155414326074683425e-04,6.181130589646257126e-04,6.206233319386361344e-04,6.230729048390922301e-04,6.254653677335158006e-04,6.278063398907683754e-04,6.300971805330993561e-04,6.323354932098302185e-04,6.344992826165435145e-04,6.365247550528173271e-04,6.382183018365801108e-04,6.390604571085590092e-04,6.376679865987023308e-04,6.305258275155897416e-04,6.091746192551681727e-04,5.553651884898579919e-04,4.412069309528131333e-04,2.420144803906000520e-04,4.734038335822040298e-05
0.000000000000000000e+00,0.000000000000000000e+00,0.000000000000000000e+00,0.000000000000000000e+00,0.000000000000000000e+00,0.000000000000000000e+00,0.000000000000000000e+00,0.000000000000000000e+00,0.000000000000000000e+00,0.000000000000000000e+00,0.000000000000000000e+00,0.000000000000000000e+00,0.000000000000000000e+00,0.000000000000000000e+00,0.000000000000000000e+00,0.000000000000000000e+00,0.000000000000000000e+00,0.000000000000000000e+00,0.000000000000000000e+00,0.000000000000000000e+00,0.000000000000000000e+00,0.000000000000000000e+00,0.000000000000000000e+00,0.000000000000000000e+00,0.000000000000000000e+00,0.000000000000000000e+00,0.000000000000000000e+00,0.000000000000000000e+00,0.000000000000000000e+00,0.000000000000000000e+00,0.000000000000000000e+00,0.000000000000000000e+00,0.000000000000000000e+00,0.000000000000000000e+00,0.000000000000000000e+00,0.000000000000000000e+00,0.000000000000000000e+00,0.000000000000000000e+00,0.000000000000000000e+00,0.000000000000000000e+00,0.000000000000000000e+00,0.000000000000000000e+00,0.000000000000000000e+00,0.000000000000000000e+00,0.000000000000000000e+00,0.000000000000000000e+00,0.000000000000000000e+00,0.000000000000000000e+00,0.000000000000000000e+00,0.000000000000000000e+00,0.000000000000000000e+00,0.000000000000000000e+00,0.000000000000000000e+00,0.000000000000000000e+00,0.000000000000000000e+00,0.000000000000000000e+00,0.000000000000000000e+00,0.000000000000000000e+00,0.000000000000000000e+00,0.000000000000000000e+00,0.000000000000000000e+00,0.000000000000000000e+00,0.000000000000000000e+00,0.000000000000000000e+00,0.000000000000000000e+00,0.000000000000000000e+00,0.000000000000000000e+00,0.000000000000000000e+00,0.000000000000000000e+00,0.000000000000000000e+00,0.000000000000000000e+00,0.000000000000000000e+00,0.000000000000000000e+00,0.000000000000000000e+00,0.000000000000000000e+00,0.000000000000000000e+00,0.000000000000000000e+00,0.000000000000000000e+00,0.000000000000000000e+00,0.000000000000000000e+00,0.000000000000000000e+00,0.000000000000000000e+00,0.000000000000000000e+00,0.000000000000000000e+00,0.000000000000000000e+00,0.000000000000000000e+00,0.000000000000000000e+00,0.000000000000000000e+00,0.000000000000000000e+00,0.000000000000000000e+00,0.000000000000000000e+00,0.000000000000000000e+00,0.000000000000000000e+00,0.000000000000000000e+00,0.000000000000000000e+00,0.000000000000000000e+00,0.000000000000000000e+00,0.000000000000000000e+00,0.000000000000000000e+00,0.000000000000000000e+00,0.000000000000000000e+00,0.000000000000000000e+00,0.000000000000000000e+00,0.000000000000000000e+00,0.000000000000000000e+00,0.000000000000000000e+00,0.000000000000000000e+00,0.000000000000000000e+00,0.000000000000000000e+00,0.000000000000000000e+00,0.000000000000000000e+00,0.000000000000000000e+00,0.000000000000000000e+00,0.000000000000000000e+00,0.000000000000000000e+00,0.000000000000000000e+00,0.000000000000000000e+00,0.000000000000000000e+00,0.000000000000000000e+00,0.000000000000000000e+00,0.000000000000000000e+00,0.000000000000000000e+00,0.000000000000000000e+00,0.000000000000000000e+00,0.000000000000000000e+00,0.000000000000000000e+00,0.000000000000000000e+00,0.000000000000000000e+00,0.000000000000000000e+00,0.000000000000000000e+00,0.000000000000000000e+00,0.000000000000000000e+00,0.000000000000000000e+00,0.000000000000000000e+00,0.000000000000000000e+00,0.000000000000000000e+00,0.000000000000000000e+00,0.000000000000000000e+00,0.000000000000000000e+00,0.000000000000000000e+00,0.000000000000000000e+00,0.000000000000000000e+00,0.000000000000000000e+00,0.000000000000000000e+00,0.000000000000000000e+00,0.000000000000000000e+00,0.000000000000000000e+00,0.000000000000000000e+00,0.000000000000000000e+00,0.000000000000000000e+00,0.000000000000000000e+00,0.000000000000000000e+00,0.000000000000000000e+00,0.000000000000000000e+00,0.000000000000000000e+00,0.000000000000000000e+00,0.000000000000000000e+00,0.000000000000000000e+00,0.000000000000000000e+00,0.000000000000000000e+00,0.000000000000000000e+00,0.000000000000000000e+00,0.000000000000000000e+00,0.000000000000000000e+00,0.000000000000000000e+00,0.000000000000000000e+00,0.000000000000000000e+00,0.000000000000000000e+00,0.000000000000000000e+00,0.000000000000000000e+00,1.765495013898352693e-03,1.074595201409901364e-03,6.266025151229744159e-04,4.022434624843783130e-04,2.704806545431309847e-04,2.267593947485544163e-04,2.441918602415275277e-04,2.895602523064205605e-04,3.382894655755528551e-04,3.738499027201868416e-04,3.920357849281718809e-04,3.943802424622394154e-04,3.866647248417165385e-04,3.746194758891483183e-04,3.630710459544717484e-04,3.545542310753202085e-04,3.499423517610467278e-04,3.486266260081248331e-04,3.495399158681929738e-04,3.514277700935223929e-04,3.534513453067492463e-04,3.550565200994562024e-04,3.561693892285806113e-04,3.568454991787193046e-04,3.573600579758415014e-04,3.578782144265911795e-04,3.586112190992424373e-04,3.595776628126946253e-04,3.608286760497280755e-04,3.622603645854854905e-04,3.638533658642756981e-04,3.654886072319778298e-04,3.671658297847258203e-04,3.688076223692002514e-04,3.704537167004587177e-04,3.720624991024981437e-04,3.736915747165411731e-04,3.753090963894419410e-04,3.769676382624837429e-04,3.786300776628336007e-04,3.803365930879794429e-04,3.820438022185491185e-04,3.837820637231971217e-04,3.855058764379065868e-04,3.872401954169110727e-04,3.889416183527880967e-04,3.906339689316424245e-04,3.922799821076067089e-04,3.939060756676274568e-04,3.954832857124924777e-04,3.970408604271037862e-04,3.985556443627957411e-04,4.000556390945083978e-04,4.015187188902876987e-04,4.029685103711268929e-04,4.043832222401938254e-04,4.057846866575103278e-04,4.071556099955034097e-04,4.085202107898958448e-04,4.098671242366657254e-04,4.112210058762537195e-04,4.125711422149097476e-04,4.139367140236304256e-04,4.153034127081281480e-04,4.166848054314998260e-04,4.180665984056551382e-04,4.194626365326907091e-04,4.208635104167249437e-04,4.222852312789070498e-04,4.237211621124426690e-04,4.251849350294431410e-04,4.266676385084245586e-04,4.281775421387876016e-04,4.297035243182956241e-04,4.312518061271767384e-04,4.328138780791867721e-04,4.343983599000914020e-04,4.360012122206176409e-04,4.376320628536459266e-04,4.392868850478766156e-04,4.409707811568096486e-04,4.426753680973608733e-04,4.444003721758987835e-04,4.461360279282846025e-04,4.478823920502781252e-04,4.496342581845058639e-04,4.513963768250721896e-04,4.531693599335001707e-04,4.549604575581777830e-04,4.567706564539689889e-04,4.586028731116057041e-04,4.604525691863507503e-04,4.623160723552344848e-04,4.641861576669550167e-04,4.660606193906518526e-04,4.679400091785603324e-04,4.698317217407164351e-04,4.717448225755611207e-04,4.736882783649683324e-04,4.756660983146609057e-04,4.776765369165726291e-04,4.797134093922650897e-04,4.817685803596443881e-04,4.838371837928249629e-04,4.859189042299884710e-04,4.880212982680888793e-04,4.901546043684732595e-04,4.923307200867454644e-04,4.945552691666932040e-04,4.968296657326792256e-04,4.991463344063961369e-04,5.014954640297136562e-04,5.038641141401900558e-04,5.062475034650434523e-04,5.086466249344442220e-04,5.110724334336011867e-04,5.135338836061991048e-04,5.160390180592808879e-04,5.185859592186042952e-04,5.211696224988780031e-04,5.237762559506433779e-04,5.263938848237907338e-04,5.290105243353275489e-04,5.316248788287317563e-04,5.342375923918449027e-04,5.368539933317689489e-04,5.394752922995752582e-04,5.421080596054506963e-04,5.447573077787836761e-04,5.474292605500301117e-04,5.501205505975773763e-04,5.528280871982006999e-04,5.555474966649758418e-04,5.582811215349939727e-04,5.610280659798411477e-04,5.637902520099340739e-04,5.665685537284948468e-04,5.693696455869044814e-04,5.721944005756733707e-04,5.750388853980636147e-04,5.778894905385826772e-04,5.807349905914162540e-04,5.835650762651475995e-04,5.863741318171703182e-04,5.891516599118425080e-04,5.918856771792870399e-04,5.945616512724218039e-04,5.971726088528513630e-04,5.997184679471433350e-04,6.022076787876827486e-04,6.046484684334125581e-04,6.070464580081723783e-04,6.094013122952923571e-04,6.117110436457674728e-04,6.139748562756612571e-04,6.161955692517262061e-04,6.183794773923336277e-04,6.205321007915697799e-04,6.226552951776402047e-04,6.247328073229206679e-04,6.267063965379771366e-04,6.283925381247737691e-04,6.292842080020576634e-04,6.280080585167481912e-04,6.210243814941475470e-04,5.997784588579636996e-04,5.460390161480896008e-04,4.323859702764930768e-04,2.360017482335067618e-04,4.592261404575700241e-05
0.000000000000000000e+00,0.000000000000000000e+00,0.000000000000000000e+00,0.000000000000000000e+00,0.000000000000000000e+00,0.000000000000000000e+00,0.000000000000000000e+00,0.000000000000000000e+00,0.000000000000000000e+00,0.000000000000000000e+00,0.000000000000000000e+00,0.000000000000000000e+00,0.000000000000000000e+00,0.000000000000000000e+00,0.000000000000000000e+00,0.000000000000000000e+00,0.000000000000000000e+00,0.000000000000000000e+00,0.000000000000000000e+00,0.000000000000000000e+00,0.000000000000000000e+00,0.000000000000000000e+00,0.000000000000000000e+00,0.000000000000000000e+00,0.000000000000000000e+00,0.000000000000000000e+00,0.000000000000000000e+00,0.000000000000000000e+00,0.000000000000000000e+00,0.000000000000000000e+00,0.000000000000000000e+00,0.000000000000000000e+00,0.000000000000000000e+00,0.000000000000000000e+00,0.000000000000000000e+00,0.000000000000000000e+00,0.000000000000000000e+00,0.000000000000000000e+00,0.000000000000000000e+00,0.000000000000000000e+00,0.000000000000000000e+00,0.000000000000000000e+00,0.000000000000000000e+00,0.000000000000000000e+00,0.000000000000000000e+00,0.000000000000000000e+00,0.000000000000000000e+00,0.000000000000000000e+00,0.000000000000000000e+00,0.000000000000000000e+00,0.000000000000000000e+00,0.000000000000000000e+00,0.000000000000000000e+00,0.000000000000000000e+00,0.000000000000000000e+00,0.000000000000000000e+00,0.000000000000000000e+00,0.000000000000000000e+00,0.000000000000000000e+00,0.000000000000000000e+00,0.000000000000000000e+00,0.000000000000000000e+00,0.000000000000000000e+00,0.000000000000000000e+00,0.000000000000000000e+00,0.000000000000000000e+00,0.000000000000000000e+00,0.000000000000000000e+00,0.000000000000000000e+00,0.000000000000000000e+00,0.000000000000000000e+00,0.000000000000000000e+00,0.000000000000000000e+00,0.000000000000000000e+00,0.000000000000000000e+00,0.000000000000000000e+00,0.000000000000000000e+00,0.000000000000000000e+00,0.000000000000000000e+00,0.000000000000000000e+00,0.000000000000000000e+00,0.000000000000000000e+00,0.000000000000000000e+00,0.000000000000000000e+00,0.000000000000000000e+00,0.000000000000000000e+00,0.000000000000000000e+00,0.000000000000000000e+00,0.000000000000000000e+00,0.000000000000000000e+00,0.000000000000000000e+00,0.000000000000000000e+00,0.000000000000000000e+00,0.000000000000000000e+00,0.000000000000000000e+00,0.000000000000000000e+00,0.000000000000000000e+00,0.000000000000000000e+00,0.000000000000000000e+00,0.000000000000000000e+00,0.000000000000000000e+00,0.000000000000000000e+00,0.000000000000000000e+00,0.000000000000000000e+00,0.000000000000000000e+00,0.000000000000000000e+00,0.000000000000000000e+00,0.000000000000000000e+00,0.000000000000000000e+00,0.000000000000000000e+00,0.000000000000000000e+00,0.000000000000000000e+00,0.000000000000000000e+00,0.000000000000000000e+00,0.000000000000000000e+00,0.000000000000000000e+00,0.000000000000000000e+00,0.000000000000000000e+00,0.000000000000000000e+00,0.000000000000000000e+00,0.000000000000000000e+00,0.000000000000000000e+00,0.000000000000000000e+00,0.000000000000000000e+00,0.000000000000000000e+00,0.000000000000000000e+00,0.000000000000000000e+00,0.000000000000000000e+00,0.000000000000000000e+00,0.000000000000000000e+00,0.000000000000000000e+00,0.000000000000000000e+00,0.000000000000000000e+00,0.000000000000000000e+00,0.000000000000000000e+00,0.000000000000000000e+00,0.000000000000000000e+00,0.000000000000000000e+00,0.000000000000000000e+00,0.000000000000000000e+00,0.000000000000000000e+00,0.000000000000000000e+00,0.000000000000000000e+00,0.000000000000000000e+00,0.000000000000000000e+00,0.000000000000000000e+00,0.000000000000000000e+00,0.000000000000000000e+00,0.000000000000000000e+00,0.000000000000000000e+00,0.000000000000000000e+00,0.000000000000000000e+00,0.000000000000000000e+00,0.000000000000000000e+00,0.000000000000000000e+00,0.000000000000000000e+00,0.000000000000000000e+00,0.000000000000000000e+00,0.000000000000000000e+00,0.000000000000000000e+00,0.000000000000000000e+00,0.000000000000000000e+00,0.000000000000000000e+00,0.000000000000000000e+00,0.000000000000000000e+00,0.000000000000000000e+00,0.000000000000000000e+00,0.000000000000000000e+00,0.000000000000000000e+00,0.000000000000000000e+00,1.284206440064040305e-03,7.539626912243383491e-04,5.778593754842760617e-04,3.874708204152053914e-04,2.853125581131251819e-04,2.389771600652680053e-04,2.461863676034656430e-04,2.798034523349339042e-04,3.195815375359765476e-04,3.503940444810489641e-04,3.669112231596646139e-04,3.699026749699535965e-04,3.638641098325168721e-04,3.539142032337969112e-04,3.442149159119811002e-04,3.371115115488148824e-04,3.333283130461584714e-04,3.323917787730812563e-04,3.333489120753534694e-04,3.351570390751745093e-04,3.370902034731957167e-04,3.387083795912838717e-04,3.399459561023140453e-04,3.408652128504295934e-04,3.416836729862177667e-04,3.425375506319791033e-04,3.435824031278843097e-04,3.448267276256292992e-04,3.462969943508983385e-04,3.479062265553564920e-04,3.496325258861861089e-04,3.513839365744529002e-04,3.531610278994483246e-04,3.549083690530394552e-04,3.566599337687785011e-04,3.583868864045624690e-04,3.601350575846417332e-04,3.618798048069678773e-04,3.636607570931083369e-04,3.654472202622517695e-04,3.672689565443955253e-04,3.690905750770153912e-04,3.709352977142762716e-04,3.727667769179499112e-04,3.746047166809359039e-04,3.764143433332773812e-04,3.782143336064469727e-04,3.799742960812096709e-04,3.817149087712081454e-04,3.834124841747248028e-04,3.850905277992489007e-04,3.867305263963662261e-04,3.883554462683549025e-04,3.899475915524318478e-04,3.915260682780694014e-04,3.930728682987456282e-04,3.946052429237433706e-04,3.961088781526237476e-04,3.976036240385857879e-04,3.990811092069622358e-04,4.005626802544848264e-04,4.020412080046255224e-04,4.035334484972304841e-04,4.050284793528759002e-04,4.065371626895667887e-04,4.080475338426430834e-04,4.095702457456188383e-04,4.110978032125442438e-04,4.126436127368105357e-04,4.142035766609770855e-04,4.157897563192374489e-04,4.173961457606540346e-04,4.190295881974920853e-04,4.206811494836602112e-04,4.223548832573470382e-04,4.240434823433768068e-04,4.257530869795953616e-04,4.274808803153792337e-04,4.292348422070688596e-04,4.310130331852163495e-04,4.328198466276401502e-04,4.346491301430236960e-04,4.364995342197800355e-04,4.383624022751960391e-04,4.402356443375730725e-04,4.421141344983211879e-04,4.440001439615426154e-04,4.458945035978661097e-04,4.478029312571886250e-04,4.497277996956328735e-04,4.516717731828322180e-04,4.536322831152950793e-04,4.556052093771364910e-04,4.575839035565493641e-04,4.595637843848743992e-04,4.615441803844714500e-04,4.635298061628197273e-04,4.655299733245272663e-04,4.675539513989309380e-04,4.696089056840704315e-04,4.716950272443908281e-04,4.738086793620323290e-04,4.759412439885575639e-04,4.780868923802914232e-04,4.802417157915460561e-04,4.824108106142021841e-04,4.846020309345433312e-04,4.868281361119669343e-04,4.890962986062145782e-04,4.914115650342762865e-04,4.937690273284924642e-04,4.961615207602162623e-04,4.985753814152533471e-04,5.010031861229413599e-04,5.034409121081271634e-04,5.058964774250582913e-04,5.083776237327616897e-04,5.108943178673555022e-04,5.134467633440367197e-04,5.160326837687562781e-04,5.186395766309252926e-04,5.212555288570269469e-04,5.238653159183447473e-04,5.264638039496544793e-04,5.290485454022107606e-04,5.316248321760101399e-04,5.341937076444313063e-04,5.367609822722899321e-04,5.393306856376697692e-04,5.419114717975045568e-04,5.445036339198367631e-04,5.471063806652048727e-04,5.497142216698882580e-04,5.523289084718984452e-04,5.549501930333585213e-04,5.575804517855831310e-04,5.602175612684856879e-04,5.628652544232122740e-04,5.655252674679015499e-04,5.681993745212865141e-04,5.708783892493177062e-04,5.735507266740856331e-04,5.762017738675421314e-04,5.788241150797976062e-04,5.814104710086040592e-04,5.839556065586134917e-04,5.864490777002659893e-04,5.888825541609241706e-04,5.912497628752263860e-04,5.935538649427616470e-04,5.958027825792794677e-04,5.980084651025894963e-04,6.001798235266994717e-04,6.023230807467753545e-04,6.044412711750772344e-04,6.065374231219583523e-04,6.086162071166437973e-04,6.106825132906838066e-04,6.127394894885795007e-04,6.147750442808238213e-04,6.167383708381476547e-04,6.184586100828388553e-04,6.194468163216243972e-04,6.183457235565379979e-04,6.115996132076421043e-04,5.905624725513955713e-04,5.369948448370624522e-04,4.239009686428942512e-04,2.302381896673766804e-04,4.454708703410468747e-05
0.000000000000000000e+00,0.000000000000000000e+00,0.000000000000000000e+00,0.000000000000000000e+00,0.000000000000000000e+00,0.000000000000000000e+00,0.000000000000000000e+00,0.000000000000000000e+00,0.000000000000000000e+00,0.000000000000000000e+00,0.000000000000000000e+00,0.000000000000000000e+00,0.000000000000000000e+00,0.000000000000000000e+00,0.000000000000000000e+00,0.000000000000000000e+00,0.000000000000000000e+00,0.000000000000000000e+00,0.000000000000000000e+00,0.000000000000000000e+00,0.000000000000000000e+00,0.000000000000000000e+00,0.000000000000000000e+00,0.000000000000000000e+00,0.000000000000000000e+00,0.000000000000000000e+00,0.000000000000000000e+00,0.000000000000000000e+00,0.000000000000000000e+00,0.000000000000000000e+00,0.000000000000000000e+00,0.000000000000000000e+00,0.000000000000000000e+00,0.000000000000000000e+00,0.000000000000000000e+00,0.000000000000000000e+00,0.000000000000000000e+00,0.000000000000000000e+00,0.000000000000000000e+00,0.000000000000000000e+00,0.000000000000000000e+00,0.000000000000000000e+00,0.000000000000000000e+00,0.000000000000000000e+00,0.000000000000000000e+00,0.000000000000000000e+00,0.000000000000000000e+00,0.000000000000000000e+00,0.000000000000000000e+00,0.000000000000000000e+00,0.000000000000000000e+00,0.000000000000000000e+00,0.000000000000000000e+00,0.000000000000000000e+00,0.000000000000000000e+00,0.000000000000000000e+00,0.000000000000000000e+00,0.000000000000000000e+00,0.000000000000000000e+00,0.000000000000000000e+00,0.000000000000000000e+00,0.000000000000000000e+00,0.000000000000000000e+00,0.000000000000000000e+00,0.000000000000000000e+00,0.000000000000000000e+00,0.000000000000000000e+00,0.000000000000000000e+00,0.000000000000000000e+00,0.000000000000000000e+00,0.000000000000000000e+00,0.000000000000000000e+00,0.000000000000000000e+00,0.000000000000000000e+00,0.000000000000000000e+00,0.000000000000000000e+00,0.000000000000000000e+00,0.000000000000000000e+00,0.000000000000000000e+00,0.000000000000000000e+00,0.000000000000000000e+00,0.000000000000000000e+00,0.000000000000000000e+00,0.000000000000000000e+00,0.000000000000000000e+00,0.000000000000000000e+00,0.000000000000000000e+00,0.000000000000000000e+00,0.000000000000000000e+00,0.000000000000000000e+00,0.000000000000000000e+00,0.000000000000000000e+00,0.000000000000000000e+00,0.000000000000000000e+00,0.000000000000000000e+00,0.000000000000000000e+00,0.000000000000000000e+00,0.000000000000000000e+00,0.000000000000000000e+00,0.000000000000000000e+00,0.000000000000000000e+00,0.000000000000000000e+00,0.000000000000000000e+00,0.000000000000000000e+00,0.000000000000000000e+00,0.000000000000000000e+00,0.000000000000000000e+00,0.000000000000000000e+00,0.000000000000000000e+00,0.000000000000000000e+00,0.000000000000000000e+00,0.000000000000000000e+00,0.000000000000000000e+00,0.000000000000000000e+00,0.000000000000000000e+00,0.000000000000000000e+00,0.000000000000000000e+00,0.000000000000000000e+00,0.000000000000000000e+00,0.000000000000000000e+00,0.000000000000000000e+00,0.000000000000000000e+00,0.000000000000000000e+00,0.000000000000000000e+00,0.000000000000000000e+00,0.000000000000000000e+00,0.000000000000000000e+00,0.000000000000000000e+00,0.000000000000000000e+00,0.000000000000000000e+00,0.000000000000000000e+00,0.000000000000000000e+00,0.000000000000000000e+00,0.000000000000000000e+00,0.000000000000000000e+00,0.000000000000000000e+00,0.000000000000000000e+00,0.000000000000000000e+00,0.000000000000000000e+00,0.000000000000000000e+00,0.000000000000000000e+00,0.000000000000000000e+00,0.000000000000000000e+00,0.000000000000000000e+00,0.000000000000000000e+00,0.000000000000000000e+00,0.000000000000000000e+00,0.000000000000000000e+00,0.000000000000000000e+00,0.000000000000000000e+00,0.000000000000000000e+00,0.000000000000000000e+00,0.000000000000000000e+00,0.000000000000000000e+00,0.000000000000000000e+00,0.000000000000000000e+00,0.000000000000000000e+00,0.000000000000000000e+00,0.000000000000000000e+00,0.000000000000000000e+00,0.000000000000000000e+00,0.000000000000000000e+00,0.000000000000000000e+00,0.000000000000000000e+00,0.000000000000000000e+00,0.000000000000000000e+00,0.000000000000000000e+00,0.000000000000000000e+00,0.000000000000000000e+00,2.596860222003996203e-05,-3.594690771200581797e-05,2.487648747075082534e-04,2.764060449490406742e-04,2.843970210744117279e-04,2.492054420361456530e-04,2.397108369442828605e-04,2.474300556076303517e-04,2.753929676199360081e-04,3.062369404940010241e-04,3.315914227276893370e-04,3.451682642511239387e-04,3.479637559680616031e-04,3.430815803128206012e-04,3.350156132314382074e-04,3.271287255899789316e-04,3.214682717525870598e-04,3.185879991856263864e-04,3.181018655534037401e-04,3.191886147660459930e-04,3.209904871994452851e-04,3.229036416757092394e-04,3.245822248296372382e-04,3.259736162328642339e-04,3.271395439846080098e-04,3.282485121906260177e-04,3.294111131488422321e-04,3.307371348406962274e-04,3.322302045451842661e-04,3.338976309523191376e-04,3.356708448532233404e-04,3.375252924906410601e-04,3.393941697691886398e-04,3.412760142186393444e-04,3.431349266125020988e-04,3.449966946781616488e-04,3.468443508868446603e-04,3.487111184027089452e-04,3.505801935673673970e-04,3.524784261850167841e-04,3.543826952774764170e-04,3.563125200696032270e-04,3.582413357086353437e-04,3.601849557843095459e-04,3.621165670613321359e-04,3.640500395222168108e-04,3.659594113195060268e-04,3.678576083202475533e-04,3.697213226442603684e-04,3.715650056157125095e-04,3.733705399130024202e-04,3.751553366810901884e-04,3.769059172000832690e-04,3.786400180471403000e-04,3.803448803711578265e-04,3.820350249823455894e-04,3.836967525996434064e-04,3.853426255135843407e-04,3.869616454471767279e-04,3.885689671939975779e-04,3.901593026394274645e-04,3.917502477801739370e-04,3.933383472385825808e-04,3.949376659019775376e-04,3.965409674091091683e-04,3.981563488907210969e-04,3.997745280259564936e-04,4.014028465554829710e-04,4.030358921496968844e-04,4.046841861821847308e-04,4.063462216997591118e-04,4.080322241690492215e-04,4.097392160399834305e-04,4.114724768582688754e-04,4.132254526657648183e-04,4.149999108134230438e-04,4.167898460473677268e-04,4.185986762002877185e-04,4.204247672902337624e-04,4.222741712389361602e-04,4.241470689803530491e-04,4.260470941609303367e-04,4.279706370534510718e-04,4.299154769398851614e-04,4.318744715052520028e-04,4.338435295168945245e-04,4.358178006642433118e-04,4.377969568362291260e-04,4.397819499115506597e-04,4.417766306239740543e-04,4.437845675853320515e-04,4.458079425898317039e-04,4.478462313614152771e-04,4.498950260727690672e-04,4.519486748036713594e-04,4.540004820882555226e-04,4.560486234011192682e-04,4.580946741282232232e-04,4.601474953846775040e-04,4.622158507337462315e-04,4.643096561222292908e-04,4.664310805392771317e-04,4.685796543825143765e-04,4.707471255261713641e-04,4.729275979250025267e-04,4.751140231313047651e-04,4.773088922460076732e-04,4.795168600522884826e-04,4.817505646290928573e-04,4.840179294804194954e-04,4.863273074704488352e-04,4.886765843705135216e-04,4.910620599533087110e-04,4.934707758367843332e-04,4.958941454297380010e-04,4.983236331298663028e-04,5.007633618117262935e-04,5.032184773637646659e-04,5.056998996348342637e-04,5.082096871048956844e-04,5.107487514844076841e-04,5.133067360135333719e-04,5.158733476684715120e-04,5.184318326294523344e-04,5.209739488217412151e-04,5.234934127291303698e-04,5.259944776196931503e-04,5.284781517720838102e-04,5.309501997013000695e-04,5.334131269163502019e-04,5.358762191443496026e-04,5.383426184683367957e-04,5.408150775938534802e-04,5.432882142509015862e-04,5.457624302362655425e-04,5.482369915711045360e-04,5.507161112831779077e-04,5.531977405330550795e-04,5.556833089085074558e-04,5.581720868320361444e-04,5.606682302381672421e-04,5.631683632118602862e-04,5.656660192844079884e-04,5.681462107775954147e-04,5.705978477377521198e-04,5.730107223512498783e-04,5.753817411638611047e-04,5.777057059812272261e-04,5.799792642251336327e-04,5.821964116167971728e-04,5.843568691259472779e-04,5.864638044896512865e-04,5.885279814684543989e-04,5.905611806600233717e-04,5.925761731537187256e-04,5.945819273633526185e-04,5.965856332942925033e-04,5.985924214827358699e-04,6.006067109122648767e-04,6.026307184117472415e-04,6.046550204964855346e-04,6.066354778606707467e-04,6.084165613016815364e-04,6.095318819760163790e-04,6.086484891761099287e-04,6.022028967856685438e-04,5.814655758065418551e-04,5.281688024436827656e-04,4.157024063378718230e-04,2.247041329645341808e-04,4.323292085358520663e-05
0.000000000000000000e+00,0.000000000000000000e+00,0.000000000000000000e+00,0.000000000000000000e+00,0.000000000000000000e+00,0.000000000000000000e+00,0.000000000000000000e+00,0.000000000000000000e+00,0.000000000000000000e+00,0.000000000000000000e+00,0.000000000000000000e+00,0.000000000000000000e+00,0.000000000000000000e+00,0.000000000000000000e+00,0.000000000000000000e+00,0.000000000000000000e+00,0.000000000000000000e+00,0.000000000000000000e+00,0.000000000000000000e+00,0.000000000000000000e+00,0.000000000000000000e+00,0.000000000000000000e+00,0.000000000000000000e+00,0.000000000000000000e+00,0.000000000000000000e+00,0.000000000000000000e+00,0.000000000000000000e+00,0.000000000000000000e+00,0.000000000000000000e+00,0.000000000000000000e+00,0.000000000000000000e+00,0.000000000000000000e+00,0.000000000000000000e+00,0.000000000000000000e+00,0.000000000000000000e+00,0.000000000000000000e+00,0.000000000000000000e+00,0.000000000000000000e+00,0.000000000000000000e+00,0.000000000000000000e+00,0.000000000000000000e+00,0.000000000000000000e+00,0.000000000000000000e+00,0.000000000000000000e+00,0.000000000000000000e+00,0.000000000000000000e+00,0.000000000000000000e+00,0.000000000000000000e+00,0.000000000000000000e+00,0.000000000000000000e+00,0.000000000000000000e+00,0.000000000000000000e+00,0.000000000000000000e+00,0.000000000000000000e+00,0.000000000000000000e+00,0.000000000000000000e+00,0.000000000000000000e+00,0.000000000000000000e+00,0.000000000000000000e+00,0.000000000000000000e+00,0.000000000000000000e+00,0.000000000000000000e+00,0.000000000000000000e+00,0.000000000000000000e+00,0.000000000000000000e+00,0.000000000000000000e+00,0.000000000000000000e+00,0.000000000000000000e+00,0.000000000000000000e+00,0.000000000000000000e+00,0.000000000000000000e+00,0.000000000000000000e+00,0.000000000000000000e+00,0.000000000000000000e+00,0.000000000000000000e+00,0.000000000000000000e+00,0.000000000000000000e+00,0.000000000000000000e+00,0.000000000000000000e+00,0.000000000000000000e+00,0.000000000000000000e+00,0.000000000000000000e+00,0.000000000000000000e+00,0.000000000000000000e+00,0.000000000000000000e+00,0.000000000000000000e+00,0.000000000000000000e+00,0.000000000000000000e+00,0.000000000000000000e+00,0.000000000000000000e+00,0.000000000000000000e+00,0.000000000000000000e+00,0.000000000000000000e+00,0.000000000000000000e+00,0.000000000000000000e+00,0.000000000000000000e+00,0.000000000000000000e+00,0.000000000000000000e+00,0.000000000000000000e+00,0.000000000000000000e+00,0.000000000000000000e+00,0.000000000000000000e+00,0.000000000000000000e+00,0.000000000000000000e+00,0.000000000000000000e+00,0.000000000000000000e+00,0.000000000000000000e+00,0.000000000000000000e+00,0.000000000000000000e+00,0.000000000000000000e+00,0.000000000000000000e+00,0.000000000000000000e+00,0.000000000000000000e+00,0.000000000000000000e+00,0.000000000000000000e+00,0.000000000000000000e+00,0.000000000000000000e+00,0.000000000000000000e+00,0.000000000000000000e+00,0.000000000000000000e+00,0.000000000000000000e+00,0.000000000000000000e+00,0.000000000000000000e+00,0.000000000000000000e+00,0.000000000000000000e+00,0.000000000000000000e+00,0.000000000000000000e+00,0.000000000000000000e+00,0.000000000000000000e+00,0.000000000000000000e+00,0.000000000000000000e+00,0.000000000000000000e+00,0.000000000000000000e+00,0.000000000000000000e+00,0.000000000000000000e+00,0.000000000000000000e+00,0.000000000000000000e+00,0.000000000000000000e+00,0.000000000000000000e+00,0.000000000000000000e+00,0.000000000000000000e+00,0.000000000000000000e+00,0.000000000000000000e+00,0.000000000000000000e+00,0.000000000000000000e+00,0.000000000000000000e+00,0.000000000000000000e+00,0.000000000000000000e+00,0.000000000000000000e+00,0.000000000000000000e+00,0.000000000000000000e+00,0.000000000000000000e+00,0.000000000000000000e+00,0.000000000000000000e+00,0.000000000000000000e+00,0.000000000000000000e+00,0.000000000000000000e+00,0.000000000000000000e+00,0.000000000000000000e+00,0.000000000000000000e+00,0.000000000000000000e+00,0.000000000000000000e+00,0.000000000000000000e+00,0.000000000000000000e+00,0.000000000000000000e+00,0.000000000000000000e+00,0.000000000000000000e+00,0.000000000000000000e+00,0.000000000000000000e+00,2.032387332681337205e-04,4.134388322280481616e-04,3.826297371777714613e-04,3.729079228520592692e-04,3.072651319122478688e-04,2.779022503735813069e-04,2.549744052118899638e-04,2.602918807032811961e-04,2.759563490808857782e-04,2.988154288630413976e-04,3.166996848030147345e-04,3.271275683869769978e-04,3.287899982107155960e-04,3.249203562612704567e-04,3.184679798883865900e-04,3.123973457353216221e-04,3.081315794899796103e-04,3.061803393364798944e-04,3.061520172055111778e-04,3.073976274051592908e-04,3.092147776104853187e-04,3.111264101516644245e-04,3.128685964306746514e-04,3.144006162022557234e-04,3.157832964181174094e-04,3.171404021247669594e-04,3.185630561731789614e-04,3.201215640303924667e-04,3.218197529539064622e-04,3.236488368375462009e-04,3.255592275407787040e-04,3.275228547678817048e-04,3.294956088101009812e-04,3.314717242045595600e-04,3.334322733268098500e-04,3.353935100321195849e-04,3.373492372417044973e-04,3.393201722969553459e-04,3.412974896760646252e-04,3.432960354845141318e-04,3.453006951569672993e-04,3.473213215318520777e-04,3.493402913315093311e-04,3.513660995768376981e-04,3.533812642145682981e-04,3.553936326101661460e-04,3.573858148624091510e-04,3.593647924997391560e-04,3.613142351567729641e-04,3.632422463171124344e-04,3.651362891800392983e-04,3.670076002303784531e-04,3.688478368570063818e-04,3.706694949265611715e-04,3.724649853979654043e-04,3.742443349938798344e-04,3.759984734606525202e-04,3.777353437854378084e-04,3.794474681949113761e-04,3.811451553188641584e-04,3.828261672758666713e-04,3.845040161948906198e-04,3.861788439874618830e-04,3.878617988413917230e-04,3.895494616561879348e-04,3.912471508572112748e-04,3.929485105013822755e-04,3.946575373644193186e-04,3.963710111367597716e-04,3.980963816538630995e-04,3.998347404678819503e-04,4.015943019693496625e-04,4.033752164497125705e-04,4.051811624317130543e-04,4.070081605904414339e-04,4.088556737248400376e-04,4.107190949539865502e-04,4.125989351815123303e-04,4.144946472800084070e-04,4.164100561510128006e-04,4.183473794341639501e-04,4.203093820530694690e-04,4.222952140563024630e-04,4.243019938432899749e-04,4.263245015202574042e-04,4.283568752368140304e-04,4.303947931792147588e-04,4.324353043504820479e-04,4.344794245787659561e-04,4.365288440663112491e-04,4.385881096846382804e-04,4.406586594451230958e-04,4.427420148263751915e-04,4.448336028012312413e-04,4.469291895267414041e-04,4.490203477539592624e-04,4.511043611160706632e-04,4.531794117877719101e-04,4.552532928117897617e-04,4.573333683049576924e-04,4.594316587481263596e-04,4.615520701885791801e-04,4.636976905678619567e-04,4.658614034711829272e-04,4.680382509100611136e-04,4.702188013852676650e-04,4.724031839168401281e-04,4.745923248126399725e-04,4.767978005462935849e-04,4.790273284348792074e-04,4.812920032357469288e-04,4.835923267311789783e-04,4.859284886555028890e-04,4.882893623763949909e-04,4.906668057816531607e-04,4.930488752953742122e-04,4.954357821184350282e-04,4.978288672799482343e-04,5.002387246616674414e-04,5.026686142433824545e-04,5.051227092038139410e-04,5.075933961173984075e-04,5.100732766370013856e-04,5.125458733582595114e-04,5.150012744216694817e-04,5.174293369425040853e-04,5.198321629938186571e-04,5.222101070652679497e-04,5.245694465730660816e-04,5.269114334852250617e-04,5.292446508862546197e-04,5.315733437576149580e-04,5.339039414348397674e-04,5.362328912917674805e-04,5.385598275719137530e-04,5.408819481851246010e-04,5.432042010108177306e-04,5.455265079021718796e-04,5.478511471943607819e-04,5.501751905195731776e-04,5.525016250168528903e-04,5.548295399741429374e-04,5.571587150745746205e-04,5.594789156409071427e-04,5.617795809373933406e-04,5.640467920805772480e-04,5.662743219389152708e-04,5.684570285511503446e-04,5.705954718328579622e-04,5.726876851607590755e-04,5.747351309528996120e-04,5.767389543795259626e-04,5.787066580173543754e-04,5.806476673430900756e-04,5.825755924840787239e-04,5.845024755799288268e-04,5.864396680191916265e-04,5.883952623222413148e-04,5.903753843173737944e-04,5.923830763469557044e-04,5.944116006550658176e-04,5.964241560388032102e-04,5.982814995626369037e-04,5.995439899356368434e-04,5.989086305224968366e-04,5.928128866253363702e-04,5.724508388285820711e-04,5.195150581929400659e-04,4.077461678198300360e-04,2.193709953032357796e-04,4.196815113104386595e-05
0.000000000000000000e+00,0.000000000000000000e+00,0.000000000000000000e+00,0.000000000000000000e+00,0.000000000000000000e+00,0.000000000000000000e+00,0.000000000000000000e+00,0.000000000000000000e+00,0.000000000000000000e+00,0.000000000000000000e+00,0.000000000000000000e+00,0.000000000000000000e+00,0.000000000000000000e+00,0.000000000000000000e+00,0.000000000000000000e+00,0.000000000000000000e+00,0.000000000000000000e+00,0.000000000000000000e+00,0.000000000000000000e+00,0.000000000000000000e+00,0.000000000000000000e+00,0.000000000000000000e+00,0.000000000000000000e+00,0.000000000000000000e+00,0.000000000000000000e+00,0.000000000000000000e+00,0.000000000000000000e+00,0.000000000000000000e+00,0.000000000000000000e+00,0.000000000000000000e+00,0.000000000000000000e+00,0.000000000000000000e+00,0.000000000000000000e+00,0.000000000000000000e+00,0.000000000000000000e+00,0.000000000000000000e+00,0.000000000000000000e+00,0.000000000000000000e+00,0.000000000000000000e+00,0.000000000000000000e+00,0.000000000000000000e+00,0.000000000000000000e+00,0.000000000000000000e+00,0.000000000000000000e+00,0.000000000000000000e+00,0.000000000000000000e+00,0.000000000000000000e+00,0.000000000000000000e+00,0.000000000000000000e+00,0.000000000000000000e+00,0.000000000000000000e+00,0.000000000000000000e+00,0.000000000000000000e+00,0.000000000000000000e+00,0.000000000000000000e+00,0.000000000000000000e+00,0.000000000000000000e+00,0.000000000000000000e+00,0.000000000000000000e+00,0.000000000000000000e+00,0.000000000000000000e+00,0.000000000000000000e+00,0.000000000000000000e+00,0.000000000000000000e+00,0.000000000000000000e+00,0.000000000000000000e+00,0.000000000000000000e+00,0.000000000000000000e+00,0.000000000000000000e+00,0.000000000000000000e+00,0.000000000000000000e+00,0.000000000000000000e+00,0.000000000000000000e+00,0.000000000000000000e+00,0.000000000000000000e+00,0.000000000000000000e+00,0.000000000000000000e+00,0.000000000000000000e+00,0.000000000000000000e+00,0.000000000000000000e+00,0.000000000000000000e+00,0.000000000000000000e+00,0.000000000000000000e+00,0.000000000000000000e+00,0.000000000000000000e+00,0.000000000000000000e+00,0.000000000000000000e+00,0.000000000000000000e+00,0.000000000000000000e+00,0.000000000000000000e+00,0.000000000000000000e+00,0.000000000000000000e+00,0.000000000000000000e+00,0.000000000000000000e+00,0.000000000000000000e+00,0.000000000000000000e+00,0.000000000000000000e+00,0.000000000000000000e+00,0.000000000000000000e+00,0.000000000000000000e+00,0.000000000000000000e+00,0.000000000000000000e+00,0.000000000000000000e+00,0.000000000000000000e+00,0.000000000000000000e+00,0.000000000000000000e+00,0.000000000000000000e+00,0.000000000000000000e+00,0.000000000000000000e+00,0.000000000000000000e+00,0.000000000000000000e+00,0.000000000000000000e+00,0.000000000000000000e+00,0.000000000000000000e+00,0.000000000000000000e+00,0.000000000000000000e+00,0.000000000000000000e+00,0.000000000000000000e+00,0.000000000000000000e+00,0.000000000000000000e+00,0.000000000000000000e+00,0.000000000000000000e+00,0.000000000000000000e+00,0.000000000000000000e+00,0.000000000000000000e+00,0.000000000000000000e+00,0.000000000000000000e+00,0.000000000000000000e+00,0.000000000000000000e+00,0.000000000000000000e+00,0.000000000000000000e+00,0.000000000000000000e+00,0.000000000000000000e+00,0.000000000000000000e+00,0.000000000000000000e+00,0.000000000000000000e+00,0.000000000000000000e+00,0.000000000000000000e+00,0.000000000000000000e+00,0.000000000000000000e+00,0.000000000000000000e+00,0.000000000000000000e+00,0.000000000000000000e+00,0.000000000000000000e+00,0.000000000000000000e+00,0.000000000000000000e+00,0.000000000000000000e+00,0.000000000000000000e+00,0.000000000000000000e+00,0.000000000000000000e+00,0.000000000000000000e+00,0.000000000000000000e+00,0.000000000000000000e+00,0.000000000000000000e+00,0.000000000000000000e+00,0.000000000000000000e+00,0.000000000000000000e+00,0.000000000000000000e+00,0.000000000000000000e+00,0.000000000000000000e+00,0.000000000000000000e+00,0.000000000000000000e+00,0.000000000000000000e+00,0.000000000000000000e+00,0.000000000000000000e+00,0.000000000000000000e+00,0.000000000000000000e+00,0.000000000000000000e+00,0.000000000000000000e+00,2.380923869174520131e-04,3.235133983373681809e-04,3.942210526307222550e-04,3.636363696974019501e-04,3.449866472458010974e-04,3.006987533442378080e-04,2.817920318965799970e-04,2.724697611553396673e-04,2.814485297435392430e-04,2.935540721262788148e-04,3.059152494267472966e-04,3.120903453332623135e-04,3.130584628586457357e-04,3.096949491097643120e-04,3.049293278096079163e-04,3.004453490740517695e-04,2.975591374250464690e-04,2.964323885677286764e-04,2.968443644276072243e-04,2.982096280508073419e-04,3.000315765879907055e-04,3.019171693769573004e-04,3.036952270407229041e-04,3.053244036881265933e-04,3.068697130336913684e-04,3.084129366039031457e-04,3.100308853702244934e-04,3.117606969078338063e-04,3.136086158526277343e-04,3.155532281252422131e-04,3.175621299698090237e-04,3.196039273474060691e-04,3.216534646676291677e-04,3.236999069766188547e-04,3.257381085164144999e-04,3.277748612667056010e-04,3.298131003379517956e-04,3.318621437910583127e-04,3.339206073942103145e-04,3.359927181151495029e-04,3.380710618536072608e-04,3.401568033694613285e-04,3.422407191202252847e-04,3.443244288332042631e-04,3.463990765276687522e-04,3.484666639697341951e-04,3.505177756776170321e-04,3.525536205465842486e-04,3.545644707205216728e-04,3.565522816378719840e-04,3.585098611071816732e-04,3.604424254399698092e-04,3.623466053613353223e-04,3.642297934260472331e-04,3.660895385367052995e-04,3.679315827751366316e-04,3.697515998073576762e-04,3.715531347332543910e-04,3.733323170959197083e-04,3.750946385420623488e-04,3.768407946826630756e-04,3.785800191681264475e-04,3.803158552206806165e-04,3.820563755724552726e-04,3.838019652292166701e-04,3.855551956736189001e-04,3.873127655700477935e-04,3.890753532470136284e-04,3.908419524964498845e-04,3.926168117691419064e-04,3.944035516376764947e-04,3.962082584210151626e-04,3.980342687077116984e-04,3.998837190574928220e-04,4.017554161912658089e-04,4.036466298170863598e-04,4.055542834352360835e-04,4.074758950535176008e-04,4.094118853520354868e-04,4.113635538674961767e-04,4.133349536306369244e-04,4.153277927963920689e-04,4.173440653389713694e-04,4.193804036574145275e-04,4.214338856923172593e-04,4.234971757166443610e-04,4.255667851293748688e-04,4.276372222689109304e-04,4.297095669836545947e-04,4.317831188499147554e-04,4.338631730280412659e-04,4.359501398778963194e-04,4.380475081842202930e-04,4.401506029569949262e-04,4.422569878977043712e-04,4.443569632281038043e-04,4.464473564651582705e-04,4.485229508955756311e-04,4.505900212912261680e-04,4.526536509458992520e-04,4.547271306298845527e-04,4.568155717326942379e-04,4.589257105542266782e-04,4.610521475701128032e-04,4.631918480434149554e-04,4.653339570758127652e-04,4.674768576458570917e-04,4.696175995237790641e-04,4.717659342143709221e-04,4.739283442477196110e-04,4.761178982752330277e-04,4.783372807778157767e-04,4.805906346930858262e-04,4.828693747807775126e-04,4.851672619926277862e-04,4.874704391440012668e-04,4.897758126840799902e-04,4.920801948568287974e-04,4.943925007921535879e-04,4.967161103427604474e-04,4.990581181204179926e-04,5.014138980467962477e-04,5.037798269259478445e-04,5.061412850330362272e-04,5.084885165133236221e-04,5.108083472552282268e-04,5.131000415324419315e-04,5.153621534073887919e-04,5.176013940573875437e-04,5.198184037548899978e-04,5.220206729204396323e-04,5.242116779321309098e-04,5.264002665889843963e-04,5.285857363125087216e-04,5.307688229439471838e-04,5.329445124229682459e-04,5.351163298893495384e-04,5.372851288909701387e-04,5.394561698920952988e-04,5.416273783480675397e-04,5.438006758020868083e-04,5.459741078780879333e-04,5.481502960726714405e-04,5.503243112804120755e-04,5.524905779078563258e-04,5.546358041244285478e-04,5.567510666069354309e-04,5.588273744881729153e-04,5.608641857199142761e-04,5.628609628822559040e-04,5.648222185040557581e-04,5.667504268304907446e-04,5.686524924890922622e-04,5.705350970399974010e-04,5.724097599220818186e-04,5.742874739772004097e-04,5.761810382705354408e-04,5.781006143425568723e-04,5.800554949517805177e-04,5.820514948215865791e-04,5.840871251840170763e-04,5.861346312236360599e-04,5.880737210509554263e-04,5.894943085841480119e-04,5.891286487042802491e-04,5.834207758042719199e-04,5.634964211740662449e-04,5.110003372234838987e-04,3.999966939463810004e-04,2.142105043533185462e-04,4.073915332170980420e-05
0.000000000000000000e+00,0.000000000000000000e+00,0.000000000000000000e+00,0.000000000000000000e+00,0.000000000000000000e+00,0.000000000000000000e+00,0.000000000000000000e+00,0.000000000000000000e+00,0.000000000000000000e+00,0.000000000000000000e+00,0.000000000000000000e+00,0.000000000000000000e+00,0.000000000000000000e+00,0.000000000000000000e+00,0.000000000000000000e+00,0.000000000000000000e+00,0.000000000000000000e+00,0.000000000000000000e+00,0.000000000000000000e+00,0.000000000000000000e+00,0.000000000000000000e+00,0.000000000000000000e+00,0.000000000000000000e+00,0.000000000000000000e+00,0.000000000000000000e+00,0.000000000000000000e+00,0.000000000000000000e+00,0.000000000000000000e+00,0.000000000000000000e+00,0.000000000000000000e+00,0.000000000000000000e+00,0.000000000000000000e+00,0.000000000000000000e+00,0.000000000000000000e+00,0.000000000000000000e+00,0.000000000000000000e+00,0.000000000000000000e+00,0.000000000000000000e+00,0.000000000000000000e+00,0.000000000000000000e+00,0.000000000000000000e+00,0.000000000000000000e+00,0.000000000000000000e+00,0.000000000000000000e+00,0.000000000000000000e+00,0.000000000000000000e+00,0.000000000000000000e+00,0.000000000000000000e+00,0.000000000000000000e+00,0.000000000000000000e+00,0.000000000000000000e+00,0.000000000000000000e+00,0.000000000000000000e+00,0.000000000000000000e+00,0.000000000000000000e+00,0.000000000000000000e+00,0.000000000000000000e+00,0.000000000000000000e+00,0.000000000000000000e+00,0.000000000000000000e+00,0.000000000000000000e+00,0.000000000000000000e+00,0.000000000000000000e+00,0.000000000000000000e+00,0.000000000000000000e+00,0.000000000000000000e+00,0.000000000000000000e+00,0.000000000000000000e+00,0.000000000000000000e+00,0.000000000000000000e+00,0.000000000000000000e+00,0.000000000000000000e+00,0.000000000000000000e+00,0.000000000000000000e+00,0.000000000000000000e+00,0.000000000000000000e+00,0.000000000000000000e+00,0.000000000000000000e+00,0.000000000000000000e+00,0.000000000000000000e+00,0.000000000000000000e+00,0.000000000000000000e+00,0.000000000000000000e+00,0.000000000000000000e+00,0.000000000000000000e+00,0.000000000000000000e+00,0.000000000000000000e+00,0.000000000000000000e+00,0.000000000000000000e+00,0.000000000000000000e+00,0.000000000000000000e+00,0.000000000000000000e+00,0.000000000000000000e+00,0.000000000000000000e+00,0.000000000000000000e+00,0.000000000000000000e+00,0.000000000000000000e+00,0.000000000000000000e+00,0.000000000000000000e+00,0.000000000000000000e+00,0.000000000000000000e+00,0.000000000000000000e+00,0.000000000000000000e+00,0.000000000000000000e+00,0.000000000000000000e+00,0.000000000000000000e+00,0.000000000000000000e+00,0.000000000000000000e+00,0.000000000000000000e+00,0.000000000000000000e+00,0.000000000000000000e+00,0.000000000000000000e+00,0.000000000000000000e+00,0.000000000000000000e+00,0.000000000000000000e+00,0.000000000000000000e+00,0.000000000000000000e+00,0.000000000000000000e+00,0.000000000000000000e+00,0.000000000000000000e+00,0.000000000000000000e+00,0.000000000000000000e+00,0.000000000000000000e+00,0.000000000000000000e+00,0.000000000000000000e+00,0.000000000000000000e+00,0.000000000000000000e+00,0.000000000000000000e+00,0.000000000000000000e+00,0.000000000000000000e+00,0.000000000000000000e+00,0.000000000000000000e+00,0.000000000000000000e+00,0.000000000000000000e+00,0.000000000000000000e+00,0.000000000000000000e+00,0.000000000000000000e+00,0.000000000000000000e+00,0.000000000000000000e+00,0.000000000000000000e+00,0.000000000000000000e+00,0.000000000000000000e+00,0.000000000000000000e+00,0.000000000000000000e+00,0.000000000000000000e+00,0.000000000000000000e+00,0.000000000000000000e+00,0.000000000000000000e+00,0.000000000000000000e+00,0.000000000000000000e+00,0.000000000000000000e+00,0.000000000000000000e+00,0.000000000000000000e+00,0.000000000000000000e+00,0.000000000000000000e+00,0.000000000000000000e+00,0.000000000000000000e+00,0.000000000000000000e+00,0.000000000000000000e+00,0.000000000000000000e+00,0.000000000000000000e+00,0.000000000000000000e+00,0.000000000000000000e+00,0.000000000000000000e+00,0.000000000000000000e+00,0.000000000000000000e+00,0.000000000000000000e+00,0.000000000000000000e+00,0.000000000000000000e+00,2.134315708417609694e-04,3.628416747032606323e-04,3.890242743297930611e-04,3.897585347255099961e-04,3.503877137223509867e-04,3.262129104815920705e-04,2.965374460724764117e-04,2.868645673703017381e-04,2.845697444246912482e-04,2.913551425305436603e-04,2.969952510544321108e-04,3.007772303432566861e-04,3.004545465807279101e-04,2.980340867424267448e-04,2.945391451212862649e-04,2.916436717067238385e-04,2.898832456469300459e-04,2.895244047588499056e-04,2.902574580707752497e-04,2.917099899541722072e-04,2.934815465975829010e-04,2.953096490961931915e-04,2.970712363816380478e-04,2.987438075011603078e-04,3.003832233838861368e-04,3.020428322005103052e-04,3.037833878386859868e-04,3.056179661324643390e-04,3.075542487239164391e-04,3.095622344425966177e-04,3.116235366656948695e-04,3.137042090220713429e-04,3.157939951972260368e-04,3.178770891667133391e-04,3.199589508363149724e-04,3.220377833506488400e-04,3.241238811766158326e-04,3.262167925606736067e-04,3.283216669432469027e-04,3.304337964939206085e-04,3.325526902024704369e-04,3.346720284525598580e-04,3.367900145082790785e-04,3.389020786868822345e-04,3.410069495550641702e-04,3.431012323776120600e-04,3.451826368952380761e-04,3.472470489143298527e-04,3.492907694562611158e-04,3.513100564449121894e-04,3.533026400301965929e-04,3.552680582698319943e-04,3.572075428920816150e-04,3.591236322972303453e-04,3.610187551812575938e-04,3.628946550858215786e-04,3.647516763368401213e-04,3.665892948928103760e-04,3.684072285352446683e-04,3.702063346410042915e-04,3.719900712978072791e-04,3.737633410993402802e-04,3.755328206278650679e-04,3.773034348144191732e-04,3.790792613996731139e-04,3.808602171897082305e-04,3.826460973761809528e-04,3.844343467184254130e-04,3.862261112243501899e-04,3.880223360105737140e-04,3.898289956985237894e-04,3.916499388541651912e-04,3.934916662617827143e-04,3.953548876509668320e-04,3.972414117777242778e-04,3.991465585130947306e-04,4.010689804787500321e-04,4.030032555730798200e-04,4.049506819995337824e-04,4.069097774862794623e-04,4.088861398993261882e-04,4.108801530296047450e-04,4.128965829281806051e-04,4.149316730833486075e-04,4.169850992131357331e-04,4.190483796158989268e-04,4.211191968978518821e-04,4.231897034924099726e-04,4.252611126194501354e-04,4.273301881502401421e-04,4.294027539633416901e-04,4.314779024830474297e-04,4.335609350537065988e-04,4.356470645901411765e-04,4.377359494686107444e-04,4.398170959568561836e-04,4.418874398256762248e-04,4.439386161703449485e-04,4.459751709415237788e-04,4.479991468743199754e-04,4.500241725986168628e-04,4.520557759188192481e-04,4.541040978269557794e-04,4.561657610561926425e-04,4.582404918947241210e-04,4.603170423813674221e-04,4.623929603816094710e-04,4.644616930643941208e-04,4.665307123892664947e-04,4.686042886194249782e-04,4.706965419089823087e-04,4.728116879494919256e-04,4.749575877810763335e-04,4.771284797950419159e-04,4.793211231432002815e-04,4.815213261322318973e-04,4.837239148126061235e-04,4.859211585078005249e-04,4.881191998212672462e-04,4.903201799777285024e-04,4.925333033600977524e-04,4.947567483052791280e-04,4.969910994538043626e-04,4.992247327864871324e-04,5.014498580145092168e-04,5.036517828555631777e-04,5.058270690908470103e-04,5.079713301300795968e-04,5.100908760758267281e-04,5.121860945703838371e-04,5.142638446213810199e-04,5.163257480608267032e-04,5.183810518365057326e-04,5.204313223018795396e-04,5.224801457008649728e-04,5.245220665318608890e-04,5.265584285910030696e-04,5.285884283678653510e-04,5.306192160352373030e-04,5.326515970989138034e-04,5.346893011049630960e-04,5.367295041760970341e-04,5.387745253908566906e-04,5.408213707946954354e-04,5.428693123049055380e-04,5.449091966851468986e-04,5.469335790317998193e-04,5.489311167905340646e-04,5.508978674477877074e-04,5.528305938379467297e-04,5.547336258656594991e-04,5.566102874495899811e-04,5.584684376065739229e-04,5.603140408589259592e-04,5.621569744080941048e-04,5.640060264828878570e-04,5.658729615974318139e-04,5.677681348779487240e-04,5.697029827756104050e-04,5.716870539051854133e-04,5.737257144951233038e-04,5.758032478828896189e-04,5.778210672786414891e-04,5.794028471688565706e-04,5.793199027076434589e-04,5.740286094931535115e-04,5.545924637324305129e-04,5.026062687975781139e-04,3.924339997002226433e-04,2.092145007763999141e-04,3.955587090120274028e-05
0.000000000000000000e+00,0.000000000000000000e+00,0.000000000000000000e+00,0.000000000000000000e+00,0.000000000000000000e+00,0.000000000000000000e+00,0.000000000000000000e+00,0.000000000000000000e+00,0.000000000000000000e+00,0.000000000000000000e+00,0.000000000000000000e+00,0.000000000000000000e+00,0.000000000000000000e+00,0.000000000000000000e+00,0.000000000000000000e+00,0.000000000000000000e+00,0.000000000000000000e+00,0.000000000000000000e+00,0.000000000000000000e+00,0.000000000000000000e+00,0.000000000000000000e+00,0.000000000000000000e+00,0.000000000000000000e+00,0.000000000000000000e+00,0.000000000000000000e+00,0.000000000000000000e+00,0.000000000000000000e+00,0.000000000000000000e+00,0.000000000000000000e+00,0.000000000000000000e+00,0.000000000000000000e+00,0.000000000000000000e+00,0.000000000000000000e+00,0.000000000000000000e+00,0.000000000000000000e+00,0.000000000000000000e+00,0.000000000000000000e+00,0.000000000000000000e+00,0.000000000000000000e+00,0.000000000000000000e+00,0.000000000000000000e+00,0.000000000000000000e+00,0.000000000000000000e+00,0.000000000000000000e+00,0.000000000000000000e+00,0.000000000000000000e+00,0.000000000000000000e+00,0.000000000000000000e+00,0.000000000000000000e+00,0.000000000000000000e+00,0.000000000000000000e+00,0.000000000000000000e+00,0.000000000000000000e+00,0.000000000000000000e+00,0.000000000000000000e+00,0.000000000000000000e+00,0.000000000000000000e+00,0.000000000000000000e+00,0.000000000000000000e+00,0.000000000000000000e+00,0.000000000000000000e+00,0.000000000000000000e+00,0.000000000000000000e+00,0.000000000000000000e+00,0.000000000000000000e+00,0.000000000000000000e+00,0.000000000000000000e+00,0.000000000000000000e+00,0.000000000000000000e+00,0.000000000000000000e+00,0.000000000000000000e+00,0.000000000000000000e+00,0.000000000000000000e+00,0.000000000000000000e+00,0.000000000000000000e+00,0.000000000000000000e+00,0.000000000000000000e+00,0.000000000000000000e+00,0.000000000000000000e+00,0.000000000000000000e+00,0.000000000000000000e+00,0.000000000000000000e+00,0.000000000000000000e+00,0.000000000000000000e+00,0.000000000000000000e+00,0.000000000000000000e+00,0.000000000000000000e+00,0.000000000000000000e+00,0.000000000000000000e+00,0.000000000000000000e+00,0.000000000000000000e+00,0.000000000000000000e+00,0.000000000000000000e+00,0.000000000000000000e+00,0.000000000000000000e+00,0.000000000000000000e+00,0.000000000000000000e+00,0.000000000000000000e+00,0.000000000000000000e+00,0.000000000000000000e+00,0.000000000000000000e+00,0.000000000000000000e+00,0.000000000000000000e+00,0.000000000000000000e+00,0.000000000000000000e+00,0.000000000000000000e+00,0.000000000000000000e+00,0.000000000000000000e+00,0.000000000000000000e+00,0.000000000000000000e+00,0.000000000000000000e+00,0.000000000000000000e+00,0.000000000000000000e+00,0.000000000000000000e+00,0.000000000000000000e+00,0.000000000000000000e+00,0.000000000000000000e+00,0.000000000000000000e+00,0.000000000000000000e+00,0.000000000000000000e+00,0.000000000000000000e+00,0.000000000000000000e+00,0.000000000000000000e+00,0.000000000000000000e+00,0.000000000000000000e+00,0.000000000000000000e+00,0.000000000000000000e+00,0.000000000000000000e+00,0.000000000000000000e+00,0.000000000000000000e+00,0.000000000000000000e+00,0.000000000000000000e+00,0.000000000000000000e+00,0.000000000000000000e+00,0.000000000000000000e+00,0.000000000000000000e+00,0.000000000000000000e+00,0.000000000000000000e+00,0.000000000000000000e+00,0.000000000000000000e+00,0.000000000000000000e+00,0.000000000000000000e+00,0.000000000000000000e+00,0.000000000000000000e+00,0.000000000000000000e+00,0.000000000000000000e+00,0.000000000000000000e+00,0.000000000000000000e+00,0.000000000000000000e+00,0.000000000000000000e+00,0.000000000000000000e+00,0.000000000000000000e+00,0.000000000000000000e+00,0.000000000000000000e+00,0.000000000000000000e+00,0.000000000000000000e+00,0.000000000000000000e+00,0.000000000000000000e+00,0.000000000000000000e+00,0.000000000000000000e+00,0.000000000000000000e+00,0.000000000000000000e+00,0.000000000000000000e+00,0.000000000000000000e+00,0.000000000000000000e+00,0.000000000000000000e+00,0.000000000000000000e+00,0.000000000000000000e+00,0.000000000000000000e+00,2.443140485204297317e-04,3.608873077364972031e-04,4.007354971040479660e-04,3.777348493140736179e-04,3.578018646753699725e-04,3.255844839448421724e-04,3.074803841407170151e-04,2.914246484710482691e-04,2.883472929580845447e-04,2.882462340514982662e-04,2.911940454398242030e-04,2.919911654617657251e-04,2.916103806062711446e-04,2.896022277425629502e-04,2.875383589250586711e-04,2.858172095032912390e-04,2.851080928936922587e-04,2.852979453013432276e-04,2.862999144858808511e-04,2.877516524101804483e-04,2.894450162313687790e-04,2.911649691443166706e-04,2.928677785243796066e-04,2.945234408563475069e-04,2.961930573008657547e-04,2.978988184794004114e-04,2.996927700574053229e-04,3.015668800759793971e-04,3.035317089009333482e-04,3.055505712692440138e-04,3.076165992100249997e-04,3.096938302266350981e-04,3.117832683788809064e-04,3.138647311122399921e-04,3.159513711722111554e-04,3.180341907029036346e-04,3.201290636661673875e-04,3.222276915873361898e-04,3.243406307770854051e-04,3.264560634862501988e-04,3.285793693259326425e-04,3.306980631913065006e-04,3.328165746847213530e-04,3.349249755161186294e-04,3.370283718160842277e-04,3.391185867483695782e-04,3.411994793144713977e-04,3.432622278816340215e-04,3.453084823312817481e-04,3.473294074313857836e-04,3.493271284082915119e-04,3.512959661116982408e-04,3.532412499217790335e-04,3.551609786372447362e-04,3.570620416977324566e-04,3.589425037058663575e-04,3.608071585822659067e-04,3.626518001418684196e-04,3.644796300361767311e-04,3.662871634042345046e-04,3.680804161278379300e-04,3.698600254400378931e-04,3.716354942819540051e-04,3.734086120126927353e-04,3.751869826059559205e-04,3.769680347658345117e-04,3.787546642015447024e-04,3.805412452965264460e-04,3.823309683885870456e-04,3.841214010091492442e-04,3.859205894987545438e-04,3.877299986656541474e-04,3.895591460401146683e-04,3.914074202277670008e-04,3.932798087008215998e-04,3.951700216029700903e-04,3.970787097087057939e-04,3.989977245850066887e-04,4.009292325103800455e-04,4.028688091607437452e-04,4.048232723648671609e-04,4.067913627136498481e-04,4.087803936328771341e-04,4.107862102377606928e-04,4.128112698977042449e-04,4.148462599814263258e-04,4.168903737813806857e-04,4.189336766298839805e-04,4.209776543985955925e-04,4.230164910519824050e-04,4.250563551198872090e-04,4.270947477276696986e-04,4.291385659416487659e-04,4.311828253121165059e-04,4.332294644101092546e-04,4.352676346454306417e-04,4.372950044826146173e-04,4.393005366578876152e-04,4.412871157792712124e-04,4.432532091654806778e-04,4.452118682059562284e-04,4.471680674967413896e-04,4.491347819156377738e-04,4.511106327630962694e-04,4.530986913858365260e-04,4.550882783177356969e-04,4.570771840160869968e-04,4.590559191587804890e-04,4.610296274860338430e-04,4.629995888338673160e-04,4.649799815660080201e-04,4.669757114586126252e-04,4.689978795305418989e-04,4.710434651203625634e-04,4.731128596343593348e-04,4.751929016501041207e-04,4.772779067435655581e-04,4.793563373576312605e-04,4.814310506077338161e-04,4.835016151745574037e-04,4.855781320291402436e-04,4.876609169174844880e-04,4.897547131277581395e-04,4.918514820888945926e-04,4.939468382673220829e-04,4.960263783984922249e-04,4.980850010078971069e-04,5.001148425604240617e-04,5.021205735504874826e-04,5.041019258158062517e-04,5.060657938926519089e-04,5.080120185018267669e-04,5.099486641648054864e-04,5.118776558689794526e-04,5.138055707900259124e-04,5.157287189101634074e-04,5.176478678153216507e-04,5.195593094604368262e-04,5.214691822561380152e-04,5.233798050584006177e-04,5.252983821049794907e-04,5.272238543821489631e-04,5.291587475980097073e-04,5.310995293170189726e-04,5.330472359180692945e-04,5.349960745687847800e-04,5.369425014102823229e-04,5.388764432547741212e-04,5.407927159706975599e-04,5.426845731625856272e-04,5.445533457208427165e-04,5.464002066486198196e-04,5.482326092158041654e-04,5.500560593288930829e-04,5.518800605261852277e-04,5.537118979000065421e-04,5.555622392924143386e-04,5.574404411530071123e-04,5.593590924222685643e-04,5.613306763846403211e-04,5.633681437186626936e-04,5.654691399090721509e-04,5.675598428690521464e-04,5.693008036097757431e-04,5.695069085265217065e-04,5.646507743568684318e-04,5.457412522557175943e-04,4.943236029884493909e-04,3.850462453253767660e-04,2.043808337099845311e-04,3.843582080813642544e-05
0.000000000000000000e+00,0.000000000000000000e+00,0.000000000000000000e+00,0.000000000000000000e+00,0.000000000000000000e+00,0.000000000000000000e+00,0.000000000000000000e+00,0.000000000000000000e+00,0.000000000000000000e+00,0.000000000000000000e+00,0.000000000000000000e+00,0.000000000000000000e+00,0.000000000000000000e+00,0.000000000000000000e+00,0.000000000000000000e+00,0.000000000000000000e+00,0.000000000000000000e+00,0.000000000000000000e+00,0.000000000000000000e+00,0.000000000000000000e+00,0.000000000000000000e+00,0.000000000000000000e+00,0.000000000000000000e+00,0.000000000000000000e+00,0.000000000000000000e+00,0.000000000000000000e+00,0.000000000000000000e+00,0.000000000000000000e+00,0.000000000000000000e+00,0.000000000000000000e+00,0.000000000000000000e+00,0.000000000000000000e+00,0.000000000000000000e+00,0.000000000000000000e+00,0.000000000000000000e+00,0.000000000000000000e+00,0.000000000000000000e+00,0.000000000000000000e+00,0.000000000000000000e+00,0.000000000000000000e+00,0.000000000000000000e+00,0.000000000000000000e+00,0.000000000000000000e+00,0.000000000000000000e+00,0.000000000000000000e+00,0.000000000000000000e+00,0.000000000000000000e+00,0.000000000000000000e+00,0.000000000000000000e+00,0.000000000000000000e+00,0.000000000000000000e+00,0.000000000000000000e+00,0.000000000000000000e+00,0.000000000000000000e+00,0.000000000000000000e+00,0.000000000000000000e+00,0.000000000000000000e+00,0.000000000000000000e+00,0.000000000000000000e+00,0.000000000000000000e+00,0.000000000000000000e+00,0.000000000000000000e+00,0.000000000000000000e+00,0.000000000000000000e+00,0.000000000000000000e+00,0.000000000000000000e+00,0.000000000000000000e+00,0.000000000000000000e+00,0.000000000000000000e+00,0.000000000000000000e+00,0.000000000000000000e+00,0.000000000000000000e+00,0.000000000000000000e+00,0.000000000000000000e+00,0.000000000000000000e+00,0.000000000000000000e+00,0.000000000000000000e+00,0.000000000000000000e+00,0.000000000000000000e+00,0.000000000000000000e+00,0.000000000000000000e+00,0.000000000000000000e+00,0.000000000000000000e+00,0.000000000000000000e+00,0.000000000000000000e+00,0.000000000000000000e+00,0.000000000000000000e+00,0.000000000000000000e+00,0.000000000000000000e+00,0.000000000000000000e+00,0.000000000000000000e+00,0.000000000000000000e+00,0.000000000000000000e+00,0.000000000000000000e+00,0.000000000000000000e+00,0.000000000000000000e+00,0.000000000000000000e+00,0.000000000000000000e+00,0.000000000000000000e+00,0.000000000000000000e+00,0.000000000000000000e+00,0.000000000000000000e+00,0.000000000000000000e+00,0.000000000000000000e+00,0.000000000000000000e+00,0.000000000000000000e+00,0.000000000000000000e+00,0.000000000000000000e+00,0.000000000000000000e+00,0.000000000000000000e+00,0.000000000000000000e+00,0.000000000000000000e+00,0.000000000000000000e+00,0.000000000000000000e+00,0.000000000000000000e+00,0.000000000000000000e+00,0.000000000000000000e+00,0.000000000000000000e+00,0.000000000000000000e+00,0.000000000000000000e+00,0.000000000000000000e+00,0.000000000000000000e+00,0.000000000000000000e+00,0.000000000000000000e+00,0.000000000000000000e+00,0.000000000000000000e+00,0.000000000000000000e+00,0.000000000000000000e+00,0.000000000000000000e+00,0.000000000000000000e+00,0.000000000000000000e+00,0.000000000000000000e+00,0.000000000000000000e+00,0.000000000000000000e+00,0.000000000000000000e+00,0.000000000000000000e+00,0.000000000000000000e+00,0.000000000000000000e+00,0.000000000000000000e+00,0.000000000000000000e+00,0.000000000000000000e+00,0.000000000000000000e+00,0.000000000000000000e+00,0.000000000000000000e+00,0.000000000000000000e+00,0.000000000000000000e+00,0.000000000000000000e+00,0.000000000000000000e+00,0.000000000000000000e+00,0.000000000000000000e+00,0.000000000000000000e+00,0.000000000000000000e+00,0.000000000000000000e+00,0.000000000000000000e+00,0.000000000000000000e+00,0.000000000000000000e+00,0.000000000000000000e+00,0.000000000000000000e+00,0.000000000000000000e+00,0.000000000000000000e+00,0.000000000000000000e+00,0.000000000000000000e+00,0.000000000000000000e+00,0.000000000000000000e+00,0.000000000000000000e+00,0.000000000000000000e+00,0.000000000000000000e+00,0.000000000000000000e+00,0.000000000000000000e+00,2.300589151386334098e-04,3.594149995294407805e-04,3.859152276855705053e-04,3.715410127818436978e-04,3.395589948167075309e-04,3.209468343401147513e-04,3.014636318495015092e-04,2.929721334149985174e-04,2.867740545475211790e-04,2.865835398290438019e-04,2.862503364807734659e-04,2.865485255960649024e-04,2.855752864240724913e-04,2.845400438927558678e-04,2.833641540142877932e-04,2.827911870087872095e-04,2.827922687080101872e-04,2.834672946660543895e-04,2.845999804004231346e-04,2.860350031738477083e-04,2.876011605787878560e-04,2.891978305814915402e-04,2.907988661419851637e-04,2.923972055779073035e-04,2.940396864156469324e-04,2.957353023650657517e-04,2.975220665433625511e-04,2.993806824985526514e-04,3.013213234729368150e-04,3.033047677956437495e-04,3.053318241495551815e-04,3.073660206203326960e-04,3.094160095626603628e-04,3.114583769546221646e-04,3.135113907527968058e-04,3.155604637688695473e-04,3.176254699634624965e-04,3.196921666479405114e-04,3.217754292514762708e-04,3.238580551904175048e-04,3.259502340104452798e-04,3.280345785254422299e-04,3.301205558639898644e-04,3.321937212213754232e-04,3.342643749401573959e-04,3.363202168562701155e-04,3.383702892211348356e-04,3.404017309364904746e-04,3.424208535495320161e-04,3.444143891876567378e-04,3.463883088649419143e-04,3.483322247018783859e-04,3.502550083112834106e-04,3.521504504087300826e-04,3.540293923359548022e-04,3.558865334015519593e-04,3.577308009784577734e-04,3.595547094323124767e-04,3.613647865907299202e-04,3.631535618848801602e-04,3.649293909791518340e-04,3.666887908439528214e-04,3.684437629420392259e-04,3.701930300870770333e-04,3.719475244142745056e-04,3.737024197987261708e-04,3.754637216471354202e-04,3.772229980639895015e-04,3.789853910982541284e-04,3.807450736286588757e-04,3.825118118053340397e-04,3.842844909096563319e-04,3.860753492105005154e-04,3.878824835063215525e-04,3.897141373357538695e-04,3.915627790863011990e-04,3.934313647092024758e-04,3.953093808068209106e-04,3.971999646665592965e-04,3.990957332410678248e-04,4.010044337970681974e-04,4.029228464549361476e-04,4.048604898380746124e-04,4.068126909117636132e-04,4.087847320160252506e-04,4.107667293161628721e-04,4.127596899537134753e-04,4.147519124008102191e-04,4.167453507627089668e-04,4.187316686654522042e-04,4.207172516576925458e-04,4.226977781849029997e-04,4.246814849927776502e-04,4.266630401573785931e-04,4.286467237313501067e-04,4.306216829237664834e-04,4.325869259494589210e-04,4.345293778537104648e-04,4.364506019283828533e-04,4.383452560138116367e-04,4.402250401954700882e-04,4.420933378551818844e-04,4.439651123206319575e-04,4.458406170462252322e-04,4.477265255146037457e-04,4.496134957598178208e-04,4.515006524376175738e-04,4.533765274791679467e-04,4.552443244047564151e-04,4.571018986771125032e-04,4.589625519626257667e-04,4.608308948024355070e-04,4.627205755536732039e-04,4.646309477509734062e-04,4.665662256404119182e-04,4.685152277404815526e-04,4.704733287457302975e-04,4.724264958903210678e-04,4.743745484597411194e-04,4.763135398803841777e-04,4.782530888717899625e-04,4.801945289377435705e-04,4.821462114163965165e-04,4.841037046899208875e-04,4.860668749393040090e-04,4.880232482259672057e-04,4.899677308529769943e-04,4.918894210239157291e-04,4.937903736140154039e-04,4.956685421137733581e-04,4.975309452438730169e-04,4.993764061751629997e-04,5.012115109793943181e-04,5.030366430924767315e-04,5.048597468838021728e-04,5.066795724637103383e-04,5.084987774215787414e-04,5.103121575972133445e-04,5.121233310941339508e-04,5.139329791406361224e-04,5.157500349664612994e-04,5.175762994915882736e-04,5.194168916717821754e-04,5.212687044081447396e-04,5.231330049115113633e-04,5.250048262119866608e-04,5.268833508022283205e-04,5.287611071259727940e-04,5.306344559505357791e-04,5.324954537277511342e-04,5.343427437820973689e-04,5.361738866108760023e-04,5.379937010924804681e-04,5.398057663763761779e-04,5.416187810192608790e-04,5.434391986835403763e-04,5.452772121837067389e-04,5.471416847528010226e-04,5.490459690130409902e-04,5.510052405831197516e-04,5.530395204038942008e-04,5.551605836314716736e-04,5.573204118268606285e-04,5.592192310106730612e-04,5.597177827507894728e-04,5.553089043304036557e-04,5.369524822957697733e-04,4.861496244288045178e-04,3.778209574522874408e-04,1.996967488060807201e-04,3.736860479950574994e-05
0.000000000000000000e+00,0.000000000000000000e+00,0.000000000000000000e+00,0.000000000000000000e+00,0.000000000000000000e+00,0.000000000000000000e+00,0.000000000000000000e+00,0.000000000000000000e+00,0.000000000000000000e+00,0.000000000000000000e+00,0.000000000000000000e+00,0.000000000000000000e+00,0.000000000000000000e+00,0.000000000000000000e+00,0.000000000000000000e+00,0.000000000000000000e+00,0.000000000000000000e+00,0.000000000000000000e+00,0.000000000000000000e+00,0.000000000000000000e+00,0.000000000000000000e+00,0.000000000000000000e+00,0.000000000000000000e+00,0.000000000000000000e+00,0.000000000000000000e+00,0.000000000000000000e+00,0.000000000000000000e+00,0.000000000000000000e+00,0.000000000000000000e+00,0.000000000000000000e+00,0.000000000000000000e+00,0.000000000000000000e+00,0.000000000000000000e+00,0.000000000000000000e+00,0.000000000000000000e+00,0.000000000000000000e+00,0.000000000000000000e+00,0.000000000000000000e+00,0.000000000000000000e+00,0.000000000000000000e+00,0.000000000000000000e+00,0.000000000000000000e+00,0.000000000000000000e+00,0.000000000000000000e+00,0.000000000000000000e+00,0.000000000000000000e+00,0.000000000000000000e+00,0.000000000000000000e+00,0.000000000000000000e+00,0.000000000000000000e+00,0.000000000000000000e+00,0.000000000000000000e+00,0.000000000000000000e+00,0.000000000000000000e+00,0.000000000000000000e+00,0.000000000000000000e+00,0.000000000000000000e+00,0.000000000000000000e+00,0.000000000000000000e+00,0.000000000000000000e+00,0.000000000000000000e+00,0.000000000000000000e+00,0.000000000000000000e+00,0.000000000000000000e+00,0.000000000000000000e+00,0.000000000000000000e+00,0.000000000000000000e+00,0.000000000000000000e+00,0.000000000000000000e+00,0.000000000000000000e+00,0.000000000000000000e+00,0.000000000000000000e+00,0.000000000000000000e+00,0.000000000000000000e+00,0.000000000000000000e+00,0.000000000000000000e+00,0.000000000000000000e+00,0.000000000000000000e+00,0.000000000000000000e+00,0.000000000000000000e+00,0.000000000000000000e+00,0.000000000000000000e+00,0.000000000000000000e+00,0.000000000000000000e+00,0.000000000000000000e+00,0.000000000000000000e+00,0.000000000000000000e+00,0.000000000000000000e+00,0.000000000000000000e+00,0.000000000000000000e+00,0.000000000000000000e+00,0.000000000000000000e+00,0.000000000000000000e+00,0.000000000000000000e+00,0.000000000000000000e+00,0.000000000000000000e+00,0.000000000000000000e+00,0.000000000000000000e+00,0.000000000000000000e+00,0.000000000000000000e+00,0.000000000000000000e+00,0.000000000000000000e+00,0.000000000000000000e+00,0.000000000000000000e+00,0.000000000000000000e+00,0.000000000000000000e+00,0.000000000000000000e+00,0.000000000000000000e+00,0.000000000000000000e+00,0.000000000000000000e+00,0.000000000000000000e+00,0.000000000000000000e+00,0.000000000000000000e+00,0.000000000000000000e+00,0.000000000000000000e+00,0.000000000000000000e+00,0.000000000000000000e+00,0.000000000000000000e+00,0.000000000000000000e+00,0.000000000000000000e+00,0.000000000000000000e+00,0.000000000000000000e+00,0.000000000000000000e+00,0.000000000000000000e+00,0.000000000000000000e+00,0.000000000000000000e+00,0.000000000000000000e+00,0.000000000000000000e+00,0.000000000000000000e+00,0.000000000000000000e+00,0.000000000000000000e+00,0.000000000000000000e+00,0.000000000000000000e+00,0.000000000000000000e+00,0.000000000000000000e+00,0.000000000000000000e+00,0.000000000000000000e+00,0.000000000000000000e+00,0.000000000000000000e+00,0.000000000000000000e+00,0.000000000000000000e+00,0.000000000000000000e+00,0.000000000000000000e+00,0.000000000000000000e+00,0.000000000000000000e+00,0.000000000000000000e+00,0.000000000000000000e+00,0.000000000000000000e+00,0.000000000000000000e+00,0.000000000000000000e+00,0.000000000000000000e+00,0.000000000000000000e+00,0.000000000000000000e+00,0.000000000000000000e+00,0.000000000000000000e+00,0.000000000000000000e+00,0.000000000000000000e+00,0.000000000000000000e+00,0.000000000000000000e+00,0.000000000000000000e+00,0.000000000000000000e+00,0.000000000000000000e+00,0.000000000000000000e+00,0.000000000000000000e+00,0.000000000000000000e+00,0.000000000000000000e+00,0.000000000000000000e+00,0.000000000000000000e+00,0.000000000000000000e+00,2.446660449092869470e-04,3.579009063224432817e-04,3.795583480948145835e-04,3.506365851507383920e-04,3.229415324323788765e-04,3.005021342795107593e-04,2.919011021500724271e-04,2.851004723130403404e-04,2.842291421971447846e-04,2.830677147247289099e-04,2.834685112168123622e-04,2.828365032659878168e-04,2.825101722231778073e-04,2.818695623651348956e-04,2.817200023087941129e-04,2.818398568054215165e-04,2.824895247906900422e-04,2.834419944362694403e-04,2.846950313336776882e-04,2.860600086547611886e-04,2.875139513164249780e-04,2.889705479945409053e-04,2.904627025703357965e-04,2.919734174667433621e-04,2.935555763982809156e-04,2.951984440390458095e-04,2.969356899441336875e-04,2.987367540808375074e-04,3.006139287384678349e-04,3.025257061594309460e-04,3.044793657521103710e-04,3.064380573075778684e-04,3.084159920457052754e-04,3.103872039983465573e-04,3.123734131657025640e-04,3.143557609917668836e-04,3.163570258029387993e-04,3.183586077928026630e-04,3.203788625781057455e-04,3.223966452694534512e-04,3.244260778744632260e-04,3.264459491406458214e-04,3.284697591959637067e-04,3.304792907509715352e-04,3.324890244970769414e-04,3.344831382497211354e-04,3.364750189314025404e-04,3.384483908524955334e-04,3.404136274831515065e-04,3.423536616160015615e-04,3.442778202418926201e-04,3.461714974843717210e-04,3.480465744896568767e-04,3.498929342909845065e-04,3.517248377881208149e-04,3.535338877527257739e-04,3.553327865037602643e-04,3.571111506768861327e-04,3.588786614315863971e-04,3.606242477365359652e-04,3.623583997605478685e-04,3.640737023941660730e-04,3.657843193897283894e-04,3.674859915111019777e-04,3.691927502477133048e-04,3.708977795953512973e-04,3.726102248703463547e-04,3.743192168347792633e-04,3.760318293980270698e-04,3.777389254035247728e-04,3.794516386571351483e-04,3.811660569570159834e-04,3.828967113590707981e-04,3.846403207613209910e-04,3.864083115569481321e-04,3.881922248054969033e-04,3.899976047894245955e-04,3.918120299489940314e-04,3.936398177974805490e-04,3.954707737025762158e-04,3.973133774828261342e-04,3.991621959583006906e-04,4.010285537699460195e-04,4.029070560945650112e-04,4.048057142189216326e-04,4.067142504691056027e-04,4.086357193154347648e-04,4.105569859631416608e-04,4.124806982107864502e-04,4.143961501796122166e-04,4.163098824907794692e-04,4.182155820864955878e-04,4.201225555015750102e-04,4.220249278274841240e-04,4.239292615343989278e-04,4.258249317343826756e-04,4.277128046570397436e-04,4.295784736452596363e-04,4.314227429357820579e-04,4.332365602750976757e-04,4.350297509830066008e-04,4.368031356108965208e-04,4.385726410089888644e-04,4.403394729821797217e-04,4.421138019911082353e-04,4.438881080142594048e-04,4.456638066247904585e-04,4.474285492224606823e-04,4.491843697530731446e-04,4.509257090712343150e-04,4.526642769708302512e-04,4.544033532952061662e-04,4.561582458306998370e-04,4.579300860191684607e-04,4.597267398151883141e-04,4.615394797162436307e-04,4.633660097491950985e-04,4.651913604851742618e-04,4.670132746623571036e-04,4.688240295683840462e-04,4.706315725371320712e-04,4.724368608539250515e-04,4.742508373945422250e-04,4.760721623717805904e-04,4.779051394061153805e-04,4.797403246507953804e-04,4.815744267927405471e-04,4.833948630010670932e-04,4.852009858984886377e-04,4.869877304660683612e-04,4.887614221314523976e-04,4.905203378761088589e-04,4.922703726353900482e-04,4.940097427229532415e-04,4.957457472260025540e-04,4.974781859064469035e-04,4.992126056464288048e-04,5.009448113296384756e-04,5.026772303747272007e-04,5.044073582490405782e-04,5.061426540512001422e-04,5.078856138476142527e-04,5.096443953900276456e-04,5.114183322959431777e-04,5.132103270306307124e-04,5.150156945706622306e-04,5.168346125945770400e-04,5.186609497998199547e-04,5.204930961009654206e-04,5.223237600111840795e-04,5.241509773012858250e-04,5.259696350209352956e-04,5.277815737079330017e-04,5.295871261810508341e-04,5.313930514570676779e-04,5.332042909053469164e-04,5.350308157750810912e-04,5.368813712936597836e-04,5.387707400911145254e-04,5.407168309953633463e-04,5.427470504093597371e-04,5.448871950045529539e-04,5.471160368245042184e-04,5.491742005670941125e-04,5.499700686810010935e-04,5.460176620077381113e-04,5.282337066084731450e-04,4.780804082404766647e-04,3.707442548160982346e-04,1.951419936108851865e-04,3.633378764862249153e-05
0.000000000000000000e+00,0.000000000000000000e+00,0.000000000000000000e+00,0.000000000000000000e+00,0.000000000000000000e+00,0.000000000000000000e+00,0.000000000000000000e+00,0.000000000000000000e+00,0.000000000000000000e+00,0.000000000000000000e+00,0.000000000000000000e+00,0.000000000000000000e+00,0.000000000000000000e+00,0.000000000000000000e+00,0.000000000000000000e+00,0.000000000000000000e+00,0.000000000000000000e+00,0.000000000000000000e+00,0.000000000000000000e+00,0.000000000000000000e+00,0.000000000000000000e+00,0.000000000000000000e+00,0.000000000000000000e+00,0.000000000000000000e+00,0.000000000000000000e+00,0.000000000000000000e+00,0.000000000000000000e+00,0.000000000000000000e+00,0.000000000000000000e+00,0.000000000000000000e+00,0.000000000000000000e+00,0.000000000000000000e+00,0.000000000000000000e+00,0.000000000000000000e+00,0.000000000000000000e+00,0.000000000000000000e+00,0.000000000000000000e+00,0.000000000000000000e+00,0.000000000000000000e+00,0.000000000000000000e+00,0.000000000000000000e+00,0.000000000000000000e+00,0.000000000000000000e+00,0.000000000000000000e+00,0.000000000000000000e+00,0.000000000000000000e+00,0.000000000000000000e+00,0.000000000000000000e+00,0.000000000000000000e+00,0.000000000000000000e+00,0.000000000000000000e+00,0.000000000000000000e+00,0.000000000000000000e+00,0.000000000000000000e+00,0.000000000000000000e+00,0.000000000000000000e+00,0.000000000000000000e+00,0.000000000000000000e+00,0.000000000000000000e+00,0.000000000000000000e+00,0.000000000000000000e+00,0.000000000000000000e+00,0.000000000000000000e+00,0.000000000000000000e+00,0.000000000000000000e+00,0.000000000000000000e+00,0.000000000000000000e+00,0.000000000000000000e+00,0.000000000000000000e+00,0.000000000000000000e+00,0.000000000000000000e+00,0.000000000000000000e+00,0.000000000000000000e+00,0.000000000000000000e+00,0.000000000000000000e+00,0.000000000000000000e+00,0.000000000000000000e+00,0.000000000000000000e+00,0.000000000000000000e+00,0.000000000000000000e+00,0.000000000000000000e+00,0.000000000000000000e+00,0.000000000000000000e+00,0.000000000000000000e+00,0.000000000000000000e+00,0.000000000000000000e+00,0.000000000000000000e+00,0.000000000000000000e+00,0.000000000000000000e+00,0.000000000000000000e+00,0.000000000000000000e+00,0.000000000000000000e+00,0.000000000000000000e+00,0.000000000000000000e+00,0.000000000000000000e+00,0.000000000000000000e+00,0.000000000000000000e+00,0.000000000000000000e+00,0.000000000000000000e+00,0.000000000000000000e+00,0.000000000000000000e+00,0.000000000000000000e+00,0.000000000000000000e+00,0.000000000000000000e+00,0.000000000000000000e+00,0.000000000000000000e+00,0.000000000000000000e+00,0.000000000000000000e+00,0.000000000000000000e+00,0.000000000000000000e+00,0.000000000000000000e+00,0.000000000000000000e+00,0.000000000000000000e+00,0.000000000000000000e+00,0.000000000000000000e+00,0.000000000000000000e+00,0.000000000000000000e+00,0.000000000000000000e+00,0.000000000000000000e+00,0.000000000000000000e+00,0.000000000000000000e+00,0.000000000000000000e+00,0.000000000000000000e+00,0.000000000000000000e+00,0.000000000000000000e+00,0.000000000000000000e+00,0.000000000000000000e+00,0.000000000000000000e+00,0.000000000000000000e+00,0.000000000000000000e+00,0.000000000000000000e+00,0.000000000000000000e+00,0.000000000000000000e+00,0.000000000000000000e+00,0.000000000000000000e+00,0.000000000000000000e+00,0.000000000000000000e+00,0.000000000000000000e+00,0.000000000000000000e+00,0.000000000000000000e+00,0.000000000000000000e+00,0.000000000000000000e+00,0.000000000000000000e+00,0.000000000000000000e+00,0.000000000000000000e+00,0.000000000000000000e+00,0.000000000000000000e+00,0.000000000000000000e+00,0.000000000000000000e+00,0.000000000000000000e+00,0.000000000000000000e+00,0.000000000000000000e+00,0.000000000000000000e+00,0.000000000000000000e+00,0.000000000000000000e+00,0.000000000000000000e+00,0.000000000000000000e+00,0.000000000000000000e+00,0.000000000000000000e+00,0.000000000000000000e+00,0.000000000000000000e+00,0.000000000000000000e+00,0.000000000000000000e+00,0.000000000000000000e+00,0.000000000000000000e+00,0.000000000000000000e+00,0.000000000000000000e+00,0.000000000000000000e+00,0.000000000000000000e+00,2.370671495104915104e-04,3.463164106764802857e-04,3.584071307119600673e-04,3.294274855542049995e-04,2.953206518621719458e-04,2.798614575922007399e-04,2.736754695933953357e-04,2.758764670581449123e-04,2.776177129841314465e-04,2.802388201244662052e-04,2.808210391610276111e-04,2.812891004620564762e-04,2.810841840553740447e-04,2.812891260934784286e-04,2.816399243745656392e-04,2.824347306863832794e-04,2.834379645883559028e-04,2.846552516161468408e-04,2.859475459541372506e-04,2.872821132338952200e-04,2.886263332771682303e-04,2.899753606538371859e-04,2.913595703361900459e-04,2.927835900448189587e-04,2.942874620293871985e-04,2.958581701525506038e-04,2.975199238565431827e-04,2.992393414611976680e-04,3.010281324689917273e-04,3.028456107240737349e-04,3.047030146968182792e-04,3.065641939321343498e-04,3.084469757176795386e-04,3.103237119759713874e-04,3.122183957353356258e-04,3.141090064068401437e-04,3.160205515896243717e-04,3.179312713601120362e-04,3.198624890863217569e-04,3.217901729760760292e-04,3.237318009952960861e-04,3.256631259987711113e-04,3.276009750725011969e-04,3.295239059257612426e-04,3.314498335883230874e-04,3.333598692958952814e-04,3.352711177291812714e-04,3.371643957678141772e-04,3.390537015913282952e-04,3.409187161472146681e-04,3.427717622522059773e-04,3.445944458333686372e-04,3.464012125515996722e-04,3.481782729482859749e-04,3.499428057569754151e-04,3.516835080601166423e-04,3.534164965385621173e-04,3.551288180331820649e-04,3.568331509931851626e-04,3.585152110262301872e-04,3.601874595462338968e-04,3.618387575479754272e-04,3.634851037213258874e-04,3.651193200216027628e-04,3.667582680995751612e-04,3.683933852395838396e-04,3.700369919076849142e-04,3.716762269327869442e-04,3.733201779858971356e-04,3.749566175320293297e-04,3.765977720576699651e-04,3.782367488593185788e-04,3.798898703105590881e-04,3.815522816812323844e-04,3.832383517735263702e-04,3.849388901248851293e-04,3.866622206300534170e-04,3.883944878593260930e-04,3.901414607895430683e-04,3.918904243207735490e-04,3.936505163780582061e-04,3.954139522921725847e-04,3.971934749024069538e-04,3.989827289147714062e-04,4.007922481330427255e-04,4.026114527712948876e-04,4.044455912194038589e-04,4.062804100707697328e-04,4.081194754441419287e-04,4.099499285761075548e-04,4.117784636250502030e-04,4.135966795038025249e-04,4.154146903526611222e-04,4.172258595245633577e-04,4.190388689445854434e-04,4.208434262127920653e-04,4.226426328312245803e-04,4.244214368170721183e-04,4.261805829768120228e-04,4.279077230898082934e-04,4.296106089276838583e-04,4.312867294862666036e-04,4.329519004766432247e-04,4.346073599109076578e-04,4.362663125485677427e-04,4.379232062274461459e-04,4.395824485511712430e-04,4.412318802740895600e-04,4.428733865852145101e-04,4.444984621509287309e-04,4.461168810538449891e-04,4.477296597930750560e-04,4.493527351479021650e-04,4.509882137947714771e-04,4.526471605953859799e-04,4.543233530519239253e-04,4.560176321111244786e-04,4.577155412939244825e-04,4.594141600547998203e-04,4.611024982801844381e-04,4.627861800851584525e-04,4.644644353908005513e-04,4.661494589180008893e-04,4.678420301293090386e-04,4.695504670135347254e-04,4.712687400039015278e-04,4.729967485059799037e-04,4.747220358384450175e-04,4.764422621140784243e-04,4.781488037216585795e-04,4.798459997305965495e-04,4.815310759801515270e-04,4.832100154603470631e-04,4.848795987820360702e-04,4.865456652096347289e-04,4.882070022734048224e-04,4.898708011986645933e-04,4.915349204507461810e-04,4.932030506235134115e-04,4.948708711201583316e-04,4.965431000283394587e-04,4.982198946252524002e-04,4.999099941122846658e-04,5.016148951063904285e-04,5.033406243378260288e-04,5.050843697490436024e-04,5.068476358462859366e-04,5.086247976728875417e-04,5.104152953499063814e-04,5.122124930725237366e-04,5.140148900314716208e-04,5.158163295816655574e-04,5.176168139595441198e-04,5.194138019750996465e-04,5.212115573853631735e-04,5.230128313634992013e-04,5.248266651261420356e-04,5.266616637468494663e-04,5.285340701087312036e-04,5.304651347006075855e-04,5.324898381994736191e-04,5.346488212858735998e-04,5.369479490169813945e-04,5.391694410530889492e-04,5.402691005141397771e-04,5.367828220871779252e-04,5.195868337485477903e-04,4.701120157482974291e-04,3.638048512348938403e-04,1.907032796444831004e-04,3.531882126615924853e-05
0.000000000000000000e+00,0.000000000000000000e+00,0.000000000000000000e+00,0.000000000000000000e+00,0.000000000000000000e+00,0.000000000000000000e+00,0.000000000000000000e+00,0.000000000000000000e+00,0.000000000000000000e+00,0.000000000000000000e+00,0.000000000000000000e+00,0.000000000000000000e+00,0.000000000000000000e+00,0.000000000000000000e+00,0.000000000000000000e+00,0.000000000000000000e+00,0.000000000000000000e+00,0.000000000000000000e+00,0.000000000000000000e+00,0.000000000000000000e+00,0.000000000000000000e+00,0.000000000000000000e+00,0.000000000000000000e+00,0.000000000000000000e+00,0.000000000000000000e+00,0.000000000000000000e+00,0.000000000000000000e+00,0.000000000000000000e+00,0.000000000000000000e+00,0.000000000000000000e+00,0.000000000000000000e+00,0.000000000000000000e+00,0.000000000000000000e+00,0.000000000000000000e+00,0.000000000000000000e+00,0.000000000000000000e+00,0.000000000000000000e+00,0.000000000000000000e+00,0.000000000000000000e+00,0.000000000000000000e+00,0.000000000000000000e+00,0.000000000000000000e+00,0.000000000000000000e+00,0.000000000000000000e+00,0.000000000000000000e+00,0.000000000000000000e+00,0.000000000000000000e+00,0.000000000000000000e+00,0.000000000000000000e+00,0.000000000000000000e+00,0.000000000000000000e+00,0.000000000000000000e+00,0.000000000000000000e+00,0.000000000000000000e+00,0.000000000000000000e+00,0.000000000000000000e+00,0.000000000000000000e+00,0.000000000000000000e+00,0.000000000000000000e+00,0.000000000000000000e+00,0.000000000000000000e+00,0.000000000000000000e+00,0.000000000000000000e+00,0.000000000000000000e+00,0.000000000000000000e+00,0.000000000000000000e+00,0.000000000000000000e+00,0.000000000000000000e+00,0.000000000000000000e+00,0.000000000000000000e+00,0.000000000000000000e+00,0.000000000000000000e+00,0.000000000000000000e+00,0.000000000000000000e+00,0.000000000000000000e+00,0.000000000000000000e+00,0.000000000000000000e+00,0.000000000000000000e+00,0.000000000000000000e+00,0.000000000000000000e+00,0.000000000000000000e+00,0.000000000000000000e+00,0.000000000000000000e+00,0.000000000000000000e+00,0.000000000000000000e+00,0.000000000000000000e+00,0.000000000000000000e+00,0.000000000000000000e+00,0.000000000000000000e+00,0.000000000000000000e+00,0.000000000000000000e+00,0.000000000000000000e+00,0.000000000000000000e+00,0.000000000000000000e+00,0.000000000000000000e+00,0.000000000000000000e+00,0.000000000000000000e+00,0.000000000000000000e+00,0.000000000000000000e+00,0.000000000000000000e+00,0.000000000000000000e+00,0.000000000000000000e+00,0.000000000000000000e+00,0.000000000000000000e+00,0.000000000000000000e+00,0.000000000000000000e+00,0.000000000000000000e+00,0.000000000000000000e+00,0.000000000000000000e+00,0.000000000000000000e+00,0.000000000000000000e+00,0.000000000000000000e+00,0.000000000000000000e+00,0.000000000000000000e+00,0.000000000000000000e+00,0.000000000000000000e+00,0.000000000000000000e+00,0.000000000000000000e+00,0.000000000000000000e+00,0.000000000000000000e+00,0.000000000000000000e+00,0.000000000000000000e+00,0.000000000000000000e+00,0.000000000000000000e+00,0.000000000000000000e+00,0.000000000000000000e+00,0.000000000000000000e+00,0.000000000000000000e+00,0.000000000000000000e+00,0.000000000000000000e+00,0.000000000000000000e+00,0.000000000000000000e+00,0.000000000000000000e+00,0.000000000000000000e+00,0.000000000000000000e+00,0.000000000000000000e+00,0.000000000000000000e+00,0.000000000000000000e+00,0.000000000000000000e+00,0.000000000000000000e+00,0.000000000000000000e+00,0.000000000000000000e+00,0.000000000000000000e+00,0.000000000000000000e+00,0.000000000000000000e+00,0.000000000000000000e+00,0.000000000000000000e+00,0.000000000000000000e+00,0.000000000000000000e+00,0.000000000000000000e+00,0.000000000000000000e+00,0.000000000000000000e+00,0.000000000000000000e+00,0.000000000000000000e+00,0.000000000000000000e+00,0.000000000000000000e+00,0.000000000000000000e+00,0.000000000000000000e+00,0.000000000000000000e+00,0.000000000000000000e+00,0.000000000000000000e+00,0.000000000000000000e+00,0.000000000000000000e+00,0.000000000000000000e+00,0.000000000000000000e+00,0.000000000000000000e+00,0.000000000000000000e+00,0.000000000000000000e+00,0.000000000000000000e+00,2.437127708214425234e-04,3.390502220931906549e-04,3.409634144618418081e-04,3.026610239513711814e-04,2.697310418318645204e-04,2.537933987498476899e-04,2.557364318948386378e-04,2.625371594003841381e-04,2.710297733878628624e-04,2.760831359597950641e-04,2.793052604866139241e-04,2.803607742575885500e-04,2.811268672620560933e-04,2.816606860594025223e-04,2.826073442966547033e-04,2.837098136547296285e-04,2.850500967402401302e-04,2.863999695150197056e-04,2.877757491192670406e-04,2.890840613168991482e-04,2.903815736838231401e-04,2.916524470690816167e-04,2.929647722767817993e-04,2.943131580837442143e-04,2.957459478235979094e-04,2.972397440067966329e-04,2.988199594299162376e-04,3.004482660025188201e-04,3.021396691639030422e-04,3.038530086247236356e-04,3.056041404537035823e-04,3.073568143279409651e-04,3.091323220889032855e-04,3.109012513443834948e-04,3.126897701510854299e-04,3.144731206837077199e-04,3.162785258947345760e-04,3.180816689008433579e-04,3.199067789393056447e-04,3.217275039650319287e-04,3.235644796007483646e-04,3.253908480496120882e-04,3.272264065399809472e-04,3.290467700068023453e-04,3.308728460315287011e-04,3.326829242104074750e-04,3.344974449892993210e-04,3.362946537254034025e-04,3.380919373682011791e-04,3.398661503729683920e-04,3.416324292389463866e-04,3.433689417634055237e-04,3.450923941186081058e-04,3.467854827739465869e-04,3.484678777778522311e-04,3.501254647494948693e-04,3.517774384837565231e-04,3.534085223117631102e-04,3.550342690971527667e-04,3.566375473246234835e-04,3.582326907853918821e-04,3.598050553991036411e-04,3.613721797536069056e-04,3.629239915263414136e-04,3.644798673905846691e-04,3.660296682277720814e-04,3.675888928067195778e-04,3.691431543827040484e-04,3.707037261375199636e-04,3.722556473803156885e-04,3.738120949466797551e-04,3.753631092693023507e-04,3.769263096738825411e-04,3.784950108761861421e-04,3.800861442321565114e-04,3.816898410630647858e-04,3.833172575954060953e-04,3.849535203480853110e-04,3.866061167122483776e-04,3.882601913510353039e-04,3.899255755999480265e-04,3.915921284628262199e-04,3.932736872125704598e-04,3.949627162686014550e-04,3.966720012675578762e-04,3.983906867383319849e-04,4.001262788150701500e-04,4.018636857802533016e-04,4.036075918393033685e-04,4.053432386609914805e-04,4.070775154199272167e-04,4.087999061146051693e-04,4.105210904357775277e-04,4.122334471122752315e-04,4.139475321674074304e-04,4.156533717519098948e-04,4.173565119048545718e-04,4.190418455148275738e-04,4.207107929783407353e-04,4.223483726822885287e-04,4.239604109677751372e-04,4.255406135364151626e-04,4.271037085414304091e-04,4.286499202650947277e-04,4.301947137045126525e-04,4.317342967491608584e-04,4.332764340387147087e-04,4.348100453658215519e-04,4.363379577891491191e-04,4.378495616656913076e-04,4.393528090263846804e-04,4.408458066045629659e-04,4.423440689005876062e-04,4.438496991439978617e-04,4.453762695503398253e-04,4.469197841429478884e-04,4.484845513727412172e-04,4.500577122345384004e-04,4.516371813904033615e-04,4.532098232999843841e-04,4.547790171443092918e-04,4.563413167756804212e-04,4.579087717686999262e-04,4.594829962000895863e-04,4.610754206504187667e-04,4.626831285577295946e-04,4.643098580803671667e-04,4.659448846448958946e-04,4.675859231031077499e-04,4.692214330595496723e-04,4.708529270991553234e-04,4.724753171116950626e-04,4.740944550746081418e-04,4.757066319741347013e-04,4.773169176670468252e-04,4.789221735562089076e-04,4.805291982403202570e-04,4.821366586861653238e-04,4.837504258836052592e-04,4.853666785091858898e-04,4.869889629483381403e-04,4.886143563636918732e-04,4.902496035560488909e-04,4.918957774455421945e-04,4.935610664575639525e-04,4.952452861055590093e-04,4.969527191800916137e-04,4.986791332417457893e-04,5.004250450269293223e-04,5.021840262987226685e-04,5.039549902779139577e-04,5.057313102295235346e-04,5.075123207430009544e-04,5.092936311576950819e-04,5.110776989514526775e-04,5.128650013638307503e-04,5.146633584659864426e-04,5.164805954403271868e-04,5.183342400247635887e-04,5.202486322530921765e-04,5.222668337690848780e-04,5.244446264974765050e-04,5.268161878443638080e-04,5.292057265766915387e-04,5.306169686878171648e-04,5.276061387560115803e-04,5.110117665254564068e-04,4.622394221507332922e-04,3.569947392561074106e-04,1.863745982540855953e-04,3.432761763576218768e-05
0.000000000000000000e+00,0.000000000000000000e+00,0.000000000000000000e+00,0.000000000000000000e+00,0.000000000000000000e+00,0.000000000000000000e+00,0.000000000000000000e+00,0.000000000000000000e+00,0.000000000000000000e+00,0.000000000000000000e+00,0.000000000000000000e+00,0.000000000000000000e+00,0.000000000000000000e+00,0.000000000000000000e+00,0.000000000000000000e+00,0.000000000000000000e+00,0.000000000000000000e+00,0.000000000000000000e+00,0.000000000000000000e+00,0.000000000000000000e+00,0.000000000000000000e+00,0.000000000000000000e+00,0.000000000000000000e+00,0.000000000000000000e+00,0.000000000000000000e+00,0.000000000000000000e+00,0.000000000000000000e+00,0.000000000000000000e+00,0.000000000000000000e+00,0.000000000000000000e+00,0.000000000000000000e+00,0.000000000000000000e+00,0.000000000000000000e+00,0.000000000000000000e+00,0.000000000000000000e+00,0.000000000000000000e+00,0.000000000000000000e+00,0.000000000000000000e+00,0.000000000000000000e+00,0.000000000000000000e+00,0.000000000000000000e+00,0.000000000000000000e+00,0.000000000000000000e+00,0.000000000000000000e+00,0.000000000000000000e+00,0.000000000000000000e+00,0.000000000000000000e+00,0.000000000000000000e+00,0.000000000000000000e+00,0.000000000000000000e+00,0.000000000000000000e+00,0.000000000000000000e+00,0.000000000000000000e+00,0.000000000000000000e+00,0.000000000000000000e+00,0.000000000000000000e+00,0.000000000000000000e+00,0.000000000000000000e+00,0.000000000000000000e+00,0.000000000000000000e+00,0.000000000000000000e+00,0.000000000000000000e+00,0.000000000000000000e+00,0.000000000000000000e+00,0.000000000000000000e+00,0.000000000000000000e+00,0.000000000000000000e+00,0.000000000000000000e+00,0.000000000000000000e+00,0.000000000000000000e+00,0.000000000000000000e+00,0.000000000000000000e+00,0.000000000000000000e+00,0.000000000000000000e+00,0.000000000000000000e+00,0.000000000000000000e+00,0.000000000000000000e+00,0.000000000000000000e+00,0.000000000000000000e+00,0.000000000000000000e+00,0.000000000000000000e+00,0.000000000000000000e+00,0.000000000000000000e+00,0.000000000000000000e+00,0.000000000000000000e+00,0.000000000000000000e+00,0.000000000000000000e+00,0.000000000000000000e+00,0.000000000000000000e+00,0.000000000000000000e+00,0.000000000000000000e+00,0.000000000000000000e+00,0.000000000000000000e+00,0.000000000000000000e+00,0.000000000000000000e+00,0.000000000000000000e+00,0.000000000000000000e+00,0.000000000000000000e+00,0.000000000000000000e+00,0.000000000000000000e+00,0.000000000000000000e+00,0.000000000000000000e+00,0.000000000000000000e+00,0.000000000000000000e+00,0.000000000000000000e+00,0.000000000000000000e+00,0.000000000000000000e+00,0.000000000000000000e+00,0.000000000000000000e+00,0.000000000000000000e+00,0.000000000000000000e+00,0.000000000000000000e+00,0.000000000000000000e+00,0.000000000000000000e+00,0.000000000000000000e+00,0.000000000000000000e+00,0.000000000000000000e+00,0.000000000000000000e+00,0.000000000000000000e+00,0.000000000000000000e+00,0.000000000000000000e+00,0.000000000000000000e+00,0.000000000000000000e+00,0.000000000000000000e+00,0.000000000000000000e+00,0.000000000000000000e+00,0.000000000000000000e+00,0.000000000000000000e+00,0.000000000000000000e+00,0.000000000000000000e+00,0.000000000000000000e+00,0.000000000000000000e+00,0.000000000000000000e+00,0.000000000000000000e+00,0.000000000000000000e+00,0.000000000000000000e+00,0.000000000000000000e+00,0.000000000000000000e+00,0.000000000000000000e+00,0.000000000000000000e+00,0.000000000000000000e+00,0.000000000000000000e+00,0.000000000000000000e+00,0.000000000000000000e+00,0.000000000000000000e+00,0.000000000000000000e+00,0.000000000000000000e+00,0.000000000000000000e+00,0.000000000000000000e+00,0.000000000000000000e+00,0.000000000000000000e+00,0.000000000000000000e+00,0.000000000000000000e+00,0.000000000000000000e+00,0.000000000000000000e+00,0.000000000000000000e+00,0.000000000000000000e+00,0.000000000000000000e+00,0.000000000000000000e+00,0.000000000000000000e+00,0.000000000000000000e+00,0.000000000000000000e+00,0.000000000000000000e+00,0.000000000000000000e+00,0.000000000000000000e+00,0.000000000000000000e+00,0.000000000000000000e+00,0.000000000000000000e+00,0.000000000000000000e+00,2.387387364424068705e-04,3.255598770373602214e-04,3.173916419227719205e-04,2.762204499962913500e-04,2.417167186529443651e-04,2.306879769408858635e-04,2.363756896632134322e-04,2.505576748574536586e-04,2.632198092319581106e-04,2.726611041410080430e-04,2.775975453140561502e-04,2.802590553577653971e-04,2.814790948567845973e-04,2.825867285475748428e-04,2.837312593068210356e-04,2.851384095466298922e-04,2.866243252068279099e-04,2.881355998220608543e-04,2.895751443541465069e-04,2.909302976756950282e-04,2.922236803249386207e-04,2.934795067248010896e-04,2.947558200139246075e-04,2.960615064753448688e-04,2.974394651515326169e-04,2.988688733316704213e-04,3.003734583252249866e-04,3.019154605201968856e-04,3.035122405766150296e-04,3.051235185122354527e-04,3.067691427690738288e-04,3.084127456142753327e-04,3.100789478550472532e-04,3.117365037189731743e-04,3.134140281847977352e-04,3.150841139450489062e-04,3.167765769280331289e-04,3.184646842100104995e-04,3.201758687970891379e-04,3.218815841892337074e-04,3.236057742150379212e-04,3.253190377179269468e-04,3.270441182388890791e-04,3.287536838175875577e-04,3.304714797610715151e-04,3.321729740376525540e-04,3.338817892948926932e-04,3.355737292063265954e-04,3.372695278831915446e-04,3.389434945451152786e-04,3.406135877629082494e-04,3.422548067404574301e-04,3.438859875527358677e-04,3.454864070509485493e-04,3.470779105056847344e-04,3.486435746857880413e-04,3.502053780193406280e-04,3.517458701420614732e-04,3.532833890251228510e-04,3.547982815206080680e-04,3.563067260154794791e-04,3.577908002810171561e-04,3.592693428408278897e-04,3.607293766715778888e-04,3.621924393905052672e-04,3.636468820125039617e-04,3.651113141386343706e-04,3.665702460818536608e-04,3.680373529765590466e-04,3.694954027875401500e-04,3.709585279077854737e-04,3.724137515566141839e-04,3.738795763964652551e-04,3.753472372004758371e-04,3.768357710978168982e-04,3.783345652247954889e-04,3.798575164382496871e-04,3.813890443469168624e-04,3.829385573262728991e-04,3.844894601226059349e-04,3.860523761886942460e-04,3.876149170318857499e-04,3.891917740736566757e-04,3.907740679342363438e-04,3.923765461811196988e-04,3.939880708802211357e-04,3.956184085863788478e-04,3.972518801921263738e-04,3.988944554175089408e-04,4.005297452873771689e-04,4.021648980110485456e-04,4.037873137942448354e-04,4.054080187877907729e-04,4.070181922599013435e-04,4.086299563841636843e-04,4.102335423172122700e-04,4.118369789044155948e-04,4.134255470832341631e-04,4.150020147934111066e-04,4.165495781441085413e-04,4.180725979935632683e-04,4.195609302033805510e-04,4.210274797052010508e-04,4.224704316956371221e-04,4.239065153640491149e-04,4.253331605775448744e-04,4.267614794047143337e-04,4.281820686700510241e-04,4.295996731144702675e-04,4.310026271205555089e-04,4.323976108143215403e-04,4.337796128818560194e-04,4.351628391615201710e-04,4.365483253221053906e-04,4.379512456815931880e-04,4.393692935930779641e-04,4.408101731386831080e-04,4.422632453516662609e-04,4.437285181415507739e-04,4.451921187073340177e-04,4.466559413723177291e-04,4.481135772652431316e-04,4.495758061198894999e-04,4.510437076695046859e-04,4.525306175360615992e-04,4.540359211610294388e-04,4.555670633175388584e-04,4.571159549036403350e-04,4.586821222160200433e-04,4.602527315435388233e-04,4.618268074440441684e-04,4.633959155332153927e-04,4.649645779529719414e-04,4.665285393966569138e-04,4.680931069349790388e-04,4.696538762450490107e-04,4.712163760981122307e-04,4.727781323292623811e-04,4.743459020277788997e-04,4.759170171780619418e-04,4.774959684636172793e-04,4.790785479419697613e-04,4.806694428420863808e-04,4.822673958615329346e-04,4.838802945598318301e-04,4.855090686452924291e-04,4.871607269524018033e-04,4.888334145405835414e-04,4.905297797704399150e-04,4.922442501425816413e-04,4.939763078466802510e-04,4.957190447859135185e-04,4.974715123452320845e-04,4.992282891518867857e-04,5.009907818632090360e-04,5.027578941672230638e-04,5.045363126335649599e-04,5.063330486218039356e-04,5.081663677180884003e-04,5.100635641818900608e-04,5.120754439353697668e-04,5.142735871743102458e-04,5.167209188270129819e-04,5.192849275664922128e-04,5.210165477994256264e-04,5.184913745997202141e-04,5.025102205010602936e-04,4.544610723277438626e-04,3.503079159168763111e-04,1.821519976240021236e-04,3.336086338135807157e-05
0.000000000000000000e+00,0.000000000000000000e+00,0.000000000000000000e+00,0.000000000000000000e+00,0.000000000000000000e+00,0.000000000000000000e+00,0.000000000000000000e+00,0.000000000000000000e+00,0.000000000000000000e+00,0.000000000000000000e+00,0.000000000000000000e+00,0.000000000000000000e+00,0.000000000000000000e+00,0.000000000000000000e+00,0.000000000000000000e+00,0.000000000000000000e+00,0.000000000000000000e+00,0.000000000000000000e+00,0.000000000000000000e+00,0.000000000000000000e+00,0.000000000000000000e+00,0.000000000000000000e+00,0.000000000000000000e+00,0.000000000000000000e+00,0.000000000000000000e+00,0.000000000000000000e+00,0.000000000000000000e+00,0.000000000000000000e+00,0.000000000000000000e+00,0.000000000000000000e+00,0.000000000000000000e+00,0.000000000000000000e+00,0.000000000000000000e+00,0.000000000000000000e+00,0.000000000000000000e+00,0.000000000000000000e+00,0.000000000000000000e+00,0.000000000000000000e+00,0.000000000000000000e+00,0.000000000000000000e+00,0.000000000000000000e+00,0.000000000000000000e+00,0.000000000000000000e+00,0.000000000000000000e+00,0.000000000000000000e+00,0.000000000000000000e+00,0.000000000000000000e+00,0.000000000000000000e+00,0.000000000000000000e+00,0.000000000000000000e+00,0.000000000000000000e+00,0.000000000000000000e+00,0.000000000000000000e+00,0.000000000000000000e+00,0.000000000000000000e+00,0.000000000000000000e+00,0.000000000000000000e+00,0.000000000000000000e+00,0.000000000000000000e+00,0.000000000000000000e+00,0.000000000000000000e+00,0.000000000000000000e+00,0.000000000000000000e+00,0.000000000000000000e+00,0.000000000000000000e+00,0.000000000000000000e+00,0.000000000000000000e+00,0.000000000000000000e+00,0.000000000000000000e+00,0.000000000000000000e+00,0.000000000000000000e+00,0.000000000000000000e+00,0.000000000000000000e+00,0.000000000000000000e+00,0.000000000000000000e+00,0.000000000000000000e+00,0.000000000000000000e+00,0.000000000000000000e+00,0.000000000000000000e+00,0.000000000000000000e+00,0.000000000000000000e+00,0.000000000000000000e+00,0.000000000000000000e+00,0.000000000000000000e+00,0.000000000000000000e+00,0.000000000000000000e+00,0.000000000000000000e+00,0.000000000000000000e+00,0.000000000000000000e+00,0.000000000000000000e+00,0.000000000000000000e+00,0.000000000000000000e+00,0.000000000000000000e+00,0.000000000000000000e+00,0.000000000000000000e+00,0.000000000000000000e+00,0.000000000000000000e+00,0.000000000000000000e+00,0.000000000000000000e+00,0.000000000000000000e+00,0.000000000000000000e+00,0.000000000000000000e+00,0.000000000000000000e+00,0.000000000000000000e+00,0.000000000000000000e+00,0.000000000000000000e+00,0.000000000000000000e+00,0.000000000000000000e+00,0.000000000000000000e+00,0.000000000000000000e+00,0.000000000000000000e+00,0.000000000000000000e+00,0.000000000000000000e+00,0.000000000000000000e+00,0.000000000000000000e+00,0.000000000000000000e+00,0.000000000000000000e+00,0.000000000000000000e+00,0.000000000000000000e+00,0.000000000000000000e+00,0.000000000000000000e+00,0.000000000000000000e+00,0.000000000000000000e+00,0.000000000000000000e+00,0.000000000000000000e+00,0.000000000000000000e+00,0.000000000000000000e+00,0.000000000000000000e+00,0.000000000000000000e+00,0.000000000000000000e+00,0.000000000000000000e+00,0.000000000000000000e+00,0.000000000000000000e+00,0.000000000000000000e+00,0.000000000000000000e+00,0.000000000000000000e+00,0.000000000000000000e+00,0.000000000000000000e+00,0.000000000000000000e+00,0.000000000000000000e+00,0.000000000000000000e+00,0.000000000000000000e+00,0.000000000000000000e+00,0.000000000000000000e+00,0.000000000000000000e+00,0.000000000000000000e+00,0.000000000000000000e+00,0.000000000000000000e+00,0.000000000000000000e+00,0.000000000000000000e+00,0.000000000000000000e+00,0.000000000000000000e+00,0.000000000000000000e+00,0.000000000000000000e+00,0.000000000000000000e+00,0.000000000000000000e+00,0.000000000000000000e+00,0.000000000000000000e+00,0.000000000000000000e+00,0.000000000000000000e+00,0.000000000000000000e+00,0.000000000000000000e+00,0.000000000000000000e+00,0.000000000000000000e+00,0.000000000000000000e+00,0.000000000000000000e+00,0.000000000000000000e+00,0.000000000000000000e+00,0.000000000000000000e+00,2.408021099635115523e-04,3.165849305828630634e-04,2.985567810052566209e-04,2.508312617593766230e-04,2.177245707943382318e-04,2.087155390642538705e-04,2.202803167990245660e-04,2.388971356343760042e-04,2.567599072137522680e-04,2.690026577834032234e-04,2.763789115863143843e-04,2.799755250985386679e-04,2.819503573146570248e-04,2.832321228856106107e-04,2.846027490040600651e-04,2.860845884573272259e-04,2.877227136570512274e-04,2.893346568975423074e-04,2.908971189142462105e-04,2.923319214427887733e-04,2.936940186399019021e-04,2.949823142757675219e-04,2.962739730463431536e-04,2.975682931910408977e-04,2.989195603192281109e-04,3.003021247518762680e-04,3.017474348403993071e-04,3.032151418291057681e-04,3.047293186870848620e-04,3.062481954975895381e-04,3.077975572537430490e-04,3.093391963016582516e-04,3.109023248802645083e-04,3.124528532575476347e-04,3.140229350839265324e-04,3.155819312291145988e-04,3.171631435809948844e-04,3.187370194405105429e-04,3.203348686845291214e-04,3.219256420074306487e-04,3.235370689946483625e-04,3.251369414180800056e-04,3.267512216129303342e-04,3.283493601437512707e-04,3.299580268246641679e-04,3.315496264684038383e-04,3.331509874727321035e-04,3.347353844079333407e-04,3.363270020815706815e-04,3.378977292726911526e-04,3.394685146613158938e-04,3.410113829479245154e-04,3.425473426755363962e-04,3.440523086329477223e-04,3.455501159882534766e-04,3.470209726222452974e-04,3.484894010209053971e-04,3.499358374129170075e-04,3.513813411167416266e-04,3.528040109906630971e-04,3.542219034684591125e-04,3.556140531209113975e-04,3.570004261393902719e-04,3.583651137723956677e-04,3.597314379417723804e-04,3.610861992653382167e-04,3.624509544047285346e-04,3.638094373932934992e-04,3.651779270441733640e-04,3.665374313672966505e-04,3.679031647544575719e-04,3.692593231908415305e-04,3.706250011230362578e-04,3.719891720461058018e-04,3.733725156104740375e-04,3.747635452571762321e-04,3.761786962525863086e-04,3.776018865230208244e-04,3.790445544855625929e-04,3.804887315415686477e-04,3.819459382435249359e-04,3.834017147208933739e-04,3.848714321041261433e-04,3.863447671461569827e-04,3.878381446412112218e-04,3.893401303294242912e-04,3.908627177739807269e-04,3.923898812434035944e-04,3.939290219245759807e-04,3.954624012628378061e-04,3.969975005526567855e-04,3.985197136591320179e-04,4.000402144359577585e-04,4.015487821993769910e-04,4.030587488798006491e-04,4.045603581870905454e-04,4.060640021896598376e-04,4.075556239951351142e-04,4.090398698034436106e-04,4.104989607793316079e-04,4.119364787413769529e-04,4.133387552387015121e-04,4.147164859580393034e-04,4.160649709920374861e-04,4.174011158049786949e-04,4.187227688645862086e-04,4.200440064285873771e-04,4.213573455424464063e-04,4.226701592783939582e-04,4.239707783863060618e-04,4.252654658682233132e-04,4.265463770024019853e-04,4.278258819337678277e-04,4.291029718623297611e-04,4.303933686644839207e-04,4.316956976083836635e-04,4.330206670201904354e-04,4.343600493436890284e-04,4.357167803971482710e-04,4.370775911606857413e-04,4.384440731805552219e-04,4.398072768779977011e-04,4.411761368639448115e-04,4.425500271614073969e-04,4.439428804096831041e-04,4.453552857616650709e-04,4.467976815109746323e-04,4.482646789038985695e-04,4.497587228308320539e-04,4.512675334433401066e-04,4.527891258961859369e-04,4.543118444209430485e-04,4.558377282356225815e-04,4.573608052168171858e-04,4.588865777421070142e-04,4.604103495998435589e-04,4.619370573238392439e-04,4.634623993174845033e-04,4.649922781547054414e-04,4.665238547008578778e-04,4.680628740501355375e-04,4.696056308970915144e-04,4.711566535824056714e-04,4.727129330927868169e-04,4.742809447880773550e-04,4.758606749224440920e-04,4.774600951497372909e-04,4.790789893635216332e-04,4.807224907431862098e-04,4.823867318051735468e-04,4.840726651004307267e-04,4.857736894948560115e-04,4.874890703892730990e-04,4.892127491733471020e-04,4.909456947979363170e-04,4.926857197905411658e-04,4.944389321986816755e-04,4.962116033996339520e-04,4.980228427505931435e-04,4.999025113905155313e-04,5.019092914758490264e-04,5.041305245770326231e-04,5.066589619998430665e-04,5.094057334998297690e-04,5.114691140040026002e-04,5.094410675993819469e-04,4.940847246011650885e-04,4.467755364643865895e-04,3.437390827626568318e-04,1.780290802719990757e-04,3.241758291932766691e-05
0.000000000000000000e+00,0.000000000000000000e+00,0.000000000000000000e+00,0.000000000000000000e+00,0.000000000000000000e+00,0.000000000000000000e+00,0.000000000000000000e+00,0.000000000000000000e+00,0.000000000000000000e+00,0.000000000000000000e+00,0.000000000000000000e+00,0.000000000000000000e+00,0.000000000000000000e+00,0.000000000000000000e+00,0.000000000000000000e+00,0.000000000000000000e+00,0.000000000000000000e+00,0.000000000000000000e+00,0.000000000000000000e+00,0.000000000000000000e+00,0.000000000000000000e+00,0.000000000000000000e+00,0.000000000000000000e+00,0.000000000000000000e+00,0.000000000000000000e+00,0.000000000000000000e+00,0.000000000000000000e+00,0.000000000000000000e+00,0.000000000000000000e+00,0.000000000000000000e+00,0.000000000000000000e+00,0.000000000000000000e+00,0.000000000000000000e+00,0.000000000000000000e+00,0.000000000000000000e+00,0.000000000000000000e+00,0.000000000000000000e+00,0.000000000000000000e+00,0.000000000000000000e+00,0.000000000000000000e+00,0.000000000000000000e+00,0.000000000000000000e+00,0.000000000000000000e+00,0.000000000000000000e+00,0.000000000000000000e+00,0.000000000000000000e+00,0.000000000000000000e+00,0.000000000000000000e+00,0.000000000000000000e+00,0.000000000000000000e+00,0.000000000000000000e+00,0.000000000000000000e+00,0.000000000000000000e+00,0.000000000000000000e+00,0.000000000000000000e+00,0.000000000000000000e+00,0.000000000000000000e+00,0.000000000000000000e+00,0.000000000000000000e+00,0.000000000000000000e+00,0.000000000000000000e+00,0.000000000000000000e+00,0.000000000000000000e+00,0.000000000000000000e+00,0.000000000000000000e+00,0.000000000000000000e+00,0.000000000000000000e+00,0.000000000000000000e+00,0.000000000000000000e+00,0.000000000000000000e+00,0.000000000000000000e+00,0.000000000000000000e+00,0.000000000000000000e+00,0.000000000000000000e+00,0.000000000000000000e+00,0.000000000000000000e+00,0.000000000000000000e+00,0.000000000000000000e+00,0.000000000000000000e+00,0.000000000000000000e+00,0.000000000000000000e+00,0.000000000000000000e+00,0.000000000000000000e+00,0.000000000000000000e+00,0.000000000000000000e+00,0.000000000000000000e+00,0.000000000000000000e+00,0.000000000000000000e+00,0.000000000000000000e+00,0.000000000000000000e+00,0.000000000000000000e+00,0.000000000000000000e+00,0.000000000000000000e+00,0.000000000000000000e+00,0.000000000000000000e+00,0.000000000000000000e+00,0.000000000000000000e+00,0.000000000000000000e+00,0.000000000000000000e+00,0.000000000000000000e+00,0.000000000000000000e+00,0.000000000000000000e+00,0.000000000000000000e+00,0.000000000000000000e+00,0.000000000000000000e+00,0.000000000000000000e+00,0.000000000000000000e+00,0.000000000000000000e+00,0.000000000000000000e+00,0.000000000000000000e+00,0.000000000000000000e+00,0.000000000000000000e+00,0.000000000000000000e+00,0.000000000000000000e+00,0.000000000000000000e+00,0.000000000000000000e+00,0.000000000000000000e+00,0.000000000000000000e+00,0.000000000000000000e+00,0.000000000000000000e+00,0.000000000000000000e+00,0.000000000000000000e+00,0.000000000000000000e+00,0.000000000000000000e+00,0.000000000000000000e+00,0.000000000000000000e+00,0.000000000000000000e+00,0.000000000000000000e+00,0.000000000000000000e+00,0.000000000000000000e+00,0.000000000000000000e+00,0.000000000000000000e+00,0.000000000000000000e+00,0.000000000000000000e+00,0.000000000000000000e+00,0.000000000000000000e+00,0.000000000000000000e+00,0.000000000000000000e+00,0.000000000000000000e+00,0.000000000000000000e+00,0.000000000000000000e+00,0.000000000000000000e+00,0.000000000000000000e+00,0.000000000000000000e+00,0.000000000000000000e+00,0.000000000000000000e+00,0.000000000000000000e+00,0.000000000000000000e+00,0.000000000000000000e+00,0.000000000000000000e+00,0.000000000000000000e+00,0.000000000000000000e+00,0.000000000000000000e+00,0.000000000000000000e+00,0.000000000000000000e+00,0.000000000000000000e+00,0.000000000000000000e+00,0.000000000000000000e+00,0.000000000000000000e+00,0.000000000000000000e+00,0.000000000000000000e+00,0.000000000000000000e+00,0.000000000000000000e+00,0.000000000000000000e+00,0.000000000000000000e+00,0.000000000000000000e+00,0.000000000000000000e+00,0.000000000000000000e+00,0.000000000000000000e+00,2.354983831871515520e-04,3.026972335835787951e-04,2.781104180718819963e-04,2.292383392008709398e-04,1.972037118328337686e-04,1.924022630574690829e-04,2.074579918260885468e-04,2.305321040471141399e-04,2.513554105597314839e-04,2.662975995101131313e-04,2.750394441170109423e-04,2.796267583246368586e-04,2.818941100077154292e-04,2.833536558799427734e-04,2.847091648809267975e-04,2.862451138563136674e-04,2.879392189937224301e-04,2.896762306305723073e-04,2.913681405889298405e-04,2.929405022895028481e-04,2.944147176606291155e-04,2.957888609701859951e-04,2.971338391469277693e-04,2.984511596027291779e-04,2.998004458786238677e-04,3.011573720167186764e-04,3.025611323030484730e-04,3.039706765790300838e-04,3.054176303871305640e-04,3.068581929966235876e-04,3.083249446733519247e-04,3.097766611873217410e-04,3.112482238892679367e-04,3.127016801190604894e-04,3.141739073131840049e-04,3.156302055730107205e-04,3.171084136671634308e-04,3.185754371472323447e-04,3.200673157547208694e-04,3.215498986345428304e-04,3.230553844308093323e-04,3.245482679240311837e-04,3.260582150162297027e-04,3.275510022359992904e-04,3.290564842287068163e-04,3.305435742829349911e-04,3.320424383533619132e-04,3.335235419367263009e-04,3.350146935905871600e-04,3.364853326852357252e-04,3.379596562121368560e-04,3.394068377392258588e-04,3.408502335825807587e-04,3.422624442929166088e-04,3.436692345917124352e-04,3.450478629533738711e-04,3.464252169653682292e-04,3.477796197882996676e-04,3.491348049724541129e-04,3.504668507208551589e-04,3.517957677258130595e-04,3.530977945934423378e-04,3.543939206262859188e-04,3.556652863895194304e-04,3.569366169029249288e-04,3.581930341741736135e-04,3.594587731318472251e-04,3.607169944701815170e-04,3.619867138347762419e-04,3.632476835507931980e-04,3.645163966242080905e-04,3.657745264301487387e-04,3.670415911246809135e-04,3.683042210043986631e-04,3.695843191740123650e-04,3.708693919330731978e-04,3.721781537605639329e-04,3.734941567249212748e-04,3.748308958815273163e-04,3.761693451836258602e-04,3.775219941816432799e-04,3.788725067231739872e-04,3.802367850447393896e-04,3.816030030837576402e-04,3.829889778207895210e-04,3.843829617407472691e-04,3.857991168555064830e-04,3.872213191494389031e-04,3.886585466622405447e-04,3.900920193386866086e-04,3.915296395265013070e-04,3.929549165912022898e-04,3.943789938725237470e-04,3.957900700909191020e-04,3.972022921765266620e-04,3.986056623661465327e-04,4.000126783241549750e-04,4.014100516918525066e-04,4.028046476295669325e-04,4.041784925714582226e-04,4.055351852449204223e-04,4.068581935091685007e-04,4.081560178697649804e-04,4.094205486364812098e-04,4.106678462050586918e-04,4.118952182830533208e-04,4.131189896036241687e-04,4.143334681309017377e-04,4.155490051190210130e-04,4.167547994634002943e-04,4.179576530874172047e-04,4.191475911005060296e-04,4.203351020986498808e-04,4.215164598241150713e-04,4.227068780082018028e-04,4.239049899848336520e-04,4.251238496411490647e-04,4.263574774800001294e-04,4.276121139814613795e-04,4.288761188780143845e-04,4.301520384272194660e-04,4.314293355847747505e-04,4.327151822699823848e-04,4.340065332843050802e-04,4.353167364467917778e-04,4.366464067222563042e-04,4.380079587676943289e-04,4.393981394571113558e-04,4.408225295260835195e-04,4.422706888972275448e-04,4.437414747508926704e-04,4.452213881359939245e-04,4.467099499924740585e-04,4.481982663197985918e-04,4.496908035300762295e-04,4.511824412650613332e-04,4.526783779446883274e-04,4.541732604921759424e-04,4.556717735969975452e-04,4.571695389268436356e-04,4.586722553888406928e-04,4.601766552284546844e-04,4.616883808225944082e-04,4.632044355960257672e-04,4.647308853875745669e-04,4.662664629080064257e-04,4.678186902184397478e-04,4.693873888851640718e-04,4.709790643823602335e-04,4.725913443417539112e-04,4.742270504881760025e-04,4.758806726475976463e-04,4.775523697317522786e-04,4.792361126531587373e-04,4.809328441552878763e-04,4.826398072975632563e-04,4.843627934694523691e-04,4.861077596212411253e-04,4.878946572451307168e-04,4.897562026701621652e-04,4.917588649637057120e-04,4.940065316671680409e-04,4.966223582592383052e-04,4.995625287036835338e-04,5.019716811597082096e-04,5.004557605729956617e-04,4.857370084273565517e-04,4.391837995882712990e-04,3.372850220498459380e-04,1.740024339364600395e-04,3.149632543705685131e-05
0.000000000000000000e+00,0.000000000000000000e+00,0.000000000000000000e+00,0.000000000000000000e+00,0.000000000000000000e+00,0.000000000000000000e+00,0.000000000000000000e+00,0.000000000000000000e+00,0.000000000000000000e+00,0.000000000000000000e+00,0.000000000000000000e+00,0.000000000000000000e+00,0.000000000000000000e+00,0.000000000000000000e+00,0.000000000000000000e+00,0.000000000000000000e+00,0.000000000000000000e+00,0.000000000000000000e+00,0.000000000000000000e+00,0.000000000000000000e+00,0.000000000000000000e+00,0.000000000000000000e+00,0.000000000000000000e+00,0.000000000000000000e+00,0.000000000000000000e+00,0.000000000000000000e+00,0.000000000000000000e+00,0.000000000000000000e+00,0.000000000000000000e+00,0.000000000000000000e+00,0.000000000000000000e+00,0.000000000000000000e+00,0.000000000000000000e+00,0.000000000000000000e+00,0.000000000000000000e+00,0.000000000000000000e+00,0.000000000000000000e+00,0.000000000000000000e+00,0.000000000000000000e+00,0.000000000000000000e+00,0.000000000000000000e+00,0.000000000000000000e+00,0.000000000000000000e+00,0.000000000000000000e+00,0.000000000000000000e+00,0.000000000000000000e+00,0.000000000000000000e+00,0.000000000000000000e+00,0.000000000000000000e+00,0.000000000000000000e+00,0.000000000000000000e+00,0.000000000000000000e+00,0.000000000000000000e+00,0.000000000000000000e+00,0.000000000000000000e+00,0.000000000000000000e+00,0.000000000000000000e+00,0.000000000000000000e+00,0.000000000000000000e+00,0.000000000000000000e+00,0.000000000000000000e+00,0.000000000000000000e+00,0.000000000000000000e+00,0.000000000000000000e+00,0.000000000000000000e+00,0.000000000000000000e+00,0.000000000000000000e+00,0.000000000000000000e+00,0.000000000000000000e+00,0.000000000000000000e+00,0.000000000000000000e+00,0.000000000000000000e+00,0.000000000000000000e+00,0.000000000000000000e+00,0.000000000000000000e+00,0.000000000000000000e+00,0.000000000000000000e+00,0.000000000000000000e+00,0.000000000000000000e+00,0.000000000000000000e+00,0.000000000000000000e+00,0.000000000000000000e+00,0.000000000000000000e+00,0.000000000000000000e+00,0.000000000000000000e+00,0.000000000000000000e+00,0.000000000000000000e+00,0.000000000000000000e+00,0.000000000000000000e+00,0.000000000000000000e+00,0.000000000000000000e+00,0.000000000000000000e+00,0.000000000000000000e+00,0.000000000000000000e+00,0.000000000000000000e+00,0.000000000000000000e+00,0.000000000000000000e+00,0.000000000000000000e+00,0.000000000000000000e+00,0.000000000000000000e+00,0.000000000000000000e+00,0.000000000000000000e+00,0.000000000000000000e+00,0.000000000000000000e+00,0.000000000000000000e+00,0.000000000000000000e+00,0.000000000000000000e+00,0.000000000000000000e+00,0.000000000000000000e+00,0.000000000000000000e+00,0.000000000000000000e+00,0.000000000000000000e+00,0.000000000000000000e+00,0.000000000000000000e+00,0.000000000000000000e+00,0.000000000000000000e+00,0.000000000000000000e+00,0.000000000000000000e+00,0.000000000000000000e+00,0.000000000000000000e+00,0.000000000000000000e+00,0.000000000000000000e+00,0.000000000000000000e+00,0.000000000000000000e+00,0.000000000000000000e+00,0.000000000000000000e+00,0.000000000000000000e+00,0.000000000000000000e+00,0.000000000000000000e+00,0.000000000000000000e+00,0.000000000000000000e+00,0.000000000000000000e+00,0.000000000000000000e+00,0.000000000000000000e+00,0.000000000000000000e+00,0.000000000000000000e+00,0.000000000000000000e+00,0.000000000000000000e+00,0.000000000000000000e+00,0.000000000000000000e+00,0.000000000000000000e+00,0.000000000000000000e+00,0.000000000000000000e+00,0.000000000000000000e+00,0.000000000000000000e+00,0.000000000000000000e+00,0.000000000000000000e+00,0.000000000000000000e+00,0.000000000000000000e+00,0.000000000000000000e+00,0.000000000000000000e+00,0.000000000000000000e+00,0.000000000000000000e+00,0.000000000000000000e+00,0.000000000000000000e+00,0.000000000000000000e+00,0.000000000000000000e+00,0.000000000000000000e+00,0.000000000000000000e+00,0.000000000000000000e+00,0.000000000000000000e+00,0.000000000000000000e+00,0.000000000000000000e+00,0.000000000000000000e+00,0.000000000000000000e+00,0.000000000000000000e+00,0.000000000000000000e+00,0.000000000000000000e+00,0.000000000000000000e+00,2.327841463942068013e-04,2.896047529519348517e-04,2.605480633590833740e-04,2.118893591478778502e-04,1.828304601500586369e-04,1.815879489814249714e-04,2.000147400477254520e-04,2.253810434742662360e-04,2.481105897510282399e-04,2.642635625549640791e-04,2.738588177667712707e-04,2.788342485602295215e-04,2.812292169546469836e-04,2.826199824053467007e-04,2.838856618719185973e-04,2.853609402632330152e-04,2.870892422513120841e-04,2.889244842665179185e-04,2.907705800403957968e-04,2.925017620498244174e-04,2.941278513777758263e-04,2.956173606566411881e-04,2.970473161612914733e-04,2.984093021661505217e-04,2.997776981132014565e-04,3.011245695308006659e-04,3.025032438470788955e-04,3.038688233024008077e-04,3.052641524090855384e-04,3.066406356041799161e-04,3.080398723655243510e-04,3.094154148990897529e-04,3.108095645069837453e-04,3.121789186417067903e-04,3.135665862549815038e-04,3.149325893498305202e-04,3.163205072640504060e-04,3.176926855846289510e-04,3.190908408581695065e-04,3.204769105269884822e-04,3.218883486029503176e-04,3.232857355688204589e-04,3.247030483246611922e-04,3.261018520999295974e-04,3.275155489894786168e-04,3.289090414004691037e-04,3.303160060853192466e-04,3.317036936455590467e-04,3.331037001690845072e-04,3.344828623668174824e-04,3.358688849797767067e-04,3.372281523189894163e-04,3.385866016220617260e-04,3.399135760386011603e-04,3.412367948134927692e-04,3.425305052647588670e-04,3.438238298413954066e-04,3.450929605937241612e-04,3.463642642994447900e-04,3.476120033290652322e-04,3.488582429054449575e-04,3.500766999106159558e-04,3.512893426109533514e-04,3.524743791118405264e-04,3.536575663274501647e-04,3.548221653652577543e-04,3.559947189976925947e-04,3.571578909628664008e-04,3.583334596207017543e-04,3.595003766069221449e-04,3.606766249979495944e-04,3.618417371448526525e-04,3.630155822566667701e-04,3.641824648353810196e-04,3.653651519636542076e-04,3.665500430324201758e-04,3.677578593660012348e-04,3.689719029381486226e-04,3.702077078661946980e-04,3.714454791213285816e-04,3.726987108143006234e-04,3.739493813041794138e-04,3.752137648117890960e-04,3.764784806333871712e-04,3.777624234109982311e-04,3.790534901434168113e-04,3.803679115713931298e-04,3.816897197357325446e-04,3.830296280564242047e-04,3.843681732724913021e-04,3.857138003995521768e-04,3.870483145199325303e-04,3.883826818192100279e-04,3.897033721857907375e-04,3.910249264632128575e-04,3.923368047449658346e-04,3.936532341777806217e-04,3.949616486651619371e-04,3.962712630959473324e-04,3.975645438249119593e-04,3.988458874345414277e-04,4.000967856064763153e-04,4.013239364021411906e-04,4.025157103009084679e-04,4.036865288012986990e-04,4.048321927532540481e-04,4.059703134598737981e-04,4.070965123508464480e-04,4.082240683751709224e-04,4.093436105127928816e-04,4.104633252974355440e-04,4.115720479811484285e-04,4.126788094841537342e-04,4.137769714861694813e-04,4.148803995094471836e-04,4.159867711962584084e-04,4.171106104535401982e-04,4.182477284927372803e-04,4.194076349386020798e-04,4.205809255739016358e-04,4.217721436360891878e-04,4.229703408227020352e-04,4.241815656743925102e-04,4.254002388983526379e-04,4.266382861138090943e-04,4.278952715115805477e-04,4.291844892560443044e-04,4.305039598752968084e-04,4.318619345461488729e-04,4.332502103705120674e-04,4.346698312790539965e-04,4.361073117841061052e-04,4.375609066662553980e-04,4.390187222414039482e-04,4.404829295556891107e-04,4.419466967034326029e-04,4.434151427173561172e-04,4.448825871004873805e-04,4.463533579788078113e-04,4.478216148907393935e-04,4.492920942480900254e-04,4.507608172867333266e-04,4.522340889463527048e-04,4.537095839614529807e-04,4.551942867195260707e-04,4.566868190684001652e-04,4.581945577296709163e-04,4.597167300254223162e-04,4.612601064937023776e-04,4.628227598129491522e-04,4.644088487068559631e-04,4.660139171647781917e-04,4.676394333042050160e-04,4.692798723296571486e-04,4.709367160817264455e-04,4.726069666439518214e-04,4.742965092856183166e-04,4.760111034886780018e-04,4.777718943959675425e-04,4.796144997860356425e-04,4.816138269631848180e-04,4.838908787788631042e-04,4.866009604815278180e-04,4.897463195760364202e-04,4.925182815283469162e-04,4.915326370313339698e-04,4.774674859459119560e-04,4.316858866582258016e-04,3.309447576163693878e-04,1.700721625561640664e-04,3.060583317012833729e-05
0.000000000000000000e+00,0.000000000000000000e+00,0.000000000000000000e+00,0.000000000000000000e+00,0.000000000000000000e+00,0.000000000000000000e+00,0.000000000000000000e+00,0.000000000000000000e+00,0.000000000000000000e+00,0.000000000000000000e+00,0.000000000000000000e+00,0.000000000000000000e+00,0.000000000000000000e+00,0.000000000000000000e+00,0.000000000000000000e+00,0.000000000000000000e+00,0.000000000000000000e+00,0.000000000000000000e+00,0.000000000000000000e+00,0.000000000000000000e+00,0.000000000000000000e+00,0.000000000000000000e+00,0.000000000000000000e+00,0.000000000000000000e+00,0.000000000000000000e+00,0.000000000000000000e+00,0.000000000000000000e+00,0.000000000000000000e+00,0.000000000000000000e+00,0.000000000000000000e+00,0.000000000000000000e+00,0.000000000000000000e+00,0.000000000000000000e+00,0.000000000000000000e+00,0.000000000000000000e+00,0.000000000000000000e+00,0.000000000000000000e+00,0.000000000000000000e+00,0.000000000000000000e+00,0.000000000000000000e+00,0.000000000000000000e+00,0.000000000000000000e+00,0.000000000000000000e+00,0.000000000000000000e+00,0.000000000000000000e+00,0.000000000000000000e+00,0.000000000000000000e+00,0.000000000000000000e+00,0.000000000000000000e+00,0.000000000000000000e+00,0.000000000000000000e+00,0.000000000000000000e+00,0.000000000000000000e+00,0.000000000000000000e+00,0.000000000000000000e+00,0.000000000000000000e+00,0.000000000000000000e+00,0.000000000000000000e+00,0.000000000000000000e+00,0.000000000000000000e+00,0.000000000000000000e+00,0.000000000000000000e+00,0.000000000000000000e+00,0.000000000000000000e+00,0.000000000000000000e+00,0.000000000000000000e+00,0.000000000000000000e+00,0.000000000000000000e+00,0.000000000000000000e+00,0.000000000000000000e+00,0.000000000000000000e+00,0.000000000000000000e+00,0.000000000000000000e+00,0.000000000000000000e+00,0.000000000000000000e+00,0.000000000000000000e+00,0.000000000000000000e+00,0.000000000000000000e+00,0.000000000000000000e+00,0.000000000000000000e+00,0.000000000000000000e+00,0.000000000000000000e+00,0.000000000000000000e+00,0.000000000000000000e+00,0.000000000000000000e+00,0.000000000000000000e+00,0.000000000000000000e+00,0.000000000000000000e+00,0.000000000000000000e+00,0.000000000000000000e+00,0.000000000000000000e+00,0.000000000000000000e+00,0.000000000000000000e+00,0.000000000000000000e+00,0.000000000000000000e+00,0.000000000000000000e+00,0.000000000000000000e+00,0.000000000000000000e+00,0.000000000000000000e+00,0.000000000000000000e+00,0.000000000000000000e+00,0.000000000000000000e+00,0.000000000000000000e+00,0.000000000000000000e+00,0.000000000000000000e+00,0.000000000000000000e+00,0.000000000000000000e+00,0.000000000000000000e+00,0.000000000000000000e+00,0.000000000000000000e+00,0.000000000000000000e+00,0.000000000000000000e+00,0.000000000000000000e+00,0.000000000000000000e+00,0.000000000000000000e+00,0.000000000000000000e+00,0.000000000000000000e+00,0.000000000000000000e+00,0.000000000000000000e+00,0.000000000000000000e+00,0.000000000000000000e+00,0.000000000000000000e+00,0.000000000000000000e+00,0.000000000000000000e+00,0.000000000000000000e+00,0.000000000000000000e+00,0.000000000000000000e+00,0.000000000000000000e+00,0.000000000000000000e+00,0.000000000000000000e+00,0.000000000000000000e+00,0.000000000000000000e+00,0.000000000000000000e+00,0.000000000000000000e+00,0.000000000000000000e+00,0.000000000000000000e+00,0.000000000000000000e+00,0.000000000000000000e+00,0.000000000000000000e+00,0.000000000000000000e+00,0.000000000000000000e+00,0.000000000000000000e+00,0.000000000000000000e+00,0.000000000000000000e+00,0.000000000000000000e+00,0.000000000000000000e+00,0.000000000000000000e+00,0.000000000000000000e+00,0.000000000000000000e+00,0.000000000000000000e+00,0.000000000000000000e+00,0.000000000000000000e+00,0.000000000000000000e+00,0.000000000000000000e+00,0.000000000000000000e+00,0.000000000000000000e+00,0.000000000000000000e+00,0.000000000000000000e+00,0.000000000000000000e+00,0.000000000000000000e+00,0.000000000000000000e+00,0.000000000000000000e+00,0.000000000000000000e+00,0.000000000000000000e+00,0.000000000000000000e+00,0.000000000000000000e+00,0.000000000000000000e+00,0.000000000000000000e+00,0.000000000000000000e+00,2.224072151898548542e-04,2.687641955497544529e-04,2.397220954803523229e-04,1.974958917750102875e-04,1.747764100711933326e-04,1.779510865531715896e-04,1.986151737719594362e-04,2.242723254158796508e-04,2.471475722074862789e-04,2.630935460904234744e-04,2.727856743030907384e-04,2.775994547246429323e-04,2.798776915815654430e-04,2.809846018938344883e-04,2.820486626439275973e-04,2.833646605533012724e-04,2.850777615477196420e-04,2.869813321024768755e-04,2.889770053284165764e-04,2.908727445910378774e-04,2.926640067497642017e-04,2.942822329422732576e-04,2.958103302016828660e-04,2.972273668604199777e-04,2.986250548837926684e-04,2.999707353990183631e-04,3.013347126780957356e-04,3.026666690591666223e-04,3.040227055924432350e-04,3.053474098491205458e-04,3.066929260145531883e-04,3.080057248382956974e-04,3.093369395432793933e-04,3.106362560696812863e-04,3.119543039667635725e-04,3.132446153099756173e-04,3.145575387942117513e-04,3.158497972751027534e-04,3.171695935982716229e-04,3.184741079405367312e-04,3.198067597958553082e-04,3.211236115567206646e-04,3.224635475559260484e-04,3.237834361140911970e-04,3.251206009533901095e-04,3.264354512129868154e-04,3.277653239616756180e-04,3.290738299919354626e-04,3.303964406756896774e-04,3.316971785880469038e-04,3.330074328431932183e-04,3.342908258988295232e-04,3.355760776757270975e-04,3.368293539973812368e-04,3.380803705869422525e-04,3.393003461987502303e-04,3.405205189906561954e-04,3.417149497155039543e-04,3.429125825728277736e-04,3.440860780454701637e-04,3.452596625341250512e-04,3.464048583872462376e-04,3.475446224676999752e-04,3.486543216765729107e-04,3.497603976513448073e-04,3.508440567406791080e-04,3.519336886380357754e-04,3.530114248993621940e-04,3.541017016911038253e-04,3.551830520088368709e-04,3.562751296886588733e-04,3.573557521021428359e-04,3.584451252371346152e-04,3.595253264538159901e-04,3.606196718120600409e-04,3.617133927190825118e-04,3.628289444510182497e-04,3.639495066763032572e-04,3.650926288288419371e-04,3.662380525594379887e-04,3.674003072071654538e-04,3.685598876272556251e-04,3.697332628675477893e-04,3.709054331250158745e-04,3.720959955282275838e-04,3.732923870818053596e-04,3.745127245743823407e-04,3.757414245698668053e-04,3.769910959926551456e-04,3.782420136001330519e-04,3.795033448465234089e-04,3.807554562053545085e-04,3.820090470940817212e-04,3.832487683632322391e-04,3.844891294954514826e-04,3.857187196791548754e-04,3.869530197372956126e-04,3.881800071900038686e-04,3.894111693945961580e-04,3.906298544172131181e-04,3.918419133088143504e-04,3.930278404779737338e-04,3.941932137670072812e-04,3.953232085384968510e-04,3.964301692924119278e-04,3.975075869574724407e-04,3.985732850431727612e-04,3.996234419306116180e-04,4.006738231559053539e-04,4.017166770149651267e-04,4.027621458422431526e-04,4.037988284689454361e-04,4.048350444886743911e-04,4.058615751548335726e-04,4.068905180332472418e-04,4.079177979982669578e-04,4.089584257386911646e-04,4.100093045260000900e-04,4.110828195052134240e-04,4.121719934948655530e-04,4.132840322127710611e-04,4.144086740029529576e-04,4.155517876408521233e-04,4.167057100452896162e-04,4.178805990970824126e-04,4.190741622362509290e-04,4.202995399931929647e-04,4.215551147630038943e-04,4.228510364772186192e-04,4.241810557923218089e-04,4.255488576041231729e-04,4.269423681279152288e-04,4.283603150226643385e-04,4.297890218752787434e-04,4.312282577006775548e-04,4.326683017978585530e-04,4.341128138623411340e-04,4.355552641736901522e-04,4.370001015150934203e-04,4.384409538486247699e-04,4.398820212047822344e-04,4.413182287455270827e-04,4.427556122107781920e-04,4.441918495585604125e-04,4.456348639052410006e-04,4.470839297595488940e-04,4.485472068698091925e-04,4.500239860288260505e-04,4.515213056764351483e-04,4.530372558362667692e-04,4.545766402150981048e-04,4.561355776912445954e-04,4.577165441925189486e-04,4.593146106616333483e-04,4.609319047712444523e-04,4.625655056720879839e-04,4.642214674407988090e-04,4.659056239025687876e-04,4.676402770611782144e-04,4.694643779320635231e-04,4.714615766995396357e-04,4.737714354186796286e-04,4.765829398745029580e-04,4.799468824228843582e-04,4.831010232274039360e-04,4.826679728806579708e-04,4.692754122348007746e-04,4.242827211542573511e-04,3.247171449788005862e-04,1.662385010281446757e-04,2.974941955525510688e-05
0.000000000000000000e+00,0.000000000000000000e+00,0.000000000000000000e+00,0.000000000000000000e+00,0.000000000000000000e+00,0.000000000000000000e+00,0.000000000000000000e+00,0.000000000000000000e+00,0.000000000000000000e+00,0.000000000000000000e+00,0.000000000000000000e+00,0.000000000000000000e+00,0.000000000000000000e+00,0.000000000000000000e+00,0.000000000000000000e+00,0.000000000000000000e+00,0.000000000000000000e+00,0.000000000000000000e+00,0.000000000000000000e+00,0.000000000000000000e+00,0.000000000000000000e+00,0.000000000000000000e+00,0.000000000000000000e+00,0.000000000000000000e+00,0.000000000000000000e+00,0.000000000000000000e+00,0.000000000000000000e+00,0.000000000000000000e+00,0.000000000000000000e+00,0.000000000000000000e+00,0.000000000000000000e+00,0.000000000000000000e+00,0.000000000000000000e+00,0.000000000000000000e+00,0.000000000000000000e+00,0.000000000000000000e+00,0.000000000000000000e+00,0.000000000000000000e+00,0.000000000000000000e+00,0.000000000000000000e+00,0.000000000000000000e+00,0.000000000000000000e+00,0.000000000000000000e+00,0.000000000000000000e+00,0.000000000000000000e+00,0.000000000000000000e+00,0.000000000000000000e+00,0.000000000000000000e+00,0.000000000000000000e+00,0.000000000000000000e+00,0.000000000000000000e+00,0.000000000000000000e+00,0.000000000000000000e+00,0.000000000000000000e+00,0.000000000000000000e+00,0.000000000000000000e+00,0.000000000000000000e+00,0.000000000000000000e+00,0.000000000000000000e+00,0.000000000000000000e+00,0.000000000000000000e+00,0.000000000000000000e+00,0.000000000000000000e+00,0.000000000000000000e+00,0.000000000000000000e+00,0.000000000000000000e+00,0.000000000000000000e+00,0.000000000000000000e+00,0.000000000000000000e+00,0.000000000000000000e+00,0.000000000000000000e+00,0.000000000000000000e+00,0.000000000000000000e+00,0.000000000000000000e+00,0.000000000000000000e+00,0.000000000000000000e+00,0.000000000000000000e+00,0.000000000000000000e+00,0.000000000000000000e+00,0.000000000000000000e+00,0.000000000000000000e+00,0.000000000000000000e+00,0.000000000000000000e+00,0.000000000000000000e+00,0.000000000000000000e+00,0.000000000000000000e+00,0.000000000000000000e+00,0.000000000000000000e+00,0.000000000000000000e+00,0.000000000000000000e+00,0.000000000000000000e+00,0.000000000000000000e+00,0.000000000000000000e+00,0.000000000000000000e+00,0.000000000000000000e+00,0.000000000000000000e+00,0.000000000000000000e+00,0.000000000000000000e+00,0.000000000000000000e+00,0.000000000000000000e+00,0.000000000000000000e+00,0.000000000000000000e+00,0.000000000000000000e+00,0.000000000000000000e+00,0.000000000000000000e+00,0.000000000000000000e+00,0.000000000000000000e+00,0.000000000000000000e+00,0.000000000000000000e+00,0.000000000000000000e+00,0.000000000000000000e+00,0.000000000000000000e+00,0.000000000000000000e+00,0.000000000000000000e+00,0.000000000000000000e+00,0.000000000000000000e+00,0.000000000000000000e+00,0.000000000000000000e+00,0.000000000000000000e+00,0.000000000000000000e+00,0.000000000000000000e+00,0.000000000000000000e+00,0.000000000000000000e+00,0.000000000000000000e+00,0.000000000000000000e+00,0.000000000000000000e+00,0.000000000000000000e+00,0.000000000000000000e+00,0.000000000000000000e+00,0.000000000000000000e+00,0.000000000000000000e+00,0.000000000000000000e+00,0.000000000000000000e+00,0.000000000000000000e+00,0.000000000000000000e+00,0.000000000000000000e+00,0.000000000000000000e+00,0.000000000000000000e+00,0.000000000000000000e+00,0.000000000000000000e+00,0.000000000000000000e+00,0.000000000000000000e+00,0.000000000000000000e+00,0.000000000000000000e+00,0.000000000000000000e+00,0.000000000000000000e+00,0.000000000000000000e+00,0.000000000000000000e+00,0.000000000000000000e+00,0.000000000000000000e+00,0.000000000000000000e+00,0.000000000000000000e+00,0.000000000000000000e+00,0.000000000000000000e+00,0.000000000000000000e+00,0.000000000000000000e+00,0.000000000000000000e+00,0.000000000000000000e+00,0.000000000000000000e+00,0.000000000000000000e+00,0.000000000000000000e+00,0.000000000000000000e+00,0.000000000000000000e+00,0.000000000000000000e+00,0.000000000000000000e+00,0.000000000000000000e+00,0.000000000000000000e+00,0.000000000000000000e+00,0.000000000000000000e+00,2.084237383751136080e-04,2.433400209526370434e-04,2.171268573711779271e-04,1.862019727925018678e-04,1.725199746276034690e-04,1.817417404154544728e-04,2.024272114233327850e-04,2.270940185377227395e-04,2.476839018316973257e-04,2.628010877212507888e-04,2.715305871261805429e-04,2.760796655976396506e-04,2.778036587927194562e-04,2.785571368304219078e-04,2.791992923943905952e-04,2.802930729495429259e-04,2.818884149068230324e-04,2.838272031838409595e-04,2.859345626497642942e-04,2.879827133129606140e-04,2.899274297475439651e-04,2.916692101393782719e-04,2.932913925702119551e-04,2.947605819491292160e-04,2.961871968312609817e-04,2.975322764999852715e-04,2.988856091217323646e-04,3.001891982026294614e-04,3.015143594295762852e-04,3.027965472180745975e-04,3.040999131656410342e-04,3.053619608716823296e-04,3.066439146484230250e-04,3.078871617585328532e-04,3.091509084867556656e-04,3.103810849424105630e-04,3.116355644699103145e-04,3.128644792164871763e-04,3.141230528125768225e-04,3.153629614778050540e-04,3.166340728304293411e-04,3.178874611946204041e-04,3.191673665604512927e-04,3.204256460706004974e-04,3.217038294058112901e-04,3.229575146638727356e-04,3.242277599746738064e-04,3.254742168977839347e-04,3.267361937214519085e-04,3.279747263438760781e-04,3.292249212128217140e-04,3.304476866712591221e-04,3.316746184323900518e-04,3.328688314000209842e-04,3.340620198581780234e-04,3.352224155314189355e-04,3.363832047753325359e-04,3.375163535541986660e-04,3.386532726846819209e-04,3.397652660450652205e-04,3.408788091630218764e-04,3.419636375430214464e-04,3.430437550836913890e-04,3.440918943344210639e-04,3.451348775449550300e-04,3.461517024959878132e-04,3.471720740046228804e-04,3.481774720076865953e-04,3.491947426663269188e-04,3.502022994540019926e-04,3.512215832525442203e-04,3.522291470857011136e-04,3.532455484531224054e-04,3.542508006763090724e-04,3.552684716446085147e-04,3.562825841889966311e-04,3.573170328297585593e-04,3.583550114538652342e-04,3.594160648463021451e-04,3.604798294709853079e-04,3.615619396843800480e-04,3.626416669309430072e-04,3.637355109700958922e-04,3.648267914496610776e-04,3.659353653478332707e-04,3.670480155657226203e-04,3.681844290130360038e-04,3.693295517530913500e-04,3.704980038389584234e-04,3.716702655561832688e-04,3.728564750455616670e-04,3.740359388305082816e-04,3.752190917289036478e-04,3.763887724654676374e-04,3.775590672059146290e-04,3.787173676981801036e-04,3.798798564639037714e-04,3.810347660252215917e-04,3.821955859716787813e-04,3.833467764717138153e-04,3.844960959108417817e-04,3.856239768197052323e-04,3.867357126544759892e-04,3.878139834015580838e-04,3.888690359961873878e-04,3.898915668326223007e-04,3.908985945948864399e-04,3.918859381123990888e-04,3.928710741644960910e-04,3.938476827085203710e-04,3.948280678062229387e-04,3.958013634848733179e-04,3.967760219459067319e-04,3.977409940022248735e-04,3.987067029885485317e-04,3.996669086567209567e-04,4.006362104705424743e-04,4.016117640704151338e-04,4.026081314389859346e-04,4.036205718473738035e-04,4.046591931792279610e-04,4.057152366564514487e-04,4.067953534627252320e-04,4.078906262459322269e-04,4.090096126599076696e-04,4.101477681693349196e-04,4.113172293176751114e-04,4.125158890594937395e-04,4.137549776883307491e-04,4.150296392789596029e-04,4.163459796625340777e-04,4.176938823527621579e-04,4.190738201637040999e-04,4.204720005573092667e-04,4.218869156457058555e-04,4.233059999429683389e-04,4.247303883876135276e-04,4.261513837214007841e-04,4.275727816686324145e-04,4.289878917662688250e-04,4.304011420301483994e-04,4.318070328421435905e-04,4.332113443226316826e-04,4.346112023838162521e-04,4.360147459114684728e-04,4.374215375028439492e-04,4.388406864619984302e-04,4.402721109265479650e-04,4.417237444125755668e-04,4.431940857731263934e-04,4.446886769946483244e-04,4.462040246913004491e-04,4.477433881850936739e-04,4.493021738097492017e-04,4.508830742842034217e-04,4.524831057022295189e-04,4.541085278862656209e-04,4.557650776897308534e-04,4.574763180304207465e-04,4.592844724564995032e-04,4.612826731419627764e-04,4.636300602755414257e-04,4.665518796598440974e-04,4.701496391363774500e-04,4.737088087241523009e-04,4.738544372738773790e-04,4.611577024432635661e-04,4.169717377772725730e-04,3.185981440521534129e-04,1.624951291903203290e-04,2.892380900996444179e-05
0.000000000000000000e+00,0.000000000000000000e+00,0.000000000000000000e+00,0.000000000000000000e+00,0.000000000000000000e+00,0.000000000000000000e+00,0.000000000000000000e+00,0.000000000000000000e+00,0.000000000000000000e+00,0.000000000000000000e+00,0.000000000000000000e+00,0.000000000000000000e+00,0.000000000000000000e+00,0.000000000000000000e+00,0.000000000000000000e+00,0.000000000000000000e+00,0.000000000000000000e+00,0.000000000000000000e+00,0.000000000000000000e+00,0.000000000000000000e+00,0.000000000000000000e+00,0.000000000000000000e+00,0.000000000000000000e+00,0.000000000000000000e+00,0.000000000000000000e+00,0.000000000000000000e+00,0.000000000000000000e+00,0.000000000000000000e+00,0.000000000000000000e+00,0.000000000000000000e+00,0.000000000000000000e+00,0.000000000000000000e+00,0.000000000000000000e+00,0.000000000000000000e+00,0.000000000000000000e+00,0.000000000000000000e+00,0.000000000000000000e+00,0.000000000000000000e+00,0.000000000000000000e+00,0.000000000000000000e+00,0.000000000000000000e+00,0.000000000000000000e+00,0.000000000000000000e+00,0.000000000000000000e+00,0.000000000000000000e+00,0.000000000000000000e+00,0.000000000000000000e+00,0.000000000000000000e+00,0.000000000000000000e+00,0.000000000000000000e+00,0.000000000000000000e+00,0.000000000000000000e+00,0.000000000000000000e+00,0.000000000000000000e+00,0.000000000000000000e+00,0.000000000000000000e+00,0.000000000000000000e+00,0.000000000000000000e+00,0.000000000000000000e+00,0.000000000000000000e+00,0.000000000000000000e+00,0.000000000000000000e+00,0.000000000000000000e+00,0.000000000000000000e+00,0.000000000000000000e+00,0.000000000000000000e+00,0.000000000000000000e+00,0.000000000000000000e+00,0.000000000000000000e+00,0.000000000000000000e+00,0.000000000000000000e+00,0.000000000000000000e+00,0.000000000000000000e+00,0.000000000000000000e+00,0.000000000000000000e+00,0.000000000000000000e+00,0.000000000000000000e+00,0.000000000000000000e+00,0.000000000000000000e+00,0.000000000000000000e+00,0.000000000000000000e+00,0.000000000000000000e+00,0.000000000000000000e+00,0.000000000000000000e+00,0.000000000000000000e+00,0.000000000000000000e+00,0.000000000000000000e+00,0.000000000000000000e+00,0.000000000000000000e+00,0.000000000000000000e+00,0.000000000000000000e+00,0.000000000000000000e+00,0.000000000000000000e+00,0.000000000000000000e+00,0.000000000000000000e+00,0.000000000000000000e+00,0.000000000000000000e+00,0.000000000000000000e+00,0.000000000000000000e+00,0.000000000000000000e+00,0.000000000000000000e+00,0.000000000000000000e+00,0.000000000000000000e+00,0.000000000000000000e+00,0.000000000000000000e+00,0.000000000000000000e+00,0.000000000000000000e+00,0.000000000000000000e+00,0.000000000000000000e+00,0.000000000000000000e+00,0.000000000000000000e+00,0.000000000000000000e+00,0.000000000000000000e+00,0.000000000000000000e+00,0.000000000000000000e+00,0.000000000000000000e+00,0.000000000000000000e+00,0.000000000000000000e+00,0.000000000000000000e+00,0.000000000000000000e+00,0.000000000000000000e+00,0.000000000000000000e+00,0.000000000000000000e+00,0.000000000000000000e+00,0.000000000000000000e+00,0.000000000000000000e+00,0.000000000000000000e+00,0.000000000000000000e+00,0.000000000000000000e+00,0.000000000000000000e+00,0.000000000000000000e+00,0.000000000000000000e+00,0.000000000000000000e+00,0.000000000000000000e+00,0.000000000000000000e+00,0.000000000000000000e+00,0.000000000000000000e+00,0.000000000000000000e+00,0.000000000000000000e+00,0.000000000000000000e+00,0.000000000000000000e+00,0.000000000000000000e+00,0.000000000000000000e+00,0.000000000000000000e+00,0.000000000000000000e+00,0.000000000000000000e+00,0.000000000000000000e+00,0.000000000000000000e+00,0.000000000000000000e+00,0.000000000000000000e+00,0.000000000000000000e+00,0.000000000000000000e+00,0.000000000000000000e+00,0.000000000000000000e+00,0.000000000000000000e+00,0.000000000000000000e+00,0.000000000000000000e+00,0.000000000000000000e+00,0.000000000000000000e+00,0.000000000000000000e+00,0.000000000000000000e+00,0.000000000000000000e+00,0.000000000000000000e+00,0.000000000000000000e+00,0.000000000000000000e+00,0.000000000000000000e+00,0.000000000000000000e+00,0.000000000000000000e+00,0.000000000000000000e+00,1.819501460993871772e-04,2.076568499000910244e-04,1.921257592722935240e-04,1.770855842253995333e-04,1.777550514392970305e-04,1.903306579341840514e-04,2.109804910272133991e-04,2.308786068714638155e-04,2.493765176300322540e-04,2.620650961716280807e-04,2.703681206203873192e-04,2.739826668610410311e-04,2.753015788185060771e-04,2.752996649716132091e-04,2.754900673572264385e-04,2.761435094997397228e-04,2.775781580474654731e-04,2.794497410773089216e-04,2.816411948988901135e-04,2.837925335427025279e-04,2.858715190174598028e-04,2.877094491784090192e-04,2.894119260143874551e-04,2.909177377083340559e-04,2.923659034407212649e-04,2.937042216895658395e-04,2.950465064600974190e-04,2.963232383846685337e-04,2.976230370841868563e-04,2.988697861840315597e-04,3.001407445135920084e-04,3.013629129457425556e-04,3.026083730483972406e-04,3.038092634986020520e-04,3.050339161352146923e-04,3.062199561963495744e-04,3.074330537217607323e-04,3.086161272345425101e-04,3.098315052150615130e-04,3.110249003825162886e-04,3.122527207184777956e-04,3.134608532729919739e-04,3.146990461008889925e-04,3.159141136983404405e-04,3.171518707106395479e-04,3.183630613549360525e-04,3.195923629718477269e-04,3.207953697192015099e-04,3.220150202389357843e-04,3.232093372003085573e-04,3.244169988811895734e-04,3.255963455865713949e-04,3.267817869616222249e-04,3.279336026235941796e-04,3.290853292744740717e-04,3.302023291034622901e-04,3.313194592652499658e-04,3.324066671073260741e-04,3.334976074779646689e-04,3.345625036176234609e-04,3.356301072529959914e-04,3.366688664609662177e-04,3.377039276143316629e-04,3.387057505752397277e-04,3.397013017524454378e-04,3.406673162217698620e-04,3.416342442851031075e-04,3.425827498636880371e-04,3.435416981857718883e-04,3.444895969192382284e-04,3.454497002862627945e-04,3.463977607781581602e-04,3.473547149342758652e-04,3.482987359940347923e-04,3.492533476902140205e-04,3.502013237138956042e-04,3.511676431259631772e-04,3.521356230832935132e-04,3.531267574271519704e-04,3.541209867930225435e-04,3.551351849736805451e-04,3.561477697431406639e-04,3.571751783448554800e-04,3.581990457133929408e-04,3.592390139389467518e-04,3.602809358643625543e-04,3.613455889253264241e-04,3.624184479660817488e-04,3.635161423517069539e-04,3.646198166950690486e-04,3.657408745139257710e-04,3.668580626683913266e-04,3.679816756106324611e-04,3.690928881538143376e-04,3.702050558249130215e-04,3.713040954030616251e-04,3.724062995148017799e-04,3.734997851307397831e-04,3.745996043943796328e-04,3.756913518486688442e-04,3.767848977343575176e-04,3.778613933909655341e-04,3.789266859960788137e-04,3.799619100986253713e-04,3.809755891655516630e-04,3.819555591679671489e-04,3.829172488787657746e-04,3.838552054490001553e-04,3.847876143716166646e-04,3.857090679662250176e-04,3.866338513953319986e-04,3.875521011667117186e-04,3.884731238869837530e-04,3.893849902772443181e-04,3.902969856254787941e-04,3.912008004479712738e-04,3.921100325480683917e-04,3.930212924897829533e-04,3.939504140585136662e-04,3.948943692358879219e-04,3.958659877572549683e-04,3.968584517370422914e-04,3.978799515553756356e-04,3.989212746094756732e-04,3.999899429507251065e-04,4.010792402990295217e-04,4.021997575864442098e-04,4.033481773572784824e-04,4.045360171480954343e-04,4.057592269552812853e-04,4.070258521295255110e-04,4.083276668188987588e-04,4.096673447298812033e-04,4.110321738797491722e-04,4.124208299632727351e-04,4.138190798924577243e-04,4.152257155774842804e-04,4.166291285566412557e-04,4.180312044669474113e-04,4.194240289191052845e-04,4.208120354247492432e-04,4.221897815461190607e-04,4.235633792628648304e-04,4.249297289733725480e-04,4.262969593956800868e-04,4.276644422583412400e-04,4.290417225261886872e-04,4.304291941748103131e-04,4.318358172818932998e-04,4.332609412492307199e-04,4.347112450491471582e-04,4.361840162244325471e-04,4.376834255200745972e-04,4.392053308572907498e-04,4.407528675918066493e-04,4.423229784878705199e-04,4.439218694540177958e-04,4.455551269994365601e-04,4.472472445826197371e-04,4.490438993220213565e-04,4.510479239570762606e-04,4.534396625168846486e-04,4.564827710536339977e-04,4.603329103158418953e-04,4.643239536781966275e-04,4.650802367164719306e-04,4.531075219357753718e-04,4.097494366415270766e-04,3.125819661347383274e-04,1.588338887459349346e-04,2.811817095978051269e-05
0.000000000000000000e+00,0.000000000000000000e+00,0.000000000000000000e+00,0.000000000000000000e+00,0.000000000000000000e+00,0.000000000000000000e+00,0.000000000000000000e+00,0.000000000000000000e+00,0.000000000000000000e+00,0.000000000000000000e+00,0.000000000000000000e+00,0.000000000000000000e+00,0.000000000000000000e+00,0.000000000000000000e+00,0.000000000000000000e+00,0.000000000000000000e+00,0.000000000000000000e+00,0.000000000000000000e+00,0.000000000000000000e+00,0.000000000000000000e+00,0.000000000000000000e+00,0.000000000000000000e+00,0.000000000000000000e+00,0.000000000000000000e+00,0.000000000000000000e+00,0.000000000000000000e+00,0.000000000000000000e+00,0.000000000000000000e+00,0.000000000000000000e+00,0.000000000000000000e+00,0.000000000000000000e+00,0.000000000000000000e+00,0.000000000000000000e+00,0.000000000000000000e+00,0.000000000000000000e+00,0.000000000000000000e+00,0.000000000000000000e+00,0.000000000000000000e+00,0.000000000000000000e+00,0.000000000000000000e+00,0.000000000000000000e+00,0.000000000000000000e+00,0.000000000000000000e+00,0.000000000000000000e+00,0.000000000000000000e+00,0.000000000000000000e+00,0.000000000000000000e+00,0.000000000000000000e+00,0.000000000000000000e+00,0.000000000000000000e+00,0.000000000000000000e+00,0.000000000000000000e+00,0.000000000000000000e+00,0.000000000000000000e+00,0.000000000000000000e+00,0.000000000000000000e+00,0.000000000000000000e+00,0.000000000000000000e+00,0.000000000000000000e+00,0.000000000000000000e+00,0.000000000000000000e+00,0.000000000000000000e+00,0.000000000000000000e+00,0.000000000000000000e+00,0.000000000000000000e+00,0.000000000000000000e+00,0.000000000000000000e+00,0.000000000000000000e+00,0.000000000000000000e+00,0.000000000000000000e+00,0.000000000000000000e+00,0.000000000000000000e+00,0.000000000000000000e+00,0.000000000000000000e+00,0.000000000000000000e+00,0.000000000000000000e+00,0.000000000000000000e+00,0.000000000000000000e+00,0.000000000000000000e+00,0.000000000000000000e+00,0.000000000000000000e+00,0.000000000000000000e+00,0.000000000000000000e+00,0.000000000000000000e+00,0.000000000000000000e+00,0.000000000000000000e+00,0.000000000000000000e+00,0.000000000000000000e+00,0.000000000000000000e+00,0.000000000000000000e+00,0.000000000000000000e+00,0.000000000000000000e+00,0.000000000000000000e+00,0.000000000000000000e+00,0.000000000000000000e+00,0.000000000000000000e+00,0.000000000000000000e+00,0.000000000000000000e+00,0.000000000000000000e+00,0.000000000000000000e+00,0.000000000000000000e+00,0.000000000000000000e+00,0.000000000000000000e+00,0.000000000000000000e+00,0.000000000000000000e+00,0.000000000000000000e+00,0.000000000000000000e+00,0.000000000000000000e+00,0.000000000000000000e+00,0.000000000000000000e+00,0.000000000000000000e+00,0.000000000000000000e+00,0.000000000000000000e+00,0.000000000000000000e+00,0.000000000000000000e+00,0.000000000000000000e+00,0.000000000000000000e+00,0.000000000000000000e+00,0.000000000000000000e+00,0.000000000000000000e+00,0.000000000000000000e+00,0.000000000000000000e+00,0.000000000000000000e+00,0.000000000000000000e+00,0.000000000000000000e+00,0.000000000000000000e+00,0.000000000000000000e+00,0.000000000000000000e+00,0.000000000000000000e+00,0.000000000000000000e+00,0.000000000000000000e+00,0.000000000000000000e+00,0.000000000000000000e+00,0.000000000000000000e+00,0.000000000000000000e+00,0.000000000000000000e+00,0.000000000000000000e+00,0.000000000000000000e+00,0.000000000000000000e+00,0.000000000000000000e+00,0.000000000000000000e+00,0.000000000000000000e+00,0.000000000000000000e+00,0.000000000000000000e+00,0.000000000000000000e+00,0.000000000000000000e+00,0.000000000000000000e+00,0.000000000000000000e+00,0.000000000000000000e+00,0.000000000000000000e+00,0.000000000000000000e+00,0.000000000000000000e+00,0.000000000000000000e+00,0.000000000000000000e+00,0.000000000000000000e+00,0.000000000000000000e+00,0.000000000000000000e+00,0.000000000000000000e+00,0.000000000000000000e+00,0.000000000000000000e+00,0.000000000000000000e+00,0.000000000000000000e+00,0.000000000000000000e+00,0.000000000000000000e+00,0.000000000000000000e+00,0.000000000000000000e+00,0.000000000000000000e+00,0.000000000000000000e+00,0.000000000000000000e+00,1.486437944365943150e-04,1.720163796959158907e-04,1.719024883164201316e-04,1.780316836900070778e-04,1.866050201730672163e-04,2.026980593169248424e-04,2.165626027912166316e-04,2.337770643456747385e-04,2.481959117917740729e-04,2.608602611719563688e-04,2.681447208684164456e-04,2.716739719632889870e-04,2.720607521108062729e-04,2.714240037584620562e-04,2.708164242574320865e-04,2.709998067672851510e-04,2.721038842238543399e-04,2.738727378406263075e-04,2.760673825250279409e-04,2.782906027168316238e-04,2.804586688221719385e-04,2.823669131952347491e-04,2.841231574429468670e-04,2.856489614828244556e-04,2.871059420270210692e-04,2.884309183557083210e-04,2.897598133026926099e-04,2.910112785871147309e-04,2.922904989358869718e-04,2.935090859013948957e-04,2.947570639489890997e-04,2.959504939413225332e-04,2.971721422888600633e-04,2.983447657490332760e-04,2.995456403944747733e-04,3.007040516562230811e-04,3.018931191778111926e-04,3.030484781327012810e-04,3.042390885233808850e-04,3.054046904890481595e-04,3.066078265703319015e-04,3.077893855973381208e-04,3.090043684235092955e-04,3.101948835974845326e-04,3.114108033725587732e-04,3.125983252582464206e-04,3.138054080092225534e-04,3.149837918820990812e-04,3.161796307220444534e-04,3.173481394684123081e-04,3.185312261238022356e-04,3.196849863871152543e-04,3.208464137576655644e-04,3.219733168233108339e-04,3.231007994144523255e-04,3.241915802220437376e-04,3.252817630715145771e-04,3.263393945054475498e-04,3.273999837895631335e-04,3.284329580463779368e-04,3.294692518533357526e-04,3.304765974765267616e-04,3.314813849882217557e-04,3.324523357229875581e-04,3.334164116356683216e-04,3.343481893451334219e-04,3.352783042838256185e-04,3.361864472226134171e-04,3.371029851257528222e-04,3.380066527296460657e-04,3.389224337888850397e-04,3.398257461371751906e-04,3.407379374444585675e-04,3.416356348209849685e-04,3.425420276182193310e-04,3.434385969084223760e-04,3.443509623466711506e-04,3.452625980043426477e-04,3.461968138793946551e-04,3.471342689711827563e-04,3.480932584761886974e-04,3.490518491877380477e-04,3.500264487828602385e-04,3.509971352039631788e-04,3.519829041205564495e-04,3.529683765510253316e-04,3.539747929121536425e-04,3.549879746102825280e-04,3.560263662163599811e-04,3.570721423227289594e-04,3.581382509767006093e-04,3.592034736112486855e-04,3.602782177115248152e-04,3.613423170530054968e-04,3.624082283119376508e-04,3.634602250275400246e-04,3.645141334729753210e-04,3.655575435256099058e-04,3.666064942497533814e-04,3.676475482282156714e-04,3.686926313100618441e-04,3.697241651677520198e-04,3.707492550498701911e-04,3.717485315511672643e-04,3.727294616882718438e-04,3.736773887625575129e-04,3.746057331275302231e-04,3.755070461128904918e-04,3.763991497047460759e-04,3.772767915856162398e-04,3.781557048501213848e-04,3.790271460017327729e-04,3.799017229026183345e-04,3.807675379243686859e-04,3.816335128851327304e-04,3.824898314453552359e-04,3.833489520712942420e-04,3.842064084203532562e-04,3.850783777136575128e-04,3.859627873282235068e-04,3.868746280301829763e-04,3.878090529090393729e-04,3.887762091990727979e-04,3.897674504559669713e-04,3.907900246325166928e-04,3.918355482055522337e-04,3.929129331804057600e-04,3.940171691508020132e-04,3.951593174672429396e-04,3.963355419845877360e-04,3.975552979223414304e-04,3.988119692385400138e-04,4.001103490937900245e-04,4.014392801269497566e-04,4.027985938397035410e-04,4.041737712449517132e-04,4.055623872153945046e-04,4.069503965299975834e-04,4.083373000906726251e-04,4.097129549238575003e-04,4.110807234288612775e-04,4.124346514948344688e-04,4.137811468566470158e-04,4.151172458371540767e-04,4.164513860805632182e-04,4.177828464405869521e-04,4.191213991493591821e-04,4.204676015587880235e-04,4.218311906473003626e-04,4.232123235257118218e-04,4.246189955078256213e-04,4.260495751326063749e-04,4.275095180665192791e-04,4.289954081305298551e-04,4.305110801295939445e-04,4.320534444246808725e-04,4.336287156544312536e-04,4.352421186704276152e-04,4.369190582408700486e-04,4.387084964512815615e-04,4.407236371376762924e-04,4.431672202021787643e-04,4.463443616335050369e-04,4.504678933197386794e-04,4.549221913491385393e-04,4.563265615933271885e-04,4.451128998486873203e-04,4.026077444294491581e-04,3.066621313066149128e-04,1.552478687424540182e-04,2.733020690057135984e-05
0.000000000000000000e+00,0.000000000000000000e+00,0.000000000000000000e+00,0.000000000000000000e+00,0.000000000000000000e+00,0.000000000000000000e+00,0.000000000000000000e+00,0.000000000000000000e+00,0.000000000000000000e+00,0.000000000000000000e+00,0.000000000000000000e+00,0.000000000000000000e+00,0.000000000000000000e+00,0.000000000000000000e+00,0.000000000000000000e+00,0.000000000000000000e+00,0.000000000000000000e+00,0.000000000000000000e+00,0.000000000000000000e+00,0.000000000000000000e+00,0.000000000000000000e+00,0.000000000000000000e+00,0.000000000000000000e+00,0.000000000000000000e+00,0.000000000000000000e+00,0.000000000000000000e+00,0.000000000000000000e+00,0.000000000000000000e+00,0.000000000000000000e+00,0.000000000000000000e+00,0.000000000000000000e+00,0.000000000000000000e+00,0.000000000000000000e+00,0.000000000000000000e+00,0.000000000000000000e+00,0.000000000000000000e+00,0.000000000000000000e+00,0.000000000000000000e+00,0.000000000000000000e+00,0.000000000000000000e+00,0.000000000000000000e+00,0.000000000000000000e+00,0.000000000000000000e+00,0.000000000000000000e+00,0.000000000000000000e+00,0.000000000000000000e+00,0.000000000000000000e+00,0.000000000000000000e+00,0.000000000000000000e+00,0.000000000000000000e+00,0.000000000000000000e+00,0.000000000000000000e+00,0.000000000000000000e+00,0.000000000000000000e+00,0.000000000000000000e+00,0.000000000000000000e+00,0.000000000000000000e+00,0.000000000000000000e+00,0.000000000000000000e+00,0.000000000000000000e+00,0.000000000000000000e+00,0.000000000000000000e+00,0.000000000000000000e+00,0.000000000000000000e+00,0.000000000000000000e+00,0.000000000000000000e+00,0.000000000000000000e+00,0.000000000000000000e+00,0.000000000000000000e+00,0.000000000000000000e+00,0.000000000000000000e+00,0.000000000000000000e+00,0.000000000000000000e+00,0.000000000000000000e+00,0.000000000000000000e+00,0.000000000000000000e+00,0.000000000000000000e+00,0.000000000000000000e+00,0.000000000000000000e+00,0.000000000000000000e+00,0.000000000000000000e+00,0.000000000000000000e+00,0.000000000000000000e+00,0.000000000000000000e+00,0.000000000000000000e+00,0.000000000000000000e+00,0.000000000000000000e+00,0.000000000000000000e+00,0.000000000000000000e+00,0.000000000000000000e+00,0.000000000000000000e+00,0.000000000000000000e+00,0.000000000000000000e+00,0.000000000000000000e+00,0.000000000000000000e+00,0.000000000000000000e+00,0.000000000000000000e+00,0.000000000000000000e+00,0.000000000000000000e+00,0.000000000000000000e+00,0.000000000000000000e+00,0.000000000000000000e+00,0.000000000000000000e+00,0.000000000000000000e+00,0.000000000000000000e+00,0.000000000000000000e+00,0.000000000000000000e+00,0.000000000000000000e+00,0.000000000000000000e+00,0.000000000000000000e+00,0.000000000000000000e+00,0.000000000000000000e+00,0.000000000000000000e+00,0.000000000000000000e+00,0.000000000000000000e+00,0.000000000000000000e+00,0.000000000000000000e+00,0.000000000000000000e+00,0.000000000000000000e+00,0.000000000000000000e+00,0.000000000000000000e+00,0.000000000000000000e+00,0.000000000000000000e+00,0.000000000000000000e+00,0.000000000000000000e+00,0.000000000000000000e+00,0.000000000000000000e+00,0.000000000000000000e+00,0.000000000000000000e+00,0.000000000000000000e+00,0.000000000000000000e+00,0.000000000000000000e+00,0.000000000000000000e+00,0.000000000000000000e+00,0.000000000000000000e+00,0.000000000000000000e+00,0.000000000000000000e+00,0.000000000000000000e+00,0.000000000000000000e+00,0.000000000000000000e+00,0.000000000000000000e+00,0.000000000000000000e+00,0.000000000000000000e+00,0.000000000000000000e+00,0.000000000000000000e+00,0.000000000000000000e+00,0.000000000000000000e+00,0.000000000000000000e+00,0.000000000000000000e+00,0.000000000000000000e+00,0.000000000000000000e+00,0.000000000000000000e+00,0.000000000000000000e+00,0.000000000000000000e+00,0.000000000000000000e+00,0.000000000000000000e+00,0.000000000000000000e+00,0.000000000000000000e+00,0.000000000000000000e+00,0.000000000000000000e+00,0.000000000000000000e+00,0.000000000000000000e+00,0.000000000000000000e+00,0.000000000000000000e+00,0.000000000000000000e+00,0.000000000000000000e+00,0.000000000000000000e+00,0.000000000000000000e+00,0.000000000000000000e+00,1.122513810379675966e-04,1.450986966859035192e-04,1.723534798033788664e-04,1.890823696581076755e-04,2.022287032872458932e-04,2.049629706245018545e-04,2.155080587106247652e-04,2.265870946907306703e-04,2.435336674849521718e-04,2.562798612508343662e-04,2.651897110311631856e-04,2.681852909521104350e-04,2.682641872862801175e-04,2.665298175906781518e-04,2.652189207469555750e-04,2.646844064501025807e-04,2.654656168432341454e-04,2.670180786454043678e-04,2.692021568927980852e-04,2.714356374167838440e-04,2.736710958747617050e-04,2.756127766916152146e-04,2.774058250724937701e-04,2.789333723612351422e-04,2.803922938306137248e-04,2.816996658782270160e-04,2.830171359908710072e-04,2.842480110488069091e-04,2.855144556546858076e-04,2.867147803001573667e-04,2.879511956052387069e-04,2.891289736127822881e-04,2.903407366281151019e-04,2.915005183352947543e-04,2.926936366818010961e-04,2.938417863307012166e-04,2.950245222948570624e-04,2.961708252166889328e-04,2.973552050599394215e-04,2.985120000007667656e-04,2.997089289001068284e-04,3.008825533944523706e-04,3.020924016439902634e-04,3.032766410960129207e-04,3.044886033361884664e-04,3.056706363528039123e-04,3.068733514978443273e-04,3.080451756681927837e-04,3.092348185819790299e-04,3.103951663758360534e-04,3.115708055095701241e-04,3.127161377819896943e-04,3.138703492469772601e-04,3.149893451257097516e-04,3.161093991077503938e-04,3.171909683382078131e-04,3.182708396213340478e-04,3.193153354352556094e-04,3.203612361774765198e-04,3.213774386687334684e-04,3.223967857798952204e-04,3.233868874074803950e-04,3.243754294479806594e-04,3.253300805809082965e-04,3.262777377481457025e-04,3.271911212585702474e-04,3.281005527623577023e-04,3.289846600433191473e-04,3.298747058845259272e-04,3.307497194214838393e-04,3.316362090425608840e-04,3.325097104467299126e-04,3.333920111544992084e-04,3.342585679382310956e-04,3.351319749649692863e-04,3.359923962329380257e-04,3.368655593801613804e-04,3.377350211586184004e-04,3.386256247243801419e-04,3.395190889334131915e-04,3.404352965796032587e-04,3.413525714959860131e-04,3.422874712834743610e-04,3.432188381463145655e-04,3.441647247092055628e-04,3.451082881337074891e-04,3.460705288060892206e-04,3.470372682182929717e-04,3.480283370109911716e-04,3.490271249076748786e-04,3.500482965714412265e-04,3.510712858698808274e-04,3.521069643472613669e-04,3.531343259493607205e-04,3.541649394961093465e-04,3.551814374838475289e-04,3.561986885524462410e-04,3.572033618856000473e-04,3.582118210778270292e-04,3.592112766332826467e-04,3.602154078589379677e-04,3.612081941351156589e-04,3.621984699858274816e-04,3.631673386095150618e-04,3.641220181423075156e-04,3.650460848220333501e-04,3.659509526213170394e-04,3.668267978692471803e-04,3.676901251020685138e-04,3.685349869359587447e-04,3.693777615476689447e-04,3.702106089908535624e-04,3.710455412548295528e-04,3.718713838203873290e-04,3.726974621621387046e-04,3.735132922463219908e-04,3.743304932150352490e-04,3.751434138342990597e-04,3.759678531306105361e-04,3.768018896316533512e-04,3.776618376852263078e-04,3.785444657820511935e-04,3.794618929516397590e-04,3.804066389258902933e-04,3.813864203932796466e-04,3.823919636995902808e-04,3.834307830580453605e-04,3.844960552001049710e-04,3.855977882598391306e-04,3.867317487941212932e-04,3.879081948777168419e-04,3.891217760901077372e-04,3.903791454581154391e-04,3.916707668875150754e-04,3.929979949929982767e-04,3.943469449075935303e-04,3.957151418119020533e-04,3.970872841990411603e-04,3.984610771802232234e-04,3.998240521592428122e-04,4.011776785976064498e-04,4.025144733933253829e-04,4.038402133189988408e-04,4.051516279291447406e-04,4.064573570380254890e-04,4.077567737355497013e-04,4.090600001155767006e-04,4.103678446791588896e-04,4.116907220523423794e-04,4.130295589153400409e-04,4.143936050700031495e-04,4.157824652102248462e-04,4.172030332155746558e-04,4.186529604814112995e-04,4.201369797061265993e-04,4.216522774662310969e-04,4.232050934585175205e-04,4.248004306841875037e-04,4.264644148305980829e-04,4.282495555325497162e-04,4.302797872176845309e-04,4.327821289299528052e-04,4.361058645626434815e-04,4.405252204415007616e-04,4.454766937291700720e-04,4.475717413486128842e-04,4.371578867855395066e-04,3.955367223028258836e-04,3.008307741106394455e-04,1.517321001516665181e-04,2.655707999168582497e-05
0.000000000000000000e+00,0.000000000000000000e+00,0.000000000000000000e+00,0.000000000000000000e+00,0.000000000000000000e+00,0.000000000000000000e+00,0.000000000000000000e+00,0.000000000000000000e+00,0.000000000000000000e+00,0.000000000000000000e+00,0.000000000000000000e+00,0.000000000000000000e+00,0.000000000000000000e+00,0.000000000000000000e+00,0.000000000000000000e+00,0.000000000000000000e+00,0.000000000000000000e+00,0.000000000000000000e+00,0.000000000000000000e+00,0.000000000000000000e+00,0.000000000000000000e+00,0.000000000000000000e+00,0.000000000000000000e+00,0.000000000000000000e+00,0.000000000000000000e+00,0.000000000000000000e+00,0.000000000000000000e+00,0.000000000000000000e+00,0.000000000000000000e+00,0.000000000000000000e+00,0.000000000000000000e+00,0.000000000000000000e+00,0.000000000000000000e+00,0.000000000000000000e+00,0.000000000000000000e+00,0.000000000000000000e+00,0.000000000000000000e+00,0.000000000000000000e+00,0.000000000000000000e+00,0.000000000000000000e+00,0.000000000000000000e+00,0.000000000000000000e+00,0.000000000000000000e+00,0.000000000000000000e+00,0.000000000000000000e+00,0.000000000000000000e+00,0.000000000000000000e+00,0.000000000000000000e+00,0.000000000000000000e+00,0.000000000000000000e+00,0.000000000000000000e+00,0.000000000000000000e+00,0.000000000000000000e+00,0.000000000000000000e+00,0.000000000000000000e+00,0.000000000000000000e+00,0.000000000000000000e+00,0.000000000000000000e+00,0.000000000000000000e+00,0.000000000000000000e+00,0.000000000000000000e+00,0.000000000000000000e+00,0.000000000000000000e+00,0.000000000000000000e+00,0.000000000000000000e+00,0.000000000000000000e+00,0.000000000000000000e+00,0.000000000000000000e+00,0.000000000000000000e+00,0.000000000000000000e+00,0.000000000000000000e+00,0.000000000000000000e+00,0.000000000000000000e+00,0.000000000000000000e+00,0.000000000000000000e+00,0.000000000000000000e+00,0.000000000000000000e+00,0.000000000000000000e+00,0.000000000000000000e+00,0.000000000000000000e+00,0.000000000000000000e+00,0.000000000000000000e+00,0.000000000000000000e+00,0.000000000000000000e+00,0.000000000000000000e+00,0.000000000000000000e+00,0.000000000000000000e+00,0.000000000000000000e+00,0.000000000000000000e+00,0.000000000000000000e+00,0.000000000000000000e+00,0.000000000000000000e+00,0.000000000000000000e+00,0.000000000000000000e+00,0.000000000000000000e+00,0.000000000000000000e+00,0.000000000000000000e+00,0.000000000000000000e+00,0.000000000000000000e+00,0.000000000000000000e+00,0.000000000000000000e+00,0.000000000000000000e+00,0.000000000000000000e+00,0.000000000000000000e+00,0.000000000000000000e+00,0.000000000000000000e+00,0.000000000000000000e+00,0.000000000000000000e+00,0.000000000000000000e+00,0.000000000000000000e+00,0.000000000000000000e+00,0.000000000000000000e+00,0.000000000000000000e+00,0.000000000000000000e+00,0.000000000000000000e+00,0.000000000000000000e+00,0.000000000000000000e+00,0.000000000000000000e+00,0.000000000000000000e+00,0.000000000000000000e+00,0.000000000000000000e+00,0.000000000000000000e+00,0.000000000000000000e+00,0.000000000000000000e+00,0.000000000000000000e+00,0.000000000000000000e+00,0.000000000000000000e+00,0.000000000000000000e+00,0.000000000000000000e+00,0.000000000000000000e+00,0.000000000000000000e+00,0.000000000000000000e+00,0.000000000000000000e+00,0.000000000000000000e+00,0.000000000000000000e+00,0.000000000000000000e+00,0.000000000000000000e+00,0.000000000000000000e+00,0.000000000000000000e+00,0.000000000000000000e+00,0.000000000000000000e+00,0.000000000000000000e+00,0.000000000000000000e+00,0.000000000000000000e+00,0.000000000000000000e+00,0.000000000000000000e+00,0.000000000000000000e+00,0.000000000000000000e+00,0.000000000000000000e+00,0.000000000000000000e+00,0.000000000000000000e+00,0.000000000000000000e+00,0.000000000000000000e+00,0.000000000000000000e+00,0.000000000000000000e+00,0.000000000000000000e+00,0.000000000000000000e+00,0.000000000000000000e+00,0.000000000000000000e+00,0.000000000000000000e+00,0.000000000000000000e+00,0.000000000000000000e+00,0.000000000000000000e+00,0.000000000000000000e+00,0.000000000000000000e+00,0.000000000000000000e+00,0.000000000000000000e+00,0.000000000000000000e+00,0.000000000000000000e+00,1.024745254833005583e-04,1.640615832797170199e-04,2.068378791451839507e-04,2.250122176632868016e-04,2.040142128172439727e-04,1.936658443377938107e-04,1.900687104816480661e-04,2.091476200673958615e-04,2.299924502711378558e-04,2.489369086533552524e-04,2.594866802449522338e-04,2.636510952609390571e-04,2.629700416493880514e-04,2.605358116292321368e-04,2.582522540660385458e-04,2.571211563580000814e-04,2.574735515080799606e-04,2.588483395771209246e-04,2.609706197914007280e-04,2.632137200070368364e-04,2.654839819413457318e-04,2.674497761774269713e-04,2.692636089079817620e-04,2.707908787025551907e-04,2.722504853798901202e-04,2.735472421579177027e-04,2.748613671791111141e-04,2.760842060248289327e-04,2.773505801380658884e-04,2.785478915547353945e-04,2.797876036875686671e-04,2.809663297295421250e-04,2.821843024144063362e-04,2.833488065154708886e-04,2.845513093802146641e-04,2.857076622426572583e-04,2.869020908361578893e-04,2.880583579017355366e-04,2.892548209973798542e-04,2.904216335956991439e-04,2.916301859239054739e-04,2.928139040669644152e-04,2.940356499240759825e-04,2.952308597563010960e-04,2.964553499998435538e-04,2.976487082286133085e-04,2.988632673907642761e-04,3.000450107637471844e-04,3.012442870870192958e-04,3.024123958499048883e-04,3.035958342675068393e-04,3.047480873314133447e-04,3.059099922503242652e-04,3.070363435012661200e-04,3.081641033930203680e-04,3.092520493322354941e-04,3.103369980829597365e-04,3.113838207869243585e-04,3.124298140196531972e-04,3.134435805623707479e-04,3.144593803258631482e-04,3.154452527099258744e-04,3.164301155117466837e-04,3.173813604059247655e-04,3.183258166399917941e-04,3.192348496099045650e-04,3.201380693133624262e-04,3.210130714912100172e-04,3.218913746126874807e-04,3.227523318379367837e-04,3.236236545495520256e-04,3.244814182266760549e-04,3.253478644533491001e-04,3.261977410518965715e-04,3.270528467431032984e-04,3.278920633272215429e-04,3.287406415276808587e-04,3.295820411915589289e-04,3.304421687686083737e-04,3.313039929282262622e-04,3.321890437703462211e-04,3.330765365307655291e-04,3.339834706863378778e-04,3.348879835357756844e-04,3.358070950330099770e-04,3.367224416766061699e-04,3.376541211933270243e-04,3.385875232480420652e-04,3.395432178506219666e-04,3.405057596822273964e-04,3.414915017197172860e-04,3.424810702757422596e-04,3.434861756575291556e-04,3.444856118405649264e-04,3.454902568691571303e-04,3.464813179271866305e-04,3.474723722308533823e-04,3.484488667579593597e-04,3.494268096743972018e-04,3.503936386561782397e-04,3.513642776532577045e-04,3.523242881052793762e-04,3.532844178230177623e-04,3.542270285478122619e-04,3.551598736938268324e-04,3.560657020115294471e-04,3.569543002091263143e-04,3.578135172292000736e-04,3.586578790587671489e-04,3.594799800470875432e-04,3.602959042804871389e-04,3.610982304115954201e-04,3.619001339823746345e-04,3.626915403731962770e-04,3.634827420198075642e-04,3.642634560344730206e-04,3.650450307551272172e-04,3.658209479750477349e-04,3.666062855623474295e-04,3.673986574069941394e-04,3.682147849088384002e-04,3.690524129265396170e-04,3.699252488872615012e-04,3.708272170893486190e-04,3.717670437770384789e-04,3.727354110445999023e-04,3.737390243365763679e-04,3.747695384574091970e-04,3.758356071636276253e-04,3.769320650620064167e-04,3.780692573708566975e-04,3.792426130181203816e-04,3.804602799042453433e-04,3.817142854201297083e-04,3.830075965480255373e-04,3.843274425758799241e-04,3.856720528715794458e-04,3.870259635832888861e-04,3.883860958142901546e-04,3.897383829410272374e-04,3.910824603520604613e-04,3.924088230696439221e-04,3.937216665117180300e-04,3.950164455403363281e-04,3.963011854193360800e-04,3.975749086961144875e-04,3.988479012072846590e-04,4.001212566025869164e-04,4.014061502832559311e-04,4.027043919434948973e-04,4.040265992436369003e-04,4.053737511580019523e-04,4.067543882239295144e-04,4.081674507859337788e-04,4.096188706794878657e-04,4.111063064845427184e-04,4.126362606979401483e-04,4.142135037330159386e-04,4.158650085105961079e-04,4.176468261855101208e-04,4.196944519248599717e-04,4.222607087535311648e-04,4.257425952458622075e-04,4.304795543297638364e-04,4.359632212321033155e-04,4.387937449738285958e-04,4.292251253800099609e-04,3.885228543701181418e-04,2.950778560808933293e-04,1.482788041071591461e-04,2.579700195913679889e-05
0.000000000000000000e+00,0.000000000000000000e+00,0.000000000000000000e+00,0.000000000000000000e+00,0.000000000000000000e+00,0.000000000000000000e+00,0.000000000000000000e+00,0.000000000000000000e+00,0.000000000000000000e+00,0.000000000000000000e+00,0.000000000000000000e+00,0.000000000000000000e+00,0.000000000000000000e+00,0.000000000000000000e+00,0.000000000000000000e+00,0.000000000000000000e+00,0.000000000000000000e+00,0.000000000000000000e+00,0.000000000000000000e+00,0.000000000000000000e+00,0.000000000000000000e+00,0.000000000000000000e+00,0.000000000000000000e+00,0.000000000000000000e+00,0.000000000000000000e+00,0.000000000000000000e+00,0.000000000000000000e+00,0.000000000000000000e+00,0.000000000000000000e+00,0.000000000000000000e+00,0.000000000000000000e+00,0.000000000000000000e+00,0.000000000000000000e+00,0.000000000000000000e+00,0.000000000000000000e+00,0.000000000000000000e+00,0.000000000000000000e+00,0.000000000000000000e+00,0.000000000000000000e+00,0.000000000000000000e+00,0.000000000000000000e+00,0.000000000000000000e+00,0.000000000000000000e+00,0.000000000000000000e+00,0.000000000000000000e+00,0.000000000000000000e+00,0.000000000000000000e+00,0.000000000000000000e+00,0.000000000000000000e+00,0.000000000000000000e+00,0.000000000000000000e+00,0.000000000000000000e+00,0.000000000000000000e+00,0.000000000000000000e+00,0.000000000000000000e+00,0.000000000000000000e+00,0.000000000000000000e+00,0.000000000000000000e+00,0.000000000000000000e+00,0.000000000000000000e+00,0.000000000000000000e+00,0.000000000000000000e+00,0.000000000000000000e+00,0.000000000000000000e+00,0.000000000000000000e+00,0.000000000000000000e+00,0.000000000000000000e+00,0.000000000000000000e+00,0.000000000000000000e+00,0.000000000000000000e+00,0.000000000000000000e+00,0.000000000000000000e+00,0.000000000000000000e+00,0.000000000000000000e+00,0.000000000000000000e+00,0.000000000000000000e+00,0.000000000000000000e+00,0.000000000000000000e+00,0.000000000000000000e+00,0.000000000000000000e+00,0.000000000000000000e+00,0.000000000000000000e+00,0.000000000000000000e+00,0.000000000000000000e+00,0.000000000000000000e+00,0.000000000000000000e+00,0.000000000000000000e+00,0.000000000000000000e+00,0.000000000000000000e+00,0.000000000000000000e+00,0.000000000000000000e+00,0.000000000000000000e+00,0.000000000000000000e+00,0.000000000000000000e+00,0.000000000000000000e+00,0.000000000000000000e+00,0.000000000000000000e+00,0.000000000000000000e+00,0.000000000000000000e+00,0.000000000000000000e+00,0.000000000000000000e+00,0.000000000000000000e+00,0.000000000000000000e+00,0.000000000000000000e+00,0.000000000000000000e+00,0.000000000000000000e+00,0.000000000000000000e+00,0.000000000000000000e+00,0.000000000000000000e+00,0.000000000000000000e+00,0.000000000000000000e+00,0.000000000000000000e+00,0.000000000000000000e+00,0.000000000000000000e+00,0.000000000000000000e+00,0.000000000000000000e+00,0.000000000000000000e+00,0.000000000000000000e+00,0.000000000000000000e+00,0.000000000000000000e+00,0.000000000000000000e+00,0.000000000000000000e+00,0.000000000000000000e+00,0.000000000000000000e+00,0.000000000000000000e+00,0.000000000000000000e+00,0.000000000000000000e+00,0.000000000000000000e+00,0.000000000000000000e+00,0.000000000000000000e+00,0.000000000000000000e+00,0.000000000000000000e+00,0.000000000000000000e+00,0.000000000000000000e+00,0.000000000000000000e+00,0.000000000000000000e+00,0.000000000000000000e+00,0.000000000000000000e+00,0.000000000000000000e+00,0.000000000000000000e+00,0.000000000000000000e+00,0.000000000000000000e+00,0.000000000000000000e+00,0.000000000000000000e+00,0.000000000000000000e+00,0.000000000000000000e+00,0.000000000000000000e+00,0.000000000000000000e+00,0.000000000000000000e+00,0.000000000000000000e+00,0.000000000000000000e+00,0.000000000000000000e+00,0.000000000000000000e+00,0.000000000000000000e+00,0.000000000000000000e+00,0.000000000000000000e+00,0.000000000000000000e+00,0.000000000000000000e+00,0.000000000000000000e+00,0.000000000000000000e+00,0.000000000000000000e+00,0.000000000000000000e+00,0.000000000000000000e+00,0.000000000000000000e+00,0.000000000000000000e+00,0.000000000000000000e+00,0.000000000000000000e+00,0.000000000000000000e+00,0.000000000000000000e+00,1.578288831352539934e-04,2.533651991161279073e-04,3.042847481275392368e-04,2.574086708927101328e-04,1.941610935851164764e-04,1.375723613626686059e-04,1.470893483424177235e-04,1.752897967248437817e-04,2.109222507947287862e-04,2.361753285741042662e-04,2.516696352618642092e-04,2.565217093087932389e-04,2.560179602129802391e-04,2.526288933828047130e-04,2.497421828126972264e-04,2.479645501157066632e-04,2.480567916695987710e-04,2.492467067363359629e-04,2.513662236266467061e-04,2.536083839704117828e-04,2.559279004933763492e-04,2.579130498029088897e-04,2.597565944507059291e-04,2.612915912105630658e-04,2.627665454995342675e-04,2.640698073220460970e-04,2.653992193373371227e-04,2.666345508003729989e-04,2.679203548198532910e-04,2.691354731870435209e-04,2.703975401880544640e-04,2.715973954435632522e-04,2.728400241067916463e-04,2.740287976891935613e-04,2.752587686916741828e-04,2.764425023599606035e-04,2.776665388799650453e-04,2.788515760697360120e-04,2.800776032380090735e-04,2.812723958603655918e-04,2.825090470495440179e-04,2.837195110423761536e-04,2.849683882501523238e-04,2.861899937587501015e-04,2.874413342211744869e-04,2.886606768685235692e-04,2.899008886388586238e-04,2.911066652355488444e-04,2.923288484089585490e-04,2.935181051260434405e-04,2.947218698587527491e-04,2.958936609992354164e-04,2.970752848910198436e-04,2.982214114617327849e-04,2.993691632755337314e-04,3.004764327442795797e-04,3.015793970246456431e-04,3.026418871651981074e-04,3.037008602622573265e-04,3.047248484400953933e-04,3.057488334406767167e-04,3.067417442018899689e-04,3.077334969031734774e-04,3.086919847671018373e-04,3.096439692731074852e-04,3.105601169592136709e-04,3.114690405761033317e-04,3.123474834149458598e-04,3.132266018748374576e-04,3.140860989351863114e-04,3.149544723507145794e-04,3.158087145268113579e-04,3.166715087849709454e-04,3.175174312060585063e-04,3.183673717046991481e-04,3.191990680504027062e-04,3.200367201301361833e-04,3.208634469525570580e-04,3.217055708865632123e-04,3.225472996821050460e-04,3.234116786368148319e-04,3.242793667947940447e-04,3.251681249144751677e-04,3.260560794493701751e-04,3.269593553245952523e-04,3.278582628978159207e-04,3.287714998243060761e-04,3.296836300042226670e-04,3.306151843317151257e-04,3.315516037393480904e-04,3.325106419295942241e-04,3.334744754897390529e-04,3.344559488794150324e-04,3.354343505480208011e-04,3.364202124908513385e-04,3.373937514101910270e-04,3.383671312339212533e-04,3.393244434500128815e-04,3.402807291996376719e-04,3.412232054804836844e-04,3.421673886928604420e-04,3.431002165110532721e-04,3.440342371582894867e-04,3.449535861196281489e-04,3.458671721386294960e-04,3.467578984204817277e-04,3.476345555406536668e-04,3.484831192978199584e-04,3.493158768895412297e-04,3.501234658035590089e-04,3.509207756599131518e-04,3.517001658751821714e-04,3.524754459049533580e-04,3.532376851505382529e-04,3.539983967282447734e-04,3.547481929432230296e-04,3.554987537456526887e-04,3.562432826223078377e-04,3.569961898263595418e-04,3.577543734689165493e-04,3.585342120845538372e-04,3.593337076412415941e-04,3.601674761348847161e-04,3.610307019635541014e-04,3.619333287659665913e-04,3.628667049671518118e-04,3.638374342250039282e-04,3.648362758327987148e-04,3.658706091188079833e-04,3.669340530310427400e-04,3.680363340101002563e-04,3.691730066036227973e-04,3.703531335922586980e-04,3.715701046011745594e-04,3.728284829046168091e-04,3.741169361692346022e-04,3.754348672277171123e-04,3.767674302333471237e-04,3.781116093853298886e-04,3.794526549603137520e-04,3.807889603117423582e-04,3.821092401694147346e-04,3.834157786982606724e-04,3.847021040211021201e-04,3.859746951543708356e-04,3.872313848190874906e-04,3.884818753747484193e-04,3.897271161872716948e-04,3.909787579396250125e-04,3.922394763553729087e-04,3.935212809755847334e-04,3.948267512137558911e-04,3.961662745161473776e-04,3.975404675723141377e-04,3.989567470266995120e-04,4.004136755138564571e-04,4.019182014445576729e-04,4.034751516412860440e-04,4.051122993829344657e-04,4.068895860913948853e-04,4.089545570837522853e-04,4.115878903802204958e-04,4.152373813292052954e-04,4.203124364520076156e-04,4.263623656818216917e-04,4.299743300679582220e-04,4.212987429836869617e-04,3.815545031068771627e-04,2.893937307536399305e-04,1.448814580260747475e-04,2.504510440108060652e-05
0.000000000000000000e+00,0.000000000000000000e+00,0.000000000000000000e+00,0.000000000000000000e+00,0.000000000000000000e+00,0.000000000000000000e+00,0.000000000000000000e+00,0.000000000000000000e+00,0.000000000000000000e+00,0.000000000000000000e+00,0.000000000000000000e+00,0.000000000000000000e+00,0.000000000000000000e+00,0.000000000000000000e+00,0.000000000000000000e+00,0.000000000000000000e+00,0.000000000000000000e+00,0.000000000000000000e+00,0.000000000000000000e+00,0.000000000000000000e+00,0.000000000000000000e+00,0.000000000000000000e+00,0.000000000000000000e+00,0.000000000000000000e+00,0.000000000000000000e+00,0.000000000000000000e+00,0.000000000000000000e+00,0.000000000000000000e+00,0.000000000000000000e+00,0.000000000000000000e+00,0.000000000000000000e+00,0.000000000000000000e+00,0.000000000000000000e+00,0.000000000000000000e+00,0.000000000000000000e+00,0.000000000000000000e+00,0.000000000000000000e+00,0.000000000000000000e+00,0.000000000000000000e+00,0.000000000000000000e+00,0.000000000000000000e+00,0.000000000000000000e+00,0.000000000000000000e+00,0.000000000000000000e+00,0.000000000000000000e+00,0.000000000000000000e+00,0.000000000000000000e+00,0.000000000000000000e+00,0.000000000000000000e+00,0.000000000000000000e+00,0.000000000000000000e+00,0.000000000000000000e+00,0.000000000000000000e+00,0.000000000000000000e+00,0.000000000000000000e+00,0.000000000000000000e+00,0.000000000000000000e+00,0.000000000000000000e+00,0.000000000000000000e+00,0.000000000000000000e+00,0.000000000000000000e+00,0.000000000000000000e+00,0.000000000000000000e+00,0.000000000000000000e+00,0.000000000000000000e+00,0.000000000000000000e+00,0.000000000000000000e+00,0.000000000000000000e+00,0.000000000000000000e+00,0.000000000000000000e+00,0.000000000000000000e+00,0.000000000000000000e+00,0.000000000000000000e+00,0.000000000000000000e+00,0.000000000000000000e+00,0.000000000000000000e+00,0.000000000000000000e+00,0.000000000000000000e+00,0.000000000000000000e+00,0.000000000000000000e+00,0.000000000000000000e+00,0.000000000000000000e+00,0.000000000000000000e+00,0.000000000000000000e+00,0.000000000000000000e+00,0.000000000000000000e+00,0.000000000000000000e+00,0.000000000000000000e+00,0.000000000000000000e+00,0.000000000000000000e+00,0.000000000000000000e+00,0.000000000000000000e+00,0.000000000000000000e+00,0.000000000000000000e+00,0.000000000000000000e+00,0.000000000000000000e+00,0.000000000000000000e+00,0.000000000000000000e+00,0.000000000000000000e+00,0.000000000000000000e+00,0.000000000000000000e+00,0.000000000000000000e+00,0.000000000000000000e+00,0.000000000000000000e+00,0.000000000000000000e+00,0.000000000000000000e+00,0.000000000000000000e+00,0.000000000000000000e+00,0.000000000000000000e+00,0.000000000000000000e+00,0.000000000000000000e+00,0.000000000000000000e+00,0.000000000000000000e+00,0.000000000000000000e+00,0.000000000000000000e+00,0.000000000000000000e+00,0.000000000000000000e+00,0.000000000000000000e+00,0.000000000000000000e+00,0.000000000000000000e+00,0.000000000000000000e+00,0.000000000000000000e+00,0.000000000000000000e+00,0.000000000000000000e+00,0.000000000000000000e+00,0.000000000000000000e+00,0.000000000000000000e+00,0.000000000000000000e+00,0.000000000000000000e+00,0.000000000000000000e+00,0.000000000000000000e+00,0.000000000000000000e+00,0.000000000000000000e+00,0.000000000000000000e+00,0.000000000000000000e+00,0.000000000000000000e+00,0.000000000000000000e+00,0.000000000000000000e+00,0.000000000000000000e+00,0.000000000000000000e+00,0.000000000000000000e+00,0.000000000000000000e+00,0.000000000000000000e+00,0.000000000000000000e+00,0.000000000000000000e+00,0.000000000000000000e+00,0.000000000000000000e+00,0.000000000000000000e+00,0.000000000000000000e+00,0.000000000000000000e+00,0.000000000000000000e+00,0.000000000000000000e+00,0.000000000000000000e+00,0.000000000000000000e+00,0.000000000000000000e+00,0.000000000000000000e+00,0.000000000000000000e+00,0.000000000000000000e+00,0.000000000000000000e+00,0.000000000000000000e+00,0.000000000000000000e+00,0.000000000000000000e+00,0.000000000000000000e+00,0.000000000000000000e+00,0.000000000000000000e+00,0.000000000000000000e+00,0.000000000000000000e+00,0.000000000000000000e+00,0.000000000000000000e+00,3.409884712399481816e-04,4.746791204063252503e-04,4.354934635068010416e-04,3.002291611809806732e-04,1.109312508910096945e-04,6.768541936635244884e-05,8.655524207451069233e-05,1.381605021594906036e-04,1.855253898979884579e-04,2.211329166995413317e-04,2.401415426473865018e-04,2.470156289767771345e-04,2.463016518589445205e-04,2.426504016516777809e-04,2.392060459718809513e-04,2.371679939868702848e-04,2.370829096997646051e-04,2.382596116765716950e-04,2.404092167241886932e-04,2.427138718173411978e-04,2.450935570881888318e-04,2.471296767773658231e-04,2.490181758810967893e-04,2.505904491637787326e-04,2.521038273456755255e-04,2.534441538575640807e-04,2.548143102926547603e-04,2.560907625648695899e-04,2.574199718232265976e-04,2.586783293097218313e-04,2.599843036522126371e-04,2.612277997534627797e-04,2.625144781235869878e-04,2.637477650851117409e-04,2.650229790358486597e-04,2.662527304379090219e-04,2.675230162337311358e-04,2.687542179654094023e-04,2.700253646818803061e-04,2.712641152663095283e-04,2.725429675897567106e-04,2.737944083398820370e-04,2.750828952794664539e-04,2.763435154044624020e-04,2.776329548781738057e-04,2.788898587136022251e-04,2.801662804264312494e-04,2.814069957858145871e-04,2.826620425186113922e-04,2.838825454140642308e-04,2.851157414968491207e-04,2.863162179951953554e-04,2.875259438665184815e-04,2.887005621078394114e-04,2.898768033575144102e-04,2.910126459579183379e-04,2.921430084541944009e-04,2.932312543036245706e-04,2.943131428939179295e-04,2.953573829163081430e-04,2.963988438866169617e-04,2.974076947446941408e-04,2.984144323006554978e-04,2.993881497598117436e-04,3.003554839913214467e-04,3.012871341399627726e-04,3.022105219433874040e-04,3.031018564482629600e-04,3.039913777713899997e-04,3.048591871494365081e-04,3.057340893920228609e-04,3.065943165669982409e-04,3.074629451868652360e-04,3.083149699386243886e-04,3.091703594939805870e-04,3.100059824995575388e-04,3.108444980094723724e-04,3.116684442839008726e-04,3.125037919651716648e-04,3.133357760729924175e-04,3.141885848872050962e-04,3.150446888108981861e-04,3.159228457946096445e-04,3.168019274120180222e-04,3.176974830127887056e-04,3.185889573275655479e-04,3.194934071692871226e-04,3.203943447906764741e-04,3.213114870848208962e-04,3.222307310466588737e-04,3.231706893879201874e-04,3.241151937070900642e-04,3.250783354808605601e-04,3.260405338698285963e-04,3.270123847013619179e-04,3.279737247865703456e-04,3.289354109443060710e-04,3.298802713246909110e-04,3.308219256519163596e-04,3.317469844398210615e-04,3.326708470561217214e-04,3.335814527615233176e-04,3.344927702144316574e-04,3.353909210412438419e-04,3.362863287616723847e-04,3.371629166715558903e-04,3.380291962618392986e-04,3.388700181748347516e-04,3.396955778405806071e-04,3.404944410554137588e-04,3.412796232884300878e-04,3.420426349764207571e-04,3.427972073637250319e-04,3.435353047692824122e-04,3.442695816516815380e-04,3.449919515698992700e-04,3.457148671665594294e-04,3.464318885665868095e-04,3.471570685911205324e-04,3.478867219010096695e-04,3.486364808936970295e-04,3.494040523316592332e-04,3.502041964138197889e-04,3.510329234564667678e-04,3.519012271178572401e-04,3.528015332815032925e-04,3.537409516678612260e-04,3.547101244960055699e-04,3.557155707077262947e-04,3.567497725750761340e-04,3.578213498394603809e-04,3.589253157161152079e-04,3.600708629986177039e-04,3.612522764978887699e-04,3.624754927066852535e-04,3.637308192012179715e-04,3.650192042762664848e-04,3.663270508698114060e-04,3.676520618441330010e-04,3.689795738515879581e-04,3.703073762814412307e-04,3.716229362296843823e-04,3.729268088176659868e-04,3.742104995342992167e-04,3.754784699418128391e-04,3.767267181560094574e-04,3.779635710572031384e-04,3.791891030887559470e-04,3.804147842501802933e-04,3.816436861457038173e-04,3.828889049597411606e-04,3.841545082627583732e-04,3.854528067471574629e-04,3.867863111209747604e-04,3.881643086806243884e-04,3.895866555803333803e-04,3.910612156967825941e-04,3.925931362579457361e-04,3.942113322958784192e-04,3.959798261369190989e-04,3.980591469530226994e-04,4.007594942895746463e-04,4.045831174811692415e-04,4.100135254467057646e-04,4.166613738170589867e-04,4.210989387774263597e-04,4.133652707259446025e-04,3.746203036066027910e-04,2.837707970814627115e-04,1.415365367161802832e-04,2.430623138923480997e-05
0.000000000000000000e+00,0.000000000000000000e+00,0.000000000000000000e+00,0.000000000000000000e+00,0.000000000000000000e+00,0.000000000000000000e+00,0.000000000000000000e+00,0.000000000000000000e+00,0.000000000000000000e+00,0.000000000000000000e+00,0.000000000000000000e+00,0.000000000000000000e+00,0.000000000000000000e+00,0.000000000000000000e+00,0.000000000000000000e+00,0.000000000000000000e+00,0.000000000000000000e+00,0.000000000000000000e+00,0.000000000000000000e+00,0.000000000000000000e+00,0.000000000000000000e+00,0.000000000000000000e+00,0.000000000000000000e+00,0.000000000000000000e+00,0.000000000000000000e+00,0.000000000000000000e+00,0.000000000000000000e+00,0.000000000000000000e+00,0.000000000000000000e+00,0.000000000000000000e+00,0.000000000000000000e+00,0.000000000000000000e+00,0.000000000000000000e+00,0.000000000000000000e+00,0.000000000000000000e+00,0.000000000000000000e+00,0.000000000000000000e+00,0.000000000000000000e+00,0.000000000000000000e+00,0.000000000000000000e+00,0.000000000000000000e+00,0.000000000000000000e+00,0.000000000000000000e+00,0.000000000000000000e+00,0.000000000000000000e+00,0.000000000000000000e+00,0.000000000000000000e+00,0.000000000000000000e+00,0.000000000000000000e+00,0.000000000000000000e+00,0.000000000000000000e+00,0.000000000000000000e+00,0.000000000000000000e+00,0.000000000000000000e+00,0.000000000000000000e+00,0.000000000000000000e+00,0.000000000000000000e+00,0.000000000000000000e+00,0.000000000000000000e+00,0.000000000000000000e+00,0.000000000000000000e+00,0.000000000000000000e+00,0.000000000000000000e+00,0.000000000000000000e+00,0.000000000000000000e+00,0.000000000000000000e+00,0.000000000000000000e+00,0.000000000000000000e+00,0.000000000000000000e+00,0.000000000000000000e+00,0.000000000000000000e+00,0.000000000000000000e+00,0.000000000000000000e+00,0.000000000000000000e+00,0.000000000000000000e+00,0.000000000000000000e+00,0.000000000000000000e+00,0.000000000000000000e+00,0.000000000000000000e+00,0.000000000000000000e+00,0.000000000000000000e+00,0.000000000000000000e+00,0.000000000000000000e+00,0.000000000000000000e+00,0.000000000000000000e+00,0.000000000000000000e+00,0.000000000000000000e+00,0.000000000000000000e+00,0.000000000000000000e+00,0.000000000000000000e+00,0.000000000000000000e+00,0.000000000000000000e+00,0.000000000000000000e+00,0.000000000000000000e+00,0.000000000000000000e+00,0.000000000000000000e+00,0.000000000000000000e+00,0.000000000000000000e+00,0.000000000000000000e+00,0.000000000000000000e+00,0.000000000000000000e+00,0.000000000000000000e+00,0.000000000000000000e+00,0.000000000000000000e+00,0.000000000000000000e+00,0.000000000000000000e+00,0.000000000000000000e+00,0.000000000000000000e+00,0.000000000000000000e+00,0.000000000000000000e+00,0.000000000000000000e+00,0.000000000000000000e+00,0.000000000000000000e+00,0.000000000000000000e+00,0.000000000000000000e+00,0.000000000000000000e+00,0.000000000000000000e+00,0.000000000000000000e+00,0.000000000000000000e+00,0.000000000000000000e+00,0.000000000000000000e+00,0.000000000000000000e+00,0.000000000000000000e+00,0.000000000000000000e+00,0.000000000000000000e+00,0.000000000000000000e+00,0.000000000000000000e+00,0.000000000000000000e+00,0.000000000000000000e+00,0.000000000000000000e+00,0.000000000000000000e+00,0.000000000000000000e+00,0.000000000000000000e+00,0.000000000000000000e+00,0.000000000000000000e+00,0.000000000000000000e+00,0.000000000000000000e+00,0.000000000000000000e+00,0.000000000000000000e+00,0.000000000000000000e+00,0.000000000000000000e+00,0.000000000000000000e+00,0.000000000000000000e+00,0.000000000000000000e+00,0.000000000000000000e+00,0.000000000000000000e+00,0.000000000000000000e+00,0.000000000000000000e+00,0.000000000000000000e+00,0.000000000000000000e+00,0.000000000000000000e+00,0.000000000000000000e+00,0.000000000000000000e+00,0.000000000000000000e+00,0.000000000000000000e+00,0.000000000000000000e+00,0.000000000000000000e+00,0.000000000000000000e+00,0.000000000000000000e+00,0.000000000000000000e+00,0.000000000000000000e+00,0.000000000000000000e+00,0.000000000000000000e+00,0.000000000000000000e+00,0.000000000000000000e+00,0.000000000000000000e+00,0.000000000000000000e+00,0.000000000000000000e+00,0.000000000000000000e+00,7.094150728203615268e-04,7.802113916128000778e-04,6.199710734338054544e-04,2.061077539303999868e-04,4.230944890127061135e-05,1.229437255429739173e-06,4.204632482815926756e-05,1.032464785720130804e-04,1.630710868485895834e-04,2.036867293901416969e-04,2.265629060021646251e-04,2.341972801399863028e-04,2.340104767240627770e-04,2.301698422877349590e-04,2.267674607054768934e-04,2.246954074135717539e-04,2.247383816976159128e-04,2.260215120410998110e-04,2.283163172991672474e-04,2.307312366577935923e-04,2.332159413627522577e-04,2.353349593040131727e-04,2.373010390085784687e-04,2.389451922781690371e-04,2.405294927756193959e-04,2.419416836824308116e-04,2.433824450895339091e-04,2.447307102845552623e-04,2.461286088100805543e-04,2.474558917823151431e-04,2.488268290838040035e-04,2.501354582511158896e-04,2.514839227164304887e-04,2.527799653086621194e-04,2.541156575055257896e-04,2.554072759415774519e-04,2.567372682314004073e-04,2.580287191714614680e-04,2.593569926358889875e-04,2.606521000501390694e-04,2.619835223389579775e-04,2.632864133720612442e-04,2.646230807890262568e-04,2.659313764586622702e-04,2.672660721865688957e-04,2.685680010195570593e-04,2.698870213374243536e-04,2.711694615179580515e-04,2.724632226691355410e-04,2.737210255886220862e-04,2.749886972818405472e-04,2.762229164042842838e-04,2.774649204419531775e-04,2.786724239581667411e-04,2.798812036317623302e-04,2.810503860908865033e-04,2.822131056541144888e-04,2.833329741997418359e-04,2.844437864163604180e-04,2.855147329582100263e-04,2.865796974263464057e-04,2.876103450358909641e-04,2.886371861655829575e-04,2.896310786677640811e-04,2.906183840743938995e-04,2.915705532109466721e-04,2.925136761939169366e-04,2.934238399811482352e-04,2.943298938269140342e-04,2.952124148048395572e-04,2.961000031191989511e-04,2.969723888328884153e-04,2.978529489588802059e-04,2.987177068096726865e-04,2.995857972292699577e-04,3.004336452521290325e-04,3.012820286827290364e-04,3.021127463280450973e-04,3.029506208476732032e-04,3.037815511654321800e-04,3.046302630753333434e-04,3.054811557963251932e-04,3.063540355371672315e-04,3.072292087898981943e-04,3.081220503096795201e-04,3.090118080431438841e-04,3.099139392641391075e-04,3.108109389958232764e-04,3.117210836760140268e-04,3.126302734947006214e-04,3.135572626200897441e-04,3.144873814653870690e-04,3.154358307743479473e-04,3.163846265264005963e-04,3.173447941536471973e-04,3.182964873730860923e-04,3.192495557670911133e-04,3.201858985441373277e-04,3.211174866695300288e-04,3.220300905817022460e-04,3.229383275018658404e-04,3.238306806816375143e-04,3.247219563683101579e-04,3.256001843344714605e-04,3.264773558738694745e-04,3.273390452886260982e-04,3.281941262933043960e-04,3.290272008641388721e-04,3.298468346590272362e-04,3.306398104553815473e-04,3.314169435856825839e-04,3.321684494366522098e-04,3.329072423696700857e-04,3.336257321693644078e-04,3.343373387908834030e-04,3.350353657296623955e-04,3.357332137940341856e-04,3.364252945905383293e-04,3.371256623791868954e-04,3.378304252596439692e-04,3.385544294177783792e-04,3.392948708336961366e-04,3.400660549358701227e-04,3.408643055083334424e-04,3.417012134078433448e-04,3.425703282777319784e-04,3.434795894711375336e-04,3.444202224042365872e-04,3.453984618352835736e-04,3.464060653477315154e-04,3.474504115654052528e-04,3.485255253452792428e-04,3.496399389009106906e-04,3.507881572993602672e-04,3.519769578786730198e-04,3.531982073168402243e-04,3.544545778293926560e-04,3.557342498423089706e-04,3.570362293550752709e-04,3.583466478314898968e-04,3.596632771071817938e-04,3.609729052745502408e-04,3.622746954348219739e-04,3.635583505784175783e-04,3.648262343467409126e-04,3.660722867778461002e-04,3.673029668022117621e-04,3.685169241938600522e-04,3.697247456047357615e-04,3.709292778721730646e-04,3.721440582939892442e-04,3.733742167588917533e-04,3.746336341038773460e-04,3.759266804312866241e-04,3.772645590509372013e-04,3.786487741744996101e-04,3.800883868615095667e-04,3.815893418161462919e-04,3.831819167742812893e-04,3.849347885186231422e-04,3.870221749431427042e-04,3.897859271655801741e-04,3.937858824494169904e-04,3.995844001684393750e-04,4.068566384752851021e-04,4.121601002655001238e-04,4.054150997031514495e-04,3.677122550921083175e-04,2.782032640626577865e-04,1.382436784230717600e-04,2.358467143030742682e-05
0.000000000000000000e+00,0.000000000000000000e+00,0.000000000000000000e+00,0.000000000000000000e+00,0.000000000000000000e+00,0.000000000000000000e+00,0.000000000000000000e+00,0.000000000000000000e+00,0.000000000000000000e+00,0.000000000000000000e+00,0.000000000000000000e+00,0.000000000000000000e+00,0.000000000000000000e+00,0.000000000000000000e+00,0.000000000000000000e+00,0.000000000000000000e+00,0.000000000000000000e+00,0.000000000000000000e+00,0.000000000000000000e+00,0.000000000000000000e+00,0.000000000000000000e+00,0.000000000000000000e+00,0.000000000000000000e+00,0.000000000000000000e+00,0.000000000000000000e+00,0.000000000000000000e+00,0.000000000000000000e+00,0.000000000000000000e+00,0.000000000000000000e+00,0.000000000000000000e+00,0.000000000000000000e+00,0.000000000000000000e+00,0.000000000000000000e+00,0.000000000000000000e+00,0.000000000000000000e+00,0.000000000000000000e+00,0.000000000000000000e+00,0.000000000000000000e+00,0.000000000000000000e+00,0.000000000000000000e+00,0.000000000000000000e+00,0.000000000000000000e+00,0.000000000000000000e+00,0.000000000000000000e+00,0.000000000000000000e+00,0.000000000000000000e+00,0.000000000000000000e+00,0.000000000000000000e+00,0.000000000000000000e+00,0.000000000000000000e+00,0.000000000000000000e+00,0.000000000000000000e+00,0.000000000000000000e+00,0.000000000000000000e+00,0.000000000000000000e+00,0.000000000000000000e+00,0.000000000000000000e+00,0.000000000000000000e+00,0.000000000000000000e+00,0.000000000000000000e+00,0.000000000000000000e+00,0.000000000000000000e+00,0.000000000000000000e+00,0.000000000000000000e+00,0.000000000000000000e+00,0.000000000000000000e+00,0.000000000000000000e+00,0.000000000000000000e+00,0.000000000000000000e+00,0.000000000000000000e+00,0.000000000000000000e+00,0.000000000000000000e+00,0.000000000000000000e+00,0.000000000000000000e+00,0.000000000000000000e+00,0.000000000000000000e+00,0.000000000000000000e+00,0.000000000000000000e+00,0.000000000000000000e+00,0.000000000000000000e+00,0.000000000000000000e+00,0.000000000000000000e+00,0.000000000000000000e+00,0.000000000000000000e+00,0.000000000000000000e+00,0.000000000000000000e+00,0.000000000000000000e+00,0.000000000000000000e+00,0.000000000000000000e+00,0.000000000000000000e+00,0.000000000000000000e+00,0.000000000000000000e+00,0.000000000000000000e+00,0.000000000000000000e+00,0.000000000000000000e+00,0.000000000000000000e+00,0.000000000000000000e+00,0.000000000000000000e+00,0.000000000000000000e+00,0.000000000000000000e+00,0.000000000000000000e+00,0.000000000000000000e+00,0.000000000000000000e+00,0.000000000000000000e+00,0.000000000000000000e+00,0.000000000000000000e+00,0.000000000000000000e+00,0.000000000000000000e+00,0.000000000000000000e+00,0.000000000000000000e+00,0.000000000000000000e+00,0.000000000000000000e+00,0.000000000000000000e+00,0.000000000000000000e+00,0.000000000000000000e+00,0.000000000000000000e+00,0.000000000000000000e+00,0.000000000000000000e+00,0.000000000000000000e+00,0.000000000000000000e+00,0.000000000000000000e+00,0.000000000000000000e+00,0.000000000000000000e+00,0.000000000000000000e+00,0.000000000000000000e+00,0.000000000000000000e+00,0.000000000000000000e+00,0.000000000000000000e+00,0.000000000000000000e+00,0.000000000000000000e+00,0.000000000000000000e+00,0.000000000000000000e+00,0.000000000000000000e+00,0.000000000000000000e+00,0.000000000000000000e+00,0.000000000000000000e+00,0.000000000000000000e+00,0.000000000000000000e+00,0.000000000000000000e+00,0.000000000000000000e+00,0.000000000000000000e+00,0.000000000000000000e+00,0.000000000000000000e+00,0.000000000000000000e+00,0.000000000000000000e+00,0.000000000000000000e+00,0.000000000000000000e+00,0.000000000000000000e+00,0.000000000000000000e+00,0.000000000000000000e+00,0.000000000000000000e+00,0.000000000000000000e+00,0.000000000000000000e+00,0.000000000000000000e+00,0.000000000000000000e+00,0.000000000000000000e+00,0.000000000000000000e+00,0.000000000000000000e+00,0.000000000000000000e+00,0.000000000000000000e+00,0.000000000000000000e+00,0.000000000000000000e+00,0.000000000000000000e+00,0.000000000000000000e+00,0.000000000000000000e+00,0.000000000000000000e+00,0.000000000000000000e+00,0.000000000000000000e+00,0.000000000000000000e+00,1.218866399769985218e-03,1.233912282920805910e-03,5.261368890553555586e-04,1.789297023297343895e-04,2.633625980179201808e-05,-9.781652720562739360e-06,2.315891483845926733e-05,8.634801942389629603e-05,1.453093504545844206e-04,1.876965252466778302e-04,2.106754934590415436e-04,2.190704283111925854e-04,2.190788928439274454e-04,2.157436265611436643e-04,2.126648540874200325e-04,2.110254609021001428e-04,2.113772061779635426e-04,2.129648503760449741e-04,2.154645936287125747e-04,2.180628053196876314e-04,2.206748902599639148e-04,2.229182356582241724e-04,2.249857455794336970e-04,2.267390903025694301e-04,2.284216304972710109e-04,2.299389176384464913e-04,2.314751011119007553e-04,2.329219080899789737e-04,2.344084515225961906e-04,2.358253755106465570e-04,2.372769188002554384e-04,2.386668569338047674e-04,2.400893933039993655e-04,2.414609294077305274e-04,2.428667715279108968e-04,2.442304415691985350e-04,2.456279449918568995e-04,2.469880433592135322e-04,2.483798815503584427e-04,2.497382286098249722e-04,2.511272370359836381e-04,2.524867538135078791e-04,2.538749879600290691e-04,2.552344321261081333e-04,2.566164114841029058e-04,2.579656864179793964e-04,2.593286337134473535e-04,2.606545765173717399e-04,2.619880379454384576e-04,2.632844238499974939e-04,2.645869693492228832e-04,2.658553634611373890e-04,2.671291938811050284e-04,2.683692365963964103e-04,2.696097603066994076e-04,2.708120838632428968e-04,2.720071427017221833e-04,2.731595967594665272e-04,2.743006653170572515e-04,2.754003943718846760e-04,2.764908701096439533e-04,2.775454475895903095e-04,2.785940071606492533e-04,2.796095869461244607e-04,2.806180295943059579e-04,2.815921756795650762e-04,2.825566620128382080e-04,2.834878994342912247e-04,2.844129470963181468e-04,2.853129492438224567e-04,2.862157762379896131e-04,2.871028331678759623e-04,2.879976495041840657e-04,2.888778628721566937e-04,2.897619437444159821e-04,2.906264397316715860e-04,2.914901022313092361e-04,2.923339811045413397e-04,2.931810311042834256e-04,2.940173857817253455e-04,2.948675312885237353e-04,2.957176535884872880e-04,2.965884129485944548e-04,2.974620567611153585e-04,2.983541432259608460e-04,2.992444857771289681e-04,3.001472157312861451e-04,3.010441273850628791e-04,3.019516865371129222e-04,3.028554613788584987e-04,3.037735874557379923e-04,3.046925416316283446e-04,3.056282406581353555e-04,3.065645167099821482e-04,3.075130400701366973e-04,3.084549472214296001e-04,3.093994917549335640e-04,3.103281840812219055e-04,3.112513744376767385e-04,3.121539809453057423e-04,3.130493192978335928e-04,3.139259775881585363e-04,3.147989067838641731e-04,3.156577285931086462e-04,3.165157518320212420e-04,3.173605306899530119e-04,3.182017420585255734e-04,3.190245762252081198e-04,3.198365942080696762e-04,3.206234057188972497e-04,3.213936912718028246e-04,3.221362430603445771e-04,3.228625703895287267e-04,3.235650232324182099e-04,3.242572047686386187e-04,3.249336088560273502e-04,3.256084715845192277e-04,3.262773134260718599e-04,3.269544302117307830e-04,3.276361437211927890e-04,3.283366986817892177e-04,3.290529001099963373e-04,3.297983234130743321e-04,3.305692559930502837e-04,3.313773631236483332e-04,3.322170838307321721e-04,3.330971530584879480e-04,3.340098009490750962e-04,3.349614861534495219e-04,3.359438203392657606e-04,3.369631442812491854e-04,3.380124072218018000e-04,3.390989317169710161e-04,3.402167895304151774e-04,3.413728738782434739e-04,3.425601921102746825e-04,3.437829635288566863e-04,3.450313880112403087e-04,3.463062007662801207e-04,3.475949822463527284e-04,3.488961063222925651e-04,3.501963177467683967e-04,3.514938411979844014e-04,3.527769395327897415e-04,3.540460121928457504e-04,3.552929537954013827e-04,3.565221509385081244e-04,3.577305133612155761e-04,3.589272607601471862e-04,3.601144645529772781e-04,3.613054811147672993e-04,3.625059048454729082e-04,3.637306679257298501e-04,3.649856128039344035e-04,3.662836840886132470e-04,3.676279978368450886e-04,3.690289886685028920e-04,3.704935478755664799e-04,3.720536340176055709e-04,3.737828517040372328e-04,3.758700738151686494e-04,3.786904670498750605e-04,3.828648801574345236e-04,3.890384831530730760e-04,3.969549639430307373e-04,4.031574098801304494e-04,3.974432707710076488e-04,3.608233162806751774e-04,2.726855000132918884e-04,1.349999300001981754e-04,2.288383617635051252e-05
0.000000000000000000e+00,0.000000000000000000e+00,0.000000000000000000e+00,0.000000000000000000e+00,0.000000000000000000e+00,0.000000000000000000e+00,0.000000000000000000e+00,0.000000000000000000e+00,0.000000000000000000e+00,0.000000000000000000e+00,0.000000000000000000e+00,0.000000000000000000e+00,0.000000000000000000e+00,0.000000000000000000e+00,0.000000000000000000e+00,0.000000000000000000e+00,0.000000000000000000e+00,0.000000000000000000e+00,0.000000000000000000e+00,0.000000000000000000e+00,0.000000000000000000e+00,0.000000000000000000e+00,0.000000000000000000e+00,0.000000000000000000e+00,0.000000000000000000e+00,0.000000000000000000e+00,0.000000000000000000e+00,0.000000000000000000e+00,0.000000000000000000e+00,0.000000000000000000e+00,0.000000000000000000e+00,0.000000000000000000e+00,0.000000000000000000e+00,0.000000000000000000e+00,0.000000000000000000e+00,0.000000000000000000e+00,0.000000000000000000e+00,0.000000000000000000e+00,0.000000000000000000e+00,0.000000000000000000e+00,0.000000000000000000e+00,0.000000000000000000e+00,0.000000000000000000e+00,0.000000000000000000e+00,0.000000000000000000e+00,0.000000000000000000e+00,0.000000000000000000e+00,0.000000000000000000e+00,0.000000000000000000e+00,0.000000000000000000e+00,0.000000000000000000e+00,0.000000000000000000e+00,0.000000000000000000e+00,0.000000000000000000e+00,0.000000000000000000e+00,0.000000000000000000e+00,0.000000000000000000e+00,0.000000000000000000e+00,0.000000000000000000e+00,0.000000000000000000e+00,0.000000000000000000e+00,0.000000000000000000e+00,0.000000000000000000e+00,0.000000000000000000e+00,0.000000000000000000e+00,0.000000000000000000e+00,0.000000000000000000e+00,0.000000000000000000e+00,0.000000000000000000e+00,0.000000000000000000e+00,0.000000000000000000e+00,0.000000000000000000e+00,0.000000000000000000e+00,0.000000000000000000e+00,0.000000000000000000e+00,0.000000000000000000e+00,0.000000000000000000e+00,0.000000000000000000e+00,0.000000000000000000e+00,0.000000000000000000e+00,0.000000000000000000e+00,0.000000000000000000e+00,0.000000000000000000e+00,0.000000000000000000e+00,0.000000000000000000e+00,0.000000000000000000e+00,0.000000000000000000e+00,0.000000000000000000e+00,0.000000000000000000e+00,0.000000000000000000e+00,0.000000000000000000e+00,0.000000000000000000e+00,0.000000000000000000e+00,0.000000000000000000e+00,0.000000000000000000e+00,0.000000000000000000e+00,0.000000000000000000e+00,0.000000000000000000e+00,0.000000000000000000e+00,0.000000000000000000e+00,0.000000000000000000e+00,0.000000000000000000e+00,0.000000000000000000e+00,0.000000000000000000e+00,0.000000000000000000e+00,0.000000000000000000e+00,0.000000000000000000e+00,0.000000000000000000e+00,0.000000000000000000e+00,0.000000000000000000e+00,0.000000000000000000e+00,0.000000000000000000e+00,0.000000000000000000e+00,0.000000000000000000e+00,0.000000000000000000e+00,0.000000000000000000e+00,0.000000000000000000e+00,0.000000000000000000e+00,0.000000000000000000e+00,0.000000000000000000e+00,0.000000000000000000e+00,0.000000000000000000e+00,0.000000000000000000e+00,0.000000000000000000e+00,0.000000000000000000e+00,0.000000000000000000e+00,0.000000000000000000e+00,0.000000000000000000e+00,0.000000000000000000e+00,0.000000000000000000e+00,0.000000000000000000e+00,0.000000000000000000e+00,0.000000000000000000e+00,0.000000000000000000e+00,0.000000000000000000e+00,0.000000000000000000e+00,0.000000000000000000e+00,0.000000000000000000e+00,0.000000000000000000e+00,0.000000000000000000e+00,0.000000000000000000e+00,0.000000000000000000e+00,0.000000000000000000e+00,0.000000000000000000e+00,0.000000000000000000e+00,0.000000000000000000e+00,0.000000000000000000e+00,0.000000000000000000e+00,0.000000000000000000e+00,0.000000000000000000e+00,0.000000000000000000e+00,0.000000000000000000e+00,0.000000000000000000e+00,0.000000000000000000e+00,0.000000000000000000e+00,0.000000000000000000e+00,0.000000000000000000e+00,0.000000000000000000e+00,0.000000000000000000e+00,0.000000000000000000e+00,0.000000000000000000e+00,0.000000000000000000e+00,0.000000000000000000e+00,0.000000000000000000e+00,0.000000000000000000e+00,0.000000000000000000e+00,0.000000000000000000e+00,0.000000000000000000e+00,0.000000000000000000e+00,1.967372345873900485e-03,1.074231236956256844e-03,4.945810421774429755e-04,2.391448812115052410e-04,7.712266904788164215e-05,2.202631961066322099e-05,3.659499009193936550e-05,8.448914831466004306e-05,1.352496607071429870e-04,1.727696525315648051e-04,1.941033700799083093e-04,2.021410403958737406e-04,2.026751279875270775e-04,2.000984748807134819e-04,1.978063592037850125e-04,1.968591255325011355e-04,1.977278488108990357e-04,1.997138492084855855e-04,2.024694990019641685e-04,2.052730230450933245e-04,2.080230226549453266e-04,2.104058599972143540e-04,2.125872655242552550e-04,2.144697629713494390e-04,2.162659413595076417e-04,2.179070875534710235e-04,2.195514564946046080e-04,2.211106453528293651e-04,2.226944323611718547e-04,2.242102660132374214e-04,2.257477554974919782e-04,2.272249816289004980e-04,2.287245210236467808e-04,2.301750033490124170e-04,2.316519841292164145e-04,2.330892246597175233e-04,2.345538661234006770e-04,2.359828903347267661e-04,2.374371031808870762e-04,2.388580879584555105e-04,2.403027069509256332e-04,2.417171880523697272e-04,2.431539423062650752e-04,2.445616559823717397e-04,2.459868780624212335e-04,2.473797803966881260e-04,2.487821815007626252e-04,2.501476657436862961e-04,2.515163393658191061e-04,2.528472324075279015e-04,2.541799446620008522e-04,2.554779133614858296e-04,2.567782129775780515e-04,2.580454741215111895e-04,2.593119421414816629e-04,2.605420484662517369e-04,2.617642306388918787e-04,2.629449959987398451e-04,2.641125644480468910e-04,2.652382562011384808e-04,2.663516880535905145e-04,2.674280607327845258e-04,2.684959881739279897e-04,2.695309676889182842e-04,2.705580223714546852e-04,2.715519045425498872e-04,2.725356834523914883e-04,2.734865223482987060e-04,2.744293580634148805e-04,2.753459814036338430e-04,2.762630023238293962e-04,2.771635720565205642e-04,2.780711507755206642e-04,2.789654963727084490e-04,2.798646297339876148e-04,2.807458918477780791e-04,2.816260751180552665e-04,2.824856652069433110e-04,2.833452025727877595e-04,2.841906607207799829e-04,2.850454382116989079e-04,2.858971523723588342e-04,2.867668750167336428e-04,2.876390409258521323e-04,2.885295957883585237e-04,2.894196362767633346e-04,2.903223661373596646e-04,2.912194212731610541e-04,2.921253798576203603e-04,2.930253657370139510e-04,2.939362413967739479e-04,2.948452019384515971e-04,2.957682979170277626e-04,2.966911355014543723e-04,2.976260238291232986e-04,2.985556025191574950e-04,2.994889402443331192e-04,3.004078171717392779e-04,3.013212192802250107e-04,3.022134474452545824e-04,3.030962209730396571e-04,3.039579125030197502e-04,3.048129257880770131e-04,3.056520062296595361e-04,3.064892751625070502e-04,3.073142780593363446e-04,3.081376617455873577e-04,3.089458682802740459e-04,3.097460828733830814e-04,3.105235271371304903e-04,3.112851379054426657e-04,3.120185162391650837e-04,3.127334698397889710e-04,3.134218973054732306e-04,3.140969386278776075e-04,3.147538703674881782e-04,3.154073931734274337e-04,3.160541346890501893e-04,3.167086734682812146e-04,3.173678544752945425e-04,3.180455417338292723e-04,3.187384554523988280e-04,3.194594703315027672e-04,3.202047835233234104e-04,3.209857749373711401e-04,3.217974717627443437e-04,3.226491052432033059e-04,3.235339795753767946e-04,3.244590196122109759e-04,3.254162063806031210e-04,3.264112237147426699e-04,3.274361975108315971e-04,3.284970635471303629e-04,3.295870637437178785e-04,3.307125356104228630e-04,3.318670385713326640e-04,3.330558274007966012e-04,3.342709654321197291e-04,3.355149864341186602e-04,3.367773394357152306e-04,3.380575307723237763e-04,3.393429513974824613e-04,3.406314838654947484e-04,3.419105182738081043e-04,3.431788275345683497e-04,3.444264868574018314e-04,3.456557774070331671e-04,3.468617343253639282e-04,3.480518489978275446e-04,3.492270092690847086e-04,3.503998165825356298e-04,3.515758025961253776e-04,3.527703524918041089e-04,3.539903608360116141e-04,3.552501094850756707e-04,3.565541888971870922e-04,3.579142497099700162e-04,3.593382071328221324e-04,3.608596339808915971e-04,3.625573654070212153e-04,3.646354059885202354e-04,3.675039601703130850e-04,3.718474685269946190e-04,3.783979519211350595e-04,3.869709576401397571e-04,3.940975130277678284e-04,3.894494878363962700e-04,3.539502148496540836e-04,2.672125169048560653e-04,1.318007923553025777e-04,2.219829688261493750e-05
0.000000000000000000e+00,0.000000000000000000e+00,0.000000000000000000e+00,0.000000000000000000e+00,0.000000000000000000e+00,0.000000000000000000e+00,0.000000000000000000e+00,0.000000000000000000e+00,0.000000000000000000e+00,0.000000000000000000e+00,0.000000000000000000e+00,0.000000000000000000e+00,0.000000000000000000e+00,0.000000000000000000e+00,0.000000000000000000e+00,0.000000000000000000e+00,0.000000000000000000e+00,0.000000000000000000e+00,0.000000000000000000e+00,0.000000000000000000e+00,0.000000000000000000e+00,0.000000000000000000e+00,0.000000000000000000e+00,0.000000000000000000e+00,0.000000000000000000e+00,0.000000000000000000e+00,0.000000000000000000e+00,0.000000000000000000e+00,0.000000000000000000e+00,0.000000000000000000e+00,0.000000000000000000e+00,0.000000000000000000e+00,0.000000000000000000e+00,0.000000000000000000e+00,0.000000000000000000e+00,0.000000000000000000e+00,0.000000000000000000e+00,0.000000000000000000e+00,0.000000000000000000e+00,0.000000000000000000e+00,0.000000000000000000e+00,0.000000000000000000e+00,0.000000000000000000e+00,0.000000000000000000e+00,0.000000000000000000e+00,0.000000000000000000e+00,0.000000000000000000e+00,0.000000000000000000e+00,0.000000000000000000e+00,0.000000000000000000e+00,0.000000000000000000e+00,0.000000000000000000e+00,0.000000000000000000e+00,0.000000000000000000e+00,0.000000000000000000e+00,0.000000000000000000e+00,0.000000000000000000e+00,0.000000000000000000e+00,0.000000000000000000e+00,0.000000000000000000e+00,0.000000000000000000e+00,0.000000000000000000e+00,0.000000000000000000e+00,0.000000000000000000e+00,0.000000000000000000e+00,0.000000000000000000e+00,0.000000000000000000e+00,0.000000000000000000e+00,0.000000000000000000e+00,0.000000000000000000e+00,0.000000000000000000e+00,0.000000000000000000e+00,0.000000000000000000e+00,0.000000000000000000e+00,0.000000000000000000e+00,0.000000000000000000e+00,0.000000000000000000e+00,0.000000000000000000e+00,0.000000000000000000e+00,0.000000000000000000e+00,0.000000000000000000e+00,0.000000000000000000e+00,0.000000000000000000e+00,0.000000000000000000e+00,0.000000000000000000e+00,0.000000000000000000e+00,0.000000000000000000e+00,0.000000000000000000e+00,0.000000000000000000e+00,0.000000000000000000e+00,0.000000000000000000e+00,0.000000000000000000e+00,0.000000000000000000e+00,0.000000000000000000e+00,0.000000000000000000e+00,0.000000000000000000e+00,0.000000000000000000e+00,0.000000000000000000e+00,0.000000000000000000e+00,0.000000000000000000e+00,0.000000000000000000e+00,0.000000000000000000e+00,0.000000000000000000e+00,0.000000000000000000e+00,0.000000000000000000e+00,0.000000000000000000e+00,0.000000000000000000e+00,0.000000000000000000e+00,0.000000000000000000e+00,0.000000000000000000e+00,0.000000000000000000e+00,0.000000000000000000e+00,0.000000000000000000e+00,0.000000000000000000e+00,0.000000000000000000e+00,0.000000000000000000e+00,0.000000000000000000e+00,0.000000000000000000e+00,0.000000000000000000e+00,0.000000000000000000e+00,0.000000000000000000e+00,0.000000000000000000e+00,0.000000000000000000e+00,0.000000000000000000e+00,0.000000000000000000e+00,0.000000000000000000e+00,0.000000000000000000e+00,0.000000000000000000e+00,0.000000000000000000e+00,0.000000000000000000e+00,0.000000000000000000e+00,0.000000000000000000e+00,0.000000000000000000e+00,0.000000000000000000e+00,0.000000000000000000e+00,0.000000000000000000e+00,0.000000000000000000e+00,0.000000000000000000e+00,0.000000000000000000e+00,0.000000000000000000e+00,0.000000000000000000e+00,0.000000000000000000e+00,0.000000000000000000e+00,0.000000000000000000e+00,0.000000000000000000e+00,0.000000000000000000e+00,0.000000000000000000e+00,0.000000000000000000e+00,0.000000000000000000e+00,0.000000000000000000e+00,0.000000000000000000e+00,0.000000000000000000e+00,0.000000000000000000e+00,0.000000000000000000e+00,0.000000000000000000e+00,0.000000000000000000e+00,0.000000000000000000e+00,0.000000000000000000e+00,0.000000000000000000e+00,0.000000000000000000e+00,0.000000000000000000e+00,0.000000000000000000e+00,0.000000000000000000e+00,0.000000000000000000e+00,0.000000000000000000e+00,0.000000000000000000e+00,0.000000000000000000e+00,0.000000000000000000e+00,0.000000000000000000e+00,1.487164563845752878e-03,7.449947774184910356e-04,5.081567250301537034e-04,2.554796086653243303e-04,1.249534570355231638e-04,5.895679467846748318e-05,5.906749630874303384e-05,8.952034671629029129e-05,1.285777901782062047e-04,1.590850384961758370e-04,1.774989484923456733e-04,1.849593818185818808e-04,1.861024083260720389e-04,1.845953958062377916e-04,1.833178978502225079e-04,1.832451776841969031e-04,1.846952744016419450e-04,1.871034233913797772e-04,1.900887772113556444e-04,1.930738541015910063e-04,1.959300904685677257e-04,1.984360558345920722e-04,2.007155655525792877e-04,2.027215837031768025e-04,2.046238523631965127e-04,2.063853519084675188e-04,2.081309290382767573e-04,2.097970888038247917e-04,2.114697723944705037e-04,2.130773290558544161e-04,2.146915648693031148e-04,2.162479241375027470e-04,2.178147596215747198e-04,2.193352727608859532e-04,2.208731435077571754e-04,2.223743911389506375e-04,2.238956060567018369e-04,2.253837839436689664e-04,2.268899297481313240e-04,2.283639045101797907e-04,2.298538695647860315e-04,2.313135954406502631e-04,2.327884143067424994e-04,2.342342736297061540e-04,2.356919454621542089e-04,2.371180922932166098e-04,2.385492007174929829e-04,2.399440798975094173e-04,2.413376657809471345e-04,2.426933097191383184e-04,2.440461555502145962e-04,2.453638826471739526e-04,2.466803172609597890e-04,2.479644805211594699e-04,2.492461560357703016e-04,2.504936050535869468e-04,2.517325872017891542e-04,2.529321748130113805e-04,2.541173566937546041e-04,2.552611479404798614e-04,2.563902059411189791e-04,2.574817010003284195e-04,2.585624194062559767e-04,2.596104795006899842e-04,2.606497770158672342e-04,2.616573759202114554e-04,2.626546847565539998e-04,2.636200037781790502e-04,2.645758863643243516e-04,2.655048201383050448e-04,2.664316281504023232e-04,2.673411502328767986e-04,2.682564598908129057e-04,2.691597981585357267e-04,2.700689404739768434e-04,2.709627335166829663e-04,2.718562737685607258e-04,2.727298742376536075e-04,2.736013605754461270e-04,2.744562802963687598e-04,2.753161431111201271e-04,2.761695162829001576e-04,2.770372451131960677e-04,2.779059211040287741e-04,2.787918600468854559e-04,2.796779934387756184e-04,2.805769915137565611e-04,2.814709855745829649e-04,2.823728402447401318e-04,2.832673811074678193e-04,2.841697645946054257e-04,2.850675370771113678e-04,2.859762325915197892e-04,2.868829816512569945e-04,2.878004942023096660e-04,2.887132084873950577e-04,2.896303087416269130e-04,2.905345030745452991e-04,2.914338180781921158e-04,2.923123895210383923e-04,2.931803045725915212e-04,2.940255964140274362e-04,2.948615419308191167e-04,2.956794992951070761e-04,2.964937311782556866e-04,2.972955024711319686e-04,2.980963010072904635e-04,2.988842258037278953e-04,2.996665904823926098e-04,3.004290318490367606e-04,3.011773279210975770e-04,3.018984199070680894e-04,3.026004598637000538e-04,3.032747536299409746e-04,3.039334360421209677e-04,3.045720821713744923e-04,3.052053057155409521e-04,3.058306048093850735e-04,3.064626704777628492e-04,3.070990019085400257e-04,3.077532079938780541e-04,3.084222353344433752e-04,3.091184377175177668e-04,3.098381170687661908e-04,3.105922794996875515e-04,3.113763867509806147e-04,3.121998208656179752e-04,3.130567813607729915e-04,3.139545809407567325e-04,3.148858320075538812e-04,3.158558955777916451e-04,3.168564986205580540e-04,3.178923514344409677e-04,3.189558283923102041e-04,3.200523056867925881e-04,3.211753765183487670e-04,3.223306927745561040e-04,3.235117232399948705e-04,3.247224920392045725e-04,3.259543534520219265e-04,3.272081919829509687e-04,3.284725733205846464e-04,3.297456412677826306e-04,3.310146037095602878e-04,3.322771784577866513e-04,3.335220947241069179e-04,3.347497598843584697e-04,3.359533887529383696e-04,3.371385553784440360e-04,3.383046266353618645e-04,3.394629597606442332e-04,3.406184778575323496e-04,3.417864604515406758e-04,3.429743427839769434e-04,3.441973490151766478e-04,3.454612290937088249e-04,3.467786820947885889e-04,3.481584513400603196e-04,3.496356586976365785e-04,3.512942740682031785e-04,3.533538966781338601e-04,3.562607719241267859e-04,3.607652923129577266e-04,3.676891866174297166e-04,3.769235293583635495e-04,3.849899828790325808e-04,3.814357204178844829e-04,3.470899726839141771e-04,2.617798948367464377e-04,1.286409353550175758e-04,2.152498302563018859e-05
0.000000000000000000e+00,0.000000000000000000e+00,0.000000000000000000e+00,0.000000000000000000e+00,0.000000000000000000e+00,0.000000000000000000e+00,0.000000000000000000e+00,0.000000000000000000e+00,0.000000000000000000e+00,0.000000000000000000e+00,0.000000000000000000e+00,0.000000000000000000e+00,0.000000000000000000e+00,0.000000000000000000e+00,0.000000000000000000e+00,0.000000000000000000e+00,0.000000000000000000e+00,0.000000000000000000e+00,0.000000000000000000e+00,0.000000000000000000e+00,0.000000000000000000e+00,0.000000000000000000e+00,0.000000000000000000e+00,0.000000000000000000e+00,0.000000000000000000e+00,0.000000000000000000e+00,0.000000000000000000e+00,0.000000000000000000e+00,0.000000000000000000e+00,0.000000000000000000e+00,0.000000000000000000e+00,0.000000000000000000e+00,0.000000000000000000e+00,0.000000000000000000e+00,0.000000000000000000e+00,0.000000000000000000e+00,0.000000000000000000e+00,0.000000000000000000e+00,0.000000000000000000e+00,0.000000000000000000e+00,0.000000000000000000e+00,0.000000000000000000e+00,0.000000000000000000e+00,0.000000000000000000e+00,0.000000000000000000e+00,0.000000000000000000e+00,0.000000000000000000e+00,0.000000000000000000e+00,0.000000000000000000e+00,0.000000000000000000e+00,0.000000000000000000e+00,0.000000000000000000e+00,0.000000000000000000e+00,0.000000000000000000e+00,0.000000000000000000e+00,0.000000000000000000e+00,0.000000000000000000e+00,0.000000000000000000e+00,0.000000000000000000e+00,0.000000000000000000e+00,0.000000000000000000e+00,0.000000000000000000e+00,0.000000000000000000e+00,0.000000000000000000e+00,0.000000000000000000e+00,0.000000000000000000e+00,0.000000000000000000e+00,0.000000000000000000e+00,0.000000000000000000e+00,0.000000000000000000e+00,0.000000000000000000e+00,0.000000000000000000e+00,0.000000000000000000e+00,0.000000000000000000e+00,0.000000000000000000e+00,0.000000000000000000e+00,0.000000000000000000e+00,0.000000000000000000e+00,0.000000000000000000e+00,0.000000000000000000e+00,0.000000000000000000e+00,0.000000000000000000e+00,0.000000000000000000e+00,0.000000000000000000e+00,0.000000000000000000e+00,0.000000000000000000e+00,0.000000000000000000e+00,0.000000000000000000e+00,0.000000000000000000e+00,0.000000000000000000e+00,0.000000000000000000e+00,0.000000000000000000e+00,0.000000000000000000e+00,0.000000000000000000e+00,0.000000000000000000e+00,0.000000000000000000e+00,0.000000000000000000e+00,0.000000000000000000e+00,0.000000000000000000e+00,0.000000000000000000e+00,0.000000000000000000e+00,0.000000000000000000e+00,0.000000000000000000e+00,0.000000000000000000e+00,0.000000000000000000e+00,0.000000000000000000e+00,0.000000000000000000e+00,0.000000000000000000e+00,0.000000000000000000e+00,0.000000000000000000e+00,0.000000000000000000e+00,0.000000000000000000e+00,0.000000000000000000e+00,0.000000000000000000e+00,0.000000000000000000e+00,0.000000000000000000e+00,0.000000000000000000e+00,0.000000000000000000e+00,0.000000000000000000e+00,0.000000000000000000e+00,0.000000000000000000e+00,0.000000000000000000e+00,0.000000000000000000e+00,0.000000000000000000e+00,0.000000000000000000e+00,0.000000000000000000e+00,0.000000000000000000e+00,0.000000000000000000e+00,0.000000000000000000e+00,0.000000000000000000e+00,0.000000000000000000e+00,0.000000000000000000e+00,0.000000000000000000e+00,0.000000000000000000e+00,0.000000000000000000e+00,0.000000000000000000e+00,0.000000000000000000e+00,0.000000000000000000e+00,0.000000000000000000e+00,0.000000000000000000e+00,0.000000000000000000e+00,0.000000000000000000e+00,0.000000000000000000e+00,0.000000000000000000e+00,0.000000000000000000e+00,0.000000000000000000e+00,0.000000000000000000e+00,0.000000000000000000e+00,0.000000000000000000e+00,0.000000000000000000e+00,0.000000000000000000e+00,0.000000000000000000e+00,0.000000000000000000e+00,0.000000000000000000e+00,0.000000000000000000e+00,0.000000000000000000e+00,0.000000000000000000e+00,0.000000000000000000e+00,0.000000000000000000e+00,0.000000000000000000e+00,0.000000000000000000e+00,0.000000000000000000e+00,0.000000000000000000e+00,0.000000000000000000e+00,0.000000000000000000e+00,0.000000000000000000e+00,0.000000000000000000e+00,0.000000000000000000e+00,-2.609957243226336616e-05,-1.229974828638266020e-04,1.767095784536525907e-04,1.500908451473858803e-04,1.330778811634426135e-04,8.106951138690223142e-05,6.458615565999287873e-05,6.667444445504685515e-05,9.279242798580463521e-05,1.219079292021390171e-04,1.470975156059333062e-04,1.621922193604204750e-04,1.693543462000360919e-04,1.710126771954259106e-04,1.707595323096078332e-04,1.704945082851394935e-04,1.713240573974502518e-04,1.732766369559335937e-04,1.760322766125031778e-04,1.791445462719069728e-04,1.822295155818847822e-04,1.851155348299336962e-04,1.876885063879489167e-04,1.900174303646669520e-04,1.921092608021033156e-04,1.940826013923560426e-04,1.959339455806508577e-04,1.977504976854448668e-04,1.994956223104117523e-04,2.012292648870167881e-04,2.029023993191417209e-04,2.045675436955219349e-04,2.061787506334979625e-04,2.077888428871528797e-04,2.093565175705603906e-04,2.109324781505119881e-04,2.124758776193520836e-04,2.140319269254366589e-04,2.155585192919075147e-04,2.170961568165502879e-04,2.186037133168430868e-04,2.201198928247497715e-04,2.216065404071812495e-04,2.231011476276094276e-04,2.245674180842948113e-04,2.260397573757329931e-04,2.274819088065936732e-04,2.289246178521060716e-04,2.303325018385949340e-04,2.317349100186037541e-04,2.330999094852690366e-04,2.344576422641127516e-04,2.357802383217366086e-04,2.370977190962495840e-04,2.383837390398515306e-04,2.396652896268224606e-04,2.409149266736658121e-04,2.421556736791493324e-04,2.433597431965946645e-04,2.445488471863914914e-04,2.456980733172601183e-04,2.468308259532780687e-04,2.479263273082656528e-04,2.490090897813124443e-04,2.500599089794498277e-04,2.511012793170754845e-04,2.521128599966326921e-04,2.531143520111570695e-04,2.540855305115421710e-04,2.550463969618277588e-04,2.559801619346139374e-04,2.569093638445932781e-04,2.578203401975034904e-04,2.587353523146112503e-04,2.596392847386982082e-04,2.605497924281749466e-04,2.614478949049850692e-04,2.623473979646442716e-04,2.632290143494844608e-04,2.641078353064641045e-04,2.649689152998710266e-04,2.658312318341880874e-04,2.666838011430727609e-04,2.675465015413740406e-04,2.684078119121985719e-04,2.692841692252891691e-04,2.701606497949793546e-04,2.710496688176774961e-04,2.719344837502110472e-04,2.728265693903812999e-04,2.737108149329913484e-04,2.746005071146621727e-04,2.754833457055912475e-04,2.763737670615908993e-04,2.772600753599324718e-04,2.781549660543188095e-04,2.790447259869511588e-04,2.799387680586751205e-04,2.808212673037403405e-04,2.816997305386900892e-04,2.825587140188287908e-04,2.834068741676962818e-04,2.842320106926907500e-04,2.850458950168201439e-04,2.858400582022275300e-04,2.866281843289558338e-04,2.874027826570420101e-04,2.881757866795195931e-04,2.889370650421388452e-04,2.896943566065068106e-04,2.904344074196230541e-04,2.911624711102468710e-04,2.918655318052520010e-04,2.925504216840240528e-04,2.932080096158150230e-04,2.938491232428832364e-04,2.944692335800649062e-04,2.950822617459008374e-04,2.956861710994405793e-04,2.962954077593979376e-04,2.969080691917748926e-04,2.975374932461468964e-04,2.981810587612916869e-04,2.988507652239060235e-04,2.995433009402165281e-04,3.002694105072151154e-04,3.010250573628543876e-04,3.018195785286531974e-04,3.026478602812735907e-04,3.035173305639417805e-04,3.044212101171817151e-04,3.053646536709555518e-04,3.063393619930091178e-04,3.073491422371354281e-04,3.083857636310372518e-04,3.094535732354982468e-04,3.105459293175989103e-04,3.116683400843333327e-04,3.128151408126103030e-04,3.139913123930708396e-04,3.151898330571978302e-04,3.164128676139791067e-04,3.176503812133303758e-04,3.189011648048416638e-04,3.201528467641901040e-04,3.214026968918832139e-04,3.226387358486958699e-04,3.238599551087205917e-04,3.250580827714718906e-04,3.262368240741537898e-04,3.273939128315901973e-04,3.285390881276680657e-04,3.296762221336588445e-04,3.308199029345019527e-04,3.319776075495435076e-04,3.331649765730614011e-04,3.343885864688594489e-04,3.356618170762712362e-04,3.369940444925940905e-04,3.384216025780611157e-04,3.400335174640045362e-04,3.420649721185895615e-04,3.449990986990867400e-04,3.496535627524207344e-04,3.569422539556851609e-04,3.668345133692813486e-04,3.758470521204768339e-04,3.734052428339131274e-04,3.402411448479153162e-04,2.563837896590514739e-04,1.255165240566828103e-04,2.085884922944263300e-05
0.000000000000000000e+00,0.000000000000000000e+00,0.000000000000000000e+00,0.000000000000000000e+00,0.000000000000000000e+00,0.000000000000000000e+00,0.000000000000000000e+00,0.000000000000000000e+00,0.000000000000000000e+00,0.000000000000000000e+00,0.000000000000000000e+00,0.000000000000000000e+00,0.000000000000000000e+00,0.000000000000000000e+00,0.000000000000000000e+00,0.000000000000000000e+00,0.000000000000000000e+00,0.000000000000000000e+00,0.000000000000000000e+00,0.000000000000000000e+00,0.000000000000000000e+00,0.000000000000000000e+00,0.000000000000000000e+00,0.000000000000000000e+00,0.000000000000000000e+00,0.000000000000000000e+00,0.000000000000000000e+00,0.000000000000000000e+00,0.000000000000000000e+00,0.000000000000000000e+00,0.000000000000000000e+00,0.000000000000000000e+00,0.000000000000000000e+00,0.000000000000000000e+00,0.000000000000000000e+00,0.000000000000000000e+00,0.000000000000000000e+00,0.000000000000000000e+00,0.000000000000000000e+00,0.000000000000000000e+00,0.000000000000000000e+00,0.000000000000000000e+00,0.000000000000000000e+00,0.000000000000000000e+00,0.000000000000000000e+00,0.000000000000000000e+00,0.000000000000000000e+00,0.000000000000000000e+00,0.000000000000000000e+00,0.000000000000000000e+00,0.000000000000000000e+00,0.000000000000000000e+00,0.000000000000000000e+00,0.000000000000000000e+00,0.000000000000000000e+00,0.000000000000000000e+00,0.000000000000000000e+00,0.000000000000000000e+00,0.000000000000000000e+00,0.000000000000000000e+00,0.000000000000000000e+00,0.000000000000000000e+00,0.000000000000000000e+00,0.000000000000000000e+00,0.000000000000000000e+00,0.000000000000000000e+00,0.000000000000000000e+00,0.000000000000000000e+00,0.000000000000000000e+00,0.000000000000000000e+00,0.000000000000000000e+00,0.000000000000000000e+00,0.000000000000000000e+00,0.000000000000000000e+00,0.000000000000000000e+00,0.000000000000000000e+00,0.000000000000000000e+00,0.000000000000000000e+00,0.000000000000000000e+00,0.000000000000000000e+00,0.000000000000000000e+00,0.000000000000000000e+00,0.000000000000000000e+00,0.000000000000000000e+00,0.000000000000000000e+00,0.000000000000000000e+00,0.000000000000000000e+00,0.000000000000000000e+00,0.000000000000000000e+00,0.000000000000000000e+00,0.000000000000000000e+00,0.000000000000000000e+00,0.000000000000000000e+00,0.000000000000000000e+00,0.000000000000000000e+00,0.000000000000000000e+00,0.000000000000000000e+00,0.000000000000000000e+00,0.000000000000000000e+00,0.000000000000000000e+00,0.000000000000000000e+00,0.000000000000000000e+00,0.000000000000000000e+00,0.000000000000000000e+00,0.000000000000000000e+00,0.000000000000000000e+00,0.000000000000000000e+00,0.000000000000000000e+00,0.000000000000000000e+00,0.000000000000000000e+00,0.000000000000000000e+00,0.000000000000000000e+00,0.000000000000000000e+00,0.000000000000000000e+00,0.000000000000000000e+00,0.000000000000000000e+00,0.000000000000000000e+00,0.000000000000000000e+00,0.000000000000000000e+00,0.000000000000000000e+00,0.000000000000000000e+00,0.000000000000000000e+00,0.000000000000000000e+00,0.000000000000000000e+00,0.000000000000000000e+00,0.000000000000000000e+00,0.000000000000000000e+00,0.000000000000000000e+00,0.000000000000000000e+00,0.000000000000000000e+00,0.000000000000000000e+00,0.000000000000000000e+00,0.000000000000000000e+00,0.000000000000000000e+00,0.000000000000000000e+00,0.000000000000000000e+00,0.000000000000000000e+00,0.000000000000000000e+00,0.000000000000000000e+00,0.000000000000000000e+00,0.000000000000000000e+00,0.000000000000000000e+00,0.000000000000000000e+00,0.000000000000000000e+00,0.000000000000000000e+00,0.000000000000000000e+00,0.000000000000000000e+00,0.000000000000000000e+00,0.000000000000000000e+00,0.000000000000000000e+00,0.000000000000000000e+00,0.000000000000000000e+00,0.000000000000000000e+00,0.000000000000000000e+00,0.000000000000000000e+00,0.000000000000000000e+00,0.000000000000000000e+00,0.000000000000000000e+00,0.000000000000000000e+00,0.000000000000000000e+00,0.000000000000000000e+00,0.000000000000000000e+00,0.000000000000000000e+00,0.000000000000000000e+00,0.000000000000000000e+00,0.000000000000000000e+00,0.000000000000000000e+00,0.000000000000000000e+00,2.311469982432775346e-04,4.500620049142795291e-04,3.789416062354999948e-04,3.000076027022271856e-04,1.786588875019480137e-04,1.209294739996475906e-04,8.416461227800301327e-05,8.503614060973108341e-05,9.828036755803476346e-05,1.204011290217977230e-04,1.383469965681322360e-04,1.509029036996595242e-04,1.569095062572146689e-04,1.592589031884149395e-04,1.598841318826161857e-04,1.606108581633463965e-04,1.620863617791752816e-04,1.644141826235410336e-04,1.673078878240806132e-04,1.704108369338171072e-04,1.734456890542005153e-04,1.762580868468181404e-04,1.787979335137820794e-04,1.811013956325343286e-04,1.832073338829680494e-04,1.851921713040734501e-04,1.870755211438906085e-04,1.889114389947195850e-04,1.906854811808561816e-04,1.924340040234343713e-04,1.941283709874838518e-04,1.958029804829643163e-04,1.974292332678959083e-04,1.990448833879558308e-04,2.006233441954281339e-04,2.022025250566762645e-04,2.037543206214222622e-04,2.053127259049839653e-04,2.068464277465022856e-04,2.083855478204589497e-04,2.098979228389250278e-04,2.114127370375698523e-04,2.128997759179813510e-04,2.143884820170780610e-04,2.158502128405863439e-04,2.173128576881643015e-04,2.187473202607459943e-04,2.201785836912423309e-04,2.215772586492247692e-04,2.229670520469072248e-04,2.243208266446119678e-04,2.256634770594815426e-04,2.269714992417217944e-04,2.282707548942071842e-04,2.295394706289659325e-04,2.308016346098075628e-04,2.320342848442557616e-04,2.332577653791431270e-04,2.344478252153237409e-04,2.356230260361508730e-04,2.367608321182507181e-04,2.378812967252939478e-04,2.389657240690317287e-04,2.400360375359983746e-04,2.410756629360744357e-04,2.421054726265685787e-04,2.431078900336875674e-04,2.441009248944068816e-04,2.450661247653999441e-04,2.460208924198730319e-04,2.469491901581126686e-04,2.478708482057545722e-04,2.487734038069022344e-04,2.496777853003667963e-04,2.505714420020118652e-04,2.514718891639222513e-04,2.523628430461871209e-04,2.532572806931975853e-04,2.541370023279482010e-04,2.550146161905903278e-04,2.558748490086713736e-04,2.567337465234252538e-04,2.575803569892164916e-04,2.584328601989459360e-04,2.592811937224928946e-04,2.601414782866968436e-04,2.610009862597141984e-04,2.618719756754830062e-04,2.627393235493212390e-04,2.636134655898408224e-04,2.644798310011950752e-04,2.653499125769063051e-04,2.662115784123278298e-04,2.670777643791908611e-04,2.679376195792249949e-04,2.688033362407228405e-04,2.696628979445738882e-04,2.705258522721211249e-04,2.713781755576517114e-04,2.722272135706980674e-04,2.730585449506960733e-04,2.738797584646707737e-04,2.746787348061939071e-04,2.754656072601311973e-04,2.762318043877190770e-04,2.769897887156810368e-04,2.777327508685902761e-04,2.784724857415383408e-04,2.792004667635859631e-04,2.799249094292194026e-04,2.806341677310306539e-04,2.813335377185108158e-04,2.820107823629900584e-04,2.826719214241226754e-04,2.833077847276639291e-04,2.839278758929351747e-04,2.845273654553045497e-04,2.851189744301429693e-04,2.857006731833111840e-04,2.862861807964975271e-04,2.868739696399146282e-04,2.874769507097719719e-04,2.880930066923718166e-04,2.887338550724987568e-04,2.893967931361247350e-04,2.900924570250504948e-04,2.908175033382756993e-04,2.915812174465243407e-04,2.923790998881930950e-04,2.932184425165325153e-04,2.940929098439692383e-04,2.950073491728141600e-04,2.959536065724025530e-04,2.969348533905287620e-04,2.979426249992454877e-04,2.989804280204291721e-04,3.000414056500880331e-04,3.011306274684718599e-04,3.022428696961995350e-04,3.033835219261807195e-04,3.045467545768514635e-04,3.057356921431142655e-04,3.069416427375736413e-04,3.081641627123710690e-04,3.093916548903038848e-04,3.106213905539361082e-04,3.118412372260575757e-04,3.130492812233356655e-04,3.142362229167763648e-04,3.154041834303278162e-04,3.165493847559867902e-04,3.176798513373888422e-04,3.187981398596021637e-04,3.199177417471078745e-04,3.210456942003284608e-04,3.221975732362255553e-04,3.233803057786417841e-04,3.246075540550666686e-04,3.258888882181973238e-04,3.272614939946521194e-04,3.288190336980895091e-04,3.308121887528668419e-04,3.337611075653900989e-04,3.385515908011847534e-04,3.461908219034231593e-04,3.567290890558197044e-04,3.666829135906487266e-04,3.653624491191244752e-04,3.334016046522051378e-04,2.510202017839701402e-04,1.224234013580772021e-04,2.019831053677003036e-05
0.000000000000000000e+00,0.000000000000000000e+00,0.000000000000000000e+00,0.000000000000000000e+00,0.000000000000000000e+00,0.000000000000000000e+00,0.000000000000000000e+00,0.000000000000000000e+00,0.000000000000000000e+00,0.000000000000000000e+00,0.000000000000000000e+00,0.000000000000000000e+00,0.000000000000000000e+00,0.000000000000000000e+00,0.000000000000000000e+00,0.000000000000000000e+00,0.000000000000000000e+00,0.000000000000000000e+00,0.000000000000000000e+00,0.000000000000000000e+00,0.000000000000000000e+00,0.000000000000000000e+00,0.000000000000000000e+00,0.000000000000000000e+00,0.000000000000000000e+00,0.000000000000000000e+00,0.000000000000000000e+00,0.000000000000000000e+00,0.000000000000000000e+00,0.000000000000000000e+00,0.000000000000000000e+00,0.000000000000000000e+00,0.000000000000000000e+00,0.000000000000000000e+00,0.000000000000000000e+00,0.000000000000000000e+00,0.000000000000000000e+00,0.000000000000000000e+00,0.000000000000000000e+00,0.000000000000000000e+00,0.000000000000000000e+00,0.000000000000000000e+00,0.000000000000000000e+00,0.000000000000000000e+00,0.000000000000000000e+00,0.000000000000000000e+00,0.000000000000000000e+00,0.000000000000000000e+00,0.000000000000000000e+00,0.000000000000000000e+00,0.000000000000000000e+00,0.000000000000000000e+00,0.000000000000000000e+00,0.000000000000000000e+00,0.000000000000000000e+00,0.000000000000000000e+00,0.000000000000000000e+00,0.000000000000000000e+00,0.000000000000000000e+00,0.000000000000000000e+00,0.000000000000000000e+00,0.000000000000000000e+00,0.000000000000000000e+00,0.000000000000000000e+00,0.000000000000000000e+00,0.000000000000000000e+00,0.000000000000000000e+00,0.000000000000000000e+00,0.000000000000000000e+00,0.000000000000000000e+00,0.000000000000000000e+00,0.000000000000000000e+00,0.000000000000000000e+00,0.000000000000000000e+00,0.000000000000000000e+00,0.000000000000000000e+00,0.000000000000000000e+00,0.000000000000000000e+00,0.000000000000000000e+00,0.000000000000000000e+00,0.000000000000000000e+00,0.000000000000000000e+00,0.000000000000000000e+00,0.000000000000000000e+00,0.000000000000000000e+00,0.000000000000000000e+00,0.000000000000000000e+00,0.000000000000000000e+00,0.000000000000000000e+00,0.000000000000000000e+00,0.000000000000000000e+00,0.000000000000000000e+00,0.000000000000000000e+00,0.000000000000000000e+00,0.000000000000000000e+00,0.000000000000000000e+00,0.000000000000000000e+00,0.000000000000000000e+00,0.000000000000000000e+00,0.000000000000000000e+00,0.000000000000000000e+00,0.000000000000000000e+00,0.000000000000000000e+00,0.000000000000000000e+00,0.000000000000000000e+00,0.000000000000000000e+00,0.000000000000000000e+00,0.000000000000000000e+00,0.000000000000000000e+00,0.000000000000000000e+00,0.000000000000000000e+00,0.000000000000000000e+00,0.000000000000000000e+00,0.000000000000000000e+00,0.000000000000000000e+00,0.000000000000000000e+00,0.000000000000000000e+00,0.000000000000000000e+00,0.000000000000000000e+00,0.000000000000000000e+00,0.000000000000000000e+00,0.000000000000000000e+00,0.000000000000000000e+00,0.000000000000000000e+00,0.000000000000000000e+00,0.000000000000000000e+00,0.000000000000000000e+00,0.000000000000000000e+00,0.000000000000000000e+00,0.000000000000000000e+00,0.000000000000000000e+00,0.000000000000000000e+00,0.000000000000000000e+00,0.000000000000000000e+00,0.000000000000000000e+00,0.000000000000000000e+00,0.000000000000000000e+00,0.000000000000000000e+00,0.000000000000000000e+00,0.000000000000000000e+00,0.000000000000000000e+00,0.000000000000000000e+00,0.000000000000000000e+00,0.000000000000000000e+00,0.000000000000000000e+00,0.000000000000000000e+00,0.000000000000000000e+00,0.000000000000000000e+00,0.000000000000000000e+00,0.000000000000000000e+00,0.000000000000000000e+00,0.000000000000000000e+00,0.000000000000000000e+00,0.000000000000000000e+00,0.000000000000000000e+00,0.000000000000000000e+00,0.000000000000000000e+00,0.000000000000000000e+00,0.000000000000000000e+00,0.000000000000000000e+00,0.000000000000000000e+00,0.000000000000000000e+00,0.000000000000000000e+00,0.000000000000000000e+00,0.000000000000000000e+00,0.000000000000000000e+00,0.000000000000000000e+00,0.000000000000000000e+00,2.579869962010153221e-04,3.155381874789984988e-04,3.347487976409652143e-04,2.603424205561931642e-04,2.086768202620875611e-04,1.434517790963259524e-04,1.148812184153505980e-04,1.012175330522608230e-04,1.095628573261513611e-04,1.214299980197954335e-04,1.350522176966048094e-04,1.437612394770676060e-04,1.492911186097799475e-04,1.516122302191441206e-04,1.531275211356954147e-04,1.543978197659353561e-04,1.563436343885412413e-04,1.587368508181602076e-04,1.615766017741573056e-04,1.644596665029002800e-04,1.672915466193825376e-04,1.698884404904111114e-04,1.722800743336150525e-04,1.744552120226019586e-04,1.764839672742821663e-04,1.783982141162448304e-04,1.802371302202052268e-04,1.820230444347881128e-04,1.837602321796419835e-04,1.854633945705574569e-04,1.871213708978801166e-04,1.887520418041706781e-04,1.903418442354030612e-04,1.919147030593376961e-04,1.934569860601667048e-04,1.949948380615055925e-04,1.965116418332524424e-04,1.980311295063080096e-04,1.995319309390754454e-04,2.010346186614287540e-04,2.025153018563168603e-04,2.039941967240806685e-04,2.054483193328694485e-04,2.068993477174588833e-04,2.083256512740036754e-04,2.097488442939316952e-04,2.111465984763637909e-04,2.125384681516463725e-04,2.139008804532241035e-04,2.152521938768708345e-04,2.165698732461769269e-04,2.178736257048758166e-04,2.191439731878341238e-04,2.204024704489893028e-04,2.216315720627716306e-04,2.228521632139413857e-04,2.240456708595114975e-04,2.252299068078416201e-04,2.263843535515385429e-04,2.275246955711957735e-04,2.286309886506271969e-04,2.297200230440701136e-04,2.307751628708861423e-04,2.318155634760700457e-04,2.328271338827685448e-04,2.338289581029666993e-04,2.348062716225990344e-04,2.357754685064494815e-04,2.367201245161641677e-04,2.376551369423832692e-04,2.385652851335192434e-04,2.394673990891509844e-04,2.403498684500475512e-04,2.412317198170490194e-04,2.421026533161771790e-04,2.429798411710637853e-04,2.438499884871747929e-04,2.447256595504607949e-04,2.455904472951410422e-04,2.464549435312318867e-04,2.473039344818931664e-04,2.481504252799985417e-04,2.489832451978885616e-04,2.498182602183996294e-04,2.506463770941946682e-04,2.514828537440548105e-04,2.523169859622144211e-04,2.531607825100277986e-04,2.540010296661819014e-04,2.548473981087512547e-04,2.556863263238629285e-04,2.565277389921001984e-04,2.573598697798623104e-04,2.581939769816817931e-04,2.590198455705041130e-04,2.598487211560187682e-04,2.606700225430448061e-04,2.614931737821748602e-04,2.623060544726963923e-04,2.631160433303559383e-04,2.639102404791558070e-04,2.646955821644180851e-04,2.654604796651529978e-04,2.662135306132596096e-04,2.669460005450322287e-04,2.676686709421946921e-04,2.683748913810741934e-04,2.690756611677406953e-04,2.697636801304798340e-04,2.704474516333225855e-04,2.711171928979449856e-04,2.717786603808827078e-04,2.724210543323691289e-04,2.730501359812753355e-04,2.736572213872965286e-04,2.742507042674637084e-04,2.748254992293952623e-04,2.753928339408065560e-04,2.759503151000997794e-04,2.765104384194927607e-04,2.770717153488519218e-04,2.776463538280673138e-04,2.782326833729806552e-04,2.788421088461267303e-04,2.794726458405695111e-04,2.801348990767421176e-04,2.808263820270504810e-04,2.815563992378098844e-04,2.823211302475048213e-04,2.831276309859215409e-04,2.839699009763772364e-04,2.848523178874668273e-04,2.857668736489578799e-04,2.867162002950214648e-04,2.876918790543391610e-04,2.886968259060840444e-04,2.897241725401828718e-04,2.907785087122188340e-04,2.918548519035657311e-04,2.929585980447032331e-04,2.940847082916743472e-04,2.952368765618304351e-04,2.964075496012802814e-04,2.975969714220598862e-04,2.987944568138779160e-04,2.999975072616955195e-04,3.011942044186827357e-04,3.023820935759408525e-04,3.035512521005552153e-04,3.047025203267471945e-04,3.058308655460798952e-04,3.069426758519074689e-04,3.080391818768898741e-04,3.091325707377028608e-04,3.102291798257463895e-04,3.113441102508421668e-04,3.124842574368712710e-04,3.136630606932697411e-04,3.148898398247445239e-04,3.162020270285170851e-04,3.176974499851166912e-04,3.196417437456829450e-04,3.225919092235893237e-04,3.275016736977759586e-04,3.354719633178158164e-04,3.466356443346848139e-04,3.575150851856705647e-04,3.573140360389018581e-04,3.265713827548270744e-04,2.456860415455723264e-04,1.193586957283823669e-04,1.953980166542731298e-05
0.000000000000000000e+00,0.000000000000000000e+00,0.000000000000000000e+00,0.000000000000000000e+00,0.000000000000000000e+00,0.000000000000000000e+00,0.000000000000000000e+00,0.000000000000000000e+00,0.000000000000000000e+00,0.000000000000000000e+00,0.000000000000000000e+00,0.000000000000000000e+00,0.000000000000000000e+00,0.000000000000000000e+00,0.000000000000000000e+00,0.000000000000000000e+00,0.000000000000000000e+00,0.000000000000000000e+00,0.000000000000000000e+00,0.000000000000000000e+00,0.000000000000000000e+00,0.000000000000000000e+00,0.000000000000000000e+00,0.000000000000000000e+00,0.000000000000000000e+00,0.000000000000000000e+00,0.000000000000000000e+00,0.000000000000000000e+00,0.000000000000000000e+00,0.000000000000000000e+00,0.000000000000000000e+00,0.000000000000000000e+00,0.000000000000000000e+00,0.000000000000000000e+00,0.000000000000000000e+00,0.000000000000000000e+00,0.000000000000000000e+00,0.000000000000000000e+00,0.000000000000000000e+00,0.000000000000000000e+00,0.000000000000000000e+00,0.000000000000000000e+00,0.000000000000000000e+00,0.000000000000000000e+00,0.000000000000000000e+00,0.000000000000000000e+00,0.000000000000000000e+00,0.000000000000000000e+00,0.000000000000000000e+00,0.000000000000000000e+00,0.000000000000000000e+00,0.000000000000000000e+00,0.000000000000000000e+00,0.000000000000000000e+00,0.000000000000000000e+00,0.000000000000000000e+00,0.000000000000000000e+00,0.000000000000000000e+00,0.000000000000000000e+00,0.000000000000000000e+00,0.000000000000000000e+00,0.000000000000000000e+00,0.000000000000000000e+00,0.000000000000000000e+00,0.000000000000000000e+00,0.000000000000000000e+00,0.000000000000000000e+00,0.000000000000000000e+00,0.000000000000000000e+00,0.000000000000000000e+00,0.000000000000000000e+00,0.000000000000000000e+00,0.000000000000000000e+00,0.000000000000000000e+00,0.000000000000000000e+00,0.000000000000000000e+00,0.000000000000000000e+00,0.000000000000000000e+00,0.000000000000000000e+00,0.000000000000000000e+00,0.000000000000000000e+00,0.000000000000000000e+00,0.000000000000000000e+00,0.000000000000000000e+00,0.000000000000000000e+00,0.000000000000000000e+00,0.000000000000000000e+00,0.000000000000000000e+00,0.000000000000000000e+00,0.000000000000000000e+00,0.000000000000000000e+00,0.000000000000000000e+00,0.000000000000000000e+00,0.000000000000000000e+00,0.000000000000000000e+00,0.000000000000000000e+00,0.000000000000000000e+00,0.000000000000000000e+00,0.000000000000000000e+00,0.000000000000000000e+00,0.000000000000000000e+00,0.000000000000000000e+00,0.000000000000000000e+00,0.000000000000000000e+00,0.000000000000000000e+00,0.000000000000000000e+00,0.000000000000000000e+00,0.000000000000000000e+00,0.000000000000000000e+00,0.000000000000000000e+00,0.000000000000000000e+00,0.000000000000000000e+00,0.000000000000000000e+00,0.000000000000000000e+00,0.000000000000000000e+00,0.000000000000000000e+00,0.000000000000000000e+00,0.000000000000000000e+00,0.000000000000000000e+00,0.000000000000000000e+00,0.000000000000000000e+00,0.000000000000000000e+00,0.000000000000000000e+00,0.000000000000000000e+00,0.000000000000000000e+00,0.000000000000000000e+00,0.000000000000000000e+00,0.000000000000000000e+00,0.000000000000000000e+00,0.000000000000000000e+00,0.000000000000000000e+00,0.000000000000000000e+00,0.000000000000000000e+00,0.000000000000000000e+00,0.000000000000000000e+00,0.000000000000000000e+00,0.000000000000000000e+00,0.000000000000000000e+00,0.000000000000000000e+00,0.000000000000000000e+00,0.000000000000000000e+00,0.000000000000000000e+00,0.000000000000000000e+00,0.000000000000000000e+00,0.000000000000000000e+00,0.000000000000000000e+00,0.000000000000000000e+00,0.000000000000000000e+00,0.000000000000000000e+00,0.000000000000000000e+00,0.000000000000000000e+00,0.000000000000000000e+00,0.000000000000000000e+00,0.000000000000000000e+00,0.000000000000000000e+00,0.000000000000000000e+00,0.000000000000000000e+00,0.000000000000000000e+00,0.000000000000000000e+00,0.000000000000000000e+00,0.000000000000000000e+00,0.000000000000000000e+00,0.000000000000000000e+00,0.000000000000000000e+00,0.000000000000000000e+00,0.000000000000000000e+00,0.000000000000000000e+00,0.000000000000000000e+00,2.416130355290466701e-04,3.745443437422795786e-04,3.457835976837714590e-04,2.889253199265040062e-04,2.141298655156572144e-04,1.724635554242226791e-04,1.350596801057900808e-04,1.230819298349829997e-04,1.203788672732877775e-04,1.280226722964971611e-04,1.353562656980186502e-04,1.422337901913991759e-04,1.462595251022808136e-04,1.489452838650518981e-04,1.506619365581246051e-04,1.523821785745260488e-04,1.543466723514182767e-04,1.566303749441439526e-04,1.591300095194706637e-04,1.616410575026033119e-04,1.640830748079349466e-04,1.663419741250683412e-04,1.684504205193131663e-04,1.703940511176830661e-04,1.722383071224970440e-04,1.739927191666716731e-04,1.756981940159702655e-04,1.773571352268880940e-04,1.789824963162251533e-04,1.805737243831313397e-04,1.821307408101584626e-04,1.836586256302622324e-04,1.851545211519358520e-04,1.866310111812855617e-04,1.880844229824075737e-04,1.895310896976762328e-04,1.909638193921586648e-04,1.923977970407318033e-04,1.938201626575877410e-04,1.952434254972779018e-04,1.966508153620969139e-04,1.980546781936567491e-04,1.994381261709624552e-04,2.008157691278677256e-04,2.021719146614844506e-04,2.035224432928491316e-04,2.048510021566675660e-04,2.061723216339927587e-04,2.074681681466869899e-04,2.087521440896781329e-04,2.100059221879078844e-04,2.112443730529359534e-04,2.124515273578034518e-04,2.136446934994234721e-04,2.148099858160884524e-04,2.159651847506177278e-04,2.170957533065587816e-04,2.182171707002382747e-04,2.193126415688851662e-04,2.203953492377068077e-04,2.214480579379380146e-04,2.224845481096106292e-04,2.234901806898601992e-04,2.244813016795552596e-04,2.254460716126705964e-04,2.264016699049681302e-04,2.273360641975892137e-04,2.282641451767799081e-04,2.291717149414493500e-04,2.300713918610955606e-04,2.309488961488442849e-04,2.318179470790045964e-04,2.326674640734284082e-04,2.335140316041778665e-04,2.343491023024626323e-04,2.351891207726842939e-04,2.360237863546225305e-04,2.368655241546689986e-04,2.377003294487993544e-04,2.385373659078699317e-04,2.393620340055153527e-04,2.401844807567868681e-04,2.409932784485806277e-04,2.418015651249392605e-04,2.426007629049654532e-04,2.434047049988520919e-04,2.442043829296189849e-04,2.450113114741250863e-04,2.458142615340889970e-04,2.466222785766824990e-04,2.474231710705435605e-04,2.482255606100701689e-04,2.490183394253031243e-04,2.498111126334387195e-04,2.505942526187903406e-04,2.513777545603505109e-04,2.521522095311813671e-04,2.529265855945416050e-04,2.536905709230633747e-04,2.544515787629918441e-04,2.551985394404821840e-04,2.559380903805824549e-04,2.566596515437488137e-04,2.573705592882614664e-04,2.580620653521013721e-04,2.587430561255413069e-04,2.594066699717818857e-04,2.600625133602573846e-04,2.607040266300369373e-04,2.613396234755377173e-04,2.619613850285679559e-04,2.625757453628901959e-04,2.631738448667278029e-04,2.637616907886249757e-04,2.643316243972231353e-04,2.648912687699101452e-04,2.654355094764895427e-04,2.659740279325863502e-04,2.665038855557742923e-04,2.670359757776189641e-04,2.675685030206311540e-04,2.681126270620936398e-04,2.686669530057376174e-04,2.692424488460086951e-04,2.698378496297632848e-04,2.704637064143305980e-04,2.711184420919686530e-04,2.718113994277131847e-04,2.725395189590278512e-04,2.733096389537994922e-04,2.741161231359654838e-04,2.749628227098515395e-04,2.758418609232166996e-04,2.767553189415768188e-04,2.776949384234902161e-04,2.786631880699042799e-04,2.796533840935335499e-04,2.806697241608661930e-04,2.817074629176226017e-04,2.827718186718068531e-04,2.838582929272716370e-04,2.849708377065083859e-04,2.861028112101911356e-04,2.872549930109270376e-04,2.884176122429948138e-04,2.895884873971086410e-04,2.907561070561325467e-04,2.919176888505050022e-04,2.930629338735016623e-04,2.941916166919077884e-04,2.952976454672290654e-04,2.963859006042996076e-04,2.974563488440325784e-04,2.985198437092254965e-04,2.995818951045989384e-04,3.006569179278002876e-04,3.017514568308906123e-04,3.028783474373956627e-04,3.040461396938155792e-04,3.052919513550024413e-04,3.067170666678347432e-04,3.086014319394549425e-04,3.115380845659404974e-04,3.165478956358621634e-04,3.248246668675477608e-04,3.365850373225999026e-04,3.483633078055580856e-04,3.492688156941602920e-04,3.197514112412937399e-04,2.403795849450203828e-04,1.163211478745068017e-04,1.888548116397307508e-05
0.000000000000000000e+00,0.000000000000000000e+00,0.000000000000000000e+00,0.000000000000000000e+00,0.000000000000000000e+00,0.000000000000000000e+00,0.000000000000000000e+00,0.000000000000000000e+00,0.000000000000000000e+00,0.000000000000000000e+00,0.000000000000000000e+00,0.000000000000000000e+00,0.000000000000000000e+00,0.000000000000000000e+00,0.000000000000000000e+00,0.000000000000000000e+00,0.000000000000000000e+00,0.000000000000000000e+00,0.000000000000000000e+00,0.000000000000000000e+00,0.000000000000000000e+00,0.000000000000000000e+00,0.000000000000000000e+00,0.000000000000000000e+00,0.000000000000000000e+00,0.000000000000000000e+00,0.000000000000000000e+00,0.000000000000000000e+00,0.000000000000000000e+00,0.000000000000000000e+00,0.000000000000000000e+00,0.000000000000000000e+00,0.000000000000000000e+00,0.000000000000000000e+00,0.000000000000000000e+00,0.000000000000000000e+00,0.000000000000000000e+00,0.000000000000000000e+00,0.000000000000000000e+00,0.000000000000000000e+00,0.000000000000000000e+00,0.000000000000000000e+00,0.000000000000000000e+00,0.000000000000000000e+00,0.000000000000000000e+00,0.000000000000000000e+00,0.000000000000000000e+00,0.000000000000000000e+00,0.000000000000000000e+00,0.000000000000000000e+00,0.000000000000000000e+00,0.000000000000000000e+00,0.000000000000000000e+00,0.000000000000000000e+00,0.000000000000000000e+00,0.000000000000000000e+00,0.000000000000000000e+00,0.000000000000000000e+00,0.000000000000000000e+00,0.000000000000000000e+00,0.000000000000000000e+00,0.000000000000000000e+00,0.000000000000000000e+00,0.000000000000000000e+00,0.000000000000000000e+00,0.000000000000000000e+00,0.000000000000000000e+00,0.000000000000000000e+00,0.000000000000000000e+00,0.000000000000000000e+00,0.000000000000000000e+00,0.000000000000000000e+00,0.000000000000000000e+00,0.000000000000000000e+00,0.000000000000000000e+00,0.000000000000000000e+00,0.000000000000000000e+00,0.000000000000000000e+00,0.000000000000000000e+00,0.000000000000000000e+00,0.000000000000000000e+00,0.000000000000000000e+00,0.000000000000000000e+00,0.000000000000000000e+00,0.000000000000000000e+00,0.000000000000000000e+00,0.000000000000000000e+00,0.000000000000000000e+00,0.000000000000000000e+00,0.000000000000000000e+00,0.000000000000000000e+00,0.000000000000000000e+00,0.000000000000000000e+00,0.000000000000000000e+00,0.000000000000000000e+00,0.000000000000000000e+00,0.000000000000000000e+00,0.000000000000000000e+00,0.000000000000000000e+00,0.000000000000000000e+00,0.000000000000000000e+00,0.000000000000000000e+00,0.000000000000000000e+00,0.000000000000000000e+00,0.000000000000000000e+00,0.000000000000000000e+00,0.000000000000000000e+00,0.000000000000000000e+00,0.000000000000000000e+00,0.000000000000000000e+00,0.000000000000000000e+00,0.000000000000000000e+00,0.000000000000000000e+00,0.000000000000000000e+00,0.000000000000000000e+00,0.000000000000000000e+00,0.000000000000000000e+00,0.000000000000000000e+00,0.000000000000000000e+00,0.000000000000000000e+00,0.000000000000000000e+00,0.000000000000000000e+00,0.000000000000000000e+00,0.000000000000000000e+00,0.000000000000000000e+00,0.000000000000000000e+00,0.000000000000000000e+00,0.000000000000000000e+00,0.000000000000000000e+00,0.000000000000000000e+00,0.000000000000000000e+00,0.000000000000000000e+00,0.000000000000000000e+00,0.000000000000000000e+00,0.000000000000000000e+00,0.000000000000000000e+00,0.000000000000000000e+00,0.000000000000000000e+00,0.000000000000000000e+00,0.000000000000000000e+00,0.000000000000000000e+00,0.000000000000000000e+00,0.000000000000000000e+00,0.000000000000000000e+00,0.000000000000000000e+00,0.000000000000000000e+00,0.000000000000000000e+00,0.000000000000000000e+00,0.000000000000000000e+00,0.000000000000000000e+00,0.000000000000000000e+00,0.000000000000000000e+00,0.000000000000000000e+00,0.000000000000000000e+00,0.000000000000000000e+00,0.000000000000000000e+00,0.000000000000000000e+00,0.000000000000000000e+00,0.000000000000000000e+00,0.000000000000000000e+00,0.000000000000000000e+00,0.000000000000000000e+00,0.000000000000000000e+00,0.000000000000000000e+00,0.000000000000000000e+00,0.000000000000000000e+00,0.000000000000000000e+00,0.000000000000000000e+00,2.647791501429410830e-04,3.609747536970847950e-04,3.464684015919006340e-04,2.747276249116708050e-04,2.225475844226304837e-04,1.767618554342813503e-04,1.543681706170013722e-04,1.373452917366907477e-04,1.348384841662759450e-04,1.357699410047473432e-04,1.408924924582809061e-04,1.447561058548377071e-04,1.484130500016402423e-04,1.506346836310404704e-04,1.526466591374844633e-04,1.542696318863170707e-04,1.561206653845567953e-04,1.579787399439478541e-04,1.600032274079638580e-04,1.619570985372831046e-04,1.638940028950301221e-04,1.656859124746734536e-04,1.674060291307287430e-04,1.690118161729949097e-04,1.705743722714230491e-04,1.720768670854267714e-04,1.735626563292956971e-04,1.750160211145469931e-04,1.764556774565419314e-04,1.778683415386777633e-04,1.792610357659977789e-04,1.806282288897415305e-04,1.819739841533553955e-04,1.833014925780918937e-04,1.846139639753783916e-04,1.859198305591157254e-04,1.872190592658961434e-04,1.885202414626235140e-04,1.898174302146139628e-04,1.911169354227647103e-04,1.924078323533599995e-04,1.936960865707136343e-04,1.949696169767757906e-04,1.962369587810334852e-04,1.974870420782470976e-04,1.987307349593247802e-04,1.999565810127262877e-04,2.011752378572324428e-04,2.023731075131878551e-04,2.035598299865464986e-04,2.047207697225180421e-04,2.058665580511299074e-04,2.069841371076045215e-04,2.080868313694373361e-04,2.091637147991443567e-04,2.102295529220691423e-04,2.112732847498669908e-04,2.123082724319690204e-04,2.133212281356340135e-04,2.143232563867460768e-04,2.152998393349303205e-04,2.162621277601558319e-04,2.171973877977131863e-04,2.181192489299388262e-04,2.190178347444013754e-04,2.199083539181586374e-04,2.207813032634979990e-04,2.216501905534685329e-04,2.225031598245774895e-04,2.233508776365131948e-04,2.241801853844951474e-04,2.250017867888578159e-04,2.258049010816352462e-04,2.266032450730999146e-04,2.273894293664980454e-04,2.281786551732471128e-04,2.289633304990198038e-04,2.297558069361117057e-04,2.305448919787917252e-04,2.313389180169510447e-04,2.321245326200743764e-04,2.329094534032681661e-04,2.336821761870149861e-04,2.344529483082208874e-04,2.352133667337764163e-04,2.359753509476272988e-04,2.367311863856186977e-04,2.374915609117570848e-04,2.382471252995332250e-04,2.390063004774467114e-04,2.397584630222334193e-04,2.405111438038224486e-04,2.412541770001470876e-04,2.419956621596051178e-04,2.427266463353739410e-04,2.434557498898186226e-04,2.441745582481056709e-04,2.448912820791857578e-04,2.455972109778082626e-04,2.462996366254147193e-04,2.469894061874366889e-04,2.476730654940958900e-04,2.483414386408258775e-04,2.490009488104067423e-04,2.496431352564050564e-04,2.502750245779774012e-04,2.508893929279920804e-04,2.514940328534769390e-04,2.520826585868012949e-04,2.526631225568637222e-04,2.532291486695049270e-04,2.537878418499904358e-04,2.543325740078188329e-04,2.548699866469372353e-04,2.553939197520967218e-04,2.559115953351420746e-04,2.564181815406044998e-04,2.569219403818132335e-04,2.574194071700738580e-04,2.579196974360011582e-04,2.584204694947524108e-04,2.589315159856636519e-04,2.594514773079777082e-04,2.599906771024119902e-04,2.605484706682209095e-04,2.611352516997590841e-04,2.617502995064782591e-04,2.624029200254502595e-04,2.630908164334298718e-04,2.638206301134095343e-04,2.645871906198924220e-04,2.653939012593243304e-04,2.662331075951399886e-04,2.671063640853049009e-04,2.680056114986171297e-04,2.689328851194521170e-04,2.698817518290888670e-04,2.708560604185190207e-04,2.718513523458835723e-04,2.728726314645559502e-04,2.739158652657573277e-04,2.749851113043009511e-04,2.760745080664876033e-04,2.771852470136882004e-04,2.783084442021685435e-04,2.794422520902636203e-04,2.805756720963098428e-04,2.817057035773546216e-04,2.828218200288946092e-04,2.839228368347590774e-04,2.850017217557097274e-04,2.860619020732237876e-04,2.871021351814519867e-04,2.881319064823393422e-04,2.891558470367062159e-04,2.901875116821900184e-04,2.912328884952762598e-04,2.923038387295075007e-04,2.934077239727389953e-04,2.945807184340560225e-04,2.959269068696242211e-04,2.977396321556652066e-04,3.006469293587094634e-04,3.057351618254233543e-04,3.142894068027213229e-04,3.266101467297430122e-04,3.392502208025654467e-04,3.412383424712712868e-04,3.129454627731556452e-04,2.351010909073079512e-04,1.133121136583867001e-04,1.823803777985432892e-05
0.000000000000000000e+00,0.000000000000000000e+00,0.000000000000000000e+00,0.000000000000000000e+00,0.000000000000000000e+00,0.000000000000000000e+00,0.000000000000000000e+00,0.000000000000000000e+00,0.000000000000000000e+00,0.000000000000000000e+00,0.000000000000000000e+00,0.000000000000000000e+00,0.000000000000000000e+00,0.000000000000000000e+00,0.000000000000000000e+00,0.000000000000000000e+00,0.000000000000000000e+00,0.000000000000000000e+00,0.000000000000000000e+00,0.000000000000000000e+00,0.000000000000000000e+00,0.000000000000000000e+00,0.000000000000000000e+00,0.000000000000000000e+00,0.000000000000000000e+00,0.000000000000000000e+00,0.000000000000000000e+00,0.000000000000000000e+00,0.000000000000000000e+00,0.000000000000000000e+00,0.000000000000000000e+00,0.000000000000000000e+00,0.000000000000000000e+00,0.000000000000000000e+00,0.000000000000000000e+00,0.000000000000000000e+00,0.000000000000000000e+00,0.000000000000000000e+00,0.000000000000000000e+00,0.000000000000000000e+00,0.000000000000000000e+00,0.000000000000000000e+00,0.000000000000000000e+00,0.000000000000000000e+00,0.000000000000000000e+00,0.000000000000000000e+00,0.000000000000000000e+00,0.000000000000000000e+00,0.000000000000000000e+00,0.000000000000000000e+00,0.000000000000000000e+00,0.000000000000000000e+00,0.000000000000000000e+00,0.000000000000000000e+00,0.000000000000000000e+00,0.000000000000000000e+00,0.000000000000000000e+00,0.000000000000000000e+00,0.000000000000000000e+00,0.000000000000000000e+00,0.000000000000000000e+00,0.000000000000000000e+00,0.000000000000000000e+00,0.000000000000000000e+00,0.000000000000000000e+00,0.000000000000000000e+00,0.000000000000000000e+00,0.000000000000000000e+00,0.000000000000000000e+00,0.000000000000000000e+00,0.000000000000000000e+00,0.000000000000000000e+00,0.000000000000000000e+00,0.000000000000000000e+00,0.000000000000000000e+00,0.000000000000000000e+00,0.000000000000000000e+00,0.000000000000000000e+00,0.000000000000000000e+00,0.000000000000000000e+00,0.000000000000000000e+00,0.000000000000000000e+00,0.000000000000000000e+00,0.000000000000000000e+00,0.000000000000000000e+00,0.000000000000000000e+00,0.000000000000000000e+00,0.000000000000000000e+00,0.000000000000000000e+00,0.000000000000000000e+00,0.000000000000000000e+00,0.000000000000000000e+00,0.000000000000000000e+00,0.000000000000000000e+00,0.000000000000000000e+00,0.000000000000000000e+00,0.000000000000000000e+00,0.000000000000000000e+00,0.000000000000000000e+00,0.000000000000000000e+00,0.000000000000000000e+00,0.000000000000000000e+00,0.000000000000000000e+00,0.000000000000000000e+00,0.000000000000000000e+00,0.000000000000000000e+00,0.000000000000000000e+00,0.000000000000000000e+00,0.000000000000000000e+00,0.000000000000000000e+00,0.000000000000000000e+00,0.000000000000000000e+00,0.000000000000000000e+00,0.000000000000000000e+00,0.000000000000000000e+00,0.000000000000000000e+00,0.000000000000000000e+00,0.000000000000000000e+00,0.000000000000000000e+00,0.000000000000000000e+00,0.000000000000000000e+00,0.000000000000000000e+00,0.000000000000000000e+00,0.000000000000000000e+00,0.000000000000000000e+00,0.000000000000000000e+00,0.000000000000000000e+00,0.000000000000000000e+00,0.000000000000000000e+00,0.000000000000000000e+00,0.000000000000000000e+00,0.000000000000000000e+00,0.000000000000000000e+00,0.000000000000000000e+00,0.000000000000000000e+00,0.000000000000000000e+00,0.000000000000000000e+00,0.000000000000000000e+00,0.000000000000000000e+00,0.000000000000000000e+00,0.000000000000000000e+00,0.000000000000000000e+00,0.000000000000000000e+00,0.000000000000000000e+00,0.000000000000000000e+00,0.000000000000000000e+00,0.000000000000000000e+00,0.000000000000000000e+00,0.000000000000000000e+00,0.000000000000000000e+00,0.000000000000000000e+00,0.000000000000000000e+00,0.000000000000000000e+00,0.000000000000000000e+00,0.000000000000000000e+00,0.000000000000000000e+00,0.000000000000000000e+00,0.000000000000000000e+00,0.000000000000000000e+00,0.000000000000000000e+00,0.000000000000000000e+00,0.000000000000000000e+00,0.000000000000000000e+00,0.000000000000000000e+00,0.000000000000000000e+00,0.000000000000000000e+00,0.000000000000000000e+00,0.000000000000000000e+00,2.544884455669369503e-04,3.611858233337638291e-04,3.385924008318900590e-04,2.760884478934168707e-04,2.137750917923306865e-04,1.829146384749161431e-04,1.605818061199527447e-04,1.520616729301518886e-04,1.464009317867316564e-04,1.472915310730954627e-04,1.488540101430182560e-04,1.519658554594857192e-04,1.543016392113501635e-04,1.565400456738137323e-04,1.581855729840718418e-04,1.597087875562031912e-04,1.610827396059541451e-04,1.624561354749314078e-04,1.638256501917516870e-04,1.651671948275713387e-04,1.664906910998975652e-04,1.677524182630987326e-04,1.689934151153127157e-04,1.701880654418754066e-04,1.713831929440594337e-04,1.725587452414417287e-04,1.737467770031776053e-04,1.749258854145635089e-04,1.761125696907968666e-04,1.772875520460554194e-04,1.784591468451673262e-04,1.796149493824923855e-04,1.807612848392771779e-04,1.818942972208896546e-04,1.830204118988699308e-04,1.841420840077155922e-04,1.852637999973054525e-04,1.863895482587396438e-04,1.875185715988322475e-04,1.886530415454242709e-04,1.897866623914699642e-04,1.909208004353288800e-04,1.920469792278119527e-04,1.931688881897269982e-04,1.942787382995301941e-04,1.953832055348307011e-04,1.964745041530554332e-04,1.975599976413240275e-04,1.986298670045751199e-04,1.996906622421617237e-04,2.007308608004470737e-04,2.017576196142219366e-04,2.027601997471919484e-04,2.037483840313859709e-04,2.047134773334744536e-04,2.056674140968958329e-04,2.066019236053128047e-04,2.075284627098815144e-04,2.084368616105167606e-04,2.093365602439936288e-04,2.102156534340180545e-04,2.110831161247168149e-04,2.119280041538213106e-04,2.127614414413187525e-04,2.135752011421025406e-04,2.143825097305846405e-04,2.151760875521886447e-04,2.159681663023143433e-04,2.167492436581210449e-04,2.175284137605850744e-04,2.182938512349478913e-04,2.190535351880227286e-04,2.197968900189514361e-04,2.205345273460215458e-04,2.212596281543122471e-04,2.219855890404725770e-04,2.227069990995219511e-04,2.234359761931251596e-04,2.241642786245280758e-04,2.248999037499527253e-04,2.256313499957513023e-04,2.263644988596686650e-04,2.270881338065323062e-04,2.278097103220274482e-04,2.285208214049585780e-04,2.292311250496854652e-04,2.299337995387909777e-04,2.306383545365683126e-04,2.313370937385802095e-04,2.320377103694983738e-04,2.327311838779841466e-04,2.334240684304593851e-04,2.341073299112547278e-04,2.347877370833279128e-04,2.354571608305008055e-04,2.361228787114373943e-04,2.367774135919750397e-04,2.374280319622189544e-04,2.380674062782064536e-04,2.387024752665603522e-04,2.393258983388914241e-04,2.399441578778894644e-04,2.405497099994105049e-04,2.411483806464660912e-04,2.417323569031226249e-04,2.423070391939788283e-04,2.428649174366500848e-04,2.434117958422987640e-04,2.439413292954500804e-04,2.444603624474317688e-04,2.449638983406414103e-04,2.454594996044224034e-04,2.459428160791398365e-04,2.464213423281327777e-04,2.468907720151526956e-04,2.473582693766317718e-04,2.478196069269806038e-04,2.482818475923692192e-04,2.487411552015220129e-04,2.492048901107427029e-04,2.496700960019905503e-04,2.501450057843071268e-04,2.506280710215730355e-04,2.511287219211684463e-04,2.516467416272211784e-04,2.521921887692993324e-04,2.527650666040699256e-04,2.533745064567971311e-04,2.540188920609421567e-04,2.547046313459686885e-04,2.554270917378546912e-04,2.561893558338247364e-04,2.569841682162196856e-04,2.578126859548724435e-04,2.586671299317980905e-04,2.595490916533428789e-04,2.604523488056658211e-04,2.613803312786275985e-04,2.623288278425943746e-04,2.633025916713726297e-04,2.642980491055733363e-04,2.653193442741513136e-04,2.663613943086222185e-04,2.674257970271641115e-04,2.685045849046982188e-04,2.695962897605959818e-04,2.706905084530023833e-04,2.717841090229350604e-04,2.728664331096655087e-04,2.739354117346454003e-04,2.749831297531106196e-04,2.760115861050263259e-04,2.770183195686193658e-04,2.780113975763847290e-04,2.789944643392380861e-04,2.799800512777923822e-04,2.809733310207225055e-04,2.819848543083464934e-04,2.830203133809837987e-04,2.841143687954895600e-04,2.853731435481882085e-04,2.871024647555009196e-04,2.899639412850433607e-04,2.951073851329058377e-04,3.039065256543696959e-04,3.167450782853561205e-04,3.302004999722343522e-04,3.332366979911602508e-04,3.061589066303218752e-04,2.298521237612728035e-04,1.103333794374411860e-04,1.760264413368116244e-05
0.000000000000000000e+00,0.000000000000000000e+00,0.000000000000000000e+00,0.000000000000000000e+00,0.000000000000000000e+00,0.000000000000000000e+00,0.000000000000000000e+00,0.000000000000000000e+00,0.000000000000000000e+00,0.000000000000000000e+00,0.000000000000000000e+00,0.000000000000000000e+00,0.000000000000000000e+00,0.000000000000000000e+00,0.000000000000000000e+00,0.000000000000000000e+00,0.000000000000000000e+00,0.000000000000000000e+00,0.000000000000000000e+00,0.000000000000000000e+00,0.000000000000000000e+00,0.000000000000000000e+00,0.000000000000000000e+00,0.000000000000000000e+00,0.000000000000000000e+00,0.000000000000000000e+00,0.000000000000000000e+00,0.000000000000000000e+00,0.000000000000000000e+00,0.000000000000000000e+00,0.000000000000000000e+00,0.000000000000000000e+00,0.000000000000000000e+00,0.000000000000000000e+00,0.000000000000000000e+00,0.000000000000000000e+00,0.000000000000000000e+00,0.000000000000000000e+00,0.000000000000000000e+00,0.000000000000000000e+00,0.000000000000000000e+00,0.000000000000000000e+00,0.000000000000000000e+00,0.000000000000000000e+00,0.000000000000000000e+00,0.000000000000000000e+00,0.000000000000000000e+00,0.000000000000000000e+00,0.000000000000000000e+00,0.000000000000000000e+00,0.000000000000000000e+00,0.000000000000000000e+00,0.000000000000000000e+00,0.000000000000000000e+00,0.000000000000000000e+00,0.000000000000000000e+00,0.000000000000000000e+00,0.000000000000000000e+00,0.000000000000000000e+00,0.000000000000000000e+00,0.000000000000000000e+00,0.000000000000000000e+00,0.000000000000000000e+00,0.000000000000000000e+00,0.000000000000000000e+00,0.000000000000000000e+00,0.000000000000000000e+00,0.000000000000000000e+00,0.000000000000000000e+00,0.000000000000000000e+00,0.000000000000000000e+00,0.000000000000000000e+00,0.000000000000000000e+00,0.000000000000000000e+00,0.000000000000000000e+00,0.000000000000000000e+00,0.000000000000000000e+00,0.000000000000000000e+00,0.000000000000000000e+00,0.000000000000000000e+00,0.000000000000000000e+00,0.000000000000000000e+00,0.000000000000000000e+00,0.000000000000000000e+00,0.000000000000000000e+00,0.000000000000000000e+00,0.000000000000000000e+00,0.000000000000000000e+00,0.000000000000000000e+00,0.000000000000000000e+00,0.000000000000000000e+00,0.000000000000000000e+00,0.000000000000000000e+00,0.000000000000000000e+00,0.000000000000000000e+00,0.000000000000000000e+00,0.000000000000000000e+00,0.000000000000000000e+00,0.000000000000000000e+00,0.000000000000000000e+00,0.000000000000000000e+00,0.000000000000000000e+00,0.000000000000000000e+00,0.000000000000000000e+00,0.000000000000000000e+00,0.000000000000000000e+00,0.000000000000000000e+00,0.000000000000000000e+00,0.000000000000000000e+00,0.000000000000000000e+00,0.000000000000000000e+00,0.000000000000000000e+00,0.000000000000000000e+00,0.000000000000000000e+00,0.000000000000000000e+00,0.000000000000000000e+00,0.000000000000000000e+00,0.000000000000000000e+00,0.000000000000000000e+00,0.000000000000000000e+00,0.000000000000000000e+00,0.000000000000000000e+00,0.000000000000000000e+00,0.000000000000000000e+00,0.000000000000000000e+00,0.000000000000000000e+00,0.000000000000000000e+00,0.000000000000000000e+00,0.000000000000000000e+00,0.000000000000000000e+00,0.000000000000000000e+00,0.000000000000000000e+00,0.000000000000000000e+00,0.000000000000000000e+00,0.000000000000000000e+00,0.000000000000000000e+00,0.000000000000000000e+00,0.000000000000000000e+00,0.000000000000000000e+00,0.000000000000000000e+00,0.000000000000000000e+00,0.000000000000000000e+00,0.000000000000000000e+00,0.000000000000000000e+00,0.000000000000000000e+00,0.000000000000000000e+00,0.000000000000000000e+00,0.000000000000000000e+00,0.000000000000000000e+00,0.000000000000000000e+00,0.000000000000000000e+00,0.000000000000000000e+00,0.000000000000000000e+00,0.000000000000000000e+00,0.000000000000000000e+00,0.000000000000000000e+00,0.000000000000000000e+00,0.000000000000000000e+00,0.000000000000000000e+00,0.000000000000000000e+00,0.000000000000000000e+00,0.000000000000000000e+00,0.000000000000000000e+00,0.000000000000000000e+00,0.000000000000000000e+00,0.000000000000000000e+00,0.000000000000000000e+00,0.000000000000000000e+00,2.647348782159965374e-04,3.626645819671571458e-04,3.387398054192103944e-04,2.677006066356645551e-04,2.122330830491705805e-04,1.782675318619475697e-04,1.670427263628053839e-04,1.600790769515658435e-04,1.592861686715160642e-04,1.585402814333038363e-04,1.602163993381230337e-04,1.616209253360121473e-04,1.636914378642805750e-04,1.652056163135181253e-04,1.666655938257648238e-04,1.676755000517658604e-04,1.685995097212041722e-04,1.693236381894524883e-04,1.700565022397133863e-04,1.707252967885468798e-04,1.714339219440802660e-04,1.721229233065509827e-04,1.728551247659735647e-04,1.735885333229737477e-04,1.743673924149235328e-04,1.751600068110333963e-04,1.759950518100561077e-04,1.768452012563242060e-04,1.777265027109405690e-04,1.786155106088216328e-04,1.795207301638727937e-04,1.804246449497829438e-04,1.813333588305723453e-04,1.822371847523182858e-04,1.831428545406352639e-04,1.840478539608171344e-04,1.849586722483441631e-04,1.858760227749486416e-04,1.868026701702359745e-04,1.877384326158508141e-04,1.886806549562627976e-04,1.896279371857001309e-04,1.905745297111713788e-04,1.915206552856127278e-04,1.924606868315482705e-04,1.933979801851789181e-04,1.943272283855644188e-04,1.952532213632239436e-04,1.961689989144971627e-04,1.970788507310387828e-04,1.979737669628662872e-04,1.988582574154882298e-04,1.997233663990078257e-04,2.005759080644517131e-04,2.014087468911342606e-04,2.022312631380291704e-04,2.030372579564696217e-04,2.038364916089122883e-04,2.046214021596106443e-04,2.054001359806233054e-04,2.061631859637510556e-04,2.069178234613768431e-04,2.076547516131925161e-04,2.083828875886783755e-04,2.090953400869479859e-04,2.098033987177310561e-04,2.105016294801284322e-04,2.112010706432787966e-04,2.118944722191708175e-04,2.125897382674085581e-04,2.132765834504559538e-04,2.139607099785118449e-04,2.146317980862811833e-04,2.152973473509500681e-04,2.159506220545530679e-04,2.166027067936192210e-04,2.172496913285079016e-04,2.179031055411977742e-04,2.185575016921736729e-04,2.192208547222266755e-04,2.198839849688514982e-04,2.205515936754147465e-04,2.212132328925538725e-04,2.218738992619999698e-04,2.225251806108072359e-04,2.231743084654117979e-04,2.238150113188885188e-04,2.244553102620967810e-04,2.250888727003941790e-04,2.257225100782647871e-04,2.263487144540323891e-04,2.269730844696743347e-04,2.275877776465427967e-04,2.281983591898511881e-04,2.287976469720407044e-04,2.293916943497580692e-04,2.299740027234603232e-04,2.305508556954613130e-04,2.311161595487143698e-04,2.316762921144336577e-04,2.322255086748040674e-04,2.327701045591132486e-04,2.333041930760359681e-04,2.338332023520263794e-04,2.343502841050243413e-04,2.348595559443301993e-04,2.353534771085628299e-04,2.358359457343925402e-04,2.363004277544651741e-04,2.367524485708066785e-04,2.371878940489454497e-04,2.376144314640428305e-04,2.380297958327818166e-04,2.384423456453969934e-04,2.388498172146563952e-04,2.392595973542689083e-04,2.396683613931115185e-04,2.400822340030660522e-04,2.404972224033144045e-04,2.409190819524066141e-04,2.413443184548798152e-04,2.417795762787599992e-04,2.422229902952508309e-04,2.426828832779600014e-04,2.431592229173163409e-04,2.436614902107449049e-04,2.441902079737953354e-04,2.447541607560877169e-04,2.453522925676251878e-04,2.459907097259699644e-04,2.466653360838553773e-04,2.473790306932584183e-04,2.481251080214524874e-04,2.489045069927752233e-04,2.497098734162840443e-04,2.505424036391344601e-04,2.513960451279900255e-04,2.522736839785545823e-04,2.531712119793715077e-04,2.540929960770411402e-04,2.550358485586024264e-04,2.560039829386710308e-04,2.569931518419881584e-04,2.580054540155996999e-04,2.590339769410768484e-04,2.600777725303972344e-04,2.611271875801017832e-04,2.621790871558337906e-04,2.632228040811931437e-04,2.642554641776970084e-04,2.652683346692824486e-04,2.662619949545024715e-04,2.672327528081885678e-04,2.681871695744060839e-04,2.691277788058137575e-04,2.700658588946121133e-04,2.710054819837015919e-04,2.719554600646571004e-04,2.729193185577225120e-04,2.739295356467372103e-04,2.750935271540621186e-04,2.767285459444870032e-04,2.795282709627465141e-04,2.847034280903121425e-04,2.937132363801776640e-04,3.070229212407738265e-04,3.212401483936135668e-04,3.252804541787738027e-04,2.993999037482534772e-04,2.246354973602082954e-04,1.073863405757298273e-04,1.698001716270952673e-05
0.000000000000000000e+00,0.000000000000000000e+00,0.000000000000000000e+00,0.000000000000000000e+00,0.000000000000000000e+00,0.000000000000000000e+00,0.000000000000000000e+00,0.000000000000000000e+00,0.000000000000000000e+00,0.000000000000000000e+00,0.000000000000000000e+00,0.000000000000000000e+00,0.000000000000000000e+00,0.000000000000000000e+00,0.000000000000000000e+00,0.000000000000000000e+00,0.000000000000000000e+00,0.000000000000000000e+00,0.000000000000000000e+00,0.000000000000000000e+00,0.000000000000000000e+00,0.000000000000000000e+00,0.000000000000000000e+00,0.000000000000000000e+00,0.000000000000000000e+00,0.000000000000000000e+00,0.000000000000000000e+00,0.000000000000000000e+00,0.000000000000000000e+00,0.000000000000000000e+00,0.000000000000000000e+00,0.000000000000000000e+00,0.000000000000000000e+00,0.000000000000000000e+00,0.000000000000000000e+00,0.000000000000000000e+00,0.000000000000000000e+00,0.000000000000000000e+00,0.000000000000000000e+00,0.000000000000000000e+00,0.000000000000000000e+00,0.000000000000000000e+00,0.000000000000000000e+00,0.000000000000000000e+00,0.000000000000000000e+00,0.000000000000000000e+00,0.000000000000000000e+00,0.000000000000000000e+00,0.000000000000000000e+00,0.000000000000000000e+00,0.000000000000000000e+00,0.000000000000000000e+00,0.000000000000000000e+00,0.000000000000000000e+00,0.000000000000000000e+00,0.000000000000000000e+00,0.000000000000000000e+00,0.000000000000000000e+00,0.000000000000000000e+00,0.000000000000000000e+00,0.000000000000000000e+00,0.000000000000000000e+00,0.000000000000000000e+00,0.000000000000000000e+00,0.000000000000000000e+00,0.000000000000000000e+00,0.000000000000000000e+00,0.000000000000000000e+00,0.000000000000000000e+00,0.000000000000000000e+00,0.000000000000000000e+00,0.000000000000000000e+00,0.000000000000000000e+00,0.000000000000000000e+00,0.000000000000000000e+00,0.000000000000000000e+00,0.000000000000000000e+00,0.000000000000000000e+00,0.000000000000000000e+00,0.000000000000000000e+00,0.000000000000000000e+00,0.000000000000000000e+00,0.000000000000000000e+00,0.000000000000000000e+00,0.000000000000000000e+00,0.000000000000000000e+00,0.000000000000000000e+00,0.000000000000000000e+00,0.000000000000000000e+00,0.000000000000000000e+00,0.000000000000000000e+00,0.000000000000000000e+00,0.000000000000000000e+00,0.000000000000000000e+00,0.000000000000000000e+00,0.000000000000000000e+00,0.000000000000000000e+00,0.000000000000000000e+00,0.000000000000000000e+00,0.000000000000000000e+00,0.000000000000000000e+00,0.000000000000000000e+00,0.000000000000000000e+00,0.000000000000000000e+00,0.000000000000000000e+00,0.000000000000000000e+00,0.000000000000000000e+00,0.000000000000000000e+00,0.000000000000000000e+00,0.000000000000000000e+00,0.000000000000000000e+00,0.000000000000000000e+00,0.000000000000000000e+00,0.000000000000000000e+00,0.000000000000000000e+00,0.000000000000000000e+00,0.000000000000000000e+00,0.000000000000000000e+00,0.000000000000000000e+00,0.000000000000000000e+00,0.000000000000000000e+00,0.000000000000000000e+00,0.000000000000000000e+00,0.000000000000000000e+00,0.000000000000000000e+00,0.000000000000000000e+00,0.000000000000000000e+00,0.000000000000000000e+00,0.000000000000000000e+00,0.000000000000000000e+00,0.000000000000000000e+00,0.000000000000000000e+00,0.000000000000000000e+00,0.000000000000000000e+00,0.000000000000000000e+00,0.000000000000000000e+00,0.000000000000000000e+00,0.000000000000000000e+00,0.000000000000000000e+00,0.000000000000000000e+00,0.000000000000000000e+00,0.000000000000000000e+00,0.000000000000000000e+00,0.000000000000000000e+00,0.000000000000000000e+00,0.000000000000000000e+00,0.000000000000000000e+00,0.000000000000000000e+00,0.000000000000000000e+00,0.000000000000000000e+00,0.000000000000000000e+00,0.000000000000000000e+00,0.000000000000000000e+00,0.000000000000000000e+00,0.000000000000000000e+00,0.000000000000000000e+00,0.000000000000000000e+00,0.000000000000000000e+00,0.000000000000000000e+00,0.000000000000000000e+00,0.000000000000000000e+00,0.000000000000000000e+00,0.000000000000000000e+00,0.000000000000000000e+00,0.000000000000000000e+00,0.000000000000000000e+00,0.000000000000000000e+00,0.000000000000000000e+00,2.623447095764321925e-04,3.604037797835959555e-04,3.355641389562911904e-04,2.662114563186877814e-04,2.057551211046818767e-04,1.783561256309482558e-04,1.685040930640741453e-04,1.692245980367829822e-04,1.697707541369846264e-04,1.715676885946608573e-04,1.722823371183689479e-04,1.736796249633830620e-04,1.747369574306470138e-04,1.759488615537436475e-04,1.767584123866208410e-04,1.773650061840656769e-04,1.776664830881673316e-04,1.778276270544472968e-04,1.779029005043629907e-04,1.779689698313575573e-04,1.780747588439440788e-04,1.782245230386154229e-04,1.784467840224717198e-04,1.787190110416039725e-04,1.790623824824314565e-04,1.794510544955939236e-04,1.799023918001919670e-04,1.803925898263141771e-04,1.809338455175814157e-04,1.815043983113964548e-04,1.821110312053405764e-04,1.827348003108419461e-04,1.833796066094756571e-04,1.840318190802390456e-04,1.846959349003681329e-04,1.853651995355279098e-04,1.860455087274019996e-04,1.867349078953509448e-04,1.874378247119669728e-04,1.881529200386491312e-04,1.888802595806345964e-04,1.896173191890389938e-04,1.903605546459300011e-04,1.911081742724022551e-04,1.918559876457209834e-04,1.926049623466129625e-04,1.933512929810645928e-04,1.940978424153191515e-04,1.948396302878131346e-04,1.955793943414975585e-04,1.963100483982560475e-04,1.970342409483688258e-04,1.977443380405061733e-04,1.984448159801002873e-04,1.991295329193171931e-04,1.998056660689446302e-04,2.004684161782320192e-04,2.011260617587346672e-04,2.017730869372913309e-04,2.024166625943583898e-04,2.030493813799953879e-04,2.036772608778429910e-04,2.042924814155382541e-04,2.049021034771580463e-04,2.055002711045137646e-04,2.060964333948070893e-04,2.066865826525380396e-04,2.072806187566769254e-04,2.078733331052927727e-04,2.084717833872287609e-04,2.090673880665104404e-04,2.096641207685918538e-04,2.102520950590379173e-04,2.108359291969087170e-04,2.114086510339747559e-04,2.119786698070619561e-04,2.125428504869486339e-04,2.131116571224952658e-04,2.136820086412080882e-04,2.142619435090012479e-04,2.148448613165708867e-04,2.154348979894445473e-04,2.160228871809515190e-04,2.166118769549029181e-04,2.171936128086914518e-04,2.177729319811125925e-04,2.183438660730085230e-04,2.189127194373385952e-04,2.194742192009820113e-04,2.200341385797227850e-04,2.205863198596600446e-04,2.211353754870245191e-04,2.216746000439832431e-04,2.222084068932345710e-04,2.227305935173798325e-04,2.232461111710577620e-04,2.237495121699509834e-04,2.242461813965698509e-04,2.247312116934889784e-04,2.252103137590069420e-04,2.256791080742549002e-04,2.261435025640904338e-04,2.265991135252001625e-04,2.270510147518555854e-04,2.274935118005860953e-04,2.279297918277126437e-04,2.283526340580661949e-04,2.287643242336756956e-04,2.291582252386047082e-04,2.295384354850817760e-04,2.299014010846081189e-04,2.302545027041126254e-04,2.305971863613349754e-04,2.309384749263017399e-04,2.312781298858074220e-04,2.316239354985897821e-04,2.319737229937021076e-04,2.323329665791978903e-04,2.326977601559206295e-04,2.330724678450208287e-04,2.334532051995601187e-04,2.338451177210904930e-04,2.342460037718835961e-04,2.346629594991858441e-04,2.350959138172318164e-04,2.355535092176636947e-04,2.360365266723490852e-04,2.365532026167539649e-04,2.371029040513677783e-04,2.376913790034804804e-04,2.383151127770397255e-04,2.389768136567301643e-04,2.396704846891539254e-04,2.403969992751350576e-04,2.411495688177872155e-04,2.419290881002350818e-04,2.427296781214937857e-04,2.435535900826245044e-04,2.443966450850605871e-04,2.452626170194430232e-04,2.461485144927468699e-04,2.470585027119129827e-04,2.479891506976122126e-04,2.489431481726445150e-04,2.499148159991216320e-04,2.509039658242857482e-04,2.519019541327670569e-04,2.529058952983228832e-04,2.539053282572276225e-04,2.548967439194762662e-04,2.558707027895913352e-04,2.568264228947405854e-04,2.577589713772739945e-04,2.586733338927027200e-04,2.595707767025268761e-04,2.604610891113859935e-04,2.613468877005325217e-04,2.622347901929463106e-04,2.631255588522796781e-04,2.640488042293675261e-04,2.651123968511730905e-04,2.666439809231338997e-04,2.693676626090962378e-04,2.745524304287081481e-04,2.837392212895609232e-04,2.974721862408956038e-04,3.123934095706764214e-04,3.173866456749140476e-04,2.926775035184264739e-04,2.194546124856476793e-04,1.044712862337911143e-04,1.637007725263273471e-05
0.000000000000000000e+00,0.000000000000000000e+00,0.000000000000000000e+00,0.000000000000000000e+00,0.000000000000000000e+00,0.000000000000000000e+00,0.000000000000000000e+00,0.000000000000000000e+00,0.000000000000000000e+00,0.000000000000000000e+00,0.000000000000000000e+00,0.000000000000000000e+00,0.000000000000000000e+00,0.000000000000000000e+00,0.000000000000000000e+00,0.000000000000000000e+00,0.000000000000000000e+00,0.000000000000000000e+00,0.000000000000000000e+00,0.000000000000000000e+00,0.000000000000000000e+00,0.000000000000000000e+00,0.000000000000000000e+00,0.000000000000000000e+00,0.000000000000000000e+00,0.000000000000000000e+00,0.000000000000000000e+00,0.000000000000000000e+00,0.000000000000000000e+00,0.000000000000000000e+00,0.000000000000000000e+00,0.000000000000000000e+00,0.000000000000000000e+00,0.000000000000000000e+00,0.000000000000000000e+00,0.000000000000000000e+00,0.000000000000000000e+00,0.000000000000000000e+00,0.000000000000000000e+00,0.000000000000000000e+00,0.000000000000000000e+00,0.000000000000000000e+00,0.000000000000000000e+00,0.000000000000000000e+00,0.000000000000000000e+00,0.000000000000000000e+00,0.000000000000000000e+00,0.000000000000000000e+00,0.000000000000000000e+00,0.000000000000000000e+00,0.000000000000000000e+00,0.000000000000000000e+00,0.000000000000000000e+00,0.000000000000000000e+00,0.000000000000000000e+00,0.000000000000000000e+00,0.000000000000000000e+00,0.000000000000000000e+00,0.000000000000000000e+00,0.000000000000000000e+00,0.000000000000000000e+00,0.000000000000000000e+00,0.000000000000000000e+00,0.000000000000000000e+00,0.000000000000000000e+00,0.000000000000000000e+00,0.000000000000000000e+00,0.000000000000000000e+00,0.000000000000000000e+00,0.000000000000000000e+00,0.000000000000000000e+00,0.000000000000000000e+00,0.000000000000000000e+00,0.000000000000000000e+00,0.000000000000000000e+00,0.000000000000000000e+00,0.000000000000000000e+00,0.000000000000000000e+00,0.000000000000000000e+00,0.000000000000000000e+00,0.000000000000000000e+00,0.000000000000000000e+00,0.000000000000000000e+00,0.000000000000000000e+00,0.000000000000000000e+00,0.000000000000000000e+00,0.000000000000000000e+00,0.000000000000000000e+00,0.000000000000000000e+00,0.000000000000000000e+00,0.000000000000000000e+00,0.000000000000000000e+00,0.000000000000000000e+00,0.000000000000000000e+00,0.000000000000000000e+00,0.000000000000000000e+00,0.000000000000000000e+00,0.000000000000000000e+00,0.000000000000000000e+00,0.000000000000000000e+00,0.000000000000000000e+00,0.000000000000000000e+00,0.000000000000000000e+00,0.000000000000000000e+00,0.000000000000000000e+00,0.000000000000000000e+00,0.000000000000000000e+00,0.000000000000000000e+00,0.000000000000000000e+00,0.000000000000000000e+00,0.000000000000000000e+00,0.000000000000000000e+00,0.000000000000000000e+00,0.000000000000000000e+00,0.000000000000000000e+00,0.000000000000000000e+00,0.000000000000000000e+00,0.000000000000000000e+00,0.000000000000000000e+00,0.000000000000000000e+00,0.000000000000000000e+00,0.000000000000000000e+00,0.000000000000000000e+00,0.000000000000000000e+00,0.000000000000000000e+00,0.000000000000000000e+00,0.000000000000000000e+00,0.000000000000000000e+00,0.000000000000000000e+00,0.000000000000000000e+00,0.000000000000000000e+00,0.000000000000000000e+00,0.000000000000000000e+00,0.000000000000000000e+00,0.000000000000000000e+00,0.000000000000000000e+00,0.000000000000000000e+00,0.000000000000000000e+00,0.000000000000000000e+00,0.000000000000000000e+00,0.000000000000000000e+00,0.000000000000000000e+00,0.000000000000000000e+00,0.000000000000000000e+00,0.000000000000000000e+00,0.000000000000000000e+00,0.000000000000000000e+00,0.000000000000000000e+00,0.000000000000000000e+00,0.000000000000000000e+00,0.000000000000000000e+00,0.000000000000000000e+00,0.000000000000000000e+00,0.000000000000000000e+00,0.000000000000000000e+00,0.000000000000000000e+00,0.000000000000000000e+00,0.000000000000000000e+00,0.000000000000000000e+00,0.000000000000000000e+00,0.000000000000000000e+00,0.000000000000000000e+00,0.000000000000000000e+00,0.000000000000000000e+00,0.000000000000000000e+00,0.000000000000000000e+00,0.000000000000000000e+00,0.000000000000000000e+00,2.688321194543712980e-04,3.634685302208626417e-04,3.354269961868852038e-04,2.623738787895373318e-04,2.039755806113650958e-04,1.755076712442756157e-04,1.722188430694258725e-04,1.758721158218995830e-04,1.812483352555207562e-04,1.838096986931927676e-04,1.855470347210023767e-04,1.861632302542197838e-04,1.869034578383799020e-04,1.873187027526357449e-04,1.876743558958036647e-04,1.876653801408151474e-04,1.874721688519933379e-04,1.870552506932150110e-04,1.865955426900465044e-04,1.861101614362703223e-04,1.857034618184195322e-04,1.853606784293179060e-04,1.851242422679955665e-04,1.849611800333593751e-04,1.848909835555492072e-04,1.848832899599182433e-04,1.849530061890127246e-04,1.850769577958507976e-04,1.852673745587994224e-04,1.855048567271680947e-04,1.857966899420028701e-04,1.861245530400811466e-04,1.864911373768522447e-04,1.868804399550416358e-04,1.872940881412165606e-04,1.877213999928304571e-04,1.881658009483560992e-04,1.886223557588437955e-04,1.890952514165974659e-04,1.895821732654093597e-04,1.900848910971912663e-04,1.906007972589360592e-04,1.911282746712773849e-04,1.916648447234443507e-04,1.922074896452710636e-04,1.927557693241579745e-04,1.933067763764154091e-04,1.938620521928268510e-04,1.944178824906894168e-04,1.949760205399260948e-04,1.955307711724001011e-04,1.960835924180332759e-04,1.966277856209600505e-04,1.971661000090381356e-04,1.976929366459990599e-04,1.982136548849272194e-04,1.987242738809277332e-04,1.992318119790962010e-04,1.997322481035056945e-04,2.002320489949742594e-04,2.007255658950691537e-04,2.012179719405797311e-04,2.017027377580042115e-04,2.021854393475298363e-04,2.026609804020167735e-04,2.031371064364471566e-04,2.036108013628577828e-04,2.040908527398664640e-04,2.045737830576098242e-04,2.050660760621931427e-04,2.055609413611689782e-04,2.060612101398837700e-04,2.065576955322445457e-04,2.070525782514482120e-04,2.075385312524256540e-04,2.080211352047289428e-04,2.084973653525075312e-04,2.089761097360624538e-04,2.094560211866173562e-04,2.099450609965866708e-04,2.104392050469463637e-04,2.109425091028215460e-04,2.114475455010088355e-04,2.119560263262419556e-04,2.124601455495972859e-04,2.129625670156226852e-04,2.134574928213442933e-04,2.139493887471784173e-04,2.144337535894518388e-04,2.149151945177269700e-04,2.153887138262329916e-04,2.158579052966969178e-04,2.163170807312384761e-04,2.167694992245293483e-04,2.172098629260899862e-04,2.176420865010690175e-04,2.180617987879476772e-04,2.184736240120603741e-04,2.188738707510232498e-04,2.192676070942647113e-04,2.196516527189597886e-04,2.200313449137645226e-04,2.204035413204680346e-04,2.207728648733551906e-04,2.211347940074721039e-04,2.214918604407498570e-04,2.218375122429242494e-04,2.221728462965657310e-04,2.224913837473961186e-04,2.227959050872728127e-04,2.230832376340648019e-04,2.233601482125281907e-04,2.236273353337535818e-04,2.238941259798798023e-04,2.241620752780343210e-04,2.244393894376738377e-04,2.247252233968251008e-04,2.250247014165452264e-04,2.253342795450986522e-04,2.256571953383902770e-04,2.259893453582812329e-04,2.263345117863482911e-04,2.266901874806564739e-04,2.270622066202636390e-04,2.274502976992389574e-04,2.278620481777085755e-04,2.282982290601068894e-04,2.287663153219609907e-04,2.292659422126235502e-04,2.298024581452294969e-04,2.303729297095686451e-04,2.309800018483472548e-04,2.316184611325714762e-04,2.322892303810358068e-04,2.329861791624311153e-04,2.337099805641026744e-04,2.344549484848955389e-04,2.352226565355734029e-04,2.360087176493082597e-04,2.368161090910782837e-04,2.376417864054259645e-04,2.384896403878000932e-04,2.393568996018432984e-04,2.402468109143012062e-04,2.411550280996569101e-04,2.420823496826668463e-04,2.430214591741067264e-04,2.439700812475165917e-04,2.449183201802692354e-04,2.458623448584559856e-04,2.467922563829679341e-04,2.477060661733233209e-04,2.485976701202365145e-04,2.494704391083839398e-04,2.503242420340779577e-04,2.511671220082372833e-04,2.519998771504881863e-04,2.528264155206185046e-04,2.536441163650733112e-04,2.544789677769029802e-04,2.554384762539046159e-04,2.568596346665989673e-04,2.594954486975096977e-04,2.646704785700265965e-04,2.740033979363317124e-04,2.881136669496120180e-04,3.036804145269285903e-04,3.095710633515788329e-04,2.860011951079078317e-04,2.143131013808964819e-04,1.015879773799454520e-04,1.576960980273904339e-05
0.000000000000000000e+00,0.000000000000000000e+00,0.000000000000000000e+00,0.000000000000000000e+00,0.000000000000000000e+00,0.000000000000000000e+00,0.000000000000000000e+00,0.000000000000000000e+00,0.000000000000000000e+00,0.000000000000000000e+00,0.000000000000000000e+00,0.000000000000000000e+00,0.000000000000000000e+00,0.000000000000000000e+00,0.000000000000000000e+00,0.000000000000000000e+00,0.000000000000000000e+00,0.000000000000000000e+00,0.000000000000000000e+00,0.000000000000000000e+00,0.000000000000000000e+00,0.000000000000000000e+00,0.000000000000000000e+00,0.000000000000000000e+00,0.000000000000000000e+00,0.000000000000000000e+00,0.000000000000000000e+00,0.000000000000000000e+00,0.000000000000000000e+00,0.000000000000000000e+00,0.000000000000000000e+00,0.000000000000000000e+00,0.000000000000000000e+00,0.000000000000000000e+00,0.000000000000000000e+00,0.000000000000000000e+00,0.000000000000000000e+00,0.000000000000000000e+00,0.000000000000000000e+00,0.000000000000000000e+00,0.000000000000000000e+00,0.000000000000000000e+00,0.000000000000000000e+00,0.000000000000000000e+00,0.000000000000000000e+00,0.000000000000000000e+00,0.000000000000000000e+00,0.000000000000000000e+00,0.000000000000000000e+00,0.000000000000000000e+00,0.000000000000000000e+00,0.000000000000000000e+00,0.000000000000000000e+00,0.000000000000000000e+00,0.000000000000000000e+00,0.000000000000000000e+00,0.000000000000000000e+00,0.000000000000000000e+00,0.000000000000000000e+00,0.000000000000000000e+00,0.000000000000000000e+00,0.000000000000000000e+00,0.000000000000000000e+00,0.000000000000000000e+00,0.000000000000000000e+00,0.000000000000000000e+00,0.000000000000000000e+00,0.000000000000000000e+00,0.000000000000000000e+00,0.000000000000000000e+00,0.000000000000000000e+00,0.000000000000000000e+00,0.000000000000000000e+00,0.000000000000000000e+00,0.000000000000000000e+00,0.000000000000000000e+00,0.000000000000000000e+00,0.000000000000000000e+00,0.000000000000000000e+00,0.000000000000000000e+00,0.000000000000000000e+00,0.000000000000000000e+00,0.000000000000000000e+00,0.000000000000000000e+00,0.000000000000000000e+00,0.000000000000000000e+00,0.000000000000000000e+00,0.000000000000000000e+00,0.000000000000000000e+00,0.000000000000000000e+00,0.000000000000000000e+00,0.000000000000000000e+00,0.000000000000000000e+00,0.000000000000000000e+00,0.000000000000000000e+00,0.000000000000000000e+00,0.000000000000000000e+00,0.000000000000000000e+00,0.000000000000000000e+00,0.000000000000000000e+00,0.000000000000000000e+00,0.000000000000000000e+00,0.000000000000000000e+00,0.000000000000000000e+00,0.000000000000000000e+00,0.000000000000000000e+00,0.000000000000000000e+00,0.000000000000000000e+00,0.000000000000000000e+00,0.000000000000000000e+00,0.000000000000000000e+00,0.000000000000000000e+00,0.000000000000000000e+00,0.000000000000000000e+00,0.000000000000000000e+00,0.000000000000000000e+00,0.000000000000000000e+00,0.000000000000000000e+00,0.000000000000000000e+00,0.000000000000000000e+00,0.000000000000000000e+00,0.000000000000000000e+00,0.000000000000000000e+00,0.000000000000000000e+00,0.000000000000000000e+00,0.000000000000000000e+00,0.000000000000000000e+00,0.000000000000000000e+00,0.000000000000000000e+00,0.000000000000000000e+00,0.000000000000000000e+00,0.000000000000000000e+00,0.000000000000000000e+00,0.000000000000000000e+00,0.000000000000000000e+00,0.000000000000000000e+00,0.000000000000000000e+00,0.000000000000000000e+00,0.000000000000000000e+00,0.000000000000000000e+00,0.000000000000000000e+00,0.000000000000000000e+00,0.000000000000000000e+00,0.000000000000000000e+00,0.000000000000000000e+00,0.000000000000000000e+00,0.000000000000000000e+00,0.000000000000000000e+00,0.000000000000000000e+00,0.000000000000000000e+00,0.000000000000000000e+00,0.000000000000000000e+00,0.000000000000000000e+00,0.000000000000000000e+00,0.000000000000000000e+00,0.000000000000000000e+00,0.000000000000000000e+00,0.000000000000000000e+00,0.000000000000000000e+00,0.000000000000000000e+00,0.000000000000000000e+00,0.000000000000000000e+00,0.000000000000000000e+00,0.000000000000000000e+00,0.000000000000000000e+00,0.000000000000000000e+00,0.000000000000000000e+00,0.000000000000000000e+00,2.713577002106703812e-04,3.600618751161847658e-04,3.291344610382690547e-04,2.574741747736199963e-04,2.004629105870652970e-04,1.767743927736528068e-04,1.758879627505739566e-04,1.845931985288271255e-04,1.919949758888554758e-04,1.966778622459600708e-04,1.983401686736813608e-04,1.989043711770688901e-04,1.988296823885262225e-04,1.986999913940214722e-04,1.983618447344512867e-04,1.978617592108098560e-04,1.971356933216687963e-04,1.962701048677678334e-04,1.953375067123324022e-04,1.944184832229186232e-04,1.935751959259486988e-04,1.928252984061514170e-04,1.921895989412608988e-04,1.916484521659179269e-04,1.912070990679760321e-04,1.908408273498963658e-04,1.905566112559540116e-04,1.903359106153887576e-04,1.901886106685198908e-04,1.901003053131664717e-04,1.900788687164721761e-04,1.901096390440808550e-04,1.901954564976973813e-04,1.903206606932751350e-04,1.904847485989480361e-04,1.906742268219527650e-04,1.908891525765929020e-04,1.911211362936626507e-04,1.913722843491314635e-04,1.916385716841897036e-04,1.919220919798257164e-04,1.922202979975080981e-04,1.925331200350384356e-04,1.928583304304791099e-04,1.931941374731158383e-04,1.935396640526594635e-04,1.938927284339132383e-04,1.942541750874596815e-04,1.946211168100844108e-04,1.949947920891496249e-04,1.953704797879973851e-04,1.957489830660781777e-04,1.961242312618522463e-04,1.964977812437762811e-04,1.968642303056019997e-04,1.972274909539729112e-04,1.975839201676619645e-04,1.979394880359258843e-04,1.982911642804747381e-04,1.986449407657915123e-04,1.989965829716727026e-04,1.993507864437763064e-04,1.997021308836796876e-04,2.000550886790341762e-04,2.004050881976137527e-04,2.007583431556199047e-04,2.011124043521006933e-04,2.014749455898176718e-04,2.018438249401612104e-04,2.022251279062849789e-04,2.026138373222028993e-04,2.030122015370957418e-04,2.034120373435080703e-04,2.038136956976403737e-04,2.042095796128306140e-04,2.046025340713149136e-04,2.049891292472744348e-04,2.053762301447310790e-04,2.057634764562875384e-04,2.061584231503710393e-04,2.065593507870414893e-04,2.069705266080031406e-04,2.073865833911690826e-04,2.078085298328282728e-04,2.082293760786179965e-04,2.086499966225110678e-04,2.090647517569119184e-04,2.094762658647471808e-04,2.098805556840951361e-04,2.102809753617299938e-04,2.106734921083617987e-04,2.110606815787456744e-04,2.114377423342709867e-04,2.118067743639139044e-04,2.121632338738142440e-04,2.125099942125498198e-04,2.128436856614686508e-04,2.131682830986391113e-04,2.134813481464370108e-04,2.137874323822243762e-04,2.140844848229954357e-04,2.143771831059740926e-04,2.146633511364531399e-04,2.149469888593655243e-04,2.152246073195374586e-04,2.154982309538683641e-04,2.157622388269827250e-04,2.160169978472120309e-04,2.162565510877467094e-04,2.164826518569775132e-04,2.166924921586812049e-04,2.168920304231504318e-04,2.170827751290147726e-04,2.172739257608172127e-04,2.174684293977057728e-04,2.176747721950717776e-04,2.178934657713725435e-04,2.181295532612261511e-04,2.183801509065945727e-04,2.186477007536018289e-04,2.189280854103163403e-04,2.192238795763460008e-04,2.195322945972347749e-04,2.198578903680038592e-04,2.202000685614663585e-04,2.205652092293192677e-04,2.209538472554995066e-04,2.213725140245705828e-04,2.218209557160554088e-04,2.223040847229595148e-04,2.228195702409771278e-04,2.233701036934431525e-04,2.239513576637113218e-04,2.245644219374630368e-04,2.252038900878294424e-04,2.258702728240051993e-04,2.265580799310408120e-04,2.272681875753825606e-04,2.279958984515174903e-04,2.287432364945388792e-04,2.295068591464159648e-04,2.302901160023740671e-04,2.310906234816451760e-04,2.319120040441675868e-04,2.327511737930633093e-04,2.336100194268043572e-04,2.344827929331256492e-04,2.353682087482877395e-04,2.362573732909123393e-04,2.371465954584882720e-04,2.380259207488516732e-04,2.388924833352973115e-04,2.397392070397987062e-04,2.405679288911719775e-04,2.413770475102789716e-04,2.421726553901762911e-04,2.429533610736702744e-04,2.437198521400285318e-04,2.444654575501688395e-04,2.452117912644959357e-04,2.460651730815906278e-04,2.473710368357255780e-04,2.499099435509924199e-04,2.550596157003168739e-04,2.645124151562927572e-04,2.789586648317926945e-04,2.951150561546012421e-04,3.018462674751167993e-04,2.793789858970948596e-04,2.092140716383835048e-04,9.873569989040668004e-05,1.517615947279613559e-05
0.000000000000000000e+00,0.000000000000000000e+00,0.000000000000000000e+00,0.000000000000000000e+00,0.000000000000000000e+00,0.000000000000000000e+00,0.000000000000000000e+00,0.000000000000000000e+00,0.000000000000000000e+00,0.000000000000000000e+00,0.000000000000000000e+00,0.000000000000000000e+00,0.000000000000000000e+00,0.000000000000000000e+00,0.000000000000000000e+00,0.000000000000000000e+00,0.000000000000000000e+00,0.000000000000000000e+00,0.000000000000000000e+00,0.000000000000000000e+00,0.000000000000000000e+00,0.000000000000000000e+00,0.000000000000000000e+00,0.000000000000000000e+00,0.000000000000000000e+00,0.000000000000000000e+00,0.000000000000000000e+00,0.000000000000000000e+00,0.000000000000000000e+00,0.000000000000000000e+00,0.000000000000000000e+00,0.000000000000000000e+00,0.000000000000000000e+00,0.000000000000000000e+00,0.000000000000000000e+00,0.000000000000000000e+00,0.000000000000000000e+00,0.000000000000000000e+00,0.000000000000000000e+00,0.000000000000000000e+00,0.000000000000000000e+00,0.000000000000000000e+00,0.000000000000000000e+00,0.000000000000000000e+00,0.000000000000000000e+00,0.000000000000000000e+00,0.000000000000000000e+00,0.000000000000000000e+00,0.000000000000000000e+00,0.000000000000000000e+00,0.000000000000000000e+00,0.000000000000000000e+00,0.000000000000000000e+00,0.000000000000000000e+00,0.000000000000000000e+00,0.000000000000000000e+00,0.000000000000000000e+00,0.000000000000000000e+00,0.000000000000000000e+00,0.000000000000000000e+00,0.000000000000000000e+00,0.000000000000000000e+00,0.000000000000000000e+00,0.000000000000000000e+00,0.000000000000000000e+00,0.000000000000000000e+00,0.000000000000000000e+00,0.000000000000000000e+00,0.000000000000000000e+00,0.000000000000000000e+00,0.000000000000000000e+00,0.000000000000000000e+00,0.000000000000000000e+00,0.000000000000000000e+00,0.000000000000000000e+00,0.000000000000000000e+00,0.000000000000000000e+00,0.000000000000000000e+00,0.000000000000000000e+00,0.000000000000000000e+00,0.000000000000000000e+00,0.000000000000000000e+00,0.000000000000000000e+00,0.000000000000000000e+00,0.000000000000000000e+00,0.000000000000000000e+00,0.000000000000000000e+00,0.000000000000000000e+00,0.000000000000000000e+00,0.000000000000000000e+00,0.000000000000000000e+00,0.000000000000000000e+00,0.000000000000000000e+00,0.000000000000000000e+00,0.000000000000000000e+00,0.000000000000000000e+00,0.000000000000000000e+00,0.000000000000000000e+00,0.000000000000000000e+00,0.000000000000000000e+00,0.000000000000000000e+00,0.000000000000000000e+00,0.000000000000000000e+00,0.000000000000000000e+00,0.000000000000000000e+00,0.000000000000000000e+00,0.000000000000000000e+00,0.000000000000000000e+00,0.000000000000000000e+00,0.000000000000000000e+00,0.000000000000000000e+00,0.000000000000000000e+00,0.000000000000000000e+00,0.000000000000000000e+00,0.000000000000000000e+00,0.000000000000000000e+00,0.000000000000000000e+00,0.000000000000000000e+00,0.000000000000000000e+00,0.000000000000000000e+00,0.000000000000000000e+00,0.000000000000000000e+00,0.000000000000000000e+00,0.000000000000000000e+00,0.000000000000000000e+00,0.000000000000000000e+00,0.000000000000000000e+00,0.000000000000000000e+00,0.000000000000000000e+00,0.000000000000000000e+00,0.000000000000000000e+00,0.000000000000000000e+00,0.000000000000000000e+00,0.000000000000000000e+00,0.000000000000000000e+00,0.000000000000000000e+00,0.000000000000000000e+00,0.000000000000000000e+00,0.000000000000000000e+00,0.000000000000000000e+00,0.000000000000000000e+00,0.000000000000000000e+00,0.000000000000000000e+00,0.000000000000000000e+00,0.000000000000000000e+00,0.000000000000000000e+00,0.000000000000000000e+00,0.000000000000000000e+00,0.000000000000000000e+00,0.000000000000000000e+00,0.000000000000000000e+00,0.000000000000000000e+00,0.000000000000000000e+00,0.000000000000000000e+00,0.000000000000000000e+00,0.000000000000000000e+00,0.000000000000000000e+00,0.000000000000000000e+00,0.000000000000000000e+00,0.000000000000000000e+00,0.000000000000000000e+00,0.000000000000000000e+00,0.000000000000000000e+00,0.000000000000000000e+00,0.000000000000000000e+00,0.000000000000000000e+00,0.000000000000000000e+00,0.000000000000000000e+00,2.748652046635376416e-04,3.549283492947342099e-04,3.197122000882764506e-04,2.493574886672770175e-04,1.972355296839782969e-04,1.782601457514352715e-04,1.826102065198589007e-04,1.940526759851922520e-04,2.039087279173141664e-04,2.091324668254001705e-04,2.109887455404855009e-04,2.108971438698311522e-04,2.101841889166513439e-04,2.092574298163035534e-04,2.083054505535721448e-04,2.072323464454048185e-04,2.060628933951461040e-04,2.047833435959343050e-04,2.034863864032628034e-04,2.022090966592427993e-04,2.010241693176069238e-04,1.999375490296599449e-04,1.989749374551426570e-04,1.981141685313372088e-04,1.973595626209448742e-04,1.966853795787694220e-04,1.960956292984306385e-04,1.955721710878592970e-04,1.951236236194709317e-04,1.947382811891813868e-04,1.944255313724376107e-04,1.941746826538763267e-04,1.939909607852226259e-04,1.938611667024450942e-04,1.937851620289303140e-04,1.937484285233199803e-04,1.937485757072326346e-04,1.937737429280573197e-04,1.938229250909999943e-04,1.938891261762307183e-04,1.939731592380572369e-04,1.940716364157239185e-04,1.941852399967095293e-04,1.943121923077316209e-04,1.944519924045657233e-04,1.946041016951769061e-04,1.947672447932526042e-04,1.949422294649342548e-04,1.951268961539455947e-04,1.953224137873107286e-04,1.955248006442386317e-04,1.957346364035889865e-04,1.959462698671402285e-04,1.961605076207648319e-04,1.963718908844855207e-04,1.965832076408679174e-04,1.967907626849135609e-04,1.969996544402363530e-04,1.972073940857132785e-04,1.974196776614674156e-04,1.976333583409685618e-04,1.978529770197935624e-04,1.980740682425490777e-04,1.983003884203456873e-04,1.985277191217304170e-04,1.987609549561406138e-04,1.989978304325115395e-04,1.992448881692807756e-04,1.995008626539524193e-04,1.997715046535184999e-04,2.000534236675981866e-04,2.003487549653822704e-04,2.006506003795554768e-04,2.009581840696368887e-04,2.012639001275508927e-04,2.015682010911454768e-04,2.018669507456509709e-04,2.021646947542337280e-04,2.024613027943076649e-04,2.027634743640648301e-04,2.030712831618924604e-04,2.033892728835945461e-04,2.037142603767818705e-04,2.040471215561715749e-04,2.043820664995824206e-04,2.047186886257427736e-04,2.050516107296048948e-04,2.053817394269451333e-04,2.057054047504806729e-04,2.060246635230793808e-04,2.063362506388583526e-04,2.066417645878651098e-04,2.069371839836323394e-04,2.072234946359723497e-04,2.074967412426554107e-04,2.077587147804214819e-04,2.080068646277566261e-04,2.082445442142790088e-04,2.084705345242682327e-04,2.086890253954152565e-04,2.088990957889028176e-04,2.091048000788453206e-04,2.093047213731619974e-04,2.095020779765498057e-04,2.096941741310016797e-04,2.098825485286961187e-04,2.100626344852933342e-04,2.102344771448438519e-04,2.103930224720068295e-04,2.105394042093079905e-04,2.106713015175563951e-04,2.107938245778865206e-04,2.109089348337741870e-04,2.110252933024380211e-04,2.111467494020716760e-04,2.112817937916878835e-04,2.114321703772710525e-04,2.116030194261165178e-04,2.117923892999744263e-04,2.120023125649964622e-04,2.122289246669464065e-04,2.124738010562970025e-04,2.127338944507709613e-04,2.130124660640374062e-04,2.133084473467961332e-04,2.136268819625418349e-04,2.139678801155499039e-04,2.143369001994086974e-04,2.147336668144260148e-04,2.151626300061377237e-04,2.156220688455910695e-04,2.161148279509915373e-04,2.166375697836752311e-04,2.171916895684250265e-04,2.177725870483844604e-04,2.183806884038668491e-04,2.190107114785586095e-04,2.196628355456743415e-04,2.203319802510083096e-04,2.210191045665128710e-04,2.217203596732172466e-04,2.224382962725214769e-04,2.231705999843350209e-04,2.239209773511655315e-04,2.246873736725334527e-04,2.254726789370258748e-04,2.262727886472027912e-04,2.270876705996889274e-04,2.279098364657345028e-04,2.287362381210748601e-04,2.295573860063924293e-04,2.303700163406890067e-04,2.311664572521657257e-04,2.319472482267763804e-04,2.327093914865500978e-04,2.334569204389872041e-04,2.341859629222252273e-04,2.348934992472698972e-04,2.355681646650550746e-04,2.362264455765660930e-04,2.369727264381881751e-04,2.381601378139914572e-04,2.405958184930620601e-04,2.457086966307629760e-04,2.552610265581257152e-04,2.700088326881833461e-04,2.867046344085855993e-04,2.942212201620156265e-04,2.728173900768692569e-04,2.041599918864373323e-04,9.591370514358874390e-05,1.458661520286779892e-05
0.000000000000000000e+00,0.000000000000000000e+00,0.000000000000000000e+00,0.000000000000000000e+00,0.000000000000000000e+00,0.000000000000000000e+00,0.000000000000000000e+00,0.000000000000000000e+00,0.000000000000000000e+00,0.000000000000000000e+00,0.000000000000000000e+00,0.000000000000000000e+00,0.000000000000000000e+00,0.000000000000000000e+00,0.000000000000000000e+00,0.000000000000000000e+00,0.000000000000000000e+00,0.000000000000000000e+00,0.000000000000000000e+00,0.000000000000000000e+00,0.000000000000000000e+00,0.000000000000000000e+00,0.000000000000000000e+00,0.000000000000000000e+00,0.000000000000000000e+00,0.000000000000000000e+00,0.000000000000000000e+00,0.000000000000000000e+00,0.000000000000000000e+00,0.000000000000000000e+00,0.000000000000000000e+00,0.000000000000000000e+00,0.000000000000000000e+00,0.000000000000000000e+00,0.000000000000000000e+00,0.000000000000000000e+00,0.000000000000000000e+00,0.000000000000000000e+00,0.000000000000000000e+00,0.000000000000000000e+00,0.000000000000000000e+00,0.000000000000000000e+00,0.000000000000000000e+00,0.000000000000000000e+00,0.000000000000000000e+00,0.000000000000000000e+00,0.000000000000000000e+00,0.000000000000000000e+00,0.000000000000000000e+00,0.000000000000000000e+00,0.000000000000000000e+00,0.000000000000000000e+00,0.000000000000000000e+00,0.000000000000000000e+00,0.000000000000000000e+00,0.000000000000000000e+00,0.000000000000000000e+00,0.000000000000000000e+00,0.000000000000000000e+00,0.000000000000000000e+00,0.000000000000000000e+00,0.000000000000000000e+00,0.000000000000000000e+00,0.000000000000000000e+00,0.000000000000000000e+00,0.000000000000000000e+00,0.000000000000000000e+00,0.000000000000000000e+00,0.000000000000000000e+00,0.000000000000000000e+00,0.000000000000000000e+00,0.000000000000000000e+00,0.000000000000000000e+00,0.000000000000000000e+00,0.000000000000000000e+00,0.000000000000000000e+00,0.000000000000000000e+00,0.000000000000000000e+00,0.000000000000000000e+00,0.000000000000000000e+00,0.000000000000000000e+00,0.000000000000000000e+00,0.000000000000000000e+00,0.000000000000000000e+00,0.000000000000000000e+00,0.000000000000000000e+00,0.000000000000000000e+00,0.000000000000000000e+00,0.000000000000000000e+00,0.000000000000000000e+00,0.000000000000000000e+00,0.000000000000000000e+00,0.000000000000000000e+00,0.000000000000000000e+00,0.000000000000000000e+00,0.000000000000000000e+00,0.000000000000000000e+00,0.000000000000000000e+00,0.000000000000000000e+00,0.000000000000000000e+00,0.000000000000000000e+00,0.000000000000000000e+00,0.000000000000000000e+00,0.000000000000000000e+00,0.000000000000000000e+00,0.000000000000000000e+00,0.000000000000000000e+00,0.000000000000000000e+00,0.000000000000000000e+00,0.000000000000000000e+00,0.000000000000000000e+00,0.000000000000000000e+00,0.000000000000000000e+00,0.000000000000000000e+00,0.000000000000000000e+00,0.000000000000000000e+00,0.000000000000000000e+00,0.000000000000000000e+00,0.000000000000000000e+00,0.000000000000000000e+00,0.000000000000000000e+00,0.000000000000000000e+00,0.000000000000000000e+00,0.000000000000000000e+00,0.000000000000000000e+00,0.000000000000000000e+00,0.000000000000000000e+00,0.000000000000000000e+00,0.000000000000000000e+00,0.000000000000000000e+00,0.000000000000000000e+00,0.000000000000000000e+00,0.000000000000000000e+00,0.000000000000000000e+00,0.000000000000000000e+00,0.000000000000000000e+00,0.000000000000000000e+00,0.000000000000000000e+00,0.000000000000000000e+00,0.000000000000000000e+00,0.000000000000000000e+00,0.000000000000000000e+00,0.000000000000000000e+00,0.000000000000000000e+00,0.000000000000000000e+00,0.000000000000000000e+00,0.000000000000000000e+00,0.000000000000000000e+00,0.000000000000000000e+00,0.000000000000000000e+00,0.000000000000000000e+00,0.000000000000000000e+00,0.000000000000000000e+00,0.000000000000000000e+00,0.000000000000000000e+00,0.000000000000000000e+00,0.000000000000000000e+00,0.000000000000000000e+00,0.000000000000000000e+00,0.000000000000000000e+00,0.000000000000000000e+00,0.000000000000000000e+00,0.000000000000000000e+00,0.000000000000000000e+00,0.000000000000000000e+00,0.000000000000000000e+00,0.000000000000000000e+00,0.000000000000000000e+00,2.735310293881903750e-04,3.391143448236323276e-04,3.004124688081860205e-04,2.371016120827469599e-04,1.950679358369989801e-04,1.842757285933565388e-04,1.930039653501299608e-04,2.064531006174648775e-04,2.168013002482726691e-04,2.217911296846354445e-04,2.230268247997711545e-04,2.220865499195808477e-04,2.204835168273378129e-04,2.187061715517394647e-04,2.170257371458092130e-04,2.153720128035968844e-04,2.137424365984462807e-04,2.121002577570140076e-04,2.104869927750798808e-04,2.089257398657111192e-04,2.074618052414649088e-04,2.061055114808032877e-04,2.048727850830296324e-04,2.037499715343328317e-04,2.027357314107629315e-04,2.018090523156523851e-04,2.009682108244486285e-04,2.001965326113581804e-04,1.994983858925147673e-04,1.988635143627274018e-04,1.983006365880566235e-04,1.978023565434763984e-04,1.973764630997301966e-04,1.970136445776586153e-04,1.967164849485220047e-04,1.964719446264122577e-04,1.962775247924155426e-04,1.961191880436387357e-04,1.959931596692888773e-04,1.958886824089799562e-04,1.958039059618573005e-04,1.957330341815879981e-04,1.956761409575078880e-04,1.956311602864121112e-04,1.955985397332810787e-04,1.955783878786195940e-04,1.955706096876865939e-04,1.955766036700478001e-04,1.955951441688955040e-04,1.956278178101293792e-04,1.956713772764238240e-04,1.957265727053944364e-04,1.957880929077780859e-04,1.958563681404238018e-04,1.959257292457789487e-04,1.959981086181534148e-04,1.960694509843505543e-04,1.961441073631680092e-04,1.962197270705650222e-04,1.963018214867632877e-04,1.963880199790437871e-04,1.964829741951489418e-04,1.965830511388675392e-04,1.966916808692247204e-04,1.968049095884329158e-04,1.969265802488895096e-04,1.970543086833474115e-04,1.971935002980378820e-04,1.973432798065729828e-04,1.975090175496193191e-04,1.976886638286711861e-04,1.978845649094914229e-04,1.980913005761908744e-04,1.983076811058083065e-04,1.985264727748736150e-04,1.987463000777407295e-04,1.989622664765037152e-04,1.991765227199438187e-04,1.993885082509488373e-04,1.996035886590561445e-04,1.998229424095267443e-04,2.000512289557330342e-04,2.002873347509624387e-04,2.005324359170721708e-04,2.007822744047584268e-04,2.010357429258989028e-04,2.012879337643399375e-04,2.015382902313505296e-04,2.017833184239098009e-04,2.020237799561642295e-04,2.022569724742855025e-04,2.024835823003743067e-04,2.027002872710504202e-04,2.029070798826398644e-04,2.031004713165968653e-04,2.032811539228973575e-04,2.034471485721347844e-04,2.036011229098766981e-04,2.037429187395166494e-04,2.038764634224233716e-04,2.040019679173529169e-04,2.041229996558374595e-04,2.042388009611610081e-04,2.043517436086385005e-04,2.044596746427324279e-04,2.045635902732369183e-04,2.046599559563621045e-04,2.047487932264475377e-04,2.048262694811348017e-04,2.048933468674241792e-04,2.049484049468700800e-04,2.049958060085315086e-04,2.050377213473890837e-04,2.050819457393810114e-04,2.051327364924946089e-04,2.051982474647352772e-04,2.052811980378701758e-04,2.053868816108820369e-04,2.055144613534917709e-04,2.056659449615196543e-04,2.058380375969092726e-04,2.060316105253026425e-04,2.062434356487612575e-04,2.064754755583053994e-04,2.067260275109765010e-04,2.069986533333622496e-04,2.072928391705789527e-04,2.076128608324470767e-04,2.079583045300238415e-04,2.083331443758180490e-04,2.087362589326792277e-04,2.091707319224264260e-04,2.096342950342160443e-04,2.101287933406436584e-04,2.106505379230085972e-04,2.111999999179147119e-04,2.117721688663020904e-04,2.123665893284358704e-04,2.129777769229307112e-04,2.136055748237834740e-04,2.142454668355066186e-04,2.148989873039275930e-04,2.155635671932818668e-04,2.162426581046917077e-04,2.169348826415402670e-04,2.176438909415463177e-04,2.183671000383300960e-04,2.191058186585761883e-04,2.198542182221501070e-04,2.206103286050270225e-04,2.213656366251463771e-04,2.221170372748030100e-04,2.228567511411969938e-04,2.235844187678955291e-04,2.242958707421347604e-04,2.249931361031863304e-04,2.256696880616177294e-04,2.263184211384901940e-04,2.269226895706247563e-04,2.274931709849001196e-04,2.281316675256582721e-04,2.291985203455396158e-04,2.315269357563949431e-04,2.365957473707581700e-04,2.462337927215323499e-04,2.612571264428682023e-04,2.784500673403510337e-04,2.867010135330836079e-04,2.663210517911162906e-04,1.991529496594194551e-04,9.312210170044244058e-05,1.400073430629586965e-05
0.000000000000000000e+00,0.000000000000000000e+00,0.000000000000000000e+00,0.000000000000000000e+00,0.000000000000000000e+00,0.000000000000000000e+00,0.000000000000000000e+00,0.000000000000000000e+00,0.000000000000000000e+00,0.000000000000000000e+00,0.000000000000000000e+00,0.000000000000000000e+00,0.000000000000000000e+00,0.000000000000000000e+00,0.000000000000000000e+00,0.000000000000000000e+00,0.000000000000000000e+00,0.000000000000000000e+00,0.000000000000000000e+00,0.000000000000000000e+00,0.000000000000000000e+00,0.000000000000000000e+00,0.000000000000000000e+00,0.000000000000000000e+00,0.000000000000000000e+00,0.000000000000000000e+00,0.000000000000000000e+00,0.000000000000000000e+00,0.000000000000000000e+00,0.000000000000000000e+00,0.000000000000000000e+00,0.000000000000000000e+00,0.000000000000000000e+00,0.000000000000000000e+00,0.000000000000000000e+00,0.000000000000000000e+00,0.000000000000000000e+00,0.000000000000000000e+00,0.000000000000000000e+00,0.000000000000000000e+00,0.000000000000000000e+00,0.000000000000000000e+00,0.000000000000000000e+00,0.000000000000000000e+00,0.000000000000000000e+00,0.000000000000000000e+00,0.000000000000000000e+00,0.000000000000000000e+00,0.000000000000000000e+00,0.000000000000000000e+00,0.000000000000000000e+00,0.000000000000000000e+00,0.000000000000000000e+00,0.000000000000000000e+00,0.000000000000000000e+00,0.000000000000000000e+00,0.000000000000000000e+00,0.000000000000000000e+00,0.000000000000000000e+00,0.000000000000000000e+00,0.000000000000000000e+00,0.000000000000000000e+00,0.000000000000000000e+00,0.000000000000000000e+00,0.000000000000000000e+00,0.000000000000000000e+00,0.000000000000000000e+00,0.000000000000000000e+00,0.000000000000000000e+00,0.000000000000000000e+00,0.000000000000000000e+00,0.000000000000000000e+00,0.000000000000000000e+00,0.000000000000000000e+00,0.000000000000000000e+00,0.000000000000000000e+00,0.000000000000000000e+00,0.000000000000000000e+00,0.000000000000000000e+00,0.000000000000000000e+00,0.000000000000000000e+00,0.000000000000000000e+00,0.000000000000000000e+00,0.000000000000000000e+00,0.000000000000000000e+00,0.000000000000000000e+00,0.000000000000000000e+00,0.000000000000000000e+00,0.000000000000000000e+00,0.000000000000000000e+00,0.000000000000000000e+00,0.000000000000000000e+00,0.000000000000000000e+00,0.000000000000000000e+00,0.000000000000000000e+00,0.000000000000000000e+00,0.000000000000000000e+00,0.000000000000000000e+00,0.000000000000000000e+00,0.000000000000000000e+00,0.000000000000000000e+00,0.000000000000000000e+00,0.000000000000000000e+00,0.000000000000000000e+00,0.000000000000000000e+00,0.000000000000000000e+00,0.000000000000000000e+00,0.000000000000000000e+00,0.000000000000000000e+00,0.000000000000000000e+00,0.000000000000000000e+00,0.000000000000000000e+00,0.000000000000000000e+00,0.000000000000000000e+00,0.000000000000000000e+00,0.000000000000000000e+00,0.000000000000000000e+00,0.000000000000000000e+00,0.000000000000000000e+00,0.000000000000000000e+00,0.000000000000000000e+00,0.000000000000000000e+00,0.000000000000000000e+00,0.000000000000000000e+00,0.000000000000000000e+00,0.000000000000000000e+00,0.000000000000000000e+00,0.000000000000000000e+00,0.000000000000000000e+00,0.000000000000000000e+00,0.000000000000000000e+00,0.000000000000000000e+00,0.000000000000000000e+00,0.000000000000000000e+00,0.000000000000000000e+00,0.000000000000000000e+00,0.000000000000000000e+00,0.000000000000000000e+00,0.000000000000000000e+00,0.000000000000000000e+00,0.000000000000000000e+00,0.000000000000000000e+00,0.000000000000000000e+00,0.000000000000000000e+00,0.000000000000000000e+00,0.000000000000000000e+00,0.000000000000000000e+00,0.000000000000000000e+00,0.000000000000000000e+00,0.000000000000000000e+00,0.000000000000000000e+00,0.000000000000000000e+00,0.000000000000000000e+00,0.000000000000000000e+00,0.000000000000000000e+00,0.000000000000000000e+00,0.000000000000000000e+00,0.000000000000000000e+00,0.000000000000000000e+00,0.000000000000000000e+00,0.000000000000000000e+00,0.000000000000000000e+00,0.000000000000000000e+00,0.000000000000000000e+00,0.000000000000000000e+00,0.000000000000000000e+00,0.000000000000000000e+00,0.000000000000000000e+00,2.652162979320349758e-04,3.149764946899970427e-04,2.745151439996781993e-04,2.234485507786860929e-04,1.955779526777928019e-04,1.957499659604953742e-04,2.079891763935752330e-04,2.220970010903604254e-04,2.307616804747989673e-04,2.346735890993440073e-04,2.343751138784180258e-04,2.324284715185077151e-04,2.295954419318907674e-04,2.268652000070040995e-04,2.242758572665669683e-04,2.219721720618283761e-04,2.198220415234077561e-04,2.178179910868945784e-04,2.159067381580767663e-04,2.141015704236643466e-04,2.124027544171125381e-04,2.108235549573414850e-04,2.093665666121634393e-04,2.080275220922526015e-04,2.068006812165038997e-04,2.056709257720235225e-04,2.046318867811535943e-04,2.036679239051936564e-04,2.027783936208496485e-04,2.019521506827290781e-04,2.011951263870792291e-04,2.005004454125219914e-04,1.998770867890216048e-04,1.993187360315000218e-04,1.988318668721103706e-04,1.984066413476298001e-04,1.980434148807195020e-04,1.977283266130151046e-04,1.974569102484393550e-04,1.972151736785697235e-04,1.969982920459078699e-04,1.967966310749905546e-04,1.966080691244912588e-04,1.964286848333941327e-04,1.962588450717225777e-04,1.960988590397639295e-04,1.959497999748217411e-04,1.958140567921698091e-04,1.956916905732404446e-04,1.955852394592237902e-04,1.954924173407546109e-04,1.954145725967629016e-04,1.953468131737395766e-04,1.952895499228927793e-04,1.952368624239356231e-04,1.951900685455656330e-04,1.951445322672045281e-04,1.951039356477160351e-04,1.950657034701240209e-04,1.950351940105085646e-04,1.950105001132511231e-04,1.949965675276479112e-04,1.949904868972172889e-04,1.949957332187039587e-04,1.950086122925963317e-04,1.950322454441006303e-04,1.950639450886079175e-04,1.951080245804945302e-04,1.951635396977000655e-04,1.952353554879626175e-04,1.953223514638188481e-04,1.954272281347558757e-04,1.955460877098137240e-04,1.956779559594840480e-04,1.958163906412733134e-04,1.959589091067309046e-04,1.961000425739643153e-04,1.962397334637201957e-04,1.963765232858361899e-04,1.965140394333966345e-04,1.966537935028878027e-04,1.968002128356121305e-04,1.969538912550375007e-04,1.971165388679040217e-04,1.972856380607332968e-04,1.974599662995096003e-04,1.976353655107778275e-04,1.978101978973677690e-04,1.979810984109501659e-04,1.981475967245194324e-04,1.983073424535398066e-04,1.984601743137177779e-04,1.986033898159726826e-04,1.987361735743642215e-04,1.988554538596678720e-04,1.989608898740245443e-04,1.990508313966778077e-04,1.991271447479453255e-04,1.991904450919196692e-04,1.992443821605066959e-04,1.992902219232920780e-04,1.993312113411612797e-04,1.993672429149985991e-04,1.993999114793536969e-04,1.994274292438739926e-04,1.994501927864036450e-04,1.994655720424208533e-04,1.994737331801156111e-04,1.994722618727439931e-04,1.994623616809981348e-04,1.994433580995722335e-04,1.994190723825249915e-04,1.993917565568279978e-04,1.993681219785258917e-04,1.993523902323856829e-04,1.993520361181405404e-04,1.993704199022161983e-04,1.994129348784536709e-04,1.994799189862753890e-04,1.995736707866801161e-04,1.996917739707365635e-04,1.998347599846228117e-04,1.999993916177865601e-04,2.001864266798011481e-04,2.003934093746851286e-04,2.006222825325602182e-04,2.008716794187885720e-04,2.011445529436610706e-04,2.014401992736429927e-04,2.017620773891284414e-04,2.021096188533408452e-04,2.024861961263865198e-04,2.028906491399461187e-04,2.033253980485228763e-04,2.037877759504132496e-04,2.042784724884941423e-04,2.047928823862825583e-04,2.053300689104546140e-04,2.058842177648937733e-04,2.064540995151385738e-04,2.070344519739922870e-04,2.076256401663923541e-04,2.082245518184008598e-04,2.088340363986193344e-04,2.094529834800678105e-04,2.100854442356521619e-04,2.107300784540576052e-04,2.113894368186784018e-04,2.120594278725692272e-04,2.127394399238069749e-04,2.134223537112283340e-04,2.141057379866147953e-04,2.147822266022897256e-04,2.154510330654373724e-04,2.161071670415805964e-04,2.167508395207973996e-04,2.173728437358974925e-04,2.179617292744311498e-04,2.184950959482182572e-04,2.189772315680833673e-04,2.195068725911909627e-04,2.204513983479074017e-04,2.226701346128798242e-04,2.276913367168540510e-04,2.374078025652023914e-04,2.526897667990799672e-04,2.703471151792891125e-04,2.792877205544234986e-04,2.598933385222771861e-04,1.941949226768768962e-04,9.036219146322244642e-05,1.342036936557266205e-05
0.000000000000000000e+00,0.000000000000000000e+00,0.000000000000000000e+00,0.000000000000000000e+00,0.000000000000000000e+00,0.000000000000000000e+00,0.000000000000000000e+00,0.000000000000000000e+00,0.000000000000000000e+00,0.000000000000000000e+00,0.000000000000000000e+00,0.000000000000000000e+00,0.000000000000000000e+00,0.000000000000000000e+00,0.000000000000000000e+00,0.000000000000000000e+00,0.000000000000000000e+00,0.000000000000000000e+00,0.000000000000000000e+00,0.000000000000000000e+00,0.000000000000000000e+00,0.000000000000000000e+00,0.000000000000000000e+00,0.000000000000000000e+00,0.000000000000000000e+00,0.000000000000000000e+00,0.000000000000000000e+00,0.000000000000000000e+00,0.000000000000000000e+00,0.000000000000000000e+00,0.000000000000000000e+00,0.000000000000000000e+00,0.000000000000000000e+00,0.000000000000000000e+00,0.000000000000000000e+00,0.000000000000000000e+00,0.000000000000000000e+00,0.000000000000000000e+00,0.000000000000000000e+00,0.000000000000000000e+00,0.000000000000000000e+00,0.000000000000000000e+00,0.000000000000000000e+00,0.000000000000000000e+00,0.000000000000000000e+00,0.000000000000000000e+00,0.000000000000000000e+00,0.000000000000000000e+00,0.000000000000000000e+00,0.000000000000000000e+00,0.000000000000000000e+00,0.000000000000000000e+00,0.000000000000000000e+00,0.000000000000000000e+00,0.000000000000000000e+00,0.000000000000000000e+00,0.000000000000000000e+00,0.000000000000000000e+00,0.000000000000000000e+00,0.000000000000000000e+00,0.000000000000000000e+00,0.000000000000000000e+00,0.000000000000000000e+00,0.000000000000000000e+00,0.000000000000000000e+00,0.000000000000000000e+00,0.000000000000000000e+00,0.000000000000000000e+00,0.000000000000000000e+00,0.000000000000000000e+00,0.000000000000000000e+00,0.000000000000000000e+00,0.000000000000000000e+00,0.000000000000000000e+00,0.000000000000000000e+00,0.000000000000000000e+00,0.000000000000000000e+00,0.000000000000000000e+00,0.000000000000000000e+00,0.000000000000000000e+00,0.000000000000000000e+00,0.000000000000000000e+00,0.000000000000000000e+00,0.000000000000000000e+00,0.000000000000000000e+00,0.000000000000000000e+00,0.000000000000000000e+00,0.000000000000000000e+00,0.000000000000000000e+00,0.000000000000000000e+00,0.000000000000000000e+00,0.000000000000000000e+00,0.000000000000000000e+00,0.000000000000000000e+00,0.000000000000000000e+00,0.000000000000000000e+00,0.000000000000000000e+00,0.000000000000000000e+00,0.000000000000000000e+00,0.000000000000000000e+00,0.000000000000000000e+00,0.000000000000000000e+00,0.000000000000000000e+00,0.000000000000000000e+00,0.000000000000000000e+00,0.000000000000000000e+00,0.000000000000000000e+00,0.000000000000000000e+00,0.000000000000000000e+00,0.000000000000000000e+00,0.000000000000000000e+00,0.000000000000000000e+00,0.000000000000000000e+00,0.000000000000000000e+00,0.000000000000000000e+00,0.000000000000000000e+00,0.000000000000000000e+00,0.000000000000000000e+00,0.000000000000000000e+00,0.000000000000000000e+00,0.000000000000000000e+00,0.000000000000000000e+00,0.000000000000000000e+00,0.000000000000000000e+00,0.000000000000000000e+00,0.000000000000000000e+00,0.000000000000000000e+00,0.000000000000000000e+00,0.000000000000000000e+00,0.000000000000000000e+00,0.000000000000000000e+00,0.000000000000000000e+00,0.000000000000000000e+00,0.000000000000000000e+00,0.000000000000000000e+00,0.000000000000000000e+00,0.000000000000000000e+00,0.000000000000000000e+00,0.000000000000000000e+00,0.000000000000000000e+00,0.000000000000000000e+00,0.000000000000000000e+00,0.000000000000000000e+00,0.000000000000000000e+00,0.000000000000000000e+00,0.000000000000000000e+00,0.000000000000000000e+00,0.000000000000000000e+00,0.000000000000000000e+00,0.000000000000000000e+00,0.000000000000000000e+00,0.000000000000000000e+00,0.000000000000000000e+00,0.000000000000000000e+00,0.000000000000000000e+00,0.000000000000000000e+00,0.000000000000000000e+00,0.000000000000000000e+00,0.000000000000000000e+00,0.000000000000000000e+00,0.000000000000000000e+00,0.000000000000000000e+00,0.000000000000000000e+00,0.000000000000000000e+00,0.000000000000000000e+00,0.000000000000000000e+00,0.000000000000000000e+00,0.000000000000000000e+00,2.437570370910849954e-04,2.757567334329033798e-04,2.432785198982748327e-04,2.131090093853407394e-04,2.060157938185018566e-04,2.143760043567733060e-04,2.290668668513917662e-04,2.392900161082734008e-04,2.458319592043177113e-04,2.467665536819257086e-04,2.452898771401770491e-04,2.416233492090064387e-04,2.376142012092786007e-04,2.335117268922672377e-04,2.299196626297453502e-04,2.267515452434928772e-04,2.240255862012743816e-04,2.215952457843007575e-04,2.193888396158576279e-04,2.173478808376432805e-04,2.154431361311671066e-04,2.136727453008032611e-04,2.120277393241075717e-04,2.105110787551356367e-04,2.091120844043199993e-04,2.078235007357953493e-04,2.066337052571508141e-04,2.055299861550808846e-04,2.045057198752374449e-04,2.035488679137703496e-04,2.026603180241426253e-04,2.018315288275906311e-04,2.010696835651910592e-04,2.003690738652313605e-04,1.997387249776770167e-04,1.991720291755642099e-04,1.986739357077665186e-04,1.982332677723261469e-04,1.978479155460921644e-04,1.975028669376141792e-04,1.971916564832260326e-04,1.969006175302118503e-04,1.966243626638978343e-04,1.963553548295809731e-04,1.960922261109320397e-04,1.958342002890241988e-04,1.955828380524475053e-04,1.953414167501040433e-04,1.951114877014509025e-04,1.948970259810675859e-04,1.946970883209116156e-04,1.945141267238672817e-04,1.943439180345790803e-04,1.941872524529468015e-04,1.940380483798537811e-04,1.938972651517576775e-04,1.937595690414461514e-04,1.936280363284962518e-04,1.934995555606188833e-04,1.933792924658333503e-04,1.932654786301222171e-04,1.931634334296240265e-04,1.930708435257069862e-04,1.929915449082110783e-04,1.929221552396784192e-04,1.928654535941829568e-04,1.928183996487320320e-04,1.927843480218901584e-04,1.927619157214392753e-04,1.927553145181636768e-04,1.927638614018465919e-04,1.927905738364176760e-04,1.928329360603427221e-04,1.928906499397231122e-04,1.929584251888539245e-04,1.930334523165714385e-04,1.931100702797382458e-04,1.931864618826358200e-04,1.932600640151346946e-04,1.933325370330995206e-04,1.934049862659862999e-04,1.934811489627967821e-04,1.935627456609245950e-04,1.936520194552415037e-04,1.937482116774053291e-04,1.938504946898189434e-04,1.939557619952546233e-04,1.940617840661608309e-04,1.941653863648289602e-04,1.942650169960925192e-04,1.943584812072361387e-04,1.944448212149366801e-04,1.945218435436111182e-04,1.945881333600348083e-04,1.946410472334728385e-04,1.946793833849579602e-04,1.947016496223056062e-04,1.947088151938848957e-04,1.947019006374854666e-04,1.946841400344470727e-04,1.946576425886864612e-04,1.946254477632021137e-04,1.945881186456798297e-04,1.945466633349267587e-04,1.944996021584466904e-04,1.944467513087360646e-04,1.943862227046942368e-04,1.943183883792800899e-04,1.942423013376513526e-04,1.941597225759597145e-04,1.940711407348351143e-04,1.939801070225254543e-04,1.938889272521275358e-04,1.938031312455719608e-04,1.937265405352439195e-04,1.936656470656138011e-04,1.936240875462262514e-04,1.936072282500815871e-04,1.936165265113761890e-04,1.936547831936670646e-04,1.937206986138500467e-04,1.938148364152938487e-04,1.939341937448641633e-04,1.940785422718963125e-04,1.942446737708264229e-04,1.944328641454014738e-04,1.946406890591608786e-04,1.948696136968485957e-04,1.951184234239096882e-04,1.953899435247326234e-04,1.956840246995702483e-04,1.960043041916359398e-04,1.963507019431925656e-04,1.967262968232286885e-04,1.971295336750990832e-04,1.975615140701408000e-04,1.980182214801279393e-04,1.984984815586162213e-04,1.989963315027666743e-04,1.995096388968263708e-04,2.000324340915639082e-04,2.005638704407518768e-04,2.011000784531793463e-04,2.016430028916721385e-04,2.021913760837433874e-04,2.027492347055653463e-04,2.033160845157634634e-04,2.038954748029539509e-04,2.044849509818964502e-04,2.050853794614070449e-04,2.056913006105621112e-04,2.063013777931676422e-04,2.069091182910214217e-04,2.075137908906969175e-04,2.081099736630409223e-04,2.086963395106649114e-04,2.092610706365253571e-04,2.097882287103252058e-04,2.102492809135749798e-04,2.106416625092391375e-04,2.110607358783361603e-04,2.118810849869608008e-04,2.139888276188520568e-04,2.189620279162821147e-04,2.287557235442934638e-04,2.442885152325900483e-04,2.623878484034679152e-04,2.719810290544952703e-04,2.535366703758860484e-04,1.892880011342922258e-04,8.763624101175360376e-05,1.284946337633792431e-05
0.000000000000000000e+00,0.000000000000000000e+00,0.000000000000000000e+00,0.000000000000000000e+00,0.000000000000000000e+00,0.000000000000000000e+00,0.000000000000000000e+00,0.000000000000000000e+00,0.000000000000000000e+00,0.000000000000000000e+00,0.000000000000000000e+00,0.000000000000000000e+00,0.000000000000000000e+00,0.000000000000000000e+00,0.000000000000000000e+00,0.000000000000000000e+00,0.000000000000000000e+00,0.000000000000000000e+00,0.000000000000000000e+00,0.000000000000000000e+00,0.000000000000000000e+00,0.000000000000000000e+00,0.000000000000000000e+00,0.000000000000000000e+00,0.000000000000000000e+00,0.000000000000000000e+00,0.000000000000000000e+00,0.000000000000000000e+00,0.000000000000000000e+00,0.000000000000000000e+00,0.000000000000000000e+00,0.000000000000000000e+00,0.000000000000000000e+00,0.000000000000000000e+00,0.000000000000000000e+00,0.000000000000000000e+00,0.000000000000000000e+00,0.000000000000000000e+00,0.000000000000000000e+00,0.000000000000000000e+00,0.000000000000000000e+00,0.000000000000000000e+00,0.000000000000000000e+00,0.000000000000000000e+00,0.000000000000000000e+00,0.000000000000000000e+00,0.000000000000000000e+00,0.000000000000000000e+00,0.000000000000000000e+00,0.000000000000000000e+00,0.000000000000000000e+00,0.000000000000000000e+00,0.000000000000000000e+00,0.000000000000000000e+00,0.000000000000000000e+00,0.000000000000000000e+00,0.000000000000000000e+00,0.000000000000000000e+00,0.000000000000000000e+00,0.000000000000000000e+00,0.000000000000000000e+00,0.000000000000000000e+00,0.000000000000000000e+00,0.000000000000000000e+00,0.000000000000000000e+00,0.000000000000000000e+00,0.000000000000000000e+00,0.000000000000000000e+00,0.000000000000000000e+00,0.000000000000000000e+00,0.000000000000000000e+00,0.000000000000000000e+00,0.000000000000000000e+00,0.000000000000000000e+00,0.000000000000000000e+00,0.000000000000000000e+00,0.000000000000000000e+00,0.000000000000000000e+00,0.000000000000000000e+00,0.000000000000000000e+00,0.000000000000000000e+00,0.000000000000000000e+00,0.000000000000000000e+00,0.000000000000000000e+00,0.000000000000000000e+00,0.000000000000000000e+00,0.000000000000000000e+00,0.000000000000000000e+00,0.000000000000000000e+00,0.000000000000000000e+00,0.000000000000000000e+00,0.000000000000000000e+00,0.000000000000000000e+00,0.000000000000000000e+00,0.000000000000000000e+00,0.000000000000000000e+00,0.000000000000000000e+00,0.000000000000000000e+00,0.000000000000000000e+00,0.000000000000000000e+00,0.000000000000000000e+00,0.000000000000000000e+00,0.000000000000000000e+00,0.000000000000000000e+00,0.000000000000000000e+00,0.000000000000000000e+00,0.000000000000000000e+00,0.000000000000000000e+00,0.000000000000000000e+00,0.000000000000000000e+00,0.000000000000000000e+00,0.000000000000000000e+00,0.000000000000000000e+00,0.000000000000000000e+00,0.000000000000000000e+00,0.000000000000000000e+00,0.000000000000000000e+00,0.000000000000000000e+00,0.000000000000000000e+00,0.000000000000000000e+00,0.000000000000000000e+00,0.000000000000000000e+00,0.000000000000000000e+00,0.000000000000000000e+00,0.000000000000000000e+00,0.000000000000000000e+00,0.000000000000000000e+00,0.000000000000000000e+00,0.000000000000000000e+00,0.000000000000000000e+00,0.000000000000000000e+00,0.000000000000000000e+00,0.000000000000000000e+00,0.000000000000000000e+00,0.000000000000000000e+00,0.000000000000000000e+00,0.000000000000000000e+00,0.000000000000000000e+00,0.000000000000000000e+00,0.000000000000000000e+00,0.000000000000000000e+00,0.000000000000000000e+00,0.000000000000000000e+00,0.000000000000000000e+00,0.000000000000000000e+00,0.000000000000000000e+00,0.000000000000000000e+00,0.000000000000000000e+00,0.000000000000000000e+00,0.000000000000000000e+00,0.000000000000000000e+00,0.000000000000000000e+00,0.000000000000000000e+00,0.000000000000000000e+00,0.000000000000000000e+00,0.000000000000000000e+00,0.000000000000000000e+00,0.000000000000000000e+00,0.000000000000000000e+00,0.000000000000000000e+00,0.000000000000000000e+00,0.000000000000000000e+00,0.000000000000000000e+00,0.000000000000000000e+00,0.000000000000000000e+00,0.000000000000000000e+00,0.000000000000000000e+00,0.000000000000000000e+00,2.085258558615026405e-04,2.310831437950496621e-04,2.168103961880329619e-04,2.170928641890498302e-04,2.253770585409940134e-04,2.411242847798148326e-04,2.494860479039183432e-04,2.566980348757052707e-04,2.580166339488556681e-04,2.581427626365999177e-04,2.545572917610103530e-04,2.498952074692867916e-04,2.440288700397850378e-04,2.385899384027539830e-04,2.335809859618564262e-04,2.294905548302364419e-04,2.260146578724518218e-04,2.231455662828238341e-04,2.206001097350608771e-04,2.183439311479691341e-04,2.162427467519864263e-04,2.143153803684208665e-04,2.125125444726088590e-04,2.108587245483931722e-04,2.093270883993132703e-04,2.079243302532823325e-04,2.066294191840602960e-04,2.054358344285187813e-04,2.043299190965550496e-04,2.033004620233446673e-04,2.023424708824582104e-04,2.014450891223018981e-04,2.006112334468145399e-04,1.998330208185392846e-04,1.991189990441520662e-04,1.984636652853376303e-04,1.978759384559592631e-04,1.973483889733055729e-04,1.968838121504496938e-04,1.964692749241522970e-04,1.960995360110582458e-04,1.957586146889717387e-04,1.954382116622374415e-04,1.951262299496338531e-04,1.948178762333459876e-04,1.945094635937140535e-04,1.942015414748507896e-04,1.938974298872386305e-04,1.935998601878533476e-04,1.933144673361380627e-04,1.930420103694034282e-04,1.927866043008635746e-04,1.925450936063139915e-04,1.923191352960809111e-04,1.921027195267767948e-04,1.918967624319516596e-04,1.916952369705045799e-04,1.915007038565250585e-04,1.913092782329776941e-04,1.911258547950728834e-04,1.909484748687373249e-04,1.907828046486931522e-04,1.906269523598053844e-04,1.904853357886200573e-04,1.903549470208729360e-04,1.902386132679336319e-04,1.901330132963964450e-04,1.900407797985489652e-04,1.899598614275997048e-04,1.898937132108998230e-04,1.898415902529190249e-04,1.898066516900851343e-04,1.897874421866216734e-04,1.897845768705756656e-04,1.897941278884556502e-04,1.898136831780892889e-04,1.898378689824944878e-04,1.898637685993401192e-04,1.898877910021946999e-04,1.899096537811498101e-04,1.899294688354753291e-04,1.899498242098256813e-04,1.899728419155104556e-04,1.900010673164924673e-04,1.900352832006781242e-04,1.900754077449261735e-04,1.901196357047713894e-04,1.901656941960892637e-04,1.902107703014976740e-04,1.902524945787590445e-04,1.902886847738002906e-04,1.903176363212194446e-04,1.903375056548748008e-04,1.903464599530865873e-04,1.903423110040162699e-04,1.903232558220572233e-04,1.902878953131943534e-04,1.902362944324048209e-04,1.901695117349536080e-04,1.900901500523329089e-04,1.900008094679477596e-04,1.899043192233823096e-04,1.898018841653578931e-04,1.896941752001077752e-04,1.895800794369429017e-04,1.894589732259740274e-04,1.893295871955719676e-04,1.891925078811371576e-04,1.890481700537435849e-04,1.888990750603974000e-04,1.887470094387271307e-04,1.885955411872878879e-04,1.884470870167879336e-04,1.883060202318929662e-04,1.881754976618918733e-04,1.880607839986037609e-04,1.879654235326953045e-04,1.878945788021328775e-04,1.878506770781382244e-04,1.878371276387880726e-04,1.878538858982543912e-04,1.879018692479750069e-04,1.879785656132209682e-04,1.880830702301420905e-04,1.882115608614346380e-04,1.883627506602838478e-04,1.885330656450436872e-04,1.887223685797085021e-04,1.889286855790265913e-04,1.891540054221225477e-04,1.893983431765623542e-04,1.896654521887766785e-04,1.899561906671804986e-04,1.902742939802107682e-04,1.906193525105964227e-04,1.909930535142832070e-04,1.913921693833197074e-04,1.918155864799272776e-04,1.922574648929685351e-04,1.927150566607600281e-04,1.931818600953705820e-04,1.936559125529949631e-04,1.941325009462007713e-04,1.946124564895517926e-04,1.950939838704901757e-04,1.955806837490215073e-04,1.960724558697900125e-04,1.965734921691591499e-04,1.970827365704139363e-04,1.976024894931420201e-04,1.981290708691081485e-04,1.986625249785514918e-04,1.991976103428461662e-04,1.997340792173081644e-04,2.002664730880599072e-04,2.007922312057120579e-04,2.012970585368340382e-04,2.017604437338252571e-04,2.021474170787753669e-04,2.024481779255883629e-04,2.027545581374305098e-04,2.034488309601934300e-04,2.054451514761431884e-04,2.103726850592426616e-04,2.202479241979644355e-04,2.360324665017538720e-04,2.545618665722939483e-04,2.647791901379104962e-04,2.472528994768328570e-04,1.844339599018419735e-04,8.494596010415354976e-05,1.229100260273326843e-05
0.000000000000000000e+00,0.000000000000000000e+00,0.000000000000000000e+00,0.000000000000000000e+00,0.000000000000000000e+00,0.000000000000000000e+00,0.000000000000000000e+00,0.000000000000000000e+00,0.000000000000000000e+00,0.000000000000000000e+00,0.000000000000000000e+00,0.000000000000000000e+00,0.000000000000000000e+00,0.000000000000000000e+00,0.000000000000000000e+00,0.000000000000000000e+00,0.000000000000000000e+00,0.000000000000000000e+00,0.000000000000000000e+00,0.000000000000000000e+00,0.000000000000000000e+00,0.000000000000000000e+00,0.000000000000000000e+00,0.000000000000000000e+00,0.000000000000000000e+00,0.000000000000000000e+00,0.000000000000000000e+00,0.000000000000000000e+00,0.000000000000000000e+00,0.000000000000000000e+00,0.000000000000000000e+00,0.000000000000000000e+00,0.000000000000000000e+00,0.000000000000000000e+00,0.000000000000000000e+00,0.000000000000000000e+00,0.000000000000000000e+00,0.000000000000000000e+00,0.000000000000000000e+00,0.000000000000000000e+00,0.000000000000000000e+00,0.000000000000000000e+00,0.000000000000000000e+00,0.000000000000000000e+00,0.000000000000000000e+00,0.000000000000000000e+00,0.000000000000000000e+00,0.000000000000000000e+00,0.000000000000000000e+00,0.000000000000000000e+00,0.000000000000000000e+00,0.000000000000000000e+00,0.000000000000000000e+00,0.000000000000000000e+00,0.000000000000000000e+00,0.000000000000000000e+00,0.000000000000000000e+00,0.000000000000000000e+00,0.000000000000000000e+00,0.000000000000000000e+00,0.000000000000000000e+00,0.000000000000000000e+00,0.000000000000000000e+00,0.000000000000000000e+00,0.000000000000000000e+00,0.000000000000000000e+00,0.000000000000000000e+00,0.000000000000000000e+00,0.000000000000000000e+00,0.000000000000000000e+00,0.000000000000000000e+00,0.000000000000000000e+00,0.000000000000000000e+00,0.000000000000000000e+00,0.000000000000000000e+00,0.000000000000000000e+00,0.000000000000000000e+00,0.000000000000000000e+00,0.000000000000000000e+00,0.000000000000000000e+00,0.000000000000000000e+00,0.000000000000000000e+00,0.000000000000000000e+00,0.000000000000000000e+00,0.000000000000000000e+00,0.000000000000000000e+00,0.000000000000000000e+00,0.000000000000000000e+00,0.000000000000000000e+00,0.000000000000000000e+00,0.000000000000000000e+00,0.000000000000000000e+00,0.000000000000000000e+00,0.000000000000000000e+00,0.000000000000000000e+00,0.000000000000000000e+00,0.000000000000000000e+00,0.000000000000000000e+00,0.000000000000000000e+00,0.000000000000000000e+00,0.000000000000000000e+00,0.000000000000000000e+00,0.000000000000000000e+00,0.000000000000000000e+00,0.000000000000000000e+00,0.000000000000000000e+00,0.000000000000000000e+00,0.000000000000000000e+00,0.000000000000000000e+00,0.000000000000000000e+00,0.000000000000000000e+00,0.000000000000000000e+00,0.000000000000000000e+00,0.000000000000000000e+00,0.000000000000000000e+00,0.000000000000000000e+00,0.000000000000000000e+00,0.000000000000000000e+00,0.000000000000000000e+00,0.000000000000000000e+00,0.000000000000000000e+00,0.000000000000000000e+00,0.000000000000000000e+00,0.000000000000000000e+00,0.000000000000000000e+00,0.000000000000000000e+00,0.000000000000000000e+00,0.000000000000000000e+00,0.000000000000000000e+00,0.000000000000000000e+00,0.000000000000000000e+00,0.000000000000000000e+00,0.000000000000000000e+00,0.000000000000000000e+00,0.000000000000000000e+00,0.000000000000000000e+00,0.000000000000000000e+00,0.000000000000000000e+00,0.000000000000000000e+00,0.000000000000000000e+00,0.000000000000000000e+00,0.000000000000000000e+00,0.000000000000000000e+00,0.000000000000000000e+00,0.000000000000000000e+00,0.000000000000000000e+00,0.000000000000000000e+00,0.000000000000000000e+00,0.000000000000000000e+00,0.000000000000000000e+00,0.000000000000000000e+00,0.000000000000000000e+00,0.000000000000000000e+00,0.000000000000000000e+00,0.000000000000000000e+00,0.000000000000000000e+00,0.000000000000000000e+00,0.000000000000000000e+00,0.000000000000000000e+00,0.000000000000000000e+00,0.000000000000000000e+00,0.000000000000000000e+00,0.000000000000000000e+00,0.000000000000000000e+00,0.000000000000000000e+00,0.000000000000000000e+00,0.000000000000000000e+00,0.000000000000000000e+00,1.614859259264579596e-04,1.896670626667669836e-04,2.128175633351275071e-04,2.391510050024467273e-04,2.600430947772914875e-04,2.623952841505894622e-04,2.655004299540611261e-04,2.638426431016175039e-04,2.665132058777668891e-04,2.653706356414398896e-04,2.622469927440928736e-04,2.558905361346447004e-04,2.486875674748819580e-04,2.413530985848307334e-04,2.349747707615165585e-04,2.297108371521656717e-04,2.255017863496321052e-04,2.221249129445918350e-04,2.192705483966219293e-04,2.168027616255079840e-04,2.145427298452702320e-04,2.124900833957533498e-04,2.105732216850377632e-04,2.088267397582531718e-04,2.072110731611471492e-04,2.057440727657434368e-04,2.043947733369160110e-04,2.031631191583000546e-04,2.020281411398126847e-04,2.009812358689040039e-04,2.000119385957170376e-04,1.991084189128995187e-04,1.982684801545124022e-04,1.974808956188112510e-04,1.967505903086986629e-04,1.960702120825742788e-04,1.954496002618596052e-04,1.948839058003624751e-04,1.943811577692758689e-04,1.939329492768928091e-04,1.935384240457265544e-04,1.931826867103695797e-04,1.928566961842342962e-04,1.925446736736410739e-04,1.922376183764495428e-04,1.919273563951749760e-04,1.916113899415825830e-04,1.912914891426668634e-04,1.909704448478552171e-04,1.906552310840345539e-04,1.903483681090947614e-04,1.900561239604191570e-04,1.897768790282126667e-04,1.895137472057718245e-04,1.892611671895596983e-04,1.890204224612392796e-04,1.887849303825713595e-04,1.885568916774436215e-04,1.883315110652781198e-04,1.881133386149223222e-04,1.878999184849560041e-04,1.876971533327774803e-04,1.875033444766755885e-04,1.873235921321747088e-04,1.871552866330660977e-04,1.870016517712693414e-04,1.868592332795045673e-04,1.867302646587253782e-04,1.866119569732701785e-04,1.865070053440017795e-04,1.864141763459036265e-04,1.863365332995324368e-04,1.862732274593490822e-04,1.862257949197968843e-04,1.861916712201178918e-04,1.861694015910684771e-04,1.861543608361610608e-04,1.861433053902829368e-04,1.861319399766060971e-04,1.861183472761340199e-04,1.861013092087263174e-04,1.860819263809912819e-04,1.860619658591565766e-04,1.860438707904999768e-04,1.860295064226676802e-04,1.860196608543958059e-04,1.860139415231728307e-04,1.860105611504640842e-04,1.860073171937849060e-04,1.860014092861785539e-04,1.859906220617182709e-04,1.859725901751469943e-04,1.859456260999075921e-04,1.859076009418427768e-04,1.858567698942903868e-04,1.857910211695909389e-04,1.857090780870578636e-04,1.856102190239400504e-04,1.854952550313286683e-04,1.853659444921030425e-04,1.852249335585485547e-04,1.850747074074774552e-04,1.849169726908898046e-04,1.847522893075563414e-04,1.845800328622045463e-04,1.843993974576638346e-04,1.842096969492992820e-04,1.840117510367241416e-04,1.838072015414247680e-04,1.835993382753269140e-04,1.833912618740964702e-04,1.831868100125842193e-04,1.829886234008067558e-04,1.828000663165592300e-04,1.826234897009410961e-04,1.824627700536759513e-04,1.823210032409630448e-04,1.822029270478340483e-04,1.821117005797729782e-04,1.820513452252690216e-04,1.820231071788174588e-04,1.820285036425679846e-04,1.820657360485177347e-04,1.821335653537065980e-04,1.822277894341633054e-04,1.823458115139858825e-04,1.824829750775695553e-04,1.826375588089360882e-04,1.828066467605008252e-04,1.829911785866951521e-04,1.831909950198434692e-04,1.834096897516712438e-04,1.836487699212283216e-04,1.839124900958937967e-04,1.842015070619571404e-04,1.845181936961157578e-04,1.848602717818888935e-04,1.852269913130440268e-04,1.856129457830748067e-04,1.860151421335808520e-04,1.864268331363850022e-04,1.868451789905687223e-04,1.872646835468673031e-04,1.876850029129148803e-04,1.881035532491590620e-04,1.885231499183885053e-04,1.889436367756869317e-04,1.893694463583553834e-04,1.898005719665938847e-04,1.902405751786700409e-04,1.906875199799863002e-04,1.911429919088951834e-04,1.916032624064364931e-04,1.920689385496214758e-04,1.925348824382252849e-04,1.929976225664704989e-04,1.934405384667750116e-04,1.938385076373838123e-04,1.941498464539424069e-04,1.943571902492018187e-04,1.945487871644877075e-04,1.951153323521931209e-04,1.970007677911176757e-04,2.018874274144883915e-04,2.118534814046204239e-04,2.278987500230109076e-04,2.468566936752201795e-04,2.576789288150773218e-04,2.410433386618044673e-04,1.796343186642967678e-04,8.229204672332078683e-05,1.174582518450075585e-05
0.000000000000000000e+00,0.000000000000000000e+00,0.000000000000000000e+00,0.000000000000000000e+00,0.000000000000000000e+00,0.000000000000000000e+00,0.000000000000000000e+00,0.000000000000000000e+00,0.000000000000000000e+00,0.000000000000000000e+00,0.000000000000000000e+00,0.000000000000000000e+00,0.000000000000000000e+00,0.000000000000000000e+00,0.000000000000000000e+00,0.000000000000000000e+00,0.000000000000000000e+00,0.000000000000000000e+00,0.000000000000000000e+00,0.000000000000000000e+00,0.000000000000000000e+00,0.000000000000000000e+00,0.000000000000000000e+00,0.000000000000000000e+00,0.000000000000000000e+00,0.000000000000000000e+00,0.000000000000000000e+00,0.000000000000000000e+00,0.000000000000000000e+00,0.000000000000000000e+00,0.000000000000000000e+00,0.000000000000000000e+00,0.000000000000000000e+00,0.000000000000000000e+00,0.000000000000000000e+00,0.000000000000000000e+00,0.000000000000000000e+00,0.000000000000000000e+00,0.000000000000000000e+00,0.000000000000000000e+00,0.000000000000000000e+00,0.000000000000000000e+00,0.000000000000000000e+00,0.000000000000000000e+00,0.000000000000000000e+00,0.000000000000000000e+00,0.000000000000000000e+00,0.000000000000000000e+00,0.000000000000000000e+00,0.000000000000000000e+00,0.000000000000000000e+00,0.000000000000000000e+00,0.000000000000000000e+00,0.000000000000000000e+00,0.000000000000000000e+00,0.000000000000000000e+00,0.000000000000000000e+00,0.000000000000000000e+00,0.000000000000000000e+00,0.000000000000000000e+00,0.000000000000000000e+00,0.000000000000000000e+00,0.000000000000000000e+00,0.000000000000000000e+00,0.000000000000000000e+00,0.000000000000000000e+00,0.000000000000000000e+00,0.000000000000000000e+00,0.000000000000000000e+00,0.000000000000000000e+00,0.000000000000000000e+00,0.000000000000000000e+00,0.000000000000000000e+00,0.000000000000000000e+00,0.000000000000000000e+00,0.000000000000000000e+00,0.000000000000000000e+00,0.000000000000000000e+00,0.000000000000000000e+00,0.000000000000000000e+00,0.000000000000000000e+00,0.000000000000000000e+00,0.000000000000000000e+00,0.000000000000000000e+00,0.000000000000000000e+00,0.000000000000000000e+00,0.000000000000000000e+00,0.000000000000000000e+00,0.000000000000000000e+00,0.000000000000000000e+00,0.000000000000000000e+00,0.000000000000000000e+00,0.000000000000000000e+00,0.000000000000000000e+00,0.000000000000000000e+00,0.000000000000000000e+00,0.000000000000000000e+00,0.000000000000000000e+00,0.000000000000000000e+00,0.000000000000000000e+00,0.000000000000000000e+00,0.000000000000000000e+00,0.000000000000000000e+00,0.000000000000000000e+00,0.000000000000000000e+00,0.000000000000000000e+00,0.000000000000000000e+00,0.000000000000000000e+00,0.000000000000000000e+00,0.000000000000000000e+00,0.000000000000000000e+00,0.000000000000000000e+00,0.000000000000000000e+00,0.000000000000000000e+00,0.000000000000000000e+00,0.000000000000000000e+00,0.000000000000000000e+00,0.000000000000000000e+00,0.000000000000000000e+00,0.000000000000000000e+00,0.000000000000000000e+00,0.000000000000000000e+00,0.000000000000000000e+00,0.000000000000000000e+00,0.000000000000000000e+00,0.000000000000000000e+00,0.000000000000000000e+00,0.000000000000000000e+00,0.000000000000000000e+00,0.000000000000000000e+00,0.000000000000000000e+00,0.000000000000000000e+00,0.000000000000000000e+00,0.000000000000000000e+00,0.000000000000000000e+00,0.000000000000000000e+00,0.000000000000000000e+00,0.000000000000000000e+00,0.000000000000000000e+00,0.000000000000000000e+00,0.000000000000000000e+00,0.000000000000000000e+00,0.000000000000000000e+00,0.000000000000000000e+00,0.000000000000000000e+00,0.000000000000000000e+00,0.000000000000000000e+00,0.000000000000000000e+00,0.000000000000000000e+00,0.000000000000000000e+00,0.000000000000000000e+00,0.000000000000000000e+00,0.000000000000000000e+00,0.000000000000000000e+00,0.000000000000000000e+00,0.000000000000000000e+00,0.000000000000000000e+00,0.000000000000000000e+00,0.000000000000000000e+00,0.000000000000000000e+00,0.000000000000000000e+00,0.000000000000000000e+00,0.000000000000000000e+00,0.000000000000000000e+00,0.000000000000000000e+00,0.000000000000000000e+00,0.000000000000000000e+00,0.000000000000000000e+00,1.275368474126438879e-04,1.906858194157744723e-04,2.525350522729013602e-04,2.964205844267996364e-04,2.855133656188276283e-04,2.713865603495819816e-04,2.543926474126737502e-04,2.594997855379385199e-04,2.643871635077081747e-04,2.684769792150256567e-04,2.655442650588450888e-04,2.592394186661177002e-04,2.501305705413573691e-04,2.413250142327196825e-04,2.333091532431315752e-04,2.270505419327369567e-04,2.220553449522521747e-04,2.182821241023503935e-04,2.151393301017463539e-04,2.125371717860481159e-04,2.101611893865592466e-04,2.080478666000581207e-04,2.060701708772537638e-04,2.042931864008137063e-04,2.026516650659349495e-04,2.011815384884237839e-04,1.998363362732234077e-04,1.986248597143492993e-04,1.975166762708677941e-04,1.965076346311651998e-04,1.955820092185451154e-04,1.947293545268751001e-04,1.939431656196314495e-04,1.932099549795098447e-04,1.925296433546848872e-04,1.918910761723518154e-04,1.913012265382037810e-04,1.907549113711198038e-04,1.902629444876901947e-04,1.898216925134214557e-04,1.894363771900949337e-04,1.890968715261293748e-04,1.887968124034502572e-04,1.885197504182270717e-04,1.882534798964451887e-04,1.879850575310859032e-04,1.877071525141463151e-04,1.874180496985827467e-04,1.871186532445956842e-04,1.868161876685134554e-04,1.865143750220575266e-04,1.862218225524053979e-04,1.859388239213394061e-04,1.856705940565988916e-04,1.854125210269336806e-04,1.851667829345238084e-04,1.849265194691343723e-04,1.846938194762748038e-04,1.844629581264952539e-04,1.842381125114715549e-04,1.840160776651158831e-04,1.838028394674611475e-04,1.835966266927706303e-04,1.834032043288885585e-04,1.832203142103520433e-04,1.830518355059449940e-04,1.828943442898923457e-04,1.827500375026490137e-04,1.826154607161315445e-04,1.824926701406626888e-04,1.823796524492656316e-04,1.822791613022287430e-04,1.821904505285137357e-04,1.821158015865383844e-04,1.820537961744037763e-04,1.820042598565759146e-04,1.819636447982528695e-04,1.819291380075461996e-04,1.818962177155510941e-04,1.818618908737039484e-04,1.818235722581258522e-04,1.817807630197082187e-04,1.817342206120544409e-04,1.816858118834531054e-04,1.816378335755900191e-04,1.815918143443180969e-04,1.815486725054737439e-04,1.815075186549342629e-04,1.814670180363264361e-04,1.814244222614948027e-04,1.813775629456963875e-04,1.813235851002332902e-04,1.812607743654497290e-04,1.811867711596907746e-04,1.811001872453284927e-04,1.809988600499402053e-04,1.808817080138829870e-04,1.807474543386405853e-04,1.805965088251105892e-04,1.804296569367115893e-04,1.802491379565697265e-04,1.800568648154409108e-04,1.798547752823627930e-04,1.796434496293677289e-04,1.794228599770541046e-04,1.791923429072672799e-04,1.789518542443867906e-04,1.787025207358275164e-04,1.784469862907411006e-04,1.781892720511989083e-04,1.779336820353785513e-04,1.776845008012976771e-04,1.774447236848780457e-04,1.772169603401766629e-04,1.770027585533919445e-04,1.768045640375014345e-04,1.766247134121217853e-04,1.764672634007592689e-04,1.763357718296412540e-04,1.762347581809324451e-04,1.761666835908560743e-04,1.761338255747706854e-04,1.761352709886301697e-04,1.761697816980368938e-04,1.762330533166430705e-04,1.763215286539917930e-04,1.764296746714187766e-04,1.765543605027857356e-04,1.766916842066135998e-04,1.768414121437598854e-04,1.770028903117921689e-04,1.771792222271823675e-04,1.773721629977680287e-04,1.775862036416742736e-04,1.778228378455301844e-04,1.780850875183326960e-04,1.783716796743606606e-04,1.786824612446844495e-04,1.790127441536272686e-04,1.793596747197973419e-04,1.797166088185159314e-04,1.800801676170310376e-04,1.804442723917290819e-04,1.808074961259876557e-04,1.811663655772260365e-04,1.815226864334648800e-04,1.818758832672106901e-04,1.822302397337724337e-04,1.825864115097809389e-04,1.829489441205348142e-04,1.833174916096918182e-04,1.836951991409183234e-04,1.840800083387413586e-04,1.844736601298239530e-04,1.848716649819571122e-04,1.852699456524683369e-04,1.856497384834931313e-04,1.859812852722168668e-04,1.862159459636194398e-04,1.863284817070838442e-04,1.864035760100143685e-04,1.868412492219059795e-04,1.886173409950346179e-04,1.934700780783024524e-04,2.035404133129479869e-04,2.198625439051622049e-04,2.392573509612136939e-04,2.506749619939813200e-04,2.349080160917894216e-04,1.748895166396215585e-04,7.967355385594512341e-05,1.121258498791700791e-05
0.000000000000000000e+00,0.000000000000000000e+00,0.000000000000000000e+00,0.000000000000000000e+00,0.000000000000000000e+00,0.000000000000000000e+00,0.000000000000000000e+00,0.000000000000000000e+00,0.000000000000000000e+00,0.000000000000000000e+00,0.000000000000000000e+00,0.000000000000000000e+00,0.000000000000000000e+00,0.000000000000000000e+00,0.000000000000000000e+00,0.000000000000000000e+00,0.000000000000000000e+00,0.000000000000000000e+00,0.000000000000000000e+00,0.000000000000000000e+00,0.000000000000000000e+00,0.000000000000000000e+00,0.000000000000000000e+00,0.000000000000000000e+00,0.000000000000000000e+00,0.000000000000000000e+00,0.000000000000000000e+00,0.000000000000000000e+00,0.000000000000000000e+00,0.000000000000000000e+00,0.000000000000000000e+00,0.000000000000000000e+00,0.000000000000000000e+00,0.000000000000000000e+00,0.000000000000000000e+00,0.000000000000000000e+00,0.000000000000000000e+00,0.000000000000000000e+00,0.000000000000000000e+00,0.000000000000000000e+00,0.000000000000000000e+00,0.000000000000000000e+00,0.000000000000000000e+00,0.000000000000000000e+00,0.000000000000000000e+00,0.000000000000000000e+00,0.000000000000000000e+00,0.000000000000000000e+00,0.000000000000000000e+00,0.000000000000000000e+00,0.000000000000000000e+00,0.000000000000000000e+00,0.000000000000000000e+00,0.000000000000000000e+00,0.000000000000000000e+00,0.000000000000000000e+00,0.000000000000000000e+00,0.000000000000000000e+00,0.000000000000000000e+00,0.000000000000000000e+00,0.000000000000000000e+00,0.000000000000000000e+00,0.000000000000000000e+00,0.000000000000000000e+00,0.000000000000000000e+00,0.000000000000000000e+00,0.000000000000000000e+00,0.000000000000000000e+00,0.000000000000000000e+00,0.000000000000000000e+00,0.000000000000000000e+00,0.000000000000000000e+00,0.000000000000000000e+00,0.000000000000000000e+00,0.000000000000000000e+00,0.000000000000000000e+00,0.000000000000000000e+00,0.000000000000000000e+00,0.000000000000000000e+00,0.000000000000000000e+00,0.000000000000000000e+00,0.000000000000000000e+00,0.000000000000000000e+00,0.000000000000000000e+00,0.000000000000000000e+00,0.000000000000000000e+00,0.000000000000000000e+00,0.000000000000000000e+00,0.000000000000000000e+00,0.000000000000000000e+00,0.000000000000000000e+00,0.000000000000000000e+00,0.000000000000000000e+00,0.000000000000000000e+00,0.000000000000000000e+00,0.000000000000000000e+00,0.000000000000000000e+00,0.000000000000000000e+00,0.000000000000000000e+00,0.000000000000000000e+00,0.000000000000000000e+00,0.000000000000000000e+00,0.000000000000000000e+00,0.000000000000000000e+00,0.000000000000000000e+00,0.000000000000000000e+00,0.000000000000000000e+00,0.000000000000000000e+00,0.000000000000000000e+00,0.000000000000000000e+00,0.000000000000000000e+00,0.000000000000000000e+00,0.000000000000000000e+00,0.000000000000000000e+00,0.000000000000000000e+00,0.000000000000000000e+00,0.000000000000000000e+00,0.000000000000000000e+00,0.000000000000000000e+00,0.000000000000000000e+00,0.000000000000000000e+00,0.000000000000000000e+00,0.000000000000000000e+00,0.000000000000000000e+00,0.000000000000000000e+00,0.000000000000000000e+00,0.000000000000000000e+00,0.000000000000000000e+00,0.000000000000000000e+00,0.000000000000000000e+00,0.000000000000000000e+00,0.000000000000000000e+00,0.000000000000000000e+00,0.000000000000000000e+00,0.000000000000000000e+00,0.000000000000000000e+00,0.000000000000000000e+00,0.000000000000000000e+00,0.000000000000000000e+00,0.000000000000000000e+00,0.000000000000000000e+00,0.000000000000000000e+00,0.000000000000000000e+00,0.000000000000000000e+00,0.000000000000000000e+00,0.000000000000000000e+00,0.000000000000000000e+00,0.000000000000000000e+00,0.000000000000000000e+00,0.000000000000000000e+00,0.000000000000000000e+00,0.000000000000000000e+00,0.000000000000000000e+00,0.000000000000000000e+00,0.000000000000000000e+00,0.000000000000000000e+00,0.000000000000000000e+00,0.000000000000000000e+00,0.000000000000000000e+00,0.000000000000000000e+00,0.000000000000000000e+00,0.000000000000000000e+00,0.000000000000000000e+00,0.000000000000000000e+00,0.000000000000000000e+00,0.000000000000000000e+00,0.000000000000000000e+00,0.000000000000000000e+00,1.511645434803275190e-04,2.728862471953655386e-04,3.696179605572721049e-04,3.592906428374248494e-04,3.001788459277459947e-04,2.263882165730454689e-04,2.217048906304046080e-04,2.346934563625113497e-04,2.540828226889174624e-04,2.633974607684614840e-04,2.643582822219205488e-04,2.576144842846744593e-04,2.477270024388347194e-04,2.372807964594129937e-04,2.281442327599099006e-04,2.209498076850812667e-04,2.154551804920431623e-04,2.113800325691713171e-04,2.081090834923626505e-04,2.054552370745798607e-04,2.030674803718348384e-04,2.009694658890610333e-04,1.990144619070107303e-04,1.972797047316735366e-04,1.956864033769886680e-04,1.942818633984359496e-04,1.930079868794673374e-04,1.918800483272180811e-04,1.908589730748217503e-04,1.899445775694901418e-04,1.891163352612004983e-04,1.883666447920393471e-04,1.876861211250476327e-04,1.870615136241289903e-04,1.864884925819713403e-04,1.859525624793578204e-04,1.854553372185639237e-04,1.849885408148336152e-04,1.845615314123739818e-04,1.841732269867402626e-04,1.838337787504732053e-04,1.835399349228520325e-04,1.832910893216751688e-04,1.830744731486651884e-04,1.828776147784699302e-04,1.826846319653380396e-04,1.824828695880091904e-04,1.822656911552466999e-04,1.820297750986037643e-04,1.817807685881355298e-04,1.815221925815421180e-04,1.812645813835640307e-04,1.810101814719476611e-04,1.807668654875750646e-04,1.805315323865420746e-04,1.803078937625233482e-04,1.800892341085504197e-04,1.798778886761278023e-04,1.796673123679960521e-04,1.794613532718840039e-04,1.792558873703953889e-04,1.790568301141054399e-04,1.788620664914465815e-04,1.786779160894101648e-04,1.785023497391904142e-04,1.783400450481375599e-04,1.781877329818274758e-04,1.780479190292027266e-04,1.779166469948898963e-04,1.777955646919436919e-04,1.776817486158519075e-04,1.775775209560636041e-04,1.774817736123276849e-04,1.773972576393679655e-04,1.773233102024617631e-04,1.772611067441920267e-04,1.772082943025098405e-04,1.771631082347639632e-04,1.771213042795307443e-04,1.770795311916540206e-04,1.770340798962355281e-04,1.769830232128213367e-04,1.769256759207871730e-04,1.768629166669372771e-04,1.767967348275093669e-04,1.767290496993544221e-04,1.766617401467367545e-04,1.765950195734178232e-04,1.765285921502342432e-04,1.764602719342674500e-04,1.763881340507005588e-04,1.763091254868076943e-04,1.762213953289852922e-04,1.761224027832745259e-04,1.760109560969174206e-04,1.758850154333043748e-04,1.757437436781658299e-04,1.755856000144497399e-04,1.754105724298266056e-04,1.752184828878932342e-04,1.750107925327839674e-04,1.747885936305967945e-04,1.745536837320219351e-04,1.743066655143884656e-04,1.740481316671770777e-04,1.737778785259378020e-04,1.734966230563386529e-04,1.732059406108442650e-04,1.729092922510426554e-04,1.726113143818417989e-04,1.723172956276088292e-04,1.720320451040262223e-04,1.717590189160447627e-04,1.715003981154740941e-04,1.712570751585914988e-04,1.710301740102039721e-04,1.708210572106068944e-04,1.706328449786290744e-04,1.704690757286924654e-04,1.703345170035672760e-04,1.702326308717729594e-04,1.701665063410901738e-04,1.701362227003198131e-04,1.701408539957335528e-04,1.701762851613994765e-04,1.702383970870774313e-04,1.703210729788182717e-04,1.704200681496100716e-04,1.705305943581071734e-04,1.706512624993795631e-04,1.707807143425914146e-04,1.709212879055621690e-04,1.710745708079329660e-04,1.712449285573625134e-04,1.714343327748760269e-04,1.716462653708157788e-04,1.718803591106833433e-04,1.721371572217439199e-04,1.724128696318623865e-04,1.727051054796063800e-04,1.730076532157380704e-04,1.733169701062298770e-04,1.736266764776084348e-04,1.739344864010255955e-04,1.742360870983390155e-04,1.745322140786322647e-04,1.748216370997705620e-04,1.751081942872596386e-04,1.753928328102773821e-04,1.756807765582718681e-04,1.759730207342352962e-04,1.762741899742507673e-04,1.765839322822280197e-04,1.769053281123596981e-04,1.772347976010004821e-04,1.775679614108322142e-04,1.778840888604662736e-04,1.781487987054398286e-04,1.783062565293218023e-04,1.783230720826850155e-04,1.782804074767666371e-04,1.785886159176521448e-04,1.802577688959720306e-04,1.850851567292829069e-04,1.952764293626802080e-04,2.118973220999284968e-04,2.317461256178241261e-04,2.437591449221852228e-04,2.288450758330337089e-04,1.701990175447127272e-04,7.708864467553108919e-05,1.068840338540068292e-05
0.000000000000000000e+00,0.000000000000000000e+00,0.000000000000000000e+00,0.000000000000000000e+00,0.000000000000000000e+00,0.000000000000000000e+00,0.000000000000000000e+00,0.000000000000000000e+00,0.000000000000000000e+00,0.000000000000000000e+00,0.000000000000000000e+00,0.000000000000000000e+00,0.000000000000000000e+00,0.000000000000000000e+00,0.000000000000000000e+00,0.000000000000000000e+00,0.000000000000000000e+00,0.000000000000000000e+00,0.000000000000000000e+00,0.000000000000000000e+00,0.000000000000000000e+00,0.000000000000000000e+00,0.000000000000000000e+00,0.000000000000000000e+00,0.000000000000000000e+00,0.000000000000000000e+00,0.000000000000000000e+00,0.000000000000000000e+00,0.000000000000000000e+00,0.000000000000000000e+00,0.000000000000000000e+00,0.000000000000000000e+00,0.000000000000000000e+00,0.000000000000000000e+00,0.000000000000000000e+00,0.000000000000000000e+00,0.000000000000000000e+00,0.000000000000000000e+00,0.000000000000000000e+00,0.000000000000000000e+00,0.000000000000000000e+00,0.000000000000000000e+00,0.000000000000000000e+00,0.000000000000000000e+00,0.000000000000000000e+00,0.000000000000000000e+00,0.000000000000000000e+00,0.000000000000000000e+00,0.000000000000000000e+00,0.000000000000000000e+00,0.000000000000000000e+00,0.000000000000000000e+00,0.000000000000000000e+00,0.000000000000000000e+00,0.000000000000000000e+00,0.000000000000000000e+00,0.000000000000000000e+00,0.000000000000000000e+00,0.000000000000000000e+00,0.000000000000000000e+00,0.000000000000000000e+00,0.000000000000000000e+00,0.000000000000000000e+00,0.000000000000000000e+00,0.000000000000000000e+00,0.000000000000000000e+00,0.000000000000000000e+00,0.000000000000000000e+00,0.000000000000000000e+00,0.000000000000000000e+00,0.000000000000000000e+00,0.000000000000000000e+00,0.000000000000000000e+00,0.000000000000000000e+00,0.000000000000000000e+00,0.000000000000000000e+00,0.000000000000000000e+00,0.000000000000000000e+00,0.000000000000000000e+00,0.000000000000000000e+00,0.000000000000000000e+00,0.000000000000000000e+00,0.000000000000000000e+00,0.000000000000000000e+00,0.000000000000000000e+00,0.000000000000000000e+00,0.000000000000000000e+00,0.000000000000000000e+00,0.000000000000000000e+00,0.000000000000000000e+00,0.000000000000000000e+00,0.000000000000000000e+00,0.000000000000000000e+00,0.000000000000000000e+00,0.000000000000000000e+00,0.000000000000000000e+00,0.000000000000000000e+00,0.000000000000000000e+00,0.000000000000000000e+00,0.000000000000000000e+00,0.000000000000000000e+00,0.000000000000000000e+00,0.000000000000000000e+00,0.000000000000000000e+00,0.000000000000000000e+00,0.000000000000000000e+00,0.000000000000000000e+00,0.000000000000000000e+00,0.000000000000000000e+00,0.000000000000000000e+00,0.000000000000000000e+00,0.000000000000000000e+00,0.000000000000000000e+00,0.000000000000000000e+00,0.000000000000000000e+00,0.000000000000000000e+00,0.000000000000000000e+00,0.000000000000000000e+00,0.000000000000000000e+00,0.000000000000000000e+00,0.000000000000000000e+00,0.000000000000000000e+00,0.000000000000000000e+00,0.000000000000000000e+00,0.000000000000000000e+00,0.000000000000000000e+00,0.000000000000000000e+00,0.000000000000000000e+00,0.000000000000000000e+00,0.000000000000000000e+00,0.000000000000000000e+00,0.000000000000000000e+00,0.000000000000000000e+00,0.000000000000000000e+00,0.000000000000000000e+00,0.000000000000000000e+00,0.000000000000000000e+00,0.000000000000000000e+00,0.000000000000000000e+00,0.000000000000000000e+00,0.000000000000000000e+00,0.000000000000000000e+00,0.000000000000000000e+00,0.000000000000000000e+00,0.000000000000000000e+00,0.000000000000000000e+00,0.000000000000000000e+00,0.000000000000000000e+00,0.000000000000000000e+00,0.000000000000000000e+00,0.000000000000000000e+00,0.000000000000000000e+00,0.000000000000000000e+00,0.000000000000000000e+00,0.000000000000000000e+00,0.000000000000000000e+00,0.000000000000000000e+00,0.000000000000000000e+00,0.000000000000000000e+00,0.000000000000000000e+00,0.000000000000000000e+00,0.000000000000000000e+00,0.000000000000000000e+00,0.000000000000000000e+00,0.000000000000000000e+00,0.000000000000000000e+00,0.000000000000000000e+00,0.000000000000000000e+00,3.221455236880031454e-04,5.143946664043139421e-04,5.438560168313824302e-04,4.352961225044627382e-04,2.201529775455024333e-04,1.611097136356753120e-04,1.654075056435542188e-04,2.028049468213604419e-04,2.334460658757170186e-04,2.527348134107572711e-04,2.562710180264485250e-04,2.508193984043805566e-04,2.400010892396954078e-04,2.288850058394758364e-04,2.188859650728983207e-04,2.113201361091181197e-04,2.055639998954774750e-04,2.014792190228949134e-04,1.982345937288134416e-04,1.956891799057741731e-04,1.934014163968214562e-04,1.914289004742163484e-04,1.895903243866374575e-04,1.879864782396456783e-04,1.865221917842693202e-04,1.852578559833245641e-04,1.841248195305496792e-04,1.831447000916985553e-04,1.822709792373796887e-04,1.815068627883675042e-04,1.808273851564041882e-04,1.802279332717875225e-04,1.796971870250267428e-04,1.792242585471863633e-04,1.788025139417870368e-04,1.784165550162920475e-04,1.780627003872816631e-04,1.777287605238570423e-04,1.774188740743754748e-04,1.771310462063645219e-04,1.768765409696950570e-04,1.766582150436735979e-04,1.764821543016412565e-04,1.763431480506032190e-04,1.762324162113738945e-04,1.761350478958446052e-04,1.760346664119811968e-04,1.759197859150691829e-04,1.757810183514911333e-04,1.756203020220375088e-04,1.754387673518825123e-04,1.752476371782658632e-04,1.750505287926845525e-04,1.748581977569912960e-04,1.746695394129596025e-04,1.744904927536284462e-04,1.743150467432956767e-04,1.741462624719371656e-04,1.739770224434966238e-04,1.738109786603862013e-04,1.736430170167617968e-04,1.734788608810250714e-04,1.733158062210619194e-04,1.731605612163829386e-04,1.730111438112560767e-04,1.728730575778984052e-04,1.727432411398856975e-04,1.726247874815208482e-04,1.725134329986802119e-04,1.724107139160012511e-04,1.723128129373261114e-04,1.722216234016523382e-04,1.721353203652208064e-04,1.720568411212871436e-04,1.719857958925987752e-04,1.719245663858459412e-04,1.718718781973713585e-04,1.718274054939059698e-04,1.717875838731270255e-04,1.717494487706539507e-04,1.717086061290653317e-04,1.716621425237188170e-04,1.716077906107746820e-04,1.715452154645843779e-04,1.714754102456165922e-04,1.714002084522315964e-04,1.713218772061803562e-04,1.712416782460837088e-04,1.711603458139953943e-04,1.710766938194684713e-04,1.709892972484340634e-04,1.708953143373804888e-04,1.707927724353852812e-04,1.706790452423228785e-04,1.705529473367378669e-04,1.704126392221294323e-04,1.702575010068019560e-04,1.700860042991493722e-04,1.698977835679253234e-04,1.696918501075422208e-04,1.694686619480750053e-04,1.692283059627520958e-04,1.689720360441229080e-04,1.687003618267251376e-04,1.684143973764447690e-04,1.681146363514970194e-04,1.678026793803831041e-04,1.674807395531652786e-04,1.671529581957751677e-04,1.668244574111620482e-04,1.665012196621776859e-04,1.661885527264093216e-04,1.658904189431663172e-04,1.656089177918930531e-04,1.653445529762927614e-04,1.650973990597736241e-04,1.648677777238324296e-04,1.646576800912069756e-04,1.644701700538087107e-04,1.643098874507080149e-04,1.641809232394299105e-04,1.640870810266094294e-04,1.640294413252509184e-04,1.640076524455637253e-04,1.640180773268973139e-04,1.640564559589329527e-04,1.641164297015721882e-04,1.641930069019133178e-04,1.642807174602949429e-04,1.643771629118594060e-04,1.644802150127841044e-04,1.645912970120086123e-04,1.647115018263653225e-04,1.648447298973011103e-04,1.649930306872110432e-04,1.651600524414836347e-04,1.653460946061643998e-04,1.655523344209005752e-04,1.657759083732542515e-04,1.660150773124570434e-04,1.662643012431605494e-04,1.665201984449316821e-04,1.667763835680488951e-04,1.670299955716272975e-04,1.672760499042827756e-04,1.675142858936239695e-04,1.677427348910788931e-04,1.679646054147061805e-04,1.681808502020234542e-04,1.683970754277029365e-04,1.686153479828647974e-04,1.688416097960476466e-04,1.690771823439890097e-04,1.693266001276698602e-04,1.695874202049709584e-04,1.698552254730006819e-04,1.701075187431906719e-04,1.703053069278447562e-04,1.703853641865072071e-04,1.703058655548073423e-04,1.701445235847126711e-04,1.703230359217412782e-04,1.718881247736388001e-04,1.766995532890348105e-04,1.870302079814368721e-04,2.039757152003366823e-04,2.243027649949310169e-04,2.369202415566758408e-04,2.228499766692022528e-04,1.655603721088045243e-04,7.453447491635528058e-05,1.017053082091934062e-05
0.000000000000000000e+00,0.000000000000000000e+00,0.000000000000000000e+00,0.000000000000000000e+00,0.000000000000000000e+00,0.000000000000000000e+00,0.000000000000000000e+00,0.000000000000000000e+00,0.000000000000000000e+00,0.000000000000000000e+00,0.000000000000000000e+00,0.000000000000000000e+00,0.000000000000000000e+00,0.000000000000000000e+00,0.000000000000000000e+00,0.000000000000000000e+00,0.000000000000000000e+00,0.000000000000000000e+00,0.000000000000000000e+00,0.000000000000000000e+00,0.000000000000000000e+00,0.000000000000000000e+00,0.000000000000000000e+00,0.000000000000000000e+00,0.000000000000000000e+00,0.000000000000000000e+00,0.000000000000000000e+00,0.000000000000000000e+00,0.000000000000000000e+00,0.000000000000000000e+00,0.000000000000000000e+00,0.000000000000000000e+00,0.000000000000000000e+00,0.000000000000000000e+00,0.000000000000000000e+00,0.000000000000000000e+00,0.000000000000000000e+00,0.000000000000000000e+00,0.000000000000000000e+00,0.000000000000000000e+00,0.000000000000000000e+00,0.000000000000000000e+00,0.000000000000000000e+00,0.000000000000000000e+00,0.000000000000000000e+00,0.000000000000000000e+00,0.000000000000000000e+00,0.000000000000000000e+00,0.000000000000000000e+00,0.000000000000000000e+00,0.000000000000000000e+00,0.000000000000000000e+00,0.000000000000000000e+00,0.000000000000000000e+00,0.000000000000000000e+00,0.000000000000000000e+00,0.000000000000000000e+00,0.000000000000000000e+00,0.000000000000000000e+00,0.000000000000000000e+00,0.000000000000000000e+00,0.000000000000000000e+00,0.000000000000000000e+00,0.000000000000000000e+00,0.000000000000000000e+00,0.000000000000000000e+00,0.000000000000000000e+00,0.000000000000000000e+00,0.000000000000000000e+00,0.000000000000000000e+00,0.000000000000000000e+00,0.000000000000000000e+00,0.000000000000000000e+00,0.000000000000000000e+00,0.000000000000000000e+00,0.000000000000000000e+00,0.000000000000000000e+00,0.000000000000000000e+00,0.000000000000000000e+00,0.000000000000000000e+00,0.000000000000000000e+00,0.000000000000000000e+00,0.000000000000000000e+00,0.000000000000000000e+00,0.000000000000000000e+00,0.000000000000000000e+00,0.000000000000000000e+00,0.000000000000000000e+00,0.000000000000000000e+00,0.000000000000000000e+00,0.000000000000000000e+00,0.000000000000000000e+00,0.000000000000000000e+00,0.000000000000000000e+00,0.000000000000000000e+00,0.000000000000000000e+00,0.000000000000000000e+00,0.000000000000000000e+00,0.000000000000000000e+00,0.000000000000000000e+00,0.000000000000000000e+00,0.000000000000000000e+00,0.000000000000000000e+00,0.000000000000000000e+00,0.000000000000000000e+00,0.000000000000000000e+00,0.000000000000000000e+00,0.000000000000000000e+00,0.000000000000000000e+00,0.000000000000000000e+00,0.000000000000000000e+00,0.000000000000000000e+00,0.000000000000000000e+00,0.000000000000000000e+00,0.000000000000000000e+00,0.000000000000000000e+00,0.000000000000000000e+00,0.000000000000000000e+00,0.000000000000000000e+00,0.000000000000000000e+00,0.000000000000000000e+00,0.000000000000000000e+00,0.000000000000000000e+00,0.000000000000000000e+00,0.000000000000000000e+00,0.000000000000000000e+00,0.000000000000000000e+00,0.000000000000000000e+00,0.000000000000000000e+00,0.000000000000000000e+00,0.000000000000000000e+00,0.000000000000000000e+00,0.000000000000000000e+00,0.000000000000000000e+00,0.000000000000000000e+00,0.000000000000000000e+00,0.000000000000000000e+00,0.000000000000000000e+00,0.000000000000000000e+00,0.000000000000000000e+00,0.000000000000000000e+00,0.000000000000000000e+00,0.000000000000000000e+00,0.000000000000000000e+00,0.000000000000000000e+00,0.000000000000000000e+00,0.000000000000000000e+00,0.000000000000000000e+00,0.000000000000000000e+00,0.000000000000000000e+00,0.000000000000000000e+00,0.000000000000000000e+00,0.000000000000000000e+00,0.000000000000000000e+00,0.000000000000000000e+00,0.000000000000000000e+00,0.000000000000000000e+00,0.000000000000000000e+00,0.000000000000000000e+00,0.000000000000000000e+00,0.000000000000000000e+00,0.000000000000000000e+00,0.000000000000000000e+00,0.000000000000000000e+00,0.000000000000000000e+00,0.000000000000000000e+00,0.000000000000000000e+00,0.000000000000000000e+00,7.304187847488576241e-04,8.921723091072149715e-04,7.914154719394326945e-04,3.376481933279325102e-04,1.536929323514223632e-04,9.697306396972705243e-05,1.232865694024824245e-04,1.694085764122847529e-04,2.123359448429437853e-04,2.360130293443923183e-04,2.429761278610734264e-04,2.378053816010667492e-04,2.272518937891149140e-04,2.158032997899840771e-04,2.058360032531349974e-04,1.982894663874006894e-04,1.927509782585256140e-04,1.888834027050284364e-04,1.859032196975455144e-04,1.836006281182854289e-04,1.815547943410121328e-04,1.798091620637685593e-04,1.781918787127558673e-04,1.768036041439025562e-04,1.755509332063251340e-04,1.744962729781477403e-04,1.735693543610743292e-04,1.727938859989447537e-04,1.721206037736518961e-04,1.715544896819478000e-04,1.710677693224194431e-04,1.706579432723648966e-04,1.703120796753715437e-04,1.700224022487115865e-04,1.697814451516609004e-04,1.695758005165441543e-04,1.693984366517136677e-04,1.692349917471441920e-04,1.690829556344137022e-04,1.689368941365877784e-04,1.688044191258630225e-04,1.686911558493460711e-04,1.686077089443852733e-04,1.685578971788953366e-04,1.685398098283380356e-04,1.685443373964799676e-04,1.685550341986938457e-04,1.685578207254403603e-04,1.685369652782295541e-04,1.684891057134541232e-04,1.684104887430667920e-04,1.683109831618848236e-04,1.681941727712162884e-04,1.680732900157217260e-04,1.679494139783038406e-04,1.678313215117396623e-04,1.677143585508657697e-04,1.676029073242440428e-04,1.674896781175493586e-04,1.673783628274075591e-04,1.672628982263319624e-04,1.671487463729182425e-04,1.670324185895188235e-04,1.669208230967558814e-04,1.668118091456521727e-04,1.667116364714670528e-04,1.666174235804530012e-04,1.665330355007080178e-04,1.664540737842312094e-04,1.663822731066774306e-04,1.663130429925129157e-04,1.662479689022974870e-04,1.661842978394494129e-04,1.661249368360183181e-04,1.660692863143036174e-04,1.660206568786717495e-04,1.659785376302340626e-04,1.659441748391931269e-04,1.659148922184892189e-04,1.658887513156397694e-04,1.658611804325010831e-04,1.658289122438993154e-04,1.657882528090115102e-04,1.657376940094123054e-04,1.656767289997119054e-04,1.656066368845995288e-04,1.655293707925777741e-04,1.654469384213008189e-04,1.653608571246798008e-04,1.652712003865048989e-04,1.651772644510106987e-04,1.650768920219465184e-04,1.649681410854723354e-04,1.648484968872420634e-04,1.647166292635384658e-04,1.645709136042378942e-04,1.644108276172959909e-04,1.642350519277576825e-04,1.640429548999578651e-04,1.638329918394545201e-04,1.636045590813953025e-04,1.633566822817849153e-04,1.630897196943271337e-04,1.628039060688662770e-04,1.625006565750811616e-04,1.621812717524650518e-04,1.618483025584947234e-04,1.615047956781107239e-04,1.611554880429575667e-04,1.608058783991117514e-04,1.604623216910001416e-04,1.601305063255071832e-04,1.598148597501118542e-04,1.595177109082751706e-04,1.592395082079070838e-04,1.589796919182671312e-04,1.587376545557272415e-04,1.585141952132585158e-04,1.583114903085519067e-04,1.581336064358551446e-04,1.579847511072487553e-04,1.578691748995945520e-04,1.577888269085141160e-04,1.577440968114660156e-04,1.577320775946281515e-04,1.577487879549865587e-04,1.577879958046524676e-04,1.578443690078357099e-04,1.579120233220163171e-04,1.579877846761479820e-04,1.580688081390339958e-04,1.581555882211223567e-04,1.582485298051636822e-04,1.583508318318073741e-04,1.584642739704834045e-04,1.585923668457934772e-04,1.587357663310962812e-04,1.588961036867705186e-04,1.590713225080805395e-04,1.592603718259571663e-04,1.594584793449478394e-04,1.596626427118002340e-04,1.598666992660856723e-04,1.600674912873991198e-04,1.602595698023347355e-04,1.604418462740147503e-04,1.606116363711512882e-04,1.607714565178934574e-04,1.609220599888068655e-04,1.610692003605903547e-04,1.612157401122052262e-04,1.613687583034509874e-04,1.615311480179611376e-04,1.617089751374249000e-04,1.619011016097605840e-04,1.621033426438937028e-04,1.622916193544200541e-04,1.624223861050154026e-04,1.624248285137525473e-04,1.622484470285620985e-04,1.619675397710778806e-04,1.620161376793087516e-04,1.634799381357175587e-04,1.682846350799858774e-04,1.787733225092731572e-04,1.960710738296743351e-04,2.169055592089447323e-04,2.301442626643491443e-04,2.169157427415915440e-04,1.609699946219518942e-04,7.200824395880315654e-05,9.656696476872980679e-06
0.000000000000000000e+00,0.000000000000000000e+00,0.000000000000000000e+00,0.000000000000000000e+00,0.000000000000000000e+00,0.000000000000000000e+00,0.000000000000000000e+00,0.000000000000000000e+00,0.000000000000000000e+00,0.000000000000000000e+00,0.000000000000000000e+00,0.000000000000000000e+00,0.000000000000000000e+00,0.000000000000000000e+00,0.000000000000000000e+00,0.000000000000000000e+00,0.000000000000000000e+00,0.000000000000000000e+00,0.000000000000000000e+00,0.000000000000000000e+00,0.000000000000000000e+00,0.000000000000000000e+00,0.000000000000000000e+00,0.000000000000000000e+00,0.000000000000000000e+00,0.000000000000000000e+00,0.000000000000000000e+00,0.000000000000000000e+00,0.000000000000000000e+00,0.000000000000000000e+00,0.000000000000000000e+00,0.000000000000000000e+00,0.000000000000000000e+00,0.000000000000000000e+00,0.000000000000000000e+00,0.000000000000000000e+00,0.000000000000000000e+00,0.000000000000000000e+00,0.000000000000000000e+00,0.000000000000000000e+00,0.000000000000000000e+00,0.000000000000000000e+00,0.000000000000000000e+00,0.000000000000000000e+00,0.000000000000000000e+00,0.000000000000000000e+00,0.000000000000000000e+00,0.000000000000000000e+00,0.000000000000000000e+00,0.000000000000000000e+00,0.000000000000000000e+00,0.000000000000000000e+00,0.000000000000000000e+00,0.000000000000000000e+00,0.000000000000000000e+00,0.000000000000000000e+00,0.000000000000000000e+00,0.000000000000000000e+00,0.000000000000000000e+00,0.000000000000000000e+00,0.000000000000000000e+00,0.000000000000000000e+00,0.000000000000000000e+00,0.000000000000000000e+00,0.000000000000000000e+00,0.000000000000000000e+00,0.000000000000000000e+00,0.000000000000000000e+00,0.000000000000000000e+00,0.000000000000000000e+00,0.000000000000000000e+00,0.000000000000000000e+00,0.000000000000000000e+00,0.000000000000000000e+00,0.000000000000000000e+00,0.000000000000000000e+00,0.000000000000000000e+00,0.000000000000000000e+00,0.000000000000000000e+00,0.000000000000000000e+00,0.000000000000000000e+00,0.000000000000000000e+00,0.000000000000000000e+00,0.000000000000000000e+00,0.000000000000000000e+00,0.000000000000000000e+00,0.000000000000000000e+00,0.000000000000000000e+00,0.000000000000000000e+00,0.000000000000000000e+00,0.000000000000000000e+00,0.000000000000000000e+00,0.000000000000000000e+00,0.000000000000000000e+00,0.000000000000000000e+00,0.000000000000000000e+00,0.000000000000000000e+00,0.000000000000000000e+00,0.000000000000000000e+00,0.000000000000000000e+00,0.000000000000000000e+00,0.000000000000000000e+00,0.000000000000000000e+00,0.000000000000000000e+00,0.000000000000000000e+00,0.000000000000000000e+00,0.000000000000000000e+00,0.000000000000000000e+00,0.000000000000000000e+00,0.000000000000000000e+00,0.000000000000000000e+00,0.000000000000000000e+00,0.000000000000000000e+00,0.000000000000000000e+00,0.000000000000000000e+00,0.000000000000000000e+00,0.000000000000000000e+00,0.000000000000000000e+00,0.000000000000000000e+00,0.000000000000000000e+00,0.000000000000000000e+00,0.000000000000000000e+00,0.000000000000000000e+00,0.000000000000000000e+00,0.000000000000000000e+00,0.000000000000000000e+00,0.000000000000000000e+00,0.000000000000000000e+00,0.000000000000000000e+00,0.000000000000000000e+00,0.000000000000000000e+00,0.000000000000000000e+00,0.000000000000000000e+00,0.000000000000000000e+00,0.000000000000000000e+00,0.000000000000000000e+00,0.000000000000000000e+00,0.000000000000000000e+00,0.000000000000000000e+00,0.000000000000000000e+00,0.000000000000000000e+00,0.000000000000000000e+00,0.000000000000000000e+00,0.000000000000000000e+00,0.000000000000000000e+00,0.000000000000000000e+00,0.000000000000000000e+00,0.000000000000000000e+00,0.000000000000000000e+00,0.000000000000000000e+00,0.000000000000000000e+00,0.000000000000000000e+00,0.000000000000000000e+00,0.000000000000000000e+00,0.000000000000000000e+00,0.000000000000000000e+00,0.000000000000000000e+00,0.000000000000000000e+00,0.000000000000000000e+00,0.000000000000000000e+00,0.000000000000000000e+00,0.000000000000000000e+00,0.000000000000000000e+00,0.000000000000000000e+00,0.000000000000000000e+00,0.000000000000000000e+00,0.000000000000000000e+00,0.000000000000000000e+00,1.366410788544947632e-03,1.483393187820080620e-03,7.107575434316769488e-04,3.223207580352539423e-04,1.507128897440839139e-04,9.290661668102778421e-05,1.070546050145031593e-04,1.526431562621321895e-04,1.932810006420002688e-04,2.180040491245146725e-04,2.247217165546898702e-04,2.201797794269436755e-04,2.098980363136404917e-04,1.990791634002966935e-04,1.896542433928771526e-04,1.827203821795521778e-04,1.777157758027715271e-04,1.743364056227383657e-04,1.717829956590908897e-04,1.698569810967798482e-04,1.681578613104603144e-04,1.667289279490028961e-04,1.654160090674873377e-04,1.643138596913246087e-04,1.633390460078645943e-04,1.625487645799732705e-04,1.618780928203581001e-04,1.613485350909141377e-04,1.609133082457154065e-04,1.605772417017431648e-04,1.603126745206348688e-04,1.601179560980035691e-04,1.599792253861767165e-04,1.598910583689049558e-04,1.598457306278773570e-04,1.598333133537202359e-04,1.598457625973669397e-04,1.598695368116578798e-04,1.598968589891093907e-04,1.599187105798082333e-04,1.599357850815568858e-04,1.599523135315836328e-04,1.599788732212947980e-04,1.600264071214132036e-04,1.601005144332381025e-04,1.602016428587109593e-04,1.603178485823308040e-04,1.604366924480270251e-04,1.605381193281777644e-04,1.606133978130320160e-04,1.606519886073910905e-04,1.606599790632424606e-04,1.606387436098554431e-04,1.606027174627598620e-04,1.605547828807505240e-04,1.605068509752065179e-04,1.604562553309239487e-04,1.604093651086100410e-04,1.603592764887845049e-04,1.603100755790553178e-04,1.602549202215550444e-04,1.601990107984177991e-04,1.601379449182220929e-04,1.600786442609331711e-04,1.600185631440298603e-04,1.599645742145282365e-04,1.599138748723866654e-04,1.598711843725209004e-04,1.598320865276921265e-04,1.597987918558235374e-04,1.597661100547340856e-04,1.597355253415056364e-04,1.597032869812833541e-04,1.596721626707400495e-04,1.596409345866300195e-04,1.596135215634184490e-04,1.595897375091005494e-04,1.595723055065138276e-04,1.595594164937981984e-04,1.595505935267975363e-04,1.595415312753610212e-04,1.595293052409493210e-04,1.595091756602221608e-04,1.594787760601740841e-04,1.594358731928854369e-04,1.593808675593267959e-04,1.593147032688598138e-04,1.592396641621487649e-04,1.591575707617597622e-04,1.590697657589250108e-04,1.589763483006633663e-04,1.588762857249690090e-04,1.587679160040371949e-04,1.586491528612453546e-04,1.585184758082897570e-04,1.583744903513753337e-04,1.582165896722770759e-04,1.580437499724023412e-04,1.578551141064959387e-04,1.576488669376249383e-04,1.574234240365585927e-04,1.571768494972883778e-04,1.569083780721141253e-04,1.566177930716498368e-04,1.563065094361127511e-04,1.559766020355637614e-04,1.556315382203938863e-04,1.552753531031215778e-04,1.549133331458701153e-04,1.545512855887582946e-04,1.541956270322114282e-04,1.538522393707774619e-04,1.535258742691766171e-04,1.532193091150274231e-04,1.529332677287230965e-04,1.526670602533473085e-04,1.524194359289792670e-04,1.521901153127953280e-04,1.519801028182250898e-04,1.517924655112046835e-04,1.516309405142920541e-04,1.514998066639083396e-04,1.514015877103630243e-04,1.513374385289127048e-04,1.513053468322424124e-04,1.513019842917548527e-04,1.513216119810680319e-04,1.513589781745048387e-04,1.514080901950982819e-04,1.514652828630867005e-04,1.515271301617755512e-04,1.515932861456963814e-04,1.516634019578045126e-04,1.517398614760092268e-04,1.518239368754707979e-04,1.519187604704376709e-04,1.520250527799855370e-04,1.521446752124148961e-04,1.522761760229680557e-04,1.524191041375810645e-04,1.525694217535424047e-04,1.527245900544675497e-04,1.528787991479236804e-04,1.530288007472284113e-04,1.531688774207856261e-04,1.532972989798424225e-04,1.534107585728654484e-04,1.535110844784378639e-04,1.535987098362621864e-04,1.536793363946786231e-04,1.537563777932074265e-04,1.538378371203821121e-04,1.539280591700753682e-04,1.540346540644383212e-04,1.541579476740076893e-04,1.542942188640331492e-04,1.544180319408540664e-04,1.544813461582231933e-04,1.544056324276554479e-04,1.541314653877616449e-04,1.537297812676771984e-04,1.536477885788947034e-04,1.550123196767305884e-04,1.598182500689555537e-04,1.704821243338360990e-04,1.881591829232693040e-04,2.095326803826034871e-04,2.234153592267178179e-04,2.110330989282928143e-04,1.564225759687328866e-04,6.950710901079623649e-05,9.146783253253730790e-06
0.000000000000000000e+00,0.000000000000000000e+00,0.000000000000000000e+00,0.000000000000000000e+00,0.000000000000000000e+00,0.000000000000000000e+00,0.000000000000000000e+00,0.000000000000000000e+00,0.000000000000000000e+00,0.000000000000000000e+00,0.000000000000000000e+00,0.000000000000000000e+00,0.000000000000000000e+00,0.000000000000000000e+00,0.000000000000000000e+00,0.000000000000000000e+00,0.000000000000000000e+00,0.000000000000000000e+00,0.000000000000000000e+00,0.000000000000000000e+00,0.000000000000000000e+00,0.000000000000000000e+00,0.000000000000000000e+00,0.000000000000000000e+00,0.000000000000000000e+00,0.000000000000000000e+00,0.000000000000000000e+00,0.000000000000000000e+00,0.000000000000000000e+00,0.000000000000000000e+00,0.000000000000000000e+00,0.000000000000000000e+00,0.000000000000000000e+00,0.000000000000000000e+00,0.000000000000000000e+00,0.000000000000000000e+00,0.000000000000000000e+00,0.000000000000000000e+00,0.000000000000000000e+00,0.000000000000000000e+00,0.000000000000000000e+00,0.000000000000000000e+00,0.000000000000000000e+00,0.000000000000000000e+00,0.000000000000000000e+00,0.000000000000000000e+00,0.000000000000000000e+00,0.000000000000000000e+00,0.000000000000000000e+00,0.000000000000000000e+00,0.000000000000000000e+00,0.000000000000000000e+00,0.000000000000000000e+00,0.000000000000000000e+00,0.000000000000000000e+00,0.000000000000000000e+00,0.000000000000000000e+00,0.000000000000000000e+00,0.000000000000000000e+00,0.000000000000000000e+00,0.000000000000000000e+00,0.000000000000000000e+00,0.000000000000000000e+00,0.000000000000000000e+00,0.000000000000000000e+00,0.000000000000000000e+00,0.000000000000000000e+00,0.000000000000000000e+00,0.000000000000000000e+00,0.000000000000000000e+00,0.000000000000000000e+00,0.000000000000000000e+00,0.000000000000000000e+00,0.000000000000000000e+00,0.000000000000000000e+00,0.000000000000000000e+00,0.000000000000000000e+00,0.000000000000000000e+00,0.000000000000000000e+00,0.000000000000000000e+00,0.000000000000000000e+00,0.000000000000000000e+00,0.000000000000000000e+00,0.000000000000000000e+00,0.000000000000000000e+00,0.000000000000000000e+00,0.000000000000000000e+00,0.000000000000000000e+00,0.000000000000000000e+00,0.000000000000000000e+00,0.000000000000000000e+00,0.000000000000000000e+00,0.000000000000000000e+00,0.000000000000000000e+00,0.000000000000000000e+00,0.000000000000000000e+00,0.000000000000000000e+00,0.000000000000000000e+00,0.000000000000000000e+00,0.000000000000000000e+00,0.000000000000000000e+00,0.000000000000000000e+00,0.000000000000000000e+00,0.000000000000000000e+00,0.000000000000000000e+00,0.000000000000000000e+00,0.000000000000000000e+00,0.000000000000000000e+00,0.000000000000000000e+00,0.000000000000000000e+00,0.000000000000000000e+00,0.000000000000000000e+00,0.000000000000000000e+00,0.000000000000000000e+00,0.000000000000000000e+00,0.000000000000000000e+00,0.000000000000000000e+00,0.000000000000000000e+00,0.000000000000000000e+00,0.000000000000000000e+00,0.000000000000000000e+00,0.000000000000000000e+00,0.000000000000000000e+00,0.000000000000000000e+00,0.000000000000000000e+00,0.000000000000000000e+00,0.000000000000000000e+00,0.000000000000000000e+00,0.000000000000000000e+00,0.000000000000000000e+00,0.000000000000000000e+00,0.000000000000000000e+00,0.000000000000000000e+00,0.000000000000000000e+00,0.000000000000000000e+00,0.000000000000000000e+00,0.000000000000000000e+00,0.000000000000000000e+00,0.000000000000000000e+00,0.000000000000000000e+00,0.000000000000000000e+00,0.000000000000000000e+00,0.000000000000000000e+00,0.000000000000000000e+00,0.000000000000000000e+00,0.000000000000000000e+00,0.000000000000000000e+00,0.000000000000000000e+00,0.000000000000000000e+00,0.000000000000000000e+00,0.000000000000000000e+00,0.000000000000000000e+00,0.000000000000000000e+00,0.000000000000000000e+00,0.000000000000000000e+00,0.000000000000000000e+00,0.000000000000000000e+00,0.000000000000000000e+00,0.000000000000000000e+00,0.000000000000000000e+00,0.000000000000000000e+00,0.000000000000000000e+00,0.000000000000000000e+00,0.000000000000000000e+00,0.000000000000000000e+00,0.000000000000000000e+00,0.000000000000000000e+00,0.000000000000000000e+00,2.347867428858455702e-03,1.395257549559773781e-03,7.139134849469115597e-04,4.178871975678386951e-04,2.157360755063201998e-04,1.324367062063092418e-04,1.225870184015776898e-04,1.494649618476487601e-04,1.800699918066185363e-04,1.990715938524649433e-04,2.040650406364683033e-04,1.992660428648727563e-04,1.898887768742727117e-04,1.801034993294940733e-04,1.718286033211324283e-04,1.658169048528469736e-04,1.616269718393250525e-04,1.588629454531307814e-04,1.568493042640520252e-04,1.553580942488893993e-04,1.540681062219324436e-04,1.529990858628255200e-04,1.520376819465949999e-04,1.512578668034849922e-04,1.505967272299058176e-04,1.500979560581515882e-04,1.497079507367219157e-04,1.494419426736503154e-04,1.492594466201766889e-04,1.491635982715352126e-04,1.491293408580831475e-04,1.491553362707627179e-04,1.492276873185427509e-04,1.493425024651537749e-04,1.494915649489475095e-04,1.496683516196128114e-04,1.498649791674123131e-04,1.500711920041122014e-04,1.502767472106554059e-04,1.504712075229335466e-04,1.506480504076600864e-04,1.508073821337395089e-04,1.509549395708001689e-04,1.511042627256969060e-04,1.512658762462701595e-04,1.514505988975500101e-04,1.516545785407753539e-04,1.518719536011860899e-04,1.520825319254662646e-04,1.522743154109291585e-04,1.524297047357225379e-04,1.525490081287474370e-04,1.526288779907173504e-04,1.526828023865954120e-04,1.527143048815914105e-04,1.527381283461276443e-04,1.527540030988500694e-04,1.527709067349813043e-04,1.527830092720481128e-04,1.527952691707836473e-04,1.528003870517034054e-04,1.528033899599891526e-04,1.527989177865078944e-04,1.527937402890699255e-04,1.527846998244622619e-04,1.527790865096165501e-04,1.527740162172664599e-04,1.527750462145691047e-04,1.527777887280240728e-04,1.527851434131291726e-04,1.527915012069120141e-04,1.527984946802750377e-04,1.528014209205211650e-04,1.528029129207914309e-04,1.528008451371599085e-04,1.527994566913693853e-04,1.527984122522342450e-04,1.528016569056532352e-04,1.528080223496829679e-04,1.528186819455710165e-04,1.528298776776658657e-04,1.528396552345104124e-04,1.528427171703363396e-04,1.528363637959106851e-04,1.528167086908114203e-04,1.527831907231579740e-04,1.527352008336316604e-04,1.526747917345321786e-04,1.526034501427582079e-04,1.525235372986576902e-04,1.524358200905254364e-04,1.523406853172566873e-04,1.522370089521782723e-04,1.521235345921731757e-04,1.519986443168664118e-04,1.518612566707921389e-04,1.517105007641506010e-04,1.515456412790174099e-04,1.513655538410754709e-04,1.511683961430951881e-04,1.509517629626305182e-04,1.507129938682849829e-04,1.504501376063397051e-04,1.501624246942936925e-04,1.498509519909528218e-04,1.495184142507523673e-04,1.491690392905484295e-04,1.488079202210055836e-04,1.484408595803266310e-04,1.480739533121649433e-04,1.477134186340712022e-04,1.473651106920733148e-04,1.470338698234813896e-04,1.467230037211762512e-04,1.464337617348772272e-04,1.461658358262711988e-04,1.459177478146606380e-04,1.456884405238383193e-04,1.454776573499327365e-04,1.452871556856045923e-04,1.451196372492576797e-04,1.449789047660749201e-04,1.448676237465517172e-04,1.447875753453889338e-04,1.447376743922960561e-04,1.447155221310509731e-04,1.447161919583688525e-04,1.447349139310044304e-04,1.447659033789562089e-04,1.448053130320052311e-04,1.448493205255419890e-04,1.448968949724900146e-04,1.449469614877666194e-04,1.450010819109805648e-04,1.450598959058980878e-04,1.451260149439027836e-04,1.452000027878917764e-04,1.452837575599149299e-04,1.453762153016574282e-04,1.454773837947584555e-04,1.455838401280151349e-04,1.456934954151004524e-04,1.458009190762028047e-04,1.459028991479914680e-04,1.459935854394627734e-04,1.460707792750101782e-04,1.461306495760568826e-04,1.461743855374207548e-04,1.462020101747767728e-04,1.462190188001713845e-04,1.462291252109905275e-04,1.462410432797385149e-04,1.462603903749288062e-04,1.462963092769303699e-04,1.463506807852519090e-04,1.464204851472913427e-04,1.464791230836427023e-04,1.464741794879912361e-04,1.463192847105581414e-04,1.459459127847319401e-04,1.454216178455652257e-04,1.452075352076817019e-04,1.464734366058184124e-04,1.512863460402185485e-04,1.621394913465886605e-04,1.802201264411808549e-04,2.021639174167619659e-04,2.167171152826315639e-04,2.051915100990330486e-04,1.519124116556702230e-04,6.702877438983935834e-05,8.641574938168572177e-06
0.000000000000000000e+00,0.000000000000000000e+00,0.000000000000000000e+00,0.000000000000000000e+00,0.000000000000000000e+00,0.000000000000000000e+00,0.000000000000000000e+00,0.000000000000000000e+00,0.000000000000000000e+00,0.000000000000000000e+00,0.000000000000000000e+00,0.000000000000000000e+00,0.000000000000000000e+00,0.000000000000000000e+00,0.000000000000000000e+00,0.000000000000000000e+00,0.000000000000000000e+00,0.000000000000000000e+00,0.000000000000000000e+00,0.000000000000000000e+00,0.000000000000000000e+00,0.000000000000000000e+00,0.000000000000000000e+00,0.000000000000000000e+00,0.000000000000000000e+00,0.000000000000000000e+00,0.000000000000000000e+00,0.000000000000000000e+00,0.000000000000000000e+00,0.000000000000000000e+00,0.000000000000000000e+00,0.000000000000000000e+00,0.000000000000000000e+00,0.000000000000000000e+00,0.000000000000000000e+00,0.000000000000000000e+00,0.000000000000000000e+00,0.000000000000000000e+00,0.000000000000000000e+00,0.000000000000000000e+00,0.000000000000000000e+00,0.000000000000000000e+00,0.000000000000000000e+00,0.000000000000000000e+00,0.000000000000000000e+00,0.000000000000000000e+00,0.000000000000000000e+00,0.000000000000000000e+00,0.000000000000000000e+00,0.000000000000000000e+00,0.000000000000000000e+00,0.000000000000000000e+00,0.000000000000000000e+00,0.000000000000000000e+00,0.000000000000000000e+00,0.000000000000000000e+00,0.000000000000000000e+00,0.000000000000000000e+00,0.000000000000000000e+00,0.000000000000000000e+00,0.000000000000000000e+00,0.000000000000000000e+00,0.000000000000000000e+00,0.000000000000000000e+00,0.000000000000000000e+00,0.000000000000000000e+00,0.000000000000000000e+00,0.000000000000000000e+00,0.000000000000000000e+00,0.000000000000000000e+00,0.000000000000000000e+00,0.000000000000000000e+00,0.000000000000000000e+00,0.000000000000000000e+00,0.000000000000000000e+00,0.000000000000000000e+00,0.000000000000000000e+00,0.000000000000000000e+00,0.000000000000000000e+00,0.000000000000000000e+00,0.000000000000000000e+00,0.000000000000000000e+00,0.000000000000000000e+00,0.000000000000000000e+00,0.000000000000000000e+00,0.000000000000000000e+00,0.000000000000000000e+00,0.000000000000000000e+00,0.000000000000000000e+00,0.000000000000000000e+00,0.000000000000000000e+00,0.000000000000000000e+00,0.000000000000000000e+00,0.000000000000000000e+00,0.000000000000000000e+00,0.000000000000000000e+00,0.000000000000000000e+00,0.000000000000000000e+00,0.000000000000000000e+00,0.000000000000000000e+00,0.000000000000000000e+00,0.000000000000000000e+00,0.000000000000000000e+00,0.000000000000000000e+00,0.000000000000000000e+00,0.000000000000000000e+00,0.000000000000000000e+00,0.000000000000000000e+00,0.000000000000000000e+00,0.000000000000000000e+00,0.000000000000000000e+00,0.000000000000000000e+00,0.000000000000000000e+00,0.000000000000000000e+00,0.000000000000000000e+00,0.000000000000000000e+00,0.000000000000000000e+00,0.000000000000000000e+00,0.000000000000000000e+00,0.000000000000000000e+00,0.000000000000000000e+00,0.000000000000000000e+00,0.000000000000000000e+00,0.000000000000000000e+00,0.000000000000000000e+00,0.000000000000000000e+00,0.000000000000000000e+00,0.000000000000000000e+00,0.000000000000000000e+00,0.000000000000000000e+00,0.000000000000000000e+00,0.000000000000000000e+00,0.000000000000000000e+00,0.000000000000000000e+00,0.000000000000000000e+00,0.000000000000000000e+00,0.000000000000000000e+00,0.000000000000000000e+00,0.000000000000000000e+00,0.000000000000000000e+00,0.000000000000000000e+00,0.000000000000000000e+00,0.000000000000000000e+00,0.000000000000000000e+00,0.000000000000000000e+00,0.000000000000000000e+00,0.000000000000000000e+00,0.000000000000000000e+00,0.000000000000000000e+00,0.000000000000000000e+00,0.000000000000000000e+00,0.000000000000000000e+00,0.000000000000000000e+00,0.000000000000000000e+00,0.000000000000000000e+00,0.000000000000000000e+00,0.000000000000000000e+00,0.000000000000000000e+00,0.000000000000000000e+00,0.000000000000000000e+00,0.000000000000000000e+00,0.000000000000000000e+00,0.000000000000000000e+00,0.000000000000000000e+00,0.000000000000000000e+00,0.000000000000000000e+00,0.000000000000000000e+00,0.000000000000000000e+00,1.965391358256726295e-03,1.080334591233480645e-03,7.603729933459392942e-04,4.333553170590704728e-04,2.614199582992285300e-04,1.648595242875152593e-04,1.408188191049466499e-04,1.491442309042564701e-04,1.678474278454098107e-04,1.797419741658889600e-04,1.823393915426074221e-04,1.774008908445110898e-04,1.692543429950749720e-04,1.608898131177470677e-04,1.540469883508482885e-04,1.491234038044682991e-04,1.458335872545305108e-04,1.437031430877295070e-04,1.422342478768350048e-04,1.411618920438104541e-04,1.402754978050039050e-04,1.395534344945026026e-04,1.389397505041967454e-04,1.384724937206330872e-04,1.381195831617260724e-04,1.379016400121368545e-04,1.377831851811749109e-04,1.377675188314524211e-04,1.378246653835301077e-04,1.379528601315416442e-04,1.381324450022345903e-04,1.383609483837819039e-04,1.386263069032935610e-04,1.389251393266561444e-04,1.392491503292656724e-04,1.395939128294639302e-04,1.399519217379463878e-04,1.403166861051077623e-04,1.406780480479773643e-04,1.410268909594758621e-04,1.413519647942191888e-04,1.416491137672824991e-04,1.419165433212338841e-04,1.421653246190848188e-04,1.424061031107653195e-04,1.426572223211811314e-04,1.429237842842389662e-04,1.432101615404097713e-04,1.435011907503209820e-04,1.437857080729291537e-04,1.440411251547506026e-04,1.442613774287641523e-04,1.444363588975845682e-04,1.445759427462924127e-04,1.446823405282994957e-04,1.447719860956616690e-04,1.448469370675054750e-04,1.449191616841848389e-04,1.449846298608823021e-04,1.450497482105447225e-04,1.451072477189811836e-04,1.451621824707314537e-04,1.452083006017621739e-04,1.452520976160493426e-04,1.452896166038855424e-04,1.453283368561526063e-04,1.453650884317076505e-04,1.454061605187699849e-04,1.454471650766731071e-04,1.454918213754362603e-04,1.455342576913722075e-04,1.455765071227647510e-04,1.456130399737674906e-04,1.456464552586470593e-04,1.456735636178225514e-04,1.456987172869215769e-04,1.457209999609721332e-04,1.457452476423004865e-04,1.457705659785994722e-04,1.457997355010345929e-04,1.458296181150806200e-04,1.458596825950505247e-04,1.458845403635314960e-04,1.459017784961924081e-04,1.459061784102018227e-04,1.458964031527437602e-04,1.458700043380339038e-04,1.458283996915031480e-04,1.457720771373325046e-04,1.457039676253136260e-04,1.456251368671753377e-04,1.455374519189552734e-04,1.454404846939079377e-04,1.453342090251948050e-04,1.452171209785866886e-04,1.450886418393088377e-04,1.449475340257694127e-04,1.447933056976878879e-04,1.446244504093610562e-04,1.444392510376941085e-04,1.442346501023951497e-04,1.440075823260175171e-04,1.437550130207005338e-04,1.434756417222126453e-04,1.431699841978490166e-04,1.428411264519942445e-04,1.424937847313129634e-04,1.421340609660064181e-04,1.417682180248845659e-04,1.414026606468214004e-04,1.410432283128984379e-04,1.406955450888635933e-04,1.403642422488521899e-04,1.400530839369325546e-04,1.397639457837665674e-04,1.394973235118369037e-04,1.392519753683750549e-04,1.390265192206938311e-04,1.388195729782674666e-04,1.386314684329251884e-04,1.384634318368418852e-04,1.383182920061618579e-04,1.381983468351674865e-04,1.381057218085725952e-04,1.380401453992917275e-04,1.380002890191980804e-04,1.379822667008980279e-04,1.379821287385378503e-04,1.379945920541813772e-04,1.380159286944110451e-04,1.380421260240232795e-04,1.380716562570407616e-04,1.381028077917035093e-04,1.381363853825912568e-04,1.381723652787299162e-04,1.382127842880178281e-04,1.382579177192060495e-04,1.383095673152120943e-04,1.383668830706791448e-04,1.384301915635828008e-04,1.384965483887439441e-04,1.385642472890915309e-04,1.386282093341188477e-04,1.386853127015273148e-04,1.387296635631399342e-04,1.387587204757839883e-04,1.387682243735711789e-04,1.387587679955834443e-04,1.387299070564579448e-04,1.386867740215983412e-04,1.386331510945172543e-04,1.385782047961020742e-04,1.385286256510029964e-04,1.384949899501033022e-04,1.384807960599576877e-04,1.384838800554379838e-04,1.384766897630896969e-04,1.384025176470778790e-04,1.381671078540019004e-04,1.376926301996313803e-04,1.370432640821663678e-04,1.366945762738566803e-04,1.378607762261639777e-04,1.426834548860725512e-04,1.537356973264311947e-04,1.722394551362093490e-04,1.947820944764242217e-04,2.100338258135456520e-04,1.993798324396633872e-04,1.474326765755134357e-04,6.457064098041251918e-05,8.142883805092835671e-06
0.000000000000000000e+00,0.000000000000000000e+00,0.000000000000000000e+00,0.000000000000000000e+00,0.000000000000000000e+00,0.000000000000000000e+00,0.000000000000000000e+00,0.000000000000000000e+00,0.000000000000000000e+00,0.000000000000000000e+00,0.000000000000000000e+00,0.000000000000000000e+00,0.000000000000000000e+00,0.000000000000000000e+00,0.000000000000000000e+00,0.000000000000000000e+00,0.000000000000000000e+00,0.000000000000000000e+00,0.000000000000000000e+00,0.000000000000000000e+00,0.000000000000000000e+00,0.000000000000000000e+00,0.000000000000000000e+00,0.000000000000000000e+00,0.000000000000000000e+00,0.000000000000000000e+00,0.000000000000000000e+00,0.000000000000000000e+00,0.000000000000000000e+00,0.000000000000000000e+00,0.000000000000000000e+00,0.000000000000000000e+00,0.000000000000000000e+00,0.000000000000000000e+00,0.000000000000000000e+00,0.000000000000000000e+00,0.000000000000000000e+00,0.000000000000000000e+00,0.000000000000000000e+00,0.000000000000000000e+00,0.000000000000000000e+00,0.000000000000000000e+00,0.000000000000000000e+00,0.000000000000000000e+00,0.000000000000000000e+00,0.000000000000000000e+00,0.000000000000000000e+00,0.000000000000000000e+00,0.000000000000000000e+00,0.000000000000000000e+00,0.000000000000000000e+00,0.000000000000000000e+00,0.000000000000000000e+00,0.000000000000000000e+00,0.000000000000000000e+00,0.000000000000000000e+00,0.000000000000000000e+00,0.000000000000000000e+00,0.000000000000000000e+00,0.000000000000000000e+00,0.000000000000000000e+00,0.000000000000000000e+00,0.000000000000000000e+00,0.000000000000000000e+00,0.000000000000000000e+00,0.000000000000000000e+00,0.000000000000000000e+00,0.000000000000000000e+00,0.000000000000000000e+00,0.000000000000000000e+00,0.000000000000000000e+00,0.000000000000000000e+00,0.000000000000000000e+00,0.000000000000000000e+00,0.000000000000000000e+00,0.000000000000000000e+00,0.000000000000000000e+00,0.000000000000000000e+00,0.000000000000000000e+00,0.000000000000000000e+00,0.000000000000000000e+00,0.000000000000000000e+00,0.000000000000000000e+00,0.000000000000000000e+00,0.000000000000000000e+00,0.000000000000000000e+00,0.000000000000000000e+00,0.000000000000000000e+00,0.000000000000000000e+00,0.000000000000000000e+00,0.000000000000000000e+00,0.000000000000000000e+00,0.000000000000000000e+00,0.000000000000000000e+00,0.000000000000000000e+00,0.000000000000000000e+00,0.000000000000000000e+00,0.000000000000000000e+00,0.000000000000000000e+00,0.000000000000000000e+00,0.000000000000000000e+00,0.000000000000000000e+00,0.000000000000000000e+00,0.000000000000000000e+00,0.000000000000000000e+00,0.000000000000000000e+00,0.000000000000000000e+00,0.000000000000000000e+00,0.000000000000000000e+00,0.000000000000000000e+00,0.000000000000000000e+00,0.000000000000000000e+00,0.000000000000000000e+00,0.000000000000000000e+00,0.000000000000000000e+00,0.000000000000000000e+00,0.000000000000000000e+00,0.000000000000000000e+00,0.000000000000000000e+00,0.000000000000000000e+00,0.000000000000000000e+00,0.000000000000000000e+00,0.000000000000000000e+00,0.000000000000000000e+00,0.000000000000000000e+00,0.000000000000000000e+00,0.000000000000000000e+00,0.000000000000000000e+00,0.000000000000000000e+00,0.000000000000000000e+00,0.000000000000000000e+00,0.000000000000000000e+00,0.000000000000000000e+00,0.000000000000000000e+00,0.000000000000000000e+00,0.000000000000000000e+00,0.000000000000000000e+00,0.000000000000000000e+00,0.000000000000000000e+00,0.000000000000000000e+00,0.000000000000000000e+00,0.000000000000000000e+00,0.000000000000000000e+00,0.000000000000000000e+00,0.000000000000000000e+00,0.000000000000000000e+00,0.000000000000000000e+00,0.000000000000000000e+00,0.000000000000000000e+00,0.000000000000000000e+00,0.000000000000000000e+00,0.000000000000000000e+00,0.000000000000000000e+00,0.000000000000000000e+00,0.000000000000000000e+00,0.000000000000000000e+00,0.000000000000000000e+00,0.000000000000000000e+00,0.000000000000000000e+00,0.000000000000000000e+00,0.000000000000000000e+00,0.000000000000000000e+00,0.000000000000000000e+00,0.000000000000000000e+00,0.000000000000000000e+00,0.000000000000000000e+00,0.000000000000000000e+00,6.910914390529557629e-05,1.111949447047503334e-04,4.095017357943796839e-04,3.145398514811410394e-04,2.525999214987848288e-04,1.770897352325848681e-04,1.459070502316446604e-04,1.321784540849371258e-04,1.412226600983607484e-04,1.524443878971295163e-04,1.607129081147839751e-04,1.612798623429560611e-04,1.569989739318119787e-04,1.501340851078742625e-04,1.434569541227192037e-04,1.380008579393512014e-04,1.341839988592061618e-04,1.316794382392354797e-04,1.301117414915596690e-04,1.290762779124946891e-04,1.283477876490710567e-04,1.277813157573772646e-04,1.273442283114287557e-04,1.270142539223595391e-04,1.268058808372218903e-04,1.267071051409976250e-04,1.267208419661505607e-04,1.268256126389767191e-04,1.270147046613704061e-04,1.272671533674822066e-04,1.275762850445420738e-04,1.279274493818095251e-04,1.283165815788631483e-04,1.287340499465753360e-04,1.291766889674467850e-04,1.296367641312501677e-04,1.301108823892175063e-04,1.305917077223199270e-04,1.310754047872395901e-04,1.315530305882474491e-04,1.320183643895912501e-04,1.324589378918083907e-04,1.328683254802431695e-04,1.332377677136782179e-04,1.335725563865134823e-04,1.338786551808255080e-04,1.341764217797169578e-04,1.344774190469120859e-04,1.347968398759043533e-04,1.351287894522970568e-04,1.354678689598756355e-04,1.357908400035356413e-04,1.360867881550459997e-04,1.363382636076745425e-04,1.365490742504163045e-04,1.367176926074569409e-04,1.368602084573422226e-04,1.369802281143728295e-04,1.370926044008394435e-04,1.371957035027096766e-04,1.372979717934131390e-04,1.373928095819716266e-04,1.374856256421315697e-04,1.375694807525674589e-04,1.376505443521493059e-04,1.377239299742405963e-04,1.377970674905582493e-04,1.378662729332884892e-04,1.379383827567320095e-04,1.380089084556652512e-04,1.380824255157669738e-04,1.381529088786882949e-04,1.382230127877402215e-04,1.382865514287619972e-04,1.383462572022980811e-04,1.383978474065685371e-04,1.384456804212298915e-04,1.384879238303985370e-04,1.385299716549486134e-04,1.385707783086452581e-04,1.386145121219291038e-04,1.386585303772995331e-04,1.387039495069360248e-04,1.387456312844950160e-04,1.387820339181455279e-04,1.388070698353662642e-04,1.388190337321819920e-04,1.388136495445213873e-04,1.387915078699446464e-04,1.387515492581020812e-04,1.386967462484979476e-04,1.386279166266455437e-04,1.385482037740360859e-04,1.384578433685479913e-04,1.383583289166302798e-04,1.382485285249225799e-04,1.381286521119283429e-04,1.379971218199672542e-04,1.378536779705832752e-04,1.376962942937098758e-04,1.375234328090210896e-04,1.373315058454063103e-04,1.371173731495057288e-04,1.368771443663551444e-04,1.366091454908732749e-04,1.363131625138341168e-04,1.359924337808572441e-04,1.356518095685304919e-04,1.352982180733644383e-04,1.349382655872627683e-04,1.345786971368114382e-04,1.342248933688004395e-04,1.338821111743398518e-04,1.335544737815923570e-04,1.332459963610095014e-04,1.329590969223232069e-04,1.326953166149200483e-04,1.324540545500977587e-04,1.322341260465012612e-04,1.320333594476582034e-04,1.318507772993569665e-04,1.316858986951791575e-04,1.315401848637927894e-04,1.314150644576623941e-04,1.313126361559609906e-04,1.312332027219207883e-04,1.311765034925488609e-04,1.311398062481001353e-04,1.311202264498471601e-04,1.311132199521267735e-04,1.311154411583125522e-04,1.311228817731329268e-04,1.311337069535924746e-04,1.311456835927962391e-04,1.311589649351742239e-04,1.311728932773125898e-04,1.311889454627477160e-04,1.312070498050150308e-04,1.312288463091140409e-04,1.312535807687614906e-04,1.312818001284591133e-04,1.313109219260786794e-04,1.313395611259519208e-04,1.313629445976853289e-04,1.313780727385985931e-04,1.313790588887032572e-04,1.313631241421465772e-04,1.313256510896671598e-04,1.312666871815025647e-04,1.311852580253746110e-04,1.310860028125087826e-04,1.309725216053166704e-04,1.308541780823843062e-04,1.307384673367172111e-04,1.306372656881285782e-04,1.305556423803138450e-04,1.304924119208277801e-04,1.304191820163718091e-04,1.302750628788803611e-04,1.299578142399306774e-04,1.293801733047630215e-04,1.286028305354227025e-04,1.281161711750839589e-04,1.291798297344709816e-04,1.340119239691048823e-04,1.452681632607106339e-04,1.642086828913530817e-04,1.873739821373588636e-04,2.033516282153261662e-04,1.935873676310641018e-04,1.429769423176190167e-04,6.212984448496005696e-05,7.651070748793523845e-06
0.000000000000000000e+00,0.000000000000000000e+00,0.000000000000000000e+00,0.000000000000000000e+00,0.000000000000000000e+00,0.000000000000000000e+00,0.000000000000000000e+00,0.000000000000000000e+00,0.000000000000000000e+00,0.000000000000000000e+00,0.000000000000000000e+00,0.000000000000000000e+00,0.000000000000000000e+00,0.000000000000000000e+00,0.000000000000000000e+00,0.000000000000000000e+00,0.000000000000000000e+00,0.000000000000000000e+00,0.000000000000000000e+00,0.000000000000000000e+00,0.000000000000000000e+00,0.000000000000000000e+00,0.000000000000000000e+00,0.000000000000000000e+00,0.000000000000000000e+00,0.000000000000000000e+00,0.000000000000000000e+00,0.000000000000000000e+00,0.000000000000000000e+00,0.000000000000000000e+00,0.000000000000000000e+00,0.000000000000000000e+00,0.000000000000000000e+00,0.000000000000000000e+00,0.000000000000000000e+00,0.000000000000000000e+00,0.000000000000000000e+00,0.000000000000000000e+00,0.000000000000000000e+00,0.000000000000000000e+00,0.000000000000000000e+00,0.000000000000000000e+00,0.000000000000000000e+00,0.000000000000000000e+00,0.000000000000000000e+00,0.000000000000000000e+00,0.000000000000000000e+00,0.000000000000000000e+00,0.000000000000000000e+00,0.000000000000000000e+00,0.000000000000000000e+00,0.000000000000000000e+00,0.000000000000000000e+00,0.000000000000000000e+00,0.000000000000000000e+00,0.000000000000000000e+00,0.000000000000000000e+00,0.000000000000000000e+00,0.000000000000000000e+00,0.000000000000000000e+00,0.000000000000000000e+00,0.000000000000000000e+00,0.000000000000000000e+00,0.000000000000000000e+00,0.000000000000000000e+00,0.000000000000000000e+00,0.000000000000000000e+00,0.000000000000000000e+00,0.000000000000000000e+00,0.000000000000000000e+00,0.000000000000000000e+00,0.000000000000000000e+00,0.000000000000000000e+00,0.000000000000000000e+00,0.000000000000000000e+00,0.000000000000000000e+00,0.000000000000000000e+00,0.000000000000000000e+00,0.000000000000000000e+00,0.000000000000000000e+00,0.000000000000000000e+00,0.000000000000000000e+00,0.000000000000000000e+00,0.000000000000000000e+00,0.000000000000000000e+00,0.000000000000000000e+00,0.000000000000000000e+00,0.000000000000000000e+00,0.000000000000000000e+00,0.000000000000000000e+00,0.000000000000000000e+00,0.000000000000000000e+00,0.000000000000000000e+00,0.000000000000000000e+00,0.000000000000000000e+00,0.000000000000000000e+00,0.000000000000000000e+00,0.000000000000000000e+00,0.000000000000000000e+00,0.000000000000000000e+00,0.000000000000000000e+00,0.000000000000000000e+00,0.000000000000000000e+00,0.000000000000000000e+00,0.000000000000000000e+00,0.000000000000000000e+00,0.000000000000000000e+00,0.000000000000000000e+00,0.000000000000000000e+00,0.000000000000000000e+00,0.000000000000000000e+00,0.000000000000000000e+00,0.000000000000000000e+00,0.000000000000000000e+00,0.000000000000000000e+00,0.000000000000000000e+00,0.000000000000000000e+00,0.000000000000000000e+00,0.000000000000000000e+00,0.000000000000000000e+00,0.000000000000000000e+00,0.000000000000000000e+00,0.000000000000000000e+00,0.000000000000000000e+00,0.000000000000000000e+00,0.000000000000000000e+00,0.000000000000000000e+00,0.000000000000000000e+00,0.000000000000000000e+00,0.000000000000000000e+00,0.000000000000000000e+00,0.000000000000000000e+00,0.000000000000000000e+00,0.000000000000000000e+00,0.000000000000000000e+00,0.000000000000000000e+00,0.000000000000000000e+00,0.000000000000000000e+00,0.000000000000000000e+00,0.000000000000000000e+00,0.000000000000000000e+00,0.000000000000000000e+00,0.000000000000000000e+00,0.000000000000000000e+00,0.000000000000000000e+00,0.000000000000000000e+00,0.000000000000000000e+00,0.000000000000000000e+00,0.000000000000000000e+00,0.000000000000000000e+00,0.000000000000000000e+00,0.000000000000000000e+00,0.000000000000000000e+00,0.000000000000000000e+00,0.000000000000000000e+00,0.000000000000000000e+00,0.000000000000000000e+00,0.000000000000000000e+00,0.000000000000000000e+00,0.000000000000000000e+00,0.000000000000000000e+00,0.000000000000000000e+00,0.000000000000000000e+00,0.000000000000000000e+00,0.000000000000000000e+00,0.000000000000000000e+00,0.000000000000000000e+00,3.193359457502956415e-04,6.527176740211507741e-04,5.891883943896644108e-04,4.621573691496389034e-04,2.835128384513883209e-04,1.938685313776100259e-04,1.422322393220402156e-04,1.326057522677462190e-04,1.329897862055605580e-04,1.408749004502852240e-04,1.442155093207148357e-04,1.442059682136457113e-04,1.399523095318902901e-04,1.346931091499362608e-04,1.293083612904158950e-04,1.252065562849362130e-04,1.222040780159722336e-04,1.203495106340730800e-04,1.191278219622390628e-04,1.183887395271793680e-04,1.178472451461865791e-04,1.174835965351237339e-04,1.172108475802190067e-04,1.170629467528490222e-04,1.170124294311723003e-04,1.170769865830377472e-04,1.172339795401256956e-04,1.174806993450302844e-04,1.177965103432352637e-04,1.181720117271524857e-04,1.185927912033552119e-04,1.190504890213446793e-04,1.195369904600470973e-04,1.200461858396784939e-04,1.205735654178979665e-04,1.211134299649533209e-04,1.216621976809053381e-04,1.222133873856641592e-04,1.227638428365181243e-04,1.233060853118654295e-04,1.238362401036905629e-04,1.243434337633628596e-04,1.248212691504032483e-04,1.252572643943198976e-04,1.256504510195596629e-04,1.259996027263015782e-04,1.263211527635005381e-04,1.266282671991973599e-04,1.269438159714217991e-04,1.272727014069998340e-04,1.276192000971192522e-04,1.279649694169532022e-04,1.282978952611112653e-04,1.285947969220986738e-04,1.288521178439400834e-04,1.290623549909191662e-04,1.292385732270611668e-04,1.293843539483262078e-04,1.295166100637857145e-04,1.296363456100778323e-04,1.297545076344265916e-04,1.298658916856838721e-04,1.299767068453706095e-04,1.300796895059381164e-04,1.301807308639736475e-04,1.302739753144179099e-04,1.303665842035258652e-04,1.304541358059420754e-04,1.305437685621143684e-04,1.306307327999730878e-04,1.307203979161019464e-04,1.308066339584840372e-04,1.308928764201124203e-04,1.309724682270382021e-04,1.310484753526608079e-04,1.311156001272549456e-04,1.311781979986968618e-04,1.312333113927620213e-04,1.312866109193804487e-04,1.313364931147224400e-04,1.313881917205099068e-04,1.314392905161961553e-04,1.314925502870321493e-04,1.315432447370375722e-04,1.315911430469983673e-04,1.316297700892182744e-04,1.316575782749117101e-04,1.316687384927541047e-04,1.316630777544916910e-04,1.316376734404532645e-04,1.315950718312731374e-04,1.315352338495397828e-04,1.314621531045684344e-04,1.313764708902324572e-04,1.312812829076667406e-04,1.311760328662306440e-04,1.310620385936863926e-04,1.309375430453282385e-04,1.308025975028461493e-04,1.306545660740413874e-04,1.304920798149509370e-04,1.303110757783383091e-04,1.301086124210916852e-04,1.298802306955336905e-04,1.296241490846166452e-04,1.293394208101755402e-04,1.290292518716553555e-04,1.286982476473610124e-04,1.283538595608571390e-04,1.280028283335896524e-04,1.276522359533789229e-04,1.273070045038541913e-04,1.269719903579695161e-04,1.266505824955988630e-04,1.263467782844310424e-04,1.260632895470935387e-04,1.258027135053354346e-04,1.255653325270503641e-04,1.253506366160871957e-04,1.251561215848459704e-04,1.249798294900346808e-04,1.248195903939553755e-04,1.246752862281052989e-04,1.245470703933426293e-04,1.244366257960990627e-04,1.243445116784665792e-04,1.242714104867660143e-04,1.242157455936327890e-04,1.241758391795124154e-04,1.241480535191787852e-04,1.241296285699967287e-04,1.241167213670851138e-04,1.241073510155240027e-04,1.240988748406735942e-04,1.240909039667600206e-04,1.240822066064994282e-04,1.240737477489372751e-04,1.240651025601267042e-04,1.240577282794229688e-04,1.240509035779945783e-04,1.240453362536817004e-04,1.240387359333033998e-04,1.240300008884438765e-04,1.240146472407366014e-04,1.239898290429435567e-04,1.239497275511831063e-04,1.238914137358322393e-04,1.238099914675781831e-04,1.237050017830447089e-04,1.235749074941640366e-04,1.234237196298996163e-04,1.232546401282146183e-04,1.230769421292696847e-04,1.228986584662080739e-04,1.227327407734448534e-04,1.225857470440809528e-04,1.224574619027516396e-04,1.223187437809113761e-04,1.221045193564489011e-04,1.217045135202962040e-04,1.210218113835435428e-04,1.201135242196484912e-04,1.194849308874663366e-04,1.204417514505180565e-04,1.252798589740224762e-04,1.367400634070659970e-04,1.561244506834676756e-04,1.799302913142268579e-04,1.966587893421800246e-04,1.878041203107602350e-04,1.385380969242724350e-04,5.970265690902469314e-05,7.165766416879747270e-06
0.000000000000000000e+00,0.000000000000000000e+00,0.000000000000000000e+00,0.000000000000000000e+00,0.000000000000000000e+00,0.000000000000000000e+00,0.000000000000000000e+00,0.000000000000000000e+00,0.000000000000000000e+00,0.000000000000000000e+00,0.000000000000000000e+00,0.000000000000000000e+00,0.000000000000000000e+00,0.000000000000000000e+00,0.000000000000000000e+00,0.000000000000000000e+00,0.000000000000000000e+00,0.000000000000000000e+00,0.000000000000000000e+00,0.000000000000000000e+00,0.000000000000000000e+00,0.000000000000000000e+00,0.000000000000000000e+00,0.000000000000000000e+00,0.000000000000000000e+00,0.000000000000000000e+00,0.000000000000000000e+00,0.000000000000000000e+00,0.000000000000000000e+00,0.000000000000000000e+00,0.000000000000000000e+00,0.000000000000000000e+00,0.000000000000000000e+00,0.000000000000000000e+00,0.000000000000000000e+00,0.000000000000000000e+00,0.000000000000000000e+00,0.000000000000000000e+00,0.000000000000000000e+00,0.000000000000000000e+00,0.000000000000000000e+00,0.000000000000000000e+00,0.000000000000000000e+00,0.000000000000000000e+00,0.000000000000000000e+00,0.000000000000000000e+00,0.000000000000000000e+00,0.000000000000000000e+00,0.000000000000000000e+00,0.000000000000000000e+00,0.000000000000000000e+00,0.000000000000000000e+00,0.000000000000000000e+00,0.000000000000000000e+00,0.000000000000000000e+00,0.000000000000000000e+00,0.000000000000000000e+00,0.000000000000000000e+00,0.000000000000000000e+00,0.000000000000000000e+00,0.000000000000000000e+00,0.000000000000000000e+00,0.000000000000000000e+00,0.000000000000000000e+00,0.000000000000000000e+00,0.000000000000000000e+00,0.000000000000000000e+00,0.000000000000000000e+00,0.000000000000000000e+00,0.000000000000000000e+00,0.000000000000000000e+00,0.000000000000000000e+00,0.000000000000000000e+00,0.000000000000000000e+00,0.000000000000000000e+00,0.000000000000000000e+00,0.000000000000000000e+00,0.000000000000000000e+00,0.000000000000000000e+00,0.000000000000000000e+00,0.000000000000000000e+00,0.000000000000000000e+00,0.000000000000000000e+00,0.000000000000000000e+00,0.000000000000000000e+00,0.000000000000000000e+00,0.000000000000000000e+00,0.000000000000000000e+00,0.000000000000000000e+00,0.000000000000000000e+00,0.000000000000000000e+00,0.000000000000000000e+00,0.000000000000000000e+00,0.000000000000000000e+00,0.000000000000000000e+00,0.000000000000000000e+00,0.000000000000000000e+00,0.000000000000000000e+00,0.000000000000000000e+00,0.000000000000000000e+00,0.000000000000000000e+00,0.000000000000000000e+00,0.000000000000000000e+00,0.000000000000000000e+00,0.000000000000000000e+00,0.000000000000000000e+00,0.000000000000000000e+00,0.000000000000000000e+00,0.000000000000000000e+00,0.000000000000000000e+00,0.000000000000000000e+00,0.000000000000000000e+00,0.000000000000000000e+00,0.000000000000000000e+00,0.000000000000000000e+00,0.000000000000000000e+00,0.000000000000000000e+00,0.000000000000000000e+00,0.000000000000000000e+00,0.000000000000000000e+00,0.000000000000000000e+00,0.000000000000000000e+00,0.000000000000000000e+00,0.000000000000000000e+00,0.000000000000000000e+00,0.000000000000000000e+00,0.000000000000000000e+00,0.000000000000000000e+00,0.000000000000000000e+00,0.000000000000000000e+00,0.000000000000000000e+00,0.000000000000000000e+00,0.000000000000000000e+00,0.000000000000000000e+00,0.000000000000000000e+00,0.000000000000000000e+00,0.000000000000000000e+00,0.000000000000000000e+00,0.000000000000000000e+00,0.000000000000000000e+00,0.000000000000000000e+00,0.000000000000000000e+00,0.000000000000000000e+00,0.000000000000000000e+00,0.000000000000000000e+00,0.000000000000000000e+00,0.000000000000000000e+00,0.000000000000000000e+00,0.000000000000000000e+00,0.000000000000000000e+00,0.000000000000000000e+00,0.000000000000000000e+00,0.000000000000000000e+00,0.000000000000000000e+00,0.000000000000000000e+00,0.000000000000000000e+00,0.000000000000000000e+00,0.000000000000000000e+00,0.000000000000000000e+00,0.000000000000000000e+00,0.000000000000000000e+00,0.000000000000000000e+00,0.000000000000000000e+00,0.000000000000000000e+00,0.000000000000000000e+00,0.000000000000000000e+00,0.000000000000000000e+00,3.738188114587361337e-04,4.673897286068352049e-04,4.661801959792983945e-04,3.614658089841144483e-04,2.752062714047602185e-04,1.883575549065973694e-04,1.499570757176730044e-04,1.299023272654406763e-04,1.300203692934449775e-04,1.311123037099428431e-04,1.331409128763093102e-04,1.313138126751481317e-04,1.280873375314942996e-04,1.236379917918290384e-04,1.196657192837577861e-04,1.163922096750095119e-04,1.140962603845769642e-04,1.125476955196096573e-04,1.115290033813609827e-04,1.108531880709049772e-04,1.103621483072715994e-04,1.100271238059151002e-04,1.097906741966453475e-04,1.096810807271377794e-04,1.096682942871116551e-04,1.097715694969793359e-04,1.099611269279490402e-04,1.102405314140733785e-04,1.105832500681681261e-04,1.109862777729954798e-04,1.114301822159077224e-04,1.119108792395430744e-04,1.124159693810014007e-04,1.129421492148450872e-04,1.134822908339345402e-04,1.140332931646372168e-04,1.145904036459332865e-04,1.151490954218763245e-04,1.157052997276406605e-04,1.162531282660012949e-04,1.167890994022389588e-04,1.173051628138792297e-04,1.177959343496103430e-04,1.182492147285920975e-04,1.186595580506796040e-04,1.190193488649012889e-04,1.193370777376558708e-04,1.196224556694786993e-04,1.199001098634158371e-04,1.201837866291620069e-04,1.204885678099387183e-04,1.208059756877042067e-04,1.211275780957177744e-04,1.214283808190472935e-04,1.216981053473348859e-04,1.219220947785245359e-04,1.221076472597812422e-04,1.222561201550306765e-04,1.223848342068341571e-04,1.224970933477614627e-04,1.226064790894698490e-04,1.227098727358879866e-04,1.228147980159070786e-04,1.229141865151877440e-04,1.230138191700076743e-04,1.231069560821587520e-04,1.232003248426467997e-04,1.232885842437924674e-04,1.233788966093048644e-04,1.234660522246345561e-04,1.235560569678621301e-04,1.236426575596747941e-04,1.237301458355802210e-04,1.238115642496749353e-04,1.238905092873407150e-04,1.239608291161477531e-04,1.240269481578056140e-04,1.240847100161468963e-04,1.241398619537053226e-04,1.241899140225924761e-04,1.242408103273204517e-04,1.242900203251289947e-04,1.243417598286551619e-04,1.243916943033080520e-04,1.244411360389980291e-04,1.244836162293048011e-04,1.245182654010894817e-04,1.245381466988115652e-04,1.245426134531771192e-04,1.245268522203032719e-04,1.244926925727619709e-04,1.244387081502167872e-04,1.243691996704572123e-04,1.242847653125601015e-04,1.241899323055481376e-04,1.240847747633299074e-04,1.239719749916242026e-04,1.238498451159156027e-04,1.237189315796948517e-04,1.235760090964714032e-04,1.234198640683513665e-04,1.232459653246170521e-04,1.230517485616489440e-04,1.228324615598560014e-04,1.225865310794186638e-04,1.223124136042811315e-04,1.220131994345533027e-04,1.216929158129745819e-04,1.213591585565788785e-04,1.210184949408826973e-04,1.206782567527478185e-04,1.203429415942247713e-04,1.200170713109872662e-04,1.197032041327263091e-04,1.194050782895823902e-04,1.191253615219599874e-04,1.188675008409010995e-04,1.186326820472435108e-04,1.184213907439958719e-04,1.182312522309347200e-04,1.180597913395820269e-04,1.179033985211520315e-04,1.177603828622311060e-04,1.176293793110170117e-04,1.175113213490919017e-04,1.174066878076418220e-04,1.173168981594826187e-04,1.172414451458710896e-04,1.171799097818833444e-04,1.171296633632408805e-04,1.170886766902679758e-04,1.170533916839813429e-04,1.170218018506590218e-04,1.169909397172976185e-04,1.169599629894683214e-04,1.169271215986432237e-04,1.168929225960400024e-04,1.168565990111566292e-04,1.168194275391479318e-04,1.167806832499940071e-04,1.167412072764158925e-04,1.166989619517020099e-04,1.166531286030910900e-04,1.165995239250199722e-04,1.165355207738308867e-04,1.164554425254212911e-04,1.163563221173958488e-04,1.162330670337665957e-04,1.160847823883905469e-04,1.159093442485287218e-04,1.157100509511140842e-04,1.154894970123081319e-04,1.152566223261779584e-04,1.150196938427002857e-04,1.147925165614655803e-04,1.145829483844354999e-04,1.143917035582082303e-04,1.141888384299655630e-04,1.139050929628097197e-04,1.134219852418256482e-04,1.126327851501806720e-04,1.115907571335359008e-04,1.108160583994269815e-04,1.116606038462764327e-04,1.164987987205220218e-04,1.281583373933303034e-04,1.479873606331304052e-04,1.724449671170118312e-04,1.899456556064246294e-04,1.820209487390701028e-04,1.341098432901837627e-04,5.728497791692230826e-05,6.684684275849838694e-06
0.000000000000000000e+00,0.000000000000000000e+00,0.000000000000000000e+00,0.000000000000000000e+00,0.000000000000000000e+00,0.000000000000000000e+00,0.000000000000000000e+00,0.000000000000000000e+00,0.000000000000000000e+00,0.000000000000000000e+00,0.000000000000000000e+00,0.000000000000000000e+00,0.000000000000000000e+00,0.000000000000000000e+00,0.000000000000000000e+00,0.000000000000000000e+00,0.000000000000000000e+00,0.000000000000000000e+00,0.000000000000000000e+00,0.000000000000000000e+00,0.000000000000000000e+00,0.000000000000000000e+00,0.000000000000000000e+00,0.000000000000000000e+00,0.000000000000000000e+00,0.000000000000000000e+00,0.000000000000000000e+00,0.000000000000000000e+00,0.000000000000000000e+00,0.000000000000000000e+00,0.000000000000000000e+00,0.000000000000000000e+00,0.000000000000000000e+00,0.000000000000000000e+00,0.000000000000000000e+00,0.000000000000000000e+00,0.000000000000000000e+00,0.000000000000000000e+00,0.000000000000000000e+00,0.000000000000000000e+00,0.000000000000000000e+00,0.000000000000000000e+00,0.000000000000000000e+00,0.000000000000000000e+00,0.000000000000000000e+00,0.000000000000000000e+00,0.000000000000000000e+00,0.000000000000000000e+00,0.000000000000000000e+00,0.000000000000000000e+00,0.000000000000000000e+00,0.000000000000000000e+00,0.000000000000000000e+00,0.000000000000000000e+00,0.000000000000000000e+00,0.000000000000000000e+00,0.000000000000000000e+00,0.000000000000000000e+00,0.000000000000000000e+00,0.000000000000000000e+00,0.000000000000000000e+00,0.000000000000000000e+00,0.000000000000000000e+00,0.000000000000000000e+00,0.000000000000000000e+00,0.000000000000000000e+00,0.000000000000000000e+00,0.000000000000000000e+00,0.000000000000000000e+00,0.000000000000000000e+00,0.000000000000000000e+00,0.000000000000000000e+00,0.000000000000000000e+00,0.000000000000000000e+00,0.000000000000000000e+00,0.000000000000000000e+00,0.000000000000000000e+00,0.000000000000000000e+00,0.000000000000000000e+00,0.000000000000000000e+00,0.000000000000000000e+00,0.000000000000000000e+00,0.000000000000000000e+00,0.000000000000000000e+00,0.000000000000000000e+00,0.000000000000000000e+00,0.000000000000000000e+00,0.000000000000000000e+00,0.000000000000000000e+00,0.000000000000000000e+00,0.000000000000000000e+00,0.000000000000000000e+00,0.000000000000000000e+00,0.000000000000000000e+00,0.000000000000000000e+00,0.000000000000000000e+00,0.000000000000000000e+00,0.000000000000000000e+00,0.000000000000000000e+00,0.000000000000000000e+00,0.000000000000000000e+00,0.000000000000000000e+00,0.000000000000000000e+00,0.000000000000000000e+00,0.000000000000000000e+00,0.000000000000000000e+00,0.000000000000000000e+00,0.000000000000000000e+00,0.000000000000000000e+00,0.000000000000000000e+00,0.000000000000000000e+00,0.000000000000000000e+00,0.000000000000000000e+00,0.000000000000000000e+00,0.000000000000000000e+00,0.000000000000000000e+00,0.000000000000000000e+00,0.000000000000000000e+00,0.000000000000000000e+00,0.000000000000000000e+00,0.000000000000000000e+00,0.000000000000000000e+00,0.000000000000000000e+00,0.000000000000000000e+00,0.000000000000000000e+00,0.000000000000000000e+00,0.000000000000000000e+00,0.000000000000000000e+00,0.000000000000000000e+00,0.000000000000000000e+00,0.000000000000000000e+00,0.000000000000000000e+00,0.000000000000000000e+00,0.000000000000000000e+00,0.000000000000000000e+00,0.000000000000000000e+00,0.000000000000000000e+00,0.000000000000000000e+00,0.000000000000000000e+00,0.000000000000000000e+00,0.000000000000000000e+00,0.000000000000000000e+00,0.000000000000000000e+00,0.000000000000000000e+00,0.000000000000000000e+00,0.000000000000000000e+00,0.000000000000000000e+00,0.000000000000000000e+00,0.000000000000000000e+00,0.000000000000000000e+00,0.000000000000000000e+00,0.000000000000000000e+00,0.000000000000000000e+00,0.000000000000000000e+00,0.000000000000000000e+00,0.000000000000000000e+00,0.000000000000000000e+00,0.000000000000000000e+00,0.000000000000000000e+00,0.000000000000000000e+00,0.000000000000000000e+00,0.000000000000000000e+00,0.000000000000000000e+00,0.000000000000000000e+00,0.000000000000000000e+00,0.000000000000000000e+00,0.000000000000000000e+00,3.427086225747924455e-04,5.065797312477843869e-04,4.522647376354054665e-04,3.567630049376608616e-04,2.520873206296630792e-04,1.934108499304919597e-04,1.499695297215797654e-04,1.351242879244078426e-04,1.272236707361550242e-04,1.274160062907627659e-04,1.257008718143410079e-04,1.242651579812878589e-04,1.208923955401565572e-04,1.177817073505472111e-04,1.144918259800403173e-04,1.120510011367652849e-04,1.100229905603000832e-04,1.086686145955625228e-04,1.075824722551224600e-04,1.068383433845037565e-04,1.062056509954289676e-04,1.057634633158594027e-04,1.054045226324552262e-04,1.051986274965214504e-04,1.050825844383289034e-04,1.050967273112601256e-04,1.051920601473987991e-04,1.053867905388267801e-04,1.056430389334203217e-04,1.059683576183057088e-04,1.063351981631914132e-04,1.067462851739862158e-04,1.071822825153446193e-04,1.076440829862905974e-04,1.081190877338522599e-04,1.086078091695121824e-04,1.091021632181295907e-04,1.096011703452238307e-04,1.100983112624579353e-04,1.105902540081423699e-04,1.110715523077326780e-04,1.115372326234628640e-04,1.119819519661330629e-04,1.123968018398599982e-04,1.127741353537429044e-04,1.131033901837021793e-04,1.133841930283237232e-04,1.136198021824617573e-04,1.138300776281904149e-04,1.140329062272472645e-04,1.142516996492159374e-04,1.144904229828664618e-04,1.147488318518498064e-04,1.150055846649349159e-04,1.152465287112499254e-04,1.154505133518400552e-04,1.156170832070032732e-04,1.157430145404387650e-04,1.158436664973462544e-04,1.159235841739599730e-04,1.159985878456238592e-04,1.160681287569746061e-04,1.161415334413002992e-04,1.162125691936068166e-04,1.162871969727919926e-04,1.163580256747946061e-04,1.164312697067219459e-04,1.165005693663790081e-04,1.165728361700546728e-04,1.166421978196477871e-04,1.167150608449843072e-04,1.167849690255480478e-04,1.168570438785762513e-04,1.169241595153898910e-04,1.169905992740855044e-04,1.170495693652746509e-04,1.171056884952237348e-04,1.171536568438740590e-04,1.171991899035844896e-04,1.172386994428180812e-04,1.172785080010312259e-04,1.173156303820477065e-04,1.173554253894510443e-04,1.173937881706465928e-04,1.174335873390004319e-04,1.174686037389520687e-04,1.174990516249045273e-04,1.175173856009509565e-04,1.175229141335406370e-04,1.175091764364021528e-04,1.174772329618674484e-04,1.174239409846116047e-04,1.173533832095687587e-04,1.172655736385508411e-04,1.171660694797115173e-04,1.170554292103549168e-04,1.169377975119516012e-04,1.168118054382141205e-04,1.166787482762263780e-04,1.165349681450448518e-04,1.163794500253741078e-04,1.162072032412511067e-04,1.160161237797864239e-04,1.158013781021421636e-04,1.155618944421426256e-04,1.152957640907083752e-04,1.150059937540803687e-04,1.146958084660229272e-04,1.143725630639632072e-04,1.140422738855834193e-04,1.137123224218479397e-04,1.133867873191694425e-04,1.130699750752470645e-04,1.127636590023820332e-04,1.124711802071725903e-04,1.121948391644887554e-04,1.119385862224685831e-04,1.117043172379356684e-04,1.114936113351573129e-04,1.113045782579260163e-04,1.111347106141765485e-04,1.109793662001175616e-04,1.108354854848248185e-04,1.107001314382853255e-04,1.105732608420179069e-04,1.104549725145622042e-04,1.103471817567089190e-04,1.102503126935462099e-04,1.101651934841864632e-04,1.100902655863964603e-04,1.100243351188723518e-04,1.099642227663270519e-04,1.099079802544876921e-04,1.098523722071816929e-04,1.097961548038775114e-04,1.097370947999555204e-04,1.096752716419467253e-04,1.096095830609605023e-04,1.095411178959209179e-04,1.094691194974848426e-04,1.093945342998036769e-04,1.093155576983516309e-04,1.092316626526448312e-04,1.091390092111999585e-04,1.090352672093116050e-04,1.089150120259581880e-04,1.087753592008157535e-04,1.086111417087360888e-04,1.084211099460836612e-04,1.082025883517441603e-04,1.079581012097995596e-04,1.076895059393844683e-04,1.074051795178017121e-04,1.071133833537091446e-04,1.068285070820878684e-04,1.065595323908761566e-04,1.063079379415766713e-04,1.060429112431444845e-04,1.056908482685001735e-04,1.051249195489105729e-04,1.042282662193615432e-04,1.030500777614003438e-04,1.021250506534786333e-04,1.028511855331415794e-04,1.076814551837937753e-04,1.195318513339437889e-04,1.398003298876293761e-04,1.649143461201321758e-04,1.832040170006606343e-04,1.762292670536418375e-04,1.296851205316015886e-04,5.487227281657071836e-05,6.205493395617458215e-06
0.000000000000000000e+00,0.000000000000000000e+00,0.000000000000000000e+00,0.000000000000000000e+00,0.000000000000000000e+00,0.000000000000000000e+00,0.000000000000000000e+00,0.000000000000000000e+00,0.000000000000000000e+00,0.000000000000000000e+00,0.000000000000000000e+00,0.000000000000000000e+00,0.000000000000000000e+00,0.000000000000000000e+00,0.000000000000000000e+00,0.000000000000000000e+00,0.000000000000000000e+00,0.000000000000000000e+00,0.000000000000000000e+00,0.000000000000000000e+00,0.000000000000000000e+00,0.000000000000000000e+00,0.000000000000000000e+00,0.000000000000000000e+00,0.000000000000000000e+00,0.000000000000000000e+00,0.000000000000000000e+00,0.000000000000000000e+00,0.000000000000000000e+00,0.000000000000000000e+00,0.000000000000000000e+00,0.000000000000000000e+00,0.000000000000000000e+00,0.000000000000000000e+00,0.000000000000000000e+00,0.000000000000000000e+00,0.000000000000000000e+00,0.000000000000000000e+00,0.000000000000000000e+00,0.000000000000000000e+00,0.000000000000000000e+00,0.000000000000000000e+00,0.000000000000000000e+00,0.000000000000000000e+00,0.000000000000000000e+00,0.000000000000000000e+00,0.000000000000000000e+00,0.000000000000000000e+00,0.000000000000000000e+00,0.000000000000000000e+00,0.000000000000000000e+00,0.000000000000000000e+00,0.000000000000000000e+00,0.000000000000000000e+00,0.000000000000000000e+00,0.000000000000000000e+00,0.000000000000000000e+00,0.000000000000000000e+00,0.000000000000000000e+00,0.000000000000000000e+00,0.000000000000000000e+00,0.000000000000000000e+00,0.000000000000000000e+00,0.000000000000000000e+00,0.000000000000000000e+00,0.000000000000000000e+00,0.000000000000000000e+00,0.000000000000000000e+00,0.000000000000000000e+00,0.000000000000000000e+00,0.000000000000000000e+00,0.000000000000000000e+00,0.000000000000000000e+00,0.000000000000000000e+00,0.000000000000000000e+00,0.000000000000000000e+00,0.000000000000000000e+00,0.000000000000000000e+00,0.000000000000000000e+00,0.000000000000000000e+00,0.000000000000000000e+00,0.000000000000000000e+00,0.000000000000000000e+00,0.000000000000000000e+00,0.000000000000000000e+00,0.000000000000000000e+00,0.000000000000000000e+00,0.000000000000000000e+00,0.000000000000000000e+00,0.000000000000000000e+00,0.000000000000000000e+00,0.000000000000000000e+00,0.000000000000000000e+00,0.000000000000000000e+00,0.000000000000000000e+00,0.000000000000000000e+00,0.000000000000000000e+00,0.000000000000000000e+00,0.000000000000000000e+00,0.000000000000000000e+00,0.000000000000000000e+00,0.000000000000000000e+00,0.000000000000000000e+00,0.000000000000000000e+00,0.000000000000000000e+00,0.000000000000000000e+00,0.000000000000000000e+00,0.000000000000000000e+00,0.000000000000000000e+00,0.000000000000000000e+00,0.000000000000000000e+00,0.000000000000000000e+00,0.000000000000000000e+00,0.000000000000000000e+00,0.000000000000000000e+00,0.000000000000000000e+00,0.000000000000000000e+00,0.000000000000000000e+00,0.000000000000000000e+00,0.000000000000000000e+00,0.000000000000000000e+00,0.000000000000000000e+00,0.000000000000000000e+00,0.000000000000000000e+00,0.000000000000000000e+00,0.000000000000000000e+00,0.000000000000000000e+00,0.000000000000000000e+00,0.000000000000000000e+00,0.000000000000000000e+00,0.000000000000000000e+00,0.000000000000000000e+00,0.000000000000000000e+00,0.000000000000000000e+00,0.000000000000000000e+00,0.000000000000000000e+00,0.000000000000000000e+00,0.000000000000000000e+00,0.000000000000000000e+00,0.000000000000000000e+00,0.000000000000000000e+00,0.000000000000000000e+00,0.000000000000000000e+00,0.000000000000000000e+00,0.000000000000000000e+00,0.000000000000000000e+00,0.000000000000000000e+00,0.000000000000000000e+00,0.000000000000000000e+00,0.000000000000000000e+00,0.000000000000000000e+00,0.000000000000000000e+00,0.000000000000000000e+00,0.000000000000000000e+00,0.000000000000000000e+00,0.000000000000000000e+00,0.000000000000000000e+00,0.000000000000000000e+00,0.000000000000000000e+00,0.000000000000000000e+00,0.000000000000000000e+00,0.000000000000000000e+00,0.000000000000000000e+00,0.000000000000000000e+00,0.000000000000000000e+00,0.000000000000000000e+00,0.000000000000000000e+00,3.679165633148915107e-04,4.712650356683267534e-04,4.144514857746748053e-04,3.075218160963890876e-04,2.328728657421717883e-04,1.765184315920983701e-04,1.524750249419460572e-04,1.351912006492005970e-04,1.300963534408232760e-04,1.255410670410192844e-04,1.240130590369432960e-04,1.211843349885783640e-04,1.189565800972216869e-04,1.161726475308989484e-04,1.138650129005190268e-04,1.116791979679652622e-04,1.099367379225639951e-04,1.084545686437827117e-04,1.072408107296918321e-04,1.062238916172723939e-04,1.053549347078331413e-04,1.046456124670021076e-04,1.040511150704031136e-04,1.036077584465314763e-04,1.032698498143714780e-04,1.030666691250760992e-04,1.029523993374798180e-04,1.029462877329787328e-04,1.030083701018710525e-04,1.031515847021522033e-04,1.033436035244093387e-04,1.035927817557136374e-04,1.038733608516200960e-04,1.041906136306662350e-04,1.045250774839440584e-04,1.048810696027169015e-04,1.052450358822313084e-04,1.056203498709935135e-04,1.059966298347419708e-04,1.063744164085782680e-04,1.067445909218255030e-04,1.071053880254327877e-04,1.074493837750491415e-04,1.077721760726858206e-04,1.080650811556645483e-04,1.083187852371563734e-04,1.085257861482266038e-04,1.086831046769421658e-04,1.088010819810888595e-04,1.088962306462788320e-04,1.089948169416930524e-04,1.091123914586963992e-04,1.092592973649657322e-04,1.094233709055581649e-04,1.095911340355091202e-04,1.097377914248879287e-04,1.098547095701262030e-04,1.099322680988525433e-04,1.099811576540491337e-04,1.100054139212614847e-04,1.100220264413813225e-04,1.100331056764777767e-04,1.100501075245411016e-04,1.100683225523810352e-04,1.100942808148444612e-04,1.101203277518179234e-04,1.101521923291282214e-04,1.101825151744536440e-04,1.102177232736829756e-04,1.102511176277880966e-04,1.102892209856846944e-04,1.103252537698606601e-04,1.103650353374156968e-04,1.104013485995092601e-04,1.104392446641860371e-04,1.104715163913239274e-04,1.105031192677639141e-04,1.105277747734427295e-04,1.105511432706609388e-04,1.105684624464720826e-04,1.105861620442037674e-04,1.106005227150128669e-04,1.106176781136872337e-04,1.106335117616422283e-04,1.106522744313850166e-04,1.106680765264151197e-04,1.106824384808867672e-04,1.106876535555833830e-04,1.106834388131813589e-04,1.106621235706114852e-04,1.106241753299616663e-04,1.105646767514561107e-04,1.104871082863722069e-04,1.103903970348461269e-04,1.102805833442125152e-04,1.101583738232485044e-04,1.100292537598253405e-04,1.098923301019927756e-04,1.097498933537411166e-04,1.095981242517452892e-04,1.094363408979855947e-04,1.092591615919097803e-04,1.090649654852085440e-04,1.088489685167860294e-04,1.086108088864882863e-04,1.083484730525587271e-04,1.080650069879544482e-04,1.077627543404728876e-04,1.074485113944835687e-04,1.071273591328977972e-04,1.068064253069832557e-04,1.064892971267245676e-04,1.061801671370065492e-04,1.058801724358065827e-04,1.055922511016283018e-04,1.053181177744318055e-04,1.050618483787223108e-04,1.048257140647554993e-04,1.046122647625466245e-04,1.044202748838550510e-04,1.042476071866463327e-04,1.040890500471647486e-04,1.039405120175332684e-04,1.037975980138568677e-04,1.036591815673507452e-04,1.035247499391284365e-04,1.033964740007300076e-04,1.032755501272206091e-04,1.031640080609494132e-04,1.030614058667875471e-04,1.029674799245769591e-04,1.028795246769936535e-04,1.027957241623513214e-04,1.027126170332860939e-04,1.026285816660718560e-04,1.025409070737074232e-04,1.024492443552701569e-04,1.023521364491777744e-04,1.022504558876158304e-04,1.021433673728280417e-04,1.020318829289701700e-04,1.019143980243348728e-04,1.017906844175913399e-04,1.016572816189360899e-04,1.015122452061224692e-04,1.013505104575447606e-04,1.011694178485799214e-04,1.009638506219196781e-04,1.007323277654702254e-04,1.004716774770667904e-04,1.001836668998106839e-04,9.986932621366442742e-05,9.953634178574269679e-05,9.919274933546353345e-05,9.885333182836536004e-05,9.852796267333186549e-05,9.821874354160800428e-05,9.789379010070899914e-05,9.747501037581575054e-05,9.682692468649635659e-05,9.582229194613761246e-05,9.450579162364703626e-05,9.342632232829076351e-05,9.402738371750605183e-05,9.884027755444079778e-05,1.108698832437716444e-04,1.315676446150897366e-04,1.573362760667374491e-04,1.764268911117559263e-04,1.704208655222983208e-04,1.252577858009524213e-04,5.246019963775461306e-05,5.725292208993420311e-06
0.000000000000000000e+00,0.000000000000000000e+00,0.000000000000000000e+00,0.000000000000000000e+00,0.000000000000000000e+00,0.000000000000000000e+00,0.000000000000000000e+00,0.000000000000000000e+00,0.000000000000000000e+00,0.000000000000000000e+00,0.000000000000000000e+00,0.000000000000000000e+00,0.000000000000000000e+00,0.000000000000000000e+00,0.000000000000000000e+00,0.000000000000000000e+00,0.000000000000000000e+00,0.000000000000000000e+00,0.000000000000000000e+00,0.000000000000000000e+00,0.000000000000000000e+00,0.000000000000000000e+00,0.000000000000000000e+00,0.000000000000000000e+00,0.000000000000000000e+00,0.000000000000000000e+00,0.000000000000000000e+00,0.000000000000000000e+00,0.000000000000000000e+00,0.000000000000000000e+00,0.000000000000000000e+00,0.000000000000000000e+00,0.000000000000000000e+00,0.000000000000000000e+00,0.000000000000000000e+00,0.000000000000000000e+00,0.000000000000000000e+00,0.000000000000000000e+00,0.000000000000000000e+00,0.000000000000000000e+00,0.000000000000000000e+00,0.000000000000000000e+00,0.000000000000000000e+00,0.000000000000000000e+00,0.000000000000000000e+00,0.000000000000000000e+00,0.000000000000000000e+00,0.000000000000000000e+00,0.000000000000000000e+00,0.000000000000000000e+00,0.000000000000000000e+00,0.000000000000000000e+00,0.000000000000000000e+00,0.000000000000000000e+00,0.000000000000000000e+00,0.000000000000000000e+00,0.000000000000000000e+00,0.000000000000000000e+00,0.000000000000000000e+00,0.000000000000000000e+00,0.000000000000000000e+00,0.000000000000000000e+00,0.000000000000000000e+00,0.000000000000000000e+00,0.000000000000000000e+00,0.000000000000000000e+00,0.000000000000000000e+00,0.000000000000000000e+00,0.000000000000000000e+00,0.000000000000000000e+00,0.000000000000000000e+00,0.000000000000000000e+00,0.000000000000000000e+00,0.000000000000000000e+00,0.000000000000000000e+00,0.000000000000000000e+00,0.000000000000000000e+00,0.000000000000000000e+00,0.000000000000000000e+00,0.000000000000000000e+00,0.000000000000000000e+00,0.000000000000000000e+00,0.000000000000000000e+00,0.000000000000000000e+00,0.000000000000000000e+00,0.000000000000000000e+00,0.000000000000000000e+00,0.000000000000000000e+00,0.000000000000000000e+00,0.000000000000000000e+00,0.000000000000000000e+00,0.000000000000000000e+00,0.000000000000000000e+00,0.000000000000000000e+00,0.000000000000000000e+00,0.000000000000000000e+00,0.000000000000000000e+00,0.000000000000000000e+00,0.000000000000000000e+00,0.000000000000000000e+00,0.000000000000000000e+00,0.000000000000000000e+00,0.000000000000000000e+00,0.000000000000000000e+00,0.000000000000000000e+00,0.000000000000000000e+00,0.000000000000000000e+00,0.000000000000000000e+00,0.000000000000000000e+00,0.000000000000000000e+00,0.000000000000000000e+00,0.000000000000000000e+00,0.000000000000000000e+00,0.000000000000000000e+00,0.000000000000000000e+00,0.000000000000000000e+00,0.000000000000000000e+00,0.000000000000000000e+00,0.000000000000000000e+00,0.000000000000000000e+00,0.000000000000000000e+00,0.000000000000000000e+00,0.000000000000000000e+00,0.000000000000000000e+00,0.000000000000000000e+00,0.000000000000000000e+00,0.000000000000000000e+00,0.000000000000000000e+00,0.000000000000000000e+00,0.000000000000000000e+00,0.000000000000000000e+00,0.000000000000000000e+00,0.000000000000000000e+00,0.000000000000000000e+00,0.000000000000000000e+00,0.000000000000000000e+00,0.000000000000000000e+00,0.000000000000000000e+00,0.000000000000000000e+00,0.000000000000000000e+00,0.000000000000000000e+00,0.000000000000000000e+00,0.000000000000000000e+00,0.000000000000000000e+00,0.000000000000000000e+00,0.000000000000000000e+00,0.000000000000000000e+00,0.000000000000000000e+00,0.000000000000000000e+00,0.000000000000000000e+00,0.000000000000000000e+00,0.000000000000000000e+00,0.000000000000000000e+00,0.000000000000000000e+00,0.000000000000000000e+00,0.000000000000000000e+00,0.000000000000000000e+00,0.000000000000000000e+00,0.000000000000000000e+00,0.000000000000000000e+00,0.000000000000000000e+00,0.000000000000000000e+00,0.000000000000000000e+00,0.000000000000000000e+00,0.000000000000000000e+00,0.000000000000000000e+00,0.000000000000000000e+00,3.487243789015161371e-04,4.452566006984718609e-04,3.720239842402781722e-04,2.734807519634723286e-04,1.973267058259871765e-04,1.649539320722511588e-04,1.453856997706070111e-04,1.392464354386985681e-04,1.319320528073924343e-04,1.289051733616770510e-04,1.249479370453206856e-04,1.229914080392483064e-04,1.204648894782097324e-04,1.187161292277205584e-04,1.166085168599261207e-04,1.148712530913858262e-04,1.130230217829375332e-04,1.114527577259906654e-04,1.099066666604605334e-04,1.085893090506858267e-04,1.073462873483760490e-04,1.063022877751669093e-04,1.053553364838928831e-04,1.045873902168766809e-04,1.039202143577053135e-04,1.034070644059204106e-04,1.029834670344422610e-04,1.026855962242972524e-04,1.024611803062894645e-04,1.023364373474188772e-04,1.022690791090710119e-04,1.022778156467826419e-04,1.023275588127704012e-04,1.024311572081688281e-04,1.025599055500662257e-04,1.027235917137110817e-04,1.029004426716434082e-04,1.030989881597617612e-04,1.033028869108971358e-04,1.035179087767091775e-04,1.037300137097227538e-04,1.039413934100089424e-04,1.041403891649232710e-04,1.043270783684924061e-04,1.044911644238536417e-04,1.046277077247776397e-04,1.047248143907739159e-04,1.047762599658468648e-04,1.047813091845581628e-04,1.047510210550746493e-04,1.047078798697771880e-04,1.046749823931440412e-04,1.046724300942115102e-04,1.047010856915451269e-04,1.047531716957725132e-04,1.048049604463480037e-04,1.048412738530350513e-04,1.048455697626757228e-04,1.048214401874388317e-04,1.047702230038582332e-04,1.047083187463556319e-04,1.046400322952702731e-04,1.045789571140569692e-04,1.045225310907697233e-04,1.044782891755814279e-04,1.044388402391655766e-04,1.044095691423334912e-04,1.043822755476961556e-04,1.043627397578771352e-04,1.043433509402295678e-04,1.043304524827914687e-04,1.043168133929291646e-04,1.043087272925657494e-04,1.042989057000657773e-04,1.042931478744904024e-04,1.042840444166950734e-04,1.042770061174068516e-04,1.042650183167306789e-04,1.042537271370082990e-04,1.042372575506487478e-04,1.042219556278212503e-04,1.042031922776556486e-04,1.041875097303615681e-04,1.041705267332912482e-04,1.041575716719323120e-04,1.041430300631904850e-04,1.041297489957174633e-04,1.041101861404945291e-04,1.040848387796790969e-04,1.040453491708596631e-04,1.039919266082161827e-04,1.039180917434950744e-04,1.038265542878823215e-04,1.037148126562446285e-04,1.035888202575920583e-04,1.034489771214903308e-04,1.033017644072290218e-04,1.031467604677536472e-04,1.029873989824150673e-04,1.028200197753893015e-04,1.026444923701557707e-04,1.024552140428494108e-04,1.022510642653167898e-04,1.020273790597535065e-04,1.017845989268846769e-04,1.015208275098256269e-04,1.012393080872347307e-04,1.009415637674216163e-04,1.006336366760847070e-04,1.003193585121915453e-04,1.000052468491848125e-04,9.969423481526636370e-05,9.939041985344565240e-05,9.909448108820013068e-05,9.880905179526312864e-05,9.853518869306677769e-05,9.827678059179850755e-05,9.803610088470359385e-05,9.781638903021982220e-05,9.761708578017045323e-05,9.743668305161557407e-05,9.726983237045430729e-05,9.711179972874913781e-05,9.695696142219792813e-05,9.680309950683086350e-05,9.664892528420593104e-05,9.649663310786613297e-05,9.634802263054514948e-05,9.620625789312602365e-05,9.607206566973128790e-05,9.594622388975629563e-05,9.582663319726511541e-05,9.571170856685210285e-05,9.559782476082780253e-05,9.548299770033570979e-05,9.536403046390958340e-05,9.524011146420887817e-05,9.510938445967577893e-05,9.497244162521094031e-05,9.482830215873158252e-05,9.467797180750839553e-05,9.451999772038622910e-05,9.435442554201854540e-05,9.417819907434154365e-05,9.398981692734484676e-05,9.378467884752221713e-05,9.356046477255581487e-05,9.331224590968507471e-05,9.303841975147205095e-05,9.273542231164261847e-05,9.240429854709833002e-05,9.204525965739504935e-05,9.166521472927807062e-05,9.127187602304231539e-05,9.088023911187104750e-05,9.050092906281758168e-05,9.013645508277653561e-05,8.975370351826831921e-05,8.926980065417569198e-05,8.854036737535984512e-05,8.742734535713078009e-05,8.597055857315501995e-05,8.473248872023495036e-05,8.520153679888466634e-05,8.998647933883312721e-05,1.021813885462601241e-04,1.232940087404114189e-04,1.497098275469461569e-04,1.696081467450266862e-04,1.645879751504015912e-04,1.208209424616965062e-04,5.004481387597168007e-05,5.242591232341466045e-06
0.000000000000000000e+00,0.000000000000000000e+00,0.000000000000000000e+00,0.000000000000000000e+00,0.000000000000000000e+00,0.000000000000000000e+00,0.000000000000000000e+00,0.000000000000000000e+00,0.000000000000000000e+00,0.000000000000000000e+00,0.000000000000000000e+00,0.000000000000000000e+00,0.000000000000000000e+00,0.000000000000000000e+00,0.000000000000000000e+00,0.000000000000000000e+00,0.000000000000000000e+00,0.000000000000000000e+00,0.000000000000000000e+00,0.000000000000000000e+00,0.000000000000000000e+00,0.000000000000000000e+00,0.000000000000000000e+00,0.000000000000000000e+00,0.000000000000000000e+00,0.000000000000000000e+00,0.000000000000000000e+00,0.000000000000000000e+00,0.000000000000000000e+00,0.000000000000000000e+00,0.000000000000000000e+00,0.000000000000000000e+00,0.000000000000000000e+00,0.000000000000000000e+00,0.000000000000000000e+00,0.000000000000000000e+00,0.000000000000000000e+00,0.000000000000000000e+00,0.000000000000000000e+00,0.000000000000000000e+00,0.000000000000000000e+00,0.000000000000000000e+00,0.000000000000000000e+00,0.000000000000000000e+00,0.000000000000000000e+00,0.000000000000000000e+00,0.000000000000000000e+00,0.000000000000000000e+00,0.000000000000000000e+00,0.000000000000000000e+00,0.000000000000000000e+00,0.000000000000000000e+00,0.000000000000000000e+00,0.000000000000000000e+00,0.000000000000000000e+00,0.000000000000000000e+00,0.000000000000000000e+00,0.000000000000000000e+00,0.000000000000000000e+00,0.000000000000000000e+00,0.000000000000000000e+00,0.000000000000000000e+00,0.000000000000000000e+00,0.000000000000000000e+00,0.000000000000000000e+00,0.000000000000000000e+00,0.000000000000000000e+00,0.000000000000000000e+00,0.000000000000000000e+00,0.000000000000000000e+00,0.000000000000000000e+00,0.000000000000000000e+00,0.000000000000000000e+00,0.000000000000000000e+00,0.000000000000000000e+00,0.000000000000000000e+00,0.000000000000000000e+00,0.000000000000000000e+00,0.000000000000000000e+00,0.000000000000000000e+00,0.000000000000000000e+00,0.000000000000000000e+00,0.000000000000000000e+00,0.000000000000000000e+00,0.000000000000000000e+00,0.000000000000000000e+00,0.000000000000000000e+00,0.000000000000000000e+00,0.000000000000000000e+00,0.000000000000000000e+00,0.000000000000000000e+00,0.000000000000000000e+00,0.000000000000000000e+00,0.000000000000000000e+00,0.000000000000000000e+00,0.000000000000000000e+00,0.000000000000000000e+00,0.000000000000000000e+00,0.000000000000000000e+00,0.000000000000000000e+00,0.000000000000000000e+00,0.000000000000000000e+00,0.000000000000000000e+00,0.000000000000000000e+00,0.000000000000000000e+00,0.000000000000000000e+00,0.000000000000000000e+00,0.000000000000000000e+00,0.000000000000000000e+00,0.000000000000000000e+00,0.000000000000000000e+00,0.000000000000000000e+00,0.000000000000000000e+00,0.000000000000000000e+00,0.000000000000000000e+00,0.000000000000000000e+00,0.000000000000000000e+00,0.000000000000000000e+00,0.000000000000000000e+00,0.000000000000000000e+00,0.000000000000000000e+00,0.000000000000000000e+00,0.000000000000000000e+00,0.000000000000000000e+00,0.000000000000000000e+00,0.000000000000000000e+00,0.000000000000000000e+00,0.000000000000000000e+00,0.000000000000000000e+00,0.000000000000000000e+00,0.000000000000000000e+00,0.000000000000000000e+00,0.000000000000000000e+00,0.000000000000000000e+00,0.000000000000000000e+00,0.000000000000000000e+00,0.000000000000000000e+00,0.000000000000000000e+00,0.000000000000000000e+00,0.000000000000000000e+00,0.000000000000000000e+00,0.000000000000000000e+00,0.000000000000000000e+00,0.000000000000000000e+00,0.000000000000000000e+00,0.000000000000000000e+00,0.000000000000000000e+00,0.000000000000000000e+00,0.000000000000000000e+00,0.000000000000000000e+00,0.000000000000000000e+00,0.000000000000000000e+00,0.000000000000000000e+00,0.000000000000000000e+00,0.000000000000000000e+00,0.000000000000000000e+00,0.000000000000000000e+00,0.000000000000000000e+00,0.000000000000000000e+00,0.000000000000000000e+00,0.000000000000000000e+00,0.000000000000000000e+00,0.000000000000000000e+00,0.000000000000000000e+00,0.000000000000000000e+00,0.000000000000000000e+00,0.000000000000000000e+00,3.543121495168197882e-04,4.220807332114715426e-04,3.346580647554586924e-04,2.313289485980003801e-04,1.730248377910530058e-04,1.467277714775727768e-04,1.438688334909381456e-04,1.398366735784448188e-04,1.379514852351397558e-04,1.328854829851811047e-04,1.301063604373538230e-04,1.270520388480308603e-04,1.254969308313478790e-04,1.236679904979505798e-04,1.221613745889529531e-04,1.203258560465822778e-04,1.185216827127705930e-04,1.166265547699251392e-04,1.148050733413155336e-04,1.130718605736247604e-04,1.114538794086601962e-04,1.099954241253377348e-04,1.086606802076759445e-04,1.074987774847249771e-04,1.064512745687798499e-04,1.055637550141592847e-04,1.047742750945860913e-04,1.041235249440450528e-04,1.035548807641709925e-04,1.031036920037488509e-04,1.027203683662197083e-04,1.024335261930892636e-04,1.021994546067973310e-04,1.020397176952979838e-04,1.019161796984022677e-04,1.018452705382671069e-04,1.017956607472699106e-04,1.017813171244667217e-04,1.017780345719722384e-04,1.017973173932213527e-04,1.018192613750563730e-04,1.018510125419978335e-04,1.018754248107431245e-04,1.018967140652654417e-04,1.019013159882039855e-04,1.018898303147428507e-04,1.018480018962483540e-04,1.017704492241126033e-04,1.016469024771514499e-04,1.014817941817178795e-04,1.012883149507419424e-04,1.010913711884910479e-04,1.009167850361458653e-04,1.007792967902332369e-04,1.006807562828474010e-04,1.006040600168453764e-04,1.005311105829749096e-04,1.004397561317884534e-04,1.003250526239133641e-04,1.001834883681763022e-04,1.000285961260412694e-04,9.986578422808482206e-05,9.971032677138087471e-05,9.956223259531011150e-05,9.943044267008070117e-05,9.930845597273815577e-05,9.920155811210367976e-05,9.910101256751400404e-05,9.901188059268898223e-05,9.892566380029225905e-05,9.884825585495699853e-05,9.877187744796161323e-05,9.870300952903938898e-05,9.863426883445799542e-05,9.857207435285078481e-05,9.850898297601234043e-05,9.845091660319248378e-05,9.839040575295468450e-05,9.833315487625867715e-05,9.827235877123095538e-05,9.821417188317944772e-05,9.815300778178921747e-05,9.809549622630721214e-05,9.803678520095299859e-05,9.798291053341942614e-05,9.792839819141662230e-05,9.787726459806257479e-05,9.782231287872474566e-05,9.776503791498314779e-05,9.769689662555969527e-05,9.761822964548439081e-05,9.752141630158673972e-05,9.740845188517710431e-05,9.727530403736126582e-05,9.712736684429119796e-05,9.696427087486911354e-05,9.679298255448669729e-05,9.661336710733483808e-05,9.642997773062142181e-05,9.623959674255608342e-05,9.604289821947422192e-05,9.583433683152299141e-05,9.561335426075653400e-05,9.537546499752990229e-05,9.512189650047906341e-05,9.485100862297184718e-05,9.456636897012269999e-05,9.426883731838952283e-05,9.396364313084197930e-05,9.365318985756203741e-05,9.334305003625522669e-05,9.303528169554755038e-05,9.273379323491944871e-05,9.243893879164886875e-05,9.215318246571923427e-05,9.187698153660744341e-05,9.161384155877514573e-05,9.136571806927072810e-05,9.113618941437978660e-05,9.092523202279557666e-05,9.073207688509259659e-05,9.055159360462798407e-05,9.037878921222077032e-05,9.020710463614559917e-05,9.003328768297142219e-05,8.985515390188784240e-05,8.967468129511535751e-05,8.949407473876990859e-05,8.931752892944135513e-05,8.914698711907250686e-05,8.898440497572046636e-05,8.882847957111431698e-05,8.867801840372593804e-05,8.852935191864616678e-05,8.838018225405121057e-05,8.822682923114977510e-05,8.806797462693804275e-05,8.790129679265709856e-05,8.772701879313086527e-05,8.754391876568768727e-05,8.735290082790524429e-05,8.715258375632354843e-05,8.694323780322909157e-05,8.672219667895429229e-05,8.648843371032148444e-05,8.623787249120193441e-05,8.596862719262011966e-05,8.567605169930970718e-05,8.535853407928954706e-05,8.501219970752883965e-05,8.463745593530579560e-05,8.423371828406162867e-05,8.380713823248056235e-05,8.336504043999148298e-05,8.292258044306264979e-05,8.249098677523029823e-05,8.207305926952750315e-05,8.163420150272647632e-05,8.108653273489812240e-05,8.027635914274200977e-05,7.905446697665762510e-05,7.745527386408121635e-05,7.605436547956563890e-05,7.638410856089122597e-05,8.112991053553855747e-05,9.347453648759532186e-05,1.149845140133933408e-04,1.420349683486084411e-04,1.627428362290113644e-04,1.587233400449164782e-04,1.163691157975627516e-04,4.762300720955389157e-05,4.756602291138274173e-06
0.000000000000000000e+00,0.000000000000000000e+00,0.000000000000000000e+00,0.000000000000000000e+00,0.000000000000000000e+00,0.000000000000000000e+00,0.000000000000000000e+00,0.000000000000000000e+00,0.000000000000000000e+00,0.000000000000000000e+00,0.000000000000000000e+00,0.000000000000000000e+00,0.000000000000000000e+00,0.000000000000000000e+00,0.000000000000000000e+00,0.000000000000000000e+00,0.000000000000000000e+00,0.000000000000000000e+00,0.000000000000000000e+00,0.000000000000000000e+00,0.000000000000000000e+00,0.000000000000000000e+00,0.000000000000000000e+00,0.000000000000000000e+00,0.000000000000000000e+00,0.000000000000000000e+00,0.000000000000000000e+00,0.000000000000000000e+00,0.000000000000000000e+00,0.000000000000000000e+00,0.000000000000000000e+00,0.000000000000000000e+00,0.000000000000000000e+00,0.000000000000000000e+00,0.000000000000000000e+00,0.000000000000000000e+00,0.000000000000000000e+00,0.000000000000000000e+00,0.000000000000000000e+00,0.000000000000000000e+00,0.000000000000000000e+00,0.000000000000000000e+00,0.000000000000000000e+00,0.000000000000000000e+00,0.000000000000000000e+00,0.000000000000000000e+00,0.000000000000000000e+00,0.000000000000000000e+00,0.000000000000000000e+00,0.000000000000000000e+00,0.000000000000000000e+00,0.000000000000000000e+00,0.000000000000000000e+00,0.000000000000000000e+00,0.000000000000000000e+00,0.000000000000000000e+00,0.000000000000000000e+00,0.000000000000000000e+00,0.000000000000000000e+00,0.000000000000000000e+00,0.000000000000000000e+00,0.000000000000000000e+00,0.000000000000000000e+00,0.000000000000000000e+00,0.000000000000000000e+00,0.000000000000000000e+00,0.000000000000000000e+00,0.000000000000000000e+00,0.000000000000000000e+00,0.000000000000000000e+00,0.000000000000000000e+00,0.000000000000000000e+00,0.000000000000000000e+00,0.000000000000000000e+00,0.000000000000000000e+00,0.000000000000000000e+00,0.000000000000000000e+00,0.000000000000000000e+00,0.000000000000000000e+00,0.000000000000000000e+00,0.000000000000000000e+00,0.000000000000000000e+00,0.000000000000000000e+00,0.000000000000000000e+00,0.000000000000000000e+00,0.000000000000000000e+00,0.000000000000000000e+00,0.000000000000000000e+00,0.000000000000000000e+00,0.000000000000000000e+00,0.000000000000000000e+00,0.000000000000000000e+00,0.000000000000000000e+00,0.000000000000000000e+00,0.000000000000000000e+00,0.000000000000000000e+00,0.000000000000000000e+00,0.000000000000000000e+00,0.000000000000000000e+00,0.000000000000000000e+00,0.000000000000000000e+00,0.000000000000000000e+00,0.000000000000000000e+00,0.000000000000000000e+00,0.000000000000000000e+00,0.000000000000000000e+00,0.000000000000000000e+00,0.000000000000000000e+00,0.000000000000000000e+00,0.000000000000000000e+00,0.000000000000000000e+00,0.000000000000000000e+00,0.000000000000000000e+00,0.000000000000000000e+00,0.000000000000000000e+00,0.000000000000000000e+00,0.000000000000000000e+00,0.000000000000000000e+00,0.000000000000000000e+00,0.000000000000000000e+00,0.000000000000000000e+00,0.000000000000000000e+00,0.000000000000000000e+00,0.000000000000000000e+00,0.000000000000000000e+00,0.000000000000000000e+00,0.000000000000000000e+00,0.000000000000000000e+00,0.000000000000000000e+00,0.000000000000000000e+00,0.000000000000000000e+00,0.000000000000000000e+00,0.000000000000000000e+00,0.000000000000000000e+00,0.000000000000000000e+00,0.000000000000000000e+00,0.000000000000000000e+00,0.000000000000000000e+00,0.000000000000000000e+00,0.000000000000000000e+00,0.000000000000000000e+00,0.000000000000000000e+00,0.000000000000000000e+00,0.000000000000000000e+00,0.000000000000000000e+00,0.000000000000000000e+00,0.000000000000000000e+00,0.000000000000000000e+00,0.000000000000000000e+00,0.000000000000000000e+00,0.000000000000000000e+00,0.000000000000000000e+00,0.000000000000000000e+00,0.000000000000000000e+00,0.000000000000000000e+00,0.000000000000000000e+00,0.000000000000000000e+00,0.000000000000000000e+00,0.000000000000000000e+00,0.000000000000000000e+00,0.000000000000000000e+00,0.000000000000000000e+00,0.000000000000000000e+00,0.000000000000000000e+00,0.000000000000000000e+00,0.000000000000000000e+00,0.000000000000000000e+00,3.405763586680444696e-04,3.824199075222136810e-04,2.858168640354421413e-04,1.938152040579971030e-04,1.463863510807462119e-04,1.405443652942654461e-04,1.422544338334399809e-04,1.464688800582517991e-04,1.432826914007912216e-04,1.405017682412498467e-04,1.360898086158502133e-04,1.340129981323434096e-04,1.318440249965153490e-04,1.306090692476296125e-04,1.288474328173247810e-04,1.271646860213844791e-04,1.250430077337503826e-04,1.229653823473013613e-04,1.207404637913801916e-04,1.186714588678237459e-04,1.166290407646870608e-04,1.147901687184205182e-04,1.130402725130201134e-04,1.114923019596911473e-04,1.100440344268555505e-04,1.087772158068544480e-04,1.076032426625066587e-04,1.065874328008288005e-04,1.056548596935325370e-04,1.048597929642261083e-04,1.041385983257838137e-04,1.035352198217429521e-04,1.029941779722224731e-04,1.025493340215200076e-04,1.021517794428087494e-04,1.018271014622442724e-04,1.015334087651301751e-04,1.012911483507869260e-04,1.010665972914802840e-04,1.008771007782746990e-04,1.006957466941474014e-04,1.005354271045659736e-04,1.003730842815134998e-04,1.002171574248415472e-04,1.000491906012803816e-04,9.987490174407236989e-05,9.967811640178166315e-05,9.945760699599104772e-05,9.919681589923722736e-05,9.889536162042565550e-05,9.855447207602679386e-05,9.819551923669868549e-05,9.784401403405180054e-05,9.752607019745547479e-05,9.725462653914059767e-05,9.702414993170234609e-05,9.681852998239734432e-05,9.661326236602806440e-05,9.639503609345797619e-05,9.615398625027952290e-05,9.589834482053202736e-05,9.563297374874634436e-05,9.537381216185221195e-05,9.512351975771530523e-05,9.489270297205224468e-05,9.467641241108110150e-05,9.448015565797952418e-05,9.429510144429352155e-05,9.412561453471121554e-05,9.396245853383411797e-05,9.381086013317846569e-05,9.366246125530750726e-05,9.352361608872260560e-05,9.338680742666315788e-05,9.325884798417880038e-05,9.313237752770122801e-05,9.301379489336487427e-05,9.289545696824427496e-05,9.278319186623953962e-05,9.266953705322097631e-05,9.256041659263484090e-05,9.244937147462648592e-05,9.234286919477048452e-05,9.223547110620635987e-05,9.213354362272452042e-05,9.203159946263073956e-05,9.193454073870304560e-05,9.183557001475472104e-05,9.173721607851907016e-05,9.163115353524935126e-05,9.151819420557822781e-05,9.139010394339331191e-05,9.124839233093860172e-05,9.108764940051902682e-05,9.091242023858728228e-05,9.072120969299806033e-05,9.052089309097345626e-05,9.031129631423571785e-05,9.009786721007373206e-05,8.987799864758424411e-05,8.965338285080148015e-05,8.941888549248142623e-05,8.917464251119189842e-05,8.891644722652568354e-05,8.864623381149564136e-05,8.836266667330581266e-05,8.806968116093126194e-05,8.776766172400847586e-05,8.746107589697684924e-05,8.715088344170072554e-05,8.684146954786410913e-05,8.653380040939370505e-05,8.623140342696358328e-05,8.593434939700084132e-05,8.564503232331828150e-05,8.536344243596097141e-05,8.509262052516936568e-05,8.483398867917088689e-05,8.459112253889633786e-05,8.436433689061899246e-05,8.415359348812942854e-05,8.395425182444762294e-05,8.376141351581786016e-05,8.356791603478321863e-05,8.336957802585072928e-05,8.316323076565756262e-05,8.295036853387089770e-05,8.273334350104186933e-05,8.251719866661773946e-05,8.230509670780783730e-05,8.210030093935186503e-05,8.190254581478463472e-05,8.171126714762221108e-05,8.152296222285373279e-05,8.133513795884644740e-05,8.114368881045668988e-05,8.094676512367441311e-05,8.074152316167759909e-05,8.052771305712750054e-05,8.030376733864915762e-05,8.007036572136874101e-05,7.982610306007728172e-05,7.957138633631192809e-05,7.930390131436061251e-05,7.902307599311663084e-05,7.872538954127217986e-05,7.840942538363988043e-05,7.807089391457218224e-05,7.770822934094309589e-05,7.731733365730682629e-05,7.689802767993138028e-05,7.644901227604411291e-05,7.597570235900781707e-05,7.548508344589758472e-05,7.499242727358927467e-05,7.450954736009243273e-05,7.403937382280292683e-05,7.354567969356189236e-05,7.293522096078689095e-05,7.204467144786929993e-05,7.071313323007273838e-05,6.896922965001627155e-05,6.740095548748988128e-05,6.758394079273118756e-05,7.227895312830792923e-05,8.475688647772835419e-05,1.066443775949610129e-04,1.343129667679425401e-04,1.558272770419861239e-04,1.528208360349542010e-04,1.118964332632452685e-04,4.519246456188719948e-05,4.268126493524909832e-06
0.000000000000000000e+00,0.000000000000000000e+00,0.000000000000000000e+00,0.000000000000000000e+00,0.000000000000000000e+00,0.000000000000000000e+00,0.000000000000000000e+00,0.000000000000000000e+00,0.000000000000000000e+00,0.000000000000000000e+00,0.000000000000000000e+00,0.000000000000000000e+00,0.000000000000000000e+00,0.000000000000000000e+00,0.000000000000000000e+00,0.000000000000000000e+00,0.000000000000000000e+00,0.000000000000000000e+00,0.000000000000000000e+00,0.000000000000000000e+00,0.000000000000000000e+00,0.000000000000000000e+00,0.000000000000000000e+00,0.000000000000000000e+00,0.000000000000000000e+00,0.000000000000000000e+00,0.000000000000000000e+00,0.000000000000000000e+00,0.000000000000000000e+00,0.000000000000000000e+00,0.000000000000000000e+00,0.000000000000000000e+00,0.000000000000000000e+00,0.000000000000000000e+00,0.000000000000000000e+00,0.000000000000000000e+00,0.000000000000000000e+00,0.000000000000000000e+00,0.000000000000000000e+00,0.000000000000000000e+00,0.000000000000000000e+00,0.000000000000000000e+00,0.000000000000000000e+00,0.000000000000000000e+00,0.000000000000000000e+00,0.000000000000000000e+00,0.000000000000000000e+00,0.000000000000000000e+00,0.000000000000000000e+00,0.000000000000000000e+00,0.000000000000000000e+00,0.000000000000000000e+00,0.000000000000000000e+00,0.000000000000000000e+00,0.000000000000000000e+00,0.000000000000000000e+00,0.000000000000000000e+00,0.000000000000000000e+00,0.000000000000000000e+00,0.000000000000000000e+00,0.000000000000000000e+00,0.000000000000000000e+00,0.000000000000000000e+00,0.000000000000000000e+00,0.000000000000000000e+00,0.000000000000000000e+00,0.000000000000000000e+00,0.000000000000000000e+00,0.000000000000000000e+00,0.000000000000000000e+00,0.000000000000000000e+00,0.000000000000000000e+00,0.000000000000000000e+00,0.000000000000000000e+00,0.000000000000000000e+00,0.000000000000000000e+00,0.000000000000000000e+00,0.000000000000000000e+00,0.000000000000000000e+00,0.000000000000000000e+00,0.000000000000000000e+00,0.000000000000000000e+00,0.000000000000000000e+00,0.000000000000000000e+00,0.000000000000000000e+00,0.000000000000000000e+00,0.000000000000000000e+00,0.000000000000000000e+00,0.000000000000000000e+00,0.000000000000000000e+00,0.000000000000000000e+00,0.000000000000000000e+00,0.000000000000000000e+00,0.000000000000000000e+00,0.000000000000000000e+00,0.000000000000000000e+00,0.000000000000000000e+00,0.000000000000000000e+00,0.000000000000000000e+00,0.000000000000000000e+00,0.000000000000000000e+00,0.000000000000000000e+00,0.000000000000000000e+00,0.000000000000000000e+00,0.000000000000000000e+00,0.000000000000000000e+00,0.000000000000000000e+00,0.000000000000000000e+00,0.000000000000000000e+00,0.000000000000000000e+00,0.000000000000000000e+00,0.000000000000000000e+00,0.000000000000000000e+00,0.000000000000000000e+00,0.000000000000000000e+00,0.000000000000000000e+00,0.000000000000000000e+00,0.000000000000000000e+00,0.000000000000000000e+00,0.000000000000000000e+00,0.000000000000000000e+00,0.000000000000000000e+00,0.000000000000000000e+00,0.000000000000000000e+00,0.000000000000000000e+00,0.000000000000000000e+00,0.000000000000000000e+00,0.000000000000000000e+00,0.000000000000000000e+00,0.000000000000000000e+00,0.000000000000000000e+00,0.000000000000000000e+00,0.000000000000000000e+00,0.000000000000000000e+00,0.000000000000000000e+00,0.000000000000000000e+00,0.000000000000000000e+00,0.000000000000000000e+00,0.000000000000000000e+00,0.000000000000000000e+00,0.000000000000000000e+00,0.000000000000000000e+00,0.000000000000000000e+00,0.000000000000000000e+00,0.000000000000000000e+00,0.000000000000000000e+00,0.000000000000000000e+00,0.000000000000000000e+00,0.000000000000000000e+00,0.000000000000000000e+00,0.000000000000000000e+00,0.000000000000000000e+00,0.000000000000000000e+00,0.000000000000000000e+00,0.000000000000000000e+00,0.000000000000000000e+00,0.000000000000000000e+00,0.000000000000000000e+00,0.000000000000000000e+00,0.000000000000000000e+00,0.000000000000000000e+00,0.000000000000000000e+00,0.000000000000000000e+00,0.000000000000000000e+00,0.000000000000000000e+00,0.000000000000000000e+00,0.000000000000000000e+00,3.284908450604624372e-04,3.467808949971282043e-04,2.437126142001723439e-04,1.603330619867604761e-04,1.343637119356588100e-04,1.370598068583632207e-04,1.491737025770358590e-04,1.517052203565562155e-04,1.517752911055975161e-04,1.470687955692877573e-04,1.442199549314785736e-04,1.410802867525708234e-04,1.394387188205961203e-04,1.375452131718974368e-04,1.358637403239171433e-04,1.337460032431279510e-04,1.314911745375720226e-04,1.290439342913387839e-04,1.265578124730150421e-04,1.241253405633161767e-04,1.217578852773838229e-04,1.195584324345100579e-04,1.174611864225637932e-04,1.155595280838145745e-04,1.137606421794116253e-04,1.121487559823854135e-04,1.106295507027479984e-04,1.092794303431176493e-04,1.080128905005552483e-04,1.068980038586116101e-04,1.058598868935920590e-04,1.049563937262568006e-04,1.041215282824254018e-04,1.034017314022154935e-04,1.027382854307364919e-04,1.021669879068260031e-04,1.016362039222854169e-04,1.011736536510830640e-04,1.007359468008458446e-04,1.003459713282884338e-04,9.996900575899856148e-05,9.962364589626834582e-05,9.928101155975784420e-05,9.895414616471133093e-05,9.861902481272038579e-05,9.828544096053243686e-05,9.793446417253896179e-05,9.757040631559835706e-05,9.717358244451480484e-05,9.674236895612901182e-05,9.626666873685643449e-05,9.576115509886294543e-05,9.524494128143548447e-05,9.475043179710027183e-05,9.430002347166776709e-05,9.390266172534824621e-05,9.354920167409588871e-05,9.321753457239643885e-05,9.288805190269009500e-05,9.254427709976916958e-05,9.218707284772039963e-05,9.181878271282830164e-05,9.145444220434097052e-05,9.109898091500734298e-05,9.076466690554757793e-05,9.044870879006709698e-05,9.015718752590644899e-05,8.988173064743833305e-05,8.962611761217042193e-05,8.938065036855580520e-05,8.914974085720191730e-05,8.892451307605743396e-05,8.871088875508574393e-05,8.850119472044876156e-05,8.830234102368981954e-05,8.810712262025794349e-05,8.792228211412585919e-05,8.774025391614969965e-05,8.756701123745874152e-05,8.739475709927035853e-05,8.722918836891885297e-05,8.706317541373672112e-05,8.690285245385135238e-05,8.674219137787143993e-05,8.658755035999632171e-05,8.643330997047806797e-05,8.628490920388327237e-05,8.613592087040873688e-05,8.598977848735210312e-05,8.583864335453089103e-05,8.568401136586891386e-05,8.551756318433648846e-05,8.534063251772251745e-05,8.514679425138981027e-05,8.493966590345961932e-05,8.471646255806324305e-05,8.448343925028067684e-05,8.423999768158998915e-05,8.399207892714595177e-05,8.373769459182377000e-05,8.347965414345848102e-05,8.321359874552114444e-05,8.294054999023282913e-05,8.265676002811286264e-05,8.236478399827217218e-05,8.206357801659917384e-05,8.175738489190118420e-05,8.144626944842722641e-05,8.113403931765178132e-05,8.082034251889517963e-05,8.050826945904944291e-05,8.019754976325121746e-05,7.989109072841619227e-05,7.958862595986851754e-05,7.929249029358128697e-05,7.900234445993660796e-05,7.872075781591565636e-05,7.844851380192347076e-05,7.818889947775484271e-05,7.794235858769166508e-05,7.770949781499157845e-05,7.748636915009327519e-05,7.726849367188103643e-05,7.704847594631187408e-05,7.682137045144283888e-05,7.658298096124779863e-05,7.633403105402594615e-05,7.607668513553503807e-05,7.581653422216390911e-05,7.555785749359493757e-05,7.530529051045579112e-05,7.505984561958455568e-05,7.482187504747139328e-05,7.458834225018961270e-05,7.435677288956402608e-05,7.412277776799705337e-05,7.388401401580382995e-05,7.363709742586608056e-05,7.338122499980578189e-05,7.311438439918112428e-05,7.283691047316293260e-05,7.254726242596550186e-05,7.224588225010021624e-05,7.193073205541288169e-05,7.160164724998760953e-05,7.125563950619364110e-05,7.089176679980035533e-05,7.050610788294859254e-05,7.009718041027866557e-05,6.966069252905940140e-05,6.919594192804873298e-05,6.870095819471286780e-05,6.818050437471415517e-05,6.764126183728092715e-05,6.709868712424289392e-05,6.656513826494110588e-05,6.604364033603882256e-05,6.549610100920094690e-05,6.482366562161099666e-05,6.385288407190664898e-05,6.241078136984153080e-05,6.051959592175447578e-05,5.877931271382341055e-05,5.880792063763733390e-05,6.344059461320263168e-05,7.603511154151343843e-05,9.827921567848303360e-05,1.265462116174329455e-04,1.488596813138889788e-04,1.468756211758807852e-04,1.073991116734140120e-04,4.275144088585519951e-05,3.777889160897188659e-06
0.000000000000000000e+00,0.000000000000000000e+00,0.000000000000000000e+00,0.000000000000000000e+00,0.000000000000000000e+00,0.000000000000000000e+00,0.000000000000000000e+00,0.000000000000000000e+00,0.000000000000000000e+00,0.000000000000000000e+00,0.000000000000000000e+00,0.000000000000000000e+00,0.000000000000000000e+00,0.000000000000000000e+00,0.000000000000000000e+00,0.000000000000000000e+00,0.000000000000000000e+00,0.000000000000000000e+00,0.000000000000000000e+00,0.000000000000000000e+00,0.000000000000000000e+00,0.000000000000000000e+00,0.000000000000000000e+00,0.000000000000000000e+00,0.000000000000000000e+00,0.000000000000000000e+00,0.000000000000000000e+00,0.000000000000000000e+00,0.000000000000000000e+00,0.000000000000000000e+00,0.000000000000000000e+00,0.000000000000000000e+00,0.000000000000000000e+00,0.000000000000000000e+00,0.000000000000000000e+00,0.000000000000000000e+00,0.000000000000000000e+00,0.000000000000000000e+00,0.000000000000000000e+00,0.000000000000000000e+00,0.000000000000000000e+00,0.000000000000000000e+00,0.000000000000000000e+00,0.000000000000000000e+00,0.000000000000000000e+00,0.000000000000000000e+00,0.000000000000000000e+00,0.000000000000000000e+00,0.000000000000000000e+00,0.000000000000000000e+00,0.000000000000000000e+00,0.000000000000000000e+00,0.000000000000000000e+00,0.000000000000000000e+00,0.000000000000000000e+00,0.000000000000000000e+00,0.000000000000000000e+00,0.000000000000000000e+00,0.000000000000000000e+00,0.000000000000000000e+00,0.000000000000000000e+00,0.000000000000000000e+00,0.000000000000000000e+00,0.000000000000000000e+00,0.000000000000000000e+00,0.000000000000000000e+00,0.000000000000000000e+00,0.000000000000000000e+00,0.000000000000000000e+00,0.000000000000000000e+00,0.000000000000000000e+00,0.000000000000000000e+00,0.000000000000000000e+00,0.000000000000000000e+00,0.000000000000000000e+00,0.000000000000000000e+00,0.000000000000000000e+00,0.000000000000000000e+00,0.000000000000000000e+00,0.000000000000000000e+00,0.000000000000000000e+00,0.000000000000000000e+00,0.000000000000000000e+00,0.000000000000000000e+00,0.000000000000000000e+00,0.000000000000000000e+00,0.000000000000000000e+00,0.000000000000000000e+00,0.000000000000000000e+00,0.000000000000000000e+00,0.000000000000000000e+00,0.000000000000000000e+00,0.000000000000000000e+00,0.000000000000000000e+00,0.000000000000000000e+00,0.000000000000000000e+00,0.000000000000000000e+00,0.000000000000000000e+00,0.000000000000000000e+00,0.000000000000000000e+00,0.000000000000000000e+00,0.000000000000000000e+00,0.000000000000000000e+00,0.000000000000000000e+00,0.000000000000000000e+00,0.000000000000000000e+00,0.000000000000000000e+00,0.000000000000000000e+00,0.000000000000000000e+00,0.000000000000000000e+00,0.000000000000000000e+00,0.000000000000000000e+00,0.000000000000000000e+00,0.000000000000000000e+00,0.000000000000000000e+00,0.000000000000000000e+00,0.000000000000000000e+00,0.000000000000000000e+00,0.000000000000000000e+00,0.000000000000000000e+00,0.000000000000000000e+00,0.000000000000000000e+00,0.000000000000000000e+00,0.000000000000000000e+00,0.000000000000000000e+00,0.000000000000000000e+00,0.000000000000000000e+00,0.000000000000000000e+00,0.000000000000000000e+00,0.000000000000000000e+00,0.000000000000000000e+00,0.000000000000000000e+00,0.000000000000000000e+00,0.000000000000000000e+00,0.000000000000000000e+00,0.000000000000000000e+00,0.000000000000000000e+00,0.000000000000000000e+00,0.000000000000000000e+00,0.000000000000000000e+00,0.000000000000000000e+00,0.000000000000000000e+00,0.000000000000000000e+00,0.000000000000000000e+00,0.000000000000000000e+00,0.000000000000000000e+00,0.000000000000000000e+00,0.000000000000000000e+00,0.000000000000000000e+00,0.000000000000000000e+00,0.000000000000000000e+00,0.000000000000000000e+00,0.000000000000000000e+00,0.000000000000000000e+00,0.000000000000000000e+00,0.000000000000000000e+00,0.000000000000000000e+00,0.000000000000000000e+00,0.000000000000000000e+00,0.000000000000000000e+00,0.000000000000000000e+00,0.000000000000000000e+00,0.000000000000000000e+00,0.000000000000000000e+00,0.000000000000000000e+00,0.000000000000000000e+00,0.000000000000000000e+00,3.014859228320635777e-04,2.939859276314018394e-04,1.968534744518263854e-04,1.395388469230800113e-04,1.288389338879475398e-04,1.450291105739800904e-04,1.532024917908220293e-04,1.588859281375756870e-04,1.560335946738833802e-04,1.544955057232104780e-04,1.507206209214326177e-04,1.486085863543306468e-04,1.458388376052981042e-04,1.438571584695844889e-04,1.413402736695326179e-04,1.390231962644312481e-04,1.363030914107189458e-04,1.336891179876394749e-04,1.308934169724525871e-04,1.282698069449212037e-04,1.256262456076164046e-04,1.232027239572806431e-04,1.208345624026913414e-04,1.186909588983683456e-04,1.166239396127049957e-04,1.147627258194593007e-04,1.129781285985352780e-04,1.113762679396766432e-04,1.098476779027962558e-04,1.084823271797458839e-04,1.071881257431269883e-04,1.060404858998894781e-04,1.049606966486699557e-04,1.040097271684253816e-04,1.031188708786746059e-04,1.023355807663422188e-04,1.015993998167308981e-04,1.009465041474017822e-04,1.003247125982273440e-04,9.976255463188102898e-05,9.921732770972473581e-05,9.871272209699946318e-05,9.821416963965904192e-05,9.773956523135229023e-05,9.725967071459420054e-05,9.678758588860959377e-05,9.630048423615107829e-05,9.580770282545676805e-05,9.528822473861258010e-05,9.474273499162284330e-05,9.415289231832997324e-05,9.352645515933315527e-05,9.287187735165080150e-05,9.222181524606256253e-05,9.160377218684659340e-05,9.104113496501881379e-05,9.053541422454326965e-05,9.007217369852058789e-05,8.962929892828943495e-05,8.918508670057500383e-05,8.873189103341687822e-05,8.826763583265486530e-05,8.780447182016104047e-05,8.734870594252941336e-05,8.691388718946463376e-05,8.649982490396228958e-05,8.611348837193438495e-05,8.574758883510399856e-05,8.540550332488747848e-05,8.507746475137407558e-05,8.476699735661013581e-05,8.446487128125831911e-05,8.417630700190011333e-05,8.389350055835164950e-05,8.362312775365366639e-05,8.335818725850976160e-05,8.310554329611123604e-05,8.285791396261560110e-05,8.262136938787461129e-05,8.238811010498702891e-05,8.216361625024132644e-05,8.194037516857677903e-05,8.172408519533645472e-05,8.150824047496388206e-05,8.129891632094904288e-05,8.109031455192030225e-05,8.088805338723799190e-05,8.068601647467162248e-05,8.048829220297033565e-05,8.028766938318604570e-05,8.008637921999957809e-05,7.987646209978937443e-05,7.965936791281680708e-05,7.942814056258321921e-05,7.918557286535757636e-05,7.892765240130904031e-05,7.865962519111913717e-05,7.838012699102097551e-05,7.809508588669512549e-05,7.780298375368162279e-05,7.750768112145981306e-05,7.720589426867399479e-05,7.689973594826921455e-05,7.658618156763862483e-05,7.626836880943825277e-05,7.594552495941266968e-05,7.562205485676328539e-05,7.529778888822378320e-05,7.497596316201124021e-05,7.465514106832456590e-05,7.433714674478153137e-05,7.402044841775275825e-05,7.370711179853805574e-05,7.339641721228375030e-05,7.309054814571734008e-05,7.278892452013077544e-05,7.249365873848357300e-05,7.220487478937078569e-05,7.192535318087834185e-05,7.165547607659905930e-05,7.139636038220045983e-05,7.114489590588536237e-05,7.089732208741414898e-05,7.064642825832501659e-05,7.038675672495488755e-05,7.011312944821520622e-05,6.982523636530944898e-05,6.952466660020398443e-05,6.921713039449400146e-05,6.890777148178827988e-05,6.860252807703394245e-05,6.830385985833793304e-05,6.801331234801847648e-05,6.772866660369041838e-05,6.744775828127452897e-05,6.716615154270443803e-05,6.688112775600829943e-05,6.658881848049691301e-05,6.628783519530446078e-05,6.597566748738967874e-05,6.565220380302962924e-05,6.531567755876326704e-05,6.496645305240620651e-05,6.460268920171740041e-05,6.422454099349032169e-05,6.382950915545148511e-05,6.341707322191649204e-05,6.298367252817629978e-05,6.252788196601472633e-05,6.204524118997488619e-05,6.153452810697744406e-05,6.099317164743972791e-05,6.042532103013454193e-05,5.983746324842283354e-05,5.924527244360237952e-05,5.866172724846349646e-05,5.808985017628924460e-05,5.748957294649525171e-05,5.675604063161397581e-05,5.570530900938846716e-05,5.415171784097043271e-05,5.211074675237448937e-05,5.019377102557441946e-05,5.006067026616566133e-05,5.461981520621316894e-05,6.731485110845785347e-05,8.989441122917686750e-05,1.187384307789740025e-04,1.418399849405850056e-04,1.408848059270670545e-04,1.028732122424520366e-04,4.029856760908885334e-05,3.286701177644435528e-06
0.000000000000000000e+00,0.000000000000000000e+00,0.000000000000000000e+00,0.000000000000000000e+00,0.000000000000000000e+00,0.000000000000000000e+00,0.000000000000000000e+00,0.000000000000000000e+00,0.000000000000000000e+00,0.000000000000000000e+00,0.000000000000000000e+00,0.000000000000000000e+00,0.000000000000000000e+00,0.000000000000000000e+00,0.000000000000000000e+00,0.000000000000000000e+00,0.000000000000000000e+00,0.000000000000000000e+00,0.000000000000000000e+00,0.000000000000000000e+00,0.000000000000000000e+00,0.000000000000000000e+00,0.000000000000000000e+00,0.000000000000000000e+00,0.000000000000000000e+00,0.000000000000000000e+00,0.000000000000000000e+00,0.000000000000000000e+00,0.000000000000000000e+00,0.000000000000000000e+00,0.000000000000000000e+00,0.000000000000000000e+00,0.000000000000000000e+00,0.000000000000000000e+00,0.000000000000000000e+00,0.000000000000000000e+00,0.000000000000000000e+00,0.000000000000000000e+00,0.000000000000000000e+00,0.000000000000000000e+00,0.000000000000000000e+00,0.000000000000000000e+00,0.000000000000000000e+00,0.000000000000000000e+00,0.000000000000000000e+00,0.000000000000000000e+00,0.000000000000000000e+00,0.000000000000000000e+00,0.000000000000000000e+00,0.000000000000000000e+00,0.000000000000000000e+00,0.000000000000000000e+00,0.000000000000000000e+00,0.000000000000000000e+00,0.000000000000000000e+00,0.000000000000000000e+00,0.000000000000000000e+00,0.000000000000000000e+00,0.000000000000000000e+00,0.000000000000000000e+00,0.000000000000000000e+00,0.000000000000000000e+00,0.000000000000000000e+00,0.000000000000000000e+00,0.000000000000000000e+00,0.000000000000000000e+00,0.000000000000000000e+00,0.000000000000000000e+00,0.000000000000000000e+00,0.000000000000000000e+00,0.000000000000000000e+00,0.000000000000000000e+00,0.000000000000000000e+00,0.000000000000000000e+00,0.000000000000000000e+00,0.000000000000000000e+00,0.000000000000000000e+00,0.000000000000000000e+00,0.000000000000000000e+00,0.000000000000000000e+00,0.000000000000000000e+00,0.000000000000000000e+00,0.000000000000000000e+00,0.000000000000000000e+00,0.000000000000000000e+00,0.000000000000000000e+00,0.000000000000000000e+00,0.000000000000000000e+00,0.000000000000000000e+00,0.000000000000000000e+00,0.000000000000000000e+00,0.000000000000000000e+00,0.000000000000000000e+00,0.000000000000000000e+00,0.000000000000000000e+00,0.000000000000000000e+00,0.000000000000000000e+00,0.000000000000000000e+00,0.000000000000000000e+00,0.000000000000000000e+00,0.000000000000000000e+00,0.000000000000000000e+00,0.000000000000000000e+00,0.000000000000000000e+00,0.000000000000000000e+00,0.000000000000000000e+00,0.000000000000000000e+00,0.000000000000000000e+00,0.000000000000000000e+00,0.000000000000000000e+00,0.000000000000000000e+00,0.000000000000000000e+00,0.000000000000000000e+00,0.000000000000000000e+00,0.000000000000000000e+00,0.000000000000000000e+00,0.000000000000000000e+00,0.000000000000000000e+00,0.000000000000000000e+00,0.000000000000000000e+00,0.000000000000000000e+00,0.000000000000000000e+00,0.000000000000000000e+00,0.000000000000000000e+00,0.000000000000000000e+00,0.000000000000000000e+00,0.000000000000000000e+00,0.000000000000000000e+00,0.000000000000000000e+00,0.000000000000000000e+00,0.000000000000000000e+00,0.000000000000000000e+00,0.000000000000000000e+00,0.000000000000000000e+00,0.000000000000000000e+00,0.000000000000000000e+00,0.000000000000000000e+00,0.000000000000000000e+00,0.000000000000000000e+00,0.000000000000000000e+00,0.000000000000000000e+00,0.000000000000000000e+00,0.000000000000000000e+00,0.000000000000000000e+00,0.000000000000000000e+00,0.000000000000000000e+00,0.000000000000000000e+00,0.000000000000000000e+00,0.000000000000000000e+00,0.000000000000000000e+00,0.000000000000000000e+00,0.000000000000000000e+00,0.000000000000000000e+00,0.000000000000000000e+00,0.000000000000000000e+00,0.000000000000000000e+00,0.000000000000000000e+00,0.000000000000000000e+00,0.000000000000000000e+00,0.000000000000000000e+00,0.000000000000000000e+00,0.000000000000000000e+00,0.000000000000000000e+00,0.000000000000000000e+00,0.000000000000000000e+00,0.000000000000000000e+00,0.000000000000000000e+00,2.599417383650618786e-04,2.481685981646962144e-04,1.755695134454552731e-04,1.367731920097976285e-04,1.381300315923341977e-04,1.420526578940126930e-04,1.515769152730110007e-04,1.522530488459354961e-04,1.568200804240398570e-04,1.564881428728879284e-04,1.560756012164548614e-04,1.532256950562253274e-04,1.505469356228916538e-04,1.472958805672831850e-04,1.443320484470121895e-04,1.413217821565026762e-04,1.384074462973305583e-04,1.355398412168545613e-04,1.326738052268479091e-04,1.299310680604074753e-04,1.272110061248396887e-04,1.246820848084463813e-04,1.222102457808545281e-04,1.199529076573386453e-04,1.177633334971111022e-04,1.157780508221990307e-04,1.138573069399828071e-04,1.121199977171260544e-04,1.104433260202934437e-04,1.089310124229894537e-04,1.074787681935601447e-04,1.061753710229940178e-04,1.049323253672117067e-04,1.038230111512562543e-04,1.027710975022439859e-04,1.018348713582163629e-04,1.009474399791232785e-04,1.001535280148582513e-04,9.939449574624566728e-05,9.870458371677190792e-05,9.803429164957856896e-05,9.741149719101519866e-05,9.679631777333700835e-05,9.621110942451867190e-05,9.562243641667199302e-05,9.504642622357924197e-05,9.445588875329527219e-05,9.386362479829214321e-05,9.324747893361197719e-05,9.261252194494096267e-05,9.193606116006893436e-05,9.122119963296346646e-05,9.046438925825077480e-05,8.969338135293230217e-05,8.893496214671974453e-05,8.822391888958013386e-05,8.757373626151319262e-05,8.698222460914420591e-05,8.642960520472338121e-05,8.589201873587539685e-05,8.535356166831950075e-05,8.480639170689566642e-05,8.425766305995453375e-05,8.371370945717442123e-05,8.318852996082735560e-05,8.268470334210354907e-05,8.221028207518212808e-05,8.175969939723442344e-05,8.133615605861382132e-05,8.093030328510587737e-05,8.054477548746559088e-05,8.017025562244412375e-05,7.981104998479173569e-05,7.945931753898641042e-05,7.912116816759129259e-05,7.878985429471185636e-05,7.847207485544442412e-05,7.816099294012703578e-05,7.786264842038577905e-05,7.756954719575230768e-05,7.728693727522031843e-05,7.700725514544803961e-05,7.673570480601829276e-05,7.646551052339553827e-05,7.620226108343403331e-05,7.594002215735359677e-05,7.568426683879803541e-05,7.542914737671257150e-05,7.517909371248840508e-05,7.492756986464277499e-05,7.467744041066040443e-05,7.442142300315134366e-05,7.416128027374828500e-05,7.389003118465750284e-05,7.360985668316022163e-05,7.331578297090525899e-05,7.301184836182498627e-05,7.269571354212068810e-05,7.237277989805538823e-05,7.204174371616858905e-05,7.170727546438288122e-05,7.136733749693093822e-05,7.102528763569251815e-05,7.067914042329829323e-05,7.033265094870158845e-05,6.998534510045734049e-05,6.964160849626911199e-05,6.930105023703789734e-05,6.896636198687492662e-05,6.863527686858301481e-05,6.830848085054090060e-05,6.798328869966836817e-05,6.766077631659730930e-05,6.733964576862483994e-05,6.702175501122219670e-05,6.670629760753396173e-05,6.639491927877559424e-05,6.608710868275330060e-05,6.578497940873266928e-05,6.548868872144202621e-05,6.519969303510183753e-05,6.491580516338421884e-05,6.463424467538344740e-05,6.434844270608092902e-05,6.405278851796941393e-05,6.374130514910213846e-05,6.341248118939165875e-05,6.306695409397724021e-05,6.271003606665470935e-05,6.234732964335878394e-05,6.198583354015357687e-05,6.162948380101331881e-05,6.128121471507708303e-05,6.093995898997700881e-05,6.060418788722007579e-05,6.026971871783639336e-05,5.993365191071007658e-05,5.959176404257801092e-05,5.924212139202671325e-05,5.888171980605627257e-05,5.850995695486658419e-05,5.812478395439461359e-05,5.772640770594389159e-05,5.731310345643468124e-05,5.688526256183802968e-05,5.644079780659096808e-05,5.597954710470560866e-05,5.549825181119773731e-05,5.499551195382655866e-05,5.446666658016515290e-05,5.390998756106432600e-05,5.332231374726136832e-05,5.270725869329074252e-05,5.207116837048476698e-05,5.143005200877269598e-05,5.079752485027230795e-05,5.017662990311585520e-05,4.952510416241938976e-05,4.873182679870938997e-05,4.760178852501099309e-05,4.593619208171232027e-05,4.374315714966849300e-05,4.164521316099233480e-05,4.134352844253135167e-05,4.581902963863534643e-05,5.859969682666472859e-05,8.149472586061732888e-05,1.108936744395351413e-04,1.347698321863539494e-04,1.348469324283064845e-04,9.831720493388930362e-05,3.783251002168738558e-05,2.794276035165795762e-06
0.000000000000000000e+00,0.000000000000000000e+00,0.000000000000000000e+00,0.000000000000000000e+00,0.000000000000000000e+00,0.000000000000000000e+00,0.000000000000000000e+00,0.000000000000000000e+00,0.000000000000000000e+00,0.000000000000000000e+00,0.000000000000000000e+00,0.000000000000000000e+00,0.000000000000000000e+00,0.000000000000000000e+00,0.000000000000000000e+00,0.000000000000000000e+00,0.000000000000000000e+00,0.000000000000000000e+00,0.000000000000000000e+00,0.000000000000000000e+00,0.000000000000000000e+00,0.000000000000000000e+00,0.000000000000000000e+00,0.000000000000000000e+00,0.000000000000000000e+00,0.000000000000000000e+00,0.000000000000000000e+00,0.000000000000000000e+00,0.000000000000000000e+00,0.000000000000000000e+00,0.000000000000000000e+00,0.000000000000000000e+00,0.000000000000000000e+00,0.000000000000000000e+00,0.000000000000000000e+00,0.000000000000000000e+00,0.000000000000000000e+00,0.000000000000000000e+00,0.000000000000000000e+00,0.000000000000000000e+00,0.000000000000000000e+00,0.000000000000000000e+00,0.000000000000000000e+00,0.000000000000000000e+00,0.000000000000000000e+00,0.000000000000000000e+00,0.000000000000000000e+00,0.000000000000000000e+00,0.000000000000000000e+00,0.000000000000000000e+00,0.000000000000000000e+00,0.000000000000000000e+00,0.000000000000000000e+00,0.000000000000000000e+00,0.000000000000000000e+00,0.000000000000000000e+00,0.000000000000000000e+00,0.000000000000000000e+00,0.000000000000000000e+00,0.000000000000000000e+00,0.000000000000000000e+00,0.000000000000000000e+00,0.000000000000000000e+00,0.000000000000000000e+00,0.000000000000000000e+00,0.000000000000000000e+00,0.000000000000000000e+00,0.000000000000000000e+00,0.000000000000000000e+00,0.000000000000000000e+00,0.000000000000000000e+00,0.000000000000000000e+00,0.000000000000000000e+00,0.000000000000000000e+00,0.000000000000000000e+00,0.000000000000000000e+00,0.000000000000000000e+00,0.000000000000000000e+00,0.000000000000000000e+00,0.000000000000000000e+00,0.000000000000000000e+00,0.000000000000000000e+00,0.000000000000000000e+00,0.000000000000000000e+00,0.000000000000000000e+00,0.000000000000000000e+00,0.000000000000000000e+00,0.000000000000000000e+00,0.000000000000000000e+00,0.000000000000000000e+00,0.000000000000000000e+00,0.000000000000000000e+00,0.000000000000000000e+00,0.000000000000000000e+00,0.000000000000000000e+00,0.000000000000000000e+00,0.000000000000000000e+00,0.000000000000000000e+00,0.000000000000000000e+00,0.000000000000000000e+00,0.000000000000000000e+00,0.000000000000000000e+00,0.000000000000000000e+00,0.000000000000000000e+00,0.000000000000000000e+00,0.000000000000000000e+00,0.000000000000000000e+00,0.000000000000000000e+00,0.000000000000000000e+00,0.000000000000000000e+00,0.000000000000000000e+00,0.000000000000000000e+00,0.000000000000000000e+00,0.000000000000000000e+00,0.000000000000000000e+00,0.000000000000000000e+00,0.000000000000000000e+00,0.000000000000000000e+00,0.000000000000000000e+00,0.000000000000000000e+00,0.000000000000000000e+00,0.000000000000000000e+00,0.000000000000000000e+00,0.000000000000000000e+00,0.000000000000000000e+00,0.000000000000000000e+00,0.000000000000000000e+00,0.000000000000000000e+00,0.000000000000000000e+00,0.000000000000000000e+00,0.000000000000000000e+00,0.000000000000000000e+00,0.000000000000000000e+00,0.000000000000000000e+00,0.000000000000000000e+00,0.000000000000000000e+00,0.000000000000000000e+00,0.000000000000000000e+00,0.000000000000000000e+00,0.000000000000000000e+00,0.000000000000000000e+00,0.000000000000000000e+00,0.000000000000000000e+00,0.000000000000000000e+00,0.000000000000000000e+00,0.000000000000000000e+00,0.000000000000000000e+00,0.000000000000000000e+00,0.000000000000000000e+00,0.000000000000000000e+00,0.000000000000000000e+00,0.000000000000000000e+00,0.000000000000000000e+00,0.000000000000000000e+00,0.000000000000000000e+00,0.000000000000000000e+00,0.000000000000000000e+00,0.000000000000000000e+00,0.000000000000000000e+00,0.000000000000000000e+00,0.000000000000000000e+00,0.000000000000000000e+00,0.000000000000000000e+00,0.000000000000000000e+00,0.000000000000000000e+00,0.000000000000000000e+00,0.000000000000000000e+00,2.171040001303633582e-04,2.203136586799272275e-04,1.857289482669168608e-04,1.667515959208615425e-04,1.348249515890777674e-04,1.242140821342521857e-04,1.166068111708338059e-04,1.327443823151139627e-04,1.442630165301048649e-04,1.538208592110715549e-04,1.554093600792271119e-04,1.544890968357578141e-04,1.506617326619301075e-04,1.469914405452018159e-04,1.430024131701962550e-04,1.397497070217137375e-04,1.365279827303970614e-04,1.337450795982798456e-04,1.308961137989046546e-04,1.283036118474907984e-04,1.256580328382992003e-04,1.232441289338676255e-04,1.208324233592082431e-04,1.186492979219897805e-04,1.164970857432794262e-04,1.145530796676583879e-04,1.126460555825879489e-04,1.109204287197610285e-04,1.092323760255698806e-04,1.077031485008345357e-04,1.062140834801924275e-04,1.048674346280405726e-04,1.035651460904360151e-04,1.023920118137709273e-04,1.012655326325051183e-04,1.002539202360102272e-04,9.928603778663148754e-05,9.841484409849208181e-05,9.757793030108812210e-05,9.681541515868953129e-05,9.607324494097357740e-05,9.538289544220934302e-05,9.470003118637917419e-05,9.405053844731976721e-05,9.339790650869005334e-05,9.276124005008427713e-05,9.210954603102757118e-05,9.145754235515179866e-05,9.078116553697027742e-05,9.008996578307956499e-05,8.936001106576267074e-05,8.859312934594062560e-05,8.777530044847148695e-05,8.692646660902248509e-05,8.606706615669255207e-05,8.523806053292072994e-05,8.446340541662939318e-05,8.375587842026865318e-05,8.310289825711517878e-05,8.248281994019676731e-05,8.187333325905500267e-05,8.126050272510764122e-05,8.064463259888113810e-05,8.003045149053731678e-05,7.943112814389755776e-05,7.885181898277163594e-05,7.830164521951066758e-05,7.777734169562617759e-05,7.728216146479344976e-05,7.680772363621512990e-05,7.635582822593031259e-05,7.591742827372599750e-05,7.549576758545481373e-05,7.508314067757582947e-05,7.468478905874200270e-05,7.429429344300556199e-05,7.391786642379869095e-05,7.354924322820149236e-05,7.319423384267740381e-05,7.284591319235793870e-05,7.250923253214622765e-05,7.217691316264812607e-05,7.185361989486539714e-05,7.153257820482239221e-05,7.121874734228227847e-05,7.090618496084147152e-05,7.059995165481020496e-05,7.029447550557832750e-05,6.999420560865781999e-05,6.969328350622542505e-05,6.939499242389954965e-05,6.909291530751288373e-05,6.878918964162906882e-05,6.847725370707741612e-05,6.815891280081692730e-05,6.782863520797109030e-05,6.748923982513511022e-05,6.713738794841833538e-05,6.677752734217742717e-05,6.640828463352199803e-05,6.603475946448281002e-05,6.565617063911268576e-05,6.527715859378166734e-05,6.489708214252655775e-05,6.452041019744594191e-05,6.414707802804724731e-05,6.378129583099983839e-05,6.342242559259036159e-05,6.307256595527852743e-05,6.272884199335100456e-05,6.239097130860660179e-05,6.205533284069353870e-05,6.172196745734337745e-05,6.138891893695772603e-05,6.105750858443653630e-05,6.072664980240898458e-05,6.039746269312451461e-05,6.006883359933151803e-05,5.974208630130305685e-05,5.941701363309356609e-05,5.909520671352024566e-05,5.877541350720879925e-05,5.845602881664685387e-05,5.813158931919524614e-05,5.779678698938628390e-05,5.744519492959684724e-05,5.707409482677110586e-05,5.668289433422751459e-05,5.627597923013140851e-05,5.585889919864999408e-05,5.543930210857849898e-05,5.502245825323487431e-05,5.461274506493259996e-05,5.421050132473585200e-05,5.381512902327938440e-05,5.342301710067741432e-05,5.303131665609079454e-05,5.263563729170735503e-05,5.223359444018545628e-05,5.182176184707411890e-05,5.139905435836702400e-05,5.096314736342932709e-05,5.051404578994616663e-05,5.005010433182032701e-05,4.957187087482559253e-05,4.907761339016427493e-05,4.856743996943981831e-05,4.803834687156419673e-05,4.748888662928289458e-05,4.691418296009185196e-05,4.631196273162279981e-05,4.567851553894269098e-05,4.501693233797803164e-05,4.433352851163861855e-05,4.364469397700458962e-05,4.296479615226633710e-05,4.229682908742459879e-05,4.159624398217402254e-05,4.074522301255083316e-05,3.953725684677657210e-05,3.775971011362549664e-05,3.541298863392659493e-05,3.313034461539220165e-05,3.265419418496400981e-05,3.703721733975146599e-05,4.989073357240242634e-05,7.308308750185143186e-05,1.030159251041273382e-04,1.276515510571687832e-04,1.287620915169726413e-04,9.372900337087310303e-05,3.535212407773856517e-05,2.299933747828985125e-06
0.000000000000000000e+00,0.000000000000000000e+00,0.000000000000000000e+00,0.000000000000000000e+00,0.000000000000000000e+00,0.000000000000000000e+00,0.000000000000000000e+00,0.000000000000000000e+00,0.000000000000000000e+00,0.000000000000000000e+00,0.000000000000000000e+00,0.000000000000000000e+00,0.000000000000000000e+00,0.000000000000000000e+00,0.000000000000000000e+00,0.000000000000000000e+00,0.000000000000000000e+00,0.000000000000000000e+00,0.000000000000000000e+00,0.000000000000000000e+00,0.000000000000000000e+00,0.000000000000000000e+00,0.000000000000000000e+00,0.000000000000000000e+00,0.000000000000000000e+00,0.000000000000000000e+00,0.000000000000000000e+00,0.000000000000000000e+00,0.000000000000000000e+00,0.000000000000000000e+00,0.000000000000000000e+00,0.000000000000000000e+00,0.000000000000000000e+00,0.000000000000000000e+00,0.000000000000000000e+00,0.000000000000000000e+00,0.000000000000000000e+00,0.000000000000000000e+00,0.000000000000000000e+00,0.000000000000000000e+00,0.000000000000000000e+00,0.000000000000000000e+00,0.000000000000000000e+00,0.000000000000000000e+00,0.000000000000000000e+00,0.000000000000000000e+00,0.000000000000000000e+00,0.000000000000000000e+00,0.000000000000000000e+00,0.000000000000000000e+00,0.000000000000000000e+00,0.000000000000000000e+00,0.000000000000000000e+00,0.000000000000000000e+00,0.000000000000000000e+00,0.000000000000000000e+00,0.000000000000000000e+00,0.000000000000000000e+00,0.000000000000000000e+00,0.000000000000000000e+00,0.000000000000000000e+00,0.000000000000000000e+00,0.000000000000000000e+00,0.000000000000000000e+00,0.000000000000000000e+00,0.000000000000000000e+00,0.000000000000000000e+00,0.000000000000000000e+00,0.000000000000000000e+00,0.000000000000000000e+00,0.000000000000000000e+00,0.000000000000000000e+00,0.000000000000000000e+00,0.000000000000000000e+00,0.000000000000000000e+00,0.000000000000000000e+00,0.000000000000000000e+00,0.000000000000000000e+00,0.000000000000000000e+00,0.000000000000000000e+00,0.000000000000000000e+00,0.000000000000000000e+00,0.000000000000000000e+00,0.000000000000000000e+00,0.000000000000000000e+00,0.000000000000000000e+00,0.000000000000000000e+00,0.000000000000000000e+00,0.000000000000000000e+00,0.000000000000000000e+00,0.000000000000000000e+00,0.000000000000000000e+00,0.000000000000000000e+00,0.000000000000000000e+00,0.000000000000000000e+00,0.000000000000000000e+00,0.000000000000000000e+00,0.000000000000000000e+00,0.000000000000000000e+00,0.000000000000000000e+00,0.000000000000000000e+00,0.000000000000000000e+00,0.000000000000000000e+00,0.000000000000000000e+00,0.000000000000000000e+00,0.000000000000000000e+00,0.000000000000000000e+00,0.000000000000000000e+00,0.000000000000000000e+00,0.000000000000000000e+00,0.000000000000000000e+00,0.000000000000000000e+00,0.000000000000000000e+00,0.000000000000000000e+00,0.000000000000000000e+00,0.000000000000000000e+00,0.000000000000000000e+00,0.000000000000000000e+00,0.000000000000000000e+00,0.000000000000000000e+00,0.000000000000000000e+00,0.000000000000000000e+00,0.000000000000000000e+00,0.000000000000000000e+00,0.000000000000000000e+00,0.000000000000000000e+00,0.000000000000000000e+00,0.000000000000000000e+00,0.000000000000000000e+00,0.000000000000000000e+00,0.000000000000000000e+00,0.000000000000000000e+00,0.000000000000000000e+00,0.000000000000000000e+00,0.000000000000000000e+00,0.000000000000000000e+00,0.000000000000000000e+00,0.000000000000000000e+00,0.000000000000000000e+00,0.000000000000000000e+00,0.000000000000000000e+00,0.000000000000000000e+00,0.000000000000000000e+00,0.000000000000000000e+00,0.000000000000000000e+00,0.000000000000000000e+00,0.000000000000000000e+00,0.000000000000000000e+00,0.000000000000000000e+00,0.000000000000000000e+00,0.000000000000000000e+00,0.000000000000000000e+00,0.000000000000000000e+00,0.000000000000000000e+00,0.000000000000000000e+00,0.000000000000000000e+00,0.000000000000000000e+00,0.000000000000000000e+00,0.000000000000000000e+00,0.000000000000000000e+00,0.000000000000000000e+00,0.000000000000000000e+00,0.000000000000000000e+00,0.000000000000000000e+00,0.000000000000000000e+00,0.000000000000000000e+00,0.000000000000000000e+00,2.041656028078328870e-04,2.676038823259576770e-04,2.748823270328183081e-04,2.027907598538691988e-04,1.165321612117509409e-04,4.130175420362911833e-05,5.710090296382635579e-05,8.851299683532214092e-05,1.221528283245317057e-04,1.404285418513246102e-04,1.489469469085202152e-04,1.487670483704976374e-04,1.455114484375683525e-04,1.409054829011991512e-04,1.367405099662953702e-04,1.331850834709714471e-04,1.301792955159168468e-04,1.275977606662951345e-04,1.251253138820920493e-04,1.228547704430956193e-04,1.205560494168358873e-04,1.184393251610571870e-04,1.163101801350755328e-04,1.143770669723722885e-04,1.124525111231767014e-04,1.107134711757693082e-04,1.089874396087425751e-04,1.074236052147857219e-04,1.058729957393822024e-04,1.044627604748677065e-04,1.030687531114411667e-04,1.017993420348233484e-04,1.005523323717984142e-04,9.941897962221833511e-05,9.831448667111200058e-05,9.731379709111776855e-05,9.634483740961360086e-05,9.546703878861561568e-05,9.461747300030321016e-05,9.384161996392919095e-05,9.308400382405391247e-05,9.237935587376074878e-05,9.168064346848496017e-05,9.101614594801654115e-05,9.034735476217796164e-05,8.969607621733012559e-05,8.902886632540721996e-05,8.836146566047379343e-05,8.766715566857363902e-05,8.695853027068816180e-05,8.621186756406947198e-05,8.543066890319574560e-05,8.459380665752547939e-05,8.371321276035743073e-05,8.279902230006361513e-05,8.189237026267293335e-05,8.102368700097479864e-05,8.022086081623739772e-05,7.948226260678490534e-05,7.879337082020997671e-05,7.812877784653893753e-05,7.746946566134936454e-05,7.680771345044909448e-05,7.614501832451536388e-05,7.549208562740649341e-05,7.485606231635157190e-05,7.424683890329544312e-05,7.366389554450467189e-05,7.311071851407203461e-05,7.258046357685852710e-05,7.207418692644292665e-05,7.158353603738264897e-05,7.111060697923465759e-05,7.064807996622559532e-05,7.020007603693296074e-05,6.976061940986917652e-05,6.933511175350717728e-05,6.891796809326788096e-05,6.851451444799679070e-05,6.811860711733669707e-05,6.773477778397729164e-05,6.735633914221437633e-05,6.698735814068804595e-05,6.662135690083159959e-05,6.626256152101926776e-05,6.590521462124553965e-05,6.555375922435603274e-05,6.520296890074459202e-05,6.485702143265064995e-05,6.451073745120843375e-05,6.416754650209612434e-05,6.382198456956998125e-05,6.347649429432282561e-05,6.312526664587104911e-05,6.276991641758159900e-05,6.240480817176329714e-05,6.203166918905146502e-05,6.164632464211069183e-05,6.125199384387096976e-05,6.084700550927492986e-05,6.043643804454339614e-05,6.002062623522898147e-05,5.960537270565679932e-05,5.919160278414359327e-05,5.878461077622223997e-05,5.838493514023746465e-05,5.799652866219125186e-05,5.761849363665026301e-05,5.725223336114124259e-05,5.689442261249334136e-05,5.654396449879151330e-05,5.619658084220226609e-05,5.585133365976852006e-05,5.550561083692945693e-05,5.516000259891619309e-05,5.481305049112285076e-05,5.446524101071566513e-05,5.411487676279709975e-05,5.376238786231193412e-05,5.340707962122681965e-05,5.305044024320474722e-05,5.269207744060219913e-05,5.233165355688162534e-05,5.196522578713355905e-05,5.158829723345861157e-05,5.119449415705662828e-05,5.078008747799156431e-05,5.034315088499269418e-05,4.988670004439750766e-05,4.941569344430803173e-05,4.893790008953273555e-05,4.845961930240842583e-05,4.798656708789461199e-05,4.752061666943799284e-05,4.706232028542425150e-05,4.660892078617646413e-05,4.615785189425060912e-05,4.570475845902430653e-05,4.524693349886078512e-05,4.478063341330761217e-05,4.430434862455072441e-05,4.381552519327234845e-05,4.331397699500269137e-05,4.279813127769165163e-05,4.226865814956641049e-05,4.172413110332541639e-05,4.116487460541878965e-05,4.058808070480699848e-05,3.999221705487302327e-05,3.937215096516089946e-05,3.872506692347613247e-05,3.804669889497220398e-05,3.733967876008777734e-05,3.661033152037442240e-05,3.587554990843092295e-05,3.515048027997881276e-05,3.443811389514090217e-05,3.369139153486091565e-05,3.278550171205419066e-05,3.150177196762682147e-05,2.961320142249608596e-05,2.711186109926220922e-05,2.464170092108822289e-05,2.398620317053454498e-05,2.826974361274101741e-05,4.118562122979755675e-05,6.466017984847532638e-05,9.510765775936469825e-05,1.204876550072278595e-04,1.226307000836508645e-04,8.910860044188828209e-05,3.285613764431999227e-05,1.802284889180239310e-06
0.000000000000000000e+00,0.000000000000000000e+00,0.000000000000000000e+00,0.000000000000000000e+00,0.000000000000000000e+00,0.000000000000000000e+00,0.000000000000000000e+00,0.000000000000000000e+00,0.000000000000000000e+00,0.000000000000000000e+00,0.000000000000000000e+00,0.000000000000000000e+00,0.000000000000000000e+00,0.000000000000000000e+00,0.000000000000000000e+00,0.000000000000000000e+00,0.000000000000000000e+00,0.000000000000000000e+00,0.000000000000000000e+00,0.000000000000000000e+00,0.000000000000000000e+00,0.000000000000000000e+00,0.000000000000000000e+00,0.000000000000000000e+00,0.000000000000000000e+00,0.000000000000000000e+00,0.000000000000000000e+00,0.000000000000000000e+00,0.000000000000000000e+00,0.000000000000000000e+00,0.000000000000000000e+00,0.000000000000000000e+00,0.000000000000000000e+00,0.000000000000000000e+00,0.000000000000000000e+00,0.000000000000000000e+00,0.000000000000000000e+00,0.000000000000000000e+00,0.000000000000000000e+00,0.000000000000000000e+00,0.000000000000000000e+00,0.000000000000000000e+00,0.000000000000000000e+00,0.000000000000000000e+00,0.000000000000000000e+00,0.000000000000000000e+00,0.000000000000000000e+00,0.000000000000000000e+00,0.000000000000000000e+00,0.000000000000000000e+00,0.000000000000000000e+00,0.000000000000000000e+00,0.000000000000000000e+00,0.000000000000000000e+00,0.000000000000000000e+00,0.000000000000000000e+00,0.000000000000000000e+00,0.000000000000000000e+00,0.000000000000000000e+00,0.000000000000000000e+00,0.000000000000000000e+00,0.000000000000000000e+00,0.000000000000000000e+00,0.000000000000000000e+00,0.000000000000000000e+00,0.000000000000000000e+00,0.000000000000000000e+00,0.000000000000000000e+00,0.000000000000000000e+00,0.000000000000000000e+00,0.000000000000000000e+00,0.000000000000000000e+00,0.000000000000000000e+00,0.000000000000000000e+00,0.000000000000000000e+00,0.000000000000000000e+00,0.000000000000000000e+00,0.000000000000000000e+00,0.000000000000000000e+00,0.000000000000000000e+00,0.000000000000000000e+00,0.000000000000000000e+00,0.000000000000000000e+00,0.000000000000000000e+00,0.000000000000000000e+00,0.000000000000000000e+00,0.000000000000000000e+00,0.000000000000000000e+00,0.000000000000000000e+00,0.000000000000000000e+00,0.000000000000000000e+00,0.000000000000000000e+00,0.000000000000000000e+00,0.000000000000000000e+00,0.000000000000000000e+00,0.000000000000000000e+00,0.000000000000000000e+00,0.000000000000000000e+00,0.000000000000000000e+00,0.000000000000000000e+00,0.000000000000000000e+00,0.000000000000000000e+00,0.000000000000000000e+00,0.000000000000000000e+00,0.000000000000000000e+00,0.000000000000000000e+00,0.000000000000000000e+00,0.000000000000000000e+00,0.000000000000000000e+00,0.000000000000000000e+00,0.000000000000000000e+00,0.000000000000000000e+00,0.000000000000000000e+00,0.000000000000000000e+00,0.000000000000000000e+00,0.000000000000000000e+00,0.000000000000000000e+00,0.000000000000000000e+00,0.000000000000000000e+00,0.000000000000000000e+00,0.000000000000000000e+00,0.000000000000000000e+00,0.000000000000000000e+00,0.000000000000000000e+00,0.000000000000000000e+00,0.000000000000000000e+00,0.000000000000000000e+00,0.000000000000000000e+00,0.000000000000000000e+00,0.000000000000000000e+00,0.000000000000000000e+00,0.000000000000000000e+00,0.000000000000000000e+00,0.000000000000000000e+00,0.000000000000000000e+00,0.000000000000000000e+00,0.000000000000000000e+00,0.000000000000000000e+00,0.000000000000000000e+00,0.000000000000000000e+00,0.000000000000000000e+00,0.000000000000000000e+00,0.000000000000000000e+00,0.000000000000000000e+00,0.000000000000000000e+00,0.000000000000000000e+00,0.000000000000000000e+00,0.000000000000000000e+00,0.000000000000000000e+00,0.000000000000000000e+00,0.000000000000000000e+00,0.000000000000000000e+00,0.000000000000000000e+00,0.000000000000000000e+00,0.000000000000000000e+00,0.000000000000000000e+00,0.000000000000000000e+00,0.000000000000000000e+00,0.000000000000000000e+00,0.000000000000000000e+00,0.000000000000000000e+00,0.000000000000000000e+00,0.000000000000000000e+00,0.000000000000000000e+00,0.000000000000000000e+00,0.000000000000000000e+00,0.000000000000000000e+00,3.263226545145365195e-04,4.644716857054471135e-04,4.264545118481162934e-04,2.526549001950596047e-04,-8.577413301215818171e-06,-5.707622770545787635e-05,-2.656957358508354954e-05,3.800315957622587881e-05,8.763877878511106955e-05,1.203390417371617962e-04,1.334166335403768689e-04,1.363926004184895491e-04,1.331542702508151002e-04,1.289956181767406120e-04,1.247492537590298288e-04,1.216948210844719563e-04,1.191050373116949042e-04,1.171889311624660932e-04,1.152908356326734653e-04,1.136455714817729965e-04,1.118838634285425706e-04,1.102931484204254005e-04,1.086253055477431374e-04,1.071297733125195126e-04,1.055965824982174633e-04,1.042231841448595930e-04,1.028266716497019956e-04,1.015663804699059160e-04,1.002880914035991121e-04,9.912401495292754935e-05,9.794714774196814396e-05,9.686879176146487118e-05,9.578558922051777361e-05,9.479158391269682080e-05,9.380249265968252043e-05,9.289686360036432920e-05,9.200445208154668598e-05,9.118901634202407173e-05,9.038996464934277752e-05,8.965715258658511679e-05,8.893680670043886097e-05,8.826677408109170431e-05,8.759977786943212860e-05,8.696568710178989841e-05,8.632511151872857545e-05,8.570192983406094210e-05,8.506181401069712246e-05,8.442135657139355652e-05,8.375116845452144161e-05,8.306493633067102726e-05,8.233897285137944835e-05,8.157989794973380133e-05,8.076317388056651982e-05,7.989470427488484805e-05,7.897284703956308522e-05,7.803365876240099617e-05,7.710854409530507329e-05,7.623798909132420648e-05,7.543304738699136553e-05,7.469080227569351558e-05,7.398701660849381768e-05,7.330000392753697222e-05,7.261387298159814715e-05,7.192561777518888776e-05,7.124168688143540148e-05,7.057027215287634946e-05,6.992140715627027079e-05,6.929755694631472087e-05,6.870252228596907874e-05,6.813153464745678859e-05,6.758500201982583242e-05,6.705572377234743527e-05,6.654461329320204919e-05,6.604505073760238792e-05,6.555984638326353795e-05,6.508363186826753423e-05,6.462069660373159503e-05,6.416623774585191765e-05,6.372481227156560316e-05,6.329122122009191501e-05,6.286940037033524390e-05,6.245351167752391194e-05,6.204693482668468510e-05,6.164377320239329864e-05,6.124743164977166298e-05,6.085256497917658779e-05,6.046284658900443019e-05,6.007352192228888118e-05,5.968826148011074527e-05,5.930259628118587451e-05,5.891982530318725059e-05,5.853546867379926780e-05,5.815210677780278779e-05,5.776489541761526233e-05,5.737534924245194618e-05,5.697815380281738101e-05,5.657414102883287596e-05,5.615860886608196932e-05,5.573344689046123775e-05,5.529657705293541774e-05,5.485261998782989701e-05,5.440278278646600311e-05,5.395374830418586497e-05,5.350808951599845826e-05,5.307198794054660489e-05,5.264682420488948179e-05,5.223630440443260200e-05,5.183932097194956303e-05,5.145647270421956819e-05,5.108407937671779851e-05,5.072032886106606005e-05,5.036056915555269691e-05,5.000301224098369410e-05,4.964448712162727005e-05,4.928472144915024871e-05,4.892179933548824290e-05,4.855543896638690629e-05,4.818335851462102193e-05,4.780499872290947276e-05,4.741906660063496099e-05,4.702668208199087057e-05,4.662814450037248450e-05,4.622434188826518575e-05,4.581315709865375061e-05,4.539139443759341994e-05,4.495333975980565230e-05,4.449464427948184763e-05,4.401216223494734388e-05,4.350725946026406005e-05,4.298383021508689545e-05,4.244919468513352645e-05,4.191026251638833074e-05,4.137383796552377780e-05,4.084332542647435755e-05,4.032054288029772969e-05,3.980380732327315919e-05,3.929102819056515093e-05,3.877807658348527456e-05,3.826204363720704150e-05,3.773898538565140866e-05,3.720703373360561498e-05,3.666348256416816103e-05,3.610798364523926774e-05,3.553907248983528757e-05,3.495752283939746580e-05,3.436220861781364425e-05,3.375362206834242140e-05,3.312914080692711330e-05,3.248710676459230025e-05,3.182214918077222882e-05,3.113089486522981769e-05,3.040858195941121756e-05,2.965740015356165742e-05,2.888379911570478200e-05,2.810521892592827506e-05,2.733771434733533575e-05,2.658420841921945235e-05,2.579504123861901869e-05,2.483792473484051330e-05,2.348151259927510703e-05,2.148362936186357265e-05,1.882765497580257897e-05,1.616796526291126051e-05,1.532954132695845645e-05,1.950825291483406163e-05,3.247883264516073588e-05,5.622362811376103590e-05,8.716973652850699863e-05,1.132796881337087445e-04,1.164535332488740170e-04,8.445455122295503192e-05,3.034362059788461280e-05,1.300236271196616915e-06
0.000000000000000000e+00,0.000000000000000000e+00,0.000000000000000000e+00,0.000000000000000000e+00,0.000000000000000000e+00,0.000000000000000000e+00,0.000000000000000000e+00,0.000000000000000000e+00,0.000000000000000000e+00,0.000000000000000000e+00,0.000000000000000000e+00,0.000000000000000000e+00,0.000000000000000000e+00,0.000000000000000000e+00,0.000000000000000000e+00,0.000000000000000000e+00,0.000000000000000000e+00,0.000000000000000000e+00,0.000000000000000000e+00,0.000000000000000000e+00,0.000000000000000000e+00,0.000000000000000000e+00,0.000000000000000000e+00,0.000000000000000000e+00,0.000000000000000000e+00,0.000000000000000000e+00,0.000000000000000000e+00,0.000000000000000000e+00,0.000000000000000000e+00,0.000000000000000000e+00,0.000000000000000000e+00,0.000000000000000000e+00,0.000000000000000000e+00,0.000000000000000000e+00,0.000000000000000000e+00,0.000000000000000000e+00,0.000000000000000000e+00,0.000000000000000000e+00,0.000000000000000000e+00,0.000000000000000000e+00,0.000000000000000000e+00,0.000000000000000000e+00,0.000000000000000000e+00,0.000000000000000000e+00,0.000000000000000000e+00,0.000000000000000000e+00,0.000000000000000000e+00,0.000000000000000000e+00,0.000000000000000000e+00,0.000000000000000000e+00,0.000000000000000000e+00,0.000000000000000000e+00,0.000000000000000000e+00,0.000000000000000000e+00,0.000000000000000000e+00,0.000000000000000000e+00,0.000000000000000000e+00,0.000000000000000000e+00,0.000000000000000000e+00,0.000000000000000000e+00,0.000000000000000000e+00,0.000000000000000000e+00,0.000000000000000000e+00,0.000000000000000000e+00,0.000000000000000000e+00,0.000000000000000000e+00,0.000000000000000000e+00,0.000000000000000000e+00,0.000000000000000000e+00,0.000000000000000000e+00,0.000000000000000000e+00,0.000000000000000000e+00,0.000000000000000000e+00,0.000000000000000000e+00,0.000000000000000000e+00,0.000000000000000000e+00,0.000000000000000000e+00,0.000000000000000000e+00,0.000000000000000000e+00,0.000000000000000000e+00,0.000000000000000000e+00,0.000000000000000000e+00,0.000000000000000000e+00,0.000000000000000000e+00,0.000000000000000000e+00,0.000000000000000000e+00,0.000000000000000000e+00,0.000000000000000000e+00,0.000000000000000000e+00,0.000000000000000000e+00,0.000000000000000000e+00,0.000000000000000000e+00,0.000000000000000000e+00,0.000000000000000000e+00,0.000000000000000000e+00,0.000000000000000000e+00,0.000000000000000000e+00,0.000000000000000000e+00,0.000000000000000000e+00,0.000000000000000000e+00,0.000000000000000000e+00,0.000000000000000000e+00,0.000000000000000000e+00,0.000000000000000000e+00,0.000000000000000000e+00,0.000000000000000000e+00,0.000000000000000000e+00,0.000000000000000000e+00,0.000000000000000000e+00,0.000000000000000000e+00,0.000000000000000000e+00,0.000000000000000000e+00,0.000000000000000000e+00,0.000000000000000000e+00,0.000000000000000000e+00,0.000000000000000000e+00,0.000000000000000000e+00,0.000000000000000000e+00,0.000000000000000000e+00,0.000000000000000000e+00,0.000000000000000000e+00,0.000000000000000000e+00,0.000000000000000000e+00,0.000000000000000000e+00,0.000000000000000000e+00,0.000000000000000000e+00,0.000000000000000000e+00,0.000000000000000000e+00,0.000000000000000000e+00,0.000000000000000000e+00,0.000000000000000000e+00,0.000000000000000000e+00,0.000000000000000000e+00,0.000000000000000000e+00,0.000000000000000000e+00,0.000000000000000000e+00,0.000000000000000000e+00,0.000000000000000000e+00,0.000000000000000000e+00,0.000000000000000000e+00,0.000000000000000000e+00,0.000000000000000000e+00,0.000000000000000000e+00,0.000000000000000000e+00,0.000000000000000000e+00,0.000000000000000000e+00,0.000000000000000000e+00,0.000000000000000000e+00,0.000000000000000000e+00,0.000000000000000000e+00,0.000000000000000000e+00,0.000000000000000000e+00,0.000000000000000000e+00,0.000000000000000000e+00,0.000000000000000000e+00,0.000000000000000000e+00,0.000000000000000000e+00,0.000000000000000000e+00,0.000000000000000000e+00,0.000000000000000000e+00,0.000000000000000000e+00,0.000000000000000000e+00,0.000000000000000000e+00,0.000000000000000000e+00,0.000000000000000000e+00,0.000000000000000000e+00,0.000000000000000000e+00,6.995181058110642221e-04,8.407096960412679476e-04,6.770719670747262983e-04,1.139513457914365752e-04,-9.897851460985661310e-05,-1.445485404010517737e-04,-8.730454490524848944e-05,-1.179565095721897863e-05,5.425477272874640664e-05,9.336062274254730857e-05,1.121026098198165294e-04,1.164678862201268597e-04,1.148148737439646876e-04,1.111759627336951381e-04,1.079638668591441277e-04,1.056753783689864587e-04,1.041028300362552099e-04,1.030393491818713114e-04,1.020467860396857791e-04,1.011753223777113106e-04,1.001708500780484516e-04,9.924210635155363133e-05,9.820516357492645729e-05,9.727262552433867939e-05,9.627059677754380273e-05,9.537692439179144127e-05,9.442999173881280349e-05,9.357746024464853331e-05,9.267829332601803898e-05,9.185679544313863981e-05,9.099426615490789009e-05,9.019628598064559268e-05,8.936516093646738185e-05,8.859138964694595383e-05,8.779553897485190006e-05,8.705512716817236747e-05,8.630490705400782375e-05,8.560985478745392627e-05,8.491444795710907656e-05,8.427116844094293606e-05,8.363075366410014668e-05,8.303376119621645388e-05,8.243545216794577859e-05,8.186696268411596856e-05,8.128943158695017921e-05,8.072800603263087364e-05,8.014882024469363792e-05,7.956952795621686798e-05,7.895894494751510466e-05,7.833036321042243552e-05,7.765906005490254835e-05,7.695447771608334797e-05,7.619137477637812008e-05,7.537263020107952242e-05,7.448575967857989206e-05,7.355838594130402388e-05,7.261720230870854923e-05,7.171070262935702979e-05,7.086187268491900997e-05,7.008252329809478202e-05,6.935404995799952961e-05,6.865568150463424604e-05,6.796442902013119015e-05,6.727220503795201909e-05,6.657950953884807287e-05,6.589438696019849265e-05,6.522606839104512131e-05,6.457999319859618087e-05,6.396021520943317778e-05,6.336450345575212958e-05,6.279268684020156664e-05,6.223916612256394528e-05,6.170366491337238302e-05,6.118061563113730283e-05,6.067139007336222407e-05,6.017143870185819016e-05,5.968368227205591355e-05,5.920420845610030642e-05,5.873651417609260076e-05,5.827646671081388504e-05,5.782719040768347649e-05,5.738389812216879436e-05,5.694915863862742129e-05,5.651790570986965975e-05,5.609263219712741619e-05,5.566863462639011132e-05,5.524870060710309098e-05,5.482871073950257513e-05,5.441165122068996761e-05,5.399383586034140733e-05,5.357819049591455555e-05,5.316123501195873396e-05,5.274547095722840632e-05,5.232712968283906139e-05,5.190761356891730207e-05,5.148227007173194531e-05,5.105123084190101056e-05,5.060965255872722457e-05,5.015814571538161122e-05,4.969426250036729751e-05,4.922181582935387001e-05,4.874260733203346178e-05,4.826379302848753859e-05,4.778950848867846311e-05,4.732677486779306527e-05,4.687803636928945746e-05,4.644683720552824691e-05,4.603199770835529777e-05,4.563324812341658328e-05,4.524661582051046438e-05,4.486960835805806904e-05,4.449744049071217465e-05,4.412763173591131724e-05,4.375662912133805225e-05,4.338325663444149579e-05,4.300510510734361090e-05,4.262100082281732971e-05,4.222807084626090828e-05,4.182468107048002682e-05,4.140884351037156405e-05,4.098102977893133445e-05,4.054197703977794405e-05,4.009360873785654001e-05,3.963577545581811827e-05,3.916697694623306916e-05,3.868278746481374061e-05,3.817877740073377240e-05,3.765091239294814058e-05,3.709884123013078473e-05,3.652505831942253351e-05,3.593590494751477873e-05,3.533842989093329576e-05,3.474017456184299706e-05,3.414595427385066009e-05,3.355887275558592001e-05,3.297846718176708969e-05,3.240327276069317674e-05,3.182954233408600897e-05,3.125426754467188509e-05,3.067339596834876315e-05,3.008475985967262178e-05,2.948556166913278003e-05,2.887533014166370228e-05,2.825273940566851847e-05,2.761867511731129032e-05,2.697230526525022711e-05,2.631428190911158654e-05,2.564215746564787101e-05,2.495416631910138327e-05,2.424471625728153018e-05,2.350993833014147644e-05,2.274461689220355363e-05,2.195060329535239042e-05,2.113453606255771063e-05,2.031454863332539086e-05,1.950764551776502920e-05,1.871674723974140522e-05,1.788935843379981983e-05,1.688538492059175720e-05,1.546004901282895612e-05,1.335538550841953077e-05,1.054541376367542823e-05,7.695079355106517773e-06,6.671088564114790733e-06,1.074144512061936697e-05,2.376151662149872908e-05,4.776835408953955037e-05,7.920041700720570387e-05,1.060280926072843579e-04,1.102304981501085046e-04,7.976710047991968338e-05,2.781358090823363516e-05,7.929826231392654877e-07
0.000000000000000000e+00,0.000000000000000000e+00,0.000000000000000000e+00,0.000000000000000000e+00,0.000000000000000000e+00,0.000000000000000000e+00,0.000000000000000000e+00,0.000000000000000000e+00,0.000000000000000000e+00,0.000000000000000000e+00,0.000000000000000000e+00,0.000000000000000000e+00,0.000000000000000000e+00,0.000000000000000000e+00,0.000000000000000000e+00,0.000000000000000000e+00,0.000000000000000000e+00,0.000000000000000000e+00,0.000000000000000000e+00,0.000000000000000000e+00,0.000000000000000000e+00,0.000000000000000000e+00,0.000000000000000000e+00,0.000000000000000000e+00,0.000000000000000000e+00,0.000000000000000000e+00,0.000000000000000000e+00,0.000000000000000000e+00,0.000000000000000000e+00,0.000000000000000000e+00,0.000000000000000000e+00,0.000000000000000000e+00,0.000000000000000000e+00,0.000000000000000000e+00,0.000000000000000000e+00,0.000000000000000000e+00,0.000000000000000000e+00,0.000000000000000000e+00,0.000000000000000000e+00,0.000000000000000000e+00,0.000000000000000000e+00,0.000000000000000000e+00,0.000000000000000000e+00,0.000000000000000000e+00,0.000000000000000000e+00,0.000000000000000000e+00,0.000000000000000000e+00,0.000000000000000000e+00,0.000000000000000000e+00,0.000000000000000000e+00,0.000000000000000000e+00,0.000000000000000000e+00,0.000000000000000000e+00,0.000000000000000000e+00,0.000000000000000000e+00,0.000000000000000000e+00,0.000000000000000000e+00,0.000000000000000000e+00,0.000000000000000000e+00,0.000000000000000000e+00,0.000000000000000000e+00,0.000000000000000000e+00,0.000000000000000000e+00,0.000000000000000000e+00,0.000000000000000000e+00,0.000000000000000000e+00,0.000000000000000000e+00,0.000000000000000000e+00,0.000000000000000000e+00,0.000000000000000000e+00,0.000000000000000000e+00,0.000000000000000000e+00,0.000000000000000000e+00,0.000000000000000000e+00,0.000000000000000000e+00,0.000000000000000000e+00,0.000000000000000000e+00,0.000000000000000000e+00,0.000000000000000000e+00,0.000000000000000000e+00,0.000000000000000000e+00,0.000000000000000000e+00,0.000000000000000000e+00,0.000000000000000000e+00,0.000000000000000000e+00,0.000000000000000000e+00,0.000000000000000000e+00,0.000000000000000000e+00,0.000000000000000000e+00,0.000000000000000000e+00,0.000000000000000000e+00,0.000000000000000000e+00,0.000000000000000000e+00,0.000000000000000000e+00,0.000000000000000000e+00,0.000000000000000000e+00,0.000000000000000000e+00,0.000000000000000000e+00,0.000000000000000000e+00,0.000000000000000000e+00,0.000000000000000000e+00,0.000000000000000000e+00,0.000000000000000000e+00,0.000000000000000000e+00,0.000000000000000000e+00,0.000000000000000000e+00,0.000000000000000000e+00,0.000000000000000000e+00,0.000000000000000000e+00,0.000000000000000000e+00,0.000000000000000000e+00,0.000000000000000000e+00,0.000000000000000000e+00,0.000000000000000000e+00,0.000000000000000000e+00,0.000000000000000000e+00,0.000000000000000000e+00,0.000000000000000000e+00,0.000000000000000000e+00,0.000000000000000000e+00,0.000000000000000000e+00,0.000000000000000000e+00,0.000000000000000000e+00,0.000000000000000000e+00,0.000000000000000000e+00,0.000000000000000000e+00,0.000000000000000000e+00,0.000000000000000000e+00,0.000000000000000000e+00,0.000000000000000000e+00,0.000000000000000000e+00,0.000000000000000000e+00,0.000000000000000000e+00,0.000000000000000000e+00,0.000000000000000000e+00,0.000000000000000000e+00,0.000000000000000000e+00,0.000000000000000000e+00,0.000000000000000000e+00,0.000000000000000000e+00,0.000000000000000000e+00,0.000000000000000000e+00,0.000000000000000000e+00,0.000000000000000000e+00,0.000000000000000000e+00,0.000000000000000000e+00,0.000000000000000000e+00,0.000000000000000000e+00,0.000000000000000000e+00,0.000000000000000000e+00,0.000000000000000000e+00,0.000000000000000000e+00,0.000000000000000000e+00,0.000000000000000000e+00,0.000000000000000000e+00,0.000000000000000000e+00,0.000000000000000000e+00,0.000000000000000000e+00,0.000000000000000000e+00,0.000000000000000000e+00,0.000000000000000000e+00,0.000000000000000000e+00,0.000000000000000000e+00,0.000000000000000000e+00,0.000000000000000000e+00,0.000000000000000000e+00,0.000000000000000000e+00,1.388257118077974210e-03,1.497430053929012629e-03,5.749692437405099161e-04,9.706696494957020799e-05,-1.048206591067931672e-04,-1.543118252568519708e-04,-1.132450246713861269e-04,-3.800513836761561644e-05,2.543338847583784105e-05,6.688628598826037270e-05,8.600370161797878620e-05,9.221165704104753423e-05,9.160617327408310067e-05,8.960547922353537319e-05,8.766227921709156127e-05,8.678763834972096384e-05,8.638593674262747056e-05,8.646531026686200014e-05,8.645988495134405006e-05,8.650896859618487219e-05,8.633036560853534424e-05,8.616099486591450511e-05,8.582280257967968241e-05,8.552946402889817880e-05,8.512334062705605284e-05,8.477365882427543144e-05,8.433675883551601689e-05,8.394945711954140293e-05,8.348667468571843318e-05,8.306209267072290064e-05,8.256952818001937636e-05,8.210498135364938327e-05,8.158008951504719104e-05,8.107767622989090048e-05,8.052580278153289185e-05,7.999715690559267174e-05,7.943348548342766624e-05,7.889804042526707244e-05,7.834218529155227337e-05,7.781910473249209633e-05,7.728597522246014907e-05,7.678536859377971583e-05,7.627748060010528723e-05,7.579481346291544919e-05,7.530071941114284103e-05,7.482104213106590968e-05,7.432334797613712187e-05,7.382657970996440685e-05,7.329917775980475056e-05,7.275355758732583874e-05,7.216292644840719848e-05,7.153805380128438281e-05,7.085403018801415332e-05,7.011346171892052735e-05,6.929555335472343158e-05,6.841849320324913674e-05,6.749962434531793011e-05,6.658982907981804574e-05,6.572090928406674343e-05,6.492050717071469500e-05,6.417945003794139848e-05,6.348213236815326258e-05,6.280072278869254011e-05,6.212241751274396771e-05,6.144046177747522063e-05,6.076148661540515313e-05,6.009271654697621341e-05,5.944228966652910978e-05,5.881428263802699263e-05,5.820934945362316119e-05,5.762675754278957931e-05,5.706291071401680358e-05,5.651633599639768215e-05,5.598287244401785480e-05,5.546237718513525591e-05,5.495136710311993922e-05,5.445119763005198303e-05,5.395896964279867179e-05,5.347684756926393318e-05,5.300185393482630927e-05,5.253606594982475689e-05,5.207589359336906466e-05,5.162294422859154319e-05,5.117318334370475359e-05,5.072809081909750829e-05,5.028381136102894695e-05,4.984214923411683267e-05,4.939979387891984993e-05,4.895891990808625040e-05,4.851673085812007109e-05,4.807559059545088410e-05,4.763304599652901008e-05,4.719130006801676257e-05,4.674770335120411341e-05,4.630345228332725921e-05,4.585479207588946112e-05,4.540129921128946753e-05,4.493838060401721113e-05,4.446552011425200973e-05,4.398006995883308124e-05,4.348481540689469395e-05,4.298190907953001105e-05,4.247851232198002143e-05,4.198008723353568349e-05,4.149430462769177782e-05,4.102481084814830803e-05,4.057509962946848368e-05,4.014413710842939430e-05,3.973080255150294998e-05,3.933090252310656750e-05,3.894125199409494847e-05,3.855710394324335269e-05,3.817542646711529728e-05,3.779250605102417801e-05,3.740631431699279662e-05,3.701399355978086871e-05,3.661340696438295910e-05,3.620110569356175981e-05,3.577432083657707977e-05,3.533029858905066295e-05,3.486858830821574747e-05,3.439004786825574023e-05,3.389730306259429118e-05,3.339212015074681587e-05,3.287492295680851832e-05,3.234313619543707460e-05,3.179285726405987943e-05,3.121967012525122935e-05,3.062165645188858577e-05,2.999975762503629729e-05,2.935890580810676355e-05,2.870582829468434335e-05,2.804839658778763079e-05,2.739263574633407739e-05,2.674287585760844768e-05,2.609996538321590138e-05,2.546317554995766109e-05,2.482927499638893715e-05,2.419523061378424833e-05,2.355695280544604559e-05,2.291199659210523166e-05,2.225751262444737398e-05,2.159291011144671534e-05,2.091702541246765883e-05,2.023083804125566816e-05,1.953381685242098448e-05,1.882674738518107609e-05,1.810738229955269991e-05,1.737385583094921463e-05,1.662043530778957743e-05,1.584280858713693906e-05,1.503543679656729877e-05,1.419990982229954181e-05,1.334322494705840755e-05,1.248429397687573150e-05,1.164124236601277514e-05,1.081694631871761587e-05,9.955998771968508420e-06,8.909978467222678350e-06,7.420098581105421031e-06,5.211684275167660254e-06,2.249002837753384140e-06,-7.926050310860620174e-07,-2.003862533489028042e-06,1.955820890865562798e-06,1.502268103971738408e-05,3.928658328603230394e-05,7.119611079355247444e-05,9.873158536459806199e-05,1.039611525986683372e-04,7.504436767087088961e-05,2.526557360387507402e-05,2.806563251407474246e-07
0.000000000000000000e+00,0.000000000000000000e+00,0.000000000000000000e+00,0.000000000000000000e+00,0.000000000000000000e+00,0.000000000000000000e+00,0.000000000000000000e+00,0.000000000000000000e+00,0.000000000000000000e+00,0.000000000000000000e+00,0.000000000000000000e+00,0.000000000000000000e+00,0.000000000000000000e+00,0.000000000000000000e+00,0.000000000000000000e+00,0.000000000000000000e+00,0.000000000000000000e+00,0.000000000000000000e+00,0.000000000000000000e+00,0.000000000000000000e+00,0.000000000000000000e+00,0.000000000000000000e+00,0.000000000000000000e+00,0.000000000000000000e+00,0.000000000000000000e+00,0.000000000000000000e+00,0.000000000000000000e+00,0.000000000000000000e+00,0.000000000000000000e+00,0.000000000000000000e+00,0.000000000000000000e+00,0.000000000000000000e+00,0.000000000000000000e+00,0.000000000000000000e+00,0.000000000000000000e+00,0.000000000000000000e+00,0.000000000000000000e+00,0.000000000000000000e+00,0.000000000000000000e+00,0.000000000000000000e+00,0.000000000000000000e+00,0.000000000000000000e+00,0.000000000000000000e+00,0.000000000000000000e+00,0.000000000000000000e+00,0.000000000000000000e+00,0.000000000000000000e+00,0.000000000000000000e+00,0.000000000000000000e+00,0.000000000000000000e+00,0.000000000000000000e+00,0.000000000000000000e+00,0.000000000000000000e+00,0.000000000000000000e+00,0.000000000000000000e+00,0.000000000000000000e+00,0.000000000000000000e+00,0.000000000000000000e+00,0.000000000000000000e+00,0.000000000000000000e+00,0.000000000000000000e+00,0.000000000000000000e+00,0.000000000000000000e+00,0.000000000000000000e+00,0.000000000000000000e+00,0.000000000000000000e+00,0.000000000000000000e+00,0.000000000000000000e+00,0.000000000000000000e+00,0.000000000000000000e+00,0.000000000000000000e+00,0.000000000000000000e+00,0.000000000000000000e+00,0.000000000000000000e+00,0.000000000000000000e+00,0.000000000000000000e+00,0.000000000000000000e+00,0.000000000000000000e+00,0.000000000000000000e+00,0.000000000000000000e+00,0.000000000000000000e+00,0.000000000000000000e+00,0.000000000000000000e+00,0.000000000000000000e+00,0.000000000000000000e+00,0.000000000000000000e+00,0.000000000000000000e+00,0.000000000000000000e+00,0.000000000000000000e+00,0.000000000000000000e+00,0.000000000000000000e+00,0.000000000000000000e+00,0.000000000000000000e+00,0.000000000000000000e+00,0.000000000000000000e+00,0.000000000000000000e+00,0.000000000000000000e+00,0.000000000000000000e+00,0.000000000000000000e+00,0.000000000000000000e+00,0.000000000000000000e+00,0.000000000000000000e+00,0.000000000000000000e+00,0.000000000000000000e+00,0.000000000000000000e+00,0.000000000000000000e+00,0.000000000000000000e+00,0.000000000000000000e+00,0.000000000000000000e+00,0.000000000000000000e+00,0.000000000000000000e+00,0.000000000000000000e+00,0.000000000000000000e+00,0.000000000000000000e+00,0.000000000000000000e+00,0.000000000000000000e+00,0.000000000000000000e+00,0.000000000000000000e+00,0.000000000000000000e+00,0.000000000000000000e+00,0.000000000000000000e+00,0.000000000000000000e+00,0.000000000000000000e+00,0.000000000000000000e+00,0.000000000000000000e+00,0.000000000000000000e+00,0.000000000000000000e+00,0.000000000000000000e+00,0.000000000000000000e+00,0.000000000000000000e+00,0.000000000000000000e+00,0.000000000000000000e+00,0.000000000000000000e+00,0.000000000000000000e+00,0.000000000000000000e+00,0.000000000000000000e+00,0.000000000000000000e+00,0.000000000000000000e+00,0.000000000000000000e+00,0.000000000000000000e+00,0.000000000000000000e+00,0.000000000000000000e+00,0.000000000000000000e+00,0.000000000000000000e+00,0.000000000000000000e+00,0.000000000000000000e+00,0.000000000000000000e+00,0.000000000000000000e+00,0.000000000000000000e+00,0.000000000000000000e+00,0.000000000000000000e+00,0.000000000000000000e+00,0.000000000000000000e+00,0.000000000000000000e+00,0.000000000000000000e+00,0.000000000000000000e+00,0.000000000000000000e+00,0.000000000000000000e+00,0.000000000000000000e+00,0.000000000000000000e+00,0.000000000000000000e+00,0.000000000000000000e+00,0.000000000000000000e+00,0.000000000000000000e+00,0.000000000000000000e+00,0.000000000000000000e+00,0.000000000000000000e+00,2.554503550486236091e-03,1.451334665159508507e-03,6.007851209294393698e-04,2.058085042805590206e-04,-3.577723789553550543e-05,-1.135627162349469156e-04,-9.839462029196658808e-05,-4.500197621464711531e-05,7.285951261944657212e-06,4.197162104898381426e-05,5.966741382429673936e-05,6.588071394825968283e-05,6.693930798154141041e-05,6.651006769329157668e-05,6.638373391570294131e-05,6.692909903941819596e-05,6.789523828735547742e-05,6.905306396850592534e-05,7.007445935096538021e-05,7.097928409865391665e-05,7.162612676614858493e-05,7.217343727791276063e-05,7.252817919137084205e-05,7.284905931247808570e-05,7.303458389104386492e-05,7.321520581438956154e-05,7.328704452360231209e-05,7.335912274034294106e-05,7.333527113168939447e-05,7.330852695337059747e-05,7.319342002884083925e-05,7.306992023361641453e-05,7.286412229200077081e-05,7.264636446740128223e-05,7.235511191776392318e-05,7.205425287527983684e-05,7.169410711336213378e-05,7.133310321223537860e-05,7.093061348018197870e-05,7.053841612752747724e-05,7.012122480782888897e-05,6.972256293773870870e-05,6.930916971501139591e-05,6.891507865486227286e-05,6.850758143253798016e-05,6.811313170477398900e-05,6.770144894215064755e-05,6.729284674147025295e-05,6.685682829901502745e-05,6.640544558264175950e-05,6.590951705316120020e-05,6.537939585233647720e-05,6.478997041262298548e-05,6.414517785720113814e-05,6.341887730784080321e-05,6.262089988213361924e-05,6.175644290842377299e-05,6.087332427546107526e-05,6.000731221993723784e-05,5.920073256045455353e-05,5.845622932203788498e-05,5.776760705934667038e-05,5.710536301218757345e-05,5.645338588987397255e-05,5.579699864109464920e-05,5.514028443354578501e-05,5.448710677871824781e-05,5.384777884862127921e-05,5.322599589843442469e-05,5.262550667755217394e-05,5.204497258894195808e-05,5.148312459677550522e-05,5.093726348723318179e-05,5.040495127412484785e-05,4.988448531043075706e-05,4.937371023745514828e-05,4.887228508908361577e-05,4.837846434967741244e-05,4.789284906052817208e-05,4.741368391450955346e-05,4.694176401365784376e-05,4.647479210026251315e-05,4.601324995807320263e-05,4.555428561330997130e-05,4.509825753593497494e-05,4.464232723186803734e-05,4.418722572307662560e-05,4.373061020738604085e-05,4.327375063212987583e-05,4.281486290244981868e-05,4.235561525686187308e-05,4.189462930483956458e-05,4.143361889792555148e-05,4.097106365962682999e-05,4.050781396655290200e-05,4.004115008158735391e-05,3.957016862131794714e-05,3.909086874795687344e-05,3.860180418795182482e-05,3.810038815869158793e-05,3.758829649532847880e-05,3.706787179029982424e-05,3.654582414917595693e-05,3.602860302120344793e-05,3.552420064308016087e-05,3.503747528793002206e-05,3.457195082295656791e-05,3.412700018889110556e-05,3.370076030302825767e-05,3.328893338224533807e-05,3.288761594488360385e-05,3.249219856707291339e-05,3.209918770039780556e-05,3.170492886897612712e-05,3.130666220238942799e-05,3.090121465535099708e-05,3.048549990181832544e-05,3.005556251179677840e-05,2.960749066882127075e-05,2.913774075941621492e-05,2.864470264888456055e-05,2.812900986832921139e-05,2.759354370122895828e-05,2.704173489696322063e-05,2.647594858642072965e-05,2.589587170857963986e-05,2.529871677709165056e-05,2.468029799141523912e-05,2.403746951930438712e-05,2.336965661957602933e-05,2.268009096631880750e-05,2.197476916515923450e-05,2.126147272291507129e-05,2.054717922597902005e-05,1.983733395377018210e-05,1.913414640970124376e-05,1.843772263895071978e-05,1.774547241266166323e-05,1.705441510011773066e-05,1.636047559942458839e-05,1.566093781108011777e-05,1.495289705374541845e-05,1.423562052060042653e-05,1.350808105705080302e-05,1.277131861849958554e-05,1.202506598088288120e-05,1.127022090290795401e-05,1.050472613875815646e-05,9.726656079886801995e-06,8.930191914403689719e-06,8.110697222251559040e-06,7.262414390941789698e-06,6.386845584453712101e-06,5.491473003238640805e-06,4.596197102850019591e-06,3.720356472659150091e-06,2.866898811585837266e-06,1.977286890545292058e-06,8.944341904293505206e-07,-6.552870807544838335e-07,-2.963961367442483297e-06,-6.077822641238962324e-06,-9.310899790915623512e-06,-1.071080033934604819e-05,-6.863006500243248009e-06,6.249622685551544101e-06,3.076897022582269809e-05,6.315106901317891217e-05,9.138780336658848796e-05,9.764392206930254392e-05,7.028624310553999589e-05,2.269895900296267581e-05,-2.361681028124482747e-07
0.000000000000000000e+00,0.000000000000000000e+00,0.000000000000000000e+00,0.000000000000000000e+00,0.000000000000000000e+00,0.000000000000000000e+00,0.000000000000000000e+00,0.000000000000000000e+00,0.000000000000000000e+00,0.000000000000000000e+00,0.000000000000000000e+00,0.000000000000000000e+00,0.000000000000000000e+00,0.000000000000000000e+00,0.000000000000000000e+00,0.000000000000000000e+00,0.000000000000000000e+00,0.000000000000000000e+00,0.000000000000000000e+00,0.000000000000000000e+00,0.000000000000000000e+00,0.000000000000000000e+00,0.000000000000000000e+00,0.000000000000000000e+00,0.000000000000000000e+00,0.000000000000000000e+00,0.000000000000000000e+00,0.000000000000000000e+00,0.000000000000000000e+00,0.000000000000000000e+00,0.000000000000000000e+00,0.000000000000000000e+00,0.000000000000000000e+00,0.000000000000000000e+00,0.000000000000000000e+00,0.000000000000000000e+00,0.000000000000000000e+00,0.000000000000000000e+00,0.000000000000000000e+00,0.000000000000000000e+00,0.000000000000000000e+00,0.000000000000000000e+00,0.000000000000000000e+00,0.000000000000000000e+00,0.000000000000000000e+00,0.000000000000000000e+00,0.000000000000000000e+00,0.000000000000000000e+00,0.000000000000000000e+00,0.000000000000000000e+00,0.000000000000000000e+00,0.000000000000000000e+00,0.000000000000000000e+00,0.000000000000000000e+00,0.000000000000000000e+00,0.000000000000000000e+00,0.000000000000000000e+00,0.000000000000000000e+00,0.000000000000000000e+00,0.000000000000000000e+00,0.000000000000000000e+00,0.000000000000000000e+00,0.000000000000000000e+00,0.000000000000000000e+00,0.000000000000000000e+00,0.000000000000000000e+00,0.000000000000000000e+00,0.000000000000000000e+00,0.000000000000000000e+00,0.000000000000000000e+00,0.000000000000000000e+00,0.000000000000000000e+00,0.000000000000000000e+00,0.000000000000000000e+00,0.000000000000000000e+00,0.000000000000000000e+00,0.000000000000000000e+00,0.000000000000000000e+00,0.000000000000000000e+00,0.000000000000000000e+00,0.000000000000000000e+00,0.000000000000000000e+00,0.000000000000000000e+00,0.000000000000000000e+00,0.000000000000000000e+00,0.000000000000000000e+00,0.000000000000000000e+00,0.000000000000000000e+00,0.000000000000000000e+00,0.000000000000000000e+00,0.000000000000000000e+00,0.000000000000000000e+00,0.000000000000000000e+00,0.000000000000000000e+00,0.000000000000000000e+00,0.000000000000000000e+00,0.000000000000000000e+00,0.000000000000000000e+00,0.000000000000000000e+00,0.000000000000000000e+00,0.000000000000000000e+00,0.000000000000000000e+00,0.000000000000000000e+00,0.000000000000000000e+00,0.000000000000000000e+00,0.000000000000000000e+00,0.000000000000000000e+00,0.000000000000000000e+00,0.000000000000000000e+00,0.000000000000000000e+00,0.000000000000000000e+00,0.000000000000000000e+00,0.000000000000000000e+00,0.000000000000000000e+00,0.000000000000000000e+00,0.000000000000000000e+00,0.000000000000000000e+00,0.000000000000000000e+00,0.000000000000000000e+00,0.000000000000000000e+00,0.000000000000000000e+00,0.000000000000000000e+00,0.000000000000000000e+00,0.000000000000000000e+00,0.000000000000000000e+00,0.000000000000000000e+00,0.000000000000000000e+00,0.000000000000000000e+00,0.000000000000000000e+00,0.000000000000000000e+00,0.000000000000000000e+00,0.000000000000000000e+00,0.000000000000000000e+00,0.000000000000000000e+00,0.000000000000000000e+00,0.000000000000000000e+00,0.000000000000000000e+00,0.000000000000000000e+00,0.000000000000000000e+00,0.000000000000000000e+00,0.000000000000000000e+00,0.000000000000000000e+00,0.000000000000000000e+00,0.000000000000000000e+00,0.000000000000000000e+00,0.000000000000000000e+00,0.000000000000000000e+00,0.000000000000000000e+00,0.000000000000000000e+00,0.000000000000000000e+00,0.000000000000000000e+00,0.000000000000000000e+00,0.000000000000000000e+00,0.000000000000000000e+00,0.000000000000000000e+00,0.000000000000000000e+00,0.000000000000000000e+00,0.000000000000000000e+00,0.000000000000000000e+00,0.000000000000000000e+00,0.000000000000000000e+00,0.000000000000000000e+00,0.000000000000000000e+00,0.000000000000000000e+00,0.000000000000000000e+00,0.000000000000000000e+00,0.000000000000000000e+00,2.275817525296890912e-03,1.163384282792174823e-03,6.580215123384478785e-04,2.167046135901303015e-04,8.350496268277402806e-06,-7.867516344572060951e-05,-7.744379794462076224e-05,-4.391216750301409278e-05,-6.050317495879659758e-06,2.045514439483100871e-05,3.493623703031311425e-05,4.121896125050504025e-05,4.359507626680072785e-05,4.499101425336502543e-05,4.648914041803070665e-05,4.845062539446537295e-05,5.054461555945278476e-05,5.264693772693258638e-05,5.447602836115833643e-05,5.608875752012324411e-05,5.739132146442764117e-05,5.852897848311327947e-05,5.944976276923333422e-05,6.028306177979158794e-05,6.096454978180719839e-05,6.159461927706038427e-05,6.210193310918632069e-05,6.256937200518357845e-05,6.292778634732749227e-05,6.324874839822348135e-05,6.346801142462368079e-05,6.364804674484629988e-05,6.373060791632131482e-05,6.377172376177716435e-05,6.372106353858286471e-05,6.363148685750387088e-05,6.346201592111968442e-05,6.326397635176754877e-05,6.300465627655911993e-05,6.273263896616056254e-05,6.242024296217991801e-05,6.211082896364425595e-05,6.177822709609808816e-05,6.145802618389093201e-05,6.112277317245157443e-05,6.079995606320139073e-05,6.046206951867785399e-05,6.013083329075419705e-05,5.977784962307616497e-05,5.941593536858994168e-05,5.901411138542027719e-05,5.858122500672210346e-05,5.809054718753640554e-05,5.754755117496422031e-05,5.692309280948966400e-05,5.622100124087485749e-05,5.543356937886910864e-05,5.460127554542340707e-05,5.375822071865361606e-05,5.295824426152738316e-05,5.221629861001944530e-05,5.153913702851766517e-05,5.089922102361094135e-05,5.027950635567064063e-05,4.965753743055240842e-05,4.903405084827404219e-05,4.840818523198649567e-05,4.779170253973921684e-05,4.718735113056535241e-05,4.660203708947859534e-05,4.603371367356531759e-05,4.548367331893035344e-05,4.494792832911474685e-05,4.442600838186999110e-05,4.391461288859257220e-05,4.341315830095582545e-05,4.291953624192648052e-05,4.243330913723917537e-05,4.195334378418729158e-05,4.147916278425226478e-05,4.101006610093166257e-05,4.054510127764226384e-05,4.008346104926399525e-05,3.962357805393393968e-05,3.916458234155643925e-05,3.870477825454308627e-05,3.824373919246973921e-05,3.778021682536301706e-05,3.731450317048374242e-05,3.684594204686395512e-05,3.637541711845338746e-05,3.590268644337768798e-05,3.542882790106110900e-05,3.495344866566255386e-05,3.447690112278098114e-05,3.399756117493234902e-05,3.351405617497364015e-05,3.302324048319841030e-05,3.252293079292501316e-05,3.201090123326884670e-05,3.148775389655212480e-05,3.095596231700887960e-05,3.042140028942772910e-05,2.989112589338518294e-05,2.937302388760077820e-05,2.887303168358156625e-05,2.839470576985441682e-05,2.793807822648795261e-05,2.750072553450238165e-05,2.707842537346366016e-05,2.666655316302951340e-05,2.626068117138983800e-05,2.585687518776453916e-05,2.545171176694812918e-05,2.504184766009345673e-05,2.462399742784565412e-05,2.419423466969254836e-05,2.374824586132179388e-05,2.328104799361673007e-05,2.278835817259329882e-05,2.226724300442452079e-05,2.171778687788255028e-05,2.114261461313701794e-05,2.054639722225447474e-05,1.993323030660655313e-05,1.930526437057879263e-05,1.866130872541298759e-05,1.799804363787099900e-05,1.731156992762827510e-05,1.660000820834320887e-05,1.586474701738010572e-05,1.511072228813141586e-05,1.434521356257290022e-05,1.357585866949300516e-05,1.280906167559278658e-05,1.204841872089887799e-05,1.129496750061028609e-05,1.054690744610055032e-05,9.801407773354169051e-06,9.054480317439981044e-06,8.303136075035559143e-06,7.544401877940627611e-06,6.777339868584063616e-06,6.001009332965116314e-06,5.216424045183169627e-06,4.423525890669928290e-06,3.623249405917295450e-06,2.813717381480439312e-06,1.992933771940308440e-06,1.155076547324162168e-06,2.952584647990730401e-07,-5.923264707271122631e-07,-1.506136594977152499e-06,-2.437972982466336348e-06,-3.366799951330364482e-06,-4.271827365917542902e-06,-5.150026082630171537e-06,-6.063099597615182814e-06,-7.177331356637050631e-06,-8.781814090901422210e-06,-1.118706745977529076e-05,-1.445028905191913805e-05,-1.787503861165769858e-05,-1.946465930253662939e-05,-1.572962565975098210e-05,-2.570665203384584608e-06,2.220493305982339433e-05,5.505876226347825644e-05,8.399317885232740520e-05,9.127716788037777197e-05,6.549025815483116891e-05,2.011352951753183423e-05,-7.564805837044926072e-07
0.000000000000000000e+00,0.000000000000000000e+00,0.000000000000000000e+00,0.000000000000000000e+00,0.000000000000000000e+00,0.000000000000000000e+00,0.000000000000000000e+00,0.000000000000000000e+00,0.000000000000000000e+00,0.000000000000000000e+00,0.000000000000000000e+00,0.000000000000000000e+00,0.000000000000000000e+00,0.000000000000000000e+00,0.000000000000000000e+00,0.000000000000000000e+00,0.000000000000000000e+00,0.000000000000000000e+00,0.000000000000000000e+00,0.000000000000000000e+00,0.000000000000000000e+00,0.000000000000000000e+00,0.000000000000000000e+00,0.000000000000000000e+00,0.000000000000000000e+00,0.000000000000000000e+00,0.000000000000000000e+00,0.000000000000000000e+00,0.000000000000000000e+00,0.000000000000000000e+00,0.000000000000000000e+00,0.000000000000000000e+00,0.000000000000000000e+00,0.000000000000000000e+00,0.000000000000000000e+00,0.000000000000000000e+00,0.000000000000000000e+00,0.000000000000000000e+00,0.000000000000000000e+00,0.000000000000000000e+00,0.000000000000000000e+00,0.000000000000000000e+00,0.000000000000000000e+00,0.000000000000000000e+00,0.000000000000000000e+00,0.000000000000000000e+00,0.000000000000000000e+00,0.000000000000000000e+00,0.000000000000000000e+00,0.000000000000000000e+00,0.000000000000000000e+00,0.000000000000000000e+00,0.000000000000000000e+00,0.000000000000000000e+00,0.000000000000000000e+00,0.000000000000000000e+00,0.000000000000000000e+00,0.000000000000000000e+00,0.000000000000000000e+00,0.000000000000000000e+00,0.000000000000000000e+00,0.000000000000000000e+00,0.000000000000000000e+00,0.000000000000000000e+00,0.000000000000000000e+00,0.000000000000000000e+00,0.000000000000000000e+00,0.000000000000000000e+00,0.000000000000000000e+00,0.000000000000000000e+00,0.000000000000000000e+00,0.000000000000000000e+00,0.000000000000000000e+00,0.000000000000000000e+00,0.000000000000000000e+00,0.000000000000000000e+00,0.000000000000000000e+00,0.000000000000000000e+00,0.000000000000000000e+00,0.000000000000000000e+00,0.000000000000000000e+00,0.000000000000000000e+00,0.000000000000000000e+00,0.000000000000000000e+00,0.000000000000000000e+00,0.000000000000000000e+00,0.000000000000000000e+00,0.000000000000000000e+00,0.000000000000000000e+00,0.000000000000000000e+00,0.000000000000000000e+00,0.000000000000000000e+00,0.000000000000000000e+00,0.000000000000000000e+00,0.000000000000000000e+00,0.000000000000000000e+00,0.000000000000000000e+00,0.000000000000000000e+00,0.000000000000000000e+00,0.000000000000000000e+00,0.000000000000000000e+00,0.000000000000000000e+00,0.000000000000000000e+00,0.000000000000000000e+00,0.000000000000000000e+00,0.000000000000000000e+00,0.000000000000000000e+00,0.000000000000000000e+00,0.000000000000000000e+00,0.000000000000000000e+00,0.000000000000000000e+00,0.000000000000000000e+00,0.000000000000000000e+00,0.000000000000000000e+00,0.000000000000000000e+00,0.000000000000000000e+00,0.000000000000000000e+00,0.000000000000000000e+00,0.000000000000000000e+00,0.000000000000000000e+00,0.000000000000000000e+00,0.000000000000000000e+00,0.000000000000000000e+00,0.000000000000000000e+00,0.000000000000000000e+00,0.000000000000000000e+00,0.000000000000000000e+00,0.000000000000000000e+00,0.000000000000000000e+00,0.000000000000000000e+00,0.000000000000000000e+00,0.000000000000000000e+00,0.000000000000000000e+00,0.000000000000000000e+00,0.000000000000000000e+00,0.000000000000000000e+00,0.000000000000000000e+00,0.000000000000000000e+00,0.000000000000000000e+00,0.000000000000000000e+00,0.000000000000000000e+00,0.000000000000000000e+00,0.000000000000000000e+00,0.000000000000000000e+00,0.000000000000000000e+00,0.000000000000000000e+00,0.000000000000000000e+00,0.000000000000000000e+00,0.000000000000000000e+00,0.000000000000000000e+00,0.000000000000000000e+00,0.000000000000000000e+00,0.000000000000000000e+00,0.000000000000000000e+00,0.000000000000000000e+00,0.000000000000000000e+00,0.000000000000000000e+00,0.000000000000000000e+00,0.000000000000000000e+00,0.000000000000000000e+00,0.000000000000000000e+00,0.000000000000000000e+00,0.000000000000000000e+00,0.000000000000000000e+00,0.000000000000000000e+00,0.000000000000000000e+00,1.985824501806685309e-04,2.602800043773609360e-04,4.073181159228821254e-04,1.610884876579568353e-04,1.008449909224450565e-05,-8.557422086603281046e-05,-9.746447194520126286e-05,-8.176757056314206654e-05,-4.803397732198686767e-05,-1.889100675538820970e-05,2.422204773982598586e-06,1.442478704952197333e-05,2.092983890571089518e-05,2.459367816480040176e-05,2.748129807467548358e-05,3.032860741023054037e-05,3.327556140253845282e-05,3.615926210046642940e-05,3.881887957659771378e-05,4.115005534445782798e-05,4.316204850483804935e-05,4.486939209012665611e-05,4.635756212022322921e-05,4.764297754362176938e-05,4.880156805690780988e-05,4.981817789151063436e-05,5.075050734834809379e-05,5.156459156352283371e-05,5.231010093450909495e-05,5.294667644863901697e-05,5.352040373796302010e-05,5.398916402851794888e-05,5.439581554614715889e-05,5.469852632476642087e-05,5.493777913371728682e-05,5.507476726141970365e-05,5.515001674354669958e-05,5.513080189036229442e-05,5.505970576191724004e-05,5.491103115177892044e-05,5.472865945407832819e-05,5.449174884753406892e-05,5.424244738984175334e-05,5.396128765237081582e-05,5.368518330232045072e-05,5.339251588790251923e-05,5.311249902951172637e-05,5.282097532360635530e-05,5.254125362253144127e-05,5.224752632570611168e-05,5.195464046096785412e-05,5.163107025756587243e-05,5.128423031048715854e-05,5.088437738813796806e-05,5.043769782299413023e-05,4.991316601886765426e-05,4.931126842450743014e-05,4.861231196408438839e-05,4.784692621388611440e-05,4.704213276086331209e-05,4.625869381271571128e-05,4.552235367470028028e-05,4.485506119730741785e-05,4.423479480215227871e-05,4.364666911833960859e-05,4.306146645587555943e-05,4.247628353892395243e-05,4.188431849469660006e-05,4.129792017811532599e-05,4.071819079984691545e-05,4.015510662468810055e-05,3.960576853361416031e-05,3.907417923800543845e-05,3.855497746415153393e-05,3.804981585553794801e-05,3.755374679055092528e-05,3.706795160436915902e-05,3.658852796293618319e-05,3.611650075568389188e-05,3.564890199111863148e-05,3.518658538432990225e-05,3.472718515768967836e-05,3.427111071054419800e-05,3.381611655626621485e-05,3.336197596709764663e-05,3.290649465631386133e-05,3.244920426637991389e-05,3.198844672137605614e-05,3.152415521848954909e-05,3.105558259752992488e-05,3.058329006029108187e-05,3.010731826613289493e-05,2.962862253775704700e-05,2.914754214313246421e-05,2.866480762969338627e-05,2.818013452961679413e-05,2.769300247927455473e-05,2.720153447553903161e-05,2.670361745950946102e-05,2.619649233647313902e-05,2.567858608338624332e-05,2.514954446502515792e-05,2.461200796182553565e-05,2.407073752163285457e-05,2.353304245857527714e-05,2.300622800292338851e-05,2.249705369136317890e-05,2.200900891829766183e-05,2.154297858998617291e-05,2.109619790829542324e-05,2.066476087382248145e-05,2.024337254986244584e-05,1.982780536501366011e-05,1.941363975252995223e-05,1.899777312122912309e-05,1.857640332042176471e-05,1.814636182946586637e-05,1.770307093581051575e-05,1.724209157052773982e-05,1.675754001137119996e-05,1.624454375271100492e-05,1.569879434049834734e-05,1.511957622188447612e-05,1.450874671524133054e-05,1.387167262292909657e-05,1.321376059223731640e-05,1.253958474723436557e-05,1.184986021842703266e-05,1.114271073515842114e-05,1.041402884913085864e-05,9.660979065366615440e-06,8.883110179823983798e-06,8.084054549808147790e-06,7.270202497210614243e-06,6.449525250296592554e-06,5.629186623326696904e-06,4.814159440994609635e-06,4.006516116324463705e-06,3.205418908686639875e-06,2.408336606782506296e-06,1.611476625402234308e-06,8.116138982510582409e-07,5.693725737541234570e-09,-8.074849446372577364e-07,-1.628861228453334306e-06,-2.457545599843184138e-06,-3.293494684856468984e-06,-4.135823201690671569e-06,-4.986301463840830894e-06,-5.847005274405820638e-06,-6.723745435986424351e-06,-7.621558697090634644e-06,-8.546197056061873140e-06,-9.495881969171762323e-06,-1.046153558567551421e-05,-1.142071935227206072e-05,-1.235104205614043307e-05,-1.324921291196082596e-05,-1.418028502111189917e-05,-1.532006577483608400e-05,-1.697400287820260699e-05,-1.947183970055684971e-05,-2.288260756751604139e-05,-2.649916384597378417e-05,-2.827983826427932833e-05,-2.465810717676566872e-05,-1.145152896967233740e-05,1.358364139274813938e-05,4.691152352581429196e-05,7.654385711145364533e-05,8.485857298606639656e-05,6.065619942523257018e-05,1.750847843605400796e-05,-1.279654786407513584e-06
0.000000000000000000e+00,0.000000000000000000e+00,0.000000000000000000e+00,0.000000000000000000e+00,0.000000000000000000e+00,0.000000000000000000e+00,0.000000000000000000e+00,0.000000000000000000e+00,0.000000000000000000e+00,0.000000000000000000e+00,0.000000000000000000e+00,0.000000000000000000e+00,0.000000000000000000e+00,0.000000000000000000e+00,0.000000000000000000e+00,0.000000000000000000e+00,0.000000000000000000e+00,0.000000000000000000e+00,0.000000000000000000e+00,0.000000000000000000e+00,0.000000000000000000e+00,0.000000000000000000e+00,0.000000000000000000e+00,0.000000000000000000e+00,0.000000000000000000e+00,0.000000000000000000e+00,0.000000000000000000e+00,0.000000000000000000e+00,0.000000000000000000e+00,0.000000000000000000e+00,0.000000000000000000e+00,0.000000000000000000e+00,0.000000000000000000e+00,0.000000000000000000e+00,0.000000000000000000e+00,0.000000000000000000e+00,0.000000000000000000e+00,0.000000000000000000e+00,0.000000000000000000e+00,0.000000000000000000e+00,0.000000000000000000e+00,0.000000000000000000e+00,0.000000000000000000e+00,0.000000000000000000e+00,0.000000000000000000e+00,0.000000000000000000e+00,0.000000000000000000e+00,0.000000000000000000e+00,0.000000000000000000e+00,0.000000000000000000e+00,0.000000000000000000e+00,0.000000000000000000e+00,0.000000000000000000e+00,0.000000000000000000e+00,0.000000000000000000e+00,0.000000000000000000e+00,0.000000000000000000e+00,0.000000000000000000e+00,0.000000000000000000e+00,0.000000000000000000e+00,0.000000000000000000e+00,0.000000000000000000e+00,0.000000000000000000e+00,0.000000000000000000e+00,0.000000000000000000e+00,0.000000000000000000e+00,0.000000000000000000e+00,0.000000000000000000e+00,0.000000000000000000e+00,0.000000000000000000e+00,0.000000000000000000e+00,0.000000000000000000e+00,0.000000000000000000e+00,0.000000000000000000e+00,0.000000000000000000e+00,0.000000000000000000e+00,0.000000000000000000e+00,0.000000000000000000e+00,0.000000000000000000e+00,0.000000000000000000e+00,0.000000000000000000e+00,0.000000000000000000e+00,0.000000000000000000e+00,0.000000000000000000e+00,0.000000000000000000e+00,0.000000000000000000e+00,0.000000000000000000e+00,0.000000000000000000e+00,0.000000000000000000e+00,0.000000000000000000e+00,0.000000000000000000e+00,0.000000000000000000e+00,0.000000000000000000e+00,0.000000000000000000e+00,0.000000000000000000e+00,0.000000000000000000e+00,0.000000000000000000e+00,0.000000000000000000e+00,0.000000000000000000e+00,0.000000000000000000e+00,0.000000000000000000e+00,0.000000000000000000e+00,0.000000000000000000e+00,0.000000000000000000e+00,0.000000000000000000e+00,0.000000000000000000e+00,0.000000000000000000e+00,0.000000000000000000e+00,0.000000000000000000e+00,0.000000000000000000e+00,0.000000000000000000e+00,0.000000000000000000e+00,0.000000000000000000e+00,0.000000000000000000e+00,0.000000000000000000e+00,0.000000000000000000e+00,0.000000000000000000e+00,0.000000000000000000e+00,0.000000000000000000e+00,0.000000000000000000e+00,0.000000000000000000e+00,0.000000000000000000e+00,0.000000000000000000e+00,0.000000000000000000e+00,0.000000000000000000e+00,0.000000000000000000e+00,0.000000000000000000e+00,0.000000000000000000e+00,0.000000000000000000e+00,0.000000000000000000e+00,0.000000000000000000e+00,0.000000000000000000e+00,0.000000000000000000e+00,0.000000000000000000e+00,0.000000000000000000e+00,0.000000000000000000e+00,0.000000000000000000e+00,0.000000000000000000e+00,0.000000000000000000e+00,0.000000000000000000e+00,0.000000000000000000e+00,0.000000000000000000e+00,0.000000000000000000e+00,0.000000000000000000e+00,0.000000000000000000e+00,0.000000000000000000e+00,0.000000000000000000e+00,0.000000000000000000e+00,0.000000000000000000e+00,0.000000000000000000e+00,0.000000000000000000e+00,0.000000000000000000e+00,0.000000000000000000e+00,0.000000000000000000e+00,0.000000000000000000e+00,0.000000000000000000e+00,0.000000000000000000e+00,0.000000000000000000e+00,0.000000000000000000e+00,0.000000000000000000e+00,0.000000000000000000e+00,0.000000000000000000e+00,0.000000000000000000e+00,0.000000000000000000e+00,0.000000000000000000e+00,0.000000000000000000e+00,3.730545049575795984e-04,7.095072117158111782e-04,5.290912126732199433e-04,2.916649656640944960e-04,4.290354461170423702e-05,-6.092580778299829777e-05,-9.157978238019808827e-05,-7.268686841026767494e-05,-4.878359641145813360e-05,-2.491587022887844068e-05,-9.284028479165643263e-06,1.241744782813805469e-06,7.492815066040997121e-06,1.210671144077055228e-05,1.585834846572765404e-05,1.945460165113734830e-05,2.282325409666386039e-05,2.595855598487522257e-05,2.872378860075763487e-05,3.112935804792414727e-05,3.318445855881040925e-05,3.496118879762552268e-05,3.651588558565285677e-05,3.790064603555967653e-05,3.915629127541669154e-05,4.029688162124459738e-05,4.134761461802653309e-05,4.229945317142894693e-05,4.317395045919253258e-05,4.395152095884128507e-05,4.465516937113375473e-05,4.525995396001968355e-05,4.579057360038493659e-05,4.621894314672790220e-05,4.657116959095649732e-05,4.681852157637679269e-05,4.698977141771623861e-05,4.705906689286775514e-05,4.705988857775340807e-05,4.697184991821488274e-05,4.683324049148355627e-05,4.662848403883685240e-05,4.639774129642946978e-05,4.612707641837623240e-05,4.585436843671670799e-05,4.556353173378926687e-05,4.528617983318671930e-05,4.500190220978467616e-05,4.473606800090815412e-05,4.446549509013425592e-05,4.420812161519796816e-05,4.393329993970376482e-05,4.364825011376020100e-05,4.331956581040375488e-05,4.295303722861321816e-05,4.251564443343517898e-05,4.200670107893462926e-05,4.139642740522199459e-05,4.070494973202847650e-05,3.994783771178237033e-05,3.918756757852151794e-05,3.845739537940922692e-05,3.779505737485496181e-05,3.718697642822822236e-05,3.662385890522771426e-05,3.607155109231949784e-05,3.552383219352296711e-05,3.496704825795542436e-05,3.441322240474798327e-05,3.386101608848208182e-05,3.332323918135404311e-05,3.279596986390466884e-05,3.228599865731481613e-05,3.178650853841128864e-05,3.130134465410080205e-05,3.082384878633992546e-05,3.035708297797065638e-05,2.989534794987370439e-05,2.944126334354999139e-05,2.898999429990073824e-05,2.854377920495409764e-05,2.809847496615458312e-05,2.765584522508202458e-05,2.721208418484474353e-05,2.676831887017878838e-05,2.632095284316256193e-05,2.587079030781047438e-05,2.541488580029850936e-05,2.495440219867227060e-05,2.448750391079307839e-05,2.401602274725576471e-05,2.353911743761370683e-05,2.305898546807501410e-05,2.257516194105519709e-05,2.208949294869173480e-05,2.160094430918686208e-05,2.111007353495261522e-05,2.061443975365901370e-05,2.011306179091769779e-05,1.960272330507024666e-05,1.908275485170825113e-05,1.855200717192964351e-05,1.801339481462803789e-05,1.747041006092537091e-05,1.693032309251972061e-05,1.639940573159466011e-05,1.588489997733167478e-05,1.539002846947240538e-05,1.491662806779333773e-05,1.446180601104105999e-05,1.402225442472272518e-05,1.359212947254470998e-05,1.316743229388888533e-05,1.274317117040780364e-05,1.231655894962048552e-05,1.188338968263042890e-05,1.144081012692857967e-05,1.098381512878408274e-05,1.050813438942195745e-05,1.000724984381836273e-05,9.475959682401307755e-06,8.908669155465723236e-06,8.303737756965653096e-06,7.661817179446394640e-06,6.988380835271872924e-06,6.289569044075836379e-06,5.572105581864256729e-06,4.838707338972478613e-06,4.089394994036053557e-06,3.320401286931383254e-06,2.528378251803639232e-06,1.711166500043831889e-06,8.709457297420944245e-07,1.285924134804387953e-08,-8.551453111806165562e-07,-1.725402646670408255e-06,-2.591621549857637399e-06,-3.450611023111846794e-06,-4.302048604045248689e-06,-5.147971497562143511e-06,-5.991803564082773513e-06,-6.836922052660123777e-06,-7.686429047799440520e-06,-8.541836027420088144e-06,-9.404146848649742874e-06,-1.027271593983595739e-05,-1.114750228990080402e-05,-1.202780126981900432e-05,-1.291535082985932708e-05,-1.381238333361649312e-05,-1.472468030142261040e-05,-1.565740965401083343e-05,-1.661613692681196191e-05,-1.759873579845436478e-05,-1.859500658349060964e-05,-1.958092964204641038e-05,-2.053222099955508457e-05,-2.144526617838866554e-05,-2.238845702033109456e-05,-2.354765552130097769e-05,-2.524532992761985804e-05,-2.783159163364678598e-05,-3.138789250423721890e-05,-3.519663205496630776e-05,-3.716979381671371322e-05,-3.366220497370081761e-05,-2.040592211396185314e-05,4.893745762208575116e-06,3.870162151669197454e-05,6.903524023183838822e-05,7.838608702167209957e-05,5.578125791881704111e-05,1.488321596017783917e-05,-1.805399288398995364e-06
0.000000000000000000e+00,0.000000000000000000e+00,0.000000000000000000e+00,0.000000000000000000e+00,0.000000000000000000e+00,0.000000000000000000e+00,0.000000000000000000e+00,0.000000000000000000e+00,0.000000000000000000e+00,0.000000000000000000e+00,0.000000000000000000e+00,0.000000000000000000e+00,0.000000000000000000e+00,0.000000000000000000e+00,0.000000000000000000e+00,0.000000000000000000e+00,0.000000000000000000e+00,0.000000000000000000e+00,0.000000000000000000e+00,0.000000000000000000e+00,0.000000000000000000e+00,0.000000000000000000e+00,0.000000000000000000e+00,0.000000000000000000e+00,0.000000000000000000e+00,0.000000000000000000e+00,0.000000000000000000e+00,0.000000000000000000e+00,0.000000000000000000e+00,0.000000000000000000e+00,0.000000000000000000e+00,0.000000000000000000e+00,0.000000000000000000e+00,0.000000000000000000e+00,0.000000000000000000e+00,0.000000000000000000e+00,0.000000000000000000e+00,0.000000000000000000e+00,0.000000000000000000e+00,0.000000000000000000e+00,0.000000000000000000e+00,0.000000000000000000e+00,0.000000000000000000e+00,0.000000000000000000e+00,0.000000000000000000e+00,0.000000000000000000e+00,0.000000000000000000e+00,0.000000000000000000e+00,0.000000000000000000e+00,0.000000000000000000e+00,0.000000000000000000e+00,0.000000000000000000e+00,0.000000000000000000e+00,0.000000000000000000e+00,0.000000000000000000e+00,0.000000000000000000e+00,0.000000000000000000e+00,0.000000000000000000e+00,0.000000000000000000e+00,0.000000000000000000e+00,0.000000000000000000e+00,0.000000000000000000e+00,0.000000000000000000e+00,0.000000000000000000e+00,0.000000000000000000e+00,0.000000000000000000e+00,0.000000000000000000e+00,0.000000000000000000e+00,0.000000000000000000e+00,0.000000000000000000e+00,0.000000000000000000e+00,0.000000000000000000e+00,0.000000000000000000e+00,0.000000000000000000e+00,0.000000000000000000e+00,0.000000000000000000e+00,0.000000000000000000e+00,0.000000000000000000e+00,0.000000000000000000e+00,0.000000000000000000e+00,0.000000000000000000e+00,0.000000000000000000e+00,0.000000000000000000e+00,0.000000000000000000e+00,0.000000000000000000e+00,0.000000000000000000e+00,0.000000000000000000e+00,0.000000000000000000e+00,0.000000000000000000e+00,0.000000000000000000e+00,0.000000000000000000e+00,0.000000000000000000e+00,0.000000000000000000e+00,0.000000000000000000e+00,0.000000000000000000e+00,0.000000000000000000e+00,0.000000000000000000e+00,0.000000000000000000e+00,0.000000000000000000e+00,0.000000000000000000e+00,0.000000000000000000e+00,0.000000000000000000e+00,0.000000000000000000e+00,0.000000000000000000e+00,0.000000000000000000e+00,0.000000000000000000e+00,0.000000000000000000e+00,0.000000000000000000e+00,0.000000000000000000e+00,0.000000000000000000e+00,0.000000000000000000e+00,0.000000000000000000e+00,0.000000000000000000e+00,0.000000000000000000e+00,0.000000000000000000e+00,0.000000000000000000e+00,0.000000000000000000e+00,0.000000000000000000e+00,0.000000000000000000e+00,0.000000000000000000e+00,0.000000000000000000e+00,0.000000000000000000e+00,0.000000000000000000e+00,0.000000000000000000e+00,0.000000000000000000e+00,0.000000000000000000e+00,0.000000000000000000e+00,0.000000000000000000e+00,0.000000000000000000e+00,0.000000000000000000e+00,0.000000000000000000e+00,0.000000000000000000e+00,0.000000000000000000e+00,0.000000000000000000e+00,0.000000000000000000e+00,0.000000000000000000e+00,0.000000000000000000e+00,0.000000000000000000e+00,0.000000000000000000e+00,0.000000000000000000e+00,0.000000000000000000e+00,0.000000000000000000e+00,0.000000000000000000e+00,0.000000000000000000e+00,0.000000000000000000e+00,0.000000000000000000e+00,0.000000000000000000e+00,0.000000000000000000e+00,0.000000000000000000e+00,0.000000000000000000e+00,0.000000000000000000e+00,0.000000000000000000e+00,0.000000000000000000e+00,0.000000000000000000e+00,0.000000000000000000e+00,0.000000000000000000e+00,0.000000000000000000e+00,0.000000000000000000e+00,0.000000000000000000e+00,0.000000000000000000e+00,0.000000000000000000e+00,0.000000000000000000e+00,0.000000000000000000e+00,0.000000000000000000e+00,0.000000000000000000e+00,0.000000000000000000e+00,4.752157867444840910e-04,4.992922862756488328e-04,3.693477683149346902e-04,1.712997698957675820e-04,4.157496573960717902e-05,-4.666813386306043512e-05,-6.410006229118074442e-05,-5.883223437433406317e-05,-3.956846706216150719e-05,-2.443865098538419877e-05,-1.187951160229523406e-05,-3.779703416104478656e-06,2.361643375206684381e-06,6.934946628014484721e-06,1.093060462513803265e-05,1.445942574774865887e-05,1.763696865270205741e-05,2.043477133786769049e-05,2.282608539020693398e-05,2.487216408330841138e-05,2.659769275621742476e-05,2.810711871953262833e-05,2.943151715026016610e-05,3.064571613054590447e-05,3.175838925855958606e-05,3.280384454760794518e-05,3.377775243514209139e-05,3.468871551527493596e-05,3.553258737273279322e-05,3.630432969833292185e-05,3.700552363676441736e-05,3.762337519991616183e-05,3.816581331728238264e-05,3.861506457009716890e-05,3.898446670315405333e-05,3.925334962523868438e-05,3.944025327701263244e-05,3.952464584649116543e-05,3.953158569366293959e-05,3.944409733857374891e-05,3.929461977716077945e-05,3.907080684020831652e-05,3.881033443859961956e-05,3.850311596136155989e-05,3.818763368529034955e-05,3.785228430840012178e-05,3.753152311362678068e-05,3.720873594655106246e-05,3.691208654014845530e-05,3.662079997536828879e-05,3.635663884683420024e-05,3.609096663191110622e-05,3.583280674449031529e-05,3.554551137109387949e-05,3.523384616939929194e-05,3.486191956350820858e-05,3.442916163281567785e-05,3.389784074042331580e-05,3.327844888173214088e-05,3.257225267873378413e-05,3.183842053525717320e-05,3.111319889091037206e-05,3.044895615537543344e-05,2.984242178604977841e-05,2.929322465432949416e-05,2.876473305002336318e-05,2.824837836080326410e-05,2.772318474384814107e-05,2.719998288288890347e-05,2.667415469844901992e-05,2.616095870081347564e-05,2.565526349904133317e-05,2.516666592339765498e-05,2.468684666008909089e-05,2.422184822235839375e-05,2.376323868732463810e-05,2.331598861629020052e-05,2.287260522095998824e-05,2.243738678238887136e-05,2.200365447890104248e-05,2.157507887572434788e-05,2.114569598075059578e-05,2.071860123678087541e-05,2.028834604619652579e-05,1.985738632504223484e-05,1.942066842713869251e-05,1.898027655654247237e-05,1.853194547501570852e-05,1.807808148231124324e-05,1.761572847028220417e-05,1.714800490817977130e-05,1.667316387699121206e-05,1.619466472413496927e-05,1.571120241988093884e-05,1.522572279183449258e-05,1.473635959867776721e-05,1.424469972297095367e-05,1.374767107174612622e-05,1.324545746195294957e-05,1.273446084949382568e-05,1.221510531167085650e-05,1.168561931537192227e-05,1.114933873293181462e-05,1.060844434900524375e-05,1.006996951259038925e-05,9.538769630907806076e-06,9.022199299279578353e-06,8.522939397702301951e-06,8.043767100590645019e-06,7.581828916332398865e-06,7.134704863275779549e-06,6.696195645058701632e-06,6.262603240526784907e-06,5.828275527311664517e-06,5.390654742304160481e-06,4.945092380837221113e-06,4.489162974645018011e-06,4.017632252660186771e-06,3.526705211445364840e-06,3.009561297683616208e-06,2.461026944418221393e-06,1.874459173527767842e-06,1.247328816591974207e-06,5.787839053493529448e-07,-1.261461258140891892e-07,-8.612456081507194170e-07,-1.618109405615822745e-06,-2.392140768357550406e-06,-3.181137791483137319e-06,-3.988030273491754078e-06,-4.816186516168054245e-06,-5.669231002434469759e-06,-6.546492880213577164e-06,-7.444390088178179177e-06,-8.355386595439907673e-06,-9.271638471634894172e-06,-1.018567348198133975e-05,-1.109313962746080668e-05,-1.199236905893857766e-05,-1.288467165576617333e-05,-1.377288282667087894e-05,-1.466037753887618094e-05,-1.555022709460200582e-05,-1.644424482561752631e-05,-1.734355075893299721e-05,-1.824782639328976694e-05,-1.915714934343243646e-05,-2.007110310153479809e-05,-2.099150967149816097e-05,-2.192082223287836513e-05,-2.286485000321446137e-05,-2.382886069606378706e-05,-2.481819826818674863e-05,-2.583023385296266482e-05,-2.685350522030178718e-05,-2.786212888413789165e-05,-2.882974633350489995e-05,-2.975218552617029232e-05,-3.070132524928838834e-05,-3.187339529280206981e-05,-3.360883564392395180e-05,-3.627902852327347441e-05,-3.997889773992081603e-05,-4.398025535526828463e-05,-4.614789694286549747e-05,-4.275542336648790375e-05,-2.944727497715435595e-05,-3.876308680874574001e-06,3.042021576408718991e-05,6.146250288234477702e-05,7.185693028588461943e-05,5.086512059229499489e-05,1.223617047962631565e-05,-2.334365551644261008e-06
0.000000000000000000e+00,0.000000000000000000e+00,0.000000000000000000e+00,0.000000000000000000e+00,0.000000000000000000e+00,0.000000000000000000e+00,0.000000000000000000e+00,0.000000000000000000e+00,0.000000000000000000e+00,0.000000000000000000e+00,0.000000000000000000e+00,0.000000000000000000e+00,0.000000000000000000e+00,0.000000000000000000e+00,0.000000000000000000e+00,0.000000000000000000e+00,0.000000000000000000e+00,0.000000000000000000e+00,0.000000000000000000e+00,0.000000000000000000e+00,0.000000000000000000e+00,0.000000000000000000e+00,0.000000000000000000e+00,0.000000000000000000e+00,0.000000000000000000e+00,0.000000000000000000e+00,0.000000000000000000e+00,0.000000000000000000e+00,0.000000000000000000e+00,0.000000000000000000e+00,0.000000000000000000e+00,0.000000000000000000e+00,0.000000000000000000e+00,0.000000000000000000e+00,0.000000000000000000e+00,0.000000000000000000e+00,0.000000000000000000e+00,0.000000000000000000e+00,0.000000000000000000e+00,0.000000000000000000e+00,0.000000000000000000e+00,0.000000000000000000e+00,0.000000000000000000e+00,0.000000000000000000e+00,0.000000000000000000e+00,0.000000000000000000e+00,0.000000000000000000e+00,0.000000000000000000e+00,0.000000000000000000e+00,0.000000000000000000e+00,0.000000000000000000e+00,0.000000000000000000e+00,0.000000000000000000e+00,0.000000000000000000e+00,0.000000000000000000e+00,0.000000000000000000e+00,0.000000000000000000e+00,0.000000000000000000e+00,0.000000000000000000e+00,0.000000000000000000e+00,0.000000000000000000e+00,0.000000000000000000e+00,0.000000000000000000e+00,0.000000000000000000e+00,0.000000000000000000e+00,0.000000000000000000e+00,0.000000000000000000e+00,0.000000000000000000e+00,0.000000000000000000e+00,0.000000000000000000e+00,0.000000000000000000e+00,0.000000000000000000e+00,0.000000000000000000e+00,0.000000000000000000e+00,0.000000000000000000e+00,0.000000000000000000e+00,0.000000000000000000e+00,0.000000000000000000e+00,0.000000000000000000e+00,0.000000000000000000e+00,0.000000000000000000e+00,0.000000000000000000e+00,0.000000000000000000e+00,0.000000000000000000e+00,0.000000000000000000e+00,0.000000000000000000e+00,0.000000000000000000e+00,0.000000000000000000e+00,0.000000000000000000e+00,0.000000000000000000e+00,0.000000000000000000e+00,0.000000000000000000e+00,0.000000000000000000e+00,0.000000000000000000e+00,0.000000000000000000e+00,0.000000000000000000e+00,0.000000000000000000e+00,0.000000000000000000e+00,0.000000000000000000e+00,0.000000000000000000e+00,0.000000000000000000e+00,0.000000000000000000e+00,0.000000000000000000e+00,0.000000000000000000e+00,0.000000000000000000e+00,0.000000000000000000e+00,0.000000000000000000e+00,0.000000000000000000e+00,0.000000000000000000e+00,0.000000000000000000e+00,0.000000000000000000e+00,0.000000000000000000e+00,0.000000000000000000e+00,0.000000000000000000e+00,0.000000000000000000e+00,0.000000000000000000e+00,0.000000000000000000e+00,0.000000000000000000e+00,0.000000000000000000e+00,0.000000000000000000e+00,0.000000000000000000e+00,0.000000000000000000e+00,0.000000000000000000e+00,0.000000000000000000e+00,0.000000000000000000e+00,0.000000000000000000e+00,0.000000000000000000e+00,0.000000000000000000e+00,0.000000000000000000e+00,0.000000000000000000e+00,0.000000000000000000e+00,0.000000000000000000e+00,0.000000000000000000e+00,0.000000000000000000e+00,0.000000000000000000e+00,0.000000000000000000e+00,0.000000000000000000e+00,0.000000000000000000e+00,0.000000000000000000e+00,0.000000000000000000e+00,0.000000000000000000e+00,0.000000000000000000e+00,0.000000000000000000e+00,0.000000000000000000e+00,0.000000000000000000e+00,0.000000000000000000e+00,0.000000000000000000e+00,0.000000000000000000e+00,0.000000000000000000e+00,0.000000000000000000e+00,0.000000000000000000e+00,0.000000000000000000e+00,0.000000000000000000e+00,0.000000000000000000e+00,0.000000000000000000e+00,0.000000000000000000e+00,0.000000000000000000e+00,0.000000000000000000e+00,0.000000000000000000e+00,0.000000000000000000e+00,0.000000000000000000e+00,0.000000000000000000e+00,0.000000000000000000e+00,0.000000000000000000e+00,0.000000000000000000e+00,0.000000000000000000e+00,4.156204648093926438e-04,5.066484592085047228e-04,3.291889103413101533e-04,1.604506060411916473e-04,4.153708547760992016e-05,-8.193607077012611412e-06,-3.185519281860847750e-05,-2.952915317951801464e-05,-2.353814940023699097e-05,-1.370265076438650603e-05,-6.406375801163710264e-06,1.623719047468176624e-07,4.855044462406132634e-06,8.923485717596454293e-06,1.212930447271722450e-05,1.497062237227298826e-05,1.728495700978163513e-05,1.926805012995462990e-05,2.084606856922770194e-05,2.217497050263757548e-05,2.325278519419860787e-05,2.421247062252332089e-05,2.505636172820338575e-05,2.586894170543158761e-05,2.663339505188003396e-05,2.739152732437950447e-05,2.811733855123346336e-05,2.882676553203966378e-05,2.949647325317350014e-05,3.012783602988107766e-05,3.070553954150329041e-05,3.122242021360975171e-05,3.167265315731086133e-05,3.204395184166022349e-05,3.233940892036882872e-05,3.254342827537750666e-05,3.266677104704759568e-05,3.269238408248030265e-05,3.263869383487018154e-05,3.249027867162571494e-05,3.227431026099110293e-05,3.197946618082931123e-05,3.164080557732512486e-05,3.125009020289779124e-05,3.084616818222430740e-05,3.042036256234403565e-05,3.001013708865450056e-05,2.960224377893831883e-05,2.922848344282579237e-05,2.887018813498769092e-05,2.855341176685081641e-05,2.825209635925712121e-05,2.797924117433548116e-05,2.769632389164524832e-05,2.740743918928235093e-05,2.707288013079387585e-05,2.669265660571123013e-05,2.622290336593957927e-05,2.566630805710269609e-05,2.500861597651325715e-05,2.430150038431908312e-05,2.357910237261364047e-05,2.290569175296469564e-05,2.228882796192333373e-05,2.173985294501078007e-05,2.122247780850840745e-05,2.072735006482870408e-05,2.022624408796600459e-05,1.972808077271016023e-05,1.922414385573841520e-05,1.873161474058920379e-05,1.824394845523548707e-05,1.777351024700039023e-05,1.731049312463422412e-05,1.686310648252288018e-05,1.642111029704007713e-05,1.599133257046139736e-05,1.556449079344087702e-05,1.514657680958162535e-05,1.472912502515140605e-05,1.431726482597859231e-05,1.390323343240427133e-05,1.349142717207588823e-05,1.307472225581140112e-05,1.265684893531858841e-05,1.223126830492945551e-05,1.180131580693009039e-05,1.136139943526036516e-05,1.091515266860301795e-05,1.045848964706420101e-05,9.995799513897573186e-06,9.524422639008104716e-06,9.049073090299531924e-06,8.567595473368874297e-06,8.084009557464300963e-06,7.595566782184509775e-06,7.104819667264293357e-06,6.608000668837383944e-06,6.106436547829751152e-06,5.596183259160069147e-06,5.078877207840586809e-06,4.552283088690512352e-06,4.020313965126962631e-06,3.483888124350297590e-06,2.949703368959723737e-06,2.420923353758435302e-06,1.904667582460395532e-06,1.402764226702388492e-06,9.188129796176465387e-07,4.500905269265864185e-07,-4.677028061072574464e-09,-4.517958075690010982e-07,-8.945250875093412623e-07,-1.339219334989351493e-06,-1.788331739490140414e-06,-2.247078323388268766e-06,-2.717462538381018373e-06,-3.204833815039829349e-06,-3.712257171981852830e-06,-4.246514540060150070e-06,-4.812337602866602262e-06,-5.417051590511769817e-06,-6.063867511371432490e-06,-6.755253744265492590e-06,-7.487059117660885277e-06,-8.253646267978419898e-06,-9.045524117267551630e-06,-9.856531894431202727e-06,-1.068218686830224697e-05,-1.152417741737623452e-05,-1.238538789046355312e-05,-1.327057411143181766e-05,-1.418052985180835825e-05,-1.511349194679999003e-05,-1.606273737658019175e-05,-1.702063780089380446e-05,-1.797876926628790378e-05,-1.893165761179491926e-05,-1.987614323544461393e-05,-2.081257920542715052e-05,-2.174295450967993375e-05,-2.267044369028670510e-05,-2.359794617364100101e-05,-2.452752895877427072e-05,-2.546042362719330864e-05,-2.639670205930974131e-05,-2.733662879289225304e-05,-2.828018665546619959e-05,-2.922936093873352250e-05,-3.018692964912830692e-05,-3.115876413633350913e-05,-3.215028103998712863e-05,-3.316654194661117780e-05,-3.420436502503490403e-05,-3.525081753023525701e-05,-3.627797916625300769e-05,-3.725709699400824265e-05,-3.818333743179704606e-05,-3.913201026113516672e-05,-4.031024079736274056e-05,-4.207715742543248922e-05,-4.482670704279710682e-05,-4.866806429898673053e-05,-5.286287761379786693e-05,-5.522734198649520535e-05,-5.195166776163754772e-05,-3.858920337695390156e-05,-1.273912659983089545e-05,2.205795497867729213e-05,5.381950144821756512e-05,6.526805168344089209e-05,4.590411276764861894e-05,9.565934599021663724e-06,-2.867470397911700258e-06
0.000000000000000000e+00,0.000000000000000000e+00,0.000000000000000000e+00,0.000000000000000000e+00,0.000000000000000000e+00,0.000000000000000000e+00,0.000000000000000000e+00,0.000000000000000000e+00,0.000000000000000000e+00,0.000000000000000000e+00,0.000000000000000000e+00,0.000000000000000000e+00,0.000000000000000000e+00,0.000000000000000000e+00,0.000000000000000000e+00,0.000000000000000000e+00,0.000000000000000000e+00,0.000000000000000000e+00,0.000000000000000000e+00,0.000000000000000000e+00,0.000000000000000000e+00,0.000000000000000000e+00,0.000000000000000000e+00,0.000000000000000000e+00,0.000000000000000000e+00,0.000000000000000000e+00,0.000000000000000000e+00,0.000000000000000000e+00,0.000000000000000000e+00,0.000000000000000000e+00,0.000000000000000000e+00,0.000000000000000000e+00,0.000000000000000000e+00,0.000000000000000000e+00,0.000000000000000000e+00,0.000000000000000000e+00,0.000000000000000000e+00,0.000000000000000000e+00,0.000000000000000000e+00,0.000000000000000000e+00,0.000000000000000000e+00,0.000000000000000000e+00,0.000000000000000000e+00,0.000000000000000000e+00,0.000000000000000000e+00,0.000000000000000000e+00,0.000000000000000000e+00,0.000000000000000000e+00,0.000000000000000000e+00,0.000000000000000000e+00,0.000000000000000000e+00,0.000000000000000000e+00,0.000000000000000000e+00,0.000000000000000000e+00,0.000000000000000000e+00,0.000000000000000000e+00,0.000000000000000000e+00,0.000000000000000000e+00,0.000000000000000000e+00,0.000000000000000000e+00,0.000000000000000000e+00,0.000000000000000000e+00,0.000000000000000000e+00,0.000000000000000000e+00,0.000000000000000000e+00,0.000000000000000000e+00,0.000000000000000000e+00,0.000000000000000000e+00,0.000000000000000000e+00,0.000000000000000000e+00,0.000000000000000000e+00,0.000000000000000000e+00,0.000000000000000000e+00,0.000000000000000000e+00,0.000000000000000000e+00,0.000000000000000000e+00,0.000000000000000000e+00,0.000000000000000000e+00,0.000000000000000000e+00,0.000000000000000000e+00,0.000000000000000000e+00,0.000000000000000000e+00,0.000000000000000000e+00,0.000000000000000000e+00,0.000000000000000000e+00,0.000000000000000000e+00,0.000000000000000000e+00,0.000000000000000000e+00,0.000000000000000000e+00,0.000000000000000000e+00,0.000000000000000000e+00,0.000000000000000000e+00,0.000000000000000000e+00,0.000000000000000000e+00,0.000000000000000000e+00,0.000000000000000000e+00,0.000000000000000000e+00,0.000000000000000000e+00,0.000000000000000000e+00,0.000000000000000000e+00,0.000000000000000000e+00,0.000000000000000000e+00,0.000000000000000000e+00,0.000000000000000000e+00,0.000000000000000000e+00,0.000000000000000000e+00,0.000000000000000000e+00,0.000000000000000000e+00,0.000000000000000000e+00,0.000000000000000000e+00,0.000000000000000000e+00,0.000000000000000000e+00,0.000000000000000000e+00,0.000000000000000000e+00,0.000000000000000000e+00,0.000000000000000000e+00,0.000000000000000000e+00,0.000000000000000000e+00,0.000000000000000000e+00,0.000000000000000000e+00,0.000000000000000000e+00,0.000000000000000000e+00,0.000000000000000000e+00,0.000000000000000000e+00,0.000000000000000000e+00,0.000000000000000000e+00,0.000000000000000000e+00,0.000000000000000000e+00,0.000000000000000000e+00,0.000000000000000000e+00,0.000000000000000000e+00,0.000000000000000000e+00,0.000000000000000000e+00,0.000000000000000000e+00,0.000000000000000000e+00,0.000000000000000000e+00,0.000000000000000000e+00,0.000000000000000000e+00,0.000000000000000000e+00,0.000000000000000000e+00,0.000000000000000000e+00,0.000000000000000000e+00,0.000000000000000000e+00,0.000000000000000000e+00,0.000000000000000000e+00,0.000000000000000000e+00,0.000000000000000000e+00,0.000000000000000000e+00,0.000000000000000000e+00,0.000000000000000000e+00,0.000000000000000000e+00,0.000000000000000000e+00,0.000000000000000000e+00,0.000000000000000000e+00,0.000000000000000000e+00,0.000000000000000000e+00,0.000000000000000000e+00,0.000000000000000000e+00,0.000000000000000000e+00,0.000000000000000000e+00,0.000000000000000000e+00,0.000000000000000000e+00,0.000000000000000000e+00,0.000000000000000000e+00,0.000000000000000000e+00,0.000000000000000000e+00,4.440047447929134999e-04,4.657677927435177091e-04,2.904722833100650305e-04,1.253576356804828745e-04,5.720383462152181162e-05,1.971014355997882504e-05,8.083932347939594521e-06,5.877347965742372147e-07,1.042058829376286753e-06,3.120216303117465847e-06,7.323086487196904699e-06,1.068344633939100198e-05,1.385785210131956066e-05,1.615908802874971414e-05,1.808440165310848627e-05,1.949149064721626627e-05,2.057610734441788771e-05,2.133650556765612628e-05,2.185645172976934605e-05,2.221571502369390605e-05,2.246142119701302517e-05,2.268588646719502940e-05,2.289598356007937664e-05,2.315491457768983872e-05,2.343750666414118694e-05,2.377674005461324376e-05,2.413557539414691542e-05,2.452742001273532302e-05,2.491740928288766350e-05,2.530655910606318927e-05,2.566816157626796872e-05,2.599521085785630928e-05,2.627176013029425901e-05,2.648639466602235333e-05,2.663463725605724541e-05,2.670269249086869054e-05,2.669618573290398470e-05,2.659964438413687067e-05,2.642730156175733921e-05,2.616377284939184442e-05,2.583234092599207389e-05,2.542073210944735610e-05,2.496166815583121038e-05,2.444667811031302492e-05,2.391489195483956950e-05,2.335877303066256916e-05,2.281874695171288189e-05,2.228402546596560481e-05,2.179078713938266222e-05,2.132216825499880770e-05,2.090884926535832195e-05,2.052732779087519443e-05,2.019639245406850488e-05,1.987751802839095528e-05,1.957555057663405975e-05,1.924659657892704512e-05,1.889125982885292093e-05,1.846081557444631213e-05,1.795235339195502570e-05,1.733632714724247403e-05,1.665395817763269077e-05,1.593228836078762971e-05,1.524355750102198044e-05,1.460526600547976029e-05,1.404234823652633808e-05,1.352172063266542479e-05,1.303526744907932498e-05,1.254817501163274173e-05,1.206698361217102960e-05,1.157815863925948934e-05,1.110015780233476951e-05,1.062479645248721393e-05,1.016710370186705110e-05,9.715870102429308253e-06,9.281430109916884830e-06,8.851761847210064049e-06,8.435445300387433033e-06,8.021421381763937670e-06,7.617314068387490998e-06,7.212943488964565757e-06,6.814884962404649710e-06,6.413651882792124717e-06,6.014901674341522558e-06,5.609858770061528903e-06,5.203453913880230952e-06,4.787667654742892472e-06,4.367025942238918507e-06,3.934628112764890977e-06,3.495291470801113589e-06,3.043816691081905189e-06,2.585822008979675006e-06,2.117748102653206257e-06,1.645533437976394591e-06,1.166187600453410667e-06,6.847708185649654827e-07,1.976366566632256142e-07,-2.917677533858585797e-07,-7.879578686468813563e-07,-1.288530957128738197e-06,-1.797777565341057608e-06,-2.312806493123383325e-06,-2.836192902315605250e-06,-3.363311394542076191e-06,-3.894394548336020148e-06,-4.423089913753680803e-06,-4.948075342954823632e-06,-5.462748305513877540e-06,-5.966434305867090254e-06,-6.454911952049641182e-06,-6.930774320673695923e-06,-7.393961256870163636e-06,-7.850614794079077241e-06,-8.303349671204848201e-06,-8.759177560063601849e-06,-9.220552924804950850e-06,-9.693429233834246849e-06,-1.017950855530306534e-05,-1.068426089399981889e-05,-1.120987758743234270e-05,-1.176281846060282647e-05,-1.234696747789123556e-05,-1.296988850858636230e-05,-1.363512235197338357e-05,-1.434666745961404893e-05,-1.510151574779064238e-05,-1.589517697224820245e-05,-1.671772102386236993e-05,-1.756188461677045062e-05,-1.842098396783576516e-05,-1.929517670504989535e-05,-2.018637882687632465e-05,-2.110006561233048090e-05,-2.203834595522306477e-05,-2.300144814150541328e-05,-2.398385510980336388e-05,-2.497860063582367081e-05,-2.597664302327482103e-05,-2.697152230585855677e-05,-2.795852399055766537e-05,-2.893684387225481163e-05,-2.990737382897554360e-05,-3.087285300273872712e-05,-3.183583948109290569e-05,-3.279854923151807400e-05,-3.376229419413955565e-05,-3.472754123137052030e-05,-3.569479456065615552e-05,-3.666448887365493010e-05,-3.763885907946959767e-05,-3.862106392009562476e-05,-3.961711962325583725e-05,-4.063260612309657854e-05,-4.167233187490040805e-05,-4.273246315115516737e-05,-4.379849822904577816e-05,-4.484020183567853917e-05,-4.582622369303722919e-05,-4.675078219786673770e-05,-4.769272371606507330e-05,-4.887036268824948072e-05,-5.066253428126844170e-05,-5.348680073971334861e-05,-5.746788374884506347e-05,-6.185733183563625409e-05,-6.442189053413327764e-05,-6.126527166892844589e-05,-4.784652777973866369e-05,-2.170821400242592091e-05,1.360359055344313249e-05,4.609909872244180888e-05,5.861490954297146150e-05,4.089694603663018092e-05,6.869989130052135338e-06,-3.406194347709672184e-06
0.000000000000000000e+00,0.000000000000000000e+00,0.000000000000000000e+00,0.000000000000000000e+00,0.000000000000000000e+00,0.000000000000000000e+00,0.000000000000000000e+00,0.000000000000000000e+00,0.000000000000000000e+00,0.000000000000000000e+00,0.000000000000000000e+00,0.000000000000000000e+00,0.000000000000000000e+00,0.000000000000000000e+00,0.000000000000000000e+00,0.000000000000000000e+00,0.000000000000000000e+00,0.000000000000000000e+00,0.000000000000000000e+00,0.000000000000000000e+00,0.000000000000000000e+00,0.000000000000000000e+00,0.000000000000000000e+00,0.000000000000000000e+00,0.000000000000000000e+00,0.000000000000000000e+00,0.000000000000000000e+00,0.000000000000000000e+00,0.000000000000000000e+00,0.000000000000000000e+00,0.000000000000000000e+00,0.000000000000000000e+00,0.000000000000000000e+00,0.000000000000000000e+00,0.000000000000000000e+00,0.000000000000000000e+00,0.000000000000000000e+00,0.000000000000000000e+00,0.000000000000000000e+00,0.000000000000000000e+00,0.000000000000000000e+00,0.000000000000000000e+00,0.000000000000000000e+00,0.000000000000000000e+00,0.000000000000000000e+00,0.000000000000000000e+00,0.000000000000000000e+00,0.000000000000000000e+00,0.000000000000000000e+00,0.000000000000000000e+00,0.000000000000000000e+00,0.000000000000000000e+00,0.000000000000000000e+00,0.000000000000000000e+00,0.000000000000000000e+00,0.000000000000000000e+00,0.000000000000000000e+00,0.000000000000000000e+00,0.000000000000000000e+00,0.000000000000000000e+00,0.000000000000000000e+00,0.000000000000000000e+00,0.000000000000000000e+00,0.000000000000000000e+00,0.000000000000000000e+00,0.000000000000000000e+00,0.000000000000000000e+00,0.000000000000000000e+00,0.000000000000000000e+00,0.000000000000000000e+00,0.000000000000000000e+00,0.000000000000000000e+00,0.000000000000000000e+00,0.000000000000000000e+00,0.000000000000000000e+00,0.000000000000000000e+00,0.000000000000000000e+00,0.000000000000000000e+00,0.000000000000000000e+00,0.000000000000000000e+00,0.000000000000000000e+00,0.000000000000000000e+00,0.000000000000000000e+00,0.000000000000000000e+00,0.000000000000000000e+00,0.000000000000000000e+00,0.000000000000000000e+00,0.000000000000000000e+00,0.000000000000000000e+00,0.000000000000000000e+00,0.000000000000000000e+00,0.000000000000000000e+00,0.000000000000000000e+00,0.000000000000000000e+00,0.000000000000000000e+00,0.000000000000000000e+00,0.000000000000000000e+00,0.000000000000000000e+00,0.000000000000000000e+00,0.000000000000000000e+00,0.000000000000000000e+00,0.000000000000000000e+00,0.000000000000000000e+00,0.000000000000000000e+00,0.000000000000000000e+00,0.000000000000000000e+00,0.000000000000000000e+00,0.000000000000000000e+00,0.000000000000000000e+00,0.000000000000000000e+00,0.000000000000000000e+00,0.000000000000000000e+00,0.000000000000000000e+00,0.000000000000000000e+00,0.000000000000000000e+00,0.000000000000000000e+00,0.000000000000000000e+00,0.000000000000000000e+00,0.000000000000000000e+00,0.000000000000000000e+00,0.000000000000000000e+00,0.000000000000000000e+00,0.000000000000000000e+00,0.000000000000000000e+00,0.000000000000000000e+00,0.000000000000000000e+00,0.000000000000000000e+00,0.000000000000000000e+00,0.000000000000000000e+00,0.000000000000000000e+00,0.000000000000000000e+00,0.000000000000000000e+00,0.000000000000000000e+00,0.000000000000000000e+00,0.000000000000000000e+00,0.000000000000000000e+00,0.000000000000000000e+00,0.000000000000000000e+00,0.000000000000000000e+00,0.000000000000000000e+00,0.000000000000000000e+00,0.000000000000000000e+00,0.000000000000000000e+00,0.000000000000000000e+00,0.000000000000000000e+00,0.000000000000000000e+00,0.000000000000000000e+00,0.000000000000000000e+00,0.000000000000000000e+00,0.000000000000000000e+00,0.000000000000000000e+00,0.000000000000000000e+00,0.000000000000000000e+00,0.000000000000000000e+00,0.000000000000000000e+00,0.000000000000000000e+00,0.000000000000000000e+00,0.000000000000000000e+00,0.000000000000000000e+00,0.000000000000000000e+00,0.000000000000000000e+00,0.000000000000000000e+00,0.000000000000000000e+00,0.000000000000000000e+00,0.000000000000000000e+00,0.000000000000000000e+00,3.920216028325212532e-04,4.038742717766132884e-04,2.422831116074526203e-04,1.192751742610655239e-04,6.791080645193256905e-05,4.936469513011367108e-05,3.583497721464223021e-05,2.841767598028374794e-05,2.456505477107913746e-05,2.443325065966990838e-05,2.474639600761990144e-05,2.567898868811585775e-05,2.605304311377733850e-05,2.634287011516849426e-05,2.624475226190448317e-05,2.603286777144312307e-05,2.558802958424982412e-05,2.505720387506344210e-05,2.440878344149294813e-05,2.376577652802835182e-05,2.312597301155213821e-05,2.258288137883005949e-05,2.211711384005010008e-05,2.178269932472084571e-05,2.153949112247588002e-05,2.141243869469491444e-05,2.135531990691115367e-05,2.137637429733704484e-05,2.143401408196259094e-05,2.152577766445683545e-05,2.161879266875418426e-05,2.170296457755095356e-05,2.175635263577655642e-05,2.176487347232722671e-05,2.171934597605753266e-05,2.160460193216557167e-05,2.142367341293420203e-05,2.116066523805772192e-05,2.082828045005343353e-05,2.040996663759312067e-05,1.992714378650446613e-05,1.936508788680096091e-05,1.875494911575839536e-05,1.808609291349766866e-05,1.739800484848992801e-05,1.668248091106480971e-05,1.598274925911201963e-05,1.528921552562404599e-05,1.464290344903646491e-05,1.402843150261880283e-05,1.348142001617444726e-05,1.298047607476035425e-05,1.255131102645288436e-05,1.215722681075502134e-05,1.180601227731062274e-05,1.145014878774058030e-05,1.109088901950887374e-05,1.067546328576645832e-05,1.019750603696765347e-05,9.613504063877640872e-06,8.952636097929817313e-06,8.230524464392803937e-06,7.522743674803945038e-06,6.854550578955966107e-06,6.265187989317783162e-06,5.727350135150435232e-06,5.236429613025123968e-06,4.752256438208104945e-06,4.278843919700044971e-06,3.797301447726324721e-06,3.326634858169304599e-06,2.856769109411539826e-06,2.405209598292983773e-06,1.959489672241915422e-06,1.532026431676767425e-06,1.109125464584281781e-06,7.009902054439325963e-07,2.948273301242496777e-07,-1.002347625801782157e-07,-4.960123812530587300e-07,-8.845505833983976720e-07,-1.276951164416542319e-06,-1.666350982363854124e-06,-2.063100518600090832e-06,-2.461151995541350902e-06,-2.869961755177363529e-06,-3.283897470308219141e-06,-3.711125210999958500e-06,-4.145711458818897714e-06,-4.593928478248000594e-06,-5.048991511235501925e-06,-5.515325362835133662e-06,-5.985815940730967567e-06,-6.464247511938341360e-06,-6.944555839318172649e-06,-7.431262296247444506e-06,-7.920092859648175258e-06,-8.416341682240674674e-06,-8.916629287417999258e-06,-9.425623823031893897e-06,-9.939213733695219453e-06,-1.046024031053373000e-05,-1.098327704593014213e-05,-1.150956633598978537e-05,-1.203304462164154424e-05,-1.255425684226053564e-05,-1.306730481757466635e-05,-1.357291516412787450e-05,-1.406649193299913961e-05,-1.455058467174494944e-05,-1.502371010660543953e-05,-1.549159539993080956e-05,-1.595595785006690754e-05,-1.642431486028706088e-05,-1.689915338250675398e-05,-1.738731701447501909e-05,-1.789040114772885140e-05,-1.841411932097603628e-05,-1.895978921290996874e-05,-1.953338066729252230e-05,-2.013760080831721096e-05,-2.077980121724798599e-05,-2.146340926990635388e-05,-2.219369141556499521e-05,-2.296885700979074403e-05,-2.378599099478790913e-05,-2.463535093232527330e-05,-2.550912434838741770e-05,-2.639866249191835288e-05,-2.730242997692544025e-05,-2.822093142082310630e-05,-2.915988828898092851e-05,-3.012245737389351332e-05,-3.111091883939591843e-05,-3.212130222182203759e-05,-3.314777642309969514e-05,-3.418110152426846076e-05,-3.521408238625977309e-05,-3.624048500128242687e-05,-3.725822082016923959e-05,-3.826686031564384123e-05,-3.926848064485826193e-05,-4.026510283818450964e-05,-4.125897097890654166e-05,-4.225140161907128469e-05,-4.324324400037960625e-05,-4.423523964988455794e-05,-4.522831744470745763e-05,-4.622498894056060336e-05,-4.722886521833246813e-05,-4.824614060446027678e-05,-4.928263256487857023e-05,-5.034288103208945368e-05,-5.142239796446841665e-05,-5.250493738878937700e-05,-5.355778011247636940e-05,-5.454662518506432438e-05,-5.546458233830252132e-05,-5.639391449917050935e-05,-5.756463290296065093e-05,-5.937604824566632773e-05,-6.227080750665622616e-05,-6.639020751423300353e-05,-7.097637049064843399e-05,-7.374516909982209607e-05,-7.071118326171622144e-05,-5.723456609789961692e-05,-3.079861736314447139e-05,5.044760133241092341e-06,3.829197135031771522e-05,5.189179819340015764e-05,3.583798418308266245e-05,4.146227309926555858e-06,-3.951321412717264040e-06
0.000000000000000000e+00,0.000000000000000000e+00,0.000000000000000000e+00,0.000000000000000000e+00,0.000000000000000000e+00,0.000000000000000000e+00,0.000000000000000000e+00,0.000000000000000000e+00,0.000000000000000000e+00,0.000000000000000000e+00,0.000000000000000000e+00,0.000000000000000000e+00,0.000000000000000000e+00,0.000000000000000000e+00,0.000000000000000000e+00,0.000000000000000000e+00,0.000000000000000000e+00,0.000000000000000000e+00,0.000000000000000000e+00,0.000000000000000000e+00,0.000000000000000000e+00,0.000000000000000000e+00,0.000000000000000000e+00,0.000000000000000000e+00,0.000000000000000000e+00,0.000000000000000000e+00,0.000000000000000000e+00,0.000000000000000000e+00,0.000000000000000000e+00,0.000000000000000000e+00,0.000000000000000000e+00,0.000000000000000000e+00,0.000000000000000000e+00,0.000000000000000000e+00,0.000000000000000000e+00,0.000000000000000000e+00,0.000000000000000000e+00,0.000000000000000000e+00,0.000000000000000000e+00,0.000000000000000000e+00,0.000000000000000000e+00,0.000000000000000000e+00,0.000000000000000000e+00,0.000000000000000000e+00,0.000000000000000000e+00,0.000000000000000000e+00,0.000000000000000000e+00,0.000000000000000000e+00,0.000000000000000000e+00,0.000000000000000000e+00,0.000000000000000000e+00,0.000000000000000000e+00,0.000000000000000000e+00,0.000000000000000000e+00,0.000000000000000000e+00,0.000000000000000000e+00,0.000000000000000000e+00,0.000000000000000000e+00,0.000000000000000000e+00,0.000000000000000000e+00,0.000000000000000000e+00,0.000000000000000000e+00,0.000000000000000000e+00,0.000000000000000000e+00,0.000000000000000000e+00,0.000000000000000000e+00,0.000000000000000000e+00,0.000000000000000000e+00,0.000000000000000000e+00,0.000000000000000000e+00,0.000000000000000000e+00,0.000000000000000000e+00,0.000000000000000000e+00,0.000000000000000000e+00,0.000000000000000000e+00,0.000000000000000000e+00,0.000000000000000000e+00,0.000000000000000000e+00,0.000000000000000000e+00,0.000000000000000000e+00,0.000000000000000000e+00,0.000000000000000000e+00,0.000000000000000000e+00,0.000000000000000000e+00,0.000000000000000000e+00,0.000000000000000000e+00,0.000000000000000000e+00,0.000000000000000000e+00,0.000000000000000000e+00,0.000000000000000000e+00,0.000000000000000000e+00,0.000000000000000000e+00,0.000000000000000000e+00,0.000000000000000000e+00,0.000000000000000000e+00,0.000000000000000000e+00,0.000000000000000000e+00,0.000000000000000000e+00,0.000000000000000000e+00,0.000000000000000000e+00,0.000000000000000000e+00,0.000000000000000000e+00,0.000000000000000000e+00,0.000000000000000000e+00,0.000000000000000000e+00,0.000000000000000000e+00,0.000000000000000000e+00,0.000000000000000000e+00,0.000000000000000000e+00,0.000000000000000000e+00,0.000000000000000000e+00,0.000000000000000000e+00,0.000000000000000000e+00,0.000000000000000000e+00,0.000000000000000000e+00,0.000000000000000000e+00,0.000000000000000000e+00,0.000000000000000000e+00,0.000000000000000000e+00,0.000000000000000000e+00,0.000000000000000000e+00,0.000000000000000000e+00,0.000000000000000000e+00,0.000000000000000000e+00,0.000000000000000000e+00,0.000000000000000000e+00,0.000000000000000000e+00,0.000000000000000000e+00,0.000000000000000000e+00,0.000000000000000000e+00,0.000000000000000000e+00,0.000000000000000000e+00,0.000000000000000000e+00,0.000000000000000000e+00,0.000000000000000000e+00,0.000000000000000000e+00,0.000000000000000000e+00,0.000000000000000000e+00,0.000000000000000000e+00,0.000000000000000000e+00,0.000000000000000000e+00,0.000000000000000000e+00,0.000000000000000000e+00,0.000000000000000000e+00,0.000000000000000000e+00,0.000000000000000000e+00,0.000000000000000000e+00,0.000000000000000000e+00,0.000000000000000000e+00,0.000000000000000000e+00,0.000000000000000000e+00,0.000000000000000000e+00,0.000000000000000000e+00,0.000000000000000000e+00,0.000000000000000000e+00,0.000000000000000000e+00,0.000000000000000000e+00,0.000000000000000000e+00,0.000000000000000000e+00,0.000000000000000000e+00,0.000000000000000000e+00,0.000000000000000000e+00,0.000000000000000000e+00,0.000000000000000000e+00,0.000000000000000000e+00,0.000000000000000000e+00,3.736072212016301763e-04,3.629465654359423756e-04,2.280566357633217892e-04,1.298855452209409531e-04,7.981260938457249415e-05,5.517969194875744864e-05,4.186242330477252103e-05,4.075034479176108842e-05,4.259045877027953448e-05,4.289203730443735964e-05,4.230230687536388822e-05,4.029754628610880771e-05,3.829408209854179437e-05,3.600147094710045274e-05,3.404162123499039248e-05,3.207634279769370301e-05,3.030805399435339333e-05,2.855608579039966189e-05,2.692753890069006183e-05,2.539057041861524460e-05,2.400424275898838661e-05,2.278403685691161387e-05,2.173514492108361853e-05,2.086958408213252986e-05,2.015701260384668774e-05,1.959917157559512135e-05,1.915419607272427296e-05,1.881721958345914227e-05,1.854897495295844274e-05,1.833920578103921700e-05,1.815607176304938781e-05,1.798375089649838598e-05,1.779983679820108827e-05,1.758502136731232676e-05,1.732901462436019411e-05,1.701247635929842799e-05,1.663834215174601127e-05,1.618816438924047579e-05,1.567562786448217156e-05,1.508192993647158616e-05,1.442897848931935646e-05,1.369863075928381183e-05,1.292170788625681478e-05,1.208384857475779512e-05,1.122512579462309234e-05,1.033498805195166026e-05,9.459260864157810415e-06,8.588096882049334063e-06,7.767464446922939540e-06,6.983057401170475603e-06,6.275747594995795191e-06,5.625635556533474685e-06,5.065741008175007324e-06,4.562537639656528246e-06,4.129179619313545413e-06,3.716020787354702453e-06,3.325448227342273828e-06,2.901288642473777455e-06,2.435576740531440682e-06,1.872867457942708814e-06,1.229993328950384116e-06,5.079160690794931874e-07,-2.192673472023006528e-07,-9.217483944443199232e-07,-1.546531752424821455e-06,-2.113158481360506540e-06,-2.620457108700873169e-06,-3.112240817377521499e-06,-3.586804831610916119e-06,-4.068671398993759712e-06,-4.539040291362307136e-06,-5.010143057421736348e-06,-5.462282999118699008e-06,-5.909002684442335515e-06,-6.335851138216971908e-06,-6.757997196674351646e-06,-7.163739486262555648e-06,-7.567511107264757641e-06,-7.958849580386915967e-06,-8.351121196629382527e-06,-8.735113624923113336e-06,-9.123419043778969100e-06,-9.508049292543284327e-06,-9.900809769420759702e-06,-1.029462359329148437e-05,-1.070029765975989014e-05,-1.111118945739952066e-05,-1.153666002254495225e-05,-1.196974660772331628e-05,-1.241773291197544672e-05,-1.287274893232954035e-05,-1.334003259134391097e-05,-1.381135917894945147e-05,-1.429124287173262065e-05,-1.477265190374700148e-05,-1.526091935553809196e-05,-1.575099743230326538e-05,-1.624895620862595581e-05,-1.675055342908590833e-05,-1.726088549938423384e-05,-1.777472522358313132e-05,-1.829516517601520643e-05,-1.881595489717095000e-05,-1.933920905175128452e-05,-1.985906086081582831e-05,-2.037784226149519986e-05,-2.089044229775199028e-05,-2.139914972828030755e-05,-2.189924555418831594e-05,-2.239338771336520797e-05,-2.287869127470322064e-05,-2.336027864834386004e-05,-2.383870864457039002e-05,-2.432175570713338583e-05,-2.481186091496509057e-05,-2.531683020652585340e-05,-2.583835656129755939e-05,-2.638259833624768380e-05,-2.695013913559693534e-05,-2.754643624894866124e-05,-2.817282289473303089e-05,-2.883605060868907349e-05,-2.953896976672897373e-05,-3.028772741093312690e-05,-3.108164829254197331e-05,-3.191965210952737135e-05,-3.279273900170190126e-05,-3.369314080812196849e-05,-3.461061224770738213e-05,-3.554189400907231536e-05,-3.648570373781980235e-05,-3.744749114570024355e-05,-3.843107554671720269e-05,-3.944070323112618543e-05,-4.047419620822325178e-05,-4.152730552282354979e-05,-4.259107230369407781e-05,-4.365791191535619447e-05,-4.472022279156321191e-05,-4.577458802792232012e-05,-4.681909934994615065e-05,-4.785496290881423390e-05,-4.888348374304275361e-05,-4.990679151818802140e-05,-5.092613206238252752e-05,-5.194268464922926939e-05,-5.295742306059538699e-05,-5.397175815992814402e-05,-5.498851038238727554e-05,-5.601175623920021806e-05,-5.704793730005475470e-05,-5.810313136607115405e-05,-5.918167309178372007e-05,-6.027835631154603810e-05,-6.137512065837494822e-05,-6.243647784797974176e-05,-6.342493560706306409e-05,-6.433213273484857770e-05,-6.524378304677952954e-05,-6.640184636411445717e-05,-6.822718834302923807e-05,-7.118876081230531038e-05,-7.544601863479259783e-05,-8.023196727839636180e-05,-8.321079255889198066e-05,-8.030434232073468818e-05,-6.676960469537170768e-05,-4.002619396127150896e-05,-3.632963071143020842e-06,3.038750617370819860e-05,4.509110308233970775e-05,3.072412268757257746e-05,1.391436483077471352e-06,-4.503693437826995096e-06
0.000000000000000000e+00,0.000000000000000000e+00,0.000000000000000000e+00,0.000000000000000000e+00,0.000000000000000000e+00,0.000000000000000000e+00,0.000000000000000000e+00,0.000000000000000000e+00,0.000000000000000000e+00,0.000000000000000000e+00,0.000000000000000000e+00,0.000000000000000000e+00,0.000000000000000000e+00,0.000000000000000000e+00,0.000000000000000000e+00,0.000000000000000000e+00,0.000000000000000000e+00,0.000000000000000000e+00,0.000000000000000000e+00,0.000000000000000000e+00,0.000000000000000000e+00,0.000000000000000000e+00,0.000000000000000000e+00,0.000000000000000000e+00,0.000000000000000000e+00,0.000000000000000000e+00,0.000000000000000000e+00,0.000000000000000000e+00,0.000000000000000000e+00,0.000000000000000000e+00,0.000000000000000000e+00,0.000000000000000000e+00,0.000000000000000000e+00,0.000000000000000000e+00,0.000000000000000000e+00,0.000000000000000000e+00,0.000000000000000000e+00,0.000000000000000000e+00,0.000000000000000000e+00,0.000000000000000000e+00,0.000000000000000000e+00,0.000000000000000000e+00,0.000000000000000000e+00,0.000000000000000000e+00,0.000000000000000000e+00,0.000000000000000000e+00,0.000000000000000000e+00,0.000000000000000000e+00,0.000000000000000000e+00,0.000000000000000000e+00,0.000000000000000000e+00,0.000000000000000000e+00,0.000000000000000000e+00,0.000000000000000000e+00,0.000000000000000000e+00,0.000000000000000000e+00,0.000000000000000000e+00,0.000000000000000000e+00,0.000000000000000000e+00,0.000000000000000000e+00,0.000000000000000000e+00,0.000000000000000000e+00,0.000000000000000000e+00,0.000000000000000000e+00,0.000000000000000000e+00,0.000000000000000000e+00,0.000000000000000000e+00,0.000000000000000000e+00,0.000000000000000000e+00,0.000000000000000000e+00,0.000000000000000000e+00,0.000000000000000000e+00,0.000000000000000000e+00,0.000000000000000000e+00,0.000000000000000000e+00,0.000000000000000000e+00,0.000000000000000000e+00,0.000000000000000000e+00,0.000000000000000000e+00,0.000000000000000000e+00,0.000000000000000000e+00,0.000000000000000000e+00,0.000000000000000000e+00,0.000000000000000000e+00,0.000000000000000000e+00,0.000000000000000000e+00,0.000000000000000000e+00,0.000000000000000000e+00,0.000000000000000000e+00,0.000000000000000000e+00,0.000000000000000000e+00,0.000000000000000000e+00,0.000000000000000000e+00,0.000000000000000000e+00,0.000000000000000000e+00,0.000000000000000000e+00,0.000000000000000000e+00,0.000000000000000000e+00,0.000000000000000000e+00,0.000000000000000000e+00,0.000000000000000000e+00,0.000000000000000000e+00,0.000000000000000000e+00,0.000000000000000000e+00,0.000000000000000000e+00,0.000000000000000000e+00,0.000000000000000000e+00,0.000000000000000000e+00,0.000000000000000000e+00,0.000000000000000000e+00,0.000000000000000000e+00,0.000000000000000000e+00,0.000000000000000000e+00,0.000000000000000000e+00,0.000000000000000000e+00,0.000000000000000000e+00,0.000000000000000000e+00,0.000000000000000000e+00,0.000000000000000000e+00,0.000000000000000000e+00,0.000000000000000000e+00,0.000000000000000000e+00,0.000000000000000000e+00,0.000000000000000000e+00,0.000000000000000000e+00,0.000000000000000000e+00,0.000000000000000000e+00,0.000000000000000000e+00,0.000000000000000000e+00,0.000000000000000000e+00,0.000000000000000000e+00,0.000000000000000000e+00,0.000000000000000000e+00,0.000000000000000000e+00,0.000000000000000000e+00,0.000000000000000000e+00,0.000000000000000000e+00,0.000000000000000000e+00,0.000000000000000000e+00,0.000000000000000000e+00,0.000000000000000000e+00,0.000000000000000000e+00,0.000000000000000000e+00,0.000000000000000000e+00,0.000000000000000000e+00,0.000000000000000000e+00,0.000000000000000000e+00,0.000000000000000000e+00,0.000000000000000000e+00,0.000000000000000000e+00,0.000000000000000000e+00,0.000000000000000000e+00,0.000000000000000000e+00,0.000000000000000000e+00,0.000000000000000000e+00,0.000000000000000000e+00,0.000000000000000000e+00,0.000000000000000000e+00,0.000000000000000000e+00,0.000000000000000000e+00,0.000000000000000000e+00,0.000000000000000000e+00,0.000000000000000000e+00,0.000000000000000000e+00,0.000000000000000000e+00,0.000000000000000000e+00,3.212251380893302961e-04,3.218545441172325516e-04,2.437800337640852780e-04,1.518891620423332145e-04,6.781390626288305275e-05,1.261804426248822130e-05,1.657904037397131197e-05,3.348479992908687090e-05,4.799102712983391045e-05,5.406686261355764462e-05,5.403342980442267979e-05,5.075595166528513438e-05,4.648687577513337750e-05,4.235577535826815372e-05,3.872762906335573105e-05,3.557166490073012505e-05,3.278328439585493688e-05,3.024851427502204865e-05,2.793124840410615034e-05,2.582053183488095791e-05,2.392181458448322361e-05,2.225106599854182409e-05,2.079477459765058611e-05,1.955686371941570863e-05,1.850249788587926016e-05,1.762360043413813986e-05,1.687966478489811548e-05,1.625696826702885389e-05,1.572015953526579145e-05,1.525213409379261950e-05,1.482600401094113402e-05,1.442046100957128280e-05,1.401729243811518835e-05,1.359155399629540275e-05,1.313552197380500131e-05,1.262414640909252826e-05,1.206257073601062779e-05,1.142793531116137351e-05,1.073690885535619016e-05,9.967387208960991736e-06,9.143972445143348391e-06,8.244569599758323354e-06,7.301212966169497535e-06,6.294771426870899546e-06,5.266285896269871855e-06,4.201423140715043826e-06,3.148369600396119669e-06,2.095575579398995643e-06,1.093667848660479712e-06,1.288573215430270522e-07,-7.524973798027795157e-07,-1.569364846396143037e-06,-2.281642563773880874e-06,-2.919047263122289482e-06,-3.460973874262170539e-06,-3.957066783541147413e-06,-4.402729638664617992e-06,-4.856747642631048273e-06,-5.327139288594026323e-06,-5.878856185283437910e-06,-6.506636801207872551e-06,-7.226123867195923395e-06,-7.969200063601440602e-06,-8.705353462021547321e-06,-9.369621029083872343e-06,-9.972602806819919679e-06,-1.050534207831910652e-05,-1.101325431282775738e-05,-1.149636613748907940e-05,-1.198478759102465755e-05,-1.246063565391024301e-05,-1.293855799443902562e-05,-1.339705050560933554e-05,-1.385054345916879671e-05,-1.428262276694869559e-05,-1.470965826409654754e-05,-1.511855872232734727e-05,-1.552523521655299973e-05,-1.591807441689560145e-05,-1.631188451483021510e-05,-1.669636176048366102e-05,-1.708545749895952308e-05,-1.747017076501907579e-05,-1.786361419550969645e-05,-1.825777447928215026e-05,-1.866468239200206916e-05,-1.907678279559724843e-05,-1.950453138696631839e-05,-1.994003457631099720e-05,-2.039150788040261522e-05,-2.085009401283963618e-05,-2.132177964630894659e-05,-2.179731150398163790e-05,-2.228185498805893724e-05,-2.276744931554520988e-05,-2.326014011813837588e-05,-2.375413706210037775e-05,-2.425623946245004486e-05,-2.476144992849090012e-05,-2.527534541740173753e-05,-2.579174127460050011e-05,-2.631402349451591915e-05,-2.683517014653400098e-05,-2.735806147337046951e-05,-2.787693211558300049e-05,-2.839574594767257359e-05,-2.891016614380599112e-05,-2.942410229948158739e-05,-2.993293059678925152e-05,-3.043960200608457432e-05,-3.093995404996268501e-05,-3.143840424472891772e-05,-3.193412932691409639e-05,-3.243484991442963490e-05,-3.294276900317306094e-05,-3.346660291734862965e-05,-3.400828822762583866e-05,-3.457464548006050604e-05,-3.516576388828967928e-05,-3.578670578961717241e-05,-3.643739141805838968e-05,-3.712370196521140527e-05,-3.784749402204642108e-05,-3.861534656084112294e-05,-3.942745737051616241e-05,-4.028467258982196784e-05,-4.117918527287889357e-05,-4.210386714413207320e-05,-4.304735321425813121e-05,-4.400477046836380582e-05,-4.497276953511847796e-05,-4.595600054572681259e-05,-4.695845011829050683e-05,-4.798608388906831052e-05,-4.903861833091601726e-05,-5.011375883934443559e-05,-5.120331178776433916e-05,-5.229972139673926256e-05,-5.339426652743870031e-05,-5.448225794815975088e-05,-5.556021827259536146e-05,-5.662832568795018811e-05,-5.768700354035501929e-05,-5.873814306219343165e-05,-5.978282887192279648e-05,-6.082252721710628394e-05,-6.185840581746414942e-05,-6.289235338423594332e-05,-6.392748308498455803e-05,-6.496837180442080700e-05,-6.602172632186658013e-05,-6.709396480931760574e-05,-6.818922821553360925e-05,-6.930162290163129600e-05,-7.041112116007925738e-05,-7.147929004020528400e-05,-7.246504494925788957e-05,-7.335831438373272213e-05,-7.424805474548037726e-05,-7.538864251540649739e-05,-7.722331843232871200e-05,-8.024900262893450186e-05,-8.464461949334468188e-05,-8.963500960640333778e-05,-9.283126010245338917e-05,-9.005940936467951021e-05,-7.646759704220338065e-05,-4.940768707957160564e-05,-1.244461431392012847e-05,2.237305993379209816e-05,3.820395466413612108e-05,2.554732184608431706e-05,-1.396994055913377289e-06,-5.063000262305946558e-06
0.000000000000000000e+00,0.000000000000000000e+00,0.000000000000000000e+00,0.000000000000000000e+00,0.000000000000000000e+00,0.000000000000000000e+00,0.000000000000000000e+00,0.000000000000000000e+00,0.000000000000000000e+00,0.000000000000000000e+00,0.000000000000000000e+00,0.000000000000000000e+00,0.000000000000000000e+00,0.000000000000000000e+00,0.000000000000000000e+00,0.000000000000000000e+00,0.000000000000000000e+00,0.000000000000000000e+00,0.000000000000000000e+00,0.000000000000000000e+00,0.000000000000000000e+00,0.000000000000000000e+00,0.000000000000000000e+00,0.000000000000000000e+00,0.000000000000000000e+00,0.000000000000000000e+00,0.000000000000000000e+00,0.000000000000000000e+00,0.000000000000000000e+00,0.000000000000000000e+00,0.000000000000000000e+00,0.000000000000000000e+00,0.000000000000000000e+00,0.000000000000000000e+00,0.000000000000000000e+00,0.000000000000000000e+00,0.000000000000000000e+00,0.000000000000000000e+00,0.000000000000000000e+00,0.000000000000000000e+00,0.000000000000000000e+00,0.000000000000000000e+00,0.000000000000000000e+00,0.000000000000000000e+00,0.000000000000000000e+00,0.000000000000000000e+00,0.000000000000000000e+00,0.000000000000000000e+00,0.000000000000000000e+00,0.000000000000000000e+00,0.000000000000000000e+00,0.000000000000000000e+00,0.000000000000000000e+00,0.000000000000000000e+00,0.000000000000000000e+00,0.000000000000000000e+00,0.000000000000000000e+00,0.000000000000000000e+00,0.000000000000000000e+00,0.000000000000000000e+00,0.000000000000000000e+00,0.000000000000000000e+00,0.000000000000000000e+00,0.000000000000000000e+00,0.000000000000000000e+00,0.000000000000000000e+00,0.000000000000000000e+00,0.000000000000000000e+00,0.000000000000000000e+00,0.000000000000000000e+00,0.000000000000000000e+00,0.000000000000000000e+00,0.000000000000000000e+00,0.000000000000000000e+00,0.000000000000000000e+00,0.000000000000000000e+00,0.000000000000000000e+00,0.000000000000000000e+00,0.000000000000000000e+00,0.000000000000000000e+00,0.000000000000000000e+00,0.000000000000000000e+00,0.000000000000000000e+00,0.000000000000000000e+00,0.000000000000000000e+00,0.000000000000000000e+00,0.000000000000000000e+00,0.000000000000000000e+00,0.000000000000000000e+00,0.000000000000000000e+00,0.000000000000000000e+00,0.000000000000000000e+00,0.000000000000000000e+00,0.000000000000000000e+00,0.000000000000000000e+00,0.000000000000000000e+00,0.000000000000000000e+00,0.000000000000000000e+00,0.000000000000000000e+00,0.000000000000000000e+00,0.000000000000000000e+00,0.000000000000000000e+00,0.000000000000000000e+00,0.000000000000000000e+00,0.000000000000000000e+00,0.000000000000000000e+00,0.000000000000000000e+00,0.000000000000000000e+00,0.000000000000000000e+00,0.000000000000000000e+00,0.000000000000000000e+00,0.000000000000000000e+00,0.000000000000000000e+00,0.000000000000000000e+00,0.000000000000000000e+00,0.000000000000000000e+00,0.000000000000000000e+00,0.000000000000000000e+00,0.000000000000000000e+00,0.000000000000000000e+00,0.000000000000000000e+00,0.000000000000000000e+00,0.000000000000000000e+00,0.000000000000000000e+00,0.000000000000000000e+00,0.000000000000000000e+00,0.000000000000000000e+00,0.000000000000000000e+00,0.000000000000000000e+00,0.000000000000000000e+00,0.000000000000000000e+00,0.000000000000000000e+00,0.000000000000000000e+00,0.000000000000000000e+00,0.000000000000000000e+00,0.000000000000000000e+00,0.000000000000000000e+00,0.000000000000000000e+00,0.000000000000000000e+00,0.000000000000000000e+00,0.000000000000000000e+00,0.000000000000000000e+00,0.000000000000000000e+00,0.000000000000000000e+00,0.000000000000000000e+00,0.000000000000000000e+00,0.000000000000000000e+00,0.000000000000000000e+00,0.000000000000000000e+00,0.000000000000000000e+00,0.000000000000000000e+00,0.000000000000000000e+00,0.000000000000000000e+00,0.000000000000000000e+00,0.000000000000000000e+00,0.000000000000000000e+00,0.000000000000000000e+00,0.000000000000000000e+00,0.000000000000000000e+00,0.000000000000000000e+00,0.000000000000000000e+00,0.000000000000000000e+00,0.000000000000000000e+00,0.000000000000000000e+00,0.000000000000000000e+00,0.000000000000000000e+00,3.628729355612899288e-04,4.246946982007673128e-04,3.524685804571637128e-04,1.957527946859349691e-04,-1.618580738399785933e-05,-6.161542112179883542e-05,-3.450138139691252679e-05,8.489911078991483801e-06,3.954467988769284984e-05,5.373607258482479668e-05,5.678449736942067040e-05,5.325617696303616374e-05,4.830718961983203314e-05,4.302951962785565447e-05,3.876746914026517267e-05,3.497777792871629797e-05,3.186763656333287993e-05,2.899527654240808254e-05,2.647113611548024010e-05,2.413008020169307293e-05,2.205683806104938730e-05,2.019418786582202689e-05,1.857164456356453916e-05,1.715487010478630560e-05,1.593428582845787033e-05,1.487919633884851932e-05,1.396549956741203597e-05,1.316418823649031878e-05,1.245208475444297466e-05,1.180153028758178105e-05,1.119643457228497122e-05,1.060841868549265369e-05,1.002887310311939964e-05,9.426878838096552443e-06,8.801766144105289751e-06,8.122040776555983127e-06,7.397754912623568348e-06,6.600134896639275333e-06,5.750491122664116207e-06,4.822278461814875429e-06,3.844566380502780989e-06,2.790958396699995549e-06,1.696279381940937161e-06,5.361034603393718971e-07,-6.470607102355513988e-07,-1.872428806251045480e-06,-3.089737860661942640e-06,-4.313550228385676927e-06,-5.489218541217797710e-06,-6.630753228045882355e-06,-7.686292161150663700e-06,-8.674259046382467556e-06,-9.548080124787508988e-06,-1.033370299801297646e-05,-1.100175260826867662e-05,-1.159957204137444064e-05,-1.211879811133137575e-05,-1.261965824745004757e-05,-1.310889061348164889e-05,-1.365834992705237174e-05,-1.427275494426463765e-05,-1.498494550431271290e-05,-1.573658347190617289e-05,-1.650052085529528985e-05,-1.720266533922768776e-05,-1.784443535179482671e-05,-1.840758972306864847e-05,-1.893697504592424267e-05,-1.943347259705832157e-05,-1.993239205426076515e-05,-2.041737181331626484e-05,-2.090569510062158329e-05,-2.137451912773320073e-05,-2.183898948105796151e-05,-2.228083966559905090e-05,-2.271731762056394705e-05,-2.313403285097866046e-05,-2.354814319417751915e-05,-2.394705538439137132e-05,-2.434687378881530731e-05,-2.473639023754894181e-05,-2.513077656443450346e-05,-2.552016080945459885e-05,-2.591880207742443777e-05,-2.631785208954607304e-05,-2.673040764337920289e-05,-2.714809389148475116e-05,-2.758233053227851668e-05,-2.802439366611865601e-05,-2.848333402740167697e-05,-2.894941787739291965e-05,-2.942931042941276853e-05,-2.991283062687957855e-05,-3.040571278143965986e-05,-3.089911462661712769e-05,-3.139967147337798718e-05,-3.190086105615806564e-05,-3.241011812959231992e-05,-3.292177250472169562e-05,-3.344191384180351289e-05,-3.396358513458985599e-05,-3.449055003385576593e-05,-3.501513838086547822e-05,-3.554093617323530270e-05,-3.606220798872356248e-05,-3.658435482048771642e-05,-3.710372764568386686e-05,-3.762581581156301824e-05,-3.814625051851983220e-05,-3.866845895878176948e-05,-3.918720465407123289e-05,-3.970620070689760342e-05,-4.022309587500063092e-05,-4.074523385739190379e-05,-4.127429983034131206e-05,-4.181973154878601957e-05,-4.238374630661076632e-05,-4.297399413731781262e-05,-4.359034949630934916e-05,-4.423770120775515340e-05,-4.491466977693222336e-05,-4.562613942562126254e-05,-4.637265380758082459e-05,-4.716077279493783339e-05,-4.799123054774830668e-05,-4.886673798126792210e-05,-4.978101097077091233e-05,-5.072812666400706159e-05,-5.169616691798605305e-05,-5.267890404190846517e-05,-5.367077699978900572e-05,-5.467514426149864886e-05,-5.569559186845496400e-05,-5.673939677362208907e-05,-5.780810379505429058e-05,-5.890161512474021078e-05,-6.001294489545869128e-05,-6.113500600187522901e-05,-6.225828491130082278e-05,-6.337695358128772854e-05,-6.448595635934184760e-05,-6.558432694492981622e-05,-6.667148227724508920e-05,-6.774895226494235818e-05,-6.881759234099218948e-05,-6.987909470006792322e-05,-7.093480249017928391e-05,-7.198704434586789349e-05,-7.303923406258118272e-05,-7.409643831750748291e-05,-7.516569265610950081e-05,-7.625378756139811231e-05,-7.736476438152809821e-05,-7.849201121038629084e-05,-7.961349011560173389e-05,-8.068753080766406707e-05,-8.166917309348210017e-05,-8.254618849728394931e-05,-8.341072832473415716e-05,-8.452979418024412724e-05,-8.637015475442493375e-05,-8.945811704473910432e-05,-9.399397220473873081e-05,-9.919496680530264442e-05,-1.026183099938659301e-04,-9.999016202686364276e-05,-8.634454584559415966e-05,-5.895966759605685497e-05,-2.140638988500320706e-05,1.423557168992056708e-05,3.122024167611644552e-05,2.030288086849388256e-05,-4.223033301671750113e-06,-5.629638020597263811e-06
0.000000000000000000e+00,0.000000000000000000e+00,0.000000000000000000e+00,0.000000000000000000e+00,0.000000000000000000e+00,0.000000000000000000e+00,0.000000000000000000e+00,0.000000000000000000e+00,0.000000000000000000e+00,0.000000000000000000e+00,0.000000000000000000e+00,0.000000000000000000e+00,0.000000000000000000e+00,0.000000000000000000e+00,0.000000000000000000e+00,0.000000000000000000e+00,0.000000000000000000e+00,0.000000000000000000e+00,0.000000000000000000e+00,0.000000000000000000e+00,0.000000000000000000e+00,0.000000000000000000e+00,0.000000000000000000e+00,0.000000000000000000e+00,0.000000000000000000e+00,0.000000000000000000e+00,0.000000000000000000e+00,0.000000000000000000e+00,0.000000000000000000e+00,0.000000000000000000e+00,0.000000000000000000e+00,0.000000000000000000e+00,0.000000000000000000e+00,0.000000000000000000e+00,0.000000000000000000e+00,0.000000000000000000e+00,0.000000000000000000e+00,0.000000000000000000e+00,0.000000000000000000e+00,0.000000000000000000e+00,0.000000000000000000e+00,0.000000000000000000e+00,0.000000000000000000e+00,0.000000000000000000e+00,0.000000000000000000e+00,0.000000000000000000e+00,0.000000000000000000e+00,0.000000000000000000e+00,0.000000000000000000e+00,0.000000000000000000e+00,0.000000000000000000e+00,0.000000000000000000e+00,0.000000000000000000e+00,0.000000000000000000e+00,0.000000000000000000e+00,0.000000000000000000e+00,0.000000000000000000e+00,0.000000000000000000e+00,0.000000000000000000e+00,0.000000000000000000e+00,0.000000000000000000e+00,0.000000000000000000e+00,0.000000000000000000e+00,0.000000000000000000e+00,0.000000000000000000e+00,0.000000000000000000e+00,0.000000000000000000e+00,0.000000000000000000e+00,0.000000000000000000e+00,0.000000000000000000e+00,0.000000000000000000e+00,0.000000000000000000e+00,0.000000000000000000e+00,0.000000000000000000e+00,0.000000000000000000e+00,0.000000000000000000e+00,0.000000000000000000e+00,0.000000000000000000e+00,0.000000000000000000e+00,0.000000000000000000e+00,0.000000000000000000e+00,0.000000000000000000e+00,0.000000000000000000e+00,0.000000000000000000e+00,0.000000000000000000e+00,0.000000000000000000e+00,0.000000000000000000e+00,0.000000000000000000e+00,0.000000000000000000e+00,0.000000000000000000e+00,0.000000000000000000e+00,0.000000000000000000e+00,0.000000000000000000e+00,0.000000000000000000e+00,0.000000000000000000e+00,0.000000000000000000e+00,0.000000000000000000e+00,0.000000000000000000e+00,0.000000000000000000e+00,0.000000000000000000e+00,0.000000000000000000e+00,0.000000000000000000e+00,0.000000000000000000e+00,0.000000000000000000e+00,0.000000000000000000e+00,0.000000000000000000e+00,0.000000000000000000e+00,0.000000000000000000e+00,0.000000000000000000e+00,0.000000000000000000e+00,0.000000000000000000e+00,0.000000000000000000e+00,0.000000000000000000e+00,0.000000000000000000e+00,0.000000000000000000e+00,0.000000000000000000e+00,0.000000000000000000e+00,0.000000000000000000e+00,0.000000000000000000e+00,0.000000000000000000e+00,0.000000000000000000e+00,0.000000000000000000e+00,0.000000000000000000e+00,0.000000000000000000e+00,0.000000000000000000e+00,0.000000000000000000e+00,0.000000000000000000e+00,0.000000000000000000e+00,0.000000000000000000e+00,0.000000000000000000e+00,0.000000000000000000e+00,0.000000000000000000e+00,0.000000000000000000e+00,0.000000000000000000e+00,0.000000000000000000e+00,0.000000000000000000e+00,0.000000000000000000e+00,0.000000000000000000e+00,0.000000000000000000e+00,0.000000000000000000e+00,0.000000000000000000e+00,0.000000000000000000e+00,0.000000000000000000e+00,0.000000000000000000e+00,0.000000000000000000e+00,0.000000000000000000e+00,0.000000000000000000e+00,0.000000000000000000e+00,0.000000000000000000e+00,0.000000000000000000e+00,0.000000000000000000e+00,0.000000000000000000e+00,0.000000000000000000e+00,0.000000000000000000e+00,0.000000000000000000e+00,0.000000000000000000e+00,0.000000000000000000e+00,0.000000000000000000e+00,0.000000000000000000e+00,0.000000000000000000e+00,0.000000000000000000e+00,0.000000000000000000e+00,0.000000000000000000e+00,0.000000000000000000e+00,0.000000000000000000e+00,0.000000000000000000e+00,5.853290452859748324e-04,6.952744666038897063e-04,5.657622946485189441e-04,1.217023465610181181e-04,-9.010919266775565173e-05,-1.301617345135743420e-04,-8.248453850539662455e-05,-2.249004953737478185e-05,2.175530774250609734e-05,4.329850930836555320e-05,4.956614324043992839e-05,4.745217676566867721e-05,4.278078150686689084e-05,3.779412004411815076e-05,3.363399233649734505e-05,3.011034143055775096e-05,2.718234177483355401e-05,2.454152185262851080e-05,2.217881246256583224e-05,1.999182959633978045e-05,1.802289638521800656e-05,1.624023798486422062e-05,1.466463647363467143e-05,1.326811247069274991e-05,1.204644836019068794e-05,1.096615820165300017e-05,1.001295666589482459e-05,9.150405840327639645e-06,8.365730407243444981e-06,7.622794583202083039e-06,6.916609938253650190e-06,6.212141662085432517e-06,5.512637224840618251e-06,4.782057184113449935e-06,4.030130145845937039e-06,3.219618540305482828e-06,2.368018204119164401e-06,1.440187403680746334e-06,4.633284520102186087e-07,-5.944205918849627896e-07,-1.698441087250843493e-06,-2.879674602608549254e-06,-4.099257425094494053e-06,-5.386987690916701695e-06,-6.698390068598236577e-06,-8.058258197824187913e-06,-9.414626667997565840e-06,-1.078614074639135140e-05,-1.211506388844469710e-05,-1.341652307045284524e-05,-1.463350666219617831e-05,-1.578410749692877107e-05,-1.681607097349917544e-05,-1.775209067172362742e-05,-1.855365854325643582e-05,-1.926380430737596887e-05,-1.986865521930231739e-05,-2.042828401698178252e-05,-2.094690677854140986e-05,-2.150062109317425055e-05,-2.210197540023885060e-05,-2.280032616299982232e-05,-2.354993298037266086e-05,-2.433088402829469921e-05,-2.506356810994664263e-05,-2.574093512277498140e-05,-2.633465513805365545e-05,-2.688692395984231773e-05,-2.739840396211605102e-05,-2.790889016811401281e-05,-2.840398602365652516e-05,-2.890375381030614490e-05,-2.938453509059926614e-05,-2.986204648235869259e-05,-3.031632986403203360e-05,-3.076516961065681253e-05,-3.119295771716649280e-05,-3.161781107973193384e-05,-3.202630022711132086e-05,-3.243563274397673129e-05,-3.283387803511726499e-05,-3.323727405701066716e-05,-3.363523737424616695e-05,-3.404300895367165877e-05,-3.445101888456468092e-05,-3.487325495094648623e-05,-3.530061065488739866e-05,-3.574531343566010751e-05,-3.619790411138474999e-05,-3.666815561150573870e-05,-3.714557508777156368e-05,-3.763743394844470898e-05,-3.813274215174651820e-05,-3.863772714695105985e-05,-3.914273004121634119e-05,-3.965484691156411613e-05,-4.016682410596332910e-05,-4.068659904495616693e-05,-4.120787591421560999e-05,-4.173725070590383538e-05,-4.226717522466581859e-05,-4.280189140793729782e-05,-4.333325544228162549e-05,-4.386554697654895498e-05,-4.439302827204026717e-05,-4.492233409190453999e-05,-4.545037254226743452e-05,-4.598408925041828655e-05,-4.651946249052029336e-05,-4.706055026258643890e-05,-4.760129425392880007e-05,-4.814479799343435092e-05,-4.868713995623293300e-05,-4.923500366036050624e-05,-4.978923660968965955e-05,-5.035969179539586082e-05,-5.094877351989582815e-05,-5.156502717495052069e-05,-5.220836793722859621e-05,-5.288378289293444280e-05,-5.358882631954141963e-05,-5.432740230563395283e-05,-5.509854691019868805e-05,-5.590839362120037279e-05,-5.675782311720539583e-05,-5.765121655359346493e-05,-5.858400944756471287e-05,-5.955199096242859029e-05,-6.054331927195491563e-05,-6.155082512504487396e-05,-6.256676215391790907e-05,-6.359280337672852874e-05,-6.463154686530318902e-05,-6.569104700370251683e-05,-6.677443480441431025e-05,-6.788389599102757454e-05,-6.901400060302578115e-05,-7.015855526294602991e-05,-7.130761656762420002e-05,-7.245441984101179053e-05,-7.359237815693090898e-05,-7.471931705162409112e-05,-7.583353970251166228e-05,-7.693611599500304156e-05,-7.802759541788989580e-05,-7.910985419531043629e-05,-8.018437158468221676e-05,-8.125390232093468868e-05,-8.232213584436603169e-05,-8.339465512189327904e-05,-8.447884718557982660e-05,-8.558197312079955058e-05,-8.670802130455430932e-05,-8.784973195146729679e-05,-8.898293413699877460e-05,-9.006254579048461790e-05,-9.103928994609143536e-05,-9.189846903801527538e-05,-9.273514351476484969e-05,-9.382938886085322530e-05,-9.567240945469892123e-05,-9.882179772823430788e-05,-1.035008380377033278e-04,-1.089204149591991845e-04,-1.125824508705745321e-04,-1.101097276239696473e-04,-9.641547512124916516e-05,-6.869878903654962434e-05,-3.053414604983573446e-05,5.960772520463688720e-06,2.412918294245962496e-05,1.498091729351501292e-05,-7.090078357576988090e-06,-6.203267755287712100e-06
0.000000000000000000e+00,0.000000000000000000e+00,0.000000000000000000e+00,0.000000000000000000e+00,0.000000000000000000e+00,0.000000000000000000e+00,0.000000000000000000e+00,0.000000000000000000e+00,0.000000000000000000e+00,0.000000000000000000e+00,0.000000000000000000e+00,0.000000000000000000e+00,0.000000000000000000e+00,0.000000000000000000e+00,0.000000000000000000e+00,0.000000000000000000e+00,0.000000000000000000e+00,0.000000000000000000e+00,0.000000000000000000e+00,0.000000000000000000e+00,0.000000000000000000e+00,0.000000000000000000e+00,0.000000000000000000e+00,0.000000000000000000e+00,0.000000000000000000e+00,0.000000000000000000e+00,0.000000000000000000e+00,0.000000000000000000e+00,0.000000000000000000e+00,0.000000000000000000e+00,0.000000000000000000e+00,0.000000000000000000e+00,0.000000000000000000e+00,0.000000000000000000e+00,0.000000000000000000e+00,0.000000000000000000e+00,0.000000000000000000e+00,0.000000000000000000e+00,0.000000000000000000e+00,0.000000000000000000e+00,0.000000000000000000e+00,0.000000000000000000e+00,0.000000000000000000e+00,0.000000000000000000e+00,0.000000000000000000e+00,0.000000000000000000e+00,0.000000000000000000e+00,0.000000000000000000e+00,0.000000000000000000e+00,0.000000000000000000e+00,0.000000000000000000e+00,0.000000000000000000e+00,0.000000000000000000e+00,0.000000000000000000e+00,0.000000000000000000e+00,0.000000000000000000e+00,0.000000000000000000e+00,0.000000000000000000e+00,0.000000000000000000e+00,0.000000000000000000e+00,0.000000000000000000e+00,0.000000000000000000e+00,0.000000000000000000e+00,0.000000000000000000e+00,0.000000000000000000e+00,0.000000000000000000e+00,0.000000000000000000e+00,0.000000000000000000e+00,0.000000000000000000e+00,0.000000000000000000e+00,0.000000000000000000e+00,0.000000000000000000e+00,0.000000000000000000e+00,0.000000000000000000e+00,0.000000000000000000e+00,0.000000000000000000e+00,0.000000000000000000e+00,0.000000000000000000e+00,0.000000000000000000e+00,0.000000000000000000e+00,0.000000000000000000e+00,0.000000000000000000e+00,0.000000000000000000e+00,0.000000000000000000e+00,0.000000000000000000e+00,0.000000000000000000e+00,0.000000000000000000e+00,0.000000000000000000e+00,0.000000000000000000e+00,0.000000000000000000e+00,0.000000000000000000e+00,0.000000000000000000e+00,0.000000000000000000e+00,0.000000000000000000e+00,0.000000000000000000e+00,0.000000000000000000e+00,0.000000000000000000e+00,0.000000000000000000e+00,0.000000000000000000e+00,0.000000000000000000e+00,0.000000000000000000e+00,0.000000000000000000e+00,0.000000000000000000e+00,0.000000000000000000e+00,0.000000000000000000e+00,0.000000000000000000e+00,0.000000000000000000e+00,0.000000000000000000e+00,0.000000000000000000e+00,0.000000000000000000e+00,0.000000000000000000e+00,0.000000000000000000e+00,0.000000000000000000e+00,0.000000000000000000e+00,0.000000000000000000e+00,0.000000000000000000e+00,0.000000000000000000e+00,0.000000000000000000e+00,0.000000000000000000e+00,0.000000000000000000e+00,0.000000000000000000e+00,0.000000000000000000e+00,0.000000000000000000e+00,0.000000000000000000e+00,0.000000000000000000e+00,0.000000000000000000e+00,0.000000000000000000e+00,0.000000000000000000e+00,0.000000000000000000e+00,0.000000000000000000e+00,0.000000000000000000e+00,0.000000000000000000e+00,0.000000000000000000e+00,0.000000000000000000e+00,0.000000000000000000e+00,0.000000000000000000e+00,0.000000000000000000e+00,0.000000000000000000e+00,0.000000000000000000e+00,0.000000000000000000e+00,0.000000000000000000e+00,0.000000000000000000e+00,0.000000000000000000e+00,0.000000000000000000e+00,0.000000000000000000e+00,0.000000000000000000e+00,0.000000000000000000e+00,0.000000000000000000e+00,0.000000000000000000e+00,0.000000000000000000e+00,0.000000000000000000e+00,0.000000000000000000e+00,0.000000000000000000e+00,0.000000000000000000e+00,0.000000000000000000e+00,0.000000000000000000e+00,0.000000000000000000e+00,0.000000000000000000e+00,0.000000000000000000e+00,0.000000000000000000e+00,0.000000000000000000e+00,0.000000000000000000e+00,0.000000000000000000e+00,0.000000000000000000e+00,0.000000000000000000e+00,0.000000000000000000e+00,1.156047610076737934e-03,1.293268219687074500e-03,5.998549838080561051e-04,1.290371888155821521e-04,-8.587346048127346930e-05,-1.419916143511383512e-04,-1.026176545514830392e-04,-4.304128571232873829e-05,3.598086324994370788e-06,2.735865389117287860e-05,3.596452003876443473e-05,3.515853250191059240e-05,3.190413356439359273e-05,2.777194411999270448e-05,2.456927486106501120e-05,2.169901176631999106e-05,1.945025033680413770e-05,1.730478161806123786e-05,1.541976561871888761e-05,1.359221572233710146e-05,1.195100403840241439e-05,1.041449255769992448e-05,9.052851657747262252e-06,7.811525515390118810e-06,6.718895315375003724e-06,5.724909478614495188e-06,4.838538684770221946e-06,4.009784157659781221e-06,3.242641127420507273e-06,2.488575513535938699e-06,1.756266357853849931e-06,1.001170539518274269e-06,2.401851631741637502e-07,-5.687139154013039104e-07,-1.402703196548870872e-06,-2.304094020692135614e-06,-3.245355215382425368e-06,-4.267660733691975512e-06,-5.336669055933414381e-06,-6.489991976075389555e-06,-7.686908443021359913e-06,-8.963070022051999872e-06,-1.027483983937543090e-05,-1.165716410244044991e-05,-1.306323996060385724e-05,-1.452371590342618902e-05,-1.598542586734057183e-05,-1.747187064533049159e-05,-1.892338611616045259e-05,-2.035719165939383561e-05,-2.171196497154383572e-05,-2.300560693119720225e-05,-2.418104644374100839e-05,-2.525843917479734629e-05,-2.619069587541366991e-05,-2.701512357284598461e-05,-2.771078791335483435e-05,-2.833570266492822863e-05,-2.889034941084667768e-05,-2.945241718432620333e-05,-3.003980245343033535e-05,-3.071658822777482056e-05,-3.145131550617223486e-05,-3.223461816704624802e-05,-3.298540332182195466e-05,-3.368972809449149254e-05,-3.430917773209352111e-05,-3.488151391674061149e-05,-3.540604592380996779e-05,-3.592607174698456189e-05,-3.642941404172842646e-05,-3.693895000041298255e-05,-3.743074385956752197e-05,-3.792096609801484300e-05,-3.838817730685147814e-05,-3.885036353619318936e-05,-3.929078391652183631e-05,-3.972819228846136803e-05,-4.014843752296702318e-05,-4.056959164357788376e-05,-4.097915870988664508e-05,-4.139426335622096959e-05,-4.180377012692033744e-05,-4.222373507250184885e-05,-4.264399045977758102e-05,-4.307923668813262681e-05,-4.351972284543856995e-05,-4.397831232713610963e-05,-4.444489696501429727e-05,-4.492984440504477726e-05,-4.542201926868796337e-05,-4.592922523243150130e-05,-4.643979526396444348e-05,-4.696038606731731352e-05,-4.748060906190718376e-05,-4.800790339712617260e-05,-4.853429041873904496e-05,-4.906805730706151298e-05,-4.960229834810713504e-05,-5.014406376748882044e-05,-5.068536539947130062e-05,-5.123101118852770909e-05,-5.177257963845733393e-05,-5.231506572333876850e-05,-5.285273684605585899e-05,-5.339326988918399459e-05,-5.393398128823925769e-05,-5.448309138938167831e-05,-5.503695382761611269e-05,-5.560036727464627950e-05,-5.616672209558676581e-05,-5.673868271567830685e-05,-5.731082748454148485e-05,-5.788897910047677287e-05,-5.847284354296661626e-05,-5.907231012286288886e-05,-5.968975534236837529e-05,-6.033455800652735287e-05,-6.100685329014234563e-05,-6.171199137167432023e-05,-6.244676824128199606e-05,-6.321424688559327632e-05,-6.401189307361872716e-05,-6.484507985576878713e-05,-6.571442622587374272e-05,-6.662567344035039379e-05,-6.757602916573264584e-05,-6.856340485530113991e-05,-6.957669019501982913e-05,-7.060832611453661913e-05,-7.164860553426674714e-05,-7.269727673491600079e-05,-7.375541579399373258e-05,-7.483124655766773092e-05,-7.592909748969928077e-05,-7.705335644219240784e-05,-7.820038149863394285e-05,-7.936523998337024935e-05,-8.053793533820072248e-05,-8.171100340779249860e-05,-8.287642967035487561e-05,-8.403079428023607210e-05,-8.517120949345750869e-05,-8.629817737866643512e-05,-8.741187791403650547e-05,-8.851430517393481495e-05,-8.960705366508211437e-05,-9.069325978704320321e-05,-9.177689475895847737e-05,-9.286404618245249919e-05,-9.396252841166707588e-05,-9.508012752052519040e-05,-9.622091258983168937e-05,-9.737698629423622145e-05,-9.852203726897691585e-05,-9.960728258303068895e-05,-1.005788153837608207e-04,-1.014189570251372222e-04,-1.022255751049203694e-04,-1.032920282936367474e-04,-1.051352383661164930e-04,-1.083457565858573531e-04,-1.131721019317984578e-04,-1.188196262875937007e-04,-1.227342033588510743e-04,-1.204307366821632261e-04,-1.066955093085492404e-04,-7.864122575929401204e-05,-3.984437332068756189e-05,-2.465238599027695930e-06,1.691956793192398123e-05,9.575876486254735544e-06,-1.000327785139091992e-05,-6.785395096859913218e-06
0.000000000000000000e+00,0.000000000000000000e+00,0.000000000000000000e+00,0.000000000000000000e+00,0.000000000000000000e+00,0.000000000000000000e+00,0.000000000000000000e+00,0.000000000000000000e+00,0.000000000000000000e+00,0.000000000000000000e+00,0.000000000000000000e+00,0.000000000000000000e+00,0.000000000000000000e+00,0.000000000000000000e+00,0.000000000000000000e+00,0.000000000000000000e+00,0.000000000000000000e+00,0.000000000000000000e+00,0.000000000000000000e+00,0.000000000000000000e+00,0.000000000000000000e+00,0.000000000000000000e+00,0.000000000000000000e+00,0.000000000000000000e+00,0.000000000000000000e+00,0.000000000000000000e+00,0.000000000000000000e+00,0.000000000000000000e+00,0.000000000000000000e+00,0.000000000000000000e+00,0.000000000000000000e+00,0.000000000000000000e+00,0.000000000000000000e+00,0.000000000000000000e+00,0.000000000000000000e+00,0.000000000000000000e+00,0.000000000000000000e+00,0.000000000000000000e+00,0.000000000000000000e+00,0.000000000000000000e+00,0.000000000000000000e+00,0.000000000000000000e+00,0.000000000000000000e+00,0.000000000000000000e+00,0.000000000000000000e+00,0.000000000000000000e+00,0.000000000000000000e+00,0.000000000000000000e+00,0.000000000000000000e+00,0.000000000000000000e+00,0.000000000000000000e+00,0.000000000000000000e+00,0.000000000000000000e+00,0.000000000000000000e+00,0.000000000000000000e+00,0.000000000000000000e+00,0.000000000000000000e+00,0.000000000000000000e+00,0.000000000000000000e+00,0.000000000000000000e+00,0.000000000000000000e+00,0.000000000000000000e+00,0.000000000000000000e+00,0.000000000000000000e+00,0.000000000000000000e+00,0.000000000000000000e+00,0.000000000000000000e+00,0.000000000000000000e+00,0.000000000000000000e+00,0.000000000000000000e+00,0.000000000000000000e+00,0.000000000000000000e+00,0.000000000000000000e+00,0.000000000000000000e+00,0.000000000000000000e+00,0.000000000000000000e+00,0.000000000000000000e+00,0.000000000000000000e+00,0.000000000000000000e+00,0.000000000000000000e+00,0.000000000000000000e+00,0.000000000000000000e+00,0.000000000000000000e+00,0.000000000000000000e+00,0.000000000000000000e+00,0.000000000000000000e+00,0.000000000000000000e+00,0.000000000000000000e+00,0.000000000000000000e+00,0.000000000000000000e+00,0.000000000000000000e+00,0.000000000000000000e+00,0.000000000000000000e+00,0.000000000000000000e+00,0.000000000000000000e+00,0.000000000000000000e+00,0.000000000000000000e+00,0.000000000000000000e+00,0.000000000000000000e+00,0.000000000000000000e+00,0.000000000000000000e+00,0.000000000000000000e+00,0.000000000000000000e+00,0.000000000000000000e+00,0.000000000000000000e+00,0.000000000000000000e+00,0.000000000000000000e+00,0.000000000000000000e+00,0.000000000000000000e+00,0.000000000000000000e+00,0.000000000000000000e+00,0.000000000000000000e+00,0.000000000000000000e+00,0.000000000000000000e+00,0.000000000000000000e+00,0.000000000000000000e+00,0.000000000000000000e+00,0.000000000000000000e+00,0.000000000000000000e+00,0.000000000000000000e+00,0.000000000000000000e+00,0.000000000000000000e+00,0.000000000000000000e+00,0.000000000000000000e+00,0.000000000000000000e+00,0.000000000000000000e+00,0.000000000000000000e+00,0.000000000000000000e+00,0.000000000000000000e+00,0.000000000000000000e+00,0.000000000000000000e+00,0.000000000000000000e+00,0.000000000000000000e+00,0.000000000000000000e+00,0.000000000000000000e+00,0.000000000000000000e+00,0.000000000000000000e+00,0.000000000000000000e+00,0.000000000000000000e+00,0.000000000000000000e+00,0.000000000000000000e+00,0.000000000000000000e+00,0.000000000000000000e+00,0.000000000000000000e+00,0.000000000000000000e+00,0.000000000000000000e+00,0.000000000000000000e+00,0.000000000000000000e+00,0.000000000000000000e+00,0.000000000000000000e+00,0.000000000000000000e+00,0.000000000000000000e+00,0.000000000000000000e+00,0.000000000000000000e+00,0.000000000000000000e+00,0.000000000000000000e+00,0.000000000000000000e+00,0.000000000000000000e+00,0.000000000000000000e+00,0.000000000000000000e+00,0.000000000000000000e+00,0.000000000000000000e+00,0.000000000000000000e+00,0.000000000000000000e+00,0.000000000000000000e+00,0.000000000000000000e+00,2.258778290479718752e-03,1.485466121108154061e-03,6.766621695755587482e-04,2.473818128441695996e-04,-7.860133469067006763e-06,-9.201712942516621899e-05,-8.417324596694686508e-05,-4.284203592291130033e-05,-7.237122310486521707e-06,1.324075946949542086e-05,2.067177929597637824e-05,2.097095014596206546e-05,1.860045548854620447e-05,1.578866430855696380e-05,1.344400413114381879e-05,1.149252115379709998e-05,9.881510980238196446e-06,8.368568001034022859e-06,6.966163972595867845e-06,5.591889931608817413e-06,4.315577764328121972e-06,3.102368617893047289e-06,2.005614674545243564e-06,9.862872447945038625e-07,7.649044244143392763e-08,-7.715167095961651767e-07,-1.537201089555641444e-06,-2.275381668248943247e-06,-2.970035768668621219e-06,-3.678934968834856264e-06,-4.382760496330389064e-06,-5.135706658532905724e-06,-5.909482506803545202e-06,-6.752569963300726276e-06,-7.629303580188410430e-06,-8.586084702897230273e-06,-9.584038130594532521e-06,-1.066901568324805961e-05,-1.179861828308371008e-05,-1.301572897436217522e-05,-1.427342840467223808e-05,-1.561188164506258959e-05,-1.698254051640710907e-05,-1.842499181459815428e-05,-1.989002588957742949e-05,-2.141400086178677241e-05,-2.294321532611920622e-05,-2.450647162892575525e-05,-2.604351008952017081e-05,-2.757459294192265344e-05,-2.903544059430345162e-05,-3.044396589637618362e-05,-3.173922534866612129e-05,-3.293953060869647068e-05,-3.399046901708386963e-05,-3.492294467709775268e-05,-3.570792220736050709e-05,-3.639938239223596017e-05,-3.699290867431468061e-05,-3.756520266393646517e-05,-3.813688925970264008e-05,-3.878410243387242620e-05,-3.949016948143959385e-05,-4.025873082065269229e-05,-4.101130111296381810e-05,-4.172930271911983125e-05,-4.236506956144535417e-05,-4.295062135800141521e-05,-4.348286657691837251e-05,-4.400745039700453036e-05,-4.451447649598862255e-05,-4.502954763622055655e-05,-4.552896209180750238e-05,-4.602924521812712443e-05,-4.650772332922479120e-05,-4.698227387864678360e-05,-4.743511772732267773e-05,-4.788531453023033832e-05,-4.831808309237885750e-05,-4.875208894476808528e-05,-4.917439371991241316e-05,-4.960280126000628540e-05,-5.002576568282313764e-05,-5.045998610451541203e-05,-5.089482364876811020e-05,-5.134551930455693398e-05,-5.180176808250453450e-05,-5.227689514172868389e-05,-5.276022213664274211e-05,-5.326257461967634407e-05,-5.377228447640120917e-05,-5.429761121801373447e-05,-5.482634777842370114e-05,-5.536552757328400544e-05,-5.590413922189154164e-05,-5.644986937075277702e-05,-5.699404069043619925e-05,-5.754514076527612279e-05,-5.809565404745482532e-05,-5.865299509370349617e-05,-5.920884433759649574e-05,-5.976862766392670729e-05,-6.032383168915656820e-05,-6.088019926837935788e-05,-6.143203762539099322e-05,-6.198789255677912503e-05,-6.254533880661331728e-05,-6.311365444509291613e-05,-6.368954362402333967e-05,-6.427860467448548757e-05,-6.487394006001732428e-05,-6.547799610878997215e-05,-6.608402639084736557e-05,-6.669690190592356116e-05,-6.731495130629896648e-05,-6.794770662075751751e-05,-6.859721622018642966e-05,-6.927350493356961871e-05,-6.997699936482073765e-05,-7.071362239904319157e-05,-7.147974432420297838e-05,-7.227781651957351132e-05,-7.310379631549843984e-05,-7.396205491131752552e-05,-7.485255129587145605e-05,-7.578198042971926113e-05,-7.674921780934996270e-05,-7.775457065629993894e-05,-7.878828468847818688e-05,-7.984306506673474323e-05,-8.090766464483559086e-05,-8.197986731952297318e-05,-8.305881098060072471e-05,-8.415227876298756382e-05,-8.526530267128513421e-05,-8.640424557311782508e-05,-8.756735476309175723e-05,-8.875125516805654300e-05,-8.994625681205638463e-05,-9.114446481771572349e-05,-9.233657369313301607e-05,-9.351791907586342158e-05,-9.468434840556759686e-05,-9.583569649810190255e-05,-9.697168314388724731e-05,-9.809435606988639827e-05,-9.920536885583390726e-05,-1.003082100488469436e-04,-1.014070999788745038e-04,-1.025086538934248957e-04,-1.036211454148437976e-04,-1.047530042087793396e-04,-1.059084613358598299e-04,-1.070790906973260017e-04,-1.082363482691092694e-04,-1.093275808229241588e-04,-1.102937815994940116e-04,-1.111139279366937978e-04,-1.118883709129919811e-04,-1.129242389371211923e-04,-1.147652363988123803e-04,-1.180370656702429608e-04,-1.230154484164076032e-04,-1.289017004088969826e-04,-1.330842279224285182e-04,-1.309661901290425751e-04,-1.171994273269451786e-04,-8.880358050033059490e-05,-4.935329002088590793e-05,-1.105758910464340971e-05,9.579473234316089437e-06,4.076400603301809926e-06,-1.296714394832989443e-05,-7.376759837365356795e-06
0.000000000000000000e+00,0.000000000000000000e+00,0.000000000000000000e+00,0.000000000000000000e+00,0.000000000000000000e+00,0.000000000000000000e+00,0.000000000000000000e+00,0.000000000000000000e+00,0.000000000000000000e+00,0.000000000000000000e+00,0.000000000000000000e+00,0.000000000000000000e+00,0.000000000000000000e+00,0.000000000000000000e+00,0.000000000000000000e+00,0.000000000000000000e+00,0.000000000000000000e+00,0.000000000000000000e+00,0.000000000000000000e+00,0.000000000000000000e+00,0.000000000000000000e+00,0.000000000000000000e+00,0.000000000000000000e+00,0.000000000000000000e+00,0.000000000000000000e+00,0.000000000000000000e+00,0.000000000000000000e+00,0.000000000000000000e+00,0.000000000000000000e+00,0.000000000000000000e+00,0.000000000000000000e+00,0.000000000000000000e+00,0.000000000000000000e+00,0.000000000000000000e+00,0.000000000000000000e+00,0.000000000000000000e+00,0.000000000000000000e+00,0.000000000000000000e+00,0.000000000000000000e+00,0.000000000000000000e+00,0.000000000000000000e+00,0.000000000000000000e+00,0.000000000000000000e+00,0.000000000000000000e+00,0.000000000000000000e+00,0.000000000000000000e+00,0.000000000000000000e+00,0.000000000000000000e+00,0.000000000000000000e+00,0.000000000000000000e+00,0.000000000000000000e+00,0.000000000000000000e+00,0.000000000000000000e+00,0.000000000000000000e+00,0.000000000000000000e+00,0.000000000000000000e+00,0.000000000000000000e+00,0.000000000000000000e+00,0.000000000000000000e+00,0.000000000000000000e+00,0.000000000000000000e+00,0.000000000000000000e+00,0.000000000000000000e+00,0.000000000000000000e+00,0.000000000000000000e+00,0.000000000000000000e+00,0.000000000000000000e+00,0.000000000000000000e+00,0.000000000000000000e+00,0.000000000000000000e+00,0.000000000000000000e+00,0.000000000000000000e+00,0.000000000000000000e+00,0.000000000000000000e+00,0.000000000000000000e+00,0.000000000000000000e+00,0.000000000000000000e+00,0.000000000000000000e+00,0.000000000000000000e+00,0.000000000000000000e+00,0.000000000000000000e+00,0.000000000000000000e+00,0.000000000000000000e+00,0.000000000000000000e+00,0.000000000000000000e+00,0.000000000000000000e+00,0.000000000000000000e+00,0.000000000000000000e+00,0.000000000000000000e+00,0.000000000000000000e+00,0.000000000000000000e+00,0.000000000000000000e+00,0.000000000000000000e+00,0.000000000000000000e+00,0.000000000000000000e+00,0.000000000000000000e+00,0.000000000000000000e+00,0.000000000000000000e+00,0.000000000000000000e+00,0.000000000000000000e+00,0.000000000000000000e+00,0.000000000000000000e+00,0.000000000000000000e+00,0.000000000000000000e+00,0.000000000000000000e+00,0.000000000000000000e+00,0.000000000000000000e+00,0.000000000000000000e+00,0.000000000000000000e+00,0.000000000000000000e+00,0.000000000000000000e+00,0.000000000000000000e+00,0.000000000000000000e+00,0.000000000000000000e+00,0.000000000000000000e+00,0.000000000000000000e+00,0.000000000000000000e+00,0.000000000000000000e+00,0.000000000000000000e+00,0.000000000000000000e+00,0.000000000000000000e+00,0.000000000000000000e+00,0.000000000000000000e+00,0.000000000000000000e+00,0.000000000000000000e+00,0.000000000000000000e+00,0.000000000000000000e+00,0.000000000000000000e+00,0.000000000000000000e+00,0.000000000000000000e+00,0.000000000000000000e+00,0.000000000000000000e+00,0.000000000000000000e+00,0.000000000000000000e+00,0.000000000000000000e+00,0.000000000000000000e+00,0.000000000000000000e+00,0.000000000000000000e+00,0.000000000000000000e+00,0.000000000000000000e+00,0.000000000000000000e+00,0.000000000000000000e+00,0.000000000000000000e+00,0.000000000000000000e+00,0.000000000000000000e+00,0.000000000000000000e+00,0.000000000000000000e+00,0.000000000000000000e+00,0.000000000000000000e+00,0.000000000000000000e+00,0.000000000000000000e+00,0.000000000000000000e+00,0.000000000000000000e+00,0.000000000000000000e+00,0.000000000000000000e+00,0.000000000000000000e+00,0.000000000000000000e+00,0.000000000000000000e+00,0.000000000000000000e+00,0.000000000000000000e+00,0.000000000000000000e+00,0.000000000000000000e+00,0.000000000000000000e+00,0.000000000000000000e+00,0.000000000000000000e+00,0.000000000000000000e+00,2.471422444328344112e-03,1.419125736741710421e-03,7.863600378892432290e-04,3.098978275620765423e-04,7.660126127880794995e-05,-2.885396280923314103e-05,-4.390947901328758833e-05,-2.863499946351537860e-05,-7.575194894124536948e-06,4.147922943294756060e-06,8.981891561840372429e-06,8.400311034241198419e-06,6.611709119607577888e-06,4.300464747849836491e-06,2.643223649689429844e-06,1.153844515398472761e-06,2.542959453526336284e-08,-1.121191817521794977e-06,-2.151319076048248062e-06,-3.216419108919597511e-06,-4.191655106081906838e-06,-5.152283560577171923e-06,-6.014679492183183501e-06,-6.841925108860011720e-06,-7.579284061899385617e-06,-8.289385879437118884e-06,-8.932136465146229258e-06,-9.573567592878921498e-06,-1.018193860322658410e-05,-1.082652339162844112e-05,-1.147682124649899405e-05,-1.219877961490044594e-05,-1.295462356183795259e-05,-1.380137445216143408e-05,-1.469229675204628527e-05,-1.567808848870710611e-05,-1.670851225145282028e-05,-1.783267061239764562e-05,-1.899953666077688883e-05,-2.025602720243919834e-05,-2.154911521185185879e-05,-2.292275231225977564e-05,-2.432375115370753689e-05,-2.579550734201422119e-05,-2.728661079750375069e-05,-2.883856427235593627e-05,-3.039794604330720043e-05,-3.199896743327751815e-05,-3.358221990795179102e-05,-3.517181638147557694e-05,-3.670232967955964131e-05,-3.819206344224485516e-05,-3.957731934112209245e-05,-4.087512079948749620e-05,-4.202543582780534162e-05,-4.305275979834847843e-05,-4.391962625254196170e-05,-4.467419850389012335e-05,-4.530614399263884677e-05,-4.588875152663847212e-05,-4.644279282115298723e-05,-4.705314684722583122e-05,-4.771731338402338652e-05,-4.845335810582822637e-05,-4.918918342636526236e-05,-4.990426471844706843e-05,-5.054327971941365450e-05,-5.113179270271390369e-05,-5.166349236845645457e-05,-5.218515816042020158e-05,-5.268907091414630316e-05,-5.320334281378899885e-05,-5.370495497421831459e-05,-5.421069267543519605e-05,-5.469691201785991421e-05,-5.518110316978484131e-05,-5.564455420156128149e-05,-5.610631138388684312e-05,-5.655104182271745701e-05,-5.699772183629352043e-05,-5.743306192576227856e-05,-5.787531589118363740e-05,-5.831264024150394423e-05,-5.876219639100847429e-05,-5.921299286397481426e-05,-5.968064882026313209e-05,-6.015439914306263677e-05,-6.064786580798603292e-05,-6.114987542104368670e-05,-6.167157297454908620e-05,-6.220085765924565993e-05,-6.274636549966322151e-05,-6.329548250541726308e-05,-6.385557296995374079e-05,-6.441512106700104142e-05,-6.498198903107653987e-05,-6.554685326868030671e-05,-6.611827597759890711e-05,-6.668813702639124670e-05,-6.726410783471634732e-05,-6.783760729497218499e-05,-6.841468675101502279e-05,-6.898689347703499948e-05,-6.956073905835576533e-05,-7.013061399050658415e-05,-7.070577444023301995e-05,-7.128390843553242089e-05,-7.187511454626823490e-05,-7.247637967653020779e-05,-7.309410867878075250e-05,-7.372135228698617102e-05,-7.436058253186615501e-05,-7.500398871059935416e-05,-7.565551730161530091e-05,-7.631199068440868935e-05,-7.698223358761247133e-05,-7.766763240436659935e-05,-7.837857202378008281e-05,-7.911572693815733777e-05,-7.988571392135281957e-05,-8.068479054174247590e-05,-8.151507994835729585e-05,-8.237120296811204531e-05,-8.325639196589657931e-05,-8.416958685798428671e-05,-8.511795752512671159e-05,-8.610178397664101913e-05,-8.712386513985768792e-05,-8.817633298649768666e-05,-8.925284964756972678e-05,-9.034121591658708075e-05,-9.143742287244342737e-05,-9.253842565041937147e-05,-9.365101557461383882e-05,-9.478038893828385266e-05,-9.593453712908923297e-05,-9.711358143738126395e-05,-9.831591623807249655e-05,-9.953250007901330977e-05,-1.007552890914863793e-04,-1.019738695231023996e-04,-1.031823563620657406e-04,-1.043752843031763136e-04,-1.055517035415637312e-04,-1.067107813957617751e-04,-1.078545127203831461e-04,-1.089845538589660268e-04,-1.101046686725130186e-04,-1.112193109964074259e-04,-1.123355961162250276e-04,-1.134623305896374036e-04,-1.146086497475935491e-04,-1.157791025422828828e-04,-1.169647684165796612e-04,-1.181348822555400725e-04,-1.192326250189208823e-04,-1.201935464603167412e-04,-1.209927202613643411e-04,-1.217328632421501314e-04,-1.227351452443262061e-04,-1.245715311955459615e-04,-1.279048544455815362e-04,-1.330406320529761602e-04,-1.391772046352835303e-04,-1.436447547002651275e-04,-1.417298643252589861e-04,-1.279431287216590554e-04,-9.920272578980261031e-05,-5.907833697222244324e-05,-1.983133058722209740e-05,2.096525134667473474e-06,-1.523909642347769457e-06,-1.598814674056686495e-05,-7.980321415008706577e-06
0.000000000000000000e+00,0.000000000000000000e+00,0.000000000000000000e+00,0.000000000000000000e+00,0.000000000000000000e+00,0.000000000000000000e+00,0.000000000000000000e+00,0.000000000000000000e+00,0.000000000000000000e+00,0.000000000000000000e+00,0.000000000000000000e+00,0.000000000000000000e+00,0.000000000000000000e+00,0.000000000000000000e+00,0.000000000000000000e+00,0.000000000000000000e+00,0.000000000000000000e+00,0.000000000000000000e+00,0.000000000000000000e+00,0.000000000000000000e+00,0.000000000000000000e+00,0.000000000000000000e+00,0.000000000000000000e+00,0.000000000000000000e+00,0.000000000000000000e+00,0.000000000000000000e+00,0.000000000000000000e+00,0.000000000000000000e+00,0.000000000000000000e+00,0.000000000000000000e+00,0.000000000000000000e+00,0.000000000000000000e+00,0.000000000000000000e+00,0.000000000000000000e+00,0.000000000000000000e+00,0.000000000000000000e+00,0.000000000000000000e+00,0.000000000000000000e+00,0.000000000000000000e+00,0.000000000000000000e+00,0.000000000000000000e+00,0.000000000000000000e+00,0.000000000000000000e+00,0.000000000000000000e+00,0.000000000000000000e+00,0.000000000000000000e+00,0.000000000000000000e+00,0.000000000000000000e+00,0.000000000000000000e+00,0.000000000000000000e+00,0.000000000000000000e+00,0.000000000000000000e+00,0.000000000000000000e+00,0.000000000000000000e+00,0.000000000000000000e+00,0.000000000000000000e+00,0.000000000000000000e+00,0.000000000000000000e+00,0.000000000000000000e+00,0.000000000000000000e+00,0.000000000000000000e+00,0.000000000000000000e+00,0.000000000000000000e+00,0.000000000000000000e+00,0.000000000000000000e+00,0.000000000000000000e+00,0.000000000000000000e+00,0.000000000000000000e+00,0.000000000000000000e+00,0.000000000000000000e+00,0.000000000000000000e+00,0.000000000000000000e+00,0.000000000000000000e+00,0.000000000000000000e+00,0.000000000000000000e+00,0.000000000000000000e+00,0.000000000000000000e+00,0.000000000000000000e+00,0.000000000000000000e+00,0.000000000000000000e+00,0.000000000000000000e+00,0.000000000000000000e+00,0.000000000000000000e+00,0.000000000000000000e+00,0.000000000000000000e+00,0.000000000000000000e+00,0.000000000000000000e+00,0.000000000000000000e+00,0.000000000000000000e+00,0.000000000000000000e+00,0.000000000000000000e+00,0.000000000000000000e+00,0.000000000000000000e+00,0.000000000000000000e+00,0.000000000000000000e+00,0.000000000000000000e+00,0.000000000000000000e+00,0.000000000000000000e+00,0.000000000000000000e+00,0.000000000000000000e+00,0.000000000000000000e+00,0.000000000000000000e+00,0.000000000000000000e+00,0.000000000000000000e+00,0.000000000000000000e+00,0.000000000000000000e+00,0.000000000000000000e+00,0.000000000000000000e+00,0.000000000000000000e+00,0.000000000000000000e+00,0.000000000000000000e+00,0.000000000000000000e+00,0.000000000000000000e+00,0.000000000000000000e+00,0.000000000000000000e+00,0.000000000000000000e+00,0.000000000000000000e+00,0.000000000000000000e+00,0.000000000000000000e+00,0.000000000000000000e+00,0.000000000000000000e+00,0.000000000000000000e+00,0.000000000000000000e+00,0.000000000000000000e+00,0.000000000000000000e+00,0.000000000000000000e+00,0.000000000000000000e+00,0.000000000000000000e+00,0.000000000000000000e+00,0.000000000000000000e+00,0.000000000000000000e+00,0.000000000000000000e+00,0.000000000000000000e+00,0.000000000000000000e+00,0.000000000000000000e+00,0.000000000000000000e+00,0.000000000000000000e+00,0.000000000000000000e+00,0.000000000000000000e+00,0.000000000000000000e+00,0.000000000000000000e+00,0.000000000000000000e+00,0.000000000000000000e+00,0.000000000000000000e+00,0.000000000000000000e+00,0.000000000000000000e+00,0.000000000000000000e+00,0.000000000000000000e+00,0.000000000000000000e+00,0.000000000000000000e+00,0.000000000000000000e+00,0.000000000000000000e+00,0.000000000000000000e+00,0.000000000000000000e+00,0.000000000000000000e+00,0.000000000000000000e+00,0.000000000000000000e+00,0.000000000000000000e+00,0.000000000000000000e+00,0.000000000000000000e+00,0.000000000000000000e+00,0.000000000000000000e+00,0.000000000000000000e+00,0.000000000000000000e+00,0.000000000000000000e+00,5.948317923444786407e-04,9.513637055058440581e-04,7.886993563827392022e-04,3.949685319312970684e-04,1.695368884141193141e-04,4.421067885893485781e-05,-1.914163605208284803e-06,-1.738976266503674124e-05,-9.852683516244749795e-06,-2.928963335821610436e-06,2.346763987229629403e-06,2.236645801828880523e-06,5.460757870284884648e-07,-2.265785821680783352e-06,-4.516959436662776958e-06,-6.431888608469886827e-06,-7.838027846323254629e-06,-9.048759438358115482e-06,-1.011291378750409336e-05,-1.111177900686657944e-05,-1.206419372987649281e-05,-1.294403251973292404e-05,-1.378106176530301013e-05,-1.453264593205808418e-05,-1.524999701504553434e-05,-1.589006452562622806e-05,-1.651513786689997801e-05,-1.708215560534143422e-05,-1.766044574350285546e-05,-1.820991932827506436e-05,-1.880612243417993022e-05,-1.941122477485517298e-05,-2.010053889701988753e-05,-2.083096090675031658e-05,-2.166835149621123324e-05,-2.255920404673805835e-05,-2.355881279707188283e-05,-2.460788257104516369e-05,-2.575737654160871557e-05,-2.694817480807470646e-05,-2.822933388772403855e-05,-2.954214186406967508e-05,-3.093290843848483173e-05,-3.234434315805836621e-05,-3.382233902171194446e-05,-3.531368112121759936e-05,-3.686397328525795302e-05,-3.842095137842158764e-05,-4.002397985506522268e-05,-4.161598848747375274e-05,-4.322550908763606774e-05,-4.478808574945045351e-05,-4.632301597314616271e-05,-4.776524057468743044e-05,-4.913092943547157134e-05,-5.035634968134712115e-05,-5.146010452508458373e-05,-5.239671144369242173e-05,-5.320713871631102147e-05,-5.387438617347719476e-05,-5.446616850235336336e-05,-5.500101781851624537e-05,-5.556890159552437436e-05,-5.617990068953572296e-05,-5.686679785393209926e-05,-5.756703329451495820e-05,-5.826096270087243107e-05,-5.888780957153666717e-05,-5.946661536433745139e-05,-5.998737321197189287e-05,-6.049685458065615670e-05,-6.098929718839933898e-05,-6.149499903319769845e-05,-6.199198426613938676e-05,-6.249719510043895941e-05,-6.298627491253907292e-05,-6.347608020767323976e-05,-6.394707615857951350e-05,-6.441800287963871249e-05,-6.487304758794732286e-05,-6.533122441806047136e-05,-6.577896142446021898e-05,-6.623472627435307960e-05,-6.668646006059117696e-05,-6.715159820396706899e-05,-6.761889658547508178e-05,-6.810419857003931481e-05,-6.859637200286498675e-05,-6.910918706553083617e-05,-6.963104961542545418e-05,-7.017329225096211249e-05,-7.072347149292715980e-05,-7.129051928004381366e-05,-7.186153725018240676e-05,-7.244417645685757531e-05,-7.302653522217498561e-05,-7.361659707672627148e-05,-7.420446670114669188e-05,-7.479868846431093541e-05,-7.539056475380106516e-05,-7.598792308052600023e-05,-7.658196853740760089e-05,-7.717934840058651193e-05,-7.777178167714552195e-05,-7.836654435373240687e-05,-7.895814688997564537e-05,-7.955640496414400080e-05,-8.015897938186319341e-05,-8.077653939352703654e-05,-8.140624975145260497e-05,-8.205527555590959202e-05,-8.271680735908541466e-05,-8.339358092887155544e-05,-8.407703698794760487e-05,-8.477033253312778660e-05,-8.546878051993582232e-05,-8.618023961553240397e-05,-8.690512270948194825e-05,-8.765383442493596253e-05,-8.842715328221356739e-05,-8.923240866973947637e-05,-9.006600386165065171e-05,-9.093003594761242536e-05,-9.181805110578963815e-05,-9.273211914614648674e-05,-9.366987146150213689e-05,-9.463843854256457830e-05,-9.563909521134150694e-05,-9.667702636306073772e-05,-9.774662188945877541e-05,-9.884315857296128256e-05,-9.995418043323424330e-05,-1.010742538613171960e-04,-1.021980992806122818e-04,-1.033310780277845955e-04,-1.044780130271808405e-04,-1.056481003179498857e-04,-1.068432119983152854e-04,-1.080636472232589809e-04,-1.093013223294427212e-04,-1.105483496543146159e-04,-1.117934262595967980e-04,-1.130295204933790606e-04,-1.142498219528896862e-04,-1.154524944890208076e-04,-1.166360324388691222e-04,-1.178022655210455883e-04,-1.189527486313493988e-04,-1.200914451104914059e-04,-1.212229729984667763e-04,-1.223549401769766915e-04,-1.234966997557210983e-04,-1.246582021793240483e-04,-1.258443977483282615e-04,-1.270459839708136833e-04,-1.282298789602184601e-04,-1.293349045176392744e-04,-1.302906522225846981e-04,-1.310678827088091066e-04,-1.317713480086548890e-04,-1.327368347477847542e-04,-1.345658454280936717e-04,-1.379608555358223759e-04,-1.432594675666730877e-04,-1.496587581562487147e-04,-1.544292575732188926e-04,-1.527368829828168234e-04,-1.389429964445123233e-04,-1.098567584240515071e-04,-6.903746104511923360e-05,-2.880364624327443439e-05,-5.543278851732197704e-06,-7.238414688065757644e-06,-1.907172958432782169e-05,-8.597114552533692254e-06
0.000000000000000000e+00,0.000000000000000000e+00,0.000000000000000000e+00,0.000000000000000000e+00,0.000000000000000000e+00,0.000000000000000000e+00,0.000000000000000000e+00,0.000000000000000000e+00,0.000000000000000000e+00,0.000000000000000000e+00,0.000000000000000000e+00,0.000000000000000000e+00,0.000000000000000000e+00,0.000000000000000000e+00,0.000000000000000000e+00,0.000000000000000000e+00,0.000000000000000000e+00,0.000000000000000000e+00,0.000000000000000000e+00,0.000000000000000000e+00,0.000000000000000000e+00,0.000000000000000000e+00,0.000000000000000000e+00,0.000000000000000000e+00,0.000000000000000000e+00,0.000000000000000000e+00,0.000000000000000000e+00,0.000000000000000000e+00,0.000000000000000000e+00,0.000000000000000000e+00,0.000000000000000000e+00,0.000000000000000000e+00,0.000000000000000000e+00,0.000000000000000000e+00,0.000000000000000000e+00,0.000000000000000000e+00,0.000000000000000000e+00,0.000000000000000000e+00,0.000000000000000000e+00,0.000000000000000000e+00,0.000000000000000000e+00,0.000000000000000000e+00,0.000000000000000000e+00,0.000000000000000000e+00,0.000000000000000000e+00,0.000000000000000000e+00,0.000000000000000000e+00,0.000000000000000000e+00,0.000000000000000000e+00,0.000000000000000000e+00,0.000000000000000000e+00,0.000000000000000000e+00,0.000000000000000000e+00,0.000000000000000000e+00,0.000000000000000000e+00,0.000000000000000000e+00,0.000000000000000000e+00,0.000000000000000000e+00,0.000000000000000000e+00,0.000000000000000000e+00,0.000000000000000000e+00,0.000000000000000000e+00,0.000000000000000000e+00,0.000000000000000000e+00,0.000000000000000000e+00,0.000000000000000000e+00,0.000000000000000000e+00,0.000000000000000000e+00,0.000000000000000000e+00,0.000000000000000000e+00,0.000000000000000000e+00,0.000000000000000000e+00,0.000000000000000000e+00,0.000000000000000000e+00,0.000000000000000000e+00,0.000000000000000000e+00,0.000000000000000000e+00,0.000000000000000000e+00,0.000000000000000000e+00,0.000000000000000000e+00,0.000000000000000000e+00,0.000000000000000000e+00,0.000000000000000000e+00,0.000000000000000000e+00,0.000000000000000000e+00,0.000000000000000000e+00,0.000000000000000000e+00,0.000000000000000000e+00,0.000000000000000000e+00,0.000000000000000000e+00,0.000000000000000000e+00,0.000000000000000000e+00,0.000000000000000000e+00,0.000000000000000000e+00,0.000000000000000000e+00,0.000000000000000000e+00,0.000000000000000000e+00,0.000000000000000000e+00,0.000000000000000000e+00,0.000000000000000000e+00,0.000000000000000000e+00,0.000000000000000000e+00,0.000000000000000000e+00,0.000000000000000000e+00,0.000000000000000000e+00,0.000000000000000000e+00,0.000000000000000000e+00,0.000000000000000000e+00,0.000000000000000000e+00,0.000000000000000000e+00,0.000000000000000000e+00,0.000000000000000000e+00,0.000000000000000000e+00,0.000000000000000000e+00,0.000000000000000000e+00,0.000000000000000000e+00,0.000000000000000000e+00,0.000000000000000000e+00,0.000000000000000000e+00,0.000000000000000000e+00,0.000000000000000000e+00,0.000000000000000000e+00,0.000000000000000000e+00,0.000000000000000000e+00,0.000000000000000000e+00,0.000000000000000000e+00,0.000000000000000000e+00,0.000000000000000000e+00,0.000000000000000000e+00,0.000000000000000000e+00,0.000000000000000000e+00,0.000000000000000000e+00,0.000000000000000000e+00,0.000000000000000000e+00,0.000000000000000000e+00,0.000000000000000000e+00,0.000000000000000000e+00,0.000000000000000000e+00,0.000000000000000000e+00,0.000000000000000000e+00,0.000000000000000000e+00,0.000000000000000000e+00,0.000000000000000000e+00,0.000000000000000000e+00,0.000000000000000000e+00,0.000000000000000000e+00,0.000000000000000000e+00,0.000000000000000000e+00,0.000000000000000000e+00,0.000000000000000000e+00,0.000000000000000000e+00,0.000000000000000000e+00,0.000000000000000000e+00,0.000000000000000000e+00,0.000000000000000000e+00,0.000000000000000000e+00,0.000000000000000000e+00,0.000000000000000000e+00,0.000000000000000000e+00,0.000000000000000000e+00,0.000000000000000000e+00,0.000000000000000000e+00,0.000000000000000000e+00,0.000000000000000000e+00,0.000000000000000000e+00,6.135186546694129358e-04,1.021359001674766341e-03,7.667986797370243300e-04,4.433358444979117554e-04,1.908210744083986402e-04,8.101725664147639496e-05,3.085995905250261945e-05,1.731211252278936453e-05,1.045755222263450407e-05,9.473181262639584620e-06,5.949115872749942124e-06,2.047853088389536042e-06,-2.813871175344649247e-06,-6.929112340542488760e-06,-1.041431095122333801e-05,-1.300023129889706071e-05,-1.507388813861425364e-05,-1.671134761545946119e-05,-1.814698616415352415e-05,-1.937776011664999948e-05,-2.050550229874394744e-05,-2.148247540647840726e-05,-2.238312888399814182e-05,-2.315991809496793902e-05,-2.389052889348484493e-05,-2.452865883452640710e-05,-2.515285049762429174e-05,-2.571391056934045144e-05,-2.629037777818806626e-05,-2.683343378848155748e-05,-2.742477228819757197e-05,-2.801922910844499839e-05,-2.869964294482895258e-05,-2.941947116613684489e-05,-3.025322514883401113e-05,-3.114476651718348505e-05,-3.215478960387230809e-05,-3.321864454786104692e-05,-3.438854806726774065e-05,-3.559901657414009352e-05,-3.689937464711122678e-05,-3.822608641113644829e-05,-3.962593344427071186e-05,-4.103819031574090488e-05,-4.250942805479395814e-05,-4.398502210361289873e-05,-4.551307983385518023e-05,-4.704325304654157592e-05,-4.861937343511907355e-05,-5.018812488593792315e-05,-5.178270193015001776e-05,-5.334185235812403291e-05,-5.488665198689209691e-05,-5.635241369659240969e-05,-5.775486364467215174e-05,-5.902856281864016095e-05,-6.018708142049144095e-05,-6.117799877296095678e-05,-6.203423921813242719e-05,-6.273175724306509330e-05,-6.333090651281135454e-05,-6.384593478964796032e-05,-6.436817185809897747e-05,-6.491792483254920862e-05,-6.554187624782344731e-05,-6.618927769815348004e-05,-6.684402916869430084e-05,-6.744248927846462256e-05,-6.799772900549338865e-05,-6.849598896930088939e-05,-6.898308125434288087e-05,-6.945493294859018398e-05,-6.994363323695128288e-05,-7.042851108654240157e-05,-7.092654581856332532e-05,-7.141289802327833883e-05,-7.190357190435940648e-05,-7.237831443224952851e-05,-7.285529942071098275e-05,-7.331830175325675916e-05,-7.378612603358130489e-05,-7.424497430441069894e-05,-7.471330276081790932e-05,-7.517889505191159235e-05,-7.565927176353755181e-05,-7.614301230459972797e-05,-7.664603639695071792e-05,-7.715692993986770999e-05,-7.768948040223018405e-05,-7.823174631843866629e-05,-7.879512874576770245e-05,-7.936692266073110070e-05,-7.995627712143787622e-05,-8.055011827690233025e-05,-8.115633905552041528e-05,-8.176276159862943854e-05,-8.237744527681510869e-05,-8.299000871657850127e-05,-8.360891728403745376e-05,-8.422495082372621639e-05,-8.484601735593393090e-05,-8.546315399896899090e-05,-8.608355530789047307e-05,-8.669918798462830233e-05,-8.731806232465935604e-05,-8.793483271141589591e-05,-8.855972855711453018e-05,-8.919024757499641090e-05,-8.983737211880122762e-05,-9.049830568795509201e-05,-9.118087193249330689e-05,-9.187853225497360588e-05,-9.259448957614863855e-05,-9.331977032573265083e-05,-9.405695793079497144e-05,-9.479997541260861912e-05,-9.555557585156416219e-05,-9.632295792936951154e-05,-9.711220165117313710e-05,-9.792397703305392596e-05,-9.876624586516477122e-05,-9.963573922232467350e-05,-1.005348166625932870e-04,-1.014562786587143206e-04,-1.024011245657009591e-04,-1.033654900532068736e-04,-1.043559631012625047e-04,-1.053742935037436186e-04,-1.064277422949170372e-04,-1.075131257862075662e-04,-1.086278817497834194e-04,-1.097600289047222092e-04,-1.109032277194797256e-04,-1.120501047746491342e-04,-1.132042914916170536e-04,-1.143697461350161874e-04,-1.155563949110447456e-04,-1.167676511557259530e-04,-1.180057696405812257e-04,-1.192639048752172225e-04,-1.205346393367731064e-04,-1.218060552752526425e-04,-1.230700932897708726e-04,-1.243186176041935606e-04,-1.255488098953149681e-04,-1.267583853880173514e-04,-1.279488622022920271e-04,-1.291215903412280222e-04,-1.302806060614722275e-04,-1.314306326028556586e-04,-1.325797033012504004e-04,-1.337377612301116167e-04,-1.349156094762058236e-04,-1.361187388206162722e-04,-1.373374797219295150e-04,-1.385364171791975216e-04,-1.396496695796288208e-04,-1.406004652779986944e-04,-1.413546368468727651e-04,-1.420188547100587181e-04,-1.429438919955664975e-04,-1.447624894823164082e-04,-1.482190422120686912e-04,-1.536861207600190825e-04,-1.603607594833667026e-04,-1.654530945531296519e-04,-1.640034206789019731e-04,-1.502168345709990326e-04,-1.207843920031661752e-04,-7.925033717323513470e-05,-3.799210375718034939e-05,-1.335463099342618642e-05,-1.307491014296966607e-05,-2.222531424143526645e-05,-9.230260278622959345e-06
0.000000000000000000e+00,0.000000000000000000e+00,0.000000000000000000e+00,0.000000000000000000e+00,0.000000000000000000e+00,0.000000000000000000e+00,0.000000000000000000e+00,0.000000000000000000e+00,0.000000000000000000e+00,0.000000000000000000e+00,0.000000000000000000e+00,0.000000000000000000e+00,0.000000000000000000e+00,0.000000000000000000e+00,0.000000000000000000e+00,0.000000000000000000e+00,0.000000000000000000e+00,0.000000000000000000e+00,0.000000000000000000e+00,0.000000000000000000e+00,0.000000000000000000e+00,0.000000000000000000e+00,0.000000000000000000e+00,0.000000000000000000e+00,0.000000000000000000e+00,0.000000000000000000e+00,0.000000000000000000e+00,0.000000000000000000e+00,0.000000000000000000e+00,0.000000000000000000e+00,0.000000000000000000e+00,0.000000000000000000e+00,0.000000000000000000e+00,0.000000000000000000e+00,0.000000000000000000e+00,0.000000000000000000e+00,0.000000000000000000e+00,0.000000000000000000e+00,0.000000000000000000e+00,0.000000000000000000e+00,0.000000000000000000e+00,0.000000000000000000e+00,0.000000000000000000e+00,0.000000000000000000e+00,0.000000000000000000e+00,0.000000000000000000e+00,0.000000000000000000e+00,0.000000000000000000e+00,0.000000000000000000e+00,0.000000000000000000e+00,0.000000000000000000e+00,0.000000000000000000e+00,0.000000000000000000e+00,0.000000000000000000e+00,0.000000000000000000e+00,0.000000000000000000e+00,0.000000000000000000e+00,0.000000000000000000e+00,0.000000000000000000e+00,0.000000000000000000e+00,0.000000000000000000e+00,0.000000000000000000e+00,0.000000000000000000e+00,0.000000000000000000e+00,0.000000000000000000e+00,0.000000000000000000e+00,0.000000000000000000e+00,0.000000000000000000e+00,0.000000000000000000e+00,0.000000000000000000e+00,0.000000000000000000e+00,0.000000000000000000e+00,0.000000000000000000e+00,0.000000000000000000e+00,0.000000000000000000e+00,0.000000000000000000e+00,0.000000000000000000e+00,0.000000000000000000e+00,0.000000000000000000e+00,0.000000000000000000e+00,0.000000000000000000e+00,0.000000000000000000e+00,0.000000000000000000e+00,0.000000000000000000e+00,0.000000000000000000e+00,0.000000000000000000e+00,0.000000000000000000e+00,0.000000000000000000e+00,0.000000000000000000e+00,0.000000000000000000e+00,0.000000000000000000e+00,0.000000000000000000e+00,0.000000000000000000e+00,0.000000000000000000e+00,0.000000000000000000e+00,0.000000000000000000e+00,0.000000000000000000e+00,0.000000000000000000e+00,0.000000000000000000e+00,0.000000000000000000e+00,0.000000000000000000e+00,0.000000000000000000e+00,0.000000000000000000e+00,0.000000000000000000e+00,0.000000000000000000e+00,0.000000000000000000e+00,0.000000000000000000e+00,0.000000000000000000e+00,0.000000000000000000e+00,0.000000000000000000e+00,0.000000000000000000e+00,0.000000000000000000e+00,0.000000000000000000e+00,0.000000000000000000e+00,0.000000000000000000e+00,0.000000000000000000e+00,0.000000000000000000e+00,0.000000000000000000e+00,0.000000000000000000e+00,0.000000000000000000e+00,0.000000000000000000e+00,0.000000000000000000e+00,0.000000000000000000e+00,0.000000000000000000e+00,0.000000000000000000e+00,0.000000000000000000e+00,0.000000000000000000e+00,0.000000000000000000e+00,0.000000000000000000e+00,0.000000000000000000e+00,0.000000000000000000e+00,0.000000000000000000e+00,0.000000000000000000e+00,0.000000000000000000e+00,0.000000000000000000e+00,0.000000000000000000e+00,0.000000000000000000e+00,0.000000000000000000e+00,0.000000000000000000e+00,0.000000000000000000e+00,0.000000000000000000e+00,0.000000000000000000e+00,0.000000000000000000e+00,0.000000000000000000e+00,0.000000000000000000e+00,0.000000000000000000e+00,0.000000000000000000e+00,0.000000000000000000e+00,0.000000000000000000e+00,0.000000000000000000e+00,0.000000000000000000e+00,0.000000000000000000e+00,0.000000000000000000e+00,0.000000000000000000e+00,0.000000000000000000e+00,0.000000000000000000e+00,0.000000000000000000e+00,0.000000000000000000e+00,0.000000000000000000e+00,0.000000000000000000e+00,0.000000000000000000e+00,0.000000000000000000e+00,0.000000000000000000e+00,0.000000000000000000e+00,0.000000000000000000e+00,5.668452248887861531e-04,7.006021981381017763e-04,5.403629954796328226e-04,3.308590589961767840e-04,1.940127634340428695e-04,1.023725748116992849e-04,6.564309477328434859e-05,4.080318464761359404e-05,3.185376931059684283e-05,2.161813633194253627e-05,1.399452294671722221e-05,4.853822618115246989e-06,-2.389258749741452735e-06,-9.016533751937260717e-06,-1.381962744992333340e-05,-1.778711000644662735e-05,-2.072294007612930926e-05,-2.320314710255032303e-05,-2.520009493419892227e-05,-2.693297154077779222e-05,-2.840098047765457422e-05,-2.966415294422414871e-05,-3.076208274855150854e-05,-3.169954652193763921e-05,-3.254612849186016714e-05,-3.328041990821959805e-05,-3.398234897473459512e-05,-3.461246690803470297e-05,-3.525128593297361285e-05,-3.585004337188376592e-05,-3.649063820656743920e-05,-3.712438702281926168e-05,-3.783584786708186110e-05,-3.857745957380606043e-05,-3.942900644008690583e-05,-4.033585089832679367e-05,-4.136361096306559752e-05,-4.244711365605083396e-05,-4.363951439208526239e-05,-4.487213231685870265e-05,-4.619302681808049461e-05,-4.753549922010364900e-05,-4.894482099021992395e-05,-5.035775870922786212e-05,-5.181937380564404438e-05,-5.327392131578923343e-05,-5.476983180014625513e-05,-5.625907962110976559e-05,-5.778874728221401020e-05,-5.931043124875458138e-05,-6.086184036960114944e-05,-6.238703348323572633e-05,-6.390972409778753599e-05,-6.536762748898270272e-05,-6.677654063132776340e-05,-6.807132866119766916e-05,-6.926160360766942144e-05,-7.028959063749133944e-05,-7.117988932756766037e-05,-7.190145404704150292e-05,-7.250596054125884812e-05,-7.300178148655220235e-05,-7.347808690404792633e-05,-7.396254988078994385e-05,-7.451394944842162644e-05,-7.509458823635205337e-05,-7.569413515788179136e-05,-7.624879470410543894e-05,-7.676674322014695538e-05,-7.723085167485567112e-05,-7.768531418657231998e-05,-7.812750870305009462e-05,-7.859090397167709961e-05,-7.905630233317915902e-05,-7.954058339511597617e-05,-8.001860978382782088e-05,-8.050533726285981351e-05,-8.097988225575270568e-05,-8.145962593471532144e-05,-8.192799092303856032e-05,-8.240335933568877151e-05,-8.287175717208608398e-05,-8.335142956917566319e-05,-8.383004554769405000e-05,-8.432503283959455877e-05,-8.482484774370387570e-05,-8.534534509905281280e-05,-8.587489944339428774e-05,-8.642720031123559354e-05,-8.699002829158023874e-05,-8.757474915259633392e-05,-8.816846911982015225e-05,-8.878048069315699160e-05,-8.939762951028801144e-05,-9.002800574056852873e-05,-9.065925197546054399e-05,-9.129946064837566688e-05,-9.193784896129755346e-05,-9.258276325515374329e-05,-9.322453780944174313e-05,-9.387111720319485874e-05,-9.451342863430293193e-05,-9.515916521439200056e-05,-9.580059643157327616e-05,-9.644642064523455084e-05,-9.709145170831508958e-05,-9.774619767129084393e-05,-9.840786840956522701e-05,-9.908750281860762780e-05,-9.978217531948950438e-05,-1.005002108588124560e-04,-1.012353993805628302e-04,-1.019915532281098005e-04,-1.027595979929948672e-04,-1.035418012982444762e-04,-1.043309139325603811e-04,-1.051325674225881595e-04,-1.059446073160108092e-04,-1.067764867983105059e-04,-1.076285255857427814e-04,-1.085091573640859690e-04,-1.094155373479017111e-04,-1.103505360972121808e-04,-1.113065773067813130e-04,-1.122837937809869946e-04,-1.132767674950520541e-04,-1.142911068907626060e-04,-1.153284607588042567e-04,-1.163976808154318121e-04,-1.174979545666232997e-04,-1.186292586185183704e-04,-1.197807777965985258e-04,-1.209458807548607825e-04,-1.221154069248955051e-04,-1.232911100497064989e-04,-1.244756613717754913e-04,-1.256792231950252202e-04,-1.269064582270584102e-04,-1.281615472480932309e-04,-1.294391124296083125e-04,-1.307325307000212222e-04,-1.320295824452869936e-04,-1.333213688454410535e-04,-1.345984935879412047e-04,-1.358571083156013312e-04,-1.370940430160026919e-04,-1.383103738679194203e-04,-1.395071095433142840e-04,-1.406882434084347981e-04,-1.418584965785708754e-04,-1.430262828870155253e-04,-1.442021165515370163e-04,-1.453977317087886019e-04,-1.466192138891267470e-04,-1.478566023102862836e-04,-1.490720029919914594e-04,-1.501945671946213270e-04,-1.511405651864677967e-04,-1.518704298673018778e-04,-1.524924200634084851e-04,-1.533729752827262774e-04,-1.551775612569645103e-04,-1.586952696324704962e-04,-1.643361497704645105e-04,-1.712990226471582382e-04,-1.767322225055360243e-04,-1.755463830540529167e-04,-1.617823775809948893e-04,-1.320052281465021590e-04,-8.973708171381933004e-05,-4.741676740786037689e-05,-2.135451105659945341e-05,-1.904924958569740909e-05,-2.545478334217304601e-05,-9.879674899320165895e-06
0.000000000000000000e+00,0.000000000000000000e+00,0.000000000000000000e+00,0.000000000000000000e+00,0.000000000000000000e+00,0.000000000000000000e+00,0.000000000000000000e+00,0.000000000000000000e+00,0.000000000000000000e+00,0.000000000000000000e+00,0.000000000000000000e+00,0.000000000000000000e+00,0.000000000000000000e+00,0.000000000000000000e+00,0.000000000000000000e+00,0.000000000000000000e+00,0.000000000000000000e+00,0.000000000000000000e+00,0.000000000000000000e+00,0.000000000000000000e+00,0.000000000000000000e+00,0.000000000000000000e+00,0.000000000000000000e+00,0.000000000000000000e+00,0.000000000000000000e+00,0.000000000000000000e+00,0.000000000000000000e+00,0.000000000000000000e+00,0.000000000000000000e+00,0.000000000000000000e+00,0.000000000000000000e+00,0.000000000000000000e+00,0.000000000000000000e+00,0.000000000000000000e+00,0.000000000000000000e+00,0.000000000000000000e+00,0.000000000000000000e+00,0.000000000000000000e+00,0.000000000000000000e+00,0.000000000000000000e+00,0.000000000000000000e+00,0.000000000000000000e+00,0.000000000000000000e+00,0.000000000000000000e+00,0.000000000000000000e+00,0.000000000000000000e+00,0.000000000000000000e+00,0.000000000000000000e+00,0.000000000000000000e+00,0.000000000000000000e+00,0.000000000000000000e+00,0.000000000000000000e+00,0.000000000000000000e+00,0.000000000000000000e+00,0.000000000000000000e+00,0.000000000000000000e+00,0.000000000000000000e+00,0.000000000000000000e+00,0.000000000000000000e+00,0.000000000000000000e+00,0.000000000000000000e+00,0.000000000000000000e+00,0.000000000000000000e+00,0.000000000000000000e+00,0.000000000000000000e+00,0.000000000000000000e+00,0.000000000000000000e+00,0.000000000000000000e+00,0.000000000000000000e+00,0.000000000000000000e+00,0.000000000000000000e+00,0.000000000000000000e+00,0.000000000000000000e+00,0.000000000000000000e+00,0.000000000000000000e+00,0.000000000000000000e+00,0.000000000000000000e+00,0.000000000000000000e+00,0.000000000000000000e+00,0.000000000000000000e+00,0.000000000000000000e+00,0.000000000000000000e+00,0.000000000000000000e+00,0.000000000000000000e+00,0.000000000000000000e+00,0.000000000000000000e+00,0.000000000000000000e+00,0.000000000000000000e+00,0.000000000000000000e+00,0.000000000000000000e+00,0.000000000000000000e+00,0.000000000000000000e+00,0.000000000000000000e+00,0.000000000000000000e+00,0.000000000000000000e+00,0.000000000000000000e+00,0.000000000000000000e+00,0.000000000000000000e+00,0.000000000000000000e+00,0.000000000000000000e+00,0.000000000000000000e+00,0.000000000000000000e+00,0.000000000000000000e+00,0.000000000000000000e+00,0.000000000000000000e+00,0.000000000000000000e+00,0.000000000000000000e+00,0.000000000000000000e+00,0.000000000000000000e+00,0.000000000000000000e+00,0.000000000000000000e+00,0.000000000000000000e+00,0.000000000000000000e+00,0.000000000000000000e+00,0.000000000000000000e+00,0.000000000000000000e+00,0.000000000000000000e+00,0.000000000000000000e+00,0.000000000000000000e+00,0.000000000000000000e+00,0.000000000000000000e+00,0.000000000000000000e+00,0.000000000000000000e+00,0.000000000000000000e+00,0.000000000000000000e+00,0.000000000000000000e+00,0.000000000000000000e+00,0.000000000000000000e+00,0.000000000000000000e+00,0.000000000000000000e+00,0.000000000000000000e+00,0.000000000000000000e+00,0.000000000000000000e+00,0.000000000000000000e+00,0.000000000000000000e+00,0.000000000000000000e+00,0.000000000000000000e+00,0.000000000000000000e+00,0.000000000000000000e+00,0.000000000000000000e+00,0.000000000000000000e+00,0.000000000000000000e+00,0.000000000000000000e+00,0.000000000000000000e+00,0.000000000000000000e+00,0.000000000000000000e+00,0.000000000000000000e+00,0.000000000000000000e+00,0.000000000000000000e+00,0.000000000000000000e+00,0.000000000000000000e+00,0.000000000000000000e+00,0.000000000000000000e+00,0.000000000000000000e+00,0.000000000000000000e+00,0.000000000000000000e+00,0.000000000000000000e+00,0.000000000000000000e+00,0.000000000000000000e+00,0.000000000000000000e+00,0.000000000000000000e+00,0.000000000000000000e+00,0.000000000000000000e+00,0.000000000000000000e+00,0.000000000000000000e+00,5.604769618925188341e-04,6.478061763570258907e-04,4.992628246294071766e-04,3.392732932391276574e-04,2.038017702707760185e-04,1.341205071809082163e-04,8.045626402056745648e-05,5.997458078181904580e-05,4.423972572619411334e-05,3.307939408524070396e-05,2.009857052166372511e-05,8.594878954387432198e-06,-1.871820207960354254e-06,-1.017091131338302000e-05,-1.675177781258117455e-05,-2.184104155182742523e-05,-2.586057721513939392e-05,-2.912133332552266829e-05,-3.181042648643883181e-05,-3.406907123596203673e-05,-3.597820504710111107e-05,-3.758626495833010628e-05,-3.896727292302248083e-05,-4.013181208410514754e-05,-4.116623324999838212e-05,-4.205793319215842929e-05,-4.289688249071214957e-05,-4.365056292462121386e-05,-4.440414843289578660e-05,-4.511068388517595396e-05,-4.585101728556111039e-05,-4.657418477649125224e-05,-4.736197634644117736e-05,-4.816609584844741689e-05,-4.906710576603066156e-05,-5.001395470965905684e-05,-5.107551642708728628e-05,-5.219039541425727924e-05,-5.341250919823145463e-05,-5.467389693462908396e-05,-5.602048768285590653e-05,-5.738489710727813752e-05,-5.880933779531031088e-05,-6.022945061100272365e-05,-6.168664129556389894e-05,-6.312428993525276834e-05,-6.458852574004948939e-05,-6.603353057991754910e-05,-6.750779162758129286e-05,-6.896849001825469986e-05,-7.045721851674546278e-05,-7.192508642305640116e-05,-7.339920811353754522e-05,-7.482189101227986155e-05,-7.620969984026873230e-05,-7.749982830260601304e-05,-7.869915348449129744e-05,-7.974648106659883379e-05,-8.065834288491045964e-05,-8.139715969608854039e-05,-8.200512993623494706e-05,-8.248368922273661150e-05,-8.291676360897241719e-05,-8.333631298825605680e-05,-8.381062898920544550e-05,-8.431522353955204390e-05,-8.484709411659114404e-05,-8.534484694996824906e-05,-8.581320282696110473e-05,-8.623245207516454518e-05,-8.664487069393279819e-05,-8.704915441744650760e-05,-8.747978525157778542e-05,-8.791913744007338373e-05,-8.838384422093866388e-05,-8.884860050450067205e-05,-8.932713347500128177e-05,-8.979798942986175301e-05,-9.027756082521885546e-05,-9.074896530984504406e-05,-9.122998485372979494e-05,-9.170651357262098690e-05,-9.219641903275933371e-05,-9.268729058213596506e-05,-9.319630653053873808e-05,-9.371183658858072969e-05,-9.424954012620886685e-05,-9.479763420143092129e-05,-9.536960860767593521e-05,-9.595302758037301113e-05,-9.655913297371523148e-05,-9.717490635369465334e-05,-9.780971712174409247e-05,-9.845041264195098483e-05,-9.910523904989762783e-05,-9.976174418555555483e-05,-1.004280126476285039e-04,-1.010929360805362323e-04,-1.017647111886696518e-04,-1.024333124887617547e-04,-1.031067026943655843e-04,-1.037757719850563670e-04,-1.044486747365949253e-04,-1.051180306078881236e-04,-1.057931759730834984e-04,-1.064691009928539587e-04,-1.071564794478928882e-04,-1.078521335401042778e-04,-1.085669195216695446e-04,-1.092975998474515840e-04,-1.100527954639134984e-04,-1.108266045538802632e-04,-1.116235105564928335e-04,-1.124345952312157582e-04,-1.132620659105048109e-04,-1.140977774087276588e-04,-1.149463281565583439e-04,-1.158041820131327604e-04,-1.166799370870614567e-04,-1.175733303230469583e-04,-1.184930531756757415e-04,-1.194366981836743672e-04,-1.204078346060049269e-04,-1.213988893983650337e-04,-1.224094291023948653e-04,-1.234325709758300727e-04,-1.244726239127170466e-04,-1.255305716743405962e-04,-1.266162467702405760e-04,-1.277309417919685476e-04,-1.288773456113438849e-04,-1.300464001973722654e-04,-1.312318287596663533e-04,-1.324231240017893080e-04,-1.336201597046832732e-04,-1.348239892310270423e-04,-1.360445127069216643e-04,-1.372872833752495237e-04,-1.385582824920944924e-04,-1.398537696221051991e-04,-1.411682192476200058e-04,-1.424894622432564049e-04,-1.438079978827133914e-04,-1.451133058940352449e-04,-1.464004948046995541e-04,-1.476654473950189846e-04,-1.489086610327964850e-04,-1.501306902004391746e-04,-1.513353383882250203e-04,-1.525272432105798613e-04,-1.537151075624435589e-04,-1.549100367390645282e-04,-1.561247071414034282e-04,-1.573659072761584394e-04,-1.586233555813114544e-04,-1.598565996111819907e-04,-1.609893942924068839e-04,-1.619305560049777795e-04,-1.626344365712521192e-04,-1.632107705292690561e-04,-1.640421344536987841e-04,-1.658286096056540678e-04,-1.694064682299208026e-04,-1.752262692951732164e-04,-1.824898944497028693e-04,-1.882832029462414632e-04,-1.873824317145571315e-04,-1.736575773095042053e-04,-1.435384290092234845e-04,-1.005187597503921174e-04,-5.709741891285246483e-05,-2.955989437732738917e-05,-2.517050198684929287e-05,-2.876816900041877511e-05,-1.054803383916308104e-05
0.000000000000000000e+00,0.000000000000000000e+00,0.000000000000000000e+00,0.000000000000000000e+00,0.000000000000000000e+00,0.000000000000000000e+00,0.000000000000000000e+00,0.000000000000000000e+00,0.000000000000000000e+00,0.000000000000000000e+00,0.000000000000000000e+00,0.000000000000000000e+00,0.000000000000000000e+00,0.000000000000000000e+00,0.000000000000000000e+00,0.000000000000000000e+00,0.000000000000000000e+00,0.000000000000000000e+00,0.000000000000000000e+00,0.000000000000000000e+00,0.000000000000000000e+00,0.000000000000000000e+00,0.000000000000000000e+00,0.000000000000000000e+00,0.000000000000000000e+00,0.000000000000000000e+00,0.000000000000000000e+00,0.000000000000000000e+00,0.000000000000000000e+00,0.000000000000000000e+00,0.000000000000000000e+00,0.000000000000000000e+00,0.000000000000000000e+00,0.000000000000000000e+00,0.000000000000000000e+00,0.000000000000000000e+00,0.000000000000000000e+00,0.000000000000000000e+00,0.000000000000000000e+00,0.000000000000000000e+00,0.000000000000000000e+00,0.000000000000000000e+00,0.000000000000000000e+00,0.000000000000000000e+00,0.000000000000000000e+00,0.000000000000000000e+00,0.000000000000000000e+00,0.000000000000000000e+00,0.000000000000000000e+00,0.000000000000000000e+00,0.000000000000000000e+00,0.000000000000000000e+00,0.000000000000000000e+00,0.000000000000000000e+00,0.000000000000000000e+00,0.000000000000000000e+00,0.000000000000000000e+00,0.000000000000000000e+00,0.000000000000000000e+00,0.000000000000000000e+00,0.000000000000000000e+00,0.000000000000000000e+00,0.000000000000000000e+00,0.000000000000000000e+00,0.000000000000000000e+00,0.000000000000000000e+00,0.000000000000000000e+00,0.000000000000000000e+00,0.000000000000000000e+00,0.000000000000000000e+00,0.000000000000000000e+00,0.000000000000000000e+00,0.000000000000000000e+00,0.000000000000000000e+00,0.000000000000000000e+00,0.000000000000000000e+00,0.000000000000000000e+00,0.000000000000000000e+00,0.000000000000000000e+00,0.000000000000000000e+00,0.000000000000000000e+00,0.000000000000000000e+00,0.000000000000000000e+00,0.000000000000000000e+00,0.000000000000000000e+00,0.000000000000000000e+00,0.000000000000000000e+00,0.000000000000000000e+00,0.000000000000000000e+00,0.000000000000000000e+00,0.000000000000000000e+00,0.000000000000000000e+00,0.000000000000000000e+00,0.000000000000000000e+00,0.000000000000000000e+00,0.000000000000000000e+00,0.000000000000000000e+00,0.000000000000000000e+00,0.000000000000000000e+00,0.000000000000000000e+00,0.000000000000000000e+00,0.000000000000000000e+00,0.000000000000000000e+00,0.000000000000000000e+00,0.000000000000000000e+00,0.000000000000000000e+00,0.000000000000000000e+00,0.000000000000000000e+00,0.000000000000000000e+00,0.000000000000000000e+00,0.000000000000000000e+00,0.000000000000000000e+00,0.000000000000000000e+00,0.000000000000000000e+00,0.000000000000000000e+00,0.000000000000000000e+00,0.000000000000000000e+00,0.000000000000000000e+00,0.000000000000000000e+00,0.000000000000000000e+00,0.000000000000000000e+00,0.000000000000000000e+00,0.000000000000000000e+00,0.000000000000000000e+00,0.000000000000000000e+00,0.000000000000000000e+00,0.000000000000000000e+00,0.000000000000000000e+00,0.000000000000000000e+00,0.000000000000000000e+00,0.000000000000000000e+00,0.000000000000000000e+00,0.000000000000000000e+00,0.000000000000000000e+00,0.000000000000000000e+00,0.000000000000000000e+00,0.000000000000000000e+00,0.000000000000000000e+00,0.000000000000000000e+00,0.000000000000000000e+00,0.000000000000000000e+00,0.000000000000000000e+00,0.000000000000000000e+00,0.000000000000000000e+00,0.000000000000000000e+00,0.000000000000000000e+00,0.000000000000000000e+00,0.000000000000000000e+00,0.000000000000000000e+00,0.000000000000000000e+00,0.000000000000000000e+00,0.000000000000000000e+00,0.000000000000000000e+00,0.000000000000000000e+00,0.000000000000000000e+00,0.000000000000000000e+00,0.000000000000000000e+00,0.000000000000000000e+00,0.000000000000000000e+00,0.000000000000000000e+00,0.000000000000000000e+00,0.000000000000000000e+00,0.000000000000000000e+00,0.000000000000000000e+00,0.000000000000000000e+00,4.783918788176717862e-04,5.501394909021113319e-04,4.546270352959598223e-04,3.319991472154198986e-04,2.099093981426299884e-04,1.003690799991250145e-04,6.864028927729658169e-05,5.313986195833846624e-05,4.682691738465903744e-05,3.440207402534578996e-05,2.190417940652715297e-05,7.908702089077935117e-06,-3.507135507467941662e-06,-1.340943933512470015e-05,-2.079682082656401852e-05,-2.687587471841911913e-05,-3.152754511852244281e-05,-3.545808960870480659e-05,-3.862952888316813509e-05,-4.135267115825061869e-05,-4.361695886909655405e-05,-4.555170664648722711e-05,-4.719352570353068846e-05,-4.859415827354420284e-05,-4.982440859299121748e-05,-5.089539555858846765e-05,-5.189148108892165855e-05,-5.279574364887367296e-05,-5.369043274501146524e-05,-5.453714896615497311e-05,-5.541094856876520872e-05,-5.626267123136184526e-05,-5.716570749726755749e-05,-5.807201706947648378e-05,-5.905677359789654875e-05,-6.007336083124155998e-05,-6.119029165060359916e-05,-6.235311605687560762e-05,-6.361565782213048743e-05,-6.491466701998160221e-05,-6.629350898373272149e-05,-6.768721424527714961e-05,-6.913410642541763815e-05,-7.057071835840076940e-05,-7.203321699309697278e-05,-7.346456235769892773e-05,-7.490589686636839155e-05,-7.631297025013793385e-05,-7.773322107364301684e-05,-7.912936550493882275e-05,-8.054568780885321643e-05,-8.194145930840818172e-05,-8.334767633211380823e-05,-8.471334188364871079e-05,-8.605667102284246560e-05,-8.731920684005426195e-05,-8.850645975152844245e-05,-8.955596629248315475e-05,-9.047694018400015783e-05,-9.122610527374361755e-05,-9.183590983943245017e-05,-9.230033378230842705e-05,-9.269559636627840149e-05,-9.305492181017596860e-05,-9.345302341589629838e-05,-9.387775556962967179e-05,-9.433419672265820502e-05,-9.476549489702482793e-05,-9.517451913289993722e-05,-9.554008260210465056e-05,-9.590262532556847097e-05,-9.626219339620068654e-05,-9.665402729796422263e-05,-9.706213668083726192e-05,-9.750276977854685674e-05,-9.795052697426431061e-05,-9.841773847769665344e-05,-9.888240410377170523e-05,-9.935975669746149430e-05,-9.983263664578155994e-05,-1.003180802755964025e-04,-1.008018840780739448e-04,-1.013014047168865346e-04,-1.018041806758915958e-04,-1.023270120691889486e-04,-1.028582082024369771e-04,-1.034131195490541353e-04,-1.039798454171018456e-04,-1.045715879642125672e-04,-1.051757470927976146e-04,-1.058033663547075059e-04,-1.064413572808342237e-04,-1.070991074004214953e-04,-1.077635362414642694e-04,-1.084430110990874474e-04,-1.091250621518311903e-04,-1.098177312400156646e-04,-1.105096506767953304e-04,-1.112088387354333839e-04,-1.119049907978039135e-04,-1.126060809699624504e-04,-1.133030415938563254e-04,-1.140044625073282546e-04,-1.147033584661431242e-04,-1.154096575030884932e-04,-1.161185517046966185e-04,-1.168408007284687188e-04,-1.175727802537151182e-04,-1.183249641885395978e-04,-1.190936280801253367e-04,-1.198874546370817785e-04,-1.207007603313397246e-04,-1.215386746807073940e-04,-1.223926117622908935e-04,-1.232649327083702999e-04,-1.241468856680558489e-04,-1.250421933257988779e-04,-1.259460058308867886e-04,-1.268659246831222668e-04,-1.278009095094224089e-04,-1.287596704248827287e-04,-1.297401771804135306e-04,-1.307468109244817238e-04,-1.317723616311865286e-04,-1.328162007504084404e-04,-1.338702171027283635e-04,-1.349372578714730484e-04,-1.360171567080577129e-04,-1.371200625262075342e-04,-1.382489326890774686e-04,-1.394091323371800121e-04,-1.405938053670504207e-04,-1.417976566159972627e-04,-1.430093645542265541e-04,-1.442270606163293658e-04,-1.454499503185209747e-04,-1.466871959365898697e-04,-1.479448203595203916e-04,-1.492303864837229337e-04,-1.505418709901831017e-04,-1.518751131230585739e-04,-1.532183481888305739e-04,-1.545617625578777092e-04,-1.558938942982027046e-04,-1.572088579318038496e-04,-1.585015478762873532e-04,-1.597717846900697971e-04,-1.610195449585979260e-04,-1.622483271203812205e-04,-1.634625757255493889e-04,-1.646712323037798867e-04,-1.658859678005651401e-04,-1.671204660398831025e-04,-1.683822500987394494e-04,-1.696607514245666111e-04,-1.709127482875241538e-04,-1.720562477449172128e-04,-1.729919268689022105e-04,-1.736675244829880623e-04,-1.741939309130702393e-04,-1.749706367053674525e-04,-1.767339791120620064e-04,-1.803703268857524710e-04,-1.863733138039426148e-04,-1.939497184438652272e-04,-2.001216376760532004e-04,-1.995273406152334086e-04,-1.858587086654881978e-04,-1.554026055149388221e-04,-1.116156862096983520e-04,-6.705564483907123315e-05,-3.798989721783203096e-05,-3.145654414750613905e-05,-3.217158648314171517e-05,-1.123428529713398333e-05
0.000000000000000000e+00,0.000000000000000000e+00,0.000000000000000000e+00,0.000000000000000000e+00,0.000000000000000000e+00,0.000000000000000000e+00,0.000000000000000000e+00,0.000000000000000000e+00,0.000000000000000000e+00,0.000000000000000000e+00,0.000000000000000000e+00,0.000000000000000000e+00,0.000000000000000000e+00,0.000000000000000000e+00,0.000000000000000000e+00,0.000000000000000000e+00,0.000000000000000000e+00,0.000000000000000000e+00,0.000000000000000000e+00,0.000000000000000000e+00,0.000000000000000000e+00,0.000000000000000000e+00,0.000000000000000000e+00,0.000000000000000000e+00,0.000000000000000000e+00,0.000000000000000000e+00,0.000000000000000000e+00,0.000000000000000000e+00,0.000000000000000000e+00,0.000000000000000000e+00,0.000000000000000000e+00,0.000000000000000000e+00,0.000000000000000000e+00,0.000000000000000000e+00,0.000000000000000000e+00,0.000000000000000000e+00,0.000000000000000000e+00,0.000000000000000000e+00,0.000000000000000000e+00,0.000000000000000000e+00,0.000000000000000000e+00,0.000000000000000000e+00,0.000000000000000000e+00,0.000000000000000000e+00,0.000000000000000000e+00,0.000000000000000000e+00,0.000000000000000000e+00,0.000000000000000000e+00,0.000000000000000000e+00,0.000000000000000000e+00,0.000000000000000000e+00,0.000000000000000000e+00,0.000000000000000000e+00,0.000000000000000000e+00,0.000000000000000000e+00,0.000000000000000000e+00,0.000000000000000000e+00,0.000000000000000000e+00,0.000000000000000000e+00,0.000000000000000000e+00,0.000000000000000000e+00,0.000000000000000000e+00,0.000000000000000000e+00,0.000000000000000000e+00,0.000000000000000000e+00,0.000000000000000000e+00,0.000000000000000000e+00,0.000000000000000000e+00,0.000000000000000000e+00,0.000000000000000000e+00,0.000000000000000000e+00,0.000000000000000000e+00,0.000000000000000000e+00,0.000000000000000000e+00,0.000000000000000000e+00,0.000000000000000000e+00,0.000000000000000000e+00,0.000000000000000000e+00,0.000000000000000000e+00,0.000000000000000000e+00,0.000000000000000000e+00,0.000000000000000000e+00,0.000000000000000000e+00,0.000000000000000000e+00,0.000000000000000000e+00,0.000000000000000000e+00,0.000000000000000000e+00,0.000000000000000000e+00,0.000000000000000000e+00,0.000000000000000000e+00,0.000000000000000000e+00,0.000000000000000000e+00,0.000000000000000000e+00,0.000000000000000000e+00,0.000000000000000000e+00,0.000000000000000000e+00,0.000000000000000000e+00,0.000000000000000000e+00,0.000000000000000000e+00,0.000000000000000000e+00,0.000000000000000000e+00,0.000000000000000000e+00,0.000000000000000000e+00,0.000000000000000000e+00,0.000000000000000000e+00,0.000000000000000000e+00,0.000000000000000000e+00,0.000000000000000000e+00,0.000000000000000000e+00,0.000000000000000000e+00,0.000000000000000000e+00,0.000000000000000000e+00,0.000000000000000000e+00,0.000000000000000000e+00,0.000000000000000000e+00,0.000000000000000000e+00,0.000000000000000000e+00,0.000000000000000000e+00,0.000000000000000000e+00,0.000000000000000000e+00,0.000000000000000000e+00,0.000000000000000000e+00,0.000000000000000000e+00,0.000000000000000000e+00,0.000000000000000000e+00,0.000000000000000000e+00,0.000000000000000000e+00,0.000000000000000000e+00,0.000000000000000000e+00,0.000000000000000000e+00,0.000000000000000000e+00,0.000000000000000000e+00,0.000000000000000000e+00,0.000000000000000000e+00,0.000000000000000000e+00,0.000000000000000000e+00,0.000000000000000000e+00,0.000000000000000000e+00,0.000000000000000000e+00,0.000000000000000000e+00,0.000000000000000000e+00,0.000000000000000000e+00,0.000000000000000000e+00,0.000000000000000000e+00,0.000000000000000000e+00,0.000000000000000000e+00,0.000000000000000000e+00,0.000000000000000000e+00,0.000000000000000000e+00,0.000000000000000000e+00,0.000000000000000000e+00,0.000000000000000000e+00,0.000000000000000000e+00,0.000000000000000000e+00,0.000000000000000000e+00,0.000000000000000000e+00,0.000000000000000000e+00,0.000000000000000000e+00,0.000000000000000000e+00,0.000000000000000000e+00,0.000000000000000000e+00,0.000000000000000000e+00,0.000000000000000000e+00,0.000000000000000000e+00,0.000000000000000000e+00,5.125089411394452999e-04,6.082972423896926750e-04,5.390973720882618865e-04,3.828383658939516214e-04,1.436919849952568440e-04,4.457377270322330733e-05,2.261374592451072206e-05,3.078100092748754731e-05,3.198823686598647320e-05,2.634512166535186818e-05,1.434811391714065774e-05,1.531585008460693930e-06,-1.028536452508889334e-05,-2.001539665296065730e-05,-2.770994555901632763e-05,-3.388967646403834972e-05,-3.881235727768170350e-05,-4.294316436144745164e-05,-4.635770764507053551e-05,-4.929165986903236027e-05,-5.176498751064821961e-05,-5.389245052933792197e-05,-5.571429063536591437e-05,-5.728599014024808269e-05,-5.867366533576760546e-05,-5.989764137780402255e-05,-6.103691210107926510e-05,-6.208583690891289811e-05,-6.312179141129848215e-05,-6.411608105989906206e-05,-6.513611761178139225e-05,-6.613710976702101433e-05,-6.718063619761085905e-05,-6.821951961504342163e-05,-6.931799158597636099e-05,-7.043329067471115637e-05,-7.162890984584799477e-05,-7.285866015495548042e-05,-7.417453730307320707e-05,-7.552113604179520379e-05,-7.693892131795962788e-05,-7.836848702372075585e-05,-7.984414176433195264e-05,-8.130589493293073513e-05,-8.278406819640311332e-05,-8.422220304553656881e-05,-8.565426425381513604e-05,-8.703666964952712554e-05,-8.841295683247182239e-05,-8.975050431769826531e-05,-9.109447332896068088e-05,-9.241256446183646609e-05,-9.373965044705565095e-05,-9.503315458168654518e-05,-9.631389634539047303e-05,-9.752972636703742136e-05,-9.868629777181521794e-05,-9.972215531119744741e-05,-1.006403861017923687e-04,-1.013931681284265147e-04,-1.020034206639335158e-04,-1.024576633607189065e-04,-1.028226731106738332e-04,-1.031302191402936225e-04,-1.034581385005619962e-04,-1.038048945641869246e-04,-1.041835406315926233e-04,-1.045432835179332568e-04,-1.048866915635888233e-04,-1.051923848979661926e-04,-1.054994040171096040e-04,-1.058093809225107816e-04,-1.061582272762246507e-04,-1.065316614845065611e-04,-1.069454403220512545e-04,-1.073740938791544966e-04,-1.078283956574901541e-04,-1.082857798390531804e-04,-1.087601662667574376e-04,-1.092341208757534354e-04,-1.097238150610991452e-04,-1.102149675615339303e-04,-1.107243185710416768e-04,-1.112393759160076558e-04,-1.117764600677938880e-04,-1.123238398837949871e-04,-1.128964657855346791e-04,-1.134823507929878062e-04,-1.140943386491259626e-04,-1.147197094583879900e-04,-1.153692485979949451e-04,-1.160298432930943817e-04,-1.167108480151466147e-04,-1.173993135344062610e-04,-1.181037012127315742e-04,-1.188115970681769072e-04,-1.195309771238977335e-04,-1.202502758691194410e-04,-1.209773051284597614e-04,-1.217015476014555466e-04,-1.224309789851669994e-04,-1.231566446497164185e-04,-1.238875458966999022e-04,-1.246171307565926360e-04,-1.253558748597021334e-04,-1.260992063128375687e-04,-1.268579270514233340e-04,-1.276279591242668549e-04,-1.284192546603173612e-04,-1.292274631635269961e-04,-1.300610949657666961e-04,-1.309145479710678139e-04,-1.317934966328954290e-04,-1.326897759194205554e-04,-1.336060482747829150e-04,-1.345332183228749637e-04,-1.354743179435501338e-04,-1.364233192227026249e-04,-1.373867658548296703e-04,-1.383626984676488184e-04,-1.393596051054737624e-04,-1.403757134354473399e-04,-1.414162462962875396e-04,-1.424746655715105757e-04,-1.435505525887993911e-04,-1.446349341523261696e-04,-1.457292109926555440e-04,-1.468317190285969886e-04,-1.479522767875199015e-04,-1.490949498209695760e-04,-1.502675496687917820e-04,-1.514656993131272228e-04,-1.526856467697850059e-04,-1.539158466483446595e-04,-1.551529496275791354e-04,-1.563942018199912954e-04,-1.576475943578651336e-04,-1.589191629076493802e-04,-1.602177348492714001e-04,-1.615429880232120523e-04,-1.628923198459592187e-04,-1.642547111828119579e-04,-1.656203360334034989e-04,-1.669770243449158239e-04,-1.683179761273157177e-04,-1.696371052661562677e-04,-1.709334619836487762e-04,-1.722063575298269766e-04,-1.734588541839213269e-04,-1.746951354948585449e-04,-1.759243024817464559e-04,-1.771586217245934799e-04,-1.784127987413334897e-04,-1.796951889335715125e-04,-1.809948754016061257e-04,-1.822657297710443796e-04,-1.834195035735084541e-04,-1.843481604164018460e-04,-1.849921006119618569e-04,-1.854632786432242942e-04,-1.861786572609579855e-04,-1.879128297454058330e-04,-1.916047993236483986e-04,-1.977942719666011737e-04,-2.056941634517903779e-04,-2.122623614200312811e-04,-2.119951546231037146e-04,-1.984007750311206049e-04,-1.676144714603659304e-04,-1.230477976371435528e-04,-7.731142848308719261e-05,-4.666226832633399961e-05,-3.791677710086691918e-05,-3.567373963133273803e-05,-1.194173297991346388e-05
0.000000000000000000e+00,0.000000000000000000e+00,0.000000000000000000e+00,0.000000000000000000e+00,0.000000000000000000e+00,0.000000000000000000e+00,0.000000000000000000e+00,0.000000000000000000e+00,0.000000000000000000e+00,0.000000000000000000e+00,0.000000000000000000e+00,0.000000000000000000e+00,0.000000000000000000e+00,0.000000000000000000e+00,0.000000000000000000e+00,0.000000000000000000e+00,0.000000000000000000e+00,0.000000000000000000e+00,0.000000000000000000e+00,0.000000000000000000e+00,0.000000000000000000e+00,0.000000000000000000e+00,0.000000000000000000e+00,0.000000000000000000e+00,0.000000000000000000e+00,0.000000000000000000e+00,0.000000000000000000e+00,0.000000000000000000e+00,0.000000000000000000e+00,0.000000000000000000e+00,0.000000000000000000e+00,0.000000000000000000e+00,0.000000000000000000e+00,0.000000000000000000e+00,0.000000000000000000e+00,0.000000000000000000e+00,0.000000000000000000e+00,0.000000000000000000e+00,0.000000000000000000e+00,0.000000000000000000e+00,0.000000000000000000e+00,0.000000000000000000e+00,0.000000000000000000e+00,0.000000000000000000e+00,0.000000000000000000e+00,0.000000000000000000e+00,0.000000000000000000e+00,0.000000000000000000e+00,0.000000000000000000e+00,0.000000000000000000e+00,0.000000000000000000e+00,0.000000000000000000e+00,0.000000000000000000e+00,0.000000000000000000e+00,0.000000000000000000e+00,0.000000000000000000e+00,0.000000000000000000e+00,0.000000000000000000e+00,0.000000000000000000e+00,0.000000000000000000e+00,0.000000000000000000e+00,0.000000000000000000e+00,0.000000000000000000e+00,0.000000000000000000e+00,0.000000000000000000e+00,0.000000000000000000e+00,0.000000000000000000e+00,0.000000000000000000e+00,0.000000000000000000e+00,0.000000000000000000e+00,0.000000000000000000e+00,0.000000000000000000e+00,0.000000000000000000e+00,0.000000000000000000e+00,0.000000000000000000e+00,0.000000000000000000e+00,0.000000000000000000e+00,0.000000000000000000e+00,0.000000000000000000e+00,0.000000000000000000e+00,0.000000000000000000e+00,0.000000000000000000e+00,0.000000000000000000e+00,0.000000000000000000e+00,0.000000000000000000e+00,0.000000000000000000e+00,0.000000000000000000e+00,0.000000000000000000e+00,0.000000000000000000e+00,0.000000000000000000e+00,0.000000000000000000e+00,0.000000000000000000e+00,0.000000000000000000e+00,0.000000000000000000e+00,0.000000000000000000e+00,0.000000000000000000e+00,0.000000000000000000e+00,0.000000000000000000e+00,0.000000000000000000e+00,0.000000000000000000e+00,0.000000000000000000e+00,0.000000000000000000e+00,0.000000000000000000e+00,0.000000000000000000e+00,0.000000000000000000e+00,0.000000000000000000e+00,0.000000000000000000e+00,0.000000000000000000e+00,0.000000000000000000e+00,0.000000000000000000e+00,0.000000000000000000e+00,0.000000000000000000e+00,0.000000000000000000e+00,0.000000000000000000e+00,0.000000000000000000e+00,0.000000000000000000e+00,0.000000000000000000e+00,0.000000000000000000e+00,0.000000000000000000e+00,0.000000000000000000e+00,0.000000000000000000e+00,0.000000000000000000e+00,0.000000000000000000e+00,0.000000000000000000e+00,0.000000000000000000e+00,0.000000000000000000e+00,0.000000000000000000e+00,0.000000000000000000e+00,0.000000000000000000e+00,0.000000000000000000e+00,0.000000000000000000e+00,0.000000000000000000e+00,0.000000000000000000e+00,0.000000000000000000e+00,0.000000000000000000e+00,0.000000000000000000e+00,0.000000000000000000e+00,0.000000000000000000e+00,0.000000000000000000e+00,0.000000000000000000e+00,0.000000000000000000e+00,0.000000000000000000e+00,0.000000000000000000e+00,0.000000000000000000e+00,0.000000000000000000e+00,0.000000000000000000e+00,0.000000000000000000e+00,0.000000000000000000e+00,0.000000000000000000e+00,0.000000000000000000e+00,0.000000000000000000e+00,0.000000000000000000e+00,0.000000000000000000e+00,0.000000000000000000e+00,0.000000000000000000e+00,0.000000000000000000e+00,0.000000000000000000e+00,0.000000000000000000e+00,0.000000000000000000e+00,0.000000000000000000e+00,0.000000000000000000e+00,0.000000000000000000e+00,0.000000000000000000e+00,0.000000000000000000e+00,0.000000000000000000e+00,6.472649940439203532e-04,8.338913943676417488e-04,7.494716892463263889e-04,3.061023926941928552e-04,4.958093591992543885e-05,-3.370729511682367987e-05,-2.777343666630955639e-05,-6.435827003077108883e-06,8.132661372122660675e-06,7.041295725328274697e-06,-6.101832052121321566e-07,-1.192289023596394812e-05,-2.194818946762094482e-05,-3.089189231769481073e-05,-3.774296393671146933e-05,-4.353363612870618662e-05,-4.809985098237804467e-05,-5.207814943918961150e-05,-5.536938675950679040e-05,-5.827143787140713383e-05,-6.073164306975776161e-05,-6.289271483520249913e-05,-6.476021338351244854e-05,-6.640513149809981546e-05,-6.787239349482350698e-05,-6.919381761890722985e-05,-7.043361195971548116e-05,-7.159766169637342013e-05,-7.275267830953275293e-05,-7.388129718848503624e-05,-7.504049297228860063e-05,-7.619274192438488908e-05,-7.738553443708606273e-05,-7.857387416348329367e-05,-7.980673376574238186e-05,-8.104418879650522242e-05,-8.233982043164236766e-05,-8.365533309485521712e-05,-8.503835371924786982e-05,-8.644303132241197530e-05,-8.790636323460116494e-05,-8.937700562615329245e-05,-9.088554112251265131e-05,-9.237818680778563259e-05,-9.387992296045903672e-05,-9.533658866673149998e-05,-9.677387710167670569e-05,-9.814814951825037020e-05,-9.949626350241088778e-05,-1.007886573639373435e-04,-1.020690075823967751e-04,-1.033127130678846898e-04,-1.045578772194458140e-04,-1.057713684420419185e-04,-1.069774448545433686e-04,-1.081320074661712503e-04,-1.092424713855069581e-04,-1.102507089517145236e-04,-1.111552829995253732e-04,-1.119052367818200965e-04,-1.125146388490324184e-04,-1.129629871350779096e-04,-1.133066462952974740e-04,-1.135736964798982280e-04,-1.138418947262074128e-04,-1.141179413013215078e-04,-1.144219504866037380e-04,-1.147099453380866896e-04,-1.149854902599492122e-04,-1.152283122177482662e-04,-1.154767705078518206e-04,-1.157345233546176050e-04,-1.160382734689801432e-04,-1.163755746631053194e-04,-1.167616484934670310e-04,-1.171709457214043914e-04,-1.176125341195009317e-04,-1.180632167806862137e-04,-1.185354571094928924e-04,-1.190115194366475198e-04,-1.195066114554976886e-04,-1.200063763083964472e-04,-1.205268540208505161e-04,-1.210555290828021862e-04,-1.216081632240723114e-04,-1.221729983542477779e-04,-1.227645173572066415e-04,-1.233706754899838599e-04,-1.240039086144662710e-04,-1.246514189071091518e-04,-1.253236905253651519e-04,-1.260076257879823888e-04,-1.267125028243640847e-04,-1.274255516120642064e-04,-1.281553073177532989e-04,-1.288894835077222551e-04,-1.296359835710298402e-04,-1.303831081539075438e-04,-1.311384399643582028e-04,-1.318912997735919917e-04,-1.326496422564500189e-04,-1.334046744152627296e-04,-1.341657730204203261e-04,-1.349268401289778626e-04,-1.356988480986221336e-04,-1.364774945193643427e-04,-1.372736086365975404e-04,-1.380827027494710662e-04,-1.389141394923394646e-04,-1.397628630640781935e-04,-1.406370095730101249e-04,-1.415309069708605382e-04,-1.424506229779369439e-04,-1.433884264108216541e-04,-1.443473566094511350e-04,-1.453181880628763004e-04,-1.463034400779245666e-04,-1.472960765898165411e-04,-1.483015843142802446e-04,-1.493169973479558277e-04,-1.503503556400911294e-04,-1.513999802999787571e-04,-1.524718790500647519e-04,-1.535604141593220585e-04,-1.546657719363988463e-04,-1.557785765556150706e-04,-1.568989720410555717e-04,-1.580236231589720979e-04,-1.591614563573949916e-04,-1.603170355152723806e-04,-1.615002314112718676e-04,-1.627092480101979669e-04,-1.639423423824573839e-04,-1.651883554467401883e-04,-1.664428316073751017e-04,-1.677010714358866377e-04,-1.689695384009918546e-04,-1.702538104353295883e-04,-1.715635870018231092e-04,-1.729001217857138934e-04,-1.742624825007132452e-04,-1.756406838767605246e-04,-1.770251916991954241e-04,-1.784033727982492674e-04,-1.797676343686407897e-04,-1.811109289877565998e-04,-1.824314789756911834e-04,-1.837278330503943030e-04,-1.850025216882657491e-04,-1.862593779240687012e-04,-1.875076326623361267e-04,-1.887601435709575334e-04,-1.900327168159202053e-04,-1.913345728063505370e-04,-1.926544591053150465e-04,-1.939430860661788653e-04,-1.951055369842007810e-04,-1.960243218513366169e-04,-1.966319492516193474e-04,-1.970411508981835557e-04,-1.976872078925367017e-04,-1.993846582618652777e-04,-2.031280148364327659e-04,-2.095054963411056067e-04,-2.177379535943535114e-04,-2.247181404183630526e-04,-2.247978425078789419e-04,-2.112958983038845000e-04,-1.801890720734090684e-04,-1.348332938031779414e-04,-8.788599834313997195e-05,-5.559691051206740224e-05,-4.457038133002419299e-05,-3.928107201665384930e-05,-1.266947771444717986e-05
0.000000000000000000e+00,0.000000000000000000e+00,0.000000000000000000e+00,0.000000000000000000e+00,0.000000000000000000e+00,0.000000000000000000e+00,0.000000000000000000e+00,0.000000000000000000e+00,0.000000000000000000e+00,0.000000000000000000e+00,0.000000000000000000e+00,0.000000000000000000e+00,0.000000000000000000e+00,0.000000000000000000e+00,0.000000000000000000e+00,0.000000000000000000e+00,0.000000000000000000e+00,0.000000000000000000e+00,0.000000000000000000e+00,0.000000000000000000e+00,0.000000000000000000e+00,0.000000000000000000e+00,0.000000000000000000e+00,0.000000000000000000e+00,0.000000000000000000e+00,0.000000000000000000e+00,0.000000000000000000e+00,0.000000000000000000e+00,0.000000000000000000e+00,0.000000000000000000e+00,0.000000000000000000e+00,0.000000000000000000e+00,0.000000000000000000e+00,0.000000000000000000e+00,0.000000000000000000e+00,0.000000000000000000e+00,0.000000000000000000e+00,0.000000000000000000e+00,0.000000000000000000e+00,0.000000000000000000e+00,0.000000000000000000e+00,0.000000000000000000e+00,0.000000000000000000e+00,0.000000000000000000e+00,0.000000000000000000e+00,0.000000000000000000e+00,0.000000000000000000e+00,0.000000000000000000e+00,0.000000000000000000e+00,0.000000000000000000e+00,0.000000000000000000e+00,0.000000000000000000e+00,0.000000000000000000e+00,0.000000000000000000e+00,0.000000000000000000e+00,0.000000000000000000e+00,0.000000000000000000e+00,0.000000000000000000e+00,0.000000000000000000e+00,0.000000000000000000e+00,0.000000000000000000e+00,0.000000000000000000e+00,0.000000000000000000e+00,0.000000000000000000e+00,0.000000000000000000e+00,0.000000000000000000e+00,0.000000000000000000e+00,0.000000000000000000e+00,0.000000000000000000e+00,0.000000000000000000e+00,0.000000000000000000e+00,0.000000000000000000e+00,0.000000000000000000e+00,0.000000000000000000e+00,0.000000000000000000e+00,0.000000000000000000e+00,0.000000000000000000e+00,0.000000000000000000e+00,0.000000000000000000e+00,0.000000000000000000e+00,0.000000000000000000e+00,0.000000000000000000e+00,0.000000000000000000e+00,0.000000000000000000e+00,0.000000000000000000e+00,0.000000000000000000e+00,0.000000000000000000e+00,0.000000000000000000e+00,0.000000000000000000e+00,0.000000000000000000e+00,0.000000000000000000e+00,0.000000000000000000e+00,0.000000000000000000e+00,0.000000000000000000e+00,0.000000000000000000e+00,0.000000000000000000e+00,0.000000000000000000e+00,0.000000000000000000e+00,0.000000000000000000e+00,0.000000000000000000e+00,0.000000000000000000e+00,0.000000000000000000e+00,0.000000000000000000e+00,0.000000000000000000e+00,0.000000000000000000e+00,0.000000000000000000e+00,0.000000000000000000e+00,0.000000000000000000e+00,0.000000000000000000e+00,0.000000000000000000e+00,0.000000000000000000e+00,0.000000000000000000e+00,0.000000000000000000e+00,0.000000000000000000e+00,0.000000000000000000e+00,0.000000000000000000e+00,0.000000000000000000e+00,0.000000000000000000e+00,0.000000000000000000e+00,0.000000000000000000e+00,0.000000000000000000e+00,0.000000000000000000e+00,0.000000000000000000e+00,0.000000000000000000e+00,0.000000000000000000e+00,0.000000000000000000e+00,0.000000000000000000e+00,0.000000000000000000e+00,0.000000000000000000e+00,0.000000000000000000e+00,0.000000000000000000e+00,0.000000000000000000e+00,0.000000000000000000e+00,0.000000000000000000e+00,0.000000000000000000e+00,0.000000000000000000e+00,0.000000000000000000e+00,0.000000000000000000e+00,0.000000000000000000e+00,0.000000000000000000e+00,0.000000000000000000e+00,0.000000000000000000e+00,0.000000000000000000e+00,0.000000000000000000e+00,0.000000000000000000e+00,0.000000000000000000e+00,0.000000000000000000e+00,0.000000000000000000e+00,0.000000000000000000e+00,0.000000000000000000e+00,0.000000000000000000e+00,0.000000000000000000e+00,0.000000000000000000e+00,0.000000000000000000e+00,0.000000000000000000e+00,0.000000000000000000e+00,0.000000000000000000e+00,0.000000000000000000e+00,0.000000000000000000e+00,0.000000000000000000e+00,0.000000000000000000e+00,0.000000000000000000e+00,0.000000000000000000e+00,0.000000000000000000e+00,0.000000000000000000e+00,1.189342335315075752e-03,1.413205954407705271e-03,7.581818549381615221e-04,2.536704990584777593e-04,1.804332416445057546e-05,-6.539633696601263751e-05,-6.112511598963144162e-05,-3.521887251839041748e-05,-1.892228382380345178e-05,-1.576724214986775720e-05,-2.106966535329222472e-05,-2.949475609771605577e-05,-3.770892427091679974e-05,-4.490859201998934438e-05,-5.062515941372903392e-05,-5.545688178373846001e-05,-5.937717383343881123e-05,-6.284043438089743688e-05,-6.576827248049373238e-05,-6.839465219723615472e-05,-7.065889301322443019e-05,-7.268772222899789722e-05,-7.447041958083631258e-05,-7.607868435047818135e-05,-7.753874004863146787e-05,-7.888867179709749180e-05,-8.017471412234194398e-05,-8.141199604243051107e-05,-8.265227893060256759e-05,-8.388950969161922859e-05,-8.516775139253618323e-05,-8.645902082350765219e-05,-8.779566737337912989e-05,-8.913683295182095608e-05,-9.051369479971218179e-05,-9.188849329419937798e-05,-9.330064255562638706e-05,-9.471834051528827206e-05,-9.618184851615658147e-05,-9.765514478946103250e-05,-9.917077209603970519e-05,-1.006868609316084116e-04,-1.022305012271952217e-04,-1.037564306083334692e-04,-1.052855896429596001e-04,-1.067684541841407142e-04,-1.082227875894335392e-04,-1.096048463061537268e-04,-1.109426999345237340e-04,-1.122078907590604436e-04,-1.134399354733952355e-04,-1.146202263297646870e-04,-1.157887241979099161e-04,-1.169218134485483756e-04,-1.180476460408886355e-04,-1.191314863591320808e-04,-1.201841197445179579e-04,-1.211530135310348236e-04,-1.220341698153707132e-04,-1.227751420140011610e-04,-1.233822445357811697e-04,-1.238287621710412669e-04,-1.241604118455450303e-04,-1.243999534569445811e-04,-1.246222118173611639e-04,-1.248393884051085198e-04,-1.250770695002875732e-04,-1.252980484669776156e-04,-1.255077618002449187e-04,-1.256881913297997345e-04,-1.258779022399738820e-04,-1.260831927043199548e-04,-1.263418946495149548e-04,-1.266436148447789992e-04,-1.270030872387712100e-04,-1.273946655225023357e-04,-1.278255791900206005e-04,-1.282718912384577415e-04,-1.287444671780322615e-04,-1.292252097401735901e-04,-1.297282782105947955e-04,-1.302392247699367238e-04,-1.307733230262288562e-04,-1.313180272013978237e-04,-1.318884769939092502e-04,-1.324728920663320326e-04,-1.330852403521570043e-04,-1.337134473522775212e-04,-1.343695145101614049e-04,-1.350406104366960996e-04,-1.357368944981920044e-04,-1.364453214173524628e-04,-1.371750585988880985e-04,-1.379135529848384001e-04,-1.386693976380881839e-04,-1.394305026655942462e-04,-1.402047088506425728e-04,-1.409802553819172689e-04,-1.417644855197519322e-04,-1.425465984550960128e-04,-1.433344904494702414e-04,-1.441195486895050523e-04,-1.449114658510324005e-04,-1.457045900653225034e-04,-1.465103206816019648e-04,-1.473246434667212863e-04,-1.481584120929123523e-04,-1.490068106633321739e-04,-1.498786133664336162e-04,-1.507680520283306901e-04,-1.516827448643692290e-04,-1.526168172621958829e-04,-1.535765610012961664e-04,-1.545546418995732605e-04,-1.555544926598220040e-04,-1.565669174997657968e-04,-1.575940755591222686e-04,-1.586281004440226602e-04,-1.596734633929758611e-04,-1.607261525365593713e-04,-1.617935579746200407e-04,-1.628738992578501884e-04,-1.639738272003495967e-04,-1.650887291482716298e-04,-1.662197341216983023e-04,-1.673575652438678287e-04,-1.685014449640014002e-04,-1.696463809170186527e-04,-1.707999795307408230e-04,-1.719667035106391888e-04,-1.731579813100068684e-04,-1.743745348561659837e-04,-1.756169748606408820e-04,-1.768751280950514419e-04,-1.781438972376648265e-04,-1.794167877747280236e-04,-1.806984794576991257e-04,-1.819936504210104846e-04,-1.833124237632601146e-04,-1.846574130372480305e-04,-1.860293683126094868e-04,-1.874195695095998279e-04,-1.888190450355354232e-04,-1.902149574371608223e-04,-1.915990477348115527e-04,-1.929633581057912657e-04,-1.943052192801565095e-04,-1.956223478754099342e-04,-1.969166254897628183e-04,-1.981914818210602771e-04,-1.994562179075393799e-04,-2.007243324626489345e-04,-2.020127632615809760e-04,-2.033316981626233171e-04,-2.046694766967104408e-04,-2.059734809025776895e-04,-2.071415815898598365e-04,-2.080462339694665833e-04,-2.086113346890991743e-04,-2.089503373727464761e-04,-2.095174348834238345e-04,-2.111690751062819356e-04,-2.149576680099511152e-04,-2.215227383971077920e-04,-2.300942993119626894e-04,-2.375000898502361104e-04,-2.379447705315919793e-04,-2.245541419690599263e-04,-1.931388233608508868e-04,-1.469893335356104651e-04,-9.879821898558186356e-05,-6.481137276726419978e-05,-5.142647985812177631e-05,-4.300310815541130482e-05,-1.342243438441792756e-05
0.000000000000000000e+00,0.000000000000000000e+00,0.000000000000000000e+00,0.000000000000000000e+00,0.000000000000000000e+00,0.000000000000000000e+00,0.000000000000000000e+00,0.000000000000000000e+00,0.000000000000000000e+00,0.000000000000000000e+00,0.000000000000000000e+00,0.000000000000000000e+00,0.000000000000000000e+00,0.000000000000000000e+00,0.000000000000000000e+00,0.000000000000000000e+00,0.000000000000000000e+00,0.000000000000000000e+00,0.000000000000000000e+00,0.000000000000000000e+00,0.000000000000000000e+00,0.000000000000000000e+00,0.000000000000000000e+00,0.000000000000000000e+00,0.000000000000000000e+00,0.000000000000000000e+00,0.000000000000000000e+00,0.000000000000000000e+00,0.000000000000000000e+00,0.000000000000000000e+00,0.000000000000000000e+00,0.000000000000000000e+00,0.000000000000000000e+00,0.000000000000000000e+00,0.000000000000000000e+00,0.000000000000000000e+00,0.000000000000000000e+00,0.000000000000000000e+00,0.000000000000000000e+00,0.000000000000000000e+00,0.000000000000000000e+00,0.000000000000000000e+00,0.000000000000000000e+00,0.000000000000000000e+00,0.000000000000000000e+00,0.000000000000000000e+00,0.000000000000000000e+00,0.000000000000000000e+00,0.000000000000000000e+00,0.000000000000000000e+00,0.000000000000000000e+00,0.000000000000000000e+00,0.000000000000000000e+00,0.000000000000000000e+00,0.000000000000000000e+00,0.000000000000000000e+00,0.000000000000000000e+00,0.000000000000000000e+00,0.000000000000000000e+00,0.000000000000000000e+00,0.000000000000000000e+00,0.000000000000000000e+00,0.000000000000000000e+00,0.000000000000000000e+00,0.000000000000000000e+00,0.000000000000000000e+00,0.000000000000000000e+00,0.000000000000000000e+00,0.000000000000000000e+00,0.000000000000000000e+00,0.000000000000000000e+00,0.000000000000000000e+00,0.000000000000000000e+00,0.000000000000000000e+00,0.000000000000000000e+00,0.000000000000000000e+00,0.000000000000000000e+00,0.000000000000000000e+00,0.000000000000000000e+00,0.000000000000000000e+00,0.000000000000000000e+00,0.000000000000000000e+00,0.000000000000000000e+00,0.000000000000000000e+00,0.000000000000000000e+00,0.000000000000000000e+00,0.000000000000000000e+00,0.000000000000000000e+00,0.000000000000000000e+00,0.000000000000000000e+00,0.000000000000000000e+00,0.000000000000000000e+00,0.000000000000000000e+00,0.000000000000000000e+00,0.000000000000000000e+00,0.000000000000000000e+00,0.000000000000000000e+00,0.000000000000000000e+00,0.000000000000000000e+00,0.000000000000000000e+00,0.000000000000000000e+00,0.000000000000000000e+00,0.000000000000000000e+00,0.000000000000000000e+00,0.000000000000000000e+00,0.000000000000000000e+00,0.000000000000000000e+00,0.000000000000000000e+00,0.000000000000000000e+00,0.000000000000000000e+00,0.000000000000000000e+00,0.000000000000000000e+00,0.000000000000000000e+00,0.000000000000000000e+00,0.000000000000000000e+00,0.000000000000000000e+00,0.000000000000000000e+00,0.000000000000000000e+00,0.000000000000000000e+00,0.000000000000000000e+00,0.000000000000000000e+00,0.000000000000000000e+00,0.000000000000000000e+00,0.000000000000000000e+00,0.000000000000000000e+00,0.000000000000000000e+00,0.000000000000000000e+00,0.000000000000000000e+00,0.000000000000000000e+00,0.000000000000000000e+00,0.000000000000000000e+00,0.000000000000000000e+00,0.000000000000000000e+00,0.000000000000000000e+00,0.000000000000000000e+00,0.000000000000000000e+00,0.000000000000000000e+00,0.000000000000000000e+00,0.000000000000000000e+00,0.000000000000000000e+00,0.000000000000000000e+00,0.000000000000000000e+00,0.000000000000000000e+00,0.000000000000000000e+00,0.000000000000000000e+00,0.000000000000000000e+00,0.000000000000000000e+00,0.000000000000000000e+00,0.000000000000000000e+00,0.000000000000000000e+00,0.000000000000000000e+00,0.000000000000000000e+00,0.000000000000000000e+00,0.000000000000000000e+00,0.000000000000000000e+00,0.000000000000000000e+00,0.000000000000000000e+00,0.000000000000000000e+00,0.000000000000000000e+00,0.000000000000000000e+00,0.000000000000000000e+00,0.000000000000000000e+00,0.000000000000000000e+00,0.000000000000000000e+00,0.000000000000000000e+00,2.315276146765956385e-03,1.662209866043270296e-03,7.852475902048654342e-04,3.022768734526157675e-04,4.680590760349520423e-05,-4.654423755731129945e-05,-6.061176795699788598e-05,-4.874121728893148994e-05,-3.881595116781458256e-05,-3.758431046802214540e-05,-4.192106829803232362e-05,-4.874936056497971898e-05,-5.515174250218943323e-05,-6.079528603865664454e-05,-6.522599113742225672e-05,-6.902011688696633302e-05,-7.213185139775235273e-05,-7.493334756810856700e-05,-7.734604577438936631e-05,-7.955058525181059217e-05,-8.148986804636458418e-05,-8.326475386642190498e-05,-8.486129390484359065e-05,-8.634145624557371611e-05,-8.772092604152291722e-05,-8.903647559528653438e-05,-9.031951483264113220e-05,-9.158887799293621249e-05,-9.288136075631752656e-05,-9.419886907393425896e-05,-9.557246787271127611e-05,-9.698347019489779051e-05,-9.845027328996832717e-05,-9.993736599828270846e-05,-1.014583377888382315e-04,-1.029769843062084648e-04,-1.045161950819458775e-04,-1.060484860042704906e-04,-1.076042166075535982e-04,-1.091560806496731748e-04,-1.107311113037817642e-04,-1.122969642769930626e-04,-1.138772390795468847e-04,-1.154364367662116147e-04,-1.169930694597637696e-04,-1.185047080370046663e-04,-1.199829611761977469e-04,-1.213848688012068280e-04,-1.227288820852704212e-04,-1.239858637983706541e-04,-1.251886402676425421e-04,-1.263221335458724953e-04,-1.274261420024901798e-04,-1.284855313816602048e-04,-1.295321928255987424e-04,-1.305413679650706271e-04,-1.315286158080107635e-04,-1.324490556058645363e-04,-1.332983748619124902e-04,-1.340244848172501781e-04,-1.346274440265658517e-04,-1.350754355488586610e-04,-1.354039625465482219e-04,-1.356294785649158165e-04,-1.358215754394925508e-04,-1.359951323902588050e-04,-1.361791438211162289e-04,-1.363423656505872994e-04,-1.364924573464824291e-04,-1.366144980017621597e-04,-1.367481818965057914e-04,-1.369031685281716564e-04,-1.371189588284179054e-04,-1.373875418303185318e-04,-1.377233276722477566e-04,-1.381005737831417365e-04,-1.385245674853152265e-04,-1.389704871576576172e-04,-1.394474564584251297e-04,-1.399369217792282877e-04,-1.404519175167107071e-04,-1.409778737033800730e-04,-1.415292476586516360e-04,-1.420934449000122129e-04,-1.426849320842457148e-04,-1.432919006088089722e-04,-1.439277699939865327e-04,-1.445804617752841092e-04,-1.452615366539455292e-04,-1.459581785560146877e-04,-1.466802186885486864e-04,-1.474147031086313028e-04,-1.481706641540676383e-04,-1.489357947334914417e-04,-1.497187313370750385e-04,-1.505076438780921747e-04,-1.513103340666932127e-04,-1.521150627109766056e-04,-1.529289417730152689e-04,-1.537410880133653038e-04,-1.545592927304202755e-04,-1.553751126703923258e-04,-1.561984686806920457e-04,-1.570241117453635249e-04,-1.578637703736546010e-04,-1.587137091195263872e-04,-1.595847957439746148e-04,-1.604719834545992535e-04,-1.613835111340235033e-04,-1.623129599831382166e-04,-1.632673572813074384e-04,-1.642405367503678524e-04,-1.652388581450774379e-04,-1.662553274343857572e-04,-1.672937516988766459e-04,-1.683450831974956611e-04,-1.694112458113561143e-04,-1.704837151367213260e-04,-1.715660138330593219e-04,-1.726530854826174193e-04,-1.737515006833696663e-04,-1.748591678681963950e-04,-1.759831644813919386e-04,-1.771199097319771647e-04,-1.782717139399038334e-04,-1.794298834808226450e-04,-1.805931521760067375e-04,-1.817550570792767677e-04,-1.829216191815038995e-04,-1.840966613122764180e-04,-1.852926022810285310e-04,-1.865124694877804724e-04,-1.877594376278245657e-04,-1.890248724202203603e-04,-1.903035675306087820e-04,-1.915875141039646476e-04,-1.928794815147154913e-04,-1.941828649420179298e-04,-1.955077490256865646e-04,-1.968578118844058038e-04,-1.982354137656753700e-04,-1.996332527039952121e-04,-2.010431611215387246e-04,-2.024523377029075139e-04,-2.038520040592309236e-04,-2.052333392566144240e-04,-2.065927434596358584e-04,-2.079270120739817103e-04,-2.092372857145180195e-04,-2.105265061113834307e-04,-2.118040233949634637e-04,-2.130839840286621629e-04,-2.143845454245559695e-04,-2.157168986552492204e-04,-2.170689810435795736e-04,-2.183845787418146596e-04,-2.195539258330041373e-04,-2.204386879372861223e-04,-2.209536210013045754e-04,-2.212126402471361328e-04,-2.216896681401920016e-04,-2.232846053520106506e-04,-2.271103561339294882e-04,-2.338599185135699159e-04,-2.427743261261083949e-04,-2.506161975517466633e-04,-2.514423321530127723e-04,-2.381819833104034678e-04,-2.064739827250582983e-04,-1.595310422133132768e-04,-1.100683927185814947e-04,-7.432615793635555549e-05,-5.850551663369597783e-05,-4.684647685561511946e-05,-1.419986541188491076e-05
0.000000000000000000e+00,0.000000000000000000e+00,0.000000000000000000e+00,0.000000000000000000e+00,0.000000000000000000e+00,0.000000000000000000e+00,0.000000000000000000e+00,0.000000000000000000e+00,0.000000000000000000e+00,0.000000000000000000e+00,0.000000000000000000e+00,0.000000000000000000e+00,0.000000000000000000e+00,0.000000000000000000e+00,0.000000000000000000e+00,0.000000000000000000e+00,0.000000000000000000e+00,0.000000000000000000e+00,0.000000000000000000e+00,0.000000000000000000e+00,0.000000000000000000e+00,0.000000000000000000e+00,0.000000000000000000e+00,0.000000000000000000e+00,0.000000000000000000e+00,0.000000000000000000e+00,0.000000000000000000e+00,0.000000000000000000e+00,0.000000000000000000e+00,0.000000000000000000e+00,0.000000000000000000e+00,0.000000000000000000e+00,0.000000000000000000e+00,0.000000000000000000e+00,0.000000000000000000e+00,0.000000000000000000e+00,0.000000000000000000e+00,0.000000000000000000e+00,0.000000000000000000e+00,0.000000000000000000e+00,0.000000000000000000e+00,0.000000000000000000e+00,0.000000000000000000e+00,0.000000000000000000e+00,0.000000000000000000e+00,0.000000000000000000e+00,0.000000000000000000e+00,0.000000000000000000e+00,0.000000000000000000e+00,0.000000000000000000e+00,0.000000000000000000e+00,0.000000000000000000e+00,0.000000000000000000e+00,0.000000000000000000e+00,0.000000000000000000e+00,0.000000000000000000e+00,0.000000000000000000e+00,0.000000000000000000e+00,0.000000000000000000e+00,0.000000000000000000e+00,0.000000000000000000e+00,0.000000000000000000e+00,0.000000000000000000e+00,0.000000000000000000e+00,0.000000000000000000e+00,0.000000000000000000e+00,0.000000000000000000e+00,0.000000000000000000e+00,0.000000000000000000e+00,0.000000000000000000e+00,0.000000000000000000e+00,0.000000000000000000e+00,0.000000000000000000e+00,0.000000000000000000e+00,0.000000000000000000e+00,0.000000000000000000e+00,0.000000000000000000e+00,0.000000000000000000e+00,0.000000000000000000e+00,0.000000000000000000e+00,0.000000000000000000e+00,0.000000000000000000e+00,0.000000000000000000e+00,0.000000000000000000e+00,0.000000000000000000e+00,0.000000000000000000e+00,0.000000000000000000e+00,0.000000000000000000e+00,0.000000000000000000e+00,0.000000000000000000e+00,0.000000000000000000e+00,0.000000000000000000e+00,0.000000000000000000e+00,0.000000000000000000e+00,0.000000000000000000e+00,0.000000000000000000e+00,0.000000000000000000e+00,0.000000000000000000e+00,0.000000000000000000e+00,0.000000000000000000e+00,0.000000000000000000e+00,0.000000000000000000e+00,0.000000000000000000e+00,0.000000000000000000e+00,0.000000000000000000e+00,0.000000000000000000e+00,0.000000000000000000e+00,0.000000000000000000e+00,0.000000000000000000e+00,0.000000000000000000e+00,0.000000000000000000e+00,0.000000000000000000e+00,0.000000000000000000e+00,0.000000000000000000e+00,0.000000000000000000e+00,0.000000000000000000e+00,0.000000000000000000e+00,0.000000000000000000e+00,0.000000000000000000e+00,0.000000000000000000e+00,0.000000000000000000e+00,0.000000000000000000e+00,0.000000000000000000e+00,0.000000000000000000e+00,0.000000000000000000e+00,0.000000000000000000e+00,0.000000000000000000e+00,0.000000000000000000e+00,0.000000000000000000e+00,0.000000000000000000e+00,0.000000000000000000e+00,0.000000000000000000e+00,0.000000000000000000e+00,0.000000000000000000e+00,0.000000000000000000e+00,0.000000000000000000e+00,0.000000000000000000e+00,0.000000000000000000e+00,0.000000000000000000e+00,0.000000000000000000e+00,0.000000000000000000e+00,0.000000000000000000e+00,0.000000000000000000e+00,0.000000000000000000e+00,0.000000000000000000e+00,0.000000000000000000e+00,0.000000000000000000e+00,0.000000000000000000e+00,0.000000000000000000e+00,0.000000000000000000e+00,0.000000000000000000e+00,0.000000000000000000e+00,0.000000000000000000e+00,0.000000000000000000e+00,0.000000000000000000e+00,0.000000000000000000e+00,0.000000000000000000e+00,0.000000000000000000e+00,0.000000000000000000e+00,0.000000000000000000e+00,0.000000000000000000e+00,0.000000000000000000e+00,0.000000000000000000e+00,0.000000000000000000e+00,0.000000000000000000e+00,2.793027227716320202e-03,1.638542646545316193e-03,8.620320925665092429e-04,3.533859741763108056e-04,1.044871080719244472e-04,-6.636547695319205017e-06,-4.301284155517679625e-05,-5.141576127014720949e-05,-5.230614859499659481e-05,-5.591331385726362231e-05,-6.127740693689255190e-05,-6.751337458704416514e-05,-7.277625694343776779e-05,-7.720913073866482034e-05,-8.056596635690379800e-05,-8.342748901347092432e-05,-8.575716665973917661e-05,-8.789320932216567329e-05,-8.974447567534884140e-05,-9.148042193479299748e-05,-9.302920305207833186e-05,-9.449376641989222308e-05,-9.584253818198637032e-05,-9.714410630606966368e-05,-9.839423892748416832e-05,-9.963698884103839562e-05,-1.008827717052955325e-04,-1.021575235205144467e-04,-1.034784087865002158e-04,-1.048559433667318975e-04,-1.063054594614732822e-04,-1.078185708884254849e-04,-1.093999199783452408e-04,-1.110214921250691908e-04,-1.126804141054363551e-04,-1.143426975163435772e-04,-1.160137773375823935e-04,-1.176686965375532744e-04,-1.193259227918456360e-04,-1.209651374972990872e-04,-1.226068418983875506e-04,-1.242272987908408664e-04,-1.258462684803556648e-04,-1.274379887152150533e-04,-1.290198301969366066e-04,-1.305584421875276074e-04,-1.320619888216830579e-04,-1.334900819187954750e-04,-1.348523050396583029e-04,-1.361178020736908553e-04,-1.373108623638074775e-04,-1.384171760256931261e-04,-1.394739571747234718e-04,-1.404724716469832075e-04,-1.414474248432427011e-04,-1.423837223102917605e-04,-1.433026259414967593e-04,-1.441685440723982107e-04,-1.449792163403464573e-04,-1.456849176965135982e-04,-1.462813266051779385e-04,-1.467329063683019217e-04,-1.470659617217692674e-04,-1.472902932169130243e-04,-1.474686291415575816e-04,-1.476158699899671948e-04,-1.477621071755121844e-04,-1.478806132084420322e-04,-1.479810564556049393e-04,-1.480520368784295345e-04,-1.481351977318478533e-04,-1.482443033295322401e-04,-1.484212174839663362e-04,-1.486607566783482647e-04,-1.489772999180222549e-04,-1.493450566880314128e-04,-1.497673115101031988e-04,-1.502181940255951280e-04,-1.507049383481990951e-04,-1.512084068387952980e-04,-1.517404340377465880e-04,-1.522862836906807137e-04,-1.528595630382889603e-04,-1.534476061973653589e-04,-1.540641684405883349e-04,-1.546973982543350815e-04,-1.553601412838762302e-04,-1.560403351313637173e-04,-1.567491063342539559e-04,-1.574737052197643821e-04,-1.582236481215443409e-04,-1.589861141846467491e-04,-1.597699859830748435e-04,-1.605632241150739797e-04,-1.613744925586454179e-04,-1.621922748221434442e-04,-1.630243642782165084e-04,-1.638591353419919584e-04,-1.647034982191126519e-04,-1.655465350182353662e-04,-1.663958870502951239e-04,-1.672432499950624366e-04,-1.680986611077052710e-04,-1.689571970751800297e-04,-1.698307872797213600e-04,-1.707159304068775127e-04,-1.716234745562095481e-04,-1.725482316834724714e-04,-1.734979854917429213e-04,-1.744657799681635191e-04,-1.754580456032632171e-04,-1.764682894377536226e-04,-1.775028161226123978e-04,-1.785549189940216540e-04,-1.796287487088270957e-04,-1.807155012953018391e-04,-1.818169727776264722e-04,-1.829241472919643230e-04,-1.840396848050205420e-04,-1.851575236582248853e-04,-1.862832859707162152e-04,-1.874143654669736922e-04,-1.885579949938786073e-04,-1.897115163949951379e-04,-1.908785310302071230e-04,-1.920513404193361880e-04,-1.932286603766359030e-04,-1.944028818206638661e-04,-1.955783408085599656e-04,-1.967577804184122807e-04,-1.979540187100360931e-04,-1.991720513246596474e-04,-2.004176813199138056e-04,-2.016842904894386717e-04,-2.029671280267544235e-04,-2.042570724930889848e-04,-2.055549935706755399e-04,-2.068627174299579564e-04,-2.081898433588029679e-04,-2.095407761956806221e-04,-2.109193324924087999e-04,-2.123197175439994354e-04,-2.137347584089104447e-04,-2.151519254984042735e-04,-2.165620604661556059e-04,-2.179555504533399555e-04,-2.193278160958045235e-04,-2.206746645220277045e-04,-2.219963752871106802e-04,-2.232953432254212382e-04,-2.245809049669536366e-04,-2.258679019182158773e-04,-2.271757412859057659e-04,-2.285167161399634167e-04,-2.298782882811511584e-04,-2.312004842598393772e-04,-2.323653769608804271e-04,-2.332232749150675848e-04,-2.336791103864393928e-04,-2.338471944490999957e-04,-2.342216503602373499e-04,-2.357475028014638125e-04,-2.396001198404896604e-04,-2.465284405325824540e-04,-2.557859291492362475e-04,-2.640713375233383797e-04,-2.652931658120858999e-04,-2.521830214194374122e-04,-2.202015732788583323e-04,-1.724720403061465342e-04,-1.217139248364996107e-04,-8.415857905012630541e-05,-6.581620175829039419e-05,-5.082117864238940133e-05,-1.500774504966322568e-05
0.000000000000000000e+00,0.000000000000000000e+00,0.000000000000000000e+00,0.000000000000000000e+00,0.000000000000000000e+00,0.000000000000000000e+00,0.000000000000000000e+00,0.000000000000000000e+00,0.000000000000000000e+00,0.000000000000000000e+00,0.000000000000000000e+00,0.000000000000000000e+00,0.000000000000000000e+00,0.000000000000000000e+00,0.000000000000000000e+00,0.000000000000000000e+00,0.000000000000000000e+00,0.000000000000000000e+00,0.000000000000000000e+00,0.000000000000000000e+00,0.000000000000000000e+00,0.000000000000000000e+00,0.000000000000000000e+00,0.000000000000000000e+00,0.000000000000000000e+00,0.000000000000000000e+00,0.000000000000000000e+00,0.000000000000000000e+00,0.000000000000000000e+00,0.000000000000000000e+00,0.000000000000000000e+00,0.000000000000000000e+00,0.000000000000000000e+00,0.000000000000000000e+00,0.000000000000000000e+00,0.000000000000000000e+00,0.000000000000000000e+00,0.000000000000000000e+00,0.000000000000000000e+00,0.000000000000000000e+00,0.000000000000000000e+00,0.000000000000000000e+00,0.000000000000000000e+00,0.000000000000000000e+00,0.000000000000000000e+00,0.000000000000000000e+00,0.000000000000000000e+00,0.000000000000000000e+00,0.000000000000000000e+00,0.000000000000000000e+00,0.000000000000000000e+00,0.000000000000000000e+00,0.000000000000000000e+00,0.000000000000000000e+00,0.000000000000000000e+00,0.000000000000000000e+00,0.000000000000000000e+00,0.000000000000000000e+00,0.000000000000000000e+00,0.000000000000000000e+00,0.000000000000000000e+00,0.000000000000000000e+00,0.000000000000000000e+00,0.000000000000000000e+00,0.000000000000000000e+00,0.000000000000000000e+00,0.000000000000000000e+00,0.000000000000000000e+00,0.000000000000000000e+00,0.000000000000000000e+00,0.000000000000000000e+00,0.000000000000000000e+00,0.000000000000000000e+00,0.000000000000000000e+00,0.000000000000000000e+00,0.000000000000000000e+00,0.000000000000000000e+00,0.000000000000000000e+00,0.000000000000000000e+00,0.000000000000000000e+00,0.000000000000000000e+00,0.000000000000000000e+00,0.000000000000000000e+00,0.000000000000000000e+00,0.000000000000000000e+00,0.000000000000000000e+00,0.000000000000000000e+00,0.000000000000000000e+00,0.000000000000000000e+00,0.000000000000000000e+00,0.000000000000000000e+00,0.000000000000000000e+00,0.000000000000000000e+00,0.000000000000000000e+00,0.000000000000000000e+00,0.000000000000000000e+00,0.000000000000000000e+00,0.000000000000000000e+00,0.000000000000000000e+00,0.000000000000000000e+00,0.000000000000000000e+00,0.000000000000000000e+00,0.000000000000000000e+00,0.000000000000000000e+00,0.000000000000000000e+00,0.000000000000000000e+00,0.000000000000000000e+00,0.000000000000000000e+00,0.000000000000000000e+00,0.000000000000000000e+00,0.000000000000000000e+00,0.000000000000000000e+00,0.000000000000000000e+00,0.000000000000000000e+00,0.000000000000000000e+00,0.000000000000000000e+00,0.000000000000000000e+00,0.000000000000000000e+00,0.000000000000000000e+00,0.000000000000000000e+00,0.000000000000000000e+00,0.000000000000000000e+00,0.000000000000000000e+00,0.000000000000000000e+00,0.000000000000000000e+00,0.000000000000000000e+00,0.000000000000000000e+00,0.000000000000000000e+00,0.000000000000000000e+00,0.000000000000000000e+00,0.000000000000000000e+00,0.000000000000000000e+00,0.000000000000000000e+00,0.000000000000000000e+00,0.000000000000000000e+00,0.000000000000000000e+00,0.000000000000000000e+00,0.000000000000000000e+00,0.000000000000000000e+00,0.000000000000000000e+00,0.000000000000000000e+00,0.000000000000000000e+00,0.000000000000000000e+00,0.000000000000000000e+00,0.000000000000000000e+00,0.000000000000000000e+00,0.000000000000000000e+00,0.000000000000000000e+00,0.000000000000000000e+00,0.000000000000000000e+00,0.000000000000000000e+00,0.000000000000000000e+00,0.000000000000000000e+00,0.000000000000000000e+00,0.000000000000000000e+00,0.000000000000000000e+00,0.000000000000000000e+00,0.000000000000000000e+00,0.000000000000000000e+00,0.000000000000000000e+00,0.000000000000000000e+00,0.000000000000000000e+00,0.000000000000000000e+00,0.000000000000000000e+00,8.715535407726551255e-04,1.374418323081950813e-03,1.003250211080862009e-03,4.828516170518865991e-04,1.872997438869154557e-04,4.556956878872941709e-05,-1.939953545072111048e-05,-5.053963426122814518e-05,-6.043441588309690605e-05,-6.733573466234128854e-05,-7.305340653772520289e-05,-7.982039336020071323e-05,-8.537587799436739699e-05,-9.007502173596862330e-05,-9.342009234562300703e-05,-9.604020326039905365e-05,-9.804322610857104455e-05,-9.975383188288715233e-05,-1.012446721823566321e-04,-1.025993769407438207e-04,-1.038583794390405656e-04,-1.050340880874484387e-04,-1.061701144773540505e-04,-1.072690323279099539e-04,-1.083736770641795705e-04,-1.094869238403009326e-04,-1.106427755062655164e-04,-1.118446864387097833e-04,-1.131156275752041830e-04,-1.144598393931947996e-04,-1.158896508257572339e-04,-1.174078669132211096e-04,-1.190125532963786623e-04,-1.206979180748577948e-04,-1.224428951427382849e-04,-1.242320351434461222e-04,-1.260336158302211864e-04,-1.278373674333161704e-04,-1.296189069220234742e-04,-1.313843489007477446e-04,-1.331179684793881365e-04,-1.348333991457884441e-04,-1.365137854286819444e-04,-1.381747815688849103e-04,-1.397990352663732849e-04,-1.414034988598873060e-04,-1.429647644769091398e-04,-1.444905325306092031e-04,-1.459452029173088233e-04,-1.473317729967553392e-04,-1.486176987407709493e-04,-1.498180944254483846e-04,-1.509169219715701508e-04,-1.519464341857617781e-04,-1.529014335055534947e-04,-1.538177647606743786e-04,-1.546886167811355986e-04,-1.555411526950327319e-04,-1.563500202912681018e-04,-1.571172623534700509e-04,-1.577975689526406908e-04,-1.583844515710417834e-04,-1.588402868718757183e-04,-1.591837012700079892e-04,-1.594180895473515326e-04,-1.595984086343775010e-04,-1.597372907103810258e-04,-1.598635992884514349e-04,-1.599532148660573244e-04,-1.600170677011629905e-04,-1.600472177693192544e-04,-1.600878520527760458e-04,-1.601575075778486398e-04,-1.603011915326631924e-04,-1.605170917966378314e-04,-1.608199792127663257e-04,-1.611841346183443381e-04,-1.616108397269404545e-04,-1.620730118870057483e-04,-1.625758491870714177e-04,-1.630994738959152580e-04,-1.636544418006115320e-04,-1.642257944661944583e-04,-1.648262705500140026e-04,-1.654431136968496051e-04,-1.660893461997634522e-04,-1.667530565355400103e-04,-1.674464967031403921e-04,-1.681576317628107628e-04,-1.688971646317746224e-04,-1.696524591958872960e-04,-1.704327392322608917e-04,-1.712253589111864982e-04,-1.720390431812145692e-04,-1.728620351460362814e-04,-1.737030061572344313e-04,-1.745507939127418772e-04,-1.754132137635386855e-04,-1.762788493567034678e-04,-1.771544588185895990e-04,-1.780291534187871815e-04,-1.789103932835749567e-04,-1.797899771143232866e-04,-1.806779347261379810e-04,-1.815695669286749539e-04,-1.824768511670450417e-04,-1.833964418133356492e-04,-1.843391025944762882e-04,-1.852995680318413605e-04,-1.862852479072568527e-04,-1.872887890750200596e-04,-1.883160704610710640e-04,-1.893602874005188461e-04,-1.904276053348697524e-04,-1.915115681084712123e-04,-1.926166425114001499e-04,-1.937343569699151197e-04,-1.948664825677480777e-04,-1.960036791618261301e-04,-1.971478499404903315e-04,-1.982920059693363041e-04,-1.994407434036436582e-04,-2.005907672500559442e-04,-2.017491707218524086e-04,-2.029140118743292132e-04,-2.040901554884777579e-04,-2.052711951312539897e-04,-2.064562790397986357e-04,-2.076370652888604633e-04,-2.088162581112976764e-04,-2.099951993440403908e-04,-2.111865304826942105e-04,-2.123967770051133036e-04,-2.136342875492654668e-04,-2.148948271614533787e-04,-2.161746611768628737e-04,-2.174640477871367730e-04,-2.187621092962684912e-04,-2.200689292647610006e-04,-2.213932297135356411e-04,-2.227397816882287771e-04,-2.241136518168429460e-04,-2.255105714488598852e-04,-2.269245181759264136e-04,-2.283434435303733365e-04,-2.297579650265052964e-04,-2.311577471113896093e-04,-2.325372107314378062e-04,-2.338910920060583852e-04,-2.352187141790979777e-04,-2.365218307630107463e-04,-2.378097321932599200e-04,-2.390979493176817743e-04,-2.404072166805197358e-04,-2.417509604879741162e-04,-2.431161806046545850e-04,-2.444389061319060877e-04,-2.455926775332917212e-04,-2.464157767939349395e-04,-2.468028160300773455e-04,-2.468681712941235475e-04,-2.471267253048054380e-04,-2.485696993873533407e-04,-2.524369502456190960e-04,-2.595351766060637316e-04,-2.691324903439629135e-04,-2.778651660111730939e-04,-2.794952563882869504e-04,-2.665559673027698097e-04,-2.343254578436179073e-04,-1.858231439955957743e-04,-1.337534966773084580e-04,-9.432957925171528966e-05,-7.338010078008000620e-05,-5.493322673403136150e-05,-1.584420597245705974e-05
0.000000000000000000e+00,0.000000000000000000e+00,0.000000000000000000e+00,0.000000000000000000e+00,0.000000000000000000e+00,0.000000000000000000e+00,0.000000000000000000e+00,0.000000000000000000e+00,0.000000000000000000e+00,0.000000000000000000e+00,0.000000000000000000e+00,0.000000000000000000e+00,0.000000000000000000e+00,0.000000000000000000e+00,0.000000000000000000e+00,0.000000000000000000e+00,0.000000000000000000e+00,0.000000000000000000e+00,0.000000000000000000e+00,0.000000000000000000e+00,0.000000000000000000e+00,0.000000000000000000e+00,0.000000000000000000e+00,0.000000000000000000e+00,0.000000000000000000e+00,0.000000000000000000e+00,0.000000000000000000e+00,0.000000000000000000e+00,0.000000000000000000e+00,0.000000000000000000e+00,0.000000000000000000e+00,0.000000000000000000e+00,0.000000000000000000e+00,0.000000000000000000e+00,0.000000000000000000e+00,0.000000000000000000e+00,0.000000000000000000e+00,0.000000000000000000e+00,0.000000000000000000e+00,0.000000000000000000e+00,0.000000000000000000e+00,0.000000000000000000e+00,0.000000000000000000e+00,0.000000000000000000e+00,0.000000000000000000e+00,0.000000000000000000e+00,0.000000000000000000e+00,0.000000000000000000e+00,0.000000000000000000e+00,0.000000000000000000e+00,0.000000000000000000e+00,0.000000000000000000e+00,0.000000000000000000e+00,0.000000000000000000e+00,0.000000000000000000e+00,0.000000000000000000e+00,0.000000000000000000e+00,0.000000000000000000e+00,0.000000000000000000e+00,0.000000000000000000e+00,0.000000000000000000e+00,0.000000000000000000e+00,0.000000000000000000e+00,0.000000000000000000e+00,0.000000000000000000e+00,0.000000000000000000e+00,0.000000000000000000e+00,0.000000000000000000e+00,0.000000000000000000e+00,0.000000000000000000e+00,0.000000000000000000e+00,0.000000000000000000e+00,0.000000000000000000e+00,0.000000000000000000e+00,0.000000000000000000e+00,0.000000000000000000e+00,0.000000000000000000e+00,0.000000000000000000e+00,0.000000000000000000e+00,0.000000000000000000e+00,0.000000000000000000e+00,0.000000000000000000e+00,0.000000000000000000e+00,0.000000000000000000e+00,0.000000000000000000e+00,0.000000000000000000e+00,0.000000000000000000e+00,0.000000000000000000e+00,0.000000000000000000e+00,0.000000000000000000e+00,0.000000000000000000e+00,0.000000000000000000e+00,0.000000000000000000e+00,0.000000000000000000e+00,0.000000000000000000e+00,0.000000000000000000e+00,0.000000000000000000e+00,0.000000000000000000e+00,0.000000000000000000e+00,0.000000000000000000e+00,0.000000000000000000e+00,0.000000000000000000e+00,0.000000000000000000e+00,0.000000000000000000e+00,0.000000000000000000e+00,0.000000000000000000e+00,0.000000000000000000e+00,0.000000000000000000e+00,0.000000000000000000e+00,0.000000000000000000e+00,0.000000000000000000e+00,0.000000000000000000e+00,0.000000000000000000e+00,0.000000000000000000e+00,0.000000000000000000e+00,0.000000000000000000e+00,0.000000000000000000e+00,0.000000000000000000e+00,0.000000000000000000e+00,0.000000000000000000e+00,0.000000000000000000e+00,0.000000000000000000e+00,0.000000000000000000e+00,0.000000000000000000e+00,0.000000000000000000e+00,0.000000000000000000e+00,0.000000000000000000e+00,0.000000000000000000e+00,0.000000000000000000e+00,0.000000000000000000e+00,0.000000000000000000e+00,0.000000000000000000e+00,0.000000000000000000e+00,0.000000000000000000e+00,0.000000000000000000e+00,0.000000000000000000e+00,0.000000000000000000e+00,0.000000000000000000e+00,0.000000000000000000e+00,0.000000000000000000e+00,0.000000000000000000e+00,0.000000000000000000e+00,0.000000000000000000e+00,0.000000000000000000e+00,0.000000000000000000e+00,0.000000000000000000e+00,0.000000000000000000e+00,0.000000000000000000e+00,0.000000000000000000e+00,0.000000000000000000e+00,0.000000000000000000e+00,0.000000000000000000e+00,0.000000000000000000e+00,0.000000000000000000e+00,0.000000000000000000e+00,0.000000000000000000e+00,0.000000000000000000e+00,0.000000000000000000e+00,0.000000000000000000e+00,0.000000000000000000e+00,0.000000000000000000e+00,0.000000000000000000e+00,0.000000000000000000e+00,0.000000000000000000e+00,7.966566922162675660e-04,1.224044805977910367e-03,8.946647078688208356e-04,5.053585539428883267e-04,1.985170546094377098e-04,2.271815526938339493e-05,-5.187026397162369687e-05,-7.115241745189882633e-05,-7.990910962857704640e-05,-8.497623326550720539e-05,-9.208930390382577547e-05,-9.795780049104942035e-05,-1.032385001666851583e-04,-1.067943937965505521e-04,-1.094545202754891534e-04,-1.112062481723228127e-04,-1.126088884267587725e-04,-1.136864538990096820e-04,-1.146818887027149970e-04,-1.155540153674148993e-04,-1.164214779038673066e-04,-1.172427466716149995e-04,-1.181006223061613792e-04,-1.189676059563419489e-04,-1.199071303785389272e-04,-1.208995260523775304e-04,-1.219901628245857262e-04,-1.231622920525287919e-04,-1.244452557977613824e-04,-1.258244058546878225e-04,-1.273167400082037611e-04,-1.289095842195078897e-04,-1.306076515929825374e-04,-1.323946302064891328e-04,-1.342573790214293531e-04,-1.361706468812626323e-04,-1.381064522275836500e-04,-1.400412846201064103e-04,-1.419506176439659011e-04,-1.438285219536259969e-04,-1.456617536829381081e-04,-1.474571307259860337e-04,-1.492028635439800557e-04,-1.509104106211219334e-04,-1.525687831464614787e-04,-1.541945606036597611e-04,-1.557738398817813381e-04,-1.573163427332108265e-04,-1.587933059044531990e-04,-1.602044270858295108e-04,-1.615166040135661090e-04,-1.627365930770457211e-04,-1.638449681635023971e-04,-1.648671981811300816e-04,-1.657984715996752598e-04,-1.666735518473960894e-04,-1.674915194754755744e-04,-1.682847119722408647e-04,-1.690380343572187472e-04,-1.697596482703360790e-04,-1.704105751185224838e-04,-1.709846008248351709e-04,-1.714438880150741717e-04,-1.718013348788483018e-04,-1.720547206214229020e-04,-1.722510339261513861e-04,-1.723988619091533004e-04,-1.725237048174556754e-04,-1.726018902887730246e-04,-1.726444168260194291e-04,-1.726462535174045655e-04,-1.726544053841260113e-04,-1.726926835801507153e-04,-1.728100228437502684e-04,-1.730085938113677473e-04,-1.733040984918035729e-04,-1.736710974837746854e-04,-1.741089448298391166e-04,-1.745892068916177209e-04,-1.751149089609269570e-04,-1.756652582053045829e-04,-1.762494439900926966e-04,-1.768522183684167939e-04,-1.774854438174770040e-04,-1.781362640317732415e-04,-1.788169673073921348e-04,-1.795155718051835974e-04,-1.802437233920935568e-04,-1.809894181982664603e-04,-1.817629425625851372e-04,-1.825518105417946874e-04,-1.833649748561051165e-04,-1.841900015319488130e-04,-1.850354517047119981e-04,-1.858898580547476516e-04,-1.867618723493261808e-04,-1.876407108467516727e-04,-1.885342330035965817e-04,-1.894313234121520085e-04,-1.903386523364881781e-04,-1.912454429152827271e-04,-1.921589668726194017e-04,-1.930711010074627650e-04,-1.939917483620301887e-04,-1.949163235050065037e-04,-1.958566875074523115e-04,-1.968095479922781475e-04,-1.977854909123557062e-04,-1.987792027284619766e-04,-1.997977816698692788e-04,-2.008336189644351598e-04,-2.018921157713103284e-04,-2.029662064384397827e-04,-2.040618659415233853e-04,-2.051728670318503345e-04,-2.063039712955198641e-04,-2.074471267474930158e-04,-2.086041851408356157e-04,-2.097656556219731287e-04,-2.109328126836173883e-04,-2.120978584319179014e-04,-2.132643460944181084e-04,-2.144281716327317501e-04,-2.155960063668187481e-04,-2.167663563888731022e-04,-2.179451979312186033e-04,-2.191275785994646500e-04,-2.203134615261271331e-04,-2.214942249826392935e-04,-2.226711199225512151e-04,-2.238438933381950218e-04,-2.250244793487166366e-04,-2.262204237271760805e-04,-2.274423916551993291e-04,-2.286887646232118362e-04,-2.299573346609299978e-04,-2.312382889978608909e-04,-2.325292756988230742e-04,-2.338285887171748343e-04,-2.351437519615327766e-04,-2.364795539815246045e-04,-2.378420607315083815e-04,-2.392284997221369013e-04,-2.406341061870000977e-04,-2.420475145110056406e-04,-2.434592682891609759e-04,-2.448584086605864693e-04,-2.462383381784727160e-04,-2.475926716688664508e-04,-2.489196620101554141e-04,-2.502203554147725364e-04,-2.515039220536186590e-04,-2.527866125503437427e-04,-2.540905082857993023e-04,-2.554302675680307326e-04,-2.567923850557291541e-04,-2.581087923515531873e-04,-2.592440718719645431e-04,-2.600240033742303955e-04,-2.603322141359882928e-04,-2.602829137437983166e-04,-2.604117905423103223e-04,-2.617572564450947005e-04,-2.656249115389006793e-04,-2.728813469408205195e-04,-2.828113281429202254e-04,-2.919917938958201402e-04,-2.940408465528954619e-04,-2.812950359173248694e-04,-2.488447734404869134e-04,-1.995921524857597327e-04,-1.462012137433151937e-04,-1.048549583792628002e-04,-8.120446916082164630e-05,-5.919216999349044013e-05,-1.671530720614609959e-05
0.000000000000000000e+00,0.000000000000000000e+00,0.000000000000000000e+00,0.000000000000000000e+00,0.000000000000000000e+00,0.000000000000000000e+00,0.000000000000000000e+00,0.000000000000000000e+00,0.000000000000000000e+00,0.000000000000000000e+00,0.000000000000000000e+00,0.000000000000000000e+00,0.000000000000000000e+00,0.000000000000000000e+00,0.000000000000000000e+00,0.000000000000000000e+00,0.000000000000000000e+00,0.000000000000000000e+00,0.000000000000000000e+00,0.000000000000000000e+00,0.000000000000000000e+00,0.000000000000000000e+00,0.000000000000000000e+00,0.000000000000000000e+00,0.000000000000000000e+00,0.000000000000000000e+00,0.000000000000000000e+00,0.000000000000000000e+00,0.000000000000000000e+00,0.000000000000000000e+00,0.000000000000000000e+00,0.000000000000000000e+00,0.000000000000000000e+00,0.000000000000000000e+00,0.000000000000000000e+00,0.000000000000000000e+00,0.000000000000000000e+00,0.000000000000000000e+00,0.000000000000000000e+00,0.000000000000000000e+00,0.000000000000000000e+00,0.000000000000000000e+00,0.000000000000000000e+00,0.000000000000000000e+00,0.000000000000000000e+00,0.000000000000000000e+00,0.000000000000000000e+00,0.000000000000000000e+00,0.000000000000000000e+00,0.000000000000000000e+00,0.000000000000000000e+00,0.000000000000000000e+00,0.000000000000000000e+00,0.000000000000000000e+00,0.000000000000000000e+00,0.000000000000000000e+00,0.000000000000000000e+00,0.000000000000000000e+00,0.000000000000000000e+00,0.000000000000000000e+00,0.000000000000000000e+00,0.000000000000000000e+00,0.000000000000000000e+00,0.000000000000000000e+00,0.000000000000000000e+00,0.000000000000000000e+00,0.000000000000000000e+00,0.000000000000000000e+00,0.000000000000000000e+00,0.000000000000000000e+00,0.000000000000000000e+00,0.000000000000000000e+00,0.000000000000000000e+00,0.000000000000000000e+00,0.000000000000000000e+00,0.000000000000000000e+00,0.000000000000000000e+00,0.000000000000000000e+00,0.000000000000000000e+00,0.000000000000000000e+00,0.000000000000000000e+00,0.000000000000000000e+00,0.000000000000000000e+00,0.000000000000000000e+00,0.000000000000000000e+00,0.000000000000000000e+00,0.000000000000000000e+00,0.000000000000000000e+00,0.000000000000000000e+00,0.000000000000000000e+00,0.000000000000000000e+00,0.000000000000000000e+00,0.000000000000000000e+00,0.000000000000000000e+00,0.000000000000000000e+00,0.000000000000000000e+00,0.000000000000000000e+00,0.000000000000000000e+00,0.000000000000000000e+00,0.000000000000000000e+00,0.000000000000000000e+00,0.000000000000000000e+00,0.000000000000000000e+00,0.000000000000000000e+00,0.000000000000000000e+00,0.000000000000000000e+00,0.000000000000000000e+00,0.000000000000000000e+00,0.000000000000000000e+00,0.000000000000000000e+00,0.000000000000000000e+00,0.000000000000000000e+00,0.000000000000000000e+00,0.000000000000000000e+00,0.000000000000000000e+00,0.000000000000000000e+00,0.000000000000000000e+00,0.000000000000000000e+00,0.000000000000000000e+00,0.000000000000000000e+00,0.000000000000000000e+00,0.000000000000000000e+00,0.000000000000000000e+00,0.000000000000000000e+00,0.000000000000000000e+00,0.000000000000000000e+00,0.000000000000000000e+00,0.000000000000000000e+00,0.000000000000000000e+00,0.000000000000000000e+00,0.000000000000000000e+00,0.000000000000000000e+00,0.000000000000000000e+00,0.000000000000000000e+00,0.000000000000000000e+00,0.000000000000000000e+00,0.000000000000000000e+00,0.000000000000000000e+00,0.000000000000000000e+00,0.000000000000000000e+00,0.000000000000000000e+00,0.000000000000000000e+00,0.000000000000000000e+00,0.000000000000000000e+00,0.000000000000000000e+00,0.000000000000000000e+00,0.000000000000000000e+00,0.000000000000000000e+00,0.000000000000000000e+00,0.000000000000000000e+00,0.000000000000000000e+00,0.000000000000000000e+00,0.000000000000000000e+00,0.000000000000000000e+00,0.000000000000000000e+00,0.000000000000000000e+00,0.000000000000000000e+00,0.000000000000000000e+00,0.000000000000000000e+00,0.000000000000000000e+00,0.000000000000000000e+00,0.000000000000000000e+00,0.000000000000000000e+00,0.000000000000000000e+00,6.806509722578406264e-04,8.516224055419152747e-04,6.778863532420907915e-04,4.141607221649880257e-04,1.255749868780212661e-04,-5.579412766648796486e-05,-1.062566467530872094e-04,-1.131898430788853940e-04,-1.084518797030357675e-04,-1.103280734559846402e-04,-1.130816756914617500e-04,-1.178430620613473838e-04,-1.209244593859077282e-04,-1.236136129861391535e-04,-1.250085005379044658e-04,-1.261522120723197282e-04,-1.267965516290037978e-04,-1.274229983603486027e-04,-1.279047081080462122e-04,-1.284204239666904702e-04,-1.289245987434415870e-04,-1.294830752445742773e-04,-1.301044895287740435e-04,-1.308092549329861938e-04,-1.316259849041492727e-04,-1.325515644788316093e-04,-1.336143827676127699e-04,-1.347983205464904123e-04,-1.361239558147223029e-04,-1.375695212653327477e-04,-1.391474863454800843e-04,-1.408360947507996319e-04,-1.426402212062902403e-04,-1.445373036908318158e-04,-1.465188709142534434e-04,-1.485549611732998746e-04,-1.506209591749242650e-04,-1.526848804016227702e-04,-1.547211226985981331e-04,-1.567138039188285359e-04,-1.586498163974328298e-04,-1.605301194711309417e-04,-1.623459669249742161e-04,-1.641051840714413592e-04,-1.658007206200908803e-04,-1.674485553906314883e-04,-1.690425802220681172e-04,-1.705961460359646162e-04,-1.720885604450701366e-04,-1.735198116051738719e-04,-1.748580834404618004e-04,-1.761039758769288445e-04,-1.772341832471378321e-04,-1.782666061780744553e-04,-1.791939665761070936e-04,-1.800475940647165468e-04,-1.808293157354444350e-04,-1.815749707049461046e-04,-1.822786277857924996e-04,-1.829556199189952053e-04,-1.835748137385331683e-04,-1.841327565600871393e-04,-1.845934539077253298e-04,-1.849663891232411744e-04,-1.852450002367104511e-04,-1.854687776530234854e-04,-1.856410819218757570e-04,-1.857822713616877905e-04,-1.858669186296278773e-04,-1.859045830818918524e-04,-1.858921468960142345e-04,-1.858793339883558658e-04,-1.858954866263684818e-04,-1.859941713962895849e-04,-1.861821753035175660e-04,-1.864767632410512064e-04,-1.868530809658452291e-04,-1.873087173233144523e-04,-1.878137967563232706e-04,-1.883690571966646122e-04,-1.889526084361309213e-04,-1.895721751555858568e-04,-1.902121396350838650e-04,-1.908834842831039430e-04,-1.915732534845342291e-04,-1.922930221728395297e-04,-1.930307428967182226e-04,-1.937974549203941082e-04,-1.945811860342031919e-04,-1.953918067578266948e-04,-1.962170033382853996e-04,-1.970654698203268057e-04,-1.979250101895667195e-04,-1.988040117505171609e-04,-1.996912947059757920e-04,-2.005954554664317682e-04,-2.015060949840949758e-04,-2.024311240059959967e-04,-2.033598070941582321e-04,-2.042987960443141265e-04,-2.052375243508000168e-04,-2.061830968578241439e-04,-2.071274678039689671e-04,-2.080803156009543601e-04,-2.090370675123108979e-04,-2.100093090456932126e-04,-2.109936900430731414e-04,-2.120005072479273669e-04,-2.130243956812878908e-04,-2.140721753284904882e-04,-2.151361053532364648e-04,-2.162211898556664008e-04,-2.173201707404004283e-04,-2.184388018436442963e-04,-2.195710694386481389e-04,-2.207220074981689070e-04,-2.218840638839298491e-04,-2.230592770654325611e-04,-2.242381842871073877e-04,-2.254215799326329036e-04,-2.266010129449720742e-04,-2.277790407169194759e-04,-2.289507010141880045e-04,-2.301220100316319413e-04,-2.312916354572059306e-04,-2.324664216886877593e-04,-2.336428995194626563e-04,-2.348221335325394730e-04,-2.359956710724986156e-04,-2.371635848065328225e-04,-2.383239597786254466e-04,-2.394875654238036498e-04,-2.406624168286259171e-04,-2.418611351544611707e-04,-2.430847962546045342e-04,-2.443331417798102838e-04,-2.455968462472753232e-04,-2.468724538852616547e-04,-2.481565367038025762e-04,-2.494551903469145434e-04,-2.507728939967708895e-04,-2.521164439017223834e-04,-2.534844795765930111e-04,-2.548735685223311250e-04,-2.562732010154321143e-04,-2.576740136327113333e-04,-2.590645287410643714e-04,-2.604371528003861409e-04,-2.617843286254191264e-04,-2.631031625730772248e-04,-2.643939025949142022e-04,-2.656655593044311638e-04,-2.669350854353661298e-04,-2.682259816496253843e-04,-2.695541880662203943e-04,-2.709057692248733012e-04,-2.722084363039668255e-04,-2.733175913814682900e-04,-2.740459652108416955e-04,-2.742656862749601903e-04,-2.740901849267918700e-04,-2.740758870344428403e-04,-2.753085818001432599e-04,-2.791607978175745684e-04,-2.865605804890331378e-04,-2.968124530770895487e-04,-3.064376967937490091e-04,-3.089155126175471985e-04,-2.963877869789063109e-04,-2.637537373693069780e-04,-2.137821926693432150e-04,-1.590710611502143092e-04,-1.157538291995951915e-04,-8.931045003055050114e-05,-6.360219897349586094e-05,-1.761724767596670844e-05
0.000000000000000000e+00,0.000000000000000000e+00,0.000000000000000000e+00,0.000000000000000000e+00,0.000000000000000000e+00,0.000000000000000000e+00,0.000000000000000000e+00,0.000000000000000000e+00,0.000000000000000000e+00,0.000000000000000000e+00,0.000000000000000000e+00,0.000000000000000000e+00,0.000000000000000000e+00,0.000000000000000000e+00,0.000000000000000000e+00,0.000000000000000000e+00,0.000000000000000000e+00,0.000000000000000000e+00,0.000000000000000000e+00,0.000000000000000000e+00,0.000000000000000000e+00,0.000000000000000000e+00,0.000000000000000000e+00,0.000000000000000000e+00,0.000000000000000000e+00,0.000000000000000000e+00,0.000000000000000000e+00,0.000000000000000000e+00,0.000000000000000000e+00,0.000000000000000000e+00,0.000000000000000000e+00,0.000000000000000000e+00,0.000000000000000000e+00,0.000000000000000000e+00,0.000000000000000000e+00,0.000000000000000000e+00,0.000000000000000000e+00,0.000000000000000000e+00,0.000000000000000000e+00,0.000000000000000000e+00,0.000000000000000000e+00,0.000000000000000000e+00,0.000000000000000000e+00,0.000000000000000000e+00,0.000000000000000000e+00,0.000000000000000000e+00,0.000000000000000000e+00,0.000000000000000000e+00,0.000000000000000000e+00,0.000000000000000000e+00,0.000000000000000000e+00,0.000000000000000000e+00,0.000000000000000000e+00,0.000000000000000000e+00,0.000000000000000000e+00,0.000000000000000000e+00,0.000000000000000000e+00,0.000000000000000000e+00,0.000000000000000000e+00,0.000000000000000000e+00,0.000000000000000000e+00,0.000000000000000000e+00,0.000000000000000000e+00,0.000000000000000000e+00,0.000000000000000000e+00,0.000000000000000000e+00,0.000000000000000000e+00,0.000000000000000000e+00,0.000000000000000000e+00,0.000000000000000000e+00,0.000000000000000000e+00,0.000000000000000000e+00,0.000000000000000000e+00,0.000000000000000000e+00,0.000000000000000000e+00,0.000000000000000000e+00,0.000000000000000000e+00,0.000000000000000000e+00,0.000000000000000000e+00,0.000000000000000000e+00,0.000000000000000000e+00,0.000000000000000000e+00,0.000000000000000000e+00,0.000000000000000000e+00,0.000000000000000000e+00,0.000000000000000000e+00,0.000000000000000000e+00,0.000000000000000000e+00,0.000000000000000000e+00,0.000000000000000000e+00,0.000000000000000000e+00,0.000000000000000000e+00,0.000000000000000000e+00,0.000000000000000000e+00,0.000000000000000000e+00,0.000000000000000000e+00,0.000000000000000000e+00,0.000000000000000000e+00,0.000000000000000000e+00,0.000000000000000000e+00,0.000000000000000000e+00,0.000000000000000000e+00,0.000000000000000000e+00,0.000000000000000000e+00,0.000000000000000000e+00,0.000000000000000000e+00,0.000000000000000000e+00,0.000000000000000000e+00,0.000000000000000000e+00,0.000000000000000000e+00,0.000000000000000000e+00,0.000000000000000000e+00,0.000000000000000000e+00,0.000000000000000000e+00,0.000000000000000000e+00,0.000000000000000000e+00,0.000000000000000000e+00,0.000000000000000000e+00,0.000000000000000000e+00,0.000000000000000000e+00,0.000000000000000000e+00,0.000000000000000000e+00,0.000000000000000000e+00,0.000000000000000000e+00,0.000000000000000000e+00,0.000000000000000000e+00,0.000000000000000000e+00,0.000000000000000000e+00,0.000000000000000000e+00,0.000000000000000000e+00,0.000000000000000000e+00,0.000000000000000000e+00,0.000000000000000000e+00,0.000000000000000000e+00,0.000000000000000000e+00,0.000000000000000000e+00,0.000000000000000000e+00,0.000000000000000000e+00,0.000000000000000000e+00,0.000000000000000000e+00,0.000000000000000000e+00,0.000000000000000000e+00,0.000000000000000000e+00,0.000000000000000000e+00,0.000000000000000000e+00,0.000000000000000000e+00,0.000000000000000000e+00,0.000000000000000000e+00,0.000000000000000000e+00,0.000000000000000000e+00,0.000000000000000000e+00,0.000000000000000000e+00,0.000000000000000000e+00,0.000000000000000000e+00,0.000000000000000000e+00,0.000000000000000000e+00,0.000000000000000000e+00,0.000000000000000000e+00,0.000000000000000000e+00,0.000000000000000000e+00,0.000000000000000000e+00,0.000000000000000000e+00,0.000000000000000000e+00,0.000000000000000000e+00,7.677076562914975609e-04,9.214129839771585759e-04,7.773607593438643147e-04,3.532142759167652079e-04,-1.498048413189465410e-05,-1.467863071070461063e-04,-1.744813320643389830e-04,-1.576731768083301766e-04,-1.457303025577441060e-04,-1.376046762626591453e-04,-1.372449013862256861e-04,-1.375945623868680024e-04,-1.391552938791266189e-04,-1.397756727881764843e-04,-1.403686340196606743e-04,-1.404910685560549510e-04,-1.406586425193916622e-04,-1.407101811760446796e-04,-1.408577413833228260e-04,-1.410099351321042027e-04,-1.412789250063075785e-04,-1.416147539559495965e-04,-1.420992023068515513e-04,-1.426978148352089698e-04,-1.434717681402190165e-04,-1.443870720485518561e-04,-1.454856034217931037e-04,-1.467306515473641292e-04,-1.481477237379335730e-04,-1.496993878873034581e-04,-1.513991522780916443e-04,-1.532128576034788017e-04,-1.551463834859521625e-04,-1.571698371306921036e-04,-1.592790475261319735e-04,-1.614412374952191439e-04,-1.636361920423857813e-04,-1.658273039721550740e-04,-1.679884925289789374e-04,-1.700962910945109962e-04,-1.721362911879757295e-04,-1.741046797459237859e-04,-1.759941294271764238e-04,-1.778097193682901878e-04,-1.795462090694108638e-04,-1.812186598953231711e-04,-1.828263279395683782e-04,-1.843867487806038249e-04,-1.858874494333499425e-04,-1.873318231441849745e-04,-1.886913581657119596e-04,-1.899636076693559392e-04,-1.911221074130399196e-04,-1.921776834632362286e-04,-1.931186123214191717e-04,-1.939708053821139605e-04,-1.947354162910872391e-04,-1.954493383837620289e-04,-1.961135934103667815e-04,-1.967506893340007271e-04,-1.973381562255921147e-04,-1.978775560554579208e-04,-1.983368670937725627e-04,-1.987247373566171740e-04,-1.990319687652404037e-04,-1.992916177779433440e-04,-1.995012722301976260e-04,-1.996748415337727602e-04,-1.997831004942947786e-04,-1.998325016996441161e-04,-1.998204931659886181e-04,-1.997990315852443102e-04,-1.998029514922623762e-04,-1.998909955246831282e-04,-2.000751732643724383e-04,-2.003750013999194108e-04,-2.007666136433981210e-04,-2.012460890283338086e-04,-2.017820881776721006e-04,-2.023729815747212228e-04,-2.029956064442726244e-04,-2.036561139282682981e-04,-2.043384225280686661e-04,-2.050526244421070729e-04,-2.057856712059917428e-04,-2.065484621662935728e-04,-2.073289086225139574e-04,-2.081374592043499768e-04,-2.089621786766979043e-04,-2.098125184009904862e-04,-2.106763453244154660e-04,-2.115620940732544674e-04,-2.124578191719679317e-04,-2.133717166548642643e-04,-2.142928829986045602e-04,-2.152298143665267913e-04,-2.161724842829259793e-04,-2.171288422651700698e-04,-2.180885906643891339e-04,-2.190584253099192298e-04,-2.200280950776154734e-04,-2.210045852686578246e-04,-2.219799575084730056e-04,-2.229636018338920344e-04,-2.239508826692508637e-04,-2.249529729111036198e-04,-2.259663622565406804e-04,-2.270009442933666874e-04,-2.280512765445933527e-04,-2.291239052054861109e-04,-2.302110530606070915e-04,-2.313173991837151166e-04,-2.324355642199214009e-04,-2.335710587198743578e-04,-2.347180628138481693e-04,-2.358818480361491029e-04,-2.370554232644346364e-04,-2.382411092628318938e-04,-2.394296465311920418e-04,-2.406215096281745936e-04,-2.418077779612736323e-04,-2.429901176851370019e-04,-2.441627367915602965e-04,-2.453308383472340651e-04,-2.464929901901756330e-04,-2.476566126867408755e-04,-2.488196381760029324e-04,-2.499844130139212647e-04,-2.511430676706496870e-04,-2.522948380716716517e-04,-2.534362031660276253e-04,-2.545764061967838469e-04,-2.557233768056803714e-04,-2.568912212843198922e-04,-2.580836295308921936e-04,-2.593025917638716203e-04,-2.605397963053348838e-04,-2.617911100019182065e-04,-2.630515540169027608e-04,-2.643256509989073294e-04,-2.656172858900462301e-04,-2.669336988394985450e-04,-2.682748205189264983e-04,-2.696385759578020093e-04,-2.710154692588344740e-04,-2.723963871010990040e-04,-2.737694692399676158e-04,-2.751261597142141252e-04,-2.764577238940909643e-04,-2.777600418221782045e-04,-2.790325115505480906e-04,-2.802839133560561919e-04,-2.815319267589189677e-04,-2.828015006124164890e-04,-2.841099984373445745e-04,-2.854431197496099925e-04,-2.867244284311463824e-04,-2.877999313075329775e-04,-2.884689774066985491e-04,-2.885914673317937487e-04,-2.882793891658600826e-04,-2.881091151517124814e-04,-2.892137142080162117e-04,-2.930329964177521098e-04,-3.005584869092364319e-04,-3.111177175685907246e-04,-3.211821125413409270e-04,-3.240977696897899551e-04,-3.118160803713625304e-04,-2.790403063385216999e-04,-2.283912575956236130e-04,-1.723697122452044273e-04,-1.270369795291025723e-04,-9.770135857159462220e-05,-6.817139624506697224e-05,-1.855632045552394312e-05
0.000000000000000000e+00,0.000000000000000000e+00,0.000000000000000000e+00,0.000000000000000000e+00,0.000000000000000000e+00,0.000000000000000000e+00,0.000000000000000000e+00,0.000000000000000000e+00,0.000000000000000000e+00,0.000000000000000000e+00,0.000000000000000000e+00,0.000000000000000000e+00,0.000000000000000000e+00,0.000000000000000000e+00,0.000000000000000000e+00,0.000000000000000000e+00,0.000000000000000000e+00,0.000000000000000000e+00,0.000000000000000000e+00,0.000000000000000000e+00,0.000000000000000000e+00,0.000000000000000000e+00,0.000000000000000000e+00,0.000000000000000000e+00,0.000000000000000000e+00,0.000000000000000000e+00,0.000000000000000000e+00,0.000000000000000000e+00,0.000000000000000000e+00,0.000000000000000000e+00,0.000000000000000000e+00,0.000000000000000000e+00,0.000000000000000000e+00,0.000000000000000000e+00,0.000000000000000000e+00,0.000000000000000000e+00,0.000000000000000000e+00,0.000000000000000000e+00,0.000000000000000000e+00,0.000000000000000000e+00,0.000000000000000000e+00,0.000000000000000000e+00,0.000000000000000000e+00,0.000000000000000000e+00,0.000000000000000000e+00,0.000000000000000000e+00,0.000000000000000000e+00,0.000000000000000000e+00,0.000000000000000000e+00,0.000000000000000000e+00,0.000000000000000000e+00,0.000000000000000000e+00,0.000000000000000000e+00,0.000000000000000000e+00,0.000000000000000000e+00,0.000000000000000000e+00,0.000000000000000000e+00,0.000000000000000000e+00,0.000000000000000000e+00,0.000000000000000000e+00,0.000000000000000000e+00,0.000000000000000000e+00,0.000000000000000000e+00,0.000000000000000000e+00,0.000000000000000000e+00,0.000000000000000000e+00,0.000000000000000000e+00,0.000000000000000000e+00,0.000000000000000000e+00,0.000000000000000000e+00,0.000000000000000000e+00,0.000000000000000000e+00,0.000000000000000000e+00,0.000000000000000000e+00,0.000000000000000000e+00,0.000000000000000000e+00,0.000000000000000000e+00,0.000000000000000000e+00,0.000000000000000000e+00,0.000000000000000000e+00,0.000000000000000000e+00,0.000000000000000000e+00,0.000000000000000000e+00,0.000000000000000000e+00,0.000000000000000000e+00,0.000000000000000000e+00,0.000000000000000000e+00,0.000000000000000000e+00,0.000000000000000000e+00,0.000000000000000000e+00,0.000000000000000000e+00,0.000000000000000000e+00,0.000000000000000000e+00,0.000000000000000000e+00,0.000000000000000000e+00,0.000000000000000000e+00,0.000000000000000000e+00,0.000000000000000000e+00,0.000000000000000000e+00,0.000000000000000000e+00,0.000000000000000000e+00,0.000000000000000000e+00,0.000000000000000000e+00,0.000000000000000000e+00,0.000000000000000000e+00,0.000000000000000000e+00,0.000000000000000000e+00,0.000000000000000000e+00,0.000000000000000000e+00,0.000000000000000000e+00,0.000000000000000000e+00,0.000000000000000000e+00,0.000000000000000000e+00,0.000000000000000000e+00,0.000000000000000000e+00,0.000000000000000000e+00,0.000000000000000000e+00,0.000000000000000000e+00,0.000000000000000000e+00,0.000000000000000000e+00,0.000000000000000000e+00,0.000000000000000000e+00,0.000000000000000000e+00,0.000000000000000000e+00,0.000000000000000000e+00,0.000000000000000000e+00,0.000000000000000000e+00,0.000000000000000000e+00,0.000000000000000000e+00,0.000000000000000000e+00,0.000000000000000000e+00,0.000000000000000000e+00,0.000000000000000000e+00,0.000000000000000000e+00,0.000000000000000000e+00,0.000000000000000000e+00,0.000000000000000000e+00,0.000000000000000000e+00,0.000000000000000000e+00,0.000000000000000000e+00,0.000000000000000000e+00,0.000000000000000000e+00,0.000000000000000000e+00,0.000000000000000000e+00,0.000000000000000000e+00,0.000000000000000000e+00,0.000000000000000000e+00,0.000000000000000000e+00,0.000000000000000000e+00,0.000000000000000000e+00,0.000000000000000000e+00,0.000000000000000000e+00,0.000000000000000000e+00,0.000000000000000000e+00,0.000000000000000000e+00,0.000000000000000000e+00,0.000000000000000000e+00,0.000000000000000000e+00,0.000000000000000000e+00,0.000000000000000000e+00,0.000000000000000000e+00,0.000000000000000000e+00,0.000000000000000000e+00,0.000000000000000000e+00,1.015090984853370690e-03,1.240934068488438622e-03,7.498474108190703773e-04,1.421372341102805571e-04,-1.370536753291242099e-04,-2.315767983327006127e-04,-2.229871144070805276e-04,-2.002534661688136562e-04,-1.761346377829843210e-04,-1.651447150157833873e-04,-1.586813675359650760e-04,-1.571796909290393447e-04,-1.558436002424218932e-04,-1.555106096307168730e-04,-1.547682473153013554e-04,-1.543911689898446122e-04,-1.538892243282780027e-04,-1.536305728402179464e-04,-1.533995412079786601e-04,-1.533499028593189356e-04,-1.534087978740301429e-04,-1.536412807429574068e-04,-1.540437284235757188e-04,-1.546333793582638726e-04,-1.554277039105026142e-04,-1.564130802037498049e-04,-1.576063759421311803e-04,-1.589765430253366012e-04,-1.605338885440704905e-04,-1.622403731709998165e-04,-1.640996224160025157e-04,-1.660741552517419324e-04,-1.681635844424616123e-04,-1.703357401261949248e-04,-1.725855177075306284e-04,-1.748815755657504099e-04,-1.772061622852382640e-04,-1.795232957402072890e-04,-1.818061813624740166e-04,-1.840276058391768861e-04,-1.861704070620776909e-04,-1.882278472593879861e-04,-1.901923392775368082e-04,-1.920676454257770898e-04,-1.938484899068057337e-04,-1.955490432681179509e-04,-1.971711888800554220e-04,-1.987364461177464796e-04,-2.002395848408408273e-04,-2.016895861591500396e-04,-2.030628278870426134e-04,-2.043571922119079927e-04,-2.055446603704399946e-04,-2.066307114731986527e-04,-2.075984245886495312e-04,-2.084671706005563274e-04,-2.092343129724119123e-04,-2.099349711383020174e-04,-2.105739795860954856e-04,-2.111798442774282750e-04,-2.117386049303654548e-04,-2.122585325840237300e-04,-2.127135800371057295e-04,-2.131142696161371483e-04,-2.134508254435944557e-04,-2.137514491943402328e-04,-2.140080426489488136e-04,-2.142273068269119889e-04,-2.143745027102019211e-04,-2.144513139652845133e-04,-2.144541791800784524e-04,-2.144364453900782848e-04,-2.144380782702866371e-04,-2.145233153343476288e-04,-2.147099133512282742e-04,-2.150203468311516464e-04,-2.154322273901261174e-04,-2.159404737861715326e-04,-2.165123452651807610e-04,-2.171438117217014830e-04,-2.178102832952445256e-04,-2.185162216082737845e-04,-2.192449733756169554e-04,-2.200057150069985464e-04,-2.207853090402079016e-04,-2.215940252316013471e-04,-2.224197762397090523e-04,-2.232724544324018372e-04,-2.241401789940729327e-04,-2.250319807706261115e-04,-2.259359081653823848e-04,-2.268601243005126790e-04,-2.277929347439504727e-04,-2.287423196883398599e-04,-2.296976339185259684e-04,-2.306672220148493139e-04,-2.316414025109963355e-04,-2.326281301372631579e-04,-2.336175751207460671e-04,-2.346165203624215191e-04,-2.356151276321785887e-04,-2.366203249556883830e-04,-2.376243388259596670e-04,-2.386362458703593880e-04,-2.396513078818145659e-04,-2.406801832910482526e-04,-2.417191230768891692e-04,-2.427775175282983024e-04,-2.438498125917639260e-04,-2.449422648788705196e-04,-2.460471283842165040e-04,-2.471688137297090786e-04,-2.482998855128650223e-04,-2.494455907396196507e-04,-2.506002733349792905e-04,-2.517693868691890224e-04,-2.529465309205846096e-04,-2.541343797229975556e-04,-2.553240343798907227e-04,-2.565158076060653218e-04,-2.577005040665877617e-04,-2.588790446914459643e-04,-2.600449053577347106e-04,-2.612024046300752520e-04,-2.623498059680271183e-04,-2.634948076771836197e-04,-2.646365822667463255e-04,-2.657788378486144782e-04,-2.669146461407955308e-04,-2.680427895288939430e-04,-2.691583099518011775e-04,-2.702686804626678154e-04,-2.713812234821390539e-04,-2.725109859617328356e-04,-2.736640401208596655e-04,-2.748447830283355306e-04,-2.760463692028753638e-04,-2.772644374894858753e-04,-2.784927033012809584e-04,-2.797340583709243206e-04,-2.809915479065400916e-04,-2.822725707253351799e-04,-2.835781819696260955e-04,-2.849076520729033652e-04,-2.862526161262072058e-04,-2.876043728487361582e-04,-2.889508156232082443e-04,-2.902825027833521123e-04,-2.915895251699560553e-04,-2.928665043703188638e-04,-2.941119218998514920e-04,-2.953342976522874900e-04,-2.965520232684005554e-04,-2.977915910282549240e-04,-2.990719128586872785e-04,-3.003785568998158296e-04,-3.016310600466115218e-04,-3.026660790252345902e-04,-3.032691935697125044e-04,-3.032874214562933249e-04,-3.028300995377094271e-04,-3.024924162894236310e-04,-3.034536563576764037e-04,-3.072212035371044798e-04,-3.148517758332518616e-04,-3.257006620396152969e-04,-3.361960740912621286e-04,-3.395592445483982614e-04,-3.275548650912686686e-04,-2.946867474787630259e-04,-2.434111651882248247e-04,-1.861022585667201467e-04,-1.387181119732198628e-04,-1.063955830494455162e-04,-7.290109067379212256e-05,-1.952703983136958138e-05
0.000000000000000000e+00,0.000000000000000000e+00,0.000000000000000000e+00,0.000000000000000000e+00,0.000000000000000000e+00,0.000000000000000000e+00,0.000000000000000000e+00,0.000000000000000000e+00,0.000000000000000000e+00,0.000000000000000000e+00,0.000000000000000000e+00,0.000000000000000000e+00,0.000000000000000000e+00,0.000000000000000000e+00,0.000000000000000000e+00,0.000000000000000000e+00,0.000000000000000000e+00,0.000000000000000000e+00,0.000000000000000000e+00,0.000000000000000000e+00,0.000000000000000000e+00,0.000000000000000000e+00,0.000000000000000000e+00,0.000000000000000000e+00,0.000000000000000000e+00,0.000000000000000000e+00,0.000000000000000000e+00,0.000000000000000000e+00,0.000000000000000000e+00,0.000000000000000000e+00,0.000000000000000000e+00,0.000000000000000000e+00,0.000000000000000000e+00,0.000000000000000000e+00,0.000000000000000000e+00,0.000000000000000000e+00,0.000000000000000000e+00,0.000000000000000000e+00,0.000000000000000000e+00,0.000000000000000000e+00,0.000000000000000000e+00,0.000000000000000000e+00,0.000000000000000000e+00,0.000000000000000000e+00,0.000000000000000000e+00,0.000000000000000000e+00,0.000000000000000000e+00,0.000000000000000000e+00,0.000000000000000000e+00,0.000000000000000000e+00,0.000000000000000000e+00,0.000000000000000000e+00,0.000000000000000000e+00,0.000000000000000000e+00,0.000000000000000000e+00,0.000000000000000000e+00,0.000000000000000000e+00,0.000000000000000000e+00,0.000000000000000000e+00,0.000000000000000000e+00,0.000000000000000000e+00,0.000000000000000000e+00,0.000000000000000000e+00,0.000000000000000000e+00,0.000000000000000000e+00,0.000000000000000000e+00,0.000000000000000000e+00,0.000000000000000000e+00,0.000000000000000000e+00,0.000000000000000000e+00,0.000000000000000000e+00,0.000000000000000000e+00,0.000000000000000000e+00,0.000000000000000000e+00,0.000000000000000000e+00,0.000000000000000000e+00,0.000000000000000000e+00,0.000000000000000000e+00,0.000000000000000000e+00,0.000000000000000000e+00,0.000000000000000000e+00,0.000000000000000000e+00,0.000000000000000000e+00,0.000000000000000000e+00,0.000000000000000000e+00,0.000000000000000000e+00,0.000000000000000000e+00,0.000000000000000000e+00,0.000000000000000000e+00,0.000000000000000000e+00,0.000000000000000000e+00,0.000000000000000000e+00,0.000000000000000000e+00,0.000000000000000000e+00,0.000000000000000000e+00,0.000000000000000000e+00,0.000000000000000000e+00,0.000000000000000000e+00,0.000000000000000000e+00,0.000000000000000000e+00,0.000000000000000000e+00,0.000000000000000000e+00,0.000000000000000000e+00,0.000000000000000000e+00,0.000000000000000000e+00,0.000000000000000000e+00,0.000000000000000000e+00,0.000000000000000000e+00,0.000000000000000000e+00,0.000000000000000000e+00,0.000000000000000000e+00,0.000000000000000000e+00,0.000000000000000000e+00,0.000000000000000000e+00,0.000000000000000000e+00,0.000000000000000000e+00,0.000000000000000000e+00,0.000000000000000000e+00,0.000000000000000000e+00,0.000000000000000000e+00,0.000000000000000000e+00,0.000000000000000000e+00,0.000000000000000000e+00,0.000000000000000000e+00,0.000000000000000000e+00,0.000000000000000000e+00,0.000000000000000000e+00,0.000000000000000000e+00,0.000000000000000000e+00,0.000000000000000000e+00,0.000000000000000000e+00,0.000000000000000000e+00,0.000000000000000000e+00,0.000000000000000000e+00,0.000000000000000000e+00,0.000000000000000000e+00,0.000000000000000000e+00,0.000000000000000000e+00,0.000000000000000000e+00,0.000000000000000000e+00,0.000000000000000000e+00,0.000000000000000000e+00,0.000000000000000000e+00,0.000000000000000000e+00,0.000000000000000000e+00,0.000000000000000000e+00,0.000000000000000000e+00,0.000000000000000000e+00,0.000000000000000000e+00,0.000000000000000000e+00,0.000000000000000000e+00,0.000000000000000000e+00,0.000000000000000000e+00,0.000000000000000000e+00,0.000000000000000000e+00,0.000000000000000000e+00,0.000000000000000000e+00,0.000000000000000000e+00,0.000000000000000000e+00,0.000000000000000000e+00,0.000000000000000000e+00,0.000000000000000000e+00,0.000000000000000000e+00,0.000000000000000000e+00,2.007921207572180115e-03,1.613757027919436029e-03,6.563617528572969571e-04,1.060314563253685391e-04,-1.588830334108483507e-04,-2.333992545964020315e-04,-2.435650889256941499e-04,-2.160677100741089035e-04,-1.975562654720728088e-04,-1.828103599577027706e-04,-1.770581836188249631e-04,-1.728896720779861905e-04,-1.712803707585355535e-04,-1.695254129816107288e-04,-1.685216736891511583e-04,-1.674213524353638063e-04,-1.667178080321413700e-04,-1.660627691292498149e-04,-1.656867507642017145e-04,-1.654296961536500573e-04,-1.654236877312664853e-04,-1.655913249696907045e-04,-1.660201375629657787e-04,-1.666582155710487801e-04,-1.675603149366585137e-04,-1.686759499929835779e-04,-1.700342282859991592e-04,-1.715828318881589291e-04,-1.733340096746756971e-04,-1.752374554008370386e-04,-1.772950682549095122e-04,-1.794619102237345011e-04,-1.817343943192518030e-04,-1.840763817094523804e-04,-1.864816167425330533e-04,-1.889200701986912343e-04,-1.913763912126491002e-04,-1.938178438498529678e-04,-1.962180228978788622e-04,-1.985490727254209673e-04,-2.007909020048430305e-04,-2.029354530967141543e-04,-2.049738480632901701e-04,-2.069098665242813048e-04,-2.087370143947719046e-04,-2.104688028493166010e-04,-2.121073041587473223e-04,-2.136772980190983662e-04,-2.151790817141988510e-04,-2.166282588372393889e-04,-2.180069181819732421e-04,-2.193162141138828996e-04,-2.205285558796942175e-04,-2.216466425366366206e-04,-2.226489041670543650e-04,-2.235482066823036044e-04,-2.243358908353685656e-04,-2.250426085024459727e-04,-2.256733520691529577e-04,-2.262603287506782833e-04,-2.267968071151819009e-04,-2.272985712858467721e-04,-2.277471631831372095e-04,-2.281576117084811956e-04,-2.285218674883218476e-04,-2.288652689470890985e-04,-2.291747252686116996e-04,-2.294495495890345516e-04,-2.296482374090681744e-04,-2.297662030413000905e-04,-2.297972187022893876e-04,-2.297948860766321137e-04,-2.298036233818657353e-04,-2.298932055711012685e-04,-2.300875285716926758e-04,-2.304127011856691408e-04,-2.308483726132510140e-04,-2.313887388735951076e-04,-2.319998155593825458e-04,-2.326751953860487616e-04,-2.333887411725278746e-04,-2.341431070945118858e-04,-2.349209488344055567e-04,-2.357304789963979329e-04,-2.365584638401170255e-04,-2.374145858879643382e-04,-2.382868136950349507e-04,-2.391845334924728333e-04,-2.400959532031262777e-04,-2.410296903771019751e-04,-2.419739764740178370e-04,-2.429366857910302392e-04,-2.439063689294488724e-04,-2.448907625198735180e-04,-2.458794603280994862e-04,-2.468806032705747654e-04,-2.478848181596834217e-04,-2.489000134214284978e-04,-2.499168271941131034e-04,-2.509421429283866119e-04,-2.519666097811232796e-04,-2.529971590170324827e-04,-2.540262548527787156e-04,-2.550626690038547742e-04,-2.561015580724556586e-04,-2.571530054079418175e-04,-2.582129781584553978e-04,-2.592902900533898005e-04,-2.603792483492098310e-04,-2.614857971449611996e-04,-2.626022685236793297e-04,-2.637328472567621734e-04,-2.648701002437603988e-04,-2.660189931275410064e-04,-2.671739949174116381e-04,-2.683406643561571598e-04,-2.695131837767014639e-04,-2.706946164901598458e-04,-2.718765500633256145e-04,-2.730592753623514398e-04,-2.742335089652740894e-04,-2.753995907224794605e-04,-2.765504110150937859e-04,-2.776894127397099401e-04,-2.788144235195436039e-04,-2.799331483574389145e-04,-2.810457917393756160e-04,-2.821574154695340501e-04,-2.832623231153062120e-04,-2.843592431377676565e-04,-2.854420506950282083e-04,-2.865163345291052151e-04,-2.875883605248425357e-04,-2.886735382835373511e-04,-2.897799660402486008e-04,-2.909144577992945940e-04,-2.920719890974068727e-04,-2.932484046779819560e-04,-2.944364141831975297e-04,-2.956372915171280526e-04,-2.968530478879491115e-04,-2.980909544336368742e-04,-2.993529947753619815e-04,-3.006397182561877678e-04,-3.019439776268543541e-04,-3.032576193570589939e-04,-3.045684451978960335e-04,-3.058662111941502912e-04,-3.071398818615416913e-04,-3.083827889395832620e-04,-3.095924717898080399e-04,-3.107771306493201753e-04,-3.119558982300977678e-04,-3.131568759892710651e-04,-3.144007705763216627e-04,-3.156732993619035775e-04,-3.168903538051658932e-04,-3.178793485041791524e-04,-3.184119104266971371e-04,-3.183212085624051836e-04,-3.177124747552032458e-04,-3.171976575961827673e-04,-3.180008038659379852e-04,-3.216964682113132037e-04,-3.294091049305484793e-04,-3.405271060673311073e-04,-3.514444161200595438e-04,-3.552659766457051801e-04,-3.435747693059965926e-04,-3.106696169465911076e-04,-2.588278805345450655e-04,-2.002644612891534600e-04,-1.507996258884218913e-04,-1.153901708714236910e-04,-7.779734334385050311e-05,-2.053667304374731258e-05
0.000000000000000000e+00,0.000000000000000000e+00,0.000000000000000000e+00,0.000000000000000000e+00,0.000000000000000000e+00,0.000000000000000000e+00,0.000000000000000000e+00,0.000000000000000000e+00,0.000000000000000000e+00,0.000000000000000000e+00,0.000000000000000000e+00,0.000000000000000000e+00,0.000000000000000000e+00,0.000000000000000000e+00,0.000000000000000000e+00,0.000000000000000000e+00,0.000000000000000000e+00,0.000000000000000000e+00,0.000000000000000000e+00,0.000000000000000000e+00,0.000000000000000000e+00,0.000000000000000000e+00,0.000000000000000000e+00,0.000000000000000000e+00,0.000000000000000000e+00,0.000000000000000000e+00,0.000000000000000000e+00,0.000000000000000000e+00,0.000000000000000000e+00,0.000000000000000000e+00,0.000000000000000000e+00,0.000000000000000000e+00,0.000000000000000000e+00,0.000000000000000000e+00,0.000000000000000000e+00,0.000000000000000000e+00,0.000000000000000000e+00,0.000000000000000000e+00,0.000000000000000000e+00,0.000000000000000000e+00,0.000000000000000000e+00,0.000000000000000000e+00,0.000000000000000000e+00,0.000000000000000000e+00,0.000000000000000000e+00,0.000000000000000000e+00,0.000000000000000000e+00,0.000000000000000000e+00,0.000000000000000000e+00,0.000000000000000000e+00,0.000000000000000000e+00,0.000000000000000000e+00,0.000000000000000000e+00,0.000000000000000000e+00,0.000000000000000000e+00,0.000000000000000000e+00,0.000000000000000000e+00,0.000000000000000000e+00,0.000000000000000000e+00,0.000000000000000000e+00,0.000000000000000000e+00,0.000000000000000000e+00,0.000000000000000000e+00,0.000000000000000000e+00,0.000000000000000000e+00,0.000000000000000000e+00,0.000000000000000000e+00,0.000000000000000000e+00,0.000000000000000000e+00,0.000000000000000000e+00,0.000000000000000000e+00,0.000000000000000000e+00,0.000000000000000000e+00,0.000000000000000000e+00,0.000000000000000000e+00,0.000000000000000000e+00,0.000000000000000000e+00,0.000000000000000000e+00,0.000000000000000000e+00,0.000000000000000000e+00,0.000000000000000000e+00,0.000000000000000000e+00,0.000000000000000000e+00,0.000000000000000000e+00,0.000000000000000000e+00,0.000000000000000000e+00,0.000000000000000000e+00,0.000000000000000000e+00,0.000000000000000000e+00,0.000000000000000000e+00,0.000000000000000000e+00,0.000000000000000000e+00,0.000000000000000000e+00,0.000000000000000000e+00,0.000000000000000000e+00,0.000000000000000000e+00,0.000000000000000000e+00,0.000000000000000000e+00,0.000000000000000000e+00,0.000000000000000000e+00,0.000000000000000000e+00,0.000000000000000000e+00,0.000000000000000000e+00,0.000000000000000000e+00,0.000000000000000000e+00,0.000000000000000000e+00,0.000000000000000000e+00,0.000000000000000000e+00,0.000000000000000000e+00,0.000000000000000000e+00,0.000000000000000000e+00,0.000000000000000000e+00,0.000000000000000000e+00,0.000000000000000000e+00,0.000000000000000000e+00,0.000000000000000000e+00,0.000000000000000000e+00,0.000000000000000000e+00,0.000000000000000000e+00,0.000000000000000000e+00,0.000000000000000000e+00,0.000000000000000000e+00,0.000000000000000000e+00,0.000000000000000000e+00,0.000000000000000000e+00,0.000000000000000000e+00,0.000000000000000000e+00,0.000000000000000000e+00,0.000000000000000000e+00,0.000000000000000000e+00,0.000000000000000000e+00,0.000000000000000000e+00,0.000000000000000000e+00,0.000000000000000000e+00,0.000000000000000000e+00,0.000000000000000000e+00,0.000000000000000000e+00,0.000000000000000000e+00,0.000000000000000000e+00,0.000000000000000000e+00,0.000000000000000000e+00,0.000000000000000000e+00,0.000000000000000000e+00,0.000000000000000000e+00,0.000000000000000000e+00,0.000000000000000000e+00,0.000000000000000000e+00,0.000000000000000000e+00,0.000000000000000000e+00,0.000000000000000000e+00,0.000000000000000000e+00,0.000000000000000000e+00,0.000000000000000000e+00,0.000000000000000000e+00,0.000000000000000000e+00,0.000000000000000000e+00,0.000000000000000000e+00,0.000000000000000000e+00,0.000000000000000000e+00,0.000000000000000000e+00,0.000000000000000000e+00,0.000000000000000000e+00,0.000000000000000000e+00,0.000000000000000000e+00,2.747915490690696488e-03,1.645052398989257578e-03,7.043153586612918094e-04,1.710520296880895126e-04,-8.805776140326759783e-05,-2.095575275071682900e-04,-2.248541759510835360e-04,-2.178958892065597163e-04,-2.022319179618455162e-04,-1.947318025891719778e-04,-1.887709228909502086e-04,-1.864755927417331303e-04,-1.840709291171109302e-04,-1.827210684233707572e-04,-1.811613318154688145e-04,-1.800931941534363956e-04,-1.790446939122967117e-04,-1.783306179883393031e-04,-1.777627514079097265e-04,-1.774769815453988665e-04,-1.774170714057807826e-04,-1.776373858588122347e-04,-1.781325616047583929e-04,-1.789080848150676232e-04,-1.799672416133317790e-04,-1.812834528360910726e-04,-1.828536638223602999e-04,-1.846348834467002431e-04,-1.866180706790567586e-04,-1.887573850286532835e-04,-1.910408650747841188e-04,-1.934265611292396592e-04,-1.959009980531489878e-04,-1.984301765814771245e-04,-2.010015544457684808e-04,-2.035896269534769325e-04,-2.061781115133788568e-04,-2.087410542079916104e-04,-2.112518596998444356e-04,-2.136858719934600214e-04,-2.160196921418050986e-04,-2.182461264587892788e-04,-2.203540190421749800e-04,-2.223487160194106255e-04,-2.242216421634070378e-04,-2.259862451999368395e-04,-2.276427614775740978e-04,-2.292183972489057536e-04,-2.307168794538676725e-04,-2.321605112653210676e-04,-2.335370374999218930e-04,-2.348529544519466434e-04,-2.360828826559400984e-04,-2.372295841227205584e-04,-2.382684112471574519e-04,-2.392069579380682784e-04,-2.400295878975445586e-04,-2.407604766857566960e-04,-2.414011567641617662e-04,-2.419844231506251277e-04,-2.425083785665960970e-04,-2.429959963658538636e-04,-2.434373416520883144e-04,-2.438542469096526358e-04,-2.442427699349705803e-04,-2.446276669905119491e-04,-2.449920938535664404e-04,-2.453283813544172897e-04,-2.455875675295004644e-04,-2.457576038265525458e-04,-2.458280069510975397e-04,-2.458512986888542503e-04,-2.458753825556098029e-04,-2.459753085318246027e-04,-2.461813216907796390e-04,-2.465237643821099737e-04,-2.469849250958745302e-04,-2.475587917952564668e-04,-2.482103931004707507e-04,-2.489310331045779768e-04,-2.496929526544478212e-04,-2.504968869608081936e-04,-2.513246752385536373e-04,-2.521834942221988182e-04,-2.530599889820072139e-04,-2.539632829030974404e-04,-2.548814571552079911e-04,-2.558234512770453210e-04,-2.567776128656105539e-04,-2.577521664469794443e-04,-2.587355367235606241e-04,-2.597352944567224930e-04,-2.607402299329671168e-04,-2.617578114474058450e-04,-2.627778576046504435e-04,-2.638082604454437818e-04,-2.648399179316922487e-04,-2.658806303787425006e-04,-2.669214771436893472e-04,-2.679694218548507026e-04,-2.690156400421722009e-04,-2.700671071896943777e-04,-2.711165955605845837e-04,-2.721726004590814324e-04,-2.732302003381990039e-04,-2.742988817718904440e-04,-2.753743185138498402e-04,-2.764647082627487169e-04,-2.775642106642310148e-04,-2.786784404757144734e-04,-2.797998450227383153e-04,-2.809324189956130665e-04,-2.820687880381686930e-04,-2.832136278933302526e-04,-2.843614944916363963e-04,-2.855179622201851463e-04,-2.866777537134361661e-04,-2.878443181090565022e-04,-2.890098151770972758e-04,-2.901746241111248991e-04,-2.913295344649601383e-04,-2.924744634460989126e-04,-2.936018837823918841e-04,-2.947144321139495596e-04,-2.958094399843382558e-04,-2.968943938259365639e-04,-2.979703005508240236e-04,-2.990434945547737911e-04,-3.001097247902565217e-04,-3.011680580846257463e-04,-3.022115527135978553e-04,-3.032439341351689807e-04,-3.042700643833700399e-04,-3.053051506635446471e-04,-3.063588686026763402e-04,-3.074403244394334055e-04,-3.085465538482549475e-04,-3.096740045822941423e-04,-3.108147078051218281e-04,-3.119684017551693669e-04,-3.131359165064678081e-04,-3.143241279481841601e-04,-3.155357187611986512e-04,-3.167724122112391505e-04,-3.180283119953271819e-04,-3.192959342232689333e-04,-3.205631274103127692e-04,-3.218189598121545337e-04,-3.230513206503915274e-04,-3.242522634735930660e-04,-3.254183409166925612e-04,-3.265574071392276568e-04,-3.276893224705206497e-04,-3.288439349197368926e-04,-3.300440057273331448e-04,-3.312759001107681628e-04,-3.324523567024764833e-04,-3.333919484182104424e-04,-3.338520803227974462e-04,-3.336510432127178221e-04,-3.328877631248370575e-04,-3.321883686332323632e-04,-3.328192517169867586e-04,-3.364219466020618686e-04,-3.441913917767122394e-04,-3.555563858755168513e-04,-3.668864010610501172e-04,-3.711803025881376316e-04,-3.598425720885451307e-04,-3.269619192052330503e-04,-2.746219845070141732e-04,-2.148507819721614664e-04,-1.632879182248732765e-04,-1.246996557354656079e-04,-8.285819024006537141e-05,-2.157813855618717969e-05
0.000000000000000000e+00,0.000000000000000000e+00,0.000000000000000000e+00,0.000000000000000000e+00,0.000000000000000000e+00,0.000000000000000000e+00,0.000000000000000000e+00,0.000000000000000000e+00,0.000000000000000000e+00,0.000000000000000000e+00,0.000000000000000000e+00,0.000000000000000000e+00,0.000000000000000000e+00,0.000000000000000000e+00,0.000000000000000000e+00,0.000000000000000000e+00,0.000000000000000000e+00,0.000000000000000000e+00,0.000000000000000000e+00,0.000000000000000000e+00,0.000000000000000000e+00,0.000000000000000000e+00,0.000000000000000000e+00,0.000000000000000000e+00,0.000000000000000000e+00,0.000000000000000000e+00,0.000000000000000000e+00,0.000000000000000000e+00,0.000000000000000000e+00,0.000000000000000000e+00,0.000000000000000000e+00,0.000000000000000000e+00,0.000000000000000000e+00,0.000000000000000000e+00,0.000000000000000000e+00,0.000000000000000000e+00,0.000000000000000000e+00,0.000000000000000000e+00,0.000000000000000000e+00,0.000000000000000000e+00,0.000000000000000000e+00,0.000000000000000000e+00,0.000000000000000000e+00,0.000000000000000000e+00,0.000000000000000000e+00,0.000000000000000000e+00,0.000000000000000000e+00,0.000000000000000000e+00,0.000000000000000000e+00,0.000000000000000000e+00,0.000000000000000000e+00,0.000000000000000000e+00,0.000000000000000000e+00,0.000000000000000000e+00,0.000000000000000000e+00,0.000000000000000000e+00,0.000000000000000000e+00,0.000000000000000000e+00,0.000000000000000000e+00,0.000000000000000000e+00,0.000000000000000000e+00,0.000000000000000000e+00,0.000000000000000000e+00,0.000000000000000000e+00,0.000000000000000000e+00,0.000000000000000000e+00,0.000000000000000000e+00,0.000000000000000000e+00,0.000000000000000000e+00,0.000000000000000000e+00,0.000000000000000000e+00,0.000000000000000000e+00,0.000000000000000000e+00,0.000000000000000000e+00,0.000000000000000000e+00,0.000000000000000000e+00,0.000000000000000000e+00,0.000000000000000000e+00,0.000000000000000000e+00,0.000000000000000000e+00,0.000000000000000000e+00,0.000000000000000000e+00,0.000000000000000000e+00,0.000000000000000000e+00,0.000000000000000000e+00,0.000000000000000000e+00,0.000000000000000000e+00,0.000000000000000000e+00,0.000000000000000000e+00,0.000000000000000000e+00,0.000000000000000000e+00,0.000000000000000000e+00,0.000000000000000000e+00,0.000000000000000000e+00,0.000000000000000000e+00,0.000000000000000000e+00,0.000000000000000000e+00,0.000000000000000000e+00,0.000000000000000000e+00,0.000000000000000000e+00,0.000000000000000000e+00,0.000000000000000000e+00,0.000000000000000000e+00,0.000000000000000000e+00,0.000000000000000000e+00,0.000000000000000000e+00,0.000000000000000000e+00,0.000000000000000000e+00,0.000000000000000000e+00,0.000000000000000000e+00,0.000000000000000000e+00,0.000000000000000000e+00,0.000000000000000000e+00,0.000000000000000000e+00,0.000000000000000000e+00,0.000000000000000000e+00,0.000000000000000000e+00,0.000000000000000000e+00,0.000000000000000000e+00,0.000000000000000000e+00,0.000000000000000000e+00,0.000000000000000000e+00,0.000000000000000000e+00,0.000000000000000000e+00,0.000000000000000000e+00,0.000000000000000000e+00,0.000000000000000000e+00,0.000000000000000000e+00,0.000000000000000000e+00,0.000000000000000000e+00,0.000000000000000000e+00,0.000000000000000000e+00,0.000000000000000000e+00,0.000000000000000000e+00,0.000000000000000000e+00,0.000000000000000000e+00,0.000000000000000000e+00,0.000000000000000000e+00,0.000000000000000000e+00,0.000000000000000000e+00,0.000000000000000000e+00,0.000000000000000000e+00,0.000000000000000000e+00,0.000000000000000000e+00,0.000000000000000000e+00,0.000000000000000000e+00,0.000000000000000000e+00,0.000000000000000000e+00,0.000000000000000000e+00,0.000000000000000000e+00,0.000000000000000000e+00,0.000000000000000000e+00,0.000000000000000000e+00,0.000000000000000000e+00,0.000000000000000000e+00,0.000000000000000000e+00,0.000000000000000000e+00,0.000000000000000000e+00,0.000000000000000000e+00,0.000000000000000000e+00,0.000000000000000000e+00,0.000000000000000000e+00,0.000000000000000000e+00,1.192767606453251509e-03,1.974175954512201805e-03,1.225442398193186087e-03,5.212523020305992504e-04,1.127688747994585685e-04,-1.329266612981365382e-04,-2.019593304430820858e-04,-2.206339088697153550e-04,-2.115868070737130261e-04,-2.069514914984043718e-04,-2.011236638259742435e-04,-1.997194331795339129e-04,-1.975043106317602619e-04,-1.965389376180151919e-04,-1.948803706220287311e-04,-1.937407680639858913e-04,-1.923906385372438517e-04,-1.914303811534677306e-04,-1.905282964556426705e-04,-1.899822237709233928e-04,-1.896335663120291503e-04,-1.896457446491378747e-04,-1.899314484895294581e-04,-1.905797835884430664e-04,-1.915239100571056857e-04,-1.928037768516873524e-04,-1.943543960674340475e-04,-1.961830549210151389e-04,-1.982258954433987444e-04,-2.004731112635440085e-04,-2.028688233673632318e-04,-2.053974447677957933e-04,-2.080141020548065180e-04,-2.107009156528765175e-04,-2.134239177247225429e-04,-2.161660202000311316e-04,-2.189047930579415184e-04,-2.216227689101238720e-04,-2.243009204607574500e-04,-2.269131324190329878e-04,-2.294399377627544495e-04,-2.318553882255645112e-04,-2.341546256440655888e-04,-2.363240574983743844e-04,-2.383717216408424316e-04,-2.402867578292264381e-04,-2.420831375885528348e-04,-2.437579285735981039e-04,-2.453398767883861070e-04,-2.468341299617418639e-04,-2.482690442963233005e-04,-2.496373186095983757e-04,-2.509517883145634377e-04,-2.521904929704886045e-04,-2.533587550299294428e-04,-2.544309638454914178e-04,-2.554115875272033051e-04,-2.562784711018241380e-04,-2.570483992929001858e-04,-2.577164702276450270e-04,-2.583126171378689819e-04,-2.588365087851544422e-04,-2.593167680237333647e-04,-2.597519934605573770e-04,-2.601724872439129975e-04,-2.605806503532515604e-04,-2.610030588631395091e-04,-2.614208096161405146e-04,-2.618202101210322379e-04,-2.621447699966541274e-04,-2.623742099090824718e-04,-2.624924184678847677e-04,-2.625494151726684303e-04,-2.625953885484269014e-04,-2.627100866773900210e-04,-2.629300916839078395e-04,-2.632904513589266965e-04,-2.637767031177236203e-04,-2.643832000578265123e-04,-2.650743380405723307e-04,-2.658392915295433720e-04,-2.666486610355558551e-04,-2.675011673491499041e-04,-2.683777103534677072e-04,-2.692843382909304302e-04,-2.702075312192753383e-04,-2.711558600343859675e-04,-2.721175679901501900e-04,-2.731012075595302588e-04,-2.740953286543744102e-04,-2.751077959497352874e-04,-2.761272503606066841e-04,-2.771609529467309479e-04,-2.781979350388216993e-04,-2.792453800473314015e-04,-2.802933278915071668e-04,-2.813493902881514263e-04,-2.824047080402055016e-04,-2.834669118787441853e-04,-2.845274779979886518e-04,-2.855933994541832196e-04,-2.866563765849969520e-04,-2.877234373397713680e-04,-2.887877119869178668e-04,-2.898574503870587839e-04,-2.909276953765542050e-04,-2.920073442692589318e-04,-2.930917978398115136e-04,-2.941886313375707330e-04,-2.952918707501305169e-04,-2.964067998651180764e-04,-2.975260188239641401e-04,-2.986533696158829459e-04,-2.997815984020872084e-04,-3.009151011666285833e-04,-3.020484967106592221e-04,-3.031872882713203981e-04,-3.043266740896607178e-04,-3.054704526568784661e-04,-3.066114012103637963e-04,-3.077500625254726190e-04,-3.088774241468961981e-04,-3.099931140710470942e-04,-3.110893495101437162e-04,-3.121680635503909528e-04,-3.132260884433294822e-04,-3.142705169571162319e-04,-3.153029249657828925e-04,-3.163307767002977483e-04,-3.173513962436878225e-04,-3.183645464648680022e-04,-3.193628711963426695e-04,-3.203483782566324267e-04,-3.213243018653653342e-04,-3.223051324225793563e-04,-3.233016239632759180e-04,-3.243249334994862277e-04,-3.253742816604093162e-04,-3.264470580648302879e-04,-3.275349583888200041e-04,-3.286363234874461830e-04,-3.297507166666388675e-04,-3.308843736860178240e-04,-3.320404380828932841e-04,-3.332216558636940025e-04,-3.344233777211509401e-04,-3.356388701492898897e-04,-3.368561676364704213e-04,-3.380637583615987165e-04,-3.392485417243232791e-04,-3.404012975706794644e-04,-3.415175764494315404e-04,-3.426048185225675298e-04,-3.436836291397307188e-04,-3.447857133216544159e-04,-3.459362889246688335e-04,-3.471229619767685895e-04,-3.482561167974014701e-04,-3.491459614819544702e-04,-3.495355380321172787e-04,-3.492267531918892901e-04,-3.483095603927721055e-04,-3.474206412903349398e-04,-3.478660490913577214e-04,-3.513538859434597026e-04,-3.591538111266721445e-04,-3.707434072163092679e-04,-3.824795134217709946e-04,-3.872641930504229892e-04,-3.763259073481693630e-04,-3.435349820962287711e-04,-2.907703327872186629e-04,-2.298463322748418858e-04,-1.761762939820299108e-04,-1.343143568484627141e-04,-8.808791710088939694e-05,-2.265984672996467468e-05
0.000000000000000000e+00,0.000000000000000000e+00,0.000000000000000000e+00,0.000000000000000000e+00,0.000000000000000000e+00,0.000000000000000000e+00,0.000000000000000000e+00,0.000000000000000000e+00,0.000000000000000000e+00,0.000000000000000000e+00,0.000000000000000000e+00,0.000000000000000000e+00,0.000000000000000000e+00,0.000000000000000000e+00,0.000000000000000000e+00,0.000000000000000000e+00,0.000000000000000000e+00,0.000000000000000000e+00,0.000000000000000000e+00,0.000000000000000000e+00,0.000000000000000000e+00,0.000000000000000000e+00,0.000000000000000000e+00,0.000000000000000000e+00,0.000000000000000000e+00,0.000000000000000000e+00,0.000000000000000000e+00,0.000000000000000000e+00,0.000000000000000000e+00,0.000000000000000000e+00,0.000000000000000000e+00,0.000000000000000000e+00,0.000000000000000000e+00,0.000000000000000000e+00,0.000000000000000000e+00,0.000000000000000000e+00,0.000000000000000000e+00,0.000000000000000000e+00,0.000000000000000000e+00,0.000000000000000000e+00,0.000000000000000000e+00,0.000000000000000000e+00,0.000000000000000000e+00,0.000000000000000000e+00,0.000000000000000000e+00,0.000000000000000000e+00,0.000000000000000000e+00,0.000000000000000000e+00,0.000000000000000000e+00,0.000000000000000000e+00,0.000000000000000000e+00,0.000000000000000000e+00,0.000000000000000000e+00,0.000000000000000000e+00,0.000000000000000000e+00,0.000000000000000000e+00,0.000000000000000000e+00,0.000000000000000000e+00,0.000000000000000000e+00,0.000000000000000000e+00,0.000000000000000000e+00,0.000000000000000000e+00,0.000000000000000000e+00,0.000000000000000000e+00,0.000000000000000000e+00,0.000000000000000000e+00,0.000000000000000000e+00,0.000000000000000000e+00,0.000000000000000000e+00,0.000000000000000000e+00,0.000000000000000000e+00,0.000000000000000000e+00,0.000000000000000000e+00,0.000000000000000000e+00,0.000000000000000000e+00,0.000000000000000000e+00,0.000000000000000000e+00,0.000000000000000000e+00,0.000000000000000000e+00,0.000000000000000000e+00,0.000000000000000000e+00,0.000000000000000000e+00,0.000000000000000000e+00,0.000000000000000000e+00,0.000000000000000000e+00,0.000000000000000000e+00,0.000000000000000000e+00,0.000000000000000000e+00,0.000000000000000000e+00,0.000000000000000000e+00,0.000000000000000000e+00,0.000000000000000000e+00,0.000000000000000000e+00,0.000000000000000000e+00,0.000000000000000000e+00,0.000000000000000000e+00,0.000000000000000000e+00,0.000000000000000000e+00,0.000000000000000000e+00,0.000000000000000000e+00,0.000000000000000000e+00,0.000000000000000000e+00,0.000000000000000000e+00,0.000000000000000000e+00,0.000000000000000000e+00,0.000000000000000000e+00,0.000000000000000000e+00,0.000000000000000000e+00,0.000000000000000000e+00,0.000000000000000000e+00,0.000000000000000000e+00,0.000000000000000000e+00,0.000000000000000000e+00,0.000000000000000000e+00,0.000000000000000000e+00,0.000000000000000000e+00,0.000000000000000000e+00,0.000000000000000000e+00,0.000000000000000000e+00,0.000000000000000000e+00,0.000000000000000000e+00,0.000000000000000000e+00,0.000000000000000000e+00,0.000000000000000000e+00,0.000000000000000000e+00,0.000000000000000000e+00,0.000000000000000000e+00,0.000000000000000000e+00,0.000000000000000000e+00,0.000000000000000000e+00,0.000000000000000000e+00,0.000000000000000000e+00,0.000000000000000000e+00,0.000000000000000000e+00,0.000000000000000000e+00,0.000000000000000000e+00,0.000000000000000000e+00,0.000000000000000000e+00,0.000000000000000000e+00,0.000000000000000000e+00,0.000000000000000000e+00,0.000000000000000000e+00,0.000000000000000000e+00,0.000000000000000000e+00,0.000000000000000000e+00,0.000000000000000000e+00,0.000000000000000000e+00,0.000000000000000000e+00,0.000000000000000000e+00,0.000000000000000000e+00,0.000000000000000000e+00,0.000000000000000000e+00,0.000000000000000000e+00,0.000000000000000000e+00,0.000000000000000000e+00,0.000000000000000000e+00,0.000000000000000000e+00,0.000000000000000000e+00,0.000000000000000000e+00,0.000000000000000000e+00,0.000000000000000000e+00,0.000000000000000000e+00,0.000000000000000000e+00,1.108494758441461343e-03,1.534700771746085610e-03,1.125678861339534818e-03,5.747079658188995049e-04,-1.464044635340898854e-05,-2.134503939403398329e-04,-2.541867698496036573e-04,-2.359522702192215309e-04,-2.249274987399863316e-04,-2.147644092044274152e-04,-2.127219885486163360e-04,-2.104727345463533624e-04,-2.101250101633061215e-04,-2.087325430035465255e-04,-2.077543781443742831e-04,-2.063083773882254781e-04,-2.051557104567838406e-04,-2.039857540138712304e-04,-2.031345538062601249e-04,-2.024985278675350679e-04,-2.022211416861514595e-04,-2.022773718174227452e-04,-2.027137985901532975e-04,-2.035211325255387388e-04,-2.046908025691729512e-04,-2.062059404960419077e-04,-2.080276344816630967e-04,-2.101273152086187304e-04,-2.124535576834873419e-04,-2.149719980067880227e-04,-2.176343102344929043e-04,-2.204086011799296578e-04,-2.232573266478662065e-04,-2.261520025864767404e-04,-2.290652276079125282e-04,-2.319716833557128419e-04,-2.348550491272782413e-04,-2.376934519020090883e-04,-2.404763657381232106e-04,-2.431768207717046476e-04,-2.457827930539445622e-04,-2.482657985918306398e-04,-2.506250126066255214e-04,-2.528441932963514257e-04,-2.549352517156939948e-04,-2.568850720172589550e-04,-2.587089049984124902e-04,-2.603998271733155455e-04,-2.619873799610816247e-04,-2.634763656875219943e-04,-2.649001852517929518e-04,-2.662554110748035011e-04,-2.675612893362632632e-04,-2.687997432444420246e-04,-2.699803815662880739e-04,-2.710787116543266775e-04,-2.720986540619567450e-04,-2.730132049240097374e-04,-2.738321250097575403e-04,-2.745422391458200782e-04,-2.751674237519904096e-04,-2.757051986063193826e-04,-2.761872126314530843e-04,-2.766195439794662107e-04,-2.770417342396021753e-04,-2.774643480309422258e-04,-2.779180976225903411e-04,-2.783840308057448465e-04,-2.788438828429837496e-04,-2.792342009593738739e-04,-2.795262269379593031e-04,-2.796971963900243894e-04,-2.797932415209392304e-04,-2.798654756463360839e-04,-2.799974694178014871e-04,-2.802318767089201227e-04,-2.806087497808510203e-04,-2.811174505317221711e-04,-2.817533053319218935e-04,-2.824805196711275201e-04,-2.832863713691495143e-04,-2.841398664098771496e-04,-2.850376435591895296e-04,-2.859595534318912615e-04,-2.869104117998589991e-04,-2.878764745119388626e-04,-2.888657439879282508e-04,-2.898666606548403564e-04,-2.908874409245166604e-04,-2.919169026592416524e-04,-2.929625920355638210e-04,-2.940134005287124426e-04,-2.950762837092635663e-04,-2.961405241951442350e-04,-2.972130144432328530e-04,-2.982840246265001179e-04,-2.993608721668807428e-04,-3.004349279083276796e-04,-3.015136026211542560e-04,-3.025887198374797274e-04,-3.036672318757281772e-04,-3.047413263050339658e-04,-3.058180551504382171e-04,-3.068909246121770623e-04,-3.079679571036214288e-04,-3.090442021874600974e-04,-3.101279910489903712e-04,-3.112144907889487938e-04,-3.123106733157322130e-04,-3.134104649682773911e-04,-3.145188345146878893e-04,-3.156285781974845547e-04,-3.167434298293190825e-04,-3.178563282146340064e-04,-3.189714258918276970e-04,-3.200834073373051399e-04,-3.211976381516501292e-04,-3.223097227490390095e-04,-3.234237524517763799e-04,-3.245331340506482447e-04,-3.256386174167923359e-04,-3.267314751706844019e-04,-3.278111448409246910e-04,-3.288697239997082468e-04,-3.299085523475069927e-04,-3.309239957767666561e-04,-3.319226238699456242e-04,-3.329063527834147862e-04,-3.338835824911139246e-04,-3.348532513748328694e-04,-3.358161158040103814e-04,-3.367648240929618699e-04,-3.376999156588953387e-04,-3.386228992282863540e-04,-3.395471159541962164e-04,-3.404838838438423382e-04,-3.414460818766794511e-04,-3.424351288893724113e-04,-3.434496320327414215e-04,-3.444812924316806475e-04,-3.455272502561686394e-04,-3.465857781696320876e-04,-3.476622754188698865e-04,-3.487601048503307169e-04,-3.498828628613384053e-04,-3.510270921019625163e-04,-3.521868662159424452e-04,-3.533505149797437411e-04,-3.545060720537175766e-04,-3.556395264304773769e-04,-3.567404217310004666e-04,-3.578032605310927012e-04,-3.588350157355134806e-04,-3.598569981883568188e-04,-3.609029459223206913e-04,-3.620009680093850689e-04,-3.631407549244698024e-04,-3.642312776966121412e-04,-3.650751224053686884e-04,-3.654006288403018705e-04,-3.649915371252085167e-04,-3.639252055506251552e-04,-3.628446633087093615e-04,-3.630922859372091036e-04,-3.664432269201899832e-04,-3.742471515544540687e-04,-3.860411936201269835e-04,-3.981816871496411171e-04,-4.034829535506040746e-04,-3.929956329864712767e-04,-3.603625198940170818e-04,-3.072484090964168273e-04,-2.452376513023996367e-04,-1.894650680999361884e-04,-1.442460270677101619e-04,-9.348170026171113392e-05,-2.377250412589521585e-05
0.000000000000000000e+00,0.000000000000000000e+00,0.000000000000000000e+00,0.000000000000000000e+00,0.000000000000000000e+00,0.000000000000000000e+00,0.000000000000000000e+00,0.000000000000000000e+00,0.000000000000000000e+00,0.000000000000000000e+00,0.000000000000000000e+00,0.000000000000000000e+00,0.000000000000000000e+00,0.000000000000000000e+00,0.000000000000000000e+00,0.000000000000000000e+00,0.000000000000000000e+00,0.000000000000000000e+00,0.000000000000000000e+00,0.000000000000000000e+00,0.000000000000000000e+00,0.000000000000000000e+00,0.000000000000000000e+00,0.000000000000000000e+00,0.000000000000000000e+00,0.000000000000000000e+00,0.000000000000000000e+00,0.000000000000000000e+00,0.000000000000000000e+00,0.000000000000000000e+00,0.000000000000000000e+00,0.000000000000000000e+00,0.000000000000000000e+00,0.000000000000000000e+00,0.000000000000000000e+00,0.000000000000000000e+00,0.000000000000000000e+00,0.000000000000000000e+00,0.000000000000000000e+00,0.000000000000000000e+00,0.000000000000000000e+00,0.000000000000000000e+00,0.000000000000000000e+00,0.000000000000000000e+00,0.000000000000000000e+00,0.000000000000000000e+00,0.000000000000000000e+00,0.000000000000000000e+00,0.000000000000000000e+00,0.000000000000000000e+00,0.000000000000000000e+00,0.000000000000000000e+00,0.000000000000000000e+00,0.000000000000000000e+00,0.000000000000000000e+00,0.000000000000000000e+00,0.000000000000000000e+00,0.000000000000000000e+00,0.000000000000000000e+00,0.000000000000000000e+00,0.000000000000000000e+00,0.000000000000000000e+00,0.000000000000000000e+00,0.000000000000000000e+00,0.000000000000000000e+00,0.000000000000000000e+00,0.000000000000000000e+00,0.000000000000000000e+00,0.000000000000000000e+00,0.000000000000000000e+00,0.000000000000000000e+00,0.000000000000000000e+00,0.000000000000000000e+00,0.000000000000000000e+00,0.000000000000000000e+00,0.000000000000000000e+00,0.000000000000000000e+00,0.000000000000000000e+00,0.000000000000000000e+00,0.000000000000000000e+00,0.000000000000000000e+00,0.000000000000000000e+00,0.000000000000000000e+00,0.000000000000000000e+00,0.000000000000000000e+00,0.000000000000000000e+00,0.000000000000000000e+00,0.000000000000000000e+00,0.000000000000000000e+00,0.000000000000000000e+00,0.000000000000000000e+00,0.000000000000000000e+00,0.000000000000000000e+00,0.000000000000000000e+00,0.000000000000000000e+00,0.000000000000000000e+00,0.000000000000000000e+00,0.000000000000000000e+00,0.000000000000000000e+00,0.000000000000000000e+00,0.000000000000000000e+00,0.000000000000000000e+00,0.000000000000000000e+00,0.000000000000000000e+00,0.000000000000000000e+00,0.000000000000000000e+00,0.000000000000000000e+00,0.000000000000000000e+00,0.000000000000000000e+00,0.000000000000000000e+00,0.000000000000000000e+00,0.000000000000000000e+00,0.000000000000000000e+00,0.000000000000000000e+00,0.000000000000000000e+00,0.000000000000000000e+00,0.000000000000000000e+00,0.000000000000000000e+00,0.000000000000000000e+00,0.000000000000000000e+00,0.000000000000000000e+00,0.000000000000000000e+00,0.000000000000000000e+00,0.000000000000000000e+00,0.000000000000000000e+00,0.000000000000000000e+00,0.000000000000000000e+00,0.000000000000000000e+00,0.000000000000000000e+00,0.000000000000000000e+00,0.000000000000000000e+00,0.000000000000000000e+00,0.000000000000000000e+00,0.000000000000000000e+00,0.000000000000000000e+00,0.000000000000000000e+00,0.000000000000000000e+00,0.000000000000000000e+00,0.000000000000000000e+00,0.000000000000000000e+00,0.000000000000000000e+00,0.000000000000000000e+00,0.000000000000000000e+00,0.000000000000000000e+00,0.000000000000000000e+00,0.000000000000000000e+00,0.000000000000000000e+00,0.000000000000000000e+00,0.000000000000000000e+00,0.000000000000000000e+00,0.000000000000000000e+00,0.000000000000000000e+00,0.000000000000000000e+00,0.000000000000000000e+00,0.000000000000000000e+00,0.000000000000000000e+00,0.000000000000000000e+00,0.000000000000000000e+00,0.000000000000000000e+00,0.000000000000000000e+00,0.000000000000000000e+00,0.000000000000000000e+00,0.000000000000000000e+00,9.059301266425445363e-04,1.251472332230180650e-03,1.068218887517799823e-03,3.193032813904226296e-04,-9.176906884627091009e-05,-2.705915955543199830e-04,-2.870897440696132982e-04,-2.656176195461278891e-04,-2.409999446084250231e-04,-2.313091386431104647e-04,-2.257227774771139710e-04,-2.248549458924421166e-04,-2.233472657314690163e-04,-2.226267511667978367e-04,-2.210843150971240380e-04,-2.198606171473483067e-04,-2.183767126712475885e-04,-2.172570984297122944e-04,-2.162398477032008621e-04,-2.156561782252758427e-04,-2.153713803850315601e-04,-2.155572974950262363e-04,-2.161222081701179862e-04,-2.171403872798655912e-04,-2.185308245539573221e-04,-2.203084852726395419e-04,-2.223968419959183309e-04,-2.247766200111971048e-04,-2.273776825783700890e-04,-2.301646455091359040e-04,-2.330808973529602333e-04,-2.360902665629616430e-04,-2.391545964749726525e-04,-2.422416462859632502e-04,-2.453274041930296229e-04,-2.483821929749502637e-04,-2.513938824522684136e-04,-2.543371381825276908e-04,-2.572082957298114968e-04,-2.599799062432723456e-04,-2.626473716374703310e-04,-2.651805780187618746e-04,-2.675832225816055475e-04,-2.698368840283912580e-04,-2.719578777868338049e-04,-2.739314484984368384e-04,-2.757747082717623721e-04,-2.774766023865171032e-04,-2.790667479650851194e-04,-2.805482729883830226e-04,-2.819583970502259358e-04,-2.832964482983470591e-04,-2.845874759678389721e-04,-2.858171387225098836e-04,-2.870000884754006542e-04,-2.881145571721831873e-04,-2.891663493546886132e-04,-2.901260559435979870e-04,-2.909979403429180400e-04,-2.917601358466023168e-04,-2.924280663459927318e-04,-2.929935041424736085e-04,-2.934877516819893754e-04,-2.939222851029631655e-04,-2.943455687604519858e-04,-2.947774669461552719e-04,-2.952548101619738600e-04,-2.957607407867626076e-04,-2.962742582809275863e-04,-2.967261267231506138e-04,-2.970794364162156719e-04,-2.973042047555911425e-04,-2.974414530092663435e-04,-2.975417906956285088e-04,-2.976914739113469530e-04,-2.979386964006012811e-04,-2.983286011700845728e-04,-2.988548727010662334e-04,-2.995144233272397640e-04,-3.002717836395747382e-04,-3.011126404692845136e-04,-3.020045211705672372e-04,-3.029419535951757901e-04,-3.039036537536387965e-04,-3.048931014474989842e-04,-3.058962619485691725e-04,-3.069205344900120054e-04,-3.079545748075677948e-04,-3.090062988704414320e-04,-3.100648515546363532e-04,-3.111375017129041991e-04,-3.122134307618079380e-04,-3.132993000442277007e-04,-3.143846601609642691e-04,-3.154761149818667196e-04,-3.165641837475481287e-04,-3.176558919660373470e-04,-3.187428452565584905e-04,-3.198322027319915506e-04,-3.209160932777650982e-04,-3.220013542703858500e-04,-3.230806000686934146e-04,-3.241608485987261057e-04,-3.252359664626604968e-04,-3.263137456129533822e-04,-3.273892728138312917e-04,-3.284703391873098894e-04,-3.295519238145062056e-04,-3.306404284805595107e-04,-3.317297252455023333e-04,-3.328244966192067601e-04,-3.339177824942122022e-04,-3.350132595840081507e-04,-3.361041411342250676e-04,-3.371943998717123725e-04,-3.382788225927933225e-04,-3.393626047947877721e-04,-3.404417004920121895e-04,-3.415204333340562969e-04,-3.425928311483660764e-04,-3.436598718196591192e-04,-3.447131689041019317e-04,-3.457520337658628331e-04,-3.467685445417241150e-04,-3.477635458557132883e-04,-3.487329872933433604e-04,-3.496828221117186304e-04,-3.506150887687068253e-04,-3.515388866571922551e-04,-3.524547159316078720e-04,-3.533645398024706265e-04,-3.542614104141364613e-04,-3.551447176136282970e-04,-3.560142646860486697e-04,-3.568819069453033912e-04,-3.577590293573387455e-04,-3.586598405426930612e-04,-3.595878740792723114e-04,-3.605431587631044497e-04,-3.615177359959187799e-04,-3.625077904535324667e-04,-3.635103573366960344e-04,-3.645298583501902878e-04,-3.655696599895983420e-04,-3.666340147790505015e-04,-3.677205731648198962e-04,-3.688242278375617150e-04,-3.699337047322547273e-04,-3.710366949564305539e-04,-3.721183862576788945e-04,-3.731671127410195231e-04,-3.741763016875529133e-04,-3.751523481741887689e-04,-3.761172400190001489e-04,-3.771068904777431286e-04,-3.781528853240434399e-04,-3.792479634719004428e-04,-3.803009323086600974e-04,-3.811075171949762403e-04,-3.813809755649603690e-04,-3.808843829239065668e-04,-3.796782111909996851e-04,-3.784066551295604320e-04,-3.784453172505776279e-04,-3.816376311614535512e-04,-3.894210532446922761e-04,-4.014045040666324631e-04,-4.139570156970038715e-04,-4.198107794001494620e-04,-4.098329157460888243e-04,-3.774247631032255851e-04,-3.240336311740105646e-04,-2.610041987576401852e-04,-2.031407055604833665e-04,-1.544797749467046897e-04,-9.904334791065684735e-05,-2.492557824351642308e-05
0.000000000000000000e+00,0.000000000000000000e+00,0.000000000000000000e+00,0.000000000000000000e+00,0.000000000000000000e+00,0.000000000000000000e+00,0.000000000000000000e+00,0.000000000000000000e+00,0.000000000000000000e+00,0.000000000000000000e+00,0.000000000000000000e+00,0.000000000000000000e+00,0.000000000000000000e+00,0.000000000000000000e+00,0.000000000000000000e+00,0.000000000000000000e+00,0.000000000000000000e+00,0.000000000000000000e+00,0.000000000000000000e+00,0.000000000000000000e+00,0.000000000000000000e+00,0.000000000000000000e+00,0.000000000000000000e+00,0.000000000000000000e+00,0.000000000000000000e+00,0.000000000000000000e+00,0.000000000000000000e+00,0.000000000000000000e+00,0.000000000000000000e+00,0.000000000000000000e+00,0.000000000000000000e+00,0.000000000000000000e+00,0.000000000000000000e+00,0.000000000000000000e+00,0.000000000000000000e+00,0.000000000000000000e+00,0.000000000000000000e+00,0.000000000000000000e+00,0.000000000000000000e+00,0.000000000000000000e+00,0.000000000000000000e+00,0.000000000000000000e+00,0.000000000000000000e+00,0.000000000000000000e+00,0.000000000000000000e+00,0.000000000000000000e+00,0.000000000000000000e+00,0.000000000000000000e+00,0.000000000000000000e+00,0.000000000000000000e+00,0.000000000000000000e+00,0.000000000000000000e+00,0.000000000000000000e+00,0.000000000000000000e+00,0.000000000000000000e+00,0.000000000000000000e+00,0.000000000000000000e+00,0.000000000000000000e+00,0.000000000000000000e+00,0.000000000000000000e+00,0.000000000000000000e+00,0.000000000000000000e+00,0.000000000000000000e+00,0.000000000000000000e+00,0.000000000000000000e+00,0.000000000000000000e+00,0.000000000000000000e+00,0.000000000000000000e+00,0.000000000000000000e+00,0.000000000000000000e+00,0.000000000000000000e+00,0.000000000000000000e+00,0.000000000000000000e+00,0.000000000000000000e+00,0.000000000000000000e+00,0.000000000000000000e+00,0.000000000000000000e+00,0.000000000000000000e+00,0.000000000000000000e+00,0.000000000000000000e+00,0.000000000000000000e+00,0.000000000000000000e+00,0.000000000000000000e+00,0.000000000000000000e+00,0.000000000000000000e+00,0.000000000000000000e+00,0.000000000000000000e+00,0.000000000000000000e+00,0.000000000000000000e+00,0.000000000000000000e+00,0.000000000000000000e+00,0.000000000000000000e+00,0.000000000000000000e+00,0.000000000000000000e+00,0.000000000000000000e+00,0.000000000000000000e+00,0.000000000000000000e+00,0.000000000000000000e+00,0.000000000000000000e+00,0.000000000000000000e+00,0.000000000000000000e+00,0.000000000000000000e+00,0.000000000000000000e+00,0.000000000000000000e+00,0.000000000000000000e+00,0.000000000000000000e+00,0.000000000000000000e+00,0.000000000000000000e+00,0.000000000000000000e+00,0.000000000000000000e+00,0.000000000000000000e+00,0.000000000000000000e+00,0.000000000000000000e+00,0.000000000000000000e+00,0.000000000000000000e+00,0.000000000000000000e+00,0.000000000000000000e+00,0.000000000000000000e+00,0.000000000000000000e+00,0.000000000000000000e+00,0.000000000000000000e+00,0.000000000000000000e+00,0.000000000000000000e+00,0.000000000000000000e+00,0.000000000000000000e+00,0.000000000000000000e+00,0.000000000000000000e+00,0.000000000000000000e+00,0.000000000000000000e+00,0.000000000000000000e+00,0.000000000000000000e+00,0.000000000000000000e+00,0.000000000000000000e+00,0.000000000000000000e+00,0.000000000000000000e+00,0.000000000000000000e+00,0.000000000000000000e+00,0.000000000000000000e+00,0.000000000000000000e+00,0.000000000000000000e+00,0.000000000000000000e+00,0.000000000000000000e+00,0.000000000000000000e+00,0.000000000000000000e+00,0.000000000000000000e+00,0.000000000000000000e+00,0.000000000000000000e+00,0.000000000000000000e+00,0.000000000000000000e+00,0.000000000000000000e+00,0.000000000000000000e+00,0.000000000000000000e+00,0.000000000000000000e+00,0.000000000000000000e+00,0.000000000000000000e+00,0.000000000000000000e+00,0.000000000000000000e+00,0.000000000000000000e+00,0.000000000000000000e+00,0.000000000000000000e+00,0.000000000000000000e+00,0.000000000000000000e+00,0.000000000000000000e+00,1.394216500624887670e-03,1.887711096136430447e-03,9.276157656492884512e-04,2.481270336812678489e-04,-1.205728853477740128e-04,-2.699680161621465326e-04,-2.996180829836265656e-04,-2.771215887432882437e-04,-2.583426820437117110e-04,-2.456034215883291338e-04,-2.419230321709383658e-04,-2.394599478320990748e-04,-2.387024804851315871e-04,-2.371111181947110447e-04,-2.357719444387607478e-04,-2.340331336381316755e-04,-2.325568762082208887e-04,-2.311569021590336153e-04,-2.301466385625276182e-04,-2.294801481320998262e-04,-2.292867582275967433e-04,-2.295507583205112258e-04,-2.302994580984092210e-04,-2.315052628859285886e-04,-2.331407986181923363e-04,-2.351615076015556305e-04,-2.375174484372065810e-04,-2.401532864547716083e-04,-2.430145726093460893e-04,-2.460422381868595859e-04,-2.491898782336086416e-04,-2.524049189255930261e-04,-2.556582757980831806e-04,-2.589077815882372255e-04,-2.621386719188386325e-04,-2.653143161100530111e-04,-2.684298451977963412e-04,-2.714544276213760464e-04,-2.743918840722943983e-04,-2.772128489323952348e-04,-2.799206671297071254e-04,-2.824834799584037353e-04,-2.849100392071712362e-04,-2.871798244294993690e-04,-2.893139727562550763e-04,-2.912967250145917899e-04,-2.931477257282436174e-04,-2.948520856152256992e-04,-2.964389735320708185e-04,-2.979088703256897123e-04,-2.993015492323661026e-04,-3.006180718959948549e-04,-3.018883410876983895e-04,-3.031012187492051211e-04,-3.042763002883465146e-04,-3.053954273169793535e-04,-3.064681118087022780e-04,-3.074651747106124438e-04,-3.083877059263095684e-04,-3.092061290862867652e-04,-3.099262164007018016e-04,-3.105310748900816159e-04,-3.110480467186192829e-04,-3.114911133743789528e-04,-3.119162150549714707e-04,-3.123527368469288575e-04,-3.128450222531670459e-04,-3.133803567159277768e-04,-3.139370807464281795e-04,-3.144418918600834457e-04,-3.148506510249282305e-04,-3.151261297750764185e-04,-3.153032955154089776e-04,-3.154308556371003503e-04,-3.155964147116026969e-04,-3.158529121462348298e-04,-3.162504298686021021e-04,-3.167873524425429926e-04,-3.174627629970816576e-04,-3.182420829940170340e-04,-3.191097812719475104e-04,-3.200320932656924660e-04,-3.210014550585440270e-04,-3.219953966636516824e-04,-3.230159715590155949e-04,-3.240487902740164859e-04,-3.251006034609328502e-04,-3.261602846291791476e-04,-3.272354668701376494e-04,-3.283156663108743986e-04,-3.294079065525004797e-04,-3.305016938565283574e-04,-3.316034066572852413e-04,-3.327028801950199384e-04,-3.338064349807165075e-04,-3.349048614862111073e-04,-3.360049064245181159e-04,-3.370984290317564957e-04,-3.381923259857250305e-04,-3.392790059512140787e-04,-3.403651283506951689e-04,-3.414436685600212313e-04,-3.425215377052666333e-04,-3.435929227075445254e-04,-3.446653628086117881e-04,-3.457339966478360695e-04,-3.468060968649255989e-04,-3.478764969368043159e-04,-3.489510648754199371e-04,-3.500236642301677551e-04,-3.510987234046446096e-04,-3.521695703329051391e-04,-3.532398752265769062e-04,-3.543032094257294023e-04,-3.553634495948474414e-04,-3.564155529744887445e-04,-3.574645519188733881e-04,-3.585067183948612577e-04,-3.595465581951835191e-04,-3.605787042649512774e-04,-3.616043729245809889e-04,-3.626155549265815169e-04,-3.636114744257727682e-04,-3.645842557483551559e-04,-3.655343262498124174e-04,-3.664572727330101041e-04,-3.673583684026888638e-04,-3.682395717603514354e-04,-3.691104163985904889e-04,-3.699728248053361598e-04,-3.708300824864530507e-04,-3.716759907372741431e-04,-3.725091425219800379e-04,-3.733277504879962505e-04,-3.741419482621060797e-04,-3.749627272377784666e-04,-3.758051965141706021e-04,-3.766748338975107416e-04,-3.775732254681327961e-04,-3.784930683385485072e-04,-3.794298860673797624e-04,-3.803796027931043567e-04,-3.813455977094404835e-04,-3.823310542722648734e-04,-3.833406887240475998e-04,-3.843731343104621941e-04,-3.854240897384108092e-04,-3.864827460185348202e-04,-3.875365823876952636e-04,-3.885700954471677220e-04,-3.895704736791134014e-04,-3.905300085299297360e-04,-3.914544044358410553e-04,-3.923662209010515237e-04,-3.933037388518994333e-04,-3.943026446939087927e-04,-3.953599494177995532e-04,-3.963856734203029405e-04,-3.971696034420621121e-04,-3.974091271189201971e-04,-3.968436027465080005e-04,-3.955112147467144718e-04,-3.940517672655714158e-04,-3.938711268908592672e-04,-3.968843796192848632e-04,-4.046268183246832422e-04,-4.167940467275495719e-04,-4.297798655914094549e-04,-4.362364919732080511e-04,-4.268337194506552986e-04,-3.947147407694870944e-04,-3.411100285182758402e-04,-2.771324013297348280e-04,-2.172015349774995385e-04,-1.650275014332481041e-04,-1.047667512065763066e-04,-2.610717451597435013e-05
0.000000000000000000e+00,0.000000000000000000e+00,0.000000000000000000e+00,0.000000000000000000e+00,0.000000000000000000e+00,0.000000000000000000e+00,0.000000000000000000e+00,0.000000000000000000e+00,0.000000000000000000e+00,0.000000000000000000e+00,0.000000000000000000e+00,0.000000000000000000e+00,0.000000000000000000e+00,0.000000000000000000e+00,0.000000000000000000e+00,0.000000000000000000e+00,0.000000000000000000e+00,0.000000000000000000e+00,0.000000000000000000e+00,0.000000000000000000e+00,0.000000000000000000e+00,0.000000000000000000e+00,0.000000000000000000e+00,0.000000000000000000e+00,0.000000000000000000e+00,0.000000000000000000e+00,0.000000000000000000e+00,0.000000000000000000e+00,0.000000000000000000e+00,0.000000000000000000e+00,0.000000000000000000e+00,0.000000000000000000e+00,0.000000000000000000e+00,0.000000000000000000e+00,0.000000000000000000e+00,0.000000000000000000e+00,0.000000000000000000e+00,0.000000000000000000e+00,0.000000000000000000e+00,0.000000000000000000e+00,0.000000000000000000e+00,0.000000000000000000e+00,0.000000000000000000e+00,0.000000000000000000e+00,0.000000000000000000e+00,0.000000000000000000e+00,0.000000000000000000e+00,0.000000000000000000e+00,0.000000000000000000e+00,0.000000000000000000e+00,0.000000000000000000e+00,0.000000000000000000e+00,0.000000000000000000e+00,0.000000000000000000e+00,0.000000000000000000e+00,0.000000000000000000e+00,0.000000000000000000e+00,0.000000000000000000e+00,0.000000000000000000e+00,0.000000000000000000e+00,0.000000000000000000e+00,0.000000000000000000e+00,0.000000000000000000e+00,0.000000000000000000e+00,0.000000000000000000e+00,0.000000000000000000e+00,0.000000000000000000e+00,0.000000000000000000e+00,0.000000000000000000e+00,0.000000000000000000e+00,0.000000000000000000e+00,0.000000000000000000e+00,0.000000000000000000e+00,0.000000000000000000e+00,0.000000000000000000e+00,0.000000000000000000e+00,0.000000000000000000e+00,0.000000000000000000e+00,0.000000000000000000e+00,0.000000000000000000e+00,0.000000000000000000e+00,0.000000000000000000e+00,0.000000000000000000e+00,0.000000000000000000e+00,0.000000000000000000e+00,0.000000000000000000e+00,0.000000000000000000e+00,0.000000000000000000e+00,0.000000000000000000e+00,0.000000000000000000e+00,0.000000000000000000e+00,0.000000000000000000e+00,0.000000000000000000e+00,0.000000000000000000e+00,0.000000000000000000e+00,0.000000000000000000e+00,0.000000000000000000e+00,0.000000000000000000e+00,0.000000000000000000e+00,0.000000000000000000e+00,0.000000000000000000e+00,0.000000000000000000e+00,0.000000000000000000e+00,0.000000000000000000e+00,0.000000000000000000e+00,0.000000000000000000e+00,0.000000000000000000e+00,0.000000000000000000e+00,0.000000000000000000e+00,0.000000000000000000e+00,0.000000000000000000e+00,0.000000000000000000e+00,0.000000000000000000e+00,0.000000000000000000e+00,0.000000000000000000e+00,0.000000000000000000e+00,0.000000000000000000e+00,0.000000000000000000e+00,0.000000000000000000e+00,0.000000000000000000e+00,0.000000000000000000e+00,0.000000000000000000e+00,0.000000000000000000e+00,0.000000000000000000e+00,0.000000000000000000e+00,0.000000000000000000e+00,0.000000000000000000e+00,0.000000000000000000e+00,0.000000000000000000e+00,0.000000000000000000e+00,0.000000000000000000e+00,0.000000000000000000e+00,0.000000000000000000e+00,0.000000000000000000e+00,0.000000000000000000e+00,0.000000000000000000e+00,0.000000000000000000e+00,0.000000000000000000e+00,0.000000000000000000e+00,0.000000000000000000e+00,0.000000000000000000e+00,0.000000000000000000e+00,0.000000000000000000e+00,0.000000000000000000e+00,0.000000000000000000e+00,0.000000000000000000e+00,0.000000000000000000e+00,0.000000000000000000e+00,0.000000000000000000e+00,0.000000000000000000e+00,0.000000000000000000e+00,0.000000000000000000e+00,0.000000000000000000e+00,0.000000000000000000e+00,0.000000000000000000e+00,0.000000000000000000e+00,0.000000000000000000e+00,0.000000000000000000e+00,0.000000000000000000e+00,0.000000000000000000e+00,0.000000000000000000e+00,0.000000000000000000e+00,0.000000000000000000e+00,2.753227202810860572e-03,1.825927507998441682e-03,8.236954567508221079e-04,2.613406437950817405e-04,-9.460244096854356760e-05,-2.454039143755589337e-04,-2.794415926718707920e-04,-2.768032991978158818e-04,-2.649078004318335968e-04,-2.596392721275978931e-04,-2.563067200921931039e-04,-2.557013616619601966e-04,-2.541843419054748703e-04,-2.529660811333585800e-04,-2.509665874844960371e-04,-2.492166803379784116e-04,-2.473269192651935582e-04,-2.458854161452113840e-04,-2.447009158547188172e-04,-2.440815776434779685e-04,-2.439071636629028044e-04,-2.443192568777034649e-04,-2.452171726599584271e-04,-2.466395385746777968e-04,-2.484917906117341106e-04,-2.507546914059774522e-04,-2.533445146069986348e-04,-2.562146938984408194e-04,-2.592962798445070023e-04,-2.625315410194558902e-04,-2.658687840444726256e-04,-2.692526665627793542e-04,-2.726543011794085565e-04,-2.760290386500684526e-04,-2.793667627085170795e-04,-2.826287714251145343e-04,-2.858150938914302483e-04,-2.888917970837719747e-04,-2.918678687384258850e-04,-2.947127884970322949e-04,-2.974363665193462212e-04,-3.000058598114030092e-04,-3.024343484095131794e-04,-3.046997618108693425e-04,-3.068276356597695264e-04,-3.088021452451058754e-04,-3.106458532487021257e-04,-3.123409137147929900e-04,-3.139156256099740415e-04,-3.153673036901758083e-04,-3.167369598709578616e-04,-3.180265662808556566e-04,-3.192697751418944194e-04,-3.204580332187826784e-04,-3.216151809343754226e-04,-3.227268674777989711e-04,-3.238072571529646243e-04,-3.248297027198258544e-04,-3.257947103806719483e-04,-3.266670878926490455e-04,-3.274430872672260675e-04,-3.280953779858170527e-04,-3.286440532520041582e-04,-3.291022867182364004e-04,-3.295310343656120675e-04,-3.299683826628676295e-04,-3.304667642089124772e-04,-3.310193151473121058e-04,-3.316058448164022261e-04,-3.321511182876515770e-04,-3.326052542014139649e-04,-3.329243318625201161e-04,-3.331367013502830156e-04,-3.332879034451270142e-04,-3.334654325641800789e-04,-3.337259454366261710e-04,-3.341240632292674043e-04,-3.346630931020589577e-04,-3.353448119992284422e-04,-3.361361216150850900e-04,-3.370207010823260863e-04,-3.379637474266077913e-04,-3.389556762028213266e-04,-3.399728198685323484e-04,-3.410157375716839183e-04,-3.420696314986087431e-04,-3.431405560992611199e-04,-3.442175938645955892e-04,-3.453080955656315882e-04,-3.464019736581322342e-04,-3.475060225458730763e-04,-3.486100947614381284e-04,-3.497202889811523003e-04,-3.508267337111633231e-04,-3.519354668385946345e-04,-3.530375673199575063e-04,-3.541395184961995939e-04,-3.552334585826316584e-04,-3.563260283706357729e-04,-3.574099099559025590e-04,-3.584915434938712800e-04,-3.595642106595006281e-04,-3.606346467492609477e-04,-3.616973098745566951e-04,-3.627594549765133201e-04,-3.638162757045045157e-04,-3.648745429521985041e-04,-3.659289801638169288e-04,-3.669849543320231238e-04,-3.680363579180653279e-04,-3.690873908545525927e-04,-3.701317005506599600e-04,-3.711729897700271849e-04,-3.722052604014963913e-04,-3.732323820891851954e-04,-3.742495702202315480e-04,-3.752617351302481221e-04,-3.762654632285749408e-04,-3.772654104563161800e-04,-3.782568014664554226e-04,-3.792411011378856063e-04,-3.802107067696549746e-04,-3.811647817535220766e-04,-3.820955371243015724e-04,-3.830030404167347161e-04,-3.838825672110302012e-04,-3.847386724222971797e-04,-3.855730563758299513e-04,-3.863954094576618303e-04,-3.872088657767925940e-04,-3.880180472854652136e-04,-3.888177731606297176e-04,-3.896061901799422931e-04,-3.903801048689921381e-04,-3.911477857723642229e-04,-3.919194223909903615e-04,-3.927105758930558984e-04,-3.935284282385715878e-04,-3.943761869498782599e-04,-3.952474980556840351e-04,-3.961375526065981411e-04,-3.970413675817525208e-04,-3.979612847647300325e-04,-3.989001632619042052e-04,-3.998629827829016238e-04,-4.008492101377606506e-04,-4.018552928836034992e-04,-4.028709518710388011e-04,-4.038835856228686211e-04,-4.048771592920731230e-04,-4.058377859622857979e-04,-4.067565798610327590e-04,-4.076383673576403901e-04,-4.085061553721776296e-04,-4.094007304659619999e-04,-4.103626493045340207e-04,-4.113945427452985045e-04,-4.124092877978394623e-04,-4.131915370799669617e-04,-4.134217168398578971e-04,-4.128114111088586140e-04,-4.113703399161094064e-04,-4.097277883103988129e-04,-4.093182495710127682e-04,-4.121341794286957866e-04,-4.198226182630366665e-04,-4.321823390396394384e-04,-4.456430590371505637e-04,-4.527717193407511148e-04,-4.440185857184704324e-04,-4.122450286149386463e-04,-3.584736410664111591e-04,-2.936067784419641759e-04,-2.316323615207903082e-04,-1.758723753603532456e-04,-1.106579669143392664e-04,-2.732859498675449606e-05
0.000000000000000000e+00,0.000000000000000000e+00,0.000000000000000000e+00,0.000000000000000000e+00,0.000000000000000000e+00,0.000000000000000000e+00,0.000000000000000000e+00,0.000000000000000000e+00,0.000000000000000000e+00,0.000000000000000000e+00,0.000000000000000000e+00,0.000000000000000000e+00,0.000000000000000000e+00,0.000000000000000000e+00,0.000000000000000000e+00,0.000000000000000000e+00,0.000000000000000000e+00,0.000000000000000000e+00,0.000000000000000000e+00,0.000000000000000000e+00,0.000000000000000000e+00,0.000000000000000000e+00,0.000000000000000000e+00,0.000000000000000000e+00,0.000000000000000000e+00,0.000000000000000000e+00,0.000000000000000000e+00,0.000000000000000000e+00,0.000000000000000000e+00,0.000000000000000000e+00,0.000000000000000000e+00,0.000000000000000000e+00,0.000000000000000000e+00,0.000000000000000000e+00,0.000000000000000000e+00,0.000000000000000000e+00,0.000000000000000000e+00,0.000000000000000000e+00,0.000000000000000000e+00,0.000000000000000000e+00,0.000000000000000000e+00,0.000000000000000000e+00,0.000000000000000000e+00,0.000000000000000000e+00,0.000000000000000000e+00,0.000000000000000000e+00,0.000000000000000000e+00,0.000000000000000000e+00,0.000000000000000000e+00,0.000000000000000000e+00,0.000000000000000000e+00,0.000000000000000000e+00,0.000000000000000000e+00,0.000000000000000000e+00,0.000000000000000000e+00,0.000000000000000000e+00,0.000000000000000000e+00,0.000000000000000000e+00,0.000000000000000000e+00,0.000000000000000000e+00,0.000000000000000000e+00,0.000000000000000000e+00,0.000000000000000000e+00,0.000000000000000000e+00,0.000000000000000000e+00,0.000000000000000000e+00,0.000000000000000000e+00,0.000000000000000000e+00,0.000000000000000000e+00,0.000000000000000000e+00,0.000000000000000000e+00,0.000000000000000000e+00,0.000000000000000000e+00,0.000000000000000000e+00,0.000000000000000000e+00,0.000000000000000000e+00,0.000000000000000000e+00,0.000000000000000000e+00,0.000000000000000000e+00,0.000000000000000000e+00,0.000000000000000000e+00,0.000000000000000000e+00,0.000000000000000000e+00,0.000000000000000000e+00,0.000000000000000000e+00,0.000000000000000000e+00,0.000000000000000000e+00,0.000000000000000000e+00,0.000000000000000000e+00,0.000000000000000000e+00,0.000000000000000000e+00,0.000000000000000000e+00,0.000000000000000000e+00,0.000000000000000000e+00,0.000000000000000000e+00,0.000000000000000000e+00,0.000000000000000000e+00,0.000000000000000000e+00,0.000000000000000000e+00,0.000000000000000000e+00,0.000000000000000000e+00,0.000000000000000000e+00,0.000000000000000000e+00,0.000000000000000000e+00,0.000000000000000000e+00,0.000000000000000000e+00,0.000000000000000000e+00,0.000000000000000000e+00,0.000000000000000000e+00,0.000000000000000000e+00,0.000000000000000000e+00,0.000000000000000000e+00,0.000000000000000000e+00,0.000000000000000000e+00,0.000000000000000000e+00,0.000000000000000000e+00,0.000000000000000000e+00,0.000000000000000000e+00,0.000000000000000000e+00,0.000000000000000000e+00,0.000000000000000000e+00,0.000000000000000000e+00,0.000000000000000000e+00,0.000000000000000000e+00,0.000000000000000000e+00,0.000000000000000000e+00,0.000000000000000000e+00,0.000000000000000000e+00,0.000000000000000000e+00,0.000000000000000000e+00,0.000000000000000000e+00,0.000000000000000000e+00,0.000000000000000000e+00,0.000000000000000000e+00,0.000000000000000000e+00,0.000000000000000000e+00,0.000000000000000000e+00,0.000000000000000000e+00,0.000000000000000000e+00,0.000000000000000000e+00,0.000000000000000000e+00,0.000000000000000000e+00,0.000000000000000000e+00,0.000000000000000000e+00,0.000000000000000000e+00,0.000000000000000000e+00,0.000000000000000000e+00,0.000000000000000000e+00,0.000000000000000000e+00,0.000000000000000000e+00,0.000000000000000000e+00,0.000000000000000000e+00,0.000000000000000000e+00,0.000000000000000000e+00,0.000000000000000000e+00,0.000000000000000000e+00,0.000000000000000000e+00,0.000000000000000000e+00,0.000000000000000000e+00,0.000000000000000000e+00,0.000000000000000000e+00,0.000000000000000000e+00,0.000000000000000000e+00,3.461098337397338492e-03,2.045740892064582678e-03,1.097807832223927048e-03,3.264834770371311218e-04,-4.921353189162537334e-05,-2.050115729045393260e-04,-2.570966777938584803e-04,-2.677440774952114639e-04,-2.709404690738570726e-04,-2.709084234080648369e-04,-2.720978607146347177e-04,-2.715924573406050817e-04,-2.709210955752122717e-04,-2.690066112489751201e-04,-2.670314113707974372e-04,-2.647412537125051388e-04,-2.627756696081753624e-04,-2.610649453300079915e-04,-2.598944018149885516e-04,-2.592338051743730740e-04,-2.591831951628446678e-04,-2.597036987937757367e-04,-2.607982966753926595e-04,-2.624052920009147189e-04,-2.644811828505808722e-04,-2.669484053046747838e-04,-2.697514385112777312e-04,-2.728098626827873442e-04,-2.760739610374822852e-04,-2.794661513610919245e-04,-2.829482611199607119e-04,-2.864513698256948744e-04,-2.899563175490434434e-04,-2.934100780528781506e-04,-2.968120105331905072e-04,-3.001190292797110385e-04,-3.033387524328441144e-04,-3.064331530926505884e-04,-3.094167741648363697e-04,-3.122569836738574973e-04,-3.149696353911473159e-04,-3.175209978319194770e-04,-3.199280624064361695e-04,-3.221672250471906205e-04,-3.242678542632130559e-04,-3.262146600631590961e-04,-3.280334575788211690e-04,-3.297045582096937459e-04,-3.312552704194981264e-04,-3.326795815304805668e-04,-3.340185110015152985e-04,-3.352742455266291273e-04,-3.364830725689189699e-04,-3.376384794565356938e-04,-3.387676041991954132e-04,-3.398596071957313302e-04,-3.409333828558144580e-04,-3.419664107704746265e-04,-3.429609476548850207e-04,-3.438788883858517973e-04,-3.447082994964482516e-04,-3.454110296293770263e-04,-3.459974889144906674e-04,-3.464767894356460525e-04,-3.469117187402525216e-04,-3.473472086206396640e-04,-3.478433843217026327e-04,-3.484003570160526921e-04,-3.490013727544760366e-04,-3.495716481065410546e-04,-3.500575378808246508e-04,-3.504095614577019306e-04,-3.506493422153304784e-04,-3.508182181973077437e-04,-3.510020863274928953e-04,-3.512601055787751008e-04,-3.516508007632837074e-04,-3.521824452317824151e-04,-3.528599417566602491e-04,-3.536522547239402182e-04,-3.545427407194578378e-04,-3.554958677895391720e-04,-3.565001531348877374e-04,-3.575307594681193619e-04,-3.585867102877362189e-04,-3.596527600685697876e-04,-3.607342237655663305e-04,-3.618203773484495269e-04,-3.629182770263951474e-04,-3.640182374257467843e-04,-3.651268215717922198e-04,-3.662342306703023618e-04,-3.673462727407155945e-04,-3.684533634380855933e-04,-3.695612479112935118e-04,-3.706612983835077288e-04,-3.717597440377747942e-04,-3.728490245310845958e-04,-3.739355407418420269e-04,-3.750122573895897106e-04,-3.760853788229134289e-04,-3.771484595790877323e-04,-3.782080087651734776e-04,-3.792587135294337732e-04,-3.803075168578136855e-04,-3.813496683647836136e-04,-3.823914544586013309e-04,-3.834275198265797171e-04,-3.844627589853579267e-04,-3.854911191427770915e-04,-3.865165849686423159e-04,-3.875331343614307994e-04,-3.885445199229366252e-04,-3.895452214812608876e-04,-3.905391779148860800e-04,-3.915219516466520865e-04,-3.924983921245122991e-04,-3.934654184811414105e-04,-3.944278228280745390e-04,-3.953814139797224517e-04,-3.963279204610675299e-04,-3.972601772569616871e-04,-3.981773130906717082e-04,-3.990716530227715196e-04,-3.999429482217102712e-04,-4.007862123757673979e-04,-4.016052697149903876e-04,-4.024014175775151398e-04,-4.031842352873938511e-04,-4.039578097437688175e-04,-4.047280237935830757e-04,-4.054908953612781702e-04,-4.062444484921641378e-04,-4.069843103084789366e-04,-4.077168239768959074e-04,-4.084510267894495613e-04,-4.092024851756152358e-04,-4.099797880242641007e-04,-4.107877651039368804e-04,-4.116212706314745684e-04,-4.124755195444198392e-04,-4.133448846025634059e-04,-4.142307456391080439e-04,-4.151355244613899142e-04,-4.160642626871497080e-04,-4.170170668762695999e-04,-4.179910517350329141e-04,-4.189765156766930734e-04,-4.199609554332750148e-04,-4.209280023236256049e-04,-4.218628262653976893e-04,-4.227552893751898534e-04,-4.236091177924793593e-04,-4.244475194101666213e-04,-4.253139376419811193e-04,-4.262546008256670391e-04,-4.272793657669485485e-04,-4.283056897938170363e-04,-4.291138842025427362e-04,-4.293656169314573291e-04,-4.287397724531906342e-04,-4.272102990015555274e-04,-4.253900725074623193e-04,-4.247421592097194980e-04,-4.273461840688118395e-04,-4.349786272765086576e-04,-4.475604034511793702e-04,-4.615644971040818302e-04,-4.694589706007269237e-04,-4.614392379923932738e-04,-4.300561591660913893e-04,-3.761397047535319522e-04,-3.104279794192690498e-04,-2.464372049650789928e-04,-1.870315758677718087e-04,-1.167127909580632095e-04,-2.857599275095394951e-05
0.000000000000000000e+00,0.000000000000000000e+00,0.000000000000000000e+00,0.000000000000000000e+00,0.000000000000000000e+00,0.000000000000000000e+00,0.000000000000000000e+00,0.000000000000000000e+00,0.000000000000000000e+00,0.000000000000000000e+00,0.000000000000000000e+00,0.000000000000000000e+00,0.000000000000000000e+00,0.000000000000000000e+00,0.000000000000000000e+00,0.000000000000000000e+00,0.000000000000000000e+00,0.000000000000000000e+00,0.000000000000000000e+00,0.000000000000000000e+00,0.000000000000000000e+00,0.000000000000000000e+00,0.000000000000000000e+00,0.000000000000000000e+00,0.000000000000000000e+00,0.000000000000000000e+00,0.000000000000000000e+00,0.000000000000000000e+00,0.000000000000000000e+00,0.000000000000000000e+00,0.000000000000000000e+00,0.000000000000000000e+00,0.000000000000000000e+00,0.000000000000000000e+00,0.000000000000000000e+00,0.000000000000000000e+00,0.000000000000000000e+00,0.000000000000000000e+00,0.000000000000000000e+00,0.000000000000000000e+00,0.000000000000000000e+00,0.000000000000000000e+00,0.000000000000000000e+00,0.000000000000000000e+00,0.000000000000000000e+00,0.000000000000000000e+00,0.000000000000000000e+00,0.000000000000000000e+00,0.000000000000000000e+00,0.000000000000000000e+00,0.000000000000000000e+00,0.000000000000000000e+00,0.000000000000000000e+00,0.000000000000000000e+00,0.000000000000000000e+00,0.000000000000000000e+00,0.000000000000000000e+00,0.000000000000000000e+00,0.000000000000000000e+00,0.000000000000000000e+00,0.000000000000000000e+00,0.000000000000000000e+00,0.000000000000000000e+00,0.000000000000000000e+00,0.000000000000000000e+00,0.000000000000000000e+00,0.000000000000000000e+00,0.000000000000000000e+00,0.000000000000000000e+00,0.000000000000000000e+00,0.000000000000000000e+00,0.000000000000000000e+00,0.000000000000000000e+00,0.000000000000000000e+00,0.000000000000000000e+00,0.000000000000000000e+00,0.000000000000000000e+00,0.000000000000000000e+00,0.000000000000000000e+00,0.000000000000000000e+00,0.000000000000000000e+00,0.000000000000000000e+00,0.000000000000000000e+00,0.000000000000000000e+00,0.000000000000000000e+00,0.000000000000000000e+00,0.000000000000000000e+00,0.000000000000000000e+00,0.000000000000000000e+00,0.000000000000000000e+00,0.000000000000000000e+00,0.000000000000000000e+00,0.000000000000000000e+00,0.000000000000000000e+00,0.000000000000000000e+00,0.000000000000000000e+00,0.000000000000000000e+00,0.000000000000000000e+00,0.000000000000000000e+00,0.000000000000000000e+00,0.000000000000000000e+00,0.000000000000000000e+00,0.000000000000000000e+00,0.000000000000000000e+00,0.000000000000000000e+00,0.000000000000000000e+00,0.000000000000000000e+00,0.000000000000000000e+00,0.000000000000000000e+00,0.000000000000000000e+00,0.000000000000000000e+00,0.000000000000000000e+00,0.000000000000000000e+00,0.000000000000000000e+00,0.000000000000000000e+00,0.000000000000000000e+00,0.000000000000000000e+00,0.000000000000000000e+00,0.000000000000000000e+00,0.000000000000000000e+00,0.000000000000000000e+00,0.000000000000000000e+00,0.000000000000000000e+00,0.000000000000000000e+00,0.000000000000000000e+00,0.000000000000000000e+00,0.000000000000000000e+00,0.000000000000000000e+00,0.000000000000000000e+00,0.000000000000000000e+00,0.000000000000000000e+00,0.000000000000000000e+00,0.000000000000000000e+00,0.000000000000000000e+00,0.000000000000000000e+00,0.000000000000000000e+00,0.000000000000000000e+00,0.000000000000000000e+00,0.000000000000000000e+00,0.000000000000000000e+00,0.000000000000000000e+00,0.000000000000000000e+00,0.000000000000000000e+00,0.000000000000000000e+00,0.000000000000000000e+00,0.000000000000000000e+00,0.000000000000000000e+00,0.000000000000000000e+00,0.000000000000000000e+00,0.000000000000000000e+00,0.000000000000000000e+00,0.000000000000000000e+00,0.000000000000000000e+00,0.000000000000000000e+00,0.000000000000000000e+00,0.000000000000000000e+00,0.000000000000000000e+00,0.000000000000000000e+00,0.000000000000000000e+00,0.000000000000000000e+00,0.000000000000000000e+00,0.000000000000000000e+00,1.414490094352175396e-03,1.905083403455336537e-03,1.479963696487234144e-03,5.859109362836912357e-04,7.618404981751669008e-05,-1.678246481197984824e-04,-2.522703636996741867e-04,-2.741254329166969658e-04,-2.813096109701575904e-04,-2.841686496482557166e-04,-2.878363310183896465e-04,-2.889277490004706073e-04,-2.893308327802756978e-04,-2.877176929677773953e-04,-2.857538915632446995e-04,-2.830544976415016599e-04,-2.806310722353201463e-04,-2.782995748049910123e-04,-2.765730099635235056e-04,-2.753185461505134679e-04,-2.747678801121045946e-04,-2.748073192481276759e-04,-2.755128013421756679e-04,-2.767785874336082521e-04,-2.785927394844465283e-04,-2.808573910665074355e-04,-2.835156573003120781e-04,-2.864861835830288458e-04,-2.896974727497076546e-04,-2.930906309206384071e-04,-2.965927778749364294e-04,-3.001644052246859543e-04,-3.037374429614151565e-04,-3.072936998283571980e-04,-3.107796411187861664e-04,-3.141985790471324164e-04,-3.175080258898896075e-04,-3.207202464623872071e-04,-3.237963226560117190e-04,-3.267539167929442889e-04,-3.295596139970605448e-04,-3.322332547053103661e-04,-3.347411097321307161e-04,-3.371027351059916344e-04,-3.392935075851197745e-04,-3.413453439573401003e-04,-3.432441056578270874e-04,-3.450187369159807066e-04,-3.466490940682684005e-04,-3.481615324830393131e-04,-3.495470130508689988e-04,-3.508454394176030726e-04,-3.520586594566797300e-04,-3.532244643094966849e-04,-3.543379979578850365e-04,-3.554287475564143128e-04,-3.564888920885263333e-04,-3.575414675779690844e-04,-3.585688547880853927e-04,-3.595767284457792429e-04,-3.605268248021488995e-04,-3.614011956669904951e-04,-3.621518708445430252e-04,-3.627783636481830332e-04,-3.632830231800456087e-04,-3.637269630374567807e-04,-3.641592282060655567e-04,-3.646462164460187601e-04,-3.651953640618876406e-04,-3.657949428333214133e-04,-3.663730592246928282e-04,-3.668746521153161172e-04,-3.672463469795356531e-04,-3.675034217710102967e-04,-3.676822853695258962e-04,-3.678658159044916900e-04,-3.681143393944980263e-04,-3.684894427358046168e-04,-3.690042225748871025e-04,-3.696670247003161838e-04,-3.704494226767218734e-04,-3.713349353639851789e-04,-3.722876520359917228e-04,-3.732943569305700415e-04,-3.743291045205055997e-04,-3.753893656146830671e-04,-3.764594203481263644e-04,-3.775438068520416005e-04,-3.786319753097498872e-04,-3.797306670561510365e-04,-3.808305893868562937e-04,-3.819380562774123242e-04,-3.830436013010562134e-04,-3.841527156740229916e-04,-3.852560788661520521e-04,-3.863591191664315157e-04,-3.874534900214632988e-04,-3.885451632044419458e-04,-3.896268910300604033e-04,-3.907048501666420741e-04,-3.917723042611977549e-04,-3.928352254475779397e-04,-3.938874305640128201e-04,-3.949351779478035862e-04,-3.959733594647491840e-04,-3.970085932758352695e-04,-3.980361932919679302e-04,-3.990619864235296437e-04,-4.000805717503866507e-04,-4.010964000230783384e-04,-4.021034904870691008e-04,-4.031056138228114377e-04,-4.040970678224000030e-04,-4.050816457100405105e-04,-4.060543184957405628e-04,-4.070191421809616120e-04,-4.079720973480856368e-04,-4.089180350638575560e-04,-4.098542344271325689e-04,-4.107856201560354569e-04,-4.117085802336759894e-04,-4.126251250103245890e-04,-4.135285623037058514e-04,-4.144180181058022871e-04,-4.152859554122838390e-04,-4.161318449683009801e-04,-4.169504881013101540e-04,-4.177449923100743376e-04,-4.185161505401809230e-04,-4.192731943591489555e-04,-4.200208869067706343e-04,-4.207662279341542336e-04,-4.215065315696801861e-04,-4.222399784084690782e-04,-4.229612652362241157e-04,-4.236748187423039578e-04,-4.243882394373179440e-04,-4.251166690465955369e-04,-4.258697714469713517e-04,-4.266539414250129607e-04,-4.274654679970648491e-04,-4.282999543089544372e-04,-4.291514392820382738e-04,-4.300204578546183471e-04,-4.309089014351192323e-04,-4.318216418964632131e-04,-4.327591944127003563e-04,-4.337192202314184958e-04,-4.346926688724527367e-04,-4.356673648197302399e-04,-4.366269039281396591e-04,-4.375556775544623051e-04,-4.384422200030554744e-04,-4.392887974892593895e-04,-4.401184746774429988e-04,-4.409773975739674575e-04,-4.419184101372564794e-04,-4.429603466420351725e-04,-4.440271945137439207e-04,-4.448954122266561865e-04,-4.452054602493326816e-04,-4.445972671206524464e-04,-4.430009776708580967e-04,-4.410074734924779609e-04,-4.401115038542960422e-04,-4.424943472154804162e-04,-4.500850788949843206e-04,-4.629467591128820329e-04,-4.775985291005075241e-04,-4.863827760460445846e-04,-4.791909004197540548e-04,-4.482254995358192430e-04,-3.941497201873415631e-04,-3.276032638385490857e-04,-2.616086856192046729e-04,-1.984923753835651978e-04,-1.229443035484205783e-04,-2.986445403011504614e-05
0.000000000000000000e+00,0.000000000000000000e+00,0.000000000000000000e+00,0.000000000000000000e+00,0.000000000000000000e+00,0.000000000000000000e+00,0.000000000000000000e+00,0.000000000000000000e+00,0.000000000000000000e+00,0.000000000000000000e+00,0.000000000000000000e+00,0.000000000000000000e+00,0.000000000000000000e+00,0.000000000000000000e+00,0.000000000000000000e+00,0.000000000000000000e+00,0.000000000000000000e+00,0.000000000000000000e+00,0.000000000000000000e+00,0.000000000000000000e+00,0.000000000000000000e+00,0.000000000000000000e+00,0.000000000000000000e+00,0.000000000000000000e+00,0.000000000000000000e+00,0.000000000000000000e+00,0.000000000000000000e+00,0.000000000000000000e+00,0.000000000000000000e+00,0.000000000000000000e+00,0.000000000000000000e+00,0.000000000000000000e+00,0.000000000000000000e+00,0.000000000000000000e+00,0.000000000000000000e+00,0.000000000000000000e+00,0.000000000000000000e+00,0.000000000000000000e+00,0.000000000000000000e+00,0.000000000000000000e+00,0.000000000000000000e+00,0.000000000000000000e+00,0.000000000000000000e+00,0.000000000000000000e+00,0.000000000000000000e+00,0.000000000000000000e+00,0.000000000000000000e+00,0.000000000000000000e+00,0.000000000000000000e+00,0.000000000000000000e+00,0.000000000000000000e+00,0.000000000000000000e+00,0.000000000000000000e+00,0.000000000000000000e+00,0.000000000000000000e+00,0.000000000000000000e+00,0.000000000000000000e+00,0.000000000000000000e+00,0.000000000000000000e+00,0.000000000000000000e+00,0.000000000000000000e+00,0.000000000000000000e+00,0.000000000000000000e+00,0.000000000000000000e+00,0.000000000000000000e+00,0.000000000000000000e+00,0.000000000000000000e+00,0.000000000000000000e+00,0.000000000000000000e+00,0.000000000000000000e+00,0.000000000000000000e+00,0.000000000000000000e+00,0.000000000000000000e+00,0.000000000000000000e+00,0.000000000000000000e+00,0.000000000000000000e+00,0.000000000000000000e+00,0.000000000000000000e+00,0.000000000000000000e+00,0.000000000000000000e+00,0.000000000000000000e+00,0.000000000000000000e+00,0.000000000000000000e+00,0.000000000000000000e+00,0.000000000000000000e+00,0.000000000000000000e+00,0.000000000000000000e+00,0.000000000000000000e+00,0.000000000000000000e+00,0.000000000000000000e+00,0.000000000000000000e+00,0.000000000000000000e+00,0.000000000000000000e+00,0.000000000000000000e+00,0.000000000000000000e+00,0.000000000000000000e+00,0.000000000000000000e+00,0.000000000000000000e+00,0.000000000000000000e+00,0.000000000000000000e+00,0.000000000000000000e+00,0.000000000000000000e+00,0.000000000000000000e+00,0.000000000000000000e+00,0.000000000000000000e+00,0.000000000000000000e+00,0.000000000000000000e+00,0.000000000000000000e+00,0.000000000000000000e+00,0.000000000000000000e+00,0.000000000000000000e+00,0.000000000000000000e+00,0.000000000000000000e+00,0.000000000000000000e+00,0.000000000000000000e+00,0.000000000000000000e+00,0.000000000000000000e+00,0.000000000000000000e+00,0.000000000000000000e+00,0.000000000000000000e+00,0.000000000000000000e+00,0.000000000000000000e+00,0.000000000000000000e+00,0.000000000000000000e+00,0.000000000000000000e+00,0.000000000000000000e+00,0.000000000000000000e+00,0.000000000000000000e+00,0.000000000000000000e+00,0.000000000000000000e+00,0.000000000000000000e+00,0.000000000000000000e+00,0.000000000000000000e+00,0.000000000000000000e+00,0.000000000000000000e+00,0.000000000000000000e+00,0.000000000000000000e+00,0.000000000000000000e+00,0.000000000000000000e+00,0.000000000000000000e+00,0.000000000000000000e+00,0.000000000000000000e+00,0.000000000000000000e+00,0.000000000000000000e+00,0.000000000000000000e+00,0.000000000000000000e+00,0.000000000000000000e+00,0.000000000000000000e+00,0.000000000000000000e+00,0.000000000000000000e+00,0.000000000000000000e+00,0.000000000000000000e+00,0.000000000000000000e+00,0.000000000000000000e+00,0.000000000000000000e+00,0.000000000000000000e+00,0.000000000000000000e+00,0.000000000000000000e+00,0.000000000000000000e+00,0.000000000000000000e+00,0.000000000000000000e+00,0.000000000000000000e+00,1.037645531557315108e-03,1.939018099547461238e-03,1.209393722571695416e-03,4.468145956923500156e-04,-5.628346351179139073e-05,-2.703480754829064997e-04,-3.166829897815082065e-04,-3.146297153362894697e-04,-3.079830095220737309e-04,-3.076612550471091723e-04,-3.078693851931612788e-04,-3.085604336185615625e-04,-3.070855748223927199e-04,-3.050410880701622017e-04,-3.019547222335391989e-04,-2.989995124625166372e-04,-2.960519929830511738e-04,-2.936883925387688077e-04,-2.918268136511136283e-04,-2.907028728896196308e-04,-2.902324890670024676e-04,-2.904819062461968865e-04,-2.913561608404017004e-04,-2.928424831296235192e-04,-2.948357947065849004e-04,-2.972905920988888205e-04,-3.000981374314610128e-04,-3.032087389936849453e-04,-3.065219435047144897e-04,-3.100007875375188678e-04,-3.135575731459373469e-04,-3.171688764784095409e-04,-3.207579373341072691e-04,-3.243166560052515341e-04,-3.277858162044335554e-04,-3.311766868418116448e-04,-3.344450697668021992e-04,-3.376099425618154354e-04,-3.406310053312219398e-04,-3.435294333908709037e-04,-3.462705732290920994e-04,-3.488775645551648111e-04,-3.513167210342510861e-04,-3.536094689291879693e-04,-3.557302326038958994e-04,-3.577123351580945758e-04,-3.595429139056862300e-04,-3.612537434479384303e-04,-3.628254593265466295e-04,-3.642837538496012544e-04,-3.656171911036214185e-04,-3.668637247275034199e-04,-3.680244046342633231e-04,-3.691374162245323926e-04,-3.701992708450815893e-04,-3.712410146892400234e-04,-3.722573861281766030e-04,-3.732746431348523851e-04,-3.742801147082981455e-04,-3.752837102254358271e-04,-3.762493084465021675e-04,-3.771554727094974168e-04,-3.779465444060241025e-04,-3.786112972393488002e-04,-3.791435590567986016e-04,-3.795994030424989477e-04,-3.800286655534201841e-04,-3.805016573795942767e-04,-3.810326015722049803e-04,-3.816158169639825458e-04,-3.821845800369819720e-04,-3.826849751975845747e-04,-3.830618408564553977e-04,-3.833249800649076930e-04,-3.835055105381714397e-04,-3.836820278610907032e-04,-3.839146453432788807e-04,-3.842670125650649135e-04,-3.847567264898719909e-04,-3.853957643733146084e-04,-3.861587924113502393e-04,-3.870299723623485139e-04,-3.879733868143800672e-04,-3.889742844921850111e-04,-3.900056965069245815e-04,-3.910635413332397693e-04,-3.921316039981065111e-04,-3.932136113356641703e-04,-3.942991638544271244e-04,-3.953946630912418296e-04,-3.964911894227311447e-04,-3.975947813590746931e-04,-3.986962755791712779e-04,-3.998008097174792245e-04,-4.008992894030904931e-04,-4.019967895423322344e-04,-4.030852160124011297e-04,-4.041702652142225194e-04,-4.052449969334019045e-04,-4.063153704781129519e-04,-4.073749615152563643e-04,-4.084295235362151149e-04,-4.094731414067250214e-04,-4.105118216425146732e-04,-4.115406567254731632e-04,-4.125659461409779470e-04,-4.135830890158822583e-04,-4.145974902364032316e-04,-4.156037440951120356e-04,-4.166058926484035043e-04,-4.175980431490929502e-04,-4.185837481375794347e-04,-4.195575992459665230e-04,-4.205233981295909392e-04,-4.214765856843091579e-04,-4.224213470109857826e-04,-4.233541207799925874e-04,-4.242798069051939829e-04,-4.251960662696216528e-04,-4.261079520332899896e-04,-4.270124208074654762e-04,-4.279117785546322794e-04,-4.287998398178786497e-04,-4.296757644179895956e-04,-4.305321769089393924e-04,-4.313682993940376725e-04,-4.321787706104506356e-04,-4.329660207039381448e-04,-4.337302858747139390e-04,-4.344802641303717634e-04,-4.352211305682700216e-04,-4.359608188546136120e-04,-4.366979662915910641e-04,-4.374311404359176761e-04,-4.381543618733369123e-04,-4.388702092728585412e-04,-4.395846298860317590e-04,-4.403119490486602223e-04,-4.410625597029634872e-04,-4.418443264112551145e-04,-4.426551641667561673e-04,-4.434914286688881055e-04,-4.443471513259354992e-04,-4.452221587312414760e-04,-4.461176985097375165e-04,-4.470382012075977546e-04,-4.479843005665154281e-04,-4.489540786517708039e-04,-4.499392488296194556e-04,-4.509283154444104639e-04,-4.519052366438665075e-04,-4.528538603675550550e-04,-4.537612208081763304e-04,-4.546276093307694715e-04,-4.554753584261075862e-04,-4.563533142240269519e-04,-4.573219439403299340e-04,-4.584111454387761880e-04,-4.595534692573619408e-04,-4.605217976590460509e-04,-4.609318262153412420e-04,-4.603770211474119876e-04,-4.587346882596344817e-04,-4.565695050597962708e-04,-4.554148933888475066e-04,-4.575750853408876726e-04,-4.651603490449466986e-04,-4.783972444542973880e-04,-4.938455807059535102e-04,-5.036801846366042393e-04,-4.974204610140315740e-04,-4.668766299212745051e-04,-4.125800251839171367e-04,-3.451685446579671373e-04,-2.771694246298220428e-04,-2.102861895337288661e-04,-1.293557563663547995e-04,-3.117963915314187851e-05
0.000000000000000000e+00,0.000000000000000000e+00,0.000000000000000000e+00,0.000000000000000000e+00,0.000000000000000000e+00,0.000000000000000000e+00,0.000000000000000000e+00,0.000000000000000000e+00,0.000000000000000000e+00,0.000000000000000000e+00,0.000000000000000000e+00,0.000000000000000000e+00,0.000000000000000000e+00,0.000000000000000000e+00,0.000000000000000000e+00,0.000000000000000000e+00,0.000000000000000000e+00,0.000000000000000000e+00,0.000000000000000000e+00,0.000000000000000000e+00,0.000000000000000000e+00,0.000000000000000000e+00,0.000000000000000000e+00,0.000000000000000000e+00,0.000000000000000000e+00,0.000000000000000000e+00,0.000000000000000000e+00,0.000000000000000000e+00,0.000000000000000000e+00,0.000000000000000000e+00,0.000000000000000000e+00,0.000000000000000000e+00,0.000000000000000000e+00,0.000000000000000000e+00,0.000000000000000000e+00,0.000000000000000000e+00,0.000000000000000000e+00,0.000000000000000000e+00,0.000000000000000000e+00,0.000000000000000000e+00,0.000000000000000000e+00,0.000000000000000000e+00,0.000000000000000000e+00,0.000000000000000000e+00,0.000000000000000000e+00,0.000000000000000000e+00,0.000000000000000000e+00,0.000000000000000000e+00,0.000000000000000000e+00,0.000000000000000000e+00,0.000000000000000000e+00,0.000000000000000000e+00,0.000000000000000000e+00,0.000000000000000000e+00,0.000000000000000000e+00,0.000000000000000000e+00,0.000000000000000000e+00,0.000000000000000000e+00,0.000000000000000000e+00,0.000000000000000000e+00,0.000000000000000000e+00,0.000000000000000000e+00,0.000000000000000000e+00,0.000000000000000000e+00,0.000000000000000000e+00,0.000000000000000000e+00,0.000000000000000000e+00,0.000000000000000000e+00,0.000000000000000000e+00,0.000000000000000000e+00,0.000000000000000000e+00,0.000000000000000000e+00,0.000000000000000000e+00,0.000000000000000000e+00,0.000000000000000000e+00,0.000000000000000000e+00,0.000000000000000000e+00,0.000000000000000000e+00,0.000000000000000000e+00,0.000000000000000000e+00,0.000000000000000000e+00,0.000000000000000000e+00,0.000000000000000000e+00,0.000000000000000000e+00,0.000000000000000000e+00,0.000000000000000000e+00,0.000000000000000000e+00,0.000000000000000000e+00,0.000000000000000000e+00,0.000000000000000000e+00,0.000000000000000000e+00,0.000000000000000000e+00,0.000000000000000000e+00,0.000000000000000000e+00,0.000000000000000000e+00,0.000000000000000000e+00,0.000000000000000000e+00,0.000000000000000000e+00,0.000000000000000000e+00,0.000000000000000000e+00,0.000000000000000000e+00,0.000000000000000000e+00,0.000000000000000000e+00,0.000000000000000000e+00,0.000000000000000000e+00,0.000000000000000000e+00,0.000000000000000000e+00,0.000000000000000000e+00,0.000000000000000000e+00,0.000000000000000000e+00,0.000000000000000000e+00,0.000000000000000000e+00,0.000000000000000000e+00,0.000000000000000000e+00,0.000000000000000000e+00,0.000000000000000000e+00,0.000000000000000000e+00,0.000000000000000000e+00,0.000000000000000000e+00,0.000000000000000000e+00,0.000000000000000000e+00,0.000000000000000000e+00,0.000000000000000000e+00,0.000000000000000000e+00,0.000000000000000000e+00,0.000000000000000000e+00,0.000000000000000000e+00,0.000000000000000000e+00,0.000000000000000000e+00,0.000000000000000000e+00,0.000000000000000000e+00,0.000000000000000000e+00,0.000000000000000000e+00,0.000000000000000000e+00,0.000000000000000000e+00,0.000000000000000000e+00,0.000000000000000000e+00,0.000000000000000000e+00,0.000000000000000000e+00,0.000000000000000000e+00,0.000000000000000000e+00,0.000000000000000000e+00,0.000000000000000000e+00,0.000000000000000000e+00,0.000000000000000000e+00,0.000000000000000000e+00,0.000000000000000000e+00,0.000000000000000000e+00,0.000000000000000000e+00,0.000000000000000000e+00,0.000000000000000000e+00,0.000000000000000000e+00,0.000000000000000000e+00,0.000000000000000000e+00,0.000000000000000000e+00,0.000000000000000000e+00,0.000000000000000000e+00,0.000000000000000000e+00,0.000000000000000000e+00,0.000000000000000000e+00,0.000000000000000000e+00,0.000000000000000000e+00,2.519849237132219897e-03,2.073231212191973660e-03,1.169640734763009553e-03,4.244042165386474434e-04,-9.014695601981695481e-05,-2.989554930142051441e-04,-3.507989992051851027e-04,-3.454012536593396355e-04,-3.372441122933139148e-04,-3.316500603363457399e-04,-3.300096486819950321e-04,-3.273867999653997892e-04,-3.248097045665889501e-04,-3.210399432483238089e-04,-3.174596413375315547e-04,-3.137712716810656262e-04,-3.107429556891592938e-04,-3.082079094606759431e-04,-3.064984817533131776e-04,-3.054803838483807158e-04,-3.052571186622970241e-04,-3.057117975469727600e-04,-3.068342537529453293e-04,-3.085236945466097872e-04,-3.107159183205808017e-04,-3.133258943910413575e-04,-3.162660764660567368e-04,-3.194702125968239097e-04,-3.228494392668350356e-04,-3.263619441440405652e-04,-3.299283282232900213e-04,-3.335263852174866575e-04,-3.370847170248965699e-04,-3.405967243530941377e-04,-3.440055157916759553e-04,-3.473244971139580542e-04,-3.505124299938582630e-04,-3.535916186623827670e-04,-3.565237033776500982e-04,-3.593311036705057254e-04,-3.619796096057579745e-04,-3.644936170316792449e-04,-3.668405418414928481e-04,-3.690423347790624175e-04,-3.710730932073657380e-04,-3.729660543570664484e-04,-3.747097658766899552e-04,-3.763380650645374039e-04,-3.778334795709631269e-04,-3.792213302176373666e-04,-3.804887551486941253e-04,-3.816712346163749240e-04,-3.827687427933140719e-04,-3.838187693507195963e-04,-3.848189404308039645e-04,-3.858012259181115445e-04,-3.867626437151825791e-04,-3.877317289820789571e-04,-3.887003398687366310e-04,-3.896826100319865957e-04,-3.906460898771479061e-04,-3.915682426509952329e-04,-3.923885629604492785e-04,-3.930865120115988737e-04,-3.936468094324563826e-04,-3.941176801276979566e-04,-3.945462198483294962e-04,-3.950035592373977631e-04,-3.955092790114852455e-04,-3.960640605168224641e-04,-3.966082733586443225e-04,-3.970917385859529464e-04,-3.974599256131063616e-04,-3.977184753045589246e-04,-3.978932432260902765e-04,-3.980575114780288224e-04,-3.982698369646398787e-04,-3.985948327053852216e-04,-3.990541144758110240e-04,-3.996633447886756632e-04,-4.004006819506510345e-04,-4.012513850094448281e-04,-4.021799054075810074e-04,-4.031701726652013140e-04,-4.041942920851124168e-04,-4.052466382448632670e-04,-4.063104773794863687e-04,-4.073886863087301802e-04,-4.084709832737302027e-04,-4.095634004812889685e-04,-4.106573660986536528e-04,-4.117586154355042322e-04,-4.128582552141819785e-04,-4.139610307919043618e-04,-4.150580298622883108e-04,-4.161539310275747493e-04,-4.172408517901191071e-04,-4.183241825913032170e-04,-4.193972684436690504e-04,-4.204658440108651786e-04,-4.215237979879243109e-04,-4.225766767003292092e-04,-4.236188434500080878e-04,-4.246560655459734150e-04,-4.256836463319016244e-04,-4.267075881545650553e-04,-4.277234076027983264e-04,-4.287361369382214327e-04,-4.297404162113016048e-04,-4.307399243684976228e-04,-4.317288789830178112e-04,-4.327106141377091617e-04,-4.336799851610529614e-04,-4.346407577152678887e-04,-4.355887956999932985e-04,-4.365283920141043296e-04,-4.374564483913123821e-04,-4.383779357797995091e-04,-4.392909028147486366e-04,-4.402005163346212925e-04,-4.411042769681183589e-04,-4.420047854393628736e-04,-4.428963858208731031e-04,-4.437783045668824890e-04,-4.446433476508400732e-04,-4.454905135046909092e-04,-4.463143249752926710e-04,-4.471165938254986543e-04,-4.478969969126484971e-04,-4.486635757788875372e-04,-4.494216923080901743e-04,-4.501800202631683163e-04,-4.509384962304042728e-04,-4.516962552434548102e-04,-4.524468901917018848e-04,-4.531912469739797652e-04,-4.539334769127042124e-04,-4.546867531181641759e-04,-4.554618699542122332e-04,-4.562680487035047873e-04,-4.571049992829656801e-04,-4.579701767405800514e-04,-4.588579250087434450e-04,-4.597674708243354967e-04,-4.606992574477082407e-04,-4.616569275339046756e-04,-4.626409041234045096e-04,-4.636495763418376501e-04,-4.646756551599901756e-04,-4.657088306773065700e-04,-4.667339805190026799e-04,-4.677346409146555264e-04,-4.686960313819222884e-04,-4.696156116273623592e-04,-4.705141238815977443e-04,-4.714429630965388568e-04,-4.724714891255556203e-04,-4.736430888594410100e-04,-4.749012184765635130e-04,-4.760149452892758646e-04,-4.765704813941197700e-04,-4.761055029971146047e-04,-4.744348634546641913e-04,-4.720945532334801828e-04,-4.706696004105135733e-04,-4.726163752184002714e-04,-4.802620716461430831e-04,-4.940173566611199326e-04,-5.104669148517764756e-04,-5.215549492582976458e-04,-5.163410220674280937e-04,-4.861894443813574392e-04,-4.315492922612183574e-04,-3.631773153111060646e-04,-2.931352725532349501e-04,-2.224152754527496979e-04,-1.359750468158538856e-04,-3.254307348722640538e-05
0.000000000000000000e+00,0.000000000000000000e+00,0.000000000000000000e+00,0.000000000000000000e+00,0.000000000000000000e+00,0.000000000000000000e+00,0.000000000000000000e+00,0.000000000000000000e+00,0.000000000000000000e+00,0.000000000000000000e+00,0.000000000000000000e+00,0.000000000000000000e+00,0.000000000000000000e+00,0.000000000000000000e+00,0.000000000000000000e+00,0.000000000000000000e+00,0.000000000000000000e+00,0.000000000000000000e+00,0.000000000000000000e+00,0.000000000000000000e+00,0.000000000000000000e+00,0.000000000000000000e+00,0.000000000000000000e+00,0.000000000000000000e+00,0.000000000000000000e+00,0.000000000000000000e+00,0.000000000000000000e+00,0.000000000000000000e+00,0.000000000000000000e+00,0.000000000000000000e+00,0.000000000000000000e+00,0.000000000000000000e+00,0.000000000000000000e+00,0.000000000000000000e+00,0.000000000000000000e+00,0.000000000000000000e+00,0.000000000000000000e+00,0.000000000000000000e+00,0.000000000000000000e+00,0.000000000000000000e+00,0.000000000000000000e+00,0.000000000000000000e+00,0.000000000000000000e+00,0.000000000000000000e+00,0.000000000000000000e+00,0.000000000000000000e+00,0.000000000000000000e+00,0.000000000000000000e+00,0.000000000000000000e+00,0.000000000000000000e+00,0.000000000000000000e+00,0.000000000000000000e+00,0.000000000000000000e+00,0.000000000000000000e+00,0.000000000000000000e+00,0.000000000000000000e+00,0.000000000000000000e+00,0.000000000000000000e+00,0.000000000000000000e+00,0.000000000000000000e+00,0.000000000000000000e+00,0.000000000000000000e+00,0.000000000000000000e+00,0.000000000000000000e+00,0.000000000000000000e+00,0.000000000000000000e+00,0.000000000000000000e+00,0.000000000000000000e+00,0.000000000000000000e+00,0.000000000000000000e+00,0.000000000000000000e+00,0.000000000000000000e+00,0.000000000000000000e+00,0.000000000000000000e+00,0.000000000000000000e+00,0.000000000000000000e+00,0.000000000000000000e+00,0.000000000000000000e+00,0.000000000000000000e+00,0.000000000000000000e+00,0.000000000000000000e+00,0.000000000000000000e+00,0.000000000000000000e+00,0.000000000000000000e+00,0.000000000000000000e+00,0.000000000000000000e+00,0.000000000000000000e+00,0.000000000000000000e+00,0.000000000000000000e+00,0.000000000000000000e+00,0.000000000000000000e+00,0.000000000000000000e+00,0.000000000000000000e+00,0.000000000000000000e+00,0.000000000000000000e+00,0.000000000000000000e+00,0.000000000000000000e+00,0.000000000000000000e+00,0.000000000000000000e+00,0.000000000000000000e+00,0.000000000000000000e+00,0.000000000000000000e+00,0.000000000000000000e+00,0.000000000000000000e+00,0.000000000000000000e+00,0.000000000000000000e+00,0.000000000000000000e+00,0.000000000000000000e+00,0.000000000000000000e+00,0.000000000000000000e+00,0.000000000000000000e+00,0.000000000000000000e+00,0.000000000000000000e+00,0.000000000000000000e+00,0.000000000000000000e+00,0.000000000000000000e+00,0.000000000000000000e+00,0.000000000000000000e+00,0.000000000000000000e+00,0.000000000000000000e+00,0.000000000000000000e+00,0.000000000000000000e+00,0.000000000000000000e+00,0.000000000000000000e+00,0.000000000000000000e+00,0.000000000000000000e+00,0.000000000000000000e+00,0.000000000000000000e+00,0.000000000000000000e+00,0.000000000000000000e+00,0.000000000000000000e+00,0.000000000000000000e+00,0.000000000000000000e+00,0.000000000000000000e+00,0.000000000000000000e+00,0.000000000000000000e+00,0.000000000000000000e+00,0.000000000000000000e+00,0.000000000000000000e+00,0.000000000000000000e+00,0.000000000000000000e+00,0.000000000000000000e+00,0.000000000000000000e+00,0.000000000000000000e+00,0.000000000000000000e+00,0.000000000000000000e+00,0.000000000000000000e+00,0.000000000000000000e+00,0.000000000000000000e+00,0.000000000000000000e+00,0.000000000000000000e+00,0.000000000000000000e+00,0.000000000000000000e+00,0.000000000000000000e+00,0.000000000000000000e+00,0.000000000000000000e+00,0.000000000000000000e+00,0.000000000000000000e+00,0.000000000000000000e+00,0.000000000000000000e+00,0.000000000000000000e+00,0.000000000000000000e+00,3.148037476563527587e-03,2.168998435454400509e-03,1.167336316276135211e-03,2.781523380401162331e-04,-1.539379484583750033e-04,-3.333656748386122550e-04,-3.714716185979214302e-04,-3.717239697689092375e-04,-3.612885523862283121e-04,-3.553073342401084282e-04,-3.494200816600730435e-04,-3.451987832279071293e-04,-3.400849285989980346e-04,-3.355704640718638779e-04,-3.309385413298439826e-04,-3.271433065277981069e-04,-3.238661621200139931e-04,-3.215449621365130354e-04,-3.199565235037915155e-04,-3.192648769332769552e-04,-3.192859082942995177e-04,-3.200560647530394510e-04,-3.214144965626043043e-04,-3.233456846368761646e-04,-3.257073967780724786e-04,-3.284671074879335771e-04,-3.314976384367211205e-04,-3.347663144906349360e-04,-3.381638724102814346e-04,-3.416705519623086770e-04,-3.451979735452563960e-04,-3.487397066884257509e-04,-3.522211153400133118e-04,-3.556449953433400419e-04,-3.589523588840732313e-04,-3.621620701965358870e-04,-3.652335180180835790e-04,-3.681937641910758199e-04,-3.710059251648045102e-04,-3.736941583160087303e-04,-3.762245612309371391e-04,-3.786222565262732133e-04,-3.808558348306392816e-04,-3.829472205734693927e-04,-3.848703976542374393e-04,-3.866574931442365954e-04,-3.882982295779478809e-04,-3.898276649022838184e-04,-3.912308763651754762e-04,-3.925331299523161376e-04,-3.937212136634213539e-04,-3.948280202224190168e-04,-3.958523583060476235e-04,-3.968300561128285022e-04,-3.977595508249068702e-04,-3.986732079435473058e-04,-3.995702150525284901e-04,-4.004806467774905477e-04,-4.014002903357527800e-04,-4.023468778223289726e-04,-4.032922747772082843e-04,-4.042147228806478813e-04,-4.050519297568866287e-04,-4.057764429234758359e-04,-4.063644697485741192e-04,-4.068544546749239634e-04,-4.072874070391461414e-04,-4.077317617470650464e-04,-4.082102453696284205e-04,-4.087294565350400605e-04,-4.092382559285067138e-04,-4.096926337903000477e-04,-4.100412564461616556e-04,-4.102872719579393605e-04,-4.104516842173984957e-04,-4.106017200877616299e-04,-4.107931473032571659e-04,-4.110904085208595248e-04,-4.115185293423214807e-04,-4.120967804898000475e-04,-4.128071120088345060e-04,-4.136362896882529814e-04,-4.145494955771610187e-04,-4.155295639270539104e-04,-4.165477755491270024e-04,-4.175969705864821750e-04,-4.186598621628669146e-04,-4.197384268460166608e-04,-4.208224531085764876e-04,-4.219175665252800360e-04,-4.230155130089130748e-04,-4.241217006650832046e-04,-4.252274778255924880e-04,-4.263371666308761378e-04,-4.274419963236881863e-04,-4.285462086130283543e-04,-4.296420877224836729e-04,-4.307346806803770260e-04,-4.318175821782385356e-04,-4.328962801960358040e-04,-4.339649605899455393e-04,-4.350289619629373766e-04,-4.360829289813126283e-04,-4.371324028143869504e-04,-4.381729112606294737e-04,-4.392101869779856571e-04,-4.402399006293814952e-04,-4.412667671624368208e-04,-4.422855295752971326e-04,-4.432995594264554353e-04,-4.443032176598867011e-04,-4.452996312441415594e-04,-4.462838970796425132e-04,-4.472597022341277080e-04,-4.482232761609982385e-04,-4.491789762977444183e-04,-4.501241434685127746e-04,-4.510638162740985809e-04,-4.519964178742349710e-04,-4.529271987225399381e-04,-4.538541596835081785e-04,-4.547801726617078542e-04,-4.557001124638595320e-04,-4.566132901806733003e-04,-4.575127010451771840e-04,-4.583971317055722115e-04,-4.592610256020676456e-04,-4.601056457420009817e-04,-4.609301504459960676e-04,-4.617418691485814983e-04,-4.625461812364412592e-04,-4.633523197202903273e-04,-4.641614615984744944e-04,-4.649734417773257488e-04,-4.657816549889213543e-04,-4.665853655529975867e-04,-4.673868597708544736e-04,-4.681979017071401109e-04,-4.690294081626496052e-04,-4.698918605654522906e-04,-4.707869195465314775e-04,-4.717134623994514802e-04,-4.726664176357622945e-04,-4.736444538640043837e-04,-4.746469515021270978e-04,-4.756763417810058584e-04,-4.767324799344632670e-04,-4.778140466587693126e-04,-4.789151711486605155e-04,-4.800274863845673369e-04,-4.811374774277381024e-04,-4.822285510974253083e-04,-4.832834381586796277e-04,-4.842954457374897622e-04,-4.852824177520867412e-04,-4.862981363164445943e-04,-4.874224803034069606e-04,-4.887154823120138129e-04,-4.901341283147795172e-04,-4.914429673647177643e-04,-4.921921940083092209e-04,-4.918524068753943584e-04,-4.901654897728974572e-04,-4.876393350640713213e-04,-4.859307152368066074e-04,-4.876878150013188142e-04,-4.954976287393035844e-04,-5.099743981826219182e-04,-5.276964138222743237e-04,-5.402898019965701780e-04,-5.362412081628982865e-04,-5.064100295416720581e-04,-4.512280176275084180e-04,-3.817273612593224236e-04,-3.095678715953187722e-04,-2.349407359205229768e-04,-1.428220131878836421e-04,-3.394180320492878877e-05
0.000000000000000000e+00,0.000000000000000000e+00,0.000000000000000000e+00,0.000000000000000000e+00,0.000000000000000000e+00,0.000000000000000000e+00,0.000000000000000000e+00,0.000000000000000000e+00,0.000000000000000000e+00,0.000000000000000000e+00,0.000000000000000000e+00,0.000000000000000000e+00,0.000000000000000000e+00,0.000000000000000000e+00,0.000000000000000000e+00,0.000000000000000000e+00,0.000000000000000000e+00,0.000000000000000000e+00,0.000000000000000000e+00,0.000000000000000000e+00,0.000000000000000000e+00,0.000000000000000000e+00,0.000000000000000000e+00,0.000000000000000000e+00,0.000000000000000000e+00,0.000000000000000000e+00,0.000000000000000000e+00,0.000000000000000000e+00,0.000000000000000000e+00,0.000000000000000000e+00,0.000000000000000000e+00,0.000000000000000000e+00,0.000000000000000000e+00,0.000000000000000000e+00,0.000000000000000000e+00,0.000000000000000000e+00,0.000000000000000000e+00,0.000000000000000000e+00,0.000000000000000000e+00,0.000000000000000000e+00,0.000000000000000000e+00,0.000000000000000000e+00,0.000000000000000000e+00,0.000000000000000000e+00,0.000000000000000000e+00,0.000000000000000000e+00,0.000000000000000000e+00,0.000000000000000000e+00,0.000000000000000000e+00,0.000000000000000000e+00,0.000000000000000000e+00,0.000000000000000000e+00,0.000000000000000000e+00,0.000000000000000000e+00,0.000000000000000000e+00,0.000000000000000000e+00,0.000000000000000000e+00,0.000000000000000000e+00,0.000000000000000000e+00,0.000000000000000000e+00,0.000000000000000000e+00,0.000000000000000000e+00,0.000000000000000000e+00,0.000000000000000000e+00,0.000000000000000000e+00,0.000000000000000000e+00,0.000000000000000000e+00,0.000000000000000000e+00,0.000000000000000000e+00,0.000000000000000000e+00,0.000000000000000000e+00,0.000000000000000000e+00,0.000000000000000000e+00,0.000000000000000000e+00,0.000000000000000000e+00,0.000000000000000000e+00,0.000000000000000000e+00,0.000000000000000000e+00,0.000000000000000000e+00,0.000000000000000000e+00,0.000000000000000000e+00,0.000000000000000000e+00,0.000000000000000000e+00,0.000000000000000000e+00,0.000000000000000000e+00,0.000000000000000000e+00,0.000000000000000000e+00,0.000000000000000000e+00,0.000000000000000000e+00,0.000000000000000000e+00,0.000000000000000000e+00,0.000000000000000000e+00,0.000000000000000000e+00,0.000000000000000000e+00,0.000000000000000000e+00,0.000000000000000000e+00,0.000000000000000000e+00,0.000000000000000000e+00,0.000000000000000000e+00,0.000000000000000000e+00,0.000000000000000000e+00,0.000000000000000000e+00,0.000000000000000000e+00,0.000000000000000000e+00,0.000000000000000000e+00,0.000000000000000000e+00,0.000000000000000000e+00,0.000000000000000000e+00,0.000000000000000000e+00,0.000000000000000000e+00,0.000000000000000000e+00,0.000000000000000000e+00,0.000000000000000000e+00,0.000000000000000000e+00,0.000000000000000000e+00,0.000000000000000000e+00,0.000000000000000000e+00,0.000000000000000000e+00,0.000000000000000000e+00,0.000000000000000000e+00,0.000000000000000000e+00,0.000000000000000000e+00,0.000000000000000000e+00,0.000000000000000000e+00,0.000000000000000000e+00,0.000000000000000000e+00,0.000000000000000000e+00,0.000000000000000000e+00,0.000000000000000000e+00,0.000000000000000000e+00,0.000000000000000000e+00,0.000000000000000000e+00,0.000000000000000000e+00,0.000000000000000000e+00,0.000000000000000000e+00,0.000000000000000000e+00,0.000000000000000000e+00,0.000000000000000000e+00,0.000000000000000000e+00,0.000000000000000000e+00,0.000000000000000000e+00,0.000000000000000000e+00,0.000000000000000000e+00,0.000000000000000000e+00,0.000000000000000000e+00,0.000000000000000000e+00,0.000000000000000000e+00,0.000000000000000000e+00,0.000000000000000000e+00,0.000000000000000000e+00,0.000000000000000000e+00,0.000000000000000000e+00,0.000000000000000000e+00,0.000000000000000000e+00,0.000000000000000000e+00,0.000000000000000000e+00,0.000000000000000000e+00,0.000000000000000000e+00,0.000000000000000000e+00,0.000000000000000000e+00,0.000000000000000000e+00,1.635959067502002883e-03,2.649432731343188876e-03,2.008835887762857198e-03,7.723483487644841562e-04,8.180091488603316618e-05,-2.670024417809105355e-04,-3.732447082653262771e-04,-3.996920004249040841e-04,-3.914643466256485988e-04,-3.835602576534300791e-04,-3.735116953039948088e-04,-3.665725908351309963e-04,-3.591197534722585728e-04,-3.530948389852302791e-04,-3.471526419869791881e-04,-3.423744613911505990e-04,-3.382463366606718882e-04,-3.352344544155204669e-04,-3.330678275217064201e-04,-3.318797067713657014e-04,-3.314963159468306813e-04,-3.318986849745664464e-04,-3.329637209423528849e-04,-3.346107149105616817e-04,-3.367509996668616862e-04,-3.392857622683132911e-04,-3.421520789452024529e-04,-3.452498472193037734e-04,-3.485353703419011577e-04,-3.519167174422927185e-04,-3.553707390868586979e-04,-3.588213374896305334e-04,-3.622628676087200246e-04,-3.656301529842153914e-04,-3.689268180173229847e-04,-3.720993156977319295e-04,-3.751663225592869171e-04,-3.780919186768453124e-04,-3.809043582689047749e-04,-3.835710615673459251e-04,-3.861159440299917370e-04,-3.885071219793267711e-04,-3.907688105233467863e-04,-3.928717227174431149e-04,-3.948367129072026982e-04,-3.966383469703675777e-04,-3.983065479104800255e-04,-3.998321257255801507e-04,-4.012502610353521561e-04,-4.025489387877264529e-04,-4.037534762071966904e-04,-4.048514202165677772e-04,-4.058732650721268002e-04,-4.068168264763513892e-04,-4.077154945627489441e-04,-4.085681719822129715e-04,-4.094070983657127974e-04,-4.102336154414162276e-04,-4.110788823131514649e-04,-4.119420819328980686e-04,-4.128435829906847306e-04,-4.137594255874193442e-04,-4.146697947173078546e-04,-4.155134473013801844e-04,-4.162589520776404381e-04,-4.168756018739895402e-04,-4.173911545274797087e-04,-4.178377312809821169e-04,-4.182774933234998283e-04,-4.187335345687798844e-04,-4.192171978798454792e-04,-4.196865991452213983e-04,-4.201059913562311455e-04,-4.204297726455148926e-04,-4.206605010876791634e-04,-4.208150799341673059e-04,-4.209542579725555574e-04,-4.211299589178583254e-04,-4.214053512202208429e-04,-4.218081738479214889e-04,-4.223611080466708437e-04,-4.230500868151473122e-04,-4.238637310574256052e-04,-4.247682880282369045e-04,-4.257457193482602634e-04,-4.267665825320808137e-04,-4.278221909957762806e-04,-4.288946574352052649e-04,-4.299849919317206897e-04,-4.310829859805613063e-04,-4.321938081386456163e-04,-4.333094846806946079e-04,-4.344350761716351855e-04,-4.355621530253726077e-04,-4.366945973018943636e-04,-4.378237514681050267e-04,-4.389533903300816891e-04,-4.400759246799531622e-04,-4.411960213770701263e-04,-4.423074831517355985e-04,-4.434155185619614468e-04,-4.445145788383694004e-04,-4.456097776552223034e-04,-4.466960283050317739e-04,-4.477786477565584284e-04,-4.488533938577835523e-04,-4.499257516065028380e-04,-4.509915771883184405e-04,-4.520553201132268680e-04,-4.531118829881309283e-04,-4.541643904660197170e-04,-4.552073897525702861e-04,-4.562438264764201814e-04,-4.572690331786431034e-04,-4.582865894012986782e-04,-4.592930377258442535e-04,-4.602927498127181035e-04,-4.612834650015255607e-04,-4.622702674082074248e-04,-4.632519262600765875e-04,-4.642337319148984111e-04,-4.652141236004805262e-04,-4.661961952685017736e-04,-4.671753259023731343e-04,-4.681509050733108617e-04,-4.691161054565439414e-04,-4.700694938218354080e-04,-4.710054538749038956e-04,-4.719247695940025425e-04,-4.728261553168399854e-04,-4.737162350966470678e-04,-4.746002995192767204e-04,-4.754879849655830769e-04,-4.763816253276410189e-04,-4.772818349654514613e-04,-4.781820076085240099e-04,-4.790799964576211538e-04,-4.799762292670340822e-04,-4.808809018023631893e-04,-4.818048623130676412e-04,-4.827598027226351384e-04,-4.837494957431156184e-04,-4.847745173555315611e-04,-4.858305669451621245e-04,-4.869156659831014940e-04,-4.880277467532028748e-04,-4.891675197516547882e-04,-4.903339652220481447e-04,-4.915262298442867744e-04,-4.927406118893893922e-04,-4.939717349048746440e-04,-4.952085028093092907e-04,-4.964341091496538580e-04,-4.976275530539447066e-04,-4.987759022514953256e-04,-4.998923449640494494e-04,-5.010329606861781745e-04,-5.022906407878663078e-04,-5.037462458270171740e-04,-5.053735603325942762e-04,-5.069310003781737992e-04,-5.079239922623086370e-04,-5.077418519881771956e-04,-5.060423824867761426e-04,-5.033096821956860789e-04,-5.013022750815367785e-04,-5.029118841555176630e-04,-5.110369835455426217e-04,-5.265110151860815735e-04,-5.458561926501942453e-04,-5.602616340868403749e-04,-5.575011866798252041e-04,-5.278626239784267983e-04,-4.718478112540457764e-04,-4.009496220164352658e-04,-3.265319578283365780e-04,-2.478989158830987769e-04,-1.499515581589365518e-04,-3.540727661202815884e-05
0.000000000000000000e+00,0.000000000000000000e+00,0.000000000000000000e+00,0.000000000000000000e+00,0.000000000000000000e+00,0.000000000000000000e+00,0.000000000000000000e+00,0.000000000000000000e+00,0.000000000000000000e+00,0.000000000000000000e+00,0.000000000000000000e+00,0.000000000000000000e+00,0.000000000000000000e+00,0.000000000000000000e+00,0.000000000000000000e+00,0.000000000000000000e+00,0.000000000000000000e+00,0.000000000000000000e+00,0.000000000000000000e+00,0.000000000000000000e+00,0.000000000000000000e+00,0.000000000000000000e+00,0.000000000000000000e+00,0.000000000000000000e+00,0.000000000000000000e+00,0.000000000000000000e+00,0.000000000000000000e+00,0.000000000000000000e+00,0.000000000000000000e+00,0.000000000000000000e+00,0.000000000000000000e+00,0.000000000000000000e+00,0.000000000000000000e+00,0.000000000000000000e+00,0.000000000000000000e+00,0.000000000000000000e+00,0.000000000000000000e+00,0.000000000000000000e+00,0.000000000000000000e+00,0.000000000000000000e+00,0.000000000000000000e+00,0.000000000000000000e+00,0.000000000000000000e+00,0.000000000000000000e+00,0.000000000000000000e+00,0.000000000000000000e+00,0.000000000000000000e+00,0.000000000000000000e+00,0.000000000000000000e+00,0.000000000000000000e+00,0.000000000000000000e+00,0.000000000000000000e+00,0.000000000000000000e+00,0.000000000000000000e+00,0.000000000000000000e+00,0.000000000000000000e+00,0.000000000000000000e+00,0.000000000000000000e+00,0.000000000000000000e+00,0.000000000000000000e+00,0.000000000000000000e+00,0.000000000000000000e+00,0.000000000000000000e+00,0.000000000000000000e+00,0.000000000000000000e+00,0.000000000000000000e+00,0.000000000000000000e+00,0.000000000000000000e+00,0.000000000000000000e+00,0.000000000000000000e+00,0.000000000000000000e+00,0.000000000000000000e+00,0.000000000000000000e+00,0.000000000000000000e+00,0.000000000000000000e+00,0.000000000000000000e+00,0.000000000000000000e+00,0.000000000000000000e+00,0.000000000000000000e+00,0.000000000000000000e+00,0.000000000000000000e+00,0.000000000000000000e+00,0.000000000000000000e+00,0.000000000000000000e+00,0.000000000000000000e+00,0.000000000000000000e+00,0.000000000000000000e+00,0.000000000000000000e+00,0.000000000000000000e+00,0.000000000000000000e+00,0.000000000000000000e+00,0.000000000000000000e+00,0.000000000000000000e+00,0.000000000000000000e+00,0.000000000000000000e+00,0.000000000000000000e+00,0.000000000000000000e+00,0.000000000000000000e+00,0.000000000000000000e+00,0.000000000000000000e+00,0.000000000000000000e+00,0.000000000000000000e+00,0.000000000000000000e+00,0.000000000000000000e+00,0.000000000000000000e+00,0.000000000000000000e+00,0.000000000000000000e+00,0.000000000000000000e+00,0.000000000000000000e+00,0.000000000000000000e+00,0.000000000000000000e+00,0.000000000000000000e+00,0.000000000000000000e+00,0.000000000000000000e+00,0.000000000000000000e+00,0.000000000000000000e+00,0.000000000000000000e+00,0.000000000000000000e+00,0.000000000000000000e+00,0.000000000000000000e+00,0.000000000000000000e+00,0.000000000000000000e+00,0.000000000000000000e+00,0.000000000000000000e+00,0.000000000000000000e+00,0.000000000000000000e+00,0.000000000000000000e+00,0.000000000000000000e+00,0.000000000000000000e+00,0.000000000000000000e+00,0.000000000000000000e+00,0.000000000000000000e+00,0.000000000000000000e+00,0.000000000000000000e+00,0.000000000000000000e+00,0.000000000000000000e+00,0.000000000000000000e+00,0.000000000000000000e+00,0.000000000000000000e+00,0.000000000000000000e+00,0.000000000000000000e+00,0.000000000000000000e+00,0.000000000000000000e+00,0.000000000000000000e+00,0.000000000000000000e+00,0.000000000000000000e+00,0.000000000000000000e+00,0.000000000000000000e+00,0.000000000000000000e+00,0.000000000000000000e+00,0.000000000000000000e+00,0.000000000000000000e+00,0.000000000000000000e+00,0.000000000000000000e+00,0.000000000000000000e+00,0.000000000000000000e+00,0.000000000000000000e+00,0.000000000000000000e+00,0.000000000000000000e+00,0.000000000000000000e+00,0.000000000000000000e+00,1.570387376698806174e-03,2.612543091206912839e-03,1.435897804383558241e-03,4.603759032084405031e-04,-1.667437314038238306e-04,-3.773911867072498455e-04,-4.370493580652519373e-04,-4.266632328538038700e-04,-4.151785137832257502e-04,-3.992997487013049871e-04,-3.891020651921529481e-04,-3.782428675263650232e-04,-3.701302108106297849e-04,-3.622383375488294607e-04,-3.562040831985885826e-04,-3.509314035904018939e-04,-3.471528321481893173e-04,-3.442814404291466503e-04,-3.426089403978837471e-04,-3.417639141486967635e-04,-3.418423693655050035e-04,-3.425809218248277777e-04,-3.439945024153385805e-04,-3.458829758597083549e-04,-3.482341088595923475e-04,-3.508918856272464368e-04,-3.538403521511973766e-04,-3.569545044317700474e-04,-3.602212229497066352e-04,-3.635386373787488482e-04,-3.669025477065232608e-04,-3.702340340474586386e-04,-3.735398602554076963e-04,-3.767562769779873215e-04,-3.798941153368328902e-04,-3.829012635769568087e-04,-3.857990674436085157e-04,-3.885538946590554759e-04,-3.911961596414204848e-04,-3.936967112432898696e-04,-3.960797372646404787e-04,-3.983152199315087658e-04,-4.004263074881796712e-04,-4.023858045966125386e-04,-4.042132549499473848e-04,-4.058840565072836261e-04,-4.074254254432633517e-04,-4.088289620709033810e-04,-4.101290209000381186e-04,-4.113163816917105768e-04,-4.124163860197122651e-04,-4.134182361861923807e-04,-4.143504748651708012e-04,-4.152102996920040189e-04,-4.160281899948854202e-04,-4.168031420842107575e-04,-4.175667166568541064e-04,-4.183223538770242523e-04,-4.191020979150676825e-04,-4.199081779434908125e-04,-4.207625834089822377e-04,-4.216448338719365517e-04,-4.225375094910613295e-04,-4.233827021949927239e-04,-4.241480115303705224e-04,-4.247980759076594383e-04,-4.253500679517393536e-04,-4.258252151999333498e-04,-4.262761284001296224e-04,-4.267232090324155091e-04,-4.271807708132264927e-04,-4.276162730355929616e-04,-4.280038379249282159e-04,-4.283059142274312533e-04,-4.285264599597603664e-04,-4.286792965769603168e-04,-4.288185970676036641e-04,-4.289916164465446208e-04,-4.292592379712417022e-04,-4.296511738338553202e-04,-4.301932153343272932e-04,-4.308753580606492699e-04,-4.316883537713102651e-04,-4.325998115315571064e-04,-4.335910362896251572e-04,-4.346319635765184819e-04,-4.357123893138484033e-04,-4.368137694398588127e-04,-4.379360670346975522e-04,-4.390689888120705045e-04,-4.402171786169153836e-04,-4.413728933109671787e-04,-4.425408242074591741e-04,-4.437127510673895118e-04,-4.448921132696959861e-04,-4.460703539206002004e-04,-4.472507662535769759e-04,-4.484258590662070767e-04,-4.495998901809744141e-04,-4.507668313121769338e-04,-4.519315758828543498e-04,-4.530887994429360949e-04,-4.542433592692715670e-04,-4.553904076950651149e-04,-4.565350226162300071e-04,-4.576731823466657282e-04,-4.588101321018535242e-04,-4.599419316512577747e-04,-4.610728043017880734e-04,-4.621978597604178276e-04,-4.633200323792517074e-04,-4.644341023227216447e-04,-4.655428705183366103e-04,-4.666419165975429898e-04,-4.677347027187919878e-04,-4.688180478308866814e-04,-4.698962932850823384e-04,-4.709675329049903508e-04,-4.720368655712493919e-04,-4.731033711195758800e-04,-4.741723293023932689e-04,-4.752425444688536979e-04,-4.763172620728098241e-04,-4.773923114614288992e-04,-4.784671274697751848e-04,-4.795350256874853509e-04,-4.805943229846922006e-04,-4.816393434528067367e-04,-4.826704552270218618e-04,-4.836860260827274393e-04,-4.846920340525276709e-04,-4.856936328680220259e-04,-4.867007325917948029e-04,-4.877167139224564889e-04,-4.887429880804636034e-04,-4.897730928656207801e-04,-4.908036452154551166e-04,-4.918332942388628807e-04,-4.928706300796415266e-04,-4.939263634876037319e-04,-4.950134299348158155e-04,-4.961378829629113467e-04,-4.973022015214687052e-04,-4.985028882938077107e-04,-4.997370410542050553e-04,-5.010005900761320885e-04,-5.022919785331155179e-04,-5.036091516285770130e-04,-5.049522685277626610e-04,-5.063209987438101927e-04,-5.077143652346376027e-04,-5.091244593383339838e-04,-5.105336560658267457e-04,-5.119149829447735677e-04,-5.132462136268948994e-04,-5.145336153854350621e-04,-5.158360497273782336e-04,-5.172633371116620556e-04,-5.189231586209371505e-04,-5.208100427287781125e-04,-5.226734883387698953e-04,-5.239619064553884854e-04,-5.239655183643424866e-04,-5.222458299402458256e-04,-5.192729195256671820e-04,-5.169488507063042674e-04,-5.184756379576501524e-04,-5.271234428495228958e-04,-5.439556851469210148e-04,-5.653648822519381214e-04,-5.819495492755464953e-04,-5.805988737025803226e-04,-5.509590043811247572e-04,-4.937138781373863819e-04,-4.210436237948369793e-04,-3.441636919002513716e-04,-2.614062093283818825e-04,-1.574134124749253011e-04,-3.693080113133598037e-05
0.000000000000000000e+00,0.000000000000000000e+00,0.000000000000000000e+00,0.000000000000000000e+00,0.000000000000000000e+00,0.000000000000000000e+00,0.000000000000000000e+00,0.000000000000000000e+00,0.000000000000000000e+00,0.000000000000000000e+00,0.000000000000000000e+00,0.000000000000000000e+00,0.000000000000000000e+00,0.000000000000000000e+00,0.000000000000000000e+00,0.000000000000000000e+00,0.000000000000000000e+00,0.000000000000000000e+00,0.000000000000000000e+00,0.000000000000000000e+00,0.000000000000000000e+00,0.000000000000000000e+00,0.000000000000000000e+00,0.000000000000000000e+00,0.000000000000000000e+00,0.000000000000000000e+00,0.000000000000000000e+00,0.000000000000000000e+00,0.000000000000000000e+00,0.000000000000000000e+00,0.000000000000000000e+00,0.000000000000000000e+00,0.000000000000000000e+00,0.000000000000000000e+00,0.000000000000000000e+00,0.000000000000000000e+00,0.000000000000000000e+00,0.000000000000000000e+00,0.000000000000000000e+00,0.000000000000000000e+00,0.000000000000000000e+00,0.000000000000000000e+00,0.000000000000000000e+00,0.000000000000000000e+00,0.000000000000000000e+00,0.000000000000000000e+00,0.000000000000000000e+00,0.000000000000000000e+00,0.000000000000000000e+00,0.000000000000000000e+00,0.000000000000000000e+00,0.000000000000000000e+00,0.000000000000000000e+00,0.000000000000000000e+00,0.000000000000000000e+00,0.000000000000000000e+00,0.000000000000000000e+00,0.000000000000000000e+00,0.000000000000000000e+00,0.000000000000000000e+00,0.000000000000000000e+00,0.000000000000000000e+00,0.000000000000000000e+00,0.000000000000000000e+00,0.000000000000000000e+00,0.000000000000000000e+00,0.000000000000000000e+00,0.000000000000000000e+00,0.000000000000000000e+00,0.000000000000000000e+00,0.000000000000000000e+00,0.000000000000000000e+00,0.000000000000000000e+00,0.000000000000000000e+00,0.000000000000000000e+00,0.000000000000000000e+00,0.000000000000000000e+00,0.000000000000000000e+00,0.000000000000000000e+00,0.000000000000000000e+00,0.000000000000000000e+00,0.000000000000000000e+00,0.000000000000000000e+00,0.000000000000000000e+00,0.000000000000000000e+00,0.000000000000000000e+00,0.000000000000000000e+00,0.000000000000000000e+00,0.000000000000000000e+00,0.000000000000000000e+00,0.000000000000000000e+00,0.000000000000000000e+00,0.000000000000000000e+00,0.000000000000000000e+00,0.000000000000000000e+00,0.000000000000000000e+00,0.000000000000000000e+00,0.000000000000000000e+00,0.000000000000000000e+00,0.000000000000000000e+00,0.000000000000000000e+00,0.000000000000000000e+00,0.000000000000000000e+00,0.000000000000000000e+00,0.000000000000000000e+00,0.000000000000000000e+00,0.000000000000000000e+00,0.000000000000000000e+00,0.000000000000000000e+00,0.000000000000000000e+00,0.000000000000000000e+00,0.000000000000000000e+00,0.000000000000000000e+00,0.000000000000000000e+00,0.000000000000000000e+00,0.000000000000000000e+00,0.000000000000000000e+00,0.000000000000000000e+00,0.000000000000000000e+00,0.000000000000000000e+00,0.000000000000000000e+00,0.000000000000000000e+00,0.000000000000000000e+00,0.000000000000000000e+00,0.000000000000000000e+00,0.000000000000000000e+00,0.000000000000000000e+00,0.000000000000000000e+00,0.000000000000000000e+00,0.000000000000000000e+00,0.000000000000000000e+00,0.000000000000000000e+00,0.000000000000000000e+00,0.000000000000000000e+00,0.000000000000000000e+00,0.000000000000000000e+00,0.000000000000000000e+00,0.000000000000000000e+00,0.000000000000000000e+00,0.000000000000000000e+00,0.000000000000000000e+00,0.000000000000000000e+00,0.000000000000000000e+00,0.000000000000000000e+00,0.000000000000000000e+00,0.000000000000000000e+00,0.000000000000000000e+00,0.000000000000000000e+00,0.000000000000000000e+00,0.000000000000000000e+00,0.000000000000000000e+00,0.000000000000000000e+00,0.000000000000000000e+00,0.000000000000000000e+00,0.000000000000000000e+00,0.000000000000000000e+00,0.000000000000000000e+00,0.000000000000000000e+00,0.000000000000000000e+00,0.000000000000000000e+00,0.000000000000000000e+00,3.118720512577828445e-03,2.391148105504515339e-03,1.300258228639122491e-03,2.623340254688563255e-04,-2.548301816906517253e-04,-4.570621015554667227e-04,-4.693769514886873460e-04,-4.546523264477766307e-04,-4.284476636101772662e-04,-4.129351237694945612e-04,-3.974058655232295110e-04,-3.866594957076008613e-04,-3.762989720948086824e-04,-3.685902432891406981e-04,-3.618856298538975489e-04,-3.570719863035368190e-04,-3.533855180037691703e-04,-3.510795799079197707e-04,-3.497594408838195748e-04,-3.494289394334453578e-04,-3.498686934032108585e-04,-3.509930274239947889e-04,-3.526716532882703077e-04,-3.547951005576158168e-04,-3.572844101064582092e-04,-3.600348160468057747e-04,-3.630013438600552872e-04,-3.660925229034080099e-04,-3.692842967043128625e-04,-3.724979013177299320e-04,-3.757245888333476101e-04,-3.789011913231536189e-04,-3.820327882172553312e-04,-3.850676760365678766e-04,-3.880158368742047184e-04,-3.908329921420457937e-04,-3.935382418709097198e-04,-3.961034980640480924e-04,-3.985580347312137018e-04,-4.008780205490569963e-04,-4.030861747870136211e-04,-4.051556115058523358e-04,-4.071072686519828523e-04,-4.089166958113885954e-04,-4.106014779414307570e-04,-4.121384403214064423e-04,-4.135516061738571609e-04,-4.148332893335823519e-04,-4.160160484412388227e-04,-4.170931271101753577e-04,-4.180896040153265396e-04,-4.189969843732671280e-04,-4.198423648436823072e-04,-4.206228722474178471e-04,-4.213659187847013576e-04,-4.220702788009024248e-04,-4.227662308479113542e-04,-4.234591311412945458e-04,-4.241818416905361534e-04,-4.249394795645077797e-04,-4.257547728942299840e-04,-4.266097689017454364e-04,-4.274893312076202758e-04,-4.283404672381906108e-04,-4.291324764889802002e-04,-4.298278574037984350e-04,-4.304341271162919857e-04,-4.309605336604232866e-04,-4.314474659839623587e-04,-4.319096145440887548e-04,-4.323620890175864794e-04,-4.327811405732822107e-04,-4.331517731799103418e-04,-4.334464189198599391e-04,-4.336723513353871792e-04,-4.338415033500699807e-04,-4.340016806719046308e-04,-4.341949142434394144e-04,-4.344789400551867659e-04,-4.348847077423508554e-04,-4.354407382718425228e-04,-4.361410620358895790e-04,-4.369787563820756553e-04,-4.379230432057249151e-04,-4.389547757683240087e-04,-4.400433725626883160e-04,-4.411771297201093909e-04,-4.423367913536579922e-04,-4.435211866486833774e-04,-4.447198346129664615e-04,-4.459367687431657710e-04,-4.471644101848558112e-04,-4.484070498869060259e-04,-4.496566636604103651e-04,-4.509162532369555927e-04,-4.521773626499774892e-04,-4.534428033623248786e-04,-4.547051679747679564e-04,-4.559682887988285023e-04,-4.572262780270581117e-04,-4.584836844655885177e-04,-4.597353684458899158e-04,-4.609858938931960816e-04,-4.622306123632067437e-04,-4.634743332022946550e-04,-4.647132302685238743e-04,-4.659522997399819671e-04,-4.671878059050431505e-04,-4.684237664757645147e-04,-4.696555295191417252e-04,-4.708858825950797459e-04,-4.721098802473233983e-04,-4.733302172553800779e-04,-4.745427431301652574e-04,-4.757508090213796097e-04,-4.769514917660661090e-04,-4.781490700208382814e-04,-4.793419537906210177e-04,-4.805352258983748548e-04,-4.817282428141542606e-04,-4.829262246471914240e-04,-4.841282661901648646e-04,-4.853376815419414999e-04,-4.865506768798160677e-04,-4.877666764805847570e-04,-4.889790864864906666e-04,-4.901859272864956055e-04,-4.913814495032332906e-04,-4.925656617142437676e-04,-4.937366985549935172e-04,-4.948999907651560398e-04,-4.960605532207494747e-04,-4.972284544587367598e-04,-4.984079748738678029e-04,-4.996012607056055576e-04,-5.008020693579823095e-04,-5.020059463114430812e-04,-5.032099220792450025e-04,-5.044210887684305545e-04,-5.056501111775073710e-04,-5.069113028377229694e-04,-5.082131656699554910e-04,-5.095601507147212413e-04,-5.109493644413256588e-04,-5.123764348741644990e-04,-5.138345670963452658e-04,-5.153194256967260018e-04,-5.168281050002538181e-04,-5.183628918204416817e-04,-5.199286559492941355e-04,-5.215305277490571044e-04,-5.231642778088920007e-04,-5.248098191997875367e-04,-5.264305440498998978e-04,-5.279905968464409681e-04,-5.294868773835193724e-04,-5.309827428502596506e-04,-5.326114611281134500e-04,-5.345160148894297124e-04,-5.367165818541147103e-04,-5.389486535691060927e-04,-5.405865568676316690e-04,-5.407982521724746285e-04,-5.390358958066309054e-04,-5.357720587127534151e-04,-5.331094304766575021e-04,-5.346436859128520262e-04,-5.440861347796460429e-04,-5.627323832897865525e-04,-5.867451800736863841e-04,-6.059392483551748589e-04,-6.061160525403535464e-04,-5.762053381890290711e-04,-5.172147637551986234e-04,-4.422677573436544093e-04,-3.626211318050235840e-04,-2.755615286759580595e-04,-1.653037175398576898e-04,-3.855844255977318344e-05
0.000000000000000000e+00,0.000000000000000000e+00,0.000000000000000000e+00,0.000000000000000000e+00,0.000000000000000000e+00,0.000000000000000000e+00,0.000000000000000000e+00,0.000000000000000000e+00,0.000000000000000000e+00,0.000000000000000000e+00,0.000000000000000000e+00,0.000000000000000000e+00,0.000000000000000000e+00,0.000000000000000000e+00,0.000000000000000000e+00,0.000000000000000000e+00,0.000000000000000000e+00,0.000000000000000000e+00,0.000000000000000000e+00,0.000000000000000000e+00,0.000000000000000000e+00,0.000000000000000000e+00,0.000000000000000000e+00,0.000000000000000000e+00,0.000000000000000000e+00,0.000000000000000000e+00,0.000000000000000000e+00,0.000000000000000000e+00,0.000000000000000000e+00,0.000000000000000000e+00,0.000000000000000000e+00,0.000000000000000000e+00,0.000000000000000000e+00,0.000000000000000000e+00,0.000000000000000000e+00,0.000000000000000000e+00,0.000000000000000000e+00,0.000000000000000000e+00,0.000000000000000000e+00,0.000000000000000000e+00,0.000000000000000000e+00,0.000000000000000000e+00,0.000000000000000000e+00,0.000000000000000000e+00,0.000000000000000000e+00,0.000000000000000000e+00,0.000000000000000000e+00,0.000000000000000000e+00,0.000000000000000000e+00,0.000000000000000000e+00,0.000000000000000000e+00,0.000000000000000000e+00,0.000000000000000000e+00,0.000000000000000000e+00,0.000000000000000000e+00,0.000000000000000000e+00,0.000000000000000000e+00,0.000000000000000000e+00,0.000000000000000000e+00,0.000000000000000000e+00,0.000000000000000000e+00,0.000000000000000000e+00,0.000000000000000000e+00,0.000000000000000000e+00,0.000000000000000000e+00,0.000000000000000000e+00,0.000000000000000000e+00,0.000000000000000000e+00,0.000000000000000000e+00,0.000000000000000000e+00,0.000000000000000000e+00,0.000000000000000000e+00,0.000000000000000000e+00,0.000000000000000000e+00,0.000000000000000000e+00,0.000000000000000000e+00,0.000000000000000000e+00,0.000000000000000000e+00,0.000000000000000000e+00,0.000000000000000000e+00,0.000000000000000000e+00,0.000000000000000000e+00,0.000000000000000000e+00,0.000000000000000000e+00,0.000000000000000000e+00,0.000000000000000000e+00,0.000000000000000000e+00,0.000000000000000000e+00,0.000000000000000000e+00,0.000000000000000000e+00,0.000000000000000000e+00,0.000000000000000000e+00,0.000000000000000000e+00,0.000000000000000000e+00,0.000000000000000000e+00,0.000000000000000000e+00,0.000000000000000000e+00,0.000000000000000000e+00,0.000000000000000000e+00,0.000000000000000000e+00,0.000000000000000000e+00,0.000000000000000000e+00,0.000000000000000000e+00,0.000000000000000000e+00,0.000000000000000000e+00,0.000000000000000000e+00,0.000000000000000000e+00,0.000000000000000000e+00,0.000000000000000000e+00,0.000000000000000000e+00,0.000000000000000000e+00,0.000000000000000000e+00,0.000000000000000000e+00,0.000000000000000000e+00,0.000000000000000000e+00,0.000000000000000000e+00,0.000000000000000000e+00,0.000000000000000000e+00,0.000000000000000000e+00,0.000000000000000000e+00,0.000000000000000000e+00,0.000000000000000000e+00,0.000000000000000000e+00,0.000000000000000000e+00,0.000000000000000000e+00,0.000000000000000000e+00,0.000000000000000000e+00,0.000000000000000000e+00,0.000000000000000000e+00,0.000000000000000000e+00,0.000000000000000000e+00,0.000000000000000000e+00,0.000000000000000000e+00,0.000000000000000000e+00,0.000000000000000000e+00,0.000000000000000000e+00,0.000000000000000000e+00,0.000000000000000000e+00,0.000000000000000000e+00,0.000000000000000000e+00,0.000000000000000000e+00,0.000000000000000000e+00,0.000000000000000000e+00,0.000000000000000000e+00,0.000000000000000000e+00,0.000000000000000000e+00,0.000000000000000000e+00,0.000000000000000000e+00,0.000000000000000000e+00,0.000000000000000000e+00,0.000000000000000000e+00,0.000000000000000000e+00,0.000000000000000000e+00,0.000000000000000000e+00,0.000000000000000000e+00,0.000000000000000000e+00,0.000000000000000000e+00,0.000000000000000000e+00,0.000000000000000000e+00,0.000000000000000000e+00,0.000000000000000000e+00,4.057187663904155903e-03,2.764717227852995889e-03,1.196007433128330960e-03,2.380210121913812495e-04,-2.812773099715442792e-04,-4.438575897969800023e-04,-4.801328248789294068e-04,-4.561771279395392185e-04,-4.372717365771744522e-04,-4.160573054235586817e-04,-4.024611200709103079e-04,-3.891519581571774213e-04,-3.796831485669870175e-04,-3.711676600948242248e-04,-3.651699326512840424e-04,-3.603612966676071074e-04,-3.573199579706890340e-04,-3.553172847441723732e-04,-3.545381716152025170e-04,-3.545443431417649878e-04,-3.553788832798062281e-04,-3.567558383877165052e-04,-3.586713906695151522e-04,-3.609257051410701047e-04,-3.635051026830477981e-04,-3.662654149079268132e-04,-3.691987519273141395e-04,-3.721998478988103320e-04,-3.752683447054079341e-04,-3.783236407888364511e-04,-3.813712962643401325e-04,-3.843501835395633131e-04,-3.872735508775870263e-04,-3.900940073046159601e-04,-3.928261036592824206e-04,-3.954294627762102951e-04,-3.979237549252083971e-04,-4.002840012578384970e-04,-4.025392688203497044e-04,-4.046696133267706349e-04,-4.066967259604473660e-04,-4.085962739968600340e-04,-4.103870689992284901e-04,-4.120470752946775233e-04,-4.135919421085652511e-04,-4.150000251355751577e-04,-4.162921830778930333e-04,-4.174612247172868182e-04,-4.185372378633823868e-04,-4.195153064389346904e-04,-4.204198498343615750e-04,-4.212449290816353367e-04,-4.220166695374898960e-04,-4.227327031393340200e-04,-4.234175395708699059e-04,-4.240695071024997028e-04,-4.247170056367374075e-04,-4.253669482130507137e-04,-4.260529536648494618e-04,-4.267829551588310510e-04,-4.275797618054208633e-04,-4.284270066695355797e-04,-4.293114122785201712e-04,-4.301857717498494939e-04,-4.310231218590390777e-04,-4.317861812062591745e-04,-4.324742902618423056e-04,-4.330845307991464739e-04,-4.336432177011477398e-04,-4.341566593276275374e-04,-4.346384357158868681e-04,-4.350725006750871620e-04,-4.354551082159866383e-04,-4.357700755783417454e-04,-4.360296756495359895e-04,-4.362452119454287452e-04,-4.364586013708734828e-04,-4.367063874691292399e-04,-4.370424959775285321e-04,-4.374984308418487203e-04,-4.381050119114643761e-04,-4.388601790780116522e-04,-4.397594456452670153e-04,-4.407738454058363086e-04,-4.418839701026457405e-04,-4.430588326323742611e-04,-4.442852636310639660e-04,-4.455432542959971418e-04,-4.468304194897001406e-04,-4.481359836072812950e-04,-4.494632714830690333e-04,-4.508047853841432614e-04,-4.521643686533683738e-04,-4.535341699478689947e-04,-4.549167553523966040e-04,-4.563037747358432666e-04,-4.576975659337008547e-04,-4.590908033621839569e-04,-4.604868903422708521e-04,-4.618800665997951395e-04,-4.632745211646688852e-04,-4.646652729356632303e-04,-4.660565625633086655e-04,-4.674439031781546104e-04,-4.688318008758279062e-04,-4.702165918168057113e-04,-4.716030005296221539e-04,-4.729874817115193772e-04,-4.743738485960397847e-04,-4.757576993983336734e-04,-4.771416984049045920e-04,-4.785212015453623033e-04,-4.798988266584947276e-04,-4.812707163788008491e-04,-4.826401240808379984e-04,-4.840043791406002725e-04,-4.853676763085189023e-04,-4.867287120785140117e-04,-4.880925264848473923e-04,-4.894587252656991839e-04,-4.908324276677154428e-04,-4.922129518873225550e-04,-4.936035964767316242e-04,-4.950008626260103337e-04,-4.964040966177708444e-04,-4.978067367806863174e-04,-4.992064578357744776e-04,-5.005974227631536724e-04,-5.019793382889595071e-04,-5.033502325723286479e-04,-5.047151141895038625e-04,-5.060788832681960801e-04,-5.074516463464233407e-04,-5.088383798073987030e-04,-5.102418079323090905e-04,-5.116559003858309630e-04,-5.130752867295399486e-04,-5.144956340284174545e-04,-5.159228227670924509e-04,-5.173677504739942774e-04,-5.188463499461910561e-04,-5.203696857166909126e-04,-5.219440245836705914e-04,-5.235665255881628843e-04,-5.252304688700584583e-04,-5.269254608513510322e-04,-5.286440881235427401e-04,-5.303833688637938325e-04,-5.321496865941534836e-04,-5.339556534965617888e-04,-5.358143804574402001e-04,-5.377250057120444094e-04,-5.396616818940440331e-04,-5.415724490844153098e-04,-5.434021915944961404e-04,-5.451363328188886526e-04,-5.468470644337062453e-04,-5.487015470372893448e-04,-5.508901486945417657e-04,-5.534640711918449932e-04,-5.561360075915343240e-04,-5.581815881349265441e-04,-5.586165086813623922e-04,-5.567693681290525592e-04,-5.531415394353121151e-04,-5.501116827218112057e-04,-5.517716934464867015e-04,-5.623500355815616580e-04,-5.833647430987131581e-04,-6.106172558372418386e-04,-6.329075651405673087e-04,-6.347173411860071012e-04,-6.041888908429827922e-04,-5.428232187644616274e-04,-4.649764442251561459e-04,-3.821653098004202461e-04,-2.905647559644535167e-04,-1.737105938417021192e-04,-4.028799644212219629e-05
0.000000000000000000e+00,0.000000000000000000e+00,0.000000000000000000e+00,0.000000000000000000e+00,0.000000000000000000e+00,0.000000000000000000e+00,0.000000000000000000e+00,0.000000000000000000e+00,0.000000000000000000e+00,0.000000000000000000e+00,0.000000000000000000e+00,0.000000000000000000e+00,0.000000000000000000e+00,0.000000000000000000e+00,0.000000000000000000e+00,0.000000000000000000e+00,0.000000000000000000e+00,0.000000000000000000e+00,0.000000000000000000e+00,0.000000000000000000e+00,0.000000000000000000e+00,0.000000000000000000e+00,0.000000000000000000e+00,0.000000000000000000e+00,0.000000000000000000e+00,0.000000000000000000e+00,0.000000000000000000e+00,0.000000000000000000e+00,0.000000000000000000e+00,0.000000000000000000e+00,0.000000000000000000e+00,0.000000000000000000e+00,0.000000000000000000e+00,0.000000000000000000e+00,0.000000000000000000e+00,0.000000000000000000e+00,0.000000000000000000e+00,0.000000000000000000e+00,0.000000000000000000e+00,0.000000000000000000e+00,0.000000000000000000e+00,0.000000000000000000e+00,0.000000000000000000e+00,0.000000000000000000e+00,0.000000000000000000e+00,0.000000000000000000e+00,0.000000000000000000e+00,0.000000000000000000e+00,0.000000000000000000e+00,0.000000000000000000e+00,0.000000000000000000e+00,0.000000000000000000e+00,0.000000000000000000e+00,0.000000000000000000e+00,0.000000000000000000e+00,0.000000000000000000e+00,0.000000000000000000e+00,0.000000000000000000e+00,0.000000000000000000e+00,0.000000000000000000e+00,0.000000000000000000e+00,0.000000000000000000e+00,0.000000000000000000e+00,0.000000000000000000e+00,0.000000000000000000e+00,0.000000000000000000e+00,0.000000000000000000e+00,0.000000000000000000e+00,0.000000000000000000e+00,0.000000000000000000e+00,0.000000000000000000e+00,0.000000000000000000e+00,0.000000000000000000e+00,0.000000000000000000e+00,0.000000000000000000e+00,0.000000000000000000e+00,0.000000000000000000e+00,0.000000000000000000e+00,0.000000000000000000e+00,0.000000000000000000e+00,0.000000000000000000e+00,0.000000000000000000e+00,0.000000000000000000e+00,0.000000000000000000e+00,0.000000000000000000e+00,0.000000000000000000e+00,0.000000000000000000e+00,0.000000000000000000e+00,0.000000000000000000e+00,0.000000000000000000e+00,0.000000000000000000e+00,0.000000000000000000e+00,0.000000000000000000e+00,0.000000000000000000e+00,0.000000000000000000e+00,0.000000000000000000e+00,0.000000000000000000e+00,0.000000000000000000e+00,0.000000000000000000e+00,0.000000000000000000e+00,0.000000000000000000e+00,0.000000000000000000e+00,0.000000000000000000e+00,0.000000000000000000e+00,0.000000000000000000e+00,0.000000000000000000e+00,0.000000000000000000e+00,0.000000000000000000e+00,0.000000000000000000e+00,0.000000000000000000e+00,0.000000000000000000e+00,0.000000000000000000e+00,0.000000000000000000e+00,0.000000000000000000e+00,0.000000000000000000e+00,0.000000000000000000e+00,0.000000000000000000e+00,0.000000000000000000e+00,0.000000000000000000e+00,0.000000000000000000e+00,0.000000000000000000e+00,0.000000000000000000e+00,0.000000000000000000e+00,0.000000000000000000e+00,0.000000000000000000e+00,0.000000000000000000e+00,0.000000000000000000e+00,0.000000000000000000e+00,0.000000000000000000e+00,0.000000000000000000e+00,0.000000000000000000e+00,0.000000000000000000e+00,0.000000000000000000e+00,0.000000000000000000e+00,0.000000000000000000e+00,0.000000000000000000e+00,0.000000000000000000e+00,0.000000000000000000e+00,0.000000000000000000e+00,0.000000000000000000e+00,0.000000000000000000e+00,0.000000000000000000e+00,0.000000000000000000e+00,0.000000000000000000e+00,0.000000000000000000e+00,0.000000000000000000e+00,0.000000000000000000e+00,0.000000000000000000e+00,0.000000000000000000e+00,0.000000000000000000e+00,0.000000000000000000e+00,0.000000000000000000e+00,0.000000000000000000e+00,0.000000000000000000e+00,0.000000000000000000e+00,0.000000000000000000e+00,0.000000000000000000e+00,0.000000000000000000e+00,0.000000000000000000e+00,0.000000000000000000e+00,2.005859430256586896e-03,3.035533775382765354e-03,1.743917128411747591e-03,5.686990722008573645e-04,-1.501048508221984189e-04,-4.168813152836707754e-04,-4.990251400615762153e-04,-4.818498552100073718e-04,-4.616635770128539075e-04,-4.340925339913879089e-04,-4.172078873470950588e-04,-4.006070281192053504e-04,-3.893348855519183850e-04,-3.789472412657870007e-04,-3.716168125083860532e-04,-3.655453854301878177e-04,-3.615230976380479706e-04,-3.586924340441770384e-04,-3.572388079795250394e-04,-3.567138028436214292e-04,-3.570859500708693486e-04,-3.581104045394448284e-04,-3.596922228904760933e-04,-3.616935030813422719e-04,-3.640113742016110716e-04,-3.665679865545763022e-04,-3.692731614903579647e-04,-3.720880595117518285e-04,-3.749420218928469807e-04,-3.778212504156581802e-04,-3.806699525237454635e-04,-3.834875823052261287e-04,-3.862300912068215484e-04,-3.889070936789389230e-04,-3.914838167078426635e-04,-3.939727360009042940e-04,-3.963423256034495786e-04,-3.986091917098329770e-04,-4.007539569479661302e-04,-4.028030104093641519e-04,-4.047412967974313241e-04,-4.065880426682254973e-04,-4.083219940163530706e-04,-4.099589954078967685e-04,-4.114795527059889090e-04,-4.128969568540951426e-04,-4.141913630989187221e-04,-4.153804281112417397e-04,-4.164574135873679809e-04,-4.174493484489115642e-04,-4.183524962254567573e-04,-4.191900638227711272e-04,-4.199585863353497454e-04,-4.206834981279067450e-04,-4.213634568268635121e-04,-4.220204486681325960e-04,-4.226522631638121716e-04,-4.232848864499501817e-04,-4.239262894088151432e-04,-4.246106742724056120e-04,-4.253486685357004663e-04,-4.261627088568815621e-04,-4.270372869997205497e-04,-4.279605039227742385e-04,-4.288912182192392659e-04,-4.298074548165431376e-04,-4.306740314930381343e-04,-4.314838123043082110e-04,-4.322222903789308714e-04,-4.329007672315876207e-04,-4.335151041374395967e-04,-4.340751374759929584e-04,-4.345710553459682297e-04,-4.350100896222000666e-04,-4.353882118160349126e-04,-4.357240036426187767e-04,-4.360293551844547058e-04,-4.363409913636670068e-04,-4.366900067329610260e-04,-4.371260930037717597e-04,-4.376807267169454340e-04,-4.383865788585544331e-04,-4.392452933040997035e-04,-4.402548459449443061e-04,-4.413882254186955604e-04,-4.426259315746557794e-04,-4.439366900693465269e-04,-4.453059217801019613e-04,-4.467128495094080105e-04,-4.481538134218972388e-04,-4.496176474111663723e-04,-4.511068673240905863e-04,-4.526139624829939511e-04,-4.541422635456972994e-04,-4.556840526040783026e-04,-4.572414488398375792e-04,-4.588062077485921173e-04,-4.603802010682945894e-04,-4.619561896073350613e-04,-4.635371538847713846e-04,-4.651174646994798772e-04,-4.667009548763563303e-04,-4.682827982368063932e-04,-4.698669012738493247e-04,-4.714489173096077386e-04,-4.730330223496491317e-04,-4.746156850396761437e-04,-4.762013312554346390e-04,-4.777865840836191536e-04,-4.793750381076663115e-04,-4.809625355022877297e-04,-4.825516181237767270e-04,-4.841379496598144806e-04,-4.857240809413520231e-04,-4.873064597989196548e-04,-4.888882498818081018e-04,-4.904670313123608719e-04,-4.920468986450304578e-04,-4.936268112884658167e-04,-4.952117430692677506e-04,-4.968015287332212164e-04,-4.984011550473812797e-04,-5.000101094476096719e-04,-5.016315980698312846e-04,-5.032623389154729232e-04,-5.049015348465901764e-04,-5.065426086749828284e-04,-5.081828569765596288e-04,-5.098163609020269719e-04,-5.114425980167772385e-04,-5.130596310487289596e-04,-5.146721829164624482e-04,-5.162850646130392107e-04,-5.179082671729609219e-04,-5.195471824921893064e-04,-5.212048501074320866e-04,-5.228753682377908565e-04,-5.245526176195333852e-04,-5.262312909781388789e-04,-5.279165585798417963e-04,-5.296200352952404322e-04,-5.313595828342496325e-04,-5.331487958498211562e-04,-5.349952255264508365e-04,-5.368950543381877192e-04,-5.388379491591094002e-04,-5.408090139600852091e-04,-5.427979262245750383e-04,-5.448033690134577653e-04,-5.468389003950464020e-04,-5.489281665817201655e-04,-5.510938612331201967e-04,-5.533366573242482845e-04,-5.556190599133864613e-04,-5.578655196407125661e-04,-5.599948765268080234e-04,-5.619806382160172625e-04,-5.639125853244961921e-04,-5.660081877689139215e-04,-5.685214668155055221e-04,-5.715397052674629514e-04,-5.747371993867025387e-04,-5.772556553111533656e-04,-5.779190856494956143e-04,-5.759185266839104847e-04,-5.718236564047535263e-04,-5.683880302593590037e-04,-5.703219023848283631e-04,-5.824497879328346126e-04,-6.064812669385599838e-04,-6.376898021533198820e-04,-6.635941932324895690e-04,-6.671106459010640258e-04,-6.355374618327362625e-04,-5.710679973928190238e-04,-4.895824570957186053e-04,-4.030814711567334862e-04,-3.065893652162748808e-04,-1.827687276323104520e-04,-4.218032782813920027e-05
0.000000000000000000e+00,0.000000000000000000e+00,0.000000000000000000e+00,0.000000000000000000e+00,0.000000000000000000e+00,0.000000000000000000e+00,0.000000000000000000e+00,0.000000000000000000e+00,0.000000000000000000e+00,0.000000000000000000e+00,0.000000000000000000e+00,0.000000000000000000e+00,0.000000000000000000e+00,0.000000000000000000e+00,0.000000000000000000e+00,0.000000000000000000e+00,0.000000000000000000e+00,0.000000000000000000e+00,0.000000000000000000e+00,0.000000000000000000e+00,0.000000000000000000e+00,0.000000000000000000e+00,0.000000000000000000e+00,0.000000000000000000e+00,0.000000000000000000e+00,0.000000000000000000e+00,0.000000000000000000e+00,0.000000000000000000e+00,0.000000000000000000e+00,0.000000000000000000e+00,0.000000000000000000e+00,0.000000000000000000e+00,0.000000000000000000e+00,0.000000000000000000e+00,0.000000000000000000e+00,0.000000000000000000e+00,0.000000000000000000e+00,0.000000000000000000e+00,0.000000000000000000e+00,0.000000000000000000e+00,0.000000000000000000e+00,0.000000000000000000e+00,0.000000000000000000e+00,0.000000000000000000e+00,0.000000000000000000e+00,0.000000000000000000e+00,0.000000000000000000e+00,0.000000000000000000e+00,0.000000000000000000e+00,0.000000000000000000e+00,0.000000000000000000e+00,0.000000000000000000e+00,0.000000000000000000e+00,0.000000000000000000e+00,0.000000000000000000e+00,0.000000000000000000e+00,0.000000000000000000e+00,0.000000000000000000e+00,0.000000000000000000e+00,0.000000000000000000e+00,0.000000000000000000e+00,0.000000000000000000e+00,0.000000000000000000e+00,0.000000000000000000e+00,0.000000000000000000e+00,0.000000000000000000e+00,0.000000000000000000e+00,0.000000000000000000e+00,0.000000000000000000e+00,0.000000000000000000e+00,0.000000000000000000e+00,0.000000000000000000e+00,0.000000000000000000e+00,0.000000000000000000e+00,0.000000000000000000e+00,0.000000000000000000e+00,0.000000000000000000e+00,0.000000000000000000e+00,0.000000000000000000e+00,0.000000000000000000e+00,0.000000000000000000e+00,0.000000000000000000e+00,0.000000000000000000e+00,0.000000000000000000e+00,0.000000000000000000e+00,0.000000000000000000e+00,0.000000000000000000e+00,0.000000000000000000e+00,0.000000000000000000e+00,0.000000000000000000e+00,0.000000000000000000e+00,0.000000000000000000e+00,0.000000000000000000e+00,0.000000000000000000e+00,0.000000000000000000e+00,0.000000000000000000e+00,0.000000000000000000e+00,0.000000000000000000e+00,0.000000000000000000e+00,0.000000000000000000e+00,0.000000000000000000e+00,0.000000000000000000e+00,0.000000000000000000e+00,0.000000000000000000e+00,0.000000000000000000e+00,0.000000000000000000e+00,0.000000000000000000e+00,0.000000000000000000e+00,0.000000000000000000e+00,0.000000000000000000e+00,0.000000000000000000e+00,0.000000000000000000e+00,0.000000000000000000e+00,0.000000000000000000e+00,0.000000000000000000e+00,0.000000000000000000e+00,0.000000000000000000e+00,0.000000000000000000e+00,0.000000000000000000e+00,0.000000000000000000e+00,0.000000000000000000e+00,0.000000000000000000e+00,0.000000000000000000e+00,0.000000000000000000e+00,0.000000000000000000e+00,0.000000000000000000e+00,0.000000000000000000e+00,0.000000000000000000e+00,0.000000000000000000e+00,0.000000000000000000e+00,0.000000000000000000e+00,0.000000000000000000e+00,0.000000000000000000e+00,0.000000000000000000e+00,0.000000000000000000e+00,0.000000000000000000e+00,0.000000000000000000e+00,0.000000000000000000e+00,0.000000000000000000e+00,0.000000000000000000e+00,0.000000000000000000e+00,0.000000000000000000e+00,0.000000000000000000e+00,0.000000000000000000e+00,0.000000000000000000e+00,0.000000000000000000e+00,0.000000000000000000e+00,0.000000000000000000e+00,0.000000000000000000e+00,0.000000000000000000e+00,0.000000000000000000e+00,0.000000000000000000e+00,0.000000000000000000e+00,0.000000000000000000e+00,0.000000000000000000e+00,0.000000000000000000e+00,0.000000000000000000e+00,0.000000000000000000e+00,0.000000000000000000e+00,0.000000000000000000e+00,2.687042658131125281e-03,2.464614058067750215e-03,1.310025581359001339e-03,2.509003543971323274e-04,-2.535672716183241392e-04,-4.574223516456505582e-04,-4.796269543303834679e-04,-4.710070595732402331e-04,-4.431116892527802776e-04,-4.265480659466536922e-04,-4.083102698188536194e-04,-3.964639792123890731e-04,-3.846883260550302522e-04,-3.764390856057410885e-04,-3.690993456034683266e-04,-3.641133910795508522e-04,-3.602369014356611942e-04,-3.579840734565571279e-04,-3.566752208671951211e-04,-3.564532053271859827e-04,-3.569111835287476042e-04,-3.580629867513376776e-04,-3.596484634771435554e-04,-3.616464126915563569e-04,-3.638818369267812769e-04,-3.663319007800250738e-04,-3.688761127497156749e-04,-3.715032034918968056e-04,-3.741326169150108855e-04,-3.767669425890256621e-04,-3.793511848246697228e-04,-3.818950268529433599e-04,-3.843584706547528099e-04,-3.867565014749127375e-04,-3.890595610225530969e-04,-3.912831613833100096e-04,-3.934007704415636497e-04,-3.954290289720666465e-04,-3.973519209862364366e-04,-3.991945122132373332e-04,-4.009449995252004832e-04,-4.026206902990353445e-04,-4.042024152225538128e-04,-4.057032168087433099e-04,-4.071053703819912440e-04,-4.084198241625868440e-04,-4.096282486499967400e-04,-4.107453404362541231e-04,-4.117645872629287261e-04,-4.127096506725573197e-04,-4.135772131770137894e-04,-4.143887182648280034e-04,-4.151427288307199146e-04,-4.158640531135686120e-04,-4.165527031877695610e-04,-4.172286331181179471e-04,-4.178890989470813327e-04,-4.185572810710861758e-04,-4.192416351954272825e-04,-4.199766067037898737e-04,-4.207752039830943815e-04,-4.216591734185523143e-04,-4.226134552163216831e-04,-4.236272079582565600e-04,-4.246652159540523978e-04,-4.257109465131408564e-04,-4.267325023693677643e-04,-4.277178896768222150e-04,-4.286421361103996642e-04,-4.295014876668837018e-04,-4.302800748531651772e-04,-4.309821342813712885e-04,-4.316024271883358177e-04,-4.321583094307526458e-04,-4.326579886794591312e-04,-4.331271810178617806e-04,-4.335794339756817426e-04,-4.340471377650371304e-04,-4.345562725085383633e-04,-4.351521418375537569e-04,-4.358657589419122607e-04,-4.367312187293195857e-04,-4.377536057632760557e-04,-4.389333077748820439e-04,-4.402453522210537798e-04,-4.416702894498944097e-04,-4.431766789164991237e-04,-4.447486088340833733e-04,-4.463645500358018824e-04,-4.480195386252626313e-04,-4.497019478992712242e-04,-4.514133967958373537e-04,-4.531462685648309928e-04,-4.549033041476890134e-04,-4.566768638898200208e-04,-4.584685908456568671e-04,-4.602703340910005610e-04,-4.620834985542993665e-04,-4.639009361131683730e-04,-4.657252148583833134e-04,-4.675508535535920175e-04,-4.693813505382050683e-04,-4.712120570285144392e-04,-4.730465607688003429e-04,-4.748806608486574876e-04,-4.767181961511960872e-04,-4.785557535001862652e-04,-4.803974395327893711e-04,-4.822400254089694071e-04,-4.840868653617911763e-04,-4.859340269903554121e-04,-4.877839102637630082e-04,-4.896324711296453237e-04,-4.914821789912342774e-04,-4.933297797306319824e-04,-4.951783404678888889e-04,-4.970256846101043981e-04,-4.988757879700792377e-04,-5.007278505729800691e-04,-5.025867563609538648e-04,-5.044525524328839034e-04,-5.063300683022591790e-04,-5.082189190744914849e-04,-5.101221532404488735e-04,-5.120366398704736654e-04,-5.139613883949399695e-04,-5.158897863083452108e-04,-5.178187575940198205e-04,-5.197423484202880759e-04,-5.216599093159855196e-04,-5.235696914046637611e-04,-5.254762608485108498e-04,-5.273843342777453404e-04,-5.293035702400905639e-04,-5.312394014937753739e-04,-5.331948230092985880e-04,-5.351639346472662241e-04,-5.371401040493562319e-04,-5.391176313078603535e-04,-5.411017348322716327e-04,-5.431054203089066010e-04,-5.451487692936293067e-04,-5.472475580774898742e-04,-5.494095315693025162e-04,-5.516282497691199624e-04,-5.538881490141616803e-04,-5.561691210566410779e-04,-5.584590021015208624e-04,-5.607612661556705350e-04,-5.631010886026118888e-04,-5.655169469495419576e-04,-5.680417558017023969e-04,-5.706732162729540297e-04,-5.733527669064745862e-04,-5.759700943371040766e-04,-5.784110096516605765e-04,-5.806402575640899535e-04,-5.827812099386706036e-04,-5.851259016379542184e-04,-5.880129084376743221e-04,-5.915676612448972534e-04,-5.953996364301948228e-04,-5.984658045728940504e-04,-5.993481010692442096e-04,-5.970879156147355579e-04,-5.923828238157526158e-04,-5.884890742499169613e-04,-5.908782086227128312e-04,-6.050429215804775922e-04,-6.328195503980227994e-04,-6.687407035615566949e-04,-6.987499315953624038e-04,-7.039626598020491850e-04,-6.708254647200343748e-04,-6.024569311585936107e-04,-5.165384507657149902e-04,-4.257370712725312050e-04,-3.238979579130604703e-04,-1.925802544867670843e-04,-4.423048130817661805e-05
0.000000000000000000e+00,0.000000000000000000e+00,0.000000000000000000e+00,0.000000000000000000e+00,0.000000000000000000e+00,0.000000000000000000e+00,0.000000000000000000e+00,0.000000000000000000e+00,0.000000000000000000e+00,0.000000000000000000e+00,0.000000000000000000e+00,0.000000000000000000e+00,0.000000000000000000e+00,0.000000000000000000e+00,0.000000000000000000e+00,0.000000000000000000e+00,0.000000000000000000e+00,0.000000000000000000e+00,0.000000000000000000e+00,0.000000000000000000e+00,0.000000000000000000e+00,0.000000000000000000e+00,0.000000000000000000e+00,0.000000000000000000e+00,0.000000000000000000e+00,0.000000000000000000e+00,0.000000000000000000e+00,0.000000000000000000e+00,0.000000000000000000e+00,0.000000000000000000e+00,0.000000000000000000e+00,0.000000000000000000e+00,0.000000000000000000e+00,0.000000000000000000e+00,0.000000000000000000e+00,0.000000000000000000e+00,0.000000000000000000e+00,0.000000000000000000e+00,0.000000000000000000e+00,0.000000000000000000e+00,0.000000000000000000e+00,0.000000000000000000e+00,0.000000000000000000e+00,0.000000000000000000e+00,0.000000000000000000e+00,0.000000000000000000e+00,0.000000000000000000e+00,0.000000000000000000e+00,0.000000000000000000e+00,0.000000000000000000e+00,0.000000000000000000e+00,0.000000000000000000e+00,0.000000000000000000e+00,0.000000000000000000e+00,0.000000000000000000e+00,0.000000000000000000e+00,0.000000000000000000e+00,0.000000000000000000e+00,0.000000000000000000e+00,0.000000000000000000e+00,0.000000000000000000e+00,0.000000000000000000e+00,0.000000000000000000e+00,0.000000000000000000e+00,0.000000000000000000e+00,0.000000000000000000e+00,0.000000000000000000e+00,0.000000000000000000e+00,0.000000000000000000e+00,0.000000000000000000e+00,0.000000000000000000e+00,0.000000000000000000e+00,0.000000000000000000e+00,0.000000000000000000e+00,0.000000000000000000e+00,0.000000000000000000e+00,0.000000000000000000e+00,0.000000000000000000e+00,0.000000000000000000e+00,0.000000000000000000e+00,0.000000000000000000e+00,0.000000000000000000e+00,0.000000000000000000e+00,0.000000000000000000e+00,0.000000000000000000e+00,0.000000000000000000e+00,0.000000000000000000e+00,0.000000000000000000e+00,0.000000000000000000e+00,0.000000000000000000e+00,0.000000000000000000e+00,0.000000000000000000e+00,0.000000000000000000e+00,0.000000000000000000e+00,0.000000000000000000e+00,0.000000000000000000e+00,0.000000000000000000e+00,0.000000000000000000e+00,0.000000000000000000e+00,0.000000000000000000e+00,0.000000000000000000e+00,0.000000000000000000e+00,0.000000000000000000e+00,0.000000000000000000e+00,0.000000000000000000e+00,0.000000000000000000e+00,0.000000000000000000e+00,0.000000000000000000e+00,0.000000000000000000e+00,0.000000000000000000e+00,0.000000000000000000e+00,0.000000000000000000e+00,0.000000000000000000e+00,0.000000000000000000e+00,0.000000000000000000e+00,0.000000000000000000e+00,0.000000000000000000e+00,0.000000000000000000e+00,0.000000000000000000e+00,0.000000000000000000e+00,0.000000000000000000e+00,0.000000000000000000e+00,0.000000000000000000e+00,0.000000000000000000e+00,0.000000000000000000e+00,0.000000000000000000e+00,0.000000000000000000e+00,0.000000000000000000e+00,0.000000000000000000e+00,0.000000000000000000e+00,0.000000000000000000e+00,0.000000000000000000e+00,0.000000000000000000e+00,0.000000000000000000e+00,0.000000000000000000e+00,0.000000000000000000e+00,0.000000000000000000e+00,0.000000000000000000e+00,0.000000000000000000e+00,0.000000000000000000e+00,0.000000000000000000e+00,0.000000000000000000e+00,0.000000000000000000e+00,0.000000000000000000e+00,0.000000000000000000e+00,0.000000000000000000e+00,0.000000000000000000e+00,0.000000000000000000e+00,0.000000000000000000e+00,0.000000000000000000e+00,0.000000000000000000e+00,0.000000000000000000e+00,0.000000000000000000e+00,0.000000000000000000e+00,0.000000000000000000e+00,0.000000000000000000e+00,0.000000000000000000e+00,0.000000000000000000e+00,0.000000000000000000e+00,0.000000000000000000e+00,4.186106383774390940e-03,2.834953524280817410e-03,1.300173186631602270e-03,2.823371412299051212e-04,-2.478335199063106406e-04,-3.995705285195760566e-04,-4.423391847132924939e-04,-4.304759407269768273e-04,-4.220340351613268174e-04,-4.070708394605853449e-04,-3.979224743402761397e-04,-3.867898278211579898e-04,-3.788301053533552477e-04,-3.708973616734425748e-04,-3.652282633450194501e-04,-3.604069024850802298e-04,-3.572514922152082609e-04,-3.550417987193880509e-04,-3.539999042640923940e-04,-3.537282117381256616e-04,-3.542234338313066263e-04,-3.552534363032330529e-04,-3.567447514653934227e-04,-3.585592474854875007e-04,-3.606138430361460171e-04,-3.628276067113573970e-04,-3.651290743664537572e-04,-3.674766189675150361e-04,-3.698191191512493234e-04,-3.721441219586569117e-04,-3.744176955446264958e-04,-3.766426583583618623e-04,-3.787941655646332438e-04,-3.808832182878932869e-04,-3.828914592372384645e-04,-3.848324136401468109e-04,-3.866880551563754470e-04,-3.884727475840026273e-04,-3.901757597226348834e-04,-3.918194922073670516e-04,-3.933960055609669014e-04,-3.949198672638394971e-04,-3.963741022895258181e-04,-3.977684288850563796e-04,-3.990865477666203048e-04,-4.003366342023262857e-04,-4.015016234848886264e-04,-4.025932542044851790e-04,-4.036050489692900173e-04,-4.045570242263889574e-04,-4.054455992455221732e-04,-4.062898655947656226e-04,-4.070897346778069447e-04,-4.078691837088102567e-04,-4.086296705538292398e-04,-4.093895606792716398e-04,-4.101456483897389241e-04,-4.109181007252644176e-04,-4.117153131689640661e-04,-4.125714482131561289e-04,-4.135013113569031883e-04,-4.145256860828724324e-04,-4.156298930217058873e-04,-4.168041044414821580e-04,-4.180186503136069280e-04,-4.192621893817622780e-04,-4.205065311794516764e-04,-4.217361207060321671e-04,-4.229169433373782244e-04,-4.240309318468298331e-04,-4.250500699471178724e-04,-4.259716904752374020e-04,-4.267934670716770347e-04,-4.275415421686870935e-04,-4.282357553478146868e-04,-4.289092292042463988e-04,-4.295780131429119018e-04,-4.302711188054804555e-04,-4.310100248736250324e-04,-4.318357787000964712e-04,-4.327786783319922297e-04,-4.338738729212015068e-04,-4.351295941504833439e-04,-4.365485241683227146e-04,-4.381077545862246936e-04,-4.397879939056992477e-04,-4.415577516827258573e-04,-4.433998759453613579e-04,-4.452921338829787237e-04,-4.472282642604936769e-04,-4.491961469814696522e-04,-4.511964430237597754e-04,-4.532213531493467507e-04,-4.552729523440448255e-04,-4.573436170237339476e-04,-4.594344704083620497e-04,-4.615374313170433700e-04,-4.636534261811705009e-04,-4.657753988416379713e-04,-4.679055143712648876e-04,-4.700384642543375979e-04,-4.721774469017636449e-04,-4.743180361687153153e-04,-4.764635423767936461e-04,-4.786099461618894624e-04,-4.807607681182438672e-04,-4.829127222630511256e-04,-4.850695902929061084e-04,-4.872282814798649473e-04,-4.893918890753494108e-04,-4.915566832594351222e-04,-4.937248891003792215e-04,-4.958927218997713536e-04,-4.980625325801161466e-04,-5.002313374664334482e-04,-5.024020820975748239e-04,-5.045728155501360028e-04,-5.067473700181422029e-04,-5.089251615435562252e-04,-5.111109564905804824e-04,-5.133049959906544430e-04,-5.155119282460828272e-04,-5.177314622567886267e-04,-5.199664348149083239e-04,-5.222138180190630729e-04,-5.244724041493329259e-04,-5.267355690225856328e-04,-5.289999257948595516e-04,-5.312595900467492705e-04,-5.335139235145528076e-04,-5.357615219202334269e-04,-5.380068860776069566e-04,-5.402545630904204230e-04,-5.425135670056609573e-04,-5.447889003674412367e-04,-5.470830930718941247e-04,-5.493901525698872490e-04,-5.517033302060256762e-04,-5.540173887609021238e-04,-5.563386306910194550e-04,-5.586822486722049135e-04,-5.610706409212560565e-04,-5.635208676010086942e-04,-5.660389930915141242e-04,-5.686136229361657976e-04,-5.712221475954896771e-04,-5.738391716310817757e-04,-5.764532128879146450e-04,-5.790775434092947744e-04,-5.817547948605517006e-04,-5.845420447683428566e-04,-5.874808694773925701e-04,-5.905574653071758370e-04,-5.936781948836516868e-04,-5.966841774946583972e-04,-5.994226749115685350e-04,-6.018596908299294473e-04,-6.041785275681327630e-04,-6.067799659003369258e-04,-6.101112646084613225e-04,-6.143311237142561488e-04,-6.189402147159998695e-04,-6.226395393441131257e-04,-6.237056863290598883e-04,-6.210257609541922205e-04,-6.155132559056110874e-04,-6.110927877519418397e-04,-6.141594652671764293e-04,-6.309283542681660192e-04,-6.632413192727249721e-04,-7.046146218635242165e-04,-7.390955228795240183e-04,-7.458113739823447452e-04,-7.104478080959143044e-04,-6.373414408222321604e-04,-5.461951037472414540e-04,-4.504195270699639254e-04,-3.426631320420987130e-04,-2.032736508736849353e-04,-4.649737247656670594e-05
0.000000000000000000e+00,0.000000000000000000e+00,0.000000000000000000e+00,0.000000000000000000e+00,0.000000000000000000e+00,0.000000000000000000e+00,0.000000000000000000e+00,0.000000000000000000e+00,0.000000000000000000e+00,0.000000000000000000e+00,0.000000000000000000e+00,0.000000000000000000e+00,0.000000000000000000e+00,0.000000000000000000e+00,0.000000000000000000e+00,0.000000000000000000e+00,0.000000000000000000e+00,0.000000000000000000e+00,0.000000000000000000e+00,0.000000000000000000e+00,0.000000000000000000e+00,0.000000000000000000e+00,0.000000000000000000e+00,0.000000000000000000e+00,0.000000000000000000e+00,0.000000000000000000e+00,0.000000000000000000e+00,0.000000000000000000e+00,0.000000000000000000e+00,0.000000000000000000e+00,0.000000000000000000e+00,0.000000000000000000e+00,0.000000000000000000e+00,0.000000000000000000e+00,0.000000000000000000e+00,0.000000000000000000e+00,0.000000000000000000e+00,0.000000000000000000e+00,0.000000000000000000e+00,0.000000000000000000e+00,0.000000000000000000e+00,0.000000000000000000e+00,0.000000000000000000e+00,0.000000000000000000e+00,0.000000000000000000e+00,0.000000000000000000e+00,0.000000000000000000e+00,0.000000000000000000e+00,0.000000000000000000e+00,0.000000000000000000e+00,0.000000000000000000e+00,0.000000000000000000e+00,0.000000000000000000e+00,0.000000000000000000e+00,0.000000000000000000e+00,0.000000000000000000e+00,0.000000000000000000e+00,0.000000000000000000e+00,0.000000000000000000e+00,0.000000000000000000e+00,0.000000000000000000e+00,0.000000000000000000e+00,0.000000000000000000e+00,0.000000000000000000e+00,0.000000000000000000e+00,0.000000000000000000e+00,0.000000000000000000e+00,0.000000000000000000e+00,0.000000000000000000e+00,0.000000000000000000e+00,0.000000000000000000e+00,0.000000000000000000e+00,0.000000000000000000e+00,0.000000000000000000e+00,0.000000000000000000e+00,0.000000000000000000e+00,0.000000000000000000e+00,0.000000000000000000e+00,0.000000000000000000e+00,0.000000000000000000e+00,0.000000000000000000e+00,0.000000000000000000e+00,0.000000000000000000e+00,0.000000000000000000e+00,0.000000000000000000e+00,0.000000000000000000e+00,0.000000000000000000e+00,0.000000000000000000e+00,0.000000000000000000e+00,0.000000000000000000e+00,0.000000000000000000e+00,0.000000000000000000e+00,0.000000000000000000e+00,0.000000000000000000e+00,0.000000000000000000e+00,0.000000000000000000e+00,0.000000000000000000e+00,0.000000000000000000e+00,0.000000000000000000e+00,0.000000000000000000e+00,0.000000000000000000e+00,0.000000000000000000e+00,0.000000000000000000e+00,0.000000000000000000e+00,0.000000000000000000e+00,0.000000000000000000e+00,0.000000000000000000e+00,0.000000000000000000e+00,0.000000000000000000e+00,0.000000000000000000e+00,0.000000000000000000e+00,0.000000000000000000e+00,0.000000000000000000e+00,0.000000000000000000e+00,0.000000000000000000e+00,0.000000000000000000e+00,0.000000000000000000e+00,0.000000000000000000e+00,0.000000000000000000e+00,0.000000000000000000e+00,0.000000000000000000e+00,0.000000000000000000e+00,0.000000000000000000e+00,0.000000000000000000e+00,0.000000000000000000e+00,0.000000000000000000e+00,0.000000000000000000e+00,0.000000000000000000e+00,0.000000000000000000e+00,0.000000000000000000e+00,0.000000000000000000e+00,0.000000000000000000e+00,0.000000000000000000e+00,0.000000000000000000e+00,0.000000000000000000e+00,0.000000000000000000e+00,0.000000000000000000e+00,0.000000000000000000e+00,0.000000000000000000e+00,0.000000000000000000e+00,0.000000000000000000e+00,0.000000000000000000e+00,0.000000000000000000e+00,0.000000000000000000e+00,0.000000000000000000e+00,0.000000000000000000e+00,0.000000000000000000e+00,0.000000000000000000e+00,0.000000000000000000e+00,0.000000000000000000e+00,0.000000000000000000e+00,0.000000000000000000e+00,0.000000000000000000e+00,0.000000000000000000e+00,0.000000000000000000e+00,0.000000000000000000e+00,0.000000000000000000e+00,0.000000000000000000e+00,0.000000000000000000e+00,1.987810660093093044e-03,3.031574460824409435e-03,1.800413767801864245e-03,5.777753122731607701e-04,-7.179470520002127320e-05,-3.085857566528668280e-04,-3.999258018507929348e-04,-4.045837328921547595e-04,-4.057235818209401997e-04,-3.958533409156349075e-04,-3.917015440597177377e-04,-3.834324542405913869e-04,-3.776319063931849167e-04,-3.702975576732581674e-04,-3.647727786476255129e-04,-3.593791155451962977e-04,-3.555425552595291435e-04,-3.524021336861849841e-04,-3.504836024522905947e-04,-3.492912234753565472e-04,-3.489772237290745356e-04,-3.492286481082505908e-04,-3.500563497208065782e-04,-3.512508299257214618e-04,-3.527821095277279767e-04,-3.545073509654306535e-04,-3.563948629484730451e-04,-3.583475141136953715e-04,-3.603463005420045272e-04,-3.623301689400657759e-04,-3.642981680784339706e-04,-3.662153792559658008e-04,-3.680916958071060209e-04,-3.699049956705770747e-04,-3.716699721322079390e-04,-3.733722357010634462e-04,-3.750276701205087246e-04,-3.766227951964225577e-04,-3.781725885878212470e-04,-3.796695500637240210e-04,-3.811351112712872712e-04,-3.825638225767390263e-04,-3.839684459483919772e-04,-3.853333585337135876e-04,-3.866654192717880359e-04,-3.879488954570055217e-04,-3.891891574670668552e-04,-3.903697234156503566e-04,-3.914994533393915390e-04,-3.925714568846227787e-04,-3.936019569643941628e-04,-3.945864032599312454e-04,-3.955410140683735410e-04,-3.964661749133895942e-04,-3.973846257762335410e-04,-3.982990620861811019e-04,-3.992265501135967409e-04,-4.001634922752027898e-04,-4.011270545655860279e-04,-4.021251258784369360e-04,-4.031909073796981192e-04,-4.043401318420004192e-04,-4.055923418113549657e-04,-4.069334664212004922e-04,-4.083549469899084607e-04,-4.098321716404190566e-04,-4.113581985863031237e-04,-4.129082502622060031e-04,-4.144640463303307068e-04,-4.159840185726542587e-04,-4.174371450107450515e-04,-4.187837071698773898e-04,-4.200135089218693329e-04,-4.211256446170000820e-04,-4.221533495352229040e-04,-4.231268555532141174e-04,-4.240863916549012782e-04,-4.250510707407552879e-04,-4.260475232473031064e-04,-4.270935859109111226e-04,-4.282264689606039951e-04,-4.294757141929798384e-04,-4.308772475002968700e-04,-4.324421525556551246e-04,-4.341752375023478355e-04,-4.360556279908875616e-04,-4.380642581289187921e-04,-4.401696899299925515e-04,-4.423536299021903423e-04,-4.445932157371179118e-04,-4.468809307950104347e-04,-4.492041715962093325e-04,-4.515626185209634211e-04,-4.539482457293047678e-04,-4.563624035436615730e-04,-4.587974301672600400e-04,-4.612538822483126647e-04,-4.637237201230796349e-04,-4.662073730493956859e-04,-4.686978746470713648e-04,-4.711969931902820308e-04,-4.736996199676829912e-04,-4.762086929954518675e-04,-4.787200676286816506e-04,-4.812368359962960183e-04,-4.837552205076410018e-04,-4.862784658567404265e-04,-4.888034458759786104e-04,-4.913336294059653282e-04,-4.938660687430926300e-04,-4.964035833090404710e-04,-4.989426267430635293e-04,-5.014852121437383134e-04,-5.040277731113939046e-04,-5.065724911567915083e-04,-5.091166115600623526e-04,-5.116629198513647503e-04,-5.142096655316847308e-04,-5.167605075900131044e-04,-5.193150510989284849e-04,-5.218779115269419440e-04,-5.244494990394022154e-04,-5.270342503625249919e-04,-5.296319353800525188e-04,-5.322451337723283762e-04,-5.348708932572248135e-04,-5.375078008460035554e-04,-5.401492996355717474e-04,-5.427918219141383534e-04,-5.454297193154500302e-04,-5.480625310501186865e-04,-5.506893277725781076e-04,-5.533145552891755980e-04,-5.559423994217916731e-04,-5.585808001819821253e-04,-5.612337842799988664e-04,-5.639030155415676376e-04,-5.665824680396566639e-04,-5.692659628874757044e-04,-5.719499288776770142e-04,-5.746430417224335663e-04,-5.773634363948100534e-04,-5.801354618608754602e-04,-5.829757069255156379e-04,-5.858857099116712968e-04,-5.888461521063677231e-04,-5.918257685002450280e-04,-5.947950871424979294e-04,-5.977480153172767948e-04,-6.007148719335218259e-04,-6.037627283157339861e-04,-6.069698486867841072e-04,-6.103810862477658831e-04,-6.139568916141111303e-04,-6.175494507145831745e-04,-6.209359344567328895e-04,-6.239242758125247137e-04,-6.265026198743602016e-04,-6.289546568500681886e-04,-6.318344545523757287e-04,-6.357224335519194320e-04,-6.407913342466990420e-04,-6.463640069108596547e-04,-6.507876589682421711e-04,-6.519590059105314197e-04,-6.486208297071313763e-04,-6.420324914920944818e-04,-6.369987381816972485e-04,-6.410206454134606980e-04,-6.610559684952540659e-04,-6.987500767075565831e-04,-7.462350223747523737e-04,-7.853069984455374490e-04,-7.929974176074369501e-04,-7.544932104054711099e-04,-6.757559023680587444e-04,-5.786862293584107584e-04,-4.773457132929074371e-04,-3.630874197024412599e-04,-2.149139207719419082e-04,-4.894878441548555526e-05
0.000000000000000000e+00,0.000000000000000000e+00,0.000000000000000000e+00,0.000000000000000000e+00,0.000000000000000000e+00,0.000000000000000000e+00,0.000000000000000000e+00,0.000000000000000000e+00,0.000000000000000000e+00,0.000000000000000000e+00,0.000000000000000000e+00,0.000000000000000000e+00,0.000000000000000000e+00,0.000000000000000000e+00,0.000000000000000000e+00,0.000000000000000000e+00,0.000000000000000000e+00,0.000000000000000000e+00,0.000000000000000000e+00,0.000000000000000000e+00,0.000000000000000000e+00,0.000000000000000000e+00,0.000000000000000000e+00,0.000000000000000000e+00,0.000000000000000000e+00,0.000000000000000000e+00,0.000000000000000000e+00,0.000000000000000000e+00,0.000000000000000000e+00,0.000000000000000000e+00,0.000000000000000000e+00,0.000000000000000000e+00,0.000000000000000000e+00,0.000000000000000000e+00,0.000000000000000000e+00,0.000000000000000000e+00,0.000000000000000000e+00,0.000000000000000000e+00,0.000000000000000000e+00,0.000000000000000000e+00,0.000000000000000000e+00,0.000000000000000000e+00,0.000000000000000000e+00,0.000000000000000000e+00,0.000000000000000000e+00,0.000000000000000000e+00,0.000000000000000000e+00,0.000000000000000000e+00,0.000000000000000000e+00,0.000000000000000000e+00,0.000000000000000000e+00,0.000000000000000000e+00,0.000000000000000000e+00,0.000000000000000000e+00,0.000000000000000000e+00,0.000000000000000000e+00,0.000000000000000000e+00,0.000000000000000000e+00,0.000000000000000000e+00,0.000000000000000000e+00,0.000000000000000000e+00,0.000000000000000000e+00,0.000000000000000000e+00,0.000000000000000000e+00,0.000000000000000000e+00,0.000000000000000000e+00,0.000000000000000000e+00,0.000000000000000000e+00,0.000000000000000000e+00,0.000000000000000000e+00,0.000000000000000000e+00,0.000000000000000000e+00,0.000000000000000000e+00,0.000000000000000000e+00,0.000000000000000000e+00,0.000000000000000000e+00,0.000000000000000000e+00,0.000000000000000000e+00,0.000000000000000000e+00,0.000000000000000000e+00,0.000000000000000000e+00,0.000000000000000000e+00,0.000000000000000000e+00,0.000000000000000000e+00,0.000000000000000000e+00,0.000000000000000000e+00,0.000000000000000000e+00,0.000000000000000000e+00,0.000000000000000000e+00,0.000000000000000000e+00,0.000000000000000000e+00,0.000000000000000000e+00,0.000000000000000000e+00,0.000000000000000000e+00,0.000000000000000000e+00,0.000000000000000000e+00,0.000000000000000000e+00,0.000000000000000000e+00,0.000000000000000000e+00,0.000000000000000000e+00,0.000000000000000000e+00,0.000000000000000000e+00,0.000000000000000000e+00,0.000000000000000000e+00,0.000000000000000000e+00,0.000000000000000000e+00,0.000000000000000000e+00,0.000000000000000000e+00,0.000000000000000000e+00,0.000000000000000000e+00,0.000000000000000000e+00,0.000000000000000000e+00,0.000000000000000000e+00,0.000000000000000000e+00,0.000000000000000000e+00,0.000000000000000000e+00,0.000000000000000000e+00,0.000000000000000000e+00,0.000000000000000000e+00,0.000000000000000000e+00,0.000000000000000000e+00,0.000000000000000000e+00,0.000000000000000000e+00,0.000000000000000000e+00,0.000000000000000000e+00,0.000000000000000000e+00,0.000000000000000000e+00,0.000000000000000000e+00,0.000000000000000000e+00,0.000000000000000000e+00,0.000000000000000000e+00,0.000000000000000000e+00,0.000000000000000000e+00,0.000000000000000000e+00,0.000000000000000000e+00,0.000000000000000000e+00,0.000000000000000000e+00,0.000000000000000000e+00,0.000000000000000000e+00,0.000000000000000000e+00,0.000000000000000000e+00,0.000000000000000000e+00,0.000000000000000000e+00,0.000000000000000000e+00,0.000000000000000000e+00,0.000000000000000000e+00,0.000000000000000000e+00,0.000000000000000000e+00,0.000000000000000000e+00,0.000000000000000000e+00,0.000000000000000000e+00,0.000000000000000000e+00,0.000000000000000000e+00,0.000000000000000000e+00,0.000000000000000000e+00,0.000000000000000000e+00,0.000000000000000000e+00,0.000000000000000000e+00,0.000000000000000000e+00,2.494061674829121077e-03,2.426905056599505065e-03,1.248461026483252629e-03,1.754401556675349748e-04,-3.169161838962649552e-04,-4.354401911054601700e-04,-4.170757068852437945e-04,-4.018789181694351121e-04,-3.854688665382969854e-04,-3.819734499455448222e-04,-3.758680166663160190e-04,-3.727903489013230484e-04,-3.670765533027857842e-04,-3.625692690189415948e-04,-3.572886724217221835e-04,-3.531794629228623300e-04,-3.493607033684356005e-04,-3.466284292554329318e-04,-3.445102893779515801e-04,-3.432682935380028041e-04,-3.426184499543622267e-04,-3.425975574520554227e-04,-3.430203486505035201e-04,-3.438417572838121049e-04,-3.449397473192544923e-04,-3.462522843351898512e-04,-3.477026570051351640e-04,-3.492361128878363418e-04,-3.508099534644919791e-04,-3.523867185736918655e-04,-3.539524417956180355e-04,-3.554875046293812842e-04,-3.569952333941584714e-04,-3.584642278089771560e-04,-3.599051886734427994e-04,-3.613113817837707324e-04,-3.626966316250016757e-04,-3.640537053667198728e-04,-3.653961004840209888e-04,-3.667205065865882831e-04,-3.680465143359681500e-04,-3.693715350282765768e-04,-3.707063236060380144e-04,-3.720368676666419450e-04,-3.733672678906282375e-04,-3.746821682162744483e-04,-3.759839513820654490e-04,-3.772562583145455022e-04,-3.785049441792830366e-04,-3.797222548591554616e-04,-3.809203987004893769e-04,-3.820932276760211728e-04,-3.832535726857407466e-04,-3.844013698438349547e-04,-3.855575404237127470e-04,-3.867255327333762741e-04,-3.879211482186903609e-04,-3.891404367545680089e-04,-3.903977800342748662e-04,-3.917002603047069144e-04,-3.930793305189853992e-04,-3.945505683350850165e-04,-3.961319845903737286e-04,-3.978105668205489539e-04,-3.995795067432700168e-04,-4.014187368377631249e-04,-4.033245667900248969e-04,-4.052747683439515691e-04,-4.072486693536258315e-04,-4.091985238648404989e-04,-4.110821368319740338e-04,-4.128493129073329288e-04,-4.144824230299842859e-04,-4.159807868471452046e-04,-4.173828170313357037e-04,-4.187273602657231013e-04,-4.200609090818541603e-04,-4.214058947237081217e-04,-4.227875521339912400e-04,-4.242211390700250978e-04,-4.257407180492436263e-04,-4.273752571059237569e-04,-4.291613004950354908e-04,-4.311125156078365796e-04,-4.332356353697755860e-04,-4.355117413933803070e-04,-4.379220182735765396e-04,-4.404351615415662909e-04,-4.430318311901909828e-04,-4.456886264994431635e-04,-4.483968466984785219e-04,-4.511434572427972141e-04,-4.539271795672568627e-04,-4.567397611780196006e-04,-4.595818023619133229e-04,-4.624455734824306735e-04,-4.653310304516842318e-04,-4.682301549793416780e-04,-4.711428628669731542e-04,-4.740622776687416530e-04,-4.769897756439801795e-04,-4.799204740542053409e-04,-4.828570875536265686e-04,-4.857958138447691573e-04,-4.887395911215214935e-04,-4.916849554008176403e-04,-4.946349313452532868e-04,-4.975866012516919372e-04,-5.005431470861778677e-04,-5.035017826785205758e-04,-5.064650512390427364e-04,-5.094295801765573407e-04,-5.123971392040674831e-04,-5.153643427660682761e-04,-5.183331518310193816e-04,-5.213009981542362798e-04,-5.242704673672779828e-04,-5.272399854163887720e-04,-5.302130106086520595e-04,-5.331893111241040126e-04,-5.361733134301250930e-04,-5.391655617927190941e-04,-5.421702399069254020e-04,-5.451871408258602333e-04,-5.482185493899760596e-04,-5.512615866321195560e-04,-5.543146909618816565e-04,-5.573715153064313964e-04,-5.604285108485234984e-04,-5.634804818981810738e-04,-5.665273085693489381e-04,-5.695685912848700303e-04,-5.726085917102968119e-04,-5.756507816930623092e-04,-5.787014784770679043e-04,-5.817631780993438731e-04,-5.848364273212810441e-04,-5.879155449078487129e-04,-5.909960319620431377e-04,-5.940775698413015707e-04,-5.971726223503677272e-04,-6.003026965461836194e-04,-6.034928806509901348e-04,-6.067563632534573323e-04,-6.100862514769984316e-04,-6.134520103154675634e-04,-6.168130061570562201e-04,-6.201391169107037943e-04,-6.234372434864427198e-04,-6.267643667452990923e-04,-6.302192103833069176e-04,-6.339008959649859720e-04,-6.378461405714437723e-04,-6.419683318672354377e-04,-6.460414623600192795e-04,-6.497646347959969582e-04,-6.529148601669048160e-04,-6.555394174812660419e-04,-6.580794656434302801e-04,-6.612961925967967116e-04,-6.659210188262182362e-04,-6.720981555666660908e-04,-6.788687729829388394e-04,-6.840990125170301342e-04,-6.852232378978809690e-04,-6.808779218327842397e-04,-6.728530371414868840e-04,-6.671021994024454397e-04,-6.724322861464703850e-04,-6.965209003320522443e-04,-7.405096206452704008e-04,-7.946573584328552736e-04,-8.380928714004553994e-04,-8.457344086796944735e-04,-8.027559706935432802e-04,-7.173443685167108213e-04,-6.137730047741309265e-04,-5.064663642761653428e-04,-3.852230943620710757e-04,-2.276158353207797993e-04,-5.163014390630215651e-05
0.000000000000000000e+00,0.000000000000000000e+00,0.000000000000000000e+00,0.000000000000000000e+00,0.000000000000000000e+00,0.000000000000000000e+00,0.000000000000000000e+00,0.000000000000000000e+00,0.000000000000000000e+00,0.000000000000000000e+00,0.000000000000000000e+00,0.000000000000000000e+00,0.000000000000000000e+00,0.000000000000000000e+00,0.000000000000000000e+00,0.000000000000000000e+00,0.000000000000000000e+00,0.000000000000000000e+00,0.000000000000000000e+00,0.000000000000000000e+00,0.000000000000000000e+00,0.000000000000000000e+00,0.000000000000000000e+00,0.000000000000000000e+00,0.000000000000000000e+00,0.000000000000000000e+00,0.000000000000000000e+00,0.000000000000000000e+00,0.000000000000000000e+00,0.000000000000000000e+00,0.000000000000000000e+00,0.000000000000000000e+00,0.000000000000000000e+00,0.000000000000000000e+00,0.000000000000000000e+00,0.000000000000000000e+00,0.000000000000000000e+00,0.000000000000000000e+00,0.000000000000000000e+00,0.000000000000000000e+00,0.000000000000000000e+00,0.000000000000000000e+00,0.000000000000000000e+00,0.000000000000000000e+00,0.000000000000000000e+00,0.000000000000000000e+00,0.000000000000000000e+00,0.000000000000000000e+00,0.000000000000000000e+00,0.000000000000000000e+00,0.000000000000000000e+00,0.000000000000000000e+00,0.000000000000000000e+00,0.000000000000000000e+00,0.000000000000000000e+00,0.000000000000000000e+00,0.000000000000000000e+00,0.000000000000000000e+00,0.000000000000000000e+00,0.000000000000000000e+00,0.000000000000000000e+00,0.000000000000000000e+00,0.000000000000000000e+00,0.000000000000000000e+00,0.000000000000000000e+00,0.000000000000000000e+00,0.000000000000000000e+00,0.000000000000000000e+00,0.000000000000000000e+00,0.000000000000000000e+00,0.000000000000000000e+00,0.000000000000000000e+00,0.000000000000000000e+00,0.000000000000000000e+00,0.000000000000000000e+00,0.000000000000000000e+00,0.000000000000000000e+00,0.000000000000000000e+00,0.000000000000000000e+00,0.000000000000000000e+00,0.000000000000000000e+00,0.000000000000000000e+00,0.000000000000000000e+00,0.000000000000000000e+00,0.000000000000000000e+00,0.000000000000000000e+00,0.000000000000000000e+00,0.000000000000000000e+00,0.000000000000000000e+00,0.000000000000000000e+00,0.000000000000000000e+00,0.000000000000000000e+00,0.000000000000000000e+00,0.000000000000000000e+00,0.000000000000000000e+00,0.000000000000000000e+00,0.000000000000000000e+00,0.000000000000000000e+00,0.000000000000000000e+00,0.000000000000000000e+00,0.000000000000000000e+00,0.000000000000000000e+00,0.000000000000000000e+00,0.000000000000000000e+00,0.000000000000000000e+00,0.000000000000000000e+00,0.000000000000000000e+00,0.000000000000000000e+00,0.000000000000000000e+00,0.000000000000000000e+00,0.000000000000000000e+00,0.000000000000000000e+00,0.000000000000000000e+00,0.000000000000000000e+00,0.000000000000000000e+00,0.000000000000000000e+00,0.000000000000000000e+00,0.000000000000000000e+00,0.000000000000000000e+00,0.000000000000000000e+00,0.000000000000000000e+00,0.000000000000000000e+00,0.000000000000000000e+00,0.000000000000000000e+00,0.000000000000000000e+00,0.000000000000000000e+00,0.000000000000000000e+00,0.000000000000000000e+00,0.000000000000000000e+00,0.000000000000000000e+00,0.000000000000000000e+00,0.000000000000000000e+00,0.000000000000000000e+00,0.000000000000000000e+00,0.000000000000000000e+00,0.000000000000000000e+00,0.000000000000000000e+00,0.000000000000000000e+00,0.000000000000000000e+00,0.000000000000000000e+00,0.000000000000000000e+00,0.000000000000000000e+00,0.000000000000000000e+00,0.000000000000000000e+00,0.000000000000000000e+00,0.000000000000000000e+00,0.000000000000000000e+00,0.000000000000000000e+00,0.000000000000000000e+00,0.000000000000000000e+00,0.000000000000000000e+00,0.000000000000000000e+00,0.000000000000000000e+00,0.000000000000000000e+00,0.000000000000000000e+00,0.000000000000000000e+00,0.000000000000000000e+00,0.000000000000000000e+00,0.000000000000000000e+00,4.014414432194544913e-03,2.697245193654767160e-03,1.133643575766334500e-03,1.681984026759442564e-04,-2.845462866324642332e-04,-4.064660993895089056e-04,-4.068609646604773029e-04,-3.830236229471047841e-04,-3.748165299455431072e-04,-3.680217934011016049e-04,-3.665385228467181434e-04,-3.623877990732684217e-04,-3.592771819698491512e-04,-3.545918105008614334e-04,-3.506915455573111125e-04,-3.465294992509655356e-04,-3.432465193941033150e-04,-3.403148785344389175e-04,-3.382069244243830373e-04,-3.366087828380034735e-04,-3.356769096973682997e-04,-3.351991396445405062e-04,-3.351959396418476120e-04,-3.355143875689874013e-04,-3.361292217699983682e-04,-3.369321257976914561e-04,-3.378931909039430701e-04,-3.389386814164299004e-04,-3.400487740806008006e-04,-3.411783497597984131e-04,-3.423243782501434167e-04,-3.434651198922412008e-04,-3.446096082810122096e-04,-3.457468566571564729e-04,-3.468898286445393979e-04,-3.480328322674619427e-04,-3.491904699217389277e-04,-3.503573372544137744e-04,-3.515468643612860490e-04,-3.527572697370116818e-04,-3.540071590297397220e-04,-3.552952561339684651e-04,-3.566311224508560899e-04,-3.580018447768122409e-04,-3.594096602323802020e-04,-3.608393036049113993e-04,-3.622905878107791390e-04,-3.637468510967538067e-04,-3.652110523091060997e-04,-3.666740528725306197e-04,-3.681439101295538364e-04,-3.696122631222580968e-04,-3.710881305808938035e-04,-3.725700836802158791e-04,-3.740765659292121176e-04,-3.756110295810205545e-04,-3.771877800215623884e-04,-3.788024996559131302e-04,-3.804671765246802370e-04,-3.821879168254745671e-04,-3.839935972709704825e-04,-3.858984751370737529e-04,-3.879187785024663308e-04,-3.900431294218941738e-04,-3.922670522051719517e-04,-3.945745053533633432e-04,-3.969637302206042669e-04,-3.994138084514690652e-04,-4.019015598408422771e-04,-4.043742157120746553e-04,-4.067804360615560368e-04,-4.090614163133915893e-04,-4.111928743803679718e-04,-4.131735225793963374e-04,-4.150449437516153146e-04,-4.168524134149880606e-04,-4.186473791288468252e-04,-4.204555443831007439e-04,-4.223016792700328348e-04,-4.241996738930479678e-04,-4.261813684439294775e-04,-4.282755583851450762e-04,-4.305193846758451895e-04,-4.329288808837975042e-04,-4.355124908915008835e-04,-4.382531367242374480e-04,-4.411322385690316671e-04,-4.441186813355467574e-04,-4.471921631337311435e-04,-4.503288438231197247e-04,-4.535189313117033512e-04,-4.567490487617800418e-04,-4.600170243110731304e-04,-4.633144274691659566e-04,-4.666411270538092662e-04,-4.699893335957839474e-04,-4.733583953002674580e-04,-4.767403158629012839e-04,-4.801344950873085056e-04,-4.835341566841966322e-04,-4.869402934279315801e-04,-4.903482737695197919e-04,-4.937606192875955858e-04,-4.971739227345459491e-04,-5.005910247184586085e-04,-5.040088428992716644e-04,-5.074302373315913491e-04,-5.108525506972879087e-04,-5.142787089846747456e-04,-5.177061131147847302e-04,-5.211370364446915246e-04,-5.245682817855831445e-04,-5.280013573267593836e-04,-5.314330355933628847e-04,-5.348650207850230449e-04,-5.382949030029140136e-04,-5.417250419007109364e-04,-5.451540288370584518e-04,-5.485851051550210637e-04,-5.520181819085359090e-04,-5.554574559945149115e-04,-5.589035597401310071e-04,-5.623603696468550388e-04,-5.658276592285415218e-04,-5.693073937829307585e-04,-5.727967997387538269e-04,-5.762942793128405248e-04,-5.797939040408523750e-04,-5.832924012047984537e-04,-5.867852587935218096e-04,-5.902728017911830103e-04,-5.937550685533731117e-04,-5.972358054506238375e-04,-6.007172299744559978e-04,-6.042034115286682274e-04,-6.076948737454613853e-04,-6.111911317021823326e-04,-6.146877306946999962e-04,-6.181834877171517263e-04,-6.216832327845906933e-04,-6.252044827901413878e-04,-6.287717797470932565e-04,-6.324084500342227718e-04,-6.361199281508024030e-04,-6.398861033809870313e-04,-6.436622749116055562e-04,-6.473996995630226358e-04,-6.510742947662832890e-04,-6.547170150023784354e-04,-6.584229432630467511e-04,-6.623282412940690407e-04,-6.665470765852230537e-04,-6.710883907319913815e-04,-6.757892576910982680e-04,-6.803185752806007857e-04,-6.842889384985204526e-04,-6.874703495982987991e-04,-6.900268477540822624e-04,-6.926319034122169725e-04,-6.963111485402984644e-04,-7.019485775496092476e-04,-7.095813252224450387e-04,-7.178233827627663894e-04,-7.239022999604009280e-04,-7.247113442507959000e-04,-7.188604769451550133e-04,-7.089248260025167014e-04,-7.023341374971060281e-04,-7.094186019032991918e-04,-7.385048619478428149e-04,-7.898184868546764392e-04,-8.511172172278847446e-04,-8.983541089814739899e-04,-9.043647753905530379e-04,-8.550106399002276557e-04,-7.615561705194996006e-04,-6.509693067616421783e-04,-5.376450099539910885e-04,-4.092320626036005681e-04,-2.415158932753957988e-04,-5.450645253372277100e-05
0.000000000000000000e+00,0.000000000000000000e+00,0.000000000000000000e+00,0.000000000000000000e+00,0.000000000000000000e+00,0.000000000000000000e+00,0.000000000000000000e+00,0.000000000000000000e+00,0.000000000000000000e+00,0.000000000000000000e+00,0.000000000000000000e+00,0.000000000000000000e+00,0.000000000000000000e+00,0.000000000000000000e+00,0.000000000000000000e+00,0.000000000000000000e+00,0.000000000000000000e+00,0.000000000000000000e+00,0.000000000000000000e+00,0.000000000000000000e+00,0.000000000000000000e+00,0.000000000000000000e+00,0.000000000000000000e+00,0.000000000000000000e+00,0.000000000000000000e+00,0.000000000000000000e+00,0.000000000000000000e+00,0.000000000000000000e+00,0.000000000000000000e+00,0.000000000000000000e+00,0.000000000000000000e+00,0.000000000000000000e+00,0.000000000000000000e+00,0.000000000000000000e+00,0.000000000000000000e+00,0.000000000000000000e+00,0.000000000000000000e+00,0.000000000000000000e+00,0.000000000000000000e+00,0.000000000000000000e+00,0.000000000000000000e+00,0.000000000000000000e+00,0.000000000000000000e+00,0.000000000000000000e+00,0.000000000000000000e+00,0.000000000000000000e+00,0.000000000000000000e+00,0.000000000000000000e+00,0.000000000000000000e+00,0.000000000000000000e+00,0.000000000000000000e+00,0.000000000000000000e+00,0.000000000000000000e+00,0.000000000000000000e+00,0.000000000000000000e+00,0.000000000000000000e+00,0.000000000000000000e+00,0.000000000000000000e+00,0.000000000000000000e+00,0.000000000000000000e+00,0.000000000000000000e+00,0.000000000000000000e+00,0.000000000000000000e+00,0.000000000000000000e+00,0.000000000000000000e+00,0.000000000000000000e+00,0.000000000000000000e+00,0.000000000000000000e+00,0.000000000000000000e+00,0.000000000000000000e+00,0.000000000000000000e+00,0.000000000000000000e+00,0.000000000000000000e+00,0.000000000000000000e+00,0.000000000000000000e+00,0.000000000000000000e+00,0.000000000000000000e+00,0.000000000000000000e+00,0.000000000000000000e+00,0.000000000000000000e+00,0.000000000000000000e+00,0.000000000000000000e+00,0.000000000000000000e+00,0.000000000000000000e+00,0.000000000000000000e+00,0.000000000000000000e+00,0.000000000000000000e+00,0.000000000000000000e+00,0.000000000000000000e+00,0.000000000000000000e+00,0.000000000000000000e+00,0.000000000000000000e+00,0.000000000000000000e+00,0.000000000000000000e+00,0.000000000000000000e+00,0.000000000000000000e+00,0.000000000000000000e+00,0.000000000000000000e+00,0.000000000000000000e+00,0.000000000000000000e+00,0.000000000000000000e+00,0.000000000000000000e+00,0.000000000000000000e+00,0.000000000000000000e+00,0.000000000000000000e+00,0.000000000000000000e+00,0.000000000000000000e+00,0.000000000000000000e+00,0.000000000000000000e+00,0.000000000000000000e+00,0.000000000000000000e+00,0.000000000000000000e+00,0.000000000000000000e+00,0.000000000000000000e+00,0.000000000000000000e+00,0.000000000000000000e+00,0.000000000000000000e+00,0.000000000000000000e+00,0.000000000000000000e+00,0.000000000000000000e+00,0.000000000000000000e+00,0.000000000000000000e+00,0.000000000000000000e+00,0.000000000000000000e+00,0.000000000000000000e+00,0.000000000000000000e+00,0.000000000000000000e+00,0.000000000000000000e+00,0.000000000000000000e+00,0.000000000000000000e+00,0.000000000000000000e+00,0.000000000000000000e+00,0.000000000000000000e+00,0.000000000000000000e+00,0.000000000000000000e+00,0.000000000000000000e+00,0.000000000000000000e+00,0.000000000000000000e+00,0.000000000000000000e+00,0.000000000000000000e+00,0.000000000000000000e+00,0.000000000000000000e+00,0.000000000000000000e+00,0.000000000000000000e+00,0.000000000000000000e+00,0.000000000000000000e+00,0.000000000000000000e+00,0.000000000000000000e+00,0.000000000000000000e+00,0.000000000000000000e+00,0.000000000000000000e+00,0.000000000000000000e+00,0.000000000000000000e+00,0.000000000000000000e+00,0.000000000000000000e+00,0.000000000000000000e+00,0.000000000000000000e+00,0.000000000000000000e+00,2.019163181753629108e-03,2.988093345216618138e-03,1.570725445077193879e-03,3.666326239904997152e-04,-2.192157989631753035e-04,-4.003181125547005705e-04,-4.275059058809212815e-04,-4.037480068598742655e-04,-3.832758395740007949e-04,-3.691794028612447134e-04,-3.647475146736079950e-04,-3.601203824879565239e-04,-3.573685477355975984e-04,-3.530450203105305117e-04,-3.493460394499352337e-04,-3.450530048606542557e-04,-3.414136337805755931e-04,-3.378845316717000394e-04,-3.350442873194483975e-04,-3.326045149633215670e-04,-3.307870165928585189e-04,-3.294111396524855334e-04,-3.285269503082035940e-04,-3.280066946899683005e-04,-3.278283958470688884e-04,-3.279010305611818033e-04,-3.281839646817869926e-04,-3.286179400627490133e-04,-3.291663109200662087e-04,-3.297957059774980011e-04,-3.304818178644743695e-04,-3.312143251891423550e-04,-3.319836689472554950e-04,-3.327948158516064051e-04,-3.336441870630200415e-04,-3.345414524105482543e-04,-3.354848198730179891e-04,-3.364858726533054398e-04,-3.375414194849309080e-04,-3.386621268955356283e-04,-3.398471846094622663e-04,-3.411124409603370072e-04,-3.424572129192792174e-04,-3.438891630759316107e-04,-3.453964354617864059e-04,-3.469797213715527422e-04,-3.486241410713447251e-04,-3.503274421559325765e-04,-3.520728183737924927e-04,-3.538606166229372844e-04,-3.556801098798985112e-04,-3.575351586559617116e-04,-3.594147641128095502e-04,-3.613238122978166124e-04,-3.632587452910472853e-04,-3.652348383821177238e-04,-3.672546193677414658e-04,-3.693304304701001744e-04,-3.714575429084453098e-04,-3.736460363744437607e-04,-3.759009550471048523e-04,-3.782477943041208618e-04,-3.806984212717114233e-04,-3.832671448336008569e-04,-3.859448342646735553e-04,-3.887298780664750369e-04,-3.916097303469647743e-04,-3.945832252105751776e-04,-3.976293491410519908e-04,-4.007219623653126444e-04,-4.038041829657827275e-04,-4.068176571805843839e-04,-4.096973112835350177e-04,-4.124135598666155622e-04,-4.149640428916273496e-04,-4.173915229234320158e-04,-4.197452611779740102e-04,-4.220799981925455022e-04,-4.244243974652963671e-04,-4.268036042435999385e-04,-4.292314378017261572e-04,-4.317386252797031018e-04,-4.343543876976307494e-04,-4.371165824422201395e-04,-4.400434604545821115e-04,-4.431449690960404734e-04,-4.464057310457544554e-04,-4.498073544324461049e-04,-4.533189453850861592e-04,-4.569193119965142568e-04,-4.605842753515439680e-04,-4.643030586646524575e-04,-4.680620591226133725e-04,-4.718583149655423839e-04,-4.756833117741956184e-04,-4.795362516259318126e-04,-4.834093360866869834e-04,-4.873013344077925697e-04,-4.912043018179936341e-04,-4.951171420866470234e-04,-4.990332060930329026e-04,-5.029531216686244964e-04,-5.068725354794098451e-04,-5.107937997963137586e-04,-5.147139417108873060e-04,-5.186357443103620799e-04,-5.225565587350052867e-04,-5.264791229930514517e-04,-5.304010823393807625e-04,-5.343251322918085751e-04,-5.382488844255400341e-04,-5.421743525021854035e-04,-5.460985257880220231e-04,-5.500226499525999327e-04,-5.539436550075704183e-04,-5.578629791967794392e-04,-5.617783699026917838e-04,-5.656919614453860892e-04,-5.696025215729097523e-04,-5.735130759419072724e-04,-5.774236662359811829e-04,-5.813382184309294140e-04,-5.852573969511899602e-04,-5.891847089687720111e-04,-5.931198691731669496e-04,-5.970645261114431628e-04,-6.010160939249480127e-04,-6.049731174979659700e-04,-6.089303550524981842e-04,-6.128850917915903583e-04,-6.168336826675723276e-04,-6.207768604279229963e-04,-6.247147824920952714e-04,-6.286500996913155529e-04,-6.325830676293120198e-04,-6.365149165216052712e-04,-6.404440616312322317e-04,-6.443696296976965431e-04,-6.482899390453919280e-04,-6.522092745973486058e-04,-6.561395752601186480e-04,-6.601040518607250319e-04,-6.641286174079523950e-04,-6.682306207176468959e-04,-6.724019613391999653e-04,-6.766042153741535451e-04,-6.807770569661711780e-04,-6.848682017729234997e-04,-6.888705669355362328e-04,-6.928536068771484714e-04,-6.969623613252785886e-04,-7.013720464389573001e-04,-7.061976648636905662e-04,-7.113905759978582464e-04,-7.166753043826633394e-04,-7.215898149133517705e-04,-7.256643518326735603e-04,-7.287076483529754617e-04,-7.310823050182459898e-04,-7.337827187645458091e-04,-7.381501912043701794e-04,-7.451915700328092321e-04,-7.547117495012615421e-04,-7.647056026324134444e-04,-7.715846494661646226e-04,-7.716414613128085844e-04,-7.636008931919532547e-04,-7.511496674231220869e-04,-7.435736971032451143e-04,-7.529492211171091506e-04,-7.881502909992573998e-04,-8.480022827319795824e-04,-9.170339144048651270e-04,-9.674054590458526113e-04,-9.698547065561489034e-04,-9.116910564330956736e-04,-8.083068375333427643e-04,-6.899760721989881300e-04,-5.708144034645236181e-04,-4.353908782903751244e-04,-2.570204467010872009e-04,-5.770814006896535486e-05
0.000000000000000000e+00,0.000000000000000000e+00,0.000000000000000000e+00,0.000000000000000000e+00,0.000000000000000000e+00,0.000000000000000000e+00,0.000000000000000000e+00,0.000000000000000000e+00,0.000000000000000000e+00,0.000000000000000000e+00,0.000000000000000000e+00,0.000000000000000000e+00,0.000000000000000000e+00,0.000000000000000000e+00,0.000000000000000000e+00,0.000000000000000000e+00,0.000000000000000000e+00,0.000000000000000000e+00,0.000000000000000000e+00,0.000000000000000000e+00,0.000000000000000000e+00,0.000000000000000000e+00,0.000000000000000000e+00,0.000000000000000000e+00,0.000000000000000000e+00,0.000000000000000000e+00,0.000000000000000000e+00,0.000000000000000000e+00,0.000000000000000000e+00,0.000000000000000000e+00,0.000000000000000000e+00,0.000000000000000000e+00,0.000000000000000000e+00,0.000000000000000000e+00,0.000000000000000000e+00,0.000000000000000000e+00,0.000000000000000000e+00,0.000000000000000000e+00,0.000000000000000000e+00,0.000000000000000000e+00,0.000000000000000000e+00,0.000000000000000000e+00,0.000000000000000000e+00,0.000000000000000000e+00,0.000000000000000000e+00,0.000000000000000000e+00,0.000000000000000000e+00,0.000000000000000000e+00,0.000000000000000000e+00,0.000000000000000000e+00,0.000000000000000000e+00,0.000000000000000000e+00,0.000000000000000000e+00,0.000000000000000000e+00,0.000000000000000000e+00,0.000000000000000000e+00,0.000000000000000000e+00,0.000000000000000000e+00,0.000000000000000000e+00,0.000000000000000000e+00,0.000000000000000000e+00,0.000000000000000000e+00,0.000000000000000000e+00,0.000000000000000000e+00,0.000000000000000000e+00,0.000000000000000000e+00,0.000000000000000000e+00,0.000000000000000000e+00,0.000000000000000000e+00,0.000000000000000000e+00,0.000000000000000000e+00,0.000000000000000000e+00,0.000000000000000000e+00,0.000000000000000000e+00,0.000000000000000000e+00,0.000000000000000000e+00,0.000000000000000000e+00,0.000000000000000000e+00,0.000000000000000000e+00,0.000000000000000000e+00,0.000000000000000000e+00,0.000000000000000000e+00,0.000000000000000000e+00,0.000000000000000000e+00,0.000000000000000000e+00,0.000000000000000000e+00,0.000000000000000000e+00,0.000000000000000000e+00,0.000000000000000000e+00,0.000000000000000000e+00,0.000000000000000000e+00,0.000000000000000000e+00,0.000000000000000000e+00,0.000000000000000000e+00,0.000000000000000000e+00,0.000000000000000000e+00,0.000000000000000000e+00,0.000000000000000000e+00,0.000000000000000000e+00,0.000000000000000000e+00,0.000000000000000000e+00,0.000000000000000000e+00,0.000000000000000000e+00,0.000000000000000000e+00,0.000000000000000000e+00,0.000000000000000000e+00,0.000000000000000000e+00,0.000000000000000000e+00,0.000000000000000000e+00,0.000000000000000000e+00,0.000000000000000000e+00,0.000000000000000000e+00,0.000000000000000000e+00,0.000000000000000000e+00,0.000000000000000000e+00,0.000000000000000000e+00,0.000000000000000000e+00,0.000000000000000000e+00,0.000000000000000000e+00,0.000000000000000000e+00,0.000000000000000000e+00,0.000000000000000000e+00,0.000000000000000000e+00,0.000000000000000000e+00,0.000000000000000000e+00,0.000000000000000000e+00,0.000000000000000000e+00,0.000000000000000000e+00,0.000000000000000000e+00,0.000000000000000000e+00,0.000000000000000000e+00,0.000000000000000000e+00,0.000000000000000000e+00,0.000000000000000000e+00,0.000000000000000000e+00,0.000000000000000000e+00,0.000000000000000000e+00,0.000000000000000000e+00,0.000000000000000000e+00,0.000000000000000000e+00,0.000000000000000000e+00,0.000000000000000000e+00,0.000000000000000000e+00,0.000000000000000000e+00,0.000000000000000000e+00,0.000000000000000000e+00,0.000000000000000000e+00,0.000000000000000000e+00,0.000000000000000000e+00,0.000000000000000000e+00,0.000000000000000000e+00,0.000000000000000000e+00,0.000000000000000000e+00,0.000000000000000000e+00,0.000000000000000000e+00,0.000000000000000000e+00,0.000000000000000000e+00,0.000000000000000000e+00,2.575278976978119354e-03,2.128661324796512176e-03,8.557162977284645672e-04,-1.258790938072856889e-04,-5.015769634092799752e-04,-5.330031827373197346e-04,-4.701028327144999132e-04,-4.203035501180911264e-04,-3.900954166160423625e-04,-3.757555242991945238e-04,-3.664730108738797312e-04,-3.614681896761179000e-04,-3.560867834725715744e-04,-3.518362751826150411e-04,-3.470688258652939221e-04,-3.430054819790135170e-04,-3.389220503164080685e-04,-3.354835967367072753e-04,-3.323228834046298508e-04,-3.297506654419520488e-04,-3.275556072640367893e-04,-3.258564216902021986e-04,-3.245130144339638048e-04,-3.235500378569661282e-04,-3.228654793346556599e-04,-3.224472366681818626e-04,-3.222224649811158861e-04,-3.221737963346159046e-04,-3.222530417505423605e-04,-3.224496664391756436e-04,-3.227357850873527052e-04,-3.231129840330929310e-04,-3.235709431689725224e-04,-3.241208510570665695e-04,-3.247593968841152386e-04,-3.254986121750649461e-04,-3.263362657033323701e-04,-3.272834639449770443e-04,-3.283358030965185062e-04,-3.295016972840502170e-04,-3.307783583611607296e-04,-3.321782939008590839e-04,-3.336989585388571767e-04,-3.353455628322293586e-04,-3.371060970967799377e-04,-3.389799937831770556e-04,-3.409526647331348535e-04,-3.430206385119160075e-04,-3.451673764718122314e-04,-3.473913948771927473e-04,-3.496805496976590814e-04,-3.520348425689736683e-04,-3.544405191931424459e-04,-3.568983062216844271e-04,-3.594019996312023280e-04,-3.619630933168148097e-04,-3.645821801455403715e-04,-3.672690578556393705e-04,-3.700185380936903807e-04,-3.728392783987252690e-04,-3.757351746105390064e-04,-3.787276388658812392e-04,-3.818253484644536060e-04,-3.850407493362362492e-04,-3.883675166091526769e-04,-3.918072536914079802e-04,-3.953503447660677329e-04,-3.989949781870852689e-04,-4.027186601945357473e-04,-4.064916605511156855e-04,-4.102536912814258368e-04,-4.139415245923069582e-04,-4.174864410375091466e-04,-4.208553001304041804e-04,-4.240445151859081972e-04,-4.270961382187023442e-04,-4.300608716752800376e-04,-4.329948707042542157e-04,-4.359292347732523728e-04,-4.388902079574031907e-04,-4.418928516587572334e-04,-4.449680082751101022e-04,-4.481460805364526306e-04,-4.514658956463365167e-04,-4.549478507309967501e-04,-4.586032119269534439e-04,-4.624181516226583068e-04,-4.663743959407437101e-04,-4.704412846592302602e-04,-4.745967973134852889e-04,-4.788165152284358885e-04,-4.830887916480651424e-04,-4.873999311126658786e-04,-4.917463128670770175e-04,-4.961194672522384721e-04,-5.005180341567630649e-04,-5.049342954762158289e-04,-5.093665060260316527e-04,-5.138068314303030843e-04,-5.182537249482477943e-04,-5.227007108958260043e-04,-5.271480855488857534e-04,-5.315918063006355113e-04,-5.360340777294226276e-04,-5.404723878698355997e-04,-5.449094852123623645e-04,-5.493431847546661985e-04,-5.537761262348209548e-04,-5.582062816727962002e-04,-5.626361293533581418e-04,-5.670635054738173454e-04,-5.714901734317834932e-04,-5.759133253140183992e-04,-5.803339605698385568e-04,-5.847491903167612330e-04,-5.891602104698576104e-04,-5.935649569694706647e-04,-5.979653713069817958e-04,-6.023604315740352160e-04,-6.067529657452736891e-04,-6.111431387262938799e-04,-6.155345634559275785e-04,-6.199278746371562551e-04,-6.243261525204638410e-04,-6.287290358162361164e-04,-6.331379104858444670e-04,-6.375505299291025184e-04,-6.419658313457041751e-04,-6.463795618004434997e-04,-6.507898118534301106e-04,-6.551938500401685572e-04,-6.595925444386296736e-04,-6.639855587623270635e-04,-6.683736218501136039e-04,-6.727542512200181124e-04,-6.771254780874989441e-04,-6.814840280102996964e-04,-6.858300536722066647e-04,-6.901669101525103028e-04,-6.945068174741083787e-04,-6.988703631338744060e-04,-7.032858171640513772e-04,-7.077768791984784735e-04,-7.123487860962228555e-04,-7.169731184219206880e-04,-7.215888796684644850e-04,-7.261217057866166868e-04,-7.305250792559974792e-04,-7.348245999507049169e-04,-7.391450271885161667e-04,-7.436908957318825227e-04,-7.486704502004803020e-04,-7.541739337806302023e-04,-7.600548501247220536e-04,-7.658850568622569853e-04,-7.710538315357114408e-04,-7.750335813093557451e-04,-7.777452995589377019e-04,-7.798545045787442023e-04,-7.827701117292460960e-04,-7.881772632953976771e-04,-7.971297470361104250e-04,-8.090185424966247693e-04,-8.209889195749776143e-04,-8.284566739129609015e-04,-8.271022498452894464e-04,-8.159797987000069449e-04,-8.002796285863156885e-04,-7.915385669296932372e-04,-8.037880199362687234e-04,-8.463364177626639222e-04,-9.161509381111748035e-04,-9.938193714810225447e-04,-1.047049646594976112e-03,-1.044289139324530106e-03,-9.748065754762127349e-04,-8.590939367315327370e-04,-7.317038679940264783e-04,-6.067757427288924307e-04,-4.646553998300069011e-04,-2.748439832018511903e-04,-6.137363006053310802e-05
0.000000000000000000e+00,0.000000000000000000e+00,0.000000000000000000e+00,0.000000000000000000e+00,0.000000000000000000e+00,0.000000000000000000e+00,0.000000000000000000e+00,0.000000000000000000e+00,0.000000000000000000e+00,0.000000000000000000e+00,0.000000000000000000e+00,0.000000000000000000e+00,0.000000000000000000e+00,0.000000000000000000e+00,0.000000000000000000e+00,0.000000000000000000e+00,0.000000000000000000e+00,0.000000000000000000e+00,0.000000000000000000e+00,0.000000000000000000e+00,0.000000000000000000e+00,0.000000000000000000e+00,0.000000000000000000e+00,0.000000000000000000e+00,0.000000000000000000e+00,0.000000000000000000e+00,0.000000000000000000e+00,0.000000000000000000e+00,0.000000000000000000e+00,0.000000000000000000e+00,0.000000000000000000e+00,0.000000000000000000e+00,0.000000000000000000e+00,0.000000000000000000e+00,0.000000000000000000e+00,0.000000000000000000e+00,0.000000000000000000e+00,0.000000000000000000e+00,0.000000000000000000e+00,0.000000000000000000e+00,0.000000000000000000e+00,0.000000000000000000e+00,0.000000000000000000e+00,0.000000000000000000e+00,0.000000000000000000e+00,0.000000000000000000e+00,0.000000000000000000e+00,0.000000000000000000e+00,0.000000000000000000e+00,0.000000000000000000e+00,0.000000000000000000e+00,0.000000000000000000e+00,0.000000000000000000e+00,0.000000000000000000e+00,0.000000000000000000e+00,0.000000000000000000e+00,0.000000000000000000e+00,0.000000000000000000e+00,0.000000000000000000e+00,0.000000000000000000e+00,0.000000000000000000e+00,0.000000000000000000e+00,0.000000000000000000e+00,0.000000000000000000e+00,0.000000000000000000e+00,0.000000000000000000e+00,0.000000000000000000e+00,0.000000000000000000e+00,0.000000000000000000e+00,0.000000000000000000e+00,0.000000000000000000e+00,0.000000000000000000e+00,0.000000000000000000e+00,0.000000000000000000e+00,0.000000000000000000e+00,0.000000000000000000e+00,0.000000000000000000e+00,0.000000000000000000e+00,0.000000000000000000e+00,0.000000000000000000e+00,0.000000000000000000e+00,0.000000000000000000e+00,0.000000000000000000e+00,0.000000000000000000e+00,0.000000000000000000e+00,0.000000000000000000e+00,0.000000000000000000e+00,0.000000000000000000e+00,0.000000000000000000e+00,0.000000000000000000e+00,0.000000000000000000e+00,0.000000000000000000e+00,0.000000000000000000e+00,0.000000000000000000e+00,0.000000000000000000e+00,0.000000000000000000e+00,0.000000000000000000e+00,0.000000000000000000e+00,0.000000000000000000e+00,0.000000000000000000e+00,0.000000000000000000e+00,0.000000000000000000e+00,0.000000000000000000e+00,0.000000000000000000e+00,0.000000000000000000e+00,0.000000000000000000e+00,0.000000000000000000e+00,0.000000000000000000e+00,0.000000000000000000e+00,0.000000000000000000e+00,0.000000000000000000e+00,0.000000000000000000e+00,0.000000000000000000e+00,0.000000000000000000e+00,0.000000000000000000e+00,0.000000000000000000e+00,0.000000000000000000e+00,0.000000000000000000e+00,0.000000000000000000e+00,0.000000000000000000e+00,0.000000000000000000e+00,0.000000000000000000e+00,0.000000000000000000e+00,0.000000000000000000e+00,0.000000000000000000e+00,0.000000000000000000e+00,0.000000000000000000e+00,0.000000000000000000e+00,0.000000000000000000e+00,0.000000000000000000e+00,0.000000000000000000e+00,0.000000000000000000e+00,0.000000000000000000e+00,0.000000000000000000e+00,0.000000000000000000e+00,0.000000000000000000e+00,0.000000000000000000e+00,0.000000000000000000e+00,0.000000000000000000e+00,0.000000000000000000e+00,0.000000000000000000e+00,0.000000000000000000e+00,0.000000000000000000e+00,0.000000000000000000e+00,0.000000000000000000e+00,0.000000000000000000e+00,0.000000000000000000e+00,0.000000000000000000e+00,0.000000000000000000e+00,0.000000000000000000e+00,0.000000000000000000e+00,0.000000000000000000e+00,0.000000000000000000e+00,0.000000000000000000e+00,0.000000000000000000e+00,0.000000000000000000e+00,0.000000000000000000e+00,0.000000000000000000e+00,3.762990677445406541e-03,2.262809680977134232e-03,7.025281644115796264e-04,-1.389935986604830189e-04,-4.638884630167402112e-04,-5.153304795706821441e-04,-4.708974793314123588e-04,-4.264833006552912068e-04,-4.005881609085965131e-04,-3.853493206401285430e-04,-3.759641455316833371e-04,-3.680899375368612884e-04,-3.619420555615576046e-04,-3.559600637090734989e-04,-3.509123807449628378e-04,-3.460716498219218451e-04,-3.419329886368687463e-04,-3.381155661854739905e-04,-3.348736533953289079e-04,-3.319987915096399636e-04,-3.295997506755029053e-04,-3.275528363980987809e-04,-3.258879244807310824e-04,-3.245234179452252047e-04,-3.234508258499304624e-04,-3.226137993927261907e-04,-3.219919064846334914e-04,-3.215499986336684012e-04,-3.212700920653686399e-04,-3.211348718996042653e-04,-3.211339117344043132e-04,-3.212655803638648166e-04,-3.215294478522907656e-04,-3.219350017028402072e-04,-3.224848414166124350e-04,-3.231895416557594011e-04,-3.240495995415453977e-04,-3.250736709961464456e-04,-3.262573859507560451e-04,-3.276053420890017841e-04,-3.291124674437319992e-04,-3.307860654932181219e-04,-3.326203103196769613e-04,-3.346161929412562160e-04,-3.367603107615569713e-04,-3.390500222194357382e-04,-3.414707420835716434e-04,-3.440181766564976698e-04,-3.466767126797814266e-04,-3.494440036313296361e-04,-3.523072173218191774e-04,-3.552632898381217412e-04,-3.582961777466494029e-04,-3.614028726013418036e-04,-3.645744341661788621e-04,-3.678181461156076852e-04,-3.711317647936425543e-04,-3.745220061079737898e-04,-3.779832103614700267e-04,-3.815229794708461966e-04,-3.851439046906013591e-04,-3.888627926907867269e-04,-3.926847467310863853e-04,-3.966206313082346188e-04,-4.006673542226494265e-04,-4.048298109689716599e-04,-4.091007050080241515e-04,-4.134765155577415415e-04,-4.179320516225345171e-04,-4.224333467230564606e-04,-4.269173087786698613e-04,-4.313179278966793235e-04,-4.355655541360886401e-04,-4.396254253802053640e-04,-4.434927831714270447e-04,-4.472072321854680390e-04,-4.508184208210127674e-04,-4.543819686715963439e-04,-4.579307426604842723e-04,-4.614926740855169302e-04,-4.650853258237363824e-04,-4.687409286620607585e-04,-4.724919298366275213e-04,-4.763784925411397217e-04,-4.804231660385040225e-04,-4.846383837483509305e-04,-4.890117165759784836e-04,-4.935249267111424618e-04,-4.981475868612414599e-04,-5.028569035927733973e-04,-5.076283150836821126e-04,-5.124494233696344882e-04,-5.173065802909624549e-04,-5.221956519702986412e-04,-5.271083612736408679e-04,-5.320429170879439288e-04,-5.369917969384845058e-04,-5.419528333356155242e-04,-5.469183831666546251e-04,-5.518865166239048103e-04,-5.568509940803237097e-04,-5.618118298830361568e-04,-5.667653329165778762e-04,-5.717135860245448151e-04,-5.766545579031517486e-04,-5.815909747547852362e-04,-5.865211276632269991e-04,-5.914475658829938289e-04,-5.963685941454834700e-04,-6.012864743820116754e-04,-6.061992693388060065e-04,-6.111084983485130274e-04,-6.160115743296574759e-04,-6.209092817256468269e-04,-6.257989571356568654e-04,-6.306816080976939591e-04,-6.355554176990334519e-04,-6.404221925939985582e-04,-6.452811678532604156e-04,-6.501349980807977170e-04,-6.549839597535987929e-04,-6.598313088936846567e-04,-6.646775915710661327e-04,-6.695254291553328230e-04,-6.743744172286255008e-04,-6.792258125047818691e-04,-6.840779416763169505e-04,-6.889304405583977385e-04,-6.937803283523899436e-04,-6.986266255649854892e-04,-7.034673194197891676e-04,-7.083028229499366670e-04,-7.131313846362122982e-04,-7.179508291078050579e-04,-7.227552947304289200e-04,-7.275397629587107779e-04,-7.323005040067590357e-04,-7.370409961394919695e-04,-7.417724609154150188e-04,-7.465173602931836697e-04,-7.513053317699103359e-04,-7.561670540134435379e-04,-7.611181006973175359e-04,-7.661437854508423330e-04,-7.711886583178190029e-04,-7.761674245707102108e-04,-7.809981124085343908e-04,-7.856549990328978543e-04,-7.902162181679321228e-04,-7.948784441633329053e-04,-7.999090807476088097e-04,-8.055318125091228722e-04,-8.117735325525242233e-04,-8.183411342125272584e-04,-8.246164844711430198e-04,-8.298392797786776232e-04,-8.334772003625157523e-04,-8.356660167245453510e-04,-8.374939969748679226e-04,-8.408652557012932490e-04,-8.477948468003971855e-04,-8.592452037226245079e-04,-8.739579068224272293e-04,-8.879764705485425780e-04,-8.955766228645075083e-04,-8.918916939043002468e-04,-8.766059054237184496e-04,-8.568312063364266328e-04,-8.467071863659832295e-04,-8.623545811832039566e-04,-9.134212591779391826e-04,-9.947119164405867318e-04,-1.082417540982824958e-03,-1.139270384846437440e-03,-1.130992741060381180e-03,-1.048644040543238740e-03,-9.181633332139170142e-04,-7.794383203101227457e-04,-6.478437714802205791e-04,-4.987839695073651618e-04,-2.962429031936024285e-04,-6.593149209091432508e-05
0.000000000000000000e+00,0.000000000000000000e+00,0.000000000000000000e+00,0.000000000000000000e+00,0.000000000000000000e+00,0.000000000000000000e+00,0.000000000000000000e+00,0.000000000000000000e+00,0.000000000000000000e+00,0.000000000000000000e+00,0.000000000000000000e+00,0.000000000000000000e+00,0.000000000000000000e+00,0.000000000000000000e+00,0.000000000000000000e+00,0.000000000000000000e+00,0.000000000000000000e+00,0.000000000000000000e+00,0.000000000000000000e+00,0.000000000000000000e+00,0.000000000000000000e+00,0.000000000000000000e+00,0.000000000000000000e+00,0.000000000000000000e+00,0.000000000000000000e+00,0.000000000000000000e+00,0.000000000000000000e+00,0.000000000000000000e+00,0.000000000000000000e+00,0.000000000000000000e+00,0.000000000000000000e+00,0.000000000000000000e+00,0.000000000000000000e+00,0.000000000000000000e+00,0.000000000000000000e+00,0.000000000000000000e+00,0.000000000000000000e+00,0.000000000000000000e+00,0.000000000000000000e+00,0.000000000000000000e+00,0.000000000000000000e+00,0.000000000000000000e+00,0.000000000000000000e+00,0.000000000000000000e+00,0.000000000000000000e+00,0.000000000000000000e+00,0.000000000000000000e+00,0.000000000000000000e+00,0.000000000000000000e+00,0.000000000000000000e+00,0.000000000000000000e+00,0.000000000000000000e+00,0.000000000000000000e+00,0.000000000000000000e+00,0.000000000000000000e+00,0.000000000000000000e+00,0.000000000000000000e+00,0.000000000000000000e+00,0.000000000000000000e+00,0.000000000000000000e+00,0.000000000000000000e+00,0.000000000000000000e+00,0.000000000000000000e+00,0.000000000000000000e+00,0.000000000000000000e+00,0.000000000000000000e+00,0.000000000000000000e+00,0.000000000000000000e+00,0.000000000000000000e+00,0.000000000000000000e+00,0.000000000000000000e+00,0.000000000000000000e+00,0.000000000000000000e+00,0.000000000000000000e+00,0.000000000000000000e+00,0.000000000000000000e+00,0.000000000000000000e+00,0.000000000000000000e+00,0.000000000000000000e+00,0.000000000000000000e+00,0.000000000000000000e+00,0.000000000000000000e+00,0.000000000000000000e+00,0.000000000000000000e+00,0.000000000000000000e+00,0.000000000000000000e+00,0.000000000000000000e+00,0.000000000000000000e+00,0.000000000000000000e+00,0.000000000000000000e+00,0.000000000000000000e+00,0.000000000000000000e+00,0.000000000000000000e+00,0.000000000000000000e+00,0.000000000000000000e+00,0.000000000000000000e+00,0.000000000000000000e+00,0.000000000000000000e+00,0.000000000000000000e+00,0.000000000000000000e+00,0.000000000000000000e+00,0.000000000000000000e+00,0.000000000000000000e+00,0.000000000000000000e+00,0.000000000000000000e+00,0.000000000000000000e+00,0.000000000000000000e+00,0.000000000000000000e+00,0.000000000000000000e+00,0.000000000000000000e+00,0.000000000000000000e+00,0.000000000000000000e+00,0.000000000000000000e+00,0.000000000000000000e+00,0.000000000000000000e+00,0.000000000000000000e+00,0.000000000000000000e+00,0.000000000000000000e+00,0.000000000000000000e+00,0.000000000000000000e+00,0.000000000000000000e+00,0.000000000000000000e+00,0.000000000000000000e+00,0.000000000000000000e+00,0.000000000000000000e+00,0.000000000000000000e+00,0.000000000000000000e+00,0.000000000000000000e+00,0.000000000000000000e+00,0.000000000000000000e+00,0.000000000000000000e+00,0.000000000000000000e+00,0.000000000000000000e+00,0.000000000000000000e+00,0.000000000000000000e+00,0.000000000000000000e+00,0.000000000000000000e+00,0.000000000000000000e+00,0.000000000000000000e+00,0.000000000000000000e+00,0.000000000000000000e+00,0.000000000000000000e+00,0.000000000000000000e+00,0.000000000000000000e+00,0.000000000000000000e+00,0.000000000000000000e+00,0.000000000000000000e+00,0.000000000000000000e+00,0.000000000000000000e+00,0.000000000000000000e+00,0.000000000000000000e+00,0.000000000000000000e+00,0.000000000000000000e+00,0.000000000000000000e+00,0.000000000000000000e+00,0.000000000000000000e+00,0.000000000000000000e+00,2.050848738807511777e-03,2.864765538307218265e-03,1.301338103296991160e-03,1.008282443339892433e-04,-3.816138615644833784e-04,-5.150398899731284093e-04,-5.121121708515435304e-04,-4.759622464230251274e-04,-4.414067039849960388e-04,-4.187501215157936980e-04,-4.040163275396622109e-04,-3.927959930916781559e-04,-3.838182036417372794e-04,-3.757156652503329465e-04,-3.689879579954734594e-04,-3.628591549887999414e-04,-3.577344591942405345e-04,-3.531062096141123125e-04,-3.491994430429203999e-04,-3.457107051638810585e-04,-3.427511217161093309e-04,-3.401465445111839098e-04,-3.379451390368326427e-04,-3.360456773333245044e-04,-3.344632771129767298e-04,-3.331345811840330409e-04,-3.320590159678037394e-04,-3.311951035460824642e-04,-3.305395341227175998e-04,-3.300672039804154268e-04,-3.297788832208161714e-04,-3.296619777365423099e-04,-3.297241715764577833e-04,-3.299640099003980746e-04,-3.303955442710183204e-04,-3.310212146995225114e-04,-3.318538286290156187e-04,-3.328937714060119972e-04,-3.341498418186165530e-04,-3.356165284482903960e-04,-3.372962815204829279e-04,-3.391808956636192416e-04,-3.412727679694910546e-04,-3.435613067824863360e-04,-3.460424282417632496e-04,-3.486995832986316212e-04,-3.515270094153366987e-04,-3.545090185577020095e-04,-3.576404106070136656e-04,-3.609067171875386085e-04,-3.643056583932939205e-04,-3.678246802412202796e-04,-3.714589547145233871e-04,-3.751912699527205843e-04,-3.790159519017315538e-04,-3.829217847396021186e-04,-3.869117922209587925e-04,-3.909803376956111939e-04,-3.951307759543594617e-04,-3.993570209545279129e-04,-4.036657723370316148e-04,-4.080580493301776807e-04,-4.125457908073082566e-04,-4.171306211016408616e-04,-4.218223037457287383e-04,-4.266212013310958584e-04,-4.315352723846652052e-04,-4.365588857496128464e-04,-4.416859624046843582e-04,-4.468876618124868446e-04,-4.521252794924603157e-04,-4.573335336321842650e-04,-4.624456467832800590e-04,-4.673936534203918251e-04,-4.721430597045431308e-04,-4.766880695182798729e-04,-4.810642875706898770e-04,-4.853179938052802319e-04,-4.895023896088842750e-04,-4.936513645838197387e-04,-4.977949789183196399e-04,-5.019544356110458095e-04,-5.061645961817763922e-04,-5.104608612675591312e-04,-5.148851780284842894e-04,-5.194623194654473088e-04,-5.242057712849624651e-04,-5.291043566358552552e-04,-5.341397875512517417e-04,-5.392818598216167535e-04,-5.445070611043062491e-04,-5.497907798019882608e-04,-5.551199867370729861e-04,-5.604812177176894065e-04,-5.658699742751288750e-04,-5.712783213138365821e-04,-5.767041785215626989e-04,-5.821403434583451858e-04,-5.875843332520560951e-04,-5.930287864663845313e-04,-5.984714713166010324e-04,-6.039064557629087240e-04,-6.093335359801792814e-04,-6.147494217481357017e-04,-6.201561109050707883e-04,-6.255520736970226906e-04,-6.309400271644259551e-04,-6.363187425064780432e-04,-6.416906809497804941e-04,-6.470544754450152690e-04,-6.524121678671681917e-04,-6.577620418110554810e-04,-6.631053793143391493e-04,-6.684398328683219996e-04,-6.737660152009370936e-04,-6.790815459014545733e-04,-6.843873183184516268e-04,-6.896818333606062569e-04,-6.949668287470750754e-04,-7.002418352862241867e-04,-7.055093471922046708e-04,-7.107697249764602506e-04,-7.160258238187671266e-04,-7.212780606621996575e-04,-7.265286202579235211e-04,-7.317771686081694970e-04,-7.370250662732282096e-04,-7.422715223527794884e-04,-7.475171884737177039e-04,-7.527605333424361835e-04,-7.580013997943098629e-04,-7.632379612387825245e-04,-7.684692372627305442e-04,-7.736909107825868824e-04,-7.788969741963996073e-04,-7.840779854174552031e-04,-7.892268450024381068e-04,-7.943415936544296002e-04,-7.994321242081372505e-04,-8.045204655616407545e-04,-8.096407073700710808e-04,-8.148299379184094837e-04,-8.201159828395822391e-04,-8.254980970384999872e-04,-8.309331462691143958e-04,-8.363337807287248103e-04,-8.415933144681020210e-04,-8.466349235036895078e-04,-8.514743970161232781e-04,-8.562641784126794053e-04,-8.612852297117406684e-04,-8.668603218912421813e-04,-8.731965157804012648e-04,-8.802064488691213650e-04,-8.873991130821765223e-04,-8.939412033778308371e-04,-8.989490451593246459e-04,-9.019715754413307630e-04,-9.034863753085937759e-04,-9.051223169246975977e-04,-9.093242421861418923e-04,-9.183584757962904742e-04,-9.328907729415427145e-04,-9.507360119661877919e-04,-9.666024447529932223e-04,-9.735582146533912178e-04,-9.663708380796160466e-04,-9.457291554684940605e-04,-9.210626736795644431e-04,-9.093167083875343610e-04,-9.286825927103947720e-04,-9.890390439125490950e-04,-1.083021027649705209e-03,-1.182505684331593924e-03,-1.245220965467396359e-03,-1.233582741741282756e-03,-1.139287069832960273e-03,-9.927323392888290961e-04,-8.395903277717775776e-04,-6.986041379498147876e-04,-5.407083377398312065e-04,-3.227313475433138813e-04,-7.180126282633078020e-05
0.000000000000000000e+00,0.000000000000000000e+00,0.000000000000000000e+00,0.000000000000000000e+00,0.000000000000000000e+00,0.000000000000000000e+00,0.000000000000000000e+00,0.000000000000000000e+00,0.000000000000000000e+00,0.000000000000000000e+00,0.000000000000000000e+00,0.000000000000000000e+00,0.000000000000000000e+00,0.000000000000000000e+00,0.000000000000000000e+00,0.000000000000000000e+00,0.000000000000000000e+00,0.000000000000000000e+00,0.000000000000000000e+00,0.000000000000000000e+00,0.000000000000000000e+00,0.000000000000000000e+00,0.000000000000000000e+00,0.000000000000000000e+00,0.000000000000000000e+00,0.000000000000000000e+00,0.000000000000000000e+00,0.000000000000000000e+00,0.000000000000000000e+00,0.000000000000000000e+00,0.000000000000000000e+00,0.000000000000000000e+00,0.000000000000000000e+00,0.000000000000000000e+00,0.000000000000000000e+00,0.000000000000000000e+00,0.000000000000000000e+00,0.000000000000000000e+00,0.000000000000000000e+00,0.000000000000000000e+00,0.000000000000000000e+00,0.000000000000000000e+00,0.000000000000000000e+00,0.000000000000000000e+00,0.000000000000000000e+00,0.000000000000000000e+00,0.000000000000000000e+00,0.000000000000000000e+00,0.000000000000000000e+00,0.000000000000000000e+00,0.000000000000000000e+00,0.000000000000000000e+00,0.000000000000000000e+00,0.000000000000000000e+00,0.000000000000000000e+00,0.000000000000000000e+00,0.000000000000000000e+00,0.000000000000000000e+00,0.000000000000000000e+00,0.000000000000000000e+00,0.000000000000000000e+00,0.000000000000000000e+00,0.000000000000000000e+00,0.000000000000000000e+00,0.000000000000000000e+00,0.000000000000000000e+00,0.000000000000000000e+00,0.000000000000000000e+00,0.000000000000000000e+00,0.000000000000000000e+00,0.000000000000000000e+00,0.000000000000000000e+00,0.000000000000000000e+00,0.000000000000000000e+00,0.000000000000000000e+00,0.000000000000000000e+00,0.000000000000000000e+00,0.000000000000000000e+00,0.000000000000000000e+00,0.000000000000000000e+00,0.000000000000000000e+00,0.000000000000000000e+00,0.000000000000000000e+00,0.000000000000000000e+00,0.000000000000000000e+00,0.000000000000000000e+00,0.000000000000000000e+00,0.000000000000000000e+00,0.000000000000000000e+00,0.000000000000000000e+00,0.000000000000000000e+00,0.000000000000000000e+00,0.000000000000000000e+00,0.000000000000000000e+00,0.000000000000000000e+00,0.000000000000000000e+00,0.000000000000000000e+00,0.000000000000000000e+00,0.000000000000000000e+00,0.000000000000000000e+00,0.000000000000000000e+00,0.000000000000000000e+00,0.000000000000000000e+00,0.000000000000000000e+00,0.000000000000000000e+00,0.000000000000000000e+00,0.000000000000000000e+00,0.000000000000000000e+00,0.000000000000000000e+00,0.000000000000000000e+00,0.000000000000000000e+00,0.000000000000000000e+00,0.000000000000000000e+00,0.000000000000000000e+00,0.000000000000000000e+00,0.000000000000000000e+00,0.000000000000000000e+00,0.000000000000000000e+00,0.000000000000000000e+00,0.000000000000000000e+00,0.000000000000000000e+00,0.000000000000000000e+00,0.000000000000000000e+00,0.000000000000000000e+00,0.000000000000000000e+00,0.000000000000000000e+00,0.000000000000000000e+00,0.000000000000000000e+00,0.000000000000000000e+00,0.000000000000000000e+00,0.000000000000000000e+00,0.000000000000000000e+00,0.000000000000000000e+00,0.000000000000000000e+00,0.000000000000000000e+00,0.000000000000000000e+00,0.000000000000000000e+00,0.000000000000000000e+00,0.000000000000000000e+00,0.000000000000000000e+00,0.000000000000000000e+00,0.000000000000000000e+00,0.000000000000000000e+00,0.000000000000000000e+00,0.000000000000000000e+00,0.000000000000000000e+00,0.000000000000000000e+00,0.000000000000000000e+00,0.000000000000000000e+00,0.000000000000000000e+00,0.000000000000000000e+00,0.000000000000000000e+00,0.000000000000000000e+00,0.000000000000000000e+00,0.000000000000000000e+00,0.000000000000000000e+00,0.000000000000000000e+00,2.521965771779609983e-03,1.872948642056558675e-03,5.577063103028749103e-04,-2.353827713445209066e-04,-5.643356207039508131e-04,-5.855874994429477627e-04,-5.409480690249917484e-04,-4.961098964691373165e-04,-4.681541372596299626e-04,-4.474343806326840892e-04,-4.328046129258154742e-04,-4.204799910116137243e-04,-4.101083041220963325e-04,-4.011109998850308786e-04,-3.933564839109385345e-04,-3.868149506606285873e-04,-3.811901333194351910e-04,-3.764701796416172340e-04,-3.723914834559948210e-04,-3.689401097176394349e-04,-3.659401656987094562e-04,-3.633810363833174972e-04,-3.611607873208571282e-04,-3.592734201117935120e-04,-3.576640463411396350e-04,-3.563273025815785321e-04,-3.552330496723579071e-04,-3.543748216761448411e-04,-3.537371655063256768e-04,-3.533156472297766513e-04,-3.531060276564846907e-04,-3.531073486648474472e-04,-3.533240660657428495e-04,-3.537602237006147281e-04,-3.544270890811998683e-04,-3.553298080443111897e-04,-3.564793689250659930e-04,-3.578778014668548943e-04,-3.595325094590880069e-04,-3.614385814509677819e-04,-3.635964832155230350e-04,-3.659965262430222460e-04,-3.686366848132429904e-04,-3.715023273577775040e-04,-3.745840546157063974e-04,-3.778616056608346424e-04,-3.813249423837948571e-04,-3.849561182289818807e-04,-3.887481624479253496e-04,-3.926873838105034153e-04,-3.967718477992234838e-04,-4.009901208081380645e-04,-4.053370699494889895e-04,-4.097960016302828546e-04,-4.143602448768106796e-04,-4.190174036220411613e-04,-4.237667564461388087e-04,-4.285993558979477708e-04,-4.335153744824034598e-04,-4.385084327014881892e-04,-4.435842259752300785e-04,-4.487418552608103662e-04,-4.539884440040262582e-04,-4.593226805686254533e-04,-4.647538050088711277e-04,-4.702855983354048506e-04,-4.759285624946691978e-04,-4.816780528248589400e-04,-4.875247994488857563e-04,-4.934356809364734073e-04,-4.993670298776034478e-04,-5.052521141399124536e-04,-5.110252956451971466e-04,-5.166226234707948497e-04,-5.220114948391920426e-04,-5.271851585757317575e-04,-5.321738640925447383e-04,-5.370184973972236698e-04,-5.417681447527921985e-04,-5.464569595796313177e-04,-5.511174187018432185e-04,-5.557753254405892965e-04,-5.604693118735934280e-04,-5.652386244392322264e-04,-5.701274846949104264e-04,-5.751630058627096864e-04,-5.803596413799916700e-04,-5.857073235019182684e-04,-5.911876251676132779e-04,-5.967705460101132555e-04,-6.024319080531449983e-04,-6.081471376255281240e-04,-6.139026923501308313e-04,-6.196854168872632362e-04,-6.254905887759784145e-04,-6.313107509645027662e-04,-6.371436714651055851e-04,-6.429825852087072899e-04,-6.488248025846636525e-04,-6.546633309197257477e-04,-6.604957217003228596e-04,-6.663164219841346148e-04,-6.721250831848654423e-04,-6.779188721274189040e-04,-6.836997534307458126e-04,-6.894667283631079066e-04,-6.952225309134816948e-04,-7.009664209806888095e-04,-7.067007835308222480e-04,-7.124245779576635204e-04,-7.181396312012734489e-04,-7.238444447810566751e-04,-7.295400790411655243e-04,-7.352244481827082106e-04,-7.408980463841384262e-04,-7.465588370686334057e-04,-7.522076783613479596e-04,-7.578434497951297595e-04,-7.634678695563099733e-04,-7.690807704411709326e-04,-7.746844700097959332e-04,-7.802793624594801152e-04,-7.858678674641022752e-04,-7.914502739970899568e-04,-7.970284370403766258e-04,-8.026023090913934552e-04,-8.081736841233753835e-04,-8.137429943995706100e-04,-8.193121495368297421e-04,-8.248810252678468076e-04,-8.304498418057465600e-04,-8.360160445529315207e-04,-8.415760428200362749e-04,-8.471217856768847127e-04,-8.526428870932924045e-04,-8.581269189978354755e-04,-8.635667277891300331e-04,-8.689653053288445362e-04,-8.743424151887010855e-04,-8.797331608412500966e-04,-8.851827661237017877e-04,-8.907314098475778257e-04,-8.963960518206176087e-04,-9.021499816233119170e-04,-9.079141653001379523e-04,-9.135686574863849082e-04,-9.189948572806923071e-04,-9.241406800855561741e-04,-9.290880036251698317e-04,-9.340832159905141513e-04,-9.394943701035252202e-04,-9.456770808831288814e-04,-9.527744984262401500e-04,-9.605266537629464059e-04,-9.682002643499398398e-04,-9.747456818058040408e-04,-9.792166094111948854e-04,-9.813610203029906644e-04,-9.821343909925915605e-04,-9.837982595494332988e-04,-9.893205230243271031e-04,-1.001062718474603425e-03,-1.019126240354995862e-03,-1.040117962173515466e-03,-1.057243301967541712e-03,-1.062430746466173654e-03,-1.050395849360085928e-03,-1.023267011950790414e-03,-9.930767136551135917e-04,-9.795372435043036858e-04,-1.002602986592449237e-03,-1.072192430483291615e-03,-1.179061699122010629e-03,-1.291652090441099392e-03,-1.363557811976110964e-03,-1.353618539937755539e-03,-1.252118458621281341e-03,-1.091066920025257495e-03,-9.206210930409910835e-04,-7.651560526929976607e-04,-5.937173788304986625e-04,-3.557459200967672528e-04,-7.951346144562638856e-05
0.000000000000000000e+00,0.000000000000000000e+00,0.000000000000000000e+00,0.000000000000000000e+00,0.000000000000000000e+00,0.000000000000000000e+00,0.000000000000000000e+00,0.000000000000000000e+00,0.000000000000000000e+00,0.000000000000000000e+00,0.000000000000000000e+00,0.000000000000000000e+00,0.000000000000000000e+00,0.000000000000000000e+00,0.000000000000000000e+00,0.000000000000000000e+00,0.000000000000000000e+00,0.000000000000000000e+00,0.000000000000000000e+00,0.000000000000000000e+00,0.000000000000000000e+00,0.000000000000000000e+00,0.000000000000000000e+00,0.000000000000000000e+00,0.000000000000000000e+00,0.000000000000000000e+00,0.000000000000000000e+00,0.000000000000000000e+00,0.000000000000000000e+00,0.000000000000000000e+00,0.000000000000000000e+00,0.000000000000000000e+00,0.000000000000000000e+00,0.000000000000000000e+00,0.000000000000000000e+00,0.000000000000000000e+00,0.000000000000000000e+00,0.000000000000000000e+00,0.000000000000000000e+00,0.000000000000000000e+00,0.000000000000000000e+00,0.000000000000000000e+00,0.000000000000000000e+00,0.000000000000000000e+00,0.000000000000000000e+00,0.000000000000000000e+00,0.000000000000000000e+00,0.000000000000000000e+00,0.000000000000000000e+00,0.000000000000000000e+00,0.000000000000000000e+00,0.000000000000000000e+00,0.000000000000000000e+00,0.000000000000000000e+00,0.000000000000000000e+00,0.000000000000000000e+00,0.000000000000000000e+00,0.000000000000000000e+00,0.000000000000000000e+00,0.000000000000000000e+00,0.000000000000000000e+00,0.000000000000000000e+00,0.000000000000000000e+00,0.000000000000000000e+00,0.000000000000000000e+00,0.000000000000000000e+00,0.000000000000000000e+00,0.000000000000000000e+00,0.000000000000000000e+00,0.000000000000000000e+00,0.000000000000000000e+00,0.000000000000000000e+00,0.000000000000000000e+00,0.000000000000000000e+00,0.000000000000000000e+00,0.000000000000000000e+00,0.000000000000000000e+00,0.000000000000000000e+00,0.000000000000000000e+00,0.000000000000000000e+00,0.000000000000000000e+00,0.000000000000000000e+00,0.000000000000000000e+00,0.000000000000000000e+00,0.000000000000000000e+00,0.000000000000000000e+00,0.000000000000000000e+00,0.000000000000000000e+00,0.000000000000000000e+00,0.000000000000000000e+00,0.000000000000000000e+00,0.000000000000000000e+00,0.000000000000000000e+00,0.000000000000000000e+00,0.000000000000000000e+00,0.000000000000000000e+00,0.000000000000000000e+00,0.000000000000000000e+00,0.000000000000000000e+00,0.000000000000000000e+00,0.000000000000000000e+00,0.000000000000000000e+00,0.000000000000000000e+00,0.000000000000000000e+00,0.000000000000000000e+00,0.000000000000000000e+00,0.000000000000000000e+00,0.000000000000000000e+00,0.000000000000000000e+00,0.000000000000000000e+00,0.000000000000000000e+00,0.000000000000000000e+00,0.000000000000000000e+00,0.000000000000000000e+00,0.000000000000000000e+00,0.000000000000000000e+00,0.000000000000000000e+00,0.000000000000000000e+00,0.000000000000000000e+00,0.000000000000000000e+00,0.000000000000000000e+00,0.000000000000000000e+00,0.000000000000000000e+00,0.000000000000000000e+00,0.000000000000000000e+00,0.000000000000000000e+00,0.000000000000000000e+00,0.000000000000000000e+00,0.000000000000000000e+00,0.000000000000000000e+00,0.000000000000000000e+00,0.000000000000000000e+00,0.000000000000000000e+00,0.000000000000000000e+00,0.000000000000000000e+00,0.000000000000000000e+00,0.000000000000000000e+00,0.000000000000000000e+00,0.000000000000000000e+00,0.000000000000000000e+00,0.000000000000000000e+00,0.000000000000000000e+00,0.000000000000000000e+00,0.000000000000000000e+00,0.000000000000000000e+00,0.000000000000000000e+00,0.000000000000000000e+00,0.000000000000000000e+00,0.000000000000000000e+00,0.000000000000000000e+00,0.000000000000000000e+00,0.000000000000000000e+00,0.000000000000000000e+00,0.000000000000000000e+00,0.000000000000000000e+00,0.000000000000000000e+00,0.000000000000000000e+00,3.665775083899125517e-03,1.952731574584371270e-03,6.298779383250836892e-04,-1.651324347039957177e-04,-4.796265764191229145e-04,-5.650227052818773731e-04,-5.456933355602061218e-04,-5.220761486834107510e-04,-5.011004225337467978e-04,-4.865578204810099396e-04,-4.728116209190932244e-04,-4.610343384408733397e-04,-4.503116376130823469e-04,-4.410558596951171082e-04,-4.331481454208209545e-04,-4.264497456261262401e-04,-4.209089408270394331e-04,-4.162430598849498693e-04,-4.123988207824101008e-04,-4.091429617133258718e-04,-4.064357682546983772e-04,-4.041293349769257341e-04,-4.022044366158234927e-04,-4.005818119616165462e-04,-3.992578111350354167e-04,-3.981931137636740190e-04,-3.973894396242904758e-04,-3.968256346745395501e-04,-3.965048491596504703e-04,-3.964163607845678779e-04,-3.965664051542401244e-04,-3.969510478713000651e-04,-3.975794643616179609e-04,-3.984530003413208317e-04,-3.995838459093190042e-04,-4.009748059135550885e-04,-4.026366186835640139e-04,-4.045700583993320121e-04,-4.067822083845427580e-04,-4.092678442558448640e-04,-4.120271084742732149e-04,-4.150496175702156863e-04,-4.183311039025794961e-04,-4.218543939159201091e-04,-4.256065421585189567e-04,-4.295642382048400851e-04,-4.337133243724733932e-04,-4.380328604563284048e-04,-4.425132128060238978e-04,-4.471404346172397175e-04,-4.519124233206254127e-04,-4.568190409833778427e-04,-4.618560260433536352e-04,-4.670089772205836265e-04,-4.722722079308596852e-04,-4.776337364562343603e-04,-4.830903111334920014e-04,-4.886306105861040186e-04,-4.942524198601603485e-04,-4.999493218027148671e-04,-5.057257221354528355e-04,-5.115784838441257351e-04,-5.175103078303314261e-04,-5.235177983584777791e-04,-5.296101969328087305e-04,-5.357943711210567646e-04,-5.420826111647861429e-04,-5.484705703405848851e-04,-5.549453533429141118e-04,-5.614692702361809675e-04,-5.679938436511683831e-04,-5.744518284837879952e-04,-5.807804770876174921e-04,-5.869217233366190228e-04,-5.928460213503691269e-04,-5.985455858781890855e-04,-6.040441612564928378e-04,-6.093755803985331614e-04,-6.145833924795776268e-04,-6.197012887421602355e-04,-6.247642944315176701e-04,-6.298035493477280745e-04,-6.348624334881558876e-04,-6.399848550852827627e-04,-6.452178003901737477e-04,-6.505908551881976450e-04,-6.561193724270254551e-04,-6.617942434917013566e-04,-6.675968056852973507e-04,-6.734972273603060441e-04,-6.794707135995663172e-04,-6.854928049128039460e-04,-6.915495577960117067e-04,-6.976282316197158617e-04,-7.037240054938931821e-04,-7.098300121082804686e-04,-7.159439911847175538e-04,-7.220597138331909552e-04,-7.281743853431332141e-04,-7.342814563316258465e-04,-7.403783442681341606e-04,-7.464599393957253685e-04,-7.525258268862508593e-04,-7.585736899726255996e-04,-7.646055283078900724e-04,-7.706209164446852942e-04,-7.766226536887954005e-04,-7.826105127377270491e-04,-7.885868373184863308e-04,-7.945509280057439601e-04,-8.005044256541235526e-04,-8.064460623046716724e-04,-8.123767117160776360e-04,-8.182945799459074958e-04,-8.242001040440472253e-04,-8.300916450708167816e-04,-8.359700927000261565e-04,-8.418347334572738290e-04,-8.476872762512044921e-04,-8.535278110817197741e-04,-8.593584257433043881e-04,-8.651794811575537871e-04,-8.709929568695779422e-04,-8.767990843706286938e-04,-8.825996020044208929e-04,-8.883950642880985476e-04,-8.941880819620458450e-04,-8.999805950725265052e-04,-9.057758201201982547e-04,-9.115746638945316453e-04,-9.173768867512531759e-04,-9.231779692113386421e-04,-9.289704232624038495e-04,-9.347416190710362968e-04,-9.404770196137381523e-04,-9.461628945447671029e-04,-9.517951443129771131e-04,-9.573854669019448912e-04,-9.629665299414165913e-04,-9.685870755536431231e-04,-9.743001883825217055e-04,-9.801417005689497686e-04,-9.861076189716857111e-04,-9.921359245692374686e-04,-9.981078012413909743e-04,-1.003876516604997830e-03,-1.009328643222445017e-03,-1.014461923352312283e-03,-1.019448838078100463e-03,-1.024641463573039944e-03,-1.030482932802247002e-03,-1.037321930186727893e-03,-1.045178673057070486e-03,-1.053563831753560540e-03,-1.061477341421866814e-03,-1.067686433384162957e-03,-1.071280296737259089e-03,-1.072343529629558216e-03,-1.072431309414280214e-03,-1.074472495988331930e-03,-1.081856799093702630e-03,-1.096803610653609854e-03,-1.118551764721610435e-03,-1.142262871987025996e-03,-1.159607164099660725e-03,-1.161613161078219915e-03,-1.143405844249769819e-03,-1.108985283852158841e-03,-1.073098499133779858e-03,-1.057829450303509255e-03,-1.084215743028459425e-03,-1.161756094153067621e-03,-1.279778970276318137e-03,-1.404880750266474659e-03,-1.488627413863759848e-03,-1.487062955479648459e-03,-1.387061208767956461e-03,-1.217658440511725773e-03,-1.029401540950744803e-03,-8.530483317511445901e-04,-6.603104555099236156e-04,-3.955650652006533733e-04,-8.908167726721093768e-05
0.000000000000000000e+00,0.000000000000000000e+00,0.000000000000000000e+00,0.000000000000000000e+00,0.000000000000000000e+00,0.000000000000000000e+00,0.000000000000000000e+00,0.000000000000000000e+00,0.000000000000000000e+00,0.000000000000000000e+00,0.000000000000000000e+00,0.000000000000000000e+00,0.000000000000000000e+00,0.000000000000000000e+00,0.000000000000000000e+00,0.000000000000000000e+00,0.000000000000000000e+00,0.000000000000000000e+00,0.000000000000000000e+00,0.000000000000000000e+00,0.000000000000000000e+00,0.000000000000000000e+00,0.000000000000000000e+00,0.000000000000000000e+00,0.000000000000000000e+00,0.000000000000000000e+00,0.000000000000000000e+00,0.000000000000000000e+00,0.000000000000000000e+00,0.000000000000000000e+00,0.000000000000000000e+00,0.000000000000000000e+00,0.000000000000000000e+00,0.000000000000000000e+00,0.000000000000000000e+00,0.000000000000000000e+00,0.000000000000000000e+00,0.000000000000000000e+00,0.000000000000000000e+00,0.000000000000000000e+00,0.000000000000000000e+00,0.000000000000000000e+00,0.000000000000000000e+00,0.000000000000000000e+00,0.000000000000000000e+00,0.000000000000000000e+00,0.000000000000000000e+00,0.000000000000000000e+00,0.000000000000000000e+00,0.000000000000000000e+00,0.000000000000000000e+00,0.000000000000000000e+00,0.000000000000000000e+00,0.000000000000000000e+00,0.000000000000000000e+00,0.000000000000000000e+00,0.000000000000000000e+00,0.000000000000000000e+00,0.000000000000000000e+00,0.000000000000000000e+00,0.000000000000000000e+00,0.000000000000000000e+00,0.000000000000000000e+00,0.000000000000000000e+00,0.000000000000000000e+00,0.000000000000000000e+00,0.000000000000000000e+00,0.000000000000000000e+00,0.000000000000000000e+00,0.000000000000000000e+00,0.000000000000000000e+00,0.000000000000000000e+00,0.000000000000000000e+00,0.000000000000000000e+00,0.000000000000000000e+00,0.000000000000000000e+00,0.000000000000000000e+00,0.000000000000000000e+00,0.000000000000000000e+00,0.000000000000000000e+00,0.000000000000000000e+00,0.000000000000000000e+00,0.000000000000000000e+00,0.000000000000000000e+00,0.000000000000000000e+00,0.000000000000000000e+00,0.000000000000000000e+00,0.000000000000000000e+00,0.000000000000000000e+00,0.000000000000000000e+00,0.000000000000000000e+00,0.000000000000000000e+00,0.000000000000000000e+00,0.000000000000000000e+00,0.000000000000000000e+00,0.000000000000000000e+00,0.000000000000000000e+00,0.000000000000000000e+00,0.000000000000000000e+00,0.000000000000000000e+00,0.000000000000000000e+00,0.000000000000000000e+00,0.000000000000000000e+00,0.000000000000000000e+00,0.000000000000000000e+00,0.000000000000000000e+00,0.000000000000000000e+00,0.000000000000000000e+00,0.000000000000000000e+00,0.000000000000000000e+00,0.000000000000000000e+00,0.000000000000000000e+00,0.000000000000000000e+00,0.000000000000000000e+00,0.000000000000000000e+00,0.000000000000000000e+00,0.000000000000000000e+00,0.000000000000000000e+00,0.000000000000000000e+00,0.000000000000000000e+00,0.000000000000000000e+00,0.000000000000000000e+00,0.000000000000000000e+00,0.000000000000000000e+00,0.000000000000000000e+00,0.000000000000000000e+00,0.000000000000000000e+00,0.000000000000000000e+00,0.000000000000000000e+00,0.000000000000000000e+00,0.000000000000000000e+00,0.000000000000000000e+00,0.000000000000000000e+00,0.000000000000000000e+00,0.000000000000000000e+00,0.000000000000000000e+00,0.000000000000000000e+00,0.000000000000000000e+00,0.000000000000000000e+00,0.000000000000000000e+00,0.000000000000000000e+00,0.000000000000000000e+00,0.000000000000000000e+00,0.000000000000000000e+00,0.000000000000000000e+00,0.000000000000000000e+00,0.000000000000000000e+00,0.000000000000000000e+00,0.000000000000000000e+00,0.000000000000000000e+00,0.000000000000000000e+00,0.000000000000000000e+00,0.000000000000000000e+00,0.000000000000000000e+00,0.000000000000000000e+00,0.000000000000000000e+00,2.269435811290216633e-03,2.432715564793404978e-03,1.290052432700301670e-03,1.845064761528752376e-04,-3.168384103524792147e-04,-5.152498649231802364e-04,-5.637775321999045951e-04,-5.734720222938076428e-04,-5.604943881260536801e-04,-5.509454465505544052e-04,-5.388524789967652495e-04,-5.286427596295655874e-04,-5.177563555753797626e-04,-5.083537096352712436e-04,-4.997504639159497950e-04,-4.925895076357387657e-04,-4.865272951610342847e-04,-4.815927109138077276e-04,-4.775714335078658202e-04,-4.743280074667386966e-04,-4.717267182369655107e-04,-4.696358748858031119e-04,-4.679801070221361096e-04,-4.666758018984464083e-04,-4.656911278099504052e-04,-4.649856374937566300e-04,-4.645503259557160749e-04,-4.643679042562981842e-04,-4.644353530758116647e-04,-4.647455028586471612e-04,-4.652977802274618898e-04,-4.660927084459595389e-04,-4.671319055051548772e-04,-4.684206456661109538e-04,-4.699622886821240336e-04,-4.717653088359323259e-04,-4.738325545161888659e-04,-4.761717783238778468e-04,-4.787835312860087714e-04,-4.816729860414413066e-04,-4.848353350796303046e-04,-4.882701638051198173e-04,-4.919678466284357074e-04,-4.959233172155142746e-04,-5.001195053880652056e-04,-5.045424556757378875e-04,-5.091683121034400444e-04,-5.139804003690834084e-04,-5.189555714085145608e-04,-5.240812722122826887e-04,-5.293423454095135200e-04,-5.347353803717691794e-04,-5.402509544913541590e-04,-5.458860807235932670e-04,-5.516299070331955002e-04,-5.574794236578822608e-04,-5.634248091240140780e-04,-5.694621060243436729e-04,-5.755794389310114369e-04,-5.817736307089974544e-04,-5.880386682856513555e-04,-5.943773859157989829e-04,-6.007842946804739645e-04,-6.072583841408992714e-04,-6.137951301103695143e-04,-6.204040830724272650e-04,-6.270945631465824500e-04,-6.338797217972565743e-04,-6.407548200410500367e-04,-6.477030702480809140e-04,-6.546822792889480519e-04,-6.616397450796201790e-04,-6.685088578952618323e-04,-6.752312715905024612e-04,-6.817560627988690199e-04,-6.880573158885249212e-04,-6.941259057001330276e-04,-6.999781365529649793e-04,-7.056395429663822345e-04,-7.111470420075151691e-04,-7.165331993331280121e-04,-7.218355654051969352e-04,-7.270911003455850534e-04,-7.323487025419031949e-04,-7.376576314362615289e-04,-7.430680857111015680e-04,-7.486122393443185152e-04,-7.543062720811449925e-04,-7.601418621576001801e-04,-7.660999960422081425e-04,-7.721509487899434060e-04,-7.782693440091019649e-04,-7.844308929580904146e-04,-7.906213518146454821e-04,-7.968284763454473209e-04,-8.030474542599633963e-04,-8.092720908881820578e-04,-8.155002034672742062e-04,-8.217261755898586789e-04,-8.279471996919277000e-04,-8.341572289163962312e-04,-8.403536249038202682e-04,-8.465317743860244649e-04,-8.526912766651626070e-04,-8.588303901801329831e-04,-8.649512325524261885e-04,-8.710540067724804837e-04,-8.771416516931323029e-04,-8.832144983570217782e-04,-8.892749161666742199e-04,-8.953225879543215589e-04,-9.013590319990480654e-04,-9.073832490780918067e-04,-9.133959889399196523e-04,-9.193957907903110979e-04,-9.253831012322676856e-04,-9.313567159757601705e-04,-9.373175963444162423e-04,-9.432654163108536178e-04,-9.492018355792683146e-04,-9.551271042829457278e-04,-9.610430024076336295e-04,-9.669497985414493698e-04,-9.728490877695650761e-04,-9.787412070532705653e-04,-9.846280958134888493e-04,-9.905112836196448226e-04,-9.963945466497775832e-04,-1.002281439604183833e-03,-1.008176221486271331e-03,-1.014080057161443867e-03,-1.019991067793451231e-03,-1.025901413001756779e-03,-1.031798697008001883e-03,-1.037665603889010310e-03,-1.043484782027992615e-03,-1.049244049041146536e-03,-1.054946215157397506e-03,-1.060615237028118916e-03,-1.066298223526653162e-03,-1.072055405339043289e-03,-1.077941201088202525e-03,-1.083977103970393567e-03,-1.090127694098374893e-03,-1.096289196693544772e-03,-1.102305348295107420e-03,-1.108016479079172245e-03,-1.113338228979392480e-03,-1.118345127673894650e-03,-1.123318772044400952e-03,-1.128714651293006568e-03,-1.135020503451314314e-03,-1.142522956811611477e-03,-1.151056653605594905e-03,-1.159861073319680717e-03,-1.167677480751312452e-03,-1.173164323774167610e-03,-1.175574293313410863e-03,-1.175465281557860897e-03,-1.175067134466143207e-03,-1.177926975489554731e-03,-1.187659137863585328e-03,-1.206045599202610263e-03,-1.231178663014953793e-03,-1.256655341734510449e-03,-1.272764596965183246e-03,-1.270083722807549900e-03,-1.244710807338680935e-03,-1.202894846341006317e-03,-1.161932413812587781e-03,-1.145512606011435267e-03,-1.174612836049512181e-03,-1.257468993237524212e-03,-1.382189980603377609e-03,-1.515424699398663574e-03,-1.609828625148569843e-03,-1.621361945546238295e-03,-1.533219618996041001e-03,-1.366561804797901142e-03,-1.165057976221048168e-03,-9.628572908910602770e-04,-7.396702678116649863e-04,-4.405258847192237591e-04,-1.000037314381012197e-04
0.000000000000000000e+00,0.000000000000000000e+00,0.000000000000000000e+00,0.000000000000000000e+00,0.000000000000000000e+00,0.000000000000000000e+00,0.000000000000000000e+00,0.000000000000000000e+00,0.000000000000000000e+00,0.000000000000000000e+00,0.000000000000000000e+00,0.000000000000000000e+00,0.000000000000000000e+00,0.000000000000000000e+00,0.000000000000000000e+00,0.000000000000000000e+00,0.000000000000000000e+00,0.000000000000000000e+00,0.000000000000000000e+00,0.000000000000000000e+00,0.000000000000000000e+00,0.000000000000000000e+00,0.000000000000000000e+00,0.000000000000000000e+00,0.000000000000000000e+00,0.000000000000000000e+00,0.000000000000000000e+00,0.000000000000000000e+00,0.000000000000000000e+00,0.000000000000000000e+00,0.000000000000000000e+00,0.000000000000000000e+00,0.000000000000000000e+00,0.000000000000000000e+00,0.000000000000000000e+00,0.000000000000000000e+00,0.000000000000000000e+00,0.000000000000000000e+00,0.000000000000000000e+00,0.000000000000000000e+00,0.000000000000000000e+00,0.000000000000000000e+00,0.000000000000000000e+00,0.000000000000000000e+00,0.000000000000000000e+00,0.000000000000000000e+00,0.000000000000000000e+00,0.000000000000000000e+00,0.000000000000000000e+00,0.000000000000000000e+00,0.000000000000000000e+00,0.000000000000000000e+00,0.000000000000000000e+00,0.000000000000000000e+00,0.000000000000000000e+00,0.000000000000000000e+00,0.000000000000000000e+00,0.000000000000000000e+00,0.000000000000000000e+00,0.000000000000000000e+00,0.000000000000000000e+00,0.000000000000000000e+00,0.000000000000000000e+00,0.000000000000000000e+00,0.000000000000000000e+00,0.000000000000000000e+00,0.000000000000000000e+00,0.000000000000000000e+00,0.000000000000000000e+00,0.000000000000000000e+00,0.000000000000000000e+00,0.000000000000000000e+00,0.000000000000000000e+00,0.000000000000000000e+00,0.000000000000000000e+00,0.000000000000000000e+00,0.000000000000000000e+00,0.000000000000000000e+00,0.000000000000000000e+00,0.000000000000000000e+00,0.000000000000000000e+00,0.000000000000000000e+00,0.000000000000000000e+00,0.000000000000000000e+00,0.000000000000000000e+00,0.000000000000000000e+00,0.000000000000000000e+00,0.000000000000000000e+00,0.000000000000000000e+00,0.000000000000000000e+00,0.000000000000000000e+00,0.000000000000000000e+00,0.000000000000000000e+00,0.000000000000000000e+00,0.000000000000000000e+00,0.000000000000000000e+00,0.000000000000000000e+00,0.000000000000000000e+00,0.000000000000000000e+00,0.000000000000000000e+00,0.000000000000000000e+00,0.000000000000000000e+00,0.000000000000000000e+00,0.000000000000000000e+00,0.000000000000000000e+00,0.000000000000000000e+00,0.000000000000000000e+00,0.000000000000000000e+00,0.000000000000000000e+00,0.000000000000000000e+00,0.000000000000000000e+00,0.000000000000000000e+00,0.000000000000000000e+00,0.000000000000000000e+00,0.000000000000000000e+00,0.000000000000000000e+00,0.000000000000000000e+00,0.000000000000000000e+00,0.000000000000000000e+00,0.000000000000000000e+00,0.000000000000000000e+00,0.000000000000000000e+00,0.000000000000000000e+00,0.000000000000000000e+00,0.000000000000000000e+00,0.000000000000000000e+00,0.000000000000000000e+00,0.000000000000000000e+00,0.000000000000000000e+00,0.000000000000000000e+00,0.000000000000000000e+00,0.000000000000000000e+00,0.000000000000000000e+00,0.000000000000000000e+00,0.000000000000000000e+00,0.000000000000000000e+00,0.000000000000000000e+00,0.000000000000000000e+00,0.000000000000000000e+00,0.000000000000000000e+00,0.000000000000000000e+00,0.000000000000000000e+00,0.000000000000000000e+00,0.000000000000000000e+00,0.000000000000000000e+00,0.000000000000000000e+00,0.000000000000000000e+00,0.000000000000000000e+00,0.000000000000000000e+00,0.000000000000000000e+00,0.000000000000000000e+00,0.000000000000000000e+00,0.000000000000000000e+00,0.000000000000000000e+00,0.000000000000000000e+00,0.000000000000000000e+00,1.991839150612546329e-03,1.648863156787911625e-03,5.121742617803192160e-04,-1.914122219046706264e-04,-5.375124885112813125e-04,-6.050445698252750757e-04,-6.273005491838336235e-04,-6.246210968256070027e-04,-6.251924958695783633e-04,-6.177959178673993581e-04,-6.119543998376469895e-04,-6.035020761146792393e-04,-5.961126959145943843e-04,-5.885421899455160798e-04,-5.822081276889968203e-04,-5.766505885614402020e-04,-5.722126316015911261e-04,-5.686448655336742318e-04,-5.659216345856661785e-04,-5.638859032630298826e-04,-5.624279526878467978e-04,-5.614498067193987455e-04,-5.608590020464783617e-04,-5.606054392982821486e-04,-5.606366040052843634e-04,-5.609357928023586291e-04,-5.614794126734100202e-04,-5.622649330275759178e-04,-5.632797676782767132e-04,-5.645243241223097796e-04,-5.659916442498472188e-04,-5.676858803332225081e-04,-5.696048599987602783e-04,-5.717553738513283298e-04,-5.741381634601716924e-04,-5.767615391013995512e-04,-5.796263573651536062e-04,-5.827396907508473412e-04,-5.861009239378171939e-04,-5.897145779326849703e-04,-5.935757281704485749e-04,-5.976841485609500192e-04,-6.020311112786342527e-04,-6.066122207386822956e-04,-6.114124007231229582e-04,-6.164196480118589025e-04,-6.216126163930365579e-04,-6.269751918485027891e-04,-6.324843014685115018e-04,-6.381256792001330051e-04,-6.438828051797920076e-04,-6.497500226749856325e-04,-6.557176113920229433e-04,-6.617834284790617911e-04,-6.679403750491211050e-04,-6.741889013586523658e-04,-6.805226911849896962e-04,-6.869391495316040219e-04,-6.934282356592916165e-04,-6.999876835642967511e-04,-7.066125600047864835e-04,-7.133041241219084975e-04,-7.200548236019556521e-04,-7.268609104529842341e-04,-7.337175738719302776e-04,-7.406346441073589177e-04,-7.476229786598652567e-04,-7.546955489611455268e-04,-7.618465256757440875e-04,-7.690551102375476483e-04,-7.762750249032998985e-04,-7.834503612861103920e-04,-7.905164386612783135e-04,-7.974204668057285851e-04,-8.041191944565001136e-04,-8.105902589086612505e-04,-8.168226531547672850e-04,-8.228245393078869718e-04,-8.286123377790745141e-04,-8.342155810721984090e-04,-8.396651185746062613e-04,-8.450008539706610521e-04,-8.502657889707674124e-04,-8.555148798697273516e-04,-8.608032631046606082e-04,-8.661847185890310385e-04,-8.716940749599153427e-04,-8.773482390100070067e-04,-8.831394632902582779e-04,-8.890482364540047353e-04,-8.950448381594445233e-04,-9.011033222158003689e-04,-9.071995978677478483e-04,-9.133192050423892105e-04,-9.194504500044629880e-04,-9.255886176562102240e-04,-9.317282409406163566e-04,-9.378673055322582367e-04,-9.440008638862413658e-04,-9.501261820856788136e-04,-9.562377626768549113e-04,-9.623329877068813321e-04,-9.684077832070248559e-04,-9.744618432812017375e-04,-9.804940559240181777e-04,-9.865067498138863859e-04,-9.925008200071601568e-04,-9.984794421533009848e-04,-1.004443571460155501e-03,-1.010395702434342116e-03,-1.016335969427544688e-03,-1.022265868755768779e-03,-1.028184735897904592e-03,-1.034093287016326105e-03,-1.039990444488071318e-03,-1.045876730407437494e-03,-1.051751387315346536e-03,-1.057615454306210087e-03,-1.063468924109523418e-03,-1.069313326291576995e-03,-1.075148944859866292e-03,-1.080977183782273580e-03,-1.086798207819158297e-03,-1.092613373777008567e-03,-1.098423384008499759e-03,-1.104230763831856805e-03,-1.110038364026977873e-03,-1.115851320024851190e-03,-1.121674609822599774e-03,-1.127512889447583946e-03,-1.133366456785662914e-03,-1.139230470350911621e-03,-1.145092640919800854e-03,-1.150935355629204970e-03,-1.156737604755978064e-03,-1.162481784331270435e-03,-1.168160987705797044e-03,-1.173788788059737954e-03,-1.179403663519054245e-03,-1.185066118216561784e-03,-1.190842403154731719e-03,-1.196778858786143231e-03,-1.202871675926693411e-03,-1.209045763913994299e-03,-1.215154916232581315e-03,-1.221015935745968116e-03,-1.226477838101672387e-03,-1.231512826736796355e-03,-1.236295156928532988e-03,-1.241221323500778934e-03,-1.246829056654361837e-03,-1.253602027941014014e-03,-1.261701132794656186e-03,-1.270722176952882422e-03,-1.279620826726899805e-03,-1.286930446576565589e-03,-1.291313448854533282e-03,-1.292327218500883635e-03,-1.291107668504153398e-03,-1.290557732890510118e-03,-1.294690638681478398e-03,-1.307066313604547886e-03,-1.328714631348950053e-03,-1.356384040564175041e-03,-1.382164500586223260e-03,-1.395357215118881973e-03,-1.386720388024461443e-03,-1.353948264236778509e-03,-1.305741284462866043e-03,-1.261482486959799275e-03,-1.245296298124715356e-03,-1.276598810617886933e-03,-1.361007509942574077e-03,-1.485076801485967109e-03,-1.616851896171519467e-03,-1.713503699890877143e-03,-1.735658511563607613e-03,-1.666316604850172703e-03,-1.516175529145076528e-03,-1.313104213739466498e-03,-1.086220523992370264e-03,-8.260893094640296089e-04,-4.863767652052985459e-04,-1.107529915976165577e-04
0.000000000000000000e+00,0.000000000000000000e+00,0.000000000000000000e+00,0.000000000000000000e+00,0.000000000000000000e+00,0.000000000000000000e+00,0.000000000000000000e+00,0.000000000000000000e+00,0.000000000000000000e+00,0.000000000000000000e+00,0.000000000000000000e+00,0.000000000000000000e+00,0.000000000000000000e+00,0.000000000000000000e+00,0.000000000000000000e+00,0.000000000000000000e+00,0.000000000000000000e+00,0.000000000000000000e+00,0.000000000000000000e+00,0.000000000000000000e+00,0.000000000000000000e+00,0.000000000000000000e+00,0.000000000000000000e+00,0.000000000000000000e+00,0.000000000000000000e+00,0.000000000000000000e+00,0.000000000000000000e+00,0.000000000000000000e+00,0.000000000000000000e+00,0.000000000000000000e+00,0.000000000000000000e+00,0.000000000000000000e+00,0.000000000000000000e+00,0.000000000000000000e+00,0.000000000000000000e+00,0.000000000000000000e+00,0.000000000000000000e+00,0.000000000000000000e+00,0.000000000000000000e+00,0.000000000000000000e+00,0.000000000000000000e+00,0.000000000000000000e+00,0.000000000000000000e+00,0.000000000000000000e+00,0.000000000000000000e+00,0.000000000000000000e+00,0.000000000000000000e+00,0.000000000000000000e+00,0.000000000000000000e+00,0.000000000000000000e+00,0.000000000000000000e+00,0.000000000000000000e+00,0.000000000000000000e+00,0.000000000000000000e+00,0.000000000000000000e+00,0.000000000000000000e+00,0.000000000000000000e+00,0.000000000000000000e+00,0.000000000000000000e+00,0.000000000000000000e+00,0.000000000000000000e+00,0.000000000000000000e+00,0.000000000000000000e+00,0.000000000000000000e+00,0.000000000000000000e+00,0.000000000000000000e+00,0.000000000000000000e+00,0.000000000000000000e+00,0.000000000000000000e+00,0.000000000000000000e+00,0.000000000000000000e+00,0.000000000000000000e+00,0.000000000000000000e+00,0.000000000000000000e+00,0.000000000000000000e+00,0.000000000000000000e+00,0.000000000000000000e+00,0.000000000000000000e+00,0.000000000000000000e+00,0.000000000000000000e+00,0.000000000000000000e+00,0.000000000000000000e+00,0.000000000000000000e+00,0.000000000000000000e+00,0.000000000000000000e+00,0.000000000000000000e+00,0.000000000000000000e+00,0.000000000000000000e+00,0.000000000000000000e+00,0.000000000000000000e+00,0.000000000000000000e+00,0.000000000000000000e+00,0.000000000000000000e+00,0.000000000000000000e+00,0.000000000000000000e+00,0.000000000000000000e+00,0.000000000000000000e+00,0.000000000000000000e+00,0.000000000000000000e+00,0.000000000000000000e+00,0.000000000000000000e+00,0.000000000000000000e+00,0.000000000000000000e+00,0.000000000000000000e+00,0.000000000000000000e+00,0.000000000000000000e+00,0.000000000000000000e+00,0.000000000000000000e+00,0.000000000000000000e+00,0.000000000000000000e+00,0.000000000000000000e+00,0.000000000000000000e+00,0.000000000000000000e+00,0.000000000000000000e+00,0.000000000000000000e+00,0.000000000000000000e+00,0.000000000000000000e+00,0.000000000000000000e+00,0.000000000000000000e+00,0.000000000000000000e+00,0.000000000000000000e+00,0.000000000000000000e+00,0.000000000000000000e+00,0.000000000000000000e+00,0.000000000000000000e+00,0.000000000000000000e+00,0.000000000000000000e+00,0.000000000000000000e+00,0.000000000000000000e+00,0.000000000000000000e+00,0.000000000000000000e+00,0.000000000000000000e+00,0.000000000000000000e+00,0.000000000000000000e+00,0.000000000000000000e+00,0.000000000000000000e+00,0.000000000000000000e+00,0.000000000000000000e+00,0.000000000000000000e+00,0.000000000000000000e+00,0.000000000000000000e+00,0.000000000000000000e+00,0.000000000000000000e+00,0.000000000000000000e+00,0.000000000000000000e+00,0.000000000000000000e+00,0.000000000000000000e+00,0.000000000000000000e+00,0.000000000000000000e+00,0.000000000000000000e+00,0.000000000000000000e+00,0.000000000000000000e+00,0.000000000000000000e+00,0.000000000000000000e+00,0.000000000000000000e+00,1.904606335920562294e-03,2.877952463912150909e-03,1.381780262327466377e-03,3.297287266778923371e-04,-2.667278435996583595e-04,-5.573512579902400489e-04,-6.761928006045251054e-04,-6.946562540702786890e-04,-7.073919528978020368e-04,-7.083621586697000242e-04,-7.105407028185693578e-04,-7.073391414453859740e-04,-7.046370346651273592e-04,-7.003635826925925980e-04,-6.969168362358829551e-04,-6.934958234710413829e-04,-6.909629182888303274e-04,-6.889489574989165165e-04,-6.876836470493021816e-04,-6.869655358690987621e-04,-6.867983352641673055e-04,-6.870606198170624464e-04,-6.876983894077655151e-04,-6.886424676366244627e-04,-6.898474602941628625e-04,-6.912830932297214705e-04,-6.929270584014961785e-04,-6.947708867895833248e-04,-6.968053983012876705e-04,-6.990264393819364862e-04,-7.014282871293005131e-04,-7.040078705970799792e-04,-7.067647079965250385e-04,-7.096987489935074412e-04,-7.128139666815602868e-04,-7.161124732608795725e-04,-7.196008167610853413e-04,-7.232809918414378385e-04,-7.271593694063703019e-04,-7.312366021440218355e-04,-7.355170459351715586e-04,-7.399972138808931900e-04,-7.446773042006535033e-04,-7.495502782767029821e-04,-7.546129161010411545e-04,-7.598535980721715438e-04,-7.652641903522172618e-04,-7.708286766427650252e-04,-7.765347164186250017e-04,-7.823626103070693014e-04,-7.882988535402357709e-04,-7.943268043880867763e-04,-8.004386078652025050e-04,-8.066236097961957622e-04,-8.128796246247925027e-04,-8.192024209288254269e-04,-8.255954263345941868e-04,-8.320562716471011522e-04,-8.385854145609165011e-04,-8.451769596964531662e-04,-8.518314511378527118e-04,-8.585459281406200788e-04,-8.653205894114035165e-04,-8.721466550767159294e-04,-8.790187931283668758e-04,-8.859324849149170051e-04,-8.928974423919073134e-04,-8.999249216378993246e-04,-9.070265989859731389e-04,-9.141948472981942892e-04,-9.214048894149361396e-04,-9.286071299176377591e-04,-9.357438368202705779e-04,-9.427535557110690171e-04,-9.495897125131488826e-04,-9.562164721377264514e-04,-9.626143250658402220e-04,-9.687696570255562153e-04,-9.746820421613974642e-04,-9.803583887515322347e-04,-9.858204151962253730e-04,-9.910967322775176072e-04,-9.962292869763772919e-04,-1.001267091508923181e-03,-1.006271464749811757e-03,-1.011303762803885233e-03,-1.016421609199615658e-03,-1.021662478409680582e-03,-1.027043857134226279e-03,-1.032558305072816011e-03,-1.038185622837393702e-03,-1.043895942414447891e-03,-1.049662725919969352e-03,-1.055462070750481061e-03,-1.061279362663293535e-03,-1.067103483699247558e-03,-1.072929887632113671e-03,-1.078753866449670262e-03,-1.084573655397132750e-03,-1.090385018426923537e-03,-1.096185381457718015e-03,-1.101969836410545594e-03,-1.107735863330375388e-03,-1.113479961564994630e-03,-1.119201998853145384e-03,-1.124901538121438668e-03,-1.130581214442642540e-03,-1.136242678540937395e-03,-1.141889453390296542e-03,-1.147523195887074909e-03,-1.153146648426788250e-03,-1.158760486146110779e-03,-1.164366311627837696e-03,-1.169963879620222790e-03,-1.175553980153655259e-03,-1.181135967547442163e-03,-1.186710494959783771e-03,-1.192277234912149028e-03,-1.197837279791420058e-03,-1.203390840622929267e-03,-1.208939226449557477e-03,-1.214482645458704949e-03,-1.220022116801223067e-03,-1.225557778817274943e-03,-1.231091000169703140e-03,-1.236623177989997586e-03,-1.242157799216814717e-03,-1.247699244158720919e-03,-1.253253931813488528e-03,-1.258827710130613941e-03,-1.264424648796240360e-03,-1.270042896049843571e-03,-1.275673521860392094e-03,-1.281299313349955858e-03,-1.286898203485918948e-03,-1.292447723007017490e-03,-1.297933551142904131e-03,-1.303357949473538850e-03,-1.308748030379930328e-03,-1.314156646178118743e-03,-1.319653369823785803e-03,-1.325301918043951489e-03,-1.331129710310945818e-03,-1.337098273138106206e-03,-1.343089831251870724e-03,-1.348923135789697764e-03,-1.354406983651738894e-03,-1.359425770141374761e-03,-1.364033721928553568e-03,-1.368516719342292073e-03,-1.373373388923642639e-03,-1.379182392062026788e-03,-1.386361756007806287e-03,-1.394886548248197838e-03,-1.404084849364698687e-03,-1.412657638172191412e-03,-1.419025429812114259e-03,-1.421993483934869476e-03,-1.421550301812214701e-03,-1.419451703657281490e-03,-1.419171154779291484e-03,-1.424938170347866831e-03,-1.439928836161214311e-03,-1.464154731532145252e-03,-1.492971687431693222e-03,-1.517257855523001554e-03,-1.525947979026266894e-03,-1.510763576941485942e-03,-1.471551888676135046e-03,-1.419440954184569142e-03,-1.375063246910091267e-03,-1.361551856352297141e-03,-1.394987153348912655e-03,-1.476722798292634444e-03,-1.590604477468416387e-03,-1.706299615257883149e-03,-1.787902397802895726e-03,-1.806749343975479032e-03,-1.753331667258667273e-03,-1.630799671451926012e-03,-1.444124336686650753e-03,-1.204046793375004648e-03,-9.087153292788531424e-04,-5.275574812879036323e-04,-1.195597966004592871e-04
0.000000000000000000e+00,0.000000000000000000e+00,0.000000000000000000e+00,0.000000000000000000e+00,0.000000000000000000e+00,0.000000000000000000e+00,0.000000000000000000e+00,0.000000000000000000e+00,0.000000000000000000e+00,0.000000000000000000e+00,0.000000000000000000e+00,0.000000000000000000e+00,0.000000000000000000e+00,0.000000000000000000e+00,0.000000000000000000e+00,0.000000000000000000e+00,0.000000000000000000e+00,0.000000000000000000e+00,0.000000000000000000e+00,0.000000000000000000e+00,0.000000000000000000e+00,0.000000000000000000e+00,0.000000000000000000e+00,0.000000000000000000e+00,0.000000000000000000e+00,0.000000000000000000e+00,0.000000000000000000e+00,0.000000000000000000e+00,0.000000000000000000e+00,0.000000000000000000e+00,0.000000000000000000e+00,0.000000000000000000e+00,0.000000000000000000e+00,0.000000000000000000e+00,0.000000000000000000e+00,0.000000000000000000e+00,0.000000000000000000e+00,0.000000000000000000e+00,0.000000000000000000e+00,0.000000000000000000e+00,0.000000000000000000e+00,0.000000000000000000e+00,0.000000000000000000e+00,0.000000000000000000e+00,0.000000000000000000e+00,0.000000000000000000e+00,0.000000000000000000e+00,0.000000000000000000e+00,0.000000000000000000e+00,0.000000000000000000e+00,0.000000000000000000e+00,0.000000000000000000e+00,0.000000000000000000e+00,0.000000000000000000e+00,0.000000000000000000e+00,0.000000000000000000e+00,0.000000000000000000e+00,0.000000000000000000e+00,0.000000000000000000e+00,0.000000000000000000e+00,0.000000000000000000e+00,0.000000000000000000e+00,0.000000000000000000e+00,0.000000000000000000e+00,0.000000000000000000e+00,0.000000000000000000e+00,0.000000000000000000e+00,0.000000000000000000e+00,0.000000000000000000e+00,0.000000000000000000e+00,0.000000000000000000e+00,0.000000000000000000e+00,0.000000000000000000e+00,0.000000000000000000e+00,0.000000000000000000e+00,0.000000000000000000e+00,0.000000000000000000e+00,0.000000000000000000e+00,0.000000000000000000e+00,0.000000000000000000e+00,0.000000000000000000e+00,0.000000000000000000e+00,0.000000000000000000e+00,0.000000000000000000e+00,0.000000000000000000e+00,0.000000000000000000e+00,0.000000000000000000e+00,0.000000000000000000e+00,0.000000000000000000e+00,0.000000000000000000e+00,0.000000000000000000e+00,0.000000000000000000e+00,0.000000000000000000e+00,0.000000000000000000e+00,0.000000000000000000e+00,0.000000000000000000e+00,0.000000000000000000e+00,0.000000000000000000e+00,0.000000000000000000e+00,0.000000000000000000e+00,0.000000000000000000e+00,0.000000000000000000e+00,0.000000000000000000e+00,0.000000000000000000e+00,0.000000000000000000e+00,0.000000000000000000e+00,0.000000000000000000e+00,0.000000000000000000e+00,0.000000000000000000e+00,0.000000000000000000e+00,0.000000000000000000e+00,0.000000000000000000e+00,0.000000000000000000e+00,0.000000000000000000e+00,0.000000000000000000e+00,0.000000000000000000e+00,0.000000000000000000e+00,0.000000000000000000e+00,0.000000000000000000e+00,0.000000000000000000e+00,0.000000000000000000e+00,0.000000000000000000e+00,0.000000000000000000e+00,0.000000000000000000e+00,0.000000000000000000e+00,0.000000000000000000e+00,0.000000000000000000e+00,0.000000000000000000e+00,0.000000000000000000e+00,0.000000000000000000e+00,0.000000000000000000e+00,0.000000000000000000e+00,0.000000000000000000e+00,0.000000000000000000e+00,0.000000000000000000e+00,0.000000000000000000e+00,0.000000000000000000e+00,0.000000000000000000e+00,0.000000000000000000e+00,0.000000000000000000e+00,0.000000000000000000e+00,0.000000000000000000e+00,0.000000000000000000e+00,0.000000000000000000e+00,0.000000000000000000e+00,0.000000000000000000e+00,0.000000000000000000e+00,0.000000000000000000e+00,0.000000000000000000e+00,0.000000000000000000e+00,0.000000000000000000e+00,0.000000000000000000e+00,0.000000000000000000e+00,0.000000000000000000e+00,0.000000000000000000e+00,2.226777943526261992e-03,2.045721515232706671e-03,5.425128302098807540e-04,-3.661431716010842344e-04,-5.629553567965535311e-04,-7.143004608369071156e-04,-7.760278667830743408e-04,-8.101485387847484881e-04,-8.169185900661394238e-04,-8.272454167206884455e-04,-8.304354269793540275e-04,-8.348794937912939465e-04,-8.359869345401782503e-04,-8.377180683256980637e-04,-8.383825523493840422e-04,-8.395905394741167219e-04,-8.406529310234853039e-04,-8.421750235999270456e-04,-8.438650629180360820e-04,-8.459166745654284145e-04,-8.481899248316481735e-04,-8.507194137236249098e-04,-8.534294656881815429e-04,-8.563085343027016525e-04,-8.593201617937790094e-04,-8.624525653488344674e-04,-8.656953733197208243e-04,-8.690444479313043759e-04,-8.724993466906873305e-04,-8.760554306019266609e-04,-8.797117868672948808e-04,-8.834635075611008094e-04,-8.873126222088206175e-04,-8.912580366153071646e-04,-8.953057096193424479e-04,-8.994579672926621920e-04,-9.037232199419148806e-04,-9.081048732738115177e-04,-9.126115942597824628e-04,-9.172463778911542744e-04,-9.220159173083651051e-04,-9.269193816903114171e-04,-9.319590337577611256e-04,-9.371302215344160230e-04,-9.424318346325683297e-04,-9.478563355929865188e-04,-9.534005309539671799e-04,-9.590552050091687110e-04,-9.648141918737636585e-04,-9.706640790158243626e-04,-9.765950904056729890e-04,-9.825927554975460478e-04,-9.886484649405417532e-04,-9.947510325392192477e-04,-1.000897635247932974e-03,-1.007085442400878746e-03,-1.013319344554001588e-03,-1.019600245824961579e-03,-1.025932342921998105e-03,-1.032315295042095368e-03,-1.038753805305131289e-03,-1.045247830503104021e-03,-1.051797606738609590e-03,-1.058394500777322866e-03,-1.065032837755910044e-03,-1.071708671744952841e-03,-1.078430913921516604e-03,-1.085209948121534582e-03,-1.092055010801826643e-03,-1.098955985471685576e-03,-1.105884336400649861e-03,-1.112788237713461950e-03,-1.119609737120574140e-03,-1.126291702301887836e-03,-1.132793815284227059e-03,-1.139086635670119065e-03,-1.145152303012682629e-03,-1.150973789706915542e-03,-1.156541918589318622e-03,-1.161854066492728349e-03,-1.166923985217226860e-03,-1.171777577903331891e-03,-1.176458405881531093e-03,-1.181021236803476548e-03,-1.185533838821847819e-03,-1.190063944989458965e-03,-1.194673163857515926e-03,-1.199401514799166082e-03,-1.204266857346709962e-03,-1.209261729477611015e-03,-1.214365005870173507e-03,-1.219546464670196589e-03,-1.224778916019081051e-03,-1.230038594257847279e-03,-1.235310767465678345e-03,-1.240584889221328386e-03,-1.245856637800733498e-03,-1.251122075335826247e-03,-1.256379760876599966e-03,-1.261626202187340288e-03,-1.266859072543089762e-03,-1.272074087769606027e-03,-1.277268903801330674e-03,-1.282440616434363549e-03,-1.287589338134443196e-03,-1.292715335268578361e-03,-1.297821634882360010e-03,-1.302910693724064093e-03,-1.307986489824560384e-03,-1.313051454869173986e-03,-1.318108706668468444e-03,-1.323159551576296323e-03,-1.328205832780023597e-03,-1.333247806539175585e-03,-1.338286439961897589e-03,-1.343321550409064865e-03,-1.348353956744144030e-03,-1.353383717636590664e-03,-1.358411939562268606e-03,-1.363438953659457629e-03,-1.368465795811072555e-03,-1.373492559959833739e-03,-1.378519976560083158e-03,-1.383548345380326621e-03,-1.388579380930364754e-03,-1.393615509302898424e-03,-1.398661445235992650e-03,-1.403723067143306923e-03,-1.408807676261517256e-03,-1.413921122610011611e-03,-1.419065757384213025e-03,-1.424236471568529399e-03,-1.429419730702511651e-03,-1.434593943509815698e-03,-1.439734573851392642e-03,-1.444820944369761082e-03,-1.449845852113669942e-03,-1.454823747132595862e-03,-1.459795865169488411e-03,-1.464826132005185881e-03,-1.469985705877105506e-03,-1.475325446376618598e-03,-1.480844045598222287e-03,-1.486463627569728540e-03,-1.492028457211623657e-03,-1.497338362792204232e-03,-1.502219305865136771e-03,-1.506617621551175137e-03,-1.510685985966870541e-03,-1.514816355176154322e-03,-1.519575660690823671e-03,-1.525525787404118485e-03,-1.532955503490429161e-03,-1.541612518980483518e-03,-1.550566905941416686e-03,-1.558341179749101650e-03,-1.563374534229094526e-03,-1.564756021580282746e-03,-1.562986194234030918e-03,-1.560391490388386097e-03,-1.560809192391946799e-03,-1.568360951958928766e-03,-1.585520999735535227e-03,-1.611128875908359815e-03,-1.639313868769480065e-03,-1.660274117663275168e-03,-1.663396074383401277e-03,-1.642163016367500323e-03,-1.598980235945177304e-03,-1.547028983726803130e-03,-1.507085109678751563e-03,-1.499674057702473544e-03,-1.535886649497018430e-03,-1.611076273102640243e-03,-1.704792267164789319e-03,-1.787032573543901205e-03,-1.829577051592457503e-03,-1.819844225664015184e-03,-1.766019374804238175e-03,-1.672826029490151510e-03,-1.522077616471864377e-03,-1.292019459325155755e-03,-9.757496947550681849e-04,-5.599213564352616308e-04,-1.249995767666233263e-04
0.000000000000000000e+00,0.000000000000000000e+00,0.000000000000000000e+00,0.000000000000000000e+00,0.000000000000000000e+00,0.000000000000000000e+00,0.000000000000000000e+00,0.000000000000000000e+00,0.000000000000000000e+00,0.000000000000000000e+00,0.000000000000000000e+00,0.000000000000000000e+00,0.000000000000000000e+00,0.000000000000000000e+00,0.000000000000000000e+00,0.000000000000000000e+00,0.000000000000000000e+00,0.000000000000000000e+00,0.000000000000000000e+00,0.000000000000000000e+00,0.000000000000000000e+00,0.000000000000000000e+00,0.000000000000000000e+00,0.000000000000000000e+00,0.000000000000000000e+00,0.000000000000000000e+00,0.000000000000000000e+00,0.000000000000000000e+00,0.000000000000000000e+00,0.000000000000000000e+00,0.000000000000000000e+00,0.000000000000000000e+00,0.000000000000000000e+00,0.000000000000000000e+00,0.000000000000000000e+00,0.000000000000000000e+00,0.000000000000000000e+00,0.000000000000000000e+00,0.000000000000000000e+00,0.000000000000000000e+00,0.000000000000000000e+00,0.000000000000000000e+00,0.000000000000000000e+00,0.000000000000000000e+00,0.000000000000000000e+00,0.000000000000000000e+00,0.000000000000000000e+00,0.000000000000000000e+00,0.000000000000000000e+00,0.000000000000000000e+00,0.000000000000000000e+00,0.000000000000000000e+00,0.000000000000000000e+00,0.000000000000000000e+00,0.000000000000000000e+00,0.000000000000000000e+00,0.000000000000000000e+00,0.000000000000000000e+00,0.000000000000000000e+00,0.000000000000000000e+00,0.000000000000000000e+00,0.000000000000000000e+00,0.000000000000000000e+00,0.000000000000000000e+00,0.000000000000000000e+00,0.000000000000000000e+00,0.000000000000000000e+00,0.000000000000000000e+00,0.000000000000000000e+00,0.000000000000000000e+00,0.000000000000000000e+00,0.000000000000000000e+00,0.000000000000000000e+00,0.000000000000000000e+00,0.000000000000000000e+00,0.000000000000000000e+00,0.000000000000000000e+00,0.000000000000000000e+00,0.000000000000000000e+00,0.000000000000000000e+00,0.000000000000000000e+00,0.000000000000000000e+00,0.000000000000000000e+00,0.000000000000000000e+00,0.000000000000000000e+00,0.000000000000000000e+00,0.000000000000000000e+00,0.000000000000000000e+00,0.000000000000000000e+00,0.000000000000000000e+00,0.000000000000000000e+00,0.000000000000000000e+00,0.000000000000000000e+00,0.000000000000000000e+00,0.000000000000000000e+00,0.000000000000000000e+00,0.000000000000000000e+00,0.000000000000000000e+00,0.000000000000000000e+00,0.000000000000000000e+00,0.000000000000000000e+00,0.000000000000000000e+00,0.000000000000000000e+00,0.000000000000000000e+00,0.000000000000000000e+00,0.000000000000000000e+00,0.000000000000000000e+00,0.000000000000000000e+00,0.000000000000000000e+00,0.000000000000000000e+00,0.000000000000000000e+00,0.000000000000000000e+00,0.000000000000000000e+00,0.000000000000000000e+00,0.000000000000000000e+00,0.000000000000000000e+00,0.000000000000000000e+00,0.000000000000000000e+00,0.000000000000000000e+00,0.000000000000000000e+00,0.000000000000000000e+00,0.000000000000000000e+00,0.000000000000000000e+00,0.000000000000000000e+00,0.000000000000000000e+00,0.000000000000000000e+00,0.000000000000000000e+00,0.000000000000000000e+00,0.000000000000000000e+00,0.000000000000000000e+00,0.000000000000000000e+00,0.000000000000000000e+00,0.000000000000000000e+00,0.000000000000000000e+00,0.000000000000000000e+00,0.000000000000000000e+00,0.000000000000000000e+00,0.000000000000000000e+00,0.000000000000000000e+00,0.000000000000000000e+00,0.000000000000000000e+00,0.000000000000000000e+00,0.000000000000000000e+00,0.000000000000000000e+00,0.000000000000000000e+00,0.000000000000000000e+00,0.000000000000000000e+00,0.000000000000000000e+00,0.000000000000000000e+00,0.000000000000000000e+00,0.000000000000000000e+00,0.000000000000000000e+00,0.000000000000000000e+00,0.000000000000000000e+00,0.000000000000000000e+00,2.334667667829360728e-03,1.497299499757580700e-03,4.837996989946311048e-05,-7.668078060980855178e-04,-9.512806593362716553e-04,-9.252912754532996702e-04,-9.437257229273689771e-04,-9.531722515302432086e-04,-9.689746466020788965e-04,-9.775614998939335942e-04,-9.890089689667468879e-04,-9.969446983862566367e-04,-1.005443397714545070e-03,-1.012078446994116223e-03,-1.018763411425896393e-03,-1.024587409421347066e-03,-1.030372830312136423e-03,-1.035781065693195833e-03,-1.041158357914671569e-03,-1.046383501081826761e-03,-1.051588278284097807e-03,-1.056722759685502395e-03,-1.061826118181745729e-03,-1.066876285081228178e-03,-1.071884318837422771e-03,-1.076846544486538115e-03,-1.081771857561189413e-03,-1.086666180149519672e-03,-1.091536994719864793e-03,-1.096387537223320182e-03,-1.101220089606025701e-03,-1.106035155926350828e-03,-1.110836425322087474e-03,-1.115627255862875703e-03,-1.120415658966981282e-03,-1.125208340692751942e-03,-1.130016388880344990e-03,-1.134847869485847496e-03,-1.139714937552032976e-03,-1.144625489131004606e-03,-1.149589960739870378e-03,-1.154612288941347584e-03,-1.159698137775726397e-03,-1.164846798494580549e-03,-1.170060238586033202e-03,-1.175335758389553205e-03,-1.180675339688488663e-03,-1.186076916878957190e-03,-1.191541331216300001e-03,-1.197063045335329404e-03,-1.202638183861179334e-03,-1.208256888660837408e-03,-1.213912145772917325e-03,-1.219593815438030186e-03,-1.225298718657329491e-03,-1.231024255739631345e-03,-1.236774996564127174e-03,-1.242553611073211753e-03,-1.248367385672520839e-03,-1.254221397564092349e-03,-1.260124754963546810e-03,-1.266081006226243760e-03,-1.272091869645222521e-03,-1.278150542887729812e-03,-1.284252221558630433e-03,-1.290393597702545149e-03,-1.296581993221236368e-03,-1.302825651483446043e-03,-1.309130272550296497e-03,-1.315482660559372154e-03,-1.321850988011666252e-03,-1.328182536448433001e-03,-1.334420736035426842e-03,-1.340513438814612676e-03,-1.346425921116568706e-03,-1.352133461559064994e-03,-1.357618331171702580e-03,-1.362859337577489952e-03,-1.367838687143278385e-03,-1.372544524704955764e-03,-1.376982695188605152e-03,-1.381175961771832642e-03,-1.385168978563568491e-03,-1.389021835453161562e-03,-1.392808651564352322e-03,-1.396603523901532350e-03,-1.400472064083876488e-03,-1.404456639278370798e-03,-1.408575211480604097e-03,-1.412819910419487032e-03,-1.417168403244172979e-03,-1.421589860034181037e-03,-1.426056341118149551e-03,-1.430544126085463424e-03,-1.435038373093116323e-03,-1.439529072366533928e-03,-1.444012162433340159e-03,-1.448484464467978718e-03,-1.452944923074346193e-03,-1.457390807005467907e-03,-1.461820116686409626e-03,-1.466229212904960688e-03,-1.470615994138022757e-03,-1.474978154771882646e-03,-1.479316101560082010e-03,-1.483630802766013924e-03,-1.487925735551013946e-03,-1.492204182211243502e-03,-1.496470658664903397e-03,-1.500728418002170205e-03,-1.504981058985914314e-03,-1.509230583856068604e-03,-1.513479185952818331e-03,-1.517727674299221459e-03,-1.521977264475898959e-03,-1.526228232253023804e-03,-1.530481567643060580e-03,-1.534737653900578426e-03,-1.538997581686325257e-03,-1.543261746461123147e-03,-1.547530940508441829e-03,-1.551805215948254789e-03,-1.556085230579974839e-03,-1.560371724084353307e-03,-1.564667111444430778e-03,-1.568975094333946484e-03,-1.573301676842978189e-03,-1.577653916149581803e-03,-1.582039315226027934e-03,-1.586462724950130814e-03,-1.590923808850499980e-03,-1.595413656061111856e-03,-1.599914564115480047e-03,-1.604402269902945261e-03,-1.608852762053025959e-03,-1.613250787331851942e-03,-1.617599405978425954e-03,-1.621926328463938003e-03,-1.626284556931547947e-03,-1.630742689802411934e-03,-1.635364015319861093e-03,-1.640176764141005597e-03,-1.645145072958943341e-03,-1.650154140023117480e-03,-1.655023707482210010e-03,-1.659557859795935276e-03,-1.663626476813836975e-03,-1.667257567518669976e-03,-1.670703033399597486e-03,-1.674434478067757942e-03,-1.679034547791969159e-03,-1.684983582953240291e-03,-1.692389727902689385e-03,-1.700765413907490012e-03,-1.708979369460553524e-03,-1.715495591398945481e-03,-1.718920665558297794e-03,-1.718741684785550939e-03,-1.715976041813776750e-03,-1.713368500289178410e-03,-1.714821798743928040e-03,-1.724002412894093568e-03,-1.742438527940636103e-03,-1.767828573423539705e-03,-1.793473070629794186e-03,-1.809640515641772066e-03,-1.807052400593664107e-03,-1.781644264414961043e-03,-1.738438366003541629e-03,-1.691958044594347446e-03,-1.661749193035202531e-03,-1.664292000657012147e-03,-1.704372140207501213e-03,-1.770244195821465841e-03,-1.835511611289749028e-03,-1.868561230296826234e-03,-1.847772817917532010e-03,-1.780161334896487001e-03,-1.699626319118471536e-03,-1.624731611254125793e-03,-1.522916183663159794e-03,-1.332694918237873694e-03,-1.021803330701083218e-03,-5.854586699656928045e-04,-1.278551772409541605e-04
0.000000000000000000e+00,0.000000000000000000e+00,0.000000000000000000e+00,0.000000000000000000e+00,0.000000000000000000e+00,0.000000000000000000e+00,0.000000000000000000e+00,0.000000000000000000e+00,0.000000000000000000e+00,0.000000000000000000e+00,0.000000000000000000e+00,0.000000000000000000e+00,0.000000000000000000e+00,0.000000000000000000e+00,0.000000000000000000e+00,0.000000000000000000e+00,0.000000000000000000e+00,0.000000000000000000e+00,0.000000000000000000e+00,0.000000000000000000e+00,0.000000000000000000e+00,0.000000000000000000e+00,0.000000000000000000e+00,0.000000000000000000e+00,0.000000000000000000e+00,0.000000000000000000e+00,0.000000000000000000e+00,0.000000000000000000e+00,0.000000000000000000e+00,0.000000000000000000e+00,0.000000000000000000e+00,0.000000000000000000e+00,0.000000000000000000e+00,0.000000000000000000e+00,0.000000000000000000e+00,0.000000000000000000e+00,0.000000000000000000e+00,0.000000000000000000e+00,0.000000000000000000e+00,0.000000000000000000e+00,0.000000000000000000e+00,0.000000000000000000e+00,0.000000000000000000e+00,0.000000000000000000e+00,0.000000000000000000e+00,0.000000000000000000e+00,0.000000000000000000e+00,0.000000000000000000e+00,0.000000000000000000e+00,0.000000000000000000e+00,0.000000000000000000e+00,0.000000000000000000e+00,0.000000000000000000e+00,0.000000000000000000e+00,0.000000000000000000e+00,0.000000000000000000e+00,0.000000000000000000e+00,0.000000000000000000e+00,0.000000000000000000e+00,0.000000000000000000e+00,0.000000000000000000e+00,0.000000000000000000e+00,0.000000000000000000e+00,0.000000000000000000e+00,0.000000000000000000e+00,0.000000000000000000e+00,0.000000000000000000e+00,0.000000000000000000e+00,0.000000000000000000e+00,0.000000000000000000e+00,0.000000000000000000e+00,0.000000000000000000e+00,0.000000000000000000e+00,0.000000000000000000e+00,0.000000000000000000e+00,0.000000000000000000e+00,0.000000000000000000e+00,0.000000000000000000e+00,0.000000000000000000e+00,0.000000000000000000e+00,0.000000000000000000e+00,0.000000000000000000e+00,0.000000000000000000e+00,0.000000000000000000e+00,0.000000000000000000e+00,0.000000000000000000e+00,0.000000000000000000e+00,0.000000000000000000e+00,0.000000000000000000e+00,0.000000000000000000e+00,0.000000000000000000e+00,0.000000000000000000e+00,0.000000000000000000e+00,0.000000000000000000e+00,0.000000000000000000e+00,0.000000000000000000e+00,0.000000000000000000e+00,0.000000000000000000e+00,0.000000000000000000e+00,0.000000000000000000e+00,0.000000000000000000e+00,0.000000000000000000e+00,0.000000000000000000e+00,0.000000000000000000e+00,0.000000000000000000e+00,0.000000000000000000e+00,0.000000000000000000e+00,0.000000000000000000e+00,0.000000000000000000e+00,0.000000000000000000e+00,0.000000000000000000e+00,0.000000000000000000e+00,0.000000000000000000e+00,0.000000000000000000e+00,0.000000000000000000e+00,0.000000000000000000e+00,0.000000000000000000e+00,0.000000000000000000e+00,0.000000000000000000e+00,0.000000000000000000e+00,0.000000000000000000e+00,0.000000000000000000e+00,0.000000000000000000e+00,0.000000000000000000e+00,0.000000000000000000e+00,0.000000000000000000e+00,0.000000000000000000e+00,0.000000000000000000e+00,0.000000000000000000e+00,0.000000000000000000e+00,0.000000000000000000e+00,0.000000000000000000e+00,0.000000000000000000e+00,0.000000000000000000e+00,0.000000000000000000e+00,0.000000000000000000e+00,0.000000000000000000e+00,0.000000000000000000e+00,0.000000000000000000e+00,0.000000000000000000e+00,0.000000000000000000e+00,0.000000000000000000e+00,0.000000000000000000e+00,0.000000000000000000e+00,0.000000000000000000e+00,0.000000000000000000e+00,0.000000000000000000e+00,0.000000000000000000e+00,0.000000000000000000e+00,0.000000000000000000e+00,0.000000000000000000e+00,0.000000000000000000e+00,0.000000000000000000e+00,0.000000000000000000e+00,1.824301186194935732e-03,2.869554355300987705e-03,1.369658095344888178e-03,1.287822920948670870e-05,-7.332844525298205362e-04,-1.043739612859103218e-03,-1.106757712579448018e-03,-1.113884288075694257e-03,-1.135541255828211808e-03,-1.150394464320070569e-03,-1.169805472800069168e-03,-1.184591709047882937e-03,-1.200901593556767634e-03,-1.214455798658415145e-03,-1.228059640340471497e-03,-1.239900581242705819e-03,-1.251322998188259504e-03,-1.261621124554375591e-03,-1.271440997465058450e-03,-1.280540406412396292e-03,-1.289232216010239608e-03,-1.297445138102754645e-03,-1.305322598158524050e-03,-1.312846819862025600e-03,-1.320082530624076779e-03,-1.327033872259823430e-03,-1.333737210941668199e-03,-1.340209014167163511e-03,-1.346475133482052423e-03,-1.352553068036733410e-03,-1.358457153388662429e-03,-1.364198338228841479e-03,-1.369784143184485294e-03,-1.375225281118816912e-03,-1.380530924154006831e-03,-1.385715563113791744e-03,-1.390791744650827274e-03,-1.395776754333958626e-03,-1.400684779874595155e-03,-1.405534024341072727e-03,-1.410338446573508554e-03,-1.415114018857042966e-03,-1.419870446266351506e-03,-1.424618277349090200e-03,-1.429361900103291250e-03,-1.434107699482383693e-03,-1.438858443766715322e-03,-1.443621433041774281e-03,-1.448401276784114277e-03,-1.453205436516159322e-03,-1.458036110087304518e-03,-1.462895969410325965e-03,-1.467781220830555915e-03,-1.472688684369195204e-03,-1.477611368786756543e-03,-1.482546973348355425e-03,-1.487492953989607344e-03,-1.492452456720099688e-03,-1.497428250456926766e-03,-1.502428940354095469e-03,-1.507463217200190461e-03,-1.512543466768610182e-03,-1.517676822601741636e-03,-1.522867749432965136e-03,-1.528112813027110786e-03,-1.533409103946869892e-03,-1.538753929563758342e-03,-1.544152346696132981e-03,-1.549609366596741864e-03,-1.555126258860966507e-03,-1.560686415711204757e-03,-1.566255492993386903e-03,-1.571781332589698363e-03,-1.577210074263761704e-03,-1.582494568570212441e-03,-1.587604323521223755e-03,-1.592517204367388788e-03,-1.597214020673508707e-03,-1.601668855062072247e-03,-1.605855727246879470e-03,-1.609754089713818972e-03,-1.613362081307235379e-03,-1.616698915904549649e-03,-1.619809762126013606e-03,-1.622759477818373720e-03,-1.625628295354119473e-03,-1.628496519339748400e-03,-1.631433668459164599e-03,-1.634484170628044963e-03,-1.637665763289337722e-03,-1.640969736714538267e-03,-1.644372237796772355e-03,-1.647841539203847737e-03,-1.651348822484713765e-03,-1.654870283905745176e-03,-1.658390947512251639e-03,-1.661901269936622450e-03,-1.665397455653762869e-03,-1.668877040552509952e-03,-1.672339387528686775e-03,-1.675782511016579105e-03,-1.679204788636698377e-03,-1.682603212660954565e-03,-1.685975956148454396e-03,-1.689321272819616429e-03,-1.692639870007011868e-03,-1.695933367112018465e-03,-1.699205700332195737e-03,-1.702460945279395382e-03,-1.705704188685997326e-03,-1.708939499847882950e-03,-1.712171011963787128e-03,-1.715401431680310933e-03,-1.718633353762612096e-03,-1.721868130281020660e-03,-1.725107238248799191e-03,-1.728351356345842740e-03,-1.731601617860521357e-03,-1.734858662941023187e-03,-1.738123566604579933e-03,-1.741396801396361688e-03,-1.744679044148797964e-03,-1.747970484906401657e-03,-1.751272006494403437e-03,-1.754585084554224862e-03,-1.757913109279427791e-03,-1.761261119824238065e-03,-1.764636211713416962e-03,-1.768046049987944670e-03,-1.771497536476741635e-03,-1.774993665800541753e-03,-1.778530948842787498e-03,-1.782096989683678700e-03,-1.785671414375012128e-03,-1.789229937761373148e-03,-1.792752463560710321e-03,-1.796232238218942222e-03,-1.799684014583916502e-03,-1.803147156792775764e-03,-1.806681137266275472e-03,-1.810350782156761951e-03,-1.814202213329180278e-03,-1.818234582363157433e-03,-1.822378151280845855e-03,-1.826492009714848373e-03,-1.830392240558983454e-03,-1.833913313075447461e-03,-1.836991154490179388e-03,-1.839741885509942271e-03,-1.842497838402174740e-03,-1.845764108574534084e-03,-1.850075443663492733e-03,-1.855771788127124310e-03,-1.862756296458375994e-03,-1.870341840360318199e-03,-1.877299639238460367e-03,-1.882184657320892449e-03,-1.883912028834190200e-03,-1.882424736724860968e-03,-1.879168210568990700e-03,-1.877052023169174843e-03,-1.879690100705203124e-03,-1.889974352435281040e-03,-1.908383949933656083e-03,-1.931722962261528571e-03,-1.953099782899100391e-03,-1.963726879683642176e-03,-1.956491533458410131e-03,-1.930134782253304900e-03,-1.891909572808469055e-03,-1.856497208768105155e-03,-1.840784571124482382e-03,-1.856032876342113974e-03,-1.900404974791244104e-03,-1.954977275451524974e-03,-1.987064370231645880e-03,-1.961857919588895494e-03,-1.863314440539342882e-03,-1.717888018427215580e-03,-1.587079673853339801e-03,-1.511175365728355605e-03,-1.458382310257207550e-03,-1.333224558195865222e-03,-1.057588739557999190e-03,-6.159391794157459583e-04,-1.318562846914383307e-04
0.000000000000000000e+00,0.000000000000000000e+00,0.000000000000000000e+00,0.000000000000000000e+00,0.000000000000000000e+00,0.000000000000000000e+00,0.000000000000000000e+00,0.000000000000000000e+00,0.000000000000000000e+00,0.000000000000000000e+00,0.000000000000000000e+00,0.000000000000000000e+00,0.000000000000000000e+00,0.000000000000000000e+00,0.000000000000000000e+00,0.000000000000000000e+00,0.000000000000000000e+00,0.000000000000000000e+00,0.000000000000000000e+00,0.000000000000000000e+00,0.000000000000000000e+00,0.000000000000000000e+00,0.000000000000000000e+00,0.000000000000000000e+00,0.000000000000000000e+00,0.000000000000000000e+00,0.000000000000000000e+00,0.000000000000000000e+00,0.000000000000000000e+00,0.000000000000000000e+00,0.000000000000000000e+00,0.000000000000000000e+00,0.000000000000000000e+00,0.000000000000000000e+00,0.000000000000000000e+00,0.000000000000000000e+00,0.000000000000000000e+00,0.000000000000000000e+00,0.000000000000000000e+00,0.000000000000000000e+00,0.000000000000000000e+00,0.000000000000000000e+00,0.000000000000000000e+00,0.000000000000000000e+00,0.000000000000000000e+00,0.000000000000000000e+00,0.000000000000000000e+00,0.000000000000000000e+00,0.000000000000000000e+00,0.000000000000000000e+00,0.000000000000000000e+00,0.000000000000000000e+00,0.000000000000000000e+00,0.000000000000000000e+00,0.000000000000000000e+00,0.000000000000000000e+00,0.000000000000000000e+00,0.000000000000000000e+00,0.000000000000000000e+00,0.000000000000000000e+00,0.000000000000000000e+00,0.000000000000000000e+00,0.000000000000000000e+00,0.000000000000000000e+00,0.000000000000000000e+00,0.000000000000000000e+00,0.000000000000000000e+00,0.000000000000000000e+00,0.000000000000000000e+00,0.000000000000000000e+00,0.000000000000000000e+00,0.000000000000000000e+00,0.000000000000000000e+00,0.000000000000000000e+00,0.000000000000000000e+00,0.000000000000000000e+00,0.000000000000000000e+00,0.000000000000000000e+00,0.000000000000000000e+00,0.000000000000000000e+00,0.000000000000000000e+00,0.000000000000000000e+00,0.000000000000000000e+00,0.000000000000000000e+00,0.000000000000000000e+00,0.000000000000000000e+00,0.000000000000000000e+00,0.000000000000000000e+00,0.000000000000000000e+00,0.000000000000000000e+00,0.000000000000000000e+00,0.000000000000000000e+00,0.000000000000000000e+00,0.000000000000000000e+00,0.000000000000000000e+00,0.000000000000000000e+00,0.000000000000000000e+00,0.000000000000000000e+00,0.000000000000000000e+00,0.000000000000000000e+00,0.000000000000000000e+00,0.000000000000000000e+00,0.000000000000000000e+00,0.000000000000000000e+00,0.000000000000000000e+00,0.000000000000000000e+00,0.000000000000000000e+00,0.000000000000000000e+00,0.000000000000000000e+00,0.000000000000000000e+00,0.000000000000000000e+00,0.000000000000000000e+00,0.000000000000000000e+00,0.000000000000000000e+00,0.000000000000000000e+00,0.000000000000000000e+00,0.000000000000000000e+00,0.000000000000000000e+00,0.000000000000000000e+00,0.000000000000000000e+00,0.000000000000000000e+00,0.000000000000000000e+00,0.000000000000000000e+00,0.000000000000000000e+00,0.000000000000000000e+00,0.000000000000000000e+00,0.000000000000000000e+00,0.000000000000000000e+00,0.000000000000000000e+00,0.000000000000000000e+00,0.000000000000000000e+00,0.000000000000000000e+00,0.000000000000000000e+00,0.000000000000000000e+00,0.000000000000000000e+00,0.000000000000000000e+00,0.000000000000000000e+00,0.000000000000000000e+00,0.000000000000000000e+00,0.000000000000000000e+00,0.000000000000000000e+00,0.000000000000000000e+00,0.000000000000000000e+00,0.000000000000000000e+00,0.000000000000000000e+00,0.000000000000000000e+00,0.000000000000000000e+00,0.000000000000000000e+00,0.000000000000000000e+00,0.000000000000000000e+00,0.000000000000000000e+00,0.000000000000000000e+00,0.000000000000000000e+00,0.000000000000000000e+00,1.761110423311243890e-03,1.478058134051346388e-03,6.228426593269965070e-05,-6.727892437793092650e-04,-1.066219131468099839e-03,-1.235642192110081652e-03,-1.302811390666527847e-03,-1.332604203266432585e-03,-1.351248060021338149e-03,-1.377234196819734089e-03,-1.399207539612575728e-03,-1.423225292401495345e-03,-1.444120450183004282e-03,-1.465016731674519341e-03,-1.483616552387680837e-03,-1.501381984968702503e-03,-1.517395082198478434e-03,-1.532398248987638370e-03,-1.546092002989112426e-03,-1.558876550731599919e-03,-1.570693770357838460e-03,-1.581760809181963602e-03,-1.592090005972192791e-03,-1.601795927960820423e-03,-1.610906440697481819e-03,-1.619489327436034664e-03,-1.627578872042644009e-03,-1.635225215026665443e-03,-1.642463524163835422e-03,-1.649331408078414784e-03,-1.655854704914144640e-03,-1.662057559708238945e-03,-1.667957989331510238e-03,-1.673576335405308748e-03,-1.678931302244506592e-03,-1.684045723715531847e-03,-1.688941122342033432e-03,-1.693642526764904026e-03,-1.698172622269161292e-03,-1.702556754107599751e-03,-1.706816377974691582e-03,-1.710973555916539329e-03,-1.715044500377528895e-03,-1.719045103461248674e-03,-1.722985679935999008e-03,-1.726877792247201145e-03,-1.730730203164151503e-03,-1.734555460674696778e-03,-1.738364172036377820e-03,-1.742169305647078403e-03,-1.745979456677657429e-03,-1.749802919974741740e-03,-1.753641894340721066e-03,-1.757498118451014104e-03,-1.761369372480640124e-03,-1.765255854965997601e-03,-1.769156011137088457e-03,-1.773071712346309956e-03,-1.777004756806671798e-03,-1.780962896844715980e-03,-1.784955532827832815e-03,-1.788996020559588049e-03,-1.793094085554816555e-03,-1.797257368303996263e-03,-1.801486612498982886e-03,-1.805781401047630444e-03,-1.810139614646457101e-03,-1.814563654554097929e-03,-1.819054593369596367e-03,-1.823608818512291148e-03,-1.828206448268191201e-03,-1.832811729803299552e-03,-1.837374432122409161e-03,-1.841844167063423025e-03,-1.846178010589341438e-03,-1.850347740857750164e-03,-1.854331486726283054e-03,-1.858107170642280806e-03,-1.861643891470152971e-03,-1.864908173002804113e-03,-1.867871466537102901e-03,-1.870524476186588569e-03,-1.872882475795627482e-03,-1.874990554604312335e-03,-1.876917726761068725e-03,-1.878750009874532610e-03,-1.880573650708049476e-03,-1.882461879654463623e-03,-1.884460822549717703e-03,-1.886587620054837235e-03,-1.888832266304282456e-03,-1.891169059855837137e-03,-1.893565068907638975e-03,-1.895990443925107353e-03,-1.898421137725942592e-03,-1.900841978808742944e-03,-1.903243777366955304e-03,-1.905622963003896506e-03,-1.907977691306104746e-03,-1.910307721591814707e-03,-1.912611740639516555e-03,-1.914888492076242390e-03,-1.917135523093961742e-03,-1.919351247978938945e-03,-1.921534374253907511e-03,-1.923685847632895362e-03,-1.925807819069149177e-03,-1.927904621920684689e-03,-1.929981022368788997e-03,-1.932042637829308167e-03,-1.934094274406477059e-03,-1.936140573715934392e-03,-1.938184872882798507e-03,-1.940230132091097862e-03,-1.942278151872423031e-03,-1.944330604307554274e-03,-1.946388454131300558e-03,-1.948452912191209760e-03,-1.950524804791748572e-03,-1.952605220776455980e-03,-1.954694780616720012e-03,-1.956794236816561568e-03,-1.958904139273137755e-03,-1.961025875588643178e-03,-1.963161851939945399e-03,-1.965316511884238060e-03,-1.967496035748847027e-03,-1.969708159281701246e-03,-1.971960449074392288e-03,-1.974258499115722713e-03,-1.976603008628964684e-03,-1.978987602550393889e-03,-1.981397632059465289e-03,-1.983812363403821520e-03,-1.986210482679772859e-03,-1.988578698963377155e-03,-1.990920300225072857e-03,-1.993260731200862616e-03,-1.995646672184159254e-03,-1.998136734549585836e-03,-2.000783377710817820e-03,-2.003608926409758840e-03,-2.006582662732064783e-03,-2.009609275604741594e-03,-2.012539847694630457e-03,-2.015211434061577739e-03,-2.017512276571545998e-03,-2.019455730242598022e-03,-2.021235128145764965e-03,-2.023225290602806165e-03,-2.025905332358726631e-03,-2.029698941171578092e-03,-2.034766328825632440e-03,-2.040818422312091346e-03,-2.047049809369601726e-03,-2.052274664642820580e-03,-2.055297423562530736e-03,-2.055449287350350537e-03,-2.053112826923311676e-03,-2.049976332934016522e-03,-2.048784026485191753e-03,-2.052488451629894389e-03,-2.062965986701827820e-03,-2.079708176184004876e-03,-2.099097912675414266e-03,-2.114868506432400572e-03,-2.120105970604293285e-03,-2.110469579863069253e-03,-2.087412882003078941e-03,-2.059386962781035741e-03,-2.039621937248641687e-03,-2.040719825744805732e-03,-2.068085403730761818e-03,-2.113925279812929343e-03,-2.154304842066496074e-03,-2.152271684452934739e-03,-2.071483252147882266e-03,-1.901187259725435749e-03,-1.683288548812245664e-03,-1.498543629314553777e-03,-1.407598299464229595e-03,-1.391434754622659919e-03,-1.338476615398881278e-03,-1.116265126002607402e-03,-6.741461735202317453e-04,-1.442879461600189001e-04
0.000000000000000000e+00,0.000000000000000000e+00,0.000000000000000000e+00,0.000000000000000000e+00,0.000000000000000000e+00,0.000000000000000000e+00,0.000000000000000000e+00,0.000000000000000000e+00,0.000000000000000000e+00,0.000000000000000000e+00,0.000000000000000000e+00,0.000000000000000000e+00,0.000000000000000000e+00,0.000000000000000000e+00,0.000000000000000000e+00,0.000000000000000000e+00,0.000000000000000000e+00,0.000000000000000000e+00,0.000000000000000000e+00,0.000000000000000000e+00,0.000000000000000000e+00,0.000000000000000000e+00,0.000000000000000000e+00,0.000000000000000000e+00,0.000000000000000000e+00,0.000000000000000000e+00,0.000000000000000000e+00,0.000000000000000000e+00,0.000000000000000000e+00,0.000000000000000000e+00,0.000000000000000000e+00,0.000000000000000000e+00,0.000000000000000000e+00,0.000000000000000000e+00,0.000000000000000000e+00,0.000000000000000000e+00,0.000000000000000000e+00,0.000000000000000000e+00,0.000000000000000000e+00,0.000000000000000000e+00,0.000000000000000000e+00,0.000000000000000000e+00,0.000000000000000000e+00,0.000000000000000000e+00,0.000000000000000000e+00,0.000000000000000000e+00,0.000000000000000000e+00,0.000000000000000000e+00,0.000000000000000000e+00,0.000000000000000000e+00,0.000000000000000000e+00,0.000000000000000000e+00,0.000000000000000000e+00,0.000000000000000000e+00,0.000000000000000000e+00,0.000000000000000000e+00,0.000000000000000000e+00,0.000000000000000000e+00,0.000000000000000000e+00,0.000000000000000000e+00,0.000000000000000000e+00,0.000000000000000000e+00,0.000000000000000000e+00,0.000000000000000000e+00,0.000000000000000000e+00,0.000000000000000000e+00,0.000000000000000000e+00,0.000000000000000000e+00,0.000000000000000000e+00,0.000000000000000000e+00,0.000000000000000000e+00,0.000000000000000000e+00,0.000000000000000000e+00,0.000000000000000000e+00,0.000000000000000000e+00,0.000000000000000000e+00,0.000000000000000000e+00,0.000000000000000000e+00,0.000000000000000000e+00,0.000000000000000000e+00,0.000000000000000000e+00,0.000000000000000000e+00,0.000000000000000000e+00,0.000000000000000000e+00,0.000000000000000000e+00,0.000000000000000000e+00,0.000000000000000000e+00,0.000000000000000000e+00,0.000000000000000000e+00,0.000000000000000000e+00,0.000000000000000000e+00,0.000000000000000000e+00,0.000000000000000000e+00,0.000000000000000000e+00,0.000000000000000000e+00,0.000000000000000000e+00,0.000000000000000000e+00,0.000000000000000000e+00,0.000000000000000000e+00,0.000000000000000000e+00,0.000000000000000000e+00,0.000000000000000000e+00,0.000000000000000000e+00,0.000000000000000000e+00,0.000000000000000000e+00,0.000000000000000000e+00,0.000000000000000000e+00,0.000000000000000000e+00,0.000000000000000000e+00,0.000000000000000000e+00,0.000000000000000000e+00,0.000000000000000000e+00,0.000000000000000000e+00,0.000000000000000000e+00,0.000000000000000000e+00,0.000000000000000000e+00,0.000000000000000000e+00,0.000000000000000000e+00,0.000000000000000000e+00,0.000000000000000000e+00,0.000000000000000000e+00,0.000000000000000000e+00,0.000000000000000000e+00,0.000000000000000000e+00,0.000000000000000000e+00,0.000000000000000000e+00,0.000000000000000000e+00,0.000000000000000000e+00,0.000000000000000000e+00,0.000000000000000000e+00,0.000000000000000000e+00,0.000000000000000000e+00,0.000000000000000000e+00,0.000000000000000000e+00,0.000000000000000000e+00,0.000000000000000000e+00,0.000000000000000000e+00,0.000000000000000000e+00,0.000000000000000000e+00,0.000000000000000000e+00,0.000000000000000000e+00,0.000000000000000000e+00,0.000000000000000000e+00,0.000000000000000000e+00,0.000000000000000000e+00,0.000000000000000000e+00,0.000000000000000000e+00,0.000000000000000000e+00,0.000000000000000000e+00,0.000000000000000000e+00,0.000000000000000000e+00,0.000000000000000000e+00,0.000000000000000000e+00,0.000000000000000000e+00,1.230476555192063642e-03,-9.088570604475810794e-05,-1.001640286075152538e-03,-1.285058491634198793e-03,-1.438317191113962917e-03,-1.502221578092022367e-03,-1.549528723593645175e-03,-1.579157710572890545e-03,-1.610765433466109474e-03,-1.637908728375462794e-03,-1.668789031409917585e-03,-1.696300683808801661e-03,-1.724235027603540941e-03,-1.749256477765326464e-03,-1.773393499666589632e-03,-1.795128830894227338e-03,-1.815521979507114586e-03,-1.833977079350827865e-03,-1.851084089667907884e-03,-1.866670539717149406e-03,-1.881077877849524505e-03,-1.894293575002036238e-03,-1.906512694020340076e-03,-1.917767845561122331e-03,-1.928174330952145627e-03,-1.937779192915465003e-03,-1.946663134588007141e-03,-1.954879897899046426e-03,-1.962493214410580052e-03,-1.969552345874985618e-03,-1.976102709114437722e-03,-1.982181022084748053e-03,-1.987819594471302957e-03,-1.993050145080826376e-03,-1.997902969438181391e-03,-2.002411234634038709e-03,-2.006606621633067692e-03,-2.010523474678169338e-03,-2.014193585805451516e-03,-2.017650344658961266e-03,-2.020922773144866787e-03,-2.024039277347005651e-03,-2.027022266067749282e-03,-2.029892983589748432e-03,-2.032667534470803273e-03,-2.035362796652975554e-03,-2.037993318133749475e-03,-2.040576558030001222e-03,-2.043128221369865972e-03,-2.045665502153681814e-03,-2.048201515595397901e-03,-2.050748358623211230e-03,-2.053312790262336318e-03,-2.055901023575487218e-03,-2.058515956696542210e-03,-2.061161475512705756e-03,-2.063838484103445829e-03,-2.066548854116537128e-03,-2.069293364794443178e-03,-2.072077267782699087e-03,-2.074907734730520748e-03,-2.077796273935551569e-03,-2.080753218793461503e-03,-2.083788499943849820e-03,-2.086906607711906322e-03,-2.090109491481140225e-03,-2.093395461871099157e-03,-2.096764222406029016e-03,-2.100212794451659579e-03,-2.103732968326110352e-03,-2.107302405076989012e-03,-2.110885342417302690e-03,-2.114434512196265974e-03,-2.117902963093906774e-03,-2.121250418241558879e-03,-2.124448573107410188e-03,-2.127473599384273502e-03,-2.130299481103990842e-03,-2.132890431192551849e-03,-2.135206363708466292e-03,-2.137211476808498906e-03,-2.138889322099447095e-03,-2.140250864752906226e-03,-2.141340549709522516e-03,-2.142230938788262581e-03,-2.143013463997829344e-03,-2.143779972327301310e-03,-2.144607128133215607e-03,-2.145542331738409161e-03,-2.146601723328981498e-03,-2.147773537668104006e-03,-2.149029898238394038e-03,-2.150336360742146312e-03,-2.151661878100796961e-03,-2.152981973635541973e-03,-2.154281178478045355e-03,-2.155550494525384185e-03,-2.156786475174766234e-03,-2.157987733917524943e-03,-2.159154327730597369e-03,-2.160285461571565761e-03,-2.161380146147503026e-03,-2.162436320043678844e-03,-2.163452516145306787e-03,-2.164427705736215578e-03,-2.165362925740872517e-03,-2.166260658980179599e-03,-2.167125491734832755e-03,-2.167962697951823347e-03,-2.168778299859043090e-03,-2.169577674125274924e-03,-2.170365849137471763e-03,-2.171146620915625873e-03,-2.171923175318804262e-03,-2.172697568971805777e-03,-2.173471511582964096e-03,-2.174246067653408387e-03,-2.175022411235046430e-03,-2.175801464081823962e-03,-2.176584352862163171e-03,-2.177371916036102868e-03,-2.178165144334081715e-03,-2.178965091259692666e-03,-2.179773771011139349e-03,-2.180594479484743251e-03,-2.181432497113528803e-03,-2.182294663955058021e-03,-2.183188714538043720e-03,-2.184121424228923931e-03,-2.185096656244027089e-03,-2.186112935169023854e-03,-2.187161980830490144e-03,-2.188228759171587535e-03,-2.189294710820553509e-03,-2.190343980076557215e-03,-2.191371549264169855e-03,-2.192390063832084807e-03,-2.193432112991884880e-03,-2.194545347189845019e-03,-2.195779744026917033e-03,-2.197168796862501109e-03,-2.198709078744736940e-03,-2.200345815803099805e-03,-2.201973065593838819e-03,-2.203455963911431139e-03,-2.204675713441606264e-03,-2.205589247004495403e-03,-2.206283986678641423e-03,-2.207002212565203729e-03,-2.208109558553404683e-03,-2.209996573400018968e-03,-2.212925502773079815e-03,-2.216866381348096826e-03,-2.221389620433098823e-03,-2.225688781844369600e-03,-2.228779085737060423e-03,-2.229858033215776410e-03,-2.228730286791502386e-03,-2.226125736589981523e-03,-2.223717319237839777e-03,-2.223713316445082369e-03,-2.228057491136567047e-03,-2.237460169004783835e-03,-2.250638019339242131e-03,-2.264177979733229037e-03,-2.273369482406232493e-03,-2.274049259696260365e-03,-2.265012572143169488e-03,-2.249802914040020287e-03,-2.236482917566134758e-03,-2.234670737717354451e-03,-2.250961959825383343e-03,-2.284343935787815170e-03,-2.322904371080234450e-03,-2.342102386425940277e-03,-2.307812382107521203e-03,-2.188428391417223361e-03,-1.980384902331250481e-03,-1.730649558167103802e-03,-1.522806617223514082e-03,-1.423867547629390938e-03,-1.429787115111725562e-03,-1.431573390015604018e-03,-1.252002159828197007e-03,-7.890295513561987719e-04,-1.740907681484476089e-04
0.000000000000000000e+00,0.000000000000000000e+00,0.000000000000000000e+00,0.000000000000000000e+00,0.000000000000000000e+00,0.000000000000000000e+00,0.000000000000000000e+00,0.000000000000000000e+00,0.000000000000000000e+00,0.000000000000000000e+00,0.000000000000000000e+00,0.000000000000000000e+00,0.000000000000000000e+00,0.000000000000000000e+00,0.000000000000000000e+00,0.000000000000000000e+00,0.000000000000000000e+00,0.000000000000000000e+00,0.000000000000000000e+00,0.000000000000000000e+00,0.000000000000000000e+00,0.000000000000000000e+00,0.000000000000000000e+00,0.000000000000000000e+00,0.000000000000000000e+00,0.000000000000000000e+00,0.000000000000000000e+00,0.000000000000000000e+00,0.000000000000000000e+00,0.000000000000000000e+00,0.000000000000000000e+00,0.000000000000000000e+00,0.000000000000000000e+00,0.000000000000000000e+00,0.000000000000000000e+00,0.000000000000000000e+00,0.000000000000000000e+00,0.000000000000000000e+00,0.000000000000000000e+00,0.000000000000000000e+00,0.000000000000000000e+00,0.000000000000000000e+00,0.000000000000000000e+00,0.000000000000000000e+00,0.000000000000000000e+00,0.000000000000000000e+00,0.000000000000000000e+00,0.000000000000000000e+00,0.000000000000000000e+00,0.000000000000000000e+00,0.000000000000000000e+00,0.000000000000000000e+00,0.000000000000000000e+00,0.000000000000000000e+00,0.000000000000000000e+00,0.000000000000000000e+00,0.000000000000000000e+00,0.000000000000000000e+00,0.000000000000000000e+00,0.000000000000000000e+00,0.000000000000000000e+00,0.000000000000000000e+00,0.000000000000000000e+00,0.000000000000000000e+00,0.000000000000000000e+00,0.000000000000000000e+00,0.000000000000000000e+00,0.000000000000000000e+00,0.000000000000000000e+00,0.000000000000000000e+00,0.000000000000000000e+00,0.000000000000000000e+00,0.000000000000000000e+00,0.000000000000000000e+00,0.000000000000000000e+00,0.000000000000000000e+00,0.000000000000000000e+00,0.000000000000000000e+00,0.000000000000000000e+00,0.000000000000000000e+00,0.000000000000000000e+00,0.000000000000000000e+00,0.000000000000000000e+00,0.000000000000000000e+00,0.000000000000000000e+00,0.000000000000000000e+00,0.000000000000000000e+00,0.000000000000000000e+00,0.000000000000000000e+00,0.000000000000000000e+00,0.000000000000000000e+00,0.000000000000000000e+00,0.000000000000000000e+00,0.000000000000000000e+00,0.000000000000000000e+00,0.000000000000000000e+00,0.000000000000000000e+00,0.000000000000000000e+00,0.000000000000000000e+00,0.000000000000000000e+00,0.000000000000000000e+00,0.000000000000000000e+00,0.000000000000000000e+00,0.000000000000000000e+00,0.000000000000000000e+00,0.000000000000000000e+00,0.000000000000000000e+00,0.000000000000000000e+00,0.000000000000000000e+00,0.000000000000000000e+00,0.000000000000000000e+00,0.000000000000000000e+00,0.000000000000000000e+00,0.000000000000000000e+00,0.000000000000000000e+00,0.000000000000000000e+00,0.000000000000000000e+00,0.000000000000000000e+00,0.000000000000000000e+00,0.000000000000000000e+00,0.000000000000000000e+00,0.000000000000000000e+00,0.000000000000000000e+00,0.000000000000000000e+00,0.000000000000000000e+00,0.000000000000000000e+00,0.000000000000000000e+00,0.000000000000000000e+00,0.000000000000000000e+00,0.000000000000000000e+00,0.000000000000000000e+00,0.000000000000000000e+00,0.000000000000000000e+00,0.000000000000000000e+00,0.000000000000000000e+00,0.000000000000000000e+00,0.000000000000000000e+00,0.000000000000000000e+00,0.000000000000000000e+00,0.000000000000000000e+00,0.000000000000000000e+00,0.000000000000000000e+00,0.000000000000000000e+00,0.000000000000000000e+00,0.000000000000000000e+00,0.000000000000000000e+00,0.000000000000000000e+00,0.000000000000000000e+00,0.000000000000000000e+00,0.000000000000000000e+00,0.000000000000000000e+00,0.000000000000000000e+00,0.000000000000000000e+00,0.000000000000000000e+00,8.809979722323423848e-04,-5.550822945151144810e-04,-1.291213678092035903e-03,-1.637719514059222210e-03,-1.712570443914427417e-03,-1.781050648097541947e-03,-1.817585670381956795e-03,-1.857927740573562646e-03,-1.892376483064264238e-03,-1.928796650207810536e-03,-1.961635422521811577e-03,-1.995202495688232387e-03,-2.025597504224380205e-03,-2.055074204850675101e-03,-2.081774305287793086e-03,-2.106877299002574925e-03,-2.129605211086867730e-03,-2.150605374227419330e-03,-2.169627160314071841e-03,-2.187059832727997546e-03,-2.202875765441343961e-03,-2.217317303905012166e-03,-2.230427863635274944e-03,-2.242359609581104102e-03,-2.253173611724078318e-03,-2.262977898799394504e-03,-2.271841939231779295e-03,-2.279855740185817489e-03,-2.287089782814502852e-03,-2.293617997546522781e-03,-2.299498111235294493e-03,-2.304784589155036215e-03,-2.309522252545425595e-03,-2.313756274485570270e-03,-2.317528505341575999e-03,-2.320883127425588891e-03,-2.323862133331799050e-03,-2.326509076215650153e-03,-2.328864606091233126e-03,-2.330969486690353393e-03,-2.332859664545495950e-03,-2.334569029915509620e-03,-2.336125428406678715e-03,-2.337554686148822589e-03,-2.338877989783406334e-03,-2.340116764853106789e-03,-2.341290432075349235e-03,-2.342420403796202644e-03,-2.343526316806438144e-03,-2.344628199313375776e-03,-2.345741820524569442e-03,-2.346881060098708876e-03,-2.348055159842383187e-03,-2.349273175976079875e-03,-2.350542097357233122e-03,-2.351869645496869853e-03,-2.353260317484369337e-03,-2.354717640862381920e-03,-2.356242247299363858e-03,-2.357836432345649172e-03,-2.359503265167849258e-03,-2.361249990773453458e-03,-2.363084987158150033e-03,-2.365018246008685626e-03,-2.367056117118507361e-03,-2.369201795462365714e-03,-2.371453554903070037e-03,-2.373808637951308354e-03,-2.376260657778181580e-03,-2.378798079530225398e-03,-2.381397723275977679e-03,-2.384025380440777091e-03,-2.386637225738659149e-03,-2.389188806900861221e-03,-2.391640250522391892e-03,-2.393960712572998101e-03,-2.396122565559267916e-03,-2.398095310136014787e-03,-2.399838718813492727e-03,-2.401307083189333988e-03,-2.402458065754471423e-03,-2.403268313486906643e-03,-2.403744150948938438e-03,-2.403928885163150730e-03,-2.403898074895561340e-03,-2.403748192295303201e-03,-2.403576296282379857e-03,-2.403462140130665625e-03,-2.403453931260869474e-03,-2.403566387090180865e-03,-2.403785532613863466e-03,-2.404081006332881888e-03,-2.404416561046703385e-03,-2.404759783159387838e-03,-2.405085566962063184e-03,-2.405378009126514331e-03,-2.405628098419856399e-03,-2.405832349982342262e-03,-2.405989608053686266e-03,-2.406100047928991497e-03,-2.406163156538006741e-03,-2.406178020438911117e-03,-2.406142718855684183e-03,-2.406055690276531073e-03,-2.405915900083355295e-03,-2.405724249310819095e-03,-2.405483282898883499e-03,-2.405197621699839590e-03,-2.404872794860697834e-03,-2.404515024250087479e-03,-2.404130011281562038e-03,-2.403722957835869711e-03,-2.403297855474537115e-03,-2.402857876224889083e-03,-2.402405048385199311e-03,-2.401940872579127854e-03,-2.401466255209626539e-03,-2.400982155080477829e-03,-2.400489445979518514e-03,-2.399989250746375428e-03,-2.399482606792527339e-03,-2.398970760463445089e-03,-2.398455203875342247e-03,-2.397938415168900626e-03,-2.397424210152617960e-03,-2.396918157369802137e-03,-2.396427024377496134e-03,-2.395957807902538480e-03,-2.395515929889646591e-03,-2.395103448283524439e-03,-2.394717316585368364e-03,-2.394348741934267197e-03,-2.393984247583334519e-03,-2.393609436618929047e-03,-2.393215075985265141e-03,-2.392803853327385086e-03,-2.392394737081441399e-03,-2.392021941476555821e-03,-2.391727025793182436e-03,-2.391544851654749983e-03,-2.391486929096802057e-03,-2.391527447687645698e-03,-2.391598963991463898e-03,-2.391603407210253322e-03,-2.391441224512535092e-03,-2.391054240487990729e-03,-2.390470753248566393e-03,-2.389833872687884692e-03,-2.389393835949797304e-03,-2.389450849557461266e-03,-2.390252549856538167e-03,-2.391871016098663909e-03,-2.394106212254388990e-03,-2.396469071330840136e-03,-2.398285508377675027e-03,-2.398921956116835050e-03,-2.398078504785087963e-03,-2.396037311533826680e-03,-2.393731545170984382e-03,-2.392531433311174526e-03,-2.393753888223905217e-03,-2.398039701545945281e-03,-2.404862161745036434e-03,-2.412434471560028632e-03,-2.418200641594555819e-03,-2.419887242072790972e-03,-2.416869646938797547e-03,-2.411239853176115177e-03,-2.407790458991200446e-03,-2.412253341128088504e-03,-2.428256817941271736e-03,-2.454312477700767992e-03,-2.482488153411778215e-03,-2.498682522241326906e-03,-2.484273995479312647e-03,-2.419103199602541665e-03,-2.289731921956957537e-03,-2.102703749942837902e-03,-1.896896776779340198e-03,-1.733948087936277313e-03,-1.666302902048653585e-03,-1.691051144095753181e-03,-1.710326775152730275e-03,-1.524532148363600802e-03,-9.848184687430462658e-04,-2.278875366466368729e-04
0.000000000000000000e+00,0.000000000000000000e+00,0.000000000000000000e+00,0.000000000000000000e+00,0.000000000000000000e+00,0.000000000000000000e+00,0.000000000000000000e+00,0.000000000000000000e+00,0.000000000000000000e+00,0.000000000000000000e+00,0.000000000000000000e+00,0.000000000000000000e+00,0.000000000000000000e+00,0.000000000000000000e+00,0.000000000000000000e+00,0.000000000000000000e+00,0.000000000000000000e+00,0.000000000000000000e+00,0.000000000000000000e+00,0.000000000000000000e+00,0.000000000000000000e+00,0.000000000000000000e+00,0.000000000000000000e+00,0.000000000000000000e+00,0.000000000000000000e+00,0.000000000000000000e+00,0.000000000000000000e+00,0.000000000000000000e+00,0.000000000000000000e+00,0.000000000000000000e+00,0.000000000000000000e+00,0.000000000000000000e+00,0.000000000000000000e+00,0.000000000000000000e+00,0.000000000000000000e+00,0.000000000000000000e+00,0.000000000000000000e+00,0.000000000000000000e+00,0.000000000000000000e+00,0.000000000000000000e+00,0.000000000000000000e+00,0.000000000000000000e+00,0.000000000000000000e+00,0.000000000000000000e+00,0.000000000000000000e+00,0.000000000000000000e+00,0.000000000000000000e+00,0.000000000000000000e+00,0.000000000000000000e+00,0.000000000000000000e+00,0.000000000000000000e+00,0.000000000000000000e+00,0.000000000000000000e+00,0.000000000000000000e+00,0.000000000000000000e+00,0.000000000000000000e+00,0.000000000000000000e+00,0.000000000000000000e+00,0.000000000000000000e+00,0.000000000000000000e+00,0.000000000000000000e+00,0.000000000000000000e+00,0.000000000000000000e+00,0.000000000000000000e+00,0.000000000000000000e+00,0.000000000000000000e+00,0.000000000000000000e+00,0.000000000000000000e+00,0.000000000000000000e+00,0.000000000000000000e+00,0.000000000000000000e+00,0.000000000000000000e+00,0.000000000000000000e+00,0.000000000000000000e+00,0.000000000000000000e+00,0.000000000000000000e+00,0.000000000000000000e+00,0.000000000000000000e+00,0.000000000000000000e+00,0.000000000000000000e+00,0.000000000000000000e+00,0.000000000000000000e+00,0.000000000000000000e+00,0.000000000000000000e+00,0.000000000000000000e+00,0.000000000000000000e+00,0.000000000000000000e+00,0.000000000000000000e+00,0.000000000000000000e+00,0.000000000000000000e+00,0.000000000000000000e+00,0.000000000000000000e+00,0.000000000000000000e+00,0.000000000000000000e+00,0.000000000000000000e+00,0.000000000000000000e+00,0.000000000000000000e+00,0.000000000000000000e+00,0.000000000000000000e+00,0.000000000000000000e+00,0.000000000000000000e+00,0.000000000000000000e+00,0.000000000000000000e+00,0.000000000000000000e+00,0.000000000000000000e+00,0.000000000000000000e+00,0.000000000000000000e+00,0.000000000000000000e+00,0.000000000000000000e+00,0.000000000000000000e+00,0.000000000000000000e+00,0.000000000000000000e+00,0.000000000000000000e+00,0.000000000000000000e+00,0.000000000000000000e+00,0.000000000000000000e+00,0.000000000000000000e+00,0.000000000000000000e+00,0.000000000000000000e+00,0.000000000000000000e+00,0.000000000000000000e+00,0.000000000000000000e+00,0.000000000000000000e+00,0.000000000000000000e+00,0.000000000000000000e+00,0.000000000000000000e+00,0.000000000000000000e+00,0.000000000000000000e+00,0.000000000000000000e+00,0.000000000000000000e+00,0.000000000000000000e+00,0.000000000000000000e+00,0.000000000000000000e+00,0.000000000000000000e+00,0.000000000000000000e+00,0.000000000000000000e+00,0.000000000000000000e+00,0.000000000000000000e+00,0.000000000000000000e+00,0.000000000000000000e+00,0.000000000000000000e+00,0.000000000000000000e+00,0.000000000000000000e+00,0.000000000000000000e+00,0.000000000000000000e+00,0.000000000000000000e+00,0.000000000000000000e+00,0.000000000000000000e+00,0.000000000000000000e+00,0.000000000000000000e+00,0.000000000000000000e+00,0.000000000000000000e+00,0.000000000000000000e+00,1.101093663700054154e-03,2.946266326634106817e-04,-9.281512581145077382e-04,-1.633396321875708011e-03,-1.881433605597762756e-03,-1.990406611676846012e-03,-2.049670645937197357e-03,-2.103325074048604127e-03,-2.143623186071729522e-03,-2.186584460478594588e-03,-2.223321278136503303e-03,-2.260908187460895606e-03,-2.294539700706834089e-03,-2.327585732660925923e-03,-2.357462004940103720e-03,-2.385811545133264752e-03,-2.411432067846875932e-03,-2.435193309139363407e-03,-2.456613137202939834e-03,-2.476194613871126379e-03,-2.493802082956856920e-03,-2.509747234307280282e-03,-2.524038175843174806e-03,-2.536873585796179612e-03,-2.548308897209205365e-03,-2.558480390282047694e-03,-2.567463027574988163e-03,-2.575367876656855896e-03,-2.582281122248617118e-03,-2.588300703582759304e-03,-2.593508489186126947e-03,-2.597982024184619567e-03,-2.601786585717021354e-03,-2.604981712264628491e-03,-2.607622999388633893e-03,-2.609763846978048647e-03,-2.611457703425227109e-03,-2.612755828518514237e-03,-2.613709423523104258e-03,-2.614366286167919568e-03,-2.614772810113997602e-03,-2.614969979789767956e-03,-2.614995627497211910e-03,-2.614881494212168908e-03,-2.614656787150838359e-03,-2.614346387194185599e-03,-2.613974916223214730e-03,-2.613565043434940959e-03,-2.613140648559848962e-03,-2.612723703291104996e-03,-2.612335562993361483e-03,-2.611992917874810059e-03,-2.611709679536190591e-03,-2.611495529379482226e-03,-2.611360321500267451e-03,-2.611313239786035734e-03,-2.611364899151767931e-03,-2.611523537000506271e-03,-2.611795510996805288e-03,-2.612182572359907085e-03,-2.612684904393368888e-03,-2.613301277072432437e-03,-2.614033450616143339e-03,-2.614885438114782686e-03,-2.615864254652236660e-03,-2.616975003865209051e-03,-2.618219926690589037e-03,-2.619596233618637533e-03,-2.621099078711392871e-03,-2.622720110934081625e-03,-2.624446813041400595e-03,-2.626257523418411809e-03,-2.628121125552663074e-03,-2.629997035316743691e-03,-2.631841555088465425e-03,-2.633612604237594006e-03,-2.635274572314708161e-03,-2.636794784942091824e-03,-2.638138267571149640e-03,-2.639261077949760746e-03,-2.640112873646748275e-03,-2.640645400201301410e-03,-2.640828595835799982e-03,-2.640663875398057553e-03,-2.640193031560342327e-03,-2.639494175594018534e-03,-2.638668480015463405e-03,-2.637817809310611782e-03,-2.637024613515083320e-03,-2.636337414624798352e-03,-2.635769084497702718e-03,-2.635303021150910748e-03,-2.634906105379062041e-03,-2.634540036301659047e-03,-2.634170883959587733e-03,-2.633772723902725894e-03,-2.633329069424523647e-03,-2.632830674020907296e-03,-2.632273818206146143e-03,-2.631657313285907119e-03,-2.630981222568066526e-03,-2.630245028483740779e-03,-2.629447642363002234e-03,-2.628586980692461730e-03,-2.627661119779635315e-03,-2.626668707644697585e-03,-2.625610240956792723e-03,-2.624488026734103554e-03,-2.623306467016613477e-03,-2.622071062666668853e-03,-2.620787988318419581e-03,-2.619462982593858194e-03,-2.618101154036418018e-03,-2.616706374174339843e-03,-2.615281501499434978e-03,-2.613828197602745696e-03,-2.612347450094883346e-03,-2.610839699215307830e-03,-2.609305450202021193e-03,-2.607745315449571267e-03,-2.606160265531300233e-03,-2.604551367985434313e-03,-2.602919927271516061e-03,-2.601267539639853625e-03,-2.599596668844653732e-03,-2.597910968188298780e-03,-2.596215483072175385e-03,-2.594516035100977083e-03,-2.592818161870896667e-03,-2.591125550246993915e-03,-2.589438644866359860e-03,-2.587753642637902890e-03,-2.586062566203464839e-03,-2.584354891461327144e-03,-2.582621200133641218e-03,-2.580858303945977872e-03,-2.579074002767051121e-03,-2.577288793912290571e-03,-2.575532176092912122e-03,-2.573833283564033996e-03,-2.572207891243660435e-03,-2.570646419847421801e-03,-2.569108202431953213e-03,-2.567527156024314999e-03,-2.565830806868645529e-03,-2.563970687666021400e-03,-2.561955698505286472e-03,-2.559875764641655199e-03,-2.557900542143335103e-03,-2.556242948977740809e-03,-2.555087593004642076e-03,-2.554501846506757740e-03,-2.554362858268541866e-03,-2.554342718177306498e-03,-2.553983600757691978e-03,-2.552865610521377025e-03,-2.550823462273586403e-03,-2.548123751665101050e-03,-2.545493104489368781e-03,-2.543916103799738135e-03,-2.544211242044095485e-03,-2.546521914403292609e-03,-2.549973548370054743e-03,-2.552759441879483455e-03,-2.552799814990324052e-03,-2.548861086510921612e-03,-2.541756635815276780e-03,-2.534987706555474115e-03,-2.534159014580116866e-03,-2.544727803741718680e-03,-2.568626775431320786e-03,-2.601271302368762459e-03,-2.631043034511369033e-03,-2.641974267910049239e-03,-2.619346528560894966e-03,-2.555883337147818457e-03,-2.457225271146570422e-03,-2.343180933418079204e-03,-2.242052211771958063e-03,-2.174687880983489953e-03,-2.154173274275550734e-03,-2.186930576280896391e-03,-2.249330815861661989e-03,-2.243057537837972633e-03,-1.969478759065807372e-03,-1.263859775723199207e-03,-3.036754860313159378e-04
0.000000000000000000e+00,0.000000000000000000e+00,0.000000000000000000e+00,0.000000000000000000e+00,0.000000000000000000e+00,0.000000000000000000e+00,0.000000000000000000e+00,0.000000000000000000e+00,0.000000000000000000e+00,0.000000000000000000e+00,0.000000000000000000e+00,0.000000000000000000e+00,0.000000000000000000e+00,0.000000000000000000e+00,0.000000000000000000e+00,0.000000000000000000e+00,0.000000000000000000e+00,0.000000000000000000e+00,0.000000000000000000e+00,0.000000000000000000e+00,0.000000000000000000e+00,0.000000000000000000e+00,0.000000000000000000e+00,0.000000000000000000e+00,0.000000000000000000e+00,0.000000000000000000e+00,0.000000000000000000e+00,0.000000000000000000e+00,0.000000000000000000e+00,0.000000000000000000e+00,0.000000000000000000e+00,0.000000000000000000e+00,0.000000000000000000e+00,0.000000000000000000e+00,0.000000000000000000e+00,0.000000000000000000e+00,0.000000000000000000e+00,0.000000000000000000e+00,0.000000000000000000e+00,0.000000000000000000e+00,0.000000000000000000e+00,0.000000000000000000e+00,0.000000000000000000e+00,0.000000000000000000e+00,0.000000000000000000e+00,0.000000000000000000e+00,0.000000000000000000e+00,0.000000000000000000e+00,0.000000000000000000e+00,0.000000000000000000e+00,0.000000000000000000e+00,0.000000000000000000e+00,0.000000000000000000e+00,0.000000000000000000e+00,0.000000000000000000e+00,0.000000000000000000e+00,0.000000000000000000e+00,0.000000000000000000e+00,0.000000000000000000e+00,0.000000000000000000e+00,0.000000000000000000e+00,0.000000000000000000e+00,0.000000000000000000e+00,0.000000000000000000e+00,0.000000000000000000e+00,0.000000000000000000e+00,0.000000000000000000e+00,0.000000000000000000e+00,0.000000000000000000e+00,0.000000000000000000e+00,0.000000000000000000e+00,0.000000000000000000e+00,0.000000000000000000e+00,0.000000000000000000e+00,0.000000000000000000e+00,0.000000000000000000e+00,0.000000000000000000e+00,0.000000000000000000e+00,0.000000000000000000e+00,0.000000000000000000e+00,0.000000000000000000e+00,0.000000000000000000e+00,0.000000000000000000e+00,0.000000000000000000e+00,0.000000000000000000e+00,0.000000000000000000e+00,0.000000000000000000e+00,0.000000000000000000e+00,0.000000000000000000e+00,0.000000000000000000e+00,0.000000000000000000e+00,0.000000000000000000e+00,0.000000000000000000e+00,0.000000000000000000e+00,0.000000000000000000e+00,0.000000000000000000e+00,0.000000000000000000e+00,0.000000000000000000e+00,0.000000000000000000e+00,0.000000000000000000e+00,0.000000000000000000e+00,0.000000000000000000e+00,0.000000000000000000e+00,0.000000000000000000e+00,0.000000000000000000e+00,0.000000000000000000e+00,0.000000000000000000e+00,0.000000000000000000e+00,0.000000000000000000e+00,0.000000000000000000e+00,0.000000000000000000e+00,0.000000000000000000e+00,0.000000000000000000e+00,0.000000000000000000e+00,0.000000000000000000e+00,0.000000000000000000e+00,0.000000000000000000e+00,0.000000000000000000e+00,0.000000000000000000e+00,0.000000000000000000e+00,0.000000000000000000e+00,0.000000000000000000e+00,0.000000000000000000e+00,0.000000000000000000e+00,0.000000000000000000e+00,0.000000000000000000e+00,0.000000000000000000e+00,0.000000000000000000e+00,0.000000000000000000e+00,0.000000000000000000e+00,0.000000000000000000e+00,0.000000000000000000e+00,0.000000000000000000e+00,0.000000000000000000e+00,0.000000000000000000e+00,0.000000000000000000e+00,0.000000000000000000e+00,0.000000000000000000e+00,0.000000000000000000e+00,0.000000000000000000e+00,0.000000000000000000e+00,0.000000000000000000e+00,0.000000000000000000e+00,0.000000000000000000e+00,0.000000000000000000e+00,0.000000000000000000e+00,0.000000000000000000e+00,0.000000000000000000e+00,0.000000000000000000e+00,0.000000000000000000e+00,0.000000000000000000e+00,0.000000000000000000e+00,0.000000000000000000e+00,7.569429753804214275e-04,-8.366498261927308934e-05,-1.216271923225182173e-03,-1.852034604812572869e-03,-2.134131408050790255e-03,-2.239312957505680025e-03,-2.320453789293160877e-03,-2.368254116484861446e-03,-2.416967883379069013e-03,-2.455692615097943704e-03,-2.494838373514295105e-03,-2.529317431411240609e-03,-2.563160884976877028e-03,-2.593733199738104938e-03,-2.622922312437579902e-03,-2.649323855691624631e-03,-2.673893391509070926e-03,-2.695997997084468266e-03,-2.716173834846828498e-03,-2.734201052783681411e-03,-2.750406918727005007e-03,-2.764761098371850290e-03,-2.777480074010390838e-03,-2.788608229724296589e-03,-2.798297591625468171e-03,-2.806620435338725694e-03,-2.813700048112769986e-03,-2.819626406214655219e-03,-2.824514194051266133e-03,-2.828460143113816459e-03,-2.831565493459149707e-03,-2.833914004776448212e-03,-2.835584733025158302e-03,-2.836644995543379216e-03,-2.837160390031363139e-03,-2.837191577067896264e-03,-2.836799356012147371e-03,-2.836040897295797301e-03,-2.834972452171299374e-03,-2.833645821254270405e-03,-2.832110199115941713e-03,-2.830408837086173350e-03,-2.828581182107639449e-03,-2.826660818525218027e-03,-2.824678544452951211e-03,-2.822661080905844704e-03,-2.820634336697974004e-03,-2.818622179717790357e-03,-2.816649018986864227e-03,-2.814737252167130374e-03,-2.812907886818621916e-03,-2.811176954897431392e-03,-2.809557006523558022e-03,-2.808056551494533815e-03,-2.806684424487457599e-03,-2.805449962591788620e-03,-2.804365053144265967e-03,-2.803440774265966804e-03,-2.802686535546299127e-03,-2.802106283673371206e-03,-2.801699770862150097e-03,-2.801462832052616266e-03,-2.801392059039724703e-03,-2.801485632408488684e-03,-2.801744676854296678e-03,-2.802169429518483901e-03,-2.802758167678549243e-03,-2.803505422944031766e-03,-2.804404655198440566e-03,-2.805447684046662605e-03,-2.806624234238119971e-03,-2.807917001759563901e-03,-2.809299279330085015e-03,-2.810732903257565779e-03,-2.812172708183443681e-03,-2.813571869637748919e-03,-2.814888350554432036e-03,-2.816083920332183767e-03,-2.817119665465512863e-03,-2.817948848357752344e-03,-2.818517406759904823e-03,-2.818771668607373757e-03,-2.818675028520849831e-03,-2.818223837941264461e-03,-2.817458172438014503e-03,-2.816458414266591933e-03,-2.815330175381212160e-03,-2.814179741364205255e-03,-2.813091850349707518e-03,-2.812114851723709029e-03,-2.811259373683114380e-03,-2.810505830806977069e-03,-2.809818135660293280e-03,-2.809155752341953305e-03,-2.808483133980116137e-03,-2.807773394456609690e-03,-2.807009342090742519e-03,-2.806181302304858270e-03,-2.805285139737817481e-03,-2.804319389129443941e-03,-2.803283779397549701e-03,-2.802177516304925342e-03,-2.800999090507834063e-03,-2.799745969117468317e-03,-2.798415612713159566e-03,-2.797006070265005070e-03,-2.795517194814507809e-03,-2.793950797550807854e-03,-2.792310844818470493e-03,-2.790602568575527472e-03,-2.788831882197611266e-03,-2.787004311210105473e-03,-2.785124632662642694e-03,-2.783196317801286956e-03,-2.781221641165496083e-03,-2.779201595156851994e-03,-2.777136377469541662e-03,-2.775025679341991056e-03,-2.772869316337720196e-03,-2.770667405708960446e-03,-2.768420551463294035e-03,-2.766129576044561861e-03,-2.763795489951361914e-03,-2.761419484246963475e-03,-2.759003355023974084e-03,-2.756549785853061943e-03,-2.754062442003582002e-03,-2.751545391709377814e-03,-2.749002149477651133e-03,-2.746434483957064816e-03,-2.743841537243794926e-03,-2.741219463672913467e-03,-2.738561956913398814e-03,-2.735861926158473720e-03,-2.733114439146448402e-03,-2.730320315666571497e-03,-2.727488664780309494e-03,-2.724636254494307904e-03,-2.721782207335530102e-03,-2.718938842330223104e-03,-2.716101708694451059e-03,-2.713243836642165868e-03,-2.710318646190205700e-03,-2.707274073183078486e-03,-2.704075914315989034e-03,-2.700734125719222133e-03,-2.697321164365979081e-03,-2.693970694376066153e-03,-2.690847380800603407e-03,-2.688087998790853004e-03,-2.685726946249468797e-03,-2.683634929718786612e-03,-2.681507598723351787e-03,-2.678936641565093837e-03,-2.675569570872971328e-03,-2.671322620011033679e-03,-2.666561747170906761e-03,-2.662138568396169198e-03,-2.659181689472436220e-03,-2.658626213175149713e-03,-2.660598408966774638e-03,-2.663923838221080552e-03,-2.666096047734995388e-03,-2.663971383732222000e-03,-2.655185579395767919e-03,-2.639922073791057741e-03,-2.622257776099622302e-03,-2.610125462653674518e-03,-2.613018923306201398e-03,-2.637418582799455711e-03,-2.681330755712651309e-03,-2.731067744123119676e-03,-2.763062967189411183e-03,-2.751700661715374054e-03,-2.680931208179968602e-03,-2.556831184666905760e-03,-2.415565646891511438e-03,-2.320886570092512129e-03,-2.339034536439935693e-03,-2.490639791943145397e-03,-2.719648015934624137e-03,-2.944044948998276925e-03,-3.082442078952604345e-03,-3.018390759553151413e-03,-2.565068745776477241e-03,-1.592361815582343234e-03,-3.848573905635944916e-04
0.000000000000000000e+00,0.000000000000000000e+00,0.000000000000000000e+00,0.000000000000000000e+00,0.000000000000000000e+00,0.000000000000000000e+00,0.000000000000000000e+00,0.000000000000000000e+00,0.000000000000000000e+00,0.000000000000000000e+00,0.000000000000000000e+00,0.000000000000000000e+00,0.000000000000000000e+00,0.000000000000000000e+00,0.000000000000000000e+00,0.000000000000000000e+00,0.000000000000000000e+00,0.000000000000000000e+00,0.000000000000000000e+00,0.000000000000000000e+00,0.000000000000000000e+00,0.000000000000000000e+00,0.000000000000000000e+00,0.000000000000000000e+00,0.000000000000000000e+00,0.000000000000000000e+00,0.000000000000000000e+00,0.000000000000000000e+00,0.000000000000000000e+00,0.000000000000000000e+00,0.000000000000000000e+00,0.000000000000000000e+00,0.000000000000000000e+00,0.000000000000000000e+00,0.000000000000000000e+00,0.000000000000000000e+00,0.000000000000000000e+00,0.000000000000000000e+00,0.000000000000000000e+00,0.000000000000000000e+00,0.000000000000000000e+00,0.000000000000000000e+00,0.000000000000000000e+00,0.000000000000000000e+00,0.000000000000000000e+00,0.000000000000000000e+00,0.000000000000000000e+00,0.000000000000000000e+00,0.000000000000000000e+00,0.000000000000000000e+00,0.000000000000000000e+00,0.000000000000000000e+00,0.000000000000000000e+00,0.000000000000000000e+00,0.000000000000000000e+00,0.000000000000000000e+00,0.000000000000000000e+00,0.000000000000000000e+00,0.000000000000000000e+00,0.000000000000000000e+00,0.000000000000000000e+00,0.000000000000000000e+00,0.000000000000000000e+00,0.000000000000000000e+00,0.000000000000000000e+00,0.000000000000000000e+00,0.000000000000000000e+00,0.000000000000000000e+00,0.000000000000000000e+00,0.000000000000000000e+00,0.000000000000000000e+00,0.000000000000000000e+00,0.000000000000000000e+00,0.000000000000000000e+00,0.000000000000000000e+00,0.000000000000000000e+00,0.000000000000000000e+00,0.000000000000000000e+00,0.000000000000000000e+00,0.000000000000000000e+00,0.000000000000000000e+00,0.000000000000000000e+00,0.000000000000000000e+00,0.000000000000000000e+00,0.000000000000000000e+00,0.000000000000000000e+00,0.000000000000000000e+00,0.000000000000000000e+00,0.000000000000000000e+00,0.000000000000000000e+00,0.000000000000000000e+00,0.000000000000000000e+00,0.000000000000000000e+00,0.000000000000000000e+00,0.000000000000000000e+00,0.000000000000000000e+00,0.000000000000000000e+00,0.000000000000000000e+00,0.000000000000000000e+00,0.000000000000000000e+00,0.000000000000000000e+00,0.000000000000000000e+00,0.000000000000000000e+00,0.000000000000000000e+00,0.000000000000000000e+00,0.000000000000000000e+00,0.000000000000000000e+00,0.000000000000000000e+00,0.000000000000000000e+00,0.000000000000000000e+00,0.000000000000000000e+00,0.000000000000000000e+00,0.000000000000000000e+00,0.000000000000000000e+00,0.000000000000000000e+00,0.000000000000000000e+00,0.000000000000000000e+00,0.000000000000000000e+00,0.000000000000000000e+00,0.000000000000000000e+00,0.000000000000000000e+00,0.000000000000000000e+00,0.000000000000000000e+00,0.000000000000000000e+00,0.000000000000000000e+00,0.000000000000000000e+00,0.000000000000000000e+00,0.000000000000000000e+00,0.000000000000000000e+00,0.000000000000000000e+00,0.000000000000000000e+00,0.000000000000000000e+00,0.000000000000000000e+00,0.000000000000000000e+00,0.000000000000000000e+00,0.000000000000000000e+00,0.000000000000000000e+00,0.000000000000000000e+00,0.000000000000000000e+00,0.000000000000000000e+00,0.000000000000000000e+00,0.000000000000000000e+00,0.000000000000000000e+00,0.000000000000000000e+00,0.000000000000000000e+00,0.000000000000000000e+00,0.000000000000000000e+00,0.000000000000000000e+00,0.000000000000000000e+00,0.000000000000000000e+00,0.000000000000000000e+00,0.000000000000000000e+00,0.000000000000000000e+00,3.247251620002386823e-04,-8.985179119611119225e-04,-1.740566573023667827e-03,-2.192244644482624696e-03,-2.374558935233506227e-03,-2.480007325662375757e-03,-2.534954294184904589e-03,-2.585604800773037750e-03,-2.621960653389043393e-03,-2.659557229343103429e-03,-2.690812963840306504e-03,-2.722355204828908696e-03,-2.750231806464192852e-03,-2.777315662887050191e-03,-2.801635790066340712e-03,-2.824494464070550093e-03,-2.844930363737432823e-03,-2.863606532167383822e-03,-2.880126467854264224e-03,-2.894877767183373814e-03,-2.907732646326745708e-03,-2.918933334230435286e-03,-2.928478741753773405e-03,-2.936536608964245790e-03,-2.943159953143035298e-03,-2.948478422203776751e-03,-2.952573129042963818e-03,-2.955563086246156077e-03,-2.957548442875839248e-03,-2.958643074218627721e-03,-2.958945929666717892e-03,-2.958551814147536083e-03,-2.957541900361173367e-03,-2.955990842782576719e-03,-2.953967165815511112e-03,-2.951536130600714968e-03,-2.948760651910163795e-03,-2.945700200605130478e-03,-2.942411586218267750e-03,-2.938946696697264990e-03,-2.935353609007478482e-03,-2.931674414390150665e-03,-2.927947251123789920e-03,-2.924204982368034701e-03,-2.920477733590626495e-03,-2.916791714540771779e-03,-2.913171816321241062e-03,-2.909640697792971204e-03,-2.906221086578177851e-03,-2.902933678740110025e-03,-2.899797399123517187e-03,-2.896826169830757445e-03,-2.894030105058139832e-03,-2.891415392896309715e-03,-2.888988529741566037e-03,-2.886757300462671448e-03,-2.884733149569863875e-03,-2.882928513327690130e-03,-2.881355261233392931e-03,-2.880020082067987451e-03,-2.878924099659217663e-03,-2.878062432679288907e-03,-2.877428156145926501e-03,-2.877013594301237442e-03,-2.876812166869907508e-03,-2.876816106885821296e-03,-2.877016624258123528e-03,-2.877403727106669744e-03,-2.877969633744526228e-03,-2.878708895909323079e-03,-2.879617124813117855e-03,-2.880684269371972753e-03,-2.881889018076360613e-03,-2.883194486201181260e-03,-2.884551896987830322e-03,-2.885907754444379421e-03,-2.887212824146515033e-03,-2.888423634821299466e-03,-2.889498357218766612e-03,-2.890388516330466909e-03,-2.891037168248945972e-03,-2.891385655558667903e-03,-2.891391051514253033e-03,-2.891044701258378355e-03,-2.890385027379528422e-03,-2.889494646378225513e-03,-2.888483501441866177e-03,-2.887461999092973738e-03,-2.886516795522325526e-03,-2.885695630080596825e-03,-2.885006552556975724e-03,-2.884426729888822389e-03,-2.883916989062087263e-03,-2.883434477074499520e-03,-2.882942013394734423e-03,-2.882411691300341278e-03,-2.881825563986204711e-03,-2.881173413468140695e-03,-2.880450578020476646e-03,-2.879655152104019546e-03,-2.878786382670144202e-03,-2.877843011078215756e-03,-2.876822942960482066e-03,-2.875723002879115951e-03,-2.874539876491252581e-03,-2.873270841876685369e-03,-2.871914981301759186e-03,-2.870473477770029824e-03,-2.868949769274773201e-03,-2.867348711951356408e-03,-2.865675875179417038e-03,-2.863936463532432575e-03,-2.862134828809905808e-03,-2.860273920708956107e-03,-2.858355321014565981e-03,-2.856379221999954480e-03,-2.854344919522462058e-03,-2.852251234070909448e-03,-2.850097194178438306e-03,-2.847882307629087933e-03,-2.845606686066101156e-03,-2.843270705359549153e-03,-2.840874797585594101e-03,-2.838419337206419483e-03,-2.835904949862686972e-03,-2.833332777780511475e-03,-2.830704565974363155e-03,-2.828022201115320926e-03,-2.825286979903165758e-03,-2.822498838668963377e-03,-2.819655977439463473e-03,-2.816754969744307731e-03,-2.813791454861633550e-03,-2.810761450265591033e-03,-2.807663219411642673e-03,-2.804499127652557589e-03,-2.801276117534573333e-03,-2.798003321000332947e-03,-2.794686161367558423e-03,-2.791318612593143844e-03,-2.787877313331385814e-03,-2.784322431153619850e-03,-2.780608460149480970e-03,-2.776704695688551536e-03,-2.772619736390451260e-03,-2.768420303421200660e-03,-2.764232318985618449e-03,-2.760214910664090561e-03,-2.756504895946555126e-03,-2.753142023462631233e-03,-2.749999344281920180e-03,-2.746755417398865935e-03,-2.742945605396362920e-03,-2.738113130185894535e-03,-2.732041798382006930e-03,-2.725000398017033820e-03,-2.717880591244941670e-03,-2.712095462264561135e-03,-2.709152520196129923e-03,-2.709936563511601559e-03,-2.713915665425346239e-03,-2.718645889148781514e-03,-2.720003277460078268e-03,-2.713411746348916905e-03,-2.695970858220353081e-03,-2.668868538857092215e-03,-2.639016404243470400e-03,-2.618585322034263935e-03,-2.621434633273123354e-03,-2.656415019512549641e-03,-2.719636557571745820e-03,-2.789771219983989275e-03,-2.831119512788987918e-03,-2.805871949070817307e-03,-2.692987228076348591e-03,-2.506973686628103347e-03,-2.310310159159684445e-03,-2.209094271116205863e-03,-2.321246368812101852e-03,-2.702210328473004033e-03,-3.260767266328555482e-03,-3.778876476249772281e-03,-4.053971084144914958e-03,-3.921746808320719646e-03,-3.221698990723472714e-03,-1.903788928107530073e-03,-4.459313276453308935e-04
0.000000000000000000e+00,0.000000000000000000e+00,0.000000000000000000e+00,0.000000000000000000e+00,0.000000000000000000e+00,0.000000000000000000e+00,0.000000000000000000e+00,0.000000000000000000e+00,0.000000000000000000e+00,0.000000000000000000e+00,0.000000000000000000e+00,0.000000000000000000e+00,0.000000000000000000e+00,0.000000000000000000e+00,0.000000000000000000e+00,0.000000000000000000e+00,0.000000000000000000e+00,0.000000000000000000e+00,0.000000000000000000e+00,0.000000000000000000e+00,0.000000000000000000e+00,0.000000000000000000e+00,0.000000000000000000e+00,0.000000000000000000e+00,0.000000000000000000e+00,0.000000000000000000e+00,0.000000000000000000e+00,0.000000000000000000e+00,0.000000000000000000e+00,0.000000000000000000e+00,0.000000000000000000e+00,0.000000000000000000e+00,0.000000000000000000e+00,0.000000000000000000e+00,0.000000000000000000e+00,0.000000000000000000e+00,0.000000000000000000e+00,0.000000000000000000e+00,0.000000000000000000e+00,0.000000000000000000e+00,0.000000000000000000e+00,0.000000000000000000e+00,0.000000000000000000e+00,0.000000000000000000e+00,0.000000000000000000e+00,0.000000000000000000e+00,0.000000000000000000e+00,0.000000000000000000e+00,0.000000000000000000e+00,0.000000000000000000e+00,0.000000000000000000e+00,0.000000000000000000e+00,0.000000000000000000e+00,0.000000000000000000e+00,0.000000000000000000e+00,0.000000000000000000e+00,0.000000000000000000e+00,0.000000000000000000e+00,0.000000000000000000e+00,0.000000000000000000e+00,0.000000000000000000e+00,0.000000000000000000e+00,0.000000000000000000e+00,0.000000000000000000e+00,0.000000000000000000e+00,0.000000000000000000e+00,0.000000000000000000e+00,0.000000000000000000e+00,0.000000000000000000e+00,0.000000000000000000e+00,0.000000000000000000e+00,0.000000000000000000e+00,0.000000000000000000e+00,0.000000000000000000e+00,0.000000000000000000e+00,0.000000000000000000e+00,0.000000000000000000e+00,0.000000000000000000e+00,0.000000000000000000e+00,0.000000000000000000e+00,0.000000000000000000e+00,0.000000000000000000e+00,0.000000000000000000e+00,0.000000000000000000e+00,0.000000000000000000e+00,0.000000000000000000e+00,0.000000000000000000e+00,0.000000000000000000e+00,0.000000000000000000e+00,0.000000000000000000e+00,0.000000000000000000e+00,0.000000000000000000e+00,0.000000000000000000e+00,0.000000000000000000e+00,0.000000000000000000e+00,0.000000000000000000e+00,0.000000000000000000e+00,0.000000000000000000e+00,0.000000000000000000e+00,0.000000000000000000e+00,0.000000000000000000e+00,0.000000000000000000e+00,0.000000000000000000e+00,0.000000000000000000e+00,0.000000000000000000e+00,0.000000000000000000e+00,0.000000000000000000e+00,0.000000000000000000e+00,0.000000000000000000e+00,0.000000000000000000e+00,0.000000000000000000e+00,0.000000000000000000e+00,0.000000000000000000e+00,0.000000000000000000e+00,0.000000000000000000e+00,0.000000000000000000e+00,0.000000000000000000e+00,0.000000000000000000e+00,0.000000000000000000e+00,0.000000000000000000e+00,0.000000000000000000e+00,0.000000000000000000e+00,0.000000000000000000e+00,0.000000000000000000e+00,0.000000000000000000e+00,0.000000000000000000e+00,0.000000000000000000e+00,0.000000000000000000e+00,0.000000000000000000e+00,0.000000000000000000e+00,0.000000000000000000e+00,0.000000000000000000e+00,0.000000000000000000e+00,0.000000000000000000e+00,0.000000000000000000e+00,0.000000000000000000e+00,0.000000000000000000e+00,0.000000000000000000e+00,0.000000000000000000e+00,0.000000000000000000e+00,0.000000000000000000e+00,0.000000000000000000e+00,0.000000000000000000e+00,0.000000000000000000e+00,0.000000000000000000e+00,0.000000000000000000e+00,0.000000000000000000e+00,0.000000000000000000e+00,0.000000000000000000e+00,0.000000000000000000e+00,0.000000000000000000e+00,0.000000000000000000e+00,0.000000000000000000e+00,-1.431338571781636947e-04,-1.306219291817966015e-03,-2.144444600082366734e-03,-2.426555920651336795e-03,-2.549666021685910791e-03,-2.601803212273820672e-03,-2.643565153414561067e-03,-2.670279958464260011e-03,-2.700002859624617106e-03,-2.723165039525405132e-03,-2.748216438743397456e-03,-2.769491550060204210e-03,-2.791106201627577277e-03,-2.810125444323689943e-03,-2.828439358937171518e-03,-2.844584361641979212e-03,-2.859421910881867340e-03,-2.872276902139021901e-03,-2.883615384869754519e-03,-2.893190660853698498e-03,-2.901268348662642410e-03,-2.907781030319898843e-03,-2.912903681924195170e-03,-2.916658373999464569e-03,-2.919176718234266221e-03,-2.920520243703197179e-03,-2.920804252236923557e-03,-2.920116664539521446e-03,-2.918572930329734177e-03,-2.916273366115033298e-03,-2.913323550431283233e-03,-2.909812169638974211e-03,-2.905822873865659267e-03,-2.901427191024956529e-03,-2.896693693691331471e-03,-2.891684878682002427e-03,-2.886461586866037859e-03,-2.881079605225865883e-03,-2.875591679202569011e-03,-2.870044605087206015e-03,-2.864481045554669297e-03,-2.858937846082845909e-03,-2.853448521754606716e-03,-2.848042182640580025e-03,-2.842745582415653286e-03,-2.837581696314814446e-03,-2.832571772932185577e-03,-2.827734637681694491e-03,-2.823088927458884505e-03,-2.818651433769026483e-03,-2.814437279156547199e-03,-2.810456979950942246e-03,-2.806717345142548461e-03,-2.803221409868882595e-03,-2.799972423162376198e-03,-2.796975396909645497e-03,-2.794239964258622613e-03,-2.791778510451198205e-03,-2.789604479522026902e-03,-2.787727343656047890e-03,-2.786150934891509952e-03,-2.784871870293882928e-03,-2.783882083515075608e-03,-2.783169469534099803e-03,-2.782719651894525678e-03,-2.782515216779591835e-03,-2.782538168539445619e-03,-2.782772700207842426e-03,-2.783210537212381288e-03,-2.783851626932240877e-03,-2.784700919028911328e-03,-2.785758128198240809e-03,-2.787008040780404334e-03,-2.788414112652028674e-03,-2.789922597617630964e-03,-2.791472593743819439e-03,-2.793008099026263787e-03,-2.794481637703491277e-03,-2.795849984569908232e-03,-2.797064162917383724e-03,-2.798065210001849431e-03,-2.798790003736666143e-03,-2.799189751395380916e-03,-2.799251240436025252e-03,-2.799011739943825083e-03,-2.798556464864386355e-03,-2.797999869491712369e-03,-2.797456382061109994e-03,-2.797014337537128900e-03,-2.796720550864909179e-03,-2.796580276048568885e-03,-2.796567304079157056e-03,-2.796639386568569759e-03,-2.796751402847317235e-03,-2.796864634721298992e-03,-2.796950209745788316e-03,-2.796989475616559750e-03,-2.796971663223725597e-03,-2.796891574690027905e-03,-2.796746813146502083e-03,-2.796536104375558617e-03,-2.796257658440420586e-03,-2.795908749589451434e-03,-2.795485498786163311e-03,-2.794983790210023734e-03,-2.794400108417552982e-03,-2.793732789371642863e-03,-2.792982423145280810e-03,-2.792151996205724778e-03,-2.791246067272036731e-03,-2.790269969672172588e-03,-2.789228691480838233e-03,-2.788126290754035577e-03,-2.786965325814024386e-03,-2.785746841240701200e-03,-2.784470381647919691e-03,-2.783134514030692185e-03,-2.781737356170603699e-03,-2.780277331892134270e-03,-2.778753504201187437e-03,-2.777165643181085924e-03,-2.775513777754123976e-03,-2.773797821405890075e-03,-2.772017347838006112e-03,-2.770171836018049151e-03,-2.768260952799108526e-03,-2.766284694795603360e-03,-2.764243064632347213e-03,-2.762135577898872183e-03,-2.759960855178726115e-03,-2.757716649950532530e-03,-2.755400246468439271e-03,-2.753009125954657133e-03,-2.750541757117868410e-03,-2.747998392961590979e-03,-2.745381407810346119e-03,-2.742694180094051165e-03,-2.739937557154627137e-03,-2.737103938418227519e-03,-2.734171216196261064e-03,-2.731100677911040431e-03,-2.727843478818683248e-03,-2.724357689123867079e-03,-2.720633239664749497e-03,-2.716716183601772337e-03,-2.712720034162184428e-03,-2.708811686487347641e-03,-2.705165041883191620e-03,-2.701885678401746028e-03,-2.698924785361853356e-03,-2.696015091048653382e-03,-2.692671160242492666e-03,-2.688291145316557169e-03,-2.682371797939888877e-03,-2.674800159496143036e-03,-2.666126845568974647e-03,-2.657677114432850998e-03,-2.651352068926863832e-03,-2.649037763024557519e-03,-2.651690781333106237e-03,-2.658370246909363792e-03,-2.665673693464989339e-03,-2.668081229264583111e-03,-2.659535998726432482e-03,-2.636129425034277815e-03,-2.599159057509157350e-03,-2.557232580208596440e-03,-2.525868725789840678e-03,-2.523314126352310151e-03,-2.562545370872611541e-03,-2.641411106148842513e-03,-2.735575703355048755e-03,-2.800012596768488952e-03,-2.783271298500087417e-03,-2.652055425502019420e-03,-2.418192190471753385e-03,-2.156406708581976549e-03,-2.004541731781410516e-03,-2.130903768916670750e-03,-2.655048638148100031e-03,-3.519406144258020990e-03,-4.416615786399151131e-03,-4.931336690921004143e-03,-4.776312169738864029e-03,-3.815472708763047692e-03,-2.138230846407497554e-03,-4.687402724509906297e-04
0.000000000000000000e+00,0.000000000000000000e+00,0.000000000000000000e+00,0.000000000000000000e+00,0.000000000000000000e+00,0.000000000000000000e+00,0.000000000000000000e+00,0.000000000000000000e+00,0.000000000000000000e+00,0.000000000000000000e+00,0.000000000000000000e+00,0.000000000000000000e+00,0.000000000000000000e+00,0.000000000000000000e+00,0.000000000000000000e+00,0.000000000000000000e+00,0.000000000000000000e+00,0.000000000000000000e+00,0.000000000000000000e+00,0.000000000000000000e+00,0.000000000000000000e+00,0.000000000000000000e+00,0.000000000000000000e+00,0.000000000000000000e+00,0.000000000000000000e+00,0.000000000000000000e+00,0.000000000000000000e+00,0.000000000000000000e+00,0.000000000000000000e+00,0.000000000000000000e+00,0.000000000000000000e+00,0.000000000000000000e+00,0.000000000000000000e+00,0.000000000000000000e+00,0.000000000000000000e+00,0.000000000000000000e+00,0.000000000000000000e+00,0.000000000000000000e+00,0.000000000000000000e+00,0.000000000000000000e+00,0.000000000000000000e+00,0.000000000000000000e+00,0.000000000000000000e+00,0.000000000000000000e+00,0.000000000000000000e+00,0.000000000000000000e+00,0.000000000000000000e+00,0.000000000000000000e+00,0.000000000000000000e+00,0.000000000000000000e+00,0.000000000000000000e+00,0.000000000000000000e+00,0.000000000000000000e+00,0.000000000000000000e+00,0.000000000000000000e+00,0.000000000000000000e+00,0.000000000000000000e+00,0.000000000000000000e+00,0.000000000000000000e+00,0.000000000000000000e+00,0.000000000000000000e+00,0.000000000000000000e+00,0.000000000000000000e+00,0.000000000000000000e+00,0.000000000000000000e+00,0.000000000000000000e+00,0.000000000000000000e+00,0.000000000000000000e+00,0.000000000000000000e+00,0.000000000000000000e+00,0.000000000000000000e+00,0.000000000000000000e+00,0.000000000000000000e+00,0.000000000000000000e+00,0.000000000000000000e+00,0.000000000000000000e+00,0.000000000000000000e+00,0.000000000000000000e+00,0.000000000000000000e+00,0.000000000000000000e+00,0.000000000000000000e+00,0.000000000000000000e+00,0.000000000000000000e+00,0.000000000000000000e+00,0.000000000000000000e+00,0.000000000000000000e+00,0.000000000000000000e+00,0.000000000000000000e+00,0.000000000000000000e+00,0.000000000000000000e+00,0.000000000000000000e+00,0.000000000000000000e+00,0.000000000000000000e+00,0.000000000000000000e+00,0.000000000000000000e+00,0.000000000000000000e+00,0.000000000000000000e+00,0.000000000000000000e+00,0.000000000000000000e+00,0.000000000000000000e+00,0.000000000000000000e+00,0.000000000000000000e+00,0.000000000000000000e+00,0.000000000000000000e+00,0.000000000000000000e+00,0.000000000000000000e+00,0.000000000000000000e+00,0.000000000000000000e+00,0.000000000000000000e+00,0.000000000000000000e+00,0.000000000000000000e+00,0.000000000000000000e+00,0.000000000000000000e+00,0.000000000000000000e+00,0.000000000000000000e+00,0.000000000000000000e+00,0.000000000000000000e+00,0.000000000000000000e+00,0.000000000000000000e+00,0.000000000000000000e+00,0.000000000000000000e+00,0.000000000000000000e+00,0.000000000000000000e+00,0.000000000000000000e+00,0.000000000000000000e+00,0.000000000000000000e+00,0.000000000000000000e+00,0.000000000000000000e+00,0.000000000000000000e+00,0.000000000000000000e+00,0.000000000000000000e+00,0.000000000000000000e+00,0.000000000000000000e+00,0.000000000000000000e+00,0.000000000000000000e+00,0.000000000000000000e+00,0.000000000000000000e+00,0.000000000000000000e+00,0.000000000000000000e+00,0.000000000000000000e+00,0.000000000000000000e+00,0.000000000000000000e+00,0.000000000000000000e+00,0.000000000000000000e+00,0.000000000000000000e+00,0.000000000000000000e+00,0.000000000000000000e+00,0.000000000000000000e+00,0.000000000000000000e+00,0.000000000000000000e+00,0.000000000000000000e+00,0.000000000000000000e+00,0.000000000000000000e+00,-7.583548492538159632e-04,-2.061176395647826634e-03,-2.356231603644164466e-03,-2.518222441256617698e-03,-2.497035382903826147e-03,-2.522663984352211796e-03,-2.518446692841837427e-03,-2.534573683951299710e-03,-2.541871693847190441e-03,-2.555935850333821650e-03,-2.566514274540436600e-03,-2.579258581184402325e-03,-2.590025250303485543e-03,-2.601153141873751608e-03,-2.610697804255265615e-03,-2.619668345574243610e-03,-2.627115100076657210e-03,-2.633482963192183054e-03,-2.638379187015830497e-03,-2.642084668661373939e-03,-2.644461253214967951e-03,-2.645678904181165969e-03,-2.645725790189092357e-03,-2.644729970391378106e-03,-2.642733004484061534e-03,-2.639839676388405082e-03,-2.636118990017361722e-03,-2.631673787180356227e-03,-2.626594158818309956e-03,-2.620982620764566486e-03,-2.614928579609714695e-03,-2.608516926639700695e-03,-2.601819649236927247e-03,-2.594902295081585094e-03,-2.587823891294421461e-03,-2.580639556388608820e-03,-2.573400826767470017e-03,-2.566154752073636185e-03,-2.558944107894661150e-03,-2.551805778432923895e-03,-2.544772264399429267e-03,-2.537871192036325347e-03,-2.531127872762350007e-03,-2.524564494762382080e-03,-2.518201506546480402e-03,-2.512055832249995065e-03,-2.506142432508841073e-03,-2.500473740631089029e-03,-2.495061995586761710e-03,-2.489918039935065924e-03,-2.485051662563172569e-03,-2.480468857691667684e-03,-2.476172388183868305e-03,-2.472161451991539312e-03,-2.468435396969238891e-03,-2.464995693742214056e-03,-2.461849379315518126e-03,-2.459007931413523598e-03,-2.456485713109267388e-03,-2.454294761114862201e-03,-2.452442283599240436e-03,-2.450928013187483878e-03,-2.449745140854437189e-03,-2.448879539378631762e-03,-2.448310729812835148e-03,-2.448012178774230507e-03,-2.447956579504557018e-03,-2.448122527314542784e-03,-2.448502705142509457e-03,-2.449104997163953964e-03,-2.449946462712874248e-03,-2.451038441345251579e-03,-2.452372449702083269e-03,-2.453912145833515336e-03,-2.455598940033161363e-03,-2.457365538396965882e-03,-2.459151160623001577e-03,-2.460906706057798283e-03,-2.462589754017253853e-03,-2.464152424590080378e-03,-2.465534828727465252e-03,-2.466670212018436462e-03,-2.467504865922425482e-03,-2.468022160873605073e-03,-2.468259482671058928e-03,-2.468305742687147957e-03,-2.468280676655149226e-03,-2.468303078031701576e-03,-2.468463035567054244e-03,-2.468806378209492843e-03,-2.469335563786333176e-03,-2.470021093157957672e-03,-2.470817851886065748e-03,-2.471678693673417908e-03,-2.472563626473799157e-03,-2.473443021741870973e-03,-2.474297702208695573e-03,-2.475116463441817335e-03,-2.475893669469969322e-03,-2.476626487805265800e-03,-2.477313179067977544e-03,-2.477951450582445425e-03,-2.478537984240118935e-03,-2.479068224162494193e-03,-2.479537308554216005e-03,-2.479940994534684997e-03,-2.480276983079110747e-03,-2.480545402087648999e-03,-2.480748959374013459e-03,-2.480892103247901281e-03,-2.480980155917536078e-03,-2.481018132891639298e-03,-2.481010087830348536e-03,-2.480958503420606105e-03,-2.480864246011065411e-03,-2.480726589880571410e-03,-2.480543780713587079e-03,-2.480313649686711596e-03,-2.480034451510463017e-03,-2.479705236855348719e-03,-2.479325870800792257e-03,-2.478896465296106296e-03,-2.478416874311834515e-03,-2.477886393896868572e-03,-2.477304013519717081e-03,-2.476668754367469978e-03,-2.475979887479014003e-03,-2.475236693484659904e-03,-2.474438106366298826e-03,-2.473582494770243650e-03,-2.472667902587236295e-03,-2.471692554383166703e-03,-2.470655433326152291e-03,-2.469556690330271601e-03,-2.468397804896989116e-03,-2.467181103345093048e-03,-2.465907867816819962e-03,-2.464574282999031953e-03,-2.463165571774767089e-03,-2.461650801352472349e-03,-2.459982749829892502e-03,-2.458107379757829523e-03,-2.455984406084363650e-03,-2.453614942475212252e-03,-2.451065995637872596e-03,-2.448478087963537088e-03,-2.446043287735371295e-03,-2.443947948658882485e-03,-2.442286314690155120e-03,-2.440966749694537061e-03,-2.439647265764323825e-03,-2.437745761661186221e-03,-2.434563707065625499e-03,-2.429533348937883142e-03,-2.422546391858787854e-03,-2.414258354928316627e-03,-2.406211957064204477e-03,-2.400618150788689023e-03,-2.399704988040840016e-03,-2.404699357437854214e-03,-2.414721121149404192e-03,-2.426067178773187293e-03,-2.432449193616393907e-03,-2.426594335111422786e-03,-2.403182727760425075e-03,-2.362395367545304294e-03,-2.312670404057888020e-03,-2.270870688515705740e-03,-2.258432413696559535e-03,-2.293156436878740403e-03,-2.378375659034489154e-03,-2.493373498897741378e-03,-2.591216656335393938e-03,-2.609781766197090402e-03,-2.497992883283609543e-03,-2.249525983292622287e-03,-1.931273390728355330e-03,-1.691082645566799455e-03,-1.732996981178616972e-03,-2.239962439988275270e-03,-3.244513758915833906e-03,-4.475171521240609712e-03,-5.368036614759975206e-03,-5.372461619561846521e-03,-4.275630783081131939e-03,-2.296972093448552271e-03,-4.679920971083153408e-04
0.000000000000000000e+00,0.000000000000000000e+00,0.000000000000000000e+00,0.000000000000000000e+00,0.000000000000000000e+00,0.000000000000000000e+00,0.000000000000000000e+00,0.000000000000000000e+00,0.000000000000000000e+00,0.000000000000000000e+00,0.000000000000000000e+00,0.000000000000000000e+00,0.000000000000000000e+00,0.000000000000000000e+00,0.000000000000000000e+00,0.000000000000000000e+00,0.000000000000000000e+00,0.000000000000000000e+00,0.000000000000000000e+00,0.000000000000000000e+00,0.000000000000000000e+00,0.000000000000000000e+00,0.000000000000000000e+00,0.000000000000000000e+00,0.000000000000000000e+00,0.000000000000000000e+00,0.000000000000000000e+00,0.000000000000000000e+00,0.000000000000000000e+00,0.000000000000000000e+00,0.000000000000000000e+00,0.000000000000000000e+00,0.000000000000000000e+00,0.000000000000000000e+00,0.000000000000000000e+00,0.000000000000000000e+00,0.000000000000000000e+00,0.000000000000000000e+00,0.000000000000000000e+00,0.000000000000000000e+00,0.000000000000000000e+00,0.000000000000000000e+00,0.000000000000000000e+00,0.000000000000000000e+00,0.000000000000000000e+00,0.000000000000000000e+00,0.000000000000000000e+00,0.000000000000000000e+00,0.000000000000000000e+00,0.000000000000000000e+00,0.000000000000000000e+00,0.000000000000000000e+00,0.000000000000000000e+00,0.000000000000000000e+00,0.000000000000000000e+00,0.000000000000000000e+00,0.000000000000000000e+00,0.000000000000000000e+00,0.000000000000000000e+00,0.000000000000000000e+00,0.000000000000000000e+00,0.000000000000000000e+00,0.000000000000000000e+00,0.000000000000000000e+00,0.000000000000000000e+00,0.000000000000000000e+00,0.000000000000000000e+00,0.000000000000000000e+00,0.000000000000000000e+00,0.000000000000000000e+00,0.000000000000000000e+00,0.000000000000000000e+00,0.000000000000000000e+00,0.000000000000000000e+00,0.000000000000000000e+00,0.000000000000000000e+00,0.000000000000000000e+00,0.000000000000000000e+00,0.000000000000000000e+00,0.000000000000000000e+00,0.000000000000000000e+00,0.000000000000000000e+00,0.000000000000000000e+00,0.000000000000000000e+00,0.000000000000000000e+00,0.000000000000000000e+00,0.000000000000000000e+00,0.000000000000000000e+00,0.000000000000000000e+00,0.000000000000000000e+00,0.000000000000000000e+00,0.000000000000000000e+00,0.000000000000000000e+00,0.000000000000000000e+00,0.000000000000000000e+00,0.000000000000000000e+00,0.000000000000000000e+00,0.000000000000000000e+00,0.000000000000000000e+00,0.000000000000000000e+00,0.000000000000000000e+00,0.000000000000000000e+00,0.000000000000000000e+00,0.000000000000000000e+00,0.000000000000000000e+00,0.000000000000000000e+00,0.000000000000000000e+00,0.000000000000000000e+00,0.000000000000000000e+00,0.000000000000000000e+00,0.000000000000000000e+00,0.000000000000000000e+00,0.000000000000000000e+00,0.000000000000000000e+00,0.000000000000000000e+00,0.000000000000000000e+00,0.000000000000000000e+00,0.000000000000000000e+00,0.000000000000000000e+00,0.000000000000000000e+00,0.000000000000000000e+00,0.000000000000000000e+00,0.000000000000000000e+00,0.000000000000000000e+00,0.000000000000000000e+00,0.000000000000000000e+00,0.000000000000000000e+00,0.000000000000000000e+00,0.000000000000000000e+00,0.000000000000000000e+00,0.000000000000000000e+00,0.000000000000000000e+00,0.000000000000000000e+00,0.000000000000000000e+00,0.000000000000000000e+00,0.000000000000000000e+00,0.000000000000000000e+00,0.000000000000000000e+00,0.000000000000000000e+00,0.000000000000000000e+00,0.000000000000000000e+00,0.000000000000000000e+00,0.000000000000000000e+00,0.000000000000000000e+00,0.000000000000000000e+00,0.000000000000000000e+00,0.000000000000000000e+00,0.000000000000000000e+00,0.000000000000000000e+00,0.000000000000000000e+00,0.000000000000000000e+00,0.000000000000000000e+00,0.000000000000000000e+00,-1.717156604344689374e-03,-2.180160323003551854e-03,-2.229613740571003040e-03,-2.116638141274313108e-03,-2.080271648847960026e-03,-2.035340036652328807e-03,-2.026952551202784204e-03,-2.012493352078003651e-03,-2.012521381030257447e-03,-2.008853329572521731e-03,-2.011098106778970006e-03,-2.011682798550383684e-03,-2.014506280155019084e-03,-2.016348982126109877e-03,-2.018751413676563543e-03,-2.020240544447455839e-03,-2.021455806249748081e-03,-2.021686312008071692e-03,-2.021213830435313833e-03,-2.019747213718412447e-03,-2.017475742057816147e-03,-2.014322530086010924e-03,-2.010428616363293172e-03,-2.005802275592755320e-03,-2.000546262767750882e-03,-1.994700049192371823e-03,-1.988349864337625277e-03,-1.981558603587427018e-03,-1.974414205680711035e-03,-1.966990963528528289e-03,-1.959366914225160999e-03,-1.951604247504468538e-03,-1.943760588979190611e-03,-1.935882905322922846e-03,-1.928015774107755048e-03,-1.920198236596453280e-03,-1.912467610434512343e-03,-1.904856038124212681e-03,-1.897392092959460357e-03,-1.890098303866959801e-03,-1.882993706318082921e-03,-1.876093574158303702e-03,-1.869412514597394194e-03,-1.862963405623169633e-03,-1.856758302371562920e-03,-1.850806094816101997e-03,-1.845113730808035186e-03,-1.839685690579385968e-03,-1.834526528752316839e-03,-1.829640099966584705e-03,-1.825030158727458099e-03,-1.820697679028481474e-03,-1.816641009848373985e-03,-1.812855133267872150e-03,-1.809335202252767292e-03,-1.806078967396320626e-03,-1.803090868277229010e-03,-1.800381478194335028e-03,-1.797966009296845212e-03,-1.795858919322016519e-03,-1.794070969849953208e-03,-1.792605947885207241e-03,-1.791460329757653619e-03,-1.790620812074112311e-03,-1.790063905587536974e-03,-1.789756695760710966e-03,-1.789664897899734871e-03,-1.789763701561875638e-03,-1.790049130471203223e-03,-1.790539445527788553e-03,-1.791265931502778776e-03,-1.792252974183107701e-03,-1.793499738949354879e-03,-1.794971086969307213e-03,-1.796605396461964550e-03,-1.798331872305368364e-03,-1.800088706715278130e-03,-1.801829092203801252e-03,-1.803514812620010763e-03,-1.805101504580516837e-03,-1.806529891232620550e-03,-1.807730716288324024e-03,-1.808646732721210871e-03,-1.809259847551420016e-03,-1.809610026781764431e-03,-1.809792393810719449e-03,-1.809934103156511567e-03,-1.810159816364080056e-03,-1.810562328100615405e-03,-1.811187087561032987e-03,-1.812034278752745623e-03,-1.813071667065903900e-03,-1.814251908743798325e-03,-1.815526484111887762e-03,-1.816854753850437711e-03,-1.818206866869713110e-03,-1.819563563224793363e-03,-1.820913539764785561e-03,-1.822250989106242742e-03,-1.823572838651697000e-03,-1.824877036205670763e-03,-1.826160883363905094e-03,-1.827420532599541899e-03,-1.828650775391617474e-03,-1.829846022098027825e-03,-1.831001318879409059e-03,-1.832113773051841305e-03,-1.833183105855208011e-03,-1.834211824228991353e-03,-1.835204349903158966e-03,-1.836166098539005484e-03,-1.837102238271369611e-03,-1.838016986741231517e-03,-1.838912957812036337e-03,-1.839791089576753910e-03,-1.840650661036845586e-03,-1.841489899255911462e-03,-1.842306671282686924e-03,-1.843099411602921837e-03,-1.843867518476183763e-03,-1.844611316881421617e-03,-1.845331368785598598e-03,-1.846027883612538691e-03,-1.846700421629051715e-03,-1.847348260179298421e-03,-1.847970864192192194e-03,-1.848568195551369454e-03,-1.849140467508846941e-03,-1.849687737487524641e-03,-1.850209593468723828e-03,-1.850705274667163377e-03,-1.851173983823505747e-03,-1.851615259592616532e-03,-1.852029250440418232e-03,-1.852416991267564518e-03,-1.852780347437541029e-03,-1.853120823998976457e-03,-1.853436186701947494e-03,-1.853714897777396491e-03,-1.853930511992849320e-03,-1.854040434715964556e-03,-1.853993831267465846e-03,-1.853750659884779994e-03,-1.853308251960725413e-03,-1.852725793009112748e-03,-1.852133627548594634e-03,-1.851715323932899906e-03,-1.851656642818815240e-03,-1.852065910354966935e-03,-1.852883955125720315e-03,-1.853815725579864180e-03,-1.854325611300426495e-03,-1.853735870374078601e-03,-1.851445279443001465e-03,-1.847239065160708295e-03,-1.841600737627639619e-03,-1.835881781642365127e-03,-1.832170479067024267e-03,-1.832752723332354942e-03,-1.839190486265149986e-03,-1.851230508426936552e-03,-1.865952695169379458e-03,-1.877682869386967024e-03,-1.879149898579691872e-03,-1.864035852013090286e-03,-1.830462482038082124e-03,-1.784166572313201178e-03,-1.739626381332363449e-03,-1.717524038815138824e-03,-1.738071550927685520e-03,-1.811204106943342489e-03,-1.926447599903808672e-03,-2.046639361656091196e-03,-2.111895782221555676e-03,-2.059014203947477466e-03,-1.855930855618101753e-03,-1.538092964454998955e-03,-1.228907989294895356e-03,-1.123587273436582731e-03,-1.432091148288467146e-03,-2.277781215379689767e-03,-3.552074960244874183e-03,-4.769121858982812261e-03,-5.210763306427595304e-03,-4.375411821579654192e-03,-2.418636752852572434e-03,-4.844515969278430389e-04
0.000000000000000000e+00,0.000000000000000000e+00,0.000000000000000000e+00,0.000000000000000000e+00,0.000000000000000000e+00,0.000000000000000000e+00,0.000000000000000000e+00,0.000000000000000000e+00,0.000000000000000000e+00,0.000000000000000000e+00,0.000000000000000000e+00,0.000000000000000000e+00,0.000000000000000000e+00,0.000000000000000000e+00,0.000000000000000000e+00,0.000000000000000000e+00,0.000000000000000000e+00,0.000000000000000000e+00,0.000000000000000000e+00,0.000000000000000000e+00,0.000000000000000000e+00,0.000000000000000000e+00,0.000000000000000000e+00,0.000000000000000000e+00,0.000000000000000000e+00,0.000000000000000000e+00,0.000000000000000000e+00,0.000000000000000000e+00,0.000000000000000000e+00,0.000000000000000000e+00,0.000000000000000000e+00,0.000000000000000000e+00,0.000000000000000000e+00,0.000000000000000000e+00,0.000000000000000000e+00,0.000000000000000000e+00,0.000000000000000000e+00,0.000000000000000000e+00,0.000000000000000000e+00,0.000000000000000000e+00,0.000000000000000000e+00,0.000000000000000000e+00,0.000000000000000000e+00,0.000000000000000000e+00,0.000000000000000000e+00,0.000000000000000000e+00,0.000000000000000000e+00,0.000000000000000000e+00,0.000000000000000000e+00,0.000000000000000000e+00,0.000000000000000000e+00,0.000000000000000000e+00,0.000000000000000000e+00,0.000000000000000000e+00,0.000000000000000000e+00,0.000000000000000000e+00,0.000000000000000000e+00,0.000000000000000000e+00,0.000000000000000000e+00,0.000000000000000000e+00,0.000000000000000000e+00,0.000000000000000000e+00,0.000000000000000000e+00,0.000000000000000000e+00,0.000000000000000000e+00,0.000000000000000000e+00,0.000000000000000000e+00,0.000000000000000000e+00,0.000000000000000000e+00,0.000000000000000000e+00,0.000000000000000000e+00,0.000000000000000000e+00,0.000000000000000000e+00,0.000000000000000000e+00,0.000000000000000000e+00,0.000000000000000000e+00,0.000000000000000000e+00,0.000000000000000000e+00,0.000000000000000000e+00,0.000000000000000000e+00,0.000000000000000000e+00,0.000000000000000000e+00,0.000000000000000000e+00,0.000000000000000000e+00,0.000000000000000000e+00,0.000000000000000000e+00,0.000000000000000000e+00,0.000000000000000000e+00,0.000000000000000000e+00,0.000000000000000000e+00,0.000000000000000000e+00,0.000000000000000000e+00,0.000000000000000000e+00,0.000000000000000000e+00,0.000000000000000000e+00,0.000000000000000000e+00,0.000000000000000000e+00,0.000000000000000000e+00,0.000000000000000000e+00,0.000000000000000000e+00,0.000000000000000000e+00,0.000000000000000000e+00,0.000000000000000000e+00,0.000000000000000000e+00,0.000000000000000000e+00,0.000000000000000000e+00,0.000000000000000000e+00,0.000000000000000000e+00,0.000000000000000000e+00,0.000000000000000000e+00,0.000000000000000000e+00,0.000000000000000000e+00,0.000000000000000000e+00,0.000000000000000000e+00,0.000000000000000000e+00,0.000000000000000000e+00,0.000000000000000000e+00,0.000000000000000000e+00,0.000000000000000000e+00,0.000000000000000000e+00,0.000000000000000000e+00,0.000000000000000000e+00,0.000000000000000000e+00,0.000000000000000000e+00,0.000000000000000000e+00,0.000000000000000000e+00,0.000000000000000000e+00,0.000000000000000000e+00,0.000000000000000000e+00,0.000000000000000000e+00,0.000000000000000000e+00,0.000000000000000000e+00,0.000000000000000000e+00,0.000000000000000000e+00,0.000000000000000000e+00,0.000000000000000000e+00,0.000000000000000000e+00,0.000000000000000000e+00,0.000000000000000000e+00,0.000000000000000000e+00,0.000000000000000000e+00,0.000000000000000000e+00,0.000000000000000000e+00,0.000000000000000000e+00,0.000000000000000000e+00,0.000000000000000000e+00,0.000000000000000000e+00,0.000000000000000000e+00,0.000000000000000000e+00,0.000000000000000000e+00,0.000000000000000000e+00,0.000000000000000000e+00,-7.714888259935323307e-04,-1.506041139072540006e-03,-1.148424752674517000e-03,-1.148704058451630863e-03,-9.909695921938963155e-04,-9.582370664692078715e-04,-9.186830902702544871e-04,-9.030837562804544397e-04,-8.888375762691979026e-04,-8.805017237232142836e-04,-8.742191734894160567e-04,-8.695532056709153173e-04,-8.664677469341057090e-04,-8.638714699892951999e-04,-8.620499945950209656e-04,-8.602976286319848932e-04,-8.587387387475792265e-04,-8.570178468025016656e-04,-8.551991636092586913e-04,-8.530643809930865294e-04,-8.506002146338603482e-04,-8.477492272491379821e-04,-8.445711316905234103e-04,-8.410746255306075954e-04,-8.373124509013128106e-04,-8.333038502166734054e-04,-8.290866354540912938e-04,-8.246851633956056625e-04,-8.201382435491073007e-04,-8.154829269688523407e-04,-8.107615348976586218e-04,-8.060102820200285489e-04,-8.012605490778593881e-04,-7.965369415314187259e-04,-7.918599593426715010e-04,-7.872478811984339169e-04,-7.827172941302947126e-04,-7.782841193196208792e-04,-7.739618513871591087e-04,-7.697619139838798906e-04,-7.656918429038137887e-04,-7.617572053300346096e-04,-7.579615867351724131e-04,-7.543093404743957380e-04,-7.508045540719717782e-04,-7.474516401992010485e-04,-7.442528353109175918e-04,-7.412090468161241629e-04,-7.383191163662525475e-04,-7.355822169623659661e-04,-7.329973237798407095e-04,-7.305641604972427277e-04,-7.282808415174163918e-04,-7.261438762421841206e-04,-7.241469471056677116e-04,-7.222837678770210792e-04,-7.205501481610114859e-04,-7.189481165237083951e-04,-7.174858971395051740e-04,-7.161770911356022361e-04,-7.150359639952146408e-04,-7.140748792394341696e-04,-7.133011532245384784e-04,-7.127164676047555462e-04,-7.123138335417611216e-04,-7.120762589139576198e-04,-7.119766361465385647e-04,-7.119852601640579886e-04,-7.120807686706736878e-04,-7.122621108657539333e-04,-7.125510240147518454e-04,-7.129839944432626950e-04,-7.135932705755877563e-04,-7.143887415011435180e-04,-7.153482093380502402e-04,-7.164238160658434763e-04,-7.175578609674148354e-04,-7.187001411100025485e-04,-7.198144340117598435e-04,-7.208734261269761747e-04,-7.218449847383464442e-04,-7.226827395465554955e-04,-7.233284841906432788e-04,-7.237307435490286742e-04,-7.238693893356543509e-04,-7.237742692624137431e-04,-7.235246656673690116e-04,-7.232302924602560445e-04,-7.230011581647195198e-04,-7.229213171283775533e-04,-7.230344658053290989e-04,-7.233450957547636227e-04,-7.238291892182297871e-04,-7.244490906448779449e-04,-7.251654813185434527e-04,-7.259452683466940167e-04,-7.267640956666341972e-04,-7.276062698859566812e-04,-7.284625212247134883e-04,-7.293280099070095735e-04,-7.302000114806469133e-04,-7.310765730423782974e-04,-7.319551199963551455e-04,-7.328321032367458594e-04,-7.337028062222055629e-04,-7.345622276948840165e-04,-7.354059306212174137e-04,-7.362312951487972809e-04,-7.370379500893357210e-04,-7.378279132372433501e-04,-7.386047749292672581e-04,-7.393729044852684427e-04,-7.401363711086715331e-04,-7.408984170706021553e-04,-7.416609502676759598e-04,-7.424245619615275427e-04,-7.431885349082626357e-04,-7.439513550971241966e-04,-7.447112468268655928e-04,-7.454669632337965115e-04,-7.462181083195742201e-04,-7.469651192327990234e-04,-7.477086427299534923e-04,-7.484490295902148163e-04,-7.491860997467131604e-04,-7.499195778512443263e-04,-7.506496441804475254e-04,-7.513773447870006122e-04,-7.521043926679147522e-04,-7.528326911622962780e-04,-7.535637542002082082e-04,-7.542983817413897269e-04,-7.550364064931340199e-04,-7.557765601844356178e-04,-7.565165179285131660e-04,-7.572535438399957642e-04,-7.579856876394362513e-04,-7.587128909163635060e-04,-7.594366271620382833e-04,-7.601571213379140204e-04,-7.608686613517788360e-04,-7.615556772068698141e-04,-7.621933327857770019e-04,-7.627552565563678905e-04,-7.632276523924576587e-04,-7.636250962511322623e-04,-7.640008849400145271e-04,-7.644449720646754719e-04,-7.650651071811842780e-04,-7.659509631638729277e-04,-7.671266894963993475e-04,-7.685043951864991250e-04,-7.698586255678988065e-04,-7.708461929800224230e-04,-7.710912191500968399e-04,-7.703367431251637726e-04,-7.686317949880726395e-04,-7.664854942797538631e-04,-7.648954927060961110e-04,-7.651681686234709703e-04,-7.685019882674121259e-04,-7.753968801593354165e-04,-7.850551320504703823e-04,-7.950335564798044052e-04,-8.014550449653323099e-04,-8.000399811826801365e-04,-7.879537103413798834e-04,-7.659791186743050489e-04,-7.399728032549251220e-04,-7.204851092116634596e-04,-7.200239099991007866e-04,-7.484947994816206016e-04,-8.077079890794742036e-04,-8.859558715876065691e-04,-9.546087063934875598e-04,-9.721137754030616729e-04,-9.010548985379456368e-04,-7.367213355521927713e-04,-5.290738201162059791e-04,-3.759120818185285708e-04,-3.862886833732306012e-04,-6.563358407616903811e-04,-1.254131526023899478e-03,-2.116916501762581507e-03,-2.854945336477123733e-03,-2.847610187394433723e-03,-1.780545722185331416e-03,-4.551263978187060702e-04
0.000000000000000000e+00,0.000000000000000000e+00,0.000000000000000000e+00,0.000000000000000000e+00,0.000000000000000000e+00,0.000000000000000000e+00,0.000000000000000000e+00,0.000000000000000000e+00,0.000000000000000000e+00,0.000000000000000000e+00,0.000000000000000000e+00,0.000000000000000000e+00,0.000000000000000000e+00,0.000000000000000000e+00,0.000000000000000000e+00,0.000000000000000000e+00,0.000000000000000000e+00,0.000000000000000000e+00,0.000000000000000000e+00,0.000000000000000000e+00,0.000000000000000000e+00,0.000000000000000000e+00,0.000000000000000000e+00,0.000000000000000000e+00,0.000000000000000000e+00,0.000000000000000000e+00,0.000000000000000000e+00,0.000000000000000000e+00,0.000000000000000000e+00,0.000000000000000000e+00,0.000000000000000000e+00,0.000000000000000000e+00,0.000000000000000000e+00,0.000000000000000000e+00,0.000000000000000000e+00,0.000000000000000000e+00,0.000000000000000000e+00,0.000000000000000000e+00,0.000000000000000000e+00,0.000000000000000000e+00,0.000000000000000000e+00,0.000000000000000000e+00,0.000000000000000000e+00,0.000000000000000000e+00,0.000000000000000000e+00,0.000000000000000000e+00,0.000000000000000000e+00,0.000000000000000000e+00,0.000000000000000000e+00,0.000000000000000000e+00,0.000000000000000000e+00,0.000000000000000000e+00,0.000000000000000000e+00,0.000000000000000000e+00,0.000000000000000000e+00,0.000000000000000000e+00,0.000000000000000000e+00,0.000000000000000000e+00,0.000000000000000000e+00,0.000000000000000000e+00,0.000000000000000000e+00,0.000000000000000000e+00,0.000000000000000000e+00,0.000000000000000000e+00,0.000000000000000000e+00,0.000000000000000000e+00,0.000000000000000000e+00,0.000000000000000000e+00,0.000000000000000000e+00,0.000000000000000000e+00,0.000000000000000000e+00,0.000000000000000000e+00,0.000000000000000000e+00,0.000000000000000000e+00,0.000000000000000000e+00,0.000000000000000000e+00,0.000000000000000000e+00,0.000000000000000000e+00,0.000000000000000000e+00,0.000000000000000000e+00,0.000000000000000000e+00,0.000000000000000000e+00,0.000000000000000000e+00,0.000000000000000000e+00,0.000000000000000000e+00,0.000000000000000000e+00,0.000000000000000000e+00,0.000000000000000000e+00,0.000000000000000000e+00,0.000000000000000000e+00,0.000000000000000000e+00,0.000000000000000000e+00,0.000000000000000000e+00,0.000000000000000000e+00,0.000000000000000000e+00,0.000000000000000000e+00,0.000000000000000000e+00,0.000000000000000000e+00,0.000000000000000000e+00,0.000000000000000000e+00,0.000000000000000000e+00,0.000000000000000000e+00,0.000000000000000000e+00,0.000000000000000000e+00,0.000000000000000000e+00,0.000000000000000000e+00,0.000000000000000000e+00,0.000000000000000000e+00,0.000000000000000000e+00,0.000000000000000000e+00,0.000000000000000000e+00,0.000000000000000000e+00,0.000000000000000000e+00,0.000000000000000000e+00,0.000000000000000000e+00,0.000000000000000000e+00,0.000000000000000000e+00,0.000000000000000000e+00,0.000000000000000000e+00,0.000000000000000000e+00,0.000000000000000000e+00,0.000000000000000000e+00,0.000000000000000000e+00,0.000000000000000000e+00,0.000000000000000000e+00,0.000000000000000000e+00,0.000000000000000000e+00,0.000000000000000000e+00,0.000000000000000000e+00,0.000000000000000000e+00,0.000000000000000000e+00,0.000000000000000000e+00,0.000000000000000000e+00,0.000000000000000000e+00,0.000000000000000000e+00,0.000000000000000000e+00,0.000000000000000000e+00,0.000000000000000000e+00,0.000000000000000000e+00,0.000000000000000000e+00,0.000000000000000000e+00,0.000000000000000000e+00,0.000000000000000000e+00,0.000000000000000000e+00,0.000000000000000000e+00,0.000000000000000000e+00,0.000000000000000000e+00,0.000000000000000000e+00,0.000000000000000000e+00,0.000000000000000000e+00,0.000000000000000000e+00,0.000000000000000000e+00,0.000000000000000000e+00,0.000000000000000000e+00,0.000000000000000000e+00,0.000000000000000000e+00,0.000000000000000000e+00,0.000000000000000000e+00,0.000000000000000000e+00,0.000000000000000000e+00,0.000000000000000000e+00,0.000000000000000000e+00,0.000000000000000000e+00,0.000000000000000000e+00,0.000000000000000000e+00,0.000000000000000000e+00,0.000000000000000000e+00,0.000000000000000000e+00,0.000000000000000000e+00,0.000000000000000000e+00,0.000000000000000000e+00,0.000000000000000000e+00,0.000000000000000000e+00,0.000000000000000000e+00,0.000000000000000000e+00,0.000000000000000000e+00,0.000000000000000000e+00,0.000000000000000000e+00,0.000000000000000000e+00,0.000000000000000000e+00,0.000000000000000000e+00,0.000000000000000000e+00,0.000000000000000000e+00,0.000000000000000000e+00,0.000000000000000000e+00,0.000000000000000000e+00,0.000000000000000000e+00,0.000000000000000000e+00,0.000000000000000000e+00,0.000000000000000000e+00,0.000000000000000000e+00,0.000000000000000000e+00,0.000000000000000000e+00,0.000000000000000000e+00,0.000000000000000000e+00,0.000000000000000000e+00,0.000000000000000000e+00,0.000000000000000000e+00,0.000000000000000000e+00,0.000000000000000000e+00,0.000000000000000000e+00,0.000000000000000000e+00,0.000000000000000000e+00,0.000000000000000000e+00,0.000000000000000000e+00,0.000000000000000000e+00,0.000000000000000000e+00,0.000000000000000000e+00,0.000000000000000000e+00,0.000000000000000000e+00,0.000000000000000000e+00,0.000000000000000000e+00,0.000000000000000000e+00,0.000000000000000000e+00,0.000000000000000000e+00,0.000000000000000000e+00,0.000000000000000000e+00,0.000000000000000000e+00,0.000000000000000000e+00,0.000000000000000000e+00,0.000000000000000000e+00,0.000000000000000000e+00,0.000000000000000000e+00,0.000000000000000000e+00,0.000000000000000000e+00,0.000000000000000000e+00,0.000000000000000000e+00,0.000000000000000000e+00,0.000000000000000000e+00,0.000000000000000000e+00,0.000000000000000000e+00,0.000000000000000000e+00,0.000000000000000000e+00,0.000000000000000000e+00,0.000000000000000000e+00,0.000000000000000000e+00,0.000000000000000000e+00,0.000000000000000000e+00,0.000000000000000000e+00,0.000000000000000000e+00,0.000000000000000000e+00,0.000000000000000000e+00,0.000000000000000000e+00,0.000000000000000000e+00,0.000000000000000000e+00,0.000000000000000000e+00,0.000000000000000000e+00,0.000000000000000000e+00,0.000000000000000000e+00,0.000000000000000000e+00,0.000000000000000000e+00,0.000000000000000000e+00,0.000000000000000000e+00,0.000000000000000000e+00,0.000000000000000000e+00,0.000000000000000000e+00,0.000000000000000000e+00,0.000000000000000000e+00,0.000000000000000000e+00,0.000000000000000000e+00,0.000000000000000000e+00,0.000000000000000000e+00,0.000000000000000000e+00,0.000000000000000000e+00,0.000000000000000000e+00,0.000000000000000000e+00,0.000000000000000000e+00,0.000000000000000000e+00,0.000000000000000000e+00,0.000000000000000000e+00,0.000000000000000000e+00,0.000000000000000000e+00,0.000000000000000000e+00,0.000000000000000000e+00,0.000000000000000000e+00,0.000000000000000000e+00,0.000000000000000000e+00,0.000000000000000000e+00,0.000000000000000000e+00,0.000000000000000000e+00,0.000000000000000000e+00,0.000000000000000000e+00,0.000000000000000000e+00,0.000000000000000000e+00,0.000000000000000000e+00,0.000000000000000000e+00,0.000000000000000000e+00,0.000000000000000000e+00,0.000000000000000000e+00,0.000000000000000000e+00,0.000000000000000000e+00,0.000000000000000000e+00,0.000000000000000000e+00,0.000000000000000000e+00,0.000000000000000000e+00,0.000000000000000000e+00,0.000000000000000000e+00,0.000000000000000000e+00,0.000000000000000000e+00,0.000000000000000000e+00,0.000000000000000000e+00,0.000000000000000000e+00,0.000000000000000000e+00,0.000000000000000000e+00,0.000000000000000000e+00,0.000000000000000000e+00,0.000000000000000000e+00,0.000000000000000000e+00,0.000000000000000000e+00,0.000000000000000000e+00,0.000000000000000000e+00,0.000000000000000000e+00,0.000000000000000000e+00,0.000000000000000000e+00,0.000000000000000000e+00,0.000000000000000000e+00,0.000000000000000000e+00,0.000000000000000000e+00,0.000000000000000000e+00,0.000000000000000000e+00,0.000000000000000000e+00,0.000000000000000000e+00,0.000000000000000000e+00,0.000000000000000000e+00,0.000000000000000000e+00,0.000000000000000000e+00,0.000000000000000000e+00,0.000000000000000000e+00,0.000000000000000000e+00,0.000000000000000000e+00,0.000000000000000000e+00,0.000000000000000000e+00,0.000000000000000000e+00,0.000000000000000000e+00,0.000000000000000000e+00,0.000000000000000000e+00,0.000000000000000000e+00,0.000000000000000000e+00,0.000000000000000000e+00,0.000000000000000000e+00
0.000000000000000000e+00,0.000000000000000000e+00,0.000000000000000000e+00,0.000000000000000000e+00,0.000000000000000000e+00,0.000000000000000000e+00,0.000000000000000000e+00,0.000000000000000000e+00,0.000000000000000000e+00,0.000000000000000000e+00,0.000000000000000000e+00,0.000000000000000000e+00,0.000000000000000000e+00,0.000000000000000000e+00,0.000000000000000000e+00,0.000000000000000000e+00,0.000000000000000000e+00,0.000000000000000000e+00,0.000000000000000000e+00,0.000000000000000000e+00,0.000000000000000000e+00,0.000000000000000000e+00,0.000000000000000000e+00,0.000000000000000000e+00,0.000000000000000000e+00,0.000000000000000000e+00,0.000000000000000000e+00,0.000000000000000000e+00,0.000000000000000000e+00,0.000000000000000000e+00,0.000000000000000000e+00,0.000000000000000000e+00,0.000000000000000000e+00,0.000000000000000000e+00,0.000000000000000000e+00,0.000000000000000000e+00,0.000000000000000000e+00,0.000000000000000000e+00,0.000000000000000000e+00,0.000000000000000000e+00,0.000000000000000000e+00,0.000000000000000000e+00,0.000000000000000000e+00,0.000000000000000000e+00,0.000000000000000000e+00,0.000000000000000000e+00,0.000000000000000000e+00,0.000000000000000000e+00,0.000000000000000000e+00,0.000000000000000000e+00,0.000000000000000000e+00,0.000000000000000000e+00,0.000000000000000000e+00,0.000000000000000000e+00,0.000000000000000000e+00,0.000000000000000000e+00,0.000000000000000000e+00,0.000000000000000000e+00,0.000000000000000000e+00,0.000000000000000000e+00,0.000000000000000000e+00,0.000000000000000000e+00,0.000000000000000000e+00,0.000000000000000000e+00,0.000000000000000000e+00,0.000000000000000000e+00,0.000000000000000000e+00,0.000000000000000000e+00,0.000000000000000000e+00,0.000000000000000000e+00,0.000000000000000000e+00,0.000000000000000000e+00,0.000000000000000000e+00,0.000000000000000000e+00,0.000000000000000000e+00,0.000000000000000000e+00,0.000000000000000000e+00,0.000000000000000000e+00,0.000000000000000000e+00,0.000000000000000000e+00,0.000000000000000000e+00,0.000000000000000000e+00,0.000000000000000000e+00,0.000000000000000000e+00,0.000000000000000000e+00,0.000000000000000000e+00,0.000000000000000000e+00,0.000000000000000000e+00,0.000000000000000000e+00,0.000000000000000000e+00,0.000000000000000000e+00,0.000000000000000000e+00,0.000000000000000000e+00,0.000000000000000000e+00,0.000000000000000000e+00,0.000000000000000000e+00,0.000000000000000000e+00,0.000000000000000000e+00,0.000000000000000000e+00,0.000000000000000000e+00,0.000000000000000000e+00,0.000000000000000000e+00,0.000000000000000000e+00,0.000000000000000000e+00,0.000000000000000000e+00,0.000000000000000000e+00,0.000000000000000000e+00,0.000000000000000000e+00,0.000000000000000000e+00,0.000000000000000000e+00,0.000000000000000000e+00,0.000000000000000000e+00,0.000000000000000000e+00,0.000000000000000000e+00,0.000000000000000000e+00,0.000000000000000000e+00,0.000000000000000000e+00,0.000000000000000000e+00,0.000000000000000000e+00,0.000000000000000000e+00,0.000000000000000000e+00,0.000000000000000000e+00,0.000000000000000000e+00,0.000000000000000000e+00,0.000000000000000000e+00,0.000000000000000000e+00,0.000000000000000000e+00,0.000000000000000000e+00,0.000000000000000000e+00,0.000000000000000000e+00,0.000000000000000000e+00,0.000000000000000000e+00,0.000000000000000000e+00,0.000000000000000000e+00,0.000000000000000000e+00,0.000000000000000000e+00,0.000000000000000000e+00,0.000000000000000000e+00,0.000000000000000000e+00,0.000000000000000000e+00,0.000000000000000000e+00,0.000000000000000000e+00,0.000000000000000000e+00,0.000000000000000000e+00,0.000000000000000000e+00,0.000000000000000000e+00,0.000000000000000000e+00,0.000000000000000000e+00,0.000000000000000000e+00,0.000000000000000000e+00,0.000000000000000000e+00,0.000000000000000000e+00,0.000000000000000000e+00,0.000000000000000000e+00,0.000000000000000000e+00,0.000000000000000000e+00,0.000000000000000000e+00,0.000000000000000000e+00,0.000000000000000000e+00,0.000000000000000000e+00,0.000000000000000000e+00,0.000000000000000000e+00,0.000000000000000000e+00,0.000000000000000000e+00,0.000000000000000000e+00,0.000000000000000000e+00,0.000000000000000000e+00,0.000000000000000000e+00,0.000000000000000000e+00,0.000000000000000000e+00,0.000000000000000000e+00,0.000000000000000000e+00,0.000000000000000000e+00,0.000000000000000000e+00,0.000000000000000000e+00,0.000000000000000000e+00,0.000000000000000000e+00,0.000000000000000000e+00,0.000000000000000000e+00,0.000000000000000000e+00,0.000000000000000000e+00,0.000000000000000000e+00,0.000000000000000000e+00,0.000000000000000000e+00,0.000000000000000000e+00,0.000000000000000000e+00,0.000000000000000000e+00,0.000000000000000000e+00,0.000000000000000000e+00,0.000000000000000000e+00,0.000000000000000000e+00,0.000000000000000000e+00,0.000000000000000000e+00,0.000000000000000000e+00,0.000000000000000000e+00,0.000000000000000000e+00,0.000000000000000000e+00,0.000000000000000000e+00,0.000000000000000000e+00,0.000000000000000000e+00,0.000000000000000000e+00,0.000000000000000000e+00,0.000000000000000000e+00,0.000000000000000000e+00,0.000000000000000000e+00,0.000000000000000000e+00,0.000000000000000000e+00,0.000000000000000000e+00,0.000000000000000000e+00,0.000000000000000000e+00,0.000000000000000000e+00,0.000000000000000000e+00,0.000000000000000000e+00,0.000000000000000000e+00,0.000000000000000000e+00,0.000000000000000000e+00,0.000000000000000000e+00,0.000000000000000000e+00,0.000000000000000000e+00,0.000000000000000000e+00,0.000000000000000000e+00,0.000000000000000000e+00,0.000000000000000000e+00,0.000000000000000000e+00,0.000000000000000000e+00,0.000000000000000000e+00,0.000000000000000000e+00,0.000000000000000000e+00,0.000000000000000000e+00,0.000000000000000000e+00,0.000000000000000000e+00,0.000000000000000000e+00,0.000000000000000000e+00,0.000000000000000000e+00,0.000000000000000000e+00,0.000000000000000000e+00,0.000000000000000000e+00,0.000000000000000000e+00,0.000000000000000000e+00,0.000000000000000000e+00,0.000000000000000000e+00,0.000000000000000000e+00,0.000000000000000000e+00,0.000000000000000000e+00,0.000000000000000000e+00,0.000000000000000000e+00,0.000000000000000000e+00,0.000000000000000000e+00,0.000000000000000000e+00,0.000000000000000000e+00,0.000000000000000000e+00,0.000000000000000000e+00,0.000000000000000000e+00,0.000000000000000000e+00,0.000000000000000000e+00,0.000000000000000000e+00,0.000000000000000000e+00,0.000000000000000000e+00,0.000000000000000000e+00,0.000000000000000000e+00,0.000000000000000000e+00,0.000000000000000000e+00,0.000000000000000000e+00,0.000000000000000000e+00,0.000000000000000000e+00,0.000000000000000000e+00,0.000000000000000000e+00,0.000000000000000000e+00,0.000000000000000000e+00,0.000000000000000000e+00,0.000000000000000000e+00,0.000000000000000000e+00,0.000000000000000000e+00,0.000000000000000000e+00,0.000000000000000000e+00,0.000000000000000000e+00,0.000000000000000000e+00,0.000000000000000000e+00,0.000000000000000000e+00,0.000000000000000000e+00,0.000000000000000000e+00,0.000000000000000000e+00,0.000000000000000000e+00,0.000000000000000000e+00,0.000000000000000000e+00,0.000000000000000000e+00,0.000000000000000000e+00,0.000000000000000000e+00,0.000000000000000000e+00,0.000000000000000000e+00,0.000000000000000000e+00,0.000000000000000000e+00,0.000000000000000000e+00,0.000000000000000000e+00,0.000000000000000000e+00,0.000000000000000000e+00,0.000000000000000000e+00,0.000000000000000000e+00,0.000000000000000000e+00,0.000000000000000000e+00,0.000000000000000000e+00,0.000000000000000000e+00,0.000000000000000000e+00,0.000000000000000000e+00,0.000000000000000000e+00,0.000000000000000000e+00,0.000000000000000000e+00,0.000000000000000000e+00,0.000000000000000000e+00,0.000000000000000000e+00,0.000000000000000000e+00,0.000000000000000000e+00,0.000000000000000000e+00,0.000000000000000000e+00,0.000000000000000000e+00,0.000000000000000000e+00,0.000000000000000000e+00,0.000000000000000000e+00,0.000000000000000000e+00,0.000000000000000000e+00,0.000000000000000000e+00,0.000000000000000000e+00,0.000000000000000000e+00,0.000000000000000000e+00,0.000000000000000000e+00,0.000000000000000000e+00,0.000000000000000000e+00,0.000000000000000000e+00,0.000000000000000000e+00,0.000000000000000000e+00,0.000000000000000000e+00,0.000000000000000000e+00,0.000000000000000000e+00,0.000000000000000000e+00,0.000000000000000000e+00,0.000000000000000000e+00,0.000000000000000000e+00,0.000000000000000000e+00,0.000000000000000000e+00,0.000000000000000000e+00
0.000000000000000000e+00,0.000000000000000000e+00,0.000000000000000000e+00,0.000000000000000000e+00,0.000000000000000000e+00,0.000000000000000000e+00,0.000000000000000000e+00,0.000000000000000000e+00,0.000000000000000000e+00,0.000000000000000000e+00,0.000000000000000000e+00,0.000000000000000000e+00,0.000000000000000000e+00,0.000000000000000000e+00,0.000000000000000000e+00,0.000000000000000000e+00,0.000000000000000000e+00,0.000000000000000000e+00,0.000000000000000000e+00,0.000000000000000000e+00,0.000000000000000000e+00,0.000000000000000000e+00,0.000000000000000000e+00,0.000000000000000000e+00,0.000000000000000000e+00,0.000000000000000000e+00,0.000000000000000000e+00,0.000000000000000000e+00,0.000000000000000000e+00,0.000000000000000000e+00,0.000000000000000000e+00,0.000000000000000000e+00,0.000000000000000000e+00,0.000000000000000000e+00,0.000000000000000000e+00,0.000000000000000000e+00,0.000000000000000000e+00,0.000000000000000000e+00,0.000000000000000000e+00,0.000000000000000000e+00,0.000000000000000000e+00,0.000000000000000000e+00,0.000000000000000000e+00,0.000000000000000000e+00,0.000000000000000000e+00,0.000000000000000000e+00,0.000000000000000000e+00,0.000000000000000000e+00,0.000000000000000000e+00,0.000000000000000000e+00,0.000000000000000000e+00,0.000000000000000000e+00,0.000000000000000000e+00,0.000000000000000000e+00,0.000000000000000000e+00,0.000000000000000000e+00,0.000000000000000000e+00,0.000000000000000000e+00,0.000000000000000000e+00,0.000000000000000000e+00,0.000000000000000000e+00,0.000000000000000000e+00,0.000000000000000000e+00,0.000000000000000000e+00,0.000000000000000000e+00,0.000000000000000000e+00,0.000000000000000000e+00,0.000000000000000000e+00,0.000000000000000000e+00,0.000000000000000000e+00,0.000000000000000000e+00,0.000000000000000000e+00,0.000000000000000000e+00,0.000000000000000000e+00,0.000000000000000000e+00,0.000000000000000000e+00,0.000000000000000000e+00,0.000000000000000000e+00,0.000000000000000000e+00,0.000000000000000000e+00,0.000000000000000000e+00,0.000000000000000000e+00,0.000000000000000000e+00,0.000000000000000000e+00,0.000000000000000000e+00,0.000000000000000000e+00,0.000000000000000000e+00,0.000000000000000000e+00,0.000000000000000000e+00,0.000000000000000000e+00,0.000000000000000000e+00,0.000000000000000000e+00,0.000000000000000000e+00,0.000000000000000000e+00,0.000000000000000000e+00,0.000000000000000000e+00,0.000000000000000000e+00,0.000000000000000000e+00,0.000000000000000000e+00,0.000000000000000000e+00,0.000000000000000000e+00,0.000000000000000000e+00,0.000000000000000000e+00,0.000000000000000000e+00,0.000000000000000000e+00,0.000000000000000000e+00,0.000000000000000000e+00,0.000000000000000000e+00,0.000000000000000000e+00,0.000000000000000000e+00,0.000000000000000000e+00,0.000000000000000000e+00,0.000000000000000000e+00,0.000000000000000000e+00,0.000000000000000000e+00,0.000000000000000000e+00,0.000000000000000000e+00,0.000000000000000000e+00,0.000000000000000000e+00,0.000000000000000000e+00,0.000000000000000000e+00,0.000000000000000000e+00,0.000000000000000000e+00,0.000000000000000000e+00,0.000000000000000000e+00,0.000000000000000000e+00,0.000000000000000000e+00,0.000000000000000000e+00,0.000000000000000000e+00,0.000000000000000000e+00,0.000000000000000000e+00,0.000000000000000000e+00,0.000000000000000000e+00,0.000000000000000000e+00,0.000000000000000000e+00,0.000000000000000000e+00,0.000000000000000000e+00,0.000000000000000000e+00,0.000000000000000000e+00,0.000000000000000000e+00,0.000000000000000000e+00,0.000000000000000000e+00,0.000000000000000000e+00,0.000000000000000000e+00,0.000000000000000000e+00,0.000000000000000000e+00,0.000000000000000000e+00,0.000000000000000000e+00,0.000000000000000000e+00,0.000000000000000000e+00,0.000000000000000000e+00,0.000000000000000000e+00,0.000000000000000000e+00,0.000000000000000000e+00,0.000000000000000000e+00,0.000000000000000000e+00,0.000000000000000000e+00,0.000000000000000000e+00,0.000000000000000000e+00,0.000000000000000000e+00,0.000000000000000000e+00,0.000000000000000000e+00,0.000000000000000000e+00,0.000000000000000000e+00,0.000000000000000000e+00,0.000000000000000000e+00,0.000000000000000000e+00,0.000000000000000000e+00,0.000000000000000000e+00,0.000000000000000000e+00,0.000000000000000000e+00,0.000000000000000000e+00,0.000000000000000000e+00,0.000000000000000000e+00,0.000000000000000000e+00,0.000000000000000000e+00,0.000000000000000000e+00,0.000000000000000000e+00,0.000000000000000000e+00,0.000000000000000000e+00,0.000000000000000000e+00,0.000000000000000000e+00,0.000000000000000000e+00,0.000000000000000000e+00,0.000000000000000000e+00,0.000000000000000000e+00,0.000000000000000000e+00,0.000000000000000000e+00,0.000000000000000000e+00,0.000000000000000000e+00,0.000000000000000000e+00,0.000000000000000000e+00,0.000000000000000000e+00,0.000000000000000000e+00,0.000000000000000000e+00,0.000000000000000000e+00,0.000000000000000000e+00,0.000000000000000000e+00,0.000000000000000000e+00,0.000000000000000000e+00,0.000000000000000000e+00,0.000000000000000000e+00,0.000000000000000000e+00,0.000000000000000000e+00,0.000000000000000000e+00,0.000000000000000000e+00,0.000000000000000000e+00,0.000000000000000000e+00,0.000000000000000000e+00,0.000000000000000000e+00,0.000000000000000000e+00,0.000000000000000000e+00,0.000000000000000000e+00,0.000000000000000000e+00,0.000000000000000000e+00,0.000000000000000000e+00,0.000000000000000000e+00,0.000000000000000000e+00,0.000000000000000000e+00,0.000000000000000000e+00,0.000000000000000000e+00,0.000000000000000000e+00,0.000000000000000000e+00,0.000000000000000000e+00,0.000000000000000000e+00,0.000000000000000000e+00,0.000000000000000000e+00,0.000000000000000000e+00,0.000000000000000000e+00,0.000000000000000000e+00,0.000000000000000000e+00,0.000000000000000000e+00,0.000000000000000000e+00,0.000000000000000000e+00,0.000000000000000000e+00,0.000000000000000000e+00,0.000000000000000000e+00,0.000000000000000000e+00,0.000000000000000000e+00,0.000000000000000000e+00,0.000000000000000000e+00,0.000000000000000000e+00,0.000000000000000000e+00,0.000000000000000000e+00,0.000000000000000000e+00,0.000000000000000000e+00,0.000000000000000000e+00,0.000000000000000000e+00,0.000000000000000000e+00,0.000000000000000000e+00,0.000000000000000000e+00,0.000000000000000000e+00,0.000000000000000000e+00,0.000000000000000000e+00,0.000000000000000000e+00,0.000000000000000000e+00,0.000000000000000000e+00,0.000000000000000000e+00,0.000000000000000000e+00,0.000000000000000000e+00,0.000000000000000000e+00,0.000000000000000000e+00,0.000000000000000000e+00,0.000000000000000000e+00,0.000000000000000000e+00,0.000000000000000000e+00,0.000000000000000000e+00,0.000000000000000000e+00,0.000000000000000000e+00,0.000000000000000000e+00,0.000000000000000000e+00,0.000000000000000000e+00,0.000000000000000000e+00,0.000000000000000000e+00,0.000000000000000000e+00,0.000000000000000000e+00,0.000000000000000000e+00,0.000000000000000000e+00,0.000000000000000000e+00,0.000000000000000000e+00,0.000000000000000000e+00,0.000000000000000000e+00,0.000000000000000000e+00,0.000000000000000000e+00,0.000000000000000000e+00,0.000000000000000000e+00,0.000000000000000000e+00,0.000000000000000000e+00,0.000000000000000000e+00,0.000000000000000000e+00,0.000000000000000000e+00,0.000000000000000000e+00,0.000000000000000000e+00,0.000000000000000000e+00,0.000000000000000000e+00,0.000000000000000000e+00,0.000000000000000000e+00,0.000000000000000000e+00,0.000000000000000000e+00,0.000000000000000000e+00,0.000000000000000000e+00,0.000000000000000000e+00,0.000000000000000000e+00,0.000000000000000000e+00,0.000000000000000000e+00,0.000000000000000000e+00,0.000000000000000000e+00,0.000000000000000000e+00,0.000000000000000000e+00,0.000000000000000000e+00,0.000000000000000000e+00,0.000000000000000000e+00,0.000000000000000000e+00,0.000000000000000000e+00,0.000000000000000000e+00,0.000000000000000000e+00,0.000000000000000000e+00,0.000000000000000000e+00,0.000000000000000000e+00,0.000000000000000000e+00,0.000000000000000000e+00,0.000000000000000000e+00,0.000000000000000000e+00,0.000000000000000000e+00,0.000000000000000000e+00,0.000000000000000000e+00,0.000000000000000000e+00,0.000000000000000000e+00,0.000000000000000000e+00,0.000000000000000000e+00,0.000000000000000000e+00,0.000000000000000000e+00,0.000000000000000000e+00,0.000000000000000000e+00,0.000000000000000000e+00,0.000000000000000000e+00,0.000000000000000000e+00,0.000000000000000000e+00,0.000000000000000000e+00,0.000000000000000000e+00
0.000000000000000000e+00,0.000000000000000000e+00,0.000000000000000000e+00,0.000000000000000000e+00,0.000000000000000000e+00,0.000000000000000000e+00,0.000000000000000000e+00,0.000000000000000000e+00,0.000000000000000000e+00,0.000000000000000000e+00,0.000000000000000000e+00,0.000000000000000000e+00,0.000000000000000000e+00,0.000000000000000000e+00,0.000000000000000000e+00,0.000000000000000000e+00,0.000000000000000000e+00,0.000000000000000000e+00,0.000000000000000000e+00,0.000000000000000000e+00,0.000000000000000000e+00,0.000000000000000000e+00,0.000000000000000000e+00,0.000000000000000000e+00,0.000000000000000000e+00,0.000000000000000000e+00,0.000000000000000000e+00,0.000000000000000000e+00,0.000000000000000000e+00,0.000000000000000000e+00,0.000000000000000000e+00,0.000000000000000000e+00,0.000000000000000000e+00,0.000000000000000000e+00,0.000000000000000000e+00,0.000000000000000000e+00,0.000000000000000000e+00,0.000000000000000000e+00,0.000000000000000000e+00,0.000000000000000000e+00,0.000000000000000000e+00,0.000000000000000000e+00,0.000000000000000000e+00,0.000000000000000000e+00,0.000000000000000000e+00,0.000000000000000000e+00,0.000000000000000000e+00,0.000000000000000000e+00,0.000000000000000000e+00,0.000000000000000000e+00,0.000000000000000000e+00,0.000000000000000000e+00,0.000000000000000000e+00,0.000000000000000000e+00,0.000000000000000000e+00,0.000000000000000000e+00,0.000000000000000000e+00,0.000000000000000000e+00,0.000000000000000000e+00,0.000000000000000000e+00,0.000000000000000000e+00,0.000000000000000000e+00,0.000000000000000000e+00,0.000000000000000000e+00,0.000000000000000000e+00,0.000000000000000000e+00,0.000000000000000000e+00,0.000000000000000000e+00,0.000000000000000000e+00,0.000000000000000000e+00,0.000000000000000000e+00,0.000000000000000000e+00,0.000000000000000000e+00,0.000000000000000000e+00,0.000000000000000000e+00,0.000000000000000000e+00,0.000000000000000000e+00,0.000000000000000000e+00,0.000000000000000000e+00,0.000000000000000000e+00,0.000000000000000000e+00,0.000000000000000000e+00,0.000000000000000000e+00,0.000000000000000000e+00,0.000000000000000000e+00,0.000000000000000000e+00,0.000000000000000000e+00,0.000000000000000000e+00,0.000000000000000000e+00,0.000000000000000000e+00,0.000000000000000000e+00,0.000000000000000000e+00,0.000000000000000000e+00,0.000000000000000000e+00,0.000000000000000000e+00,0.000000000000000000e+00,0.000000000000000000e+00,0.000000000000000000e+00,0.000000000000000000e+00,0.000000000000000000e+00,0.000000000000000000e+00,0.000000000000000000e+00,0.000000000000000000e+00,0.000000000000000000e+00,0.000000000000000000e+00,0.000000000000000000e+00,0.000000000000000000e+00,0.000000000000000000e+00,0.000000000000000000e+00,0.000000000000000000e+00,0.000000000000000000e+00,0.000000000000000000e+00,0.000000000000000000e+00,0.000000000000000000e+00,0.000000000000000000e+00,0.000000000000000000e+00,0.000000000000000000e+00,0.000000000000000000e+00,0.000000000000000000e+00,0.000000000000000000e+00,0.000000000000000000e+00,0.000000000000000000e+00,0.000000000000000000e+00,0.000000000000000000e+00,0.000000000000000000e+00,0.000000000000000000e+00,0.000000000000000000e+00,0.000000000000000000e+00,0.000000000000000000e+00,0.000000000000000000e+00,0.000000000000000000e+00,0.000000000000000000e+00,0.000000000000000000e+00,0.000000000000000000e+00,0.000000000000000000e+00,0.000000000000000000e+00,0.000000000000000000e+00,0.000000000000000000e+00,0.000000000000000000e+00,0.000000000000000000e+00,0.000000000000000000e+00,0.000000000000000000e+00,0.000000000000000000e+00,0.000000000000000000e+00,0.000000000000000000e+00,0.000000000000000000e+00,0.000000000000000000e+00,0.000000000000000000e+00,0.000000000000000000e+00,0.000000000000000000e+00,0.000000000000000000e+00,0.000000000000000000e+00,0.000000000000000000e+00,0.000000000000000000e+00,0.000000000000000000e+00,0.000000000000000000e+00,0.000000000000000000e+00,0.000000000000000000e+00,0.000000000000000000e+00,0.000000000000000000e+00,0.000000000000000000e+00,0.000000000000000000e+00,0.000000000000000000e+00,0.000000000000000000e+00,0.000000000000000000e+00,0.000000000000000000e+00,0.000000000000000000e+00,0.000000000000000000e+00,0.000000000000000000e+00,0.000000000000000000e+00,0.000000000000000000e+00,0.000000000000000000e+00,0.000000000000000000e+00,0.000000000000000000e+00,0.000000000000000000e+00,0.000000000000000000e+00,0.000000000000000000e+00,0.000000000000000000e+00,0.000000000000000000e+00,0.000000000000000000e+00,0.000000000000000000e+00,0.000000000000000000e+00,0.000000000000000000e+00,0.000000000000000000e+00,0.000000000000000000e+00,0.000000000000000000e+00,0.000000000000000000e+00,0.000000000000000000e+00,0.000000000000000000e+00,0.000000000000000000e+00,0.000000000000000000e+00,0.000000000000000000e+00,0.000000000000000000e+00,0.000000000000000000e+00,0.000000000000000000e+00,0.000000000000000000e+00,0.000000000000000000e+00,0.000000000000000000e+00,0.000000000000000000e+00,0.000000000000000000e+00,0.000000000000000000e+00,0.000000000000000000e+00,0.000000000000000000e+00,0.000000000000000000e+00,0.000000000000000000e+00,0.000000000000000000e+00,0.000000000000000000e+00,0.000000000000000000e+00,0.000000000000000000e+00,0.000000000000000000e+00,0.000000000000000000e+00,0.000000000000000000e+00,0.000000000000000000e+00,0.000000000000000000e+00,0.000000000000000000e+00,0.000000000000000000e+00,0.000000000000000000e+00,0.000000000000000000e+00,0.000000000000000000e+00,0.000000000000000000e+00,0.000000000000000000e+00,0.000000000000000000e+00,0.000000000000000000e+00,0.000000000000000000e+00,0.000000000000000000e+00,0.000000000000000000e+00,0.000000000000000000e+00,0.000000000000000000e+00,0.000000000000000000e+00,0.000000000000000000e+00,0.000000000000000000e+00,0.000000000000000000e+00,0.000000000000000000e+00,0.000000000000000000e+00,0.000000000000000000e+00,0.000000000000000000e+00,0.000000000000000000e+00,0.000000000000000000e+00,0.000000000000000000e+00,0.000000000000000000e+00,0.000000000000000000e+00,0.000000000000000000e+00,0.000000000000000000e+00,0.000000000000000000e+00,0.000000000000000000e+00,0.000000000000000000e+00,0.000000000000000000e+00,0.000000000000000000e+00,0.000000000000000000e+00,0.000000000000000000e+00,0.000000000000000000e+00,0.000000000000000000e+00,0.000000000000000000e+00,0.000000000000000000e+00,0.000000000000000000e+00,0.000000000000000000e+00,0.000000000000000000e+00,0.000000000000000000e+00,0.000000000000000000e+00,0.000000000000000000e+00,0.000000000000000000e+00,0.000000000000000000e+00,0.000000000000000000e+00,0.000000000000000000e+00,0.000000000000000000e+00,0.000000000000000000e+00,0.000000000000000000e+00,0.000000000000000000e+00,0.000000000000000000e+00,0.000000000000000000e+00,0.000000000000000000e+00,0.000000000000000000e+00,0.000000000000000000e+00,0.000000000000000000e+00,0.000000000000000000e+00,0.000000000000000000e+00,0.000000000000000000e+00,0.000000000000000000e+00,0.000000000000000000e+00,0.000000000000000000e+00,0.000000000000000000e+00,0.000000000000000000e+00,0.000000000000000000e+00,0.000000000000000000e+00,0.000000000000000000e+00,0.000000000000000000e+00,0.000000000000000000e+00,0.000000000000000000e+00,0.000000000000000000e+00,0.000000000000000000e+00,0.000000000000000000e+00,0.000000000000000000e+00,0.000000000000000000e+00,0.000000000000000000e+00,0.000000000000000000e+00,0.000000000000000000e+00,0.000000000000000000e+00,0.000000000000000000e+00,0.000000000000000000e+00,0.000000000000000000e+00,0.000000000000000000e+00,0.000000000000000000e+00,0.000000000000000000e+00,0.000000000000000000e+00,0.000000000000000000e+00,0.000000000000000000e+00,0.000000000000000000e+00,0.000000000000000000e+00,0.000000000000000000e+00,0.000000000000000000e+00,0.000000000000000000e+00,0.000000000000000000e+00,0.000000000000000000e+00,0.000000000000000000e+00,0.000000000000000000e+00,0.000000000000000000e+00,0.000000000000000000e+00,0.000000000000000000e+00,0.000000000000000000e+00,0.000000000000000000e+00,0.000000000000000000e+00,0.000000000000000000e+00,0.000000000000000000e+00,0.000000000000000000e+00,0.000000000000000000e+00,0.000000000000000000e+00,0.000000000000000000e+00,0.000000000000000000e+00,0.000000000000000000e+00,0.000000000000000000e+00,0.000000000000000000e+00,0.000000000000000000e+00,0.000000000000000000e+00,0.000000000000000000e+00,0.000000000000000000e+00,0.000000000000000000e+00,0.000000000000000000e+00,0.000000000000000000e+00,0.000000000000000000e+00,0.000000000000000000e+00
0.000000000000000000e+00,0.000000000000000000e+00,0.000000000000000000e+00,0.000000000000000000e+00,0.000000000000000000e+00,0.000000000000000000e+00,0.000000000000000000e+00,0.000000000000000000e+00,0.000000000000000000e+00,0.000000000000000000e+00,0.000000000000000000e+00,0.000000000000000000e+00,0.000000000000000000e+00,0.000000000000000000e+00,0.000000000000000000e+00,0.000000000000000000e+00,0.000000000000000000e+00,0.000000000000000000e+00,0.000000000000000000e+00,0.000000000000000000e+00,0.000000000000000000e+00,0.000000000000000000e+00,0.000000000000000000e+00,0.000000000000000000e+00,0.000000000000000000e+00,0.000000000000000000e+00,0.000000000000000000e+00,0.000000000000000000e+00,0.000000000000000000e+00,0.000000000000000000e+00,0.000000000000000000e+00,0.000000000000000000e+00,0.000000000000000000e+00,0.000000000000000000e+00,0.000000000000000000e+00,0.000000000000000000e+00,0.000000000000000000e+00,0.000000000000000000e+00,0.000000000000000000e+00,0.000000000000000000e+00,0.000000000000000000e+00,0.000000000000000000e+00,0.000000000000000000e+00,0.000000000000000000e+00,0.000000000000000000e+00,0.000000000000000000e+00,0.000000000000000000e+00,0.000000000000000000e+00,0.000000000000000000e+00,0.000000000000000000e+00,0.000000000000000000e+00,0.000000000000000000e+00,0.000000000000000000e+00,0.000000000000000000e+00,0.000000000000000000e+00,0.000000000000000000e+00,0.000000000000000000e+00,0.000000000000000000e+00,0.000000000000000000e+00,0.000000000000000000e+00,0.000000000000000000e+00,0.000000000000000000e+00,0.000000000000000000e+00,0.000000000000000000e+00,0.000000000000000000e+00,0.000000000000000000e+00,0.000000000000000000e+00,0.000000000000000000e+00,0.000000000000000000e+00,0.000000000000000000e+00,0.000000000000000000e+00,0.000000000000000000e+00,0.000000000000000000e+00,0.000000000000000000e+00,0.000000000000000000e+00,0.000000000000000000e+00,0.000000000000000000e+00,0.000000000000000000e+00,0.000000000000000000e+00,0.000000000000000000e+00,0.000000000000000000e+00,0.000000000000000000e+00,0.000000000000000000e+00,0.000000000000000000e+00,0.000000000000000000e+00,0.000000000000000000e+00,0.000000000000000000e+00,0.000000000000000000e+00,0.000000000000000000e+00,0.000000000000000000e+00,0.000000000000000000e+00,0.000000000000000000e+00,0.000000000000000000e+00,0.000000000000000000e+00,0.000000000000000000e+00,0.000000000000000000e+00,0.000000000000000000e+00,0.000000000000000000e+00,0.000000000000000000e+00,0.000000000000000000e+00,0.000000000000000000e+00,0.000000000000000000e+00,0.000000000000000000e+00,0.000000000000000000e+00,0.000000000000000000e+00,0.000000000000000000e+00,0.000000000000000000e+00,0.000000000000000000e+00,0.000000000000000000e+00,0.000000000000000000e+00,0.000000000000000000e+00,0.000000000000000000e+00,0.000000000000000000e+00,0.000000000000000000e+00,0.000000000000000000e+00,0.000000000000000000e+00,0.000000000000000000e+00,0.000000000000000000e+00,0.000000000000000000e+00,0.000000000000000000e+00,0.000000000000000000e+00,0.000000000000000000e+00,0.000000000000000000e+00,0.000000000000000000e+00,0.000000000000000000e+00,0.000000000000000000e+00,0.000000000000000000e+00,0.000000000000000000e+00,0.000000000000000000e+00,0.000000000000000000e+00,0.000000000000000000e+00,0.000000000000000000e+00,0.000000000000000000e+00,0.000000000000000000e+00,0.000000000000000000e+00,0.000000000000000000e+00,0.000000000000000000e+00,0.000000000000000000e+00,0.000000000000000000e+00,0.000000000000000000e+00,0.000000000000000000e+00,0.000000000000000000e+00,0.000000000000000000e+00,0.000000000000000000e+00,0.000000000000000000e+00,0.000000000000000000e+00,0.000000000000000000e+00,0.000000000000000000e+00,0.000000000000000000e+00,0.000000000000000000e+00,0.000000000000000000e+00,0.000000000000000000e+00,0.000000000000000000e+00,0.000000000000000000e+00,0.000000000000000000e+00,0.000000000000000000e+00,0.000000000000000000e+00,0.000000000000000000e+00,0.000000000000000000e+00,0.000000000000000000e+00,0.000000000000000000e+00,0.000000000000000000e+00,0.000000000000000000e+00,0.000000000000000000e+00,0.000000000000000000e+00,0.000000000000000000e+00,0.000000000000000000e+00,0.000000000000000000e+00,0.000000000000000000e+00,0.000000000000000000e+00,0.000000000000000000e+00,0.000000000000000000e+00,0.000000000000000000e+00,0.000000000000000000e+00,0.000000000000000000e+00,0.000000000000000000e+00,0.000000000000000000e+00,0.000000000000000000e+00,0.000000000000000000e+00,0.000000000000000000e+00,0.000000000000000000e+00,0.000000000000000000e+00,0.000000000000000000e+00,0.000000000000000000e+00,0.000000000000000000e+00,0.000000000000000000e+00,0.000000000000000000e+00,0.000000000000000000e+00,0.000000000000000000e+00,0.000000000000000000e+00,0.000000000000000000e+00,0.000000000000000000e+00,0.000000000000000000e+00,0.000000000000000000e+00,0.000000000000000000e+00,0.000000000000000000e+00,0.000000000000000000e+00,0.000000000000000000e+00,0.000000000000000000e+00,0.000000000000000000e+00,0.000000000000000000e+00,0.000000000000000000e+00,0.000000000000000000e+00,0.000000000000000000e+00,0.000000000000000000e+00,0.000000000000000000e+00,0.000000000000000000e+00,0.000000000000000000e+00,0.000000000000000000e+00,0.000000000000000000e+00,0.000000000000000000e+00,0.000000000000000000e+00,0.000000000000000000e+00,0.000000000000000000e+00,0.000000000000000000e+00,0.000000000000000000e+00,0.000000000000000000e+00,0.000000000000000000e+00,0.000000000000000000e+00,0.000000000000000000e+00,0.000000000000000000e+00,0.000000000000000000e+00,0.000000000000000000e+00,0.000000000000000000e+00,0.000000000000000000e+00,0.000000000000000000e+00,0.000000000000000000e+00,0.000000000000000000e+00,0.000000000000000000e+00,0.000000000000000000e+00,0.000000000000000000e+00,0.000000000000000000e+00,0.000000000000000000e+00,0.000000000000000000e+00,0.000000000000000000e+00,0.000000000000000000e+00,0.000000000000000000e+00,0.000000000000000000e+00,0.000000000000000000e+00,0.000000000000000000e+00,0.000000000000000000e+00,0.000000000000000000e+00,0.000000000000000000e+00,0.000000000000000000e+00,0.000000000000000000e+00,0.000000000000000000e+00,0.000000000000000000e+00,0.000000000000000000e+00,0.000000000000000000e+00,0.000000000000000000e+00,0.000000000000000000e+00,0.000000000000000000e+00,0.000000000000000000e+00,0.000000000000000000e+00,0.000000000000000000e+00,0.000000000000000000e+00,0.000000000000000000e+00,0.000000000000000000e+00,0.000000000000000000e+00,0.000000000000000000e+00,0.000000000000000000e+00,0.000000000000000000e+00,0.000000000000000000e+00,0.000000000000000000e+00,0.000000000000000000e+00,0.000000000000000000e+00,0.000000000000000000e+00,0.000000000000000000e+00,0.000000000000000000e+00,0.000000000000000000e+00,0.000000000000000000e+00,0.000000000000000000e+00,0.000000000000000000e+00,0.000000000000000000e+00,0.000000000000000000e+00,0.000000000000000000e+00,0.000000000000000000e+00,0.000000000000000000e+00,0.000000000000000000e+00,0.000000000000000000e+00,0.000000000000000000e+00,0.000000000000000000e+00,0.000000000000000000e+00,0.000000000000000000e+00,0.000000000000000000e+00,0.000000000000000000e+00,0.000000000000000000e+00,0.000000000000000000e+00,0.000000000000000000e+00,0.000000000000000000e+00,0.000000000000000000e+00,0.000000000000000000e+00,0.000000000000000000e+00,0.000000000000000000e+00,0.000000000000000000e+00,0.000000000000000000e+00,0.000000000000000000e+00,0.000000000000000000e+00,0.000000000000000000e+00,0.000000000000000000e+00,0.000000000000000000e+00,0.000000000000000000e+00,0.000000000000000000e+00,0.000000000000000000e+00,0.000000000000000000e+00,0.000000000000000000e+00,0.000000000000000000e+00,0.000000000000000000e+00,0.000000000000000000e+00,0.000000000000000000e+00,0.000000000000000000e+00,0.000000000000000000e+00,0.000000000000000000e+00,0.000000000000000000e+00,0.000000000000000000e+00,0.000000000000000000e+00,0.000000000000000000e+00,0.000000000000000000e+00,0.000000000000000000e+00,0.000000000000000000e+00,0.000000000000000000e+00,0.000000000000000000e+00,0.000000000000000000e+00,0.000000000000000000e+00,0.000000000000000000e+00,0.000000000000000000e+00,0.000000000000000000e+00,0.000000000000000000e+00,0.000000000000000000e+00,0.000000000000000000e+00,0.000000000000000000e+00,0.000000000000000000e+00,0.000000000000000000e+00,0.000000000000000000e+00,0.000000000000000000e+00,0.000000000000000000e+00,0.000000000000000000e+00,0.000000000000000000e+00,0.000000000000000000e+00,0.000000000000000000e+00
0.000000000000000000e+00,0.000000000000000000e+00,0.000000000000000000e+00,0.000000000000000000e+00,0.000000000000000000e+00,0.000000000000000000e+00,0.000000000000000000e+00,0.000000000000000000e+00,0.000000000000000000e+00,0.000000000000000000e+00,0.000000000000000000e+00,0.000000000000000000e+00,0.000000000000000000e+00,0.000000000000000000e+00,0.000000000000000000e+00,0.000000000000000000e+00,0.000000000000000000e+00,0.000000000000000000e+00,0.000000000000000000e+00,0.000000000000000000e+00,0.000000000000000000e+00,0.000000000000000000e+00,0.000000000000000000e+00,0.000000000000000000e+00,0.000000000000000000e+00,0.000000000000000000e+00,0.000000000000000000e+00,0.000000000000000000e+00,0.000000000000000000e+00,0.000000000000000000e+00,0.000000000000000000e+00,0.000000000000000000e+00,0.000000000000000000e+00,0.000000000000000000e+00,0.000000000000000000e+00,0.000000000000000000e+00,0.000000000000000000e+00,0.000000000000000000e+00,0.000000000000000000e+00,0.000000000000000000e+00,0.000000000000000000e+00,0.000000000000000000e+00,0.000000000000000000e+00,0.000000000000000000e+00,0.000000000000000000e+00,0.000000000000000000e+00,0.000000000000000000e+00,0.000000000000000000e+00,0.000000000000000000e+00,0.000000000000000000e+00,0.000000000000000000e+00,0.000000000000000000e+00,0.000000000000000000e+00,0.000000000000000000e+00,0.000000000000000000e+00,0.000000000000000000e+00,0.000000000000000000e+00,0.000000000000000000e+00,0.000000000000000000e+00,0.000000000000000000e+00,0.000000000000000000e+00,0.000000000000000000e+00,0.000000000000000000e+00,0.000000000000000000e+00,0.000000000000000000e+00,0.000000000000000000e+00,0.000000000000000000e+00,0.000000000000000000e+00,0.000000000000000000e+00,0.000000000000000000e+00,0.000000000000000000e+00,0.000000000000000000e+00,0.000000000000000000e+00,0.000000000000000000e+00,0.000000000000000000e+00,0.000000000000000000e+00,0.000000000000000000e+00,0.000000000000000000e+00,0.000000000000000000e+00,0.000000000000000000e+00,0.000000000000000000e+00,0.000000000000000000e+00,0.000000000000000000e+00,0.000000000000000000e+00,0.000000000000000000e+00,0.000000000000000000e+00,0.000000000000000000e+00,0.000000000000000000e+00,0.000000000000000000e+00,0.000000000000000000e+00,0.000000000000000000e+00,0.000000000000000000e+00,0.000000000000000000e+00,0.000000000000000000e+00,0.000000000000000000e+00,0.000000000000000000e+00,0.000000000000000000e+00,0.000000000000000000e+00,0.000000000000000000e+00,0.000000000000000000e+00,0.000000000000000000e+00,0.000000000000000000e+00,0.000000000000000000e+00,0.000000000000000000e+00,0.000000000000000000e+00,0.000000000000000000e+00,0.000000000000000000e+00,0.000000000000000000e+00,0.000000000000000000e+00,0.000000000000000000e+00,0.000000000000000000e+00,0.000000000000000000e+00,0.000000000000000000e+00,0.000000000000000000e+00,0.000000000000000000e+00,0.000000000000000000e+00,0.000000000000000000e+00,0.000000000000000000e+00,0.000000000000000000e+00,0.000000000000000000e+00,0.000000000000000000e+00,0.000000000000000000e+00,0.000000000000000000e+00,0.000000000000000000e+00,0.000000000000000000e+00,0.000000000000000000e+00,0.000000000000000000e+00,0.000000000000000000e+00,0.000000000000000000e+00,0.000000000000000000e+00,0.000000000000000000e+00,0.000000000000000000e+00,0.000000000000000000e+00,0.000000000000000000e+00,0.000000000000000000e+00,0.000000000000000000e+00,0.000000000000000000e+00,0.000000000000000000e+00,0.000000000000000000e+00,0.000000000000000000e+00,0.000000000000000000e+00,0.000000000000000000e+00,0.000000000000000000e+00,0.000000000000000000e+00,0.000000000000000000e+00,0.000000000000000000e+00,0.000000000000000000e+00,0.000000000000000000e+00,0.000000000000000000e+00,0.000000000000000000e+00,0.000000000000000000e+00,0.000000000000000000e+00,0.000000000000000000e+00,0.000000000000000000e+00,0.000000000000000000e+00,0.000000000000000000e+00,0.000000000000000000e+00,0.000000000000000000e+00,0.000000000000000000e+00,0.000000000000000000e+00,0.000000000000000000e+00,0.000000000000000000e+00,0.000000000000000000e+00,0.000000000000000000e+00,0.000000000000000000e+00,0.000000000000000000e+00,0.000000000000000000e+00,0.000000000000000000e+00,0.000000000000000000e+00,0.000000000000000000e+00,0.000000000000000000e+00,0.000000000000000000e+00,0.000000000000000000e+00,0.000000000000000000e+00,0.000000000000000000e+00,0.000000000000000000e+00,0.000000000000000000e+00,0.000000000000000000e+00,0.000000000000000000e+00,0.000000000000000000e+00,0.000000000000000000e+00,0.000000000000000000e+00,0.000000000000000000e+00,0.000000000000000000e+00,0.000000000000000000e+00,0.000000000000000000e+00,0.000000000000000000e+00,0.000000000000000000e+00,0.000000000000000000e+00,0.000000000000000000e+00,0.000000000000000000e+00,0.000000000000000000e+00,0.000000000000000000e+00,0.000000000000000000e+00,0.000000000000000000e+00,0.000000000000000000e+00,0.000000000000000000e+00,0.000000000000000000e+00,0.000000000000000000e+00,0.000000000000000000e+00,0.000000000000000000e+00,0.000000000000000000e+00,0.000000000000000000e+00,0.000000000000000000e+00,0.000000000000000000e+00,0.000000000000000000e+00,0.000000000000000000e+00,0.000000000000000000e+00,0.000000000000000000e+00,0.000000000000000000e+00,0.000000000000000000e+00,0.000000000000000000e+00,0.000000000000000000e+00,0.000000000000000000e+00,0.000000000000000000e+00,0.000000000000000000e+00,0.000000000000000000e+00,0.000000000000000000e+00,0.000000000000000000e+00,0.000000000000000000e+00,0.000000000000000000e+00,0.000000000000000000e+00,0.000000000000000000e+00,0.000000000000000000e+00,0.000000000000000000e+00,0.000000000000000000e+00,0.000000000000000000e+00,0.000000000000000000e+00,0.000000000000000000e+00,0.000000000000000000e+00,0.000000000000000000e+00,0.000000000000000000e+00,0.000000000000000000e+00,0.000000000000000000e+00,0.000000000000000000e+00,0.000000000000000000e+00,0.000000000000000000e+00,0.000000000000000000e+00,0.000000000000000000e+00,0.000000000000000000e+00,0.000000000000000000e+00,0.000000000000000000e+00,0.000000000000000000e+00,0.000000000000000000e+00,0.000000000000000000e+00,0.000000000000000000e+00,0.000000000000000000e+00,0.000000000000000000e+00,0.000000000000000000e+00,0.000000000000000000e+00,0.000000000000000000e+00,0.000000000000000000e+00,0.000000000000000000e+00,0.000000000000000000e+00,0.000000000000000000e+00,0.000000000000000000e+00,0.000000000000000000e+00,0.000000000000000000e+00,0.000000000000000000e+00,0.000000000000000000e+00,0.000000000000000000e+00,0.000000000000000000e+00,0.000000000000000000e+00,0.000000000000000000e+00,0.000000000000000000e+00,0.000000000000000000e+00,0.000000000000000000e+00,0.000000000000000000e+00,0.000000000000000000e+00,0.000000000000000000e+00,0.000000000000000000e+00,0.000000000000000000e+00,0.000000000000000000e+00,0.000000000000000000e+00,0.000000000000000000e+00,0.000000000000000000e+00,0.000000000000000000e+00,0.000000000000000000e+00,0.000000000000000000e+00,0.000000000000000000e+00,0.000000000000000000e+00,0.000000000000000000e+00,0.000000000000000000e+00,0.000000000000000000e+00,0.000000000000000000e+00,0.000000000000000000e+00,0.000000000000000000e+00,0.000000000000000000e+00,0.000000000000000000e+00,0.000000000000000000e+00,0.000000000000000000e+00,0.000000000000000000e+00,0.000000000000000000e+00,0.000000000000000000e+00,0.000000000000000000e+00,0.000000000000000000e+00,0.000000000000000000e+00,0.000000000000000000e+00,0.000000000000000000e+00,0.000000000000000000e+00,0.000000000000000000e+00,0.000000000000000000e+00,0.000000000000000000e+00,0.000000000000000000e+00,0.000000000000000000e+00,0.000000000000000000e+00,0.000000000000000000e+00,0.000000000000000000e+00,0.000000000000000000e+00,0.000000000000000000e+00,0.000000000000000000e+00,0.000000000000000000e+00,0.000000000000000000e+00,0.000000000000000000e+00,0.000000000000000000e+00,0.000000000000000000e+00,0.000000000000000000e+00,0.000000000000000000e+00,0.000000000000000000e+00,0.000000000000000000e+00,0.000000000000000000e+00,0.000000000000000000e+00,0.000000000000000000e+00,0.000000000000000000e+00,0.000000000000000000e+00,0.000000000000000000e+00,0.000000000000000000e+00,0.000000000000000000e+00,0.000000000000000000e+00,0.000000000000000000e+00,0.000000000000000000e+00,0.000000000000000000e+00,0.000000000000000000e+00,0.000000000000000000e+00,0.000000000000000000e+00,0.000000000000000000e+00,0.000000000000000000e+00,0.000000000000000000e+00,0.000000000000000000e+00,0.000000000000000000e+00
0.000000000000000000e+00,0.000000000000000000e+00,0.000000000000000000e+00,0.000000000000000000e+00,0.000000000000000000e+00,0.000000000000000000e+00,0.000000000000000000e+00,0.000000000000000000e+00,0.000000000000000000e+00,0.000000000000000000e+00,0.000000000000000000e+00,0.000000000000000000e+00,0.000000000000000000e+00,0.000000000000000000e+00,0.000000000000000000e+00,0.000000000000000000e+00,0.000000000000000000e+00,0.000000000000000000e+00,0.000000000000000000e+00,0.000000000000000000e+00,0.000000000000000000e+00,0.000000000000000000e+00,0.000000000000000000e+00,0.000000000000000000e+00,0.000000000000000000e+00,0.000000000000000000e+00,0.000000000000000000e+00,0.000000000000000000e+00,0.000000000000000000e+00,0.000000000000000000e+00,0.000000000000000000e+00,0.000000000000000000e+00,0.000000000000000000e+00,0.000000000000000000e+00,0.000000000000000000e+00,0.000000000000000000e+00,0.000000000000000000e+00,0.000000000000000000e+00,0.000000000000000000e+00,0.000000000000000000e+00,0.000000000000000000e+00,0.000000000000000000e+00,0.000000000000000000e+00,0.000000000000000000e+00,0.000000000000000000e+00,0.000000000000000000e+00,0.000000000000000000e+00,0.000000000000000000e+00,0.000000000000000000e+00,0.000000000000000000e+00,0.000000000000000000e+00,0.000000000000000000e+00,0.000000000000000000e+00,0.000000000000000000e+00,0.000000000000000000e+00,0.000000000000000000e+00,0.000000000000000000e+00,0.000000000000000000e+00,0.000000000000000000e+00,0.000000000000000000e+00,0.000000000000000000e+00,0.000000000000000000e+00,0.000000000000000000e+00,0.000000000000000000e+00,0.000000000000000000e+00,0.000000000000000000e+00,0.000000000000000000e+00,0.000000000000000000e+00,0.000000000000000000e+00,0.000000000000000000e+00,0.000000000000000000e+00,0.000000000000000000e+00,0.000000000000000000e+00,0.000000000000000000e+00,0.000000000000000000e+00,0.000000000000000000e+00,0.000000000000000000e+00,0.000000000000000000e+00,0.000000000000000000e+00,0.000000000000000000e+00,0.000000000000000000e+00,0.000000000000000000e+00,0.000000000000000000e+00,0.000000000000000000e+00,0.000000000000000000e+00,0.000000000000000000e+00,0.000000000000000000e+00,0.000000000000000000e+00,0.000000000000000000e+00,0.000000000000000000e+00,0.000000000000000000e+00,0.000000000000000000e+00,0.000000000000000000e+00,0.000000000000000000e+00,0.000000000000000000e+00,0.000000000000000000e+00,0.000000000000000000e+00,0.000000000000000000e+00,0.000000000000000000e+00,0.000000000000000000e+00,0.000000000000000000e+00,0.000000000000000000e+00,0.000000000000000000e+00,0.000000000000000000e+00,0.000000000000000000e+00,0.000000000000000000e+00,0.000000000000000000e+00,0.000000000000000000e+00,0.000000000000000000e+00,0.000000000000000000e+00,0.000000000000000000e+00,0.000000000000000000e+00,0.000000000000000000e+00,0.000000000000000000e+00,0.000000000000000000e+00,0.000000000000000000e+00,0.000000000000000000e+00,0.000000000000000000e+00,0.000000000000000000e+00,0.000000000000000000e+00,0.000000000000000000e+00,0.000000000000000000e+00,0.000000000000000000e+00,0.000000000000000000e+00,0.000000000000000000e+00,0.000000000000000000e+00,0.000000000000000000e+00,0.000000000000000000e+00,0.000000000000000000e+00,0.000000000000000000e+00,0.000000000000000000e+00,0.000000000000000000e+00,0.000000000000000000e+00,0.000000000000000000e+00,0.000000000000000000e+00,0.000000000000000000e+00,0.000000000000000000e+00,0.000000000000000000e+00,0.000000000000000000e+00,0.000000000000000000e+00,0.000000000000000000e+00,0.000000000000000000e+00,0.000000000000000000e+00,0.000000000000000000e+00,0.000000000000000000e+00,0.000000000000000000e+00,0.000000000000000000e+00,0.000000000000000000e+00,0.000000000000000000e+00,0.000000000000000000e+00,0.000000000000000000e+00,0.000000000000000000e+00,0.000000000000000000e+00,0.000000000000000000e+00,0.000000000000000000e+00,0.000000000000000000e+00,0.000000000000000000e+00,0.000000000000000000e+00,0.000000000000000000e+00,0.000000000000000000e+00,0.000000000000000000e+00,0.000000000000000000e+00,0.000000000000000000e+00,0.000000000000000000e+00,0.000000000000000000e+00,0.000000000000000000e+00,0.000000000000000000e+00,0.000000000000000000e+00,0.000000000000000000e+00,0.000000000000000000e+00,0.000000000000000000e+00,0.000000000000000000e+00,0.000000000000000000e+00,0.000000000000000000e+00,0.000000000000000000e+00,0.000000000000000000e+00,0.000000000000000000e+00,0.000000000000000000e+00,0.000000000000000000e+00,0.000000000000000000e+00,0.000000000000000000e+00,0.000000000000000000e+00,0.000000000000000000e+00,0.000000000000000000e+00,0.000000000000000000e+00,0.000000000000000000e+00,0.000000000000000000e+00,0.000000000000000000e+00,0.000000000000000000e+00,0.000000000000000000e+00,0.000000000000000000e+00,0.000000000000000000e+00,0.000000000000000000e+00,0.000000000000000000e+00,0.000000000000000000e+00,0.000000000000000000e+00,0.000000000000000000e+00,0.000000000000000000e+00,0.000000000000000000e+00,0.000000000000000000e+00,0.000000000000000000e+00,0.000000000000000000e+00,0.000000000000000000e+00,0.000000000000000000e+00,0.000000000000000000e+00,0.000000000000000000e+00,0.000000000000000000e+00,0.000000000000000000e+00,0.000000000000000000e+00,0.000000000000000000e+00,0.000000000000000000e+00,0.000000000000000000e+00,0.000000000000000000e+00,0.000000000000000000e+00,0.000000000000000000e+00,0.000000000000000000e+00,0.000000000000000000e+00,0.000000000000000000e+00,0.000000000000000000e+00,0.000000000000000000e+00,0.000000000000000000e+00,0.000000000000000000e+00,0.000000000000000000e+00,0.000000000000000000e+00,0.000000000000000000e+00,0.000000000000000000e+00,0.000000000000000000e+00,0.000000000000000000e+00,0.000000000000000000e+00,0.000000000000000000e+00,0.000000000000000000e+00,0.000000000000000000e+00,0.000000000000000000e+00,0.000000000000000000e+00,0.000000000000000000e+00,0.000000000000000000e+00,0.000000000000000000e+00,0.000000000000000000e+00,0.000000000000000000e+00,0.000000000000000000e+00,0.000000000000000000e+00,0.000000000000000000e+00,0.000000000000000000e+00,0.000000000000000000e+00,0.000000000000000000e+00,0.000000000000000000e+00,0.000000000000000000e+00,0.000000000000000000e+00,0.000000000000000000e+00,0.000000000000000000e+00,0.000000000000000000e+00,0.000000000000000000e+00,0.000000000000000000e+00,0.000000000000000000e+00,0.000000000000000000e+00,0.000000000000000000e+00,0.000000000000000000e+00,0.000000000000000000e+00,0.000000000000000000e+00,0.000000000000000000e+00,0.000000000000000000e+00,0.000000000000000000e+00,0.000000000000000000e+00,0.000000000000000000e+00,0.000000000000000000e+00,0.000000000000000000e+00,0.000000000000000000e+00,0.000000000000000000e+00,0.000000000000000000e+00,0.000000000000000000e+00,0.000000000000000000e+00,0.000000000000000000e+00,0.000000000000000000e+00,0.000000000000000000e+00,0.000000000000000000e+00,0.000000000000000000e+00,0.000000000000000000e+00,0.000000000000000000e+00,0.000000000000000000e+00,0.000000000000000000e+00,0.000000000000000000e+00,0.000000000000000000e+00,0.000000000000000000e+00,0.000000000000000000e+00,0.000000000000000000e+00,0.000000000000000000e+00,0.000000000000000000e+00,0.000000000000000000e+00,0.000000000000000000e+00,0.000000000000000000e+00,0.000000000000000000e+00,0.000000000000000000e+00,0.000000000000000000e+00,0.000000000000000000e+00,0.000000000000000000e+00,0.000000000000000000e+00,0.000000000000000000e+00,0.000000000000000000e+00,0.000000000000000000e+00,0.000000000000000000e+00,0.000000000000000000e+00,0.000000000000000000e+00,0.000000000000000000e+00,0.000000000000000000e+00,0.000000000000000000e+00,0.000000000000000000e+00,0.000000000000000000e+00,0.000000000000000000e+00,0.000000000000000000e+00,0.000000000000000000e+00,0.000000000000000000e+00,0.000000000000000000e+00,0.000000000000000000e+00,0.000000000000000000e+00,0.000000000000000000e+00,0.000000000000000000e+00,0.000000000000000000e+00,0.000000000000000000e+00,0.000000000000000000e+00,0.000000000000000000e+00,0.000000000000000000e+00,0.000000000000000000e+00,0.000000000000000000e+00,0.000000000000000000e+00,0.000000000000000000e+00,0.000000000000000000e+00,0.000000000000000000e+00,0.000000000000000000e+00,0.000000000000000000e+00,0.000000000000000000e+00,0.000000000000000000e+00,0.000000000000000000e+00,0.000000000000000000e+00,0.000000000000000000e+00,0.000000000000000000e+00,0.000000000000000000e+00,0.000000000000000000e+00,0.000000000000000000e+00,0.000000000000000000e+00,0.000000000000000000e+00
0.000000000000000000e+00,0.000000000000000000e+00,0.000000000000000000e+00,0.000000000000000000e+00,0.000000000000000000e+00,0.000000000000000000e+00,0.000000000000000000e+00,0.000000000000000000e+00,0.000000000000000000e+00,0.000000000000000000e+00,0.000000000000000000e+00,0.000000000000000000e+00,0.000000000000000000e+00,0.000000000000000000e+00,0.000000000000000000e+00,0.000000000000000000e+00,0.000000000000000000e+00,0.000000000000000000e+00,0.000000000000000000e+00,0.000000000000000000e+00,0.000000000000000000e+00,0.000000000000000000e+00,0.000000000000000000e+00,0.000000000000000000e+00,0.000000000000000000e+00,0.000000000000000000e+00,0.000000000000000000e+00,0.000000000000000000e+00,0.000000000000000000e+00,0.000000000000000000e+00,0.000000000000000000e+00,0.000000000000000000e+00,0.000000000000000000e+00,0.000000000000000000e+00,0.000000000000000000e+00,0.000000000000000000e+00,0.000000000000000000e+00,0.000000000000000000e+00,0.000000000000000000e+00,0.000000000000000000e+00,0.000000000000000000e+00,0.000000000000000000e+00,0.000000000000000000e+00,0.000000000000000000e+00,0.000000000000000000e+00,0.000000000000000000e+00,0.000000000000000000e+00,0.000000000000000000e+00,0.000000000000000000e+00,0.000000000000000000e+00,0.000000000000000000e+00,0.000000000000000000e+00,0.000000000000000000e+00,0.000000000000000000e+00,0.000000000000000000e+00,0.000000000000000000e+00,0.000000000000000000e+00,0.000000000000000000e+00,0.000000000000000000e+00,0.000000000000000000e+00,0.000000000000000000e+00,0.000000000000000000e+00,0.000000000000000000e+00,0.000000000000000000e+00,0.000000000000000000e+00,0.000000000000000000e+00,0.000000000000000000e+00,0.000000000000000000e+00,0.000000000000000000e+00,0.000000000000000000e+00,0.000000000000000000e+00,0.000000000000000000e+00,0.000000000000000000e+00,0.000000000000000000e+00,0.000000000000000000e+00,0.000000000000000000e+00,0.000000000000000000e+00,0.000000000000000000e+00,0.000000000000000000e+00,0.000000000000000000e+00,0.000000000000000000e+00,0.000000000000000000e+00,0.000000000000000000e+00,0.000000000000000000e+00,0.000000000000000000e+00,0.000000000000000000e+00,0.000000000000000000e+00,0.000000000000000000e+00,0.000000000000000000e+00,0.000000000000000000e+00,0.000000000000000000e+00,0.000000000000000000e+00,0.000000000000000000e+00,0.000000000000000000e+00,0.000000000000000000e+00,0.000000000000000000e+00,0.000000000000000000e+00,0.000000000000000000e+00,0.000000000000000000e+00,0.000000000000000000e+00,0.000000000000000000e+00,0.000000000000000000e+00,0.000000000000000000e+00,0.000000000000000000e+00,0.000000000000000000e+00,0.000000000000000000e+00,0.000000000000000000e+00,0.000000000000000000e+00,0.000000000000000000e+00,0.000000000000000000e+00,0.000000000000000000e+00,0.000000000000000000e+00,0.000000000000000000e+00,0.000000000000000000e+00,0.000000000000000000e+00,0.000000000000000000e+00,0.000000000000000000e+00,0.000000000000000000e+00,0.000000000000000000e+00,0.000000000000000000e+00,0.000000000000000000e+00,0.000000000000000000e+00,0.000000000000000000e+00,0.000000000000000000e+00,0.000000000000000000e+00,0.000000000000000000e+00,0.000000000000000000e+00,0.000000000000000000e+00,0.000000000000000000e+00,0.000000000000000000e+00,0.000000000000000000e+00,0.000000000000000000e+00,0.000000000000000000e+00,0.000000000000000000e+00,0.000000000000000000e+00,0.000000000000000000e+00,0.000000000000000000e+00,0.000000000000000000e+00,0.000000000000000000e+00,0.000000000000000000e+00,0.000000000000000000e+00,0.000000000000000000e+00,0.000000000000000000e+00,0.000000000000000000e+00,0.000000000000000000e+00,0.000000000000000000e+00,0.000000000000000000e+00,0.000000000000000000e+00,0.000000000000000000e+00,0.000000000000000000e+00,0.000000000000000000e+00,0.000000000000000000e+00,0.000000000000000000e+00,0.000000000000000000e+00,0.000000000000000000e+00,0.000000000000000000e+00,0.000000000000000000e+00,0.000000000000000000e+00,0.000000000000000000e+00,0.000000000000000000e+00,0.000000000000000000e+00,0.000000000000000000e+00,0.000000000000000000e+00,0.000000000000000000e+00,0.000000000000000000e+00,0.000000000000000000e+00,0.000000000000000000e+00,0.000000000000000000e+00,0.000000000000000000e+00,0.000000000000000000e+00,0.000000000000000000e+00,0.000000000000000000e+00,0.000000000000000000e+00,0.000000000000000000e+00,0.000000000000000000e+00,0.000000000000000000e+00,0.000000000000000000e+00,0.000000000000000000e+00,0.000000000000000000e+00,0.000000000000000000e+00,0.000000000000000000e+00,0.000000000000000000e+00,0.000000000000000000e+00,0.000000000000000000e+00,0.000000000000000000e+00,0.000000000000000000e+00,0.000000000000000000e+00,0.000000000000000000e+00,0.000000000000000000e+00,0.000000000000000000e+00,0.000000000000000000e+00,0.000000000000000000e+00,0.000000000000000000e+00,0.000000000000000000e+00,0.000000000000000000e+00,0.000000000000000000e+00,0.000000000000000000e+00,0.000000000000000000e+00,0.000000000000000000e+00,0.000000000000000000e+00,0.000000000000000000e+00,0.000000000000000000e+00,0.000000000000000000e+00,0.000000000000000000e+00,0.000000000000000000e+00,0.000000000000000000e+00,0.000000000000000000e+00,0.000000000000000000e+00,0.000000000000000000e+00,0.000000000000000000e+00,0.000000000000000000e+00,0.000000000000000000e+00,0.000000000000000000e+00,0.000000000000000000e+00,0.000000000000000000e+00,0.000000000000000000e+00,0.000000000000000000e+00,0.000000000000000000e+00,0.000000000000000000e+00,0.000000000000000000e+00,0.000000000000000000e+00,0.000000000000000000e+00,0.000000000000000000e+00,0.000000000000000000e+00,0.000000000000000000e+00,0.000000000000000000e+00,0.000000000000000000e+00,0.000000000000000000e+00,0.000000000000000000e+00,0.000000000000000000e+00,0.000000000000000000e+00,0.000000000000000000e+00,0.000000000000000000e+00,0.000000000000000000e+00,0.000000000000000000e+00,0.000000000000000000e+00,0.000000000000000000e+00,0.000000000000000000e+00,0.000000000000000000e+00,0.000000000000000000e+00,0.000000000000000000e+00,0.000000000000000000e+00,0.000000000000000000e+00,0.000000000000000000e+00,0.000000000000000000e+00,0.000000000000000000e+00,0.000000000000000000e+00,0.000000000000000000e+00,0.000000000000000000e+00,0.000000000000000000e+00,0.000000000000000000e+00,0.000000000000000000e+00,0.000000000000000000e+00,0.000000000000000000e+00,0.000000000000000000e+00,0.000000000000000000e+00,0.000000000000000000e+00,0.000000000000000000e+00,0.000000000000000000e+00,0.000000000000000000e+00,0.000000000000000000e+00,0.000000000000000000e+00,0.000000000000000000e+00,0.000000000000000000e+00,0.000000000000000000e+00,0.000000000000000000e+00,0.000000000000000000e+00,0.000000000000000000e+00,0.000000000000000000e+00,0.000000000000000000e+00,0.000000000000000000e+00,0.000000000000000000e+00,0.000000000000000000e+00,0.000000000000000000e+00,0.000000000000000000e+00,0.000000000000000000e+00,0.000000000000000000e+00,0.000000000000000000e+00,0.000000000000000000e+00,0.000000000000000000e+00,0.000000000000000000e+00,0.000000000000000000e+00,0.000000000000000000e+00,0.000000000000000000e+00,0.000000000000000000e+00,0.000000000000000000e+00,0.000000000000000000e+00,0.000000000000000000e+00,0.000000000000000000e+00,0.000000000000000000e+00,0.000000000000000000e+00,0.000000000000000000e+00,0.000000000000000000e+00,0.000000000000000000e+00,0.000000000000000000e+00,0.000000000000000000e+00,0.000000000000000000e+00,0.000000000000000000e+00,0.000000000000000000e+00,0.000000000000000000e+00,0.000000000000000000e+00,0.000000000000000000e+00,0.000000000000000000e+00,0.000000000000000000e+00,0.000000000000000000e+00,0.000000000000000000e+00,0.000000000000000000e+00,0.000000000000000000e+00,0.000000000000000000e+00,0.000000000000000000e+00,0.000000000000000000e+00,0.000000000000000000e+00,0.000000000000000000e+00,0.000000000000000000e+00,0.000000000000000000e+00,0.000000000000000000e+00,0.000000000000000000e+00,0.000000000000000000e+00,0.000000000000000000e+00,0.000000000000000000e+00,0.000000000000000000e+00,0.000000000000000000e+00,0.000000000000000000e+00,0.000000000000000000e+00,0.000000000000000000e+00,0.000000000000000000e+00,0.000000000000000000e+00,0.000000000000000000e+00,0.000000000000000000e+00,0.000000000000000000e+00,0.000000000000000000e+00,0.000000000000000000e+00,0.000000000000000000e+00,0.000000000000000000e+00,0.000000000000000000e+00,0.000000000000000000e+00,0.000000000000000000e+00,0.000000000000000000e+00,0.000000000000000000e+00,0.000000000000000000e+00
0.000000000000000000e+00,0.000000000000000000e+00,0.000000000000000000e+00,0.000000000000000000e+00,0.000000000000000000e+00,0.000000000000000000e+00,0.000000000000000000e+00,0.000000000000000000e+00,0.000000000000000000e+00,0.000000000000000000e+00,0.000000000000000000e+00,0.000000000000000000e+00,0.000000000000000000e+00,0.000000000000000000e+00,0.000000000000000000e+00,0.000000000000000000e+00,0.000000000000000000e+00,0.000000000000000000e+00,0.000000000000000000e+00,0.000000000000000000e+00,0.000000000000000000e+00,0.000000000000000000e+00,0.000000000000000000e+00,0.000000000000000000e+00,0.000000000000000000e+00,0.000000000000000000e+00,0.000000000000000000e+00,0.000000000000000000e+00,0.000000000000000000e+00,0.000000000000000000e+00,0.000000000000000000e+00,0.000000000000000000e+00,0.000000000000000000e+00,0.000000000000000000e+00,0.000000000000000000e+00,0.000000000000000000e+00,0.000000000000000000e+00,0.000000000000000000e+00,0.000000000000000000e+00,0.000000000000000000e+00,0.000000000000000000e+00,0.000000000000000000e+00,0.000000000000000000e+00,0.000000000000000000e+00,0.000000000000000000e+00,0.000000000000000000e+00,0.000000000000000000e+00,0.000000000000000000e+00,0.000000000000000000e+00,0.000000000000000000e+00,0.000000000000000000e+00,0.000000000000000000e+00,0.000000000000000000e+00,0.000000000000000000e+00,0.000000000000000000e+00,0.000000000000000000e+00,0.000000000000000000e+00,0.000000000000000000e+00,0.000000000000000000e+00,0.000000000000000000e+00,0.000000000000000000e+00,0.000000000000000000e+00,0.000000000000000000e+00,0.000000000000000000e+00,0.000000000000000000e+00,0.000000000000000000e+00,0.000000000000000000e+00,0.000000000000000000e+00,0.000000000000000000e+00,0.000000000000000000e+00,0.000000000000000000e+00,0.000000000000000000e+00,0.000000000000000000e+00,0.000000000000000000e+00,0.000000000000000000e+00,0.000000000000000000e+00,0.000000000000000000e+00,0.000000000000000000e+00,0.000000000000000000e+00,0.000000000000000000e+00,0.000000000000000000e+00,0.000000000000000000e+00,0.000000000000000000e+00,0.000000000000000000e+00,0.000000000000000000e+00,0.000000000000000000e+00,0.000000000000000000e+00,0.000000000000000000e+00,0.000000000000000000e+00,0.000000000000000000e+00,0.000000000000000000e+00,0.000000000000000000e+00,0.000000000000000000e+00,0.000000000000000000e+00,0.000000000000000000e+00,0.000000000000000000e+00,0.000000000000000000e+00,0.000000000000000000e+00,0.000000000000000000e+00,0.000000000000000000e+00,0.000000000000000000e+00,0.000000000000000000e+00,0.000000000000000000e+00,0.000000000000000000e+00,0.000000000000000000e+00,0.000000000000000000e+00,0.000000000000000000e+00,0.000000000000000000e+00,0.000000000000000000e+00,0.000000000000000000e+00,0.000000000000000000e+00,0.000000000000000000e+00,0.000000000000000000e+00,0.000000000000000000e+00,0.000000000000000000e+00,0.000000000000000000e+00,0.000000000000000000e+00,0.000000000000000000e+00,0.000000000000000000e+00,0.000000000000000000e+00,0.000000000000000000e+00,0.000000000000000000e+00,0.000000000000000000e+00,0.000000000000000000e+00,0.000000000000000000e+00,0.000000000000000000e+00,0.000000000000000000e+00,0.000000000000000000e+00,0.000000000000000000e+00,0.000000000000000000e+00,0.000000000000000000e+00,0.000000000000000000e+00,0.000000000000000000e+00,0.000000000000000000e+00,0.000000000000000000e+00,0.000000000000000000e+00,0.000000000000000000e+00,0.000000000000000000e+00,0.000000000000000000e+00,0.000000000000000000e+00,0.000000000000000000e+00,0.000000000000000000e+00,0.000000000000000000e+00,0.000000000000000000e+00,0.000000000000000000e+00,0.000000000000000000e+00,0.000000000000000000e+00,0.000000000000000000e+00,0.000000000000000000e+00,0.000000000000000000e+00,0.000000000000000000e+00,0.000000000000000000e+00,0.000000000000000000e+00,0.000000000000000000e+00,0.000000000000000000e+00,0.000000000000000000e+00,0.000000000000000000e+00,0.000000000000000000e+00,0.000000000000000000e+00,0.000000000000000000e+00,0.000000000000000000e+00,0.000000000000000000e+00,0.000000000000000000e+00,0.000000000000000000e+00,0.000000000000000000e+00,0.000000000000000000e+00,0.000000000000000000e+00,0.000000000000000000e+00,0.000000000000000000e+00,0.000000000000000000e+00,0.000000000000000000e+00,0.000000000000000000e+00,0.000000000000000000e+00,0.000000000000000000e+00,0.000000000000000000e+00,0.000000000000000000e+00,0.000000000000000000e+00,0.000000000000000000e+00,0.000000000000000000e+00,0.000000000000000000e+00,0.000000000000000000e+00,0.000000000000000000e+00,0.000000000000000000e+00,0.000000000000000000e+00,0.000000000000000000e+00,0.000000000000000000e+00,0.000000000000000000e+00,0.000000000000000000e+00,0.000000000000000000e+00,0.000000000000000000e+00,0.000000000000000000e+00,0.000000000000000000e+00,0.000000000000000000e+00,0.000000000000000000e+00,0.000000000000000000e+00,0.000000000000000000e+00,0.000000000000000000e+00,0.000000000000000000e+00,0.000000000000000000e+00,0.000000000000000000e+00,0.000000000000000000e+00,0.000000000000000000e+00,0.000000000000000000e+00,0.000000000000000000e+00,0.000000000000000000e+00,0.000000000000000000e+00,0.000000000000000000e+00,0.000000000000000000e+00,0.000000000000000000e+00,0.000000000000000000e+00,0.000000000000000000e+00,0.000000000000000000e+00,0.000000000000000000e+00,0.000000000000000000e+00,0.000000000000000000e+00,0.000000000000000000e+00,0.000000000000000000e+00,0.000000000000000000e+00,0.000000000000000000e+00,0.000000000000000000e+00,0.000000000000000000e+00,0.000000000000000000e+00,0.000000000000000000e+00,0.000000000000000000e+00,0.000000000000000000e+00,0.000000000000000000e+00,0.000000000000000000e+00,0.000000000000000000e+00,0.000000000000000000e+00,0.000000000000000000e+00,0.000000000000000000e+00,0.000000000000000000e+00,0.000000000000000000e+00,0.000000000000000000e+00,0.000000000000000000e+00,0.000000000000000000e+00,0.000000000000000000e+00,0.000000000000000000e+00,0.000000000000000000e+00,0.000000000000000000e+00,0.000000000000000000e+00,0.000000000000000000e+00,0.000000000000000000e+00,0.000000000000000000e+00,0.000000000000000000e+00,0.000000000000000000e+00,0.000000000000000000e+00,0.000000000000000000e+00,0.000000000000000000e+00,0.000000000000000000e+00,0.000000000000000000e+00,0.000000000000000000e+00,0.000000000000000000e+00,0.000000000000000000e+00,0.000000000000000000e+00,0.000000000000000000e+00,0.000000000000000000e+00,0.000000000000000000e+00,0.000000000000000000e+00,0.000000000000000000e+00,0.000000000000000000e+00,0.000000000000000000e+00,0.000000000000000000e+00,0.000000000000000000e+00,0.000000000000000000e+00,0.000000000000000000e+00,0.000000000000000000e+00,0.000000000000000000e+00,0.000000000000000000e+00,0.000000000000000000e+00,0.000000000000000000e+00,0.000000000000000000e+00,0.000000000000000000e+00,0.000000000000000000e+00,0.000000000000000000e+00,0.000000000000000000e+00,0.000000000000000000e+00,0.000000000000000000e+00,0.000000000000000000e+00,0.000000000000000000e+00,0.000000000000000000e+00,0.000000000000000000e+00,0.000000000000000000e+00,0.000000000000000000e+00,0.000000000000000000e+00,0.000000000000000000e+00,0.000000000000000000e+00,0.000000000000000000e+00,0.000000000000000000e+00,0.000000000000000000e+00,0.000000000000000000e+00,0.000000000000000000e+00,0.000000000000000000e+00,0.000000000000000000e+00,0.000000000000000000e+00,0.000000000000000000e+00,0.000000000000000000e+00,0.000000000000000000e+00,0.000000000000000000e+00,0.000000000000000000e+00,0.000000000000000000e+00,0.000000000000000000e+00,0.000000000000000000e+00,0.000000000000000000e+00,0.000000000000000000e+00,0.000000000000000000e+00,0.000000000000000000e+00,0.000000000000000000e+00,0.000000000000000000e+00,0.000000000000000000e+00,0.000000000000000000e+00,0.000000000000000000e+00,0.000000000000000000e+00,0.000000000000000000e+00,0.000000000000000000e+00,0.000000000000000000e+00,0.000000000000000000e+00,0.000000000000000000e+00,0.000000000000000000e+00,0.000000000000000000e+00,0.000000000000000000e+00,0.000000000000000000e+00,0.000000000000000000e+00,0.000000000000000000e+00,0.000000000000000000e+00,0.000000000000000000e+00,0.000000000000000000e+00,0.000000000000000000e+00,0.000000000000000000e+00,0.000000000000000000e+00,0.000000000000000000e+00,0.000000000000000000e+00,0.000000000000000000e+00,0.000000000000000000e+00,0.000000000000000000e+00,0.000000000000000000e+00,0.000000000000000000e+00,0.000000000000000000e+00,0.000000000000000000e+00,0.000000000000000000e+00
0.000000000000000000e+00,0.000000000000000000e+00,0.000000000000000000e+00,0.000000000000000000e+00,0.000000000000000000e+00,0.000000000000000000e+00,0.000000000000000000e+00,0.000000000000000000e+00,0.000000000000000000e+00,0.000000000000000000e+00,0.000000000000000000e+00,0.000000000000000000e+00,0.000000000000000000e+00,0.000000000000000000e+00,0.000000000000000000e+00,0.000000000000000000e+00,0.000000000000000000e+00,0.000000000000000000e+00,0.000000000000000000e+00,0.000000000000000000e+00,0.000000000000000000e+00,0.000000000000000000e+00,0.000000000000000000e+00,0.000000000000000000e+00,0.000000000000000000e+00,0.000000000000000000e+00,0.000000000000000000e+00,0.000000000000000000e+00,0.000000000000000000e+00,0.000000000000000000e+00,0.000000000000000000e+00,0.000000000000000000e+00,0.000000000000000000e+00,0.000000000000000000e+00,0.000000000000000000e+00,0.000000000000000000e+00,0.000000000000000000e+00,0.000000000000000000e+00,0.000000000000000000e+00,0.000000000000000000e+00,0.000000000000000000e+00,0.000000000000000000e+00,0.000000000000000000e+00,0.000000000000000000e+00,0.000000000000000000e+00,0.000000000000000000e+00,0.000000000000000000e+00,0.000000000000000000e+00,0.000000000000000000e+00,0.000000000000000000e+00,0.000000000000000000e+00,0.000000000000000000e+00,0.000000000000000000e+00,0.000000000000000000e+00,0.000000000000000000e+00,0.000000000000000000e+00,0.000000000000000000e+00,0.000000000000000000e+00,0.000000000000000000e+00,0.000000000000000000e+00,0.000000000000000000e+00,0.000000000000000000e+00,0.000000000000000000e+00,0.000000000000000000e+00,0.000000000000000000e+00,0.000000000000000000e+00,0.000000000000000000e+00,0.000000000000000000e+00,0.000000000000000000e+00,0.000000000000000000e+00,0.000000000000000000e+00,0.000000000000000000e+00,0.000000000000000000e+00,0.000000000000000000e+00,0.000000000000000000e+00,0.000000000000000000e+00,0.000000000000000000e+00,0.000000000000000000e+00,0.000000000000000000e+00,0.000000000000000000e+00,0.000000000000000000e+00,0.000000000000000000e+00,0.000000000000000000e+00,0.000000000000000000e+00,0.000000000000000000e+00,0.000000000000000000e+00,0.000000000000000000e+00,0.000000000000000000e+00,0.000000000000000000e+00,0.000000000000000000e+00,0.000000000000000000e+00,0.000000000000000000e+00,0.000000000000000000e+00,0.000000000000000000e+00,0.000000000000000000e+00,0.000000000000000000e+00,0.000000000000000000e+00,0.000000000000000000e+00,0.000000000000000000e+00,0.000000000000000000e+00,0.000000000000000000e+00,0.000000000000000000e+00,0.000000000000000000e+00,0.000000000000000000e+00,0.000000000000000000e+00,0.000000000000000000e+00,0.000000000000000000e+00,0.000000000000000000e+00,0.000000000000000000e+00,0.000000000000000000e+00,0.000000000000000000e+00,0.000000000000000000e+00,0.000000000000000000e+00,0.000000000000000000e+00,0.000000000000000000e+00,0.000000000000000000e+00,0.000000000000000000e+00,0.000000000000000000e+00,0.000000000000000000e+00,0.000000000000000000e+00,0.000000000000000000e+00,0.000000000000000000e+00,0.000000000000000000e+00,0.000000000000000000e+00,0.000000000000000000e+00,0.000000000000000000e+00,0.000000000000000000e+00,0.000000000000000000e+00,0.000000000000000000e+00,0.000000000000000000e+00,0.000000000000000000e+00,0.000000000000000000e+00,0.000000000000000000e+00,0.000000000000000000e+00,0.000000000000000000e+00,0.000000000000000000e+00,0.000000000000000000e+00,0.000000000000000000e+00,0.000000000000000000e+00,0.000000000000000000e+00,0.000000000000000000e+00,0.000000000000000000e+00,0.000000000000000000e+00,0.000000000000000000e+00,0.000000000000000000e+00,0.000000000000000000e+00,0.000000000000000000e+00,0.000000000000000000e+00,0.000000000000000000e+00,0.000000000000000000e+00,0.000000000000000000e+00,0.000000000000000000e+00,0.000000000000000000e+00,0.000000000000000000e+00,0.000000000000000000e+00,0.000000000000000000e+00,0.000000000000000000e+00,0.000000000000000000e+00,0.000000000000000000e+00,0.000000000000000000e+00,0.000000000000000000e+00,0.000000000000000000e+00,0.000000000000000000e+00,0.000000000000000000e+00,0.000000000000000000e+00,0.000000000000000000e+00,0.000000000000000000e+00,0.000000000000000000e+00,0.000000000000000000e+00,0.000000000000000000e+00,0.000000000000000000e+00,0.000000000000000000e+00,0.000000000000000000e+00,0.000000000000000000e+00,0.000000000000000000e+00,0.000000000000000000e+00,0.000000000000000000e+00,0.000000000000000000e+00,0.000000000000000000e+00,0.000000000000000000e+00,0.000000000000000000e+00,0.000000000000000000e+00,0.000000000000000000e+00,0.000000000000000000e+00,0.000000000000000000e+00,0.000000000000000000e+00,0.000000000000000000e+00,0.000000000000000000e+00,0.000000000000000000e+00,0.000000000000000000e+00,0.000000000000000000e+00,0.000000000000000000e+00,0.000000000000000000e+00,0.000000000000000000e+00,0.000000000000000000e+00,0.000000000000000000e+00,0.000000000000000000e+00,0.000000000000000000e+00,0.000000000000000000e+00,0.000000000000000000e+00,0.000000000000000000e+00,0.000000000000000000e+00,0.000000000000000000e+00,0.000000000000000000e+00,0.000000000000000000e+00,0.000000000000000000e+00,0.000000000000000000e+00,0.000000000000000000e+00,0.000000000000000000e+00,0.000000000000000000e+00,0.000000000000000000e+00,0.000000000000000000e+00,0.000000000000000000e+00,0.000000000000000000e+00,0.000000000000000000e+00,0.000000000000000000e+00,0.000000000000000000e+00,0.000000000000000000e+00,0.000000000000000000e+00,0.000000000000000000e+00,0.000000000000000000e+00,0.000000000000000000e+00,0.000000000000000000e+00,0.000000000000000000e+00,0.000000000000000000e+00,0.000000000000000000e+00,0.000000000000000000e+00,0.000000000000000000e+00,0.000000000000000000e+00,0.000000000000000000e+00,0.000000000000000000e+00,0.000000000000000000e+00,0.000000000000000000e+00,0.000000000000000000e+00,0.000000000000000000e+00,0.000000000000000000e+00,0.000000000000000000e+00,0.000000000000000000e+00,0.000000000000000000e+00,0.000000000000000000e+00,0.000000000000000000e+00,0.000000000000000000e+00,0.000000000000000000e+00,0.000000000000000000e+00,0.000000000000000000e+00,0.000000000000000000e+00,0.000000000000000000e+00,0.000000000000000000e+00,0.000000000000000000e+00,0.000000000000000000e+00,0.000000000000000000e+00,0.000000000000000000e+00,0.000000000000000000e+00,0.000000000000000000e+00,0.000000000000000000e+00,0.000000000000000000e+00,0.000000000000000000e+00,0.000000000000000000e+00,0.000000000000000000e+00,0.000000000000000000e+00,0.000000000000000000e+00,0.000000000000000000e+00,0.000000000000000000e+00,0.000000000000000000e+00,0.000000000000000000e+00,0.000000000000000000e+00,0.000000000000000000e+00,0.000000000000000000e+00,0.000000000000000000e+00,0.000000000000000000e+00,0.000000000000000000e+00,0.000000000000000000e+00,0.000000000000000000e+00,0.000000000000000000e+00,0.000000000000000000e+00,0.000000000000000000e+00,0.000000000000000000e+00,0.000000000000000000e+00,0.000000000000000000e+00,0.000000000000000000e+00,0.000000000000000000e+00,0.000000000000000000e+00,0.000000000000000000e+00,0.000000000000000000e+00,0.000000000000000000e+00,0.000000000000000000e+00,0.000000000000000000e+00,0.000000000000000000e+00,0.000000000000000000e+00,0.000000000000000000e+00,0.000000000000000000e+00,0.000000000000000000e+00,0.000000000000000000e+00,0.000000000000000000e+00,0.000000000000000000e+00,0.000000000000000000e+00,0.000000000000000000e+00,0.000000000000000000e+00,0.000000000000000000e+00,0.000000000000000000e+00,0.000000000000000000e+00,0.000000000000000000e+00,0.000000000000000000e+00,0.000000000000000000e+00,0.000000000000000000e+00,0.000000000000000000e+00,0.000000000000000000e+00,0.000000000000000000e+00,0.000000000000000000e+00,0.000000000000000000e+00,0.000000000000000000e+00,0.000000000000000000e+00,0.000000000000000000e+00,0.000000000000000000e+00,0.000000000000000000e+00,0.000000000000000000e+00,0.000000000000000000e+00,0.000000000000000000e+00,0.000000000000000000e+00,0.000000000000000000e+00,0.000000000000000000e+00,0.000000000000000000e+00,0.000000000000000000e+00,0.000000000000000000e+00,0.000000000000000000e+00,0.000000000000000000e+00,0.000000000000000000e+00,0.000000000000000000e+00,0.000000000000000000e+00,0.000000000000000000e+00,0.000000000000000000e+00,0.000000000000000000e+00,0.000000000000000000e+00,0.000000000000000000e+00,0.000000000000000000e+00,0.000000000000000000e+00,0.000000000000000000e+00,0.000000000000000000e+00,0.000000000000000000e+00,0.000000000000000000e+00
0.000000000000000000e+00,0.000000000000000000e+00,0.000000000000000000e+00,0.000000000000000000e+00,0.000000000000000000e+00,0.000000000000000000e+00,0.000000000000000000e+00,0.000000000000000000e+00,0.000000000000000000e+00,0.000000000000000000e+00,0.000000000000000000e+00,0.000000000000000000e+00,0.000000000000000000e+00,0.000000000000000000e+00,0.000000000000000000e+00,0.000000000000000000e+00,0.000000000000000000e+00,0.000000000000000000e+00,0.000000000000000000e+00,0.000000000000000000e+00,0.000000000000000000e+00,0.000000000000000000e+00,0.000000000000000000e+00,0.000000000000000000e+00,0.000000000000000000e+00,0.000000000000000000e+00,0.000000000000000000e+00,0.000000000000000000e+00,0.000000000000000000e+00,0.000000000000000000e+00,0.000000000000000000e+00,0.000000000000000000e+00,0.000000000000000000e+00,0.000000000000000000e+00,0.000000000000000000e+00,0.000000000000000000e+00,0.000000000000000000e+00,0.000000000000000000e+00,0.000000000000000000e+00,0.000000000000000000e+00,0.000000000000000000e+00,0.000000000000000000e+00,0.000000000000000000e+00,0.000000000000000000e+00,0.000000000000000000e+00,0.000000000000000000e+00,0.000000000000000000e+00,0.000000000000000000e+00,0.000000000000000000e+00,0.000000000000000000e+00,0.000000000000000000e+00,0.000000000000000000e+00,0.000000000000000000e+00,0.000000000000000000e+00,0.000000000000000000e+00,0.000000000000000000e+00,0.000000000000000000e+00,0.000000000000000000e+00,0.000000000000000000e+00,0.000000000000000000e+00,0.000000000000000000e+00,0.000000000000000000e+00,0.000000000000000000e+00,0.000000000000000000e+00,0.000000000000000000e+00,0.000000000000000000e+00,0.000000000000000000e+00,0.000000000000000000e+00,0.000000000000000000e+00,0.000000000000000000e+00,0.000000000000000000e+00,0.000000000000000000e+00,0.000000000000000000e+00,0.000000000000000000e+00,0.000000000000000000e+00,0.000000000000000000e+00,0.000000000000000000e+00,0.000000000000000000e+00,0.000000000000000000e+00,0.000000000000000000e+00,0.000000000000000000e+00,0.000000000000000000e+00,0.000000000000000000e+00,0.000000000000000000e+00,0.000000000000000000e+00,0.000000000000000000e+00,0.000000000000000000e+00,0.000000000000000000e+00,0.000000000000000000e+00,0.000000000000000000e+00,0.000000000000000000e+00,0.000000000000000000e+00,0.000000000000000000e+00,0.000000000000000000e+00,0.000000000000000000e+00,0.000000000000000000e+00,0.000000000000000000e+00,0.000000000000000000e+00,0.000000000000000000e+00,0.000000000000000000e+00,0.000000000000000000e+00,0.000000000000000000e+00,0.000000000000000000e+00,0.000000000000000000e+00,0.000000000000000000e+00,0.000000000000000000e+00,0.000000000000000000e+00,0.000000000000000000e+00,0.000000000000000000e+00,0.000000000000000000e+00,0.000000000000000000e+00,0.000000000000000000e+00,0.000000000000000000e+00,0.000000000000000000e+00,0.000000000000000000e+00,0.000000000000000000e+00,0.000000000000000000e+00,0.000000000000000000e+00,0.000000000000000000e+00,0.000000000000000000e+00,0.000000000000000000e+00,0.000000000000000000e+00,0.000000000000000000e+00,0.000000000000000000e+00,0.000000000000000000e+00,0.000000000000000000e+00,0.000000000000000000e+00,0.000000000000000000e+00,0.000000000000000000e+00,0.000000000000000000e+00,0.000000000000000000e+00,0.000000000000000000e+00,0.000000000000000000e+00,0.000000000000000000e+00,0.000000000000000000e+00,0.000000000000000000e+00,0.000000000000000000e+00,0.000000000000000000e+00,0.000000000000000000e+00,0.000000000000000000e+00,0.000000000000000000e+00,0.000000000000000000e+00,0.000000000000000000e+00,0.000000000000000000e+00,0.000000000000000000e+00,0.000000000000000000e+00,0.000000000000000000e+00,0.000000000000000000e+00,0.000000000000000000e+00,0.000000000000000000e+00,0.000000000000000000e+00,0.000000000000000000e+00,0.000000000000000000e+00,0.000000000000000000e+00,0.000000000000000000e+00,0.000000000000000000e+00,0.000000000000000000e+00,0.000000000000000000e+00,0.000000000000000000e+00,0.000000000000000000e+00,0.000000000000000000e+00,0.000000000000000000e+00,0.000000000000000000e+00,0.000000000000000000e+00,0.000000000000000000e+00,0.000000000000000000e+00,0.000000000000000000e+00,0.000000000000000000e+00,0.000000000000000000e+00,0.000000000000000000e+00,0.000000000000000000e+00,0.000000000000000000e+00,0.000000000000000000e+00,0.000000000000000000e+00,0.000000000000000000e+00,0.000000000000000000e+00,0.000000000000000000e+00,0.000000000000000000e+00,0.000000000000000000e+00,0.000000000000000000e+00,0.000000000000000000e+00,0.000000000000000000e+00,0.000000000000000000e+00,0.000000000000000000e+00,0.000000000000000000e+00,0.000000000000000000e+00,0.000000000000000000e+00,0.000000000000000000e+00,0.000000000000000000e+00,0.000000000000000000e+00,0.000000000000000000e+00,0.000000000000000000e+00,0.000000000000000000e+00,0.000000000000000000e+00,0.000000000000000000e+00,0.000000000000000000e+00,0.000000000000000000e+00,0.000000000000000000e+00,0.000000000000000000e+00,0.000000000000000000e+00,0.000000000000000000e+00,0.000000000000000000e+00,0.000000000000000000e+00,0.000000000000000000e+00,0.000000000000000000e+00,0.000000000000000000e+00,0.000000000000000000e+00,0.000000000000000000e+00,0.000000000000000000e+00,0.000000000000000000e+00,0.000000000000000000e+00,0.000000000000000000e+00,0.000000000000000000e+00,0.000000000000000000e+00,0.000000000000000000e+00,0.000000000000000000e+00,0.000000000000000000e+00,0.000000000000000000e+00,0.000000000000000000e+00,0.000000000000000000e+00,0.000000000000000000e+00,0.000000000000000000e+00,0.000000000000000000e+00,0.000000000000000000e+00,0.000000000000000000e+00,0.000000000000000000e+00,0.000000000000000000e+00,0.000000000000000000e+00,0.000000000000000000e+00,0.000000000000000000e+00,0.000000000000000000e+00,0.000000000000000000e+00,0.000000000000000000e+00,0.000000000000000000e+00,0.000000000000000000e+00,0.000000000000000000e+00,0.000000000000000000e+00,0.000000000000000000e+00,0.000000000000000000e+00,0.000000000000000000e+00,0.000000000000000000e+00,0.000000000000000000e+00,0.000000000000000000e+00,0.000000000000000000e+00,0.000000000000000000e+00,0.000000000000000000e+00,0.000000000000000000e+00,0.000000000000000000e+00,0.000000000000000000e+00,0.000000000000000000e+00,0.000000000000000000e+00,0.000000000000000000e+00,0.000000000000000000e+00,0.000000000000000000e+00,0.000000000000000000e+00,0.000000000000000000e+00,0.000000000000000000e+00,0.000000000000000000e+00,0.000000000000000000e+00,0.000000000000000000e+00,0.000000000000000000e+00,0.000000000000000000e+00,0.000000000000000000e+00,0.000000000000000000e+00,0.000000000000000000e+00,0.000000000000000000e+00,0.000000000000000000e+00,0.000000000000000000e+00,0.000000000000000000e+00,0.000000000000000000e+00,0.000000000000000000e+00,0.000000000000000000e+00,0.000000000000000000e+00,0.000000000000000000e+00,0.000000000000000000e+00,0.000000000000000000e+00,0.000000000000000000e+00,0.000000000000000000e+00,0.000000000000000000e+00,0.000000000000000000e+00,0.000000000000000000e+00,0.000000000000000000e+00,0.000000000000000000e+00,0.000000000000000000e+00,0.000000000000000000e+00,0.000000000000000000e+00,0.000000000000000000e+00,0.000000000000000000e+00,0.000000000000000000e+00,0.000000000000000000e+00,0.000000000000000000e+00,0.000000000000000000e+00,0.000000000000000000e+00,0.000000000000000000e+00,0.000000000000000000e+00,0.000000000000000000e+00,0.000000000000000000e+00,0.000000000000000000e+00,0.000000000000000000e+00,0.000000000000000000e+00,0.000000000000000000e+00,0.000000000000000000e+00,0.000000000000000000e+00,0.000000000000000000e+00,0.000000000000000000e+00,0.000000000000000000e+00,0.000000000000000000e+00,0.000000000000000000e+00,0.000000000000000000e+00,0.000000000000000000e+00,0.000000000000000000e+00,0.000000000000000000e+00,0.000000000000000000e+00,0.000000000000000000e+00,0.000000000000000000e+00,0.000000000000000000e+00,0.000000000000000000e+00,0.000000000000000000e+00,0.000000000000000000e+00,0.000000000000000000e+00,0.000000000000000000e+00,0.000000000000000000e+00,0.000000000000000000e+00,0.000000000000000000e+00,0.000000000000000000e+00,0.000000000000000000e+00,0.000000000000000000e+00,0.000000000000000000e+00,0.000000000000000000e+00,0.000000000000000000e+00,0.000000000000000000e+00,0.000000000000000000e+00,0.000000000000000000e+00,0.000000000000000000e+00,0.000000000000000000e+00,0.000000000000000000e+00,0.000000000000000000e+00,0.000000000000000000e+00,0.000000000000000000e+00,0.000000000000000000e+00
0.000000000000000000e+00,0.000000000000000000e+00,0.000000000000000000e+00,0.000000000000000000e+00,0.000000000000000000e+00,0.000000000000000000e+00,0.000000000000000000e+00,0.000000000000000000e+00,0.000000000000000000e+00,0.000000000000000000e+00,0.000000000000000000e+00,0.000000000000000000e+00,0.000000000000000000e+00,0.000000000000000000e+00,0.000000000000000000e+00,0.000000000000000000e+00,0.000000000000000000e+00,0.000000000000000000e+00,0.000000000000000000e+00,0.000000000000000000e+00,0.000000000000000000e+00,0.000000000000000000e+00,0.000000000000000000e+00,0.000000000000000000e+00,0.000000000000000000e+00,0.000000000000000000e+00,0.000000000000000000e+00,0.000000000000000000e+00,0.000000000000000000e+00,0.000000000000000000e+00,0.000000000000000000e+00,0.000000000000000000e+00,0.000000000000000000e+00,0.000000000000000000e+00,0.000000000000000000e+00,0.000000000000000000e+00,0.000000000000000000e+00,0.000000000000000000e+00,0.000000000000000000e+00,0.000000000000000000e+00,0.000000000000000000e+00,0.000000000000000000e+00,0.000000000000000000e+00,0.000000000000000000e+00,0.000000000000000000e+00,0.000000000000000000e+00,0.000000000000000000e+00,0.000000000000000000e+00,0.000000000000000000e+00,0.000000000000000000e+00,0.000000000000000000e+00,0.000000000000000000e+00,0.000000000000000000e+00,0.000000000000000000e+00,0.000000000000000000e+00,0.000000000000000000e+00,0.000000000000000000e+00,0.000000000000000000e+00,0.000000000000000000e+00,0.000000000000000000e+00,0.000000000000000000e+00,0.000000000000000000e+00,0.000000000000000000e+00,0.000000000000000000e+00,0.000000000000000000e+00,0.000000000000000000e+00,0.000000000000000000e+00,0.000000000000000000e+00,0.000000000000000000e+00,0.000000000000000000e+00,0.000000000000000000e+00,0.000000000000000000e+00,0.000000000000000000e+00,0.000000000000000000e+00,0.000000000000000000e+00,0.000000000000000000e+00,0.000000000000000000e+00,0.000000000000000000e+00,0.000000000000000000e+00,0.000000000000000000e+00,0.000000000000000000e+00,0.000000000000000000e+00,0.000000000000000000e+00,0.000000000000000000e+00,0.000000000000000000e+00,0.000000000000000000e+00,0.000000000000000000e+00,0.000000000000000000e+00,0.000000000000000000e+00,0.000000000000000000e+00,0.000000000000000000e+00,0.000000000000000000e+00,0.000000000000000000e+00,0.000000000000000000e+00,0.000000000000000000e+00,0.000000000000000000e+00,0.000000000000000000e+00,0.000000000000000000e+00,0.000000000000000000e+00,0.000000000000000000e+00,0.000000000000000000e+00,0.000000000000000000e+00,0.000000000000000000e+00,0.000000000000000000e+00,0.000000000000000000e+00,0.000000000000000000e+00,0.000000000000000000e+00,0.000000000000000000e+00,0.000000000000000000e+00,0.000000000000000000e+00,0.000000000000000000e+00,0.000000000000000000e+00,0.000000000000000000e+00,0.000000000000000000e+00,0.000000000000000000e+00,0.000000000000000000e+00,0.000000000000000000e+00,0.000000000000000000e+00,0.000000000000000000e+00,0.000000000000000000e+00,0.000000000000000000e+00,0.000000000000000000e+00,0.000000000000000000e+00,0.000000000000000000e+00,0.000000000000000000e+00,0.000000000000000000e+00,0.000000000000000000e+00,0.000000000000000000e+00,0.000000000000000000e+00,0.000000000000000000e+00,0.000000000000000000e+00,0.000000000000000000e+00,0.000000000000000000e+00,0.000000000000000000e+00,0.000000000000000000e+00,0.000000000000000000e+00,0.000000000000000000e+00,0.000000000000000000e+00,0.000000000000000000e+00,0.000000000000000000e+00,0.000000000000000000e+00,0.000000000000000000e+00,0.000000000000000000e+00,0.000000000000000000e+00,0.000000000000000000e+00,0.000000000000000000e+00,0.000000000000000000e+00,0.000000000000000000e+00,0.000000000000000000e+00,0.000000000000000000e+00,0.000000000000000000e+00,0.000000000000000000e+00,0.000000000000000000e+00,0.000000000000000000e+00,0.000000000000000000e+00,0.000000000000000000e+00,0.000000000000000000e+00,0.000000000000000000e+00,0.000000000000000000e+00,0.000000000000000000e+00,0.000000000000000000e+00,0.000000000000000000e+00,0.000000000000000000e+00,0.000000000000000000e+00,0.000000000000000000e+00,0.000000000000000000e+00,0.000000000000000000e+00,0.000000000000000000e+00,0.000000000000000000e+00,0.000000000000000000e+00,0.000000000000000000e+00,0.000000000000000000e+00,0.000000000000000000e+00,0.000000000000000000e+00,0.000000000000000000e+00,0.000000000000000000e+00,0.000000000000000000e+00,0.000000000000000000e+00,0.000000000000000000e+00,0.000000000000000000e+00,0.000000000000000000e+00,0.000000000000000000e+00,0.000000000000000000e+00,0.000000000000000000e+00,0.000000000000000000e+00,0.000000000000000000e+00,0.000000000000000000e+00,0.000000000000000000e+00,0.000000000000000000e+00,0.000000000000000000e+00,0.000000000000000000e+00,0.000000000000000000e+00,0.000000000000000000e+00,0.000000000000000000e+00,0.000000000000000000e+00,0.000000000000000000e+00,0.000000000000000000e+00,0.000000000000000000e+00,0.000000000000000000e+00,0.000000000000000000e+00,0.000000000000000000e+00,0.000000000000000000e+00,0.000000000000000000e+00,0.000000000000000000e+00,0.000000000000000000e+00,0.000000000000000000e+00,0.000000000000000000e+00,0.000000000000000000e+00,0.000000000000000000e+00,0.000000000000000000e+00,0.000000000000000000e+00,0.000000000000000000e+00,0.000000000000000000e+00,0.000000000000000000e+00,0.000000000000000000e+00,0.000000000000000000e+00,0.000000000000000000e+00,0.000000000000000000e+00,0.000000000000000000e+00,0.000000000000000000e+00,0.000000000000000000e+00,0.000000000000000000e+00,0.000000000000000000e+00,0.000000000000000000e+00,0.000000000000000000e+00,0.000000000000000000e+00,0.000000000000000000e+00,0.000000000000000000e+00,0.000000000000000000e+00,0.000000000000000000e+00,0.000000000000000000e+00,0.000000000000000000e+00,0.000000000000000000e+00,0.000000000000000000e+00,0.000000000000000000e+00,0.000000000000000000e+00,0.000000000000000000e+00,0.000000000000000000e+00,0.000000000000000000e+00,0.000000000000000000e+00,0.000000000000000000e+00,0.000000000000000000e+00,0.000000000000000000e+00,0.000000000000000000e+00,0.000000000000000000e+00,0.000000000000000000e+00,0.000000000000000000e+00,0.000000000000000000e+00,0.000000000000000000e+00,0.000000000000000000e+00,0.000000000000000000e+00,0.000000000000000000e+00,0.000000000000000000e+00,0.000000000000000000e+00,0.000000000000000000e+00,0.000000000000000000e+00,0.000000000000000000e+00,0.000000000000000000e+00,0.000000000000000000e+00,0.000000000000000000e+00,0.000000000000000000e+00,0.000000000000000000e+00,0.000000000000000000e+00,0.000000000000000000e+00,0.000000000000000000e+00,0.000000000000000000e+00,0.000000000000000000e+00,0.000000000000000000e+00,0.000000000000000000e+00,0.000000000000000000e+00,0.000000000000000000e+00,0.000000000000000000e+00,0.000000000000000000e+00,0.000000000000000000e+00,0.000000000000000000e+00,0.000000000000000000e+00,0.000000000000000000e+00,0.000000000000000000e+00,0.000000000000000000e+00,0.000000000000000000e+00,0.000000000000000000e+00,0.000000000000000000e+00,0.000000000000000000e+00,0.000000000000000000e+00,0.000000000000000000e+00,0.000000000000000000e+00,0.000000000000000000e+00,0.000000000000000000e+00,0.000000000000000000e+00,0.000000000000000000e+00,0.000000000000000000e+00,0.000000000000000000e+00,0.000000000000000000e+00,0.000000000000000000e+00,0.000000000000000000e+00,0.000000000000000000e+00,0.000000000000000000e+00,0.000000000000000000e+00,0.000000000000000000e+00,0.000000000000000000e+00,0.000000000000000000e+00,0.000000000000000000e+00,0.000000000000000000e+00,0.000000000000000000e+00,0.000000000000000000e+00,0.000000000000000000e+00,0.000000000000000000e+00,0.000000000000000000e+00,0.000000000000000000e+00,0.000000000000000000e+00,0.000000000000000000e+00,0.000000000000000000e+00,0.000000000000000000e+00,0.000000000000000000e+00,0.000000000000000000e+00,0.000000000000000000e+00,0.000000000000000000e+00,0.000000000000000000e+00,0.000000000000000000e+00,0.000000000000000000e+00,0.000000000000000000e+00,0.000000000000000000e+00,0.000000000000000000e+00,0.000000000000000000e+00,0.000000000000000000e+00,0.000000000000000000e+00,0.000000000000000000e+00,0.000000000000000000e+00,0.000000000000000000e+00,0.000000000000000000e+00,0.000000000000000000e+00,0.000000000000000000e+00,0.000000000000000000e+00,0.000000000000000000e+00,0.000000000000000000e+00,0.000000000000000000e+00,0.000000000000000000e+00,0.000000000000000000e+00,0.000000000000000000e+00,0.000000000000000000e+00
0.000000000000000000e+00,0.000000000000000000e+00,0.000000000000000000e+00,0.000000000000000000e+00,0.000000000000000000e+00,0.000000000000000000e+00,0.000000000000000000e+00,0.000000000000000000e+00,0.000000000000000000e+00,0.000000000000000000e+00,0.000000000000000000e+00,0.000000000000000000e+00,0.000000000000000000e+00,0.000000000000000000e+00,0.000000000000000000e+00,0.000000000000000000e+00,0.000000000000000000e+00,0.000000000000000000e+00,0.000000000000000000e+00,0.000000000000000000e+00,0.000000000000000000e+00,0.000000000000000000e+00,0.000000000000000000e+00,0.000000000000000000e+00,0.000000000000000000e+00,0.000000000000000000e+00,0.000000000000000000e+00,0.000000000000000000e+00,0.000000000000000000e+00,0.000000000000000000e+00,0.000000000000000000e+00,0.000000000000000000e+00,0.000000000000000000e+00,0.000000000000000000e+00,0.000000000000000000e+00,0.000000000000000000e+00,0.000000000000000000e+00,0.000000000000000000e+00,0.000000000000000000e+00,0.000000000000000000e+00,0.000000000000000000e+00,0.000000000000000000e+00,0.000000000000000000e+00,0.000000000000000000e+00,0.000000000000000000e+00,0.000000000000000000e+00,0.000000000000000000e+00,0.000000000000000000e+00,0.000000000000000000e+00,0.000000000000000000e+00,0.000000000000000000e+00,0.000000000000000000e+00,0.000000000000000000e+00,0.000000000000000000e+00,0.000000000000000000e+00,0.000000000000000000e+00,0.000000000000000000e+00,0.000000000000000000e+00,0.000000000000000000e+00,0.000000000000000000e+00,0.000000000000000000e+00,0.000000000000000000e+00,0.000000000000000000e+00,0.000000000000000000e+00,0.000000000000000000e+00,0.000000000000000000e+00,0.000000000000000000e+00,0.000000000000000000e+00,0.000000000000000000e+00,0.000000000000000000e+00,0.000000000000000000e+00,0.000000000000000000e+00,0.000000000000000000e+00,0.000000000000000000e+00,0.000000000000000000e+00,0.000000000000000000e+00,0.000000000000000000e+00,0.000000000000000000e+00,0.000000000000000000e+00,0.000000000000000000e+00,0.000000000000000000e+00,0.000000000000000000e+00,0.000000000000000000e+00,0.000000000000000000e+00,0.000000000000000000e+00,0.000000000000000000e+00,0.000000000000000000e+00,0.000000000000000000e+00,0.000000000000000000e+00,0.000000000000000000e+00,0.000000000000000000e+00,0.000000000000000000e+00,0.000000000000000000e+00,0.000000000000000000e+00,0.000000000000000000e+00,0.000000000000000000e+00,0.000000000000000000e+00,0.000000000000000000e+00,0.000000000000000000e+00,0.000000000000000000e+00,0.000000000000000000e+00,0.000000000000000000e+00,0.000000000000000000e+00,0.000000000000000000e+00,0.000000000000000000e+00,0.000000000000000000e+00,0.000000000000000000e+00,0.000000000000000000e+00,0.000000000000000000e+00,0.000000000000000000e+00,0.000000000000000000e+00,0.000000000000000000e+00,0.000000000000000000e+00,0.000000000000000000e+00,0.000000000000000000e+00,0.000000000000000000e+00,0.000000000000000000e+00,0.000000000000000000e+00,0.000000000000000000e+00,0.000000000000000000e+00,0.000000000000000000e+00,0.000000000000000000e+00,0.000000000000000000e+00,0.000000000000000000e+00,0.000000000000000000e+00,0.000000000000000000e+00,0.000000000000000000e+00,0.000000000000000000e+00,0.000000000000000000e+00,0.000000000000000000e+00,0.000000000000000000e+00,0.000000000000000000e+00,0.000000000000000000e+00,0.000000000000000000e+00,0.000000000000000000e+00,0.000000000000000000e+00,0.000000000000000000e+00,0.000000000000000000e+00,0.000000000000000000e+00,0.000000000000000000e+00,0.000000000000000000e+00,0.000000000000000000e+00,0.000000000000000000e+00,0.000000000000000000e+00,0.000000000000000000e+00,0.000000000000000000e+00,0.000000000000000000e+00,0.000000000000000000e+00,0.000000000000000000e+00,0.000000000000000000e+00,0.000000000000000000e+00,0.000000000000000000e+00,0.000000000000000000e+00,0.000000000000000000e+00,0.000000000000000000e+00,0.000000000000000000e+00,0.000000000000000000e+00,0.000000000000000000e+00,0.000000000000000000e+00,0.000000000000000000e+00,0.000000000000000000e+00,0.000000000000000000e+00,0.000000000000000000e+00,0.000000000000000000e+00,0.000000000000000000e+00,0.000000000000000000e+00,0.000000000000000000e+00,0.000000000000000000e+00,0.000000000000000000e+00,0.000000000000000000e+00,0.000000000000000000e+00,0.000000000000000000e+00,0.000000000000000000e+00,0.000000000000000000e+00,0.000000000000000000e+00,0.000000000000000000e+00,0.000000000000000000e+00,0.000000000000000000e+00,0.000000000000000000e+00,0.000000000000000000e+00,0.000000000000000000e+00,0.000000000000000000e+00,0.000000000000000000e+00,0.000000000000000000e+00,0.000000000000000000e+00,0.000000000000000000e+00,0.000000000000000000e+00,0.000000000000000000e+00,0.000000000000000000e+00,0.000000000000000000e+00,0.000000000000000000e+00,0.000000000000000000e+00,0.000000000000000000e+00,0.000000000000000000e+00,0.000000000000000000e+00,0.000000000000000000e+00,0.000000000000000000e+00,0.000000000000000000e+00,0.000000000000000000e+00,0.000000000000000000e+00,0.000000000000000000e+00,0.000000000000000000e+00,0.000000000000000000e+00,0.000000000000000000e+00,0.000000000000000000e+00,0.000000000000000000e+00,0.000000000000000000e+00,0.000000000000000000e+00,0.000000000000000000e+00,0.000000000000000000e+00,0.000000000000000000e+00,0.000000000000000000e+00,0.000000000000000000e+00,0.000000000000000000e+00,0.000000000000000000e+00,0.000000000000000000e+00,0.000000000000000000e+00,0.000000000000000000e+00,0.000000000000000000e+00,0.000000000000000000e+00,0.000000000000000000e+00,0.000000000000000000e+00,0.000000000000000000e+00,0.000000000000000000e+00,0.000000000000000000e+00,0.000000000000000000e+00,0.000000000000000000e+00,0.000000000000000000e+00,0.000000000000000000e+00,0.000000000000000000e+00,0.000000000000000000e+00,0.000000000000000000e+00,0.000000000000000000e+00,0.000000000000000000e+00,0.000000000000000000e+00,0.000000000000000000e+00,0.000000000000000000e+00,0.000000000000000000e+00,0.000000000000000000e+00,0.000000000000000000e+00,0.000000000000000000e+00,0.000000000000000000e+00,0.000000000000000000e+00,0.000000000000000000e+00,0.000000000000000000e+00,0.000000000000000000e+00,0.000000000000000000e+00,0.000000000000000000e+00,0.000000000000000000e+00,0.000000000000000000e+00,0.000000000000000000e+00,0.000000000000000000e+00,0.000000000000000000e+00,0.000000000000000000e+00,0.000000000000000000e+00,0.000000000000000000e+00,0.000000000000000000e+00,0.000000000000000000e+00,0.000000000000000000e+00,0.000000000000000000e+00,0.000000000000000000e+00,0.000000000000000000e+00,0.000000000000000000e+00,0.000000000000000000e+00,0.000000000000000000e+00,0.000000000000000000e+00,0.000000000000000000e+00,0.000000000000000000e+00,0.000000000000000000e+00,0.000000000000000000e+00,0.000000000000000000e+00,0.000000000000000000e+00,0.000000000000000000e+00,0.000000000000000000e+00,0.000000000000000000e+00,0.000000000000000000e+00,0.000000000000000000e+00,0.000000000000000000e+00,0.000000000000000000e+00,0.000000000000000000e+00,0.000000000000000000e+00,0.000000000000000000e+00,0.000000000000000000e+00,0.000000000000000000e+00,0.000000000000000000e+00,0.000000000000000000e+00,0.000000000000000000e+00,0.000000000000000000e+00,0.000000000000000000e+00,0.000000000000000000e+00,0.000000000000000000e+00,0.000000000000000000e+00,0.000000000000000000e+00,0.000000000000000000e+00,0.000000000000000000e+00,0.000000000000000000e+00,0.000000000000000000e+00,0.000000000000000000e+00,0.000000000000000000e+00,0.000000000000000000e+00,0.000000000000000000e+00,0.000000000000000000e+00,0.000000000000000000e+00,0.000000000000000000e+00,0.000000000000000000e+00,0.000000000000000000e+00,0.000000000000000000e+00,0.000000000000000000e+00,0.000000000000000000e+00,0.000000000000000000e+00,0.000000000000000000e+00,0.000000000000000000e+00,0.000000000000000000e+00,0.000000000000000000e+00,0.000000000000000000e+00,0.000000000000000000e+00,0.000000000000000000e+00,0.000000000000000000e+00,0.000000000000000000e+00,0.000000000000000000e+00,0.000000000000000000e+00,0.000000000000000000e+00,0.000000000000000000e+00,0.000000000000000000e+00,0.000000000000000000e+00,0.000000000000000000e+00,0.000000000000000000e+00,0.000000000000000000e+00,0.000000000000000000e+00,0.000000000000000000e+00,0.000000000000000000e+00,0.000000000000000000e+00,0.000000000000000000e+00,0.000000000000000000e+00,0.000000000000000000e+00,0.000000000000000000e+00,0.000000000000000000e+00,0.000000000000000000e+00,0.000000000000000000e+00,0.000000000000000000e+00
0.000000000000000000e+00,0.000000000000000000e+00,0.000000000000000000e+00,0.000000000000000000e+00,0.000000000000000000e+00,0.000000000000000000e+00,0.000000000000000000e+00,0.000000000000000000e+00,0.000000000000000000e+00,0.000000000000000000e+00,0.000000000000000000e+00,0.000000000000000000e+00,0.000000000000000000e+00,0.000000000000000000e+00,0.000000000000000000e+00,0.000000000000000000e+00,0.000000000000000000e+00,0.000000000000000000e+00,0.000000000000000000e+00,0.000000000000000000e+00,0.000000000000000000e+00,0.000000000000000000e+00,0.000000000000000000e+00,0.000000000000000000e+00,0.000000000000000000e+00,0.000000000000000000e+00,0.000000000000000000e+00,0.000000000000000000e+00,0.000000000000000000e+00,0.000000000000000000e+00,0.000000000000000000e+00,0.000000000000000000e+00,0.000000000000000000e+00,0.000000000000000000e+00,0.000000000000000000e+00,0.000000000000000000e+00,0.000000000000000000e+00,0.000000000000000000e+00,0.000000000000000000e+00,0.000000000000000000e+00,0.000000000000000000e+00,0.000000000000000000e+00,0.000000000000000000e+00,0.000000000000000000e+00,0.000000000000000000e+00,0.000000000000000000e+00,0.000000000000000000e+00,0.000000000000000000e+00,0.000000000000000000e+00,0.000000000000000000e+00,0.000000000000000000e+00,0.000000000000000000e+00,0.000000000000000000e+00,0.000000000000000000e+00,0.000000000000000000e+00,0.000000000000000000e+00,0.000000000000000000e+00,0.000000000000000000e+00,0.000000000000000000e+00,0.000000000000000000e+00,0.000000000000000000e+00,0.000000000000000000e+00,0.000000000000000000e+00,0.000000000000000000e+00,0.000000000000000000e+00,0.000000000000000000e+00,0.000000000000000000e+00,0.000000000000000000e+00,0.000000000000000000e+00,0.000000000000000000e+00,0.000000000000000000e+00,0.000000000000000000e+00,0.000000000000000000e+00,0.000000000000000000e+00,0.000000000000000000e+00,0.000000000000000000e+00,0.000000000000000000e+00,0.000000000000000000e+00,0.000000000000000000e+00,0.000000000000000000e+00,0.000000000000000000e+00,0.000000000000000000e+00,0.000000000000000000e+00,0.000000000000000000e+00,0.000000000000000000e+00,0.000000000000000000e+00,0.000000000000000000e+00,0.000000000000000000e+00,0.000000000000000000e+00,0.000000000000000000e+00,0.000000000000000000e+00,0.000000000000000000e+00,0.000000000000000000e+00,0.000000000000000000e+00,0.000000000000000000e+00,0.000000000000000000e+00,0.000000000000000000e+00,0.000000000000000000e+00,0.000000000000000000e+00,0.000000000000000000e+00,0.000000000000000000e+00,0.000000000000000000e+00,0.000000000000000000e+00,0.000000000000000000e+00,0.000000000000000000e+00,0.000000000000000000e+00,0.000000000000000000e+00,0.000000000000000000e+00,0.000000000000000000e+00,0.000000000000000000e+00,0.000000000000000000e+00,0.000000000000000000e+00,0.000000000000000000e+00,0.000000000000000000e+00,0.000000000000000000e+00,0.000000000000000000e+00,0.000000000000000000e+00,0.000000000000000000e+00,0.000000000000000000e+00,0.000000000000000000e+00,0.000000000000000000e+00,0.000000000000000000e+00,0.000000000000000000e+00,0.000000000000000000e+00,0.000000000000000000e+00,0.000000000000000000e+00,0.000000000000000000e+00,0.000000000000000000e+00,0.000000000000000000e+00,0.000000000000000000e+00,0.000000000000000000e+00,0.000000000000000000e+00,0.000000000000000000e+00,0.000000000000000000e+00,0.000000000000000000e+00,0.000000000000000000e+00,0.000000000000000000e+00,0.000000000000000000e+00,0.000000000000000000e+00,0.000000000000000000e+00,0.000000000000000000e+00,0.000000000000000000e+00,0.000000000000000000e+00,0.000000000000000000e+00,0.000000000000000000e+00,0.000000000000000000e+00,0.000000000000000000e+00,0.000000000000000000e+00,0.000000000000000000e+00,0.000000000000000000e+00,0.000000000000000000e+00,0.000000000000000000e+00,0.000000000000000000e+00,0.000000000000000000e+00,0.000000000000000000e+00,0.000000000000000000e+00,0.000000000000000000e+00,0.000000000000000000e+00,0.000000000000000000e+00,0.000000000000000000e+00,0.000000000000000000e+00,0.000000000000000000e+00,0.000000000000000000e+00,0.000000000000000000e+00,0.000000000000000000e+00,0.000000000000000000e+00,0.000000000000000000e+00,0.000000000000000000e+00,0.000000000000000000e+00,0.000000000000000000e+00,0.000000000000000000e+00,0.000000000000000000e+00,0.000000000000000000e+00,0.000000000000000000e+00,0.000000000000000000e+00,0.000000000000000000e+00,0.000000000000000000e+00,0.000000000000000000e+00,0.000000000000000000e+00,0.000000000000000000e+00,0.000000000000000000e+00,0.000000000000000000e+00,0.000000000000000000e+00,0.000000000000000000e+00,0.000000000000000000e+00,0.000000000000000000e+00,0.000000000000000000e+00,0.000000000000000000e+00,0.000000000000000000e+00,0.000000000000000000e+00,0.000000000000000000e+00,0.000000000000000000e+00,0.000000000000000000e+00,0.000000000000000000e+00,0.000000000000000000e+00,0.000000000000000000e+00,0.000000000000000000e+00,0.000000000000000000e+00,0.000000000000000000e+00,0.000000000000000000e+00,0.000000000000000000e+00,0.000000000000000000e+00,0.000000000000000000e+00,0.000000000000000000e+00,0.000000000000000000e+00,0.000000000000000000e+00,0.000000000000000000e+00,0.000000000000000000e+00,0.000000000000000000e+00,0.000000000000000000e+00,0.000000000000000000e+00,0.000000000000000000e+00,0.000000000000000000e+00,0.000000000000000000e+00,0.000000000000000000e+00,0.000000000000000000e+00,0.000000000000000000e+00,0.000000000000000000e+00,0.000000000000000000e+00,0.000000000000000000e+00,0.000000000000000000e+00,0.000000000000000000e+00,0.000000000000000000e+00,0.000000000000000000e+00,0.000000000000000000e+00,0.000000000000000000e+00,0.000000000000000000e+00,0.000000000000000000e+00,0.000000000000000000e+00,0.000000000000000000e+00,0.000000000000000000e+00,0.000000000000000000e+00,0.000000000000000000e+00,0.000000000000000000e+00,0.000000000000000000e+00,0.000000000000000000e+00,0.000000000000000000e+00,0.000000000000000000e+00,0.000000000000000000e+00,0.000000000000000000e+00,0.000000000000000000e+00,0.000000000000000000e+00,0.000000000000000000e+00,0.000000000000000000e+00,0.000000000000000000e+00,0.000000000000000000e+00,0.000000000000000000e+00,0.000000000000000000e+00,0.000000000000000000e+00,0.000000000000000000e+00,0.000000000000000000e+00,0.000000000000000000e+00,0.000000000000000000e+00,0.000000000000000000e+00,0.000000000000000000e+00,0.000000000000000000e+00,0.000000000000000000e+00,0.000000000000000000e+00,0.000000000000000000e+00,0.000000000000000000e+00,0.000000000000000000e+00,0.000000000000000000e+00,0.000000000000000000e+00,0.000000000000000000e+00,0.000000000000000000e+00,0.000000000000000000e+00,0.000000000000000000e+00,0.000000000000000000e+00,0.000000000000000000e+00,0.000000000000000000e+00,0.000000000000000000e+00,0.000000000000000000e+00,0.000000000000000000e+00,0.000000000000000000e+00,0.000000000000000000e+00,0.000000000000000000e+00,0.000000000000000000e+00,0.000000000000000000e+00,0.000000000000000000e+00,0.000000000000000000e+00,0.000000000000000000e+00,0.000000000000000000e+00,0.000000000000000000e+00,0.000000000000000000e+00,0.000000000000000000e+00,0.000000000000000000e+00,0.000000000000000000e+00,0.000000000000000000e+00,0.000000000000000000e+00,0.000000000000000000e+00,0.000000000000000000e+00,0.000000000000000000e+00,0.000000000000000000e+00,0.000000000000000000e+00,0.000000000000000000e+00,0.000000000000000000e+00,0.000000000000000000e+00,0.000000000000000000e+00,0.000000000000000000e+00,0.000000000000000000e+00,0.000000000000000000e+00,0.000000000000000000e+00,0.000000000000000000e+00,0.000000000000000000e+00,0.000000000000000000e+00,0.000000000000000000e+00,0.000000000000000000e+00,0.000000000000000000e+00,0.000000000000000000e+00,0.000000000000000000e+00,0.000000000000000000e+00,0.000000000000000000e+00,0.000000000000000000e+00,0.000000000000000000e+00,0.000000000000000000e+00,0.000000000000000000e+00,0.000000000000000000e+00,0.000000000000000000e+00,0.000000000000000000e+00,0.000000000000000000e+00,0.000000000000000000e+00,0.000000000000000000e+00,0.000000000000000000e+00,0.000000000000000000e+00,0.000000000000000000e+00,0.000000000000000000e+00,0.000000000000000000e+00,0.000000000000000000e+00,0.000000000000000000e+00,0.000000000000000000e+00,0.000000000000000000e+00,0.000000000000000000e+00,0.000000000000000000e+00,0.000000000000000000e+00,0.000000000000000000e+00,0.000000000000000000e+00,0.000000000000000000e+00,0.000000000000000000e+00,0.000000000000000000e+00,0.000000000000000000e+00
0.000000000000000000e+00,0.000000000000000000e+00,0.000000000000000000e+00,0.000000000000000000e+00,0.000000000000000000e+00,0.000000000000000000e+00,0.000000000000000000e+00,0.000000000000000000e+00,0.000000000000000000e+00,0.000000000000000000e+00,0.000000000000000000e+00,0.000000000000000000e+00,0.000000000000000000e+00,0.000000000000000000e+00,0.000000000000000000e+00,0.000000000000000000e+00,0.000000000000000000e+00,0.000000000000000000e+00,0.000000000000000000e+00,0.000000000000000000e+00,0.000000000000000000e+00,0.000000000000000000e+00,0.000000000000000000e+00,0.000000000000000000e+00,0.000000000000000000e+00,0.000000000000000000e+00,0.000000000000000000e+00,0.000000000000000000e+00,0.000000000000000000e+00,0.000000000000000000e+00,0.000000000000000000e+00,0.000000000000000000e+00,0.000000000000000000e+00,0.000000000000000000e+00,0.000000000000000000e+00,0.000000000000000000e+00,0.000000000000000000e+00,0.000000000000000000e+00,0.000000000000000000e+00,0.000000000000000000e+00,0.000000000000000000e+00,0.000000000000000000e+00,0.000000000000000000e+00,0.000000000000000000e+00,0.000000000000000000e+00,0.000000000000000000e+00,0.000000000000000000e+00,0.000000000000000000e+00,0.000000000000000000e+00,0.000000000000000000e+00,0.000000000000000000e+00,0.000000000000000000e+00,0.000000000000000000e+00,0.000000000000000000e+00,0.000000000000000000e+00,0.000000000000000000e+00,0.000000000000000000e+00,0.000000000000000000e+00,0.000000000000000000e+00,0.000000000000000000e+00,0.000000000000000000e+00,0.000000000000000000e+00,0.000000000000000000e+00,0.000000000000000000e+00,0.000000000000000000e+00,0.000000000000000000e+00,0.000000000000000000e+00,0.000000000000000000e+00,0.000000000000000000e+00,0.000000000000000000e+00,0.000000000000000000e+00,0.000000000000000000e+00,0.000000000000000000e+00,0.000000000000000000e+00,0.000000000000000000e+00,0.000000000000000000e+00,0.000000000000000000e+00,0.000000000000000000e+00,0.000000000000000000e+00,0.000000000000000000e+00,0.000000000000000000e+00,0.000000000000000000e+00,0.000000000000000000e+00,0.000000000000000000e+00,0.000000000000000000e+00,0.000000000000000000e+00,0.000000000000000000e+00,0.000000000000000000e+00,0.000000000000000000e+00,0.000000000000000000e+00,0.000000000000000000e+00,0.000000000000000000e+00,0.000000000000000000e+00,0.000000000000000000e+00,0.000000000000000000e+00,0.000000000000000000e+00,0.000000000000000000e+00,0.000000000000000000e+00,0.000000000000000000e+00,0.000000000000000000e+00,0.000000000000000000e+00,0.000000000000000000e+00,0.000000000000000000e+00,0.000000000000000000e+00,0.000000000000000000e+00,0.000000000000000000e+00,0.000000000000000000e+00,0.000000000000000000e+00,0.000000000000000000e+00,0.000000000000000000e+00,0.000000000000000000e+00,0.000000000000000000e+00,0.000000000000000000e+00,0.000000000000000000e+00,0.000000000000000000e+00,0.000000000000000000e+00,0.000000000000000000e+00,0.000000000000000000e+00,0.000000000000000000e+00,0.000000000000000000e+00,0.000000000000000000e+00,0.000000000000000000e+00,0.000000000000000000e+00,0.000000000000000000e+00,0.000000000000000000e+00,0.000000000000000000e+00,0.000000000000000000e+00,0.000000000000000000e+00,0.000000000000000000e+00,0.000000000000000000e+00,0.000000000000000000e+00,0.000000000000000000e+00,0.000000000000000000e+00,0.000000000000000000e+00,0.000000000000000000e+00,0.000000000000000000e+00,0.000000000000000000e+00,0.000000000000000000e+00,0.000000000000000000e+00,0.000000000000000000e+00,0.000000000000000000e+00,0.000000000000000000e+00,0.000000000000000000e+00,0.000000000000000000e+00,0.000000000000000000e+00,0.000000000000000000e+00,0.000000000000000000e+00,0.000000000000000000e+00,0.000000000000000000e+00,0.000000000000000000e+00,0.000000000000000000e+00,0.000000000000000000e+00,0.000000000000000000e+00,0.000000000000000000e+00,0.000000000000000000e+00,0.000000000000000000e+00,0.000000000000000000e+00,0.000000000000000000e+00,0.000000000000000000e+00,0.000000000000000000e+00,0.000000000000000000e+00,0.000000000000000000e+00,0.000000000000000000e+00,0.000000000000000000e+00,0.000000000000000000e+00,0.000000000000000000e+00,0.000000000000000000e+00,0.000000000000000000e+00,0.000000000000000000e+00,0.000000000000000000e+00,0.000000000000000000e+00,0.000000000000000000e+00,0.000000000000000000e+00,0.000000000000000000e+00,0.000000000000000000e+00,0.000000000000000000e+00,0.000000000000000000e+00,0.000000000000000000e+00,0.000000000000000000e+00,0.000000000000000000e+00,0.000000000000000000e+00,0.000000000000000000e+00,0.000000000000000000e+00,0.000000000000000000e+00,0.000000000000000000e+00,0.000000000000000000e+00,0.000000000000000000e+00,0.000000000000000000e+00,0.000000000000000000e+00,0.000000000000000000e+00,0.000000000000000000e+00,0.000000000000000000e+00,0.000000000000000000e+00,0.000000000000000000e+00,0.000000000000000000e+00,0.000000000000000000e+00,0.000000000000000000e+00,0.000000000000000000e+00,0.000000000000000000e+00,0.000000000000000000e+00,0.000000000000000000e+00,0.000000000000000000e+00,0.000000000000000000e+00,0.000000000000000000e+00,0.000000000000000000e+00,0.000000000000000000e+00,0.000000000000000000e+00,0.000000000000000000e+00,0.000000000000000000e+00,0.000000000000000000e+00,0.000000000000000000e+00,0.000000000000000000e+00,0.000000000000000000e+00,0.000000000000000000e+00,0.000000000000000000e+00,0.000000000000000000e+00,0.000000000000000000e+00,0.000000000000000000e+00,0.000000000000000000e+00,0.000000000000000000e+00,0.000000000000000000e+00,0.000000000000000000e+00,0.000000000000000000e+00,0.000000000000000000e+00,0.000000000000000000e+00,0.000000000000000000e+00,0.000000000000000000e+00,0.000000000000000000e+00,0.000000000000000000e+00,0.000000000000000000e+00,0.000000000000000000e+00,0.000000000000000000e+00,0.000000000000000000e+00,0.000000000000000000e+00,0.000000000000000000e+00,0.000000000000000000e+00,0.000000000000000000e+00,0.000000000000000000e+00,0.000000000000000000e+00,0.000000000000000000e+00,0.000000000000000000e+00,0.000000000000000000e+00,0.000000000000000000e+00,0.000000000000000000e+00,0.000000000000000000e+00,0.000000000000000000e+00,0.000000000000000000e+00,0.000000000000000000e+00,0.000000000000000000e+00,0.000000000000000000e+00,0.000000000000000000e+00,0.000000000000000000e+00,0.000000000000000000e+00,0.000000000000000000e+00,0.000000000000000000e+00,0.000000000000000000e+00,0.000000000000000000e+00,0.000000000000000000e+00,0.000000000000000000e+00,0.000000000000000000e+00,0.000000000000000000e+00,0.000000000000000000e+00,0.000000000000000000e+00,0.000000000000000000e+00,0.000000000000000000e+00,0.000000000000000000e+00,0.000000000000000000e+00,0.000000000000000000e+00,0.000000000000000000e+00,0.000000000000000000e+00,0.000000000000000000e+00,0.000000000000000000e+00,0.000000000000000000e+00,0.000000000000000000e+00,0.000000000000000000e+00,0.000000000000000000e+00,0.000000000000000000e+00,0.000000000000000000e+00,0.000000000000000000e+00,0.000000000000000000e+00,0.000000000000000000e+00,0.000000000000000000e+00,0.000000000000000000e+00,0.000000000000000000e+00,0.000000000000000000e+00,0.000000000000000000e+00,0.000000000000000000e+00,0.000000000000000000e+00,0.000000000000000000e+00,0.000000000000000000e+00,0.000000000000000000e+00,0.000000000000000000e+00,0.000000000000000000e+00,0.000000000000000000e+00,0.000000000000000000e+00,0.000000000000000000e+00,0.000000000000000000e+00,0.000000000000000000e+00,0.000000000000000000e+00,0.000000000000000000e+00,0.000000000000000000e+00,0.000000000000000000e+00,0.000000000000000000e+00,0.000000000000000000e+00,0.000000000000000000e+00,0.000000000000000000e+00,0.000000000000000000e+00,0.000000000000000000e+00,0.000000000000000000e+00,0.000000000000000000e+00,0.000000000000000000e+00,0.000000000000000000e+00,0.000000000000000000e+00,0.000000000000000000e+00,0.000000000000000000e+00,0.000000000000000000e+00,0.000000000000000000e+00,0.000000000000000000e+00,0.000000000000000000e+00,0.000000000000000000e+00,0.000000000000000000e+00,0.000000000000000000e+00,0.000000000000000000e+00,0.000000000000000000e+00,0.000000000000000000e+00,0.000000000000000000e+00,0.000000000000000000e+00,0.000000000000000000e+00,0.000000000000000000e+00,0.000000000000000000e+00,0.000000000000000000e+00,0.000000000000000000e+00,0.000000000000000000e+00,0.000000000000000000e+00,0.000000000000000000e+00,0.000000000000000000e+00,0.000000000000000000e+00,0.000000000000000000e+00,0.000000000000000000e+00,0.000000000000000000e+00
0.000000000000000000e+00,0.000000000000000000e+00,0.000000000000000000e+00,0.000000000000000000e+00,0.000000000000000000e+00,0.000000000000000000e+00,0.000000000000000000e+00,0.000000000000000000e+00,0.000000000000000000e+00,0.000000000000000000e+00,0.000000000000000000e+00,0.000000000000000000e+00,0.000000000000000000e+00,0.000000000000000000e+00,0.000000000000000000e+00,0.000000000000000000e+00,0.000000000000000000e+00,0.000000000000000000e+00,0.000000000000000000e+00,0.000000000000000000e+00,0.000000000000000000e+00,0.000000000000000000e+00,0.000000000000000000e+00,0.000000000000000000e+00,0.000000000000000000e+00,0.000000000000000000e+00,0.000000000000000000e+00,0.000000000000000000e+00,0.000000000000000000e+00,0.000000000000000000e+00,0.000000000000000000e+00,0.000000000000000000e+00,0.000000000000000000e+00,0.000000000000000000e+00,0.000000000000000000e+00,0.000000000000000000e+00,0.000000000000000000e+00,0.000000000000000000e+00,0.000000000000000000e+00,0.000000000000000000e+00,0.000000000000000000e+00,0.000000000000000000e+00,0.000000000000000000e+00,0.000000000000000000e+00,0.000000000000000000e+00,0.000000000000000000e+00,0.000000000000000000e+00,0.000000000000000000e+00,0.000000000000000000e+00,0.000000000000000000e+00,0.000000000000000000e+00,0.000000000000000000e+00,0.000000000000000000e+00,0.000000000000000000e+00,0.000000000000000000e+00,0.000000000000000000e+00,0.000000000000000000e+00,0.000000000000000000e+00,0.000000000000000000e+00,0.000000000000000000e+00,0.000000000000000000e+00,0.000000000000000000e+00,0.000000000000000000e+00,0.000000000000000000e+00,0.000000000000000000e+00,0.000000000000000000e+00,0.000000000000000000e+00,0.000000000000000000e+00,0.000000000000000000e+00,0.000000000000000000e+00,0.000000000000000000e+00,0.000000000000000000e+00,0.000000000000000000e+00,0.000000000000000000e+00,0.000000000000000000e+00,0.000000000000000000e+00,0.000000000000000000e+00,0.000000000000000000e+00,0.000000000000000000e+00,0.000000000000000000e+00,0.000000000000000000e+00,0.000000000000000000e+00,0.000000000000000000e+00,0.000000000000000000e+00,0.000000000000000000e+00,0.000000000000000000e+00,0.000000000000000000e+00,0.000000000000000000e+00,0.000000000000000000e+00,0.000000000000000000e+00,0.000000000000000000e+00,0.000000000000000000e+00,0.000000000000000000e+00,0.000000000000000000e+00,0.000000000000000000e+00,0.000000000000000000e+00,0.000000000000000000e+00,0.000000000000000000e+00,0.000000000000000000e+00,0.000000000000000000e+00,0.000000000000000000e+00,0.000000000000000000e+00,0.000000000000000000e+00,0.000000000000000000e+00,0.000000000000000000e+00,0.000000000000000000e+00,0.000000000000000000e+00,0.000000000000000000e+00,0.000000000000000000e+00,0.000000000000000000e+00,0.000000000000000000e+00,0.000000000000000000e+00,0.000000000000000000e+00,0.000000000000000000e+00,0.000000000000000000e+00,0.000000000000000000e+00,0.000000000000000000e+00,0.000000000000000000e+00,0.000000000000000000e+00,0.000000000000000000e+00,0.000000000000000000e+00,0.000000000000000000e+00,0.000000000000000000e+00,0.000000000000000000e+00,0.000000000000000000e+00,0.000000000000000000e+00,0.000000000000000000e+00,0.000000000000000000e+00,0.000000000000000000e+00,0.000000000000000000e+00,0.000000000000000000e+00,0.000000000000000000e+00,0.000000000000000000e+00,0.000000000000000000e+00,0.000000000000000000e+00,0.000000000000000000e+00,0.000000000000000000e+00,0.000000000000000000e+00,0.000000000000000000e+00,0.000000000000000000e+00,0.000000000000000000e+00,0.000000000000000000e+00,0.000000000000000000e+00,0.000000000000000000e+00,0.000000000000000000e+00,0.000000000000000000e+00,0.000000000000000000e+00,0.000000000000000000e+00,0.000000000000000000e+00,0.000000000000000000e+00,0.000000000000000000e+00,0.000000000000000000e+00,0.000000000000000000e+00,0.000000000000000000e+00,0.000000000000000000e+00,0.000000000000000000e+00,0.000000000000000000e+00,0.000000000000000000e+00,0.000000000000000000e+00,0.000000000000000000e+00,0.000000000000000000e+00,0.000000000000000000e+00,0.000000000000000000e+00,0.000000000000000000e+00,0.000000000000000000e+00,0.000000000000000000e+00,0.000000000000000000e+00,0.000000000000000000e+00,0.000000000000000000e+00,0.000000000000000000e+00,0.000000000000000000e+00,0.000000000000000000e+00,0.000000000000000000e+00,0.000000000000000000e+00,0.000000000000000000e+00,0.000000000000000000e+00,0.000000000000000000e+00,0.000000000000000000e+00,0.000000000000000000e+00,0.000000000000000000e+00,0.000000000000000000e+00,0.000000000000000000e+00,0.000000000000000000e+00,0.000000000000000000e+00,0.000000000000000000e+00,0.000000000000000000e+00,0.000000000000000000e+00,0.000000000000000000e+00,0.000000000000000000e+00,0.000000000000000000e+00,0.000000000000000000e+00,0.000000000000000000e+00,0.000000000000000000e+00,0.000000000000000000e+00,0.000000000000000000e+00,0.000000000000000000e+00,0.000000000000000000e+00,0.000000000000000000e+00,0.000000000000000000e+00,0.000000000000000000e+00,0.000000000000000000e+00,0.000000000000000000e+00,0.000000000000000000e+00,0.000000000000000000e+00,0.000000000000000000e+00,0.000000000000000000e+00,0.000000000000000000e+00,0.000000000000000000e+00,0.000000000000000000e+00,0.000000000000000000e+00,0.000000000000000000e+00,0.000000000000000000e+00,0.000000000000000000e+00,0.000000000000000000e+00,0.000000000000000000e+00,0.000000000000000000e+00,0.000000000000000000e+00,0.000000000000000000e+00,0.000000000000000000e+00,0.000000000000000000e+00,0.000000000000000000e+00,0.000000000000000000e+00,0.000000000000000000e+00,0.000000000000000000e+00,0.000000000000000000e+00,0.000000000000000000e+00,0.000000000000000000e+00,0.000000000000000000e+00,0.000000000000000000e+00,0.000000000000000000e+00,0.000000000000000000e+00,0.000000000000000000e+00,0.000000000000000000e+00,0.000000000000000000e+00,0.000000000000000000e+00,0.000000000000000000e+00,0.000000000000000000e+00,0.000000000000000000e+00,0.000000000000000000e+00,0.000000000000000000e+00,0.000000000000000000e+00,0.000000000000000000e+00,0.000000000000000000e+00,0.000000000000000000e+00,0.000000000000000000e+00,0.000000000000000000e+00,0.000000000000000000e+00,0.000000000000000000e+00,0.000000000000000000e+00,0.000000000000000000e+00,0.000000000000000000e+00,0.000000000000000000e+00,0.000000000000000000e+00,0.000000000000000000e+00,0.000000000000000000e+00,0.000000000000000000e+00,0.000000000000000000e+00,0.000000000000000000e+00,0.000000000000000000e+00,0.000000000000000000e+00,0.000000000000000000e+00,0.000000000000000000e+00,0.000000000000000000e+00,0.000000000000000000e+00,0.000000000000000000e+00,0.000000000000000000e+00,0.000000000000000000e+00,0.000000000000000000e+00,0.000000000000000000e+00,0.000000000000000000e+00,0.000000000000000000e+00,0.000000000000000000e+00,0.000000000000000000e+00,0.000000000000000000e+00,0.000000000000000000e+00,0.000000000000000000e+00,0.000000000000000000e+00,0.000000000000000000e+00,0.000000000000000000e+00,0.000000000000000000e+00,0.000000000000000000e+00,0.000000000000000000e+00,0.000000000000000000e+00,0.000000000000000000e+00,0.000000000000000000e+00,0.000000000000000000e+00,0.000000000000000000e+00,0.000000000000000000e+00,0.000000000000000000e+00,0.000000000000000000e+00,0.000000000000000000e+00,0.000000000000000000e+00,0.000000000000000000e+00,0.000000000000000000e+00,0.000000000000000000e+00,0.000000000000000000e+00,0.000000000000000000e+00,0.000000000000000000e+00,0.000000000000000000e+00,0.000000000000000000e+00,0.000000000000000000e+00,0.000000000000000000e+00,0.000000000000000000e+00,0.000000000000000000e+00,0.000000000000000000e+00,0.000000000000000000e+00,0.000000000000000000e+00,0.000000000000000000e+00,0.000000000000000000e+00,0.000000000000000000e+00,0.000000000000000000e+00,0.000000000000000000e+00,0.000000000000000000e+00,0.000000000000000000e+00,0.000000000000000000e+00,0.000000000000000000e+00,0.000000000000000000e+00,0.000000000000000000e+00,0.000000000000000000e+00,0.000000000000000000e+00,0.000000000000000000e+00,0.000000000000000000e+00,0.000000000000000000e+00,0.000000000000000000e+00,0.000000000000000000e+00,0.000000000000000000e+00,0.000000000000000000e+00,0.000000000000000000e+00,0.000000000000000000e+00,0.000000000000000000e+00,0.000000000000000000e+00,0.000000000000000000e+00,0.000000000000000000e+00,0.000000000000000000e+00,0.000000000000000000e+00,0.000000000000000000e+00,0.000000000000000000e+00,0.000000000000000000e+00,0.000000000000000000e+00,0.000000000000000000e+00
0.000000000000000000e+00,0.000000000000000000e+00,0.000000000000000000e+00,0.000000000000000000e+00,0.000000000000000000e+00,0.000000000000000000e+00,0.000000000000000000e+00,0.000000000000000000e+00,0.000000000000000000e+00,0.000000000000000000e+00,0.000000000000000000e+00,0.000000000000000000e+00,0.000000000000000000e+00,0.000000000000000000e+00,0.000000000000000000e+00,0.000000000000000000e+00,0.000000000000000000e+00,0.000000000000000000e+00,0.000000000000000000e+00,0.000000000000000000e+00,0.000000000000000000e+00,0.000000000000000000e+00,0.000000000000000000e+00,0.000000000000000000e+00,0.000000000000000000e+00,0.000000000000000000e+00,0.000000000000000000e+00,0.000000000000000000e+00,0.000000000000000000e+00,0.000000000000000000e+00,0.000000000000000000e+00,0.000000000000000000e+00,0.000000000000000000e+00,0.000000000000000000e+00,0.000000000000000000e+00,0.000000000000000000e+00,0.000000000000000000e+00,0.000000000000000000e+00,0.000000000000000000e+00,0.000000000000000000e+00,0.000000000000000000e+00,0.000000000000000000e+00,0.000000000000000000e+00,0.000000000000000000e+00,0.000000000000000000e+00,0.000000000000000000e+00,0.000000000000000000e+00,0.000000000000000000e+00,0.000000000000000000e+00,0.000000000000000000e+00,0.000000000000000000e+00,0.000000000000000000e+00,0.000000000000000000e+00,0.000000000000000000e+00,0.000000000000000000e+00,0.000000000000000000e+00,0.000000000000000000e+00,0.000000000000000000e+00,0.000000000000000000e+00,0.000000000000000000e+00,0.000000000000000000e+00,0.000000000000000000e+00,0.000000000000000000e+00,0.000000000000000000e+00,0.000000000000000000e+00,0.000000000000000000e+00,0.000000000000000000e+00,0.000000000000000000e+00,0.000000000000000000e+00,0.000000000000000000e+00,0.000000000000000000e+00,0.000000000000000000e+00,0.000000000000000000e+00,0.000000000000000000e+00,0.000000000000000000e+00,0.000000000000000000e+00,0.000000000000000000e+00,0.000000000000000000e+00,0.000000000000000000e+00,0.000000000000000000e+00,0.000000000000000000e+00,0.000000000000000000e+00,0.000000000000000000e+00,0.000000000000000000e+00,0.000000000000000000e+00,0.000000000000000000e+00,0.000000000000000000e+00,0.000000000000000000e+00,0.000000000000000000e+00,0.000000000000000000e+00,0.000000000000000000e+00,0.000000000000000000e+00,0.000000000000000000e+00,0.000000000000000000e+00,0.000000000000000000e+00,0.000000000000000000e+00,0.000000000000000000e+00,0.000000000000000000e+00,0.000000000000000000e+00,0.000000000000000000e+00,0.000000000000000000e+00,0.000000000000000000e+00,0.000000000000000000e+00,0.000000000000000000e+00,0.000000000000000000e+00,0.000000000000000000e+00,0.000000000000000000e+00,0.000000000000000000e+00,0.000000000000000000e+00,0.000000000000000000e+00,0.000000000000000000e+00,0.000000000000000000e+00,0.000000000000000000e+00,0.000000000000000000e+00,0.000000000000000000e+00,0.000000000000000000e+00,0.000000000000000000e+00,0.000000000000000000e+00,0.000000000000000000e+00,0.000000000000000000e+00,0.000000000000000000e+00,0.000000000000000000e+00,0.000000000000000000e+00,0.000000000000000000e+00,0.000000000000000000e+00,0.000000000000000000e+00,0.000000000000000000e+00,0.000000000000000000e+00,0.000000000000000000e+00,0.000000000000000000e+00,0.000000000000000000e+00,0.000000000000000000e+00,0.000000000000000000e+00,0.000000000000000000e+00,0.000000000000000000e+00,0.000000000000000000e+00,0.000000000000000000e+00,0.000000000000000000e+00,0.000000000000000000e+00,0.000000000000000000e+00,0.000000000000000000e+00,0.000000000000000000e+00,0.000000000000000000e+00,0.000000000000000000e+00,0.000000000000000000e+00,0.000000000000000000e+00,0.000000000000000000e+00,0.000000000000000000e+00,0.000000000000000000e+00,0.000000000000000000e+00,0.000000000000000000e+00,0.000000000000000000e+00,0.000000000000000000e+00,0.000000000000000000e+00,0.000000000000000000e+00,0.000000000000000000e+00,0.000000000000000000e+00,0.000000000000000000e+00,0.000000000000000000e+00,0.000000000000000000e+00,0.000000000000000000e+00,0.000000000000000000e+00,0.000000000000000000e+00,0.000000000000000000e+00,0.000000000000000000e+00,0.000000000000000000e+00,0.000000000000000000e+00,0.000000000000000000e+00,0.000000000000000000e+00,0.000000000000000000e+00,0.000000000000000000e+00,0.000000000000000000e+00,0.000000000000000000e+00,0.000000000000000000e+00,0.000000000000000000e+00,0.000000000000000000e+00,0.000000000000000000e+00,0.000000000000000000e+00,0.000000000000000000e+00,0.000000000000000000e+00,0.000000000000000000e+00,0.000000000000000000e+00,0.000000000000000000e+00,0.000000000000000000e+00,0.000000000000000000e+00,0.000000000000000000e+00,0.000000000000000000e+00,0.000000000000000000e+00,0.000000000000000000e+00,0.000000000000000000e+00,0.000000000000000000e+00,0.000000000000000000e+00,0.000000000000000000e+00,0.000000000000000000e+00,0.000000000000000000e+00,0.000000000000000000e+00,0.000000000000000000e+00,0.000000000000000000e+00,0.000000000000000000e+00,0.000000000000000000e+00,0.000000000000000000e+00,0.000000000000000000e+00,0.000000000000000000e+00,0.000000000000000000e+00,0.000000000000000000e+00,0.000000000000000000e+00,0.000000000000000000e+00,0.000000000000000000e+00,0.000000000000000000e+00,0.000000000000000000e+00,0.000000000000000000e+00,0.000000000000000000e+00,0.000000000000000000e+00,0.000000000000000000e+00,0.000000000000000000e+00,0.000000000000000000e+00,0.000000000000000000e+00,0.000000000000000000e+00,0.000000000000000000e+00,0.000000000000000000e+00,0.000000000000000000e+00,0.000000000000000000e+00,0.000000000000000000e+00,0.000000000000000000e+00,0.000000000000000000e+00,0.000000000000000000e+00,0.000000000000000000e+00,0.000000000000000000e+00,0.000000000000000000e+00,0.000000000000000000e+00,0.000000000000000000e+00,0.000000000000000000e+00,0.000000000000000000e+00,0.000000000000000000e+00,0.000000000000000000e+00,0.000000000000000000e+00,0.000000000000000000e+00,0.000000000000000000e+00,0.000000000000000000e+00,0.000000000000000000e+00,0.000000000000000000e+00,0.000000000000000000e+00,0.000000000000000000e+00,0.000000000000000000e+00,0.000000000000000000e+00,0.000000000000000000e+00,0.000000000000000000e+00,0.000000000000000000e+00,0.000000000000000000e+00,0.000000000000000000e+00,0.000000000000000000e+00,0.000000000000000000e+00,0.000000000000000000e+00,0.000000000000000000e+00,0.000000000000000000e+00,0.000000000000000000e+00,0.000000000000000000e+00,0.000000000000000000e+00,0.000000000000000000e+00,0.000000000000000000e+00,0.000000000000000000e+00,0.000000000000000000e+00,0.000000000000000000e+00,0.000000000000000000e+00,0.000000000000000000e+00,0.000000000000000000e+00,0.000000000000000000e+00,0.000000000000000000e+00,0.000000000000000000e+00,0.000000000000000000e+00,0.000000000000000000e+00,0.000000000000000000e+00,0.000000000000000000e+00,0.000000000000000000e+00,0.000000000000000000e+00,0.000000000000000000e+00,0.000000000000000000e+00,0.000000000000000000e+00,0.000000000000000000e+00,0.000000000000000000e+00,0.000000000000000000e+00,0.000000000000000000e+00,0.000000000000000000e+00,0.000000000000000000e+00,0.000000000000000000e+00,0.000000000000000000e+00,0.000000000000000000e+00,0.000000000000000000e+00,0.000000000000000000e+00,0.000000000000000000e+00,0.000000000000000000e+00,0.000000000000000000e+00,0.000000000000000000e+00,0.000000000000000000e+00,0.000000000000000000e+00,0.000000000000000000e+00,0.000000000000000000e+00,0.000000000000000000e+00,0.000000000000000000e+00,0.000000000000000000e+00,0.000000000000000000e+00,0.000000000000000000e+00,0.000000000000000000e+00,0.000000000000000000e+00,0.000000000000000000e+00,0.000000000000000000e+00,0.000000000000000000e+00,0.000000000000000000e+00,0.000000000000000000e+00,0.000000000000000000e+00,0.000000000000000000e+00,0.000000000000000000e+00,0.000000000000000000e+00,0.000000000000000000e+00,0.000000000000000000e+00,0.000000000000000000e+00,0.000000000000000000e+00,0.000000000000000000e+00,0.000000000000000000e+00,0.000000000000000000e+00,0.000000000000000000e+00,0.000000000000000000e+00,0.000000000000000000e+00,0.000000000000000000e+00,0.000000000000000000e+00,0.000000000000000000e+00,0.000000000000000000e+00,0.000000000000000000e+00,0.000000000000000000e+00,0.000000000000000000e+00,0.000000000000000000e+00,0.000000000000000000e+00,0.000000000000000000e+00,0.000000000000000000e+00,0.000000000000000000e+00,0.000000000000000000e+00,0.000000000000000000e+00,0.000000000000000000e+00,0.000000000000000000e+00,0.000000000000000000e+00
