0.000000000000000000e+00,0.000000000000000000e+00,0.000000000000000000e+00,0.000000000000000000e+00,0.000000000000000000e+00,0.000000000000000000e+00,0.000000000000000000e+00,0.000000000000000000e+00,0.000000000000000000e+00,0.000000000000000000e+00,0.000000000000000000e+00,0.000000000000000000e+00,0.000000000000000000e+00,0.000000000000000000e+00,0.000000000000000000e+00,0.000000000000000000e+00,0.000000000000000000e+00,0.000000000000000000e+00,0.000000000000000000e+00,0.000000000000000000e+00,0.000000000000000000e+00,0.000000000000000000e+00,0.000000000000000000e+00,0.000000000000000000e+00,0.000000000000000000e+00,0.000000000000000000e+00,0.000000000000000000e+00,0.000000000000000000e+00,0.000000000000000000e+00,0.000000000000000000e+00,0.000000000000000000e+00,0.000000000000000000e+00,0.000000000000000000e+00,0.000000000000000000e+00,0.000000000000000000e+00,0.000000000000000000e+00,0.000000000000000000e+00,0.000000000000000000e+00,0.000000000000000000e+00,0.000000000000000000e+00,0.000000000000000000e+00,0.000000000000000000e+00,0.000000000000000000e+00,0.000000000000000000e+00,0.000000000000000000e+00,0.000000000000000000e+00,0.000000000000000000e+00,0.000000000000000000e+00,0.000000000000000000e+00,0.000000000000000000e+00,0.000000000000000000e+00,0.000000000000000000e+00,0.000000000000000000e+00,0.000000000000000000e+00,0.000000000000000000e+00,0.000000000000000000e+00,0.000000000000000000e+00,0.000000000000000000e+00,0.000000000000000000e+00,0.000000000000000000e+00,0.000000000000000000e+00,0.000000000000000000e+00,0.000000000000000000e+00,0.000000000000000000e+00,0.000000000000000000e+00,0.000000000000000000e+00,0.000000000000000000e+00,0.000000000000000000e+00,0.000000000000000000e+00,0.000000000000000000e+00,0.000000000000000000e+00,0.000000000000000000e+00,0.000000000000000000e+00,0.000000000000000000e+00,0.000000000000000000e+00,0.000000000000000000e+00,0.000000000000000000e+00,0.000000000000000000e+00,0.000000000000000000e+00,0.000000000000000000e+00,0.000000000000000000e+00,0.000000000000000000e+00,0.000000000000000000e+00,0.000000000000000000e+00,0.000000000000000000e+00,0.000000000000000000e+00,0.000000000000000000e+00,0.000000000000000000e+00,0.000000000000000000e+00,0.000000000000000000e+00,0.000000000000000000e+00,0.000000000000000000e+00,0.000000000000000000e+00,0.000000000000000000e+00,0.000000000000000000e+00,0.000000000000000000e+00,0.000000000000000000e+00,0.000000000000000000e+00,0.000000000000000000e+00,0.000000000000000000e+00,0.000000000000000000e+00,0.000000000000000000e+00,0.000000000000000000e+00,0.000000000000000000e+00,0.000000000000000000e+00,0.000000000000000000e+00,0.000000000000000000e+00,0.000000000000000000e+00,0.000000000000000000e+00,0.000000000000000000e+00,0.000000000000000000e+00,0.000000000000000000e+00,0.000000000000000000e+00,0.000000000000000000e+00,0.000000000000000000e+00,0.000000000000000000e+00,0.000000000000000000e+00,0.000000000000000000e+00,0.000000000000000000e+00,0.000000000000000000e+00,0.000000000000000000e+00,0.000000000000000000e+00,0.000000000000000000e+00,0.000000000000000000e+00,0.000000000000000000e+00,0.000000000000000000e+00,0.000000000000000000e+00,0.000000000000000000e+00,0.000000000000000000e+00,0.000000000000000000e+00,0.000000000000000000e+00,0.000000000000000000e+00,0.000000000000000000e+00,0.000000000000000000e+00,0.000000000000000000e+00,0.000000000000000000e+00,0.000000000000000000e+00,0.000000000000000000e+00,0.000000000000000000e+00,0.000000000000000000e+00,0.000000000000000000e+00,0.000000000000000000e+00,0.000000000000000000e+00,0.000000000000000000e+00,0.000000000000000000e+00,0.000000000000000000e+00,0.000000000000000000e+00,0.000000000000000000e+00,0.000000000000000000e+00,0.000000000000000000e+00,0.000000000000000000e+00,0.000000000000000000e+00,0.000000000000000000e+00,0.000000000000000000e+00,0.000000000000000000e+00,0.000000000000000000e+00,0.000000000000000000e+00,0.000000000000000000e+00,0.000000000000000000e+00,0.000000000000000000e+00,0.000000000000000000e+00,0.000000000000000000e+00,0.000000000000000000e+00,0.000000000000000000e+00,0.000000000000000000e+00,0.000000000000000000e+00,0.000000000000000000e+00,0.000000000000000000e+00,0.000000000000000000e+00,0.000000000000000000e+00,0.000000000000000000e+00,0.000000000000000000e+00,0.000000000000000000e+00,0.000000000000000000e+00,0.000000000000000000e+00,0.000000000000000000e+00,0.000000000000000000e+00,0.000000000000000000e+00,0.000000000000000000e+00,0.000000000000000000e+00,0.000000000000000000e+00,0.000000000000000000e+00,0.000000000000000000e+00,0.000000000000000000e+00,0.000000000000000000e+00,0.000000000000000000e+00,0.000000000000000000e+00,0.000000000000000000e+00,0.000000000000000000e+00,0.000000000000000000e+00,0.000000000000000000e+00,0.000000000000000000e+00,0.000000000000000000e+00,0.000000000000000000e+00,0.000000000000000000e+00,0.000000000000000000e+00,0.000000000000000000e+00,0.000000000000000000e+00,0.000000000000000000e+00,0.000000000000000000e+00,0.000000000000000000e+00,0.000000000000000000e+00,0.000000000000000000e+00,0.000000000000000000e+00,0.000000000000000000e+00,0.000000000000000000e+00,0.000000000000000000e+00,0.000000000000000000e+00,0.000000000000000000e+00,0.000000000000000000e+00,0.000000000000000000e+00,0.000000000000000000e+00,0.000000000000000000e+00,0.000000000000000000e+00,0.000000000000000000e+00,0.000000000000000000e+00,0.000000000000000000e+00,0.000000000000000000e+00,0.000000000000000000e+00,0.000000000000000000e+00,0.000000000000000000e+00,0.000000000000000000e+00,0.000000000000000000e+00,0.000000000000000000e+00,0.000000000000000000e+00,0.000000000000000000e+00,0.000000000000000000e+00,0.000000000000000000e+00,0.000000000000000000e+00,0.000000000000000000e+00,0.000000000000000000e+00,0.000000000000000000e+00,0.000000000000000000e+00,0.000000000000000000e+00,0.000000000000000000e+00,0.000000000000000000e+00,0.000000000000000000e+00,0.000000000000000000e+00,0.000000000000000000e+00,0.000000000000000000e+00,0.000000000000000000e+00,0.000000000000000000e+00,0.000000000000000000e+00,0.000000000000000000e+00,0.000000000000000000e+00,0.000000000000000000e+00,0.000000000000000000e+00,0.000000000000000000e+00,0.000000000000000000e+00,0.000000000000000000e+00,0.000000000000000000e+00,0.000000000000000000e+00,0.000000000000000000e+00,0.000000000000000000e+00,0.000000000000000000e+00,0.000000000000000000e+00,0.000000000000000000e+00,0.000000000000000000e+00,0.000000000000000000e+00,0.000000000000000000e+00,0.000000000000000000e+00,0.000000000000000000e+00,0.000000000000000000e+00,0.000000000000000000e+00,0.000000000000000000e+00,0.000000000000000000e+00,0.000000000000000000e+00,0.000000000000000000e+00,0.000000000000000000e+00,0.000000000000000000e+00,0.000000000000000000e+00,0.000000000000000000e+00,0.000000000000000000e+00,0.000000000000000000e+00,0.000000000000000000e+00,0.000000000000000000e+00,0.000000000000000000e+00,0.000000000000000000e+00,0.000000000000000000e+00,0.000000000000000000e+00,0.000000000000000000e+00,0.000000000000000000e+00,0.000000000000000000e+00,0.000000000000000000e+00,0.000000000000000000e+00,0.000000000000000000e+00,0.000000000000000000e+00,0.000000000000000000e+00,0.000000000000000000e+00,0.000000000000000000e+00,0.000000000000000000e+00,0.000000000000000000e+00,0.000000000000000000e+00,0.000000000000000000e+00,0.000000000000000000e+00,0.000000000000000000e+00,0.000000000000000000e+00,0.000000000000000000e+00,0.000000000000000000e+00,0.000000000000000000e+00
0.000000000000000000e+00,0.000000000000000000e+00,0.000000000000000000e+00,0.000000000000000000e+00,0.000000000000000000e+00,0.000000000000000000e+00,0.000000000000000000e+00,0.000000000000000000e+00,0.000000000000000000e+00,0.000000000000000000e+00,0.000000000000000000e+00,0.000000000000000000e+00,0.000000000000000000e+00,0.000000000000000000e+00,0.000000000000000000e+00,0.000000000000000000e+00,0.000000000000000000e+00,0.000000000000000000e+00,0.000000000000000000e+00,0.000000000000000000e+00,0.000000000000000000e+00,0.000000000000000000e+00,0.000000000000000000e+00,0.000000000000000000e+00,0.000000000000000000e+00,0.000000000000000000e+00,0.000000000000000000e+00,0.000000000000000000e+00,0.000000000000000000e+00,0.000000000000000000e+00,0.000000000000000000e+00,0.000000000000000000e+00,0.000000000000000000e+00,0.000000000000000000e+00,0.000000000000000000e+00,0.000000000000000000e+00,0.000000000000000000e+00,0.000000000000000000e+00,0.000000000000000000e+00,0.000000000000000000e+00,0.000000000000000000e+00,0.000000000000000000e+00,0.000000000000000000e+00,0.000000000000000000e+00,0.000000000000000000e+00,0.000000000000000000e+00,0.000000000000000000e+00,0.000000000000000000e+00,0.000000000000000000e+00,0.000000000000000000e+00,0.000000000000000000e+00,0.000000000000000000e+00,0.000000000000000000e+00,0.000000000000000000e+00,0.000000000000000000e+00,0.000000000000000000e+00,0.000000000000000000e+00,0.000000000000000000e+00,0.000000000000000000e+00,0.000000000000000000e+00,0.000000000000000000e+00,0.000000000000000000e+00,0.000000000000000000e+00,0.000000000000000000e+00,0.000000000000000000e+00,0.000000000000000000e+00,0.000000000000000000e+00,0.000000000000000000e+00,0.000000000000000000e+00,0.000000000000000000e+00,0.000000000000000000e+00,0.000000000000000000e+00,0.000000000000000000e+00,0.000000000000000000e+00,0.000000000000000000e+00,0.000000000000000000e+00,0.000000000000000000e+00,0.000000000000000000e+00,0.000000000000000000e+00,0.000000000000000000e+00,0.000000000000000000e+00,0.000000000000000000e+00,0.000000000000000000e+00,0.000000000000000000e+00,0.000000000000000000e+00,0.000000000000000000e+00,0.000000000000000000e+00,0.000000000000000000e+00,0.000000000000000000e+00,0.000000000000000000e+00,0.000000000000000000e+00,0.000000000000000000e+00,0.000000000000000000e+00,0.000000000000000000e+00,0.000000000000000000e+00,0.000000000000000000e+00,0.000000000000000000e+00,0.000000000000000000e+00,0.000000000000000000e+00,0.000000000000000000e+00,0.000000000000000000e+00,0.000000000000000000e+00,0.000000000000000000e+00,0.000000000000000000e+00,0.000000000000000000e+00,0.000000000000000000e+00,0.000000000000000000e+00,0.000000000000000000e+00,0.000000000000000000e+00,0.000000000000000000e+00,0.000000000000000000e+00,0.000000000000000000e+00,0.000000000000000000e+00,0.000000000000000000e+00,0.000000000000000000e+00,0.000000000000000000e+00,0.000000000000000000e+00,0.000000000000000000e+00,0.000000000000000000e+00,0.000000000000000000e+00,0.000000000000000000e+00,0.000000000000000000e+00,0.000000000000000000e+00,0.000000000000000000e+00,0.000000000000000000e+00,0.000000000000000000e+00,0.000000000000000000e+00,0.000000000000000000e+00,0.000000000000000000e+00,0.000000000000000000e+00,0.000000000000000000e+00,0.000000000000000000e+00,0.000000000000000000e+00,0.000000000000000000e+00,0.000000000000000000e+00,0.000000000000000000e+00,0.000000000000000000e+00,0.000000000000000000e+00,0.000000000000000000e+00,0.000000000000000000e+00,0.000000000000000000e+00,0.000000000000000000e+00,0.000000000000000000e+00,0.000000000000000000e+00,0.000000000000000000e+00,0.000000000000000000e+00,0.000000000000000000e+00,0.000000000000000000e+00,0.000000000000000000e+00,0.000000000000000000e+00,0.000000000000000000e+00,0.000000000000000000e+00,0.000000000000000000e+00,0.000000000000000000e+00,0.000000000000000000e+00,0.000000000000000000e+00,0.000000000000000000e+00,0.000000000000000000e+00,0.000000000000000000e+00,0.000000000000000000e+00,0.000000000000000000e+00,0.000000000000000000e+00,0.000000000000000000e+00,0.000000000000000000e+00,0.000000000000000000e+00,0.000000000000000000e+00,0.000000000000000000e+00,0.000000000000000000e+00,0.000000000000000000e+00,0.000000000000000000e+00,0.000000000000000000e+00,0.000000000000000000e+00,0.000000000000000000e+00,0.000000000000000000e+00,0.000000000000000000e+00,0.000000000000000000e+00,0.000000000000000000e+00,0.000000000000000000e+00,0.000000000000000000e+00,0.000000000000000000e+00,0.000000000000000000e+00,0.000000000000000000e+00,0.000000000000000000e+00,0.000000000000000000e+00,0.000000000000000000e+00,0.000000000000000000e+00,0.000000000000000000e+00,0.000000000000000000e+00,0.000000000000000000e+00,0.000000000000000000e+00,0.000000000000000000e+00,0.000000000000000000e+00,0.000000000000000000e+00,0.000000000000000000e+00,0.000000000000000000e+00,0.000000000000000000e+00,0.000000000000000000e+00,0.000000000000000000e+00,0.000000000000000000e+00,0.000000000000000000e+00,0.000000000000000000e+00,0.000000000000000000e+00,0.000000000000000000e+00,0.000000000000000000e+00,0.000000000000000000e+00,0.000000000000000000e+00,0.000000000000000000e+00,0.000000000000000000e+00,0.000000000000000000e+00,0.000000000000000000e+00,0.000000000000000000e+00,0.000000000000000000e+00,0.000000000000000000e+00,0.000000000000000000e+00,0.000000000000000000e+00,0.000000000000000000e+00,0.000000000000000000e+00,0.000000000000000000e+00,0.000000000000000000e+00,0.000000000000000000e+00,0.000000000000000000e+00,0.000000000000000000e+00,0.000000000000000000e+00,0.000000000000000000e+00,0.000000000000000000e+00,0.000000000000000000e+00,0.000000000000000000e+00,0.000000000000000000e+00,0.000000000000000000e+00,0.000000000000000000e+00,0.000000000000000000e+00,0.000000000000000000e+00,0.000000000000000000e+00,0.000000000000000000e+00,0.000000000000000000e+00,0.000000000000000000e+00,0.000000000000000000e+00,0.000000000000000000e+00,0.000000000000000000e+00,0.000000000000000000e+00,0.000000000000000000e+00,0.000000000000000000e+00,0.000000000000000000e+00,0.000000000000000000e+00,0.000000000000000000e+00,0.000000000000000000e+00,0.000000000000000000e+00,0.000000000000000000e+00,0.000000000000000000e+00,0.000000000000000000e+00,0.000000000000000000e+00,0.000000000000000000e+00,0.000000000000000000e+00,0.000000000000000000e+00,0.000000000000000000e+00,0.000000000000000000e+00,0.000000000000000000e+00,0.000000000000000000e+00,0.000000000000000000e+00,0.000000000000000000e+00,0.000000000000000000e+00,0.000000000000000000e+00,0.000000000000000000e+00,0.000000000000000000e+00,0.000000000000000000e+00,0.000000000000000000e+00,0.000000000000000000e+00,0.000000000000000000e+00,0.000000000000000000e+00,0.000000000000000000e+00,0.000000000000000000e+00,0.000000000000000000e+00,0.000000000000000000e+00,0.000000000000000000e+00,0.000000000000000000e+00,0.000000000000000000e+00,0.000000000000000000e+00,0.000000000000000000e+00,0.000000000000000000e+00,0.000000000000000000e+00,0.000000000000000000e+00,0.000000000000000000e+00,0.000000000000000000e+00,0.000000000000000000e+00,0.000000000000000000e+00,0.000000000000000000e+00,0.000000000000000000e+00,0.000000000000000000e+00,0.000000000000000000e+00,0.000000000000000000e+00,0.000000000000000000e+00,0.000000000000000000e+00,0.000000000000000000e+00,0.000000000000000000e+00,0.000000000000000000e+00,0.000000000000000000e+00,0.000000000000000000e+00,0.000000000000000000e+00,0.000000000000000000e+00,0.000000000000000000e+00
0.000000000000000000e+00,0.000000000000000000e+00,0.000000000000000000e+00,0.000000000000000000e+00,0.000000000000000000e+00,0.000000000000000000e+00,0.000000000000000000e+00,0.000000000000000000e+00,0.000000000000000000e+00,0.000000000000000000e+00,0.000000000000000000e+00,0.000000000000000000e+00,0.000000000000000000e+00,0.000000000000000000e+00,0.000000000000000000e+00,0.000000000000000000e+00,0.000000000000000000e+00,0.000000000000000000e+00,0.000000000000000000e+00,0.000000000000000000e+00,0.000000000000000000e+00,0.000000000000000000e+00,0.000000000000000000e+00,0.000000000000000000e+00,0.000000000000000000e+00,0.000000000000000000e+00,0.000000000000000000e+00,0.000000000000000000e+00,0.000000000000000000e+00,0.000000000000000000e+00,0.000000000000000000e+00,0.000000000000000000e+00,0.000000000000000000e+00,0.000000000000000000e+00,0.000000000000000000e+00,0.000000000000000000e+00,0.000000000000000000e+00,0.000000000000000000e+00,0.000000000000000000e+00,0.000000000000000000e+00,0.000000000000000000e+00,0.000000000000000000e+00,0.000000000000000000e+00,0.000000000000000000e+00,0.000000000000000000e+00,0.000000000000000000e+00,0.000000000000000000e+00,0.000000000000000000e+00,0.000000000000000000e+00,0.000000000000000000e+00,0.000000000000000000e+00,0.000000000000000000e+00,0.000000000000000000e+00,0.000000000000000000e+00,0.000000000000000000e+00,0.000000000000000000e+00,0.000000000000000000e+00,0.000000000000000000e+00,0.000000000000000000e+00,0.000000000000000000e+00,0.000000000000000000e+00,0.000000000000000000e+00,0.000000000000000000e+00,0.000000000000000000e+00,0.000000000000000000e+00,0.000000000000000000e+00,0.000000000000000000e+00,0.000000000000000000e+00,0.000000000000000000e+00,0.000000000000000000e+00,0.000000000000000000e+00,0.000000000000000000e+00,0.000000000000000000e+00,0.000000000000000000e+00,0.000000000000000000e+00,0.000000000000000000e+00,0.000000000000000000e+00,0.000000000000000000e+00,0.000000000000000000e+00,0.000000000000000000e+00,0.000000000000000000e+00,0.000000000000000000e+00,0.000000000000000000e+00,0.000000000000000000e+00,0.000000000000000000e+00,0.000000000000000000e+00,0.000000000000000000e+00,0.000000000000000000e+00,0.000000000000000000e+00,0.000000000000000000e+00,0.000000000000000000e+00,0.000000000000000000e+00,0.000000000000000000e+00,0.000000000000000000e+00,0.000000000000000000e+00,0.000000000000000000e+00,0.000000000000000000e+00,0.000000000000000000e+00,0.000000000000000000e+00,0.000000000000000000e+00,0.000000000000000000e+00,0.000000000000000000e+00,0.000000000000000000e+00,0.000000000000000000e+00,0.000000000000000000e+00,0.000000000000000000e+00,0.000000000000000000e+00,0.000000000000000000e+00,0.000000000000000000e+00,0.000000000000000000e+00,0.000000000000000000e+00,0.000000000000000000e+00,0.000000000000000000e+00,0.000000000000000000e+00,0.000000000000000000e+00,0.000000000000000000e+00,0.000000000000000000e+00,0.000000000000000000e+00,0.000000000000000000e+00,0.000000000000000000e+00,0.000000000000000000e+00,0.000000000000000000e+00,0.000000000000000000e+00,0.000000000000000000e+00,0.000000000000000000e+00,0.000000000000000000e+00,0.000000000000000000e+00,0.000000000000000000e+00,0.000000000000000000e+00,0.000000000000000000e+00,0.000000000000000000e+00,0.000000000000000000e+00,0.000000000000000000e+00,0.000000000000000000e+00,0.000000000000000000e+00,0.000000000000000000e+00,0.000000000000000000e+00,0.000000000000000000e+00,0.000000000000000000e+00,0.000000000000000000e+00,0.000000000000000000e+00,0.000000000000000000e+00,0.000000000000000000e+00,0.000000000000000000e+00,0.000000000000000000e+00,0.000000000000000000e+00,0.000000000000000000e+00,0.000000000000000000e+00,0.000000000000000000e+00,0.000000000000000000e+00,0.000000000000000000e+00,0.000000000000000000e+00,0.000000000000000000e+00,0.000000000000000000e+00,0.000000000000000000e+00,0.000000000000000000e+00,0.000000000000000000e+00,0.000000000000000000e+00,0.000000000000000000e+00,0.000000000000000000e+00,0.000000000000000000e+00,0.000000000000000000e+00,0.000000000000000000e+00,0.000000000000000000e+00,0.000000000000000000e+00,0.000000000000000000e+00,0.000000000000000000e+00,0.000000000000000000e+00,0.000000000000000000e+00,0.000000000000000000e+00,0.000000000000000000e+00,0.000000000000000000e+00,0.000000000000000000e+00,0.000000000000000000e+00,0.000000000000000000e+00,0.000000000000000000e+00,0.000000000000000000e+00,0.000000000000000000e+00,0.000000000000000000e+00,0.000000000000000000e+00,0.000000000000000000e+00,0.000000000000000000e+00,0.000000000000000000e+00,0.000000000000000000e+00,0.000000000000000000e+00,0.000000000000000000e+00,0.000000000000000000e+00,0.000000000000000000e+00,0.000000000000000000e+00,0.000000000000000000e+00,0.000000000000000000e+00,0.000000000000000000e+00,0.000000000000000000e+00,0.000000000000000000e+00,0.000000000000000000e+00,0.000000000000000000e+00,0.000000000000000000e+00,0.000000000000000000e+00,0.000000000000000000e+00,0.000000000000000000e+00,0.000000000000000000e+00,0.000000000000000000e+00,0.000000000000000000e+00,0.000000000000000000e+00,0.000000000000000000e+00,0.000000000000000000e+00,0.000000000000000000e+00,0.000000000000000000e+00,0.000000000000000000e+00,0.000000000000000000e+00,0.000000000000000000e+00,0.000000000000000000e+00,0.000000000000000000e+00,0.000000000000000000e+00,0.000000000000000000e+00,0.000000000000000000e+00,0.000000000000000000e+00,0.000000000000000000e+00,0.000000000000000000e+00,0.000000000000000000e+00,0.000000000000000000e+00,0.000000000000000000e+00,0.000000000000000000e+00,0.000000000000000000e+00,0.000000000000000000e+00,0.000000000000000000e+00,0.000000000000000000e+00,0.000000000000000000e+00,0.000000000000000000e+00,0.000000000000000000e+00,0.000000000000000000e+00,0.000000000000000000e+00,0.000000000000000000e+00,0.000000000000000000e+00,0.000000000000000000e+00,0.000000000000000000e+00,0.000000000000000000e+00,0.000000000000000000e+00,0.000000000000000000e+00,0.000000000000000000e+00,0.000000000000000000e+00,0.000000000000000000e+00,0.000000000000000000e+00,0.000000000000000000e+00,0.000000000000000000e+00,0.000000000000000000e+00,0.000000000000000000e+00,0.000000000000000000e+00,0.000000000000000000e+00,0.000000000000000000e+00,0.000000000000000000e+00,0.000000000000000000e+00,0.000000000000000000e+00,0.000000000000000000e+00,0.000000000000000000e+00,0.000000000000000000e+00,0.000000000000000000e+00,0.000000000000000000e+00,0.000000000000000000e+00,0.000000000000000000e+00,0.000000000000000000e+00,0.000000000000000000e+00,0.000000000000000000e+00,0.000000000000000000e+00,0.000000000000000000e+00,0.000000000000000000e+00,0.000000000000000000e+00,0.000000000000000000e+00,0.000000000000000000e+00,0.000000000000000000e+00,0.000000000000000000e+00,0.000000000000000000e+00,0.000000000000000000e+00,0.000000000000000000e+00,0.000000000000000000e+00,0.000000000000000000e+00,0.000000000000000000e+00,0.000000000000000000e+00,0.000000000000000000e+00,0.000000000000000000e+00,0.000000000000000000e+00,0.000000000000000000e+00,0.000000000000000000e+00,0.000000000000000000e+00,0.000000000000000000e+00,0.000000000000000000e+00,0.000000000000000000e+00,0.000000000000000000e+00,0.000000000000000000e+00,0.000000000000000000e+00,0.000000000000000000e+00,0.000000000000000000e+00,0.000000000000000000e+00,0.000000000000000000e+00,0.000000000000000000e+00,0.000000000000000000e+00,0.000000000000000000e+00,0.000000000000000000e+00,0.000000000000000000e+00,0.000000000000000000e+00
0.000000000000000000e+00,0.000000000000000000e+00,0.000000000000000000e+00,0.000000000000000000e+00,0.000000000000000000e+00,0.000000000000000000e+00,0.000000000000000000e+00,0.000000000000000000e+00,0.000000000000000000e+00,0.000000000000000000e+00,0.000000000000000000e+00,0.000000000000000000e+00,0.000000000000000000e+00,0.000000000000000000e+00,0.000000000000000000e+00,0.000000000000000000e+00,0.000000000000000000e+00,0.000000000000000000e+00,0.000000000000000000e+00,0.000000000000000000e+00,0.000000000000000000e+00,0.000000000000000000e+00,0.000000000000000000e+00,0.000000000000000000e+00,0.000000000000000000e+00,0.000000000000000000e+00,0.000000000000000000e+00,0.000000000000000000e+00,0.000000000000000000e+00,0.000000000000000000e+00,0.000000000000000000e+00,0.000000000000000000e+00,0.000000000000000000e+00,0.000000000000000000e+00,0.000000000000000000e+00,0.000000000000000000e+00,0.000000000000000000e+00,0.000000000000000000e+00,0.000000000000000000e+00,0.000000000000000000e+00,0.000000000000000000e+00,0.000000000000000000e+00,0.000000000000000000e+00,0.000000000000000000e+00,0.000000000000000000e+00,0.000000000000000000e+00,0.000000000000000000e+00,0.000000000000000000e+00,0.000000000000000000e+00,0.000000000000000000e+00,0.000000000000000000e+00,0.000000000000000000e+00,0.000000000000000000e+00,0.000000000000000000e+00,0.000000000000000000e+00,0.000000000000000000e+00,0.000000000000000000e+00,0.000000000000000000e+00,0.000000000000000000e+00,0.000000000000000000e+00,0.000000000000000000e+00,0.000000000000000000e+00,0.000000000000000000e+00,0.000000000000000000e+00,0.000000000000000000e+00,0.000000000000000000e+00,0.000000000000000000e+00,0.000000000000000000e+00,0.000000000000000000e+00,0.000000000000000000e+00,0.000000000000000000e+00,0.000000000000000000e+00,0.000000000000000000e+00,0.000000000000000000e+00,0.000000000000000000e+00,0.000000000000000000e+00,0.000000000000000000e+00,0.000000000000000000e+00,0.000000000000000000e+00,0.000000000000000000e+00,0.000000000000000000e+00,0.000000000000000000e+00,0.000000000000000000e+00,0.000000000000000000e+00,0.000000000000000000e+00,0.000000000000000000e+00,0.000000000000000000e+00,0.000000000000000000e+00,0.000000000000000000e+00,0.000000000000000000e+00,0.000000000000000000e+00,0.000000000000000000e+00,0.000000000000000000e+00,0.000000000000000000e+00,0.000000000000000000e+00,0.000000000000000000e+00,0.000000000000000000e+00,0.000000000000000000e+00,0.000000000000000000e+00,0.000000000000000000e+00,0.000000000000000000e+00,0.000000000000000000e+00,0.000000000000000000e+00,0.000000000000000000e+00,0.000000000000000000e+00,0.000000000000000000e+00,0.000000000000000000e+00,0.000000000000000000e+00,0.000000000000000000e+00,0.000000000000000000e+00,0.000000000000000000e+00,0.000000000000000000e+00,0.000000000000000000e+00,0.000000000000000000e+00,0.000000000000000000e+00,0.000000000000000000e+00,0.000000000000000000e+00,0.000000000000000000e+00,0.000000000000000000e+00,0.000000000000000000e+00,0.000000000000000000e+00,0.000000000000000000e+00,0.000000000000000000e+00,0.000000000000000000e+00,0.000000000000000000e+00,0.000000000000000000e+00,0.000000000000000000e+00,0.000000000000000000e+00,0.000000000000000000e+00,0.000000000000000000e+00,0.000000000000000000e+00,0.000000000000000000e+00,0.000000000000000000e+00,0.000000000000000000e+00,0.000000000000000000e+00,0.000000000000000000e+00,0.000000000000000000e+00,0.000000000000000000e+00,0.000000000000000000e+00,0.000000000000000000e+00,0.000000000000000000e+00,0.000000000000000000e+00,0.000000000000000000e+00,0.000000000000000000e+00,0.000000000000000000e+00,0.000000000000000000e+00,0.000000000000000000e+00,0.000000000000000000e+00,0.000000000000000000e+00,0.000000000000000000e+00,0.000000000000000000e+00,0.000000000000000000e+00,0.000000000000000000e+00,0.000000000000000000e+00,0.000000000000000000e+00,0.000000000000000000e+00,0.000000000000000000e+00,0.000000000000000000e+00,0.000000000000000000e+00,0.000000000000000000e+00,0.000000000000000000e+00,0.000000000000000000e+00,0.000000000000000000e+00,0.000000000000000000e+00,0.000000000000000000e+00,0.000000000000000000e+00,0.000000000000000000e+00,0.000000000000000000e+00,0.000000000000000000e+00,0.000000000000000000e+00,0.000000000000000000e+00,0.000000000000000000e+00,0.000000000000000000e+00,0.000000000000000000e+00,0.000000000000000000e+00,0.000000000000000000e+00,0.000000000000000000e+00,0.000000000000000000e+00,0.000000000000000000e+00,0.000000000000000000e+00,0.000000000000000000e+00,0.000000000000000000e+00,0.000000000000000000e+00,0.000000000000000000e+00,0.000000000000000000e+00,0.000000000000000000e+00,0.000000000000000000e+00,0.000000000000000000e+00,0.000000000000000000e+00,0.000000000000000000e+00,0.000000000000000000e+00,0.000000000000000000e+00,0.000000000000000000e+00,0.000000000000000000e+00,0.000000000000000000e+00,0.000000000000000000e+00,0.000000000000000000e+00,0.000000000000000000e+00,0.000000000000000000e+00,0.000000000000000000e+00,0.000000000000000000e+00,0.000000000000000000e+00,0.000000000000000000e+00,0.000000000000000000e+00,0.000000000000000000e+00,0.000000000000000000e+00,0.000000000000000000e+00,0.000000000000000000e+00,0.000000000000000000e+00,0.000000000000000000e+00,0.000000000000000000e+00,0.000000000000000000e+00,0.000000000000000000e+00,0.000000000000000000e+00,0.000000000000000000e+00,0.000000000000000000e+00,0.000000000000000000e+00,0.000000000000000000e+00,0.000000000000000000e+00,0.000000000000000000e+00,0.000000000000000000e+00,0.000000000000000000e+00,0.000000000000000000e+00,0.000000000000000000e+00,0.000000000000000000e+00,0.000000000000000000e+00,0.000000000000000000e+00,0.000000000000000000e+00,0.000000000000000000e+00,0.000000000000000000e+00,0.000000000000000000e+00,0.000000000000000000e+00,0.000000000000000000e+00,0.000000000000000000e+00,0.000000000000000000e+00,0.000000000000000000e+00,0.000000000000000000e+00,0.000000000000000000e+00,0.000000000000000000e+00,0.000000000000000000e+00,0.000000000000000000e+00,0.000000000000000000e+00,0.000000000000000000e+00,0.000000000000000000e+00,0.000000000000000000e+00,0.000000000000000000e+00,0.000000000000000000e+00,0.000000000000000000e+00,0.000000000000000000e+00,0.000000000000000000e+00,0.000000000000000000e+00,0.000000000000000000e+00,0.000000000000000000e+00,0.000000000000000000e+00,0.000000000000000000e+00,0.000000000000000000e+00,0.000000000000000000e+00,0.000000000000000000e+00,0.000000000000000000e+00,0.000000000000000000e+00,0.000000000000000000e+00,0.000000000000000000e+00,0.000000000000000000e+00,0.000000000000000000e+00,0.000000000000000000e+00,0.000000000000000000e+00,0.000000000000000000e+00,0.000000000000000000e+00,0.000000000000000000e+00,0.000000000000000000e+00,0.000000000000000000e+00,0.000000000000000000e+00,0.000000000000000000e+00,0.000000000000000000e+00,0.000000000000000000e+00,0.000000000000000000e+00,0.000000000000000000e+00,0.000000000000000000e+00,0.000000000000000000e+00,0.000000000000000000e+00,0.000000000000000000e+00,0.000000000000000000e+00,0.000000000000000000e+00,0.000000000000000000e+00,0.000000000000000000e+00,0.000000000000000000e+00,0.000000000000000000e+00,0.000000000000000000e+00,0.000000000000000000e+00,0.000000000000000000e+00,0.000000000000000000e+00,0.000000000000000000e+00,0.000000000000000000e+00,0.000000000000000000e+00,0.000000000000000000e+00,0.000000000000000000e+00,0.000000000000000000e+00,0.000000000000000000e+00,0.000000000000000000e+00,0.000000000000000000e+00
0.000000000000000000e+00,0.000000000000000000e+00,0.000000000000000000e+00,0.000000000000000000e+00,0.000000000000000000e+00,0.000000000000000000e+00,0.000000000000000000e+00,0.000000000000000000e+00,0.000000000000000000e+00,0.000000000000000000e+00,0.000000000000000000e+00,0.000000000000000000e+00,0.000000000000000000e+00,0.000000000000000000e+00,0.000000000000000000e+00,0.000000000000000000e+00,0.000000000000000000e+00,0.000000000000000000e+00,0.000000000000000000e+00,0.000000000000000000e+00,0.000000000000000000e+00,0.000000000000000000e+00,0.000000000000000000e+00,0.000000000000000000e+00,0.000000000000000000e+00,0.000000000000000000e+00,0.000000000000000000e+00,0.000000000000000000e+00,0.000000000000000000e+00,0.000000000000000000e+00,0.000000000000000000e+00,0.000000000000000000e+00,0.000000000000000000e+00,0.000000000000000000e+00,0.000000000000000000e+00,0.000000000000000000e+00,0.000000000000000000e+00,0.000000000000000000e+00,0.000000000000000000e+00,0.000000000000000000e+00,0.000000000000000000e+00,0.000000000000000000e+00,0.000000000000000000e+00,0.000000000000000000e+00,0.000000000000000000e+00,0.000000000000000000e+00,0.000000000000000000e+00,0.000000000000000000e+00,0.000000000000000000e+00,0.000000000000000000e+00,0.000000000000000000e+00,0.000000000000000000e+00,0.000000000000000000e+00,0.000000000000000000e+00,0.000000000000000000e+00,0.000000000000000000e+00,0.000000000000000000e+00,0.000000000000000000e+00,0.000000000000000000e+00,0.000000000000000000e+00,0.000000000000000000e+00,0.000000000000000000e+00,0.000000000000000000e+00,0.000000000000000000e+00,0.000000000000000000e+00,0.000000000000000000e+00,0.000000000000000000e+00,0.000000000000000000e+00,0.000000000000000000e+00,0.000000000000000000e+00,0.000000000000000000e+00,0.000000000000000000e+00,0.000000000000000000e+00,0.000000000000000000e+00,0.000000000000000000e+00,0.000000000000000000e+00,0.000000000000000000e+00,0.000000000000000000e+00,0.000000000000000000e+00,0.000000000000000000e+00,0.000000000000000000e+00,0.000000000000000000e+00,0.000000000000000000e+00,0.000000000000000000e+00,0.000000000000000000e+00,0.000000000000000000e+00,0.000000000000000000e+00,0.000000000000000000e+00,0.000000000000000000e+00,0.000000000000000000e+00,0.000000000000000000e+00,0.000000000000000000e+00,0.000000000000000000e+00,0.000000000000000000e+00,0.000000000000000000e+00,0.000000000000000000e+00,0.000000000000000000e+00,0.000000000000000000e+00,0.000000000000000000e+00,0.000000000000000000e+00,0.000000000000000000e+00,0.000000000000000000e+00,0.000000000000000000e+00,0.000000000000000000e+00,0.000000000000000000e+00,0.000000000000000000e+00,0.000000000000000000e+00,0.000000000000000000e+00,0.000000000000000000e+00,0.000000000000000000e+00,0.000000000000000000e+00,0.000000000000000000e+00,0.000000000000000000e+00,0.000000000000000000e+00,0.000000000000000000e+00,0.000000000000000000e+00,0.000000000000000000e+00,0.000000000000000000e+00,0.000000000000000000e+00,0.000000000000000000e+00,0.000000000000000000e+00,0.000000000000000000e+00,0.000000000000000000e+00,0.000000000000000000e+00,0.000000000000000000e+00,0.000000000000000000e+00,0.000000000000000000e+00,0.000000000000000000e+00,0.000000000000000000e+00,0.000000000000000000e+00,0.000000000000000000e+00,0.000000000000000000e+00,0.000000000000000000e+00,0.000000000000000000e+00,0.000000000000000000e+00,0.000000000000000000e+00,0.000000000000000000e+00,0.000000000000000000e+00,0.000000000000000000e+00,0.000000000000000000e+00,0.000000000000000000e+00,0.000000000000000000e+00,0.000000000000000000e+00,0.000000000000000000e+00,0.000000000000000000e+00,0.000000000000000000e+00,0.000000000000000000e+00,0.000000000000000000e+00,0.000000000000000000e+00,0.000000000000000000e+00,0.000000000000000000e+00,0.000000000000000000e+00,0.000000000000000000e+00,0.000000000000000000e+00,0.000000000000000000e+00,0.000000000000000000e+00,0.000000000000000000e+00,0.000000000000000000e+00,0.000000000000000000e+00,0.000000000000000000e+00,0.000000000000000000e+00,0.000000000000000000e+00,0.000000000000000000e+00,0.000000000000000000e+00,0.000000000000000000e+00,0.000000000000000000e+00,0.000000000000000000e+00,0.000000000000000000e+00,0.000000000000000000e+00,0.000000000000000000e+00,0.000000000000000000e+00,0.000000000000000000e+00,0.000000000000000000e+00,0.000000000000000000e+00,0.000000000000000000e+00,0.000000000000000000e+00,0.000000000000000000e+00,0.000000000000000000e+00,0.000000000000000000e+00,0.000000000000000000e+00,0.000000000000000000e+00,0.000000000000000000e+00,0.000000000000000000e+00,0.000000000000000000e+00,0.000000000000000000e+00,0.000000000000000000e+00,0.000000000000000000e+00,0.000000000000000000e+00,0.000000000000000000e+00,0.000000000000000000e+00,0.000000000000000000e+00,0.000000000000000000e+00,0.000000000000000000e+00,0.000000000000000000e+00,0.000000000000000000e+00,0.000000000000000000e+00,0.000000000000000000e+00,0.000000000000000000e+00,0.000000000000000000e+00,0.000000000000000000e+00,0.000000000000000000e+00,0.000000000000000000e+00,0.000000000000000000e+00,0.000000000000000000e+00,0.000000000000000000e+00,0.000000000000000000e+00,0.000000000000000000e+00,0.000000000000000000e+00,0.000000000000000000e+00,0.000000000000000000e+00,0.000000000000000000e+00,0.000000000000000000e+00,0.000000000000000000e+00,0.000000000000000000e+00,0.000000000000000000e+00,0.000000000000000000e+00,0.000000000000000000e+00,0.000000000000000000e+00,0.000000000000000000e+00,0.000000000000000000e+00,0.000000000000000000e+00,0.000000000000000000e+00,0.000000000000000000e+00,0.000000000000000000e+00,0.000000000000000000e+00,0.000000000000000000e+00,0.000000000000000000e+00,0.000000000000000000e+00,0.000000000000000000e+00,0.000000000000000000e+00,0.000000000000000000e+00,0.000000000000000000e+00,0.000000000000000000e+00,0.000000000000000000e+00,0.000000000000000000e+00,0.000000000000000000e+00,0.000000000000000000e+00,0.000000000000000000e+00,0.000000000000000000e+00,0.000000000000000000e+00,0.000000000000000000e+00,0.000000000000000000e+00,0.000000000000000000e+00,0.000000000000000000e+00,0.000000000000000000e+00,0.000000000000000000e+00,0.000000000000000000e+00,0.000000000000000000e+00,0.000000000000000000e+00,0.000000000000000000e+00,0.000000000000000000e+00,0.000000000000000000e+00,0.000000000000000000e+00,0.000000000000000000e+00,0.000000000000000000e+00,0.000000000000000000e+00,0.000000000000000000e+00,0.000000000000000000e+00,0.000000000000000000e+00,0.000000000000000000e+00,0.000000000000000000e+00,0.000000000000000000e+00,0.000000000000000000e+00,0.000000000000000000e+00,0.000000000000000000e+00,0.000000000000000000e+00,0.000000000000000000e+00,0.000000000000000000e+00,0.000000000000000000e+00,0.000000000000000000e+00,0.000000000000000000e+00,0.000000000000000000e+00,0.000000000000000000e+00,0.000000000000000000e+00,0.000000000000000000e+00,0.000000000000000000e+00,0.000000000000000000e+00,0.000000000000000000e+00,0.000000000000000000e+00,0.000000000000000000e+00,0.000000000000000000e+00,0.000000000000000000e+00,0.000000000000000000e+00,0.000000000000000000e+00,0.000000000000000000e+00,0.000000000000000000e+00,0.000000000000000000e+00,0.000000000000000000e+00,0.000000000000000000e+00,0.000000000000000000e+00,0.000000000000000000e+00,0.000000000000000000e+00,0.000000000000000000e+00,0.000000000000000000e+00,0.000000000000000000e+00,0.000000000000000000e+00,0.000000000000000000e+00,0.000000000000000000e+00,0.000000000000000000e+00,0.000000000000000000e+00
0.000000000000000000e+00,0.000000000000000000e+00,0.000000000000000000e+00,0.000000000000000000e+00,0.000000000000000000e+00,0.000000000000000000e+00,0.000000000000000000e+00,0.000000000000000000e+00,0.000000000000000000e+00,0.000000000000000000e+00,0.000000000000000000e+00,0.000000000000000000e+00,0.000000000000000000e+00,0.000000000000000000e+00,0.000000000000000000e+00,0.000000000000000000e+00,0.000000000000000000e+00,0.000000000000000000e+00,0.000000000000000000e+00,0.000000000000000000e+00,0.000000000000000000e+00,0.000000000000000000e+00,0.000000000000000000e+00,0.000000000000000000e+00,0.000000000000000000e+00,0.000000000000000000e+00,0.000000000000000000e+00,0.000000000000000000e+00,0.000000000000000000e+00,0.000000000000000000e+00,0.000000000000000000e+00,0.000000000000000000e+00,0.000000000000000000e+00,0.000000000000000000e+00,0.000000000000000000e+00,0.000000000000000000e+00,0.000000000000000000e+00,0.000000000000000000e+00,0.000000000000000000e+00,0.000000000000000000e+00,0.000000000000000000e+00,0.000000000000000000e+00,0.000000000000000000e+00,0.000000000000000000e+00,0.000000000000000000e+00,0.000000000000000000e+00,0.000000000000000000e+00,0.000000000000000000e+00,0.000000000000000000e+00,0.000000000000000000e+00,0.000000000000000000e+00,0.000000000000000000e+00,0.000000000000000000e+00,0.000000000000000000e+00,0.000000000000000000e+00,0.000000000000000000e+00,0.000000000000000000e+00,0.000000000000000000e+00,0.000000000000000000e+00,0.000000000000000000e+00,0.000000000000000000e+00,0.000000000000000000e+00,0.000000000000000000e+00,0.000000000000000000e+00,0.000000000000000000e+00,0.000000000000000000e+00,0.000000000000000000e+00,0.000000000000000000e+00,0.000000000000000000e+00,0.000000000000000000e+00,0.000000000000000000e+00,0.000000000000000000e+00,0.000000000000000000e+00,0.000000000000000000e+00,0.000000000000000000e+00,0.000000000000000000e+00,0.000000000000000000e+00,0.000000000000000000e+00,0.000000000000000000e+00,0.000000000000000000e+00,0.000000000000000000e+00,0.000000000000000000e+00,0.000000000000000000e+00,0.000000000000000000e+00,0.000000000000000000e+00,0.000000000000000000e+00,0.000000000000000000e+00,0.000000000000000000e+00,0.000000000000000000e+00,0.000000000000000000e+00,0.000000000000000000e+00,0.000000000000000000e+00,0.000000000000000000e+00,0.000000000000000000e+00,0.000000000000000000e+00,0.000000000000000000e+00,0.000000000000000000e+00,0.000000000000000000e+00,0.000000000000000000e+00,0.000000000000000000e+00,0.000000000000000000e+00,0.000000000000000000e+00,0.000000000000000000e+00,0.000000000000000000e+00,0.000000000000000000e+00,0.000000000000000000e+00,0.000000000000000000e+00,0.000000000000000000e+00,0.000000000000000000e+00,0.000000000000000000e+00,0.000000000000000000e+00,0.000000000000000000e+00,0.000000000000000000e+00,0.000000000000000000e+00,0.000000000000000000e+00,0.000000000000000000e+00,0.000000000000000000e+00,0.000000000000000000e+00,0.000000000000000000e+00,0.000000000000000000e+00,0.000000000000000000e+00,0.000000000000000000e+00,0.000000000000000000e+00,0.000000000000000000e+00,0.000000000000000000e+00,0.000000000000000000e+00,0.000000000000000000e+00,0.000000000000000000e+00,0.000000000000000000e+00,0.000000000000000000e+00,0.000000000000000000e+00,0.000000000000000000e+00,0.000000000000000000e+00,0.000000000000000000e+00,0.000000000000000000e+00,0.000000000000000000e+00,0.000000000000000000e+00,0.000000000000000000e+00,0.000000000000000000e+00,0.000000000000000000e+00,0.000000000000000000e+00,0.000000000000000000e+00,0.000000000000000000e+00,0.000000000000000000e+00,0.000000000000000000e+00,0.000000000000000000e+00,0.000000000000000000e+00,0.000000000000000000e+00,0.000000000000000000e+00,0.000000000000000000e+00,0.000000000000000000e+00,0.000000000000000000e+00,0.000000000000000000e+00,0.000000000000000000e+00,0.000000000000000000e+00,0.000000000000000000e+00,0.000000000000000000e+00,0.000000000000000000e+00,0.000000000000000000e+00,0.000000000000000000e+00,0.000000000000000000e+00,0.000000000000000000e+00,0.000000000000000000e+00,0.000000000000000000e+00,0.000000000000000000e+00,0.000000000000000000e+00,0.000000000000000000e+00,0.000000000000000000e+00,0.000000000000000000e+00,0.000000000000000000e+00,0.000000000000000000e+00,0.000000000000000000e+00,0.000000000000000000e+00,0.000000000000000000e+00,0.000000000000000000e+00,0.000000000000000000e+00,0.000000000000000000e+00,0.000000000000000000e+00,0.000000000000000000e+00,0.000000000000000000e+00,0.000000000000000000e+00,0.000000000000000000e+00,0.000000000000000000e+00,0.000000000000000000e+00,0.000000000000000000e+00,0.000000000000000000e+00,0.000000000000000000e+00,0.000000000000000000e+00,0.000000000000000000e+00,0.000000000000000000e+00,0.000000000000000000e+00,0.000000000000000000e+00,0.000000000000000000e+00,0.000000000000000000e+00,0.000000000000000000e+00,0.000000000000000000e+00,0.000000000000000000e+00,0.000000000000000000e+00,0.000000000000000000e+00,0.000000000000000000e+00,0.000000000000000000e+00,0.000000000000000000e+00,0.000000000000000000e+00,0.000000000000000000e+00,0.000000000000000000e+00,0.000000000000000000e+00,0.000000000000000000e+00,0.000000000000000000e+00,0.000000000000000000e+00,0.000000000000000000e+00,0.000000000000000000e+00,0.000000000000000000e+00,0.000000000000000000e+00,0.000000000000000000e+00,0.000000000000000000e+00,0.000000000000000000e+00,0.000000000000000000e+00,0.000000000000000000e+00,0.000000000000000000e+00,0.000000000000000000e+00,0.000000000000000000e+00,0.000000000000000000e+00,0.000000000000000000e+00,0.000000000000000000e+00,0.000000000000000000e+00,0.000000000000000000e+00,0.000000000000000000e+00,0.000000000000000000e+00,0.000000000000000000e+00,0.000000000000000000e+00,0.000000000000000000e+00,0.000000000000000000e+00,0.000000000000000000e+00,0.000000000000000000e+00,0.000000000000000000e+00,0.000000000000000000e+00,0.000000000000000000e+00,0.000000000000000000e+00,0.000000000000000000e+00,0.000000000000000000e+00,0.000000000000000000e+00,0.000000000000000000e+00,0.000000000000000000e+00,0.000000000000000000e+00,0.000000000000000000e+00,0.000000000000000000e+00,0.000000000000000000e+00,0.000000000000000000e+00,0.000000000000000000e+00,0.000000000000000000e+00,0.000000000000000000e+00,0.000000000000000000e+00,0.000000000000000000e+00,0.000000000000000000e+00,0.000000000000000000e+00,0.000000000000000000e+00,0.000000000000000000e+00,0.000000000000000000e+00,0.000000000000000000e+00,0.000000000000000000e+00,0.000000000000000000e+00,0.000000000000000000e+00,0.000000000000000000e+00,0.000000000000000000e+00,0.000000000000000000e+00,0.000000000000000000e+00,0.000000000000000000e+00,0.000000000000000000e+00,0.000000000000000000e+00,0.000000000000000000e+00,0.000000000000000000e+00,0.000000000000000000e+00,0.000000000000000000e+00,0.000000000000000000e+00,0.000000000000000000e+00,0.000000000000000000e+00,0.000000000000000000e+00,0.000000000000000000e+00,0.000000000000000000e+00,0.000000000000000000e+00,0.000000000000000000e+00,0.000000000000000000e+00,0.000000000000000000e+00,0.000000000000000000e+00,0.000000000000000000e+00,0.000000000000000000e+00,0.000000000000000000e+00,0.000000000000000000e+00,0.000000000000000000e+00,0.000000000000000000e+00,0.000000000000000000e+00,0.000000000000000000e+00,0.000000000000000000e+00,0.000000000000000000e+00,0.000000000000000000e+00,0.000000000000000000e+00,0.000000000000000000e+00,0.000000000000000000e+00,0.000000000000000000e+00,0.000000000000000000e+00
0.000000000000000000e+00,0.000000000000000000e+00,0.000000000000000000e+00,0.000000000000000000e+00,0.000000000000000000e+00,0.000000000000000000e+00,0.000000000000000000e+00,0.000000000000000000e+00,0.000000000000000000e+00,0.000000000000000000e+00,0.000000000000000000e+00,0.000000000000000000e+00,0.000000000000000000e+00,0.000000000000000000e+00,0.000000000000000000e+00,0.000000000000000000e+00,0.000000000000000000e+00,0.000000000000000000e+00,0.000000000000000000e+00,0.000000000000000000e+00,0.000000000000000000e+00,0.000000000000000000e+00,0.000000000000000000e+00,0.000000000000000000e+00,0.000000000000000000e+00,0.000000000000000000e+00,0.000000000000000000e+00,0.000000000000000000e+00,0.000000000000000000e+00,0.000000000000000000e+00,0.000000000000000000e+00,0.000000000000000000e+00,0.000000000000000000e+00,0.000000000000000000e+00,0.000000000000000000e+00,0.000000000000000000e+00,0.000000000000000000e+00,0.000000000000000000e+00,0.000000000000000000e+00,0.000000000000000000e+00,0.000000000000000000e+00,0.000000000000000000e+00,0.000000000000000000e+00,0.000000000000000000e+00,0.000000000000000000e+00,0.000000000000000000e+00,0.000000000000000000e+00,0.000000000000000000e+00,0.000000000000000000e+00,0.000000000000000000e+00,0.000000000000000000e+00,0.000000000000000000e+00,0.000000000000000000e+00,0.000000000000000000e+00,0.000000000000000000e+00,0.000000000000000000e+00,0.000000000000000000e+00,0.000000000000000000e+00,0.000000000000000000e+00,0.000000000000000000e+00,0.000000000000000000e+00,0.000000000000000000e+00,0.000000000000000000e+00,0.000000000000000000e+00,0.000000000000000000e+00,0.000000000000000000e+00,0.000000000000000000e+00,0.000000000000000000e+00,0.000000000000000000e+00,0.000000000000000000e+00,0.000000000000000000e+00,0.000000000000000000e+00,0.000000000000000000e+00,0.000000000000000000e+00,0.000000000000000000e+00,0.000000000000000000e+00,0.000000000000000000e+00,0.000000000000000000e+00,0.000000000000000000e+00,0.000000000000000000e+00,0.000000000000000000e+00,0.000000000000000000e+00,0.000000000000000000e+00,0.000000000000000000e+00,0.000000000000000000e+00,0.000000000000000000e+00,0.000000000000000000e+00,0.000000000000000000e+00,0.000000000000000000e+00,0.000000000000000000e+00,0.000000000000000000e+00,0.000000000000000000e+00,0.000000000000000000e+00,0.000000000000000000e+00,0.000000000000000000e+00,0.000000000000000000e+00,0.000000000000000000e+00,0.000000000000000000e+00,0.000000000000000000e+00,0.000000000000000000e+00,0.000000000000000000e+00,0.000000000000000000e+00,0.000000000000000000e+00,0.000000000000000000e+00,0.000000000000000000e+00,0.000000000000000000e+00,0.000000000000000000e+00,0.000000000000000000e+00,0.000000000000000000e+00,0.000000000000000000e+00,0.000000000000000000e+00,0.000000000000000000e+00,0.000000000000000000e+00,0.000000000000000000e+00,0.000000000000000000e+00,0.000000000000000000e+00,0.000000000000000000e+00,0.000000000000000000e+00,0.000000000000000000e+00,0.000000000000000000e+00,0.000000000000000000e+00,0.000000000000000000e+00,0.000000000000000000e+00,0.000000000000000000e+00,0.000000000000000000e+00,0.000000000000000000e+00,0.000000000000000000e+00,0.000000000000000000e+00,0.000000000000000000e+00,0.000000000000000000e+00,0.000000000000000000e+00,0.000000000000000000e+00,0.000000000000000000e+00,0.000000000000000000e+00,0.000000000000000000e+00,0.000000000000000000e+00,0.000000000000000000e+00,0.000000000000000000e+00,0.000000000000000000e+00,0.000000000000000000e+00,0.000000000000000000e+00,0.000000000000000000e+00,0.000000000000000000e+00,0.000000000000000000e+00,0.000000000000000000e+00,0.000000000000000000e+00,0.000000000000000000e+00,0.000000000000000000e+00,0.000000000000000000e+00,0.000000000000000000e+00,0.000000000000000000e+00,0.000000000000000000e+00,0.000000000000000000e+00,0.000000000000000000e+00,0.000000000000000000e+00,0.000000000000000000e+00,0.000000000000000000e+00,0.000000000000000000e+00,0.000000000000000000e+00,0.000000000000000000e+00,0.000000000000000000e+00,0.000000000000000000e+00,0.000000000000000000e+00,0.000000000000000000e+00,0.000000000000000000e+00,0.000000000000000000e+00,0.000000000000000000e+00,0.000000000000000000e+00,0.000000000000000000e+00,0.000000000000000000e+00,0.000000000000000000e+00,0.000000000000000000e+00,0.000000000000000000e+00,0.000000000000000000e+00,0.000000000000000000e+00,0.000000000000000000e+00,0.000000000000000000e+00,0.000000000000000000e+00,0.000000000000000000e+00,0.000000000000000000e+00,0.000000000000000000e+00,0.000000000000000000e+00,0.000000000000000000e+00,0.000000000000000000e+00,0.000000000000000000e+00,0.000000000000000000e+00,0.000000000000000000e+00,0.000000000000000000e+00,0.000000000000000000e+00,0.000000000000000000e+00,0.000000000000000000e+00,0.000000000000000000e+00,0.000000000000000000e+00,0.000000000000000000e+00,0.000000000000000000e+00,0.000000000000000000e+00,0.000000000000000000e+00,0.000000000000000000e+00,0.000000000000000000e+00,0.000000000000000000e+00,0.000000000000000000e+00,0.000000000000000000e+00,0.000000000000000000e+00,0.000000000000000000e+00,0.000000000000000000e+00,0.000000000000000000e+00,0.000000000000000000e+00,0.000000000000000000e+00,0.000000000000000000e+00,0.000000000000000000e+00,0.000000000000000000e+00,0.000000000000000000e+00,0.000000000000000000e+00,0.000000000000000000e+00,0.000000000000000000e+00,0.000000000000000000e+00,0.000000000000000000e+00,0.000000000000000000e+00,0.000000000000000000e+00,0.000000000000000000e+00,0.000000000000000000e+00,0.000000000000000000e+00,0.000000000000000000e+00,0.000000000000000000e+00,0.000000000000000000e+00,0.000000000000000000e+00,0.000000000000000000e+00,0.000000000000000000e+00,0.000000000000000000e+00,0.000000000000000000e+00,0.000000000000000000e+00,0.000000000000000000e+00,0.000000000000000000e+00,0.000000000000000000e+00,0.000000000000000000e+00,0.000000000000000000e+00,0.000000000000000000e+00,0.000000000000000000e+00,0.000000000000000000e+00,0.000000000000000000e+00,0.000000000000000000e+00,0.000000000000000000e+00,0.000000000000000000e+00,0.000000000000000000e+00,0.000000000000000000e+00,0.000000000000000000e+00,0.000000000000000000e+00,0.000000000000000000e+00,0.000000000000000000e+00,0.000000000000000000e+00,0.000000000000000000e+00,0.000000000000000000e+00,0.000000000000000000e+00,0.000000000000000000e+00,0.000000000000000000e+00,0.000000000000000000e+00,0.000000000000000000e+00,0.000000000000000000e+00,0.000000000000000000e+00,0.000000000000000000e+00,0.000000000000000000e+00,0.000000000000000000e+00,0.000000000000000000e+00,0.000000000000000000e+00,0.000000000000000000e+00,0.000000000000000000e+00,0.000000000000000000e+00,0.000000000000000000e+00,0.000000000000000000e+00,0.000000000000000000e+00,0.000000000000000000e+00,0.000000000000000000e+00,0.000000000000000000e+00,0.000000000000000000e+00,0.000000000000000000e+00,0.000000000000000000e+00,0.000000000000000000e+00,0.000000000000000000e+00,0.000000000000000000e+00,0.000000000000000000e+00,0.000000000000000000e+00,0.000000000000000000e+00,0.000000000000000000e+00,0.000000000000000000e+00,0.000000000000000000e+00,0.000000000000000000e+00,0.000000000000000000e+00,0.000000000000000000e+00,0.000000000000000000e+00,0.000000000000000000e+00,0.000000000000000000e+00,0.000000000000000000e+00,0.000000000000000000e+00,0.000000000000000000e+00,0.000000000000000000e+00,0.000000000000000000e+00,0.000000000000000000e+00,0.000000000000000000e+00,0.000000000000000000e+00,0.000000000000000000e+00
0.000000000000000000e+00,0.000000000000000000e+00,0.000000000000000000e+00,0.000000000000000000e+00,0.000000000000000000e+00,0.000000000000000000e+00,0.000000000000000000e+00,0.000000000000000000e+00,0.000000000000000000e+00,0.000000000000000000e+00,0.000000000000000000e+00,0.000000000000000000e+00,0.000000000000000000e+00,0.000000000000000000e+00,0.000000000000000000e+00,0.000000000000000000e+00,0.000000000000000000e+00,0.000000000000000000e+00,0.000000000000000000e+00,0.000000000000000000e+00,0.000000000000000000e+00,0.000000000000000000e+00,0.000000000000000000e+00,0.000000000000000000e+00,0.000000000000000000e+00,0.000000000000000000e+00,0.000000000000000000e+00,0.000000000000000000e+00,0.000000000000000000e+00,0.000000000000000000e+00,0.000000000000000000e+00,0.000000000000000000e+00,0.000000000000000000e+00,0.000000000000000000e+00,0.000000000000000000e+00,0.000000000000000000e+00,0.000000000000000000e+00,0.000000000000000000e+00,0.000000000000000000e+00,0.000000000000000000e+00,0.000000000000000000e+00,0.000000000000000000e+00,0.000000000000000000e+00,0.000000000000000000e+00,0.000000000000000000e+00,0.000000000000000000e+00,0.000000000000000000e+00,0.000000000000000000e+00,0.000000000000000000e+00,0.000000000000000000e+00,0.000000000000000000e+00,0.000000000000000000e+00,0.000000000000000000e+00,0.000000000000000000e+00,0.000000000000000000e+00,0.000000000000000000e+00,0.000000000000000000e+00,0.000000000000000000e+00,0.000000000000000000e+00,0.000000000000000000e+00,0.000000000000000000e+00,0.000000000000000000e+00,0.000000000000000000e+00,0.000000000000000000e+00,0.000000000000000000e+00,0.000000000000000000e+00,0.000000000000000000e+00,0.000000000000000000e+00,0.000000000000000000e+00,0.000000000000000000e+00,0.000000000000000000e+00,0.000000000000000000e+00,0.000000000000000000e+00,0.000000000000000000e+00,0.000000000000000000e+00,0.000000000000000000e+00,0.000000000000000000e+00,0.000000000000000000e+00,0.000000000000000000e+00,0.000000000000000000e+00,0.000000000000000000e+00,0.000000000000000000e+00,0.000000000000000000e+00,0.000000000000000000e+00,0.000000000000000000e+00,0.000000000000000000e+00,0.000000000000000000e+00,0.000000000000000000e+00,0.000000000000000000e+00,0.000000000000000000e+00,0.000000000000000000e+00,0.000000000000000000e+00,0.000000000000000000e+00,0.000000000000000000e+00,0.000000000000000000e+00,0.000000000000000000e+00,0.000000000000000000e+00,0.000000000000000000e+00,0.000000000000000000e+00,0.000000000000000000e+00,0.000000000000000000e+00,0.000000000000000000e+00,0.000000000000000000e+00,0.000000000000000000e+00,0.000000000000000000e+00,0.000000000000000000e+00,0.000000000000000000e+00,0.000000000000000000e+00,0.000000000000000000e+00,0.000000000000000000e+00,0.000000000000000000e+00,0.000000000000000000e+00,0.000000000000000000e+00,0.000000000000000000e+00,0.000000000000000000e+00,0.000000000000000000e+00,0.000000000000000000e+00,0.000000000000000000e+00,0.000000000000000000e+00,0.000000000000000000e+00,0.000000000000000000e+00,0.000000000000000000e+00,0.000000000000000000e+00,0.000000000000000000e+00,0.000000000000000000e+00,0.000000000000000000e+00,0.000000000000000000e+00,0.000000000000000000e+00,0.000000000000000000e+00,0.000000000000000000e+00,0.000000000000000000e+00,0.000000000000000000e+00,0.000000000000000000e+00,0.000000000000000000e+00,0.000000000000000000e+00,0.000000000000000000e+00,0.000000000000000000e+00,0.000000000000000000e+00,0.000000000000000000e+00,0.000000000000000000e+00,0.000000000000000000e+00,0.000000000000000000e+00,0.000000000000000000e+00,0.000000000000000000e+00,0.000000000000000000e+00,0.000000000000000000e+00,0.000000000000000000e+00,0.000000000000000000e+00,0.000000000000000000e+00,0.000000000000000000e+00,0.000000000000000000e+00,0.000000000000000000e+00,0.000000000000000000e+00,0.000000000000000000e+00,0.000000000000000000e+00,0.000000000000000000e+00,0.000000000000000000e+00,0.000000000000000000e+00,0.000000000000000000e+00,0.000000000000000000e+00,0.000000000000000000e+00,0.000000000000000000e+00,0.000000000000000000e+00,0.000000000000000000e+00,0.000000000000000000e+00,0.000000000000000000e+00,0.000000000000000000e+00,0.000000000000000000e+00,0.000000000000000000e+00,0.000000000000000000e+00,0.000000000000000000e+00,0.000000000000000000e+00,0.000000000000000000e+00,0.000000000000000000e+00,0.000000000000000000e+00,0.000000000000000000e+00,0.000000000000000000e+00,0.000000000000000000e+00,0.000000000000000000e+00,0.000000000000000000e+00,0.000000000000000000e+00,0.000000000000000000e+00,0.000000000000000000e+00,0.000000000000000000e+00,0.000000000000000000e+00,0.000000000000000000e+00,0.000000000000000000e+00,0.000000000000000000e+00,0.000000000000000000e+00,0.000000000000000000e+00,0.000000000000000000e+00,0.000000000000000000e+00,0.000000000000000000e+00,0.000000000000000000e+00,0.000000000000000000e+00,0.000000000000000000e+00,0.000000000000000000e+00,0.000000000000000000e+00,0.000000000000000000e+00,0.000000000000000000e+00,0.000000000000000000e+00,0.000000000000000000e+00,0.000000000000000000e+00,0.000000000000000000e+00,0.000000000000000000e+00,0.000000000000000000e+00,0.000000000000000000e+00,0.000000000000000000e+00,0.000000000000000000e+00,0.000000000000000000e+00,0.000000000000000000e+00,0.000000000000000000e+00,0.000000000000000000e+00,0.000000000000000000e+00,0.000000000000000000e+00,0.000000000000000000e+00,0.000000000000000000e+00,0.000000000000000000e+00,0.000000000000000000e+00,0.000000000000000000e+00,0.000000000000000000e+00,0.000000000000000000e+00,0.000000000000000000e+00,0.000000000000000000e+00,0.000000000000000000e+00,0.000000000000000000e+00,0.000000000000000000e+00,0.000000000000000000e+00,0.000000000000000000e+00,0.000000000000000000e+00,0.000000000000000000e+00,0.000000000000000000e+00,0.000000000000000000e+00,0.000000000000000000e+00,0.000000000000000000e+00,0.000000000000000000e+00,0.000000000000000000e+00,0.000000000000000000e+00,0.000000000000000000e+00,0.000000000000000000e+00,0.000000000000000000e+00,0.000000000000000000e+00,0.000000000000000000e+00,0.000000000000000000e+00,0.000000000000000000e+00,0.000000000000000000e+00,0.000000000000000000e+00,0.000000000000000000e+00,0.000000000000000000e+00,0.000000000000000000e+00,0.000000000000000000e+00,0.000000000000000000e+00,0.000000000000000000e+00,0.000000000000000000e+00,0.000000000000000000e+00,0.000000000000000000e+00,0.000000000000000000e+00,0.000000000000000000e+00,0.000000000000000000e+00,0.000000000000000000e+00,0.000000000000000000e+00,0.000000000000000000e+00,0.000000000000000000e+00,0.000000000000000000e+00,0.000000000000000000e+00,0.000000000000000000e+00,0.000000000000000000e+00,0.000000000000000000e+00,0.000000000000000000e+00,0.000000000000000000e+00,0.000000000000000000e+00,0.000000000000000000e+00,0.000000000000000000e+00,0.000000000000000000e+00,0.000000000000000000e+00,0.000000000000000000e+00,0.000000000000000000e+00,0.000000000000000000e+00,0.000000000000000000e+00,0.000000000000000000e+00,0.000000000000000000e+00,0.000000000000000000e+00,0.000000000000000000e+00,0.000000000000000000e+00,0.000000000000000000e+00,0.000000000000000000e+00,0.000000000000000000e+00,0.000000000000000000e+00,0.000000000000000000e+00,0.000000000000000000e+00,0.000000000000000000e+00,0.000000000000000000e+00,0.000000000000000000e+00,0.000000000000000000e+00,0.000000000000000000e+00,0.000000000000000000e+00,0.000000000000000000e+00,0.000000000000000000e+00,0.000000000000000000e+00,0.000000000000000000e+00
0.000000000000000000e+00,0.000000000000000000e+00,0.000000000000000000e+00,0.000000000000000000e+00,0.000000000000000000e+00,0.000000000000000000e+00,0.000000000000000000e+00,0.000000000000000000e+00,0.000000000000000000e+00,0.000000000000000000e+00,0.000000000000000000e+00,0.000000000000000000e+00,0.000000000000000000e+00,0.000000000000000000e+00,0.000000000000000000e+00,0.000000000000000000e+00,0.000000000000000000e+00,0.000000000000000000e+00,0.000000000000000000e+00,0.000000000000000000e+00,0.000000000000000000e+00,0.000000000000000000e+00,0.000000000000000000e+00,0.000000000000000000e+00,0.000000000000000000e+00,0.000000000000000000e+00,0.000000000000000000e+00,0.000000000000000000e+00,0.000000000000000000e+00,0.000000000000000000e+00,0.000000000000000000e+00,0.000000000000000000e+00,0.000000000000000000e+00,0.000000000000000000e+00,0.000000000000000000e+00,0.000000000000000000e+00,0.000000000000000000e+00,0.000000000000000000e+00,0.000000000000000000e+00,0.000000000000000000e+00,0.000000000000000000e+00,0.000000000000000000e+00,0.000000000000000000e+00,0.000000000000000000e+00,0.000000000000000000e+00,0.000000000000000000e+00,0.000000000000000000e+00,0.000000000000000000e+00,0.000000000000000000e+00,0.000000000000000000e+00,0.000000000000000000e+00,0.000000000000000000e+00,0.000000000000000000e+00,0.000000000000000000e+00,0.000000000000000000e+00,0.000000000000000000e+00,0.000000000000000000e+00,0.000000000000000000e+00,0.000000000000000000e+00,0.000000000000000000e+00,0.000000000000000000e+00,0.000000000000000000e+00,0.000000000000000000e+00,0.000000000000000000e+00,0.000000000000000000e+00,0.000000000000000000e+00,0.000000000000000000e+00,0.000000000000000000e+00,0.000000000000000000e+00,0.000000000000000000e+00,0.000000000000000000e+00,0.000000000000000000e+00,0.000000000000000000e+00,0.000000000000000000e+00,0.000000000000000000e+00,0.000000000000000000e+00,0.000000000000000000e+00,0.000000000000000000e+00,0.000000000000000000e+00,0.000000000000000000e+00,0.000000000000000000e+00,0.000000000000000000e+00,0.000000000000000000e+00,0.000000000000000000e+00,0.000000000000000000e+00,0.000000000000000000e+00,0.000000000000000000e+00,0.000000000000000000e+00,0.000000000000000000e+00,0.000000000000000000e+00,0.000000000000000000e+00,0.000000000000000000e+00,0.000000000000000000e+00,0.000000000000000000e+00,0.000000000000000000e+00,0.000000000000000000e+00,0.000000000000000000e+00,0.000000000000000000e+00,0.000000000000000000e+00,0.000000000000000000e+00,0.000000000000000000e+00,0.000000000000000000e+00,0.000000000000000000e+00,0.000000000000000000e+00,0.000000000000000000e+00,0.000000000000000000e+00,0.000000000000000000e+00,0.000000000000000000e+00,0.000000000000000000e+00,0.000000000000000000e+00,0.000000000000000000e+00,0.000000000000000000e+00,0.000000000000000000e+00,0.000000000000000000e+00,0.000000000000000000e+00,0.000000000000000000e+00,0.000000000000000000e+00,0.000000000000000000e+00,0.000000000000000000e+00,0.000000000000000000e+00,0.000000000000000000e+00,0.000000000000000000e+00,0.000000000000000000e+00,0.000000000000000000e+00,0.000000000000000000e+00,0.000000000000000000e+00,0.000000000000000000e+00,0.000000000000000000e+00,0.000000000000000000e+00,0.000000000000000000e+00,0.000000000000000000e+00,0.000000000000000000e+00,0.000000000000000000e+00,0.000000000000000000e+00,0.000000000000000000e+00,0.000000000000000000e+00,0.000000000000000000e+00,0.000000000000000000e+00,0.000000000000000000e+00,0.000000000000000000e+00,0.000000000000000000e+00,0.000000000000000000e+00,0.000000000000000000e+00,0.000000000000000000e+00,0.000000000000000000e+00,0.000000000000000000e+00,0.000000000000000000e+00,0.000000000000000000e+00,0.000000000000000000e+00,0.000000000000000000e+00,0.000000000000000000e+00,0.000000000000000000e+00,0.000000000000000000e+00,0.000000000000000000e+00,0.000000000000000000e+00,0.000000000000000000e+00,0.000000000000000000e+00,0.000000000000000000e+00,0.000000000000000000e+00,0.000000000000000000e+00,0.000000000000000000e+00,0.000000000000000000e+00,0.000000000000000000e+00,0.000000000000000000e+00,0.000000000000000000e+00,0.000000000000000000e+00,0.000000000000000000e+00,0.000000000000000000e+00,0.000000000000000000e+00,0.000000000000000000e+00,0.000000000000000000e+00,0.000000000000000000e+00,0.000000000000000000e+00,0.000000000000000000e+00,0.000000000000000000e+00,0.000000000000000000e+00,0.000000000000000000e+00,0.000000000000000000e+00,0.000000000000000000e+00,0.000000000000000000e+00,0.000000000000000000e+00,0.000000000000000000e+00,0.000000000000000000e+00,0.000000000000000000e+00,0.000000000000000000e+00,0.000000000000000000e+00,0.000000000000000000e+00,0.000000000000000000e+00,0.000000000000000000e+00,0.000000000000000000e+00,0.000000000000000000e+00,0.000000000000000000e+00,0.000000000000000000e+00,0.000000000000000000e+00,0.000000000000000000e+00,0.000000000000000000e+00,0.000000000000000000e+00,0.000000000000000000e+00,0.000000000000000000e+00,0.000000000000000000e+00,0.000000000000000000e+00,0.000000000000000000e+00,0.000000000000000000e+00,0.000000000000000000e+00,0.000000000000000000e+00,0.000000000000000000e+00,0.000000000000000000e+00,0.000000000000000000e+00,0.000000000000000000e+00,0.000000000000000000e+00,0.000000000000000000e+00,0.000000000000000000e+00,0.000000000000000000e+00,0.000000000000000000e+00,0.000000000000000000e+00,0.000000000000000000e+00,0.000000000000000000e+00,0.000000000000000000e+00,0.000000000000000000e+00,0.000000000000000000e+00,0.000000000000000000e+00,0.000000000000000000e+00,0.000000000000000000e+00,0.000000000000000000e+00,0.000000000000000000e+00,0.000000000000000000e+00,0.000000000000000000e+00,0.000000000000000000e+00,0.000000000000000000e+00,0.000000000000000000e+00,0.000000000000000000e+00,0.000000000000000000e+00,0.000000000000000000e+00,0.000000000000000000e+00,0.000000000000000000e+00,0.000000000000000000e+00,0.000000000000000000e+00,0.000000000000000000e+00,0.000000000000000000e+00,0.000000000000000000e+00,0.000000000000000000e+00,0.000000000000000000e+00,0.000000000000000000e+00,0.000000000000000000e+00,0.000000000000000000e+00,0.000000000000000000e+00,0.000000000000000000e+00,0.000000000000000000e+00,0.000000000000000000e+00,0.000000000000000000e+00,0.000000000000000000e+00,0.000000000000000000e+00,0.000000000000000000e+00,0.000000000000000000e+00,0.000000000000000000e+00,0.000000000000000000e+00,0.000000000000000000e+00,0.000000000000000000e+00,0.000000000000000000e+00,0.000000000000000000e+00,0.000000000000000000e+00,0.000000000000000000e+00,0.000000000000000000e+00,0.000000000000000000e+00,0.000000000000000000e+00,0.000000000000000000e+00,0.000000000000000000e+00,0.000000000000000000e+00,0.000000000000000000e+00,0.000000000000000000e+00,0.000000000000000000e+00,0.000000000000000000e+00,0.000000000000000000e+00,0.000000000000000000e+00,0.000000000000000000e+00,0.000000000000000000e+00,0.000000000000000000e+00,0.000000000000000000e+00,0.000000000000000000e+00,0.000000000000000000e+00,0.000000000000000000e+00,0.000000000000000000e+00,0.000000000000000000e+00,0.000000000000000000e+00,0.000000000000000000e+00,0.000000000000000000e+00,0.000000000000000000e+00,0.000000000000000000e+00,0.000000000000000000e+00,0.000000000000000000e+00,0.000000000000000000e+00,0.000000000000000000e+00,0.000000000000000000e+00,0.000000000000000000e+00,0.000000000000000000e+00,0.000000000000000000e+00,0.000000000000000000e+00,0.000000000000000000e+00,0.000000000000000000e+00,0.000000000000000000e+00
0.000000000000000000e+00,0.000000000000000000e+00,0.000000000000000000e+00,0.000000000000000000e+00,0.000000000000000000e+00,0.000000000000000000e+00,0.000000000000000000e+00,0.000000000000000000e+00,0.000000000000000000e+00,0.000000000000000000e+00,0.000000000000000000e+00,0.000000000000000000e+00,0.000000000000000000e+00,0.000000000000000000e+00,0.000000000000000000e+00,0.000000000000000000e+00,0.000000000000000000e+00,0.000000000000000000e+00,0.000000000000000000e+00,0.000000000000000000e+00,0.000000000000000000e+00,0.000000000000000000e+00,0.000000000000000000e+00,0.000000000000000000e+00,0.000000000000000000e+00,0.000000000000000000e+00,0.000000000000000000e+00,0.000000000000000000e+00,0.000000000000000000e+00,0.000000000000000000e+00,0.000000000000000000e+00,0.000000000000000000e+00,0.000000000000000000e+00,0.000000000000000000e+00,0.000000000000000000e+00,0.000000000000000000e+00,0.000000000000000000e+00,0.000000000000000000e+00,0.000000000000000000e+00,0.000000000000000000e+00,0.000000000000000000e+00,0.000000000000000000e+00,0.000000000000000000e+00,0.000000000000000000e+00,0.000000000000000000e+00,0.000000000000000000e+00,0.000000000000000000e+00,0.000000000000000000e+00,0.000000000000000000e+00,0.000000000000000000e+00,0.000000000000000000e+00,0.000000000000000000e+00,0.000000000000000000e+00,0.000000000000000000e+00,0.000000000000000000e+00,0.000000000000000000e+00,0.000000000000000000e+00,0.000000000000000000e+00,0.000000000000000000e+00,0.000000000000000000e+00,0.000000000000000000e+00,0.000000000000000000e+00,0.000000000000000000e+00,0.000000000000000000e+00,0.000000000000000000e+00,0.000000000000000000e+00,0.000000000000000000e+00,0.000000000000000000e+00,0.000000000000000000e+00,0.000000000000000000e+00,0.000000000000000000e+00,0.000000000000000000e+00,0.000000000000000000e+00,0.000000000000000000e+00,0.000000000000000000e+00,0.000000000000000000e+00,0.000000000000000000e+00,0.000000000000000000e+00,0.000000000000000000e+00,0.000000000000000000e+00,0.000000000000000000e+00,0.000000000000000000e+00,0.000000000000000000e+00,0.000000000000000000e+00,0.000000000000000000e+00,0.000000000000000000e+00,0.000000000000000000e+00,0.000000000000000000e+00,0.000000000000000000e+00,0.000000000000000000e+00,0.000000000000000000e+00,0.000000000000000000e+00,0.000000000000000000e+00,0.000000000000000000e+00,0.000000000000000000e+00,0.000000000000000000e+00,0.000000000000000000e+00,0.000000000000000000e+00,0.000000000000000000e+00,0.000000000000000000e+00,0.000000000000000000e+00,0.000000000000000000e+00,0.000000000000000000e+00,0.000000000000000000e+00,0.000000000000000000e+00,0.000000000000000000e+00,0.000000000000000000e+00,0.000000000000000000e+00,0.000000000000000000e+00,0.000000000000000000e+00,0.000000000000000000e+00,0.000000000000000000e+00,0.000000000000000000e+00,0.000000000000000000e+00,0.000000000000000000e+00,0.000000000000000000e+00,0.000000000000000000e+00,0.000000000000000000e+00,0.000000000000000000e+00,0.000000000000000000e+00,0.000000000000000000e+00,0.000000000000000000e+00,0.000000000000000000e+00,0.000000000000000000e+00,0.000000000000000000e+00,0.000000000000000000e+00,0.000000000000000000e+00,0.000000000000000000e+00,0.000000000000000000e+00,0.000000000000000000e+00,0.000000000000000000e+00,0.000000000000000000e+00,0.000000000000000000e+00,0.000000000000000000e+00,0.000000000000000000e+00,0.000000000000000000e+00,0.000000000000000000e+00,0.000000000000000000e+00,0.000000000000000000e+00,0.000000000000000000e+00,0.000000000000000000e+00,0.000000000000000000e+00,0.000000000000000000e+00,0.000000000000000000e+00,0.000000000000000000e+00,0.000000000000000000e+00,0.000000000000000000e+00,0.000000000000000000e+00,0.000000000000000000e+00,0.000000000000000000e+00,0.000000000000000000e+00,0.000000000000000000e+00,0.000000000000000000e+00,0.000000000000000000e+00,0.000000000000000000e+00,0.000000000000000000e+00,0.000000000000000000e+00,0.000000000000000000e+00,0.000000000000000000e+00,0.000000000000000000e+00,0.000000000000000000e+00,0.000000000000000000e+00,0.000000000000000000e+00,0.000000000000000000e+00,0.000000000000000000e+00,0.000000000000000000e+00,0.000000000000000000e+00,0.000000000000000000e+00,0.000000000000000000e+00,0.000000000000000000e+00,0.000000000000000000e+00,0.000000000000000000e+00,0.000000000000000000e+00,0.000000000000000000e+00,0.000000000000000000e+00,0.000000000000000000e+00,0.000000000000000000e+00,0.000000000000000000e+00,0.000000000000000000e+00,0.000000000000000000e+00,0.000000000000000000e+00,0.000000000000000000e+00,0.000000000000000000e+00,0.000000000000000000e+00,0.000000000000000000e+00,0.000000000000000000e+00,0.000000000000000000e+00,0.000000000000000000e+00,0.000000000000000000e+00,0.000000000000000000e+00,0.000000000000000000e+00,0.000000000000000000e+00,0.000000000000000000e+00,0.000000000000000000e+00,0.000000000000000000e+00,0.000000000000000000e+00,0.000000000000000000e+00,0.000000000000000000e+00,0.000000000000000000e+00,0.000000000000000000e+00,0.000000000000000000e+00,0.000000000000000000e+00,0.000000000000000000e+00,0.000000000000000000e+00,0.000000000000000000e+00,0.000000000000000000e+00,0.000000000000000000e+00,0.000000000000000000e+00,0.000000000000000000e+00,0.000000000000000000e+00,0.000000000000000000e+00,0.000000000000000000e+00,0.000000000000000000e+00,0.000000000000000000e+00,0.000000000000000000e+00,0.000000000000000000e+00,0.000000000000000000e+00,0.000000000000000000e+00,0.000000000000000000e+00,0.000000000000000000e+00,0.000000000000000000e+00,0.000000000000000000e+00,0.000000000000000000e+00,0.000000000000000000e+00,0.000000000000000000e+00,0.000000000000000000e+00,0.000000000000000000e+00,0.000000000000000000e+00,0.000000000000000000e+00,0.000000000000000000e+00,0.000000000000000000e+00,0.000000000000000000e+00,0.000000000000000000e+00,0.000000000000000000e+00,0.000000000000000000e+00,0.000000000000000000e+00,0.000000000000000000e+00,0.000000000000000000e+00,0.000000000000000000e+00,0.000000000000000000e+00,0.000000000000000000e+00,0.000000000000000000e+00,0.000000000000000000e+00,0.000000000000000000e+00,0.000000000000000000e+00,0.000000000000000000e+00,0.000000000000000000e+00,0.000000000000000000e+00,0.000000000000000000e+00,0.000000000000000000e+00,0.000000000000000000e+00,0.000000000000000000e+00,0.000000000000000000e+00,0.000000000000000000e+00,0.000000000000000000e+00,0.000000000000000000e+00,0.000000000000000000e+00,0.000000000000000000e+00,0.000000000000000000e+00,0.000000000000000000e+00,0.000000000000000000e+00,0.000000000000000000e+00,0.000000000000000000e+00,0.000000000000000000e+00,0.000000000000000000e+00,0.000000000000000000e+00,0.000000000000000000e+00,0.000000000000000000e+00,0.000000000000000000e+00,0.000000000000000000e+00,0.000000000000000000e+00,0.000000000000000000e+00,0.000000000000000000e+00,0.000000000000000000e+00,0.000000000000000000e+00,0.000000000000000000e+00,0.000000000000000000e+00,0.000000000000000000e+00,0.000000000000000000e+00,0.000000000000000000e+00,0.000000000000000000e+00,0.000000000000000000e+00,0.000000000000000000e+00,0.000000000000000000e+00,0.000000000000000000e+00,0.000000000000000000e+00,0.000000000000000000e+00,0.000000000000000000e+00,0.000000000000000000e+00,0.000000000000000000e+00,0.000000000000000000e+00,0.000000000000000000e+00,0.000000000000000000e+00,0.000000000000000000e+00,0.000000000000000000e+00,0.000000000000000000e+00,0.000000000000000000e+00,0.000000000000000000e+00,0.000000000000000000e+00,0.000000000000000000e+00
0.000000000000000000e+00,0.000000000000000000e+00,0.000000000000000000e+00,0.000000000000000000e+00,0.000000000000000000e+00,0.000000000000000000e+00,0.000000000000000000e+00,0.000000000000000000e+00,0.000000000000000000e+00,0.000000000000000000e+00,0.000000000000000000e+00,0.000000000000000000e+00,0.000000000000000000e+00,0.000000000000000000e+00,0.000000000000000000e+00,0.000000000000000000e+00,0.000000000000000000e+00,0.000000000000000000e+00,0.000000000000000000e+00,0.000000000000000000e+00,0.000000000000000000e+00,0.000000000000000000e+00,0.000000000000000000e+00,0.000000000000000000e+00,0.000000000000000000e+00,0.000000000000000000e+00,0.000000000000000000e+00,0.000000000000000000e+00,0.000000000000000000e+00,0.000000000000000000e+00,0.000000000000000000e+00,0.000000000000000000e+00,0.000000000000000000e+00,0.000000000000000000e+00,0.000000000000000000e+00,0.000000000000000000e+00,0.000000000000000000e+00,0.000000000000000000e+00,0.000000000000000000e+00,0.000000000000000000e+00,0.000000000000000000e+00,0.000000000000000000e+00,0.000000000000000000e+00,0.000000000000000000e+00,0.000000000000000000e+00,0.000000000000000000e+00,0.000000000000000000e+00,0.000000000000000000e+00,0.000000000000000000e+00,0.000000000000000000e+00,0.000000000000000000e+00,0.000000000000000000e+00,0.000000000000000000e+00,0.000000000000000000e+00,0.000000000000000000e+00,0.000000000000000000e+00,0.000000000000000000e+00,0.000000000000000000e+00,0.000000000000000000e+00,0.000000000000000000e+00,0.000000000000000000e+00,0.000000000000000000e+00,0.000000000000000000e+00,0.000000000000000000e+00,0.000000000000000000e+00,0.000000000000000000e+00,0.000000000000000000e+00,0.000000000000000000e+00,0.000000000000000000e+00,0.000000000000000000e+00,0.000000000000000000e+00,0.000000000000000000e+00,0.000000000000000000e+00,0.000000000000000000e+00,0.000000000000000000e+00,0.000000000000000000e+00,0.000000000000000000e+00,0.000000000000000000e+00,0.000000000000000000e+00,0.000000000000000000e+00,0.000000000000000000e+00,0.000000000000000000e+00,0.000000000000000000e+00,0.000000000000000000e+00,0.000000000000000000e+00,0.000000000000000000e+00,0.000000000000000000e+00,0.000000000000000000e+00,0.000000000000000000e+00,0.000000000000000000e+00,0.000000000000000000e+00,0.000000000000000000e+00,0.000000000000000000e+00,0.000000000000000000e+00,0.000000000000000000e+00,0.000000000000000000e+00,0.000000000000000000e+00,0.000000000000000000e+00,0.000000000000000000e+00,0.000000000000000000e+00,0.000000000000000000e+00,0.000000000000000000e+00,0.000000000000000000e+00,0.000000000000000000e+00,0.000000000000000000e+00,0.000000000000000000e+00,0.000000000000000000e+00,0.000000000000000000e+00,0.000000000000000000e+00,0.000000000000000000e+00,0.000000000000000000e+00,0.000000000000000000e+00,0.000000000000000000e+00,0.000000000000000000e+00,0.000000000000000000e+00,0.000000000000000000e+00,0.000000000000000000e+00,0.000000000000000000e+00,0.000000000000000000e+00,0.000000000000000000e+00,0.000000000000000000e+00,0.000000000000000000e+00,0.000000000000000000e+00,0.000000000000000000e+00,0.000000000000000000e+00,0.000000000000000000e+00,0.000000000000000000e+00,0.000000000000000000e+00,0.000000000000000000e+00,0.000000000000000000e+00,0.000000000000000000e+00,0.000000000000000000e+00,0.000000000000000000e+00,0.000000000000000000e+00,0.000000000000000000e+00,0.000000000000000000e+00,0.000000000000000000e+00,0.000000000000000000e+00,0.000000000000000000e+00,0.000000000000000000e+00,0.000000000000000000e+00,0.000000000000000000e+00,0.000000000000000000e+00,0.000000000000000000e+00,0.000000000000000000e+00,0.000000000000000000e+00,0.000000000000000000e+00,0.000000000000000000e+00,0.000000000000000000e+00,0.000000000000000000e+00,0.000000000000000000e+00,0.000000000000000000e+00,0.000000000000000000e+00,0.000000000000000000e+00,0.000000000000000000e+00,0.000000000000000000e+00,0.000000000000000000e+00,0.000000000000000000e+00,0.000000000000000000e+00,0.000000000000000000e+00,0.000000000000000000e+00,0.000000000000000000e+00,0.000000000000000000e+00,0.000000000000000000e+00,0.000000000000000000e+00,0.000000000000000000e+00,0.000000000000000000e+00,0.000000000000000000e+00,0.000000000000000000e+00,0.000000000000000000e+00,0.000000000000000000e+00,0.000000000000000000e+00,0.000000000000000000e+00,0.000000000000000000e+00,0.000000000000000000e+00,0.000000000000000000e+00,0.000000000000000000e+00,0.000000000000000000e+00,0.000000000000000000e+00,0.000000000000000000e+00,0.000000000000000000e+00,0.000000000000000000e+00,0.000000000000000000e+00,0.000000000000000000e+00,0.000000000000000000e+00,0.000000000000000000e+00,0.000000000000000000e+00,0.000000000000000000e+00,0.000000000000000000e+00,0.000000000000000000e+00,0.000000000000000000e+00,0.000000000000000000e+00,0.000000000000000000e+00,0.000000000000000000e+00,0.000000000000000000e+00,0.000000000000000000e+00,0.000000000000000000e+00,0.000000000000000000e+00,0.000000000000000000e+00,0.000000000000000000e+00,0.000000000000000000e+00,0.000000000000000000e+00,0.000000000000000000e+00,0.000000000000000000e+00,0.000000000000000000e+00,0.000000000000000000e+00,0.000000000000000000e+00,0.000000000000000000e+00,0.000000000000000000e+00,0.000000000000000000e+00,0.000000000000000000e+00,0.000000000000000000e+00,0.000000000000000000e+00,0.000000000000000000e+00,0.000000000000000000e+00,0.000000000000000000e+00,0.000000000000000000e+00,0.000000000000000000e+00,0.000000000000000000e+00,0.000000000000000000e+00,0.000000000000000000e+00,0.000000000000000000e+00,0.000000000000000000e+00,0.000000000000000000e+00,0.000000000000000000e+00,0.000000000000000000e+00,0.000000000000000000e+00,0.000000000000000000e+00,0.000000000000000000e+00,0.000000000000000000e+00,0.000000000000000000e+00,0.000000000000000000e+00,0.000000000000000000e+00,0.000000000000000000e+00,0.000000000000000000e+00,0.000000000000000000e+00,0.000000000000000000e+00,0.000000000000000000e+00,0.000000000000000000e+00,0.000000000000000000e+00,0.000000000000000000e+00,0.000000000000000000e+00,0.000000000000000000e+00,0.000000000000000000e+00,0.000000000000000000e+00,0.000000000000000000e+00,0.000000000000000000e+00,0.000000000000000000e+00,0.000000000000000000e+00,0.000000000000000000e+00,0.000000000000000000e+00,0.000000000000000000e+00,0.000000000000000000e+00,0.000000000000000000e+00,0.000000000000000000e+00,0.000000000000000000e+00,0.000000000000000000e+00,0.000000000000000000e+00,0.000000000000000000e+00,0.000000000000000000e+00,0.000000000000000000e+00,0.000000000000000000e+00,0.000000000000000000e+00,0.000000000000000000e+00,0.000000000000000000e+00,0.000000000000000000e+00,0.000000000000000000e+00,0.000000000000000000e+00,0.000000000000000000e+00,0.000000000000000000e+00,0.000000000000000000e+00,0.000000000000000000e+00,0.000000000000000000e+00,0.000000000000000000e+00,0.000000000000000000e+00,0.000000000000000000e+00,0.000000000000000000e+00,0.000000000000000000e+00,0.000000000000000000e+00,0.000000000000000000e+00,0.000000000000000000e+00,0.000000000000000000e+00,0.000000000000000000e+00,0.000000000000000000e+00,0.000000000000000000e+00,0.000000000000000000e+00,0.000000000000000000e+00,0.000000000000000000e+00,0.000000000000000000e+00,0.000000000000000000e+00,0.000000000000000000e+00,0.000000000000000000e+00,0.000000000000000000e+00,0.000000000000000000e+00,0.000000000000000000e+00,0.000000000000000000e+00,0.000000000000000000e+00,0.000000000000000000e+00,0.000000000000000000e+00,0.000000000000000000e+00
0.000000000000000000e+00,0.000000000000000000e+00,0.000000000000000000e+00,0.000000000000000000e+00,0.000000000000000000e+00,0.000000000000000000e+00,0.000000000000000000e+00,0.000000000000000000e+00,0.000000000000000000e+00,0.000000000000000000e+00,0.000000000000000000e+00,0.000000000000000000e+00,0.000000000000000000e+00,0.000000000000000000e+00,0.000000000000000000e+00,0.000000000000000000e+00,0.000000000000000000e+00,0.000000000000000000e+00,0.000000000000000000e+00,0.000000000000000000e+00,0.000000000000000000e+00,0.000000000000000000e+00,0.000000000000000000e+00,0.000000000000000000e+00,0.000000000000000000e+00,0.000000000000000000e+00,0.000000000000000000e+00,0.000000000000000000e+00,0.000000000000000000e+00,0.000000000000000000e+00,0.000000000000000000e+00,0.000000000000000000e+00,0.000000000000000000e+00,0.000000000000000000e+00,0.000000000000000000e+00,0.000000000000000000e+00,0.000000000000000000e+00,0.000000000000000000e+00,0.000000000000000000e+00,0.000000000000000000e+00,0.000000000000000000e+00,0.000000000000000000e+00,0.000000000000000000e+00,0.000000000000000000e+00,0.000000000000000000e+00,0.000000000000000000e+00,0.000000000000000000e+00,0.000000000000000000e+00,0.000000000000000000e+00,0.000000000000000000e+00,0.000000000000000000e+00,0.000000000000000000e+00,0.000000000000000000e+00,0.000000000000000000e+00,0.000000000000000000e+00,0.000000000000000000e+00,0.000000000000000000e+00,0.000000000000000000e+00,0.000000000000000000e+00,0.000000000000000000e+00,0.000000000000000000e+00,0.000000000000000000e+00,0.000000000000000000e+00,0.000000000000000000e+00,0.000000000000000000e+00,0.000000000000000000e+00,0.000000000000000000e+00,0.000000000000000000e+00,0.000000000000000000e+00,0.000000000000000000e+00,0.000000000000000000e+00,0.000000000000000000e+00,0.000000000000000000e+00,0.000000000000000000e+00,0.000000000000000000e+00,0.000000000000000000e+00,0.000000000000000000e+00,0.000000000000000000e+00,0.000000000000000000e+00,0.000000000000000000e+00,0.000000000000000000e+00,0.000000000000000000e+00,0.000000000000000000e+00,0.000000000000000000e+00,0.000000000000000000e+00,0.000000000000000000e+00,0.000000000000000000e+00,0.000000000000000000e+00,0.000000000000000000e+00,0.000000000000000000e+00,0.000000000000000000e+00,0.000000000000000000e+00,0.000000000000000000e+00,0.000000000000000000e+00,0.000000000000000000e+00,0.000000000000000000e+00,0.000000000000000000e+00,0.000000000000000000e+00,0.000000000000000000e+00,0.000000000000000000e+00,0.000000000000000000e+00,0.000000000000000000e+00,0.000000000000000000e+00,0.000000000000000000e+00,0.000000000000000000e+00,0.000000000000000000e+00,0.000000000000000000e+00,0.000000000000000000e+00,0.000000000000000000e+00,0.000000000000000000e+00,0.000000000000000000e+00,0.000000000000000000e+00,0.000000000000000000e+00,0.000000000000000000e+00,0.000000000000000000e+00,0.000000000000000000e+00,0.000000000000000000e+00,0.000000000000000000e+00,0.000000000000000000e+00,0.000000000000000000e+00,0.000000000000000000e+00,0.000000000000000000e+00,0.000000000000000000e+00,0.000000000000000000e+00,0.000000000000000000e+00,0.000000000000000000e+00,0.000000000000000000e+00,0.000000000000000000e+00,0.000000000000000000e+00,0.000000000000000000e+00,0.000000000000000000e+00,0.000000000000000000e+00,0.000000000000000000e+00,0.000000000000000000e+00,0.000000000000000000e+00,0.000000000000000000e+00,0.000000000000000000e+00,0.000000000000000000e+00,0.000000000000000000e+00,0.000000000000000000e+00,0.000000000000000000e+00,0.000000000000000000e+00,0.000000000000000000e+00,0.000000000000000000e+00,0.000000000000000000e+00,0.000000000000000000e+00,0.000000000000000000e+00,0.000000000000000000e+00,0.000000000000000000e+00,0.000000000000000000e+00,0.000000000000000000e+00,0.000000000000000000e+00,0.000000000000000000e+00,0.000000000000000000e+00,0.000000000000000000e+00,0.000000000000000000e+00,0.000000000000000000e+00,0.000000000000000000e+00,0.000000000000000000e+00,0.000000000000000000e+00,0.000000000000000000e+00,0.000000000000000000e+00,0.000000000000000000e+00,0.000000000000000000e+00,0.000000000000000000e+00,0.000000000000000000e+00,0.000000000000000000e+00,0.000000000000000000e+00,0.000000000000000000e+00,0.000000000000000000e+00,0.000000000000000000e+00,0.000000000000000000e+00,0.000000000000000000e+00,0.000000000000000000e+00,0.000000000000000000e+00,0.000000000000000000e+00,0.000000000000000000e+00,0.000000000000000000e+00,0.000000000000000000e+00,0.000000000000000000e+00,0.000000000000000000e+00,0.000000000000000000e+00,0.000000000000000000e+00,0.000000000000000000e+00,0.000000000000000000e+00,0.000000000000000000e+00,0.000000000000000000e+00,0.000000000000000000e+00,0.000000000000000000e+00,0.000000000000000000e+00,0.000000000000000000e+00,0.000000000000000000e+00,0.000000000000000000e+00,0.000000000000000000e+00,0.000000000000000000e+00,0.000000000000000000e+00,0.000000000000000000e+00,0.000000000000000000e+00,0.000000000000000000e+00,0.000000000000000000e+00,0.000000000000000000e+00,0.000000000000000000e+00,0.000000000000000000e+00,0.000000000000000000e+00,0.000000000000000000e+00,0.000000000000000000e+00,0.000000000000000000e+00,0.000000000000000000e+00,0.000000000000000000e+00,0.000000000000000000e+00,0.000000000000000000e+00,0.000000000000000000e+00,0.000000000000000000e+00,0.000000000000000000e+00,0.000000000000000000e+00,0.000000000000000000e+00,0.000000000000000000e+00,0.000000000000000000e+00,0.000000000000000000e+00,0.000000000000000000e+00,0.000000000000000000e+00,0.000000000000000000e+00,0.000000000000000000e+00,0.000000000000000000e+00,0.000000000000000000e+00,0.000000000000000000e+00,0.000000000000000000e+00,0.000000000000000000e+00,0.000000000000000000e+00,0.000000000000000000e+00,0.000000000000000000e+00,0.000000000000000000e+00,0.000000000000000000e+00,0.000000000000000000e+00,0.000000000000000000e+00,0.000000000000000000e+00,0.000000000000000000e+00,0.000000000000000000e+00,0.000000000000000000e+00,0.000000000000000000e+00,0.000000000000000000e+00,0.000000000000000000e+00,0.000000000000000000e+00,0.000000000000000000e+00,0.000000000000000000e+00,0.000000000000000000e+00,0.000000000000000000e+00,0.000000000000000000e+00,0.000000000000000000e+00,0.000000000000000000e+00,0.000000000000000000e+00,0.000000000000000000e+00,0.000000000000000000e+00,0.000000000000000000e+00,0.000000000000000000e+00,0.000000000000000000e+00,0.000000000000000000e+00,0.000000000000000000e+00,0.000000000000000000e+00,0.000000000000000000e+00,0.000000000000000000e+00,0.000000000000000000e+00,0.000000000000000000e+00,0.000000000000000000e+00,0.000000000000000000e+00,0.000000000000000000e+00,0.000000000000000000e+00,0.000000000000000000e+00,0.000000000000000000e+00,0.000000000000000000e+00,0.000000000000000000e+00,0.000000000000000000e+00,0.000000000000000000e+00,0.000000000000000000e+00,0.000000000000000000e+00,0.000000000000000000e+00,0.000000000000000000e+00,0.000000000000000000e+00,0.000000000000000000e+00,0.000000000000000000e+00,0.000000000000000000e+00,0.000000000000000000e+00,0.000000000000000000e+00,0.000000000000000000e+00,0.000000000000000000e+00,0.000000000000000000e+00,0.000000000000000000e+00,0.000000000000000000e+00,0.000000000000000000e+00,0.000000000000000000e+00,0.000000000000000000e+00,0.000000000000000000e+00,0.000000000000000000e+00,0.000000000000000000e+00,0.000000000000000000e+00,0.000000000000000000e+00,0.000000000000000000e+00,0.000000000000000000e+00,0.000000000000000000e+00,0.000000000000000000e+00
0.000000000000000000e+00,0.000000000000000000e+00,0.000000000000000000e+00,0.000000000000000000e+00,0.000000000000000000e+00,0.000000000000000000e+00,0.000000000000000000e+00,0.000000000000000000e+00,0.000000000000000000e+00,0.000000000000000000e+00,0.000000000000000000e+00,0.000000000000000000e+00,0.000000000000000000e+00,0.000000000000000000e+00,0.000000000000000000e+00,0.000000000000000000e+00,0.000000000000000000e+00,0.000000000000000000e+00,0.000000000000000000e+00,0.000000000000000000e+00,0.000000000000000000e+00,0.000000000000000000e+00,0.000000000000000000e+00,0.000000000000000000e+00,0.000000000000000000e+00,0.000000000000000000e+00,0.000000000000000000e+00,0.000000000000000000e+00,0.000000000000000000e+00,0.000000000000000000e+00,0.000000000000000000e+00,0.000000000000000000e+00,0.000000000000000000e+00,0.000000000000000000e+00,0.000000000000000000e+00,0.000000000000000000e+00,0.000000000000000000e+00,0.000000000000000000e+00,0.000000000000000000e+00,0.000000000000000000e+00,0.000000000000000000e+00,0.000000000000000000e+00,0.000000000000000000e+00,0.000000000000000000e+00,0.000000000000000000e+00,0.000000000000000000e+00,0.000000000000000000e+00,0.000000000000000000e+00,0.000000000000000000e+00,0.000000000000000000e+00,0.000000000000000000e+00,0.000000000000000000e+00,0.000000000000000000e+00,0.000000000000000000e+00,0.000000000000000000e+00,0.000000000000000000e+00,0.000000000000000000e+00,0.000000000000000000e+00,0.000000000000000000e+00,0.000000000000000000e+00,0.000000000000000000e+00,0.000000000000000000e+00,0.000000000000000000e+00,0.000000000000000000e+00,0.000000000000000000e+00,0.000000000000000000e+00,0.000000000000000000e+00,0.000000000000000000e+00,0.000000000000000000e+00,0.000000000000000000e+00,0.000000000000000000e+00,0.000000000000000000e+00,0.000000000000000000e+00,0.000000000000000000e+00,0.000000000000000000e+00,0.000000000000000000e+00,0.000000000000000000e+00,0.000000000000000000e+00,0.000000000000000000e+00,0.000000000000000000e+00,0.000000000000000000e+00,0.000000000000000000e+00,0.000000000000000000e+00,0.000000000000000000e+00,0.000000000000000000e+00,0.000000000000000000e+00,0.000000000000000000e+00,0.000000000000000000e+00,0.000000000000000000e+00,0.000000000000000000e+00,0.000000000000000000e+00,0.000000000000000000e+00,0.000000000000000000e+00,0.000000000000000000e+00,0.000000000000000000e+00,0.000000000000000000e+00,0.000000000000000000e+00,0.000000000000000000e+00,0.000000000000000000e+00,0.000000000000000000e+00,0.000000000000000000e+00,0.000000000000000000e+00,0.000000000000000000e+00,0.000000000000000000e+00,0.000000000000000000e+00,0.000000000000000000e+00,0.000000000000000000e+00,0.000000000000000000e+00,0.000000000000000000e+00,0.000000000000000000e+00,0.000000000000000000e+00,0.000000000000000000e+00,0.000000000000000000e+00,0.000000000000000000e+00,0.000000000000000000e+00,0.000000000000000000e+00,0.000000000000000000e+00,0.000000000000000000e+00,0.000000000000000000e+00,0.000000000000000000e+00,0.000000000000000000e+00,0.000000000000000000e+00,0.000000000000000000e+00,0.000000000000000000e+00,0.000000000000000000e+00,0.000000000000000000e+00,0.000000000000000000e+00,0.000000000000000000e+00,0.000000000000000000e+00,0.000000000000000000e+00,0.000000000000000000e+00,0.000000000000000000e+00,0.000000000000000000e+00,0.000000000000000000e+00,0.000000000000000000e+00,0.000000000000000000e+00,0.000000000000000000e+00,0.000000000000000000e+00,0.000000000000000000e+00,0.000000000000000000e+00,0.000000000000000000e+00,0.000000000000000000e+00,0.000000000000000000e+00,0.000000000000000000e+00,0.000000000000000000e+00,0.000000000000000000e+00,0.000000000000000000e+00,0.000000000000000000e+00,0.000000000000000000e+00,0.000000000000000000e+00,0.000000000000000000e+00,0.000000000000000000e+00,0.000000000000000000e+00,0.000000000000000000e+00,0.000000000000000000e+00,0.000000000000000000e+00,0.000000000000000000e+00,0.000000000000000000e+00,0.000000000000000000e+00,0.000000000000000000e+00,0.000000000000000000e+00,0.000000000000000000e+00,0.000000000000000000e+00,0.000000000000000000e+00,0.000000000000000000e+00,0.000000000000000000e+00,0.000000000000000000e+00,0.000000000000000000e+00,0.000000000000000000e+00,0.000000000000000000e+00,0.000000000000000000e+00,0.000000000000000000e+00,0.000000000000000000e+00,0.000000000000000000e+00,0.000000000000000000e+00,0.000000000000000000e+00,0.000000000000000000e+00,0.000000000000000000e+00,0.000000000000000000e+00,0.000000000000000000e+00,0.000000000000000000e+00,0.000000000000000000e+00,0.000000000000000000e+00,0.000000000000000000e+00,0.000000000000000000e+00,0.000000000000000000e+00,0.000000000000000000e+00,0.000000000000000000e+00,0.000000000000000000e+00,0.000000000000000000e+00,0.000000000000000000e+00,0.000000000000000000e+00,0.000000000000000000e+00,0.000000000000000000e+00,0.000000000000000000e+00,0.000000000000000000e+00,0.000000000000000000e+00,0.000000000000000000e+00,0.000000000000000000e+00,0.000000000000000000e+00,0.000000000000000000e+00,0.000000000000000000e+00,0.000000000000000000e+00,0.000000000000000000e+00,0.000000000000000000e+00,0.000000000000000000e+00,0.000000000000000000e+00,0.000000000000000000e+00,0.000000000000000000e+00,0.000000000000000000e+00,0.000000000000000000e+00,0.000000000000000000e+00,0.000000000000000000e+00,0.000000000000000000e+00,0.000000000000000000e+00,0.000000000000000000e+00,0.000000000000000000e+00,0.000000000000000000e+00,0.000000000000000000e+00,0.000000000000000000e+00,0.000000000000000000e+00,0.000000000000000000e+00,0.000000000000000000e+00,0.000000000000000000e+00,0.000000000000000000e+00,0.000000000000000000e+00,0.000000000000000000e+00,0.000000000000000000e+00,0.000000000000000000e+00,0.000000000000000000e+00,0.000000000000000000e+00,0.000000000000000000e+00,0.000000000000000000e+00,0.000000000000000000e+00,0.000000000000000000e+00,0.000000000000000000e+00,0.000000000000000000e+00,0.000000000000000000e+00,0.000000000000000000e+00,0.000000000000000000e+00,0.000000000000000000e+00,0.000000000000000000e+00,0.000000000000000000e+00,0.000000000000000000e+00,0.000000000000000000e+00,0.000000000000000000e+00,0.000000000000000000e+00,0.000000000000000000e+00,0.000000000000000000e+00,0.000000000000000000e+00,0.000000000000000000e+00,0.000000000000000000e+00,0.000000000000000000e+00,0.000000000000000000e+00,0.000000000000000000e+00,0.000000000000000000e+00,0.000000000000000000e+00,0.000000000000000000e+00,0.000000000000000000e+00,0.000000000000000000e+00,0.000000000000000000e+00,0.000000000000000000e+00,0.000000000000000000e+00,0.000000000000000000e+00,0.000000000000000000e+00,0.000000000000000000e+00,0.000000000000000000e+00,0.000000000000000000e+00,0.000000000000000000e+00,0.000000000000000000e+00,0.000000000000000000e+00,0.000000000000000000e+00,0.000000000000000000e+00,0.000000000000000000e+00,0.000000000000000000e+00,0.000000000000000000e+00,0.000000000000000000e+00,0.000000000000000000e+00,0.000000000000000000e+00,0.000000000000000000e+00,0.000000000000000000e+00,0.000000000000000000e+00,0.000000000000000000e+00,0.000000000000000000e+00,0.000000000000000000e+00,0.000000000000000000e+00,0.000000000000000000e+00,0.000000000000000000e+00,0.000000000000000000e+00,0.000000000000000000e+00,0.000000000000000000e+00,0.000000000000000000e+00,0.000000000000000000e+00,0.000000000000000000e+00,0.000000000000000000e+00,0.000000000000000000e+00,0.000000000000000000e+00,0.000000000000000000e+00,0.000000000000000000e+00,0.000000000000000000e+00
0.000000000000000000e+00,0.000000000000000000e+00,0.000000000000000000e+00,0.000000000000000000e+00,0.000000000000000000e+00,0.000000000000000000e+00,0.000000000000000000e+00,0.000000000000000000e+00,0.000000000000000000e+00,0.000000000000000000e+00,0.000000000000000000e+00,0.000000000000000000e+00,0.000000000000000000e+00,0.000000000000000000e+00,0.000000000000000000e+00,0.000000000000000000e+00,0.000000000000000000e+00,0.000000000000000000e+00,0.000000000000000000e+00,0.000000000000000000e+00,0.000000000000000000e+00,0.000000000000000000e+00,0.000000000000000000e+00,0.000000000000000000e+00,0.000000000000000000e+00,0.000000000000000000e+00,0.000000000000000000e+00,0.000000000000000000e+00,0.000000000000000000e+00,0.000000000000000000e+00,0.000000000000000000e+00,0.000000000000000000e+00,0.000000000000000000e+00,0.000000000000000000e+00,0.000000000000000000e+00,0.000000000000000000e+00,0.000000000000000000e+00,0.000000000000000000e+00,0.000000000000000000e+00,0.000000000000000000e+00,0.000000000000000000e+00,0.000000000000000000e+00,0.000000000000000000e+00,0.000000000000000000e+00,0.000000000000000000e+00,0.000000000000000000e+00,0.000000000000000000e+00,0.000000000000000000e+00,0.000000000000000000e+00,0.000000000000000000e+00,0.000000000000000000e+00,0.000000000000000000e+00,0.000000000000000000e+00,0.000000000000000000e+00,0.000000000000000000e+00,0.000000000000000000e+00,0.000000000000000000e+00,0.000000000000000000e+00,0.000000000000000000e+00,0.000000000000000000e+00,0.000000000000000000e+00,0.000000000000000000e+00,0.000000000000000000e+00,0.000000000000000000e+00,0.000000000000000000e+00,0.000000000000000000e+00,0.000000000000000000e+00,0.000000000000000000e+00,0.000000000000000000e+00,0.000000000000000000e+00,0.000000000000000000e+00,0.000000000000000000e+00,0.000000000000000000e+00,0.000000000000000000e+00,0.000000000000000000e+00,0.000000000000000000e+00,0.000000000000000000e+00,0.000000000000000000e+00,0.000000000000000000e+00,0.000000000000000000e+00,0.000000000000000000e+00,0.000000000000000000e+00,0.000000000000000000e+00,0.000000000000000000e+00,0.000000000000000000e+00,0.000000000000000000e+00,0.000000000000000000e+00,0.000000000000000000e+00,0.000000000000000000e+00,0.000000000000000000e+00,0.000000000000000000e+00,0.000000000000000000e+00,0.000000000000000000e+00,0.000000000000000000e+00,0.000000000000000000e+00,0.000000000000000000e+00,0.000000000000000000e+00,0.000000000000000000e+00,0.000000000000000000e+00,0.000000000000000000e+00,0.000000000000000000e+00,0.000000000000000000e+00,0.000000000000000000e+00,0.000000000000000000e+00,0.000000000000000000e+00,0.000000000000000000e+00,0.000000000000000000e+00,0.000000000000000000e+00,0.000000000000000000e+00,0.000000000000000000e+00,0.000000000000000000e+00,0.000000000000000000e+00,0.000000000000000000e+00,0.000000000000000000e+00,0.000000000000000000e+00,0.000000000000000000e+00,0.000000000000000000e+00,0.000000000000000000e+00,0.000000000000000000e+00,0.000000000000000000e+00,0.000000000000000000e+00,0.000000000000000000e+00,0.000000000000000000e+00,0.000000000000000000e+00,0.000000000000000000e+00,0.000000000000000000e+00,0.000000000000000000e+00,0.000000000000000000e+00,0.000000000000000000e+00,0.000000000000000000e+00,0.000000000000000000e+00,0.000000000000000000e+00,0.000000000000000000e+00,0.000000000000000000e+00,0.000000000000000000e+00,0.000000000000000000e+00,0.000000000000000000e+00,0.000000000000000000e+00,0.000000000000000000e+00,0.000000000000000000e+00,0.000000000000000000e+00,0.000000000000000000e+00,0.000000000000000000e+00,0.000000000000000000e+00,0.000000000000000000e+00,0.000000000000000000e+00,0.000000000000000000e+00,0.000000000000000000e+00,0.000000000000000000e+00,0.000000000000000000e+00,0.000000000000000000e+00,0.000000000000000000e+00,0.000000000000000000e+00,0.000000000000000000e+00,0.000000000000000000e+00,0.000000000000000000e+00,0.000000000000000000e+00,0.000000000000000000e+00,0.000000000000000000e+00,0.000000000000000000e+00,0.000000000000000000e+00,0.000000000000000000e+00,0.000000000000000000e+00,0.000000000000000000e+00,0.000000000000000000e+00,0.000000000000000000e+00,0.000000000000000000e+00,0.000000000000000000e+00,0.000000000000000000e+00,0.000000000000000000e+00,0.000000000000000000e+00,0.000000000000000000e+00,0.000000000000000000e+00,0.000000000000000000e+00,0.000000000000000000e+00,0.000000000000000000e+00,0.000000000000000000e+00,0.000000000000000000e+00,0.000000000000000000e+00,0.000000000000000000e+00,0.000000000000000000e+00,0.000000000000000000e+00,0.000000000000000000e+00,0.000000000000000000e+00,0.000000000000000000e+00,0.000000000000000000e+00,0.000000000000000000e+00,0.000000000000000000e+00,0.000000000000000000e+00,0.000000000000000000e+00,0.000000000000000000e+00,0.000000000000000000e+00,0.000000000000000000e+00,0.000000000000000000e+00,0.000000000000000000e+00,0.000000000000000000e+00,0.000000000000000000e+00,0.000000000000000000e+00,0.000000000000000000e+00,0.000000000000000000e+00,0.000000000000000000e+00,0.000000000000000000e+00,0.000000000000000000e+00,0.000000000000000000e+00,0.000000000000000000e+00,0.000000000000000000e+00,0.000000000000000000e+00,0.000000000000000000e+00,0.000000000000000000e+00,0.000000000000000000e+00,0.000000000000000000e+00,0.000000000000000000e+00,0.000000000000000000e+00,0.000000000000000000e+00,0.000000000000000000e+00,0.000000000000000000e+00,0.000000000000000000e+00,0.000000000000000000e+00,0.000000000000000000e+00,0.000000000000000000e+00,0.000000000000000000e+00,0.000000000000000000e+00,0.000000000000000000e+00,0.000000000000000000e+00,0.000000000000000000e+00,0.000000000000000000e+00,0.000000000000000000e+00,0.000000000000000000e+00,0.000000000000000000e+00,0.000000000000000000e+00,0.000000000000000000e+00,0.000000000000000000e+00,0.000000000000000000e+00,0.000000000000000000e+00,0.000000000000000000e+00,0.000000000000000000e+00,0.000000000000000000e+00,0.000000000000000000e+00,0.000000000000000000e+00,0.000000000000000000e+00,0.000000000000000000e+00,0.000000000000000000e+00,0.000000000000000000e+00,0.000000000000000000e+00,0.000000000000000000e+00,0.000000000000000000e+00,0.000000000000000000e+00,0.000000000000000000e+00,0.000000000000000000e+00,0.000000000000000000e+00,0.000000000000000000e+00,0.000000000000000000e+00,0.000000000000000000e+00,0.000000000000000000e+00,0.000000000000000000e+00,0.000000000000000000e+00,0.000000000000000000e+00,0.000000000000000000e+00,0.000000000000000000e+00,0.000000000000000000e+00,0.000000000000000000e+00,0.000000000000000000e+00,0.000000000000000000e+00,0.000000000000000000e+00,0.000000000000000000e+00,0.000000000000000000e+00,0.000000000000000000e+00,0.000000000000000000e+00,0.000000000000000000e+00,0.000000000000000000e+00,0.000000000000000000e+00,0.000000000000000000e+00,0.000000000000000000e+00,0.000000000000000000e+00,0.000000000000000000e+00,0.000000000000000000e+00,0.000000000000000000e+00,0.000000000000000000e+00,0.000000000000000000e+00,0.000000000000000000e+00,0.000000000000000000e+00,0.000000000000000000e+00,0.000000000000000000e+00,0.000000000000000000e+00,0.000000000000000000e+00,0.000000000000000000e+00,0.000000000000000000e+00,0.000000000000000000e+00,0.000000000000000000e+00,0.000000000000000000e+00,0.000000000000000000e+00,0.000000000000000000e+00,0.000000000000000000e+00,0.000000000000000000e+00,0.000000000000000000e+00,0.000000000000000000e+00,0.000000000000000000e+00,0.000000000000000000e+00,0.000000000000000000e+00,0.000000000000000000e+00
0.000000000000000000e+00,0.000000000000000000e+00,0.000000000000000000e+00,0.000000000000000000e+00,0.000000000000000000e+00,0.000000000000000000e+00,0.000000000000000000e+00,0.000000000000000000e+00,0.000000000000000000e+00,0.000000000000000000e+00,0.000000000000000000e+00,0.000000000000000000e+00,0.000000000000000000e+00,0.000000000000000000e+00,0.000000000000000000e+00,0.000000000000000000e+00,0.000000000000000000e+00,0.000000000000000000e+00,0.000000000000000000e+00,0.000000000000000000e+00,0.000000000000000000e+00,0.000000000000000000e+00,0.000000000000000000e+00,0.000000000000000000e+00,0.000000000000000000e+00,0.000000000000000000e+00,0.000000000000000000e+00,0.000000000000000000e+00,0.000000000000000000e+00,0.000000000000000000e+00,0.000000000000000000e+00,0.000000000000000000e+00,0.000000000000000000e+00,0.000000000000000000e+00,0.000000000000000000e+00,0.000000000000000000e+00,0.000000000000000000e+00,0.000000000000000000e+00,0.000000000000000000e+00,0.000000000000000000e+00,0.000000000000000000e+00,0.000000000000000000e+00,0.000000000000000000e+00,0.000000000000000000e+00,0.000000000000000000e+00,0.000000000000000000e+00,0.000000000000000000e+00,0.000000000000000000e+00,0.000000000000000000e+00,0.000000000000000000e+00,0.000000000000000000e+00,0.000000000000000000e+00,0.000000000000000000e+00,0.000000000000000000e+00,0.000000000000000000e+00,0.000000000000000000e+00,0.000000000000000000e+00,0.000000000000000000e+00,0.000000000000000000e+00,0.000000000000000000e+00,0.000000000000000000e+00,0.000000000000000000e+00,0.000000000000000000e+00,0.000000000000000000e+00,0.000000000000000000e+00,0.000000000000000000e+00,0.000000000000000000e+00,0.000000000000000000e+00,0.000000000000000000e+00,0.000000000000000000e+00,0.000000000000000000e+00,0.000000000000000000e+00,0.000000000000000000e+00,0.000000000000000000e+00,0.000000000000000000e+00,0.000000000000000000e+00,0.000000000000000000e+00,0.000000000000000000e+00,0.000000000000000000e+00,0.000000000000000000e+00,0.000000000000000000e+00,0.000000000000000000e+00,0.000000000000000000e+00,0.000000000000000000e+00,0.000000000000000000e+00,0.000000000000000000e+00,0.000000000000000000e+00,0.000000000000000000e+00,0.000000000000000000e+00,0.000000000000000000e+00,0.000000000000000000e+00,0.000000000000000000e+00,0.000000000000000000e+00,0.000000000000000000e+00,0.000000000000000000e+00,0.000000000000000000e+00,0.000000000000000000e+00,0.000000000000000000e+00,0.000000000000000000e+00,0.000000000000000000e+00,0.000000000000000000e+00,0.000000000000000000e+00,0.000000000000000000e+00,0.000000000000000000e+00,0.000000000000000000e+00,0.000000000000000000e+00,0.000000000000000000e+00,0.000000000000000000e+00,0.000000000000000000e+00,0.000000000000000000e+00,0.000000000000000000e+00,0.000000000000000000e+00,0.000000000000000000e+00,0.000000000000000000e+00,0.000000000000000000e+00,0.000000000000000000e+00,0.000000000000000000e+00,0.000000000000000000e+00,0.000000000000000000e+00,0.000000000000000000e+00,0.000000000000000000e+00,0.000000000000000000e+00,0.000000000000000000e+00,0.000000000000000000e+00,0.000000000000000000e+00,0.000000000000000000e+00,0.000000000000000000e+00,0.000000000000000000e+00,0.000000000000000000e+00,0.000000000000000000e+00,0.000000000000000000e+00,0.000000000000000000e+00,0.000000000000000000e+00,0.000000000000000000e+00,0.000000000000000000e+00,0.000000000000000000e+00,0.000000000000000000e+00,0.000000000000000000e+00,0.000000000000000000e+00,0.000000000000000000e+00,0.000000000000000000e+00,0.000000000000000000e+00,0.000000000000000000e+00,0.000000000000000000e+00,0.000000000000000000e+00,0.000000000000000000e+00,0.000000000000000000e+00,0.000000000000000000e+00,0.000000000000000000e+00,0.000000000000000000e+00,0.000000000000000000e+00,0.000000000000000000e+00,0.000000000000000000e+00,0.000000000000000000e+00,0.000000000000000000e+00,0.000000000000000000e+00,0.000000000000000000e+00,0.000000000000000000e+00,0.000000000000000000e+00,0.000000000000000000e+00,0.000000000000000000e+00,0.000000000000000000e+00,0.000000000000000000e+00,0.000000000000000000e+00,0.000000000000000000e+00,0.000000000000000000e+00,0.000000000000000000e+00,0.000000000000000000e+00,0.000000000000000000e+00,0.000000000000000000e+00,0.000000000000000000e+00,0.000000000000000000e+00,0.000000000000000000e+00,0.000000000000000000e+00,0.000000000000000000e+00,0.000000000000000000e+00,0.000000000000000000e+00,0.000000000000000000e+00,0.000000000000000000e+00,0.000000000000000000e+00,0.000000000000000000e+00,0.000000000000000000e+00,0.000000000000000000e+00,0.000000000000000000e+00,0.000000000000000000e+00,0.000000000000000000e+00,0.000000000000000000e+00,0.000000000000000000e+00,0.000000000000000000e+00,0.000000000000000000e+00,0.000000000000000000e+00,0.000000000000000000e+00,0.000000000000000000e+00,0.000000000000000000e+00,0.000000000000000000e+00,0.000000000000000000e+00,0.000000000000000000e+00,0.000000000000000000e+00,0.000000000000000000e+00,0.000000000000000000e+00,0.000000000000000000e+00,0.000000000000000000e+00,0.000000000000000000e+00,0.000000000000000000e+00,0.000000000000000000e+00,0.000000000000000000e+00,0.000000000000000000e+00,0.000000000000000000e+00,0.000000000000000000e+00,0.000000000000000000e+00,0.000000000000000000e+00,0.000000000000000000e+00,0.000000000000000000e+00,0.000000000000000000e+00,0.000000000000000000e+00,0.000000000000000000e+00,0.000000000000000000e+00,0.000000000000000000e+00,0.000000000000000000e+00,0.000000000000000000e+00,0.000000000000000000e+00,0.000000000000000000e+00,0.000000000000000000e+00,0.000000000000000000e+00,0.000000000000000000e+00,0.000000000000000000e+00,0.000000000000000000e+00,0.000000000000000000e+00,0.000000000000000000e+00,0.000000000000000000e+00,0.000000000000000000e+00,0.000000000000000000e+00,0.000000000000000000e+00,0.000000000000000000e+00,0.000000000000000000e+00,0.000000000000000000e+00,0.000000000000000000e+00,0.000000000000000000e+00,0.000000000000000000e+00,0.000000000000000000e+00,0.000000000000000000e+00,0.000000000000000000e+00,0.000000000000000000e+00,0.000000000000000000e+00,0.000000000000000000e+00,0.000000000000000000e+00,0.000000000000000000e+00,0.000000000000000000e+00,0.000000000000000000e+00,0.000000000000000000e+00,0.000000000000000000e+00,0.000000000000000000e+00,0.000000000000000000e+00,0.000000000000000000e+00,0.000000000000000000e+00,0.000000000000000000e+00,0.000000000000000000e+00,0.000000000000000000e+00,0.000000000000000000e+00,0.000000000000000000e+00,0.000000000000000000e+00,0.000000000000000000e+00,0.000000000000000000e+00,0.000000000000000000e+00,0.000000000000000000e+00,0.000000000000000000e+00,0.000000000000000000e+00,0.000000000000000000e+00,0.000000000000000000e+00,0.000000000000000000e+00,0.000000000000000000e+00,0.000000000000000000e+00,0.000000000000000000e+00,0.000000000000000000e+00,0.000000000000000000e+00,0.000000000000000000e+00,0.000000000000000000e+00,0.000000000000000000e+00,0.000000000000000000e+00,0.000000000000000000e+00,0.000000000000000000e+00,0.000000000000000000e+00,0.000000000000000000e+00,0.000000000000000000e+00,0.000000000000000000e+00,0.000000000000000000e+00,0.000000000000000000e+00,0.000000000000000000e+00,0.000000000000000000e+00,0.000000000000000000e+00,0.000000000000000000e+00,0.000000000000000000e+00,0.000000000000000000e+00,0.000000000000000000e+00,0.000000000000000000e+00,0.000000000000000000e+00,0.000000000000000000e+00,0.000000000000000000e+00,0.000000000000000000e+00,0.000000000000000000e+00
0.000000000000000000e+00,0.000000000000000000e+00,0.000000000000000000e+00,0.000000000000000000e+00,0.000000000000000000e+00,0.000000000000000000e+00,0.000000000000000000e+00,0.000000000000000000e+00,0.000000000000000000e+00,0.000000000000000000e+00,0.000000000000000000e+00,0.000000000000000000e+00,0.000000000000000000e+00,0.000000000000000000e+00,0.000000000000000000e+00,0.000000000000000000e+00,0.000000000000000000e+00,0.000000000000000000e+00,0.000000000000000000e+00,0.000000000000000000e+00,0.000000000000000000e+00,0.000000000000000000e+00,0.000000000000000000e+00,0.000000000000000000e+00,0.000000000000000000e+00,0.000000000000000000e+00,0.000000000000000000e+00,0.000000000000000000e+00,0.000000000000000000e+00,0.000000000000000000e+00,0.000000000000000000e+00,0.000000000000000000e+00,0.000000000000000000e+00,0.000000000000000000e+00,0.000000000000000000e+00,0.000000000000000000e+00,0.000000000000000000e+00,0.000000000000000000e+00,0.000000000000000000e+00,0.000000000000000000e+00,0.000000000000000000e+00,0.000000000000000000e+00,0.000000000000000000e+00,0.000000000000000000e+00,0.000000000000000000e+00,0.000000000000000000e+00,0.000000000000000000e+00,0.000000000000000000e+00,0.000000000000000000e+00,0.000000000000000000e+00,0.000000000000000000e+00,0.000000000000000000e+00,0.000000000000000000e+00,0.000000000000000000e+00,0.000000000000000000e+00,0.000000000000000000e+00,0.000000000000000000e+00,0.000000000000000000e+00,0.000000000000000000e+00,0.000000000000000000e+00,0.000000000000000000e+00,0.000000000000000000e+00,0.000000000000000000e+00,0.000000000000000000e+00,0.000000000000000000e+00,0.000000000000000000e+00,0.000000000000000000e+00,0.000000000000000000e+00,0.000000000000000000e+00,0.000000000000000000e+00,0.000000000000000000e+00,0.000000000000000000e+00,0.000000000000000000e+00,0.000000000000000000e+00,0.000000000000000000e+00,0.000000000000000000e+00,0.000000000000000000e+00,0.000000000000000000e+00,0.000000000000000000e+00,0.000000000000000000e+00,0.000000000000000000e+00,0.000000000000000000e+00,0.000000000000000000e+00,0.000000000000000000e+00,0.000000000000000000e+00,0.000000000000000000e+00,0.000000000000000000e+00,0.000000000000000000e+00,0.000000000000000000e+00,0.000000000000000000e+00,0.000000000000000000e+00,0.000000000000000000e+00,0.000000000000000000e+00,0.000000000000000000e+00,0.000000000000000000e+00,0.000000000000000000e+00,0.000000000000000000e+00,0.000000000000000000e+00,0.000000000000000000e+00,0.000000000000000000e+00,0.000000000000000000e+00,0.000000000000000000e+00,0.000000000000000000e+00,0.000000000000000000e+00,0.000000000000000000e+00,0.000000000000000000e+00,0.000000000000000000e+00,0.000000000000000000e+00,0.000000000000000000e+00,0.000000000000000000e+00,0.000000000000000000e+00,0.000000000000000000e+00,0.000000000000000000e+00,0.000000000000000000e+00,0.000000000000000000e+00,0.000000000000000000e+00,0.000000000000000000e+00,0.000000000000000000e+00,0.000000000000000000e+00,0.000000000000000000e+00,0.000000000000000000e+00,0.000000000000000000e+00,0.000000000000000000e+00,0.000000000000000000e+00,0.000000000000000000e+00,0.000000000000000000e+00,0.000000000000000000e+00,0.000000000000000000e+00,0.000000000000000000e+00,0.000000000000000000e+00,0.000000000000000000e+00,0.000000000000000000e+00,0.000000000000000000e+00,0.000000000000000000e+00,0.000000000000000000e+00,0.000000000000000000e+00,0.000000000000000000e+00,0.000000000000000000e+00,0.000000000000000000e+00,0.000000000000000000e+00,0.000000000000000000e+00,0.000000000000000000e+00,0.000000000000000000e+00,0.000000000000000000e+00,0.000000000000000000e+00,0.000000000000000000e+00,0.000000000000000000e+00,0.000000000000000000e+00,0.000000000000000000e+00,0.000000000000000000e+00,0.000000000000000000e+00,0.000000000000000000e+00,0.000000000000000000e+00,0.000000000000000000e+00,0.000000000000000000e+00,0.000000000000000000e+00,0.000000000000000000e+00,0.000000000000000000e+00,0.000000000000000000e+00,0.000000000000000000e+00,0.000000000000000000e+00,0.000000000000000000e+00,0.000000000000000000e+00,0.000000000000000000e+00,0.000000000000000000e+00,0.000000000000000000e+00,0.000000000000000000e+00,0.000000000000000000e+00,0.000000000000000000e+00,0.000000000000000000e+00,0.000000000000000000e+00,0.000000000000000000e+00,0.000000000000000000e+00,0.000000000000000000e+00,0.000000000000000000e+00,0.000000000000000000e+00,0.000000000000000000e+00,0.000000000000000000e+00,0.000000000000000000e+00,0.000000000000000000e+00,0.000000000000000000e+00,0.000000000000000000e+00,0.000000000000000000e+00,0.000000000000000000e+00,0.000000000000000000e+00,0.000000000000000000e+00,0.000000000000000000e+00,0.000000000000000000e+00,0.000000000000000000e+00,0.000000000000000000e+00,0.000000000000000000e+00,0.000000000000000000e+00,0.000000000000000000e+00,0.000000000000000000e+00,0.000000000000000000e+00,0.000000000000000000e+00,0.000000000000000000e+00,0.000000000000000000e+00,0.000000000000000000e+00,0.000000000000000000e+00,0.000000000000000000e+00,0.000000000000000000e+00,0.000000000000000000e+00,0.000000000000000000e+00,0.000000000000000000e+00,0.000000000000000000e+00,0.000000000000000000e+00,0.000000000000000000e+00,0.000000000000000000e+00,0.000000000000000000e+00,0.000000000000000000e+00,0.000000000000000000e+00,0.000000000000000000e+00,0.000000000000000000e+00,0.000000000000000000e+00,0.000000000000000000e+00,0.000000000000000000e+00,0.000000000000000000e+00,0.000000000000000000e+00,0.000000000000000000e+00,0.000000000000000000e+00,0.000000000000000000e+00,0.000000000000000000e+00,0.000000000000000000e+00,0.000000000000000000e+00,0.000000000000000000e+00,0.000000000000000000e+00,0.000000000000000000e+00,0.000000000000000000e+00,0.000000000000000000e+00,0.000000000000000000e+00,0.000000000000000000e+00,0.000000000000000000e+00,0.000000000000000000e+00,0.000000000000000000e+00,0.000000000000000000e+00,0.000000000000000000e+00,0.000000000000000000e+00,0.000000000000000000e+00,0.000000000000000000e+00,0.000000000000000000e+00,0.000000000000000000e+00,0.000000000000000000e+00,0.000000000000000000e+00,0.000000000000000000e+00,0.000000000000000000e+00,0.000000000000000000e+00,0.000000000000000000e+00,0.000000000000000000e+00,0.000000000000000000e+00,0.000000000000000000e+00,0.000000000000000000e+00,0.000000000000000000e+00,0.000000000000000000e+00,0.000000000000000000e+00,0.000000000000000000e+00,0.000000000000000000e+00,0.000000000000000000e+00,0.000000000000000000e+00,0.000000000000000000e+00,0.000000000000000000e+00,0.000000000000000000e+00,0.000000000000000000e+00,0.000000000000000000e+00,0.000000000000000000e+00,0.000000000000000000e+00,0.000000000000000000e+00,0.000000000000000000e+00,0.000000000000000000e+00,0.000000000000000000e+00,0.000000000000000000e+00,0.000000000000000000e+00,0.000000000000000000e+00,0.000000000000000000e+00,0.000000000000000000e+00,0.000000000000000000e+00,0.000000000000000000e+00,0.000000000000000000e+00,0.000000000000000000e+00,0.000000000000000000e+00,0.000000000000000000e+00,0.000000000000000000e+00,0.000000000000000000e+00,0.000000000000000000e+00,0.000000000000000000e+00,0.000000000000000000e+00,0.000000000000000000e+00,0.000000000000000000e+00,0.000000000000000000e+00,0.000000000000000000e+00,0.000000000000000000e+00,0.000000000000000000e+00,0.000000000000000000e+00,0.000000000000000000e+00,0.000000000000000000e+00,0.000000000000000000e+00,0.000000000000000000e+00,0.000000000000000000e+00,0.000000000000000000e+00,0.000000000000000000e+00
0.000000000000000000e+00,0.000000000000000000e+00,0.000000000000000000e+00,0.000000000000000000e+00,0.000000000000000000e+00,0.000000000000000000e+00,0.000000000000000000e+00,0.000000000000000000e+00,0.000000000000000000e+00,0.000000000000000000e+00,0.000000000000000000e+00,0.000000000000000000e+00,0.000000000000000000e+00,0.000000000000000000e+00,0.000000000000000000e+00,0.000000000000000000e+00,0.000000000000000000e+00,0.000000000000000000e+00,0.000000000000000000e+00,0.000000000000000000e+00,0.000000000000000000e+00,0.000000000000000000e+00,0.000000000000000000e+00,0.000000000000000000e+00,0.000000000000000000e+00,0.000000000000000000e+00,0.000000000000000000e+00,0.000000000000000000e+00,0.000000000000000000e+00,0.000000000000000000e+00,0.000000000000000000e+00,0.000000000000000000e+00,0.000000000000000000e+00,0.000000000000000000e+00,0.000000000000000000e+00,0.000000000000000000e+00,0.000000000000000000e+00,0.000000000000000000e+00,0.000000000000000000e+00,0.000000000000000000e+00,0.000000000000000000e+00,0.000000000000000000e+00,0.000000000000000000e+00,0.000000000000000000e+00,0.000000000000000000e+00,0.000000000000000000e+00,0.000000000000000000e+00,0.000000000000000000e+00,0.000000000000000000e+00,0.000000000000000000e+00,0.000000000000000000e+00,0.000000000000000000e+00,0.000000000000000000e+00,0.000000000000000000e+00,0.000000000000000000e+00,0.000000000000000000e+00,0.000000000000000000e+00,0.000000000000000000e+00,0.000000000000000000e+00,0.000000000000000000e+00,0.000000000000000000e+00,0.000000000000000000e+00,0.000000000000000000e+00,0.000000000000000000e+00,0.000000000000000000e+00,0.000000000000000000e+00,0.000000000000000000e+00,0.000000000000000000e+00,0.000000000000000000e+00,0.000000000000000000e+00,0.000000000000000000e+00,0.000000000000000000e+00,0.000000000000000000e+00,0.000000000000000000e+00,0.000000000000000000e+00,0.000000000000000000e+00,0.000000000000000000e+00,0.000000000000000000e+00,0.000000000000000000e+00,0.000000000000000000e+00,0.000000000000000000e+00,0.000000000000000000e+00,0.000000000000000000e+00,0.000000000000000000e+00,0.000000000000000000e+00,0.000000000000000000e+00,0.000000000000000000e+00,0.000000000000000000e+00,0.000000000000000000e+00,0.000000000000000000e+00,0.000000000000000000e+00,0.000000000000000000e+00,0.000000000000000000e+00,0.000000000000000000e+00,0.000000000000000000e+00,0.000000000000000000e+00,0.000000000000000000e+00,0.000000000000000000e+00,0.000000000000000000e+00,0.000000000000000000e+00,0.000000000000000000e+00,0.000000000000000000e+00,0.000000000000000000e+00,0.000000000000000000e+00,0.000000000000000000e+00,0.000000000000000000e+00,0.000000000000000000e+00,0.000000000000000000e+00,0.000000000000000000e+00,0.000000000000000000e+00,0.000000000000000000e+00,0.000000000000000000e+00,0.000000000000000000e+00,0.000000000000000000e+00,0.000000000000000000e+00,0.000000000000000000e+00,0.000000000000000000e+00,0.000000000000000000e+00,0.000000000000000000e+00,0.000000000000000000e+00,0.000000000000000000e+00,0.000000000000000000e+00,0.000000000000000000e+00,0.000000000000000000e+00,0.000000000000000000e+00,0.000000000000000000e+00,0.000000000000000000e+00,0.000000000000000000e+00,0.000000000000000000e+00,0.000000000000000000e+00,0.000000000000000000e+00,0.000000000000000000e+00,0.000000000000000000e+00,0.000000000000000000e+00,0.000000000000000000e+00,0.000000000000000000e+00,0.000000000000000000e+00,0.000000000000000000e+00,0.000000000000000000e+00,0.000000000000000000e+00,0.000000000000000000e+00,0.000000000000000000e+00,0.000000000000000000e+00,0.000000000000000000e+00,0.000000000000000000e+00,0.000000000000000000e+00,0.000000000000000000e+00,0.000000000000000000e+00,0.000000000000000000e+00,0.000000000000000000e+00,0.000000000000000000e+00,0.000000000000000000e+00,0.000000000000000000e+00,0.000000000000000000e+00,0.000000000000000000e+00,0.000000000000000000e+00,0.000000000000000000e+00,0.000000000000000000e+00,0.000000000000000000e+00,0.000000000000000000e+00,0.000000000000000000e+00,0.000000000000000000e+00,0.000000000000000000e+00,0.000000000000000000e+00,0.000000000000000000e+00,0.000000000000000000e+00,0.000000000000000000e+00,0.000000000000000000e+00,0.000000000000000000e+00,0.000000000000000000e+00,0.000000000000000000e+00,0.000000000000000000e+00,0.000000000000000000e+00,0.000000000000000000e+00,0.000000000000000000e+00,0.000000000000000000e+00,0.000000000000000000e+00,0.000000000000000000e+00,0.000000000000000000e+00,0.000000000000000000e+00,0.000000000000000000e+00,0.000000000000000000e+00,0.000000000000000000e+00,0.000000000000000000e+00,0.000000000000000000e+00,0.000000000000000000e+00,0.000000000000000000e+00,0.000000000000000000e+00,0.000000000000000000e+00,0.000000000000000000e+00,0.000000000000000000e+00,0.000000000000000000e+00,0.000000000000000000e+00,0.000000000000000000e+00,0.000000000000000000e+00,0.000000000000000000e+00,0.000000000000000000e+00,0.000000000000000000e+00,0.000000000000000000e+00,0.000000000000000000e+00,0.000000000000000000e+00,0.000000000000000000e+00,0.000000000000000000e+00,0.000000000000000000e+00,0.000000000000000000e+00,0.000000000000000000e+00,0.000000000000000000e+00,0.000000000000000000e+00,0.000000000000000000e+00,0.000000000000000000e+00,0.000000000000000000e+00,0.000000000000000000e+00,0.000000000000000000e+00,0.000000000000000000e+00,0.000000000000000000e+00,0.000000000000000000e+00,0.000000000000000000e+00,0.000000000000000000e+00,0.000000000000000000e+00,0.000000000000000000e+00,0.000000000000000000e+00,0.000000000000000000e+00,0.000000000000000000e+00,0.000000000000000000e+00,0.000000000000000000e+00,0.000000000000000000e+00,0.000000000000000000e+00,0.000000000000000000e+00,0.000000000000000000e+00,0.000000000000000000e+00,0.000000000000000000e+00,0.000000000000000000e+00,0.000000000000000000e+00,0.000000000000000000e+00,0.000000000000000000e+00,0.000000000000000000e+00,0.000000000000000000e+00,0.000000000000000000e+00,0.000000000000000000e+00,0.000000000000000000e+00,0.000000000000000000e+00,0.000000000000000000e+00,0.000000000000000000e+00,0.000000000000000000e+00,0.000000000000000000e+00,0.000000000000000000e+00,0.000000000000000000e+00,0.000000000000000000e+00,0.000000000000000000e+00,0.000000000000000000e+00,0.000000000000000000e+00,0.000000000000000000e+00,0.000000000000000000e+00,0.000000000000000000e+00,0.000000000000000000e+00,0.000000000000000000e+00,0.000000000000000000e+00,0.000000000000000000e+00,0.000000000000000000e+00,0.000000000000000000e+00,0.000000000000000000e+00,0.000000000000000000e+00,0.000000000000000000e+00,0.000000000000000000e+00,0.000000000000000000e+00,0.000000000000000000e+00,0.000000000000000000e+00,0.000000000000000000e+00,0.000000000000000000e+00,0.000000000000000000e+00,0.000000000000000000e+00,0.000000000000000000e+00,0.000000000000000000e+00,0.000000000000000000e+00,0.000000000000000000e+00,0.000000000000000000e+00,0.000000000000000000e+00,0.000000000000000000e+00,0.000000000000000000e+00,0.000000000000000000e+00,0.000000000000000000e+00,0.000000000000000000e+00,0.000000000000000000e+00,0.000000000000000000e+00,0.000000000000000000e+00,0.000000000000000000e+00,0.000000000000000000e+00,0.000000000000000000e+00,0.000000000000000000e+00,0.000000000000000000e+00,0.000000000000000000e+00,0.000000000000000000e+00,0.000000000000000000e+00,0.000000000000000000e+00,0.000000000000000000e+00,0.000000000000000000e+00,0.000000000000000000e+00,0.000000000000000000e+00,0.000000000000000000e+00,0.000000000000000000e+00
0.000000000000000000e+00,0.000000000000000000e+00,0.000000000000000000e+00,0.000000000000000000e+00,0.000000000000000000e+00,0.000000000000000000e+00,0.000000000000000000e+00,0.000000000000000000e+00,0.000000000000000000e+00,0.000000000000000000e+00,0.000000000000000000e+00,0.000000000000000000e+00,0.000000000000000000e+00,0.000000000000000000e+00,0.000000000000000000e+00,0.000000000000000000e+00,0.000000000000000000e+00,0.000000000000000000e+00,0.000000000000000000e+00,0.000000000000000000e+00,0.000000000000000000e+00,0.000000000000000000e+00,0.000000000000000000e+00,0.000000000000000000e+00,0.000000000000000000e+00,0.000000000000000000e+00,0.000000000000000000e+00,0.000000000000000000e+00,0.000000000000000000e+00,0.000000000000000000e+00,0.000000000000000000e+00,0.000000000000000000e+00,0.000000000000000000e+00,0.000000000000000000e+00,0.000000000000000000e+00,0.000000000000000000e+00,0.000000000000000000e+00,0.000000000000000000e+00,0.000000000000000000e+00,0.000000000000000000e+00,0.000000000000000000e+00,0.000000000000000000e+00,0.000000000000000000e+00,0.000000000000000000e+00,0.000000000000000000e+00,0.000000000000000000e+00,0.000000000000000000e+00,0.000000000000000000e+00,0.000000000000000000e+00,0.000000000000000000e+00,0.000000000000000000e+00,0.000000000000000000e+00,0.000000000000000000e+00,0.000000000000000000e+00,0.000000000000000000e+00,0.000000000000000000e+00,0.000000000000000000e+00,0.000000000000000000e+00,0.000000000000000000e+00,0.000000000000000000e+00,0.000000000000000000e+00,0.000000000000000000e+00,0.000000000000000000e+00,0.000000000000000000e+00,0.000000000000000000e+00,0.000000000000000000e+00,0.000000000000000000e+00,0.000000000000000000e+00,0.000000000000000000e+00,0.000000000000000000e+00,0.000000000000000000e+00,0.000000000000000000e+00,0.000000000000000000e+00,0.000000000000000000e+00,0.000000000000000000e+00,0.000000000000000000e+00,0.000000000000000000e+00,0.000000000000000000e+00,0.000000000000000000e+00,0.000000000000000000e+00,0.000000000000000000e+00,0.000000000000000000e+00,0.000000000000000000e+00,0.000000000000000000e+00,0.000000000000000000e+00,0.000000000000000000e+00,0.000000000000000000e+00,0.000000000000000000e+00,0.000000000000000000e+00,0.000000000000000000e+00,0.000000000000000000e+00,0.000000000000000000e+00,0.000000000000000000e+00,0.000000000000000000e+00,0.000000000000000000e+00,0.000000000000000000e+00,0.000000000000000000e+00,0.000000000000000000e+00,0.000000000000000000e+00,0.000000000000000000e+00,0.000000000000000000e+00,0.000000000000000000e+00,0.000000000000000000e+00,0.000000000000000000e+00,0.000000000000000000e+00,0.000000000000000000e+00,0.000000000000000000e+00,0.000000000000000000e+00,0.000000000000000000e+00,0.000000000000000000e+00,0.000000000000000000e+00,0.000000000000000000e+00,0.000000000000000000e+00,0.000000000000000000e+00,0.000000000000000000e+00,0.000000000000000000e+00,0.000000000000000000e+00,0.000000000000000000e+00,0.000000000000000000e+00,0.000000000000000000e+00,0.000000000000000000e+00,0.000000000000000000e+00,0.000000000000000000e+00,0.000000000000000000e+00,0.000000000000000000e+00,0.000000000000000000e+00,0.000000000000000000e+00,0.000000000000000000e+00,0.000000000000000000e+00,0.000000000000000000e+00,0.000000000000000000e+00,0.000000000000000000e+00,0.000000000000000000e+00,0.000000000000000000e+00,0.000000000000000000e+00,0.000000000000000000e+00,0.000000000000000000e+00,0.000000000000000000e+00,0.000000000000000000e+00,0.000000000000000000e+00,0.000000000000000000e+00,0.000000000000000000e+00,0.000000000000000000e+00,0.000000000000000000e+00,0.000000000000000000e+00,0.000000000000000000e+00,0.000000000000000000e+00,0.000000000000000000e+00,0.000000000000000000e+00,0.000000000000000000e+00,0.000000000000000000e+00,0.000000000000000000e+00,0.000000000000000000e+00,0.000000000000000000e+00,0.000000000000000000e+00,0.000000000000000000e+00,0.000000000000000000e+00,0.000000000000000000e+00,0.000000000000000000e+00,0.000000000000000000e+00,0.000000000000000000e+00,0.000000000000000000e+00,0.000000000000000000e+00,0.000000000000000000e+00,0.000000000000000000e+00,0.000000000000000000e+00,0.000000000000000000e+00,0.000000000000000000e+00,0.000000000000000000e+00,0.000000000000000000e+00,0.000000000000000000e+00,0.000000000000000000e+00,0.000000000000000000e+00,0.000000000000000000e+00,0.000000000000000000e+00,0.000000000000000000e+00,0.000000000000000000e+00,0.000000000000000000e+00,0.000000000000000000e+00,0.000000000000000000e+00,0.000000000000000000e+00,0.000000000000000000e+00,0.000000000000000000e+00,0.000000000000000000e+00,0.000000000000000000e+00,0.000000000000000000e+00,0.000000000000000000e+00,0.000000000000000000e+00,0.000000000000000000e+00,0.000000000000000000e+00,0.000000000000000000e+00,0.000000000000000000e+00,0.000000000000000000e+00,0.000000000000000000e+00,0.000000000000000000e+00,0.000000000000000000e+00,0.000000000000000000e+00,0.000000000000000000e+00,0.000000000000000000e+00,0.000000000000000000e+00,0.000000000000000000e+00,0.000000000000000000e+00,0.000000000000000000e+00,0.000000000000000000e+00,0.000000000000000000e+00,0.000000000000000000e+00,0.000000000000000000e+00,0.000000000000000000e+00,0.000000000000000000e+00,0.000000000000000000e+00,0.000000000000000000e+00,0.000000000000000000e+00,0.000000000000000000e+00,0.000000000000000000e+00,0.000000000000000000e+00,0.000000000000000000e+00,0.000000000000000000e+00,0.000000000000000000e+00,0.000000000000000000e+00,0.000000000000000000e+00,0.000000000000000000e+00,0.000000000000000000e+00,0.000000000000000000e+00,0.000000000000000000e+00,0.000000000000000000e+00,0.000000000000000000e+00,0.000000000000000000e+00,0.000000000000000000e+00,0.000000000000000000e+00,0.000000000000000000e+00,0.000000000000000000e+00,0.000000000000000000e+00,0.000000000000000000e+00,0.000000000000000000e+00,0.000000000000000000e+00,0.000000000000000000e+00,0.000000000000000000e+00,0.000000000000000000e+00,0.000000000000000000e+00,0.000000000000000000e+00,0.000000000000000000e+00,0.000000000000000000e+00,0.000000000000000000e+00,0.000000000000000000e+00,0.000000000000000000e+00,0.000000000000000000e+00,0.000000000000000000e+00,0.000000000000000000e+00,0.000000000000000000e+00,0.000000000000000000e+00,0.000000000000000000e+00,0.000000000000000000e+00,0.000000000000000000e+00,0.000000000000000000e+00,0.000000000000000000e+00,0.000000000000000000e+00,0.000000000000000000e+00,0.000000000000000000e+00,0.000000000000000000e+00,0.000000000000000000e+00,0.000000000000000000e+00,0.000000000000000000e+00,0.000000000000000000e+00,0.000000000000000000e+00,0.000000000000000000e+00,0.000000000000000000e+00,0.000000000000000000e+00,0.000000000000000000e+00,0.000000000000000000e+00,0.000000000000000000e+00,0.000000000000000000e+00,0.000000000000000000e+00,0.000000000000000000e+00,0.000000000000000000e+00,0.000000000000000000e+00,0.000000000000000000e+00,0.000000000000000000e+00,0.000000000000000000e+00,0.000000000000000000e+00,0.000000000000000000e+00,0.000000000000000000e+00,0.000000000000000000e+00,0.000000000000000000e+00,0.000000000000000000e+00,0.000000000000000000e+00,0.000000000000000000e+00,0.000000000000000000e+00,0.000000000000000000e+00,0.000000000000000000e+00,0.000000000000000000e+00,0.000000000000000000e+00,0.000000000000000000e+00,0.000000000000000000e+00,0.000000000000000000e+00,0.000000000000000000e+00,0.000000000000000000e+00,0.000000000000000000e+00,0.000000000000000000e+00,0.000000000000000000e+00,0.000000000000000000e+00
0.000000000000000000e+00,0.000000000000000000e+00,0.000000000000000000e+00,0.000000000000000000e+00,0.000000000000000000e+00,0.000000000000000000e+00,0.000000000000000000e+00,0.000000000000000000e+00,0.000000000000000000e+00,0.000000000000000000e+00,0.000000000000000000e+00,0.000000000000000000e+00,0.000000000000000000e+00,0.000000000000000000e+00,0.000000000000000000e+00,0.000000000000000000e+00,0.000000000000000000e+00,0.000000000000000000e+00,0.000000000000000000e+00,0.000000000000000000e+00,0.000000000000000000e+00,0.000000000000000000e+00,0.000000000000000000e+00,0.000000000000000000e+00,0.000000000000000000e+00,0.000000000000000000e+00,0.000000000000000000e+00,0.000000000000000000e+00,0.000000000000000000e+00,0.000000000000000000e+00,0.000000000000000000e+00,0.000000000000000000e+00,0.000000000000000000e+00,0.000000000000000000e+00,0.000000000000000000e+00,0.000000000000000000e+00,0.000000000000000000e+00,0.000000000000000000e+00,0.000000000000000000e+00,0.000000000000000000e+00,0.000000000000000000e+00,0.000000000000000000e+00,0.000000000000000000e+00,0.000000000000000000e+00,0.000000000000000000e+00,0.000000000000000000e+00,0.000000000000000000e+00,0.000000000000000000e+00,0.000000000000000000e+00,0.000000000000000000e+00,0.000000000000000000e+00,0.000000000000000000e+00,0.000000000000000000e+00,0.000000000000000000e+00,0.000000000000000000e+00,0.000000000000000000e+00,0.000000000000000000e+00,0.000000000000000000e+00,0.000000000000000000e+00,0.000000000000000000e+00,0.000000000000000000e+00,0.000000000000000000e+00,0.000000000000000000e+00,0.000000000000000000e+00,0.000000000000000000e+00,0.000000000000000000e+00,0.000000000000000000e+00,0.000000000000000000e+00,0.000000000000000000e+00,0.000000000000000000e+00,0.000000000000000000e+00,0.000000000000000000e+00,0.000000000000000000e+00,0.000000000000000000e+00,0.000000000000000000e+00,0.000000000000000000e+00,0.000000000000000000e+00,0.000000000000000000e+00,0.000000000000000000e+00,0.000000000000000000e+00,0.000000000000000000e+00,0.000000000000000000e+00,0.000000000000000000e+00,0.000000000000000000e+00,0.000000000000000000e+00,0.000000000000000000e+00,0.000000000000000000e+00,0.000000000000000000e+00,0.000000000000000000e+00,0.000000000000000000e+00,0.000000000000000000e+00,0.000000000000000000e+00,0.000000000000000000e+00,0.000000000000000000e+00,0.000000000000000000e+00,0.000000000000000000e+00,0.000000000000000000e+00,0.000000000000000000e+00,0.000000000000000000e+00,0.000000000000000000e+00,0.000000000000000000e+00,0.000000000000000000e+00,0.000000000000000000e+00,0.000000000000000000e+00,0.000000000000000000e+00,0.000000000000000000e+00,0.000000000000000000e+00,0.000000000000000000e+00,0.000000000000000000e+00,0.000000000000000000e+00,0.000000000000000000e+00,0.000000000000000000e+00,0.000000000000000000e+00,0.000000000000000000e+00,0.000000000000000000e+00,0.000000000000000000e+00,0.000000000000000000e+00,0.000000000000000000e+00,0.000000000000000000e+00,0.000000000000000000e+00,0.000000000000000000e+00,0.000000000000000000e+00,0.000000000000000000e+00,0.000000000000000000e+00,0.000000000000000000e+00,0.000000000000000000e+00,0.000000000000000000e+00,0.000000000000000000e+00,0.000000000000000000e+00,0.000000000000000000e+00,0.000000000000000000e+00,0.000000000000000000e+00,0.000000000000000000e+00,0.000000000000000000e+00,0.000000000000000000e+00,0.000000000000000000e+00,0.000000000000000000e+00,0.000000000000000000e+00,0.000000000000000000e+00,0.000000000000000000e+00,0.000000000000000000e+00,0.000000000000000000e+00,0.000000000000000000e+00,0.000000000000000000e+00,0.000000000000000000e+00,0.000000000000000000e+00,0.000000000000000000e+00,0.000000000000000000e+00,0.000000000000000000e+00,0.000000000000000000e+00,0.000000000000000000e+00,0.000000000000000000e+00,0.000000000000000000e+00,0.000000000000000000e+00,0.000000000000000000e+00,0.000000000000000000e+00,0.000000000000000000e+00,0.000000000000000000e+00,0.000000000000000000e+00,0.000000000000000000e+00,0.000000000000000000e+00,0.000000000000000000e+00,0.000000000000000000e+00,0.000000000000000000e+00,0.000000000000000000e+00,0.000000000000000000e+00,0.000000000000000000e+00,0.000000000000000000e+00,0.000000000000000000e+00,0.000000000000000000e+00,0.000000000000000000e+00,0.000000000000000000e+00,0.000000000000000000e+00,0.000000000000000000e+00,0.000000000000000000e+00,0.000000000000000000e+00,0.000000000000000000e+00,0.000000000000000000e+00,0.000000000000000000e+00,0.000000000000000000e+00,0.000000000000000000e+00,0.000000000000000000e+00,0.000000000000000000e+00,0.000000000000000000e+00,0.000000000000000000e+00,0.000000000000000000e+00,0.000000000000000000e+00,0.000000000000000000e+00,0.000000000000000000e+00,0.000000000000000000e+00,0.000000000000000000e+00,0.000000000000000000e+00,0.000000000000000000e+00,0.000000000000000000e+00,0.000000000000000000e+00,0.000000000000000000e+00,0.000000000000000000e+00,0.000000000000000000e+00,0.000000000000000000e+00,0.000000000000000000e+00,0.000000000000000000e+00,0.000000000000000000e+00,0.000000000000000000e+00,0.000000000000000000e+00,0.000000000000000000e+00,0.000000000000000000e+00,0.000000000000000000e+00,0.000000000000000000e+00,0.000000000000000000e+00,0.000000000000000000e+00,0.000000000000000000e+00,0.000000000000000000e+00,0.000000000000000000e+00,0.000000000000000000e+00,0.000000000000000000e+00,0.000000000000000000e+00,0.000000000000000000e+00,0.000000000000000000e+00,0.000000000000000000e+00,0.000000000000000000e+00,0.000000000000000000e+00,0.000000000000000000e+00,0.000000000000000000e+00,0.000000000000000000e+00,0.000000000000000000e+00,0.000000000000000000e+00,0.000000000000000000e+00,0.000000000000000000e+00,0.000000000000000000e+00,0.000000000000000000e+00,0.000000000000000000e+00,0.000000000000000000e+00,0.000000000000000000e+00,0.000000000000000000e+00,0.000000000000000000e+00,0.000000000000000000e+00,0.000000000000000000e+00,0.000000000000000000e+00,0.000000000000000000e+00,0.000000000000000000e+00,0.000000000000000000e+00,0.000000000000000000e+00,0.000000000000000000e+00,0.000000000000000000e+00,0.000000000000000000e+00,0.000000000000000000e+00,0.000000000000000000e+00,0.000000000000000000e+00,0.000000000000000000e+00,0.000000000000000000e+00,0.000000000000000000e+00,0.000000000000000000e+00,0.000000000000000000e+00,0.000000000000000000e+00,0.000000000000000000e+00,0.000000000000000000e+00,0.000000000000000000e+00,0.000000000000000000e+00,0.000000000000000000e+00,0.000000000000000000e+00,0.000000000000000000e+00,0.000000000000000000e+00,0.000000000000000000e+00,0.000000000000000000e+00,0.000000000000000000e+00,0.000000000000000000e+00,0.000000000000000000e+00,0.000000000000000000e+00,0.000000000000000000e+00,0.000000000000000000e+00,0.000000000000000000e+00,0.000000000000000000e+00,0.000000000000000000e+00,0.000000000000000000e+00,0.000000000000000000e+00,0.000000000000000000e+00,0.000000000000000000e+00,0.000000000000000000e+00,0.000000000000000000e+00,0.000000000000000000e+00,0.000000000000000000e+00,0.000000000000000000e+00,0.000000000000000000e+00,0.000000000000000000e+00,0.000000000000000000e+00,0.000000000000000000e+00,0.000000000000000000e+00,0.000000000000000000e+00,0.000000000000000000e+00,0.000000000000000000e+00,0.000000000000000000e+00,0.000000000000000000e+00,0.000000000000000000e+00,0.000000000000000000e+00,0.000000000000000000e+00,0.000000000000000000e+00,0.000000000000000000e+00,0.000000000000000000e+00,0.000000000000000000e+00,0.000000000000000000e+00
0.000000000000000000e+00,0.000000000000000000e+00,0.000000000000000000e+00,0.000000000000000000e+00,0.000000000000000000e+00,0.000000000000000000e+00,0.000000000000000000e+00,0.000000000000000000e+00,0.000000000000000000e+00,0.000000000000000000e+00,0.000000000000000000e+00,0.000000000000000000e+00,0.000000000000000000e+00,0.000000000000000000e+00,0.000000000000000000e+00,0.000000000000000000e+00,0.000000000000000000e+00,0.000000000000000000e+00,0.000000000000000000e+00,0.000000000000000000e+00,0.000000000000000000e+00,0.000000000000000000e+00,0.000000000000000000e+00,0.000000000000000000e+00,0.000000000000000000e+00,0.000000000000000000e+00,0.000000000000000000e+00,0.000000000000000000e+00,0.000000000000000000e+00,0.000000000000000000e+00,0.000000000000000000e+00,0.000000000000000000e+00,0.000000000000000000e+00,0.000000000000000000e+00,0.000000000000000000e+00,0.000000000000000000e+00,0.000000000000000000e+00,0.000000000000000000e+00,0.000000000000000000e+00,0.000000000000000000e+00,0.000000000000000000e+00,0.000000000000000000e+00,0.000000000000000000e+00,0.000000000000000000e+00,0.000000000000000000e+00,0.000000000000000000e+00,0.000000000000000000e+00,0.000000000000000000e+00,0.000000000000000000e+00,0.000000000000000000e+00,0.000000000000000000e+00,0.000000000000000000e+00,0.000000000000000000e+00,0.000000000000000000e+00,0.000000000000000000e+00,0.000000000000000000e+00,0.000000000000000000e+00,0.000000000000000000e+00,0.000000000000000000e+00,0.000000000000000000e+00,0.000000000000000000e+00,0.000000000000000000e+00,0.000000000000000000e+00,0.000000000000000000e+00,0.000000000000000000e+00,0.000000000000000000e+00,0.000000000000000000e+00,0.000000000000000000e+00,0.000000000000000000e+00,0.000000000000000000e+00,0.000000000000000000e+00,0.000000000000000000e+00,0.000000000000000000e+00,0.000000000000000000e+00,0.000000000000000000e+00,0.000000000000000000e+00,0.000000000000000000e+00,0.000000000000000000e+00,0.000000000000000000e+00,0.000000000000000000e+00,0.000000000000000000e+00,0.000000000000000000e+00,0.000000000000000000e+00,0.000000000000000000e+00,0.000000000000000000e+00,0.000000000000000000e+00,0.000000000000000000e+00,0.000000000000000000e+00,0.000000000000000000e+00,0.000000000000000000e+00,0.000000000000000000e+00,0.000000000000000000e+00,0.000000000000000000e+00,0.000000000000000000e+00,0.000000000000000000e+00,0.000000000000000000e+00,0.000000000000000000e+00,0.000000000000000000e+00,0.000000000000000000e+00,0.000000000000000000e+00,0.000000000000000000e+00,0.000000000000000000e+00,0.000000000000000000e+00,0.000000000000000000e+00,0.000000000000000000e+00,0.000000000000000000e+00,0.000000000000000000e+00,0.000000000000000000e+00,0.000000000000000000e+00,0.000000000000000000e+00,0.000000000000000000e+00,0.000000000000000000e+00,0.000000000000000000e+00,0.000000000000000000e+00,0.000000000000000000e+00,0.000000000000000000e+00,0.000000000000000000e+00,0.000000000000000000e+00,0.000000000000000000e+00,0.000000000000000000e+00,0.000000000000000000e+00,0.000000000000000000e+00,0.000000000000000000e+00,0.000000000000000000e+00,0.000000000000000000e+00,0.000000000000000000e+00,0.000000000000000000e+00,0.000000000000000000e+00,0.000000000000000000e+00,0.000000000000000000e+00,0.000000000000000000e+00,0.000000000000000000e+00,0.000000000000000000e+00,0.000000000000000000e+00,0.000000000000000000e+00,0.000000000000000000e+00,0.000000000000000000e+00,0.000000000000000000e+00,0.000000000000000000e+00,0.000000000000000000e+00,0.000000000000000000e+00,0.000000000000000000e+00,0.000000000000000000e+00,0.000000000000000000e+00,0.000000000000000000e+00,0.000000000000000000e+00,0.000000000000000000e+00,0.000000000000000000e+00,0.000000000000000000e+00,0.000000000000000000e+00,0.000000000000000000e+00,0.000000000000000000e+00,0.000000000000000000e+00,0.000000000000000000e+00,0.000000000000000000e+00,0.000000000000000000e+00,0.000000000000000000e+00,0.000000000000000000e+00,0.000000000000000000e+00,0.000000000000000000e+00,0.000000000000000000e+00,0.000000000000000000e+00,0.000000000000000000e+00,0.000000000000000000e+00,0.000000000000000000e+00,0.000000000000000000e+00,0.000000000000000000e+00,0.000000000000000000e+00,0.000000000000000000e+00,0.000000000000000000e+00,0.000000000000000000e+00,0.000000000000000000e+00,0.000000000000000000e+00,0.000000000000000000e+00,0.000000000000000000e+00,0.000000000000000000e+00,0.000000000000000000e+00,0.000000000000000000e+00,0.000000000000000000e+00,0.000000000000000000e+00,0.000000000000000000e+00,0.000000000000000000e+00,0.000000000000000000e+00,0.000000000000000000e+00,0.000000000000000000e+00,0.000000000000000000e+00,0.000000000000000000e+00,0.000000000000000000e+00,0.000000000000000000e+00,0.000000000000000000e+00,0.000000000000000000e+00,0.000000000000000000e+00,0.000000000000000000e+00,0.000000000000000000e+00,0.000000000000000000e+00,0.000000000000000000e+00,0.000000000000000000e+00,0.000000000000000000e+00,0.000000000000000000e+00,0.000000000000000000e+00,0.000000000000000000e+00,0.000000000000000000e+00,0.000000000000000000e+00,0.000000000000000000e+00,0.000000000000000000e+00,0.000000000000000000e+00,0.000000000000000000e+00,0.000000000000000000e+00,0.000000000000000000e+00,0.000000000000000000e+00,0.000000000000000000e+00,0.000000000000000000e+00,0.000000000000000000e+00,0.000000000000000000e+00,0.000000000000000000e+00,0.000000000000000000e+00,0.000000000000000000e+00,0.000000000000000000e+00,0.000000000000000000e+00,0.000000000000000000e+00,0.000000000000000000e+00,0.000000000000000000e+00,0.000000000000000000e+00,0.000000000000000000e+00,0.000000000000000000e+00,0.000000000000000000e+00,0.000000000000000000e+00,0.000000000000000000e+00,0.000000000000000000e+00,0.000000000000000000e+00,0.000000000000000000e+00,0.000000000000000000e+00,0.000000000000000000e+00,0.000000000000000000e+00,0.000000000000000000e+00,0.000000000000000000e+00,0.000000000000000000e+00,0.000000000000000000e+00,0.000000000000000000e+00,0.000000000000000000e+00,0.000000000000000000e+00,0.000000000000000000e+00,0.000000000000000000e+00,0.000000000000000000e+00,0.000000000000000000e+00,0.000000000000000000e+00,0.000000000000000000e+00,0.000000000000000000e+00,0.000000000000000000e+00,0.000000000000000000e+00,0.000000000000000000e+00,0.000000000000000000e+00,0.000000000000000000e+00,0.000000000000000000e+00,0.000000000000000000e+00,0.000000000000000000e+00,0.000000000000000000e+00,0.000000000000000000e+00,0.000000000000000000e+00,0.000000000000000000e+00,0.000000000000000000e+00,0.000000000000000000e+00,0.000000000000000000e+00,0.000000000000000000e+00,0.000000000000000000e+00,0.000000000000000000e+00,0.000000000000000000e+00,0.000000000000000000e+00,0.000000000000000000e+00,0.000000000000000000e+00,0.000000000000000000e+00,0.000000000000000000e+00,0.000000000000000000e+00,0.000000000000000000e+00,0.000000000000000000e+00,0.000000000000000000e+00,0.000000000000000000e+00,0.000000000000000000e+00,0.000000000000000000e+00,0.000000000000000000e+00,0.000000000000000000e+00,0.000000000000000000e+00,0.000000000000000000e+00,0.000000000000000000e+00,0.000000000000000000e+00,0.000000000000000000e+00,0.000000000000000000e+00,0.000000000000000000e+00,0.000000000000000000e+00,0.000000000000000000e+00,0.000000000000000000e+00,0.000000000000000000e+00,0.000000000000000000e+00,0.000000000000000000e+00,0.000000000000000000e+00,0.000000000000000000e+00,0.000000000000000000e+00,0.000000000000000000e+00,0.000000000000000000e+00,0.000000000000000000e+00
0.000000000000000000e+00,0.000000000000000000e+00,0.000000000000000000e+00,0.000000000000000000e+00,0.000000000000000000e+00,0.000000000000000000e+00,0.000000000000000000e+00,0.000000000000000000e+00,0.000000000000000000e+00,0.000000000000000000e+00,0.000000000000000000e+00,0.000000000000000000e+00,0.000000000000000000e+00,0.000000000000000000e+00,0.000000000000000000e+00,0.000000000000000000e+00,0.000000000000000000e+00,0.000000000000000000e+00,0.000000000000000000e+00,0.000000000000000000e+00,0.000000000000000000e+00,0.000000000000000000e+00,0.000000000000000000e+00,0.000000000000000000e+00,0.000000000000000000e+00,0.000000000000000000e+00,0.000000000000000000e+00,0.000000000000000000e+00,0.000000000000000000e+00,0.000000000000000000e+00,0.000000000000000000e+00,0.000000000000000000e+00,0.000000000000000000e+00,0.000000000000000000e+00,0.000000000000000000e+00,0.000000000000000000e+00,0.000000000000000000e+00,0.000000000000000000e+00,0.000000000000000000e+00,0.000000000000000000e+00,0.000000000000000000e+00,0.000000000000000000e+00,0.000000000000000000e+00,0.000000000000000000e+00,0.000000000000000000e+00,0.000000000000000000e+00,0.000000000000000000e+00,0.000000000000000000e+00,0.000000000000000000e+00,0.000000000000000000e+00,0.000000000000000000e+00,0.000000000000000000e+00,0.000000000000000000e+00,0.000000000000000000e+00,0.000000000000000000e+00,0.000000000000000000e+00,0.000000000000000000e+00,0.000000000000000000e+00,0.000000000000000000e+00,0.000000000000000000e+00,0.000000000000000000e+00,0.000000000000000000e+00,0.000000000000000000e+00,0.000000000000000000e+00,0.000000000000000000e+00,0.000000000000000000e+00,0.000000000000000000e+00,0.000000000000000000e+00,0.000000000000000000e+00,0.000000000000000000e+00,0.000000000000000000e+00,0.000000000000000000e+00,0.000000000000000000e+00,0.000000000000000000e+00,0.000000000000000000e+00,0.000000000000000000e+00,0.000000000000000000e+00,0.000000000000000000e+00,0.000000000000000000e+00,0.000000000000000000e+00,0.000000000000000000e+00,0.000000000000000000e+00,0.000000000000000000e+00,0.000000000000000000e+00,0.000000000000000000e+00,0.000000000000000000e+00,0.000000000000000000e+00,0.000000000000000000e+00,0.000000000000000000e+00,0.000000000000000000e+00,0.000000000000000000e+00,0.000000000000000000e+00,0.000000000000000000e+00,0.000000000000000000e+00,0.000000000000000000e+00,0.000000000000000000e+00,0.000000000000000000e+00,0.000000000000000000e+00,0.000000000000000000e+00,0.000000000000000000e+00,0.000000000000000000e+00,0.000000000000000000e+00,0.000000000000000000e+00,0.000000000000000000e+00,0.000000000000000000e+00,0.000000000000000000e+00,0.000000000000000000e+00,0.000000000000000000e+00,0.000000000000000000e+00,0.000000000000000000e+00,0.000000000000000000e+00,0.000000000000000000e+00,0.000000000000000000e+00,0.000000000000000000e+00,0.000000000000000000e+00,0.000000000000000000e+00,0.000000000000000000e+00,0.000000000000000000e+00,0.000000000000000000e+00,0.000000000000000000e+00,0.000000000000000000e+00,0.000000000000000000e+00,0.000000000000000000e+00,0.000000000000000000e+00,0.000000000000000000e+00,0.000000000000000000e+00,0.000000000000000000e+00,0.000000000000000000e+00,0.000000000000000000e+00,0.000000000000000000e+00,0.000000000000000000e+00,0.000000000000000000e+00,0.000000000000000000e+00,0.000000000000000000e+00,0.000000000000000000e+00,0.000000000000000000e+00,0.000000000000000000e+00,0.000000000000000000e+00,0.000000000000000000e+00,0.000000000000000000e+00,0.000000000000000000e+00,0.000000000000000000e+00,0.000000000000000000e+00,0.000000000000000000e+00,0.000000000000000000e+00,0.000000000000000000e+00,0.000000000000000000e+00,0.000000000000000000e+00,-2.337475268811618382e-05,-9.634998835329589183e-06,-3.427584567862728509e-06,-9.826216250887230075e-07,-9.103196593889968587e-07,-1.626201922283738012e-06,-2.720951890545650627e-06,-3.834513683533208156e-06,-4.909315496112347952e-06,-5.940250106828317508e-06,-6.940507469784929940e-06,-7.923371840722600996e-06,-8.901122990941427954e-06,-9.879868955798656554e-06,-1.086283637204991206e-05,-1.185012479937294534e-05,-1.284024281796428189e-05,-1.383081145087808393e-05,-1.481942224651611789e-05,-1.580397351649787143e-05,-1.678296440004298153e-05,-1.775549038753028799e-05,-1.872122677666129487e-05,-1.968028020154032648e-05,-2.063306404131997704e-05,-2.158012685747375461e-05,-2.252202124024290075e-05,-2.345917340854691127e-05,-2.439180026478288130e-05,-2.531985115095909675e-05,-2.624299391077370813e-05,-2.716063009184313621e-05,-2.807194333529012729e-05,-2.897597019332956764e-05,-2.987169080658514869e-05,-3.075813219969109410e-05,-3.163448008986232378e-05,-3.250019453381058649e-05,-3.335512528501136413e-05,-3.419962283719004206e-05,-3.503463996400324210e-05,-3.586181782609722957e-05,-3.668354859843888743e-05,-3.750300520310529068e-05,-3.832412721607592466e-05,-3.915155191305328943e-05,-3.999048108794176333e-05,-4.084647853729958425e-05,-4.172520037764320707e-05,-4.263207118248875106e-05,-4.357192937996037389e-05,-4.454868100661806213e-05,-4.556499624733910669e-05,-4.662217015407795639e-05,-4.772022028968784868e-05,-4.885776453754310696e-05,-5.003219536269280440e-05,-5.123994600613504909e-05,-5.247677822339836542e-05,-5.373805896507261764e-05,-5.501900827296350076e-05,-5.631490696642525143e-05,-5.762126193111690169e-05,-5.893392997823256485e-05,-6.024920686071456443e-05,-6.156388760458929494e-05,-6.287530652354336074e-05,-6.418136224796097168e-05,-6.548053341496264828e-05,-6.677188658252527814e-05,-6.805507774637549771e-05,-6.933034489007299146e-05,-7.059848922836454304e-05,-7.186083973444339144e-05,-7.311919672389616807e-05,-7.437574851158391021e-05,-7.563295757523167014e-05,-7.689341243573444707e-05,-7.815964524120822324e-05,-7.943391641493976595e-05,-8.071797282641773614e-05,-8.201278872434485546e-05,-8.331830459305614460e-05,-8.463318232933683737e-05,-8.595460028140665116e-05,-8.727811300310653331e-05,-8.859760185042734335e-05,-8.990533839937706994e-05,-9.119217673059809592e-05,-9.244787879002488496e-05,-9.366156379846961766e-05,-9.482225603588168592e-05,-9.591949098675587833e-05,-9.694392735832977259e-05,-9.788790740821633543e-05,-9.874590933580216373e-05,-9.951484622198107459e-05,-1.001941825938824882e-04,-1.007858617567687729e-04,-1.012940589121804008e-04,-1.017247948778386300e-04,-1.020854580437021656e-04,-1.023842878762430540e-04,-1.026298702313757259e-04,-1.028306858110245774e-04,-1.029947395852438743e-04,-1.031292849853167933e-04,-1.032406436422155963e-04,-1.033341121140377364e-04,-1.034139411498579244e-04,-1.034833711688275780e-04,-1.035447080374545502e-04,-1.035994256368492341e-04,-1.036482841551834540e-04,-1.036914559110245569e-04,-1.037286520168171315e-04,-1.037592452657619987e-04,-1.037823844384291329e-04,-1.037970975793186444e-04,-1.038023795910355721e-04,-1.037972646166990319e-04,-1.037808770993848200e-04,-1.037524681961753299e-04,-1.037114254126074003e-04,-1.036572762439767769e-04,-1.035896542292981778e-04,-1.035082835184152734e-04,-1.034128949984730708e-04,-1.033032254944635659e-04,-1.031788617816817760e-04,-1.030393438339454061e-04,-1.028838716767061954e-04,-1.027117521212451534e-04,-1.025217585170801090e-04,-1.023135274538996837e-04,-1.020858535712937609e-04,-1.018405627142646982e-04,-1.015774338901787569e-04,-1.013046971248949109e-04,-1.010237535257852375e-04,-1.007587211796118784e-04,-1.005115030516168966e-04,-1.003496712018486423e-04,-1.002749416574303580e-04,-1.004964341893609868e-04,-1.010313620539896691e-04,-1.025871180748363383e-04,-1.052328077637771020e-04,-1.113953842632944830e-04,-1.204233203568809109e-04,-1.394248500539058990e-04,-1.356561076322696912e-04
0.000000000000000000e+00,0.000000000000000000e+00,0.000000000000000000e+00,0.000000000000000000e+00,0.000000000000000000e+00,0.000000000000000000e+00,0.000000000000000000e+00,0.000000000000000000e+00,0.000000000000000000e+00,0.000000000000000000e+00,0.000000000000000000e+00,0.000000000000000000e+00,0.000000000000000000e+00,0.000000000000000000e+00,0.000000000000000000e+00,0.000000000000000000e+00,0.000000000000000000e+00,0.000000000000000000e+00,0.000000000000000000e+00,0.000000000000000000e+00,0.000000000000000000e+00,0.000000000000000000e+00,0.000000000000000000e+00,0.000000000000000000e+00,0.000000000000000000e+00,0.000000000000000000e+00,0.000000000000000000e+00,0.000000000000000000e+00,0.000000000000000000e+00,0.000000000000000000e+00,0.000000000000000000e+00,0.000000000000000000e+00,0.000000000000000000e+00,0.000000000000000000e+00,0.000000000000000000e+00,0.000000000000000000e+00,0.000000000000000000e+00,0.000000000000000000e+00,0.000000000000000000e+00,0.000000000000000000e+00,0.000000000000000000e+00,0.000000000000000000e+00,0.000000000000000000e+00,0.000000000000000000e+00,0.000000000000000000e+00,0.000000000000000000e+00,0.000000000000000000e+00,0.000000000000000000e+00,0.000000000000000000e+00,0.000000000000000000e+00,0.000000000000000000e+00,0.000000000000000000e+00,0.000000000000000000e+00,0.000000000000000000e+00,0.000000000000000000e+00,0.000000000000000000e+00,0.000000000000000000e+00,0.000000000000000000e+00,0.000000000000000000e+00,0.000000000000000000e+00,0.000000000000000000e+00,0.000000000000000000e+00,0.000000000000000000e+00,0.000000000000000000e+00,0.000000000000000000e+00,0.000000000000000000e+00,0.000000000000000000e+00,0.000000000000000000e+00,0.000000000000000000e+00,0.000000000000000000e+00,0.000000000000000000e+00,0.000000000000000000e+00,0.000000000000000000e+00,0.000000000000000000e+00,0.000000000000000000e+00,0.000000000000000000e+00,0.000000000000000000e+00,0.000000000000000000e+00,0.000000000000000000e+00,0.000000000000000000e+00,0.000000000000000000e+00,0.000000000000000000e+00,0.000000000000000000e+00,0.000000000000000000e+00,0.000000000000000000e+00,0.000000000000000000e+00,0.000000000000000000e+00,0.000000000000000000e+00,0.000000000000000000e+00,0.000000000000000000e+00,0.000000000000000000e+00,0.000000000000000000e+00,0.000000000000000000e+00,0.000000000000000000e+00,0.000000000000000000e+00,0.000000000000000000e+00,0.000000000000000000e+00,0.000000000000000000e+00,0.000000000000000000e+00,0.000000000000000000e+00,0.000000000000000000e+00,0.000000000000000000e+00,0.000000000000000000e+00,0.000000000000000000e+00,0.000000000000000000e+00,0.000000000000000000e+00,0.000000000000000000e+00,0.000000000000000000e+00,0.000000000000000000e+00,0.000000000000000000e+00,0.000000000000000000e+00,0.000000000000000000e+00,0.000000000000000000e+00,0.000000000000000000e+00,0.000000000000000000e+00,0.000000000000000000e+00,0.000000000000000000e+00,0.000000000000000000e+00,0.000000000000000000e+00,0.000000000000000000e+00,0.000000000000000000e+00,0.000000000000000000e+00,0.000000000000000000e+00,0.000000000000000000e+00,0.000000000000000000e+00,0.000000000000000000e+00,0.000000000000000000e+00,0.000000000000000000e+00,0.000000000000000000e+00,0.000000000000000000e+00,0.000000000000000000e+00,0.000000000000000000e+00,0.000000000000000000e+00,0.000000000000000000e+00,0.000000000000000000e+00,0.000000000000000000e+00,0.000000000000000000e+00,0.000000000000000000e+00,0.000000000000000000e+00,0.000000000000000000e+00,0.000000000000000000e+00,0.000000000000000000e+00,0.000000000000000000e+00,0.000000000000000000e+00,0.000000000000000000e+00,0.000000000000000000e+00,0.000000000000000000e+00,0.000000000000000000e+00,-8.886953467308201908e-05,-4.563197966611720147e-05,-2.043216819497533244e-05,-8.605779213762946003e-06,-4.953243951614232871e-06,-4.884511773934135702e-06,-6.456628568814634380e-06,-8.192674024959444528e-06,-9.809519643343427871e-06,-1.126760539038179225e-05,-1.259102022040183359e-05,-1.383399520154730344e-05,-1.504030483351943435e-05,-1.623578384868084795e-05,-1.743249586458637274e-05,-1.863054134203783274e-05,-1.982179863345138906e-05,-2.099473804926493177e-05,-2.213705445082187769e-05,-2.323831901809046151e-05,-2.429073313508842074e-05,-2.528975151917590809e-05,-2.623364667779998078e-05,-2.712314357224366053e-05,-2.796059939385089481e-05,-2.874933352140292777e-05,-2.949284904216363718e-05,-3.019424858355193201e-05,-3.085573152552741093e-05,-3.147830302541449989e-05,-3.206163314877246882e-05,-3.260409968421762840e-05,-3.310296646273436168e-05,-3.355468665827267901e-05,-3.395529112806874432e-05,-3.430083934762861872e-05,-3.458790344147358856e-05,-3.481406504202688159e-05,-3.497840430027795842e-05,-3.508196317804734805e-05,-3.512816339834879271e-05,-3.512315604116913082e-05,-3.507607488341785401e-05,-3.499915921470276366e-05,-3.490770815459709903e-05,-3.481982704552456038e-05,-3.475593347560533461e-05,-3.473800504047764334e-05,-3.478857837292779754e-05,-3.492954556481711533e-05,-3.518083721890668148e-05,-3.555912833595927387e-05,-3.607671316563753873e-05,-3.674099637717221295e-05,-3.755460452139241698e-05,-3.851508117474777723e-05,-3.961539151983287018e-05,-4.084482505881029785e-05,-4.218999753735402160e-05,-4.363582955203740532e-05,-4.516643015559650040e-05,-4.676584658911270016e-05,-4.841866691922191101e-05,-5.011048115048214759e-05,-5.182821997653134718e-05,-5.356039632030132000e-05,-5.529727648501368560e-05,-5.703100392790607233e-05,-5.875569315383934844e-05,-6.046750292526402475e-05,-6.216469026424308562e-05,-6.384763827791972181e-05,-6.551884457231372887e-05,-6.718285150616003774e-05,-6.884609726811131492e-05,-7.051666624287304577e-05,-7.220392045321848661e-05,-7.391799942278692414e-05,-7.566918525732477686e-05,-7.746714128375831534e-05,-7.932004730452339605e-05,-8.123367015469748194e-05,-8.321042497882425132e-05,-8.524849736618150516e-05,-8.734110822964947498e-05,-8.947600821108592684e-05,-9.163528500744768182e-05,-9.379555217271917504e-05,-9.592856198471587771e-05,-9.800224806678422423e-05,-9.998216000720847084e-05,-1.018332068097494597e-04,-1.035215861007822874e-04,-1.050167473223493611e-04,-1.062932253216205538e-04,-1.073321874469346373e-04,-1.081225624316171544e-04,-1.086616590209371142e-04,-1.089552317420529050e-04,-1.090170036926183444e-04,-1.088677059255803876e-04,-1.085337338032692597e-04,-1.080455485205694872e-04,-1.074359637597306080e-04,-1.067384530412377375e-04,-1.059855945129685407e-04,-1.052077412117288189e-04,-1.044319715313225306e-04,-1.036813424396250356e-04,-1.029744409467282074e-04,-1.023252097279780471e-04,-1.017430107642507966e-04,-1.012328850014934445e-04,-1.007959646683210809e-04,-1.004299956951420559e-04,-1.001299302912957287e-04,-9.988855188779683172e-05,-9.969709892130053093e-05,-9.954585590899073277e-05,-9.942468759778937723e-05,-9.932349240676759323e-05,-9.923256484769475520e-05,-9.914284993105540662e-05,-9.904609873404668179e-05,-9.893490575128598347e-05,-9.880266736451566684e-05,-9.864341564574809586e-05,-9.845163158761923675e-05,-9.822191330878549955e-05,-9.794877361398127038e-05,-9.762623356711552173e-05,-9.724793035594870606e-05,-9.680681907640126206e-05,-9.629628856793296407e-05,-9.571008873459107603e-05,-9.504562146871922809e-05,-9.430338175460353681e-05,-9.349414706797952207e-05,-9.263481534822714766e-05,-9.176314591011590772e-05,-9.092314330671368754e-05,-9.019956856524755779e-05,-8.968509328570174700e-05,-8.957233078919176253e-05,-9.011194200771250793e-05,-9.183423115029236319e-05,-9.560740109024536170e-05,-1.028315854048743750e-04,-1.162659005444559404e-04,-1.359873880634899905e-04,-1.640454441046183744e-04,-7.136422142719876403e-05
0.000000000000000000e+00,0.000000000000000000e+00,0.000000000000000000e+00,0.000000000000000000e+00,0.000000000000000000e+00,0.000000000000000000e+00,0.000000000000000000e+00,0.000000000000000000e+00,0.000000000000000000e+00,0.000000000000000000e+00,0.000000000000000000e+00,0.000000000000000000e+00,0.000000000000000000e+00,0.000000000000000000e+00,0.000000000000000000e+00,0.000000000000000000e+00,0.000000000000000000e+00,0.000000000000000000e+00,0.000000000000000000e+00,0.000000000000000000e+00,0.000000000000000000e+00,0.000000000000000000e+00,0.000000000000000000e+00,0.000000000000000000e+00,0.000000000000000000e+00,0.000000000000000000e+00,0.000000000000000000e+00,0.000000000000000000e+00,0.000000000000000000e+00,0.000000000000000000e+00,0.000000000000000000e+00,0.000000000000000000e+00,0.000000000000000000e+00,0.000000000000000000e+00,0.000000000000000000e+00,0.000000000000000000e+00,0.000000000000000000e+00,0.000000000000000000e+00,0.000000000000000000e+00,0.000000000000000000e+00,0.000000000000000000e+00,0.000000000000000000e+00,0.000000000000000000e+00,0.000000000000000000e+00,0.000000000000000000e+00,0.000000000000000000e+00,0.000000000000000000e+00,0.000000000000000000e+00,0.000000000000000000e+00,0.000000000000000000e+00,0.000000000000000000e+00,0.000000000000000000e+00,0.000000000000000000e+00,0.000000000000000000e+00,0.000000000000000000e+00,0.000000000000000000e+00,0.000000000000000000e+00,0.000000000000000000e+00,0.000000000000000000e+00,0.000000000000000000e+00,0.000000000000000000e+00,0.000000000000000000e+00,0.000000000000000000e+00,0.000000000000000000e+00,0.000000000000000000e+00,0.000000000000000000e+00,0.000000000000000000e+00,0.000000000000000000e+00,0.000000000000000000e+00,0.000000000000000000e+00,0.000000000000000000e+00,0.000000000000000000e+00,0.000000000000000000e+00,0.000000000000000000e+00,0.000000000000000000e+00,0.000000000000000000e+00,0.000000000000000000e+00,0.000000000000000000e+00,0.000000000000000000e+00,0.000000000000000000e+00,0.000000000000000000e+00,0.000000000000000000e+00,0.000000000000000000e+00,0.000000000000000000e+00,0.000000000000000000e+00,0.000000000000000000e+00,0.000000000000000000e+00,0.000000000000000000e+00,0.000000000000000000e+00,0.000000000000000000e+00,0.000000000000000000e+00,0.000000000000000000e+00,0.000000000000000000e+00,0.000000000000000000e+00,0.000000000000000000e+00,0.000000000000000000e+00,0.000000000000000000e+00,0.000000000000000000e+00,0.000000000000000000e+00,0.000000000000000000e+00,0.000000000000000000e+00,0.000000000000000000e+00,0.000000000000000000e+00,0.000000000000000000e+00,0.000000000000000000e+00,0.000000000000000000e+00,0.000000000000000000e+00,0.000000000000000000e+00,0.000000000000000000e+00,0.000000000000000000e+00,0.000000000000000000e+00,0.000000000000000000e+00,0.000000000000000000e+00,0.000000000000000000e+00,0.000000000000000000e+00,0.000000000000000000e+00,0.000000000000000000e+00,0.000000000000000000e+00,0.000000000000000000e+00,0.000000000000000000e+00,0.000000000000000000e+00,0.000000000000000000e+00,0.000000000000000000e+00,0.000000000000000000e+00,0.000000000000000000e+00,0.000000000000000000e+00,0.000000000000000000e+00,0.000000000000000000e+00,0.000000000000000000e+00,0.000000000000000000e+00,0.000000000000000000e+00,0.000000000000000000e+00,0.000000000000000000e+00,0.000000000000000000e+00,0.000000000000000000e+00,0.000000000000000000e+00,0.000000000000000000e+00,0.000000000000000000e+00,0.000000000000000000e+00,0.000000000000000000e+00,0.000000000000000000e+00,0.000000000000000000e+00,0.000000000000000000e+00,0.000000000000000000e+00,0.000000000000000000e+00,0.000000000000000000e+00,0.000000000000000000e+00,0.000000000000000000e+00,-1.346419515687739322e-04,-8.374915390445664381e-05,-4.344717544337882496e-05,-2.051445022075833600e-05,-9.697506725092967423e-06,-7.251661865370892442e-06,-7.710030811979882379e-06,-9.334497495744899481e-06,-1.122434671638480103e-05,-1.302670599261436387e-05,-1.467816158754364948e-05,-1.620455926576906078e-05,-1.764773793326802144e-05,-1.905121562398096860e-05,-2.044056696118831185e-05,-2.182274697657507229e-05,-2.319072001308782399e-05,-2.452813663046476438e-05,-2.581593386018993870e-05,-2.703589226017192405e-05,-2.817388737811151898e-05,-2.922060733467019697e-05,-3.017204366176281247e-05,-3.102863466047248647e-05,-3.179442017231274908e-05,-3.247566940178957029e-05,-3.307968157849185354e-05,-3.361355661661954752e-05,-3.408327035173828914e-05,-3.449297666623090942e-05,-3.484465478422669034e-05,-3.513803885768241328e-05,-3.537083154123347550e-05,-3.553913227334533240e-05,-3.563803684361837291e-05,-3.566234433822754651e-05,-3.560732453637888341e-05,-3.546949798413979359e-05,-3.524739326901138063e-05,-3.494224766775294285e-05,-3.455862219005391704e-05,-3.410489839377131983e-05,-3.359362193150658812e-05,-3.304165037089137609e-05,-3.247006029387037977e-05,-3.190376741470037254e-05,-3.137082414992447952e-05,-3.090137778513823627e-05,-3.052630914288927849e-05,-3.027561537402081451e-05,-3.017666228062081059e-05,-3.025247559113098571e-05,-3.052035613303985296e-05,-3.099111891966107381e-05,-3.166895041505885753e-05,-3.255126841491158822e-05,-3.362928460644855593e-05,-3.488908249024449780e-05,-3.631289766384319478e-05,-3.788040442703167560e-05,-3.956990067860536057e-05,-4.135932985486454771e-05,-4.322711612571251884e-05,-4.515281548934214169e-05,-4.711760627322613104e-05,-4.910465248836707756e-05,-5.109937814263101793e-05,-5.308968647194238667e-05,-5.506615143730737350e-05,-5.702219681423451698e-05,-5.895426671851767902e-05,-6.086197758838897512e-05,-6.274823085989396224e-05,-6.461925504691052441e-05,-6.648454051166462382e-05,-6.835662713682572728e-05,-7.025070857548809265e-05,-7.218402382199050793e-05,-7.417502078719190100e-05,-7.624229396287480044e-05,-7.840332114249263195e-05,-8.067304830027833271e-05,-8.306239761909528128e-05,-8.557679604770230641e-05,-8.821483983015055179e-05,-9.096721855562448357e-05,-9.381601962339557101e-05,-9.673451672716241393e-05,-9.968751584320577959e-05,-1.026322896201555110e-04,-1.055200819978874494e-04,-1.082981136883483936e-04,-1.109119736377484641e-04,-1.133082458719475509e-04,-1.154372000143327596e-04,-1.172553671809091193e-04,-1.187278310493750989e-04,-1.198300834307071768e-04,-1.205493231721132299e-04,-1.208851137540751348e-04,-1.208493576935200885e-04,-1.204655922578708855e-04,-1.197676590261644714e-04,-1.187978449145888358e-04,-1.176046301583893311e-04,-1.162402042422851244e-04,-1.147579211829593930e-04,-1.132098596474171543e-04,-1.116446332531391932e-04,-1.101055652912806402e-04,-1.086293049912940401e-04,-1.072449234336637420e-04,-1.059734904849845877e-04,-1.048281019561514681e-04,-1.038143008006627179e-04,-1.029308176285074800e-04,-1.021705452880060253e-04,-1.015216578026328860e-04,-1.009687872311337825e-04,-1.004941782120494508e-04,-1.000787537885265244e-04,-9.970303665777011234e-05,-9.934789081376049422e-05,-9.899505432145481521e-05,-9.862746167822141255e-05,-9.822934357410686567e-05,-9.778613891655214580e-05,-9.728421199217258096e-05,-9.671047450489285739e-05,-9.605190823326931909e-05,-9.529523452741368568e-05,-9.442671818445203349e-05,-9.343261661909855055e-05,-9.230013262101744679e-05,-9.101967635659379604e-05,-8.958781829677287944e-05,-8.801169791006717555e-05,-8.631367814193218792e-05,-8.453549244608678671e-05,-8.274344392136751068e-05,-8.102548646011489743e-05,-7.950531329841624114e-05,-7.831884642329959136e-05,-7.769815916309703635e-05,-7.786726356729857946e-05,-7.945099445875639750e-05,-8.284050900770610116e-05,-8.988417714539229011e-05,-9.924535474547967120e-05,-1.128718460913173531e-04,-9.050123393508059612e-05,-2.311564726540408898e-06
0.000000000000000000e+00,0.000000000000000000e+00,0.000000000000000000e+00,0.000000000000000000e+00,0.000000000000000000e+00,0.000000000000000000e+00,0.000000000000000000e+00,0.000000000000000000e+00,0.000000000000000000e+00,0.000000000000000000e+00,0.000000000000000000e+00,0.000000000000000000e+00,0.000000000000000000e+00,0.000000000000000000e+00,0.000000000000000000e+00,0.000000000000000000e+00,0.000000000000000000e+00,0.000000000000000000e+00,0.000000000000000000e+00,0.000000000000000000e+00,0.000000000000000000e+00,0.000000000000000000e+00,0.000000000000000000e+00,0.000000000000000000e+00,0.000000000000000000e+00,0.000000000000000000e+00,0.000000000000000000e+00,0.000000000000000000e+00,0.000000000000000000e+00,0.000000000000000000e+00,0.000000000000000000e+00,0.000000000000000000e+00,0.000000000000000000e+00,0.000000000000000000e+00,0.000000000000000000e+00,0.000000000000000000e+00,0.000000000000000000e+00,0.000000000000000000e+00,0.000000000000000000e+00,0.000000000000000000e+00,0.000000000000000000e+00,0.000000000000000000e+00,0.000000000000000000e+00,0.000000000000000000e+00,0.000000000000000000e+00,0.000000000000000000e+00,0.000000000000000000e+00,0.000000000000000000e+00,0.000000000000000000e+00,0.000000000000000000e+00,0.000000000000000000e+00,0.000000000000000000e+00,0.000000000000000000e+00,0.000000000000000000e+00,0.000000000000000000e+00,0.000000000000000000e+00,0.000000000000000000e+00,0.000000000000000000e+00,0.000000000000000000e+00,0.000000000000000000e+00,0.000000000000000000e+00,0.000000000000000000e+00,0.000000000000000000e+00,0.000000000000000000e+00,0.000000000000000000e+00,0.000000000000000000e+00,0.000000000000000000e+00,0.000000000000000000e+00,0.000000000000000000e+00,0.000000000000000000e+00,0.000000000000000000e+00,0.000000000000000000e+00,0.000000000000000000e+00,0.000000000000000000e+00,0.000000000000000000e+00,0.000000000000000000e+00,0.000000000000000000e+00,0.000000000000000000e+00,0.000000000000000000e+00,0.000000000000000000e+00,0.000000000000000000e+00,0.000000000000000000e+00,0.000000000000000000e+00,0.000000000000000000e+00,0.000000000000000000e+00,0.000000000000000000e+00,0.000000000000000000e+00,0.000000000000000000e+00,0.000000000000000000e+00,0.000000000000000000e+00,0.000000000000000000e+00,0.000000000000000000e+00,0.000000000000000000e+00,0.000000000000000000e+00,0.000000000000000000e+00,0.000000000000000000e+00,0.000000000000000000e+00,0.000000000000000000e+00,0.000000000000000000e+00,0.000000000000000000e+00,0.000000000000000000e+00,0.000000000000000000e+00,0.000000000000000000e+00,0.000000000000000000e+00,0.000000000000000000e+00,0.000000000000000000e+00,0.000000000000000000e+00,0.000000000000000000e+00,0.000000000000000000e+00,0.000000000000000000e+00,0.000000000000000000e+00,0.000000000000000000e+00,0.000000000000000000e+00,0.000000000000000000e+00,0.000000000000000000e+00,0.000000000000000000e+00,0.000000000000000000e+00,0.000000000000000000e+00,0.000000000000000000e+00,0.000000000000000000e+00,0.000000000000000000e+00,0.000000000000000000e+00,0.000000000000000000e+00,0.000000000000000000e+00,0.000000000000000000e+00,0.000000000000000000e+00,0.000000000000000000e+00,0.000000000000000000e+00,0.000000000000000000e+00,0.000000000000000000e+00,0.000000000000000000e+00,0.000000000000000000e+00,0.000000000000000000e+00,0.000000000000000000e+00,0.000000000000000000e+00,0.000000000000000000e+00,0.000000000000000000e+00,0.000000000000000000e+00,0.000000000000000000e+00,0.000000000000000000e+00,0.000000000000000000e+00,0.000000000000000000e+00,0.000000000000000000e+00,0.000000000000000000e+00,0.000000000000000000e+00,0.000000000000000000e+00,0.000000000000000000e+00,0.000000000000000000e+00,-1.377669358712253463e-04,-1.161745993006276678e-04,-7.143104200964137205e-05,-3.569239704910647334e-05,-1.820918351774392395e-05,-9.646690448605922877e-06,-6.802696894745146805e-06,-6.997682434984628743e-06,-8.471827845929432349e-06,-1.041005214975049791e-05,-1.243552429034085327e-05,-1.437724730920838848e-05,-1.620932322601252099e-05,-1.795032216446894988e-05,-1.962675557403930387e-05,-2.125612343459471683e-05,-2.283970268447357193e-05,-2.436721887284124696e-05,-2.582101777737980724e-05,-2.718273151142919781e-05,-2.843627168466326846e-05,-2.957098769600944243e-05,-3.058201483053455257e-05,-3.147051037696483406e-05,-3.224242619886819711e-05,-3.290727081766822633e-05,-3.347635898179640617e-05,-3.396128581020198473e-05,-3.437249199154103577e-05,-3.471824368518295560e-05,-3.500397070449373150e-05,-3.523204281229103612e-05,-3.540190751332400563e-05,-3.551055035841823931e-05,-3.555318610658191731e-05,-3.552410765208531264e-05,-3.541761331602877197e-05,-3.522895033438439689e-05,-3.495522158745092305e-05,-3.459621517129256616e-05,-3.415512354786451245e-05,-3.363912175075471552e-05,-3.305977317385451291e-05,-3.243322653695956666e-05,-3.178016398291306789e-05,-3.112545864794462639e-05,-3.049750717852448895e-05,-2.992721992651952429e-05,-2.944668225394695018e-05,-2.908754649692221715e-05,-2.887926546594112579e-05,-2.884735761049655729e-05,-2.901193562534825162e-05,-2.938673069847182485e-05,-2.997865927916595154e-05,-3.078762975836646241e-05,-3.180694544203236832e-05,-3.302419208580700523e-05,-3.442241286393394857e-05,-3.598137669875645030e-05,-3.767880579278079479e-05,-3.949147769395244692e-05,-4.139615783581442705e-05,-4.337035104984035371e-05,-4.539288643335351997e-05,-4.744436655927041321e-05,-4.950752075693221760e-05,-5.156750251619913989e-05,-5.361216550530679395e-05,-5.563234170411913412e-05,-5.762213137639675235e-05,-5.957919872142503043e-05,-6.150505152608641828e-05,-6.340526876454033402e-05,-6.528962912234702299e-05,-6.717208660586176429e-05,-6.907053857887691841e-05,-7.100633707195035246e-05,-7.300350704404297471e-05,-7.508765481771632064e-05,-7.728457582128044220e-05,-7.961860102520865569e-05,-8.211075405765459940e-05,-8.477682239844975805e-05,-8.762547290852181999e-05,-9.065656000560148235e-05,-9.385978071766615824e-05,-9.721382165211757940e-05,-1.006861177338534057e-04,-1.042333020795949432e-04,-1.078023739925239029e-04,-1.113325528379613741e-04,-1.147577263651262491e-04,-1.180093498326164220e-04,-1.210196136127971849e-04,-1.237246760471553194e-04,-1.260677568545674873e-04,-1.280019025131332207e-04,-1.294922644062717384e-04,-1.305177672885939326e-04,-1.310720845744542461e-04,-1.311638748430850776e-04,-1.308162703211326004e-04,-1.300656443312120652e-04,-1.289597224482060727e-04,-1.275551414113748594e-04,-1.259145981197556561e-04,-1.241037633394301320e-04,-1.221881552219716588e-04,-1.202301714719148523e-04,-1.182864637662610563e-04,-1.164058049636516510e-04,-1.146275529240651343e-04,-1.129807607719012652e-04,-1.114839288276715985e-04,-1.101453447031569923e-04,-1.089639191701338391e-04,-1.079303998153254511e-04,-1.070288313672586111e-04,-1.062381321095596419e-04,-1.055336644520933159e-04,-1.048886968077000981e-04,-1.042756726355264200e-04,-1.036672296264343988e-04,-1.030369285221726365e-04,-1.023596809169102046e-04,-1.016118755735017634e-04,-1.007712430692060131e-04,-9.981651675855088876e-05,-9.872701261556013179e-05,-9.748231718556250956e-05,-9.606231274659209507e-05,-9.444798104257240011e-05,-9.262309216712789027e-05,-9.057765953220261144e-05,-8.831198133627560253e-05,-8.584351444545354677e-05,-8.321033684377493022e-05,-8.048018683571893578e-05,-7.774192474472458854e-05,-7.511937774110243244e-05,-7.272465582308740924e-05,-7.071657602609377239e-05,-6.914668717041465111e-05,-6.824588182089171950e-05,-6.784719389219170656e-05,-6.854193936619299224e-05,-6.884146576161544694e-05,-6.931675124312310055e-05,-5.586866445378821562e-05,-2.238228215559725368e-05,5.415536628368010277e-05
0.000000000000000000e+00,0.000000000000000000e+00,0.000000000000000000e+00,0.000000000000000000e+00,0.000000000000000000e+00,0.000000000000000000e+00,0.000000000000000000e+00,0.000000000000000000e+00,0.000000000000000000e+00,0.000000000000000000e+00,0.000000000000000000e+00,0.000000000000000000e+00,0.000000000000000000e+00,0.000000000000000000e+00,0.000000000000000000e+00,0.000000000000000000e+00,0.000000000000000000e+00,0.000000000000000000e+00,0.000000000000000000e+00,0.000000000000000000e+00,0.000000000000000000e+00,0.000000000000000000e+00,0.000000000000000000e+00,0.000000000000000000e+00,0.000000000000000000e+00,0.000000000000000000e+00,0.000000000000000000e+00,0.000000000000000000e+00,0.000000000000000000e+00,0.000000000000000000e+00,0.000000000000000000e+00,0.000000000000000000e+00,0.000000000000000000e+00,0.000000000000000000e+00,0.000000000000000000e+00,0.000000000000000000e+00,0.000000000000000000e+00,0.000000000000000000e+00,0.000000000000000000e+00,0.000000000000000000e+00,0.000000000000000000e+00,0.000000000000000000e+00,0.000000000000000000e+00,0.000000000000000000e+00,0.000000000000000000e+00,0.000000000000000000e+00,0.000000000000000000e+00,0.000000000000000000e+00,0.000000000000000000e+00,0.000000000000000000e+00,0.000000000000000000e+00,0.000000000000000000e+00,0.000000000000000000e+00,0.000000000000000000e+00,0.000000000000000000e+00,0.000000000000000000e+00,0.000000000000000000e+00,0.000000000000000000e+00,0.000000000000000000e+00,0.000000000000000000e+00,0.000000000000000000e+00,0.000000000000000000e+00,0.000000000000000000e+00,0.000000000000000000e+00,0.000000000000000000e+00,0.000000000000000000e+00,0.000000000000000000e+00,0.000000000000000000e+00,0.000000000000000000e+00,0.000000000000000000e+00,0.000000000000000000e+00,0.000000000000000000e+00,0.000000000000000000e+00,0.000000000000000000e+00,0.000000000000000000e+00,0.000000000000000000e+00,0.000000000000000000e+00,0.000000000000000000e+00,0.000000000000000000e+00,0.000000000000000000e+00,0.000000000000000000e+00,0.000000000000000000e+00,0.000000000000000000e+00,0.000000000000000000e+00,0.000000000000000000e+00,0.000000000000000000e+00,0.000000000000000000e+00,0.000000000000000000e+00,0.000000000000000000e+00,0.000000000000000000e+00,0.000000000000000000e+00,0.000000000000000000e+00,0.000000000000000000e+00,0.000000000000000000e+00,0.000000000000000000e+00,0.000000000000000000e+00,0.000000000000000000e+00,0.000000000000000000e+00,0.000000000000000000e+00,0.000000000000000000e+00,0.000000000000000000e+00,0.000000000000000000e+00,0.000000000000000000e+00,0.000000000000000000e+00,0.000000000000000000e+00,0.000000000000000000e+00,0.000000000000000000e+00,0.000000000000000000e+00,0.000000000000000000e+00,0.000000000000000000e+00,0.000000000000000000e+00,0.000000000000000000e+00,0.000000000000000000e+00,0.000000000000000000e+00,0.000000000000000000e+00,0.000000000000000000e+00,0.000000000000000000e+00,0.000000000000000000e+00,0.000000000000000000e+00,0.000000000000000000e+00,0.000000000000000000e+00,0.000000000000000000e+00,0.000000000000000000e+00,0.000000000000000000e+00,0.000000000000000000e+00,0.000000000000000000e+00,0.000000000000000000e+00,0.000000000000000000e+00,0.000000000000000000e+00,0.000000000000000000e+00,0.000000000000000000e+00,0.000000000000000000e+00,0.000000000000000000e+00,0.000000000000000000e+00,0.000000000000000000e+00,0.000000000000000000e+00,0.000000000000000000e+00,0.000000000000000000e+00,0.000000000000000000e+00,0.000000000000000000e+00,0.000000000000000000e+00,0.000000000000000000e+00,0.000000000000000000e+00,0.000000000000000000e+00,0.000000000000000000e+00,0.000000000000000000e+00,0.000000000000000000e+00,0.000000000000000000e+00,0.000000000000000000e+00,-1.340510223504010924e-04,-9.155731327296830766e-05,-5.837642936722161870e-05,-3.184485146359083220e-05,-1.528134767175028436e-05,-7.249283362124302707e-06,-4.202589904364572314e-06,-4.148743145527304160e-06,-5.706672731085636943e-06,-7.920453948117213308e-06,-1.032386904873750472e-05,-1.269429247353459030e-05,-1.495090342522558384e-05,-1.708417086838225966e-05,-1.910241978792677194e-05,-2.101344200872549576e-05,-2.281531003830357079e-05,-2.449983233459278607e-05,-2.605444344816994023e-05,-2.746791615907351474e-05,-2.873221628963530951e-05,-2.984513088138426542e-05,-3.081020447037107298e-05,-3.163660895948818875e-05,-3.233760957534796780e-05,-3.292899530862329393e-05,-3.342712285266286764e-05,-3.384725347187004239e-05,-3.420213630541552448e-05,-3.450109891689673492e-05,-3.474960002970845765e-05,-3.494926741179949805e-05,-3.509832484374297102e-05,-3.519232948781822543e-05,-3.522510892792602805e-05,-3.518980584097497450e-05,-3.507994427418208801e-05,-3.489045379961840663e-05,-3.461860262778382856e-05,-3.426480629907845073e-05,-3.383328569206555135e-05,-3.333255107417987863e-05,-3.277568550684465196e-05,-3.218039640853295898e-05,-3.156879948206523304e-05,-3.096690143588906965e-05,-3.040375767875205871e-05,-2.991030640999154313e-05,-2.951791571640911496e-05,-2.925673863664787067e-05,-2.915402477365156047e-05,-2.923258700467974494e-05,-2.950961968753217245e-05,-2.999595561953931401e-05,-3.069566656405577217e-05,-3.160617634724169551e-05,-3.271884853135448838e-05,-3.401991592191127341e-05,-3.549160243893667756e-05,-3.711329625131363694e-05,-3.886266733636561233e-05,-4.071666029808708931e-05,-4.265232864026384442e-05,-4.464750790474435958e-05,-4.668134805497119253e-05,-4.873474094249380660e-05,-5.079068453953997471e-05,-5.283462462133024041e-05,-5.485480595227051854e-05,-5.684265226175396938e-05,-5.879317712095940353e-05,-6.070540989501320428e-05,-6.258280226146077359e-05,-6.443356500834624605e-05,-6.627087211681417767e-05,-6.811286289032279448e-05,-6.998237303990206414e-05,-7.190633477011721178e-05,-7.391480308108309017e-05,-7.603959183546292943e-05,-7.831253616467456660e-05,-8.076343666124807970e-05,-8.341778123884687987e-05,-8.629437974183827304e-05,-8.940307870529419206e-05,-9.274274530689229372e-05,-9.629971503906258111e-05,-1.000468842893223063e-04,-1.039435941373940454e-04,-1.079363966324103241e-04,-1.119607224828532123e-04,-1.159433871097304719e-04,-1.198057896213691541e-04,-1.234675887076565326e-04,-1.268505914345354271e-04,-1.298825741640177093e-04,-1.325007713949639596e-04,-1.346548142480879021e-04,-1.363089645060115674e-04,-1.374435589991446400e-04,-1.380556394309520542e-04,-1.381587870209641743e-04,-1.377822086848433077e-04,-1.369691379372110199e-04,-1.357746277947923528e-04,-1.342628323781207853e-04,-1.325039011099107171e-04,-1.305706413275976277e-04,-1.285351338042193202e-04,-1.264655020944786812e-04,-1.244230334931203843e-04,-1.224598241530504934e-04,-1.206170757592555997e-04,-1.189241127276884731e-04,-1.173981256261388080e-04,-1.160445871948520568e-04,-1.148582386779799176e-04,-1.138245106696979345e-04,-1.129212256220944922e-04,-1.121204275534614704e-04,-1.113901960937496119e-04,-1.106963213609643543e-04,-1.100037437526022138e-04,-1.092776860688613941e-04,-1.084844431732554854e-04,-1.075918076941791921e-04,-1.065691823789551072e-04,-1.053874138527866478e-04,-1.040185766034380706e-04,-1.024357904486458324e-04,-1.006136922625182312e-04,-9.852945147676701431e-05,-9.616573568386418177e-05,-9.351412095874193703e-05,-9.058220460372456864e-05,-8.739757821959285591e-05,-8.401830543676501277e-05,-8.052632507071975335e-05,-7.703881232909608255e-05,-7.366212670426257444e-05,-7.051937069945592054e-05,-6.760183581379711204e-05,-6.491839702915024263e-05,-6.205452326243052240e-05,-5.883415994563732769e-05,-5.374011661910059034e-05,-4.630365671285340250e-05,-3.054903803645692048e-05,-5.082990949827142460e-06,3.806862679015215849e-05,8.963002206344808126e-05
0.000000000000000000e+00,0.000000000000000000e+00,0.000000000000000000e+00,0.000000000000000000e+00,0.000000000000000000e+00,0.000000000000000000e+00,0.000000000000000000e+00,0.000000000000000000e+00,0.000000000000000000e+00,0.000000000000000000e+00,0.000000000000000000e+00,0.000000000000000000e+00,0.000000000000000000e+00,0.000000000000000000e+00,0.000000000000000000e+00,0.000000000000000000e+00,0.000000000000000000e+00,0.000000000000000000e+00,0.000000000000000000e+00,0.000000000000000000e+00,0.000000000000000000e+00,0.000000000000000000e+00,0.000000000000000000e+00,0.000000000000000000e+00,0.000000000000000000e+00,0.000000000000000000e+00,0.000000000000000000e+00,0.000000000000000000e+00,0.000000000000000000e+00,0.000000000000000000e+00,0.000000000000000000e+00,0.000000000000000000e+00,0.000000000000000000e+00,0.000000000000000000e+00,0.000000000000000000e+00,0.000000000000000000e+00,0.000000000000000000e+00,0.000000000000000000e+00,0.000000000000000000e+00,0.000000000000000000e+00,0.000000000000000000e+00,0.000000000000000000e+00,0.000000000000000000e+00,0.000000000000000000e+00,0.000000000000000000e+00,0.000000000000000000e+00,0.000000000000000000e+00,0.000000000000000000e+00,0.000000000000000000e+00,0.000000000000000000e+00,0.000000000000000000e+00,0.000000000000000000e+00,0.000000000000000000e+00,0.000000000000000000e+00,0.000000000000000000e+00,0.000000000000000000e+00,0.000000000000000000e+00,0.000000000000000000e+00,0.000000000000000000e+00,0.000000000000000000e+00,0.000000000000000000e+00,0.000000000000000000e+00,0.000000000000000000e+00,0.000000000000000000e+00,0.000000000000000000e+00,0.000000000000000000e+00,0.000000000000000000e+00,0.000000000000000000e+00,0.000000000000000000e+00,0.000000000000000000e+00,0.000000000000000000e+00,0.000000000000000000e+00,0.000000000000000000e+00,0.000000000000000000e+00,0.000000000000000000e+00,0.000000000000000000e+00,0.000000000000000000e+00,0.000000000000000000e+00,0.000000000000000000e+00,0.000000000000000000e+00,0.000000000000000000e+00,0.000000000000000000e+00,0.000000000000000000e+00,0.000000000000000000e+00,0.000000000000000000e+00,0.000000000000000000e+00,0.000000000000000000e+00,0.000000000000000000e+00,0.000000000000000000e+00,0.000000000000000000e+00,0.000000000000000000e+00,0.000000000000000000e+00,0.000000000000000000e+00,0.000000000000000000e+00,0.000000000000000000e+00,0.000000000000000000e+00,0.000000000000000000e+00,0.000000000000000000e+00,0.000000000000000000e+00,0.000000000000000000e+00,0.000000000000000000e+00,0.000000000000000000e+00,0.000000000000000000e+00,0.000000000000000000e+00,0.000000000000000000e+00,0.000000000000000000e+00,0.000000000000000000e+00,0.000000000000000000e+00,0.000000000000000000e+00,0.000000000000000000e+00,0.000000000000000000e+00,0.000000000000000000e+00,0.000000000000000000e+00,0.000000000000000000e+00,0.000000000000000000e+00,0.000000000000000000e+00,0.000000000000000000e+00,0.000000000000000000e+00,0.000000000000000000e+00,0.000000000000000000e+00,0.000000000000000000e+00,0.000000000000000000e+00,0.000000000000000000e+00,0.000000000000000000e+00,0.000000000000000000e+00,0.000000000000000000e+00,0.000000000000000000e+00,0.000000000000000000e+00,0.000000000000000000e+00,0.000000000000000000e+00,0.000000000000000000e+00,0.000000000000000000e+00,0.000000000000000000e+00,0.000000000000000000e+00,0.000000000000000000e+00,0.000000000000000000e+00,0.000000000000000000e+00,0.000000000000000000e+00,0.000000000000000000e+00,0.000000000000000000e+00,0.000000000000000000e+00,0.000000000000000000e+00,0.000000000000000000e+00,0.000000000000000000e+00,0.000000000000000000e+00,0.000000000000000000e+00,0.000000000000000000e+00,0.000000000000000000e+00,0.000000000000000000e+00,-1.331942067333925295e-04,-1.172245165043441921e-04,-8.437467899297083234e-05,-5.002038587117585146e-05,-2.686925684938966060e-05,-1.178925819085162650e-05,-3.774461540013625225e-06,-9.184348170217336506e-07,-1.078294096985410905e-06,-2.911118350249006333e-06,-5.518817392672180767e-06,-8.369007278634449040e-06,-1.120396884238361112e-05,-1.390898465082267075e-05,-1.644566864369735864e-05,-1.880355699103415258e-05,-2.098230712955568132e-05,-2.297926910819502564e-05,-2.479159255359827073e-05,-2.641529059525837389e-05,-2.784937354517451905e-05,-2.909658696427721520e-05,-3.016528824784490444e-05,-3.106894671517119734e-05,-3.182554460044269886e-05,-3.245577414576473850e-05,-3.298120735938499465e-05,-3.342228492415761769e-05,-3.379668514007658301e-05,-3.411809479386696404e-05,-3.439555724139671468e-05,-3.463334890182786493e-05,-3.483134894507457588e-05,-3.498578517565897872e-05,-3.509024503372165014e-05,-3.513682907902342188e-05,-3.511734575003514527e-05,-3.502446408446783111e-05,-3.485276669109703423e-05,-3.459966459304108691e-05,-3.426615050972055206e-05,-3.385737361133828264e-05,-3.338301878354008728e-05,-3.285746825984687988e-05,-3.229971734535243413e-05,-3.173301230107608106e-05,-3.118418328859602309e-05,-3.068266024439058844e-05,-3.025919245536115300e-05,-2.994433586021175297e-05,-2.976682787969049383e-05,-2.975201362138778617e-05,-2.992049988795497225e-05,-3.028715329435833695e-05,-3.086045468825067975e-05,-3.164231932403695230e-05,-3.262837756957012546e-05,-3.380864241499781082e-05,-3.516844528190429120e-05,-3.668951185126745985e-05,-3.835105930652632326e-05,-4.013082500130102950e-05,-4.200597018614011353e-05,-4.395383601291796160e-05,-4.595255762183456100e-05,-4.798156342449493928e-05,-5.002199938658567492e-05,-5.205712214589420866e-05,-5.407270084899972541e-05,-5.605745681276415874e-05,-5.800355408156009329e-05,-5.990713436142952180e-05,-6.176886868660331792e-05,-6.359447752331280396e-05,-6.539515314401436285e-05,-6.718780508683864551e-05,-6.899504355361898967e-05,-7.084481831595594635e-05,-7.276964348544477320e-05,-7.480536175869071129e-05,-7.698943522262905858e-05,-7.935879193466139768e-05,-8.194730575789795676e-05,-8.478303740307417279e-05,-8.788541246873388081e-05,-9.126255154930683138e-05,-9.490899200247210322e-05,-9.880404456650177273e-05,-1.029110058110649991e-04,-1.071773966605597253e-04,-1.115363189048232547e-04,-1.159089211392010506e-04,-1.202078536023456367e-04,-1.243414827537196569e-04,-1.282185483960763639e-04,-1.317528945052043993e-04,-1.348679001780265152e-04,-1.375002807212799701e-04,-1.396030120843880402e-04,-1.411472371222035412e-04,-1.421231181226004269e-04,-1.425396873833673604e-04,-1.424238048738846651e-04,-1.418183580833293081e-04,-1.407798423562318338e-04,-1.393754536043879781e-04,-1.376798217797411061e-04,-1.357715198374424316e-04,-1.337294986201652779e-04,-1.316296162630260932e-04,-1.295414416931164067e-04,-1.275255070593271937e-04,-1.256311591959845373e-04,-1.238951165987952675e-04,-1.223407814842768649e-04,-1.209782948324814061e-04,-1.198052641884370730e-04,-1.188080473438508499e-04,-1.179634428140631633e-04,-1.172406245132748162e-04,-1.166031569059984292e-04,-1.160109445164765011e-04,-1.154219852709787548e-04,-1.147938381628613652e-04,-1.140847254084502552e-04,-1.132542680625192274e-04,-1.122638287977464216e-04,-1.110766303183845552e-04,-1.096576718810949604e-04,-1.079739895835701759e-04,-1.059951823602125332e-04,-1.036955256855229057e-04,-1.010566301859322085e-04,-9.807357350632033607e-05,-9.475943290274298214e-05,-9.115559831620683145e-05,-8.733000455674233195e-05,-8.338687064676322575e-05,-7.943297395084868942e-05,-7.558438126644705687e-05,-7.184683282690718575e-05,-6.816347277045150816e-05,-6.409630608521859024e-05,-5.913177146314029127e-05,-5.181268807190650389e-05,-4.099959290278453833e-05,-2.322314008325678002e-05,2.533737724409806430e-06,3.937096305129574448e-05,8.071063842938462640e-05,1.144769754047635031e-04
0.000000000000000000e+00,0.000000000000000000e+00,0.000000000000000000e+00,0.000000000000000000e+00,0.000000000000000000e+00,0.000000000000000000e+00,0.000000000000000000e+00,0.000000000000000000e+00,0.000000000000000000e+00,0.000000000000000000e+00,0.000000000000000000e+00,0.000000000000000000e+00,0.000000000000000000e+00,0.000000000000000000e+00,0.000000000000000000e+00,0.000000000000000000e+00,0.000000000000000000e+00,0.000000000000000000e+00,0.000000000000000000e+00,0.000000000000000000e+00,0.000000000000000000e+00,0.000000000000000000e+00,0.000000000000000000e+00,0.000000000000000000e+00,0.000000000000000000e+00,0.000000000000000000e+00,0.000000000000000000e+00,0.000000000000000000e+00,0.000000000000000000e+00,0.000000000000000000e+00,0.000000000000000000e+00,0.000000000000000000e+00,0.000000000000000000e+00,0.000000000000000000e+00,0.000000000000000000e+00,0.000000000000000000e+00,0.000000000000000000e+00,0.000000000000000000e+00,0.000000000000000000e+00,0.000000000000000000e+00,0.000000000000000000e+00,0.000000000000000000e+00,0.000000000000000000e+00,0.000000000000000000e+00,0.000000000000000000e+00,0.000000000000000000e+00,0.000000000000000000e+00,0.000000000000000000e+00,0.000000000000000000e+00,0.000000000000000000e+00,0.000000000000000000e+00,0.000000000000000000e+00,0.000000000000000000e+00,0.000000000000000000e+00,0.000000000000000000e+00,0.000000000000000000e+00,0.000000000000000000e+00,0.000000000000000000e+00,0.000000000000000000e+00,0.000000000000000000e+00,0.000000000000000000e+00,0.000000000000000000e+00,0.000000000000000000e+00,0.000000000000000000e+00,0.000000000000000000e+00,0.000000000000000000e+00,0.000000000000000000e+00,0.000000000000000000e+00,0.000000000000000000e+00,0.000000000000000000e+00,0.000000000000000000e+00,0.000000000000000000e+00,0.000000000000000000e+00,0.000000000000000000e+00,0.000000000000000000e+00,0.000000000000000000e+00,0.000000000000000000e+00,0.000000000000000000e+00,0.000000000000000000e+00,0.000000000000000000e+00,0.000000000000000000e+00,0.000000000000000000e+00,0.000000000000000000e+00,0.000000000000000000e+00,0.000000000000000000e+00,0.000000000000000000e+00,0.000000000000000000e+00,0.000000000000000000e+00,0.000000000000000000e+00,0.000000000000000000e+00,0.000000000000000000e+00,0.000000000000000000e+00,0.000000000000000000e+00,0.000000000000000000e+00,0.000000000000000000e+00,0.000000000000000000e+00,0.000000000000000000e+00,0.000000000000000000e+00,0.000000000000000000e+00,0.000000000000000000e+00,0.000000000000000000e+00,0.000000000000000000e+00,0.000000000000000000e+00,0.000000000000000000e+00,0.000000000000000000e+00,0.000000000000000000e+00,0.000000000000000000e+00,0.000000000000000000e+00,0.000000000000000000e+00,0.000000000000000000e+00,0.000000000000000000e+00,0.000000000000000000e+00,0.000000000000000000e+00,0.000000000000000000e+00,0.000000000000000000e+00,0.000000000000000000e+00,0.000000000000000000e+00,0.000000000000000000e+00,0.000000000000000000e+00,0.000000000000000000e+00,0.000000000000000000e+00,0.000000000000000000e+00,0.000000000000000000e+00,0.000000000000000000e+00,0.000000000000000000e+00,0.000000000000000000e+00,0.000000000000000000e+00,0.000000000000000000e+00,0.000000000000000000e+00,0.000000000000000000e+00,0.000000000000000000e+00,0.000000000000000000e+00,0.000000000000000000e+00,0.000000000000000000e+00,0.000000000000000000e+00,0.000000000000000000e+00,0.000000000000000000e+00,0.000000000000000000e+00,0.000000000000000000e+00,0.000000000000000000e+00,0.000000000000000000e+00,0.000000000000000000e+00,0.000000000000000000e+00,0.000000000000000000e+00,0.000000000000000000e+00,0.000000000000000000e+00,0.000000000000000000e+00,0.000000000000000000e+00,0.000000000000000000e+00,0.000000000000000000e+00,-1.349616679282899720e-04,-1.029780430809041893e-04,-7.333056680687941736e-05,-4.359089079860519611e-05,-2.117227320446387709e-05,-7.586256081954283342e-06,-4.494022355638739045e-07,1.991283987369214394e-06,1.429667302242014277e-06,-7.771259908060429948e-07,-3.779785704336867994e-06,-7.056432370278634246e-06,-1.032210213776242394e-05,-1.343203413827848353e-05,-1.632384096371554795e-05,-1.897023580133762631e-05,-2.136492634694161927e-05,-2.350687598007659707e-05,-2.540007937872600175e-05,-2.705038916616057723e-05,-2.846794394547479443e-05,-2.966697957571653568e-05,-3.066679390433133467e-05,-3.149078152976870137e-05,-3.216528853519225423e-05,-3.271758904726007101e-05,-3.317389149231566735e-05,-3.355740704198799656e-05,-3.388689373503061067e-05,-3.417573363424753293e-05,-3.443163126485256141e-05,-3.465686768721401172e-05,-3.484902448695926532e-05,-3.500204087786046477e-05,-3.510747062922491669e-05,-3.515581112974811706e-05,-3.513780313357823669e-05,-3.504562628964324816e-05,-3.487394317523877306e-05,-3.462076526679388734e-05,-3.428812710470369597e-05,-3.388255889703830801e-05,-3.341534478621316823e-05,-3.290254706081859943e-05,-3.236477046547062212e-05,-3.182663945932413200e-05,-3.131597140121605822e-05,-3.086265086631776822e-05,-3.049724923873694841e-05,-3.024948042210824504e-05,-3.014662930176909047e-05,-3.021210901454740081e-05,-3.046427465937699694e-05,-3.091556535298050647e-05,-3.157206507645908214e-05,-3.243350778552808202e-05,-3.349368871419180252e-05,-3.474119812962467053e-05,-3.616036476509325179e-05,-3.773229270901172304e-05,-3.943588987401305021e-05,-4.124881384271304475e-05,-4.314829312519739450e-05,-4.511181292358186609e-05,-4.711768070473908605e-05,-4.914550525692151789e-05,-5.117663299248085212e-05,-5.319458624248400692e-05,-5.518554155038523881e-05,-5.713887194825986601e-05,-5.904775820747558315e-05,-6.090985128029916408e-05,-6.272794444637207201e-05,-6.451059077340846870e-05,-6.627258255899216713e-05,-6.803519634445373847e-05,-6.982610287055417565e-05,-7.167884737607910911e-05,-7.363182388775585689e-05,-7.572669757214063504e-05,-7.800627178036405416e-05,-8.051184869783201213e-05,-8.328019167449798529e-05,-8.634025801257578549e-05,-8.970992737891647585e-05,-9.339299522506005384e-05,-9.737672504381416900e-05,-1.016302499893488299e-04,-1.061040778418217870e-04,-1.107308806715660463e-04,-1.154276446583660682e-04,-1.200991247587117469e-04,-1.246424085461488463e-04,-1.289522632270930034e-04,-1.329268412886095308e-04,-1.364732717965120743e-04,-1.395126767940398668e-04,-1.419842244323454307e-04,-1.438479491940652596e-04,-1.450862117906494167e-04,-1.457038105152538279e-04,-1.457268687312030702e-04,-1.452006961795316176e-04,-1.441868532358456701e-04,-1.427596463148963026e-04,-1.410022640870985057e-04,-1.390027426618071821e-04,-1.368499325966360150e-04,-1.346296334411810878e-04,-1.324210580223352527e-04,-1.302937812280794815e-04,-1.283053097346056924e-04,-1.264993762956000362e-04,-1.249050161682194844e-04,-1.235364284051718154e-04,-1.223935692121939185e-04,-1.214633739754726995e-04,-1.207214677826077729e-04,-1.201341992472143344e-04,-1.196608291948282138e-04,-1.192557061793711871e-04,-1.188702906316338226e-04,-1.184548959852416085e-04,-1.179600841335925104e-04,-1.173376343723971197e-04,-1.165411679946370217e-04,-1.155264030292139026e-04,-1.142514399796668907e-04,-1.126770433842250104e-04,-1.107679934409449098e-04,-1.084949467730630333e-04,-1.058391812447355564e-04,-1.027970431861891204e-04,-9.938937552829698262e-05,-9.566390859587651032e-05,-9.170514593374267363e-05,-8.761466082216342005e-05,-8.351051792467416844e-05,-7.943981372545299592e-05,-7.537252745207666715e-05,-7.096870346014954938e-05,-6.567132374560365085e-05,-5.818686386328972770e-05,-4.708277747616821746e-05,-2.964970281152973122e-05,-4.282860568665948533e-06,3.118441676621706913e-05,7.328421496233537879e-05,1.143317428830138260e-04,1.311599452848530474e-04
0.000000000000000000e+00,0.000000000000000000e+00,0.000000000000000000e+00,0.000000000000000000e+00,0.000000000000000000e+00,0.000000000000000000e+00,0.000000000000000000e+00,0.000000000000000000e+00,0.000000000000000000e+00,0.000000000000000000e+00,0.000000000000000000e+00,0.000000000000000000e+00,0.000000000000000000e+00,0.000000000000000000e+00,0.000000000000000000e+00,0.000000000000000000e+00,0.000000000000000000e+00,0.000000000000000000e+00,0.000000000000000000e+00,0.000000000000000000e+00,0.000000000000000000e+00,0.000000000000000000e+00,0.000000000000000000e+00,0.000000000000000000e+00,0.000000000000000000e+00,0.000000000000000000e+00,0.000000000000000000e+00,0.000000000000000000e+00,0.000000000000000000e+00,0.000000000000000000e+00,0.000000000000000000e+00,0.000000000000000000e+00,0.000000000000000000e+00,0.000000000000000000e+00,0.000000000000000000e+00,0.000000000000000000e+00,0.000000000000000000e+00,0.000000000000000000e+00,0.000000000000000000e+00,0.000000000000000000e+00,0.000000000000000000e+00,0.000000000000000000e+00,0.000000000000000000e+00,0.000000000000000000e+00,0.000000000000000000e+00,0.000000000000000000e+00,0.000000000000000000e+00,0.000000000000000000e+00,0.000000000000000000e+00,0.000000000000000000e+00,0.000000000000000000e+00,0.000000000000000000e+00,0.000000000000000000e+00,0.000000000000000000e+00,0.000000000000000000e+00,0.000000000000000000e+00,0.000000000000000000e+00,0.000000000000000000e+00,0.000000000000000000e+00,0.000000000000000000e+00,0.000000000000000000e+00,0.000000000000000000e+00,0.000000000000000000e+00,0.000000000000000000e+00,0.000000000000000000e+00,0.000000000000000000e+00,0.000000000000000000e+00,0.000000000000000000e+00,0.000000000000000000e+00,0.000000000000000000e+00,0.000000000000000000e+00,0.000000000000000000e+00,0.000000000000000000e+00,0.000000000000000000e+00,0.000000000000000000e+00,0.000000000000000000e+00,0.000000000000000000e+00,0.000000000000000000e+00,0.000000000000000000e+00,0.000000000000000000e+00,0.000000000000000000e+00,0.000000000000000000e+00,0.000000000000000000e+00,0.000000000000000000e+00,0.000000000000000000e+00,0.000000000000000000e+00,0.000000000000000000e+00,0.000000000000000000e+00,0.000000000000000000e+00,0.000000000000000000e+00,0.000000000000000000e+00,0.000000000000000000e+00,0.000000000000000000e+00,0.000000000000000000e+00,0.000000000000000000e+00,0.000000000000000000e+00,0.000000000000000000e+00,0.000000000000000000e+00,0.000000000000000000e+00,0.000000000000000000e+00,0.000000000000000000e+00,0.000000000000000000e+00,0.000000000000000000e+00,0.000000000000000000e+00,0.000000000000000000e+00,0.000000000000000000e+00,0.000000000000000000e+00,0.000000000000000000e+00,0.000000000000000000e+00,0.000000000000000000e+00,0.000000000000000000e+00,0.000000000000000000e+00,0.000000000000000000e+00,0.000000000000000000e+00,0.000000000000000000e+00,0.000000000000000000e+00,0.000000000000000000e+00,0.000000000000000000e+00,0.000000000000000000e+00,0.000000000000000000e+00,0.000000000000000000e+00,0.000000000000000000e+00,0.000000000000000000e+00,0.000000000000000000e+00,0.000000000000000000e+00,0.000000000000000000e+00,0.000000000000000000e+00,0.000000000000000000e+00,0.000000000000000000e+00,0.000000000000000000e+00,0.000000000000000000e+00,0.000000000000000000e+00,0.000000000000000000e+00,0.000000000000000000e+00,0.000000000000000000e+00,0.000000000000000000e+00,0.000000000000000000e+00,0.000000000000000000e+00,0.000000000000000000e+00,0.000000000000000000e+00,0.000000000000000000e+00,0.000000000000000000e+00,0.000000000000000000e+00,0.000000000000000000e+00,0.000000000000000000e+00,0.000000000000000000e+00,0.000000000000000000e+00,0.000000000000000000e+00,0.000000000000000000e+00,0.000000000000000000e+00,-1.302805713490996569e-04,-1.256589272774340184e-04,-9.736435582735058765e-05,-6.287147485861849271e-05,-3.596473785352407849e-05,-1.603216725098356195e-05,-3.628534370606517119e-06,2.483798519998386374e-06,4.297959911099851766e-06,3.321359475278397427e-06,7.363591807000673318e-07,-2.643286491624383538e-06,-6.303696173195900808e-06,-9.946590555605708522e-06,-1.340000078393612515e-05,-1.658171796053396356e-05,-1.945276959362688955e-05,-2.200369645263607703e-05,-2.423689717053144932e-05,-2.616390815944658369e-05,-2.780076634383188996e-05,-2.916879752693940598e-05,-3.029366794395534012e-05,-3.120528365923006024e-05,-3.193632630933093572e-05,-3.252056308283136590e-05,-3.299067230019934479e-05,-3.337621155034705783e-05,-3.370188231088026246e-05,-3.398636477339749180e-05,-3.424177922722313795e-05,-3.447378647243449340e-05,-3.468223519276959500e-05,-3.486223077991231682e-05,-3.500547223376405004e-05,-3.510171186498477360e-05,-3.514021149094661461e-05,-3.511110041768889710e-05,-3.500657213924891780e-05,-3.482188481503079806e-05,-3.455615002889458030e-05,-3.421290428217271248e-05,-3.380045843218731390e-05,-3.333201516031268082e-05,-3.282553689729041850e-05,-3.230334265742703547e-05,-3.179141530381373985e-05,-3.131841732762399703e-05,-3.091444240406647438e-05,-3.060957159123297466e-05,-3.043234403377789553e-05,-3.040827740425115848e-05,-3.055856634729799885e-05,-3.089905708595364346e-05,-3.143959113596831557e-05,-3.218376335034150792e-05,-3.312908819954654401e-05,-3.426751873655668225e-05,-3.558622817969737381e-05,-3.706854688890225179e-05,-3.869495089779493170e-05,-4.044401623475734107e-05,-4.229328090677572844e-05,-4.421998704960425981e-05,-4.620170437231170508e-05,-4.821685928142239747e-05,-5.024520945446734477e-05,-5.226831045371449551e-05,-5.427001877084519632e-05,-5.623706550053335254e-05,-5.815971748623815682e-05,-6.003252034957661594e-05,-6.185509201346012080e-05,-6.363290896626968760e-05,-6.537800294531601172e-05,-6.710946615985332372e-05,-6.885365116445406276e-05,-7.064395001993512349e-05,-7.252004832038075419e-05,-7.452657476870188258e-05,-7.671110633626378715e-05,-7.912154198784130234e-05,-8.180292164507876429e-05,-8.479383743389149125e-05,-8.812265482805096257e-05,-9.180382440684383197e-05,-9.583461113270394949e-05,-1.001925879591733650e-04,-1.048342252961852921e-04,-1.096948516090904267e-04,-1.146901617223131277e-04,-1.197193136354559006e-04,-1.246694943546406331e-04,-1.294216702991129336e-04,-1.338570924235208521e-04,-1.378640250771045843e-04,-1.413441300099494281e-04,-1.442179719099814827e-04,-1.464292144723576832e-04,-1.479472282033014144e-04,-1.487680052418702205e-04,-1.489134425555554368e-04,-1.484291879311139739e-04,-1.473813292687944714e-04,-1.458522454090676863e-04,-1.439359354620720999e-04,-1.417331181878048185e-04,-1.393463579949243039e-04,-1.368754394831958544e-04,-1.344131816405884773e-04,-1.320418540606951635e-04,-1.298303262851380094e-04,-1.278320438454480837e-04,-1.260838788398979421e-04,-1.246058516277445249e-04,-1.234016664672860422e-04,-1.224599559898119719e-04,-1.217560882589863869e-04,-1.212543671586784077e-04,-1.209104405160028184e-04,-1.206737423071161942e-04,-1.204897954523064451e-04,-1.203022533840817434e-04,-1.200545494096951605e-04,-1.196911472822306311e-04,-1.191583207959934205e-04,-1.184047072470718339e-04,-1.173816132597305475e-04,-1.160438629959214559e-04,-1.143509711365133159e-04,-1.122704653584514611e-04,-1.097816716062405490e-04,-1.068836979466726783e-04,-1.036003129045470376e-04,-9.999033674668012482e-05,-9.613992367964210015e-05,-9.216284067961912887e-05,-8.814298346055874202e-05,-8.410863338785669145e-05,-7.986280994183971374e-05,-7.496463639643816080e-05,-6.837886021039902076e-05,-5.868997169845463659e-05,-4.353455973023639009e-05,-2.077444514635589759e-05,1.202995818357237536e-05,5.417493890584737715e-05,1.016598825067339062e-04,1.403266766580293294e-04,1.443874487483125962e-04
0.000000000000000000e+00,0.000000000000000000e+00,0.000000000000000000e+00,0.000000000000000000e+00,0.000000000000000000e+00,0.000000000000000000e+00,0.000000000000000000e+00,0.000000000000000000e+00,0.000000000000000000e+00,0.000000000000000000e+00,0.000000000000000000e+00,0.000000000000000000e+00,0.000000000000000000e+00,0.000000000000000000e+00,0.000000000000000000e+00,0.000000000000000000e+00,0.000000000000000000e+00,0.000000000000000000e+00,0.000000000000000000e+00,0.000000000000000000e+00,0.000000000000000000e+00,0.000000000000000000e+00,0.000000000000000000e+00,0.000000000000000000e+00,0.000000000000000000e+00,0.000000000000000000e+00,0.000000000000000000e+00,0.000000000000000000e+00,0.000000000000000000e+00,0.000000000000000000e+00,0.000000000000000000e+00,0.000000000000000000e+00,0.000000000000000000e+00,0.000000000000000000e+00,0.000000000000000000e+00,0.000000000000000000e+00,0.000000000000000000e+00,0.000000000000000000e+00,0.000000000000000000e+00,0.000000000000000000e+00,0.000000000000000000e+00,0.000000000000000000e+00,0.000000000000000000e+00,0.000000000000000000e+00,0.000000000000000000e+00,0.000000000000000000e+00,0.000000000000000000e+00,0.000000000000000000e+00,0.000000000000000000e+00,0.000000000000000000e+00,0.000000000000000000e+00,0.000000000000000000e+00,0.000000000000000000e+00,0.000000000000000000e+00,0.000000000000000000e+00,0.000000000000000000e+00,0.000000000000000000e+00,0.000000000000000000e+00,0.000000000000000000e+00,0.000000000000000000e+00,0.000000000000000000e+00,0.000000000000000000e+00,0.000000000000000000e+00,0.000000000000000000e+00,0.000000000000000000e+00,0.000000000000000000e+00,0.000000000000000000e+00,0.000000000000000000e+00,0.000000000000000000e+00,0.000000000000000000e+00,0.000000000000000000e+00,0.000000000000000000e+00,0.000000000000000000e+00,0.000000000000000000e+00,0.000000000000000000e+00,0.000000000000000000e+00,0.000000000000000000e+00,0.000000000000000000e+00,0.000000000000000000e+00,0.000000000000000000e+00,0.000000000000000000e+00,0.000000000000000000e+00,0.000000000000000000e+00,0.000000000000000000e+00,0.000000000000000000e+00,0.000000000000000000e+00,0.000000000000000000e+00,0.000000000000000000e+00,0.000000000000000000e+00,0.000000000000000000e+00,0.000000000000000000e+00,0.000000000000000000e+00,0.000000000000000000e+00,0.000000000000000000e+00,0.000000000000000000e+00,0.000000000000000000e+00,0.000000000000000000e+00,0.000000000000000000e+00,0.000000000000000000e+00,0.000000000000000000e+00,0.000000000000000000e+00,0.000000000000000000e+00,0.000000000000000000e+00,0.000000000000000000e+00,0.000000000000000000e+00,0.000000000000000000e+00,0.000000000000000000e+00,0.000000000000000000e+00,0.000000000000000000e+00,0.000000000000000000e+00,0.000000000000000000e+00,0.000000000000000000e+00,0.000000000000000000e+00,0.000000000000000000e+00,0.000000000000000000e+00,0.000000000000000000e+00,0.000000000000000000e+00,0.000000000000000000e+00,0.000000000000000000e+00,0.000000000000000000e+00,0.000000000000000000e+00,0.000000000000000000e+00,0.000000000000000000e+00,0.000000000000000000e+00,0.000000000000000000e+00,0.000000000000000000e+00,0.000000000000000000e+00,0.000000000000000000e+00,0.000000000000000000e+00,0.000000000000000000e+00,0.000000000000000000e+00,0.000000000000000000e+00,0.000000000000000000e+00,0.000000000000000000e+00,0.000000000000000000e+00,0.000000000000000000e+00,0.000000000000000000e+00,0.000000000000000000e+00,0.000000000000000000e+00,0.000000000000000000e+00,0.000000000000000000e+00,0.000000000000000000e+00,0.000000000000000000e+00,0.000000000000000000e+00,0.000000000000000000e+00,0.000000000000000000e+00,0.000000000000000000e+00,0.000000000000000000e+00,0.000000000000000000e+00,0.000000000000000000e+00,0.000000000000000000e+00,-1.378321365623883280e-04,-1.126780228425304059e-04,-8.522952995499174882e-05,-5.431480504491904908e-05,-2.858136169690593607e-05,-1.098802189316247128e-05,-1.933780373513733819e-07,5.012042363706212107e-06,6.189903703135614427e-06,4.765327344025200940e-06,1.807174872487810450e-06,-1.936568129346734338e-06,-5.950047237875667672e-06,-9.921535032046426537e-06,-1.366073665384279376e-05,-1.707152060010824247e-05,-2.010853755798299149e-05,-2.276205615076279097e-05,-2.503941796562926181e-05,-2.696019978171622456e-05,-2.855089424059412327e-05,-2.984401016328449102e-05,-3.087639914441284129e-05,-3.168802167074166346e-05,-3.231996762092088194e-05,-3.281231716423261142e-05,-3.320190714185212370e-05,-3.352039726223946610e-05,-3.379282999482662920e-05,-3.403684433829244285e-05,-3.426257014984532322e-05,-3.447315299945490243e-05,-3.466578681084601693e-05,-3.483309912984194564e-05,-3.496472470790731792e-05,-3.504891897550202614e-05,-3.507409264825764008e-05,-3.503018416628949299e-05,-3.490982091952103461e-05,-3.470924669851749251e-05,-3.442900988922476609e-05,-3.407441318335508330e-05,-3.365572382700317261e-05,-3.318813687351117694e-05,-3.269147752523936473e-05,-3.218962795823804767e-05,-3.170967311050308326e-05,-3.128078223746569135e-05,-3.093287607535566706e-05,-3.069516643853039431e-05,-3.059468262561944058e-05,-3.065490521997471784e-05,-3.089461600364331001e-05,-3.132706097275097748e-05,-3.195948940342114664e-05,-3.279308682675617572e-05,-3.382327423974060119e-05,-3.504030623650814685e-05,-3.643007634466374024e-05,-3.797502998300469407e-05,-3.965509428426325703e-05,-4.144855460839661594e-05,-4.333283506757126254e-05,-4.528516938084302818e-05,-4.728317453308205942e-05,-4.930535995215994626e-05,-5.133161707790193334e-05,-5.334373752060516213e-05,-5.532600224423619458e-05,-5.726587026805862756e-05,-5.915477436704868379e-05,-6.098900524311658442e-05,-6.277063677142655956e-05,-6.450841615603544017e-05,-6.621851705429741689e-05,-6.792503435350259776e-05,-6.966008938302178401e-05,-7.146341697871437786e-05,-7.338132318980801277e-05,-7.546493605110584290e-05,-7.776772172827412530e-05,-8.034230304631117376e-05,-8.323669335471542592e-05,-8.649014029028085065e-05,-9.012885335824438076e-05,-9.416195665988211227e-05,-9.857805247479825995e-05,-1.033427918229175784e-04,-1.083978152569791661e-04,-1.136613457662772719e-04,-1.190305867099077797e-04,-1.243859101975796559e-04,-1.295966328067713091e-04,-1.345279907588817366e-04,-1.390487739805198802e-04,-1.430389843037075054e-04,-1.463968657868178072e-04,-1.490447199518329913e-04,-1.509330554614225772e-04,-1.520428066327688722e-04,-1.523855564986430645e-04,-1.520018859561037244e-04,-1.509581162456045597e-04,-1.493418048761649766e-04,-1.472563952068817476e-04,-1.448154169227497303e-04,-1.421366029359552954e-04,-1.393362414848410167e-04,-1.365240300774867076e-04,-1.337986448785847724e-04,-1.312441859175228378e-04,-1.289276034851153491e-04,-1.268971541140569940e-04,-1.251818753707759535e-04,-1.237920121567371884e-04,-1.227202742371170008e-04,-1.219437651358384981e-04,-1.214263903250087503e-04,-1.211215451787039200e-04,-1.209748734706658161e-04,-1.209269192479646004e-04,-1.209154905259436793e-04,-1.208776432467641913e-04,-1.207511604962654170e-04,-1.204756273386588727e-04,-1.199930561098971524e-04,-1.192485872750793094e-04,-1.181912259276796074e-04,-1.167759637176497421e-04,-1.149665799532115907e-04,-1.127418306241963469e-04,-1.101010516836634610e-04,-1.070744276434299706e-04,-1.037236443742459201e-04,-1.001461927054480883e-04,-9.644290474202712874e-05,-9.269290553615857600e-05,-8.883427725464226941e-05,-8.460057406946118073e-05,-7.926178853074849454e-05,-7.163006728677398884e-05,-5.969380291138503511e-05,-4.113030154727509311e-05,-1.313905926459110252e-05,2.561824192196852598e-05,7.432450391245673993e-05,1.255658179954164462e-04,1.631464192925096205e-04,1.553591698993366118e-04
0.000000000000000000e+00,0.000000000000000000e+00,0.000000000000000000e+00,0.000000000000000000e+00,0.000000000000000000e+00,0.000000000000000000e+00,0.000000000000000000e+00,0.000000000000000000e+00,0.000000000000000000e+00,0.000000000000000000e+00,0.000000000000000000e+00,0.000000000000000000e+00,0.000000000000000000e+00,0.000000000000000000e+00,0.000000000000000000e+00,0.000000000000000000e+00,0.000000000000000000e+00,0.000000000000000000e+00,0.000000000000000000e+00,0.000000000000000000e+00,0.000000000000000000e+00,0.000000000000000000e+00,0.000000000000000000e+00,0.000000000000000000e+00,0.000000000000000000e+00,0.000000000000000000e+00,0.000000000000000000e+00,0.000000000000000000e+00,0.000000000000000000e+00,0.000000000000000000e+00,0.000000000000000000e+00,0.000000000000000000e+00,0.000000000000000000e+00,0.000000000000000000e+00,0.000000000000000000e+00,0.000000000000000000e+00,0.000000000000000000e+00,0.000000000000000000e+00,0.000000000000000000e+00,0.000000000000000000e+00,0.000000000000000000e+00,0.000000000000000000e+00,0.000000000000000000e+00,0.000000000000000000e+00,0.000000000000000000e+00,0.000000000000000000e+00,0.000000000000000000e+00,0.000000000000000000e+00,0.000000000000000000e+00,0.000000000000000000e+00,0.000000000000000000e+00,0.000000000000000000e+00,0.000000000000000000e+00,0.000000000000000000e+00,0.000000000000000000e+00,0.000000000000000000e+00,0.000000000000000000e+00,0.000000000000000000e+00,0.000000000000000000e+00,0.000000000000000000e+00,0.000000000000000000e+00,0.000000000000000000e+00,0.000000000000000000e+00,0.000000000000000000e+00,0.000000000000000000e+00,0.000000000000000000e+00,0.000000000000000000e+00,0.000000000000000000e+00,0.000000000000000000e+00,0.000000000000000000e+00,0.000000000000000000e+00,0.000000000000000000e+00,0.000000000000000000e+00,0.000000000000000000e+00,0.000000000000000000e+00,0.000000000000000000e+00,0.000000000000000000e+00,0.000000000000000000e+00,0.000000000000000000e+00,0.000000000000000000e+00,0.000000000000000000e+00,0.000000000000000000e+00,0.000000000000000000e+00,0.000000000000000000e+00,0.000000000000000000e+00,0.000000000000000000e+00,0.000000000000000000e+00,0.000000000000000000e+00,0.000000000000000000e+00,0.000000000000000000e+00,0.000000000000000000e+00,0.000000000000000000e+00,0.000000000000000000e+00,0.000000000000000000e+00,0.000000000000000000e+00,0.000000000000000000e+00,0.000000000000000000e+00,0.000000000000000000e+00,0.000000000000000000e+00,0.000000000000000000e+00,0.000000000000000000e+00,0.000000000000000000e+00,0.000000000000000000e+00,0.000000000000000000e+00,0.000000000000000000e+00,0.000000000000000000e+00,0.000000000000000000e+00,0.000000000000000000e+00,0.000000000000000000e+00,0.000000000000000000e+00,0.000000000000000000e+00,0.000000000000000000e+00,0.000000000000000000e+00,0.000000000000000000e+00,0.000000000000000000e+00,0.000000000000000000e+00,0.000000000000000000e+00,0.000000000000000000e+00,0.000000000000000000e+00,0.000000000000000000e+00,0.000000000000000000e+00,0.000000000000000000e+00,0.000000000000000000e+00,0.000000000000000000e+00,0.000000000000000000e+00,0.000000000000000000e+00,0.000000000000000000e+00,0.000000000000000000e+00,0.000000000000000000e+00,0.000000000000000000e+00,0.000000000000000000e+00,0.000000000000000000e+00,0.000000000000000000e+00,0.000000000000000000e+00,0.000000000000000000e+00,0.000000000000000000e+00,0.000000000000000000e+00,0.000000000000000000e+00,0.000000000000000000e+00,0.000000000000000000e+00,0.000000000000000000e+00,0.000000000000000000e+00,0.000000000000000000e+00,0.000000000000000000e+00,0.000000000000000000e+00,0.000000000000000000e+00,0.000000000000000000e+00,0.000000000000000000e+00,0.000000000000000000e+00,0.000000000000000000e+00,0.000000000000000000e+00,-1.284764274388622805e-04,-1.306182461183653682e-04,-1.067709914186732681e-04,-7.360398735422436041e-05,-4.526884828723838692e-05,-2.229506963352239027e-05,-6.381565859249968689e-06,2.954218169514243200e-06,7.211981317415371018e-06,7.786370881998313283e-06,5.892713215796992470e-06,2.538883432091372398e-06,-1.565022656258093342e-06,-5.907308288468336122e-06,-1.016542958935043255e-05,-1.413906514517976745e-05,-1.772519537987594769e-05,-2.087681169065718365e-05,-2.358619698554200451e-05,-2.586708597944528535e-05,-2.774782919182016021e-05,-2.926579837913841658e-05,-3.046476597615224520e-05,-3.139241031545404498e-05,-3.209803030907527383e-05,-3.263008354112494313e-05,-3.303375756066077526e-05,-3.334878430350485224e-05,-3.360773173008712477e-05,-3.383494173346775268e-05,-3.404618681410114764e-05,-3.424902496156598703e-05,-3.444375095590999344e-05,-3.462479133259763382e-05,-3.478236769870218141e-05,-3.490425982432134955e-05,-3.497752465695409937e-05,-3.499006477373025909e-05,-3.493197756881237260e-05,-3.479665066695222645e-05,-3.458159290096232122e-05,-3.428900373692827765e-05,-3.392608708899677404e-05,-3.350511157977254000e-05,-3.304321289075296127e-05,-3.256192983039770474e-05,-3.208646973909507161e-05,-3.164471337303432065e-05,-3.126599522578265092e-05,-3.097972640828054166e-05,-3.081395490760079124e-05,-3.079397235036321887e-05,-3.094107584092190867e-05,-3.127158535209676924e-05,-3.179619164095542937e-05,-3.251967312418842590e-05,-3.344097775116737536e-05,-3.455362628727670448e-05,-3.584636303144765840e-05,-3.730396410845941333e-05,-3.890811285492159604e-05,-4.063826468384904305e-05,-4.247244627085155404e-05,-4.438796099235429695e-05,-4.636200000972084246e-05,-4.837218193417818255e-05,-5.039706124892528256e-05,-5.241665428141614264e-05,-5.441303117896194145e-05,-5.637101258045719687e-05,-5.827899178270458039e-05,-6.012987816542027778e-05,-6.192212804996499417e-05,-6.366079720186570230e-05,-6.535851844910908997e-05,-6.703628139774650779e-05,-6.872387308368852951e-05,-7.045983170184615769e-05,-7.229077391837610846e-05,-7.426998164406325336e-05,-7.645517818853613662e-05,-7.890548565376563378e-05,-8.167763328295251041e-05,-8.482157515859697124e-05,-8.837576822259794198e-05,-9.236244793988092837e-05,-9.678330759275558567e-05,-1.016160250592862136e-04,-1.068120762090867909e-04,-1.122962173040160054e-04,-1.179679067140813301e-04,-1.237047730016987090e-04,-1.293680361785441680e-04,-1.348095746441589746e-04,-1.398801321002272641e-04,-1.444380079643870591e-04,-1.483574984127692840e-04,-1.515363682896784516e-04,-1.539017364332344242e-04,-1.554139313258867693e-04,-1.560680908885564303e-04,-1.558935042966458036e-04,-1.549508925658938882e-04,-1.533279753153966461e-04,-1.511337636491705012e-04,-1.484920556085478913e-04,-1.455346016813895593e-04,-1.423943672070348860e-04,-1.391992588883413269e-04,-1.360666133568558191e-04,-1.330986719231795363e-04,-1.303791903443118926e-04,-1.279712564412555445e-04,-1.259163149539108844e-04,-1.242343287927112952e-04,-1.229249462479513908e-04,-1.219694921585380961e-04,-1.213335709398305408e-04,-1.209700443159561668e-04,-1.208221563142705175e-04,-1.208265711953005156e-04,-1.209161502327723545e-04,-1.210222797128534595e-04,-1.210767185454286195e-04,-1.210128652393016330e-04,-1.207667350875583846e-04,-1.202776538476585524e-04,-1.194896123280293938e-04,-1.183531183521634205e-04,-1.168295469980666222e-04,-1.148961634789979228e-04,-1.125552831541639162e-04,-1.098395270350546396e-04,-1.068198635099509706e-04,-1.035919619223974397e-04,-1.002607583113450786e-04,-9.686273906555237798e-05,-9.329713576617966865e-05,-8.913018692220836569e-05,-8.350298852005781658e-05,-7.483844112524798745e-05,-6.098020235811766438e-05,-3.906933740966403245e-05,-6.576438530835630242e-06,3.801108429266661614e-05,9.227353940154739691e-05,1.475681596954325173e-04,1.837260769640458905e-04,1.655362775674163801e-04
0.000000000000000000e+00,0.000000000000000000e+00,0.000000000000000000e+00,0.000000000000000000e+00,0.000000000000000000e+00,0.000000000000000000e+00,0.000000000000000000e+00,0.000000000000000000e+00,0.000000000000000000e+00,0.000000000000000000e+00,0.000000000000000000e+00,0.000000000000000000e+00,0.000000000000000000e+00,0.000000000000000000e+00,0.000000000000000000e+00,0.000000000000000000e+00,0.000000000000000000e+00,0.000000000000000000e+00,0.000000000000000000e+00,0.000000000000000000e+00,0.000000000000000000e+00,0.000000000000000000e+00,0.000000000000000000e+00,0.000000000000000000e+00,0.000000000000000000e+00,0.000000000000000000e+00,0.000000000000000000e+00,0.000000000000000000e+00,0.000000000000000000e+00,0.000000000000000000e+00,0.000000000000000000e+00,0.000000000000000000e+00,0.000000000000000000e+00,0.000000000000000000e+00,0.000000000000000000e+00,0.000000000000000000e+00,0.000000000000000000e+00,0.000000000000000000e+00,0.000000000000000000e+00,0.000000000000000000e+00,0.000000000000000000e+00,0.000000000000000000e+00,0.000000000000000000e+00,0.000000000000000000e+00,0.000000000000000000e+00,0.000000000000000000e+00,0.000000000000000000e+00,0.000000000000000000e+00,0.000000000000000000e+00,0.000000000000000000e+00,0.000000000000000000e+00,0.000000000000000000e+00,0.000000000000000000e+00,0.000000000000000000e+00,0.000000000000000000e+00,0.000000000000000000e+00,0.000000000000000000e+00,0.000000000000000000e+00,0.000000000000000000e+00,0.000000000000000000e+00,0.000000000000000000e+00,0.000000000000000000e+00,0.000000000000000000e+00,0.000000000000000000e+00,0.000000000000000000e+00,0.000000000000000000e+00,0.000000000000000000e+00,0.000000000000000000e+00,0.000000000000000000e+00,0.000000000000000000e+00,0.000000000000000000e+00,0.000000000000000000e+00,0.000000000000000000e+00,0.000000000000000000e+00,0.000000000000000000e+00,0.000000000000000000e+00,0.000000000000000000e+00,0.000000000000000000e+00,0.000000000000000000e+00,0.000000000000000000e+00,0.000000000000000000e+00,0.000000000000000000e+00,0.000000000000000000e+00,0.000000000000000000e+00,0.000000000000000000e+00,0.000000000000000000e+00,0.000000000000000000e+00,0.000000000000000000e+00,0.000000000000000000e+00,0.000000000000000000e+00,0.000000000000000000e+00,0.000000000000000000e+00,0.000000000000000000e+00,0.000000000000000000e+00,0.000000000000000000e+00,0.000000000000000000e+00,0.000000000000000000e+00,0.000000000000000000e+00,0.000000000000000000e+00,0.000000000000000000e+00,0.000000000000000000e+00,0.000000000000000000e+00,0.000000000000000000e+00,0.000000000000000000e+00,0.000000000000000000e+00,0.000000000000000000e+00,0.000000000000000000e+00,0.000000000000000000e+00,0.000000000000000000e+00,0.000000000000000000e+00,0.000000000000000000e+00,0.000000000000000000e+00,0.000000000000000000e+00,0.000000000000000000e+00,0.000000000000000000e+00,0.000000000000000000e+00,0.000000000000000000e+00,0.000000000000000000e+00,0.000000000000000000e+00,0.000000000000000000e+00,0.000000000000000000e+00,0.000000000000000000e+00,0.000000000000000000e+00,0.000000000000000000e+00,0.000000000000000000e+00,0.000000000000000000e+00,0.000000000000000000e+00,0.000000000000000000e+00,0.000000000000000000e+00,0.000000000000000000e+00,0.000000000000000000e+00,0.000000000000000000e+00,0.000000000000000000e+00,0.000000000000000000e+00,0.000000000000000000e+00,0.000000000000000000e+00,0.000000000000000000e+00,0.000000000000000000e+00,0.000000000000000000e+00,0.000000000000000000e+00,0.000000000000000000e+00,0.000000000000000000e+00,0.000000000000000000e+00,0.000000000000000000e+00,0.000000000000000000e+00,0.000000000000000000e+00,0.000000000000000000e+00,0.000000000000000000e+00,0.000000000000000000e+00,0.000000000000000000e+00,0.000000000000000000e+00,0.000000000000000000e+00,-1.379138070232984001e-04,-1.187077738435199576e-04,-9.454400437160815913e-05,-6.415502849244645103e-05,-3.680461257827774427e-05,-1.627495892119275292e-05,-2.266048696774744641e-06,5.843853047015148023e-06,9.192523751470746128e-06,9.124187442838690312e-06,6.734282730343297243e-06,2.962192308133798422e-06,-1.499360386811202049e-06,-6.143898065893821168e-06,-1.064718464398207857e-05,-1.480719143942087399e-05,-1.851915820551547077e-05,-2.173823427758435979e-05,-2.446076753752839350e-05,-2.670837308579909050e-05,-2.851923779506036850e-05,-2.994207551830666440e-05,-3.103191436786889091e-05,-3.184668402484334499e-05,-3.244408362250220926e-05,-3.287873321979280960e-05,-3.319963030373083112e-05,-3.344812432770116523e-05,-3.365654252384254596e-05,-3.384757366740691591e-05,-3.403441035005007516e-05,-3.422157483793957422e-05,-3.440628287884629213e-05,-3.458016761169991439e-05,-3.473117684438621812e-05,-3.484547782995332826e-05,-3.490923626830321505e-05,-3.491017871747435509e-05,-3.483888578932972397e-05,-3.468979594058951924e-05,-3.446191993298066363e-05,-3.415927600743717059e-05,-3.379105599008866629e-05,-3.337152776614461889e-05,-3.291967426208606629e-05,-3.245856867520829594e-05,-3.201449404879691090e-05,-3.161583358762302888e-05,-3.129178344083357872e-05,-3.107096537838152216e-05,-3.098003496824985149e-05,-3.104238825707806378e-05,-3.127706696964705087e-05,-3.169794539256739742e-05,-3.231325265552260933e-05,-3.312544739041618270e-05,-3.413142308203702418e-05,-3.532298959825962511e-05,-3.668755396211018175e-05,-3.820891494994456807e-05,-3.986809094099903311e-05,-4.164411673408798881e-05,-4.351476858666919315e-05,-4.545720348255161798e-05,-4.744852418716457806e-05,-4.946630273269971820e-05,-5.148910877845143722e-05,-5.349709437586926104e-05,-5.547268211093671732e-05,-5.740138974645138186e-05,-5.927280211135073937e-05,-6.108167196305985477e-05,-6.282909811183405048e-05,-6.452369445095708562e-05,-6.618263106419883311e-05,-6.783240239243437946e-05,-6.950916138995873097e-05,-7.125845677537925404e-05,-7.313422601408089919e-05,-7.519693211598082571e-05,-7.751078839753122783e-05,-8.014009117072540354e-05,-8.314477219379871984e-05,-8.657538453905090105e-05,-9.046783785327298065e-05,-9.483829002720682935e-05,-9.967866792423930378e-05,-1.049533158642081441e-04,-1.105972441416209942e-04,-1.165163630125162536e-04,-1.225899394007485567e-04,-1.286753133338234840e-04,-1.346146785114599848e-04,-1.402434959120361728e-04,-1.453999054607929542e-04,-1.499343623316613154e-04,-1.537186764417899324e-04,-1.566536865810970762e-04,-1.586749464286583771e-04,-1.597560140781821624e-04,-1.599091840174204319e-04,-1.591837430440459940e-04,-1.576620373426622834e-04,-1.554537869336207554e-04,-1.526891691963906097e-04,-1.495112200369646811e-04,-1.460680809187772785e-04,-1.425055662474219087e-04,-1.389604503588318628e-04,-1.355547861230484358e-04,-1.323914735521729660e-04,-1.295512021726958143e-04,-1.270907975994022736e-04,-1.250429172122073760e-04,-1.234169620967282390e-04,-1.222010132012069236e-04,-1.213645504061017168e-04,-1.208616943721629926e-04,-1.206346907915023260e-04,-1.206173871308260811e-04,-1.207384444719472794e-04,-1.209241308709612268e-04,-1.211005172293795954e-04,-1.211951606366382355e-04,-1.211382377472679359e-04,-1.208637227060416837e-04,-1.203106682525597113e-04,-1.194260511983430417e-04,-1.181685982331298336e-04,-1.165161006260766923e-04,-1.144721771149212919e-04,-1.120761753501894084e-04,-1.094018944212010215e-04,-1.065531848988893930e-04,-1.036195999718548025e-04,-1.006221006585176266e-04,-9.737077513582869011e-05,-9.334374771229651477e-05,-8.743503556245122354e-05,-7.789240369576856486e-05,-6.214094771256434778e-05,-3.723875770345146639e-05,-3.313008009672599557e-07,4.950993311251356363e-05,1.093332519896466563e-04,1.682285931729002868e-04,2.035111620006298673e-04,1.751813364475720343e-04
0.000000000000000000e+00,0.000000000000000000e+00,0.000000000000000000e+00,0.000000000000000000e+00,0.000000000000000000e+00,0.000000000000000000e+00,0.000000000000000000e+00,0.000000000000000000e+00,0.000000000000000000e+00,0.000000000000000000e+00,0.000000000000000000e+00,0.000000000000000000e+00,0.000000000000000000e+00,0.000000000000000000e+00,0.000000000000000000e+00,0.000000000000000000e+00,0.000000000000000000e+00,0.000000000000000000e+00,0.000000000000000000e+00,0.000000000000000000e+00,0.000000000000000000e+00,0.000000000000000000e+00,0.000000000000000000e+00,0.000000000000000000e+00,0.000000000000000000e+00,0.000000000000000000e+00,0.000000000000000000e+00,0.000000000000000000e+00,0.000000000000000000e+00,0.000000000000000000e+00,0.000000000000000000e+00,0.000000000000000000e+00,0.000000000000000000e+00,0.000000000000000000e+00,0.000000000000000000e+00,0.000000000000000000e+00,0.000000000000000000e+00,0.000000000000000000e+00,0.000000000000000000e+00,0.000000000000000000e+00,0.000000000000000000e+00,0.000000000000000000e+00,0.000000000000000000e+00,0.000000000000000000e+00,0.000000000000000000e+00,0.000000000000000000e+00,0.000000000000000000e+00,0.000000000000000000e+00,0.000000000000000000e+00,0.000000000000000000e+00,0.000000000000000000e+00,0.000000000000000000e+00,0.000000000000000000e+00,0.000000000000000000e+00,0.000000000000000000e+00,0.000000000000000000e+00,0.000000000000000000e+00,0.000000000000000000e+00,0.000000000000000000e+00,0.000000000000000000e+00,0.000000000000000000e+00,0.000000000000000000e+00,0.000000000000000000e+00,0.000000000000000000e+00,0.000000000000000000e+00,0.000000000000000000e+00,0.000000000000000000e+00,0.000000000000000000e+00,0.000000000000000000e+00,0.000000000000000000e+00,0.000000000000000000e+00,0.000000000000000000e+00,0.000000000000000000e+00,0.000000000000000000e+00,0.000000000000000000e+00,0.000000000000000000e+00,0.000000000000000000e+00,0.000000000000000000e+00,0.000000000000000000e+00,0.000000000000000000e+00,0.000000000000000000e+00,0.000000000000000000e+00,0.000000000000000000e+00,0.000000000000000000e+00,0.000000000000000000e+00,0.000000000000000000e+00,0.000000000000000000e+00,0.000000000000000000e+00,0.000000000000000000e+00,0.000000000000000000e+00,0.000000000000000000e+00,0.000000000000000000e+00,0.000000000000000000e+00,0.000000000000000000e+00,0.000000000000000000e+00,0.000000000000000000e+00,0.000000000000000000e+00,0.000000000000000000e+00,0.000000000000000000e+00,0.000000000000000000e+00,0.000000000000000000e+00,0.000000000000000000e+00,0.000000000000000000e+00,0.000000000000000000e+00,0.000000000000000000e+00,0.000000000000000000e+00,0.000000000000000000e+00,0.000000000000000000e+00,0.000000000000000000e+00,0.000000000000000000e+00,0.000000000000000000e+00,0.000000000000000000e+00,0.000000000000000000e+00,0.000000000000000000e+00,0.000000000000000000e+00,0.000000000000000000e+00,0.000000000000000000e+00,0.000000000000000000e+00,0.000000000000000000e+00,0.000000000000000000e+00,0.000000000000000000e+00,0.000000000000000000e+00,0.000000000000000000e+00,0.000000000000000000e+00,0.000000000000000000e+00,0.000000000000000000e+00,0.000000000000000000e+00,0.000000000000000000e+00,0.000000000000000000e+00,0.000000000000000000e+00,0.000000000000000000e+00,0.000000000000000000e+00,0.000000000000000000e+00,0.000000000000000000e+00,0.000000000000000000e+00,0.000000000000000000e+00,0.000000000000000000e+00,0.000000000000000000e+00,0.000000000000000000e+00,0.000000000000000000e+00,0.000000000000000000e+00,0.000000000000000000e+00,0.000000000000000000e+00,0.000000000000000000e+00,0.000000000000000000e+00,0.000000000000000000e+00,0.000000000000000000e+00,0.000000000000000000e+00,0.000000000000000000e+00,0.000000000000000000e+00,0.000000000000000000e+00,0.000000000000000000e+00,-1.248473274588427894e-04,-1.326635739772672861e-04,-1.135369222812931169e-04,-8.286847240125404007e-05,-5.435110814105052572e-05,-2.950504532230070122e-05,-1.073805669285513034e-05,1.580319141770763784e-06,8.470150182009427204e-06,1.094662214260662933e-05,1.019989955549844303e-05,7.276124948806035669e-06,3.076126105739555699e-06,-1.728314460021167540e-06,-6.642770369025196411e-06,-1.134789073712647470e-05,-1.564700480532626336e-05,-1.943718652724256562e-05,-2.267850682078730566e-05,-2.537371380532996745e-05,-2.755388819225308846e-05,-2.926820963513523125e-05,-3.057702360366163673e-05,-3.154631640625726619e-05,-3.224341293742076460e-05,-3.273324100232755075e-05,-3.307523545334948949e-05,-3.332084003013776154e-05,-3.351175145085994318e-05,-3.367896793481825300e-05,-3.384267209299843455e-05,-3.401288189615495836e-05,-3.419074198105811325e-05,-3.437027259700032932e-05,-3.454038099957890286e-05,-3.468694508007795746e-05,-3.479481231903946628e-05,-3.484959569587905607e-05,-3.483919342194760356e-05,-3.475499637950850163e-05,-3.459277664734587140e-05,-3.435326689600684953e-05,-3.404244699307322182e-05,-3.367155235038507875e-05,-3.325681373887248997e-05,-3.281893520068698177e-05,-3.238231977834893810e-05,-3.197406449093796271e-05,-3.162276505566315209e-05,-3.135719311581565454e-05,-3.120492795741543207e-05,-3.119103660921382262e-05,-3.133689877826429651e-05,-3.165926328622934208e-05,-3.216960086292122310e-05,-3.287378709843528582e-05,-3.377211395034117531e-05,-3.485959457367111993e-05,-3.612649982515407036e-05,-3.755904969711127816e-05,-3.914018039986591821e-05,-4.085031739235520624e-05,-4.266810332553687310e-05,-4.457105437654898972e-05,-4.653614425606246137e-05,-4.854033899006434430e-05,-5.056112363905846324e-05,-5.257707262931851557e-05,-5.456851624592874006e-05,-5.651834710903743238e-05,-5.841299182483893575e-05,-6.024354624444305556e-05,-6.200703926394747164e-05,-6.370775323759656850e-05,-6.535849171939899698e-05,-6.698165202795512111e-05,-6.860993485891238937e-05,-7.028651088067336156e-05,-7.206446857412341083e-05,-7.400539247757876422e-05,-7.617696814341962379e-05,-7.864958036236353942e-05,-8.149196202034187004e-05,-8.476605784342049112e-05,-8.852138153230346010e-05,-9.278925530650633231e-05,-9.757741284956317500e-05,-1.028655045183510724e-04,-1.086020513911237526e-04,-1.147033402182607523e-04,-1.210546280920747798e-04,-1.275138374304308510e-04,-1.339176832448388244e-04,-1.400899125282173841e-04,-1.458510850369783372e-04,-1.510291247141126877e-04,-1.554697553079664653e-04,-1.590459243534848605e-04,-1.616654197701008588e-04,-1.632760769330147412e-04,-1.638682286589784811e-04,-1.634743257530202483e-04,-1.621659119459516456e-04,-1.600483441684385231e-04,-1.572537904173379930e-04,-1.539331102047881170e-04,-1.502472340771196936e-04,-1.463586218142840878e-04,-1.424233076109053097e-04,-1.385839466955787931e-04,-1.349641714045980928e-04,-1.316644521437609948e-04,-1.287595474605967856e-04,-1.262975206179386934e-04,-1.243002070438523445e-04,-1.227649353579765438e-04,-1.216672494814291262e-04,-1.209643330231270896e-04,-1.205988323162462923e-04,-1.205027572912103915e-04,-1.206011987484232836e-04,-1.208155923071871715e-04,-1.210664327795663708e-04,-1.212753045169381888e-04,-1.213665172222891034e-04,-1.212684199331577915e-04,-1.209153978907778244e-04,-1.202505686228632411e-04,-1.192310879058354944e-04,-1.178344354972672058e-04,-1.160681497362697030e-04,-1.139752041611184638e-04,-1.116380718934726111e-04,-1.091590241914436375e-04,-1.066267078351521372e-04,-1.040211108925422859e-04,-1.011028299248038428e-04,-9.720321712709622088e-05,-9.107297190412362619e-05,-8.065414294211799859e-05,-6.317605770793998190e-05,-3.533368065617537935e-05,5.668003361405799510e-06,6.069685624868355854e-05,1.257232255633265641e-04,1.883560403590545421e-04,2.226909663760741581e-04,1.846654261773684688e-04
0.000000000000000000e+00,0.000000000000000000e+00,0.000000000000000000e+00,0.000000000000000000e+00,0.000000000000000000e+00,0.000000000000000000e+00,0.000000000000000000e+00,0.000000000000000000e+00,0.000000000000000000e+00,0.000000000000000000e+00,0.000000000000000000e+00,0.000000000000000000e+00,0.000000000000000000e+00,0.000000000000000000e+00,0.000000000000000000e+00,0.000000000000000000e+00,0.000000000000000000e+00,0.000000000000000000e+00,0.000000000000000000e+00,0.000000000000000000e+00,0.000000000000000000e+00,0.000000000000000000e+00,0.000000000000000000e+00,0.000000000000000000e+00,0.000000000000000000e+00,0.000000000000000000e+00,0.000000000000000000e+00,0.000000000000000000e+00,0.000000000000000000e+00,0.000000000000000000e+00,0.000000000000000000e+00,0.000000000000000000e+00,0.000000000000000000e+00,0.000000000000000000e+00,0.000000000000000000e+00,0.000000000000000000e+00,0.000000000000000000e+00,0.000000000000000000e+00,0.000000000000000000e+00,0.000000000000000000e+00,0.000000000000000000e+00,0.000000000000000000e+00,0.000000000000000000e+00,0.000000000000000000e+00,0.000000000000000000e+00,0.000000000000000000e+00,0.000000000000000000e+00,0.000000000000000000e+00,0.000000000000000000e+00,0.000000000000000000e+00,0.000000000000000000e+00,0.000000000000000000e+00,0.000000000000000000e+00,0.000000000000000000e+00,0.000000000000000000e+00,0.000000000000000000e+00,0.000000000000000000e+00,0.000000000000000000e+00,0.000000000000000000e+00,0.000000000000000000e+00,0.000000000000000000e+00,0.000000000000000000e+00,0.000000000000000000e+00,0.000000000000000000e+00,0.000000000000000000e+00,0.000000000000000000e+00,0.000000000000000000e+00,0.000000000000000000e+00,0.000000000000000000e+00,0.000000000000000000e+00,0.000000000000000000e+00,0.000000000000000000e+00,0.000000000000000000e+00,0.000000000000000000e+00,0.000000000000000000e+00,0.000000000000000000e+00,0.000000000000000000e+00,0.000000000000000000e+00,0.000000000000000000e+00,0.000000000000000000e+00,0.000000000000000000e+00,0.000000000000000000e+00,0.000000000000000000e+00,0.000000000000000000e+00,0.000000000000000000e+00,0.000000000000000000e+00,0.000000000000000000e+00,0.000000000000000000e+00,0.000000000000000000e+00,0.000000000000000000e+00,0.000000000000000000e+00,0.000000000000000000e+00,0.000000000000000000e+00,0.000000000000000000e+00,0.000000000000000000e+00,0.000000000000000000e+00,0.000000000000000000e+00,0.000000000000000000e+00,0.000000000000000000e+00,0.000000000000000000e+00,0.000000000000000000e+00,0.000000000000000000e+00,0.000000000000000000e+00,0.000000000000000000e+00,0.000000000000000000e+00,0.000000000000000000e+00,0.000000000000000000e+00,0.000000000000000000e+00,0.000000000000000000e+00,0.000000000000000000e+00,0.000000000000000000e+00,0.000000000000000000e+00,0.000000000000000000e+00,0.000000000000000000e+00,0.000000000000000000e+00,0.000000000000000000e+00,0.000000000000000000e+00,0.000000000000000000e+00,0.000000000000000000e+00,0.000000000000000000e+00,0.000000000000000000e+00,0.000000000000000000e+00,0.000000000000000000e+00,0.000000000000000000e+00,0.000000000000000000e+00,0.000000000000000000e+00,0.000000000000000000e+00,0.000000000000000000e+00,0.000000000000000000e+00,0.000000000000000000e+00,0.000000000000000000e+00,0.000000000000000000e+00,0.000000000000000000e+00,0.000000000000000000e+00,0.000000000000000000e+00,0.000000000000000000e+00,0.000000000000000000e+00,0.000000000000000000e+00,0.000000000000000000e+00,0.000000000000000000e+00,0.000000000000000000e+00,0.000000000000000000e+00,0.000000000000000000e+00,0.000000000000000000e+00,0.000000000000000000e+00,0.000000000000000000e+00,0.000000000000000000e+00,0.000000000000000000e+00,0.000000000000000000e+00,0.000000000000000000e+00,0.000000000000000000e+00,0.000000000000000000e+00,0.000000000000000000e+00,-1.360372278297175335e-04,-1.226476367652749280e-04,-1.020470048785310040e-04,-7.314227152241675885e-05,-4.511225128200970375e-05,-2.253614888073487431e-05,-5.717055004302141428e-06,5.160455194721548263e-06,1.087074623193056866e-05,1.243322209406187885e-05,1.097864915919658399e-05,7.505061208345019640e-06,2.883518489871575356e-06,-2.236114014279274259e-06,-7.382348623759221374e-06,-1.224489359784057329e-05,-1.663591660851739180e-05,-2.045758720733953685e-05,-2.367732658114122670e-05,-2.630694088385885312e-05,-2.838855096263426692e-05,-2.998321578320848498e-05,-3.116287164162331055e-05,-3.200380787894045400e-05,-3.258162503210749702e-05,-3.296712157406494749e-05,-3.322310605256519116e-05,-3.340208286048597245e-05,-3.354486877805152299e-05,-3.368013473055052402e-05,-3.382482459366940831e-05,-3.398531978216242077e-05,-3.415917521153073201e-05,-3.433721520780037866e-05,-3.450578475726776375e-05,-3.464896989614503053e-05,-3.475064387142693024e-05,-3.479623877024876815e-05,-3.477418799244982314e-05,-3.467701995839987574e-05,-3.450210915734337747e-05,-3.425210337450797921e-05,-3.393504951059661079e-05,-3.356423741969600350e-05,-3.315777717938508479e-05,-3.273792439692692634e-05,-3.233017406989688753e-05,-3.196215646701184248e-05,-3.166238628698397011e-05,-3.145893433834888046e-05,-3.137810510033542058e-05,-3.144321017721846747e-05,-3.167352418494252206e-05,-3.208349461730625727e-05,-3.268225259598636704e-05,-3.347344010917394764e-05,-3.445533699016062453e-05,-3.562124226082831772e-05,-3.696004454559589561e-05,-3.845690721217505853e-05,-4.009399680410395044e-05,-4.185119638977318054e-05,-4.370676631525495650e-05,-4.563793948494428442e-05,-4.762146330370174230e-05,-4.963412181500166160e-05,-5.165328681621100799e-05,-5.365755320189237394e-05,-5.562751058414129276e-05,-5.754668953314577860e-05,-5.940269751418724906e-05,-6.118852778479167125e-05,-6.290398694593280675e-05,-6.455714628313692887e-05,-6.616568290415119767e-05,-6.775794308879791450e-05,-6.937353754358172389e-05,-7.106327083647789931e-05,-7.288822001503847967e-05,-7.491781328580068519e-05,-7.722682088244640409e-05,-7.989125602367523995e-05,-8.298329119577483779e-05,-8.656541667696415429e-05,-9.068419409630462235e-05,-9.536407339070162789e-05,-1.006018303501203081e-04,-1.063622258037360158e-04,-1.125754705020764530e-04,-1.191369901794652554e-04,-1.259098206433794808e-04,-1.327297314281144418e-04,-1.394129006458215392e-04,-1.457656764584502472e-04,-1.515957034910189391e-04,-1.567235064866225232e-04,-1.609935415609825094e-04,-1.642837634211749759e-04,-1.665129102281500762e-04,-1.676449508827223568e-04,-1.676904329231488971e-04,-1.667047680540475487e-04,-1.647837570117106931e-04,-1.620568581807239883e-04,-1.586788327100687465e-04,-1.548204535016193802e-04,-1.506589567170969768e-04,-1.463688563055268036e-04,-1.421136494611848909e-04,-1.380388258293425410e-04,-1.342664670381877104e-04,-1.308915925833690434e-04,-1.279802832879151032e-04,-1.255694966950124207e-04,-1.236683926392982810e-04,-1.222609043946263935e-04,-1.213092432409549931e-04,-1.207579812520172719e-04,-1.205383714186838984e-04,-1.205725507509632918e-04,-1.207773761224277174e-04,-1.210676384145905048e-04,-1.213586801712773864e-04,-1.215683853553113669e-04,-1.216191394417335799e-04,-1.214399581065460192e-04,-1.209702150722133639e-04,-1.201646391352785526e-04,-1.190015497865906647e-04,-1.174906123544219454e-04,-1.156815350910206792e-04,-1.136604698916320803e-04,-1.115357627985776479e-04,-1.093823776011908656e-04,-1.071594563367468005e-04,-1.045493002759404562e-04,-1.007879759673093654e-04,-9.442098137981901030e-05,-8.319619565129932808e-05,-6.401600896748206257e-05,-3.340846025080998033e-05,1.161694051240474972e-05,7.158440053748115026e-05,1.418022918081184220e-04,2.080342202425758933e-04,2.416446770171329806e-04,1.940134562325821909e-04
0.000000000000000000e+00,0.000000000000000000e+00,0.000000000000000000e+00,0.000000000000000000e+00,0.000000000000000000e+00,0.000000000000000000e+00,0.000000000000000000e+00,0.000000000000000000e+00,0.000000000000000000e+00,0.000000000000000000e+00,0.000000000000000000e+00,0.000000000000000000e+00,0.000000000000000000e+00,0.000000000000000000e+00,0.000000000000000000e+00,0.000000000000000000e+00,0.000000000000000000e+00,0.000000000000000000e+00,0.000000000000000000e+00,0.000000000000000000e+00,0.000000000000000000e+00,0.000000000000000000e+00,0.000000000000000000e+00,0.000000000000000000e+00,0.000000000000000000e+00,0.000000000000000000e+00,0.000000000000000000e+00,0.000000000000000000e+00,0.000000000000000000e+00,0.000000000000000000e+00,0.000000000000000000e+00,0.000000000000000000e+00,0.000000000000000000e+00,0.000000000000000000e+00,0.000000000000000000e+00,0.000000000000000000e+00,0.000000000000000000e+00,0.000000000000000000e+00,0.000000000000000000e+00,0.000000000000000000e+00,0.000000000000000000e+00,0.000000000000000000e+00,0.000000000000000000e+00,0.000000000000000000e+00,0.000000000000000000e+00,0.000000000000000000e+00,0.000000000000000000e+00,0.000000000000000000e+00,0.000000000000000000e+00,0.000000000000000000e+00,0.000000000000000000e+00,0.000000000000000000e+00,0.000000000000000000e+00,0.000000000000000000e+00,0.000000000000000000e+00,0.000000000000000000e+00,0.000000000000000000e+00,0.000000000000000000e+00,0.000000000000000000e+00,0.000000000000000000e+00,0.000000000000000000e+00,0.000000000000000000e+00,0.000000000000000000e+00,0.000000000000000000e+00,0.000000000000000000e+00,0.000000000000000000e+00,0.000000000000000000e+00,0.000000000000000000e+00,0.000000000000000000e+00,0.000000000000000000e+00,0.000000000000000000e+00,0.000000000000000000e+00,0.000000000000000000e+00,0.000000000000000000e+00,0.000000000000000000e+00,0.000000000000000000e+00,0.000000000000000000e+00,0.000000000000000000e+00,0.000000000000000000e+00,0.000000000000000000e+00,0.000000000000000000e+00,0.000000000000000000e+00,0.000000000000000000e+00,0.000000000000000000e+00,0.000000000000000000e+00,0.000000000000000000e+00,0.000000000000000000e+00,0.000000000000000000e+00,0.000000000000000000e+00,0.000000000000000000e+00,0.000000000000000000e+00,0.000000000000000000e+00,0.000000000000000000e+00,0.000000000000000000e+00,0.000000000000000000e+00,0.000000000000000000e+00,0.000000000000000000e+00,0.000000000000000000e+00,0.000000000000000000e+00,0.000000000000000000e+00,0.000000000000000000e+00,0.000000000000000000e+00,0.000000000000000000e+00,0.000000000000000000e+00,0.000000000000000000e+00,0.000000000000000000e+00,0.000000000000000000e+00,0.000000000000000000e+00,0.000000000000000000e+00,0.000000000000000000e+00,0.000000000000000000e+00,0.000000000000000000e+00,0.000000000000000000e+00,0.000000000000000000e+00,0.000000000000000000e+00,0.000000000000000000e+00,0.000000000000000000e+00,0.000000000000000000e+00,0.000000000000000000e+00,0.000000000000000000e+00,0.000000000000000000e+00,0.000000000000000000e+00,0.000000000000000000e+00,0.000000000000000000e+00,0.000000000000000000e+00,0.000000000000000000e+00,0.000000000000000000e+00,0.000000000000000000e+00,0.000000000000000000e+00,0.000000000000000000e+00,0.000000000000000000e+00,0.000000000000000000e+00,0.000000000000000000e+00,0.000000000000000000e+00,0.000000000000000000e+00,0.000000000000000000e+00,0.000000000000000000e+00,0.000000000000000000e+00,0.000000000000000000e+00,0.000000000000000000e+00,0.000000000000000000e+00,0.000000000000000000e+00,0.000000000000000000e+00,0.000000000000000000e+00,0.000000000000000000e+00,0.000000000000000000e+00,0.000000000000000000e+00,0.000000000000000000e+00,0.000000000000000000e+00,0.000000000000000000e+00,0.000000000000000000e+00,0.000000000000000000e+00,0.000000000000000000e+00,-1.201597127132206748e-04,-1.330016796369373820e-04,-1.186268531367795095e-04,-9.077418496132848855e-05,-6.298585827748282451e-05,-3.701517462471508253e-05,-1.607115527573763699e-05,-9.855769135243870203e-07,8.446376325628103434e-06,1.299331854302036331e-05,1.361405090873275383e-05,1.143151074811823497e-05,7.419232181545341623e-06,2.400377109285621839e-06,-2.999947719455537552e-06,-8.336624075795109960e-06,-1.331154033046784840e-05,-1.774715654331632584e-05,-2.155441623250592119e-05,-2.471077327163959366e-05,-2.723959447283653176e-05,-2.919536200813578644e-05,-3.065143187059064870e-05,-3.169091155641288885e-05,-3.239942053865556108e-05,-3.285951385068841784e-05,-3.314637921492776044e-05,-3.332471562998978455e-05,-3.344672526446874596e-05,-3.355119564756768390e-05,-3.366358789355999116e-05,-3.379701024771392738e-05,-3.395388433132114184e-05,-3.412809212271837822e-05,-3.430737235532134921e-05,-3.447576008348876136e-05,-3.461589308654757267e-05,-3.471105902425933694e-05,-3.474690291372933436e-05,-3.471275942401608612e-05,-3.460260654170440659e-05,-3.441565901253012893e-05,-3.415662909724135785e-05,-3.383568339815250448e-05,-3.346812087211700163e-05,-3.307379413217748424e-05,-3.267629722171480687e-05,-3.230195029140779412e-05,-3.197862431011973933e-05,-3.173446417521803576e-05,-3.159658278320426361e-05,-3.158980794979131794e-05,-3.173556543653879115e-05,-3.205097260698144373e-05,-3.254819879325572231e-05,-3.323412218026923915e-05,-3.411028320982306249e-05,-3.517310552112083645e-05,-3.641433232739670842e-05,-3.782161177529502386e-05,-3.937916157042157590e-05,-4.106845023486916974e-05,-4.286884871173763826e-05,-4.475822806635737196e-05,-4.671350391922187985e-05,-4.871115162800494655e-05,-5.072773548058584150e-05,-5.274050673741475170e-05,-5.472812800874295749e-05,-5.667157325128570095e-05,-5.855523418417958711e-05,-6.036823517961956202e-05,-6.210592221297028467e-05,-6.377144931898437279e-05,-6.537734262913880027e-05,-6.694688128183683249e-05,-6.851510211360284201e-05,-7.012921575510461096e-05,-7.184822149045727580e-05,-7.374153089218966352e-05,-7.588645969874810058e-05,-7.836452426828509972e-05,-8.125658223584481942e-05,-8.463698110907033633e-05,-8.856701496079339472e-05,-9.308812439325656008e-05,-9.821539223905331078e-05,-1.039319673216488525e-04,-1.101850722523229156e-04,-1.168842021085489326e-04,-1.239019903058771429e-04,-1.310780073127887965e-04,-1.382254827820259034e-04,-1.451406310706368106e-04,-1.516139550827794245e-04,-1.574426493341311026e-04,-1.624430627338628260e-04,-1.664621435741889212e-04,-1.693868826695398835e-04,-1.711509807117742813e-04,-1.717382585174010909e-04,-1.711826573609326438e-04,-1.695649938223791600e-04,-1.670069005084126633e-04,-1.636625766169859766e-04,-1.597090821877762635e-04,-1.553359417045859089e-04,-1.507347892730121787e-04,-1.460897044905837250e-04,-1.415687713200972943e-04,-1.373172544870151200e-04,-1.334526420022775887e-04,-1.300616555483902301e-04,-1.271991950865899079e-04,-1.248890602845453845e-04,-1.231261959428885556e-04,-1.218801266570364810e-04,-1.210992100294211557e-04,-1.207152994854801965e-04,-1.206484507496164116e-04,-1.208113020247123475e-04,-1.211129317673632325e-04,-1.214620064817855505e-04,-1.217694551517154361e-04,-1.219508053773036080e-04,-1.219291591639588861e-04,-1.216390350120234780e-04,-1.210327291402400637e-04,-1.200878866990741275e-04,-1.188174765859264284e-04,-1.172749833982830823e-04,-1.155539348439974570e-04,-1.137621051157694274e-04,-1.119709119933354246e-04,-1.101045445717886115e-04,-1.077931005076601944e-04,-1.041485247407862027e-04,-9.756838882138822483e-05,-8.554615501335758882e-05,-6.475913841502596309e-05,-3.144576650975587618e-05,1.743367139513153844e-05,8.227816491319395480e-05,1.575503223330032598e-04,2.274603032946643068e-04,2.603778331107934100e-04,2.033244589783205533e-04
0.000000000000000000e+00,0.000000000000000000e+00,0.000000000000000000e+00,0.000000000000000000e+00,0.000000000000000000e+00,0.000000000000000000e+00,0.000000000000000000e+00,0.000000000000000000e+00,0.000000000000000000e+00,0.000000000000000000e+00,0.000000000000000000e+00,0.000000000000000000e+00,0.000000000000000000e+00,0.000000000000000000e+00,0.000000000000000000e+00,0.000000000000000000e+00,0.000000000000000000e+00,0.000000000000000000e+00,0.000000000000000000e+00,0.000000000000000000e+00,0.000000000000000000e+00,0.000000000000000000e+00,0.000000000000000000e+00,0.000000000000000000e+00,0.000000000000000000e+00,0.000000000000000000e+00,0.000000000000000000e+00,0.000000000000000000e+00,0.000000000000000000e+00,0.000000000000000000e+00,0.000000000000000000e+00,0.000000000000000000e+00,0.000000000000000000e+00,0.000000000000000000e+00,0.000000000000000000e+00,0.000000000000000000e+00,0.000000000000000000e+00,0.000000000000000000e+00,0.000000000000000000e+00,0.000000000000000000e+00,0.000000000000000000e+00,0.000000000000000000e+00,0.000000000000000000e+00,0.000000000000000000e+00,0.000000000000000000e+00,0.000000000000000000e+00,0.000000000000000000e+00,0.000000000000000000e+00,0.000000000000000000e+00,0.000000000000000000e+00,0.000000000000000000e+00,0.000000000000000000e+00,0.000000000000000000e+00,0.000000000000000000e+00,0.000000000000000000e+00,0.000000000000000000e+00,0.000000000000000000e+00,0.000000000000000000e+00,0.000000000000000000e+00,0.000000000000000000e+00,0.000000000000000000e+00,0.000000000000000000e+00,0.000000000000000000e+00,0.000000000000000000e+00,0.000000000000000000e+00,0.000000000000000000e+00,0.000000000000000000e+00,0.000000000000000000e+00,0.000000000000000000e+00,0.000000000000000000e+00,0.000000000000000000e+00,0.000000000000000000e+00,0.000000000000000000e+00,0.000000000000000000e+00,0.000000000000000000e+00,0.000000000000000000e+00,0.000000000000000000e+00,0.000000000000000000e+00,0.000000000000000000e+00,0.000000000000000000e+00,0.000000000000000000e+00,0.000000000000000000e+00,0.000000000000000000e+00,0.000000000000000000e+00,0.000000000000000000e+00,0.000000000000000000e+00,0.000000000000000000e+00,0.000000000000000000e+00,0.000000000000000000e+00,0.000000000000000000e+00,0.000000000000000000e+00,0.000000000000000000e+00,0.000000000000000000e+00,0.000000000000000000e+00,0.000000000000000000e+00,0.000000000000000000e+00,0.000000000000000000e+00,0.000000000000000000e+00,0.000000000000000000e+00,0.000000000000000000e+00,0.000000000000000000e+00,0.000000000000000000e+00,0.000000000000000000e+00,0.000000000000000000e+00,0.000000000000000000e+00,0.000000000000000000e+00,0.000000000000000000e+00,0.000000000000000000e+00,0.000000000000000000e+00,0.000000000000000000e+00,0.000000000000000000e+00,0.000000000000000000e+00,0.000000000000000000e+00,0.000000000000000000e+00,0.000000000000000000e+00,0.000000000000000000e+00,0.000000000000000000e+00,0.000000000000000000e+00,0.000000000000000000e+00,0.000000000000000000e+00,0.000000000000000000e+00,0.000000000000000000e+00,0.000000000000000000e+00,0.000000000000000000e+00,0.000000000000000000e+00,0.000000000000000000e+00,0.000000000000000000e+00,0.000000000000000000e+00,0.000000000000000000e+00,0.000000000000000000e+00,0.000000000000000000e+00,0.000000000000000000e+00,0.000000000000000000e+00,0.000000000000000000e+00,0.000000000000000000e+00,0.000000000000000000e+00,0.000000000000000000e+00,0.000000000000000000e+00,0.000000000000000000e+00,0.000000000000000000e+00,0.000000000000000000e+00,0.000000000000000000e+00,0.000000000000000000e+00,0.000000000000000000e+00,0.000000000000000000e+00,0.000000000000000000e+00,0.000000000000000000e+00,0.000000000000000000e+00,0.000000000000000000e+00,0.000000000000000000e+00,0.000000000000000000e+00,0.000000000000000000e+00,0.000000000000000000e+00,0.000000000000000000e+00,-1.330875019852663919e-04,-1.249753009387989341e-04,-1.081748798026099952e-04,-8.110364498997520610e-05,-5.337156774477874239e-05,-2.922816268645600391e-05,-1.008047711979859367e-05,3.449848340398871208e-06,1.143432869558250578e-05,1.476897453146167235e-05,1.445122627673518885e-05,1.155464228293905306e-05,7.030670452703427241e-06,1.648807422151658309e-06,-3.994775104022134416e-06,-9.478451137542048634e-06,-1.451942139664095784e-05,-1.895238636416492249e-05,-2.270075420791816762e-05,-2.575486692164119829e-05,-2.815163911118233746e-05,-2.995875110078533788e-05,-3.126178183233500196e-05,-3.215425724943366648e-05,-3.272991111659440697e-05,-3.307678729572786474e-05,-3.327291008184616981e-05,-3.338338476614425437e-05,-3.345880857951741901e-05,-3.353489612712997443e-05,-3.363314995177896151e-05,-3.376238898832917051e-05,-3.392089032386386908e-05,-3.409890316510861684e-05,-3.428129353265088272e-05,-3.445011771568347076e-05,-3.458696337510460181e-05,-3.467495190048063323e-05,-3.470034318381079273e-05,-3.465372659318931032e-05,-3.453081087917687740e-05,-3.433284332791353382e-05,-3.406669440929401850e-05,-3.374464322394783348e-05,-3.338389501946017232e-05,-3.300585975942681952e-05,-3.263522277332341754e-05,-3.229884603028049510e-05,-3.202454993206482856e-05,-3.183983824182193344e-05,-3.177063909773426343e-05,-3.184013992045316036e-05,-3.206779045677858077e-05,-3.246853567926813634e-05,-3.305231927808265871e-05,-3.382387230342533152e-05,-3.478277361618721726e-05,-3.592374408025632092e-05,-3.723711814287475168e-05,-3.870942775410296321e-05,-4.032403485833116924e-05,-4.206175988742486417e-05,-4.390147214879936522e-05,-4.582063135244292615e-05,-4.779579367431904807e-05,-4.980311779940798864e-05,-5.181892251463401651e-05,-5.382035561865950270e-05,-5.578623170393488546e-05,-5.769808342370476149e-05,-5.954144659562025113e-05,-6.130736565949343507e-05,-6.299406417456296218e-05,-6.460867913859204531e-05,-6.616891160722230679e-05,-6.770440513783833097e-05,-6.925763307177411202e-05,-7.088406208050063292e-05,-7.265136768842585518e-05,-7.463751281393406862e-05,-7.692756503620146592e-05,-7.960922318030666306e-05,-8.276714533393069687e-05,-8.647631194594137161e-05,-9.079480704327750110e-05,-9.575654223724933286e-05,-1.013645619566190022e-04,-1.075856333900990306e-04,-1.143468204337088506e-04,-1.215346530457811399e-04,-1.289973258397816684e-04,-1.365501005602024029e-04,-1.439837687512138980e-04,-1.510756911749966576e-04,-1.576026162575734949e-04,-1.633542406367286914e-04,-1.681463515025395173e-04,-1.718324065723567183e-04,-1.743125623692371503e-04,-1.755394305211507671e-04,-1.755201813624167296e-04,-1.743149727912998367e-04,-1.720320111274848069e-04,-1.688198133247569195e-04,-1.648574160643738148e-04,-1.603433634991614006e-04,-1.554843097495384142e-04,-1.504840104577977861e-04,-1.455333665963791118e-04,-1.408020411192275007e-04,-1.364320080168424771e-04,-1.325332289989692824e-04,-1.291814917857620111e-04,-1.264183012569146457e-04,-1.242525865528049589e-04,-1.226638961720932547e-04,-1.216066740481577308e-04,-1.210151915087455675e-04,-1.208086813201801098e-04,-1.208963083076394985e-04,-1.211816284534887432e-04,-1.215664634768319540e-04,-1.219541431783976776e-04,-1.222526567544586181e-04,-1.223780345606847444e-04,-1.222592657216636629e-04,-1.218446864306764270e-04,-1.211111555870212801e-04,-1.200727138313266884e-04,-1.187878938412893277e-04,-1.173536780562432731e-04,-1.158819959584649756e-04,-1.144335310425153478e-04,-1.129107637923242431e-04,-1.108783742463071803e-04,-1.073544053502222217e-04,-1.005620123080682918e-04,-8.779485848100768337e-05,-6.544814362804557428e-05,-2.954763573966966844e-05,2.310895099674039135e-05,9.270550766007212970e-05,1.730318757990876341e-04,2.466209127041925180e-04,2.789998515304124155e-04,2.126026941306391656e-04
0.000000000000000000e+00,0.000000000000000000e+00,0.000000000000000000e+00,0.000000000000000000e+00,0.000000000000000000e+00,0.000000000000000000e+00,0.000000000000000000e+00,0.000000000000000000e+00,0.000000000000000000e+00,0.000000000000000000e+00,0.000000000000000000e+00,0.000000000000000000e+00,0.000000000000000000e+00,0.000000000000000000e+00,0.000000000000000000e+00,0.000000000000000000e+00,0.000000000000000000e+00,0.000000000000000000e+00,0.000000000000000000e+00,0.000000000000000000e+00,0.000000000000000000e+00,0.000000000000000000e+00,0.000000000000000000e+00,0.000000000000000000e+00,0.000000000000000000e+00,0.000000000000000000e+00,0.000000000000000000e+00,0.000000000000000000e+00,0.000000000000000000e+00,0.000000000000000000e+00,0.000000000000000000e+00,0.000000000000000000e+00,0.000000000000000000e+00,0.000000000000000000e+00,0.000000000000000000e+00,0.000000000000000000e+00,0.000000000000000000e+00,0.000000000000000000e+00,0.000000000000000000e+00,0.000000000000000000e+00,0.000000000000000000e+00,0.000000000000000000e+00,0.000000000000000000e+00,0.000000000000000000e+00,0.000000000000000000e+00,0.000000000000000000e+00,0.000000000000000000e+00,0.000000000000000000e+00,0.000000000000000000e+00,0.000000000000000000e+00,0.000000000000000000e+00,0.000000000000000000e+00,0.000000000000000000e+00,0.000000000000000000e+00,0.000000000000000000e+00,0.000000000000000000e+00,0.000000000000000000e+00,0.000000000000000000e+00,0.000000000000000000e+00,0.000000000000000000e+00,0.000000000000000000e+00,0.000000000000000000e+00,0.000000000000000000e+00,0.000000000000000000e+00,0.000000000000000000e+00,0.000000000000000000e+00,0.000000000000000000e+00,0.000000000000000000e+00,0.000000000000000000e+00,0.000000000000000000e+00,0.000000000000000000e+00,0.000000000000000000e+00,0.000000000000000000e+00,0.000000000000000000e+00,0.000000000000000000e+00,0.000000000000000000e+00,0.000000000000000000e+00,0.000000000000000000e+00,0.000000000000000000e+00,0.000000000000000000e+00,0.000000000000000000e+00,0.000000000000000000e+00,0.000000000000000000e+00,0.000000000000000000e+00,0.000000000000000000e+00,0.000000000000000000e+00,0.000000000000000000e+00,0.000000000000000000e+00,0.000000000000000000e+00,0.000000000000000000e+00,0.000000000000000000e+00,0.000000000000000000e+00,0.000000000000000000e+00,0.000000000000000000e+00,0.000000000000000000e+00,0.000000000000000000e+00,0.000000000000000000e+00,0.000000000000000000e+00,0.000000000000000000e+00,0.000000000000000000e+00,0.000000000000000000e+00,0.000000000000000000e+00,0.000000000000000000e+00,0.000000000000000000e+00,0.000000000000000000e+00,0.000000000000000000e+00,0.000000000000000000e+00,0.000000000000000000e+00,0.000000000000000000e+00,0.000000000000000000e+00,0.000000000000000000e+00,0.000000000000000000e+00,0.000000000000000000e+00,0.000000000000000000e+00,0.000000000000000000e+00,0.000000000000000000e+00,0.000000000000000000e+00,0.000000000000000000e+00,0.000000000000000000e+00,0.000000000000000000e+00,0.000000000000000000e+00,0.000000000000000000e+00,0.000000000000000000e+00,0.000000000000000000e+00,0.000000000000000000e+00,0.000000000000000000e+00,0.000000000000000000e+00,0.000000000000000000e+00,0.000000000000000000e+00,0.000000000000000000e+00,0.000000000000000000e+00,0.000000000000000000e+00,0.000000000000000000e+00,0.000000000000000000e+00,0.000000000000000000e+00,0.000000000000000000e+00,0.000000000000000000e+00,0.000000000000000000e+00,0.000000000000000000e+00,0.000000000000000000e+00,0.000000000000000000e+00,0.000000000000000000e+00,0.000000000000000000e+00,0.000000000000000000e+00,0.000000000000000000e+00,0.000000000000000000e+00,0.000000000000000000e+00,0.000000000000000000e+00,0.000000000000000000e+00,0.000000000000000000e+00,0.000000000000000000e+00,0.000000000000000000e+00,0.000000000000000000e+00,0.000000000000000000e+00,-1.144531021980717115e-04,-1.322700088123424089e-04,-1.220232478285118022e-04,-9.760004051054361010e-05,-7.106564759777774225e-05,-4.474553808209281140e-05,-2.181471152077764822e-05,-4.358538607421092093e-06,7.500099322985394364e-06,1.403989046812060201e-05,1.616096786014702610e-05,1.493084831923506847e-05,1.135864234798685729e-05,6.356820953765397550e-06,6.505177538584733774e-07,-5.195702136563942033e-06,-1.078079828321499982e-05,-1.583996292938602728e-05,-2.022357220715862501e-05,-2.387095464997679664e-05,-2.678777509663187288e-05,-2.902577895829679876e-05,-3.066616236792337429e-05,-3.180624369981214101e-05,-3.254894827223945956e-05,-3.299472489286673016e-05,-3.323553328095460202e-05,-3.335064911868181086e-05,-3.340413407288219836e-05,-3.344376796775845557e-05,-3.350127548450349858e-05,-3.359359632145239035e-05,-3.372495247997154671e-05,-3.388942726888877444e-05,-3.407379457766927621e-05,-3.426035477816756502e-05,-3.442958547592368833e-05,-3.456246508265950327e-05,-3.464238525022637823e-05,-3.465661596416419758e-05,-3.459732698568520633e-05,-3.446219428959688556e-05,-3.425463356064017690e-05,-3.398370537163513462e-05,-3.366373375223070014e-05,-3.331367524380028449e-05,-3.295627344664375384e-05,-3.261703642643937569e-05,-3.232308127420909199e-05,-3.210190005968968511e-05,-3.198011133346705836e-05,-3.198226817849142390e-05,-3.212979428701631001e-05,-3.244011223019794161e-05,-3.292601241138292555e-05,-3.359528925476227228e-05,-3.445064554258567198e-05,-3.548984091669815086e-05,-3.670603968521538398e-05,-3.808829999206351055e-05,-3.962214228711066343e-05,-4.129014095224016766e-05,-4.307249702504772969e-05,-4.494757072856119434e-05,-4.689237607346630443e-05,-4.888306353314310809e-05,-5.089543644747320720e-05,-5.290556014042513460e-05,-5.489052643602601540e-05,-5.682942947455768399e-05,-5.870458992496965854e-05,-6.050303502781274932e-05,-6.221820208310127642e-05,-6.385178653910532636e-05,-6.541560580151708766e-05,-6.693330202635413976e-05,-6.844166645931863116e-05,-6.999134142687224946e-05,-7.164664944182603959e-05,-7.348431855059499003e-05,-7.559092273706760818e-05,-7.805893882891561347e-05,-8.098143535009538600e-05,-8.444554984860117507e-05,-8.852506913392594364e-05,-9.327258755662413340e-05,-9.871186218425440822e-05,-1.048310886988743491e-04,-1.115778644968893637e-04,-1.188565663718760902e-04,-1.265287362260614982e-04,-1.344168394183618007e-04,-1.423114509598400813e-04,-1.499815666412995959e-04,-1.571873742638435067e-04,-1.636945078621545474e-04,-1.692885955232920525e-04,-1.737888371783435188e-04,-1.770594275307320624e-04,-1.790178603033544449e-04,-1.796394773694993908e-04,-1.789580089398365589e-04,-1.770622328541401782e-04,-1.740892140095414450e-04,-1.702148357383222632e-04,-1.656424884811818251e-04,-1.605908382870629536e-04,-1.552815704303249435e-04,-1.499279100545430931e-04,-1.447245807581557236e-04,-1.398396929238599742e-04,-1.354088699941509953e-04,-1.315317399514219379e-04,-1.282707459601357470e-04,-1.256520831074420122e-04,-1.236684380379231090e-04,-1.222831258892329248e-04,-1.214351466051503069e-04,-1.210446930316081771e-04,-1.210186347538747323e-04,-1.212556592806913227e-04,-1.216508067827483310e-04,-1.220995381837252844e-04,-1.225015007035983592e-04,-1.227648788620099745e-04,-1.228117328542460793e-04,-1.225856624992619176e-04,-1.220607918125571112e-04,-1.212520657623220580e-04,-1.202202613420064642e-04,-1.190674743353135304e-04,-1.179056270275223285e-04,-1.167910469669253308e-04,-1.155983068255903799e-04,-1.138428392642988846e-04,-1.104379814696372923e-04,-1.034630268659861697e-04,-8.998735957597610855e-05,-6.616663531626840102e-05,-2.775724687518704337e-05,2.856186288223138897e-05,1.028617795656029243e-04,1.882098733961288302e-04,2.655718573874555569e-04,2.975145955132636722e-04,2.218880759323419035e-04
0.000000000000000000e+00,0.000000000000000000e+00,0.000000000000000000e+00,0.000000000000000000e+00,0.000000000000000000e+00,0.000000000000000000e+00,0.000000000000000000e+00,0.000000000000000000e+00,0.000000000000000000e+00,0.000000000000000000e+00,0.000000000000000000e+00,0.000000000000000000e+00,0.000000000000000000e+00,0.000000000000000000e+00,0.000000000000000000e+00,0.000000000000000000e+00,0.000000000000000000e+00,0.000000000000000000e+00,0.000000000000000000e+00,0.000000000000000000e+00,0.000000000000000000e+00,0.000000000000000000e+00,0.000000000000000000e+00,0.000000000000000000e+00,0.000000000000000000e+00,0.000000000000000000e+00,0.000000000000000000e+00,0.000000000000000000e+00,0.000000000000000000e+00,0.000000000000000000e+00,0.000000000000000000e+00,0.000000000000000000e+00,0.000000000000000000e+00,0.000000000000000000e+00,0.000000000000000000e+00,0.000000000000000000e+00,0.000000000000000000e+00,0.000000000000000000e+00,0.000000000000000000e+00,0.000000000000000000e+00,0.000000000000000000e+00,0.000000000000000000e+00,0.000000000000000000e+00,0.000000000000000000e+00,0.000000000000000000e+00,0.000000000000000000e+00,0.000000000000000000e+00,0.000000000000000000e+00,0.000000000000000000e+00,0.000000000000000000e+00,0.000000000000000000e+00,0.000000000000000000e+00,0.000000000000000000e+00,0.000000000000000000e+00,0.000000000000000000e+00,0.000000000000000000e+00,0.000000000000000000e+00,0.000000000000000000e+00,0.000000000000000000e+00,0.000000000000000000e+00,0.000000000000000000e+00,0.000000000000000000e+00,0.000000000000000000e+00,0.000000000000000000e+00,0.000000000000000000e+00,0.000000000000000000e+00,0.000000000000000000e+00,0.000000000000000000e+00,0.000000000000000000e+00,0.000000000000000000e+00,0.000000000000000000e+00,0.000000000000000000e+00,0.000000000000000000e+00,0.000000000000000000e+00,0.000000000000000000e+00,0.000000000000000000e+00,0.000000000000000000e+00,0.000000000000000000e+00,0.000000000000000000e+00,0.000000000000000000e+00,0.000000000000000000e+00,0.000000000000000000e+00,0.000000000000000000e+00,0.000000000000000000e+00,0.000000000000000000e+00,0.000000000000000000e+00,0.000000000000000000e+00,0.000000000000000000e+00,0.000000000000000000e+00,0.000000000000000000e+00,0.000000000000000000e+00,0.000000000000000000e+00,0.000000000000000000e+00,0.000000000000000000e+00,0.000000000000000000e+00,0.000000000000000000e+00,0.000000000000000000e+00,0.000000000000000000e+00,0.000000000000000000e+00,0.000000000000000000e+00,0.000000000000000000e+00,0.000000000000000000e+00,0.000000000000000000e+00,0.000000000000000000e+00,0.000000000000000000e+00,0.000000000000000000e+00,0.000000000000000000e+00,0.000000000000000000e+00,0.000000000000000000e+00,0.000000000000000000e+00,0.000000000000000000e+00,0.000000000000000000e+00,0.000000000000000000e+00,0.000000000000000000e+00,0.000000000000000000e+00,0.000000000000000000e+00,0.000000000000000000e+00,0.000000000000000000e+00,0.000000000000000000e+00,0.000000000000000000e+00,0.000000000000000000e+00,0.000000000000000000e+00,0.000000000000000000e+00,0.000000000000000000e+00,0.000000000000000000e+00,0.000000000000000000e+00,0.000000000000000000e+00,0.000000000000000000e+00,0.000000000000000000e+00,0.000000000000000000e+00,0.000000000000000000e+00,0.000000000000000000e+00,0.000000000000000000e+00,0.000000000000000000e+00,0.000000000000000000e+00,0.000000000000000000e+00,0.000000000000000000e+00,0.000000000000000000e+00,0.000000000000000000e+00,0.000000000000000000e+00,0.000000000000000000e+00,0.000000000000000000e+00,0.000000000000000000e+00,0.000000000000000000e+00,0.000000000000000000e+00,0.000000000000000000e+00,0.000000000000000000e+00,0.000000000000000000e+00,0.000000000000000000e+00,0.000000000000000000e+00,0.000000000000000000e+00,0.000000000000000000e+00,0.000000000000000000e+00,0.000000000000000000e+00,0.000000000000000000e+00,-1.288654399832680879e-04,-1.260670117251218747e-04,-1.125327024797839910e-04,-8.874184381490946222e-05,-6.136061005806947263e-05,-3.613226841119820097e-05,-1.478525056674263715e-05,9.970324100516747096e-07,1.110825705022402652e-05,1.619930859862883399e-05,1.715792765742830595e-05,1.505859796446322532e-05,1.085837943518479138e-05,5.416325037631453114e-06,-5.742877248465344602e-07,-6.578004353929711379e-06,-1.221579199687322255e-05,-1.724434756498732910e-05,-2.153346488553273730e-05,-2.504111676127996892e-05,-2.778999685021176936e-05,-2.984730068900557596e-05,-3.130762544597526757e-05,-3.227923330440228702e-05,-3.287319797971330018e-05,-3.319513309144130661e-05,-3.333926302363368957e-05,-3.338453270034787379e-05,-3.339257822713447596e-05,-3.340726623314552884e-05,-3.345555821387114062e-05,-3.354938001324678178e-05,-3.368819762504482137e-05,-3.386198523519015071e-05,-3.405431106131775212e-05,-3.424530308661820289e-05,-3.441431802170267417e-05,-3.454219476861455533e-05,-3.461303302358763724e-05,-3.461548488006903172e-05,-3.454358312970387085e-05,-3.439715059158458143e-05,-3.418184349150714716e-05,-3.390888110723068948e-05,-3.359450883483129554e-05,-3.325923641019826302e-05,-3.292689083097500246e-05,-3.262352568039658787e-05,-3.237623489170596953e-05,-3.221192719845685447e-05,-3.215612496934271012e-05,-3.223185437209128025e-05,-3.245869084612627040e-05,-3.285201315507903268e-05,-3.342250187782356050e-05,-3.417589566377170299e-05,-3.511299470608853271e-05,-3.622987875667351549e-05,-3.751829062273710042e-05,-3.896612731436226509e-05,-4.055798173519583466e-05,-4.227568717550887593e-05,-4.409883409620598014e-05,-4.600525056917655677e-05,-4.797146185253740750e-05,-4.997316673748990808e-05,-5.198578591736327043e-05,-5.398514697018122265e-05,-5.594837004645035082e-05,-5.785500578991675113e-05,-5.968845269372185901e-05,-6.143764498535150625e-05,-6.309895697309237468e-05,-6.467821811289156469e-05,-6.619268013726225760e-05,-6.767272835196923026e-05,-6.916309082032047700e-05,-7.072327782600698544e-05,-7.242698711866273010e-05,-7.436024319057306625e-05,-7.661810588266151575e-05,-7.929988564172109377e-05,-8.250293781915958699e-05,-8.631526868962349113e-05,-9.080735938623055951e-05,-9.602378226103504039e-05,-1.019753254631694479e-04,-1.086324304654408935e-04,-1.159207603291982440e-04,-1.237196343297546834e-04,-1.318638788353518711e-04,-1.401493603898913806e-04,-1.483421084917167603e-04,-1.561905425320188020e-04,-1.634399432788049785e-04,-1.698480110446470804e-04,-1.752001807925988852e-04,-1.793233502480688331e-04,-1.820968262790967384e-04,-1.834595840806016128e-04,-1.834133173854638854e-04,-1.820211772867363551e-04,-1.794024946480752680e-04,-1.757241096845916367e-04,-1.711891638218223223e-04,-1.660243332247641286e-04,-1.604665066239299059e-04,-1.547498473763263391e-04,-1.490940524913444748e-04,-1.436944493022361872e-04,-1.387143752980385641e-04,-1.342800816500781054e-04,-1.304782058498333067e-04,-1.273556757393528227e-04,-1.249217593727247817e-04,-1.231518460664658297e-04,-1.219924771450023218e-04,-1.213670872340405396e-04,-1.211819729063317143e-04,-1.213320344761631181e-04,-1.217060915071323327e-04,-1.221916744897314649e-04,-1.226797298199943102e-04,-1.230696336145823615e-04,-1.232756531463740366e-04,-1.232350010271879867e-04,-1.229182023316053457e-04,-1.223388108094265367e-04,-1.215597898054715048e-04,-1.206854092015769206e-04,-1.198301140350621239e-04,-1.190425174849161274e-04,-1.181777121578260411e-04,-1.166978508832853232e-04,-1.134292697300793646e-04,-1.062986425216049224e-04,-9.217656701668227063e-05,-6.695331649308460952e-05,-2.613904586047155327e-05,3.376489638692482814e-05,1.127021870409588449e-04,2.030989117076607820e-04,2.843114697491129625e-04,3.159720149232543942e-04,2.311911906893714683e-04
0.000000000000000000e+00,0.000000000000000000e+00,0.000000000000000000e+00,0.000000000000000000e+00,0.000000000000000000e+00,0.000000000000000000e+00,0.000000000000000000e+00,0.000000000000000000e+00,0.000000000000000000e+00,0.000000000000000000e+00,0.000000000000000000e+00,0.000000000000000000e+00,0.000000000000000000e+00,0.000000000000000000e+00,0.000000000000000000e+00,0.000000000000000000e+00,0.000000000000000000e+00,0.000000000000000000e+00,0.000000000000000000e+00,0.000000000000000000e+00,0.000000000000000000e+00,0.000000000000000000e+00,0.000000000000000000e+00,0.000000000000000000e+00,0.000000000000000000e+00,0.000000000000000000e+00,0.000000000000000000e+00,0.000000000000000000e+00,0.000000000000000000e+00,0.000000000000000000e+00,0.000000000000000000e+00,0.000000000000000000e+00,0.000000000000000000e+00,0.000000000000000000e+00,0.000000000000000000e+00,0.000000000000000000e+00,0.000000000000000000e+00,0.000000000000000000e+00,0.000000000000000000e+00,0.000000000000000000e+00,0.000000000000000000e+00,0.000000000000000000e+00,0.000000000000000000e+00,0.000000000000000000e+00,0.000000000000000000e+00,0.000000000000000000e+00,0.000000000000000000e+00,0.000000000000000000e+00,0.000000000000000000e+00,0.000000000000000000e+00,0.000000000000000000e+00,0.000000000000000000e+00,0.000000000000000000e+00,0.000000000000000000e+00,0.000000000000000000e+00,0.000000000000000000e+00,0.000000000000000000e+00,0.000000000000000000e+00,0.000000000000000000e+00,0.000000000000000000e+00,0.000000000000000000e+00,0.000000000000000000e+00,0.000000000000000000e+00,0.000000000000000000e+00,0.000000000000000000e+00,0.000000000000000000e+00,0.000000000000000000e+00,0.000000000000000000e+00,0.000000000000000000e+00,0.000000000000000000e+00,0.000000000000000000e+00,0.000000000000000000e+00,0.000000000000000000e+00,0.000000000000000000e+00,0.000000000000000000e+00,0.000000000000000000e+00,0.000000000000000000e+00,0.000000000000000000e+00,0.000000000000000000e+00,0.000000000000000000e+00,0.000000000000000000e+00,0.000000000000000000e+00,0.000000000000000000e+00,0.000000000000000000e+00,0.000000000000000000e+00,0.000000000000000000e+00,0.000000000000000000e+00,0.000000000000000000e+00,0.000000000000000000e+00,0.000000000000000000e+00,0.000000000000000000e+00,0.000000000000000000e+00,0.000000000000000000e+00,0.000000000000000000e+00,0.000000000000000000e+00,0.000000000000000000e+00,0.000000000000000000e+00,0.000000000000000000e+00,0.000000000000000000e+00,0.000000000000000000e+00,0.000000000000000000e+00,0.000000000000000000e+00,0.000000000000000000e+00,0.000000000000000000e+00,0.000000000000000000e+00,0.000000000000000000e+00,0.000000000000000000e+00,0.000000000000000000e+00,0.000000000000000000e+00,0.000000000000000000e+00,0.000000000000000000e+00,0.000000000000000000e+00,0.000000000000000000e+00,0.000000000000000000e+00,0.000000000000000000e+00,0.000000000000000000e+00,0.000000000000000000e+00,0.000000000000000000e+00,0.000000000000000000e+00,0.000000000000000000e+00,0.000000000000000000e+00,0.000000000000000000e+00,0.000000000000000000e+00,0.000000000000000000e+00,0.000000000000000000e+00,0.000000000000000000e+00,0.000000000000000000e+00,0.000000000000000000e+00,0.000000000000000000e+00,0.000000000000000000e+00,0.000000000000000000e+00,0.000000000000000000e+00,0.000000000000000000e+00,0.000000000000000000e+00,0.000000000000000000e+00,0.000000000000000000e+00,0.000000000000000000e+00,0.000000000000000000e+00,0.000000000000000000e+00,0.000000000000000000e+00,0.000000000000000000e+00,0.000000000000000000e+00,0.000000000000000000e+00,0.000000000000000000e+00,0.000000000000000000e+00,0.000000000000000000e+00,0.000000000000000000e+00,0.000000000000000000e+00,0.000000000000000000e+00,0.000000000000000000e+00,0.000000000000000000e+00,0.000000000000000000e+00,0.000000000000000000e+00,0.000000000000000000e+00,0.000000000000000000e+00,-1.087860897251341811e-04,-1.295101810469114292e-04,-1.238009464247256453e-04,-1.037163860397524322e-04,-7.923400435720843560e-05,-5.209797646647743171e-05,-2.762514572894199960e-05,-8.113491049785902945e-06,5.823747567427693301e-06,1.420524022686611827e-05,1.788943640023621726e-05,1.777034689958648044e-05,1.485354701522278760e-05,1.006564205819507224e-05,4.224539932112959857e-06,-2.004490272412406689e-06,-8.115222837987165627e-06,-1.375447203063577928e-05,-1.870409678199389349e-05,-2.285636177841218939e-05,-2.618961580016636878e-05,-2.874461702544878206e-05,-3.060416436690091579e-05,-3.187577835478621837e-05,-3.267759848640161742e-05,-3.312737652759899958e-05,-3.333421316942645644e-05,-3.339290410322138077e-05,-3.338052088895300561e-05,-3.335499231542437637e-05,-3.335531473408516332e-05,-3.340307102868886980e-05,-3.350488243849674845e-05,-3.365545055814708845e-05,-3.384085629570212533e-05,-3.404183697341154545e-05,-3.423681589405664364e-05,-3.440452879771646198e-05,-3.452615523226442178e-05,-3.458692273319023447e-05,-3.457719634440106267e-05,-3.449309713164273877e-05,-3.433670850408744829e-05,-3.411593293634075099e-05,-3.384405721348055207e-05,-3.353907711035661847e-05,-3.322282618819816539e-05,-3.291995094985255535e-05,-3.265677671364682332e-05,-3.246011407357602899e-05,-3.235606260389898664e-05,-3.236887321118119785e-05,-3.251993090390947717e-05,-3.282691340885255586e-05,-3.330316816374454930e-05,-3.395733128944355094e-05,-3.479319028145408317e-05,-3.580976992479517878e-05,-3.700160244061802858e-05,-3.835913027702154819e-05,-3.986918595972206150e-05,-4.151549790795644012e-05,-4.327918425947580418e-05,-4.513921592597489746e-05,-4.707285345047482791e-05,-4.905608568167947663e-05,-5.106411923676232062e-05,-5.307198202759154279e-05,-5.505530979505666696e-05,-5.699137860427706305e-05,-5.886042822115454239e-05,-6.064729027956116818e-05,-6.234329313322095308e-05,-6.394836401526188101e-05,-6.547319332004638746e-05,-6.694126997627105659e-05,-6.839054814884707356e-05,-6.987447031887552206e-05,-7.146205831342463332e-05,-7.323679839835231509e-05,-7.529409551833179774e-05,-7.773715788822131419e-05,-8.067129703292031469e-05,-8.419678481655700289e-05,-8.840058861934985655e-05,-9.334749216390129381e-05,-9.907128177452724136e-05,-1.055668100699777161e-04,-1.127838149580692029e-04,-1.206233466146392803e-04,-1.289375229160044179e-04,-1.375330904712946398e-04,-1.461789281193308289e-04,-1.546172246604765967e-04,-1.625776427841391873e-04,-1.697934061077296442e-04,-1.760179761040924027e-04,-1.810408670468847980e-04,-1.847012036081619661e-04,-1.868978505162121424e-04,-1.875953017611366495e-04,-1.868249520432968308e-04,-1.846818219317985176e-04,-1.813172118722539930e-04,-1.769280757831668757e-04,-1.717441093139336519e-04,-1.660136368032767609e-04,-1.599893654978709308e-04,-1.539149744857077891e-04,-1.480133431324085077e-04,-1.424770205495993873e-04,-1.374613174081932795e-04,-1.330801768104528549e-04,-1.294047742018485277e-04,-1.264646060456892335e-04,-1.242506828359018470e-04,-1.227203197299513539e-04,-1.218029782209152786e-04,-1.214065837418980363e-04,-1.214238693019434507e-04,-1.217383822246107867e-04,-1.222301631003872003e-04,-1.227812422161201017e-04,-1.232817132631355806e-04,-1.236368972808623971e-04,-1.237766429358236418e-04,-1.236659837809947807e-04,-1.233161923907729327e-04,-1.227900027465360800e-04,-1.221942219042886481e-04,-1.216434193255947692e-04,-1.211823988614197696e-04,-1.206451728842097230e-04,-1.194508790277844164e-04,-1.163370321650276072e-04,-1.090941665341520244e-04,-9.438482188319111219e-05,-6.784871501461831901e-05,-2.471863917315090281e-05,3.867979797098410348e-05,1.222208994867947048e-04,2.176879149176029601e-04,3.028691176400662979e-04,3.343878442301363284e-04,2.405351855340496581e-04
0.000000000000000000e+00,0.000000000000000000e+00,0.000000000000000000e+00,0.000000000000000000e+00,0.000000000000000000e+00,0.000000000000000000e+00,0.000000000000000000e+00,0.000000000000000000e+00,0.000000000000000000e+00,0.000000000000000000e+00,0.000000000000000000e+00,0.000000000000000000e+00,0.000000000000000000e+00,0.000000000000000000e+00,0.000000000000000000e+00,0.000000000000000000e+00,0.000000000000000000e+00,0.000000000000000000e+00,0.000000000000000000e+00,0.000000000000000000e+00,0.000000000000000000e+00,0.000000000000000000e+00,0.000000000000000000e+00,0.000000000000000000e+00,0.000000000000000000e+00,0.000000000000000000e+00,0.000000000000000000e+00,0.000000000000000000e+00,0.000000000000000000e+00,0.000000000000000000e+00,0.000000000000000000e+00,0.000000000000000000e+00,0.000000000000000000e+00,0.000000000000000000e+00,0.000000000000000000e+00,0.000000000000000000e+00,0.000000000000000000e+00,0.000000000000000000e+00,0.000000000000000000e+00,0.000000000000000000e+00,0.000000000000000000e+00,0.000000000000000000e+00,0.000000000000000000e+00,0.000000000000000000e+00,0.000000000000000000e+00,0.000000000000000000e+00,0.000000000000000000e+00,0.000000000000000000e+00,0.000000000000000000e+00,0.000000000000000000e+00,0.000000000000000000e+00,0.000000000000000000e+00,0.000000000000000000e+00,0.000000000000000000e+00,0.000000000000000000e+00,0.000000000000000000e+00,0.000000000000000000e+00,0.000000000000000000e+00,0.000000000000000000e+00,0.000000000000000000e+00,0.000000000000000000e+00,0.000000000000000000e+00,0.000000000000000000e+00,0.000000000000000000e+00,0.000000000000000000e+00,0.000000000000000000e+00,0.000000000000000000e+00,0.000000000000000000e+00,0.000000000000000000e+00,0.000000000000000000e+00,0.000000000000000000e+00,0.000000000000000000e+00,0.000000000000000000e+00,0.000000000000000000e+00,0.000000000000000000e+00,0.000000000000000000e+00,0.000000000000000000e+00,0.000000000000000000e+00,0.000000000000000000e+00,0.000000000000000000e+00,0.000000000000000000e+00,0.000000000000000000e+00,0.000000000000000000e+00,0.000000000000000000e+00,0.000000000000000000e+00,0.000000000000000000e+00,0.000000000000000000e+00,0.000000000000000000e+00,0.000000000000000000e+00,0.000000000000000000e+00,0.000000000000000000e+00,0.000000000000000000e+00,0.000000000000000000e+00,0.000000000000000000e+00,0.000000000000000000e+00,0.000000000000000000e+00,0.000000000000000000e+00,0.000000000000000000e+00,0.000000000000000000e+00,0.000000000000000000e+00,0.000000000000000000e+00,0.000000000000000000e+00,0.000000000000000000e+00,0.000000000000000000e+00,0.000000000000000000e+00,0.000000000000000000e+00,0.000000000000000000e+00,0.000000000000000000e+00,0.000000000000000000e+00,0.000000000000000000e+00,0.000000000000000000e+00,0.000000000000000000e+00,0.000000000000000000e+00,0.000000000000000000e+00,0.000000000000000000e+00,0.000000000000000000e+00,0.000000000000000000e+00,0.000000000000000000e+00,0.000000000000000000e+00,0.000000000000000000e+00,0.000000000000000000e+00,0.000000000000000000e+00,0.000000000000000000e+00,0.000000000000000000e+00,0.000000000000000000e+00,0.000000000000000000e+00,0.000000000000000000e+00,0.000000000000000000e+00,0.000000000000000000e+00,0.000000000000000000e+00,0.000000000000000000e+00,0.000000000000000000e+00,0.000000000000000000e+00,0.000000000000000000e+00,0.000000000000000000e+00,0.000000000000000000e+00,0.000000000000000000e+00,0.000000000000000000e+00,0.000000000000000000e+00,0.000000000000000000e+00,0.000000000000000000e+00,0.000000000000000000e+00,0.000000000000000000e+00,0.000000000000000000e+00,0.000000000000000000e+00,0.000000000000000000e+00,0.000000000000000000e+00,0.000000000000000000e+00,0.000000000000000000e+00,0.000000000000000000e+00,0.000000000000000000e+00,0.000000000000000000e+00,0.000000000000000000e+00,0.000000000000000000e+00,0.000000000000000000e+00,0.000000000000000000e+00,-1.240622685128414703e-04,-1.230474556496981373e-04,-1.178165001611314631e-04,-9.605959764757908653e-05,-6.897384752349678219e-05,-4.250013031835542769e-05,-1.946799741152046006e-05,-2.004901781080177665e-06,9.994349321394567265e-06,1.678536755633147013e-05,1.915321608649598435e-05,1.801241717666077650e-05,1.432368533104193492e-05,8.990338275130553357e-06,2.798844381883178117e-06,-3.615139922395976567e-06,-9.778192121995453809e-06,-1.536717770430480018e-05,-2.019158129800848438e-05,-2.416822013147825130e-05,-2.729687836995548292e-05,-2.963690627114852504e-05,-3.128651724743082530e-05,-3.236532486567048994e-05,-3.300000591713126910e-05,-3.331332078235651979e-05,-3.341608680249853172e-05,-3.340197993088428160e-05,-3.334473354602110359e-05,-3.329741718037868551e-05,-3.329335938891394778e-05,-3.334832027903739490e-05,-3.346349340081637339e-05,-3.362895913379042670e-05,-3.382724680505032111e-05,-3.403673079920138396e-05,-3.423465464236264848e-05,-3.439965404518448077e-05,-3.451371756389525185e-05,-3.456358163842872597e-05,-3.454159741727110986e-05,-3.444613158670094900e-05,-3.428157251071166199e-05,-3.405801140508221941e-05,-3.379066022588283525e-05,-3.349905886691585742e-05,-3.320611740708659615e-05,-3.293703690009743880e-05,-3.271815419736611916e-05,-3.257576135765384866e-05,-3.253495522191099355e-05,-3.261857532945289359e-05,-3.284628561823560244e-05,-3.323384664591256946e-05,-3.379260998710282530e-05,-3.452924727612696396e-05,-3.544570505462488929e-05,-3.653935704170687256e-05,-3.780331002788239855e-05,-3.922681146702308632e-05,-4.079570666412006796e-05,-4.249290214668401567e-05,-4.429880756958656264e-05,-4.619175000221521175e-05,-4.814837803762517081e-05,-5.014409630011852067e-05,-5.215358937605401050e-05,-5.415150550288898870e-05,-5.611337099284699427e-05,-5.801679517025124688e-05,-5.984300083574604635e-05,-6.157867800983187086e-05,-6.321810986376544110e-05,-6.476546326196239525e-05,-6.623707614162796520e-05,-6.766351685018201652e-05,-6.909114301048589269e-05,-7.058285806294674173e-05,-7.221775959788403966e-05,-7.408940275944068195e-05,-7.630246911044966606e-05,-7.896773942784744748e-05,-8.219541557982353269e-05,-8.608701540735023180e-05,-9.072626163784836147e-05,-9.616958236328675158e-05,-1.024370110582401206e-04,-1.095043906943198736e-04,-1.172978205377838492e-04,-1.256912129505121094e-04,-1.345076378122952391e-04,-1.435248277168902709e-04,-1.524848202692092854e-04,-1.611072678217707161e-04,-1.691055079888874877e-04,-1.762041261097549449e-04,-1.821565128808802579e-04,-1.867608681770050393e-04,-1.898732376989658059e-04,-1.914164731174233835e-04,-1.913844308069068676e-04,-1.898412047578572359e-04,-1.869156580927087811e-04,-1.827919180031170642e-04,-1.776967922007931385e-04,-1.718852347011482851e-04,-1.656250364269102899e-04,-1.591818580940192814e-04,-1.528055808767673661e-04,-1.467187515952329097e-04,-1.411076650170683933e-04,-1.361163822204548401e-04,-1.318437416704059219e-04,-1.283432045507796899e-04,-1.256251824145859363e-04,-1.236613622855302233e-04,-1.223904392761770098e-04,-1.217246719534010858e-04,-1.215566972411958772e-04,-1.217662620736397800e-04,-1.222266877717115632e-04,-1.228113657423379051e-04,-1.234006922288196663e-04,-1.238904077819250971e-04,-1.242016216702814956e-04,-1.242927799607470522e-04,-1.241708258051329333e-04,-1.238975074365818044e-04,-1.235800299757830651e-04,-1.233342860349220750e-04,-1.232001456631949250e-04,-1.229961042276331426e-04,-1.220988265123517324e-04,-1.191679948622612902e-04,-1.118569351234989474e-04,-9.663169410324500387e-05,-6.886791956642732062e-05,-2.352134987669882133e-05,4.329612430816979628e-05,1.314035451930384356e-04,2.319880653220905936e-04,3.212549375433974472e-04,3.527932862358044899e-04,2.499319839629147305e-04
0.000000000000000000e+00,0.000000000000000000e+00,0.000000000000000000e+00,0.000000000000000000e+00,0.000000000000000000e+00,0.000000000000000000e+00,0.000000000000000000e+00,0.000000000000000000e+00,0.000000000000000000e+00,0.000000000000000000e+00,0.000000000000000000e+00,0.000000000000000000e+00,0.000000000000000000e+00,0.000000000000000000e+00,0.000000000000000000e+00,0.000000000000000000e+00,0.000000000000000000e+00,0.000000000000000000e+00,0.000000000000000000e+00,0.000000000000000000e+00,0.000000000000000000e+00,0.000000000000000000e+00,0.000000000000000000e+00,0.000000000000000000e+00,0.000000000000000000e+00,0.000000000000000000e+00,0.000000000000000000e+00,0.000000000000000000e+00,0.000000000000000000e+00,0.000000000000000000e+00,0.000000000000000000e+00,0.000000000000000000e+00,0.000000000000000000e+00,0.000000000000000000e+00,0.000000000000000000e+00,0.000000000000000000e+00,0.000000000000000000e+00,0.000000000000000000e+00,0.000000000000000000e+00,0.000000000000000000e+00,0.000000000000000000e+00,0.000000000000000000e+00,0.000000000000000000e+00,0.000000000000000000e+00,0.000000000000000000e+00,0.000000000000000000e+00,0.000000000000000000e+00,0.000000000000000000e+00,0.000000000000000000e+00,0.000000000000000000e+00,0.000000000000000000e+00,0.000000000000000000e+00,0.000000000000000000e+00,0.000000000000000000e+00,0.000000000000000000e+00,0.000000000000000000e+00,0.000000000000000000e+00,0.000000000000000000e+00,0.000000000000000000e+00,0.000000000000000000e+00,0.000000000000000000e+00,0.000000000000000000e+00,0.000000000000000000e+00,0.000000000000000000e+00,0.000000000000000000e+00,0.000000000000000000e+00,0.000000000000000000e+00,0.000000000000000000e+00,0.000000000000000000e+00,0.000000000000000000e+00,0.000000000000000000e+00,0.000000000000000000e+00,0.000000000000000000e+00,0.000000000000000000e+00,0.000000000000000000e+00,0.000000000000000000e+00,0.000000000000000000e+00,0.000000000000000000e+00,0.000000000000000000e+00,0.000000000000000000e+00,0.000000000000000000e+00,0.000000000000000000e+00,0.000000000000000000e+00,0.000000000000000000e+00,0.000000000000000000e+00,0.000000000000000000e+00,0.000000000000000000e+00,0.000000000000000000e+00,0.000000000000000000e+00,0.000000000000000000e+00,0.000000000000000000e+00,0.000000000000000000e+00,0.000000000000000000e+00,0.000000000000000000e+00,0.000000000000000000e+00,0.000000000000000000e+00,0.000000000000000000e+00,0.000000000000000000e+00,0.000000000000000000e+00,0.000000000000000000e+00,0.000000000000000000e+00,0.000000000000000000e+00,0.000000000000000000e+00,0.000000000000000000e+00,0.000000000000000000e+00,0.000000000000000000e+00,0.000000000000000000e+00,0.000000000000000000e+00,0.000000000000000000e+00,0.000000000000000000e+00,0.000000000000000000e+00,0.000000000000000000e+00,0.000000000000000000e+00,0.000000000000000000e+00,0.000000000000000000e+00,0.000000000000000000e+00,0.000000000000000000e+00,0.000000000000000000e+00,0.000000000000000000e+00,0.000000000000000000e+00,0.000000000000000000e+00,0.000000000000000000e+00,0.000000000000000000e+00,0.000000000000000000e+00,0.000000000000000000e+00,0.000000000000000000e+00,0.000000000000000000e+00,0.000000000000000000e+00,0.000000000000000000e+00,0.000000000000000000e+00,0.000000000000000000e+00,0.000000000000000000e+00,0.000000000000000000e+00,0.000000000000000000e+00,0.000000000000000000e+00,0.000000000000000000e+00,0.000000000000000000e+00,0.000000000000000000e+00,0.000000000000000000e+00,0.000000000000000000e+00,0.000000000000000000e+00,0.000000000000000000e+00,0.000000000000000000e+00,0.000000000000000000e+00,0.000000000000000000e+00,0.000000000000000000e+00,0.000000000000000000e+00,0.000000000000000000e+00,0.000000000000000000e+00,0.000000000000000000e+00,0.000000000000000000e+00,0.000000000000000000e+00,0.000000000000000000e+00,0.000000000000000000e+00,0.000000000000000000e+00,0.000000000000000000e+00,-1.007023003518550669e-04,-1.217501662191934435e-04,-1.267999106425141175e-04,-1.109427295166898100e-04,-8.620838374600494204e-05,-5.810456377121752666e-05,-3.308224246419066511e-05,-1.215589966601005535e-05,3.415768356101480012e-06,1.360821818126411778e-05,1.888779165114401267e-05,2.000882314226764045e-05,1.788825715165071739e-05,1.347239614901904921e-05,7.646259147722453983e-06,1.162838609960247039e-06,-5.377346062902579431e-06,-1.153658563409070536e-05,-1.702489142842224685e-05,-2.168084809807934306e-05,-2.544714080652454364e-05,-2.834573547135101041e-05,-3.045468691163823047e-05,-3.188707226407350403e-05,-3.277340402051650469e-05,-3.324728628243511758e-05,-3.343466360875946113e-05,-3.344625449675183614e-05,-3.337297174145935141e-05,-3.328385819032996347e-05,-3.322612838900029455e-05,-3.322682378414849755e-05,-3.329562070507810766e-05,-3.342833374188415086e-05,-3.361071294579300386e-05,-3.382219139127575511e-05,-3.403932262719909632e-05,-3.423872864312776763e-05,-3.439946178706159991e-05,-3.450475259101363812e-05,-3.454316998585739190e-05,-3.450925473836695417e-05,-3.440370439838008132e-05,-3.423319034485472148e-05,-3.400988067607649729e-05,-3.375073156350124498e-05,-3.347659922615532483e-05,-3.321121798321263437e-05,-3.298008791063790216e-05,-3.280931802959383397e-05,-3.272447517492584914e-05,-3.274949239734492438e-05,-3.290569073176949496e-05,-3.321096312874681565e-05,-3.367915806366086125e-05,-3.431968424586125268e-05,-3.513733825807034304e-05,-3.613233737848053906e-05,-3.730052256275675707e-05,-3.863368510521793947e-05,-4.011996602561694863e-05,-4.174428145062465938e-05,-4.348873906590958779e-05,-4.533302952364385256e-05,-4.725479928704331550e-05,-4.923003558273639110e-05,-5.123351564813676109e-05,-5.323938869454240304e-05,-5.522196593764783917e-05,-5.715678991487793963e-05,-5.902203656032347224e-05,-6.080027235971082817e-05,-6.248054432747089909e-05,-6.406072560481598484e-05,-6.554997731271353708e-05,-6.697112415262198670e-05,-6.836268332486257547e-05,-6.978024233975351561e-05,-7.129685909361937991e-05,-7.300216615168975435e-05,-7.499990700515875503e-05,-7.740372051116156150e-05,-8.033112121363773328e-05,-8.389579441695369714e-05,-8.819852508008570581e-05,-9.331729255979323275e-05,-9.929726507601785250e-05,-1.061415905299899784e-04,-1.138039727341059863e-04,-1.221840160179446283e-04,-1.311261951228435735e-04,-1.404230544603189928e-04,-1.498228723945817351e-04,-1.590415758151297464e-04,-1.677782107529833620e-04,-1.757328333429957693e-04,-1.826253506285995941e-04,-1.882136701386493880e-04,-1.923095429284042116e-04,-1.947907066770403412e-04,-1.956083192966186603e-04,-1.947891599724384346e-04,-1.924325916336217901e-04,-1.887027576578328319e-04,-1.838168721773113603e-04,-1.780307253701668738e-04,-1.716226528781953720e-04,-1.648772198181966181e-04,-1.580697659748833684e-04,-1.514527744852314534e-04,-1.452447913250703786e-04,-1.396223588072679404e-04,-1.347151610969414375e-04,-1.306043224250132953e-04,-1.273235798641571661e-04,-1.248628628678247698e-04,-1.231737024852279415e-04,-1.221758225640718980e-04,-1.217643395841930357e-04,-1.218170932963122746e-04,-1.222019632919182691e-04,-1.227842469350895591e-04,-1.234347069033120750e-04,-1.240388416391667874e-04,-1.245081874143286660e-04,-1.247930117634739528e-04,-1.248947670486825329e-04,-1.248722123786219246e-04,-1.248326008629050993e-04,-1.248917983547107036e-04,-1.250871846172919031e-04,-1.252224178318093279e-04,-1.246387274895836784e-04,-1.219201166722675350e-04,-1.145923749491814883e-04,-9.892201300098349480e-05,-7.002347618711226044e-05,-2.255429528711574085e-05,4.760219987026502166e-05,1.402515684203538456e-04,2.460013656741025755e-04,3.394889182778079999e-04,3.712056242245328976e-04,2.593968516243472765e-04
0.000000000000000000e+00,0.000000000000000000e+00,0.000000000000000000e+00,0.000000000000000000e+00,0.000000000000000000e+00,0.000000000000000000e+00,0.000000000000000000e+00,0.000000000000000000e+00,0.000000000000000000e+00,0.000000000000000000e+00,0.000000000000000000e+00,0.000000000000000000e+00,0.000000000000000000e+00,0.000000000000000000e+00,0.000000000000000000e+00,0.000000000000000000e+00,0.000000000000000000e+00,0.000000000000000000e+00,0.000000000000000000e+00,0.000000000000000000e+00,0.000000000000000000e+00,0.000000000000000000e+00,0.000000000000000000e+00,0.000000000000000000e+00,0.000000000000000000e+00,0.000000000000000000e+00,0.000000000000000000e+00,0.000000000000000000e+00,0.000000000000000000e+00,0.000000000000000000e+00,0.000000000000000000e+00,0.000000000000000000e+00,0.000000000000000000e+00,0.000000000000000000e+00,0.000000000000000000e+00,0.000000000000000000e+00,0.000000000000000000e+00,0.000000000000000000e+00,0.000000000000000000e+00,0.000000000000000000e+00,0.000000000000000000e+00,0.000000000000000000e+00,0.000000000000000000e+00,0.000000000000000000e+00,0.000000000000000000e+00,0.000000000000000000e+00,0.000000000000000000e+00,0.000000000000000000e+00,0.000000000000000000e+00,0.000000000000000000e+00,0.000000000000000000e+00,0.000000000000000000e+00,0.000000000000000000e+00,0.000000000000000000e+00,0.000000000000000000e+00,0.000000000000000000e+00,0.000000000000000000e+00,0.000000000000000000e+00,0.000000000000000000e+00,0.000000000000000000e+00,0.000000000000000000e+00,0.000000000000000000e+00,0.000000000000000000e+00,0.000000000000000000e+00,0.000000000000000000e+00,0.000000000000000000e+00,0.000000000000000000e+00,0.000000000000000000e+00,0.000000000000000000e+00,0.000000000000000000e+00,0.000000000000000000e+00,0.000000000000000000e+00,0.000000000000000000e+00,0.000000000000000000e+00,0.000000000000000000e+00,0.000000000000000000e+00,0.000000000000000000e+00,0.000000000000000000e+00,0.000000000000000000e+00,0.000000000000000000e+00,0.000000000000000000e+00,0.000000000000000000e+00,0.000000000000000000e+00,0.000000000000000000e+00,0.000000000000000000e+00,0.000000000000000000e+00,0.000000000000000000e+00,0.000000000000000000e+00,0.000000000000000000e+00,0.000000000000000000e+00,0.000000000000000000e+00,0.000000000000000000e+00,0.000000000000000000e+00,0.000000000000000000e+00,0.000000000000000000e+00,0.000000000000000000e+00,0.000000000000000000e+00,0.000000000000000000e+00,0.000000000000000000e+00,0.000000000000000000e+00,0.000000000000000000e+00,0.000000000000000000e+00,0.000000000000000000e+00,0.000000000000000000e+00,0.000000000000000000e+00,0.000000000000000000e+00,0.000000000000000000e+00,0.000000000000000000e+00,0.000000000000000000e+00,0.000000000000000000e+00,0.000000000000000000e+00,0.000000000000000000e+00,0.000000000000000000e+00,0.000000000000000000e+00,0.000000000000000000e+00,0.000000000000000000e+00,0.000000000000000000e+00,0.000000000000000000e+00,0.000000000000000000e+00,0.000000000000000000e+00,0.000000000000000000e+00,0.000000000000000000e+00,0.000000000000000000e+00,0.000000000000000000e+00,0.000000000000000000e+00,0.000000000000000000e+00,0.000000000000000000e+00,0.000000000000000000e+00,0.000000000000000000e+00,0.000000000000000000e+00,0.000000000000000000e+00,0.000000000000000000e+00,0.000000000000000000e+00,0.000000000000000000e+00,0.000000000000000000e+00,0.000000000000000000e+00,0.000000000000000000e+00,0.000000000000000000e+00,0.000000000000000000e+00,0.000000000000000000e+00,0.000000000000000000e+00,0.000000000000000000e+00,0.000000000000000000e+00,0.000000000000000000e+00,0.000000000000000000e+00,0.000000000000000000e+00,0.000000000000000000e+00,0.000000000000000000e+00,0.000000000000000000e+00,0.000000000000000000e+00,0.000000000000000000e+00,0.000000000000000000e+00,0.000000000000000000e+00,0.000000000000000000e+00,0.000000000000000000e+00,0.000000000000000000e+00,0.000000000000000000e+00,-1.042758351716810807e-04,-1.291200173041522894e-04,-1.237019466794599619e-04,-1.003092089429929171e-04,-7.464594155632163963e-05,-4.799641570271632866e-05,-2.438790618623254368e-05,-5.490179964873572316e-06,8.217137094847335073e-06,1.672521502293422826e-05,2.053923861019579832e-05,2.044954965248703860e-05,1.739579224798929371e-05,1.231123452484364169e-05,6.055822815044470044e-06,-6.545586594939118058e-07,-7.260045674820815829e-06,-1.336017147670002940e-05,-1.869968751328528387e-05,-2.314752494826998006e-05,-2.667315115284002767e-05,-2.932119184594044937e-05,-3.118807864909097681e-05,-3.240076744897535626e-05,-3.309912815567390808e-05,-3.342185480560764914e-05,-3.349615523347934963e-05,-3.343084069571083776e-05,-3.331250724363437270e-05,-3.320430115547534975e-05,-3.314676831035729505e-05,-3.316024050833278034e-05,-3.324824142833614877e-05,-3.340142617618424169e-05,-3.360164135363401163e-05,-3.382577240155682668e-05,-3.404914188781844203e-05,-3.424831355196415907e-05,-3.440324237030353057e-05,-3.449877753804046402e-05,-3.452557336476973758e-05,-3.448048943714413552e-05,-3.436657049532885713e-05,-3.419269194790388932e-05,-3.397294551573859967e-05,-3.372582604828209705e-05,-3.347326984654108408e-05,-3.323958866161334888e-05,-3.305034263701522683e-05,-3.293119789219079363e-05,-3.290681818579652520e-05,-3.299984182725946544e-05,-3.322999293807771688e-05,-3.361336841102922072e-05,-3.416192906997070328e-05,-3.488320624681398428e-05,-3.578021620002195548e-05,-3.685155663916426979e-05,-3.809164564890411711e-05,-3.949105514242879571e-05,-4.103689087920336638e-05,-4.271317872037401958e-05,-4.450123220883812219e-05,-4.637999723130159583e-05,-4.832639358181392732e-05,-5.031569672316030706e-05,-5.232202321524037679e-05,-5.431899590844304514e-05,-5.628066776232100714e-05,-5.818277285569305082e-05,-6.000434911510205848e-05,-6.172973857566036577e-05,-6.335091964840118225e-05,-6.487006417252129463e-05,-6.630214537974759084e-05,-6.767735703660296951e-05,-6.904304740545874565e-05,-7.046483250936959612e-05,-7.202654123424587511e-05,-7.382866806121359308e-05,-7.598507507858469150e-05,-7.861779659369298257e-05,-8.184995690723102010e-05,-8.579700748046543057e-05,-9.055671074254129647e-05,-9.619852288824763664e-05,-1.027532302752444398e-04,-1.102038411865048802e-04,-1.184787946578071268e-04,-1.274484923141559170e-04,-1.369259709533962241e-04,-1.466722123586887199e-04,-1.564061545205850138e-04,-1.658189691405983698e-04,-1.745916680503862325e-04,-1.824146692751599155e-04,-1.890076623698523682e-04,-1.941380136835725080e-04,-1.976360666596720344e-04,-1.994060046283849231e-04,-1.994314057180590519e-04,-1.977751608049537672e-04,-1.945739690871545397e-04,-1.900281031616391067e-04,-1.843874977759511497e-04,-1.779354381991308945e-04,-1.709712034774190910e-04,-1.637929703211225569e-04,-1.566821313216833743e-04,-1.498899536462576661e-04,-1.436272336130317096e-04,-1.380573097283009187e-04,-1.332925127404748584e-04,-1.293938631511311625e-04,-1.263736120244846582e-04,-1.242000473226009263e-04,-1.228039214322377171e-04,-1.220858432644832191e-04,-1.219241479658112143e-04,-1.221829435354619773e-04,-1.227204697756154256e-04,-1.233981276163198689e-04,-1.240909764874948535e-04,-1.247000427410446940e-04,-1.251663773846375244e-04,-1.254842132695222477e-04,-1.257082394779315544e-04,-1.259441180295777689e-04,-1.263081036463336194e-04,-1.268350391500781729e-04,-1.273176853040831490e-04,-1.270643946802169771e-04,-1.245911746007020472e-04,-1.172984849791529479e-04,-1.012588670096332077e-04,-7.131711379189461673e-05,-2.182366814411508172e-05,5.159702683994904667e-05,1.487628227003851759e-04,2.597365916731433628e-04,3.575823135191522149e-04,3.896458050780415459e-04,2.689401829268766187e-04
0.000000000000000000e+00,0.000000000000000000e+00,0.000000000000000000e+00,0.000000000000000000e+00,0.000000000000000000e+00,0.000000000000000000e+00,0.000000000000000000e+00,0.000000000000000000e+00,0.000000000000000000e+00,0.000000000000000000e+00,0.000000000000000000e+00,0.000000000000000000e+00,0.000000000000000000e+00,0.000000000000000000e+00,0.000000000000000000e+00,0.000000000000000000e+00,0.000000000000000000e+00,0.000000000000000000e+00,0.000000000000000000e+00,0.000000000000000000e+00,0.000000000000000000e+00,0.000000000000000000e+00,0.000000000000000000e+00,0.000000000000000000e+00,0.000000000000000000e+00,0.000000000000000000e+00,0.000000000000000000e+00,0.000000000000000000e+00,0.000000000000000000e+00,0.000000000000000000e+00,0.000000000000000000e+00,0.000000000000000000e+00,0.000000000000000000e+00,0.000000000000000000e+00,0.000000000000000000e+00,0.000000000000000000e+00,0.000000000000000000e+00,0.000000000000000000e+00,0.000000000000000000e+00,0.000000000000000000e+00,0.000000000000000000e+00,0.000000000000000000e+00,0.000000000000000000e+00,0.000000000000000000e+00,0.000000000000000000e+00,0.000000000000000000e+00,0.000000000000000000e+00,0.000000000000000000e+00,0.000000000000000000e+00,0.000000000000000000e+00,0.000000000000000000e+00,0.000000000000000000e+00,0.000000000000000000e+00,0.000000000000000000e+00,0.000000000000000000e+00,0.000000000000000000e+00,0.000000000000000000e+00,0.000000000000000000e+00,0.000000000000000000e+00,0.000000000000000000e+00,0.000000000000000000e+00,0.000000000000000000e+00,0.000000000000000000e+00,0.000000000000000000e+00,0.000000000000000000e+00,0.000000000000000000e+00,0.000000000000000000e+00,0.000000000000000000e+00,0.000000000000000000e+00,0.000000000000000000e+00,0.000000000000000000e+00,0.000000000000000000e+00,0.000000000000000000e+00,0.000000000000000000e+00,0.000000000000000000e+00,0.000000000000000000e+00,0.000000000000000000e+00,0.000000000000000000e+00,0.000000000000000000e+00,0.000000000000000000e+00,0.000000000000000000e+00,0.000000000000000000e+00,0.000000000000000000e+00,0.000000000000000000e+00,0.000000000000000000e+00,0.000000000000000000e+00,0.000000000000000000e+00,0.000000000000000000e+00,0.000000000000000000e+00,0.000000000000000000e+00,0.000000000000000000e+00,0.000000000000000000e+00,0.000000000000000000e+00,0.000000000000000000e+00,0.000000000000000000e+00,0.000000000000000000e+00,0.000000000000000000e+00,0.000000000000000000e+00,0.000000000000000000e+00,0.000000000000000000e+00,0.000000000000000000e+00,0.000000000000000000e+00,0.000000000000000000e+00,0.000000000000000000e+00,0.000000000000000000e+00,0.000000000000000000e+00,0.000000000000000000e+00,0.000000000000000000e+00,0.000000000000000000e+00,0.000000000000000000e+00,0.000000000000000000e+00,0.000000000000000000e+00,0.000000000000000000e+00,0.000000000000000000e+00,0.000000000000000000e+00,0.000000000000000000e+00,0.000000000000000000e+00,0.000000000000000000e+00,0.000000000000000000e+00,0.000000000000000000e+00,0.000000000000000000e+00,0.000000000000000000e+00,0.000000000000000000e+00,0.000000000000000000e+00,0.000000000000000000e+00,0.000000000000000000e+00,0.000000000000000000e+00,0.000000000000000000e+00,0.000000000000000000e+00,0.000000000000000000e+00,0.000000000000000000e+00,0.000000000000000000e+00,0.000000000000000000e+00,0.000000000000000000e+00,0.000000000000000000e+00,0.000000000000000000e+00,0.000000000000000000e+00,0.000000000000000000e+00,0.000000000000000000e+00,0.000000000000000000e+00,0.000000000000000000e+00,0.000000000000000000e+00,0.000000000000000000e+00,0.000000000000000000e+00,0.000000000000000000e+00,0.000000000000000000e+00,0.000000000000000000e+00,0.000000000000000000e+00,0.000000000000000000e+00,0.000000000000000000e+00,0.000000000000000000e+00,0.000000000000000000e+00,0.000000000000000000e+00,0.000000000000000000e+00,0.000000000000000000e+00,0.000000000000000000e+00,0.000000000000000000e+00,0.000000000000000000e+00,-1.248720024040806439e-04,-1.240962545471078647e-04,-1.131865309317947686e-04,-8.994552480348317551e-05,-6.334528471766933322e-05,-3.831051481006881248e-05,-1.649356476034911226e-05,6.018568883500421935e-07,1.250257361137146676e-05,1.934244864758603716e-05,2.172173439910900114e-05,2.046840504662220020e-05,1.654256750406648074e-05,1.086173660128554139e-05,4.248051000677438482e-06,-2.622334007492324434e-06,-9.232275435283227952e-06,-1.521972246964315151e-05,-2.036515404300638039e-05,-2.456918414652891537e-05,-2.782868964573130842e-05,-3.021096541044012825e-05,-3.182999861905030903e-05,-3.282519769235584455e-05,-3.334395484548296378e-05,-3.352805359658143209e-05,-3.350400567254746364e-05,-3.337696131192187751e-05,-3.322777500597334294e-05,-3.311266912170868779e-05,-3.306491357931037428e-05,-3.309791872805261059e-05,-3.320918067846847702e-05,-3.338457446726964987e-05,-3.360258477733330841e-05,-3.383816265547882478e-05,-3.406600611366841834e-05,-3.426315974997248744e-05,-3.441091333159987517e-05,-3.449604044276982303e-05,-3.451145760134384337e-05,-3.445640117874462663e-05,-3.433621994086019999e-05,-3.416187044228541619e-05,-3.394918746543366212e-05,-3.371798739247578152e-05,-3.349105212033794094e-05,-3.329303642044570107e-05,-3.314934150080523840e-05,-3.308500029803865863e-05,-3.312362251476324285e-05,-3.328644752161766344e-05,-3.359154853414480054e-05,-3.405322182617255723e-05,-3.468158008531960478e-05,-3.548235169872360759e-05,-3.645686955401644956e-05,-3.760221732875157648e-05,-3.891149007310612724e-05,-4.037412187383315884e-05,-4.197623681824758101e-05,-4.370099108853276718e-05,-4.552889193678920598e-05,-4.743810218824098487e-05,-4.940476318517859075e-05,-5.140339210223872796e-05,-5.340742701927146338e-05,-5.539000233253949256e-05,-5.732503427887551196e-05,-5.918868005829233642e-05,-6.096120245961930874e-05,-6.262922599702571271e-05,-6.418831166328406402e-05,-6.564570988303879855e-05,-6.702308012746339223e-05,-6.835889887746170624e-05,-6.971022339135679938e-05,-7.115344723427453151e-05,-7.278368389501610935e-05,-7.471245618835911390e-05,-7.706345728798914959e-05,-7.996628697830833140e-05,-8.354825056244714041e-05,-8.792452839181660927e-05,-9.318726328975200754e-05,-9.939434652937696128e-05,-1.065588786798400754e-04,-1.146404051710773938e-04,-1.235390439812178486e-04,-1.330935087654135139e-04,-1.430837729216223608e-04,-1.532387276115756037e-04,-1.632486921644070953e-04,-1.727820952462027571e-04,-1.815051327817513241e-04,-1.891028027833597733e-04,-1.952994860534682680e-04,-1.998772283853965566e-04,-2.026900911237910477e-04,-2.036733417488310568e-04,-2.028467918437645921e-04,-2.003121768628367294e-04,-1.962450305018072726e-04,-1.908819704497825495e-04,-1.845046396429430441e-04,-1.774217204563196919e-04,-1.699504642420045773e-04,-1.623990747379830293e-04,-1.550510818972457836e-04,-1.481525715476277483e-04,-1.419028306803393313e-04,-1.364486487948185207e-04,-1.318822172757265130e-04,-1.282422975807544815e-04,-1.255181317936023716e-04,-1.236554307857393230e-04,-1.225637768141888870e-04,-1.221248501379096254e-04,-1.222011722011984007e-04,-1.226453274694153019e-04,-1.233101039433964080e-04,-1.240600805002018835e-04,-1.247852843981737991e-04,-1.254163483225886205e-04,-1.259390996062486657e-04,-1.264024623801399409e-04,-1.269097567589363323e-04,-1.275767580904379041e-04,-1.284373317677174825e-04,-1.292749643087038203e-04,-1.293704917803914641e-04,-1.271757764970286647e-04,-1.199726842118584852e-04,-1.036394958981101206e-04,-7.274952330266249193e-05,-2.132887431059330447e-05,5.527866069030728846e-05,1.569399827285129691e-04,2.731977263456333046e-04,3.755482070007493491e-04,4.081283050662218022e-04,2.785729153685607778e-04
0.000000000000000000e+00,0.000000000000000000e+00,0.000000000000000000e+00,0.000000000000000000e+00,0.000000000000000000e+00,0.000000000000000000e+00,0.000000000000000000e+00,0.000000000000000000e+00,0.000000000000000000e+00,0.000000000000000000e+00,0.000000000000000000e+00,0.000000000000000000e+00,0.000000000000000000e+00,0.000000000000000000e+00,0.000000000000000000e+00,0.000000000000000000e+00,0.000000000000000000e+00,0.000000000000000000e+00,0.000000000000000000e+00,0.000000000000000000e+00,0.000000000000000000e+00,0.000000000000000000e+00,0.000000000000000000e+00,0.000000000000000000e+00,0.000000000000000000e+00,0.000000000000000000e+00,0.000000000000000000e+00,0.000000000000000000e+00,0.000000000000000000e+00,0.000000000000000000e+00,0.000000000000000000e+00,0.000000000000000000e+00,0.000000000000000000e+00,0.000000000000000000e+00,0.000000000000000000e+00,0.000000000000000000e+00,0.000000000000000000e+00,0.000000000000000000e+00,0.000000000000000000e+00,0.000000000000000000e+00,0.000000000000000000e+00,0.000000000000000000e+00,0.000000000000000000e+00,0.000000000000000000e+00,0.000000000000000000e+00,0.000000000000000000e+00,0.000000000000000000e+00,0.000000000000000000e+00,0.000000000000000000e+00,0.000000000000000000e+00,0.000000000000000000e+00,0.000000000000000000e+00,0.000000000000000000e+00,0.000000000000000000e+00,0.000000000000000000e+00,0.000000000000000000e+00,0.000000000000000000e+00,0.000000000000000000e+00,0.000000000000000000e+00,0.000000000000000000e+00,0.000000000000000000e+00,0.000000000000000000e+00,0.000000000000000000e+00,0.000000000000000000e+00,0.000000000000000000e+00,0.000000000000000000e+00,0.000000000000000000e+00,0.000000000000000000e+00,0.000000000000000000e+00,0.000000000000000000e+00,0.000000000000000000e+00,0.000000000000000000e+00,0.000000000000000000e+00,0.000000000000000000e+00,0.000000000000000000e+00,0.000000000000000000e+00,0.000000000000000000e+00,0.000000000000000000e+00,0.000000000000000000e+00,0.000000000000000000e+00,0.000000000000000000e+00,0.000000000000000000e+00,0.000000000000000000e+00,0.000000000000000000e+00,0.000000000000000000e+00,0.000000000000000000e+00,0.000000000000000000e+00,0.000000000000000000e+00,0.000000000000000000e+00,0.000000000000000000e+00,0.000000000000000000e+00,0.000000000000000000e+00,0.000000000000000000e+00,0.000000000000000000e+00,0.000000000000000000e+00,0.000000000000000000e+00,0.000000000000000000e+00,0.000000000000000000e+00,0.000000000000000000e+00,0.000000000000000000e+00,0.000000000000000000e+00,0.000000000000000000e+00,0.000000000000000000e+00,0.000000000000000000e+00,0.000000000000000000e+00,0.000000000000000000e+00,0.000000000000000000e+00,0.000000000000000000e+00,0.000000000000000000e+00,0.000000000000000000e+00,0.000000000000000000e+00,0.000000000000000000e+00,0.000000000000000000e+00,0.000000000000000000e+00,0.000000000000000000e+00,0.000000000000000000e+00,0.000000000000000000e+00,0.000000000000000000e+00,0.000000000000000000e+00,0.000000000000000000e+00,0.000000000000000000e+00,0.000000000000000000e+00,0.000000000000000000e+00,0.000000000000000000e+00,0.000000000000000000e+00,0.000000000000000000e+00,0.000000000000000000e+00,0.000000000000000000e+00,0.000000000000000000e+00,0.000000000000000000e+00,0.000000000000000000e+00,0.000000000000000000e+00,0.000000000000000000e+00,0.000000000000000000e+00,0.000000000000000000e+00,0.000000000000000000e+00,0.000000000000000000e+00,0.000000000000000000e+00,0.000000000000000000e+00,0.000000000000000000e+00,0.000000000000000000e+00,0.000000000000000000e+00,0.000000000000000000e+00,0.000000000000000000e+00,0.000000000000000000e+00,0.000000000000000000e+00,0.000000000000000000e+00,0.000000000000000000e+00,0.000000000000000000e+00,0.000000000000000000e+00,0.000000000000000000e+00,0.000000000000000000e+00,0.000000000000000000e+00,0.000000000000000000e+00,0.000000000000000000e+00,0.000000000000000000e+00,0.000000000000000000e+00,0.000000000000000000e+00,-1.116824229856458911e-04,-1.275672148815405467e-04,-1.228060199487145717e-04,-1.027792659304064659e-04,-7.906807959488750730e-05,-5.326055418539390649e-05,-2.928552154981999602e-05,-9.141328876975900723e-06,6.132408801884916486e-06,1.624799439362580700e-05,2.143415625941469754e-05,2.241484674805897367e-05,2.006969262602915956e-05,1.535044657148300622e-05,9.152291497122683818e-06,2.254188990413130612e-06,-4.709219899084505118e-06,-1.126350449923391338e-05,-1.708670466676802342e-05,-2.199616077752969111e-05,-2.592527038523470290e-05,-2.889852305495587450e-05,-3.100528830782675529e-05,-3.237578827740664764e-05,-3.316007726164760152e-05,-3.351101353743847521e-05,-3.357137258795548442e-05,-3.346502478194317265e-05,-3.329180756502467546e-05,-3.312557804735693438e-05,-3.301481903035909712e-05,-3.298514415139247959e-05,-3.304304749828790435e-05,-3.318030763043858320e-05,-3.337853704825172673e-05,-3.361348399139292776e-05,-3.385880895175059072e-05,-3.408917634642030710e-05,-3.428260114619727559e-05,-3.442207015643998031e-05,-3.449651016020289699e-05,-3.450120373519946758e-05,-3.443776044931001068e-05,-3.431374381684511391e-05,-3.414203885625570966e-05,-3.394002824752713737e-05,-3.372863087416399158e-05,-3.353124787771019394e-05,-3.337265796070237222e-05,-3.327790460880886744e-05,-3.327122017088773387e-05,-3.337503313222889891e-05,-3.360910263959017587e-05,-3.398981760209603440e-05,-3.452968581196281666e-05,-3.523702314470272904e-05,-3.611583540190289632e-05,-3.716586891420220105e-05,-3.838279262821471722e-05,-3.975846696948716135e-05,-4.128125422015693590e-05,-4.293633272270217671e-05,-4.470599182352206780e-05,-4.656990526086170217e-05,-4.850540465471973655e-05,-5.048779943089377003e-05,-5.249081076887364915e-05,-5.448720200719573580e-05,-5.644969233813011195e-05,-5.835223230781676814e-05,-6.017169608829287902e-05,-6.189000655115853332e-05,-6.349665519398287939e-05,-6.499151314184915004e-05,-6.638775592888682836e-05,-6.771465063932882754e-05,-6.901988719350758120e-05,-7.037108624956595515e-05,-7.185609434781390172e-05,-7.358169296581592688e-05,-7.567041016013420832e-05,-7.825523710627669909e-05,-8.147221728220773785e-05,-8.545108774337046350e-05,-9.030439599512713258e-05,-9.611577086252554253e-05,-1.029282615435609663e-04,-1.107338407279378817e-04,-1.194652578216944905e-04,-1.289913939762823557e-04,-1.391170890376844415e-04,-1.495880775806926076e-04,-1.601012059645445503e-04,-1.703195504710558570e-04,-1.798914861024623489e-04,-1.884722487131684353e-04,-1.957461706522357296e-04,-2.014476156060671780e-04,-2.053787226445741559e-04,-2.074223835904852428e-04,-2.075493736593246607e-04,-2.058191573998379711e-04,-2.023745133016166087e-04,-1.974306807982130908e-04,-1.912601717162816918e-04,-1.841746704597633664e-04,-1.765055644145878530e-04,-1.685846117152640250e-04,-1.607260923695863237e-04,-1.532115357149911605e-04,-1.462778026209282385e-04,-1.401089621818293364e-04,-1.348320607186937034e-04,-1.305165759312347051e-04,-1.271770879803301802e-04,-1.247785395509258598e-04,-1.232433801429230931e-04,-1.224599874786993429e-04,-1.222919367876034748e-04,-1.225880776543887237e-04,-1.231936746283048098e-04,-1.239632447571910150e-04,-1.247754378135048617e-04,-1.255496885118508044e-04,-1.262620225951532654e-04,-1.269544055369694615e-04,-1.277264261706661836e-04,-1.286933000960108491e-04,-1.298882470101220873e-04,-1.310884736867807610e-04,-1.315506397082653899e-04,-1.296686457829850222e-04,-1.226094730831868874e-04,-1.060604610350154056e-04,-7.431726397950600630e-05,-2.106916300820961977e-05,5.864865930548725128e-05,1.647835613577711101e-04,2.863900296902621581e-04,3.933951898412938863e-04,4.266677971086464357e-04,2.883037967671682011e-04
0.000000000000000000e+00,0.000000000000000000e+00,0.000000000000000000e+00,0.000000000000000000e+00,0.000000000000000000e+00,0.000000000000000000e+00,0.000000000000000000e+00,0.000000000000000000e+00,0.000000000000000000e+00,0.000000000000000000e+00,0.000000000000000000e+00,0.000000000000000000e+00,0.000000000000000000e+00,0.000000000000000000e+00,0.000000000000000000e+00,0.000000000000000000e+00,0.000000000000000000e+00,0.000000000000000000e+00,0.000000000000000000e+00,0.000000000000000000e+00,0.000000000000000000e+00,0.000000000000000000e+00,0.000000000000000000e+00,0.000000000000000000e+00,0.000000000000000000e+00,0.000000000000000000e+00,0.000000000000000000e+00,0.000000000000000000e+00,0.000000000000000000e+00,0.000000000000000000e+00,0.000000000000000000e+00,0.000000000000000000e+00,0.000000000000000000e+00,0.000000000000000000e+00,0.000000000000000000e+00,0.000000000000000000e+00,0.000000000000000000e+00,0.000000000000000000e+00,0.000000000000000000e+00,0.000000000000000000e+00,0.000000000000000000e+00,0.000000000000000000e+00,0.000000000000000000e+00,0.000000000000000000e+00,0.000000000000000000e+00,0.000000000000000000e+00,0.000000000000000000e+00,0.000000000000000000e+00,0.000000000000000000e+00,0.000000000000000000e+00,0.000000000000000000e+00,0.000000000000000000e+00,0.000000000000000000e+00,0.000000000000000000e+00,0.000000000000000000e+00,0.000000000000000000e+00,0.000000000000000000e+00,0.000000000000000000e+00,0.000000000000000000e+00,0.000000000000000000e+00,0.000000000000000000e+00,0.000000000000000000e+00,0.000000000000000000e+00,0.000000000000000000e+00,0.000000000000000000e+00,0.000000000000000000e+00,0.000000000000000000e+00,0.000000000000000000e+00,0.000000000000000000e+00,0.000000000000000000e+00,0.000000000000000000e+00,0.000000000000000000e+00,0.000000000000000000e+00,0.000000000000000000e+00,0.000000000000000000e+00,0.000000000000000000e+00,0.000000000000000000e+00,0.000000000000000000e+00,0.000000000000000000e+00,0.000000000000000000e+00,0.000000000000000000e+00,0.000000000000000000e+00,0.000000000000000000e+00,0.000000000000000000e+00,0.000000000000000000e+00,0.000000000000000000e+00,0.000000000000000000e+00,0.000000000000000000e+00,0.000000000000000000e+00,0.000000000000000000e+00,0.000000000000000000e+00,0.000000000000000000e+00,0.000000000000000000e+00,0.000000000000000000e+00,0.000000000000000000e+00,0.000000000000000000e+00,0.000000000000000000e+00,0.000000000000000000e+00,0.000000000000000000e+00,0.000000000000000000e+00,0.000000000000000000e+00,0.000000000000000000e+00,0.000000000000000000e+00,0.000000000000000000e+00,0.000000000000000000e+00,0.000000000000000000e+00,0.000000000000000000e+00,0.000000000000000000e+00,0.000000000000000000e+00,0.000000000000000000e+00,0.000000000000000000e+00,0.000000000000000000e+00,0.000000000000000000e+00,0.000000000000000000e+00,0.000000000000000000e+00,0.000000000000000000e+00,0.000000000000000000e+00,0.000000000000000000e+00,0.000000000000000000e+00,0.000000000000000000e+00,0.000000000000000000e+00,0.000000000000000000e+00,0.000000000000000000e+00,0.000000000000000000e+00,0.000000000000000000e+00,0.000000000000000000e+00,0.000000000000000000e+00,0.000000000000000000e+00,0.000000000000000000e+00,0.000000000000000000e+00,0.000000000000000000e+00,0.000000000000000000e+00,0.000000000000000000e+00,0.000000000000000000e+00,0.000000000000000000e+00,0.000000000000000000e+00,0.000000000000000000e+00,0.000000000000000000e+00,0.000000000000000000e+00,0.000000000000000000e+00,0.000000000000000000e+00,0.000000000000000000e+00,0.000000000000000000e+00,0.000000000000000000e+00,0.000000000000000000e+00,0.000000000000000000e+00,0.000000000000000000e+00,0.000000000000000000e+00,0.000000000000000000e+00,0.000000000000000000e+00,0.000000000000000000e+00,0.000000000000000000e+00,0.000000000000000000e+00,0.000000000000000000e+00,0.000000000000000000e+00,0.000000000000000000e+00,0.000000000000000000e+00,0.000000000000000000e+00,0.000000000000000000e+00,-1.253065154153183854e-04,-1.235061259868553134e-04,-1.148309876410177395e-04,-9.369127407460447750e-05,-6.854193720490673269e-05,-4.349552756665385858e-05,-2.084390296317850910e-05,-2.303736986785389469e-06,1.110633312529932160e-05,1.939430805008488556e-05,2.297054346434211728e-05,2.262319167358109028e-05,1.927328807566388560e-05,1.384816899499669753e-05,7.213131374416814867e-06,1.053514034507517403e-07,-6.883984783692913646e-06,-1.332364977429522247e-05,-1.893365045618993734e-05,-2.356946472956141734e-05,-2.719781163546523437e-05,-2.987038236859105103e-05,-3.169741850150958185e-05,-3.282362180242422075e-05,-3.340758877485120061e-05,-3.360543163922471641e-05,-3.355878098698833657e-05,-3.338698489531650889e-05,-3.318306638896416789e-05,-3.301283876734635835e-05,-3.291646899768719100e-05,-3.291177228235840819e-05,-3.299854218969797603e-05,-3.316331320613214606e-05,-3.338405886255467307e-05,-3.363446398565228453e-05,-3.388753829193097693e-05,-3.411846036442831508e-05,-3.430663772787743683e-05,-3.443703963986916874e-05,-3.450090064532873433e-05,-3.449590977999682261e-05,-3.442599789954804522e-05,-3.430082166008965134e-05,-3.413502425781599547e-05,-3.394733560395711916e-05,-3.375956196105218217e-05,-3.359550804748689880e-05,-3.347987294130352095e-05,-3.343716225571311597e-05,-3.349066085132078216e-05,-3.366150976505750600e-05,-3.396792679590033458e-05,-3.442460099650455771e-05,-3.504227816418777693e-05,-3.582753820416280366e-05,-3.678274871456779636e-05,-3.790616428873247912e-05,-3.919213082268346301e-05,-4.063134994047243727e-05,-4.221116219705477759e-05,-4.391581862294575267e-05,-4.572672811478726944e-05,-4.762269080041867087e-05,-4.958015266401457775e-05,-5.157354061875764204e-05,-5.357575672623036451e-05,-5.555892123049329615e-05,-5.749545360321167085e-05,-5.935956574922912680e-05,-6.112921069728603806e-05,-6.278848285750538588e-05,-6.433040420694387859e-05,-6.575995769169896618e-05,-6.709715071534165358e-05,-6.837981514672995874e-05,-6.966578562515098483e-05,-7.103405542748097577e-05,-7.258450013058800735e-05,-7.443579371075560930e-05,-7.672122776938837833e-05,-7.958228596821846363e-05,-8.316002088771490774e-05,-8.758451992455575401e-05,-9.296301289231134789e-05,-9.936743991086261938e-05,-1.068225299393445106e-04,-1.152955988629284851e-04,-1.246893229623309899e-04,-1.348386470091420355e-04,-1.455127292817524041e-04,-1.564224131823736244e-04,-1.672331786597556396e-04,-1.775829248183077044e-04,-1.871033478859763068e-04,-1.954431945471065660e-04,-2.022913701222543562e-04,-2.073978189137598625e-04,-2.105902864191270239e-04,-2.117854928559011164e-04,-2.109938301007447108e-04,-2.083173525337166738e-04,-2.039414748791190375e-04,-1.981213387772006785e-04,-1.911642103031811345e-04,-1.834094981455326821e-04,-1.752080364011829783e-04,-1.669021780536823079e-04,-1.588080244996548562e-04,-1.512008118879563489e-04,-1.443041181405067830e-04,-1.382831865216885064e-04,-1.332423047305994739e-04,-1.292258804596975918e-04,-1.262226239851588975e-04,-1.241721531968949786e-04,-1.229733508220842903e-04,-1.224940184148256097e-04,-1.225816514168800704e-04,-1.230755972214710853e-04,-1.238210462903593825e-04,-1.246853299944203559e-04,-1.255759773245221226e-04,-1.264581974365639524e-04,-1.273655562848059774e-04,-1.283929478590002324e-04,-1.296543049376169213e-04,-1.311831803609081416e-04,-1.327523842542918024e-04,-1.335988766022884965e-04,-1.320631640020165291e-04,-1.252029842248713199e-04,-1.085158498296977025e-04,-7.601633363857035594e-05,-2.104117653544827814e-05,6.170803702245763588e-05,1.722953378267009291e-04,2.993161924350846775e-04,4.111315444764524407e-04,4.452758208003818941e-04,2.981414705876817548e-04
0.000000000000000000e+00,0.000000000000000000e+00,0.000000000000000000e+00,0.000000000000000000e+00,0.000000000000000000e+00,0.000000000000000000e+00,0.000000000000000000e+00,0.000000000000000000e+00,0.000000000000000000e+00,0.000000000000000000e+00,0.000000000000000000e+00,0.000000000000000000e+00,0.000000000000000000e+00,0.000000000000000000e+00,0.000000000000000000e+00,0.000000000000000000e+00,0.000000000000000000e+00,0.000000000000000000e+00,0.000000000000000000e+00,0.000000000000000000e+00,0.000000000000000000e+00,0.000000000000000000e+00,0.000000000000000000e+00,0.000000000000000000e+00,0.000000000000000000e+00,0.000000000000000000e+00,0.000000000000000000e+00,0.000000000000000000e+00,0.000000000000000000e+00,0.000000000000000000e+00,0.000000000000000000e+00,0.000000000000000000e+00,0.000000000000000000e+00,0.000000000000000000e+00,0.000000000000000000e+00,0.000000000000000000e+00,0.000000000000000000e+00,0.000000000000000000e+00,0.000000000000000000e+00,0.000000000000000000e+00,0.000000000000000000e+00,0.000000000000000000e+00,0.000000000000000000e+00,0.000000000000000000e+00,0.000000000000000000e+00,0.000000000000000000e+00,0.000000000000000000e+00,0.000000000000000000e+00,0.000000000000000000e+00,0.000000000000000000e+00,0.000000000000000000e+00,0.000000000000000000e+00,0.000000000000000000e+00,0.000000000000000000e+00,0.000000000000000000e+00,0.000000000000000000e+00,0.000000000000000000e+00,0.000000000000000000e+00,0.000000000000000000e+00,0.000000000000000000e+00,0.000000000000000000e+00,0.000000000000000000e+00,0.000000000000000000e+00,0.000000000000000000e+00,0.000000000000000000e+00,0.000000000000000000e+00,0.000000000000000000e+00,0.000000000000000000e+00,0.000000000000000000e+00,0.000000000000000000e+00,0.000000000000000000e+00,0.000000000000000000e+00,0.000000000000000000e+00,0.000000000000000000e+00,0.000000000000000000e+00,0.000000000000000000e+00,0.000000000000000000e+00,0.000000000000000000e+00,0.000000000000000000e+00,0.000000000000000000e+00,0.000000000000000000e+00,0.000000000000000000e+00,0.000000000000000000e+00,0.000000000000000000e+00,0.000000000000000000e+00,0.000000000000000000e+00,0.000000000000000000e+00,0.000000000000000000e+00,0.000000000000000000e+00,0.000000000000000000e+00,0.000000000000000000e+00,0.000000000000000000e+00,0.000000000000000000e+00,0.000000000000000000e+00,0.000000000000000000e+00,0.000000000000000000e+00,0.000000000000000000e+00,0.000000000000000000e+00,0.000000000000000000e+00,0.000000000000000000e+00,0.000000000000000000e+00,0.000000000000000000e+00,0.000000000000000000e+00,0.000000000000000000e+00,0.000000000000000000e+00,0.000000000000000000e+00,0.000000000000000000e+00,0.000000000000000000e+00,0.000000000000000000e+00,0.000000000000000000e+00,0.000000000000000000e+00,0.000000000000000000e+00,0.000000000000000000e+00,0.000000000000000000e+00,0.000000000000000000e+00,0.000000000000000000e+00,0.000000000000000000e+00,0.000000000000000000e+00,0.000000000000000000e+00,0.000000000000000000e+00,0.000000000000000000e+00,0.000000000000000000e+00,0.000000000000000000e+00,0.000000000000000000e+00,0.000000000000000000e+00,0.000000000000000000e+00,0.000000000000000000e+00,0.000000000000000000e+00,0.000000000000000000e+00,0.000000000000000000e+00,0.000000000000000000e+00,0.000000000000000000e+00,0.000000000000000000e+00,0.000000000000000000e+00,0.000000000000000000e+00,0.000000000000000000e+00,0.000000000000000000e+00,0.000000000000000000e+00,0.000000000000000000e+00,0.000000000000000000e+00,0.000000000000000000e+00,0.000000000000000000e+00,0.000000000000000000e+00,0.000000000000000000e+00,0.000000000000000000e+00,0.000000000000000000e+00,0.000000000000000000e+00,0.000000000000000000e+00,0.000000000000000000e+00,0.000000000000000000e+00,0.000000000000000000e+00,0.000000000000000000e+00,0.000000000000000000e+00,0.000000000000000000e+00,0.000000000000000000e+00,0.000000000000000000e+00,0.000000000000000000e+00,0.000000000000000000e+00,0.000000000000000000e+00,-1.060251949767781739e-04,-1.269085268452000738e-04,-1.233635769571927196e-04,-1.060413094746236721e-04,-8.384794989881524398e-05,-5.871749181752843516e-05,-3.405919493900765835e-05,-1.279387776896663172e-05,3.929660447055001268e-06,1.544063510340333421e-05,2.191181074804975432e-05,2.394869075986986130e-05,2.236894062152632690e-05,1.810677745995139723e-05,1.206555704427377605e-05,5.075214952557158949e-06,-2.166915779897400615e-06,-9.114897238267897998e-06,-1.538275756930026307e-05,-2.073426818433785735e-05,-2.506388495872371652e-05,-2.837142341517493081e-05,-3.073472718610289925e-05,-3.228319041149334457e-05,-3.317388749093243787e-05,-3.357163129350677607e-05,-3.363347517164175427e-05,-3.349778695750801704e-05,-3.327763219574267562e-05,-3.305791883187104730e-05,-3.289561604035751602e-05,-3.282225566309109901e-05,-3.284794776694482634e-05,-3.296619115860126623e-05,-3.315888018412536297e-05,-3.340104043624086375e-05,-3.366497675651782548e-05,-3.392365379861255267e-05,-3.415324952635202403e-05,-3.433491101156339458e-05,-3.445580082930320225e-05,-3.450955097194466115e-05,-3.449624694299029712e-05,-3.442205406256801088e-05,-3.429857977688235596e-05,-3.414204589196014652e-05,-3.397232839170147219e-05,-3.381191161918489682e-05,-3.368479874120737587e-05,-3.361541960111682820e-05,-3.362757836235649646e-05,-3.374348366759371323e-05,-3.398290171188123645e-05,-3.436246589374350002e-05,-3.489516586264886886e-05,-3.559002426331806277e-05,-3.645195350394119562e-05,-3.748176930453767835e-05,-3.867632548084490632e-05,-4.002872712847464960e-05,-4.152857908746152878e-05,-4.316223361008372203e-05,-4.491301569943844838e-05,-4.676142501197114133e-05,-4.868533774305219987e-05,-5.066025726070154454e-05,-5.265968529065047788e-05,-5.465570210007277327e-05,-5.661985100904965503e-05,-5.852441608892952363e-05,-6.034415990765808213e-05,-6.205854913222300475e-05,-6.365444029368852290e-05,-6.512912812778005260e-05,-6.649357928622971813e-05,-6.777559140172543714e-05,-6.902254048018868478e-05,-7.030331880811802850e-05,-7.170903271511535324e-05,-7.335203608574684291e-05,-7.536293174379649832e-05,-7.788528573093026668e-05,-8.106797125490632322e-05,-8.505528487585217420e-05,-8.997524416709396498e-05,-9.592676103314457317e-05,-1.029666565143741582e-04,-1.110977024796432321e-04,-1.202590012788703219e-04,-1.303200071585466360e-04,-1.410793246771220566e-04,-1.522690797984591158e-04,-1.635651650040046107e-04,-1.746030559102260560e-04,-1.849982559589187666e-04,-1.943698378841639154e-04,-2.023651085888361699e-04,-2.086832040304751397e-04,-2.130954654681859459e-04,-2.154607563463325430e-04,-2.157344041792820890e-04,-2.139701137612087453e-04,-2.103149003711821715e-04,-2.049977410096907036e-04,-1.983131645846516089e-04,-1.906013527694548561e-04,-1.822264870356212374e-04,-1.735550626639849098e-04,-1.649357254231322684e-04,-1.566819047772548669e-04,-1.490581616140182106e-04,-1.422707723920813700e-04,-1.364626815165247554e-04,-1.317125953182225089e-04,-1.280377207610383715e-04,-1.253994804546934420e-04,-1.237115356784683343e-04,-1.228495788728103521e-04,-1.226626870318284267e-04,-1.229863578118355581e-04,-1.236576985617806853e-04,-1.245330727286745589e-04,-1.255077998897848773e-04,-1.265352916698200716e-04,-1.276395934813504647e-04,-1.289096612433814158e-04,-1.304577468089748781e-04,-1.323180934203760113e-04,-1.342615044956130851e-04,-1.355087912980902892e-04,-1.343525955856858490e-04,-1.277459031685056049e-04,-1.109991139247313826e-04,-7.784076027929031608e-05,-2.124119702448028655e-05,6.445921070865286476e-05,1.794760901406004697e-04,3.119788591765472094e-04,4.287632426221243509e-04,4.639634214334578633e-04,3.080935962314933284e-04
0.000000000000000000e+00,0.000000000000000000e+00,0.000000000000000000e+00,0.000000000000000000e+00,0.000000000000000000e+00,0.000000000000000000e+00,0.000000000000000000e+00,0.000000000000000000e+00,0.000000000000000000e+00,0.000000000000000000e+00,0.000000000000000000e+00,0.000000000000000000e+00,0.000000000000000000e+00,0.000000000000000000e+00,0.000000000000000000e+00,0.000000000000000000e+00,0.000000000000000000e+00,0.000000000000000000e+00,0.000000000000000000e+00,0.000000000000000000e+00,0.000000000000000000e+00,0.000000000000000000e+00,0.000000000000000000e+00,0.000000000000000000e+00,0.000000000000000000e+00,0.000000000000000000e+00,0.000000000000000000e+00,0.000000000000000000e+00,0.000000000000000000e+00,0.000000000000000000e+00,0.000000000000000000e+00,0.000000000000000000e+00,0.000000000000000000e+00,0.000000000000000000e+00,0.000000000000000000e+00,0.000000000000000000e+00,0.000000000000000000e+00,0.000000000000000000e+00,0.000000000000000000e+00,0.000000000000000000e+00,0.000000000000000000e+00,0.000000000000000000e+00,0.000000000000000000e+00,0.000000000000000000e+00,0.000000000000000000e+00,0.000000000000000000e+00,0.000000000000000000e+00,0.000000000000000000e+00,0.000000000000000000e+00,0.000000000000000000e+00,0.000000000000000000e+00,0.000000000000000000e+00,0.000000000000000000e+00,0.000000000000000000e+00,0.000000000000000000e+00,0.000000000000000000e+00,0.000000000000000000e+00,0.000000000000000000e+00,0.000000000000000000e+00,0.000000000000000000e+00,0.000000000000000000e+00,0.000000000000000000e+00,0.000000000000000000e+00,0.000000000000000000e+00,0.000000000000000000e+00,0.000000000000000000e+00,0.000000000000000000e+00,0.000000000000000000e+00,0.000000000000000000e+00,0.000000000000000000e+00,0.000000000000000000e+00,0.000000000000000000e+00,0.000000000000000000e+00,0.000000000000000000e+00,0.000000000000000000e+00,0.000000000000000000e+00,0.000000000000000000e+00,0.000000000000000000e+00,0.000000000000000000e+00,0.000000000000000000e+00,0.000000000000000000e+00,0.000000000000000000e+00,0.000000000000000000e+00,0.000000000000000000e+00,0.000000000000000000e+00,0.000000000000000000e+00,0.000000000000000000e+00,0.000000000000000000e+00,0.000000000000000000e+00,0.000000000000000000e+00,0.000000000000000000e+00,0.000000000000000000e+00,0.000000000000000000e+00,0.000000000000000000e+00,0.000000000000000000e+00,0.000000000000000000e+00,0.000000000000000000e+00,0.000000000000000000e+00,0.000000000000000000e+00,0.000000000000000000e+00,0.000000000000000000e+00,0.000000000000000000e+00,0.000000000000000000e+00,0.000000000000000000e+00,0.000000000000000000e+00,0.000000000000000000e+00,0.000000000000000000e+00,0.000000000000000000e+00,0.000000000000000000e+00,0.000000000000000000e+00,0.000000000000000000e+00,0.000000000000000000e+00,0.000000000000000000e+00,0.000000000000000000e+00,0.000000000000000000e+00,0.000000000000000000e+00,0.000000000000000000e+00,0.000000000000000000e+00,0.000000000000000000e+00,0.000000000000000000e+00,0.000000000000000000e+00,0.000000000000000000e+00,0.000000000000000000e+00,0.000000000000000000e+00,0.000000000000000000e+00,0.000000000000000000e+00,0.000000000000000000e+00,0.000000000000000000e+00,0.000000000000000000e+00,0.000000000000000000e+00,0.000000000000000000e+00,0.000000000000000000e+00,0.000000000000000000e+00,0.000000000000000000e+00,0.000000000000000000e+00,0.000000000000000000e+00,0.000000000000000000e+00,0.000000000000000000e+00,0.000000000000000000e+00,0.000000000000000000e+00,0.000000000000000000e+00,0.000000000000000000e+00,0.000000000000000000e+00,0.000000000000000000e+00,0.000000000000000000e+00,0.000000000000000000e+00,0.000000000000000000e+00,0.000000000000000000e+00,0.000000000000000000e+00,0.000000000000000000e+00,0.000000000000000000e+00,0.000000000000000000e+00,0.000000000000000000e+00,0.000000000000000000e+00,0.000000000000000000e+00,0.000000000000000000e+00,0.000000000000000000e+00,0.000000000000000000e+00,0.000000000000000000e+00,0.000000000000000000e+00,-1.208230115198579758e-04,-1.234327847476311419e-04,-1.164939765046865304e-04,-9.827914589234518694e-05,-7.387418283692244588e-05,-4.870331892710014026e-05,-2.499072521932439538e-05,-5.254441787526162576e-06,9.490708083736200621e-06,1.907508510188239887e-05,2.380036488517432404e-05,2.438873094993985197e-05,2.168094896767227447e-05,1.660027836548562716e-05,1.003185338191916777e-05,2.770021496673075883e-06,-4.529823881614419002e-06,-1.136985191575572908e-05,-1.741181693917149583e-05,-2.246440852402239430e-05,-2.646113617992866814e-05,-2.943394307588825045e-05,-3.148523085204099576e-05,-3.276141811193072532e-05,-3.342955025907142961e-05,-3.365816513446679884e-05,-3.360290125769404564e-05,-3.339682874545353249e-05,-3.314515156582827652e-05,-3.292360865366748157e-05,-3.277979610786068408e-05,-3.273655046051184800e-05,-3.279658739379478019e-05,-3.294767407304534162e-05,-3.316775937713590286e-05,-3.342964035847414040e-05,-3.370490354461683306e-05,-3.396701896245820604e-05,-3.419357730638963974e-05,-3.436773824157926863e-05,-3.447900250047632718e-05,-3.452343661190961896e-05,-3.450347470941908366e-05,-3.442740549318690755e-05,-3.430863150102711381e-05,-3.416476853374285079e-05,-3.401663842117580937e-05,-3.388719986397923083e-05,-3.380045862135526332e-05,-3.378039827393994923e-05,-3.384997320135061657e-05,-3.403020433647528241e-05,-3.433941358891701818e-05,-3.479262421517335360e-05,-3.540114184240917845e-05,-3.617231592954290806e-05,-3.710946583543404937e-05,-3.821194195830465484e-05,-3.947528259925221056e-05,-4.089142343440491524e-05,-4.244891970671772953e-05,-4.413315205026272663e-05,-4.592650439991759269e-05,-4.780852533807349193e-05,-4.975610984275523520e-05,-5.174376373129505952e-05,-5.374403432742402007e-05,-5.572820430343747511e-05,-5.766734744903842118e-05,-5.953383222632471999e-05,-6.130332912709809913e-05,-6.295733030936915815e-05,-6.448612574355217300e-05,-6.589210231393836676e-05,-6.719314651687273638e-05,-6.842584545383435216e-05,-6.964810480215018835e-05,-7.094074799637704485e-05,-7.240764044894638528e-05,-7.417390812880264887e-05,-7.638190109145744468e-05,-7.918469533286334229e-05,-8.273713042633699824e-05,-8.718463745093655637e-05,-9.265040405636689922e-05,-9.922172330925853442e-05,-1.069366434850396882e-04,-1.157722341533597897e-04,-1.256358657380581727e-04,-1.363608272365409075e-04,-1.477073567604251711e-04,-1.593697319261119750e-04,-1.709894912269066167e-04,-1.821741935381150667e-04,-1.925204566712257980e-04,-2.016394461973111533e-04,-2.091826061435228838e-04,-2.148653018656440910e-04,-2.184862094235076645e-04,-2.199407136946655253e-04,-2.192272040594546434e-04,-2.164458872290185034e-04,-2.117904686620610672e-04,-2.055336946533220998e-04,-1.980082302869608387e-04,-1.895846381834848647e-04,-1.806483149238965807e-04,-1.715771529378738052e-04,-1.627214604365263384e-04,-1.543873282679851663e-04,-1.468242278304292346e-04,-1.402171955412410932e-04,-1.346835603528863769e-04,-1.302738319000925726e-04,-1.269761531404476143e-04,-1.247236413733332462e-04,-1.234040629233211213e-04,-1.228715347563303186e-04,-1.229603417540659665e-04,-1.235012082608689542e-04,-1.243403700558125366e-04,-1.253608955655961343e-04,-1.265037737029891054e-04,-1.277824005279246870e-04,-1.292787896006904462e-04,-1.311028064339567689e-04,-1.332899607840176432e-04,-1.356108762406567586e-04,-1.372741765039831691e-04,-1.365294959803224932e-04,-1.302304271823629203e-04,-1.135022716422683835e-04,-7.978382954350747200e-05,-2.166404790045238434e-05,6.690468919341659203e-05,1.863270730671143639e-04,3.243794401657861632e-04,4.462956778817645919e-04,4.827401193794920260e-04,3.181676802269314819e-04
0.000000000000000000e+00,0.000000000000000000e+00,0.000000000000000000e+00,0.000000000000000000e+00,0.000000000000000000e+00,0.000000000000000000e+00,0.000000000000000000e+00,0.000000000000000000e+00,0.000000000000000000e+00,0.000000000000000000e+00,0.000000000000000000e+00,0.000000000000000000e+00,0.000000000000000000e+00,0.000000000000000000e+00,0.000000000000000000e+00,0.000000000000000000e+00,0.000000000000000000e+00,0.000000000000000000e+00,0.000000000000000000e+00,0.000000000000000000e+00,0.000000000000000000e+00,0.000000000000000000e+00,0.000000000000000000e+00,0.000000000000000000e+00,0.000000000000000000e+00,0.000000000000000000e+00,0.000000000000000000e+00,0.000000000000000000e+00,0.000000000000000000e+00,0.000000000000000000e+00,0.000000000000000000e+00,0.000000000000000000e+00,0.000000000000000000e+00,0.000000000000000000e+00,0.000000000000000000e+00,0.000000000000000000e+00,0.000000000000000000e+00,0.000000000000000000e+00,0.000000000000000000e+00,0.000000000000000000e+00,0.000000000000000000e+00,0.000000000000000000e+00,0.000000000000000000e+00,0.000000000000000000e+00,0.000000000000000000e+00,0.000000000000000000e+00,0.000000000000000000e+00,0.000000000000000000e+00,0.000000000000000000e+00,0.000000000000000000e+00,0.000000000000000000e+00,0.000000000000000000e+00,0.000000000000000000e+00,0.000000000000000000e+00,0.000000000000000000e+00,0.000000000000000000e+00,0.000000000000000000e+00,0.000000000000000000e+00,0.000000000000000000e+00,0.000000000000000000e+00,0.000000000000000000e+00,0.000000000000000000e+00,0.000000000000000000e+00,0.000000000000000000e+00,0.000000000000000000e+00,0.000000000000000000e+00,0.000000000000000000e+00,0.000000000000000000e+00,0.000000000000000000e+00,0.000000000000000000e+00,0.000000000000000000e+00,0.000000000000000000e+00,0.000000000000000000e+00,0.000000000000000000e+00,0.000000000000000000e+00,0.000000000000000000e+00,0.000000000000000000e+00,0.000000000000000000e+00,0.000000000000000000e+00,0.000000000000000000e+00,0.000000000000000000e+00,0.000000000000000000e+00,0.000000000000000000e+00,0.000000000000000000e+00,0.000000000000000000e+00,0.000000000000000000e+00,0.000000000000000000e+00,0.000000000000000000e+00,0.000000000000000000e+00,0.000000000000000000e+00,0.000000000000000000e+00,0.000000000000000000e+00,0.000000000000000000e+00,0.000000000000000000e+00,0.000000000000000000e+00,0.000000000000000000e+00,0.000000000000000000e+00,0.000000000000000000e+00,0.000000000000000000e+00,0.000000000000000000e+00,0.000000000000000000e+00,0.000000000000000000e+00,0.000000000000000000e+00,0.000000000000000000e+00,0.000000000000000000e+00,0.000000000000000000e+00,0.000000000000000000e+00,0.000000000000000000e+00,0.000000000000000000e+00,0.000000000000000000e+00,0.000000000000000000e+00,0.000000000000000000e+00,0.000000000000000000e+00,0.000000000000000000e+00,0.000000000000000000e+00,0.000000000000000000e+00,0.000000000000000000e+00,0.000000000000000000e+00,0.000000000000000000e+00,0.000000000000000000e+00,0.000000000000000000e+00,0.000000000000000000e+00,0.000000000000000000e+00,0.000000000000000000e+00,0.000000000000000000e+00,0.000000000000000000e+00,0.000000000000000000e+00,0.000000000000000000e+00,0.000000000000000000e+00,0.000000000000000000e+00,0.000000000000000000e+00,0.000000000000000000e+00,0.000000000000000000e+00,0.000000000000000000e+00,0.000000000000000000e+00,0.000000000000000000e+00,0.000000000000000000e+00,0.000000000000000000e+00,0.000000000000000000e+00,0.000000000000000000e+00,0.000000000000000000e+00,0.000000000000000000e+00,0.000000000000000000e+00,0.000000000000000000e+00,0.000000000000000000e+00,0.000000000000000000e+00,0.000000000000000000e+00,0.000000000000000000e+00,0.000000000000000000e+00,0.000000000000000000e+00,0.000000000000000000e+00,0.000000000000000000e+00,0.000000000000000000e+00,0.000000000000000000e+00,0.000000000000000000e+00,0.000000000000000000e+00,0.000000000000000000e+00,0.000000000000000000e+00,0.000000000000000000e+00,0.000000000000000000e+00,-1.007058846154340788e-04,-1.234542295453751131e-04,-1.235582503745229655e-04,-1.096008334620521491e-04,-8.935308085208699838e-05,-6.392697058844336766e-05,-3.863682578414539691e-05,-1.631500567507477184e-05,1.589982414626074632e-06,1.430454958780441829e-05,2.199514503146110959e-05,2.508624408887171750e-05,2.432631282073895816e-05,2.058632778980547376e-05,1.478171888303817690e-05,7.778097647389320643e-06,3.315723482506929445e-07,-6.948900976939908224e-06,-1.361674772721612683e-05,-1.938329409925476662e-05,-2.410232627535399132e-05,-2.774574491625874574e-05,-3.037608781691290274e-05,-3.211825541006276880e-05,-3.313321710148407079e-05,-3.359533761430412072e-05,-3.367428293383553645e-05,-3.352195147954527163e-05,-3.326423485411618788e-05,-3.299713531023869045e-05,-3.278644926767227324e-05,-3.267015059212324130e-05,-3.266256465231408209e-05,-3.275950940955643718e-05,-3.294370048336965232e-05,-3.318988600742672442e-05,-3.346934813858764077e-05,-3.375357198719777286e-05,-3.401701729937734716e-05,-3.423902908436089146e-05,-3.440498624924169627e-05,-3.450681786867300550e-05,-3.454302106506380101e-05,-3.451830255346865123e-05,-3.444294546750471564e-05,-3.433198176616021060e-05,-3.420423240181614117e-05,-3.408126522324580543e-05,-3.398631394052177519e-05,-3.394319932351149598e-05,-3.397529351804205792e-05,-3.410456779515700574e-05,-3.435076094856244348e-05,-3.473069892754085110e-05,-3.525778575718692799e-05,-3.594167227501891132e-05,-3.678809412604193603e-05,-3.779885600655964121e-05,-3.897192745751682256e-05,-4.030160871664865312e-05,-4.177872477217824620e-05,-4.339081267383133596e-05,-4.512228133196856449e-05,-4.695454345351082856e-05,-4.886614406075609100e-05,-5.083293640438705878e-05,-5.282838068455055657e-05,-5.482405991014191319e-05,-5.679051662687265343e-05,-5.869851032740553689e-05,-6.052077526524790997e-05,-6.223432013790289590e-05,-6.382325459818459132e-05,-6.528205441995033325e-05,-6.661909171587565104e-05,-6.786016536302057634e-05,-6.905167912036981668e-05,-7.026304188337137912e-05,-7.158781913182746238e-05,-7.314315976119557957e-05,-7.506707043319861203e-05,-7.751321918431627390e-05,-8.064312552077517729e-05,-8.461583215692691903e-05,-8.957544170564869638e-05,-9.563721693706392693e-05,-1.028732525646039176e-04,-1.112989876756961702e-04,-1.208619943031046071e-04,-1.314345039106988556e-04,-1.428109847302572665e-04,-1.547117429198656576e-04,-1.667930012877230346e-04,-1.786632550301369218e-04,-1.899049903624186095e-04,-2.001001773642809619e-04,-2.088574177461032628e-04,-2.158383320442557138e-04,-2.207807651647346705e-04,-2.235166821229463358e-04,-2.239831746118084920e-04,-2.222257197144279686e-04,-2.183936183591099229e-04,-2.127282863042591365e-04,-2.055456864308584548e-04,-1.972146205364537909e-04,-1.881328169111439082e-04,-1.787027624915389678e-04,-1.693090603449935163e-04,-1.602987858458696760e-04,-1.519659107185462573e-04,-1.445404163156690266e-04,-1.381822690793170006e-04,-1.329800440875401955e-04,-1.289536929013710559e-04,-1.260608286446231023e-04,-1.242059423671584633e-04,-1.232522129833647144e-04,-1.230358960500088400e-04,-1.233836074445941852e-04,-1.241327402671022796e-04,-1.251545284363762692e-04,-1.263771369620619715e-04,-1.278024738725152501e-04,-1.295045499389052719e-04,-1.315902853045676285e-04,-1.340967105562864152e-04,-1.367962328268506093e-04,-1.388887986381738657e-04,-1.385862820499284204e-04,-1.326478734602824338e-04,-1.160166139889767079e-04,-8.183750223629628919e-05,-2.230386555450615408e-05,6.904790270197998367e-05,1.928493073922740524e-04,3.365191822538014820e-04,4.637330886587749559e-04,5.016150026723960103e-04,3.283708206097019099e-04
0.000000000000000000e+00,0.000000000000000000e+00,0.000000000000000000e+00,0.000000000000000000e+00,0.000000000000000000e+00,0.000000000000000000e+00,0.000000000000000000e+00,0.000000000000000000e+00,0.000000000000000000e+00,0.000000000000000000e+00,0.000000000000000000e+00,0.000000000000000000e+00,0.000000000000000000e+00,0.000000000000000000e+00,0.000000000000000000e+00,0.000000000000000000e+00,0.000000000000000000e+00,0.000000000000000000e+00,0.000000000000000000e+00,0.000000000000000000e+00,0.000000000000000000e+00,0.000000000000000000e+00,0.000000000000000000e+00,0.000000000000000000e+00,0.000000000000000000e+00,0.000000000000000000e+00,0.000000000000000000e+00,0.000000000000000000e+00,0.000000000000000000e+00,0.000000000000000000e+00,0.000000000000000000e+00,0.000000000000000000e+00,0.000000000000000000e+00,0.000000000000000000e+00,0.000000000000000000e+00,0.000000000000000000e+00,0.000000000000000000e+00,0.000000000000000000e+00,0.000000000000000000e+00,0.000000000000000000e+00,0.000000000000000000e+00,0.000000000000000000e+00,0.000000000000000000e+00,0.000000000000000000e+00,0.000000000000000000e+00,0.000000000000000000e+00,0.000000000000000000e+00,0.000000000000000000e+00,0.000000000000000000e+00,0.000000000000000000e+00,0.000000000000000000e+00,0.000000000000000000e+00,0.000000000000000000e+00,0.000000000000000000e+00,0.000000000000000000e+00,0.000000000000000000e+00,0.000000000000000000e+00,0.000000000000000000e+00,0.000000000000000000e+00,0.000000000000000000e+00,0.000000000000000000e+00,0.000000000000000000e+00,0.000000000000000000e+00,0.000000000000000000e+00,0.000000000000000000e+00,0.000000000000000000e+00,0.000000000000000000e+00,0.000000000000000000e+00,0.000000000000000000e+00,0.000000000000000000e+00,0.000000000000000000e+00,0.000000000000000000e+00,0.000000000000000000e+00,0.000000000000000000e+00,0.000000000000000000e+00,0.000000000000000000e+00,0.000000000000000000e+00,0.000000000000000000e+00,0.000000000000000000e+00,0.000000000000000000e+00,0.000000000000000000e+00,0.000000000000000000e+00,0.000000000000000000e+00,0.000000000000000000e+00,0.000000000000000000e+00,0.000000000000000000e+00,0.000000000000000000e+00,0.000000000000000000e+00,0.000000000000000000e+00,0.000000000000000000e+00,0.000000000000000000e+00,0.000000000000000000e+00,0.000000000000000000e+00,0.000000000000000000e+00,0.000000000000000000e+00,0.000000000000000000e+00,0.000000000000000000e+00,0.000000000000000000e+00,0.000000000000000000e+00,0.000000000000000000e+00,0.000000000000000000e+00,0.000000000000000000e+00,0.000000000000000000e+00,0.000000000000000000e+00,0.000000000000000000e+00,0.000000000000000000e+00,0.000000000000000000e+00,0.000000000000000000e+00,0.000000000000000000e+00,0.000000000000000000e+00,0.000000000000000000e+00,0.000000000000000000e+00,0.000000000000000000e+00,0.000000000000000000e+00,0.000000000000000000e+00,0.000000000000000000e+00,0.000000000000000000e+00,0.000000000000000000e+00,0.000000000000000000e+00,0.000000000000000000e+00,0.000000000000000000e+00,0.000000000000000000e+00,0.000000000000000000e+00,0.000000000000000000e+00,0.000000000000000000e+00,0.000000000000000000e+00,0.000000000000000000e+00,0.000000000000000000e+00,0.000000000000000000e+00,0.000000000000000000e+00,0.000000000000000000e+00,0.000000000000000000e+00,0.000000000000000000e+00,0.000000000000000000e+00,0.000000000000000000e+00,0.000000000000000000e+00,0.000000000000000000e+00,0.000000000000000000e+00,0.000000000000000000e+00,0.000000000000000000e+00,0.000000000000000000e+00,0.000000000000000000e+00,0.000000000000000000e+00,0.000000000000000000e+00,0.000000000000000000e+00,0.000000000000000000e+00,0.000000000000000000e+00,0.000000000000000000e+00,0.000000000000000000e+00,0.000000000000000000e+00,0.000000000000000000e+00,0.000000000000000000e+00,0.000000000000000000e+00,0.000000000000000000e+00,0.000000000000000000e+00,0.000000000000000000e+00,0.000000000000000000e+00,0.000000000000000000e+00,0.000000000000000000e+00,0.000000000000000000e+00,0.000000000000000000e+00,-1.159912279092825460e-04,-1.196962401004954485e-04,-1.199136179266458346e-04,-1.031806714505202366e-04,-7.918430170423062880e-05,-5.334911212596453288e-05,-2.882195980899253905e-05,-8.282798881068200754e-06,7.593647936967998414e-06,1.836736936878937494e-05,2.425558203418964407e-05,2.580125675000284244e-05,2.378690697714826746e-05,1.911037822693254984e-05,1.268120697418818776e-05,5.339318594494372650e-06,-2.203371954895324476e-06,-9.389205835501593348e-06,-1.582488487376431210e-05,-2.127217510918275121e-05,-2.562940841595667832e-05,-2.890561272078068342e-05,-3.119194079042326685e-05,-3.263329639798782944e-05,-3.340240836792641868e-05,-3.367811868993319889e-05,-3.362859625630649905e-05,-3.339978901345542486e-05,-3.310875149947863549e-05,-3.284122719527192002e-05,-3.265259311517679637e-05,-3.257122239069290098e-05,-3.260332940918274429e-05,-3.273847767257983253e-05,-3.295508714259821697e-05,-3.322546426413404864e-05,-3.352005914751541492e-05,-3.381081460654084214e-05,-3.407359637696822616e-05,-3.428977916747296312e-05,-3.444711092608260022e-05,-3.453999448037045828e-05,-3.456932074577466723e-05,-3.454196997828537551e-05,-3.447007550145082192e-05,-3.437012348859508668e-05,-3.426194648580963866e-05,-3.416765819945241336e-05,-3.411057216803479086e-05,-3.411414518865471757e-05,-3.420098557633276980e-05,-3.439196420375637101e-05,-3.470546127052534372e-05,-3.515677317530469133e-05,-3.575769194116908573e-05,-3.651625554260769826e-05,-3.743665286323330846e-05,-3.851925409629457789e-05,-3.976072812839224812e-05,-4.115420484405692483e-05,-4.268944336511500462e-05,-4.435297776307687531e-05,-4.612822906361015765e-05,-4.799559538476591368e-05,-4.993255824941791329e-05,-5.191386980075217119e-05,-5.391190883369301504e-05,-5.589730959367123262e-05,-5.783997181839097793e-05,-5.971055025774905662e-05,-6.148249374895920405e-05,-6.313465682996316334e-05,-6.465444084785166722e-05,-6.604133966563284638e-05,-6.731067222858900091e-05,-6.849718881192099135e-05,-6.965814981142414678e-05,-7.087540848369698306e-05,-7.225599543939888387e-05,-7.393071705689944497e-05,-7.605035372728450216e-05,-7.877918531961509432e-05,-8.228578169929350007e-05,-8.673126911625504438e-05,-9.225560116610202342e-05,-9.896269768504125589e-05,-1.069056268580547564e-04,-1.160732482258257294e-04,-1.263798570723811152e-04,-1.376593293293024807e-04,-1.496650299941626146e-04,-1.620763112313584593e-04,-1.745118143841494689e-04,-1.865490640036596777e-04,-1.977490928072418654e-04,-2.076841736589105471e-04,-2.159662655470802003e-04,-2.222735886568996374e-04,-2.263728685881875879e-04,-2.281352180364033821e-04,-2.275442908017971818e-04,-2.246961470819168818e-04,-2.197910949098778866e-04,-2.131185138996840255e-04,-2.050362424139291740e-04,-1.959464717499595824e-04,-1.862702271631176795e-04,-1.764224420103165309e-04,-1.667893804675867487e-04,-1.577097847837015019e-04,-1.494606630787269038e-04,-1.422481547911304180e-04,-1.362034633727925799e-04,-1.313835007442879660e-04,-1.277756834153488642e-04,-1.253063192888312371e-04,-1.238521972035936574e-04,-1.232553270224930270e-04,-1.233410525502256019e-04,-1.239397766548771228e-04,-1.249117376470519581e-04,-1.261722864252912244e-04,-1.277111782000646466e-04,-1.295935690506487016e-04,-1.319227669392271070e-04,-1.347376365774300181e-04,-1.378140261446747419e-04,-1.403468255252346116e-04,-1.405151235303617944e-04,-1.349891497002723788e-04,-1.185324567660358115e-04,-8.399291143603286624e-05,-2.315368158863466362e-05,7.089274954810165783e-05,1.990441949357321075e-04,3.483988289660536045e-04,4.810793061422220665e-04,5.205964609314528511e-04,3.387100633178546363e-04
0.000000000000000000e+00,0.000000000000000000e+00,0.000000000000000000e+00,0.000000000000000000e+00,0.000000000000000000e+00,0.000000000000000000e+00,0.000000000000000000e+00,0.000000000000000000e+00,0.000000000000000000e+00,0.000000000000000000e+00,0.000000000000000000e+00,0.000000000000000000e+00,0.000000000000000000e+00,0.000000000000000000e+00,0.000000000000000000e+00,0.000000000000000000e+00,0.000000000000000000e+00,0.000000000000000000e+00,0.000000000000000000e+00,0.000000000000000000e+00,0.000000000000000000e+00,0.000000000000000000e+00,0.000000000000000000e+00,0.000000000000000000e+00,0.000000000000000000e+00,0.000000000000000000e+00,0.000000000000000000e+00,0.000000000000000000e+00,0.000000000000000000e+00,0.000000000000000000e+00,0.000000000000000000e+00,0.000000000000000000e+00,0.000000000000000000e+00,0.000000000000000000e+00,0.000000000000000000e+00,0.000000000000000000e+00,0.000000000000000000e+00,0.000000000000000000e+00,0.000000000000000000e+00,0.000000000000000000e+00,0.000000000000000000e+00,0.000000000000000000e+00,0.000000000000000000e+00,0.000000000000000000e+00,0.000000000000000000e+00,0.000000000000000000e+00,0.000000000000000000e+00,0.000000000000000000e+00,0.000000000000000000e+00,0.000000000000000000e+00,0.000000000000000000e+00,0.000000000000000000e+00,0.000000000000000000e+00,0.000000000000000000e+00,0.000000000000000000e+00,0.000000000000000000e+00,0.000000000000000000e+00,0.000000000000000000e+00,0.000000000000000000e+00,0.000000000000000000e+00,0.000000000000000000e+00,0.000000000000000000e+00,0.000000000000000000e+00,0.000000000000000000e+00,0.000000000000000000e+00,0.000000000000000000e+00,0.000000000000000000e+00,0.000000000000000000e+00,0.000000000000000000e+00,0.000000000000000000e+00,0.000000000000000000e+00,0.000000000000000000e+00,0.000000000000000000e+00,0.000000000000000000e+00,0.000000000000000000e+00,0.000000000000000000e+00,0.000000000000000000e+00,0.000000000000000000e+00,0.000000000000000000e+00,0.000000000000000000e+00,0.000000000000000000e+00,0.000000000000000000e+00,0.000000000000000000e+00,0.000000000000000000e+00,0.000000000000000000e+00,0.000000000000000000e+00,0.000000000000000000e+00,0.000000000000000000e+00,0.000000000000000000e+00,0.000000000000000000e+00,0.000000000000000000e+00,0.000000000000000000e+00,0.000000000000000000e+00,0.000000000000000000e+00,0.000000000000000000e+00,0.000000000000000000e+00,0.000000000000000000e+00,0.000000000000000000e+00,0.000000000000000000e+00,0.000000000000000000e+00,0.000000000000000000e+00,0.000000000000000000e+00,0.000000000000000000e+00,0.000000000000000000e+00,0.000000000000000000e+00,0.000000000000000000e+00,0.000000000000000000e+00,0.000000000000000000e+00,0.000000000000000000e+00,0.000000000000000000e+00,0.000000000000000000e+00,0.000000000000000000e+00,0.000000000000000000e+00,0.000000000000000000e+00,0.000000000000000000e+00,0.000000000000000000e+00,0.000000000000000000e+00,0.000000000000000000e+00,0.000000000000000000e+00,0.000000000000000000e+00,0.000000000000000000e+00,0.000000000000000000e+00,0.000000000000000000e+00,0.000000000000000000e+00,0.000000000000000000e+00,0.000000000000000000e+00,0.000000000000000000e+00,0.000000000000000000e+00,0.000000000000000000e+00,0.000000000000000000e+00,0.000000000000000000e+00,0.000000000000000000e+00,0.000000000000000000e+00,0.000000000000000000e+00,0.000000000000000000e+00,0.000000000000000000e+00,0.000000000000000000e+00,0.000000000000000000e+00,0.000000000000000000e+00,0.000000000000000000e+00,0.000000000000000000e+00,0.000000000000000000e+00,0.000000000000000000e+00,0.000000000000000000e+00,0.000000000000000000e+00,0.000000000000000000e+00,0.000000000000000000e+00,0.000000000000000000e+00,0.000000000000000000e+00,0.000000000000000000e+00,0.000000000000000000e+00,0.000000000000000000e+00,0.000000000000000000e+00,0.000000000000000000e+00,0.000000000000000000e+00,0.000000000000000000e+00,0.000000000000000000e+00,0.000000000000000000e+00,0.000000000000000000e+00,0.000000000000000000e+00,0.000000000000000000e+00,-9.285871807088129089e-05,-1.159417282444542488e-04,-1.254044376885132480e-04,-1.148088236288361832e-04,-9.404574396682270220e-05,-6.797210217343238603e-05,-4.273680979742352701e-05,-1.981280455628025384e-05,-1.051409146332336277e-06,1.284154185816650191e-05,2.172528819346239361e-05,2.589007171274416289e-05,2.596745521822804918e-05,2.279140963194808812e-05,1.728243055542076859e-05,1.033540779329132425e-05,2.754892497121578741e-06,-4.796599586382963856e-06,-1.181639743906369665e-05,-1.796545029469389838e-05,-2.305599163662585288e-05,-2.702992428514223300e-05,-2.993161598465862765e-05,-3.187839908388901842e-05,-3.303226660704970831e-05,-3.357464343636185669e-05,-3.368590812671381552e-05,-3.353017299103660832e-05,-3.324542202131876767e-05,-3.293849099643311566e-05,-3.268411592385760437e-05,-3.252707155323284372e-05,-3.248639840327911067e-05,-3.256077877863701019e-05,-3.273427054055281902e-05,-3.298179278891006278e-05,-3.327395673606159540e-05,-3.358101724933293923e-05,-3.387587192003931264e-05,-3.413614399952679356e-05,-3.434545457122260674e-05,-3.449402160890068235e-05,-3.457872897207427322e-05,-3.460279575955464362e-05,-3.457515553164789752e-05,-3.450963234063765393e-05,-3.442398134440122714e-05,-3.433884799614843472e-05,-3.427669166633108403e-05,-3.426071569217379952e-05,-3.431384409378957000e-05,-3.445778341501936520e-05,-3.471220429418225438e-05,-3.509407056793806235e-05,-3.561713341743870577e-05,-3.629159528383092481e-05,-3.712393397573279585e-05,-3.811686386604076608e-05,-3.926939989472017482e-05,-4.057698372941269328e-05,-4.203163087915627328e-05,-4.362206435382422751e-05,-4.533381414017230557e-05,-4.714928223201832652e-05,-4.904779787956773350e-05,-5.100571523840177974e-05,-5.299663170268264768e-05,-5.499182671872132204e-05,-5.696103294978902790e-05,-5.887365093902193999e-05,-6.070050068036207024e-05,-6.241616699053879468e-05,-6.400193866864157968e-05,-6.544926603783992702e-05,-6.676357058791557728e-05,-6.796814127499514453e-05,-6.910775325803953501e-05,-7.025155904829232098e-05,-7.149474243596039725e-05,-7.295840747630848828e-05,-7.478721164543682685e-05,-7.714435592534267104e-05,-8.020372069518144826e-05,-8.413918417301412169e-05,-8.911146804784971247e-05,-9.525320072305439294e-05,-1.026532370780343091e-04,-1.113415802203802766e-04,-1.212764630800512700e-04,-1.323352146110799103e-04,-1.443104136171462627e-04,-1.569124999964182829e-04,-1.697794741815368113e-04,-1.824936131001722096e-04,-1.946043429659831370e-04,-2.056556421936501817e-04,-2.152157190423668724e-04,-2.229063246449872811e-04,-2.284289941025822372e-04,-2.315857761800207818e-04,-2.322925780053530169e-04,-2.305840287711018069e-04,-2.266096396305942702e-04,-2.206218849471148829e-04,-2.129575490078770839e-04,-2.040142002861798415e-04,-1.942239377305108499e-04,-1.840265988006155947e-04,-1.738444533593128572e-04,-1.640600723369331536e-04,-1.549986117114615094e-04,-1.469152476220456560e-04,-1.399880084196803332e-04,-1.343158333501333161e-04,-1.299214215189927434e-04,-1.267583507939890259e-04,-1.247220827218098330e-04,-1.236647420872405889e-04,-1.234138635541761166e-04,-1.237952785775734744e-04,-1.246596145203903306e-04,-1.259098034571037221e-04,-1.275231287288355257e-04,-1.295551508162735887e-04,-1.321050170883790074e-04,-1.352135886585772268e-04,-1.386618141868938415e-04,-1.416429112491744355e-04,-1.423083237423308832e-04,-1.372447290556206591e-04,-1.210395144309624053e-04,-8.624021222969287291e-05,-2.420575294166796409e-05,7.244390272729800786e-05,2.049132890280197603e-04,3.600190822021092111e-04,4.983376335301172109e-04,5.396926767896414014e-04,3.491923575580921976e-04
0.000000000000000000e+00,0.000000000000000000e+00,0.000000000000000000e+00,0.000000000000000000e+00,0.000000000000000000e+00,0.000000000000000000e+00,0.000000000000000000e+00,0.000000000000000000e+00,0.000000000000000000e+00,0.000000000000000000e+00,0.000000000000000000e+00,0.000000000000000000e+00,0.000000000000000000e+00,0.000000000000000000e+00,0.000000000000000000e+00,0.000000000000000000e+00,0.000000000000000000e+00,0.000000000000000000e+00,0.000000000000000000e+00,0.000000000000000000e+00,0.000000000000000000e+00,0.000000000000000000e+00,0.000000000000000000e+00,0.000000000000000000e+00,0.000000000000000000e+00,0.000000000000000000e+00,0.000000000000000000e+00,0.000000000000000000e+00,0.000000000000000000e+00,0.000000000000000000e+00,0.000000000000000000e+00,0.000000000000000000e+00,0.000000000000000000e+00,0.000000000000000000e+00,0.000000000000000000e+00,0.000000000000000000e+00,0.000000000000000000e+00,0.000000000000000000e+00,0.000000000000000000e+00,0.000000000000000000e+00,0.000000000000000000e+00,0.000000000000000000e+00,0.000000000000000000e+00,0.000000000000000000e+00,0.000000000000000000e+00,0.000000000000000000e+00,0.000000000000000000e+00,0.000000000000000000e+00,0.000000000000000000e+00,0.000000000000000000e+00,0.000000000000000000e+00,0.000000000000000000e+00,0.000000000000000000e+00,0.000000000000000000e+00,0.000000000000000000e+00,0.000000000000000000e+00,0.000000000000000000e+00,0.000000000000000000e+00,0.000000000000000000e+00,0.000000000000000000e+00,0.000000000000000000e+00,0.000000000000000000e+00,0.000000000000000000e+00,0.000000000000000000e+00,0.000000000000000000e+00,0.000000000000000000e+00,0.000000000000000000e+00,0.000000000000000000e+00,0.000000000000000000e+00,0.000000000000000000e+00,0.000000000000000000e+00,0.000000000000000000e+00,0.000000000000000000e+00,0.000000000000000000e+00,0.000000000000000000e+00,0.000000000000000000e+00,0.000000000000000000e+00,0.000000000000000000e+00,0.000000000000000000e+00,0.000000000000000000e+00,0.000000000000000000e+00,0.000000000000000000e+00,0.000000000000000000e+00,0.000000000000000000e+00,0.000000000000000000e+00,0.000000000000000000e+00,0.000000000000000000e+00,0.000000000000000000e+00,0.000000000000000000e+00,0.000000000000000000e+00,0.000000000000000000e+00,0.000000000000000000e+00,0.000000000000000000e+00,0.000000000000000000e+00,0.000000000000000000e+00,0.000000000000000000e+00,0.000000000000000000e+00,0.000000000000000000e+00,0.000000000000000000e+00,0.000000000000000000e+00,0.000000000000000000e+00,0.000000000000000000e+00,0.000000000000000000e+00,0.000000000000000000e+00,0.000000000000000000e+00,0.000000000000000000e+00,0.000000000000000000e+00,0.000000000000000000e+00,0.000000000000000000e+00,0.000000000000000000e+00,0.000000000000000000e+00,0.000000000000000000e+00,0.000000000000000000e+00,0.000000000000000000e+00,0.000000000000000000e+00,0.000000000000000000e+00,0.000000000000000000e+00,0.000000000000000000e+00,0.000000000000000000e+00,0.000000000000000000e+00,0.000000000000000000e+00,0.000000000000000000e+00,0.000000000000000000e+00,0.000000000000000000e+00,0.000000000000000000e+00,0.000000000000000000e+00,0.000000000000000000e+00,0.000000000000000000e+00,0.000000000000000000e+00,0.000000000000000000e+00,0.000000000000000000e+00,0.000000000000000000e+00,0.000000000000000000e+00,0.000000000000000000e+00,0.000000000000000000e+00,0.000000000000000000e+00,0.000000000000000000e+00,0.000000000000000000e+00,0.000000000000000000e+00,0.000000000000000000e+00,0.000000000000000000e+00,0.000000000000000000e+00,0.000000000000000000e+00,0.000000000000000000e+00,0.000000000000000000e+00,0.000000000000000000e+00,0.000000000000000000e+00,0.000000000000000000e+00,0.000000000000000000e+00,0.000000000000000000e+00,0.000000000000000000e+00,0.000000000000000000e+00,0.000000000000000000e+00,0.000000000000000000e+00,0.000000000000000000e+00,0.000000000000000000e+00,0.000000000000000000e+00,0.000000000000000000e+00,0.000000000000000000e+00,0.000000000000000000e+00,0.000000000000000000e+00,0.000000000000000000e+00,-9.776475973429597636e-05,-1.249984731237204568e-04,-1.241292103515757340e-04,-1.054467103656965701e-04,-8.277276139888260884e-05,-5.716794060068331606e-05,-3.270364581674768353e-05,-1.148056066654318282e-05,5.421731673472080391e-06,1.739042005491776410e-05,2.441392969482197314e-05,2.690760388091339224e-05,2.560019824016033284e-05,2.136830630798828093e-05,1.514021759797196829e-05,7.786238229489913441e-06,6.618603025874872381e-08,-7.410427375686463569e-06,-1.419798361847639920e-05,-2.001226002212505494e-05,-2.471544747015126079e-05,-2.829163809054502948e-05,-3.081820008285564733e-05,-3.243570409653146212e-05,-3.331995326514544030e-05,-3.365782335189618327e-05,-3.362829778156394423e-05,-3.338903170051972014e-05,-3.306829518737508847e-05,-3.276163686650861319e-05,-3.253235180709934150e-05,-3.241470714971388556e-05,-3.241889271238510055e-05,-3.253677725152222597e-05,-3.274773001337849266e-05,-3.302397399113865621e-05,-3.333514069375009901e-05,-3.365187273781796801e-05,-3.394845728169752807e-05,-3.420456608872769879e-05,-3.440622983707287860e-05,-3.454619322156249296e-05,-3.462379292844500759e-05,-3.464448291465009751e-05,-3.461910862332617621e-05,-3.456301007263364608e-05,-3.449501651897054566e-05,-3.443638377524414838e-05,-3.440971874427891232e-05,-3.443793235310060397e-05,-3.454325999252986297e-05,-3.474638532673584657e-05,-3.506569798621756768e-05,-3.551670690929714799e-05,-3.611161981312386053e-05,-3.685908566074417783e-05,-3.776408341329187793e-05,-3.882792782894201272e-05,-4.004835449104448311e-05,-4.141964239091948185e-05,-4.293273556491526021e-05,-4.457533510001319402e-05,-4.633195014542011340e-05,-4.818391927279613222e-05,-5.010944067890663229e-05,-5.208367738758438851e-05,-5.407902926198271772e-05,-5.606568210542644198e-05,-5.801255219277035637e-05,-5.988873709969510292e-05,-6.166555838627779467e-05,-6.331923541097106618e-05,-6.483416305730166590e-05,-6.620668053814329041e-05,-6.744911955684921364e-05,-6.859381484833352780e-05,-6.969666029333496039e-05,-7.083971183656297848e-05,-7.213229036695467612e-05,-7.371003812105185828e-05,-7.573144595195147044e-05,-7.837150545037522469e-05,-8.181235420614052837e-05,-8.623106873490499669e-05,-9.178510232153652768e-05,-9.859623472449533627e-05,-1.067342568740657719e-04,-1.162019046196723369e-04,-1.269227260940980029e-04,-1.387335644561990544e-04,-1.513831236595258672e-04,-1.645376454205393338e-04,-1.777940821291879980e-04,-1.907003626409878229e-04,-2.027815122928884985e-04,-2.135696244209963962e-04,-2.226351110641142572e-04,-2.296163851507102124e-04,-2.342452005368885317e-04,-2.363652954170805459e-04,-2.359426866587878251e-04,-2.330668400912208529e-04,-2.279428673891921225e-04,-2.208757504713056933e-04,-2.122482725083739712e-04,-2.024947793573992846e-04,-1.920730854976642485e-04,-1.814367841444224788e-04,-1.710099597979816677e-04,-1.611658833216859574e-04,-1.522107619278003472e-04,-1.443730860707215897e-04,-1.377986445153466216e-04,-1.325509327562399457e-04,-1.286165313924220795e-04,-1.259150881467356142e-04,-1.243137844474808773e-04,-1.236464273518374181e-04,-1.237373357150784695e-04,-1.244294671811371842e-04,-1.256142364791524159e-04,-1.272564675507045491e-04,-1.294016482572012182e-04,-1.321442573789410229e-04,-1.355273500513627931e-04,-1.393384700796671948e-04,-1.427725521886172538e-04,-1.439584429255556547e-04,-1.394049793755568450e-04,-1.235269259463937471e-04,-8.856886406107141417e-05,-2.545146406194841870e-05,7.370661805320619087e-05,2.104585384718092253e-04,3.713805269578107594e-04,5.155111955135312186e-04,5.589116091059554954e-04,3.598247301816803268e-04
0.000000000000000000e+00,0.000000000000000000e+00,0.000000000000000000e+00,0.000000000000000000e+00,0.000000000000000000e+00,0.000000000000000000e+00,0.000000000000000000e+00,0.000000000000000000e+00,0.000000000000000000e+00,0.000000000000000000e+00,0.000000000000000000e+00,0.000000000000000000e+00,0.000000000000000000e+00,0.000000000000000000e+00,0.000000000000000000e+00,0.000000000000000000e+00,0.000000000000000000e+00,0.000000000000000000e+00,0.000000000000000000e+00,0.000000000000000000e+00,0.000000000000000000e+00,0.000000000000000000e+00,0.000000000000000000e+00,0.000000000000000000e+00,0.000000000000000000e+00,0.000000000000000000e+00,0.000000000000000000e+00,0.000000000000000000e+00,0.000000000000000000e+00,0.000000000000000000e+00,0.000000000000000000e+00,0.000000000000000000e+00,0.000000000000000000e+00,0.000000000000000000e+00,0.000000000000000000e+00,0.000000000000000000e+00,0.000000000000000000e+00,0.000000000000000000e+00,0.000000000000000000e+00,0.000000000000000000e+00,0.000000000000000000e+00,0.000000000000000000e+00,0.000000000000000000e+00,0.000000000000000000e+00,0.000000000000000000e+00,0.000000000000000000e+00,0.000000000000000000e+00,0.000000000000000000e+00,0.000000000000000000e+00,0.000000000000000000e+00,0.000000000000000000e+00,0.000000000000000000e+00,0.000000000000000000e+00,0.000000000000000000e+00,0.000000000000000000e+00,0.000000000000000000e+00,0.000000000000000000e+00,0.000000000000000000e+00,0.000000000000000000e+00,0.000000000000000000e+00,0.000000000000000000e+00,0.000000000000000000e+00,0.000000000000000000e+00,0.000000000000000000e+00,0.000000000000000000e+00,0.000000000000000000e+00,0.000000000000000000e+00,0.000000000000000000e+00,0.000000000000000000e+00,0.000000000000000000e+00,0.000000000000000000e+00,0.000000000000000000e+00,0.000000000000000000e+00,0.000000000000000000e+00,0.000000000000000000e+00,0.000000000000000000e+00,0.000000000000000000e+00,0.000000000000000000e+00,0.000000000000000000e+00,0.000000000000000000e+00,0.000000000000000000e+00,0.000000000000000000e+00,0.000000000000000000e+00,0.000000000000000000e+00,0.000000000000000000e+00,0.000000000000000000e+00,0.000000000000000000e+00,0.000000000000000000e+00,0.000000000000000000e+00,0.000000000000000000e+00,0.000000000000000000e+00,0.000000000000000000e+00,0.000000000000000000e+00,0.000000000000000000e+00,0.000000000000000000e+00,0.000000000000000000e+00,0.000000000000000000e+00,0.000000000000000000e+00,0.000000000000000000e+00,0.000000000000000000e+00,0.000000000000000000e+00,0.000000000000000000e+00,0.000000000000000000e+00,0.000000000000000000e+00,0.000000000000000000e+00,0.000000000000000000e+00,0.000000000000000000e+00,0.000000000000000000e+00,0.000000000000000000e+00,0.000000000000000000e+00,0.000000000000000000e+00,0.000000000000000000e+00,0.000000000000000000e+00,0.000000000000000000e+00,0.000000000000000000e+00,0.000000000000000000e+00,0.000000000000000000e+00,0.000000000000000000e+00,0.000000000000000000e+00,0.000000000000000000e+00,0.000000000000000000e+00,0.000000000000000000e+00,0.000000000000000000e+00,0.000000000000000000e+00,0.000000000000000000e+00,0.000000000000000000e+00,0.000000000000000000e+00,0.000000000000000000e+00,0.000000000000000000e+00,0.000000000000000000e+00,0.000000000000000000e+00,0.000000000000000000e+00,0.000000000000000000e+00,0.000000000000000000e+00,0.000000000000000000e+00,0.000000000000000000e+00,0.000000000000000000e+00,0.000000000000000000e+00,0.000000000000000000e+00,0.000000000000000000e+00,0.000000000000000000e+00,0.000000000000000000e+00,0.000000000000000000e+00,0.000000000000000000e+00,0.000000000000000000e+00,0.000000000000000000e+00,0.000000000000000000e+00,0.000000000000000000e+00,0.000000000000000000e+00,0.000000000000000000e+00,0.000000000000000000e+00,0.000000000000000000e+00,0.000000000000000000e+00,0.000000000000000000e+00,0.000000000000000000e+00,0.000000000000000000e+00,0.000000000000000000e+00,0.000000000000000000e+00,0.000000000000000000e+00,0.000000000000000000e+00,0.000000000000000000e+00,0.000000000000000000e+00,0.000000000000000000e+00,-1.187296216161982747e-04,-1.219240106908473301e-04,-1.153664522192472035e-04,-9.583111704915809703e-05,-7.135441748339673828e-05,-4.657090955028325805e-05,-2.339735745412719370e-05,-3.791315939686003438e-06,1.122096784753192711e-05,2.123848785853414133e-05,2.642584437584947498e-05,2.731637560880403621e-05,2.472424502519726436e-05,1.955624855319477724e-05,1.272840286181961372e-05,5.078042772091630395e-06,-2.685390502694072570e-06,-1.000829715811963199e-05,-1.650334662102588581e-05,-2.194159359880726643e-05,-2.623420824530900064e-05,-2.940547749628788832e-05,-3.156283866026729783e-05,-3.286668126343702775e-05,-3.350307660723525222e-05,-3.366104175585763700e-05,-3.351534751475728657e-05,-3.321502858292926309e-05,-3.287720224437746516e-05,-3.258539258704201799e-05,-3.239132746721968393e-05,-3.231911172370937203e-05,-3.237074399853774869e-05,-3.253210058366483011e-05,-3.277871667143594510e-05,-3.308091244086024894e-05,-3.340801280815790475e-05,-3.373157318789722403e-05,-3.402764346133798913e-05,-3.427817666526848005e-05,-3.447172520719903017e-05,-3.460357425183056330e-05,-3.467545017601444274e-05,-3.469492085192049018e-05,-3.467458138598572076e-05,-3.463109878661445545e-05,-3.458417387246435880e-05,-3.455546923622471569e-05,-3.456754648644451959e-05,-3.464285302416872793e-05,-3.480279539528970161e-05,-3.506693197083129781e-05,-3.545231028174596722e-05,-3.597296460453719685e-05,-3.663957671987827383e-05,-3.745928958949140621e-05,-3.843565036728778913e-05,-3.956864892386137384e-05,-4.085481134712291498e-05,-4.228730768432671026e-05,-4.385603907627326530e-05,-4.554768323122036154e-05,-4.734569690514846605e-05,-4.923029977602687242e-05,-5.117849200653059975e-05,-5.316418618073271086e-05,-5.515855781088164860e-05,-5.713073439553732676e-05,-5.904894519462364747e-05,-6.088223989517354775e-05,-6.260284960862503841e-05,-6.418920797690004325e-05,-6.562957266115466645e-05,-6.692609264560729361e-05,-6.809905944178986888e-05,-6.919097108659470177e-05,-7.026993794756435780e-05,-7.143188484816114685e-05,-7.280097000078033522e-05,-7.452766486111708874e-05,-7.678403293719838097e-05,-7.975591965895831932e-05,-8.363201974316912372e-05,-8.859011466670075328e-05,-9.478114800439721660e-05,-1.023121958620005063e-04,-1.112297446292695284e-04,-1.215049528040670164e-04,-1.330226881689933356e-04,-1.455760457022413519e-04,-1.588677327749583965e-04,-1.725191560222427527e-04,-1.860872964587394294e-04,-1.990885960923663466e-04,-2.110282137169360343e-04,-2.214322710534348819e-04,-2.298802256838640542e-04,-2.360343636839601822e-04,-2.396636357577266953e-04,-2.406596360492495388e-04,-2.390433545219419764e-04,-2.349622968690896047e-04,-2.286785240650261925e-04,-2.205489958996409558e-04,-2.110002208957930368e-04,-2.004995711945787293e-04,-1.895257073230058971e-04,-1.785403973587599180e-04,-1.679636568196300208e-04,-1.581536422086275739e-04,-1.493921817857309813e-04,-1.418763012924359685e-04,-1.357156904688221839e-04,-1.309358219949708073e-04,-1.274864288777746626e-04,-1.252552256195708295e-04,-1.240870108805831298e-04,-1.238082973953777649e-04,-1.242569513690855052e-04,-1.253143001995791030e-04,-1.269331673853214501e-04,-1.291487514763824140e-04,-1.320505269662037575e-04,-1.356839163315834147e-04,-1.398445369068060948e-04,-1.437323084602482959e-04,-1.454586211288169749e-04,-1.414603071170783143e-04,-1.259835288899172436e-04,-9.096767532209040199e-05,-2.688151969965482384e-05,7.468681750371513640e-05,2.156822080323291555e-04,3.824838405248430083e-04,5.326029566070864798e-04,5.782612440301690632e-04,3.706143097404679876e-04
0.000000000000000000e+00,0.000000000000000000e+00,0.000000000000000000e+00,0.000000000000000000e+00,0.000000000000000000e+00,0.000000000000000000e+00,0.000000000000000000e+00,0.000000000000000000e+00,0.000000000000000000e+00,0.000000000000000000e+00,0.000000000000000000e+00,0.000000000000000000e+00,0.000000000000000000e+00,0.000000000000000000e+00,0.000000000000000000e+00,0.000000000000000000e+00,0.000000000000000000e+00,0.000000000000000000e+00,0.000000000000000000e+00,0.000000000000000000e+00,0.000000000000000000e+00,0.000000000000000000e+00,0.000000000000000000e+00,0.000000000000000000e+00,0.000000000000000000e+00,0.000000000000000000e+00,0.000000000000000000e+00,0.000000000000000000e+00,0.000000000000000000e+00,0.000000000000000000e+00,0.000000000000000000e+00,0.000000000000000000e+00,0.000000000000000000e+00,0.000000000000000000e+00,0.000000000000000000e+00,0.000000000000000000e+00,0.000000000000000000e+00,0.000000000000000000e+00,0.000000000000000000e+00,0.000000000000000000e+00,0.000000000000000000e+00,0.000000000000000000e+00,0.000000000000000000e+00,0.000000000000000000e+00,0.000000000000000000e+00,0.000000000000000000e+00,0.000000000000000000e+00,0.000000000000000000e+00,0.000000000000000000e+00,0.000000000000000000e+00,0.000000000000000000e+00,0.000000000000000000e+00,0.000000000000000000e+00,0.000000000000000000e+00,0.000000000000000000e+00,0.000000000000000000e+00,0.000000000000000000e+00,0.000000000000000000e+00,0.000000000000000000e+00,0.000000000000000000e+00,0.000000000000000000e+00,0.000000000000000000e+00,0.000000000000000000e+00,0.000000000000000000e+00,0.000000000000000000e+00,0.000000000000000000e+00,0.000000000000000000e+00,0.000000000000000000e+00,0.000000000000000000e+00,0.000000000000000000e+00,0.000000000000000000e+00,0.000000000000000000e+00,0.000000000000000000e+00,0.000000000000000000e+00,0.000000000000000000e+00,0.000000000000000000e+00,0.000000000000000000e+00,0.000000000000000000e+00,0.000000000000000000e+00,0.000000000000000000e+00,0.000000000000000000e+00,0.000000000000000000e+00,0.000000000000000000e+00,0.000000000000000000e+00,0.000000000000000000e+00,0.000000000000000000e+00,0.000000000000000000e+00,0.000000000000000000e+00,0.000000000000000000e+00,0.000000000000000000e+00,0.000000000000000000e+00,0.000000000000000000e+00,0.000000000000000000e+00,0.000000000000000000e+00,0.000000000000000000e+00,0.000000000000000000e+00,0.000000000000000000e+00,0.000000000000000000e+00,0.000000000000000000e+00,0.000000000000000000e+00,0.000000000000000000e+00,0.000000000000000000e+00,0.000000000000000000e+00,0.000000000000000000e+00,0.000000000000000000e+00,0.000000000000000000e+00,0.000000000000000000e+00,0.000000000000000000e+00,0.000000000000000000e+00,0.000000000000000000e+00,0.000000000000000000e+00,0.000000000000000000e+00,0.000000000000000000e+00,0.000000000000000000e+00,0.000000000000000000e+00,0.000000000000000000e+00,0.000000000000000000e+00,0.000000000000000000e+00,0.000000000000000000e+00,0.000000000000000000e+00,0.000000000000000000e+00,0.000000000000000000e+00,0.000000000000000000e+00,0.000000000000000000e+00,0.000000000000000000e+00,0.000000000000000000e+00,0.000000000000000000e+00,0.000000000000000000e+00,0.000000000000000000e+00,0.000000000000000000e+00,0.000000000000000000e+00,0.000000000000000000e+00,0.000000000000000000e+00,0.000000000000000000e+00,0.000000000000000000e+00,0.000000000000000000e+00,0.000000000000000000e+00,0.000000000000000000e+00,0.000000000000000000e+00,0.000000000000000000e+00,0.000000000000000000e+00,0.000000000000000000e+00,0.000000000000000000e+00,0.000000000000000000e+00,0.000000000000000000e+00,0.000000000000000000e+00,0.000000000000000000e+00,0.000000000000000000e+00,0.000000000000000000e+00,0.000000000000000000e+00,0.000000000000000000e+00,0.000000000000000000e+00,0.000000000000000000e+00,0.000000000000000000e+00,0.000000000000000000e+00,0.000000000000000000e+00,0.000000000000000000e+00,0.000000000000000000e+00,0.000000000000000000e+00,0.000000000000000000e+00,0.000000000000000000e+00,0.000000000000000000e+00,0.000000000000000000e+00,-1.046663497842554918e-04,-1.229080586254995520e-04,-1.220441999292280657e-04,-1.061791418900932089e-04,-8.533921818401331381e-05,-6.081279746692929068e-05,-3.647760265173142558e-05,-1.462385443536530738e-05,3.239329337052882027e-06,1.631243877533388221e-05,2.436187650496648657e-05,2.775118939322186197e-05,2.713591243541691215e-05,2.337861784333446929e-05,1.740084086879559934e-05,1.009385780431227380e-05,2.255121787646327812e-06,-5.459499948691768645e-06,-1.255533744447805161e-05,-1.870441968124806603e-05,-2.373304238359599667e-05,-2.759974803550990883e-05,-3.036627996353731827e-05,-3.216664089695234007e-05,-3.317724572074157608e-05,-3.359075395888297887e-05,-3.359506601112883378e-05,-3.335812549664417888e-05,-3.301848277207826974e-05,-3.268100567565586237e-05,-3.241679234084133068e-05,-3.226616661515657324e-05,-3.224363624764310871e-05,-3.234381012664390166e-05,-3.254746331268479266e-05,-3.282716363033312209e-05,-3.315209362242673661e-05,-3.349189268088141234e-05,-3.381949173232802242e-05,-3.411301309715160845e-05,-3.435686510595440329e-05,-3.454218269795720868e-05,-3.466676237640667043e-05,-3.473462263613969164e-05,-3.475529799923188034e-05,-3.474295251844466688e-05,-3.471538021633095603e-05,-3.469294729477669125e-05,-3.469752273534534913e-05,-3.475143950941254732e-05,-3.487652487197005416e-05,-3.509323452290573846e-05,-3.541991901172089103e-05,-3.587224250750549605e-05,-3.646276244802517747e-05,-3.720066615457834065e-05,-3.809164683747526346e-05,-3.913789008026691843e-05,-4.033813280784605227e-05,-4.168775354792278670e-05,-4.317885486125019374e-05,-4.480030891041481727e-05,-4.653775329571156006e-05,-4.837354770803092613e-05,-5.028672886174630674e-05,-5.225303092235492319e-05,-5.424506571142540949e-05,-5.623277917296775035e-05,-5.818431143742943838e-05,-6.006738474893851882e-05,-6.185132070693784138e-05,-6.350974475184240867e-05,-6.502396878400675570e-05,-6.638695536073069520e-05,-6.760766170447298558e-05,-6.871544801238082384e-05,-6.976412169121827794e-05,-7.083509271202281430e-05,-7.203905015582307719e-05,-7.351555490093648296e-05,-7.542999330384808100e-05,-7.796746592065677262e-05,-8.132339930476439101e-05,-8.569096636140982614e-05,-9.124576592538057159e-05,-9.812861774221886180e-05,-1.064277310816598806e-04,-1.161618498821801766e-04,-1.272662017709431720e-04,-1.395831229497822268e-04,-1.528590472055402119e-04,-1.667491136198545718e-04,-1.808299776339529312e-04,-1.946205626084798268e-04,-2.076095633227708736e-04,-2.192876397986912702e-04,-2.291815572949592716e-04,-2.368871556983914869e-04,-2.420980406631116839e-04,-2.446272885449452894e-04,-2.444201883626234261e-04,-2.415569952297449995e-04,-2.362456998330766879e-04,-2.288057878988614721e-04,-2.196447557448959306e-04,-2.092296872933651090e-04,-1.980564502466429229e-04,-1.866190419737440707e-04,-1.753813454617355325e-04,-1.647531060629030481e-04,-1.550713870789510924e-04,-1.465882005722005175e-04,-1.394645289609672636e-04,-1.337706447030793217e-04,-1.294925443335780623e-04,-1.265444390481469325e-04,-1.247874484198465664e-04,-1.240546665921466222e-04,-1.241821066370573637e-04,-1.250430524244459170e-04,-1.265792650881373226e-04,-1.288158043773749892e-04,-1.318369823595605080e-04,-1.356908481209548648e-04,-1.401825108620872594e-04,-1.445201370354512157e-04,-1.468028042730899622e-04,-1.434014439957820937e-04,-1.283980042277197905e-04,-9.342501667668545793e-05,-2.848598048827592018e-05,7.539098083398393271e-05,2.205869676642248909e-04,3.933297937113526522e-04,5.496159021958714388e-04,5.977496507837899882e-04,3.815684274628388783e-04
0.000000000000000000e+00,0.000000000000000000e+00,0.000000000000000000e+00,0.000000000000000000e+00,0.000000000000000000e+00,0.000000000000000000e+00,0.000000000000000000e+00,0.000000000000000000e+00,0.000000000000000000e+00,0.000000000000000000e+00,0.000000000000000000e+00,0.000000000000000000e+00,0.000000000000000000e+00,0.000000000000000000e+00,0.000000000000000000e+00,0.000000000000000000e+00,0.000000000000000000e+00,0.000000000000000000e+00,0.000000000000000000e+00,0.000000000000000000e+00,0.000000000000000000e+00,0.000000000000000000e+00,0.000000000000000000e+00,0.000000000000000000e+00,0.000000000000000000e+00,0.000000000000000000e+00,0.000000000000000000e+00,0.000000000000000000e+00,0.000000000000000000e+00,0.000000000000000000e+00,0.000000000000000000e+00,0.000000000000000000e+00,0.000000000000000000e+00,0.000000000000000000e+00,0.000000000000000000e+00,0.000000000000000000e+00,0.000000000000000000e+00,0.000000000000000000e+00,0.000000000000000000e+00,0.000000000000000000e+00,0.000000000000000000e+00,0.000000000000000000e+00,0.000000000000000000e+00,0.000000000000000000e+00,0.000000000000000000e+00,0.000000000000000000e+00,0.000000000000000000e+00,0.000000000000000000e+00,0.000000000000000000e+00,0.000000000000000000e+00,0.000000000000000000e+00,0.000000000000000000e+00,0.000000000000000000e+00,0.000000000000000000e+00,0.000000000000000000e+00,0.000000000000000000e+00,0.000000000000000000e+00,0.000000000000000000e+00,0.000000000000000000e+00,0.000000000000000000e+00,0.000000000000000000e+00,0.000000000000000000e+00,0.000000000000000000e+00,0.000000000000000000e+00,0.000000000000000000e+00,0.000000000000000000e+00,0.000000000000000000e+00,0.000000000000000000e+00,0.000000000000000000e+00,0.000000000000000000e+00,0.000000000000000000e+00,0.000000000000000000e+00,0.000000000000000000e+00,0.000000000000000000e+00,0.000000000000000000e+00,0.000000000000000000e+00,0.000000000000000000e+00,0.000000000000000000e+00,0.000000000000000000e+00,0.000000000000000000e+00,0.000000000000000000e+00,0.000000000000000000e+00,0.000000000000000000e+00,0.000000000000000000e+00,0.000000000000000000e+00,0.000000000000000000e+00,0.000000000000000000e+00,0.000000000000000000e+00,0.000000000000000000e+00,0.000000000000000000e+00,0.000000000000000000e+00,0.000000000000000000e+00,0.000000000000000000e+00,0.000000000000000000e+00,0.000000000000000000e+00,0.000000000000000000e+00,0.000000000000000000e+00,0.000000000000000000e+00,0.000000000000000000e+00,0.000000000000000000e+00,0.000000000000000000e+00,0.000000000000000000e+00,0.000000000000000000e+00,0.000000000000000000e+00,0.000000000000000000e+00,0.000000000000000000e+00,0.000000000000000000e+00,0.000000000000000000e+00,0.000000000000000000e+00,0.000000000000000000e+00,0.000000000000000000e+00,0.000000000000000000e+00,0.000000000000000000e+00,0.000000000000000000e+00,0.000000000000000000e+00,0.000000000000000000e+00,0.000000000000000000e+00,0.000000000000000000e+00,0.000000000000000000e+00,0.000000000000000000e+00,0.000000000000000000e+00,0.000000000000000000e+00,0.000000000000000000e+00,0.000000000000000000e+00,0.000000000000000000e+00,0.000000000000000000e+00,0.000000000000000000e+00,0.000000000000000000e+00,0.000000000000000000e+00,0.000000000000000000e+00,0.000000000000000000e+00,0.000000000000000000e+00,0.000000000000000000e+00,0.000000000000000000e+00,0.000000000000000000e+00,0.000000000000000000e+00,0.000000000000000000e+00,0.000000000000000000e+00,0.000000000000000000e+00,0.000000000000000000e+00,0.000000000000000000e+00,0.000000000000000000e+00,0.000000000000000000e+00,0.000000000000000000e+00,0.000000000000000000e+00,0.000000000000000000e+00,0.000000000000000000e+00,0.000000000000000000e+00,0.000000000000000000e+00,0.000000000000000000e+00,0.000000000000000000e+00,0.000000000000000000e+00,0.000000000000000000e+00,0.000000000000000000e+00,0.000000000000000000e+00,0.000000000000000000e+00,0.000000000000000000e+00,0.000000000000000000e+00,0.000000000000000000e+00,0.000000000000000000e+00,0.000000000000000000e+00,0.000000000000000000e+00,0.000000000000000000e+00,0.000000000000000000e+00,-1.187558386155002955e-04,-1.204876682270261218e-04,-1.155890907739516360e-04,-9.785966466412198523e-05,-7.484794396156463228e-05,-5.037405832898805190e-05,-2.687008762690897926e-05,-6.394721160123507193e-06,9.591837390906479105e-06,2.063031213504125743e-05,2.673479188908503527e-05,2.840580602538169606e-05,2.640219288110922928e-05,2.161006037163522677e-05,1.495014436446373509e-05,7.283655263772130098e-06,-6.382922386098481566e-07,-8.216595144285663969e-06,-1.501833089457475537e-05,-2.077574342235991378e-05,-2.536949700359317144e-05,-2.880307958401442247e-05,-3.117222320875426739e-05,-3.263352572015843021e-05,-3.337539608162500899e-05,-3.359338438949000698e-05,-3.347116865228516298e-05,-3.316752684399058951e-05,-3.280900704061112639e-05,-3.248749176696810552e-05,-3.226158098860371814e-05,-3.216062317717169414e-05,-3.219028069940917314e-05,-3.233868240932006590e-05,-3.258243420502753815e-05,-3.289199340088065350e-05,-3.323612657102397789e-05,-3.358534693559675147e-05,-3.391435528578112910e-05,-3.420358932188259172e-05,-3.444002630226699376e-05,-3.461739300153974917e-05,-3.473592639329085342e-05,-3.480180742319526711e-05,-3.482636718144246571e-05,-3.482514366768147676e-05,-3.481685176245801660e-05,-3.482231789747701879e-05,-3.486342470581602217e-05,-3.496210609319836261e-05,-3.513942964994072376e-05,-3.541479752081633779e-05,-3.580528991771412395e-05,-3.632516489532366163e-05,-3.698551659012873930e-05,-3.779408048739169897e-05,-3.875516237936642685e-05,-3.986965672327598057e-05,-4.113511439106606903e-05,-4.254581828794202440e-05,-4.409283172802600794e-05,-4.576399669937531106e-05,-4.754387958408718789e-05,-4.941368675723269540e-05,-5.135120228214524091e-05,-5.333082903903150221e-05,-5.532384175798021214e-05,-5.729897865398388059e-05,-5.922350536532070914e-05,-6.106487381604076207e-05,-6.279306794648880133e-05,-6.438367339392004913e-05,-6.582163099985825913e-05,-6.710553479767519510e-05,-6.825222157326469653e-05,-6.930127842824506540e-05,-7.031898160477713009e-05,-7.140108805149079777e-05,-7.267385033356965748e-05,-7.429263198331248366e-05,-7.643758220688968682e-05,-7.930599620844047486e-05,-8.310124570398325799e-05,-8.801850513555328260e-05,-9.422790332725231868e-05,-1.018561608483504354e-04,-1.109681808785457826e-04,-1.215503831038361031e-04,-1.334977409783359530e-04,-1.466064411969713167e-04,-1.605737896359420646e-04,-1.750064296702919517e-04,-1.894371504008162137e-04,-2.033496227755861134e-04,-2.162094322619618233e-04,-2.274989213472982557e-04,-2.367527560743097538e-04,-2.435908962308336507e-04,-2.477458297213387347e-04,-2.490815068745667426e-04,-2.476022930373967352e-04,-2.434513130673144471e-04,-2.368986376463436659e-04,-2.283207179661576999e-04,-2.181732055525510542e-04,-2.069597353496190821e-04,-1.951993854259303064e-04,-1.833953787702551931e-04,-1.720072150684983921e-04,-1.614278928210149391e-04,-1.519672983058350342e-04,-1.438423047516581091e-04,-1.371737370344028653e-04,-1.319901894122929673e-04,-1.282387329847939014e-04,-1.258027186365028710e-04,-1.245268823291990630e-04,-1.242493291005175853e-04,-1.248379941141566734e-04,-1.262250812045669069e-04,-1.284260697868933119e-04,-1.315202257343773043e-04,-1.355585813211071153e-04,-1.403571852090979748e-04,-1.451356755718112058e-04,-1.479860537738402143e-04,-1.452196666117019615e-04,-1.307591207370847582e-04,-9.592894771067666615e-05,-3.025441214533340051e-05,7.582613497457217058e-05,2.251758540597249717e-04,4.039193480055669428e-04,5.665530871277399405e-04,6.173851275405815289e-04,3.926946597668990097e-04
0.000000000000000000e+00,0.000000000000000000e+00,0.000000000000000000e+00,0.000000000000000000e+00,0.000000000000000000e+00,0.000000000000000000e+00,0.000000000000000000e+00,0.000000000000000000e+00,0.000000000000000000e+00,0.000000000000000000e+00,0.000000000000000000e+00,0.000000000000000000e+00,0.000000000000000000e+00,0.000000000000000000e+00,0.000000000000000000e+00,0.000000000000000000e+00,0.000000000000000000e+00,0.000000000000000000e+00,0.000000000000000000e+00,0.000000000000000000e+00,0.000000000000000000e+00,0.000000000000000000e+00,0.000000000000000000e+00,0.000000000000000000e+00,0.000000000000000000e+00,0.000000000000000000e+00,0.000000000000000000e+00,0.000000000000000000e+00,0.000000000000000000e+00,0.000000000000000000e+00,0.000000000000000000e+00,0.000000000000000000e+00,0.000000000000000000e+00,0.000000000000000000e+00,0.000000000000000000e+00,0.000000000000000000e+00,0.000000000000000000e+00,0.000000000000000000e+00,0.000000000000000000e+00,0.000000000000000000e+00,0.000000000000000000e+00,0.000000000000000000e+00,0.000000000000000000e+00,0.000000000000000000e+00,0.000000000000000000e+00,0.000000000000000000e+00,0.000000000000000000e+00,0.000000000000000000e+00,0.000000000000000000e+00,0.000000000000000000e+00,0.000000000000000000e+00,0.000000000000000000e+00,0.000000000000000000e+00,0.000000000000000000e+00,0.000000000000000000e+00,0.000000000000000000e+00,0.000000000000000000e+00,0.000000000000000000e+00,0.000000000000000000e+00,0.000000000000000000e+00,0.000000000000000000e+00,0.000000000000000000e+00,0.000000000000000000e+00,0.000000000000000000e+00,0.000000000000000000e+00,0.000000000000000000e+00,0.000000000000000000e+00,0.000000000000000000e+00,0.000000000000000000e+00,0.000000000000000000e+00,0.000000000000000000e+00,0.000000000000000000e+00,0.000000000000000000e+00,0.000000000000000000e+00,0.000000000000000000e+00,0.000000000000000000e+00,0.000000000000000000e+00,0.000000000000000000e+00,0.000000000000000000e+00,0.000000000000000000e+00,0.000000000000000000e+00,0.000000000000000000e+00,0.000000000000000000e+00,0.000000000000000000e+00,0.000000000000000000e+00,0.000000000000000000e+00,0.000000000000000000e+00,0.000000000000000000e+00,0.000000000000000000e+00,0.000000000000000000e+00,0.000000000000000000e+00,0.000000000000000000e+00,0.000000000000000000e+00,0.000000000000000000e+00,0.000000000000000000e+00,0.000000000000000000e+00,0.000000000000000000e+00,0.000000000000000000e+00,0.000000000000000000e+00,0.000000000000000000e+00,0.000000000000000000e+00,0.000000000000000000e+00,0.000000000000000000e+00,0.000000000000000000e+00,0.000000000000000000e+00,0.000000000000000000e+00,0.000000000000000000e+00,0.000000000000000000e+00,0.000000000000000000e+00,0.000000000000000000e+00,0.000000000000000000e+00,0.000000000000000000e+00,0.000000000000000000e+00,0.000000000000000000e+00,0.000000000000000000e+00,0.000000000000000000e+00,0.000000000000000000e+00,0.000000000000000000e+00,0.000000000000000000e+00,0.000000000000000000e+00,0.000000000000000000e+00,0.000000000000000000e+00,0.000000000000000000e+00,0.000000000000000000e+00,0.000000000000000000e+00,0.000000000000000000e+00,0.000000000000000000e+00,0.000000000000000000e+00,0.000000000000000000e+00,0.000000000000000000e+00,0.000000000000000000e+00,0.000000000000000000e+00,0.000000000000000000e+00,0.000000000000000000e+00,0.000000000000000000e+00,0.000000000000000000e+00,0.000000000000000000e+00,0.000000000000000000e+00,0.000000000000000000e+00,0.000000000000000000e+00,0.000000000000000000e+00,0.000000000000000000e+00,0.000000000000000000e+00,0.000000000000000000e+00,0.000000000000000000e+00,0.000000000000000000e+00,0.000000000000000000e+00,0.000000000000000000e+00,0.000000000000000000e+00,0.000000000000000000e+00,0.000000000000000000e+00,0.000000000000000000e+00,0.000000000000000000e+00,0.000000000000000000e+00,0.000000000000000000e+00,0.000000000000000000e+00,0.000000000000000000e+00,0.000000000000000000e+00,0.000000000000000000e+00,0.000000000000000000e+00,0.000000000000000000e+00,0.000000000000000000e+00,0.000000000000000000e+00,0.000000000000000000e+00,-9.921799548302169427e-05,-1.217496626092915752e-04,-1.216109935952457757e-04,-1.079721079328442780e-04,-8.847741775801648025e-05,-6.474208732912084768e-05,-4.009479057240567575e-05,-1.761583442318296082e-05,1.169207384261996885e-06,1.516661480497145584e-05,2.413952093370873395e-05,2.835982636724317931e-05,2.842448558251104031e-05,2.515990076849182344e-05,1.946704150800876291e-05,1.225301915827341173e-05,4.344888156163749599e-06,-3.558354023038188347e-06,-1.091854966810114835e-05,-1.736682056536440486e-05,-2.269566715823145674e-05,-2.683819952358433672e-05,-2.983958943913364492e-05,-3.182548372187821411e-05,-3.297077111980753863e-05,-3.347171671008049006e-05,-3.352314988457591910e-05,-3.330166275350139002e-05,-3.295486950436732061e-05,-3.259618147993197085e-05,-3.230412907122755001e-05,-3.212505660960988463e-05,-3.207800171198532392e-05,-3.216068481058317625e-05,-3.235573864701280140e-05,-3.263654403703994308e-05,-3.297227190302196405e-05,-3.333193441255277544e-05,-3.368740473260688998e-05,-3.401547252498796114e-05,-3.429906362810053493e-05,-3.452777708171945049e-05,-3.469789136480000132e-05,-3.481197510676845187e-05,-3.487821511929438075e-05,-3.490955182176067024e-05,-3.492269393830706728e-05,-3.493707036484451314e-05,-3.497376877924210148e-05,-3.505450423234861046e-05,-3.520065713125849452e-05,-3.543241443114528746e-05,-3.576804196909031964e-05,-3.622330624942154227e-05,-3.681105369366183879e-05,-3.754094202929521035e-05,-3.841930648576879722e-05,-3.944913112580812950e-05,-4.063008791653395919e-05,-4.195860141082837186e-05,-4.342789981534945148e-05,-4.502802140533529831e-05,-4.674576221025397233e-05,-4.856457284145526503e-05,-5.046444097320815442e-05,-5.242182570289560898e-05,-5.440974052483180351e-05,-5.639810572117174393e-05,-5.835450685805301682e-05,-6.024549601225310424e-05,-6.203855462638372417e-05,-6.370479526000884522e-05,-6.522241473720586161e-05,-6.658082130470456008e-05,-6.778524944821572073e-05,-6.886155278057655166e-05,-6.986074107037302085e-05,-7.086271440190331666e-05,-7.197856512376104091e-05,-7.335078379181500085e-05,-7.515073937741679219e-05,-7.757292074687091360e-05,-8.082563740583538795e-05,-8.511818159542112149e-05,-9.064484027723420821e-05,-9.756658533845506784e-05,-1.059917211061689267e-04,-1.159571702654527662e-04,-1.274123656319304458e-04,-1.402078156007614286e-04,-1.540902684962908034e-04,-1.687059817266282999e-04,-1.836129127263227880e-04,-1.983017434283866523e-04,-2.122246320985304521e-04,-2.248295953898097590e-04,-2.355976155418670578e-04,-2.440790815682794936e-04,-2.499261024203747856e-04,-2.529175972418588512e-04,-2.529748214249512728e-04,-2.501660107079336885e-04,-2.446999661658606643e-04,-2.369095007706636155e-04,-2.272265875579906468e-04,-2.161516947366427918e-04,-2.042201191790914746e-04,-1.919681365960114548e-04,-1.799015168782128085e-04,-1.684684786395743595e-04,-1.580385777751015461e-04,-1.488884505467515064e-04,-1.411948773331022213e-04,-1.350353805479245360e-04,-1.303965485217329072e-04,-1.271903882524199941e-04,-1.252790009655595053e-04,-1.245072467335994997e-04,-1.247411166880427636e-04,-1.259053789937694136e-04,-1.280069872420082843e-04,-1.311205975691851389e-04,-1.353007644295471234e-04,-1.403759673718614454e-04,-1.455805753872281506e-04,-1.490048242836737862e-04,-1.469070775511061022e-04,-1.330559354533690692e-04,-9.846741303203927949e-05,-3.217598089314461813e-05,7.599976496788165713e-05,2.294522866958307835e-04,4.142536655505194877e-04,5.834177339023986254e-04,6.371762668563233202e-04,4.040008959001196152e-04
0.000000000000000000e+00,0.000000000000000000e+00,0.000000000000000000e+00,0.000000000000000000e+00,0.000000000000000000e+00,0.000000000000000000e+00,0.000000000000000000e+00,0.000000000000000000e+00,0.000000000000000000e+00,0.000000000000000000e+00,0.000000000000000000e+00,0.000000000000000000e+00,0.000000000000000000e+00,0.000000000000000000e+00,0.000000000000000000e+00,0.000000000000000000e+00,0.000000000000000000e+00,0.000000000000000000e+00,0.000000000000000000e+00,0.000000000000000000e+00,0.000000000000000000e+00,0.000000000000000000e+00,0.000000000000000000e+00,0.000000000000000000e+00,0.000000000000000000e+00,0.000000000000000000e+00,0.000000000000000000e+00,0.000000000000000000e+00,0.000000000000000000e+00,0.000000000000000000e+00,0.000000000000000000e+00,0.000000000000000000e+00,0.000000000000000000e+00,0.000000000000000000e+00,0.000000000000000000e+00,0.000000000000000000e+00,0.000000000000000000e+00,0.000000000000000000e+00,0.000000000000000000e+00,0.000000000000000000e+00,0.000000000000000000e+00,0.000000000000000000e+00,0.000000000000000000e+00,0.000000000000000000e+00,0.000000000000000000e+00,0.000000000000000000e+00,0.000000000000000000e+00,0.000000000000000000e+00,0.000000000000000000e+00,0.000000000000000000e+00,0.000000000000000000e+00,0.000000000000000000e+00,0.000000000000000000e+00,0.000000000000000000e+00,0.000000000000000000e+00,0.000000000000000000e+00,0.000000000000000000e+00,0.000000000000000000e+00,0.000000000000000000e+00,0.000000000000000000e+00,0.000000000000000000e+00,0.000000000000000000e+00,0.000000000000000000e+00,0.000000000000000000e+00,0.000000000000000000e+00,0.000000000000000000e+00,0.000000000000000000e+00,0.000000000000000000e+00,0.000000000000000000e+00,0.000000000000000000e+00,0.000000000000000000e+00,0.000000000000000000e+00,0.000000000000000000e+00,0.000000000000000000e+00,0.000000000000000000e+00,0.000000000000000000e+00,0.000000000000000000e+00,0.000000000000000000e+00,0.000000000000000000e+00,0.000000000000000000e+00,0.000000000000000000e+00,0.000000000000000000e+00,0.000000000000000000e+00,0.000000000000000000e+00,0.000000000000000000e+00,0.000000000000000000e+00,0.000000000000000000e+00,0.000000000000000000e+00,0.000000000000000000e+00,0.000000000000000000e+00,0.000000000000000000e+00,0.000000000000000000e+00,0.000000000000000000e+00,0.000000000000000000e+00,0.000000000000000000e+00,0.000000000000000000e+00,0.000000000000000000e+00,0.000000000000000000e+00,0.000000000000000000e+00,0.000000000000000000e+00,0.000000000000000000e+00,0.000000000000000000e+00,0.000000000000000000e+00,0.000000000000000000e+00,0.000000000000000000e+00,0.000000000000000000e+00,0.000000000000000000e+00,0.000000000000000000e+00,0.000000000000000000e+00,0.000000000000000000e+00,0.000000000000000000e+00,0.000000000000000000e+00,0.000000000000000000e+00,0.000000000000000000e+00,0.000000000000000000e+00,0.000000000000000000e+00,0.000000000000000000e+00,0.000000000000000000e+00,0.000000000000000000e+00,0.000000000000000000e+00,0.000000000000000000e+00,0.000000000000000000e+00,0.000000000000000000e+00,0.000000000000000000e+00,0.000000000000000000e+00,0.000000000000000000e+00,0.000000000000000000e+00,0.000000000000000000e+00,0.000000000000000000e+00,0.000000000000000000e+00,0.000000000000000000e+00,0.000000000000000000e+00,0.000000000000000000e+00,0.000000000000000000e+00,0.000000000000000000e+00,0.000000000000000000e+00,0.000000000000000000e+00,0.000000000000000000e+00,0.000000000000000000e+00,0.000000000000000000e+00,0.000000000000000000e+00,0.000000000000000000e+00,0.000000000000000000e+00,0.000000000000000000e+00,0.000000000000000000e+00,0.000000000000000000e+00,0.000000000000000000e+00,0.000000000000000000e+00,0.000000000000000000e+00,0.000000000000000000e+00,0.000000000000000000e+00,0.000000000000000000e+00,0.000000000000000000e+00,0.000000000000000000e+00,0.000000000000000000e+00,0.000000000000000000e+00,0.000000000000000000e+00,0.000000000000000000e+00,0.000000000000000000e+00,0.000000000000000000e+00,0.000000000000000000e+00,0.000000000000000000e+00,0.000000000000000000e+00,0.000000000000000000e+00,0.000000000000000000e+00,-1.143369363215250312e-04,-1.198247050883426482e-04,-1.161635443025904591e-04,-1.009581952232411014e-04,-7.863481920341278033e-05,-5.423641880720978529e-05,-3.006789329285610674e-05,-8.872425354328486392e-06,7.970571198992908426e-06,1.988983058958337068e-05,2.683754366561285503e-05,2.926501626471495244e-05,2.785098736951084817e-05,2.345775788113477490e-05,1.699840896086125130e-05,9.359209803948074014e-06,1.325722464821394987e-06,-6.461420414676817678e-06,-1.352904694768123358e-05,-1.957350386290913625e-05,-2.444643256014696509e-05,-2.813043438207247685e-05,-3.070838987477393579e-05,-3.233133636419884281e-05,-3.318793364591752842e-05,-3.347817165166595138e-05,-3.339273461453863507e-05,-3.309859082175488321e-05,-3.273059052384863141e-05,-3.238828193824780870e-05,-3.213684243378312475e-05,-3.201089318197260404e-05,-3.202002624989210683e-05,-3.215503669993288722e-05,-3.239408369270668395e-05,-3.270824856748762350e-05,-3.306618368415515779e-05,-3.343773131595597264e-05,-3.379652700909984564e-05,-3.412168807847211662e-05,-3.439873077285959536e-05,-3.461987125071054887e-05,-3.478385551603415657e-05,-3.489544392973633854e-05,-3.496465255646314941e-05,-3.500583366909726434e-05,-3.503666104987343153e-05,-3.507707527934534187e-05,-3.514823603092525608e-05,-3.527152389731927969e-05,-3.546762845678721186e-05,-3.575575415208062701e-05,-3.615296666971756166e-05,-3.667369333816700974e-05,-3.732937819866666691e-05,-3.812828064263542417e-05,-3.907539324234688978e-05,-4.017244518744669536e-05,-4.141795022249749524e-05,-4.280725769767171942e-05,-4.433256950285332495e-05,-4.598289889585422991e-05,-4.774396561398099997e-05,-4.959804814561116369e-05,-5.152384300290814247e-05,-5.349641315025302696e-05,-5.548733602462946666e-05,-5.746518484222763062e-05,-5.939648671167497619e-05,-6.124729581506221574e-05,-6.298549190764709659e-05,-6.458386355431880693e-05,-6.602395767107965959e-05,-6.730057649669753009e-05,-6.842668228941959513e-05,-6.943834025593442533e-05,-7.039920175159847476e-05,-7.140392143666773753e-05,-7.257983070527328413e-05,-7.408617774536735629e-05,-7.611030912069845450e-05,-7.886032571353398472e-05,-8.255400277994409046e-05,-8.740411755387085849e-05,-9.360075811362077440e-05,-1.012916602641793121e-04,-1.105620811635655768e-04,-1.214161042599403123e-04,-1.337615046689069067e-04,-1.474003181606716416e-04,-1.620269962447991774e-04,-1.772354751965953500e-04,-1.925356627874176942e-04,-2.073788320058386877e-04,-2.211903318754137487e-04,-2.334070407479716302e-04,-2.435162580824419098e-04,-2.510923886701091324e-04,-2.558278881642700236e-04,-2.575555032262105085e-04,-2.562597678598923156e-04,-2.520768674444937344e-04,-2.452831842184109820e-04,-2.362739311233272104e-04,-2.255341365188811870e-04,-2.136047810088658393e-04,-2.010470826147784502e-04,-1.884077995683789547e-04,-1.761880349827553275e-04,-1.648174799845730472e-04,-1.546354408816355878e-04,-1.458794836218567988e-04,-1.386822013712539524e-04,-1.330765086771060093e-04,-1.290099225989041183e-04,-1.263682519062962718e-04,-1.250085022884704666e-04,-1.247988650509529820e-04,-1.256594799001383973e-04,-1.275903842615402472e-04,-1.306624668047515680e-04,-1.349345730023052917e-04,-1.402492209350606432e-04,-1.458588194684689243e-04,-1.498572807235308048e-04,-1.484568678592473466e-04,-1.352780395981599711e-04,-1.010284125270731795e-04,-3.423959909847553600e-05,7.591975335340322235e-05,2.334200266666171817e-04,4.243341438545656904e-04,6.002132707539441616e-04,6.571320456468697979e-04,4.154953807637194827e-04
0.000000000000000000e+00,0.000000000000000000e+00,0.000000000000000000e+00,0.000000000000000000e+00,0.000000000000000000e+00,0.000000000000000000e+00,0.000000000000000000e+00,0.000000000000000000e+00,0.000000000000000000e+00,0.000000000000000000e+00,0.000000000000000000e+00,0.000000000000000000e+00,0.000000000000000000e+00,0.000000000000000000e+00,0.000000000000000000e+00,0.000000000000000000e+00,0.000000000000000000e+00,0.000000000000000000e+00,0.000000000000000000e+00,0.000000000000000000e+00,0.000000000000000000e+00,0.000000000000000000e+00,0.000000000000000000e+00,0.000000000000000000e+00,0.000000000000000000e+00,0.000000000000000000e+00,0.000000000000000000e+00,0.000000000000000000e+00,0.000000000000000000e+00,0.000000000000000000e+00,0.000000000000000000e+00,0.000000000000000000e+00,0.000000000000000000e+00,0.000000000000000000e+00,0.000000000000000000e+00,0.000000000000000000e+00,0.000000000000000000e+00,0.000000000000000000e+00,0.000000000000000000e+00,0.000000000000000000e+00,0.000000000000000000e+00,0.000000000000000000e+00,0.000000000000000000e+00,0.000000000000000000e+00,0.000000000000000000e+00,0.000000000000000000e+00,0.000000000000000000e+00,0.000000000000000000e+00,0.000000000000000000e+00,0.000000000000000000e+00,0.000000000000000000e+00,0.000000000000000000e+00,0.000000000000000000e+00,0.000000000000000000e+00,0.000000000000000000e+00,0.000000000000000000e+00,0.000000000000000000e+00,0.000000000000000000e+00,0.000000000000000000e+00,0.000000000000000000e+00,0.000000000000000000e+00,0.000000000000000000e+00,0.000000000000000000e+00,0.000000000000000000e+00,0.000000000000000000e+00,0.000000000000000000e+00,0.000000000000000000e+00,0.000000000000000000e+00,0.000000000000000000e+00,0.000000000000000000e+00,0.000000000000000000e+00,0.000000000000000000e+00,0.000000000000000000e+00,0.000000000000000000e+00,0.000000000000000000e+00,0.000000000000000000e+00,0.000000000000000000e+00,0.000000000000000000e+00,0.000000000000000000e+00,0.000000000000000000e+00,0.000000000000000000e+00,0.000000000000000000e+00,0.000000000000000000e+00,0.000000000000000000e+00,0.000000000000000000e+00,0.000000000000000000e+00,0.000000000000000000e+00,0.000000000000000000e+00,0.000000000000000000e+00,0.000000000000000000e+00,0.000000000000000000e+00,0.000000000000000000e+00,0.000000000000000000e+00,0.000000000000000000e+00,0.000000000000000000e+00,0.000000000000000000e+00,0.000000000000000000e+00,0.000000000000000000e+00,0.000000000000000000e+00,0.000000000000000000e+00,0.000000000000000000e+00,0.000000000000000000e+00,0.000000000000000000e+00,0.000000000000000000e+00,0.000000000000000000e+00,0.000000000000000000e+00,0.000000000000000000e+00,0.000000000000000000e+00,0.000000000000000000e+00,0.000000000000000000e+00,0.000000000000000000e+00,0.000000000000000000e+00,0.000000000000000000e+00,0.000000000000000000e+00,0.000000000000000000e+00,0.000000000000000000e+00,0.000000000000000000e+00,0.000000000000000000e+00,0.000000000000000000e+00,0.000000000000000000e+00,0.000000000000000000e+00,0.000000000000000000e+00,0.000000000000000000e+00,0.000000000000000000e+00,0.000000000000000000e+00,0.000000000000000000e+00,0.000000000000000000e+00,0.000000000000000000e+00,0.000000000000000000e+00,0.000000000000000000e+00,0.000000000000000000e+00,0.000000000000000000e+00,0.000000000000000000e+00,0.000000000000000000e+00,0.000000000000000000e+00,0.000000000000000000e+00,0.000000000000000000e+00,0.000000000000000000e+00,0.000000000000000000e+00,0.000000000000000000e+00,0.000000000000000000e+00,0.000000000000000000e+00,0.000000000000000000e+00,0.000000000000000000e+00,0.000000000000000000e+00,0.000000000000000000e+00,0.000000000000000000e+00,0.000000000000000000e+00,0.000000000000000000e+00,0.000000000000000000e+00,0.000000000000000000e+00,0.000000000000000000e+00,0.000000000000000000e+00,0.000000000000000000e+00,0.000000000000000000e+00,0.000000000000000000e+00,0.000000000000000000e+00,0.000000000000000000e+00,0.000000000000000000e+00,0.000000000000000000e+00,0.000000000000000000e+00,0.000000000000000000e+00,0.000000000000000000e+00,0.000000000000000000e+00,0.000000000000000000e+00,-9.423044232433344864e-05,-1.182206518047208501e-04,-1.211147774763608856e-04,-1.103137918246208040e-04,-9.249963655878538861e-05,-6.853209640681295314e-05,-4.351172434835047628e-05,-2.037076253954438258e-05,-8.571151846163090487e-07,1.391038102848603263e-05,2.373598180731223414e-05,2.875177825551005460e-05,2.949645499115604241e-05,2.672938818090509467e-05,2.134347181640532402e-05,1.425504043262649015e-05,6.320508930997399803e-06,-1.725116753713518643e-06,-9.305484764446359569e-06,-1.601524498906491494e-05,-2.161567103040920896e-05,-2.601528647884298841e-05,-2.924239150185125132e-05,-3.141301116213440742e-05,-3.269872393608855011e-05,-3.329733428117504342e-05,-3.340854814296139586e-05,-3.321577467132701806e-05,-3.287422833255051650e-05,-3.250483997531385864e-05,-3.219298731240382937e-05,-3.199084164435222452e-05,-3.192208798696476369e-05,-3.198789499361610796e-05,-3.217321814608402661e-05,-3.245276438059947267e-05,-3.279619057060038608e-05,-3.317231838636601861e-05,-3.355231287741189243e-05,-3.391188391976407825e-05,-3.423263471912330269e-05,-3.450270833146343275e-05,-3.471688311960324742e-05,-3.487625324508712818e-05,-3.498760825576363007e-05,-3.506260498983792114e-05,-3.511680629123251800e-05,-3.516864853171372334e-05,-3.523838983801215599e-05,-3.534708545067142638e-05,-3.551563024885676675e-05,-3.576390374242012255e-05,-3.611004444203995108e-05,-3.656987237707989846e-05,-3.715646620934805818e-05,-3.787989013185293205e-05,-3.874705193973784344e-05,-3.976166343709386418e-05,-4.092426453387184134e-05,-4.223226930987053815e-05,-4.367999266808308831e-05,-4.525862564870929236e-05,-4.695614186474691482e-05,-4.875714106593140469e-05,-5.064266286699268052e-05,-5.259003632720552895e-05,-5.457286187730858875e-05,-5.656125104142852646e-05,-5.852246764186219127e-05,-6.042212038633129368e-05,-6.222604210234641343e-05,-6.390295475200549529e-05,-6.542795550556354208e-05,-6.678677051747705944e-05,-6.798060914311204630e-05,-6.903132169371961960e-05,-6.998642616704589753e-05,-7.092344123310193374e-05,-7.195285986067030107e-05,-7.321904359561461778e-05,-7.489833059712193029e-05,-7.719375236541349116e-05,-8.032595609165184075e-05,-8.452023771311196847e-05,-8.998999399438798754e-05,-9.691737617341344405e-05,-1.054324272177296608e-04,-1.155924496069351789e-04,-1.273637050186710138e-04,-1.406077143082136297e-04,-1.550743348998014938e-04,-1.704033995387748009e-04,-1.861359999704452126e-04,-2.017355409761762688e-04,-2.166175773261567734e-04,-2.301863296899104986e-04,-2.418748275010015273e-04,-2.511850104806255513e-04,-2.577239512531187137e-04,-2.612326819180789384e-04,-2.616048737837926874e-04,-2.588937141110113751e-04,-2.533065793162631095e-04,-2.451883416307302946e-04,-2.349952054487804609e-04,-2.232617355628221749e-04,-2.105641508476139667e-04,-1.974830104281157883e-04,-1.845681607895608095e-04,-1.723083322583949823e-04,-1.611071907703654480e-04,-1.512671019529202682e-04,-1.429814678468955343e-04,-1.363363203662321360e-04,-1.313218479378097008e-04,-1.278544651626225583e-04,-1.258094206774201731e-04,-1.250620181727602289e-04,-1.255313080535041615e-04,-1.272126529297972527e-04,-1.301744870321261535e-04,-1.344810257135885278e-04,-1.399905951641823619e-04,-1.459770632898702947e-04,-1.505436093811995252e-04,-1.498636112638712236e-04,-1.374157961077393541e-04,-1.036002065479109337e-04,-3.643405937367720938e-05,7.559428065503680314e-05,2.370831452857491634e-04,4.341624064272649793e-04,6.169433764858212564e-04,6.772618762841579399e-04,4.271867636416443030e-04
0.000000000000000000e+00,0.000000000000000000e+00,0.000000000000000000e+00,0.000000000000000000e+00,0.000000000000000000e+00,0.000000000000000000e+00,0.000000000000000000e+00,0.000000000000000000e+00,0.000000000000000000e+00,0.000000000000000000e+00,0.000000000000000000e+00,0.000000000000000000e+00,0.000000000000000000e+00,0.000000000000000000e+00,0.000000000000000000e+00,0.000000000000000000e+00,0.000000000000000000e+00,0.000000000000000000e+00,0.000000000000000000e+00,0.000000000000000000e+00,0.000000000000000000e+00,0.000000000000000000e+00,0.000000000000000000e+00,0.000000000000000000e+00,0.000000000000000000e+00,0.000000000000000000e+00,0.000000000000000000e+00,0.000000000000000000e+00,0.000000000000000000e+00,0.000000000000000000e+00,0.000000000000000000e+00,0.000000000000000000e+00,0.000000000000000000e+00,0.000000000000000000e+00,0.000000000000000000e+00,0.000000000000000000e+00,0.000000000000000000e+00,0.000000000000000000e+00,0.000000000000000000e+00,0.000000000000000000e+00,0.000000000000000000e+00,0.000000000000000000e+00,0.000000000000000000e+00,0.000000000000000000e+00,0.000000000000000000e+00,0.000000000000000000e+00,0.000000000000000000e+00,0.000000000000000000e+00,0.000000000000000000e+00,0.000000000000000000e+00,0.000000000000000000e+00,0.000000000000000000e+00,0.000000000000000000e+00,0.000000000000000000e+00,0.000000000000000000e+00,0.000000000000000000e+00,0.000000000000000000e+00,0.000000000000000000e+00,0.000000000000000000e+00,0.000000000000000000e+00,0.000000000000000000e+00,0.000000000000000000e+00,0.000000000000000000e+00,0.000000000000000000e+00,0.000000000000000000e+00,0.000000000000000000e+00,0.000000000000000000e+00,0.000000000000000000e+00,0.000000000000000000e+00,0.000000000000000000e+00,0.000000000000000000e+00,0.000000000000000000e+00,0.000000000000000000e+00,0.000000000000000000e+00,0.000000000000000000e+00,0.000000000000000000e+00,0.000000000000000000e+00,0.000000000000000000e+00,0.000000000000000000e+00,0.000000000000000000e+00,0.000000000000000000e+00,0.000000000000000000e+00,0.000000000000000000e+00,0.000000000000000000e+00,0.000000000000000000e+00,0.000000000000000000e+00,0.000000000000000000e+00,0.000000000000000000e+00,0.000000000000000000e+00,0.000000000000000000e+00,0.000000000000000000e+00,0.000000000000000000e+00,0.000000000000000000e+00,0.000000000000000000e+00,0.000000000000000000e+00,0.000000000000000000e+00,0.000000000000000000e+00,0.000000000000000000e+00,0.000000000000000000e+00,0.000000000000000000e+00,0.000000000000000000e+00,0.000000000000000000e+00,0.000000000000000000e+00,0.000000000000000000e+00,0.000000000000000000e+00,0.000000000000000000e+00,0.000000000000000000e+00,0.000000000000000000e+00,0.000000000000000000e+00,0.000000000000000000e+00,0.000000000000000000e+00,0.000000000000000000e+00,0.000000000000000000e+00,0.000000000000000000e+00,0.000000000000000000e+00,0.000000000000000000e+00,0.000000000000000000e+00,0.000000000000000000e+00,0.000000000000000000e+00,0.000000000000000000e+00,0.000000000000000000e+00,0.000000000000000000e+00,0.000000000000000000e+00,0.000000000000000000e+00,0.000000000000000000e+00,0.000000000000000000e+00,0.000000000000000000e+00,0.000000000000000000e+00,0.000000000000000000e+00,0.000000000000000000e+00,0.000000000000000000e+00,0.000000000000000000e+00,0.000000000000000000e+00,0.000000000000000000e+00,0.000000000000000000e+00,0.000000000000000000e+00,0.000000000000000000e+00,0.000000000000000000e+00,0.000000000000000000e+00,0.000000000000000000e+00,0.000000000000000000e+00,0.000000000000000000e+00,0.000000000000000000e+00,0.000000000000000000e+00,0.000000000000000000e+00,0.000000000000000000e+00,0.000000000000000000e+00,0.000000000000000000e+00,0.000000000000000000e+00,0.000000000000000000e+00,0.000000000000000000e+00,0.000000000000000000e+00,0.000000000000000000e+00,0.000000000000000000e+00,0.000000000000000000e+00,0.000000000000000000e+00,0.000000000000000000e+00,0.000000000000000000e+00,0.000000000000000000e+00,0.000000000000000000e+00,0.000000000000000000e+00,0.000000000000000000e+00,0.000000000000000000e+00,0.000000000000000000e+00,0.000000000000000000e+00,0.000000000000000000e+00,-1.097534208609464256e-04,-1.159120017482894582e-04,-1.186271609364904401e-04,-1.045597967600668722e-04,-8.253700038291353531e-05,-5.759919221750179155e-05,-3.291080208512862947e-05,-1.129406011442716628e-05,6.252494180318084081e-06,1.896443446867640171e-05,2.675195641805756683e-05,2.991944176131984597e-05,2.909370708279204089e-05,2.510415644706332779e-05,1.886818131899356481e-05,1.129222165344158935e-05,3.191182456655060057e-06,-4.759259065003899275e-06,-1.205117090987847582e-05,-1.834826415892122620e-05,-2.347517460480574340e-05,-2.739405342845397499e-05,-3.017442701700116843e-05,-3.196040751162844472e-05,-3.293904335657925640e-05,-3.331268155819091593e-05,-3.327698607331400340e-05,-3.300536693509752736e-05,-3.263963134929747810e-05,-3.228610715611034896e-05,-3.201610247741883700e-05,-3.186944263318820916e-05,-3.185986933740990776e-05,-3.198125512922871507e-05,-3.221382227846214915e-05,-3.252980536970617319e-05,-3.289823123764215525e-05,-3.328868004252754281e-05,-3.367403211235043387e-05,-3.403229309680318437e-05,-3.434763596351781805e-05,-3.461081030788390440e-05,-3.481906232897284085e-05,-3.497568961552830006e-05,-3.508933473689794497e-05,-3.517310150181441692e-05,-3.524356370467105723e-05,-3.531972415108670233e-05,-3.542197519748289134e-05,-3.557110476025007815e-05,-3.578738712773938541e-05,-3.608978971417523099e-05,-3.649531962614432684e-05,-3.701852210130648717e-05,-3.767113227669669542e-05,-3.846186770899751885e-05,-3.939633827200643488e-05,-4.047703843951789789e-05,-4.170338155614253359e-05,-4.307173255835215585e-05,-4.457540138586021066e-05,-4.620456952120303171e-05,-4.794614213362534936e-05,-4.978354243551143954e-05,-5.169649652078175944e-05,-5.366088866007528660e-05,-5.564879991309790418e-05,-5.762886784926538340e-05,-5.956712143674179372e-05,-6.142844307834725490e-05,-6.317878838285605236e-05,-6.478824560148611954e-05,-6.623494231781557767e-05,-6.750970391238562181e-05,-6.862124400137505965e-05,-6.960152639036094652e-05,-7.051079678821091867e-05,-7.144165453748261359e-05,-7.252144305755363655e-05,-7.391220231850403834e-05,-7.580747193977281217e-05,-7.842537569772117898e-05,-8.199767079796224211e-05,-8.675480600972730735e-05,-9.290748795846325079e-05,-1.006257685824116151e-04,-1.100171870713774052e-04,-1.211059540768140127e-04,-1.338154744287681273e-04,-1.479565842480860859e-04,-1.632236646668086446e-04,-1.792002532290018870e-04,-1.953749225455335132e-04,-2.111671072989373195e-04,-2.259613675979854175e-04,-2.391474502052320548e-04,-2.501626334272869217e-04,-2.585323721144686441e-04,-2.639052907837125266e-04,-2.660791126291201804e-04,-2.650150802730884248e-04,-2.608396696362215959e-04,-2.538337350538312455e-04,-2.444104658973753931e-04,-2.330845307052649374e-04,-2.204354352484029381e-04,-2.070683890475654614e-04,-1.935758836636269746e-04,-1.805028117100298396e-04,-1.683174164178954945e-04,-1.573897989146262339e-04,-1.479792622636644944e-04,-1.402315241551540604e-04,-1.341867623257955396e-04,-1.297993535213282546e-04,-1.269695547105579745e-04,-1.255854649512546598e-04,-1.255693624397704331e-04,-1.269148681173423059e-04,-1.296898261593286905e-04,-1.339652772637329916e-04,-1.396173595248335984e-04,-1.459449713312947587e-04,-1.510663500911825995e-04,-1.511235592811961670e-04,-1.394606036622761413e-04,-1.061715207143116592e-04,-3.874819736125972944e-05,7.503172621895754901e-05,2.404459599591040079e-04,4.437402902698326691e-04,6.336119906572827308e-04,6.975756570831148900e-04,4.390841341226051249e-04
0.000000000000000000e+00,0.000000000000000000e+00,0.000000000000000000e+00,0.000000000000000000e+00,0.000000000000000000e+00,0.000000000000000000e+00,0.000000000000000000e+00,0.000000000000000000e+00,0.000000000000000000e+00,0.000000000000000000e+00,0.000000000000000000e+00,0.000000000000000000e+00,0.000000000000000000e+00,0.000000000000000000e+00,0.000000000000000000e+00,0.000000000000000000e+00,0.000000000000000000e+00,0.000000000000000000e+00,0.000000000000000000e+00,0.000000000000000000e+00,0.000000000000000000e+00,0.000000000000000000e+00,0.000000000000000000e+00,0.000000000000000000e+00,0.000000000000000000e+00,0.000000000000000000e+00,0.000000000000000000e+00,0.000000000000000000e+00,0.000000000000000000e+00,0.000000000000000000e+00,0.000000000000000000e+00,0.000000000000000000e+00,0.000000000000000000e+00,0.000000000000000000e+00,0.000000000000000000e+00,0.000000000000000000e+00,0.000000000000000000e+00,0.000000000000000000e+00,0.000000000000000000e+00,0.000000000000000000e+00,0.000000000000000000e+00,0.000000000000000000e+00,0.000000000000000000e+00,0.000000000000000000e+00,0.000000000000000000e+00,0.000000000000000000e+00,0.000000000000000000e+00,0.000000000000000000e+00,0.000000000000000000e+00,0.000000000000000000e+00,0.000000000000000000e+00,0.000000000000000000e+00,0.000000000000000000e+00,0.000000000000000000e+00,0.000000000000000000e+00,0.000000000000000000e+00,0.000000000000000000e+00,0.000000000000000000e+00,0.000000000000000000e+00,0.000000000000000000e+00,0.000000000000000000e+00,0.000000000000000000e+00,0.000000000000000000e+00,0.000000000000000000e+00,0.000000000000000000e+00,0.000000000000000000e+00,0.000000000000000000e+00,0.000000000000000000e+00,0.000000000000000000e+00,0.000000000000000000e+00,0.000000000000000000e+00,0.000000000000000000e+00,0.000000000000000000e+00,0.000000000000000000e+00,0.000000000000000000e+00,0.000000000000000000e+00,0.000000000000000000e+00,0.000000000000000000e+00,0.000000000000000000e+00,0.000000000000000000e+00,0.000000000000000000e+00,0.000000000000000000e+00,0.000000000000000000e+00,0.000000000000000000e+00,0.000000000000000000e+00,0.000000000000000000e+00,0.000000000000000000e+00,0.000000000000000000e+00,0.000000000000000000e+00,0.000000000000000000e+00,0.000000000000000000e+00,0.000000000000000000e+00,0.000000000000000000e+00,0.000000000000000000e+00,0.000000000000000000e+00,0.000000000000000000e+00,0.000000000000000000e+00,0.000000000000000000e+00,0.000000000000000000e+00,0.000000000000000000e+00,0.000000000000000000e+00,0.000000000000000000e+00,0.000000000000000000e+00,0.000000000000000000e+00,0.000000000000000000e+00,0.000000000000000000e+00,0.000000000000000000e+00,0.000000000000000000e+00,0.000000000000000000e+00,0.000000000000000000e+00,0.000000000000000000e+00,0.000000000000000000e+00,0.000000000000000000e+00,0.000000000000000000e+00,0.000000000000000000e+00,0.000000000000000000e+00,0.000000000000000000e+00,0.000000000000000000e+00,0.000000000000000000e+00,0.000000000000000000e+00,0.000000000000000000e+00,0.000000000000000000e+00,0.000000000000000000e+00,0.000000000000000000e+00,0.000000000000000000e+00,0.000000000000000000e+00,0.000000000000000000e+00,0.000000000000000000e+00,0.000000000000000000e+00,0.000000000000000000e+00,0.000000000000000000e+00,0.000000000000000000e+00,0.000000000000000000e+00,0.000000000000000000e+00,0.000000000000000000e+00,0.000000000000000000e+00,0.000000000000000000e+00,0.000000000000000000e+00,0.000000000000000000e+00,0.000000000000000000e+00,0.000000000000000000e+00,0.000000000000000000e+00,0.000000000000000000e+00,0.000000000000000000e+00,0.000000000000000000e+00,0.000000000000000000e+00,0.000000000000000000e+00,0.000000000000000000e+00,0.000000000000000000e+00,0.000000000000000000e+00,0.000000000000000000e+00,0.000000000000000000e+00,0.000000000000000000e+00,0.000000000000000000e+00,0.000000000000000000e+00,0.000000000000000000e+00,0.000000000000000000e+00,0.000000000000000000e+00,0.000000000000000000e+00,0.000000000000000000e+00,0.000000000000000000e+00,0.000000000000000000e+00,0.000000000000000000e+00,0.000000000000000000e+00,0.000000000000000000e+00,0.000000000000000000e+00,-8.693909017903924644e-05,-1.109770872051581793e-04,-1.223746859217294538e-04,-1.144186273319740754e-04,-9.588896852994359735e-05,-7.128898534502088038e-05,-4.646104481443778610e-05,-2.302345263201104446e-05,-3.034043394963437038e-06,1.250682980190080032e-05,2.316297275165642928e-05,2.896981478351536276e-05,3.037195776007770595e-05,2.809447490881491954e-05,2.302523775897198912e-05,1.608996098696207594e-05,8.169046040345509171e-06,2.557002864545651862e-08,-7.731022783477804855e-06,-1.466357400324500208e-05,-2.050458820316026693e-05,-2.513952744958216021e-05,-2.858003075898525765e-05,-3.093175887712695652e-05,-3.236146312131949620e-05,-3.306650453333086329e-05,-3.324935920309778065e-05,-3.309828430769116650e-05,-3.277447054620069924e-05,-3.240518682985133901e-05,-3.208194489918390755e-05,-3.186245867173559642e-05,-3.177512661076415654e-05,-3.182488520380517323e-05,-3.199948437127619135e-05,-3.227549027708891111e-05,-3.262356606574592910e-05,-3.301279883540915948e-05,-3.341400728692373192e-05,-3.380207932474506825e-05,-3.415745496242889452e-05,-3.446689765110112676e-05,-3.472369950752778804e-05,-3.492745215841275497e-05,-3.508349667860955926e-05,-3.520214588484290159e-05,-3.529775713311875790e-05,-3.538772020592772420e-05,-3.549141716939453809e-05,-3.562920281737004974e-05,-3.582144949841472805e-05,-3.608769189976620190e-05,-3.644590071662762003e-05,-3.691190276618857901e-05,-3.749895518394401079e-05,-3.821746731098715825e-05,-3.907485284745010378e-05,-4.007548189898467710e-05,-4.122069527214286620e-05,-4.250883719682622828e-05,-4.393526499132304554e-05,-4.549230022431923208e-05,-4.716910209735746641e-05,-4.895146430560112750e-05,-5.082156614682531627e-05,-5.275773979237035168e-05,-5.473435065924961771e-05,-5.672191762525293814e-05,-5.868762439908201524e-05,-6.059638253230546751e-05,-6.241259928017959657e-05,-6.410277046900619868e-05,-6.563896013878321451e-05,-6.700313961868142540e-05,-6.819224424198576742e-05,-6.922366814307153392e-05,-7.014076992441235423e-05,-7.101781600652571128e-05,-7.196366625624985242e-05,-7.312342756345259042e-05,-7.467729183438774089e-05,-7.683585533742224671e-05,-7.983140629864856296e-05,-8.390497320757525266e-05,-8.928934409696952386e-05,-9.618877201699634603e-05,-1.047566323115963909e-04,-1.150728275634830720e-04,-1.271231674693265828e-04,-1.407831938777776666e-04,-1.558088949870526589e-04,-1.718363971739462104e-04,-1.883920224949029755e-04,-2.049130935640034227e-04,-2.207786597449027039e-04,-2.353480673696325476e-04,-2.480041943965278660e-04,-2.581974032322475543e-04,-2.654859781579395036e-04,-2.695690694147486279e-04,-2.703089345517355061e-04,-2.677404295060272963e-04,-2.620670779057913524e-04,-2.536444346638003135e-04,-2.429526743730445497e-04,-2.305612365422132293e-04,-2.170888727910617194e-04,-2.031625566941603917e-04,-1.893784915487265559e-04,-1.762679936118002303e-04,-1.642704846294876610e-04,-1.537153478115129226e-04,-1.448140977174057812e-04,-1.376641878551413702e-04,-1.322656435591396356e-04,-1.285510920012108451e-04,-1.264278676570498329e-04,-1.258265967459109571e-04,-1.267428443600998513e-04,-1.292463501168396431e-04,-1.334168927593519299e-04,-1.391507246017308790e-04,-1.457755617474014226e-04,-1.514307305980435218e-04,-1.522349562124196084e-04,-1.414051667022285920e-04,-1.087317738359768100e-04,-4.117106037869033147e-05,7.424054359707961577e-05,2.435129618377418947e-04,4.530698039622719814e-04,6.502233132264323250e-04,7.180837979616831691e-04,4.511970562920925932e-04
0.000000000000000000e+00,0.000000000000000000e+00,0.000000000000000000e+00,0.000000000000000000e+00,0.000000000000000000e+00,0.000000000000000000e+00,0.000000000000000000e+00,0.000000000000000000e+00,0.000000000000000000e+00,0.000000000000000000e+00,0.000000000000000000e+00,0.000000000000000000e+00,0.000000000000000000e+00,0.000000000000000000e+00,0.000000000000000000e+00,0.000000000000000000e+00,0.000000000000000000e+00,0.000000000000000000e+00,0.000000000000000000e+00,0.000000000000000000e+00,0.000000000000000000e+00,0.000000000000000000e+00,0.000000000000000000e+00,0.000000000000000000e+00,0.000000000000000000e+00,0.000000000000000000e+00,0.000000000000000000e+00,0.000000000000000000e+00,0.000000000000000000e+00,0.000000000000000000e+00,0.000000000000000000e+00,0.000000000000000000e+00,0.000000000000000000e+00,0.000000000000000000e+00,0.000000000000000000e+00,0.000000000000000000e+00,0.000000000000000000e+00,0.000000000000000000e+00,0.000000000000000000e+00,0.000000000000000000e+00,0.000000000000000000e+00,0.000000000000000000e+00,0.000000000000000000e+00,0.000000000000000000e+00,0.000000000000000000e+00,0.000000000000000000e+00,0.000000000000000000e+00,0.000000000000000000e+00,0.000000000000000000e+00,0.000000000000000000e+00,0.000000000000000000e+00,0.000000000000000000e+00,0.000000000000000000e+00,0.000000000000000000e+00,0.000000000000000000e+00,0.000000000000000000e+00,0.000000000000000000e+00,0.000000000000000000e+00,0.000000000000000000e+00,0.000000000000000000e+00,0.000000000000000000e+00,0.000000000000000000e+00,0.000000000000000000e+00,0.000000000000000000e+00,0.000000000000000000e+00,0.000000000000000000e+00,0.000000000000000000e+00,0.000000000000000000e+00,0.000000000000000000e+00,0.000000000000000000e+00,0.000000000000000000e+00,0.000000000000000000e+00,0.000000000000000000e+00,0.000000000000000000e+00,0.000000000000000000e+00,0.000000000000000000e+00,0.000000000000000000e+00,0.000000000000000000e+00,0.000000000000000000e+00,0.000000000000000000e+00,0.000000000000000000e+00,0.000000000000000000e+00,0.000000000000000000e+00,0.000000000000000000e+00,0.000000000000000000e+00,0.000000000000000000e+00,0.000000000000000000e+00,0.000000000000000000e+00,0.000000000000000000e+00,0.000000000000000000e+00,0.000000000000000000e+00,0.000000000000000000e+00,0.000000000000000000e+00,0.000000000000000000e+00,0.000000000000000000e+00,0.000000000000000000e+00,0.000000000000000000e+00,0.000000000000000000e+00,0.000000000000000000e+00,0.000000000000000000e+00,0.000000000000000000e+00,0.000000000000000000e+00,0.000000000000000000e+00,0.000000000000000000e+00,0.000000000000000000e+00,0.000000000000000000e+00,0.000000000000000000e+00,0.000000000000000000e+00,0.000000000000000000e+00,0.000000000000000000e+00,0.000000000000000000e+00,0.000000000000000000e+00,0.000000000000000000e+00,0.000000000000000000e+00,0.000000000000000000e+00,0.000000000000000000e+00,0.000000000000000000e+00,0.000000000000000000e+00,0.000000000000000000e+00,0.000000000000000000e+00,0.000000000000000000e+00,0.000000000000000000e+00,0.000000000000000000e+00,0.000000000000000000e+00,0.000000000000000000e+00,0.000000000000000000e+00,0.000000000000000000e+00,0.000000000000000000e+00,0.000000000000000000e+00,0.000000000000000000e+00,0.000000000000000000e+00,0.000000000000000000e+00,0.000000000000000000e+00,0.000000000000000000e+00,0.000000000000000000e+00,0.000000000000000000e+00,0.000000000000000000e+00,0.000000000000000000e+00,0.000000000000000000e+00,0.000000000000000000e+00,0.000000000000000000e+00,0.000000000000000000e+00,0.000000000000000000e+00,0.000000000000000000e+00,0.000000000000000000e+00,0.000000000000000000e+00,0.000000000000000000e+00,0.000000000000000000e+00,0.000000000000000000e+00,0.000000000000000000e+00,0.000000000000000000e+00,0.000000000000000000e+00,0.000000000000000000e+00,0.000000000000000000e+00,0.000000000000000000e+00,0.000000000000000000e+00,0.000000000000000000e+00,0.000000000000000000e+00,0.000000000000000000e+00,0.000000000000000000e+00,0.000000000000000000e+00,0.000000000000000000e+00,0.000000000000000000e+00,0.000000000000000000e+00,0.000000000000000000e+00,0.000000000000000000e+00,0.000000000000000000e+00,-9.260485798014252222e-05,-1.207186475199766755e-04,-1.219766343915280101e-04,-1.057953156693569591e-04,-8.488254105752359108e-05,-6.020800084962657251e-05,-3.576276342404358018e-05,-1.378229178609349615e-05,4.411131644272709049e-06,1.793768855957480663e-05,2.653191223076958844e-05,3.040251308520837837e-05,3.013807606240862151e-05,2.654662461355984505e-05,2.055254300047709413e-05,1.307273000506656800e-05,4.946229377787216663e-06,-3.123708566273561357e-06,-1.059836281559710437e-05,-1.711249012813476192e-05,-2.246589251317523562e-05,-2.660139856512485832e-05,-2.957515416857048172e-05,-3.152329351523761020e-05,-3.262953310153966714e-05,-3.309649129351733247e-05,-3.312272791582090731e-05,-3.288624774142550846e-05,-3.253437161629153530e-05,-3.217923019403546209e-05,-3.189774449170817386e-05,-3.173482586854199525e-05,-3.170855567039624739e-05,-3.181628049000064624e-05,-3.204078903052467862e-05,-3.235599516663868183e-05,-3.273178488036293494e-05,-3.313787961294946562e-05,-3.354670771481096968e-05,-3.393536592911480169e-05,-3.428679748731207149e-05,-3.459032868623381488e-05,-3.484169904944108215e-05,-3.504270604455474500e-05,-3.520056604539970225e-05,-3.532707808881024826e-05,-3.543766228459196120e-05,-3.555033614747616369e-05,-3.568468283161737941e-05,-3.586086008820078667e-05,-3.609869029390907547e-05,-3.641686563770632978e-05,-3.683229150355325895e-05,-3.735958178201884724e-05,-3.801070597755044363e-05,-3.879477694178446270e-05,-3.971795422276207135e-05,-4.078342932356964114e-05,-4.199145044545460250e-05,-4.333934353660318973e-05,-4.482148854812069688e-05,-4.642922195602361413e-05,-4.815065309250946674e-05,-4.997040826934671302e-05,-5.186934598413337958e-05,-5.382432198922956187e-05,-5.580811580771371128e-05,-5.778966121975367216e-05,-5.973474197254101202e-05,-6.160731960050511331e-05,-6.337164246714831618e-05,-6.499524349781809704e-05,-6.645286115619235571e-05,-6.773121738962087758e-05,-6.883445671392552040e-05,-6.978990316715937947e-05,-7.065363531675806694e-05,-7.151523407096501219e-05,-7.250094211800612698e-05,-7.377441451335482216e-05,-7.553425963530610555e-05,-7.800769330712256882e-05,-8.143986979129195993e-05,-8.607881808758057330e-05,-9.215638670825744680e-05,-9.986615482914624423e-05,-1.093398466921223971e-04,-1.206243162948159703e-04,-1.336615596815680788e-04,-1.482743709731566774e-04,-1.641601040877593268e-04,-1.808944884474592029e-04,-1.979465763727014161e-04,-2.147047418454062814e-04,-2.305123382377160114e-04,-2.447103432674481373e-04,-2.566832781771962932e-04,-2.659040706199963626e-04,-2.719734574052441126e-04,-2.746500228481195361e-04,-2.738679673655210873e-04,-2.697410428838052220e-04,-2.625525705511523198e-04,-2.527328613009121347e-04,-2.408265117852262870e-04,-2.274528277642161431e-04,-2.132629868188835854e-04,-1.988975193898249755e-04,-1.849473552822072486e-04,-1.719211948661513551e-04,-1.602214827576597174e-04,-1.501309184037881331e-04,-1.418112642647350284e-04,-1.353160445693652510e-04,-1.306181136341623980e-04,-1.276511950263953710e-04,-1.263601972655335011e-04,-1.267471131542157316e-04,-1.288867562091326789e-04,-1.328700877038189185e-04,-1.386161519341040942e-04,-1.454855455647111582e-04,-1.516450118364052037e-04,-1.531983612631667400e-04,-1.432437845371643836e-04,-1.112713156152892195e-04,-4.369209736361530627e-05,7.322912490380657628e-05,2.462887189055781856e-04,4.621530709721749465e-04,6.667817773852199696e-04,7.387972346052025822e-04,4.635355938406202319e-04
0.000000000000000000e+00,0.000000000000000000e+00,0.000000000000000000e+00,0.000000000000000000e+00,0.000000000000000000e+00,0.000000000000000000e+00,0.000000000000000000e+00,0.000000000000000000e+00,0.000000000000000000e+00,0.000000000000000000e+00,0.000000000000000000e+00,0.000000000000000000e+00,0.000000000000000000e+00,0.000000000000000000e+00,0.000000000000000000e+00,0.000000000000000000e+00,0.000000000000000000e+00,0.000000000000000000e+00,0.000000000000000000e+00,0.000000000000000000e+00,0.000000000000000000e+00,0.000000000000000000e+00,0.000000000000000000e+00,0.000000000000000000e+00,0.000000000000000000e+00,0.000000000000000000e+00,0.000000000000000000e+00,0.000000000000000000e+00,0.000000000000000000e+00,0.000000000000000000e+00,0.000000000000000000e+00,0.000000000000000000e+00,0.000000000000000000e+00,0.000000000000000000e+00,0.000000000000000000e+00,0.000000000000000000e+00,0.000000000000000000e+00,0.000000000000000000e+00,0.000000000000000000e+00,0.000000000000000000e+00,0.000000000000000000e+00,0.000000000000000000e+00,0.000000000000000000e+00,0.000000000000000000e+00,0.000000000000000000e+00,0.000000000000000000e+00,0.000000000000000000e+00,0.000000000000000000e+00,0.000000000000000000e+00,0.000000000000000000e+00,0.000000000000000000e+00,0.000000000000000000e+00,0.000000000000000000e+00,0.000000000000000000e+00,0.000000000000000000e+00,0.000000000000000000e+00,0.000000000000000000e+00,0.000000000000000000e+00,0.000000000000000000e+00,0.000000000000000000e+00,0.000000000000000000e+00,0.000000000000000000e+00,0.000000000000000000e+00,0.000000000000000000e+00,0.000000000000000000e+00,0.000000000000000000e+00,0.000000000000000000e+00,0.000000000000000000e+00,0.000000000000000000e+00,0.000000000000000000e+00,0.000000000000000000e+00,0.000000000000000000e+00,0.000000000000000000e+00,0.000000000000000000e+00,0.000000000000000000e+00,0.000000000000000000e+00,0.000000000000000000e+00,0.000000000000000000e+00,0.000000000000000000e+00,0.000000000000000000e+00,0.000000000000000000e+00,0.000000000000000000e+00,0.000000000000000000e+00,0.000000000000000000e+00,0.000000000000000000e+00,0.000000000000000000e+00,0.000000000000000000e+00,0.000000000000000000e+00,0.000000000000000000e+00,0.000000000000000000e+00,0.000000000000000000e+00,0.000000000000000000e+00,0.000000000000000000e+00,0.000000000000000000e+00,0.000000000000000000e+00,0.000000000000000000e+00,0.000000000000000000e+00,0.000000000000000000e+00,0.000000000000000000e+00,0.000000000000000000e+00,0.000000000000000000e+00,0.000000000000000000e+00,0.000000000000000000e+00,0.000000000000000000e+00,0.000000000000000000e+00,0.000000000000000000e+00,0.000000000000000000e+00,0.000000000000000000e+00,0.000000000000000000e+00,0.000000000000000000e+00,0.000000000000000000e+00,0.000000000000000000e+00,0.000000000000000000e+00,0.000000000000000000e+00,0.000000000000000000e+00,0.000000000000000000e+00,0.000000000000000000e+00,0.000000000000000000e+00,0.000000000000000000e+00,0.000000000000000000e+00,0.000000000000000000e+00,0.000000000000000000e+00,0.000000000000000000e+00,0.000000000000000000e+00,0.000000000000000000e+00,0.000000000000000000e+00,0.000000000000000000e+00,0.000000000000000000e+00,0.000000000000000000e+00,0.000000000000000000e+00,0.000000000000000000e+00,0.000000000000000000e+00,0.000000000000000000e+00,0.000000000000000000e+00,0.000000000000000000e+00,0.000000000000000000e+00,0.000000000000000000e+00,0.000000000000000000e+00,0.000000000000000000e+00,0.000000000000000000e+00,0.000000000000000000e+00,0.000000000000000000e+00,0.000000000000000000e+00,0.000000000000000000e+00,0.000000000000000000e+00,0.000000000000000000e+00,0.000000000000000000e+00,0.000000000000000000e+00,0.000000000000000000e+00,0.000000000000000000e+00,0.000000000000000000e+00,0.000000000000000000e+00,0.000000000000000000e+00,0.000000000000000000e+00,0.000000000000000000e+00,0.000000000000000000e+00,0.000000000000000000e+00,0.000000000000000000e+00,0.000000000000000000e+00,0.000000000000000000e+00,0.000000000000000000e+00,0.000000000000000000e+00,0.000000000000000000e+00,0.000000000000000000e+00,0.000000000000000000e+00,0.000000000000000000e+00,0.000000000000000000e+00,0.000000000000000000e+00,-1.135244510346532085e-04,-1.186978061553156986e-04,-1.142075814480965519e-04,-9.663357719078524667e-05,-7.347862775482578632e-05,-4.916829348966875310e-05,-2.570358934897930113e-05,-5.199752135163730065e-06,1.109015076078210727e-05,2.252648485723287206e-05,2.906100332182256192e-05,3.106652065796071204e-05,2.925904122176086351e-05,2.451014724524299378e-05,1.775360344054194474e-05,9.882246095403703567e-06,1.682722236604781505e-06,-6.207949112303277348e-06,-1.332451410898999009e-05,-1.937379220098927560e-05,-2.422023774790408191e-05,-2.785953337661475172e-05,-3.038658013798799617e-05,-3.196191964574272479e-05,-3.278056420896500409e-05,-3.304565545812531623e-05,-3.294831955133855272e-05,-3.265407104554569710e-05,-3.229529962703258473e-05,-3.196889918089424213e-05,-3.173780088042228091e-05,-3.163514481969318868e-05,-3.166991777544145113e-05,-3.183310155179115800e-05,-3.210362152291588436e-05,-3.245363720079632095e-05,-3.285293054537419152e-05,-3.327231498262928305e-05,-3.368610089155095515e-05,-3.407371882305069467e-05,-3.442063091496604246e-05,-3.471866430605920597e-05,-3.496589152476103310e-05,-3.516616640150776161e-05,-3.532840962571494418e-05,-3.546572320074655561e-05,-3.559440380776202729e-05,-3.573291508162087311e-05,-3.590087316484836627e-05,-3.611809113746088182e-05,-3.640372177509156173e-05,-3.677552725447258474e-05,-3.724929558805888043e-05,-3.783840995355675741e-05,-3.855356617937980268e-05,-3.940261928922531530e-05,-4.039053026517754974e-05,-4.151937347007781417e-05,-4.278836171091082084e-05,-4.419384441105154759e-05,-4.572924254234743467e-05,-4.738489619455790806e-05,-4.914782335681366600e-05,-5.100141492232364689e-05,-5.292512536634692768e-05,-5.489425257747599691e-05,-5.687993558409334743e-05,-5.884952527345394284e-05,-6.076750004574079273e-05,-6.259709486728883996e-05,-6.430278723929936551e-05,-6.585372818697079946e-05,-6.722812199331872724e-05,-6.841844157825517061e-05,-6.943722525304126902e-05,-7.032304081230394608e-05,-7.114604223567495855e-05,-7.201239909527448865e-05,-7.306677570558121123e-05,-7.449199962606633228e-05,-7.650511579836105321e-05,-7.934919289203080071e-05,-8.328054773558152962e-05,-8.855147929164185650e-05,-9.538913794719657100e-05,-1.039717552260052257e-04,-1.144040596143369970e-04,-1.266942185557464481e-04,-1.407349782362503571e-04,-1.562917242569111429e-04,-1.729998842225299275e-04,-1.903734043069802849e-04,-2.078249862047443957e-04,-2.246974677695087492e-04,-2.403043377444098543e-04,-2.539761016059722751e-04,-2.651082777199686145e-04,-2.732063735974941542e-04,-2.779233629478701788e-04,-2.790859403030312817e-04,-2.767070546596111526e-04,-2.709837233875591949e-04,-2.622806772837358658e-04,-2.511017727016623597e-04,-2.380521629318224836e-04,-2.237948556004995808e-04,-2.090054861277338338e-04,-1.943289778517271762e-04,-1.803413716651041971e-04,-1.675196595375480089e-04,-1.562220997869588027e-04,-1.466812858253268540e-04,-1.390120519811687352e-04,-1.332356920623368481e-04,-1.293201138982103503e-04,-1.272312416327746364e-04,-1.269828105674501674e-04,-1.286586403125964024e-04,-1.323639288794755677e-04,-1.380436404037001415e-04,-1.450956617825953907e-04,-1.517208345708983283e-04,-1.540169838863384875e-04,-1.449726511326220437e-04,-1.137816828837826297e-04,-4.630136149298454948e-05,7.200564430933486116e-05,2.487777633726917124e-04,4.709922477833378943e-04,6.832920036709736302e-04,7.597274211625378677e-04,4.761103297514435108e-04
0.000000000000000000e+00,0.000000000000000000e+00,0.000000000000000000e+00,0.000000000000000000e+00,0.000000000000000000e+00,0.000000000000000000e+00,0.000000000000000000e+00,0.000000000000000000e+00,0.000000000000000000e+00,0.000000000000000000e+00,0.000000000000000000e+00,0.000000000000000000e+00,0.000000000000000000e+00,0.000000000000000000e+00,0.000000000000000000e+00,0.000000000000000000e+00,0.000000000000000000e+00,0.000000000000000000e+00,0.000000000000000000e+00,0.000000000000000000e+00,0.000000000000000000e+00,0.000000000000000000e+00,0.000000000000000000e+00,0.000000000000000000e+00,0.000000000000000000e+00,0.000000000000000000e+00,0.000000000000000000e+00,0.000000000000000000e+00,0.000000000000000000e+00,0.000000000000000000e+00,0.000000000000000000e+00,0.000000000000000000e+00,0.000000000000000000e+00,0.000000000000000000e+00,0.000000000000000000e+00,0.000000000000000000e+00,0.000000000000000000e+00,0.000000000000000000e+00,0.000000000000000000e+00,0.000000000000000000e+00,0.000000000000000000e+00,0.000000000000000000e+00,0.000000000000000000e+00,0.000000000000000000e+00,0.000000000000000000e+00,0.000000000000000000e+00,0.000000000000000000e+00,0.000000000000000000e+00,0.000000000000000000e+00,0.000000000000000000e+00,0.000000000000000000e+00,0.000000000000000000e+00,0.000000000000000000e+00,0.000000000000000000e+00,0.000000000000000000e+00,0.000000000000000000e+00,0.000000000000000000e+00,0.000000000000000000e+00,0.000000000000000000e+00,0.000000000000000000e+00,0.000000000000000000e+00,0.000000000000000000e+00,0.000000000000000000e+00,0.000000000000000000e+00,0.000000000000000000e+00,0.000000000000000000e+00,0.000000000000000000e+00,0.000000000000000000e+00,0.000000000000000000e+00,0.000000000000000000e+00,0.000000000000000000e+00,0.000000000000000000e+00,0.000000000000000000e+00,0.000000000000000000e+00,0.000000000000000000e+00,0.000000000000000000e+00,0.000000000000000000e+00,0.000000000000000000e+00,0.000000000000000000e+00,0.000000000000000000e+00,0.000000000000000000e+00,0.000000000000000000e+00,0.000000000000000000e+00,0.000000000000000000e+00,0.000000000000000000e+00,0.000000000000000000e+00,0.000000000000000000e+00,0.000000000000000000e+00,0.000000000000000000e+00,0.000000000000000000e+00,0.000000000000000000e+00,0.000000000000000000e+00,0.000000000000000000e+00,0.000000000000000000e+00,0.000000000000000000e+00,0.000000000000000000e+00,0.000000000000000000e+00,0.000000000000000000e+00,0.000000000000000000e+00,0.000000000000000000e+00,0.000000000000000000e+00,0.000000000000000000e+00,0.000000000000000000e+00,0.000000000000000000e+00,0.000000000000000000e+00,0.000000000000000000e+00,0.000000000000000000e+00,0.000000000000000000e+00,0.000000000000000000e+00,0.000000000000000000e+00,0.000000000000000000e+00,0.000000000000000000e+00,0.000000000000000000e+00,0.000000000000000000e+00,0.000000000000000000e+00,0.000000000000000000e+00,0.000000000000000000e+00,0.000000000000000000e+00,0.000000000000000000e+00,0.000000000000000000e+00,0.000000000000000000e+00,0.000000000000000000e+00,0.000000000000000000e+00,0.000000000000000000e+00,0.000000000000000000e+00,0.000000000000000000e+00,0.000000000000000000e+00,0.000000000000000000e+00,0.000000000000000000e+00,0.000000000000000000e+00,0.000000000000000000e+00,0.000000000000000000e+00,0.000000000000000000e+00,0.000000000000000000e+00,0.000000000000000000e+00,0.000000000000000000e+00,0.000000000000000000e+00,0.000000000000000000e+00,0.000000000000000000e+00,0.000000000000000000e+00,0.000000000000000000e+00,0.000000000000000000e+00,0.000000000000000000e+00,0.000000000000000000e+00,0.000000000000000000e+00,0.000000000000000000e+00,0.000000000000000000e+00,0.000000000000000000e+00,0.000000000000000000e+00,0.000000000000000000e+00,0.000000000000000000e+00,0.000000000000000000e+00,0.000000000000000000e+00,0.000000000000000000e+00,0.000000000000000000e+00,0.000000000000000000e+00,0.000000000000000000e+00,0.000000000000000000e+00,0.000000000000000000e+00,0.000000000000000000e+00,0.000000000000000000e+00,0.000000000000000000e+00,0.000000000000000000e+00,0.000000000000000000e+00,0.000000000000000000e+00,0.000000000000000000e+00,0.000000000000000000e+00,0.000000000000000000e+00,-9.906976343320420984e-05,-1.185421424066189722e-04,-1.195061353911277565e-04,-1.057091595081850489e-04,-8.637255680213187304e-05,-6.270431190478657291e-05,-3.850255401015988962e-05,-1.614901745718909333e-05,2.670388090058405547e-06,1.694551065022309333e-05,2.623933918473875452e-05,3.074326106159166284e-05,3.099424098932095518e-05,2.779373547050311945e-05,2.205416545548233217e-05,1.469890523387063618e-05,6.583546922827106820e-06,-1.565435222192941558e-06,-9.182727483229846666e-06,-1.587811879056056158e-05,-2.142930333062509758e-05,-2.576150448743212787e-05,-2.891768932608856127e-05,-3.102517513459821836e-05,-3.226270683759311237e-05,-3.283118727735827834e-05,-3.293006211574979773e-05,-3.274014354923642347e-05,-3.241285738917449688e-05,-3.206516288682343324e-05,-3.177905479572909291e-05,-3.160436817819977837e-05,-3.156365778851062751e-05,-3.165807670013069035e-05,-3.187341965384096531e-05,-3.218574658758281682e-05,-3.256623821214641232e-05,-3.298512388391848087e-05,-3.341466119685386244e-05,-3.383123219130706994e-05,-3.421666778717334260e-05,-3.455892643767035678e-05,-3.485225202627551130e-05,-3.509692354168421282e-05,-3.529869682232059542e-05,-3.546802436565858600e-05,-3.561912996115815353e-05,-3.576900453014828602e-05,-3.593638353764335905e-05,-3.614075732011386307e-05,-3.640145943855351230e-05,-3.673686748559421082e-05,-3.716374218102538055e-05,-3.769671730326025261e-05,-3.834794221226648449e-05,-3.912686419907092459e-05,-4.004012736758496053e-05,-4.109155259496424318e-05,-4.228215733335995591e-05,-4.361016941481907141e-05,-4.507099337427575498e-05,-4.665709584476465796e-05,-4.835779505927759441e-05,-5.015896234100245557e-05,-5.204267552330760091e-05,-5.398689791229798260e-05,-5.596529394469381167e-05,-5.794732462753193379e-05,-5.989879184434669261e-05,-6.178300990868326368e-05,-6.356277365775333870e-05,-6.520325487947426217e-05,-6.667589273187020664e-05,-6.796324329715827141e-05,-6.906462378226496494e-05,-7.000223082299290617e-05,-7.082724444712952159e-05,-7.162526336887224936e-05,-7.252027835020967927e-05,-7.367630183125327306e-05,-7.529576435586481933e-05,-7.761388569080843137e-05,-8.088845381937094633e-05,-8.538480585005645148e-05,-9.135629623401232040e-05,-9.902112930457945361e-05,-1.085370733874695712e-04,-1.199761832718189631e-04,-1.333021409429011679e-04,-1.483530744873071041e-04,-1.648326371404652889e-04,-1.823116563200997996e-04,-2.002417857681549522e-04,-2.179813708757070837e-04,-2.348323041616849920e-04,-2.500852026109042794e-04,-2.630690126278553025e-04,-2.732003574371930435e-04,-2.800277399127646511e-04,-2.832661530812221316e-04,-2.828186697253020731e-04,-2.787830190310402567e-04,-2.714427875943747491e-04,-2.612444642839020629e-04,-2.487628757753251722e-04,-2.346584900794239305e-04,-2.196305437718431826e-04,-2.043700101127133705e-04,-1.895161856942010161e-04,-1.756203006739262974e-04,-1.631192201063447797e-04,-1.523220892391699099e-04,-1.434125815856812679e-04,-1.364688200578071916e-04,-1.315012243414714389e-04,-1.285042251384093412e-04,-1.275094581808128042e-04,-1.286144873164032801e-04,-1.319424823386050019e-04,-1.374679843524676231e-04,-1.446309988784189461e-04,-1.516735680612235854e-04,-1.546970258368130760e-04,-1.465901697699277886e-04,-1.162558689380000627e-04,-4.898973120160221117e-05,7.057788604098663243e-05,2.509844569544166827e-04,4.795894216771910950e-04,6.997587282711067004e-04,7.808863053131269438e-04,4.889323772764587453e-04
0.000000000000000000e+00,0.000000000000000000e+00,0.000000000000000000e+00,0.000000000000000000e+00,0.000000000000000000e+00,0.000000000000000000e+00,0.000000000000000000e+00,0.000000000000000000e+00,0.000000000000000000e+00,0.000000000000000000e+00,0.000000000000000000e+00,0.000000000000000000e+00,0.000000000000000000e+00,0.000000000000000000e+00,0.000000000000000000e+00,0.000000000000000000e+00,0.000000000000000000e+00,0.000000000000000000e+00,0.000000000000000000e+00,0.000000000000000000e+00,0.000000000000000000e+00,0.000000000000000000e+00,0.000000000000000000e+00,0.000000000000000000e+00,0.000000000000000000e+00,0.000000000000000000e+00,0.000000000000000000e+00,0.000000000000000000e+00,0.000000000000000000e+00,0.000000000000000000e+00,0.000000000000000000e+00,0.000000000000000000e+00,0.000000000000000000e+00,0.000000000000000000e+00,0.000000000000000000e+00,0.000000000000000000e+00,0.000000000000000000e+00,0.000000000000000000e+00,0.000000000000000000e+00,0.000000000000000000e+00,0.000000000000000000e+00,0.000000000000000000e+00,0.000000000000000000e+00,0.000000000000000000e+00,0.000000000000000000e+00,0.000000000000000000e+00,0.000000000000000000e+00,0.000000000000000000e+00,0.000000000000000000e+00,0.000000000000000000e+00,0.000000000000000000e+00,0.000000000000000000e+00,0.000000000000000000e+00,0.000000000000000000e+00,0.000000000000000000e+00,0.000000000000000000e+00,0.000000000000000000e+00,0.000000000000000000e+00,0.000000000000000000e+00,0.000000000000000000e+00,0.000000000000000000e+00,0.000000000000000000e+00,0.000000000000000000e+00,0.000000000000000000e+00,0.000000000000000000e+00,0.000000000000000000e+00,0.000000000000000000e+00,0.000000000000000000e+00,0.000000000000000000e+00,0.000000000000000000e+00,0.000000000000000000e+00,0.000000000000000000e+00,0.000000000000000000e+00,0.000000000000000000e+00,0.000000000000000000e+00,0.000000000000000000e+00,0.000000000000000000e+00,0.000000000000000000e+00,0.000000000000000000e+00,0.000000000000000000e+00,0.000000000000000000e+00,0.000000000000000000e+00,0.000000000000000000e+00,0.000000000000000000e+00,0.000000000000000000e+00,0.000000000000000000e+00,0.000000000000000000e+00,0.000000000000000000e+00,0.000000000000000000e+00,0.000000000000000000e+00,0.000000000000000000e+00,0.000000000000000000e+00,0.000000000000000000e+00,0.000000000000000000e+00,0.000000000000000000e+00,0.000000000000000000e+00,0.000000000000000000e+00,0.000000000000000000e+00,0.000000000000000000e+00,0.000000000000000000e+00,0.000000000000000000e+00,0.000000000000000000e+00,0.000000000000000000e+00,0.000000000000000000e+00,0.000000000000000000e+00,0.000000000000000000e+00,0.000000000000000000e+00,0.000000000000000000e+00,0.000000000000000000e+00,0.000000000000000000e+00,0.000000000000000000e+00,0.000000000000000000e+00,0.000000000000000000e+00,0.000000000000000000e+00,0.000000000000000000e+00,0.000000000000000000e+00,0.000000000000000000e+00,0.000000000000000000e+00,0.000000000000000000e+00,0.000000000000000000e+00,0.000000000000000000e+00,0.000000000000000000e+00,0.000000000000000000e+00,0.000000000000000000e+00,0.000000000000000000e+00,0.000000000000000000e+00,0.000000000000000000e+00,0.000000000000000000e+00,0.000000000000000000e+00,0.000000000000000000e+00,0.000000000000000000e+00,0.000000000000000000e+00,0.000000000000000000e+00,0.000000000000000000e+00,0.000000000000000000e+00,0.000000000000000000e+00,0.000000000000000000e+00,0.000000000000000000e+00,0.000000000000000000e+00,0.000000000000000000e+00,0.000000000000000000e+00,0.000000000000000000e+00,0.000000000000000000e+00,0.000000000000000000e+00,0.000000000000000000e+00,0.000000000000000000e+00,0.000000000000000000e+00,0.000000000000000000e+00,0.000000000000000000e+00,0.000000000000000000e+00,0.000000000000000000e+00,0.000000000000000000e+00,0.000000000000000000e+00,0.000000000000000000e+00,0.000000000000000000e+00,0.000000000000000000e+00,0.000000000000000000e+00,0.000000000000000000e+00,0.000000000000000000e+00,0.000000000000000000e+00,0.000000000000000000e+00,0.000000000000000000e+00,0.000000000000000000e+00,0.000000000000000000e+00,0.000000000000000000e+00,0.000000000000000000e+00,0.000000000000000000e+00,0.000000000000000000e+00,0.000000000000000000e+00,-1.135052993852183494e-04,-1.170659020205228008e-04,-1.138465849926347038e-04,-9.774969289510003587e-05,-7.586647365856535408e-05,-5.187482939027888664e-05,-2.824563545695977907e-05,-7.154223130346981845e-06,9.775893895849378651e-06,2.189478842568958714e-05,2.904684781947276150e-05,3.160218153528750082e-05,3.023856433200640214e-05,2.581145132825444336e-05,1.925115576153691084e-05,1.145818498639837252e-05,3.239000823506787806e-06,-4.746766465414489460e-06,-1.200965782060152835e-05,-1.823483067159123691e-05,-2.326804685896082862e-05,-2.709012461019213265e-05,-2.978489709824034000e-05,-3.150548119796847929e-05,-3.244279352312950791e-05,-3.279871290466553085e-05,-3.276541885503984024e-05,-3.251120741008873188e-05,-3.217243306660983148e-05,-3.185061932211583687e-05,-3.161354763123716191e-05,-3.149905166818821930e-05,-3.152036006400763153e-05,-3.167202823044818237e-05,-3.193575312353570130e-05,-3.228560770354223935e-05,-3.269244504607966503e-05,-3.312738234508070238e-05,-3.356438459517689199e-05,-3.398203113663592051e-05,-3.436457711775171159e-05,-3.470242932017433509e-05,-3.499214959838423751e-05,-3.523608978525506974e-05,-3.544174964863004549e-05,-3.562094068889806834e-05,-3.578882861178074245e-05,-3.596292101149977836e-05,-3.616205783110348264e-05,-3.640545565570406014e-05,-3.671184641476256660e-05,-3.709874245716425365e-05,-3.758184705779692229e-05,-3.817461863796821553e-05,-3.888798257015988114e-05,-3.973017330459958083e-05,-4.070667646897052698e-05,-4.182023285704975971e-05,-4.307085910005161551e-05,-4.445584060316040313e-05,-4.596965644156388714e-05,-4.760380993689778068e-05,-4.934655744710775933e-05,-5.118255652514868385e-05,-5.309248655055512762e-05,-5.505273284162095202e-05,-5.703526071023858637e-05,-5.900783879462038995e-05,-6.093479114547706180e-05,-6.277846279891376256e-05,-6.450156353900412848e-05,-6.607050743336774078e-05,-6.745978403101607346e-05,-6.865728329784971445e-05,-6.967035023253877342e-05,-7.053217772751107487e-05,-7.130796851039493010e-05,-7.210013112863685662e-05,-7.305164326739765727e-05,-7.434664902067357180e-05,-7.620738242900781088e-05,-7.888665627994304508e-05,-8.265543970228983776e-05,-8.778547723840673912e-05,-9.452745964520793394e-05,-1.030859051235273502e-04,-1.135925816716709051e-04,-1.260809072877101973e-04,-1.404641954865900255e-04,-1.565207594587478691e-04,-1.738886553084237894e-04,-1.920721837362944354e-04,-2.104611939594914019e-04,-2.283628386978651113e-04,-2.450438863321843146e-04,-2.597802359375988137e-04,-2.719091471535702823e-04,-2.808790992309845866e-04,-2.862922545960933421e-04,-2.879352290181330849e-04,-2.857951497562120262e-04,-2.800596100695056383e-04,-2.711008512891261899e-04,-2.594460779112019947e-04,-2.457370443915910386e-04,-2.306828374556444208e-04,-2.150101063302894521e-04,-1.994149537546857957e-04,-1.845204519941494943e-04,-1.708434701495299614e-04,-1.587743058417197153e-04,-1.485724377134741087e-04,-1.403811636985303134e-04,-1.342621274122290519e-04,-1.302464387274656927e-04,-1.283906234971181207e-04,-1.288115690598071400e-04,-1.316548984196479861e-04,-1.369289919968457792e-04,-1.441212984283377172e-04,-1.515226538056146726e-04,-1.552480303081217366e-04,-1.480972782678826151e-04,-1.186886087405053091e-04,-5.174914606189443363e-05,6.895305326634172465e-05,2.529128371812406663e-04,4.879464836898068556e-04,7.161867075102039100e-04,8.022862807918509616e-04,5.020133829795940484e-04
0.000000000000000000e+00,0.000000000000000000e+00,0.000000000000000000e+00,0.000000000000000000e+00,0.000000000000000000e+00,0.000000000000000000e+00,0.000000000000000000e+00,0.000000000000000000e+00,0.000000000000000000e+00,0.000000000000000000e+00,0.000000000000000000e+00,0.000000000000000000e+00,0.000000000000000000e+00,0.000000000000000000e+00,0.000000000000000000e+00,0.000000000000000000e+00,0.000000000000000000e+00,0.000000000000000000e+00,0.000000000000000000e+00,0.000000000000000000e+00,0.000000000000000000e+00,0.000000000000000000e+00,0.000000000000000000e+00,0.000000000000000000e+00,0.000000000000000000e+00,0.000000000000000000e+00,0.000000000000000000e+00,0.000000000000000000e+00,0.000000000000000000e+00,0.000000000000000000e+00,0.000000000000000000e+00,0.000000000000000000e+00,0.000000000000000000e+00,0.000000000000000000e+00,0.000000000000000000e+00,0.000000000000000000e+00,0.000000000000000000e+00,0.000000000000000000e+00,0.000000000000000000e+00,0.000000000000000000e+00,0.000000000000000000e+00,0.000000000000000000e+00,0.000000000000000000e+00,0.000000000000000000e+00,0.000000000000000000e+00,0.000000000000000000e+00,0.000000000000000000e+00,0.000000000000000000e+00,0.000000000000000000e+00,0.000000000000000000e+00,0.000000000000000000e+00,0.000000000000000000e+00,0.000000000000000000e+00,0.000000000000000000e+00,0.000000000000000000e+00,0.000000000000000000e+00,0.000000000000000000e+00,0.000000000000000000e+00,0.000000000000000000e+00,0.000000000000000000e+00,0.000000000000000000e+00,0.000000000000000000e+00,0.000000000000000000e+00,0.000000000000000000e+00,0.000000000000000000e+00,0.000000000000000000e+00,0.000000000000000000e+00,0.000000000000000000e+00,0.000000000000000000e+00,0.000000000000000000e+00,0.000000000000000000e+00,0.000000000000000000e+00,0.000000000000000000e+00,0.000000000000000000e+00,0.000000000000000000e+00,0.000000000000000000e+00,0.000000000000000000e+00,0.000000000000000000e+00,0.000000000000000000e+00,0.000000000000000000e+00,0.000000000000000000e+00,0.000000000000000000e+00,0.000000000000000000e+00,0.000000000000000000e+00,0.000000000000000000e+00,0.000000000000000000e+00,0.000000000000000000e+00,0.000000000000000000e+00,0.000000000000000000e+00,0.000000000000000000e+00,0.000000000000000000e+00,0.000000000000000000e+00,0.000000000000000000e+00,0.000000000000000000e+00,0.000000000000000000e+00,0.000000000000000000e+00,0.000000000000000000e+00,0.000000000000000000e+00,0.000000000000000000e+00,0.000000000000000000e+00,0.000000000000000000e+00,0.000000000000000000e+00,0.000000000000000000e+00,0.000000000000000000e+00,0.000000000000000000e+00,0.000000000000000000e+00,0.000000000000000000e+00,0.000000000000000000e+00,0.000000000000000000e+00,0.000000000000000000e+00,0.000000000000000000e+00,0.000000000000000000e+00,0.000000000000000000e+00,0.000000000000000000e+00,0.000000000000000000e+00,0.000000000000000000e+00,0.000000000000000000e+00,0.000000000000000000e+00,0.000000000000000000e+00,0.000000000000000000e+00,0.000000000000000000e+00,0.000000000000000000e+00,0.000000000000000000e+00,0.000000000000000000e+00,0.000000000000000000e+00,0.000000000000000000e+00,0.000000000000000000e+00,0.000000000000000000e+00,0.000000000000000000e+00,0.000000000000000000e+00,0.000000000000000000e+00,0.000000000000000000e+00,0.000000000000000000e+00,0.000000000000000000e+00,0.000000000000000000e+00,0.000000000000000000e+00,0.000000000000000000e+00,0.000000000000000000e+00,0.000000000000000000e+00,0.000000000000000000e+00,0.000000000000000000e+00,0.000000000000000000e+00,0.000000000000000000e+00,0.000000000000000000e+00,0.000000000000000000e+00,0.000000000000000000e+00,0.000000000000000000e+00,0.000000000000000000e+00,0.000000000000000000e+00,0.000000000000000000e+00,0.000000000000000000e+00,0.000000000000000000e+00,0.000000000000000000e+00,0.000000000000000000e+00,0.000000000000000000e+00,0.000000000000000000e+00,0.000000000000000000e+00,0.000000000000000000e+00,0.000000000000000000e+00,0.000000000000000000e+00,0.000000000000000000e+00,0.000000000000000000e+00,0.000000000000000000e+00,0.000000000000000000e+00,0.000000000000000000e+00,0.000000000000000000e+00,0.000000000000000000e+00,0.000000000000000000e+00,0.000000000000000000e+00,-9.407850037228097928e-05,-1.173662053043741287e-04,-1.187579705935249731e-04,-1.067738152414540991e-04,-8.851541954160630540e-05,-6.552710709732772175e-05,-4.109222956469561424e-05,-1.832169864564164727e-05,1.124124302798283685e-06,1.599444044141975498e-05,2.589218318983404194e-05,3.095394760990754796e-05,3.168577828516252597e-05,2.886541294029039312e-05,2.338576430076174889e-05,1.617484301737941930e-05,8.099791618673942423e-06,-9.220661320812298196e-08,-7.814757732164294432e-06,-1.465671112925896066e-05,-2.037713383890025397e-05,-2.488536228015746869e-05,-2.821155669659066896e-05,-3.047351916761047727e-05,-3.184362150165730127e-05,-3.251935874465696483e-05,-3.269931069371797243e-05,-3.256552213378021294e-05,-3.227222839896988135e-05,-3.194027872540093670e-05,-3.165616022012442951e-05,-3.147438060199486389e-05,-3.142198348902888017e-05,-3.150413729891863522e-05,-3.170996682090889936e-05,-3.201804997597557827e-05,-3.240122799758628880e-05,-3.283056286711338092e-05,-3.327840535998038664e-05,-3.372062101655249537e-05,-3.413806410590295646e-05,-3.451740813909675323e-05,-3.485144216781285086e-05,-3.513893723637295785e-05,-3.538417796501672506e-05,-3.559624683584692407e-05,-3.578813995009985237e-05,-3.597578682079462828e-05,-3.617703828055738344e-05,-3.641067974156026517e-05,-3.669551692563359832e-05,-3.704957228245274014e-05,-3.748941788575110151e-05,-3.802965962764790446e-05,-3.868257348071093080e-05,-3.945788289734433046e-05,-4.036265291512181372e-05,-4.140126712308123531e-05,-4.257544463762650015e-05,-4.388425176694347004e-05,-4.532406366510835001e-05,-4.688844079883484060e-05,-4.856789967508003808e-05,-5.034958165280909668e-05,-5.221685283384200165e-05,-5.414890455978210298e-05,-5.612046107513009356e-05,-5.810173831185972689e-05,-6.005882652071556376e-05,-6.195468704160261549e-05,-6.375094974155423198e-05,-6.541066932182613872e-05,-6.690213724604690191e-05,-6.820375117317137824e-05,-6.930981279501598094e-05,-7.023696519051373180e-05,-7.103079993923322379e-05,-7.177198095112569543e-05,-7.258106653930496512e-05,-7.362109334163532981e-05,-7.509694423289414451e-05,-7.725058988086996046e-05,-8.035149459304523399e-05,-8.468182890253670846e-05,-9.051663160191838846e-05,-9.809969023088478755e-05,-1.076166088823935955e-04,-1.191672270339586557e-04,-1.327401374250700280e-04,-1.481924078017244706e-04,-1.652376260088958071e-04,-1.834449763083559923e-04,-2.022511858182995210e-04,-2.209859010368344040e-04,-2.389094980319091284e-04,-2.552607074218618045e-04,-2.693100021907860538e-04,-2.804137050689935054e-04,-2.880634126875493048e-04,-2.919256895244195030e-04,-2.918680089432486259e-04,-2.879684467577307361e-04,-2.805084193838250904e-04,-2.699495341740012697e-04,-2.568971445166153261e-04,-2.420543135016870232e-04,-2.261705269178410495e-04,-2.099897086173520505e-04,-1.942020199358684485e-04,-1.794037533798791960e-04,-1.660694976247670208e-04,-1.545406214372372754e-04,-1.450336362769990574e-04,-1.376703141431613283e-04,-1.325271846252775094e-04,-1.296934427362269996e-04,-1.293117352601564794e-04,-1.315554191049609918e-04,-1.364716546826998589e-04,-1.436012314629043812e-04,-1.512919407239458566e-04,-1.556832332152278302e-04,-1.494977849855322870e-04,-1.210766771821679703e-04,-5.457285930282233062e-05,6.713756003140814734e-05,2.545664421774993837e-04,4.960649779509108438e-04,7.325805947516556222e-04,8.239401174743763660e-04,5.153655199406452763e-04
0.000000000000000000e+00,0.000000000000000000e+00,0.000000000000000000e+00,0.000000000000000000e+00,0.000000000000000000e+00,0.000000000000000000e+00,0.000000000000000000e+00,0.000000000000000000e+00,0.000000000000000000e+00,0.000000000000000000e+00,0.000000000000000000e+00,0.000000000000000000e+00,0.000000000000000000e+00,0.000000000000000000e+00,0.000000000000000000e+00,0.000000000000000000e+00,0.000000000000000000e+00,0.000000000000000000e+00,0.000000000000000000e+00,0.000000000000000000e+00,0.000000000000000000e+00,0.000000000000000000e+00,0.000000000000000000e+00,0.000000000000000000e+00,0.000000000000000000e+00,0.000000000000000000e+00,0.000000000000000000e+00,0.000000000000000000e+00,0.000000000000000000e+00,0.000000000000000000e+00,0.000000000000000000e+00,0.000000000000000000e+00,0.000000000000000000e+00,0.000000000000000000e+00,0.000000000000000000e+00,0.000000000000000000e+00,0.000000000000000000e+00,0.000000000000000000e+00,0.000000000000000000e+00,0.000000000000000000e+00,0.000000000000000000e+00,0.000000000000000000e+00,0.000000000000000000e+00,0.000000000000000000e+00,0.000000000000000000e+00,0.000000000000000000e+00,0.000000000000000000e+00,0.000000000000000000e+00,0.000000000000000000e+00,0.000000000000000000e+00,0.000000000000000000e+00,0.000000000000000000e+00,0.000000000000000000e+00,0.000000000000000000e+00,0.000000000000000000e+00,0.000000000000000000e+00,0.000000000000000000e+00,0.000000000000000000e+00,0.000000000000000000e+00,0.000000000000000000e+00,0.000000000000000000e+00,0.000000000000000000e+00,0.000000000000000000e+00,0.000000000000000000e+00,0.000000000000000000e+00,0.000000000000000000e+00,0.000000000000000000e+00,0.000000000000000000e+00,0.000000000000000000e+00,0.000000000000000000e+00,0.000000000000000000e+00,0.000000000000000000e+00,0.000000000000000000e+00,0.000000000000000000e+00,0.000000000000000000e+00,0.000000000000000000e+00,0.000000000000000000e+00,0.000000000000000000e+00,0.000000000000000000e+00,0.000000000000000000e+00,0.000000000000000000e+00,0.000000000000000000e+00,0.000000000000000000e+00,0.000000000000000000e+00,0.000000000000000000e+00,0.000000000000000000e+00,0.000000000000000000e+00,0.000000000000000000e+00,0.000000000000000000e+00,0.000000000000000000e+00,0.000000000000000000e+00,0.000000000000000000e+00,0.000000000000000000e+00,0.000000000000000000e+00,0.000000000000000000e+00,0.000000000000000000e+00,0.000000000000000000e+00,0.000000000000000000e+00,0.000000000000000000e+00,0.000000000000000000e+00,0.000000000000000000e+00,0.000000000000000000e+00,0.000000000000000000e+00,0.000000000000000000e+00,0.000000000000000000e+00,0.000000000000000000e+00,0.000000000000000000e+00,0.000000000000000000e+00,0.000000000000000000e+00,0.000000000000000000e+00,0.000000000000000000e+00,0.000000000000000000e+00,0.000000000000000000e+00,0.000000000000000000e+00,0.000000000000000000e+00,0.000000000000000000e+00,0.000000000000000000e+00,0.000000000000000000e+00,0.000000000000000000e+00,0.000000000000000000e+00,0.000000000000000000e+00,0.000000000000000000e+00,0.000000000000000000e+00,0.000000000000000000e+00,0.000000000000000000e+00,0.000000000000000000e+00,0.000000000000000000e+00,0.000000000000000000e+00,0.000000000000000000e+00,0.000000000000000000e+00,0.000000000000000000e+00,0.000000000000000000e+00,0.000000000000000000e+00,0.000000000000000000e+00,0.000000000000000000e+00,0.000000000000000000e+00,0.000000000000000000e+00,0.000000000000000000e+00,0.000000000000000000e+00,0.000000000000000000e+00,0.000000000000000000e+00,0.000000000000000000e+00,0.000000000000000000e+00,0.000000000000000000e+00,0.000000000000000000e+00,0.000000000000000000e+00,0.000000000000000000e+00,0.000000000000000000e+00,0.000000000000000000e+00,0.000000000000000000e+00,0.000000000000000000e+00,0.000000000000000000e+00,0.000000000000000000e+00,0.000000000000000000e+00,0.000000000000000000e+00,0.000000000000000000e+00,0.000000000000000000e+00,0.000000000000000000e+00,0.000000000000000000e+00,0.000000000000000000e+00,0.000000000000000000e+00,0.000000000000000000e+00,0.000000000000000000e+00,0.000000000000000000e+00,0.000000000000000000e+00,0.000000000000000000e+00,0.000000000000000000e+00,0.000000000000000000e+00,0.000000000000000000e+00,0.000000000000000000e+00,-1.094528223397715088e-04,-1.163075164251614737e-04,-1.139545942032869300e-04,-9.998389949412297907e-05,-7.859774345637226395e-05,-5.466007203139889345e-05,-3.050168897060128511e-05,-8.927349379979314647e-06,8.558180379205151955e-06,2.123531632337982548e-05,2.893064323478032609e-05,3.199692454854546626e-05,3.105613295688220722e-05,2.694770813627703844e-05,2.059115882033358318e-05,1.289797854087865743e-05,4.689394927018568938e-06,-3.356004746515243146e-06,-1.072998390196942128e-05,-1.709989598834652861e-05,-2.229528665681315724e-05,-2.628316382350275973e-05,-2.913611697577295047e-05,-3.099896217219124268e-05,-3.205714062627168992e-05,-3.250974199409644431e-05,-3.254846972480190221e-05,-3.234305050659346030e-05,-3.203270669106217622e-05,-3.172280820957978578e-05,-3.148551525396547831e-05,-3.136316903955320640e-05,-3.137328161073165431e-05,-3.151418589166953330e-05,-3.177064801721453689e-05,-3.211898791763592817e-05,-3.253145425675316161e-05,-3.297975465079526079e-05,-3.343774262163827445e-05,-3.388332333795521337e-05,-3.429966874703500092e-05,-3.467584285697276284e-05,-3.500693767097753516e-05,-3.529381551752853693e-05,-3.554254791464708378e-05,-3.576363466598211856e-05,-3.597108109495261691e-05,-3.618140405031201878e-05,-3.641263015784204833e-05,-3.668334036680968900e-05,-3.701180541030448483e-05,-3.741524499649370061e-05,-3.790923211721142352e-05,-3.850725039402719062e-05,-3.922040004490733018e-05,-4.005723459158057646e-05,-4.102369953194350325e-05,-4.212313396023107428e-05,-4.335629069217164440e-05,-4.472132817464939626e-05,-4.621373255877642253e-05,-4.782613887076638014e-05,-4.954803979969462106e-05,-5.136539626696684507e-05,-5.326019763365336796e-05,-5.521005627762908360e-05,-5.718796087082833135e-05,-5.916234776658175413e-05,-6.109767735820088885e-05,-6.295571294862905762e-05,-6.469768903117699801e-05,-6.628751500829219460e-05,-6.769608636981509189e-05,-6.890666357687317200e-05,-6.992113276059316515e-05,-7.076678650296996302e-05,-7.150307181090816827e-05,-7.222756349369961607e-05,-7.308026154405885611e-05,-7.424520991676339290e-05,-7.594842566740233930e-05,-7.845124215359516114e-05,-8.203843397959274363e-05,-8.700091522976378911e-05,-9.361337896088764020e-05,-1.021079392328896272e-04,-1.126455831283157519e-04,-1.252879435301480499e-04,-1.399724468411624677e-04,-1.564941459931819766e-04,-1.744974057864475141e-04,-1.934799919870781827e-04,-2.128110246746272292e-04,-2.317627737001227083e-04,-2.495545763009292630e-04,-2.654054912148270311e-04,-2.785909480937035355e-04,-2.884978535951285262e-04,-2.946725379677629479e-04,-2.968566008420425880e-04,-2.950070384196368462e-04,-2.892987891466239228e-04,-2.801097434298106706e-04,-2.679900470653458298e-04,-2.536189684099921676e-04,-2.377535760744359553e-04,-2.211739873739150693e-04,-2.046301092164059903e-04,-1.887947814185525540e-04,-1.742282047916563295e-04,-1.613584926842802640e-04,-1.504827942183459429e-04,-1.417918685095513305e-04,-1.354168156790384111e-04,-1.314879904615158469e-04,-1.301810804783345738e-04,-1.317032937293606814e-04,-1.361462540355118042e-04,-1.431106393621694398e-04,-1.510100045014733917e-04,-1.560199138173981332e-04,-1.507987122177309198e-04,-1.234192004692602159e-04,-5.745570505930848784e-05,6.513680518953210907e-05,2.559481150742370145e-04,5.039459252061010775e-04,7.489447893491412572e-04,8.458608657997564693e-04,5.290014706997156133e-04
0.000000000000000000e+00,0.000000000000000000e+00,0.000000000000000000e+00,0.000000000000000000e+00,0.000000000000000000e+00,0.000000000000000000e+00,0.000000000000000000e+00,0.000000000000000000e+00,0.000000000000000000e+00,0.000000000000000000e+00,0.000000000000000000e+00,0.000000000000000000e+00,0.000000000000000000e+00,0.000000000000000000e+00,0.000000000000000000e+00,0.000000000000000000e+00,0.000000000000000000e+00,0.000000000000000000e+00,0.000000000000000000e+00,0.000000000000000000e+00,0.000000000000000000e+00,0.000000000000000000e+00,0.000000000000000000e+00,0.000000000000000000e+00,0.000000000000000000e+00,0.000000000000000000e+00,0.000000000000000000e+00,0.000000000000000000e+00,0.000000000000000000e+00,0.000000000000000000e+00,0.000000000000000000e+00,0.000000000000000000e+00,0.000000000000000000e+00,0.000000000000000000e+00,0.000000000000000000e+00,0.000000000000000000e+00,0.000000000000000000e+00,0.000000000000000000e+00,0.000000000000000000e+00,0.000000000000000000e+00,0.000000000000000000e+00,0.000000000000000000e+00,0.000000000000000000e+00,0.000000000000000000e+00,0.000000000000000000e+00,0.000000000000000000e+00,0.000000000000000000e+00,0.000000000000000000e+00,0.000000000000000000e+00,0.000000000000000000e+00,0.000000000000000000e+00,0.000000000000000000e+00,0.000000000000000000e+00,0.000000000000000000e+00,0.000000000000000000e+00,0.000000000000000000e+00,0.000000000000000000e+00,0.000000000000000000e+00,0.000000000000000000e+00,0.000000000000000000e+00,0.000000000000000000e+00,0.000000000000000000e+00,0.000000000000000000e+00,0.000000000000000000e+00,0.000000000000000000e+00,0.000000000000000000e+00,0.000000000000000000e+00,0.000000000000000000e+00,0.000000000000000000e+00,0.000000000000000000e+00,0.000000000000000000e+00,0.000000000000000000e+00,0.000000000000000000e+00,0.000000000000000000e+00,0.000000000000000000e+00,0.000000000000000000e+00,0.000000000000000000e+00,0.000000000000000000e+00,0.000000000000000000e+00,0.000000000000000000e+00,0.000000000000000000e+00,0.000000000000000000e+00,0.000000000000000000e+00,0.000000000000000000e+00,0.000000000000000000e+00,0.000000000000000000e+00,0.000000000000000000e+00,0.000000000000000000e+00,0.000000000000000000e+00,0.000000000000000000e+00,0.000000000000000000e+00,0.000000000000000000e+00,0.000000000000000000e+00,0.000000000000000000e+00,0.000000000000000000e+00,0.000000000000000000e+00,0.000000000000000000e+00,0.000000000000000000e+00,0.000000000000000000e+00,0.000000000000000000e+00,0.000000000000000000e+00,0.000000000000000000e+00,0.000000000000000000e+00,0.000000000000000000e+00,0.000000000000000000e+00,0.000000000000000000e+00,0.000000000000000000e+00,0.000000000000000000e+00,0.000000000000000000e+00,0.000000000000000000e+00,0.000000000000000000e+00,0.000000000000000000e+00,0.000000000000000000e+00,0.000000000000000000e+00,0.000000000000000000e+00,0.000000000000000000e+00,0.000000000000000000e+00,0.000000000000000000e+00,0.000000000000000000e+00,0.000000000000000000e+00,0.000000000000000000e+00,0.000000000000000000e+00,0.000000000000000000e+00,0.000000000000000000e+00,0.000000000000000000e+00,0.000000000000000000e+00,0.000000000000000000e+00,0.000000000000000000e+00,0.000000000000000000e+00,0.000000000000000000e+00,0.000000000000000000e+00,0.000000000000000000e+00,0.000000000000000000e+00,0.000000000000000000e+00,0.000000000000000000e+00,0.000000000000000000e+00,0.000000000000000000e+00,0.000000000000000000e+00,0.000000000000000000e+00,0.000000000000000000e+00,0.000000000000000000e+00,0.000000000000000000e+00,0.000000000000000000e+00,0.000000000000000000e+00,0.000000000000000000e+00,0.000000000000000000e+00,0.000000000000000000e+00,0.000000000000000000e+00,0.000000000000000000e+00,0.000000000000000000e+00,0.000000000000000000e+00,0.000000000000000000e+00,0.000000000000000000e+00,0.000000000000000000e+00,0.000000000000000000e+00,0.000000000000000000e+00,0.000000000000000000e+00,0.000000000000000000e+00,0.000000000000000000e+00,0.000000000000000000e+00,0.000000000000000000e+00,0.000000000000000000e+00,0.000000000000000000e+00,0.000000000000000000e+00,0.000000000000000000e+00,0.000000000000000000e+00,0.000000000000000000e+00,0.000000000000000000e+00,0.000000000000000000e+00,0.000000000000000000e+00,-8.959520923660089012e-05,-1.141152032183739059e-04,-1.180356208563576213e-04,-1.084320241068443907e-04,-9.155844836465434357e-05,-6.824990565443843674e-05,-4.349126581229793441e-05,-2.022711431107148766e-05,-3.109524129133272809e-07,1.502535735427832428e-05,2.546189579640726244e-05,3.104027275165385086e-05,3.223666025308755584e-05,2.978053427504963663e-05,2.455960440504616676e-05,1.750369151732326700e-05,9.492794721959950694e-06,1.289313022859856496e-06,-6.504322730703645306e-06,-1.346044030925418560e-05,-1.932262460608014031e-05,-2.398580279827704177e-05,-2.746788184523439789e-05,-2.987674787747169624e-05,-3.137754332294274268e-05,-3.216312714073785568e-05,-3.242987206229784624e-05,-3.235971435785590884e-05,-3.210850447302548527e-05,-3.180001104324157123e-05,-3.152452203787898101e-05,-3.134080853999595702e-05,-3.128025140617593920e-05,-3.135208704942529947e-05,-3.154896648318391997e-05,-3.185226274491080215e-05,-3.223678425714603547e-05,-3.267472235382571396e-05,-3.313878350673917720e-05,-3.360453201913398715e-05,-3.405201045454513966e-05,-3.446672420441918304e-05,-3.484008248390067601e-05,-3.516938855581306186e-05,-3.545746910115806758e-05,-3.571202958763911462e-05,-3.594481763583755535e-05,-3.617067121753015968e-05,-3.640652116429373114e-05,-3.667040927500302762e-05,-3.698057313817266535e-05,-3.735463788634133160e-05,-3.780894286774046136e-05,-3.835801859645197539e-05,-3.901421616280066797e-05,-3.978747829380333679e-05,-4.068522894895470533e-05,-4.171234749719070716e-05,-4.287118542060549522e-05,-4.416157897991257643e-05,-4.558081215270179382e-05,-4.712349098101718434e-05,-4.878130494967845057e-05,-5.054267273445552940e-05,-5.239229930142052361e-05,-5.431070663290888442e-05,-5.627383997632138971e-05,-5.825289061163664860e-05,-6.021451081556250019e-05,-6.212161956199488519e-05,-6.393500265692123616e-05,-6.561589006493060046e-05,-6.712964072939450895e-05,-6.845057539159527448e-05,-6.956787027543867498e-05,-7.049226088925384650e-05,-7.126311530765091790e-05,-7.195523447774418511e-05,-7.268454663487681935e-05,-7.361171167029635361e-05,-7.494257360425928027e-05,-7.692442944524496016e-05,-7.983725340710580681e-05,-8.397934875317667760e-05,-8.964740244440358484e-05,-9.711157213823866754e-05,-1.065869940515504232e-04,-1.182038827877545924e-04,-1.319790902914702688e-04,-1.477924690444871124e-04,-1.653715123979124159e-04,-1.842874140348969630e-04,-2.039648465953692485e-04,-2.237064354350589432e-04,-2.427312254790936388e-04,-2.602246271510784458e-04,-2.753956644454240302e-04,-2.875361245483088065e-04,-2.960756583098498023e-04,-3.006271237136741588e-04,-3.010174751501516950e-04,-2.973011141680871800e-04,-2.897545679683104355e-04,-2.788533483401103050e-04,-2.652335953130675861e-04,-2.496424435574200748e-04,-2.328819064744273892e-04,-2.157515226069730522e-04,-1.989952143768471539e-04,-1.832579397628573601e-04,-1.690578055937531552e-04,-1.567790610736614931e-04,-1.466899791344065604e-04,-1.389855863557163665e-04,-1.338464793177379718e-04,-1.314894700858728032e-04,-1.321625862532822880e-04,-1.360083937210622527e-04,-1.426947280650171150e-04,-1.507104442352493877e-04,-1.562797392168475909e-04,-1.520106449211511539e-04,-1.257179783402119196e-04,-6.039438030375385936e-05,6.295492954523660767e-05,2.570597871306773354e-04,5.115896204684869299e-04,7.652832550688018660e-04,8.680617340684066959e-04,5.429343984403261049e-04
0.000000000000000000e+00,0.000000000000000000e+00,0.000000000000000000e+00,0.000000000000000000e+00,0.000000000000000000e+00,0.000000000000000000e+00,0.000000000000000000e+00,0.000000000000000000e+00,0.000000000000000000e+00,0.000000000000000000e+00,0.000000000000000000e+00,0.000000000000000000e+00,0.000000000000000000e+00,0.000000000000000000e+00,0.000000000000000000e+00,0.000000000000000000e+00,0.000000000000000000e+00,0.000000000000000000e+00,0.000000000000000000e+00,0.000000000000000000e+00,0.000000000000000000e+00,0.000000000000000000e+00,0.000000000000000000e+00,0.000000000000000000e+00,0.000000000000000000e+00,0.000000000000000000e+00,0.000000000000000000e+00,0.000000000000000000e+00,0.000000000000000000e+00,0.000000000000000000e+00,0.000000000000000000e+00,0.000000000000000000e+00,0.000000000000000000e+00,0.000000000000000000e+00,0.000000000000000000e+00,0.000000000000000000e+00,0.000000000000000000e+00,0.000000000000000000e+00,0.000000000000000000e+00,0.000000000000000000e+00,0.000000000000000000e+00,0.000000000000000000e+00,0.000000000000000000e+00,0.000000000000000000e+00,0.000000000000000000e+00,0.000000000000000000e+00,0.000000000000000000e+00,0.000000000000000000e+00,0.000000000000000000e+00,0.000000000000000000e+00,0.000000000000000000e+00,0.000000000000000000e+00,0.000000000000000000e+00,0.000000000000000000e+00,0.000000000000000000e+00,0.000000000000000000e+00,0.000000000000000000e+00,0.000000000000000000e+00,0.000000000000000000e+00,0.000000000000000000e+00,0.000000000000000000e+00,0.000000000000000000e+00,0.000000000000000000e+00,0.000000000000000000e+00,0.000000000000000000e+00,0.000000000000000000e+00,0.000000000000000000e+00,0.000000000000000000e+00,0.000000000000000000e+00,0.000000000000000000e+00,0.000000000000000000e+00,0.000000000000000000e+00,0.000000000000000000e+00,0.000000000000000000e+00,0.000000000000000000e+00,0.000000000000000000e+00,0.000000000000000000e+00,0.000000000000000000e+00,0.000000000000000000e+00,0.000000000000000000e+00,0.000000000000000000e+00,0.000000000000000000e+00,0.000000000000000000e+00,0.000000000000000000e+00,0.000000000000000000e+00,0.000000000000000000e+00,0.000000000000000000e+00,0.000000000000000000e+00,0.000000000000000000e+00,0.000000000000000000e+00,0.000000000000000000e+00,0.000000000000000000e+00,0.000000000000000000e+00,0.000000000000000000e+00,0.000000000000000000e+00,0.000000000000000000e+00,0.000000000000000000e+00,0.000000000000000000e+00,0.000000000000000000e+00,0.000000000000000000e+00,0.000000000000000000e+00,0.000000000000000000e+00,0.000000000000000000e+00,0.000000000000000000e+00,0.000000000000000000e+00,0.000000000000000000e+00,0.000000000000000000e+00,0.000000000000000000e+00,0.000000000000000000e+00,0.000000000000000000e+00,0.000000000000000000e+00,0.000000000000000000e+00,0.000000000000000000e+00,0.000000000000000000e+00,0.000000000000000000e+00,0.000000000000000000e+00,0.000000000000000000e+00,0.000000000000000000e+00,0.000000000000000000e+00,0.000000000000000000e+00,0.000000000000000000e+00,0.000000000000000000e+00,0.000000000000000000e+00,0.000000000000000000e+00,0.000000000000000000e+00,0.000000000000000000e+00,0.000000000000000000e+00,0.000000000000000000e+00,0.000000000000000000e+00,0.000000000000000000e+00,0.000000000000000000e+00,0.000000000000000000e+00,0.000000000000000000e+00,0.000000000000000000e+00,0.000000000000000000e+00,0.000000000000000000e+00,0.000000000000000000e+00,0.000000000000000000e+00,0.000000000000000000e+00,0.000000000000000000e+00,0.000000000000000000e+00,0.000000000000000000e+00,0.000000000000000000e+00,0.000000000000000000e+00,0.000000000000000000e+00,0.000000000000000000e+00,0.000000000000000000e+00,0.000000000000000000e+00,0.000000000000000000e+00,0.000000000000000000e+00,0.000000000000000000e+00,0.000000000000000000e+00,0.000000000000000000e+00,0.000000000000000000e+00,0.000000000000000000e+00,0.000000000000000000e+00,0.000000000000000000e+00,0.000000000000000000e+00,0.000000000000000000e+00,0.000000000000000000e+00,0.000000000000000000e+00,0.000000000000000000e+00,0.000000000000000000e+00,0.000000000000000000e+00,0.000000000000000000e+00,0.000000000000000000e+00,0.000000000000000000e+00,0.000000000000000000e+00,0.000000000000000000e+00,0.000000000000000000e+00,0.000000000000000000e+00,-1.053666522691399662e-04,-1.124667746192757904e-04,-1.158851372988445137e-04,-1.027384220866967891e-04,-8.148484764609926101e-05,-5.697986334402338547e-05,-3.239829259607273401e-05,-1.059278879954604419e-05,7.320830150169640963e-06,2.048244730437270492e-05,2.871609056178626445e-05,3.226852060524661913e-05,3.173329365096522067e-05,2.792912284014840253e-05,2.177801608413394049e-05,1.420053884835630200e-05,6.028929552359151754e-06,-2.044366020188927996e-06,-9.497408456655782310e-06,-1.598273785370753284e-05,-2.131595852731279120e-05,-2.545116848580226246e-05,-2.845005974440490909e-05,-3.044879247376858401e-05,-3.162659150224608724e-05,-3.217868158590466880e-05,-3.229506946030931858e-05,-3.214567130916317706e-05,-3.187145874905489100e-05,-3.158074049224586890e-05,-3.134941675207569411e-05,-3.122396914225346407e-05,-3.122607129514235879e-05,-3.135790174723716134e-05,-3.160749424281983160e-05,-3.195368459564089527e-05,-3.237040941772706669e-05,-3.283024724227620855e-05,-3.330718760854309225e-05,-3.377866484242663693e-05,-3.422692401731182357e-05,-3.463979767841142697e-05,-3.501097934282935845e-05,-3.533987974652964148e-05,-3.563115345673733967e-05,-3.589398000867995744e-05,-3.614118172751955982e-05,-3.638825312551772974e-05,-3.665237048968328533e-05,-3.695143928609311641e-05,-3.730322735705029233e-05,-3.772461857286331426e-05,-3.823101003909353283e-05,-3.883586170601182637e-05,-3.955039505468866155e-05,-4.038342381394615971e-05,-4.134128880858344913e-05,-4.242785849775010832e-05,-4.364455072257140533e-05,-4.499032809923587809e-05,-4.646162311121345957e-05,-4.805215824130712238e-05,-4.975264417248897862e-05,-5.155036379489078393e-05,-5.342868235836549420e-05,-5.536656183046209553e-05,-5.733819849546835194e-05,-5.931294203882249557e-05,-6.125568684502162217e-05,-6.312794475237654395e-05,-6.488980594931114938e-05,-6.650296336478582016e-05,-6.793490950617929003e-05,-6.916430902733417582e-05,-7.018740489273308104e-05,-7.102513560740283493e-05,-7.173043657756678808e-05,-7.239498876977058057e-05,-7.315448797417132220e-05,-7.419137056101375355e-05,-7.573388283889697303e-05,-7.805045802688641071e-05,-8.143859886299515208e-05,-8.620787473707431552e-05,-9.265722902711049952e-05,-1.010475267221357663e-04,-1.115710918856876229e-04,-1.243207919746317652e-04,-1.392618939303363098e-04,-1.562103026919248259e-04,-1.748207605145694345e-04,-1.945880382405194625e-04,-2.148630602975855342e-04,-2.348843439342683092e-04,-2.538232753450862756e-04,-2.708398569883261014e-04,-2.851439530602122019e-04,-2.960560276765366802e-04,-3.030611186236926058e-04,-3.058503853865402063e-04,-3.043459220574591131e-04,-2.987064076496208560e-04,-2.893132728171037330e-04,-2.767390821836835453e-04,-2.617015200222214447e-04,-2.450075980826051905e-04,-2.274934934532590739e-04,-2.099659061086153310e-04,-1.931511726165817215e-04,-1.776586459190644901e-04,-1.639647925621015914e-04,-1.524232599917605974e-04,-1.433023057560864832e-04,-1.368422748424372767e-04,-1.333099072812352417e-04,-1.330018569675612541e-04,-1.361189402017072743e-04,-1.424042038037191002e-04,-1.504321472154476085e-04,-1.564890973860763341e-04,-1.531480808396252819e-04,-1.279778155705896985e-04,-6.338773977596906116e-05,6.059455641395319095e-05,2.579022402192228890e-04,5.189954035909159638e-04,7.815993067213698828e-04,8.905559358723319019e-04,5.571779054356065450e-04
0.000000000000000000e+00,0.000000000000000000e+00,0.000000000000000000e+00,0.000000000000000000e+00,0.000000000000000000e+00,0.000000000000000000e+00,0.000000000000000000e+00,0.000000000000000000e+00,0.000000000000000000e+00,0.000000000000000000e+00,0.000000000000000000e+00,0.000000000000000000e+00,0.000000000000000000e+00,0.000000000000000000e+00,0.000000000000000000e+00,0.000000000000000000e+00,0.000000000000000000e+00,0.000000000000000000e+00,0.000000000000000000e+00,0.000000000000000000e+00,0.000000000000000000e+00,0.000000000000000000e+00,0.000000000000000000e+00,0.000000000000000000e+00,0.000000000000000000e+00,0.000000000000000000e+00,0.000000000000000000e+00,0.000000000000000000e+00,0.000000000000000000e+00,0.000000000000000000e+00,0.000000000000000000e+00,0.000000000000000000e+00,0.000000000000000000e+00,0.000000000000000000e+00,0.000000000000000000e+00,0.000000000000000000e+00,0.000000000000000000e+00,0.000000000000000000e+00,0.000000000000000000e+00,0.000000000000000000e+00,0.000000000000000000e+00,0.000000000000000000e+00,0.000000000000000000e+00,0.000000000000000000e+00,0.000000000000000000e+00,0.000000000000000000e+00,0.000000000000000000e+00,0.000000000000000000e+00,0.000000000000000000e+00,0.000000000000000000e+00,0.000000000000000000e+00,0.000000000000000000e+00,0.000000000000000000e+00,0.000000000000000000e+00,0.000000000000000000e+00,0.000000000000000000e+00,0.000000000000000000e+00,0.000000000000000000e+00,0.000000000000000000e+00,0.000000000000000000e+00,0.000000000000000000e+00,0.000000000000000000e+00,0.000000000000000000e+00,0.000000000000000000e+00,0.000000000000000000e+00,0.000000000000000000e+00,0.000000000000000000e+00,0.000000000000000000e+00,0.000000000000000000e+00,0.000000000000000000e+00,0.000000000000000000e+00,0.000000000000000000e+00,0.000000000000000000e+00,0.000000000000000000e+00,0.000000000000000000e+00,0.000000000000000000e+00,0.000000000000000000e+00,0.000000000000000000e+00,0.000000000000000000e+00,0.000000000000000000e+00,0.000000000000000000e+00,0.000000000000000000e+00,0.000000000000000000e+00,0.000000000000000000e+00,0.000000000000000000e+00,0.000000000000000000e+00,0.000000000000000000e+00,0.000000000000000000e+00,0.000000000000000000e+00,0.000000000000000000e+00,0.000000000000000000e+00,0.000000000000000000e+00,0.000000000000000000e+00,0.000000000000000000e+00,0.000000000000000000e+00,0.000000000000000000e+00,0.000000000000000000e+00,0.000000000000000000e+00,0.000000000000000000e+00,0.000000000000000000e+00,0.000000000000000000e+00,0.000000000000000000e+00,0.000000000000000000e+00,0.000000000000000000e+00,0.000000000000000000e+00,0.000000000000000000e+00,0.000000000000000000e+00,0.000000000000000000e+00,0.000000000000000000e+00,0.000000000000000000e+00,0.000000000000000000e+00,0.000000000000000000e+00,0.000000000000000000e+00,0.000000000000000000e+00,0.000000000000000000e+00,0.000000000000000000e+00,0.000000000000000000e+00,0.000000000000000000e+00,0.000000000000000000e+00,0.000000000000000000e+00,0.000000000000000000e+00,0.000000000000000000e+00,0.000000000000000000e+00,0.000000000000000000e+00,0.000000000000000000e+00,0.000000000000000000e+00,0.000000000000000000e+00,0.000000000000000000e+00,0.000000000000000000e+00,0.000000000000000000e+00,0.000000000000000000e+00,0.000000000000000000e+00,0.000000000000000000e+00,0.000000000000000000e+00,0.000000000000000000e+00,0.000000000000000000e+00,0.000000000000000000e+00,0.000000000000000000e+00,0.000000000000000000e+00,0.000000000000000000e+00,0.000000000000000000e+00,0.000000000000000000e+00,0.000000000000000000e+00,0.000000000000000000e+00,0.000000000000000000e+00,0.000000000000000000e+00,0.000000000000000000e+00,0.000000000000000000e+00,0.000000000000000000e+00,0.000000000000000000e+00,0.000000000000000000e+00,0.000000000000000000e+00,0.000000000000000000e+00,0.000000000000000000e+00,0.000000000000000000e+00,0.000000000000000000e+00,0.000000000000000000e+00,0.000000000000000000e+00,0.000000000000000000e+00,0.000000000000000000e+00,0.000000000000000000e+00,0.000000000000000000e+00,0.000000000000000000e+00,0.000000000000000000e+00,0.000000000000000000e+00,0.000000000000000000e+00,0.000000000000000000e+00,0.000000000000000000e+00,0.000000000000000000e+00,0.000000000000000000e+00,0.000000000000000000e+00,-8.298560237991755933e-05,-1.071918164072227611e-04,-1.189638697200373684e-04,-1.118259449579166512e-04,-9.404046022881213307e-05,-7.001551270386448429e-05,-4.543476239628656342e-05,-2.199962679766201886e-05,-1.829737375015252289e-06,1.398819242862606007e-05,2.494819364294888005e-05,3.103509878755369560e-05,3.266451414037844207e-05,3.054935243347738929e-05,2.557837148994396485e-05,1.868485324023042878e-05,1.075881889519371628e-05,2.571319816024483216e-06,-5.262848588685143246e-06,-1.230345620835859689e-05,-1.828058447154646928e-05,-2.307646185419726545e-05,-2.669756689375058899e-05,-2.924224343642678407e-05,-3.086818560257634789e-05,-3.176295021732102459e-05,-3.211967720215116935e-05,-3.211898597804036285e-05,-3.191711072493336518e-05,-3.163964043194587161e-05,-3.137979313357113420e-05,-3.120001293544215912e-05,-3.113570148060079218e-05,-3.120008384930829441e-05,-3.138943471570092351e-05,-3.168813469904611214e-05,-3.207323039851316408e-05,-3.251832828347779711e-05,-3.299676080800303057e-05,-3.348402715794928346e-05,-3.395955149003686296e-05,-3.440781881089358390e-05,-3.481896311552009347e-05,-3.518888564905515396e-05,-3.551898859219547238e-05,-3.581560780565926609e-05,-3.608923073835650802e-05,-3.635357863365642030e-05,-3.662462883953717822e-05,-3.691964111364205698e-05,-3.725624402092438147e-05,-3.765162277858848111e-05,-3.812183976139632200e-05,-3.868130320088721945e-05,-3.934238861966090332e-05,-4.011520227876915173e-05,-4.100746558213264352e-05,-4.202448655676078602e-05,-4.316917766152930679e-05,-4.444207243412450690e-05,-4.584129451922209743e-05,-4.736243682229736686e-05,-4.899832232353014476e-05,-5.073863731952963724e-05,-5.256945697767907699e-05,-5.447271733394577276e-05,-5.642572879151369240e-05,-5.840086733233641422e-05,-6.036561906747152969e-05,-6.228318280208609023e-05,-6.411384886370663559e-05,-6.581736077979961387e-05,-6.735642353842531628e-05,-6.870144046637498075e-05,-6.983643805402247218e-05,-7.076597413544223722e-05,-7.152262739039301216e-05,-7.217444817903545941e-05,-7.283153463871626821e-05,-7.365071254216404002e-05,-7.483717894186957037e-05,-7.664195693648362655e-05,-7.935414052473727250e-05,-8.328721464539850519e-05,-8.875923126442776903e-05,-9.606729806365417576e-05,-1.054576502309441513e-04,-1.170934488666446440e-04,-1.310232657650886427e-04,-1.471538300941022256e-04,-1.652308746722802580e-04,-1.848316944424685830e-04,-2.053722370084288043e-04,-2.261301922005071424e-04,-2.462837514661006359e-04,-2.649636962687432944e-04,-2.813145565218211504e-04,-2.945590890041436378e-04,-3.040595452006800907e-04,-3.093692926409475925e-04,-3.102693254431788689e-04,-3.067858871253209140e-04,-2.991875483667307879e-04,-2.879623011357343551e-04,-2.737772475592728364e-04,-2.574250806339902441e-04,-2.397627248582730945e-04,-2.216483206248339637e-04,-2.038833608421002043e-04,-1.871673067571771063e-04,-1.720722024032068811e-04,-1.590438848516632561e-04,-1.484327861117302810e-04,-1.405487109122365193e-04,-1.357177231647455767e-04,-1.342936996470824940e-04,-1.365438556038738938e-04,-1.422953361724994977e-04,-1.502195117487372918e-04,-1.566794115254608525e-04,-1.542297780422136673e-04,-1.302068599895771163e-04,-6.643710272868532773e-05,5.805651678984896625e-05,2.584748486321798472e-04,5.261614023999582231e-04,7.978953628893861467e-04,9.133565054755238928e-04,5.717459772966382780e-04
0.000000000000000000e+00,0.000000000000000000e+00,0.000000000000000000e+00,0.000000000000000000e+00,0.000000000000000000e+00,0.000000000000000000e+00,0.000000000000000000e+00,0.000000000000000000e+00,0.000000000000000000e+00,0.000000000000000000e+00,0.000000000000000000e+00,0.000000000000000000e+00,0.000000000000000000e+00,0.000000000000000000e+00,0.000000000000000000e+00,0.000000000000000000e+00,0.000000000000000000e+00,0.000000000000000000e+00,0.000000000000000000e+00,0.000000000000000000e+00,0.000000000000000000e+00,0.000000000000000000e+00,0.000000000000000000e+00,0.000000000000000000e+00,0.000000000000000000e+00,0.000000000000000000e+00,0.000000000000000000e+00,0.000000000000000000e+00,0.000000000000000000e+00,0.000000000000000000e+00,0.000000000000000000e+00,0.000000000000000000e+00,0.000000000000000000e+00,0.000000000000000000e+00,0.000000000000000000e+00,0.000000000000000000e+00,0.000000000000000000e+00,0.000000000000000000e+00,0.000000000000000000e+00,0.000000000000000000e+00,0.000000000000000000e+00,0.000000000000000000e+00,0.000000000000000000e+00,0.000000000000000000e+00,0.000000000000000000e+00,0.000000000000000000e+00,0.000000000000000000e+00,0.000000000000000000e+00,0.000000000000000000e+00,0.000000000000000000e+00,0.000000000000000000e+00,0.000000000000000000e+00,0.000000000000000000e+00,0.000000000000000000e+00,0.000000000000000000e+00,0.000000000000000000e+00,0.000000000000000000e+00,0.000000000000000000e+00,0.000000000000000000e+00,0.000000000000000000e+00,0.000000000000000000e+00,0.000000000000000000e+00,0.000000000000000000e+00,0.000000000000000000e+00,0.000000000000000000e+00,0.000000000000000000e+00,0.000000000000000000e+00,0.000000000000000000e+00,0.000000000000000000e+00,0.000000000000000000e+00,0.000000000000000000e+00,0.000000000000000000e+00,0.000000000000000000e+00,0.000000000000000000e+00,0.000000000000000000e+00,0.000000000000000000e+00,0.000000000000000000e+00,0.000000000000000000e+00,0.000000000000000000e+00,0.000000000000000000e+00,0.000000000000000000e+00,0.000000000000000000e+00,0.000000000000000000e+00,0.000000000000000000e+00,0.000000000000000000e+00,0.000000000000000000e+00,0.000000000000000000e+00,0.000000000000000000e+00,0.000000000000000000e+00,0.000000000000000000e+00,0.000000000000000000e+00,0.000000000000000000e+00,0.000000000000000000e+00,0.000000000000000000e+00,0.000000000000000000e+00,0.000000000000000000e+00,0.000000000000000000e+00,0.000000000000000000e+00,0.000000000000000000e+00,0.000000000000000000e+00,0.000000000000000000e+00,0.000000000000000000e+00,0.000000000000000000e+00,0.000000000000000000e+00,0.000000000000000000e+00,0.000000000000000000e+00,0.000000000000000000e+00,0.000000000000000000e+00,0.000000000000000000e+00,0.000000000000000000e+00,0.000000000000000000e+00,0.000000000000000000e+00,0.000000000000000000e+00,0.000000000000000000e+00,0.000000000000000000e+00,0.000000000000000000e+00,0.000000000000000000e+00,0.000000000000000000e+00,0.000000000000000000e+00,0.000000000000000000e+00,0.000000000000000000e+00,0.000000000000000000e+00,0.000000000000000000e+00,0.000000000000000000e+00,0.000000000000000000e+00,0.000000000000000000e+00,0.000000000000000000e+00,0.000000000000000000e+00,0.000000000000000000e+00,0.000000000000000000e+00,0.000000000000000000e+00,0.000000000000000000e+00,0.000000000000000000e+00,0.000000000000000000e+00,0.000000000000000000e+00,0.000000000000000000e+00,0.000000000000000000e+00,0.000000000000000000e+00,0.000000000000000000e+00,0.000000000000000000e+00,0.000000000000000000e+00,0.000000000000000000e+00,0.000000000000000000e+00,0.000000000000000000e+00,0.000000000000000000e+00,0.000000000000000000e+00,0.000000000000000000e+00,0.000000000000000000e+00,0.000000000000000000e+00,0.000000000000000000e+00,0.000000000000000000e+00,0.000000000000000000e+00,0.000000000000000000e+00,0.000000000000000000e+00,0.000000000000000000e+00,0.000000000000000000e+00,0.000000000000000000e+00,0.000000000000000000e+00,0.000000000000000000e+00,0.000000000000000000e+00,0.000000000000000000e+00,0.000000000000000000e+00,0.000000000000000000e+00,0.000000000000000000e+00,0.000000000000000000e+00,0.000000000000000000e+00,0.000000000000000000e+00,0.000000000000000000e+00,0.000000000000000000e+00,0.000000000000000000e+00,0.000000000000000000e+00,0.000000000000000000e+00,-8.898538740970906539e-05,-1.169789512066792632e-04,-1.187100681519222771e-04,-1.033094087694186601e-04,-8.292799304042099877e-05,-5.859761266989328140e-05,-3.428485790257521174e-05,-1.228011480869651508e-05,6.027052287484439846e-06,1.970361009329508827e-05,2.844734776389270929e-05,3.244553557312086463e-05,3.227935273167417153e-05,2.875825223073688155e-05,2.281228219542387646e-05,1.536312264365963750e-05,7.251241148167725125e-06,-8.229457359011049705e-07,-8.326118380155112875e-06,-1.489880249535105008e-05,-2.034443198781807593e-05,-2.460580983310249983e-05,-2.773475461085456590e-05,-2.985922253234313847e-05,-3.115203735546706343e-05,-3.180383229646322851e-05,-3.200180253580966561e-05,-3.191476794250742245e-05,-3.168418119306747770e-05,-3.142020512293565296e-05,-3.120166161204495020e-05,-3.107865558890044399e-05,-3.107677843497583345e-05,-3.120203476378389639e-05,-3.144586269917088405e-05,-3.178984706488098940e-05,-3.220988806262697191e-05,-3.267971648976143842e-05,-3.317371794057569863e-05,-3.366908092961016678e-05,-3.414730540979434795e-05,-3.459513056939733173e-05,-3.500494703775777040e-05,-3.537477274551247296e-05,-3.570787232574719510e-05,-3.601210791283713391e-05,-3.629910315792588557e-05,-3.658330275242745590e-05,-3.688099721892452846e-05,-3.720937731125917709e-05,-3.758566611332603757e-05,-3.802636847853707570e-05,-3.854666009959597573e-05,-3.915992894051200561e-05,-3.987746480965184557e-05,-4.070828346686374184e-05,-4.165905665763791366e-05,-4.273411240989772290e-05,-4.393545984194581060e-05,-4.526279186155192385e-05,-4.671341849387353228e-05,-4.828209383318328495e-05,-4.996071310091820887e-05,-5.173788149577711131e-05,-5.359838605879757811e-05,-5.552264106889898278e-05,-5.748621821701135339e-05,-5.945961652526688188e-05,-6.140846352644676416e-05,-6.329436619224169849e-05,-6.507663580005028825e-05,-6.671509060540431067e-05,-6.817408302984939554e-05,-6.942780100716231645e-05,-7.046675116017740682e-05,-7.130514930285445860e-05,-7.198872852338857736e-05,-7.260224543124186539e-05,-7.327574488105594410e-05,-7.418846728028221900e-05,-7.556918874451882845e-05,-7.769181591981189658e-05,-8.086525226642291258e-05,-8.541694005921063348e-05,-9.167007024254728779e-05,-9.991522069817010160e-05,-1.103780745736735364e-04,-1.231857863608422669e-04,-1.383353686702690189e-04,-1.556680075169056103e-04,-1.748533182959267126e-04,-1.953871018823939243e-04,-2.166050953289828029e-04,-2.377135839805134072e-04,-2.578357226459358623e-04,-2.760702840893601681e-04,-2.915576619352740228e-04,-3.035466459964999693e-04,-3.114550203275250149e-04,-3.149175159146366484e-04,-3.138160092373503242e-04,-3.082888624270940813e-04,-2.987186194914139589e-04,-2.856995637085827863e-04,-2.699886385989843794e-04,-2.524448159048431968e-04,-2.339631955858361648e-04,-2.154110872013211301e-04,-1.975741499261513033e-04,-1.811211781165881184e-04,-1.665955478540909912e-04,-1.544380850640270715e-04,-1.450376943265472532e-04,-1.387895723814892401e-04,-1.361141148301011077e-04,-1.373539040276953115e-04,-1.424299329675198509e-04,-1.501226159106983755e-04,-1.568874276664297533e-04,-1.552790945032472977e-04,-1.324169440614446878e-04,-6.954656937496158156e-05,5.533956018000122854e-05,2.587753009756515077e-04,5.330842477704716411e-04,8.141726632152439507e-04,9.364760784824357163e-04,5.866529117569540142e-04
0.000000000000000000e+00,0.000000000000000000e+00,0.000000000000000000e+00,0.000000000000000000e+00,0.000000000000000000e+00,0.000000000000000000e+00,0.000000000000000000e+00,0.000000000000000000e+00,0.000000000000000000e+00,0.000000000000000000e+00,0.000000000000000000e+00,0.000000000000000000e+00,0.000000000000000000e+00,0.000000000000000000e+00,0.000000000000000000e+00,0.000000000000000000e+00,0.000000000000000000e+00,0.000000000000000000e+00,0.000000000000000000e+00,0.000000000000000000e+00,0.000000000000000000e+00,0.000000000000000000e+00,0.000000000000000000e+00,0.000000000000000000e+00,0.000000000000000000e+00,0.000000000000000000e+00,0.000000000000000000e+00,0.000000000000000000e+00,0.000000000000000000e+00,0.000000000000000000e+00,0.000000000000000000e+00,0.000000000000000000e+00,0.000000000000000000e+00,0.000000000000000000e+00,0.000000000000000000e+00,0.000000000000000000e+00,0.000000000000000000e+00,0.000000000000000000e+00,0.000000000000000000e+00,0.000000000000000000e+00,0.000000000000000000e+00,0.000000000000000000e+00,0.000000000000000000e+00,0.000000000000000000e+00,0.000000000000000000e+00,0.000000000000000000e+00,0.000000000000000000e+00,0.000000000000000000e+00,0.000000000000000000e+00,0.000000000000000000e+00,0.000000000000000000e+00,0.000000000000000000e+00,0.000000000000000000e+00,0.000000000000000000e+00,0.000000000000000000e+00,0.000000000000000000e+00,0.000000000000000000e+00,0.000000000000000000e+00,0.000000000000000000e+00,0.000000000000000000e+00,0.000000000000000000e+00,0.000000000000000000e+00,0.000000000000000000e+00,0.000000000000000000e+00,0.000000000000000000e+00,0.000000000000000000e+00,0.000000000000000000e+00,0.000000000000000000e+00,0.000000000000000000e+00,0.000000000000000000e+00,0.000000000000000000e+00,0.000000000000000000e+00,0.000000000000000000e+00,0.000000000000000000e+00,0.000000000000000000e+00,0.000000000000000000e+00,0.000000000000000000e+00,0.000000000000000000e+00,0.000000000000000000e+00,0.000000000000000000e+00,0.000000000000000000e+00,0.000000000000000000e+00,0.000000000000000000e+00,0.000000000000000000e+00,0.000000000000000000e+00,0.000000000000000000e+00,0.000000000000000000e+00,0.000000000000000000e+00,0.000000000000000000e+00,0.000000000000000000e+00,0.000000000000000000e+00,0.000000000000000000e+00,0.000000000000000000e+00,0.000000000000000000e+00,0.000000000000000000e+00,0.000000000000000000e+00,0.000000000000000000e+00,0.000000000000000000e+00,0.000000000000000000e+00,0.000000000000000000e+00,0.000000000000000000e+00,0.000000000000000000e+00,0.000000000000000000e+00,0.000000000000000000e+00,0.000000000000000000e+00,0.000000000000000000e+00,0.000000000000000000e+00,0.000000000000000000e+00,0.000000000000000000e+00,0.000000000000000000e+00,0.000000000000000000e+00,0.000000000000000000e+00,0.000000000000000000e+00,0.000000000000000000e+00,0.000000000000000000e+00,0.000000000000000000e+00,0.000000000000000000e+00,0.000000000000000000e+00,0.000000000000000000e+00,0.000000000000000000e+00,0.000000000000000000e+00,0.000000000000000000e+00,0.000000000000000000e+00,0.000000000000000000e+00,0.000000000000000000e+00,0.000000000000000000e+00,0.000000000000000000e+00,0.000000000000000000e+00,0.000000000000000000e+00,0.000000000000000000e+00,0.000000000000000000e+00,0.000000000000000000e+00,0.000000000000000000e+00,0.000000000000000000e+00,0.000000000000000000e+00,0.000000000000000000e+00,0.000000000000000000e+00,0.000000000000000000e+00,0.000000000000000000e+00,0.000000000000000000e+00,0.000000000000000000e+00,0.000000000000000000e+00,0.000000000000000000e+00,0.000000000000000000e+00,0.000000000000000000e+00,0.000000000000000000e+00,0.000000000000000000e+00,0.000000000000000000e+00,0.000000000000000000e+00,0.000000000000000000e+00,0.000000000000000000e+00,0.000000000000000000e+00,0.000000000000000000e+00,0.000000000000000000e+00,0.000000000000000000e+00,0.000000000000000000e+00,0.000000000000000000e+00,0.000000000000000000e+00,0.000000000000000000e+00,0.000000000000000000e+00,0.000000000000000000e+00,0.000000000000000000e+00,0.000000000000000000e+00,0.000000000000000000e+00,0.000000000000000000e+00,0.000000000000000000e+00,0.000000000000000000e+00,0.000000000000000000e+00,0.000000000000000000e+00,0.000000000000000000e+00,0.000000000000000000e+00,0.000000000000000000e+00,0.000000000000000000e+00,-1.096288134121456919e-04,-1.152993306721397166e-04,-1.112057627172226623e-04,-9.409632335670556260e-05,-7.128587052443149030e-05,-4.715866213220943812e-05,-2.377643958046185140e-05,-3.294527142738410669e-06,1.299903824378933761e-05,2.444260456237681850e-05,3.097945190595401908e-05,3.298376651892146166e-05,3.117897247003551382e-05,2.644467416019135884e-05,1.971919207085118622e-05,1.189301363380949256e-05,3.743956580351467538e-06,-4.104445532232185742e-06,-1.120136485301101853e-05,-1.726576879905731526e-05,-2.216934505339609752e-05,-2.590893881319377350e-05,-2.857452578243526090e-05,-3.031674409632212119e-05,-3.131749231561881916e-05,-3.176573803996922532e-05,-3.183948589777657487e-05,-3.169396503100100205e-05,-3.145530088911541790e-05,-3.121861217553629489e-05,-3.104929417463889283e-05,-3.098635683553005514e-05,-3.104686285154782791e-05,-3.123075729764307636e-05,-3.152560615763829816e-05,-3.191094403120392134e-05,-3.236207047475498500e-05,-3.285321655027955822e-05,-3.336006485732985331e-05,-3.386163196068703459e-05,-3.434155214293855001e-05,-3.478880999216354465e-05,-3.519799110000529000e-05,-3.556912290325584826e-05,-3.590719271369523534e-05,-3.622142501285155003e-05,-3.652440579097008535e-05,-3.683112862547347914e-05,-3.715803509891190792e-05,-3.752210422040387031e-05,-3.794003926058847934e-05,-3.842758107104921766e-05,-3.899896914884370491e-05,-3.966655282861491312e-05,-4.044054692773059538e-05,-4.132890901989813337e-05,-4.233730882729539965e-05,-4.346914709125274540e-05,-4.472557918040695897e-05,-4.610549358076992428e-05,-4.760540262049370303e-05,-4.921921055173760932e-05,-5.093784524810204400e-05,-5.274876377826521302e-05,-5.463537853578151086e-05,-5.657648889316627485e-05,-5.854584891819027668e-05,-6.051204272714091648e-05,-6.243887636843210214e-05,-6.428651530222751138e-05,-6.601359669748976496e-05,-6.758051242277149189e-05,-6.895398848772994445e-05,-7.011297045835385015e-05,-7.105566418447078537e-05,-7.180737825725510670e-05,-7.242858355482577749e-05,-7.302236390185635464e-05,-7.374021187571596898e-05,-7.478496068515949646e-05,-7.640958184526270506e-05,-7.891066196340649542e-05,-8.261564068380446537e-05,-8.786336924441471620e-05,-9.497823663860400047e-05,-1.042389733312120293e-04,-1.158442060755783792e-04,-1.298777818777885373e-04,-1.462776491923890778e-04,-1.648125052406603918e-04,-1.850703273169120879e-04,-2.064621905357720587e-04,-2.282434134785411633e-04,-2.495521672964245421e-04,-2.694634635076488798e-04,-2.870542362720235048e-04,-3.014734360242191905e-04,-3.120099940810291093e-04,-3.181514201600056072e-04,-3.196266947852149216e-04,-3.164288644617509346e-04,-3.088150406697257153e-04,-2.972839821740931067e-04,-2.825337788832998302e-04,-2.654041544836686505e-04,-2.468095329931251276e-04,-2.276703770629368842e-04,-2.088515090905616954e-04,-1.911170246484162629e-04,-1.751112696358157479e-04,-1.613725452165060972e-04,-1.503780896923587131e-04,-1.426022177986913011e-04,-1.385416989760086110e-04,-1.386242111711986165e-04,-1.428752089876658671e-04,-1.501973184350333590e-04,-1.571554656377492198e-04,-1.563243135596725330e-04,-1.346239261374287662e-04,-7.272334482724792033e-05,5.244005271714216083e-05,2.587993027904155570e-04,5.397587604310032051e-04,8.304309484077678502e-04,9.599266352661304418e-04,6.019132304579859552e-04
0.000000000000000000e+00,0.000000000000000000e+00,0.000000000000000000e+00,0.000000000000000000e+00,0.000000000000000000e+00,0.000000000000000000e+00,0.000000000000000000e+00,0.000000000000000000e+00,0.000000000000000000e+00,0.000000000000000000e+00,0.000000000000000000e+00,0.000000000000000000e+00,0.000000000000000000e+00,0.000000000000000000e+00,0.000000000000000000e+00,0.000000000000000000e+00,0.000000000000000000e+00,0.000000000000000000e+00,0.000000000000000000e+00,0.000000000000000000e+00,0.000000000000000000e+00,0.000000000000000000e+00,0.000000000000000000e+00,0.000000000000000000e+00,0.000000000000000000e+00,0.000000000000000000e+00,0.000000000000000000e+00,0.000000000000000000e+00,0.000000000000000000e+00,0.000000000000000000e+00,0.000000000000000000e+00,0.000000000000000000e+00,0.000000000000000000e+00,0.000000000000000000e+00,0.000000000000000000e+00,0.000000000000000000e+00,0.000000000000000000e+00,0.000000000000000000e+00,0.000000000000000000e+00,0.000000000000000000e+00,0.000000000000000000e+00,0.000000000000000000e+00,0.000000000000000000e+00,0.000000000000000000e+00,0.000000000000000000e+00,0.000000000000000000e+00,0.000000000000000000e+00,0.000000000000000000e+00,0.000000000000000000e+00,0.000000000000000000e+00,0.000000000000000000e+00,0.000000000000000000e+00,0.000000000000000000e+00,0.000000000000000000e+00,0.000000000000000000e+00,0.000000000000000000e+00,0.000000000000000000e+00,0.000000000000000000e+00,0.000000000000000000e+00,0.000000000000000000e+00,0.000000000000000000e+00,0.000000000000000000e+00,0.000000000000000000e+00,0.000000000000000000e+00,0.000000000000000000e+00,0.000000000000000000e+00,0.000000000000000000e+00,0.000000000000000000e+00,0.000000000000000000e+00,0.000000000000000000e+00,0.000000000000000000e+00,0.000000000000000000e+00,0.000000000000000000e+00,0.000000000000000000e+00,0.000000000000000000e+00,0.000000000000000000e+00,0.000000000000000000e+00,0.000000000000000000e+00,0.000000000000000000e+00,0.000000000000000000e+00,0.000000000000000000e+00,0.000000000000000000e+00,0.000000000000000000e+00,0.000000000000000000e+00,0.000000000000000000e+00,0.000000000000000000e+00,0.000000000000000000e+00,0.000000000000000000e+00,0.000000000000000000e+00,0.000000000000000000e+00,0.000000000000000000e+00,0.000000000000000000e+00,0.000000000000000000e+00,0.000000000000000000e+00,0.000000000000000000e+00,0.000000000000000000e+00,0.000000000000000000e+00,0.000000000000000000e+00,0.000000000000000000e+00,0.000000000000000000e+00,0.000000000000000000e+00,0.000000000000000000e+00,0.000000000000000000e+00,0.000000000000000000e+00,0.000000000000000000e+00,0.000000000000000000e+00,0.000000000000000000e+00,0.000000000000000000e+00,0.000000000000000000e+00,0.000000000000000000e+00,0.000000000000000000e+00,0.000000000000000000e+00,0.000000000000000000e+00,0.000000000000000000e+00,0.000000000000000000e+00,0.000000000000000000e+00,0.000000000000000000e+00,0.000000000000000000e+00,0.000000000000000000e+00,0.000000000000000000e+00,0.000000000000000000e+00,0.000000000000000000e+00,0.000000000000000000e+00,0.000000000000000000e+00,0.000000000000000000e+00,0.000000000000000000e+00,0.000000000000000000e+00,0.000000000000000000e+00,0.000000000000000000e+00,0.000000000000000000e+00,0.000000000000000000e+00,0.000000000000000000e+00,0.000000000000000000e+00,0.000000000000000000e+00,0.000000000000000000e+00,0.000000000000000000e+00,0.000000000000000000e+00,0.000000000000000000e+00,0.000000000000000000e+00,0.000000000000000000e+00,0.000000000000000000e+00,0.000000000000000000e+00,0.000000000000000000e+00,0.000000000000000000e+00,0.000000000000000000e+00,0.000000000000000000e+00,0.000000000000000000e+00,0.000000000000000000e+00,0.000000000000000000e+00,0.000000000000000000e+00,0.000000000000000000e+00,0.000000000000000000e+00,0.000000000000000000e+00,0.000000000000000000e+00,0.000000000000000000e+00,0.000000000000000000e+00,0.000000000000000000e+00,0.000000000000000000e+00,0.000000000000000000e+00,0.000000000000000000e+00,0.000000000000000000e+00,0.000000000000000000e+00,0.000000000000000000e+00,0.000000000000000000e+00,0.000000000000000000e+00,0.000000000000000000e+00,0.000000000000000000e+00,0.000000000000000000e+00,0.000000000000000000e+00,0.000000000000000000e+00,0.000000000000000000e+00,0.000000000000000000e+00,0.000000000000000000e+00,-9.525244191143009934e-05,-1.149563642917373349e-04,-1.161766141083992582e-04,-1.027564899488370658e-04,-8.364400582437945880e-05,-6.014675263448060710e-05,-3.607035240697314238e-05,-1.382809311356856632e-05,4.873039150492652685e-06,1.901791686741321057e-05,2.817639434550158522e-05,3.255385000555806422e-05,3.270449298231031240e-05,2.944579983050929191e-05,2.369859327761462961e-05,1.638484596457658602e-05,8.348017666035737036e-06,2.950910454199049994e-07,-7.231433158622859031e-06,-1.386265222570575471e-05,-1.939254616411491061e-05,-2.375526130980341112e-05,-2.699466858609617746e-05,-2.923156579704699266e-05,-3.063247269684894243e-05,-3.138271413281724475e-05,-3.166543995791537081e-05,-3.164689293674588787e-05,-3.146757010778285002e-05,-3.123826016610540320e-05,-3.103979714860973405e-05,-3.092532515550121063e-05,-3.092406703805877663e-05,-3.104579668698923895e-05,-3.128546496334456262e-05,-3.162761285508575187e-05,-3.205036340211377328e-05,-3.252887100940768345e-05,-3.303817863253325583e-05,-3.355546123553069165e-05,-3.406167056671892396e-05,-3.454260701004098884e-05,-3.498947307046852706e-05,-3.539896873003673506e-05,-3.577301117932438435e-05,-3.611815868803669189e-05,-3.644482991426847081e-05,-3.676639721710282430e-05,-3.709823426933433544e-05,-3.745677905545756399e-05,-3.785866951711866848e-05,-3.831998783123155794e-05,-3.885564331590761781e-05,-3.947890312185774506e-05,-4.020107327831038443e-05,-4.103131346063127903e-05,-4.197656290995188606e-05,-4.304153908759024509e-05,-4.422876789906919886e-05,-4.553859519720221042e-05,-4.696913398524890458e-05,-4.851610405998374827e-05,-5.017253799003617366e-05,-5.192834536445553465e-05,-5.376975990088443832e-05,-5.567872826114778198e-05,-5.763234465721956632e-05,-5.960247804899359572e-05,-6.155578323243049389e-05,-6.345431849596027004e-05,-6.525701031903470496e-05,-6.692219417598584466e-05,-6.841141710925775679e-05,-6.969459929443013553e-05,-7.075651851831809701e-05,-7.160439891628403973e-05,-7.227616397523419910e-05,-7.284866505067161518e-05,-7.344494784077988648e-05,-7.423940140811267343e-05,-7.545949193011241901e-05,-7.738276122577409147e-05,-8.032791668979276389e-05,-8.463919093688158121e-05,-9.066372725165830438e-05,-9.872253953141144458e-05,-1.090765539792824882e-04,-1.218902670823746628e-04,-1.371965091277604779e-04,-1.548665075906425635e-04,-1.745897141464204173e-04,-1.958675323015648191e-04,-2.180240702912681792e-04,-2.402353681841018788e-04,-2.615763694766665647e-04,-2.810825199117014629e-04,-2.978206655520643253e-04,-3.109622887127472539e-04,-3.198513854187281396e-04,-3.240596114414914818e-04,-3.234226617390682399e-04,-3.180539674374912272e-04,-3.083343430437834897e-04,-2.948788271482876799e-04,-2.784843581699614212e-04,-2.600640041694920719e-04,-2.405752768333985236e-04,-2.209517026104081876e-04,-2.020481852456459449e-04,-1.846110785755915881e-04,-1.692816420433636455e-04,-1.566338808435736884e-04,-1.472310899993542423e-04,-1.416566297110614394e-04,-1.404336559240501570e-04,-1.437035293067413300e-04,-1.505052758438803944e-04,-1.575316219798895013e-04,-1.573989476471609377e-04,-1.368480268057941718e-04,-7.597806756267235873e-05,4.935166440910662580e-05,2.585402611040490007e-04,5.461776094088004532e-04,8.466681014951138191e-04,9.837192044928483054e-04,6.175415722927035580e-04
0.000000000000000000e+00,0.000000000000000000e+00,0.000000000000000000e+00,0.000000000000000000e+00,0.000000000000000000e+00,0.000000000000000000e+00,0.000000000000000000e+00,0.000000000000000000e+00,0.000000000000000000e+00,0.000000000000000000e+00,0.000000000000000000e+00,0.000000000000000000e+00,0.000000000000000000e+00,0.000000000000000000e+00,0.000000000000000000e+00,0.000000000000000000e+00,0.000000000000000000e+00,0.000000000000000000e+00,0.000000000000000000e+00,0.000000000000000000e+00,0.000000000000000000e+00,0.000000000000000000e+00,0.000000000000000000e+00,0.000000000000000000e+00,0.000000000000000000e+00,0.000000000000000000e+00,0.000000000000000000e+00,0.000000000000000000e+00,0.000000000000000000e+00,0.000000000000000000e+00,0.000000000000000000e+00,0.000000000000000000e+00,0.000000000000000000e+00,0.000000000000000000e+00,0.000000000000000000e+00,0.000000000000000000e+00,0.000000000000000000e+00,0.000000000000000000e+00,0.000000000000000000e+00,0.000000000000000000e+00,0.000000000000000000e+00,0.000000000000000000e+00,0.000000000000000000e+00,0.000000000000000000e+00,0.000000000000000000e+00,0.000000000000000000e+00,0.000000000000000000e+00,0.000000000000000000e+00,0.000000000000000000e+00,0.000000000000000000e+00,0.000000000000000000e+00,0.000000000000000000e+00,0.000000000000000000e+00,0.000000000000000000e+00,0.000000000000000000e+00,0.000000000000000000e+00,0.000000000000000000e+00,0.000000000000000000e+00,0.000000000000000000e+00,0.000000000000000000e+00,0.000000000000000000e+00,0.000000000000000000e+00,0.000000000000000000e+00,0.000000000000000000e+00,0.000000000000000000e+00,0.000000000000000000e+00,0.000000000000000000e+00,0.000000000000000000e+00,0.000000000000000000e+00,0.000000000000000000e+00,0.000000000000000000e+00,0.000000000000000000e+00,0.000000000000000000e+00,0.000000000000000000e+00,0.000000000000000000e+00,0.000000000000000000e+00,0.000000000000000000e+00,0.000000000000000000e+00,0.000000000000000000e+00,0.000000000000000000e+00,0.000000000000000000e+00,0.000000000000000000e+00,0.000000000000000000e+00,0.000000000000000000e+00,0.000000000000000000e+00,0.000000000000000000e+00,0.000000000000000000e+00,0.000000000000000000e+00,0.000000000000000000e+00,0.000000000000000000e+00,0.000000000000000000e+00,0.000000000000000000e+00,0.000000000000000000e+00,0.000000000000000000e+00,0.000000000000000000e+00,0.000000000000000000e+00,0.000000000000000000e+00,0.000000000000000000e+00,0.000000000000000000e+00,0.000000000000000000e+00,0.000000000000000000e+00,0.000000000000000000e+00,0.000000000000000000e+00,0.000000000000000000e+00,0.000000000000000000e+00,0.000000000000000000e+00,0.000000000000000000e+00,0.000000000000000000e+00,0.000000000000000000e+00,0.000000000000000000e+00,0.000000000000000000e+00,0.000000000000000000e+00,0.000000000000000000e+00,0.000000000000000000e+00,0.000000000000000000e+00,0.000000000000000000e+00,0.000000000000000000e+00,0.000000000000000000e+00,0.000000000000000000e+00,0.000000000000000000e+00,0.000000000000000000e+00,0.000000000000000000e+00,0.000000000000000000e+00,0.000000000000000000e+00,0.000000000000000000e+00,0.000000000000000000e+00,0.000000000000000000e+00,0.000000000000000000e+00,0.000000000000000000e+00,0.000000000000000000e+00,0.000000000000000000e+00,0.000000000000000000e+00,0.000000000000000000e+00,0.000000000000000000e+00,0.000000000000000000e+00,0.000000000000000000e+00,0.000000000000000000e+00,0.000000000000000000e+00,0.000000000000000000e+00,0.000000000000000000e+00,0.000000000000000000e+00,0.000000000000000000e+00,0.000000000000000000e+00,0.000000000000000000e+00,0.000000000000000000e+00,0.000000000000000000e+00,0.000000000000000000e+00,0.000000000000000000e+00,0.000000000000000000e+00,0.000000000000000000e+00,0.000000000000000000e+00,0.000000000000000000e+00,0.000000000000000000e+00,0.000000000000000000e+00,0.000000000000000000e+00,0.000000000000000000e+00,0.000000000000000000e+00,0.000000000000000000e+00,0.000000000000000000e+00,0.000000000000000000e+00,0.000000000000000000e+00,0.000000000000000000e+00,0.000000000000000000e+00,0.000000000000000000e+00,0.000000000000000000e+00,0.000000000000000000e+00,0.000000000000000000e+00,0.000000000000000000e+00,0.000000000000000000e+00,0.000000000000000000e+00,0.000000000000000000e+00,0.000000000000000000e+00,0.000000000000000000e+00,0.000000000000000000e+00,-1.098272327033762393e-04,-1.137609749648969782e-04,-1.105914243316817564e-04,-9.460166967935294412e-05,-7.280457596929946552e-05,-4.890724430886518923e-05,-2.542128072413893795e-05,-4.530725736172435430e-06,1.215348851118023349e-05,2.400239089541337034e-05,3.088862437802785668e-05,3.321399262266465542e-05,3.168334712671058993e-05,2.717054718716972625e-05,2.060948049116082472e-05,1.288994565695111684e-05,4.795549854634081960e-06,-3.043411254855357066e-06,-1.016786544141659112e-05,-1.628922382031509143e-05,-2.127193865769238542e-05,-2.510601505599484182e-05,-2.787480331367098220e-05,-2.972246642772703623e-05,-3.082484696056007103e-05,-3.136559417534626936e-05,-3.151860387496007240e-05,-3.143653397008897894e-05,-3.124466473608223337e-05,-3.103893064530260541e-05,-3.088693769449547149e-05,-3.083087983569059919e-05,-3.089149179853357811e-05,-3.107241458232608711e-05,-3.136454925660529916e-05,-3.175014260789773928e-05,-3.220644220403044223e-05,-3.270883883404226544e-05,-3.323344213585820384e-05,-3.375907863488340142e-05,-3.426871151732437928e-05,-3.475031837328631623e-05,-3.519727021731115498e-05,-3.560828630995377462e-05,-3.598703843872914145e-05,-3.634149739047066503e-05,-3.668310210701828961e-05,-3.702583879879063747e-05,-3.738529692664623640e-05,-3.777776819687653388e-05,-3.821943145943203956e-05,-3.872566245676447883e-05,-3.931048448708884287e-05,-3.998617104150041393e-05,-4.076299029221956531e-05,-4.164907634713398512e-05,-4.265039396938685137e-05,-4.377076050179495739e-05,-4.501187614564759596e-05,-4.637331649285802873e-05,-4.785243855814675669e-05,-4.944416497588165259e-05,-5.114062307006311543e-05,-5.293064381626363046e-05,-5.479915484298892355e-05,-5.672654468060276393e-05,-5.868811740457508007e-05,-6.065380540128675012e-05,-6.258834718701708239e-05,-6.445216925351070106e-05,-6.620321864952116687e-05,-6.779997473597667223e-05,-6.920580826304817824e-05,-7.039475245271262292e-05,-7.135859466513141741e-05,-7.211499510827158960e-05,-7.271609558404573724e-05,-7.325681878590863973e-05,-7.388180218605566588e-05,-7.478970183203865747e-05,-7.623348432410164376e-05,-7.851535307878207556e-05,-8.197517350287913777e-05,-8.697170875542951343e-05,-9.385666408837964163e-05,-1.029424416327971232e-04,-1.144655586505538726e-04,-1.285487618659489936e-04,-1.451658110638780566e-04,-1.641135110381733864e-04,-1.849956466952683266e-04,-2.072228719361729379e-04,-2.300312614176806955e-04,-2.525202322940580139e-04,-2.737081082080175271e-04,-2.926010896438584977e-04,-3.082692428316721549e-04,-3.199217300042122734e-04,-3.269731596343648512e-04,-3.290937210201267706e-04,-3.262375497407273331e-04,-3.186462418275021538e-04,-3.068272119522498812e-04,-2.915093374650690357e-04,-2.735808561457278186e-04,-2.540167806386952622e-04,-2.338052328872748014e-04,-2.138839991074001909e-04,-1.950996062033071802e-04,-1.781996590292340228e-04,-1.638621102571053637e-04,-1.527486101778250912e-04,-1.455394278056175135e-04,-1.428640715545923901e-04,-1.449920054244490135e-04,-1.511138577758425444e-04,-1.580699113210092910e-04,-1.585420113713959184e-04,-1.391141547251850533e-04,-7.932513900539035897e-05,4.606504785443914126e-05,2.579889522618785736e-04,5.523309423332004768e-04,8.628797488018381248e-04,1.007863524096529314e-03,6.335525666929704442e-04
0.000000000000000000e+00,0.000000000000000000e+00,0.000000000000000000e+00,0.000000000000000000e+00,0.000000000000000000e+00,0.000000000000000000e+00,0.000000000000000000e+00,0.000000000000000000e+00,0.000000000000000000e+00,0.000000000000000000e+00,0.000000000000000000e+00,0.000000000000000000e+00,0.000000000000000000e+00,0.000000000000000000e+00,0.000000000000000000e+00,0.000000000000000000e+00,0.000000000000000000e+00,0.000000000000000000e+00,0.000000000000000000e+00,0.000000000000000000e+00,0.000000000000000000e+00,0.000000000000000000e+00,0.000000000000000000e+00,0.000000000000000000e+00,0.000000000000000000e+00,0.000000000000000000e+00,0.000000000000000000e+00,0.000000000000000000e+00,0.000000000000000000e+00,0.000000000000000000e+00,0.000000000000000000e+00,0.000000000000000000e+00,0.000000000000000000e+00,0.000000000000000000e+00,0.000000000000000000e+00,0.000000000000000000e+00,0.000000000000000000e+00,0.000000000000000000e+00,0.000000000000000000e+00,0.000000000000000000e+00,0.000000000000000000e+00,0.000000000000000000e+00,0.000000000000000000e+00,0.000000000000000000e+00,0.000000000000000000e+00,0.000000000000000000e+00,0.000000000000000000e+00,0.000000000000000000e+00,0.000000000000000000e+00,0.000000000000000000e+00,0.000000000000000000e+00,0.000000000000000000e+00,0.000000000000000000e+00,0.000000000000000000e+00,0.000000000000000000e+00,0.000000000000000000e+00,0.000000000000000000e+00,0.000000000000000000e+00,0.000000000000000000e+00,0.000000000000000000e+00,0.000000000000000000e+00,0.000000000000000000e+00,0.000000000000000000e+00,0.000000000000000000e+00,0.000000000000000000e+00,0.000000000000000000e+00,0.000000000000000000e+00,0.000000000000000000e+00,0.000000000000000000e+00,0.000000000000000000e+00,0.000000000000000000e+00,0.000000000000000000e+00,0.000000000000000000e+00,0.000000000000000000e+00,0.000000000000000000e+00,0.000000000000000000e+00,0.000000000000000000e+00,0.000000000000000000e+00,0.000000000000000000e+00,0.000000000000000000e+00,0.000000000000000000e+00,0.000000000000000000e+00,0.000000000000000000e+00,0.000000000000000000e+00,0.000000000000000000e+00,0.000000000000000000e+00,0.000000000000000000e+00,0.000000000000000000e+00,0.000000000000000000e+00,0.000000000000000000e+00,0.000000000000000000e+00,0.000000000000000000e+00,0.000000000000000000e+00,0.000000000000000000e+00,0.000000000000000000e+00,0.000000000000000000e+00,0.000000000000000000e+00,0.000000000000000000e+00,0.000000000000000000e+00,0.000000000000000000e+00,0.000000000000000000e+00,0.000000000000000000e+00,0.000000000000000000e+00,0.000000000000000000e+00,0.000000000000000000e+00,0.000000000000000000e+00,0.000000000000000000e+00,0.000000000000000000e+00,0.000000000000000000e+00,0.000000000000000000e+00,0.000000000000000000e+00,0.000000000000000000e+00,0.000000000000000000e+00,0.000000000000000000e+00,0.000000000000000000e+00,0.000000000000000000e+00,0.000000000000000000e+00,0.000000000000000000e+00,0.000000000000000000e+00,0.000000000000000000e+00,0.000000000000000000e+00,0.000000000000000000e+00,0.000000000000000000e+00,0.000000000000000000e+00,0.000000000000000000e+00,0.000000000000000000e+00,0.000000000000000000e+00,0.000000000000000000e+00,0.000000000000000000e+00,0.000000000000000000e+00,0.000000000000000000e+00,0.000000000000000000e+00,0.000000000000000000e+00,0.000000000000000000e+00,0.000000000000000000e+00,0.000000000000000000e+00,0.000000000000000000e+00,0.000000000000000000e+00,0.000000000000000000e+00,0.000000000000000000e+00,0.000000000000000000e+00,0.000000000000000000e+00,0.000000000000000000e+00,0.000000000000000000e+00,0.000000000000000000e+00,0.000000000000000000e+00,0.000000000000000000e+00,0.000000000000000000e+00,0.000000000000000000e+00,0.000000000000000000e+00,0.000000000000000000e+00,0.000000000000000000e+00,0.000000000000000000e+00,0.000000000000000000e+00,0.000000000000000000e+00,0.000000000000000000e+00,0.000000000000000000e+00,0.000000000000000000e+00,0.000000000000000000e+00,0.000000000000000000e+00,0.000000000000000000e+00,0.000000000000000000e+00,0.000000000000000000e+00,0.000000000000000000e+00,0.000000000000000000e+00,0.000000000000000000e+00,0.000000000000000000e+00,0.000000000000000000e+00,0.000000000000000000e+00,0.000000000000000000e+00,0.000000000000000000e+00,0.000000000000000000e+00,0.000000000000000000e+00,0.000000000000000000e+00,-9.084119362270801556e-05,-1.140119605842932095e-04,-1.153813523827757761e-04,-1.033708237349602148e-04,-8.503362573093911994e-05,-6.204290092260340589e-05,-3.772402013807127103e-05,-1.518286281807635785e-05,3.937591424978529327e-06,1.842114789329461129e-05,2.791495226815368866e-05,3.260050636001531185e-05,3.302801100785155461e-05,3.000649583335285127e-05,2.444383594725003706e-05,1.726298302047287516e-05,9.309440883881398278e-06,1.297095753751046102e-06,-6.225575418049360561e-06,-1.288385137193801646e-05,-1.846652498086327450e-05,-2.290267046170553483e-05,-2.623063759083867468e-05,-2.856523969173718357e-05,-3.006659255154594325e-05,-3.091376936351489978e-05,-3.128438224120839902e-05,-3.134048067987805716e-05,-3.122009497809750587e-05,-3.103342087144751466e-05,-3.086241963839212691e-05,-3.076272348745998591e-05,-3.076690851739738425e-05,-3.088845303581269419e-05,-3.112589915021161350e-05,-3.146691784474341217e-05,-3.189207765556065102e-05,-3.237820297983841627e-05,-3.290123715186975880e-05,-3.343857069000943054e-05,-3.397080618395320785e-05,-3.448297243883064475e-05,-3.496521093384461805e-05,-3.541299585302717674e-05,-3.582695217101714778e-05,-3.621236229339233999e-05,-3.657844195187745978e-05,-3.693747779623859765e-05,-3.730389894240424410e-05,-3.769335693215702791e-05,-3.812186404079829724e-05,-3.860503776500606835e-05,-3.915747473968192406e-05,-3.979227370113098809e-05,-4.052070422735873796e-05,-4.135201396661439098e-05,-4.229334689956148162e-05,-4.334974224763752000e-05,-4.452416821648640403e-05,-4.581754597283215565e-05,-4.722871230515301468e-05,-4.875427942231920709e-05,-5.038835669190246103e-05,-5.212212280708264551e-05,-5.394326024430038844e-05,-5.583530331020566983e-05,-5.777699022972566765e-05,-5.974175953700719849e-05,-6.169757476342554970e-05,-6.360730401728589020e-05,-6.542990452002040715e-05,-6.712266626520763590e-05,-6.864473567933461928e-05,-6.996206753048370608e-05,-7.105382777046470718e-05,-7.192009455442630299e-05,-7.259047769905915034e-05,-7.313301509403149949e-05,-7.366242621041764027e-05,-7.434654496127537503e-05,-7.540955725149259931e-05,-7.713058718955898138e-05,-7.983626173007466495e-05,-8.388618748178429125e-05,-8.965082573228096965e-05,-9.748205710031506268e-05,-1.076777447224984375e-04,-1.204427444382371660e-04,-1.358499247307132609e-04,-1.538056569224173920e-04,-1.740247019739194216e-04,-1.960192567484560135e-04,-2.191059981161828409e-04,-2.424332648341804793e-04,-2.650281862176681277e-04,-2.858609051247534448e-04,-3.039204740386452011e-04,-3.182949896930292429e-04,-3.282474676924729555e-04,-3.332790677293151222e-04,-3.331725577912159541e-04,-3.280111284956322261e-04,-3.181704725521827121e-04,-3.042850507757935137e-04,-2.871924085473479406e-04,-2.678621999552096753e-04,-2.473192602545417349e-04,-2.265725681342458644e-04,-2.065636483061892713e-04,-1.881472194878287905e-04,-1.721106058353080042e-04,-1.592222698100935257e-04,-1.502694785984427990e-04,-1.459992338769932208e-04,-1.468219211732783044e-04,-1.520959402301329949e-04,-1.588303306784551270e-04,-1.597982532230547790e-04,-1.414522152359449256e-04,-8.278304998810321236e-05,4.256751122240131290e-05,2.571331749204838518e-04,5.582059881454395911e-04,8.790588194878016723e-04,1.032367657108367465e-03,6.499606853195859018e-04
0.000000000000000000e+00,0.000000000000000000e+00,0.000000000000000000e+00,0.000000000000000000e+00,0.000000000000000000e+00,0.000000000000000000e+00,0.000000000000000000e+00,0.000000000000000000e+00,0.000000000000000000e+00,0.000000000000000000e+00,0.000000000000000000e+00,0.000000000000000000e+00,0.000000000000000000e+00,0.000000000000000000e+00,0.000000000000000000e+00,0.000000000000000000e+00,0.000000000000000000e+00,0.000000000000000000e+00,0.000000000000000000e+00,0.000000000000000000e+00,0.000000000000000000e+00,0.000000000000000000e+00,0.000000000000000000e+00,0.000000000000000000e+00,0.000000000000000000e+00,0.000000000000000000e+00,0.000000000000000000e+00,0.000000000000000000e+00,0.000000000000000000e+00,0.000000000000000000e+00,0.000000000000000000e+00,0.000000000000000000e+00,0.000000000000000000e+00,0.000000000000000000e+00,0.000000000000000000e+00,0.000000000000000000e+00,0.000000000000000000e+00,0.000000000000000000e+00,0.000000000000000000e+00,0.000000000000000000e+00,0.000000000000000000e+00,0.000000000000000000e+00,0.000000000000000000e+00,0.000000000000000000e+00,0.000000000000000000e+00,0.000000000000000000e+00,0.000000000000000000e+00,0.000000000000000000e+00,0.000000000000000000e+00,0.000000000000000000e+00,0.000000000000000000e+00,0.000000000000000000e+00,0.000000000000000000e+00,0.000000000000000000e+00,0.000000000000000000e+00,0.000000000000000000e+00,0.000000000000000000e+00,0.000000000000000000e+00,0.000000000000000000e+00,0.000000000000000000e+00,0.000000000000000000e+00,0.000000000000000000e+00,0.000000000000000000e+00,0.000000000000000000e+00,0.000000000000000000e+00,0.000000000000000000e+00,0.000000000000000000e+00,0.000000000000000000e+00,0.000000000000000000e+00,0.000000000000000000e+00,0.000000000000000000e+00,0.000000000000000000e+00,0.000000000000000000e+00,0.000000000000000000e+00,0.000000000000000000e+00,0.000000000000000000e+00,0.000000000000000000e+00,0.000000000000000000e+00,0.000000000000000000e+00,0.000000000000000000e+00,0.000000000000000000e+00,0.000000000000000000e+00,0.000000000000000000e+00,0.000000000000000000e+00,0.000000000000000000e+00,0.000000000000000000e+00,0.000000000000000000e+00,0.000000000000000000e+00,0.000000000000000000e+00,0.000000000000000000e+00,0.000000000000000000e+00,0.000000000000000000e+00,0.000000000000000000e+00,0.000000000000000000e+00,0.000000000000000000e+00,0.000000000000000000e+00,0.000000000000000000e+00,0.000000000000000000e+00,0.000000000000000000e+00,0.000000000000000000e+00,0.000000000000000000e+00,0.000000000000000000e+00,0.000000000000000000e+00,0.000000000000000000e+00,0.000000000000000000e+00,0.000000000000000000e+00,0.000000000000000000e+00,0.000000000000000000e+00,0.000000000000000000e+00,0.000000000000000000e+00,0.000000000000000000e+00,0.000000000000000000e+00,0.000000000000000000e+00,0.000000000000000000e+00,0.000000000000000000e+00,0.000000000000000000e+00,0.000000000000000000e+00,0.000000000000000000e+00,0.000000000000000000e+00,0.000000000000000000e+00,0.000000000000000000e+00,0.000000000000000000e+00,0.000000000000000000e+00,0.000000000000000000e+00,0.000000000000000000e+00,0.000000000000000000e+00,0.000000000000000000e+00,0.000000000000000000e+00,0.000000000000000000e+00,0.000000000000000000e+00,0.000000000000000000e+00,0.000000000000000000e+00,0.000000000000000000e+00,0.000000000000000000e+00,0.000000000000000000e+00,0.000000000000000000e+00,0.000000000000000000e+00,0.000000000000000000e+00,0.000000000000000000e+00,0.000000000000000000e+00,0.000000000000000000e+00,0.000000000000000000e+00,0.000000000000000000e+00,0.000000000000000000e+00,0.000000000000000000e+00,0.000000000000000000e+00,0.000000000000000000e+00,0.000000000000000000e+00,0.000000000000000000e+00,0.000000000000000000e+00,0.000000000000000000e+00,0.000000000000000000e+00,0.000000000000000000e+00,0.000000000000000000e+00,0.000000000000000000e+00,0.000000000000000000e+00,0.000000000000000000e+00,0.000000000000000000e+00,0.000000000000000000e+00,0.000000000000000000e+00,0.000000000000000000e+00,0.000000000000000000e+00,0.000000000000000000e+00,0.000000000000000000e+00,0.000000000000000000e+00,0.000000000000000000e+00,0.000000000000000000e+00,0.000000000000000000e+00,0.000000000000000000e+00,0.000000000000000000e+00,0.000000000000000000e+00,0.000000000000000000e+00,0.000000000000000000e+00,0.000000000000000000e+00,0.000000000000000000e+00,-1.062759178845328880e-04,-1.131137694003810524e-04,-1.104577553517056387e-04,-9.620526517403261198e-05,-7.467215326779314357e-05,-5.075099122143931975e-05,-2.679332961215260064e-05,-5.576697726146026698e-06,1.144071434203512660e-05,2.358991914390853406e-05,3.076108895092151771e-05,3.336602628705006359e-05,3.207744335724639444e-05,2.776468670190648645e-05,2.135419603008721203e-05,1.374151287859776214e-05,5.714950081465005836e-06,-2.089984285969297029e-06,-9.210533185818599476e-06,-1.535540868006303504e-05,-2.038611189924209092e-05,-2.428904599064785150e-05,-2.714255357719451986e-05,-2.908468669036901432e-05,-3.028445233238544212e-05,-3.091881162690030872e-05,-3.115590525046640040e-05,-3.114425195612524643e-05,-3.100695927164492743e-05,-3.083978146080750275e-05,-3.071186746898353143e-05,-3.066821034415954879e-05,-3.073305641199664787e-05,-3.091374013353329867e-05,-3.120460738861548580e-05,-3.159079202989521534e-05,-3.205170637441545075e-05,-3.256412955656665543e-05,-3.310482819891647719e-05,-3.365264915614957279e-05,-3.419007196730761134e-05,-3.470421821231219105e-05,-3.518736242229585575e-05,-3.563699482731456377e-05,-3.605552119728436624e-05,-3.644967753708991203e-05,-3.682975552656131939e-05,-3.720871499505780269e-05,-3.760126557492111206e-05,-3.802297430718503698e-05,-3.848945581312414647e-05,-3.901567566970467338e-05,-3.961539518165830426e-05,-4.030076145895330190e-05,-4.108204345849390804e-05,-4.196749298417832761e-05,-4.296330678164330362e-05,-4.407364828042460486e-05,-4.530068749905522007e-05,-4.664460718249287892e-05,-4.810353017609871881e-05,-4.967332427866599602e-05,-5.134725982662249237e-05,-5.311551271559041796e-05,-5.496454032758756113e-05,-5.687639271330275660e-05,-5.882806991674881589e-05,-6.079108160257768974e-05,-6.273141454973672109e-05,-6.461014902989311475e-05,-6.638498794892415996e-05,-6.801295389066850576e-05,-6.945446660938282162e-05,-7.067892044403602963e-05,-7.167173756740199573e-05,-7.244267159952513346e-05,-7.303488802400417664e-05,-7.353406390461779440e-05,-7.407646058300317417e-05,-7.485466435527451370e-05,-7.611951432049092134e-05,-7.817669742507039107e-05,-8.137664813379737931e-05,-8.609679021217390440e-05,-9.271582937913311632e-05,-1.015807368986775894e-04,-1.129681980266922323e-04,-1.270435170185023885e-04,-1.438210981279392636e-04,-1.631314406169714643e-04,-1.845998661379987243e-04,-2.076417444786478371e-04,-2.314776974585234777e-04,-2.551701835738413339e-04,-2.776802151733683650e-04,-2.979401155442674694e-04,-3.149356672933815949e-04,-3.277892163068153839e-04,-3.358346374563446241e-04,-3.386756845684505703e-04,-3.362210356302374132e-04,-3.286920015617442810e-04,-3.166020048356767559e-04,-3.007102233946040704e-04,-2.819550720371867287e-04,-2.613764463748666613e-04,-2.400388154476264236e-04,-2.189697546387364929e-04,-1.991287150480146361e-04,-1.814155127081093499e-04,-1.667124659490984092e-04,-1.559232980871797544e-04,-1.499236139028310168e-04,-1.492779636208036895e-04,-1.535295540989780314e-04,-1.598788287066408155e-04,-1.612183333616252514e-04,-1.438973936998821923e-04,-8.637469911229654716e-05,3.884268882944094079e-05,2.559573904024217239e-04,5.637866331069602346e-04,8.951950626220864411e-04,1.057237559778931258e-03,6.667800704976777461e-04
0.000000000000000000e+00,0.000000000000000000e+00,0.000000000000000000e+00,0.000000000000000000e+00,0.000000000000000000e+00,0.000000000000000000e+00,0.000000000000000000e+00,0.000000000000000000e+00,0.000000000000000000e+00,0.000000000000000000e+00,0.000000000000000000e+00,0.000000000000000000e+00,0.000000000000000000e+00,0.000000000000000000e+00,0.000000000000000000e+00,0.000000000000000000e+00,0.000000000000000000e+00,0.000000000000000000e+00,0.000000000000000000e+00,0.000000000000000000e+00,0.000000000000000000e+00,0.000000000000000000e+00,0.000000000000000000e+00,0.000000000000000000e+00,0.000000000000000000e+00,0.000000000000000000e+00,0.000000000000000000e+00,0.000000000000000000e+00,0.000000000000000000e+00,0.000000000000000000e+00,0.000000000000000000e+00,0.000000000000000000e+00,0.000000000000000000e+00,0.000000000000000000e+00,0.000000000000000000e+00,0.000000000000000000e+00,0.000000000000000000e+00,0.000000000000000000e+00,0.000000000000000000e+00,0.000000000000000000e+00,0.000000000000000000e+00,0.000000000000000000e+00,0.000000000000000000e+00,0.000000000000000000e+00,0.000000000000000000e+00,0.000000000000000000e+00,0.000000000000000000e+00,0.000000000000000000e+00,0.000000000000000000e+00,0.000000000000000000e+00,0.000000000000000000e+00,0.000000000000000000e+00,0.000000000000000000e+00,0.000000000000000000e+00,0.000000000000000000e+00,0.000000000000000000e+00,0.000000000000000000e+00,0.000000000000000000e+00,0.000000000000000000e+00,0.000000000000000000e+00,0.000000000000000000e+00,0.000000000000000000e+00,0.000000000000000000e+00,0.000000000000000000e+00,0.000000000000000000e+00,0.000000000000000000e+00,0.000000000000000000e+00,0.000000000000000000e+00,0.000000000000000000e+00,0.000000000000000000e+00,0.000000000000000000e+00,0.000000000000000000e+00,0.000000000000000000e+00,0.000000000000000000e+00,0.000000000000000000e+00,0.000000000000000000e+00,0.000000000000000000e+00,0.000000000000000000e+00,0.000000000000000000e+00,0.000000000000000000e+00,0.000000000000000000e+00,0.000000000000000000e+00,0.000000000000000000e+00,0.000000000000000000e+00,0.000000000000000000e+00,0.000000000000000000e+00,0.000000000000000000e+00,0.000000000000000000e+00,0.000000000000000000e+00,0.000000000000000000e+00,0.000000000000000000e+00,0.000000000000000000e+00,0.000000000000000000e+00,0.000000000000000000e+00,0.000000000000000000e+00,0.000000000000000000e+00,0.000000000000000000e+00,0.000000000000000000e+00,0.000000000000000000e+00,0.000000000000000000e+00,0.000000000000000000e+00,0.000000000000000000e+00,0.000000000000000000e+00,0.000000000000000000e+00,0.000000000000000000e+00,0.000000000000000000e+00,0.000000000000000000e+00,0.000000000000000000e+00,0.000000000000000000e+00,0.000000000000000000e+00,0.000000000000000000e+00,0.000000000000000000e+00,0.000000000000000000e+00,0.000000000000000000e+00,0.000000000000000000e+00,0.000000000000000000e+00,0.000000000000000000e+00,0.000000000000000000e+00,0.000000000000000000e+00,0.000000000000000000e+00,0.000000000000000000e+00,0.000000000000000000e+00,0.000000000000000000e+00,0.000000000000000000e+00,0.000000000000000000e+00,0.000000000000000000e+00,0.000000000000000000e+00,0.000000000000000000e+00,0.000000000000000000e+00,0.000000000000000000e+00,0.000000000000000000e+00,0.000000000000000000e+00,0.000000000000000000e+00,0.000000000000000000e+00,0.000000000000000000e+00,0.000000000000000000e+00,0.000000000000000000e+00,0.000000000000000000e+00,0.000000000000000000e+00,0.000000000000000000e+00,0.000000000000000000e+00,0.000000000000000000e+00,0.000000000000000000e+00,0.000000000000000000e+00,0.000000000000000000e+00,0.000000000000000000e+00,0.000000000000000000e+00,0.000000000000000000e+00,0.000000000000000000e+00,0.000000000000000000e+00,0.000000000000000000e+00,0.000000000000000000e+00,0.000000000000000000e+00,0.000000000000000000e+00,0.000000000000000000e+00,0.000000000000000000e+00,0.000000000000000000e+00,0.000000000000000000e+00,0.000000000000000000e+00,0.000000000000000000e+00,0.000000000000000000e+00,0.000000000000000000e+00,0.000000000000000000e+00,0.000000000000000000e+00,0.000000000000000000e+00,0.000000000000000000e+00,0.000000000000000000e+00,0.000000000000000000e+00,0.000000000000000000e+00,0.000000000000000000e+00,0.000000000000000000e+00,0.000000000000000000e+00,0.000000000000000000e+00,0.000000000000000000e+00,0.000000000000000000e+00,-8.693154016752439634e-05,-1.111704658779896093e-04,-1.146061107834142281e-04,-1.045346915422403817e-04,-8.728916126227506938e-05,-6.384943093302112422e-05,-3.920657617221946323e-05,-1.627092941413036908e-05,3.138522184440419125e-06,1.785594630471614078e-05,2.763064919284709470e-05,3.258429887991198825e-05,3.326271411804894982e-05,3.044646783246086723e-05,2.504660786255127612e-05,1.798894198711870721e-05,1.012555411115774397e-05,2.174626293318172135e-06,-5.313910651531910275e-06,-1.196477217986344101e-05,-1.756677712109815546e-05,-2.204752682402511636e-05,-2.544218871162722825e-05,-2.786022939129882399e-05,-2.945492709746156114e-05,-3.039783513184486391e-05,-3.085946052051405397e-05,-3.099606303805871332e-05,-3.094182829269745167e-05,-3.080527591895837008e-05,-3.066873348459092056e-05,-3.058983726947444280e-05,-3.060426181989951499e-05,-3.072910041553210755e-05,-3.096652082104076254e-05,-3.130743786411497161e-05,-3.173503734327960544e-05,-3.222801409726825810e-05,-3.276342974323133444e-05,-3.331910261702014382e-05,-3.387548670510689118e-05,-3.441701048879697083e-05,-3.493289692144990906e-05,-3.541749824848546902e-05,-3.587022007033384386e-05,-3.629510745879817074e-05,-3.670018895631726541e-05,-3.709665792253916751e-05,-3.749797935594226711e-05,-3.791898584666088934e-05,-3.837502738880327948e-05,-3.888121349119236502e-05,-3.945178409531580120e-05,-4.009962084681240643e-05,-4.083590725461054056e-05,-4.166992377141558711e-05,-4.260896078503221792e-05,-4.365831355349223330e-05,-4.482132190774699640e-05,-4.609940452306326731e-05,-4.749204169399617496e-05,-4.899665751454399453e-05,-5.060836678247913163e-05,-5.231956375074170489e-05,-5.411935923842809586e-05,-5.599290230691108156e-05,-5.792066789470585108e-05,-5.987783608002061506e-05,-6.183394126839700895e-05,-6.375301321451822239e-05,-6.559446925295819592e-05,-6.731502946848567752e-05,-6.887191161674931770e-05,-7.022750197030354347e-05,-7.135558939406332361e-05,-7.224908090347935614e-05,-7.292889331204516223e-05,-7.345344106321714795e-05,-7.392783879976758501e-05,-7.451163665643998864e-05,-7.542365475892359250e-05,-7.694233339930081183e-05,-7.940003131841303773e-05,-8.316994403583434384e-05,-8.864482587825632705e-05,-9.620750003368577189e-05,-1.061942070063719168e-04,-1.188530894011414736e-04,-1.343013942470814876e-04,-1.524860859960508463e-04,-1.731532610811415155e-04,-1.958317976497664847e-04,-2.198358815839278053e-04,-2.442893628450921529e-04,-2.681724274497708982e-04,-2.903881221871126806e-04,-3.098433010117661529e-04,-3.255361045066627315e-04,-3.366406153592487209e-04,-3.425791569376173350e-04,-3.430738696707211796e-04,-3.381715128045142504e-04,-3.282385405100163127e-04,-3.139270246804724872e-04,-2.961157052231486024e-04,-2.758342705807024045e-04,-2.541828307802170136e-04,-2.322619241601779269e-04,-2.111296841787885248e-04,-1.917986588923919773e-04,-1.752700989648483274e-04,-1.625725334970101472e-04,-1.547208739418350337e-04,-1.524472334139578659e-04,-1.554973641959009139e-04,-1.612871594422719151e-04,-1.628589326879115683e-04,-1.464904039674146021e-04,-9.012769696328015224e-05,3.487021332704076182e-05,2.544423532301556975e-04,5.690529715017493941e-04,9.112745212081489092e-04,1.082476599632653394e-03,6.840243388413440708e-04
0.000000000000000000e+00,0.000000000000000000e+00,0.000000000000000000e+00,0.000000000000000000e+00,0.000000000000000000e+00,0.000000000000000000e+00,0.000000000000000000e+00,0.000000000000000000e+00,0.000000000000000000e+00,0.000000000000000000e+00,0.000000000000000000e+00,0.000000000000000000e+00,0.000000000000000000e+00,0.000000000000000000e+00,0.000000000000000000e+00,0.000000000000000000e+00,0.000000000000000000e+00,0.000000000000000000e+00,0.000000000000000000e+00,0.000000000000000000e+00,0.000000000000000000e+00,0.000000000000000000e+00,0.000000000000000000e+00,0.000000000000000000e+00,0.000000000000000000e+00,0.000000000000000000e+00,0.000000000000000000e+00,0.000000000000000000e+00,0.000000000000000000e+00,0.000000000000000000e+00,0.000000000000000000e+00,0.000000000000000000e+00,0.000000000000000000e+00,0.000000000000000000e+00,0.000000000000000000e+00,0.000000000000000000e+00,0.000000000000000000e+00,0.000000000000000000e+00,0.000000000000000000e+00,0.000000000000000000e+00,0.000000000000000000e+00,0.000000000000000000e+00,0.000000000000000000e+00,0.000000000000000000e+00,0.000000000000000000e+00,0.000000000000000000e+00,0.000000000000000000e+00,0.000000000000000000e+00,0.000000000000000000e+00,0.000000000000000000e+00,0.000000000000000000e+00,0.000000000000000000e+00,0.000000000000000000e+00,0.000000000000000000e+00,0.000000000000000000e+00,0.000000000000000000e+00,0.000000000000000000e+00,0.000000000000000000e+00,0.000000000000000000e+00,0.000000000000000000e+00,0.000000000000000000e+00,0.000000000000000000e+00,0.000000000000000000e+00,0.000000000000000000e+00,0.000000000000000000e+00,0.000000000000000000e+00,0.000000000000000000e+00,0.000000000000000000e+00,0.000000000000000000e+00,0.000000000000000000e+00,0.000000000000000000e+00,0.000000000000000000e+00,0.000000000000000000e+00,0.000000000000000000e+00,0.000000000000000000e+00,0.000000000000000000e+00,0.000000000000000000e+00,0.000000000000000000e+00,0.000000000000000000e+00,0.000000000000000000e+00,0.000000000000000000e+00,0.000000000000000000e+00,0.000000000000000000e+00,0.000000000000000000e+00,0.000000000000000000e+00,0.000000000000000000e+00,0.000000000000000000e+00,0.000000000000000000e+00,0.000000000000000000e+00,0.000000000000000000e+00,0.000000000000000000e+00,0.000000000000000000e+00,0.000000000000000000e+00,0.000000000000000000e+00,0.000000000000000000e+00,0.000000000000000000e+00,0.000000000000000000e+00,0.000000000000000000e+00,0.000000000000000000e+00,0.000000000000000000e+00,0.000000000000000000e+00,0.000000000000000000e+00,0.000000000000000000e+00,0.000000000000000000e+00,0.000000000000000000e+00,0.000000000000000000e+00,0.000000000000000000e+00,0.000000000000000000e+00,0.000000000000000000e+00,0.000000000000000000e+00,0.000000000000000000e+00,0.000000000000000000e+00,0.000000000000000000e+00,0.000000000000000000e+00,0.000000000000000000e+00,0.000000000000000000e+00,0.000000000000000000e+00,0.000000000000000000e+00,0.000000000000000000e+00,0.000000000000000000e+00,0.000000000000000000e+00,0.000000000000000000e+00,0.000000000000000000e+00,0.000000000000000000e+00,0.000000000000000000e+00,0.000000000000000000e+00,0.000000000000000000e+00,0.000000000000000000e+00,0.000000000000000000e+00,0.000000000000000000e+00,0.000000000000000000e+00,0.000000000000000000e+00,0.000000000000000000e+00,0.000000000000000000e+00,0.000000000000000000e+00,0.000000000000000000e+00,0.000000000000000000e+00,0.000000000000000000e+00,0.000000000000000000e+00,0.000000000000000000e+00,0.000000000000000000e+00,0.000000000000000000e+00,0.000000000000000000e+00,0.000000000000000000e+00,0.000000000000000000e+00,0.000000000000000000e+00,0.000000000000000000e+00,0.000000000000000000e+00,0.000000000000000000e+00,0.000000000000000000e+00,0.000000000000000000e+00,0.000000000000000000e+00,0.000000000000000000e+00,0.000000000000000000e+00,0.000000000000000000e+00,0.000000000000000000e+00,0.000000000000000000e+00,0.000000000000000000e+00,0.000000000000000000e+00,0.000000000000000000e+00,0.000000000000000000e+00,0.000000000000000000e+00,0.000000000000000000e+00,0.000000000000000000e+00,0.000000000000000000e+00,0.000000000000000000e+00,0.000000000000000000e+00,0.000000000000000000e+00,0.000000000000000000e+00,0.000000000000000000e+00,0.000000000000000000e+00,0.000000000000000000e+00,0.000000000000000000e+00,0.000000000000000000e+00,0.000000000000000000e+00,0.000000000000000000e+00,-1.028032714086679584e-04,-1.094110584808543414e-04,-1.120090300444515503e-04,-9.826118599878222622e-05,-7.669440612246141993e-05,-5.215091360415015066e-05,-2.781677807742438574e-05,-6.492784962503526560e-06,1.075223591405090307e-05,2.314218933095689413e-05,3.059361235186906433e-05,3.344618202133477024e-05,3.236717714659894101e-05,2.822121194040515005e-05,2.194336325417120203e-05,1.443747785115243000e-05,6.495044861019520366e-06,-1.247409610222300659e-06,-8.329814358688288016e-06,-1.446321069165964533e-05,-1.951070876358272388e-05,-2.345762429159754258e-05,-2.637850963255946118e-05,-2.840508179162420384e-05,-2.969850298791329576e-05,-3.042756682864486165e-05,-3.075311792568250619e-05,-3.081813941799763616e-05,-3.074243708446266300e-05,-3.062075138170120404e-05,-3.052320588438206522e-05,-3.049724928151039785e-05,-3.057046109367933144e-05,-3.075382226461998120e-05,-3.104516441666834814e-05,-3.143262272788558092e-05,-3.189793170779970744e-05,-3.241945202019986443e-05,-3.297480958547613177e-05,-3.354307693198740599e-05,-3.410643537078161689e-05,-3.465131448647656444e-05,-3.516901996076141177e-05,-3.565591017448346703e-05,-3.611318500741209130e-05,-3.654637997842661792e-05,-3.696464604685791781e-05,-3.737990768900903405e-05,-3.780596908262043266e-05,-3.825764059850215114e-05,-3.874993196659599600e-05,-3.929735666950096099e-05,-3.991336714488251852e-05,-4.060993706578719923e-05,-4.139728429237689517e-05,-4.228372446037100121e-05,-4.327562563686103837e-05,-4.437743198670216605e-05,-4.559170976647433773e-05,-4.691917046747169081e-05,-4.835861962131698315e-05,-4.990678978054346082e-05,-5.155802295743042759e-05,-5.330379145437901846e-05,-5.513207013103457206e-05,-5.702661340482318428e-05,-5.896623157070302680e-05,-6.092421364431627634e-05,-6.286809208216262294e-05,-6.475999239517313993e-05,-6.655784003397160250e-05,-6.821770604103520792e-05,-6.969754293323189511e-05,-7.096248860182267307e-05,-7.199178344833204288e-05,-7.278715497662187393e-05,-7.338227189154836172e-05,-7.385257254851989011e-05,-7.432445050272258504e-05,-7.498247400627275805e-05,-7.607307467830888071e-05,-7.790302787135824599e-05,-8.083112788116474958e-05,-8.525179892708776284e-05,-9.157001896050768965e-05,-1.001678770144026880e-04,-1.113642899506136759e-04,-1.253707617861574304e-04,-1.422473972359153264e-04,-1.618644425006422012e-04,-1.838751531967419239e-04,-2.077055380424587083e-04,-2.325653414523450838e-04,-2.574825065311602359e-04,-2.813604980535947615e-04,-3.030546576269199091e-04,-3.214607461214650424e-04,-3.356065653716939720e-04,-3.447364954498174580e-04,-3.483791601268743858e-04,-3.463901904612757339e-04,-3.389649179854660466e-04,-3.266194286244337411e-04,-3.101424531765689294e-04,-2.905249250527045337e-04,-2.688786064686929833e-04,-2.463594947602411084e-04,-2.241142069965211363e-04,-2.032647951958284935e-04,-1.849339484056142420e-04,-1.702816935861492802e-04,-1.604720882863833761e-04,-1.564180084827991991e-04,-1.580859518519003068e-04,-1.631325973567162527e-04,-1.647827759860222199e-04,-1.492776905709790498e-04,-9.407464904484894735e-05,3.062539421525118061e-05,2.525647351323495149e-04,5.739808328752024841e-04,9.272789628905792492e-04,1.108085021214563932e-03,7.017063584407054683e-04
0.000000000000000000e+00,0.000000000000000000e+00,0.000000000000000000e+00,0.000000000000000000e+00,0.000000000000000000e+00,0.000000000000000000e+00,0.000000000000000000e+00,0.000000000000000000e+00,0.000000000000000000e+00,0.000000000000000000e+00,0.000000000000000000e+00,0.000000000000000000e+00,0.000000000000000000e+00,0.000000000000000000e+00,0.000000000000000000e+00,0.000000000000000000e+00,0.000000000000000000e+00,0.000000000000000000e+00,0.000000000000000000e+00,0.000000000000000000e+00,0.000000000000000000e+00,0.000000000000000000e+00,0.000000000000000000e+00,0.000000000000000000e+00,0.000000000000000000e+00,0.000000000000000000e+00,0.000000000000000000e+00,0.000000000000000000e+00,0.000000000000000000e+00,0.000000000000000000e+00,0.000000000000000000e+00,0.000000000000000000e+00,0.000000000000000000e+00,0.000000000000000000e+00,0.000000000000000000e+00,0.000000000000000000e+00,0.000000000000000000e+00,0.000000000000000000e+00,0.000000000000000000e+00,0.000000000000000000e+00,0.000000000000000000e+00,0.000000000000000000e+00,0.000000000000000000e+00,0.000000000000000000e+00,0.000000000000000000e+00,0.000000000000000000e+00,0.000000000000000000e+00,0.000000000000000000e+00,0.000000000000000000e+00,0.000000000000000000e+00,0.000000000000000000e+00,0.000000000000000000e+00,0.000000000000000000e+00,0.000000000000000000e+00,0.000000000000000000e+00,0.000000000000000000e+00,0.000000000000000000e+00,0.000000000000000000e+00,0.000000000000000000e+00,0.000000000000000000e+00,0.000000000000000000e+00,0.000000000000000000e+00,0.000000000000000000e+00,0.000000000000000000e+00,0.000000000000000000e+00,0.000000000000000000e+00,0.000000000000000000e+00,0.000000000000000000e+00,0.000000000000000000e+00,0.000000000000000000e+00,0.000000000000000000e+00,0.000000000000000000e+00,0.000000000000000000e+00,0.000000000000000000e+00,0.000000000000000000e+00,0.000000000000000000e+00,0.000000000000000000e+00,0.000000000000000000e+00,0.000000000000000000e+00,0.000000000000000000e+00,0.000000000000000000e+00,0.000000000000000000e+00,0.000000000000000000e+00,0.000000000000000000e+00,0.000000000000000000e+00,0.000000000000000000e+00,0.000000000000000000e+00,0.000000000000000000e+00,0.000000000000000000e+00,0.000000000000000000e+00,0.000000000000000000e+00,0.000000000000000000e+00,0.000000000000000000e+00,0.000000000000000000e+00,0.000000000000000000e+00,0.000000000000000000e+00,0.000000000000000000e+00,0.000000000000000000e+00,0.000000000000000000e+00,0.000000000000000000e+00,0.000000000000000000e+00,0.000000000000000000e+00,0.000000000000000000e+00,0.000000000000000000e+00,0.000000000000000000e+00,0.000000000000000000e+00,0.000000000000000000e+00,0.000000000000000000e+00,0.000000000000000000e+00,0.000000000000000000e+00,0.000000000000000000e+00,0.000000000000000000e+00,0.000000000000000000e+00,0.000000000000000000e+00,0.000000000000000000e+00,0.000000000000000000e+00,0.000000000000000000e+00,0.000000000000000000e+00,0.000000000000000000e+00,0.000000000000000000e+00,0.000000000000000000e+00,0.000000000000000000e+00,0.000000000000000000e+00,0.000000000000000000e+00,0.000000000000000000e+00,0.000000000000000000e+00,0.000000000000000000e+00,0.000000000000000000e+00,0.000000000000000000e+00,0.000000000000000000e+00,0.000000000000000000e+00,0.000000000000000000e+00,0.000000000000000000e+00,0.000000000000000000e+00,0.000000000000000000e+00,0.000000000000000000e+00,0.000000000000000000e+00,0.000000000000000000e+00,0.000000000000000000e+00,0.000000000000000000e+00,0.000000000000000000e+00,0.000000000000000000e+00,0.000000000000000000e+00,0.000000000000000000e+00,0.000000000000000000e+00,0.000000000000000000e+00,0.000000000000000000e+00,0.000000000000000000e+00,0.000000000000000000e+00,0.000000000000000000e+00,0.000000000000000000e+00,0.000000000000000000e+00,0.000000000000000000e+00,0.000000000000000000e+00,0.000000000000000000e+00,0.000000000000000000e+00,0.000000000000000000e+00,0.000000000000000000e+00,0.000000000000000000e+00,0.000000000000000000e+00,0.000000000000000000e+00,0.000000000000000000e+00,0.000000000000000000e+00,0.000000000000000000e+00,0.000000000000000000e+00,0.000000000000000000e+00,0.000000000000000000e+00,0.000000000000000000e+00,0.000000000000000000e+00,0.000000000000000000e+00,0.000000000000000000e+00,0.000000000000000000e+00,0.000000000000000000e+00,0.000000000000000000e+00,0.000000000000000000e+00,0.000000000000000000e+00,-8.105494850150010699e-05,-1.045485922069520451e-04,-1.152556073036337532e-04,-1.073240369099727769e-04,-8.898365130504998395e-05,-6.474383390925438021e-05,-4.024693148977080188e-05,-1.720971659966068773e-05,2.301203893145803725e-06,1.727738983830144859e-05,2.731988526956046452e-05,3.252551098016035619e-05,3.340997434052077954e-05,3.075758310782605946e-05,2.549362599699801405e-05,1.855157661088405595e-05,1.079030237965925856e-05,2.925919231183757234e-06,-4.495067843934693962e-06,-1.110324344188173185e-05,-1.669165236372752495e-05,-2.118973471175930319e-05,-2.463088088909292075e-05,-2.711943829733024229e-05,-2.880104988519847131e-05,-2.983846866173374778e-05,-3.039364067943517219e-05,-3.061567638305872415e-05,-3.063377160990934527e-05,-3.055388981685812583e-05,-3.045809015240853721e-05,-3.040558950920574076e-05,-3.043489912840719583e-05,-3.056659473215684475e-05,-3.080643246267843671e-05,-3.114861518973643348e-05,-3.157904892421059312e-05,-3.207845281257793390e-05,-3.262518775143351393e-05,-3.319769892036396764e-05,-3.377648424073379109e-05,-3.434555195908778075e-05,-3.489335587745768353e-05,-3.541324713576161773e-05,-3.590349505231483417e-05,-3.636696207154047251e-05,-3.681051285909702289e-05,-3.724425148036948543e-05,-3.768066243890226059e-05,-3.813373368061137721e-05,-3.861811624065913571e-05,-3.914837241417240885e-05,-3.973834063446315268e-05,-4.040064069789575814e-05,-4.114632107039374392e-05,-4.198464512036918322e-05,-4.292299389804006147e-05,-4.396685899664897704e-05,-4.511988380039160142e-05,-4.638391034066082429e-05,-4.775898048793205525e-05,-4.924324599172633354e-05,-5.083274449716051899e-05,-5.252101647536836583e-05,-5.429855663212471194e-05,-5.615212756132436462e-05,-5.806400033241185791e-05,-6.001123656681711205e-05,-6.196517601930825352e-05,-6.389134720373764581e-05,-6.575006056457960912e-05,-6.749797233415142121e-05,-6.909090448114501453e-05,-7.048816608988825525e-05,-7.165852699380449503e-05,-7.258784150788759792e-05,-7.328810048739294990e-05,-7.380741206632007799e-05,-7.424008735961659135e-05,-7.473566949066822102e-05,-7.550543386149088563e-05,-7.682466538701449759e-05,-7.902895100285865933e-05,-8.250288660845388059e-05,-8.766004745337010193e-05,-9.491384838384157624e-05,-1.046400172722776982e-04,-1.171327535950594453e-04,-1.325581007253392161e-04,-1.509094087593477551e-04,-1.719707316867155242e-04,-1.952943022193593379e-04,-2.201976207998737937e-04,-2.457840653083918632e-04,-2.709883455565178633e-04,-2.946448839354913647e-04,-3.155737924595298366e-04,-3.326761400622749946e-04,-3.450282394047875429e-04,-3.519641322228326923e-04,-3.531364465297509884e-04,-3.485481915451671083e-04,-3.385515300622929727e-04,-3.238138041300989318e-04,-3.052558975636351143e-04,-2.839732774659210345e-04,-2.611553303740047943e-04,-2.380223979980176051e-04,-2.157987642105850415e-04,-1.957278543751342847e-04,-1.791056119807880810e-04,-1.672536737292781156e-04,-1.612782357834382347e-04,-1.613848725507073989e-04,-1.654974878589534487e-04,-1.670585492011219565e-04,-1.523115711451133265e-04,-9.825340885429327195e-05,2.607890833850877950e-05,2.502967465913555280e-04,5.785412883416919021e-04,9.431852676679891492e-04,1.134059357642437779e-03,7.198379981308500796e-04
0.000000000000000000e+00,0.000000000000000000e+00,0.000000000000000000e+00,0.000000000000000000e+00,0.000000000000000000e+00,0.000000000000000000e+00,0.000000000000000000e+00,0.000000000000000000e+00,0.000000000000000000e+00,0.000000000000000000e+00,0.000000000000000000e+00,0.000000000000000000e+00,0.000000000000000000e+00,0.000000000000000000e+00,0.000000000000000000e+00,0.000000000000000000e+00,0.000000000000000000e+00,0.000000000000000000e+00,0.000000000000000000e+00,0.000000000000000000e+00,0.000000000000000000e+00,0.000000000000000000e+00,0.000000000000000000e+00,0.000000000000000000e+00,0.000000000000000000e+00,0.000000000000000000e+00,0.000000000000000000e+00,0.000000000000000000e+00,0.000000000000000000e+00,0.000000000000000000e+00,0.000000000000000000e+00,0.000000000000000000e+00,0.000000000000000000e+00,0.000000000000000000e+00,0.000000000000000000e+00,0.000000000000000000e+00,0.000000000000000000e+00,0.000000000000000000e+00,0.000000000000000000e+00,0.000000000000000000e+00,0.000000000000000000e+00,0.000000000000000000e+00,0.000000000000000000e+00,0.000000000000000000e+00,0.000000000000000000e+00,0.000000000000000000e+00,0.000000000000000000e+00,0.000000000000000000e+00,0.000000000000000000e+00,0.000000000000000000e+00,0.000000000000000000e+00,0.000000000000000000e+00,0.000000000000000000e+00,0.000000000000000000e+00,0.000000000000000000e+00,0.000000000000000000e+00,0.000000000000000000e+00,0.000000000000000000e+00,0.000000000000000000e+00,0.000000000000000000e+00,0.000000000000000000e+00,0.000000000000000000e+00,0.000000000000000000e+00,0.000000000000000000e+00,0.000000000000000000e+00,0.000000000000000000e+00,0.000000000000000000e+00,0.000000000000000000e+00,0.000000000000000000e+00,0.000000000000000000e+00,0.000000000000000000e+00,0.000000000000000000e+00,0.000000000000000000e+00,0.000000000000000000e+00,0.000000000000000000e+00,0.000000000000000000e+00,0.000000000000000000e+00,0.000000000000000000e+00,0.000000000000000000e+00,0.000000000000000000e+00,0.000000000000000000e+00,0.000000000000000000e+00,0.000000000000000000e+00,0.000000000000000000e+00,0.000000000000000000e+00,0.000000000000000000e+00,0.000000000000000000e+00,0.000000000000000000e+00,0.000000000000000000e+00,0.000000000000000000e+00,0.000000000000000000e+00,0.000000000000000000e+00,0.000000000000000000e+00,0.000000000000000000e+00,0.000000000000000000e+00,0.000000000000000000e+00,0.000000000000000000e+00,0.000000000000000000e+00,0.000000000000000000e+00,0.000000000000000000e+00,0.000000000000000000e+00,0.000000000000000000e+00,0.000000000000000000e+00,0.000000000000000000e+00,0.000000000000000000e+00,0.000000000000000000e+00,0.000000000000000000e+00,0.000000000000000000e+00,0.000000000000000000e+00,0.000000000000000000e+00,0.000000000000000000e+00,0.000000000000000000e+00,0.000000000000000000e+00,0.000000000000000000e+00,0.000000000000000000e+00,0.000000000000000000e+00,0.000000000000000000e+00,0.000000000000000000e+00,0.000000000000000000e+00,0.000000000000000000e+00,0.000000000000000000e+00,0.000000000000000000e+00,0.000000000000000000e+00,0.000000000000000000e+00,0.000000000000000000e+00,0.000000000000000000e+00,0.000000000000000000e+00,0.000000000000000000e+00,0.000000000000000000e+00,0.000000000000000000e+00,0.000000000000000000e+00,0.000000000000000000e+00,0.000000000000000000e+00,0.000000000000000000e+00,0.000000000000000000e+00,0.000000000000000000e+00,0.000000000000000000e+00,0.000000000000000000e+00,0.000000000000000000e+00,0.000000000000000000e+00,0.000000000000000000e+00,0.000000000000000000e+00,0.000000000000000000e+00,0.000000000000000000e+00,0.000000000000000000e+00,0.000000000000000000e+00,0.000000000000000000e+00,0.000000000000000000e+00,0.000000000000000000e+00,0.000000000000000000e+00,0.000000000000000000e+00,0.000000000000000000e+00,0.000000000000000000e+00,0.000000000000000000e+00,0.000000000000000000e+00,0.000000000000000000e+00,0.000000000000000000e+00,0.000000000000000000e+00,0.000000000000000000e+00,0.000000000000000000e+00,0.000000000000000000e+00,0.000000000000000000e+00,0.000000000000000000e+00,0.000000000000000000e+00,0.000000000000000000e+00,0.000000000000000000e+00,0.000000000000000000e+00,0.000000000000000000e+00,0.000000000000000000e+00,0.000000000000000000e+00,0.000000000000000000e+00,0.000000000000000000e+00,0.000000000000000000e+00,0.000000000000000000e+00,0.000000000000000000e+00,0.000000000000000000e+00,0.000000000000000000e+00,-8.690366845572754272e-05,-1.136877857597101574e-04,-1.143577338044127580e-04,-9.822812212576567236e-05,-7.735200849948968701e-05,-5.288948939964103970e-05,-2.881336844497077812e-05,-7.391098247560737025e-06,1.006095981746396074e-05,2.272127884811215391e-05,3.041872103992859926e-05,3.346518869304707360e-05,3.254278541530288509e-05,2.852516596523989176e-05,2.236630777949301892e-05,1.497242195065369281e-05,7.135996701515647981e-06,-5.132306133678688416e-07,-7.522673755696242208e-06,-1.361099883755471988e-05,-1.864612445387752926e-05,-2.261429695643152180e-05,-2.558680171369130270e-05,-2.768858071647255570e-05,-2.907188834473458544e-05,-2.989604445532050429e-05,-3.031330873183427617e-05,-3.045999908737199096e-05,-3.045171893481958870e-05,-3.038150995801882224e-05,-3.031998427368183467e-05,-3.031670638959556917e-05,-3.040237730135850606e-05,-3.059150354029087007e-05,-3.088537176700348693e-05,-3.127515412625517612e-05,-3.174501088127500885e-05,-3.227502998198315576e-05,-3.284387878535191882e-05,-3.343104519547108279e-05,-3.401860215973255026e-05,-3.459245394841728465e-05,-3.514308019516259571e-05,-3.566581337594806775e-05,-3.616072389973760438e-05,-3.663218894657734194e-05,-3.708823806511045944e-05,-3.753975565470708234e-05,-3.799962305747977518e-05,-3.848186295389259543e-05,-3.900084465610959461e-05,-3.957058738657595869e-05,-4.020419222316230404e-05,-4.091341306460829445e-05,-4.170837017818675673e-05,-4.259739177907750153e-05,-4.358696300870133235e-05,-4.468174676472388464e-05,-4.588463712361855548e-05,-4.719679647866820258e-05,-4.861762931871877862e-05,-5.014464504797563177e-05,-5.177317434309138287e-05,-5.349591715466561108e-05,-5.530232798667472567e-05,-5.717787583663838099e-05,-5.910326115112577572e-05,-6.105372023005612304e-05,-6.299860290875159200e-05,-6.490145950266982188e-05,-6.672091615839023876e-05,-6.841263794579190410e-05,-6.993266919939494796e-05,-7.124238335157133243e-05,-7.231516200833877964e-05,-7.314474308948144365e-05,-7.375493150900884292e-05,-7.421005742312126693e-05,-7.462521913013748164e-05,-7.517499309295374655e-05,-7.609898576566976431e-05,-7.770240520066111955e-05,-8.034982219615974686e-05,-8.445054547028656709e-05,-9.043461574226844711e-05,-9.871935700455535456e-05,-1.096676850155426134e-04,-1.235408644999704160e-04,-1.404499478172712931e-04,-1.603114615581070594e-04,-1.828137284915107264e-04,-2.074002200284215619e-04,-2.332753075424002565e-04,-2.594356578376490175e-04,-2.847274591552716107e-04,-3.079260696689879511e-04,-3.278311385849336213e-04,-3.433674179696950086e-04,-3.536799261487061472e-04,-3.582121712528735951e-04,-3.567578272972248389e-04,-3.494793630121492364e-04,-3.368913550095134555e-04,-3.198113453453114616e-04,-2.992869829085862896e-04,-2.765144190003708058e-04,-2.527680923738250636e-04,-2.293626677178632232e-04,-2.076577444484092839e-04,-1.890866560836714253e-04,-1.751350204493467341e-04,-1.671137272916690117e-04,-1.654854588199817286e-04,-1.684686046360624233e-04,-1.697606879672023045e-04,-1.556503031823732656e-04,-1.027072909679764155e-04,2.119650900109009147e-05,2.476057606809791692e-04,5.827001391095156966e-04,9.589647734394045114e-04,1.160391786339582407e-03,7.384298473453703836e-04
0.000000000000000000e+00,0.000000000000000000e+00,0.000000000000000000e+00,0.000000000000000000e+00,0.000000000000000000e+00,0.000000000000000000e+00,0.000000000000000000e+00,0.000000000000000000e+00,0.000000000000000000e+00,0.000000000000000000e+00,0.000000000000000000e+00,0.000000000000000000e+00,0.000000000000000000e+00,0.000000000000000000e+00,0.000000000000000000e+00,0.000000000000000000e+00,0.000000000000000000e+00,0.000000000000000000e+00,0.000000000000000000e+00,0.000000000000000000e+00,0.000000000000000000e+00,0.000000000000000000e+00,0.000000000000000000e+00,0.000000000000000000e+00,0.000000000000000000e+00,0.000000000000000000e+00,0.000000000000000000e+00,0.000000000000000000e+00,0.000000000000000000e+00,0.000000000000000000e+00,0.000000000000000000e+00,0.000000000000000000e+00,0.000000000000000000e+00,0.000000000000000000e+00,0.000000000000000000e+00,0.000000000000000000e+00,0.000000000000000000e+00,0.000000000000000000e+00,0.000000000000000000e+00,0.000000000000000000e+00,0.000000000000000000e+00,0.000000000000000000e+00,0.000000000000000000e+00,0.000000000000000000e+00,0.000000000000000000e+00,0.000000000000000000e+00,0.000000000000000000e+00,0.000000000000000000e+00,0.000000000000000000e+00,0.000000000000000000e+00,0.000000000000000000e+00,0.000000000000000000e+00,0.000000000000000000e+00,0.000000000000000000e+00,0.000000000000000000e+00,0.000000000000000000e+00,0.000000000000000000e+00,0.000000000000000000e+00,0.000000000000000000e+00,0.000000000000000000e+00,0.000000000000000000e+00,0.000000000000000000e+00,0.000000000000000000e+00,0.000000000000000000e+00,0.000000000000000000e+00,0.000000000000000000e+00,0.000000000000000000e+00,0.000000000000000000e+00,0.000000000000000000e+00,0.000000000000000000e+00,0.000000000000000000e+00,0.000000000000000000e+00,0.000000000000000000e+00,0.000000000000000000e+00,0.000000000000000000e+00,0.000000000000000000e+00,0.000000000000000000e+00,0.000000000000000000e+00,0.000000000000000000e+00,0.000000000000000000e+00,0.000000000000000000e+00,0.000000000000000000e+00,0.000000000000000000e+00,0.000000000000000000e+00,0.000000000000000000e+00,0.000000000000000000e+00,0.000000000000000000e+00,0.000000000000000000e+00,0.000000000000000000e+00,0.000000000000000000e+00,0.000000000000000000e+00,0.000000000000000000e+00,0.000000000000000000e+00,0.000000000000000000e+00,0.000000000000000000e+00,0.000000000000000000e+00,0.000000000000000000e+00,0.000000000000000000e+00,0.000000000000000000e+00,0.000000000000000000e+00,0.000000000000000000e+00,0.000000000000000000e+00,0.000000000000000000e+00,0.000000000000000000e+00,0.000000000000000000e+00,0.000000000000000000e+00,0.000000000000000000e+00,0.000000000000000000e+00,0.000000000000000000e+00,0.000000000000000000e+00,0.000000000000000000e+00,0.000000000000000000e+00,0.000000000000000000e+00,0.000000000000000000e+00,0.000000000000000000e+00,0.000000000000000000e+00,0.000000000000000000e+00,0.000000000000000000e+00,0.000000000000000000e+00,0.000000000000000000e+00,0.000000000000000000e+00,0.000000000000000000e+00,0.000000000000000000e+00,0.000000000000000000e+00,0.000000000000000000e+00,0.000000000000000000e+00,0.000000000000000000e+00,0.000000000000000000e+00,0.000000000000000000e+00,0.000000000000000000e+00,0.000000000000000000e+00,0.000000000000000000e+00,0.000000000000000000e+00,0.000000000000000000e+00,0.000000000000000000e+00,0.000000000000000000e+00,0.000000000000000000e+00,0.000000000000000000e+00,0.000000000000000000e+00,0.000000000000000000e+00,0.000000000000000000e+00,0.000000000000000000e+00,0.000000000000000000e+00,0.000000000000000000e+00,0.000000000000000000e+00,0.000000000000000000e+00,0.000000000000000000e+00,0.000000000000000000e+00,0.000000000000000000e+00,0.000000000000000000e+00,0.000000000000000000e+00,0.000000000000000000e+00,0.000000000000000000e+00,0.000000000000000000e+00,0.000000000000000000e+00,0.000000000000000000e+00,0.000000000000000000e+00,0.000000000000000000e+00,0.000000000000000000e+00,0.000000000000000000e+00,0.000000000000000000e+00,0.000000000000000000e+00,0.000000000000000000e+00,0.000000000000000000e+00,0.000000000000000000e+00,0.000000000000000000e+00,0.000000000000000000e+00,0.000000000000000000e+00,0.000000000000000000e+00,0.000000000000000000e+00,0.000000000000000000e+00,0.000000000000000000e+00,0.000000000000000000e+00,0.000000000000000000e+00,0.000000000000000000e+00,0.000000000000000000e+00,0.000000000000000000e+00,0.000000000000000000e+00,-1.069032781557816545e-04,-1.115243142474298745e-04,-1.063435540714150320e-04,-8.844092760015372535e-05,-6.520728264819524160e-05,-4.107527283922248319e-05,-1.811978110493962020e-05,1.562128838289311772e-06,1.679470370452034017e-05,2.705890368676639314e-05,3.244699973678958320e-05,3.346360109437827309e-05,3.092890968717434958e-05,2.577542296134781324e-05,1.894899364749929512e-05,1.130538596554958803e-05,3.555004060339158517e-06,-3.765768951890748037e-06,-1.029781601763548211e-05,-1.584230903680699718e-05,-2.033283003916140443e-05,-2.380200540605891500e-05,-2.634899758802502028e-05,-2.811103656238462595e-05,-2.924096029894741804e-05,-2.989096485564886861e-05,-3.020192753635685115e-05,-3.029714830860654029e-05,-3.027932519076973784e-05,-3.022971002454151956e-05,-3.020870254018389131e-05,-3.025736223455448068e-05,-3.039955090486100737e-05,-3.064450010892284771e-05,-3.098966506558730952e-05,-3.142371148007000269e-05,-3.192948331815312373e-05,-3.248679221028444032e-05,-3.307488781210274017e-05,-3.367450224883442375e-05,-3.426940244544797237e-05,-3.484743379829745454e-05,-3.540107424876120091e-05,-3.592755488523724912e-05,-3.642861818866427795e-05,-3.691000138507706822e-05,-3.738072864956800112e-05,-3.785229695357105644e-05,-3.833782624945373922e-05,-3.885123807170643703e-05,-3.940650895854067221e-05,-4.001703584615744279e-05,-4.069513292782356328e-05,-4.145166997130271297e-05,-4.229584594731014102e-05,-4.323508320609141932e-05,-4.427501371782029479e-05,-4.541952238879255575e-05,-4.667080274561111197e-05,-4.802937828509459784e-05,-4.949404020616153120e-05,-5.106165889866655562e-05,-5.272683591734227956e-05,-5.448138380312729599e-05,-5.631364743078799831e-05,-5.820771911660572041e-05,-6.014264437307778545e-05,-6.209176899663163040e-05,-6.402243243335287040e-05,-6.589626494625848918e-05,-6.767038417376652351e-05,-6.929980240918366880e-05,-7.074133300791680707e-05,-7.195921207496332379e-05,-7.293251524284360173e-05,-7.366424342220056001e-05,-7.419167329191586754e-05,-7.459723058642392835e-05,-7.501877027677960838e-05,-7.565778111846302673e-05,-7.678373091458956783e-05,-7.873260905816991003e-05,-8.189778638093757291e-05,-8.671167939651344388e-05,-9.361743445266200545e-05,-1.030309537879098118e-04,-1.152950203435561174e-04,-1.306289089338483634e-04,-1.490784748141626222e-04,-1.704729872891638245e-04,-1.943955895909834687e-04,-2.201739109983099859e-04,-2.468958441466131385e-04,-2.734528414402927514e-04,-2.986095474774689857e-04,-3.210946853169446987e-04,-3.397045334713994598e-04,-3.534077577698843567e-04,-3.614393266817842918e-04,-3.633719837180153316e-04,-3.591562265092762486e-04,-3.491237232572987352e-04,-3.339543575090229499e-04,-3.146134705696103416e-04,-2.922730064902375586e-04,-2.682368373387721970e-04,-2.438931188865520693e-04,-2.207085617715259600e-04,-2.002517063544654555e-04,-1.841758216537872357e-04,-1.740060398736176326e-04,-1.704793383753925575e-04,-1.721362828084980622e-04,-1.729690113622389528e-04,-1.593580565091636285e-04,-1.074852320374873062e-04,1.593876163518262161e-05,2.444539449525330501e-04,5.864173912729868767e-04,9.745825810254306635e-04,1.187069427842229975e-03,7.574909052613402680e-04
0.000000000000000000e+00,0.000000000000000000e+00,0.000000000000000000e+00,0.000000000000000000e+00,0.000000000000000000e+00,0.000000000000000000e+00,0.000000000000000000e+00,0.000000000000000000e+00,0.000000000000000000e+00,0.000000000000000000e+00,0.000000000000000000e+00,0.000000000000000000e+00,0.000000000000000000e+00,0.000000000000000000e+00,0.000000000000000000e+00,0.000000000000000000e+00,0.000000000000000000e+00,0.000000000000000000e+00,0.000000000000000000e+00,0.000000000000000000e+00,0.000000000000000000e+00,0.000000000000000000e+00,0.000000000000000000e+00,0.000000000000000000e+00,0.000000000000000000e+00,0.000000000000000000e+00,0.000000000000000000e+00,0.000000000000000000e+00,0.000000000000000000e+00,0.000000000000000000e+00,0.000000000000000000e+00,0.000000000000000000e+00,0.000000000000000000e+00,0.000000000000000000e+00,0.000000000000000000e+00,0.000000000000000000e+00,0.000000000000000000e+00,0.000000000000000000e+00,0.000000000000000000e+00,0.000000000000000000e+00,0.000000000000000000e+00,0.000000000000000000e+00,0.000000000000000000e+00,0.000000000000000000e+00,0.000000000000000000e+00,0.000000000000000000e+00,0.000000000000000000e+00,0.000000000000000000e+00,0.000000000000000000e+00,0.000000000000000000e+00,0.000000000000000000e+00,0.000000000000000000e+00,0.000000000000000000e+00,0.000000000000000000e+00,0.000000000000000000e+00,0.000000000000000000e+00,0.000000000000000000e+00,0.000000000000000000e+00,0.000000000000000000e+00,0.000000000000000000e+00,0.000000000000000000e+00,0.000000000000000000e+00,0.000000000000000000e+00,0.000000000000000000e+00,0.000000000000000000e+00,0.000000000000000000e+00,0.000000000000000000e+00,0.000000000000000000e+00,0.000000000000000000e+00,0.000000000000000000e+00,0.000000000000000000e+00,0.000000000000000000e+00,0.000000000000000000e+00,0.000000000000000000e+00,0.000000000000000000e+00,0.000000000000000000e+00,0.000000000000000000e+00,0.000000000000000000e+00,0.000000000000000000e+00,0.000000000000000000e+00,0.000000000000000000e+00,0.000000000000000000e+00,0.000000000000000000e+00,0.000000000000000000e+00,0.000000000000000000e+00,0.000000000000000000e+00,0.000000000000000000e+00,0.000000000000000000e+00,0.000000000000000000e+00,0.000000000000000000e+00,0.000000000000000000e+00,0.000000000000000000e+00,0.000000000000000000e+00,0.000000000000000000e+00,0.000000000000000000e+00,0.000000000000000000e+00,0.000000000000000000e+00,0.000000000000000000e+00,0.000000000000000000e+00,0.000000000000000000e+00,0.000000000000000000e+00,0.000000000000000000e+00,0.000000000000000000e+00,0.000000000000000000e+00,0.000000000000000000e+00,0.000000000000000000e+00,0.000000000000000000e+00,0.000000000000000000e+00,0.000000000000000000e+00,0.000000000000000000e+00,0.000000000000000000e+00,0.000000000000000000e+00,0.000000000000000000e+00,0.000000000000000000e+00,0.000000000000000000e+00,0.000000000000000000e+00,0.000000000000000000e+00,0.000000000000000000e+00,0.000000000000000000e+00,0.000000000000000000e+00,0.000000000000000000e+00,0.000000000000000000e+00,0.000000000000000000e+00,0.000000000000000000e+00,0.000000000000000000e+00,0.000000000000000000e+00,0.000000000000000000e+00,0.000000000000000000e+00,0.000000000000000000e+00,0.000000000000000000e+00,0.000000000000000000e+00,0.000000000000000000e+00,0.000000000000000000e+00,0.000000000000000000e+00,0.000000000000000000e+00,0.000000000000000000e+00,0.000000000000000000e+00,0.000000000000000000e+00,0.000000000000000000e+00,0.000000000000000000e+00,0.000000000000000000e+00,0.000000000000000000e+00,0.000000000000000000e+00,0.000000000000000000e+00,0.000000000000000000e+00,0.000000000000000000e+00,0.000000000000000000e+00,0.000000000000000000e+00,0.000000000000000000e+00,0.000000000000000000e+00,0.000000000000000000e+00,0.000000000000000000e+00,0.000000000000000000e+00,0.000000000000000000e+00,0.000000000000000000e+00,0.000000000000000000e+00,0.000000000000000000e+00,0.000000000000000000e+00,0.000000000000000000e+00,0.000000000000000000e+00,0.000000000000000000e+00,0.000000000000000000e+00,0.000000000000000000e+00,0.000000000000000000e+00,0.000000000000000000e+00,0.000000000000000000e+00,0.000000000000000000e+00,0.000000000000000000e+00,0.000000000000000000e+00,0.000000000000000000e+00,0.000000000000000000e+00,0.000000000000000000e+00,0.000000000000000000e+00,0.000000000000000000e+00,0.000000000000000000e+00,0.000000000000000000e+00,0.000000000000000000e+00,0.000000000000000000e+00,-9.317164869862238567e-05,-1.118368950294549739e-04,-1.117759183047890013e-04,-9.727905181069653590e-05,-7.738939623481831285e-05,-5.357809945099441061e-05,-2.969294936316610014e-05,-8.115425180544408949e-06,9.547421315843586989e-06,2.242931678814183232e-05,3.026750547460492515e-05,3.342791372442692152e-05,3.259526187415163822e-05,2.867491414526113312e-05,2.262438854930403785e-05,1.535186367470633026e-05,7.643000729040325464e-06,1.163401327975242129e-07,-6.788095607437768771e-06,-1.280062055278881289e-05,-1.779675112632404216e-05,-2.176523590687821902e-05,-2.477445162782583224e-05,-2.694214909012616717e-05,-2.841077208577671165e-05,-2.932911493141248066e-05,-2.983982046715938870e-05,-3.007165896003433257e-05,-3.013530316157986695e-05,-3.012153485107242623e-05,-3.010100527199230719e-05,-3.012505322648170779e-05,-3.022722969061409715e-05,-3.042538036446505034e-05,-3.072413108759348391e-05,-3.111766204405789490e-05,-3.159260060821249538e-05,-3.213087295256612151e-05,-3.271234064653546927e-05,-3.331708900632704792e-05,-3.392726570637977262e-05,-3.452842380588211059e-05,-3.511036375763762593e-05,-3.566751105180734080e-05,-3.619889031742303822e-05,-3.670777545002198387e-05,-3.720110019771953846e-05,-3.768871430224912010e-05,-3.818256270518996732e-05,-3.869585643823476504e-05,-3.924229075644433343e-05,-3.983535371259526556e-05,-4.048775406150379044e-05,-4.121098472105029319e-05,-4.201502443526095379e-05,-4.290816874453833810e-05,-4.389696948401649836e-05,-4.498625260279095144e-05,-4.617917510018027216e-05,-4.747727630376237409e-05,-4.888047506327679564e-05,-5.038696608779278730e-05,-5.199297462980599871e-05,-5.369234263930223262e-05,-5.547594054599997007e-05,-5.733093010572858946e-05,-5.923994354587205598e-05,-6.118029371421514727e-05,-6.312338468748882557e-05,-6.503454947497424308e-05,-6.687359210145218643e-05,-6.859634711980341958e-05,-7.015757649788584608e-05,-7.151548912343440464e-05,-7.263807620277581089e-05,-7.351129562867507190e-05,-7.414890177979838594e-05,-7.460340709459337724e-05,-7.497729183569091854e-05,-7.543318066016469229e-05,-7.620132800950688262e-05,-7.758246829290136779e-05,-7.994397452385145766e-05,-8.370742117320676041e-05,-8.932614493157211969e-05,-9.725229408282860160e-05,-1.078941523748359145e-04,-1.215661381030909693e-04,-1.384356395482459984e-04,-1.584724832148014207e-04,-1.814079979864938392e-04,-2.067109733849437244e-04,-2.335870146152387321e-04,-2.610057315770614888e-04,-2.877569706085023851e-04,-3.125332967857701516e-04,-3.340317988349700566e-04,-3.510647768979692409e-04,-3.626666871923527589e-04,-3.681843284935722659e-04,-3.673388268854805910e-04,-3.602514201310092097e-04,-3.474301871556695689e-04,-3.297215615760952468e-04,-3.082383971239709272e-04,-2.842843129223499151e-04,-2.592986818974665894e-04,-2.348411662245582167e-04,-2.126089444124959146e-04,-1.944231098544013105e-04,-1.820300234414888661e-04,-1.764566381500777222e-04,-1.765932946955774650e-04,-1.767681716032012387e-04,-1.635047698101495164e-04,-1.126418854341305236e-04,1.026081535505243471e-05,2.407979080886835999e-04,5.896467217749875277e-04,9.899968210142621496e-04,1.214073587008748008e-03,7.770282379788559426e-04
0.000000000000000000e+00,0.000000000000000000e+00,0.000000000000000000e+00,0.000000000000000000e+00,0.000000000000000000e+00,0.000000000000000000e+00,0.000000000000000000e+00,0.000000000000000000e+00,0.000000000000000000e+00,0.000000000000000000e+00,0.000000000000000000e+00,0.000000000000000000e+00,0.000000000000000000e+00,0.000000000000000000e+00,0.000000000000000000e+00,0.000000000000000000e+00,0.000000000000000000e+00,0.000000000000000000e+00,0.000000000000000000e+00,0.000000000000000000e+00,0.000000000000000000e+00,0.000000000000000000e+00,0.000000000000000000e+00,0.000000000000000000e+00,0.000000000000000000e+00,0.000000000000000000e+00,0.000000000000000000e+00,0.000000000000000000e+00,0.000000000000000000e+00,0.000000000000000000e+00,0.000000000000000000e+00,0.000000000000000000e+00,0.000000000000000000e+00,0.000000000000000000e+00,0.000000000000000000e+00,0.000000000000000000e+00,0.000000000000000000e+00,0.000000000000000000e+00,0.000000000000000000e+00,0.000000000000000000e+00,0.000000000000000000e+00,0.000000000000000000e+00,0.000000000000000000e+00,0.000000000000000000e+00,0.000000000000000000e+00,0.000000000000000000e+00,0.000000000000000000e+00,0.000000000000000000e+00,0.000000000000000000e+00,0.000000000000000000e+00,0.000000000000000000e+00,0.000000000000000000e+00,0.000000000000000000e+00,0.000000000000000000e+00,0.000000000000000000e+00,0.000000000000000000e+00,0.000000000000000000e+00,0.000000000000000000e+00,0.000000000000000000e+00,0.000000000000000000e+00,0.000000000000000000e+00,0.000000000000000000e+00,0.000000000000000000e+00,0.000000000000000000e+00,0.000000000000000000e+00,0.000000000000000000e+00,0.000000000000000000e+00,0.000000000000000000e+00,0.000000000000000000e+00,0.000000000000000000e+00,0.000000000000000000e+00,0.000000000000000000e+00,0.000000000000000000e+00,0.000000000000000000e+00,0.000000000000000000e+00,0.000000000000000000e+00,0.000000000000000000e+00,0.000000000000000000e+00,0.000000000000000000e+00,0.000000000000000000e+00,0.000000000000000000e+00,0.000000000000000000e+00,0.000000000000000000e+00,0.000000000000000000e+00,0.000000000000000000e+00,0.000000000000000000e+00,0.000000000000000000e+00,0.000000000000000000e+00,0.000000000000000000e+00,0.000000000000000000e+00,0.000000000000000000e+00,0.000000000000000000e+00,0.000000000000000000e+00,0.000000000000000000e+00,0.000000000000000000e+00,0.000000000000000000e+00,0.000000000000000000e+00,0.000000000000000000e+00,0.000000000000000000e+00,0.000000000000000000e+00,0.000000000000000000e+00,0.000000000000000000e+00,0.000000000000000000e+00,0.000000000000000000e+00,0.000000000000000000e+00,0.000000000000000000e+00,0.000000000000000000e+00,0.000000000000000000e+00,0.000000000000000000e+00,0.000000000000000000e+00,0.000000000000000000e+00,0.000000000000000000e+00,0.000000000000000000e+00,0.000000000000000000e+00,0.000000000000000000e+00,0.000000000000000000e+00,0.000000000000000000e+00,0.000000000000000000e+00,0.000000000000000000e+00,0.000000000000000000e+00,0.000000000000000000e+00,0.000000000000000000e+00,0.000000000000000000e+00,0.000000000000000000e+00,0.000000000000000000e+00,0.000000000000000000e+00,0.000000000000000000e+00,0.000000000000000000e+00,0.000000000000000000e+00,0.000000000000000000e+00,0.000000000000000000e+00,0.000000000000000000e+00,0.000000000000000000e+00,0.000000000000000000e+00,0.000000000000000000e+00,0.000000000000000000e+00,0.000000000000000000e+00,0.000000000000000000e+00,0.000000000000000000e+00,0.000000000000000000e+00,0.000000000000000000e+00,0.000000000000000000e+00,0.000000000000000000e+00,0.000000000000000000e+00,0.000000000000000000e+00,0.000000000000000000e+00,0.000000000000000000e+00,0.000000000000000000e+00,0.000000000000000000e+00,0.000000000000000000e+00,0.000000000000000000e+00,0.000000000000000000e+00,0.000000000000000000e+00,0.000000000000000000e+00,0.000000000000000000e+00,0.000000000000000000e+00,0.000000000000000000e+00,0.000000000000000000e+00,0.000000000000000000e+00,0.000000000000000000e+00,0.000000000000000000e+00,0.000000000000000000e+00,0.000000000000000000e+00,0.000000000000000000e+00,0.000000000000000000e+00,0.000000000000000000e+00,0.000000000000000000e+00,0.000000000000000000e+00,0.000000000000000000e+00,0.000000000000000000e+00,0.000000000000000000e+00,0.000000000000000000e+00,0.000000000000000000e+00,0.000000000000000000e+00,0.000000000000000000e+00,0.000000000000000000e+00,0.000000000000000000e+00,0.000000000000000000e+00,0.000000000000000000e+00,-1.073940219857807314e-04,-1.100930181902230412e-04,-1.055166800202392670e-04,-8.840114473139720536e-05,-6.592993804446707932e-05,-4.191179392242243875e-05,-1.887188226059935132e-05,1.082565115234005133e-06,1.648409855445745191e-05,2.688472412594910594e-05,3.234199479006213458e-05,3.342411924688976451e-05,3.096132929929266514e-05,2.590042265667155254e-05,1.918950654645030523e-05,1.167799976646982550e-05,4.065951585682498215e-06,-3.125242219563033495e-06,-9.550801086017132109e-06,-1.502358146115323675e-05,-1.948335763083868324e-05,-2.296295517411418217e-05,-2.555629155094986323e-05,-2.739155513378475508e-05,-2.861074662047596355e-05,-2.935536483966040471e-05,-2.975718382300168111e-05,-2.993289789940213255e-05,-2.998135363548020272e-05,-2.998253415502043212e-05,-2.999762968177407306e-05,-3.006992907722293759e-05,-3.022631723531412696e-05,-3.047931452336151195e-05,-3.082951996363667387e-05,-3.126833704853945479e-05,-3.178079039362220591e-05,-3.234826142129341525e-05,-3.295096570942125164e-05,-3.357004954899916620e-05,-3.418921856945151969e-05,-3.479587212381431610e-05,-3.538175206232311486e-05,-3.594315590075653567e-05,-3.648078030483191457e-05,-3.699927871555847502e-05,-3.750661509546301064e-05,-3.801329733343224545e-05,-3.853156174067422067e-05,-3.907457321155551104e-05,-3.965568957163573299e-05,-4.028782861398355543e-05,-4.098296000993477596e-05,-4.175173384789379599e-05,-4.260324272306271673e-05,-4.354490474313771694e-05,-4.458244235743993839e-05,-4.571992425109415019e-05,-4.695982863588649912e-05,-4.830308238578147345e-05,-4.974902763375386083e-05,-5.129527095924932349e-05,-5.293737796697207005e-05,-5.466839230034758795e-05,-5.647818183813248645e-05,-5.835264898237243971e-05,-6.027288510213598072e-05,-6.221440152135141626e-05,-6.414662694643170579e-05,-6.603291930717703493e-05,-6.783138989041862432e-05,-6.949686868701487213e-05,-7.098433811360491401e-05,-7.225411261507509167e-05,-7.327892897156050968e-05,-7.405292424135169374e-05,-7.460220934741467651e-05,-7.499640094097405015e-05,-7.536007187238621312e-05,-7.588265928775201241e-05,-7.682498794396144305e-05,-7.852030351603547949e-05,-8.136766009049903380e-05,-8.581576476500353979e-05,-9.233603293008951416e-05,-1.013846942939977994e-04,-1.133552892242376870e-04,-1.285246928034201061e-04,-1.469976778754275863e-04,-1.686566555740952734e-04,-1.931242241802340039e-04,-2.197461331087910722e-04,-2.476009500112551025e-04,-2.755400384928905779e-04,-3.022576339417908835e-04,-3.263863745758182407e-04,-3.466093603125421736e-04,-3.617764967544068286e-04,-3.710112247476665247e-04,-3.737941491729616819e-04,-3.700126789231234707e-04,-3.599705157813795045e-04,-3.443575868708355077e-04,-3.241895573089794108e-04,-3.007353201744969408e-04,-2.754576197067389975e-04,-2.499892995113780960e-04,-2.261445052892389798e-04,-2.059080202662066353e-04,-1.912510291862364650e-04,-1.835038471705186674e-04,-1.819334336241262514e-04,-1.812468871456652305e-04,-1.681658661628664066e-04,-1.182376326262308196e-04,4.112221525376309037e-06,2.365883693998902394e-04,5.923349416116178035e-04,1.005157885856683376e-03,1.241378936657049461e-03,7.970466027386087374e-04
0.000000000000000000e+00,0.000000000000000000e+00,0.000000000000000000e+00,0.000000000000000000e+00,0.000000000000000000e+00,0.000000000000000000e+00,0.000000000000000000e+00,0.000000000000000000e+00,0.000000000000000000e+00,0.000000000000000000e+00,0.000000000000000000e+00,0.000000000000000000e+00,0.000000000000000000e+00,0.000000000000000000e+00,0.000000000000000000e+00,0.000000000000000000e+00,0.000000000000000000e+00,0.000000000000000000e+00,0.000000000000000000e+00,0.000000000000000000e+00,0.000000000000000000e+00,0.000000000000000000e+00,0.000000000000000000e+00,0.000000000000000000e+00,0.000000000000000000e+00,0.000000000000000000e+00,0.000000000000000000e+00,0.000000000000000000e+00,0.000000000000000000e+00,0.000000000000000000e+00,0.000000000000000000e+00,0.000000000000000000e+00,0.000000000000000000e+00,0.000000000000000000e+00,0.000000000000000000e+00,0.000000000000000000e+00,0.000000000000000000e+00,0.000000000000000000e+00,0.000000000000000000e+00,0.000000000000000000e+00,0.000000000000000000e+00,0.000000000000000000e+00,0.000000000000000000e+00,0.000000000000000000e+00,0.000000000000000000e+00,0.000000000000000000e+00,0.000000000000000000e+00,0.000000000000000000e+00,0.000000000000000000e+00,0.000000000000000000e+00,0.000000000000000000e+00,0.000000000000000000e+00,0.000000000000000000e+00,0.000000000000000000e+00,0.000000000000000000e+00,0.000000000000000000e+00,0.000000000000000000e+00,0.000000000000000000e+00,0.000000000000000000e+00,0.000000000000000000e+00,0.000000000000000000e+00,0.000000000000000000e+00,0.000000000000000000e+00,0.000000000000000000e+00,0.000000000000000000e+00,0.000000000000000000e+00,0.000000000000000000e+00,0.000000000000000000e+00,0.000000000000000000e+00,0.000000000000000000e+00,0.000000000000000000e+00,0.000000000000000000e+00,0.000000000000000000e+00,0.000000000000000000e+00,0.000000000000000000e+00,0.000000000000000000e+00,0.000000000000000000e+00,0.000000000000000000e+00,0.000000000000000000e+00,0.000000000000000000e+00,0.000000000000000000e+00,0.000000000000000000e+00,0.000000000000000000e+00,0.000000000000000000e+00,0.000000000000000000e+00,0.000000000000000000e+00,0.000000000000000000e+00,0.000000000000000000e+00,0.000000000000000000e+00,0.000000000000000000e+00,0.000000000000000000e+00,0.000000000000000000e+00,0.000000000000000000e+00,0.000000000000000000e+00,0.000000000000000000e+00,0.000000000000000000e+00,0.000000000000000000e+00,0.000000000000000000e+00,0.000000000000000000e+00,0.000000000000000000e+00,0.000000000000000000e+00,0.000000000000000000e+00,0.000000000000000000e+00,0.000000000000000000e+00,0.000000000000000000e+00,0.000000000000000000e+00,0.000000000000000000e+00,0.000000000000000000e+00,0.000000000000000000e+00,0.000000000000000000e+00,0.000000000000000000e+00,0.000000000000000000e+00,0.000000000000000000e+00,0.000000000000000000e+00,0.000000000000000000e+00,0.000000000000000000e+00,0.000000000000000000e+00,0.000000000000000000e+00,0.000000000000000000e+00,0.000000000000000000e+00,0.000000000000000000e+00,0.000000000000000000e+00,0.000000000000000000e+00,0.000000000000000000e+00,0.000000000000000000e+00,0.000000000000000000e+00,0.000000000000000000e+00,0.000000000000000000e+00,0.000000000000000000e+00,0.000000000000000000e+00,0.000000000000000000e+00,0.000000000000000000e+00,0.000000000000000000e+00,0.000000000000000000e+00,0.000000000000000000e+00,0.000000000000000000e+00,0.000000000000000000e+00,0.000000000000000000e+00,0.000000000000000000e+00,0.000000000000000000e+00,0.000000000000000000e+00,0.000000000000000000e+00,0.000000000000000000e+00,0.000000000000000000e+00,0.000000000000000000e+00,0.000000000000000000e+00,0.000000000000000000e+00,0.000000000000000000e+00,0.000000000000000000e+00,0.000000000000000000e+00,0.000000000000000000e+00,0.000000000000000000e+00,0.000000000000000000e+00,0.000000000000000000e+00,0.000000000000000000e+00,0.000000000000000000e+00,0.000000000000000000e+00,0.000000000000000000e+00,0.000000000000000000e+00,0.000000000000000000e+00,0.000000000000000000e+00,0.000000000000000000e+00,0.000000000000000000e+00,0.000000000000000000e+00,0.000000000000000000e+00,0.000000000000000000e+00,0.000000000000000000e+00,0.000000000000000000e+00,0.000000000000000000e+00,0.000000000000000000e+00,0.000000000000000000e+00,0.000000000000000000e+00,0.000000000000000000e+00,0.000000000000000000e+00,0.000000000000000000e+00,0.000000000000000000e+00,0.000000000000000000e+00,0.000000000000000000e+00,0.000000000000000000e+00,-8.929384882447238066e-05,-1.111311505906931310e-04,-1.109277310150800290e-04,-9.747577174749110581e-05,-7.807190789358319416e-05,-5.458434748453129298e-05,-3.041167041286836839e-05,-8.619537832705302557e-06,9.277512942162356995e-06,2.224347911815142026e-05,3.013216799284611057e-05,3.332255040841093695e-05,3.253123772019848349e-05,2.868067778520347075e-05,2.272895419223470631e-05,1.558396249030553779e-05,8.020175962850630016e-06,6.418661240657654230e-07,-6.128550028143285429e-06,-1.203675326022025563e-05,-1.696883084579476258e-05,-2.091750290995111330e-05,-2.394865001200735592e-05,-2.617245521005480353e-05,-2.772080084394304962e-05,-2.873105842943963123e-05,-2.933543984564261761e-05,-2.965444798904476030e-05,-2.979326751836156614e-05,-2.983993732923814220e-05,-2.986475338562292044e-05,-2.992046096114603211e-05,-3.004315096201358088e-05,-3.025374483591596685e-05,-3.056002771172123574e-05,-3.095909015020939314e-05,-3.144002251006192003e-05,-3.198666045644642491e-05,-3.258019200435297854e-05,-3.320146572217104946e-05,-3.383288323507936397e-05,-3.445981813584479361e-05,-3.507154392430912728e-05,-3.566170295943504257e-05,-3.622836734263342964e-05,-3.677377034899205661e-05,-3.730378550691324966e-05,-3.782724035304171835e-05,-3.835513797812511533e-05,-3.889985886616612910e-05,-3.947439641976638612e-05,-4.009167400366868596e-05,-4.076397157580144946e-05,-4.150248280442786280e-05,-4.231700547371893250e-05,-4.321576088689274336e-05,-4.420532255601291997e-05,-4.529062844809252433e-05,-4.647503911216848516e-05,-4.776040049022445614e-05,-4.914706350722603732e-05,-5.063381439718340641e-05,-5.221767186319945246e-05,-5.389351927322449069e-05,-5.565355646971267297e-05,-5.748658401893026043e-05,-5.937716839553830835e-05,-6.130478430078042972e-05,-6.324308466179901921e-05,-6.515950967342059165e-05,-6.701550451251596006e-05,-6.876766428031765661e-05,-7.037014991832855719e-05,-7.177870708251961351e-05,-7.295655333791259672e-05,-7.388226306116576819e-05,-7.455956102330843255e-05,-7.502863135712673599e-05,-7.537816578353636276e-05,-7.575693932186284315e-05,-7.638325880603093112e-05,-7.755024881997359164e-05,-7.962471079206045901e-05,-8.303731822770992843e-05,-8.826229750979296812e-05,-9.578557088976279599e-05,-1.060616363000077328e-04,-1.194611767217957938e-04,-1.362133708112549029e-04,-1.563488396352945070e-04,-1.796507315874801064e-04,-2.056221896350326431e-04,-2.334779704972538234e-04,-2.621660577243952340e-04,-2.904217573641069928e-04,-3.168523478941113135e-04,-3.400455511566649863e-04,-3.586907699812909626e-04,-3.716990682200911091e-04,-3.783069189871771207e-04,-3.781501880423121390e-04,-3.712987817972686279e-04,-3.582488907834619428e-04,-3.398786564443688615e-04,-3.173834835110607997e-04,-2.922160865071130867e-04,-2.660567238940956289e-04,-2.408190672573845570e-04,-2.186423164109167392e-04,-2.017217790221347256e-04,-1.917013151176413040e-04,-1.882497705702546108e-04,-1.864969235461325797e-04,-1.734217988636858876e-04,-1.243384914591222736e-04,-2.563187527323352333e-06,2.317698605815493237e-04,5.944214635046108112e-04,1.020007631572517667e-03,1.268952644258867233e-03,8.175480382638642719e-04
0.000000000000000000e+00,0.000000000000000000e+00,0.000000000000000000e+00,0.000000000000000000e+00,0.000000000000000000e+00,0.000000000000000000e+00,0.000000000000000000e+00,0.000000000000000000e+00,0.000000000000000000e+00,0.000000000000000000e+00,0.000000000000000000e+00,0.000000000000000000e+00,0.000000000000000000e+00,0.000000000000000000e+00,0.000000000000000000e+00,0.000000000000000000e+00,0.000000000000000000e+00,0.000000000000000000e+00,0.000000000000000000e+00,0.000000000000000000e+00,0.000000000000000000e+00,0.000000000000000000e+00,0.000000000000000000e+00,0.000000000000000000e+00,0.000000000000000000e+00,0.000000000000000000e+00,0.000000000000000000e+00,0.000000000000000000e+00,0.000000000000000000e+00,0.000000000000000000e+00,0.000000000000000000e+00,0.000000000000000000e+00,0.000000000000000000e+00,0.000000000000000000e+00,0.000000000000000000e+00,0.000000000000000000e+00,0.000000000000000000e+00,0.000000000000000000e+00,0.000000000000000000e+00,0.000000000000000000e+00,0.000000000000000000e+00,0.000000000000000000e+00,0.000000000000000000e+00,0.000000000000000000e+00,0.000000000000000000e+00,0.000000000000000000e+00,0.000000000000000000e+00,0.000000000000000000e+00,0.000000000000000000e+00,0.000000000000000000e+00,0.000000000000000000e+00,0.000000000000000000e+00,0.000000000000000000e+00,0.000000000000000000e+00,0.000000000000000000e+00,0.000000000000000000e+00,0.000000000000000000e+00,0.000000000000000000e+00,0.000000000000000000e+00,0.000000000000000000e+00,0.000000000000000000e+00,0.000000000000000000e+00,0.000000000000000000e+00,0.000000000000000000e+00,0.000000000000000000e+00,0.000000000000000000e+00,0.000000000000000000e+00,0.000000000000000000e+00,0.000000000000000000e+00,0.000000000000000000e+00,0.000000000000000000e+00,0.000000000000000000e+00,0.000000000000000000e+00,0.000000000000000000e+00,0.000000000000000000e+00,0.000000000000000000e+00,0.000000000000000000e+00,0.000000000000000000e+00,0.000000000000000000e+00,0.000000000000000000e+00,0.000000000000000000e+00,0.000000000000000000e+00,0.000000000000000000e+00,0.000000000000000000e+00,0.000000000000000000e+00,0.000000000000000000e+00,0.000000000000000000e+00,0.000000000000000000e+00,0.000000000000000000e+00,0.000000000000000000e+00,0.000000000000000000e+00,0.000000000000000000e+00,0.000000000000000000e+00,0.000000000000000000e+00,0.000000000000000000e+00,0.000000000000000000e+00,0.000000000000000000e+00,0.000000000000000000e+00,0.000000000000000000e+00,0.000000000000000000e+00,0.000000000000000000e+00,0.000000000000000000e+00,0.000000000000000000e+00,0.000000000000000000e+00,0.000000000000000000e+00,0.000000000000000000e+00,0.000000000000000000e+00,0.000000000000000000e+00,0.000000000000000000e+00,0.000000000000000000e+00,0.000000000000000000e+00,0.000000000000000000e+00,0.000000000000000000e+00,0.000000000000000000e+00,0.000000000000000000e+00,0.000000000000000000e+00,0.000000000000000000e+00,0.000000000000000000e+00,0.000000000000000000e+00,0.000000000000000000e+00,0.000000000000000000e+00,0.000000000000000000e+00,0.000000000000000000e+00,0.000000000000000000e+00,0.000000000000000000e+00,0.000000000000000000e+00,0.000000000000000000e+00,0.000000000000000000e+00,0.000000000000000000e+00,0.000000000000000000e+00,0.000000000000000000e+00,0.000000000000000000e+00,0.000000000000000000e+00,0.000000000000000000e+00,0.000000000000000000e+00,0.000000000000000000e+00,0.000000000000000000e+00,0.000000000000000000e+00,0.000000000000000000e+00,0.000000000000000000e+00,0.000000000000000000e+00,0.000000000000000000e+00,0.000000000000000000e+00,0.000000000000000000e+00,0.000000000000000000e+00,0.000000000000000000e+00,0.000000000000000000e+00,0.000000000000000000e+00,0.000000000000000000e+00,0.000000000000000000e+00,0.000000000000000000e+00,0.000000000000000000e+00,0.000000000000000000e+00,0.000000000000000000e+00,0.000000000000000000e+00,0.000000000000000000e+00,0.000000000000000000e+00,0.000000000000000000e+00,0.000000000000000000e+00,0.000000000000000000e+00,0.000000000000000000e+00,0.000000000000000000e+00,0.000000000000000000e+00,0.000000000000000000e+00,0.000000000000000000e+00,0.000000000000000000e+00,0.000000000000000000e+00,0.000000000000000000e+00,0.000000000000000000e+00,0.000000000000000000e+00,0.000000000000000000e+00,0.000000000000000000e+00,0.000000000000000000e+00,0.000000000000000000e+00,0.000000000000000000e+00,0.000000000000000000e+00,0.000000000000000000e+00,0.000000000000000000e+00,0.000000000000000000e+00,0.000000000000000000e+00,-1.042833167270956724e-04,-1.095241605887737279e-04,-1.051266888930211965e-04,-8.940345769468918040e-05,-6.695445319189218577e-05,-4.280703455372130589e-05,-1.932075490631282309e-05,8.172475738540268716e-07,1.632392704365405391e-05,2.674357170380904734e-05,3.219343799939349704e-05,3.329016022652132899e-05,3.086508133957002487e-05,2.587995722258563732e-05,1.928023029185166066e-05,1.191137747008103036e-05,4.458465872828447814e-06,-2.575897663794112734e-06,-8.866266034053860664e-06,-1.424069459372005260e-05,-1.864733216043406875e-05,-2.212005043782706994e-05,-2.474744684093857104e-05,-2.664803258154737386e-05,-2.795218150368378613e-05,-2.878986300190312960e-05,-2.928309027732673220e-05,-2.954137542993880250e-05,-2.965928216153303521e-05,-2.971511134106822073e-05,-2.977048327334299967e-05,-2.987055275063527201e-05,-3.004491724459050858e-05,-3.030912514849537474e-05,-3.066675290016804696e-05,-3.111186381311987055e-05,-3.163168167182916140e-05,-3.220924692460625308e-05,-3.282588506060552506e-05,-3.346332484188235091e-05,-3.410538610997274273e-05,-3.473918414325078525e-05,-3.535586553699316824e-05,-3.595090517579303693e-05,-3.652403608079720883e-05,-3.707888036308402740e-05,-3.762237005721742668e-05,-3.816403048756122218e-05,-3.871520554516056782e-05,-3.928828227055191719e-05,-3.989597149758424601e-05,-4.055067832528688710e-05,-4.126399238622676437e-05,-4.204630666391369467e-05,-4.290656897123788701e-05,-4.385215198147862382e-05,-4.488882341632884255e-05,-4.602078335981098852e-05,-4.725073285980607431e-05,-4.857992803598155517e-05,-5.000817478911884716e-05,-5.153371666775320763e-05,-5.315297716274765814e-05,-5.486012737680922766e-05,-5.664647252669107401e-05,-5.849967847130051407e-05,-6.040290111006222794e-05,-6.233393009259183964e-05,-6.426451786112216897e-05,-6.616012640373905541e-05,-6.798038455836657870e-05,-6.968059411372948264e-05,-7.121464288629622682e-05,-7.253965819207491687e-05,-7.362264947545064150e-05,-7.444922578150310426e-05,-7.503422243685346901e-05,-7.543372784239282250e-05,-7.575757921241097100e-05,-7.618092606260910317e-05,-7.695299879149040956e-05,-7.840084645983293914e-05,-8.092562614000155708e-05,-8.498914982764735468e-05,-9.108893345068365768e-05,-9.972102196213289372e-05,-1.113313971732996557e-04,-1.262587230422349948e-04,-1.446733359838591176e-04,-1.665194049246087997e-04,-1.914686290606204110e-04,-2.188942426762905975e-04,-2.478730717584460446e-04,-2.772207623867131189e-04,-3.055612276435827330e-04,-3.314263577496870329e-04,-3.533769399775963283e-04,-3.701315160877407910e-04,-3.806874689165391660e-04,-3.844186346811476218e-04,-3.811365710910661112e-04,-3.711084772812368697e-04,-3.550336739034495783e-04,-3.339918213786320558e-04,-3.093869178211502264e-04,-2.829146651107170940e-04,-2.565644738738962101e-04,-2.326147310433154206e-04,-2.134789100768338715e-04,-2.011203697653096245e-04,-1.956325493270811915e-04,-1.926117837221721506e-04,-1.793573949753995522e-04,-1.310158980115685404e-04,-9.827344063970322173e-06,2.262804710137326643e-04,5.958377827650468937e-04,1.034478554790390411e-03,1.296753443171866707e-03,8.385314206194396675e-04
0.000000000000000000e+00,0.000000000000000000e+00,0.000000000000000000e+00,0.000000000000000000e+00,0.000000000000000000e+00,0.000000000000000000e+00,0.000000000000000000e+00,0.000000000000000000e+00,0.000000000000000000e+00,0.000000000000000000e+00,0.000000000000000000e+00,0.000000000000000000e+00,0.000000000000000000e+00,0.000000000000000000e+00,0.000000000000000000e+00,0.000000000000000000e+00,0.000000000000000000e+00,0.000000000000000000e+00,0.000000000000000000e+00,0.000000000000000000e+00,0.000000000000000000e+00,0.000000000000000000e+00,0.000000000000000000e+00,0.000000000000000000e+00,0.000000000000000000e+00,0.000000000000000000e+00,0.000000000000000000e+00,0.000000000000000000e+00,0.000000000000000000e+00,0.000000000000000000e+00,0.000000000000000000e+00,0.000000000000000000e+00,0.000000000000000000e+00,0.000000000000000000e+00,0.000000000000000000e+00,0.000000000000000000e+00,0.000000000000000000e+00,0.000000000000000000e+00,0.000000000000000000e+00,0.000000000000000000e+00,0.000000000000000000e+00,0.000000000000000000e+00,0.000000000000000000e+00,0.000000000000000000e+00,0.000000000000000000e+00,0.000000000000000000e+00,0.000000000000000000e+00,0.000000000000000000e+00,0.000000000000000000e+00,0.000000000000000000e+00,0.000000000000000000e+00,0.000000000000000000e+00,0.000000000000000000e+00,0.000000000000000000e+00,0.000000000000000000e+00,0.000000000000000000e+00,0.000000000000000000e+00,0.000000000000000000e+00,0.000000000000000000e+00,0.000000000000000000e+00,0.000000000000000000e+00,0.000000000000000000e+00,0.000000000000000000e+00,0.000000000000000000e+00,0.000000000000000000e+00,0.000000000000000000e+00,0.000000000000000000e+00,0.000000000000000000e+00,0.000000000000000000e+00,0.000000000000000000e+00,0.000000000000000000e+00,0.000000000000000000e+00,0.000000000000000000e+00,0.000000000000000000e+00,0.000000000000000000e+00,0.000000000000000000e+00,0.000000000000000000e+00,0.000000000000000000e+00,0.000000000000000000e+00,0.000000000000000000e+00,0.000000000000000000e+00,0.000000000000000000e+00,0.000000000000000000e+00,0.000000000000000000e+00,0.000000000000000000e+00,0.000000000000000000e+00,0.000000000000000000e+00,0.000000000000000000e+00,0.000000000000000000e+00,0.000000000000000000e+00,0.000000000000000000e+00,0.000000000000000000e+00,0.000000000000000000e+00,0.000000000000000000e+00,0.000000000000000000e+00,0.000000000000000000e+00,0.000000000000000000e+00,0.000000000000000000e+00,0.000000000000000000e+00,0.000000000000000000e+00,0.000000000000000000e+00,0.000000000000000000e+00,0.000000000000000000e+00,0.000000000000000000e+00,0.000000000000000000e+00,0.000000000000000000e+00,0.000000000000000000e+00,0.000000000000000000e+00,0.000000000000000000e+00,0.000000000000000000e+00,0.000000000000000000e+00,0.000000000000000000e+00,0.000000000000000000e+00,0.000000000000000000e+00,0.000000000000000000e+00,0.000000000000000000e+00,0.000000000000000000e+00,0.000000000000000000e+00,0.000000000000000000e+00,0.000000000000000000e+00,0.000000000000000000e+00,0.000000000000000000e+00,0.000000000000000000e+00,0.000000000000000000e+00,0.000000000000000000e+00,0.000000000000000000e+00,0.000000000000000000e+00,0.000000000000000000e+00,0.000000000000000000e+00,0.000000000000000000e+00,0.000000000000000000e+00,0.000000000000000000e+00,0.000000000000000000e+00,0.000000000000000000e+00,0.000000000000000000e+00,0.000000000000000000e+00,0.000000000000000000e+00,0.000000000000000000e+00,0.000000000000000000e+00,0.000000000000000000e+00,0.000000000000000000e+00,0.000000000000000000e+00,0.000000000000000000e+00,0.000000000000000000e+00,0.000000000000000000e+00,0.000000000000000000e+00,0.000000000000000000e+00,0.000000000000000000e+00,0.000000000000000000e+00,0.000000000000000000e+00,0.000000000000000000e+00,0.000000000000000000e+00,0.000000000000000000e+00,0.000000000000000000e+00,0.000000000000000000e+00,0.000000000000000000e+00,0.000000000000000000e+00,0.000000000000000000e+00,0.000000000000000000e+00,0.000000000000000000e+00,0.000000000000000000e+00,0.000000000000000000e+00,0.000000000000000000e+00,0.000000000000000000e+00,0.000000000000000000e+00,0.000000000000000000e+00,0.000000000000000000e+00,0.000000000000000000e+00,0.000000000000000000e+00,0.000000000000000000e+00,0.000000000000000000e+00,0.000000000000000000e+00,0.000000000000000000e+00,0.000000000000000000e+00,0.000000000000000000e+00,0.000000000000000000e+00,0.000000000000000000e+00,0.000000000000000000e+00,0.000000000000000000e+00,0.000000000000000000e+00,-8.590241897867452730e-05,-1.085992861910215190e-04,-1.100665496483986810e-04,-9.816116484095625783e-05,-7.955900554503249323e-05,-5.545358907087257183e-05,-3.092500676747163984e-05,-8.826477916139373388e-06,9.164734617217704622e-06,2.209865398773272661e-05,2.996866695351398783e-05,3.313858033836019934e-05,3.235843082814695226e-05,2.854957603372979680e-05,2.268423530890765189e-05,1.566828380470220523e-05,8.265521231777279293e-06,1.060467544084989649e-06,-5.547285126273378890e-06,-1.132318869996184492e-05,-1.616677294929356380e-05,-2.007601886645464512e-05,-2.311448557865249863e-05,-2.538434804825057608e-05,-2.700610946145044788e-05,-2.810498020779798650e-05,-2.880202278522225602e-05,-2.920898540673251239e-05,-2.942511951481639913e-05,-2.953537857173662944e-05,-2.960932706886936744e-05,-2.970075942244492593e-05,-2.984793848939428822e-05,-3.007454712364864656e-05,-3.039128269750122593e-05,-3.079799920097375522e-05,-3.128620161014386103e-05,-3.184167584279204509e-05,-3.244704575927031111e-05,-3.308407331260166648e-05,-3.373558454462658503e-05,-3.438694032052866200e-05,-3.502704065236619341e-05,-3.564887161710272732e-05,-3.624965365497991314e-05,-3.683064938412246889e-05,-3.739671744028343027e-05,-3.795568336934702257e-05,-3.851761152432234113e-05,-3.909403885846976843e-05,-3.969723518541145224e-05,-4.033952939459063214e-05,-4.103274020508595544e-05,-4.178772640149095818e-05,-4.261406888159736158e-05,-4.351987631454081032e-05,-4.451170337696890722e-05,-4.559455371750140645e-05,-4.677193772983857974e-05,-4.804594275708650006e-05,-4.941727364613142121e-05,-5.088521533155359119e-05,-5.244747512042075016e-05,-5.409986630148779169e-05,-5.583581190274535525e-05,-5.764566746056863471e-05,-5.951589649499153240e-05,-6.142817360221053738e-05,-6.335854530062392229e-05,-6.527683876920979840e-05,-6.714657464340768433e-05,-6.892569875704671241e-05,-7.056849206969990700e-05,-7.202902881646661235e-05,-7.326651567484458131e-05,-7.425273753526225333e-05,-7.498164385600181810e-05,-7.548082032405731485e-05,-7.582420577267411207e-05,-7.614494950173772750e-05,-7.664680056847038682e-05,-7.761194336612696823e-05,-7.940283773092534291e-05,-8.245550193524444878e-05,-8.726191967720575932e-05,-9.433996938456212962e-05,-1.041905348466312209e-04,-1.172432456998498992e-04,-1.337944832981685889e-04,-1.539435978507138945e-04,-1.775353076274063639e-04,-2.041174899533865889e-04,-2.329235314235896827e-04,-2.628867202271553574e-04,-2.926907560851718117e-04,-3.208556240355249587e-04,-3.458525280773707398e-04,-3.662362999775077674e-04,-3.807797652776848986e-04,-3.885929074710139106e-04,-3.892110198423707318e-04,-3.826408419897795029e-04,-3.693621855565511680e-04,-3.502943395594902980e-04,-3.267491831911571612e-04,-3.003997094081442836e-04,-2.732805046296380293e-04,-2.477871956359901191e-04,-2.265392231772064998e-04,-2.118200452169501536e-04,-2.041666881680098103e-04,-1.996850671787770912e-04,-1.860609599481957666e-04,-1.383463349574893099e-04,-1.774789629971453006e-05,2.200516497466642116e-04,5.965069816282780229e-04,1.048492951981426025e-03,1.324730650633952189e-03,8.599919840492853624e-04
0.000000000000000000e+00,0.000000000000000000e+00,0.000000000000000000e+00,0.000000000000000000e+00,0.000000000000000000e+00,0.000000000000000000e+00,0.000000000000000000e+00,0.000000000000000000e+00,0.000000000000000000e+00,0.000000000000000000e+00,0.000000000000000000e+00,0.000000000000000000e+00,0.000000000000000000e+00,0.000000000000000000e+00,0.000000000000000000e+00,0.000000000000000000e+00,0.000000000000000000e+00,0.000000000000000000e+00,0.000000000000000000e+00,0.000000000000000000e+00,0.000000000000000000e+00,0.000000000000000000e+00,0.000000000000000000e+00,0.000000000000000000e+00,0.000000000000000000e+00,0.000000000000000000e+00,0.000000000000000000e+00,0.000000000000000000e+00,0.000000000000000000e+00,0.000000000000000000e+00,0.000000000000000000e+00,0.000000000000000000e+00,0.000000000000000000e+00,0.000000000000000000e+00,0.000000000000000000e+00,0.000000000000000000e+00,0.000000000000000000e+00,0.000000000000000000e+00,0.000000000000000000e+00,0.000000000000000000e+00,0.000000000000000000e+00,0.000000000000000000e+00,0.000000000000000000e+00,0.000000000000000000e+00,0.000000000000000000e+00,0.000000000000000000e+00,0.000000000000000000e+00,0.000000000000000000e+00,0.000000000000000000e+00,0.000000000000000000e+00,0.000000000000000000e+00,0.000000000000000000e+00,0.000000000000000000e+00,0.000000000000000000e+00,0.000000000000000000e+00,0.000000000000000000e+00,0.000000000000000000e+00,0.000000000000000000e+00,0.000000000000000000e+00,0.000000000000000000e+00,0.000000000000000000e+00,0.000000000000000000e+00,0.000000000000000000e+00,0.000000000000000000e+00,0.000000000000000000e+00,0.000000000000000000e+00,0.000000000000000000e+00,0.000000000000000000e+00,0.000000000000000000e+00,0.000000000000000000e+00,0.000000000000000000e+00,0.000000000000000000e+00,0.000000000000000000e+00,0.000000000000000000e+00,0.000000000000000000e+00,0.000000000000000000e+00,0.000000000000000000e+00,0.000000000000000000e+00,0.000000000000000000e+00,0.000000000000000000e+00,0.000000000000000000e+00,0.000000000000000000e+00,0.000000000000000000e+00,0.000000000000000000e+00,0.000000000000000000e+00,0.000000000000000000e+00,0.000000000000000000e+00,0.000000000000000000e+00,0.000000000000000000e+00,0.000000000000000000e+00,0.000000000000000000e+00,0.000000000000000000e+00,0.000000000000000000e+00,0.000000000000000000e+00,0.000000000000000000e+00,0.000000000000000000e+00,0.000000000000000000e+00,0.000000000000000000e+00,0.000000000000000000e+00,0.000000000000000000e+00,0.000000000000000000e+00,0.000000000000000000e+00,0.000000000000000000e+00,0.000000000000000000e+00,0.000000000000000000e+00,0.000000000000000000e+00,0.000000000000000000e+00,0.000000000000000000e+00,0.000000000000000000e+00,0.000000000000000000e+00,0.000000000000000000e+00,0.000000000000000000e+00,0.000000000000000000e+00,0.000000000000000000e+00,0.000000000000000000e+00,0.000000000000000000e+00,0.000000000000000000e+00,0.000000000000000000e+00,0.000000000000000000e+00,0.000000000000000000e+00,0.000000000000000000e+00,0.000000000000000000e+00,0.000000000000000000e+00,0.000000000000000000e+00,0.000000000000000000e+00,0.000000000000000000e+00,0.000000000000000000e+00,0.000000000000000000e+00,0.000000000000000000e+00,0.000000000000000000e+00,0.000000000000000000e+00,0.000000000000000000e+00,0.000000000000000000e+00,0.000000000000000000e+00,0.000000000000000000e+00,0.000000000000000000e+00,0.000000000000000000e+00,0.000000000000000000e+00,0.000000000000000000e+00,0.000000000000000000e+00,0.000000000000000000e+00,0.000000000000000000e+00,0.000000000000000000e+00,0.000000000000000000e+00,0.000000000000000000e+00,0.000000000000000000e+00,0.000000000000000000e+00,0.000000000000000000e+00,0.000000000000000000e+00,0.000000000000000000e+00,0.000000000000000000e+00,0.000000000000000000e+00,0.000000000000000000e+00,0.000000000000000000e+00,0.000000000000000000e+00,0.000000000000000000e+00,0.000000000000000000e+00,0.000000000000000000e+00,0.000000000000000000e+00,0.000000000000000000e+00,0.000000000000000000e+00,0.000000000000000000e+00,0.000000000000000000e+00,0.000000000000000000e+00,0.000000000000000000e+00,0.000000000000000000e+00,0.000000000000000000e+00,0.000000000000000000e+00,0.000000000000000000e+00,0.000000000000000000e+00,0.000000000000000000e+00,0.000000000000000000e+00,0.000000000000000000e+00,0.000000000000000000e+00,0.000000000000000000e+00,0.000000000000000000e+00,0.000000000000000000e+00,0.000000000000000000e+00,0.000000000000000000e+00,0.000000000000000000e+00,0.000000000000000000e+00,-1.013211966105677798e-04,-1.059009938573935854e-04,-1.063475463808160015e-04,-9.078587405913303345e-05,-6.808458771691034295e-05,-4.321410944489289651e-05,-1.938500437481223079e-05,7.130646679618852640e-07,1.620493743121551779e-05,2.656872419079124494e-05,3.199193001577994920e-05,3.306413602060969997e-05,3.064517877521075607e-05,2.571063254899961224e-05,1.921564525899940480e-05,1.199981377817588944e-05,4.728489722038897773e-06,-2.120502708434135665e-06,-8.246566264523864863e-06,-1.349629375638091884e-05,-1.782800318682820144e-05,-2.127711912676316492e-05,-2.392647088445636378e-05,-2.588425222211718975e-05,-2.726831648571789585e-05,-2.819650804994906402e-05,-2.878051228027952559e-05,-2.912234261090308792e-05,-2.931193101116708364e-05,-2.942560491378592237e-05,-2.952503600824533502e-05,-2.965687773440322462e-05,-2.985305862852472754e-05,-3.013185080363576157e-05,-3.049957870118574405e-05,-3.095285282257866739e-05,-3.148107453613820610e-05,-3.206901232033648356e-05,-3.269922191696483885e-05,-3.335417327723234481e-05,-3.401796431061970767e-05,-3.467758801086042131e-05,-3.532373494360545205e-05,-3.595117559885888759e-05,-3.655876644282254326e-05,-3.714916143750520919e-05,-3.772829591955468399e-05,-3.830472934040228593e-05,-3.888891010389763762e-05,-3.949243369364885181e-05,-4.012733905896029432e-05,-4.080548987956121891e-05,-4.153806203383471481e-05,-4.233515753551988744e-05,-4.320554295379280357e-05,-4.415650852129345596e-05,-4.519382569943892927e-05,-4.632177944138140489e-05,-4.754323712119502279e-05,-4.885971602401709021e-05,-5.027140230706159997e-05,-5.177707821405653111e-05,-5.337391365538704318e-05,-5.505709080676884757e-05,-5.681924342800376688e-05,-5.864972047111459896e-05,-6.053371663457819517e-05,-6.245136121369892796e-05,-6.437691180501591210e-05,-6.627826580888007907e-05,-6.811706818375333320e-05,-6.984975500637380114e-05,-7.142991107611295970e-05,-7.281232349111438221e-05,-7.395905844386997045e-05,-7.484775841728095959e-05,-7.548213110142289672e-05,-7.590427213768923854e-05,-7.620803240049285132e-05,-7.655213207885594440e-05,-7.717118582594815893e-05,-7.838231619487946592e-05,-8.058470374187063148e-05,-8.424938349914030727e-05,-8.989698424811915856e-05,-9.806203437740757477e-05,-1.092439797541130557e-04,-1.238471283281534780e-04,-1.421141647287003950e-04,-1.640603210619273134e-04,-1.894172602888351015e-04,-2.175966676850186511e-04,-2.476829402886350853e-04,-2.784619043428034177e-04,-3.084882173831473358e-04,-3.361885095533347621e-04,-3.599912853529034051e-04,-3.784693019112205631e-04,-3.904767508388791962e-04,-3.952631291305684614e-04,-3.925489953696882531e-04,-3.825564226851033774e-04,-3.659987978199903853e-04,-3.440486770520608559e-04,-3.183123245148200835e-04,-2.908319348693096996e-04,-2.640910551286665409e-04,-2.408956834179742338e-04,-2.238434248593697631e-04,-2.139288607980070138e-04,-2.078084566095634461e-04,-1.936231027876407843e-04,-1.464107749097588946e-04,-2.639804381976763224e-05,2.130080799218107238e-04,5.963432692012096562e-04,1.061962069405271306e-03,1.352823135611596781e-03,8.819208065780557689e-04
0.000000000000000000e+00,0.000000000000000000e+00,0.000000000000000000e+00,0.000000000000000000e+00,0.000000000000000000e+00,0.000000000000000000e+00,0.000000000000000000e+00,0.000000000000000000e+00,0.000000000000000000e+00,0.000000000000000000e+00,0.000000000000000000e+00,0.000000000000000000e+00,0.000000000000000000e+00,0.000000000000000000e+00,0.000000000000000000e+00,0.000000000000000000e+00,0.000000000000000000e+00,0.000000000000000000e+00,0.000000000000000000e+00,0.000000000000000000e+00,0.000000000000000000e+00,0.000000000000000000e+00,0.000000000000000000e+00,0.000000000000000000e+00,0.000000000000000000e+00,0.000000000000000000e+00,0.000000000000000000e+00,0.000000000000000000e+00,0.000000000000000000e+00,0.000000000000000000e+00,0.000000000000000000e+00,0.000000000000000000e+00,0.000000000000000000e+00,0.000000000000000000e+00,0.000000000000000000e+00,0.000000000000000000e+00,0.000000000000000000e+00,0.000000000000000000e+00,0.000000000000000000e+00,0.000000000000000000e+00,0.000000000000000000e+00,0.000000000000000000e+00,0.000000000000000000e+00,0.000000000000000000e+00,0.000000000000000000e+00,0.000000000000000000e+00,0.000000000000000000e+00,0.000000000000000000e+00,0.000000000000000000e+00,0.000000000000000000e+00,0.000000000000000000e+00,0.000000000000000000e+00,0.000000000000000000e+00,0.000000000000000000e+00,0.000000000000000000e+00,0.000000000000000000e+00,0.000000000000000000e+00,0.000000000000000000e+00,0.000000000000000000e+00,0.000000000000000000e+00,0.000000000000000000e+00,0.000000000000000000e+00,0.000000000000000000e+00,0.000000000000000000e+00,0.000000000000000000e+00,0.000000000000000000e+00,0.000000000000000000e+00,0.000000000000000000e+00,0.000000000000000000e+00,0.000000000000000000e+00,0.000000000000000000e+00,0.000000000000000000e+00,0.000000000000000000e+00,0.000000000000000000e+00,0.000000000000000000e+00,0.000000000000000000e+00,0.000000000000000000e+00,0.000000000000000000e+00,0.000000000000000000e+00,0.000000000000000000e+00,0.000000000000000000e+00,0.000000000000000000e+00,0.000000000000000000e+00,0.000000000000000000e+00,0.000000000000000000e+00,0.000000000000000000e+00,0.000000000000000000e+00,0.000000000000000000e+00,0.000000000000000000e+00,0.000000000000000000e+00,0.000000000000000000e+00,0.000000000000000000e+00,0.000000000000000000e+00,0.000000000000000000e+00,0.000000000000000000e+00,0.000000000000000000e+00,0.000000000000000000e+00,0.000000000000000000e+00,0.000000000000000000e+00,0.000000000000000000e+00,0.000000000000000000e+00,0.000000000000000000e+00,0.000000000000000000e+00,0.000000000000000000e+00,0.000000000000000000e+00,0.000000000000000000e+00,0.000000000000000000e+00,0.000000000000000000e+00,0.000000000000000000e+00,0.000000000000000000e+00,0.000000000000000000e+00,0.000000000000000000e+00,0.000000000000000000e+00,0.000000000000000000e+00,0.000000000000000000e+00,0.000000000000000000e+00,0.000000000000000000e+00,0.000000000000000000e+00,0.000000000000000000e+00,0.000000000000000000e+00,0.000000000000000000e+00,0.000000000000000000e+00,0.000000000000000000e+00,0.000000000000000000e+00,0.000000000000000000e+00,0.000000000000000000e+00,0.000000000000000000e+00,0.000000000000000000e+00,0.000000000000000000e+00,0.000000000000000000e+00,0.000000000000000000e+00,0.000000000000000000e+00,0.000000000000000000e+00,0.000000000000000000e+00,0.000000000000000000e+00,0.000000000000000000e+00,0.000000000000000000e+00,0.000000000000000000e+00,0.000000000000000000e+00,0.000000000000000000e+00,0.000000000000000000e+00,0.000000000000000000e+00,0.000000000000000000e+00,0.000000000000000000e+00,0.000000000000000000e+00,0.000000000000000000e+00,0.000000000000000000e+00,0.000000000000000000e+00,0.000000000000000000e+00,0.000000000000000000e+00,0.000000000000000000e+00,0.000000000000000000e+00,0.000000000000000000e+00,0.000000000000000000e+00,0.000000000000000000e+00,0.000000000000000000e+00,0.000000000000000000e+00,0.000000000000000000e+00,0.000000000000000000e+00,0.000000000000000000e+00,0.000000000000000000e+00,0.000000000000000000e+00,0.000000000000000000e+00,0.000000000000000000e+00,0.000000000000000000e+00,0.000000000000000000e+00,0.000000000000000000e+00,0.000000000000000000e+00,0.000000000000000000e+00,0.000000000000000000e+00,0.000000000000000000e+00,0.000000000000000000e+00,0.000000000000000000e+00,0.000000000000000000e+00,0.000000000000000000e+00,0.000000000000000000e+00,0.000000000000000000e+00,0.000000000000000000e+00,0.000000000000000000e+00,0.000000000000000000e+00,0.000000000000000000e+00,-8.066052277851693138e-05,-1.022462559885303643e-04,-1.105338599936270591e-04,-1.004097267075768258e-04,-8.043166928005263268e-05,-5.537270850336066676e-05,-3.095080642092465947e-05,-8.843485479691391978e-06,9.044682948512472261e-06,2.195219438769030023e-05,2.977274677450030598e-05,3.289346325004952488e-05,3.207610411962401727e-05,2.827270269853935394e-05,2.247738509826784122e-05,1.559462516868097000e-05,8.373047436623501635e-06,1.369250151305489924e-06,-5.045571599317815675e-06,-1.066102447737157285e-05,-1.539233081914245324e-05,-1.924332923771465538e-05,-2.227520199823745852e-05,-2.458120310401576037e-05,-2.626977361076453132e-05,-2.745312936632410340e-05,-2.824078679335844882e-05,-2.873535264948284590e-05,-2.902995648450096663e-05,-2.920617823828991570e-05,-2.933255449518647087e-05,-2.946353255012325491e-05,-2.963915166251081604e-05,-2.988547870771113873e-05,-3.021583019714796373e-05,-3.063263239421859632e-05,-3.112972163161631948e-05,-3.169484934527417772e-05,-3.231215991674298623e-05,-3.296446502052143669e-05,-3.363517005043447353e-05,-3.430978648682802895e-05,-3.497698888616998384e-05,-3.562923968499382430e-05,-3.626301107213803361e-05,-3.687867589081343222e-05,-3.748012919204622142e-05,-3.807422609265366108e-05,-3.867010078843667261e-05,-3.927844254497670358e-05,-3.991077901153799822e-05,-4.057882049792024739e-05,-4.129389320972020304e-05,-4.206648913276497863e-05,-4.290593719010606197e-05,-4.382019883191384167e-05,-4.481577186068278097e-05,-4.589768487553844747e-05,-4.706954936056257391e-05,-4.833363595479844523e-05,-4.969093065763497514e-05,-5.114112889809934451e-05,-5.268252128768421017e-05,-5.431173346154220924e-05,-5.602328952831428266e-05,-5.780898988347640924e-05,-5.965711912402938826e-05,-6.155154070232382384e-05,-6.347078303153154248e-05,-6.538728430426680408e-05,-6.726702987166052934e-05,-6.906988643607069034e-05,-7.075099564328808297e-05,-7.226362600777102066e-05,-7.356387354001595708e-05,-7.461753018715961783e-05,-7.540928029696027991e-05,-7.595412364893517807e-05,-7.631054797865865786e-05,-7.659449381298910826e-05,-7.699259846375541068e-05,-7.777263612053557330e-05,-7.928857931669878274e-05,-8.197742021001937327e-05,-8.634495361830647102e-05,-9.293828517296257930e-05,-1.023039989209391972e-04,-1.149327345516730985e-04,-1.311932931177906892e-04,-1.512620576798786578e-04,-1.750560516651911266e-04,-2.021797950987021318e-04,-2.318966419009716026e-04,-2.631339796015096403e-04,-2.945283141841601978e-04,-3.245110503025902559e-04,-3.514294079936003293e-04,-3.736905122608120381e-04,-3.899115972513728708e-04,-3.990568260752215828e-04,-4.005426300630854602e-04,-3.942996619902801661e-04,-3.807907865442066017e-04,-3.609995267187861311e-04,-3.364161908782417870e-04,-3.090460490916679005e-04,-2.814233899236164450e-04,-2.565132425764929522e-04,-2.372136182412911765e-04,-2.249841363197887492e-04,-2.170692906644802961e-04,-2.021352372913442228e-04,-1.552939027142097306e-04,-3.585623126586912280e-05,2.050676439185320952e-04,5.952515712926503225e-04,1.074785253521916544e-03,1.380958240405036862e-03,9.043042600980004094e-04
0.000000000000000000e+00,0.000000000000000000e+00,0.000000000000000000e+00,0.000000000000000000e+00,0.000000000000000000e+00,0.000000000000000000e+00,0.000000000000000000e+00,0.000000000000000000e+00,0.000000000000000000e+00,0.000000000000000000e+00,0.000000000000000000e+00,0.000000000000000000e+00,0.000000000000000000e+00,0.000000000000000000e+00,0.000000000000000000e+00,0.000000000000000000e+00,0.000000000000000000e+00,0.000000000000000000e+00,0.000000000000000000e+00,0.000000000000000000e+00,0.000000000000000000e+00,0.000000000000000000e+00,0.000000000000000000e+00,0.000000000000000000e+00,0.000000000000000000e+00,0.000000000000000000e+00,0.000000000000000000e+00,0.000000000000000000e+00,0.000000000000000000e+00,0.000000000000000000e+00,0.000000000000000000e+00,0.000000000000000000e+00,0.000000000000000000e+00,0.000000000000000000e+00,0.000000000000000000e+00,0.000000000000000000e+00,0.000000000000000000e+00,0.000000000000000000e+00,0.000000000000000000e+00,0.000000000000000000e+00,0.000000000000000000e+00,0.000000000000000000e+00,0.000000000000000000e+00,0.000000000000000000e+00,0.000000000000000000e+00,0.000000000000000000e+00,0.000000000000000000e+00,0.000000000000000000e+00,0.000000000000000000e+00,0.000000000000000000e+00,0.000000000000000000e+00,0.000000000000000000e+00,0.000000000000000000e+00,0.000000000000000000e+00,0.000000000000000000e+00,0.000000000000000000e+00,0.000000000000000000e+00,0.000000000000000000e+00,0.000000000000000000e+00,0.000000000000000000e+00,0.000000000000000000e+00,0.000000000000000000e+00,0.000000000000000000e+00,0.000000000000000000e+00,0.000000000000000000e+00,0.000000000000000000e+00,0.000000000000000000e+00,0.000000000000000000e+00,0.000000000000000000e+00,0.000000000000000000e+00,0.000000000000000000e+00,0.000000000000000000e+00,0.000000000000000000e+00,0.000000000000000000e+00,0.000000000000000000e+00,0.000000000000000000e+00,0.000000000000000000e+00,0.000000000000000000e+00,0.000000000000000000e+00,0.000000000000000000e+00,0.000000000000000000e+00,0.000000000000000000e+00,0.000000000000000000e+00,0.000000000000000000e+00,0.000000000000000000e+00,0.000000000000000000e+00,0.000000000000000000e+00,0.000000000000000000e+00,0.000000000000000000e+00,0.000000000000000000e+00,0.000000000000000000e+00,0.000000000000000000e+00,0.000000000000000000e+00,0.000000000000000000e+00,0.000000000000000000e+00,0.000000000000000000e+00,0.000000000000000000e+00,0.000000000000000000e+00,0.000000000000000000e+00,0.000000000000000000e+00,0.000000000000000000e+00,0.000000000000000000e+00,0.000000000000000000e+00,0.000000000000000000e+00,0.000000000000000000e+00,0.000000000000000000e+00,0.000000000000000000e+00,0.000000000000000000e+00,0.000000000000000000e+00,0.000000000000000000e+00,0.000000000000000000e+00,0.000000000000000000e+00,0.000000000000000000e+00,0.000000000000000000e+00,0.000000000000000000e+00,0.000000000000000000e+00,0.000000000000000000e+00,0.000000000000000000e+00,0.000000000000000000e+00,0.000000000000000000e+00,0.000000000000000000e+00,0.000000000000000000e+00,0.000000000000000000e+00,0.000000000000000000e+00,0.000000000000000000e+00,0.000000000000000000e+00,0.000000000000000000e+00,0.000000000000000000e+00,0.000000000000000000e+00,0.000000000000000000e+00,0.000000000000000000e+00,0.000000000000000000e+00,0.000000000000000000e+00,0.000000000000000000e+00,0.000000000000000000e+00,0.000000000000000000e+00,0.000000000000000000e+00,0.000000000000000000e+00,0.000000000000000000e+00,0.000000000000000000e+00,0.000000000000000000e+00,0.000000000000000000e+00,0.000000000000000000e+00,0.000000000000000000e+00,0.000000000000000000e+00,0.000000000000000000e+00,0.000000000000000000e+00,0.000000000000000000e+00,0.000000000000000000e+00,0.000000000000000000e+00,0.000000000000000000e+00,0.000000000000000000e+00,0.000000000000000000e+00,0.000000000000000000e+00,0.000000000000000000e+00,0.000000000000000000e+00,0.000000000000000000e+00,0.000000000000000000e+00,0.000000000000000000e+00,0.000000000000000000e+00,0.000000000000000000e+00,0.000000000000000000e+00,0.000000000000000000e+00,0.000000000000000000e+00,0.000000000000000000e+00,0.000000000000000000e+00,0.000000000000000000e+00,0.000000000000000000e+00,0.000000000000000000e+00,0.000000000000000000e+00,0.000000000000000000e+00,0.000000000000000000e+00,0.000000000000000000e+00,0.000000000000000000e+00,0.000000000000000000e+00,0.000000000000000000e+00,0.000000000000000000e+00,0.000000000000000000e+00,0.000000000000000000e+00,0.000000000000000000e+00,0.000000000000000000e+00,0.000000000000000000e+00,-8.581702915390300099e-05,-1.101707569834952662e-04,-1.083057863755983874e-04,-9.007695279871355337e-05,-6.783002043921757180e-05,-4.292301824762228749e-05,-1.937024715091774219e-05,6.698095819837051569e-07,1.610903590738089057e-05,2.642451653167524360e-05,3.176888503085700946e-05,3.275330075982734471e-05,3.028777622518000846e-05,2.537410102358085272e-05,1.898193988368601987e-05,1.193518977366730246e-05,4.872958576659258716e-06,-1.759690944783919926e-06,-7.691750783989797458e-06,-1.279090069014036138e-05,-1.702705705105416961e-05,-2.043674540520671478e-05,-2.309662608653684614e-05,-2.510340220137286720e-05,-2.656183674950999066e-05,-2.757698814848086503e-05,-2.825005159212136510e-05,-2.867530711131518497e-05,-2.893794596130490107e-05,-2.911202957348671755e-05,-2.925895375224895790e-05,-2.942643216365308856e-05,-2.964831869903760713e-05,-2.994523646503713865e-05,-3.032600150746744393e-05,-3.078961302964189394e-05,-3.132760985619239495e-05,-3.192652551236639620e-05,-3.257025353153661379e-05,-3.324214186157290840e-05,-3.392672547572069642e-05,-3.461102633881933406e-05,-3.528542270882886235e-05,-3.594409828389665310e-05,-3.658513085941737379e-05,-3.721027396960383037e-05,-3.782451367210410179e-05,-3.843546528611076771e-05,-3.905268864914574926e-05,-3.968697700107765469e-05,-4.034967909234748264e-05,-4.105208922349338644e-05,-4.180493980553047771e-05,-4.261800796804948298e-05,-4.349984603824085991e-05,-4.445762606337860042e-05,-4.549708677461593678e-05,-4.662255557289105918e-05,-4.783701703833376630e-05,-4.914218771732654434e-05,-5.053855768592848682e-05,-5.202535296973018978e-05,-5.360037822578868957e-05,-5.525970151570910313e-05,-5.699715825424527611e-05,-5.880366894796418698e-05,-6.066639799776452448e-05,-6.256782051270370557e-05,-6.448481976652599770e-05,-6.638800097623022065e-05,-6.824148014239636800e-05,-7.000347655567400575e-05,-7.162809743919007087e-05,-7.306873212988845173e-05,-7.428345428776690304e-05,-7.524273698006816785e-05,-7.593959689270810410e-05,-7.640197955546751743e-05,-7.670677275685170641e-05,-7.699430044093264576e-05,-7.748154541704715091e-05,-7.847174793462688566e-05,-8.035754050723363268e-05,-8.361455013817698672e-05,-8.878259193011156644e-05,-9.643234759634753957e-05,-1.071168761372071049e-04,-1.213094469602669614e-04,-1.393318722035586429e-04,-1.612804082929280051e-04,-1.869588735762409213e-04,-2.158302330734190432e-04,-2.469978728882627492e-04,-2.792256381082085497e-04,-3.110013259959586206e-04,-3.406421139962268960e-04,-3.664333126662799043e-04,-3.867852438066845351e-04,-4.003885406724027392e-04,-4.063473271103816868e-04,-4.042739640798570402e-04,-3.943392290752159427e-04,-3.772870957269241305e-04,-3.544385441196350878e-04,-3.277107965625780965e-04,-2.996435950056984565e-04,-2.733245793535472607e-04,-2.519294102038615126e-04,-2.373821687508533094e-04,-2.275476835687228203e-04,-2.116877118872422241e-04,-1.650830752366049285e-04,-4.620567018648130496e-05,1.961415012377140589e-04,5.931271866285456676e-04,1.086849113598645439e-03,1.409050660511215834e-03,9.271234249252664891e-04
0.000000000000000000e+00,0.000000000000000000e+00,0.000000000000000000e+00,0.000000000000000000e+00,0.000000000000000000e+00,0.000000000000000000e+00,0.000000000000000000e+00,0.000000000000000000e+00,0.000000000000000000e+00,0.000000000000000000e+00,0.000000000000000000e+00,0.000000000000000000e+00,0.000000000000000000e+00,0.000000000000000000e+00,0.000000000000000000e+00,0.000000000000000000e+00,0.000000000000000000e+00,0.000000000000000000e+00,0.000000000000000000e+00,0.000000000000000000e+00,0.000000000000000000e+00,0.000000000000000000e+00,0.000000000000000000e+00,0.000000000000000000e+00,0.000000000000000000e+00,0.000000000000000000e+00,0.000000000000000000e+00,0.000000000000000000e+00,0.000000000000000000e+00,0.000000000000000000e+00,0.000000000000000000e+00,0.000000000000000000e+00,0.000000000000000000e+00,0.000000000000000000e+00,0.000000000000000000e+00,0.000000000000000000e+00,0.000000000000000000e+00,0.000000000000000000e+00,0.000000000000000000e+00,0.000000000000000000e+00,0.000000000000000000e+00,0.000000000000000000e+00,0.000000000000000000e+00,0.000000000000000000e+00,0.000000000000000000e+00,0.000000000000000000e+00,0.000000000000000000e+00,0.000000000000000000e+00,0.000000000000000000e+00,0.000000000000000000e+00,0.000000000000000000e+00,0.000000000000000000e+00,0.000000000000000000e+00,0.000000000000000000e+00,0.000000000000000000e+00,0.000000000000000000e+00,0.000000000000000000e+00,0.000000000000000000e+00,0.000000000000000000e+00,0.000000000000000000e+00,0.000000000000000000e+00,0.000000000000000000e+00,0.000000000000000000e+00,0.000000000000000000e+00,0.000000000000000000e+00,0.000000000000000000e+00,0.000000000000000000e+00,0.000000000000000000e+00,0.000000000000000000e+00,0.000000000000000000e+00,0.000000000000000000e+00,0.000000000000000000e+00,0.000000000000000000e+00,0.000000000000000000e+00,0.000000000000000000e+00,0.000000000000000000e+00,0.000000000000000000e+00,0.000000000000000000e+00,0.000000000000000000e+00,0.000000000000000000e+00,0.000000000000000000e+00,0.000000000000000000e+00,0.000000000000000000e+00,0.000000000000000000e+00,0.000000000000000000e+00,0.000000000000000000e+00,0.000000000000000000e+00,0.000000000000000000e+00,0.000000000000000000e+00,0.000000000000000000e+00,0.000000000000000000e+00,0.000000000000000000e+00,0.000000000000000000e+00,0.000000000000000000e+00,0.000000000000000000e+00,0.000000000000000000e+00,0.000000000000000000e+00,0.000000000000000000e+00,0.000000000000000000e+00,0.000000000000000000e+00,0.000000000000000000e+00,0.000000000000000000e+00,0.000000000000000000e+00,0.000000000000000000e+00,0.000000000000000000e+00,0.000000000000000000e+00,0.000000000000000000e+00,0.000000000000000000e+00,0.000000000000000000e+00,0.000000000000000000e+00,0.000000000000000000e+00,0.000000000000000000e+00,0.000000000000000000e+00,0.000000000000000000e+00,0.000000000000000000e+00,0.000000000000000000e+00,0.000000000000000000e+00,0.000000000000000000e+00,0.000000000000000000e+00,0.000000000000000000e+00,0.000000000000000000e+00,0.000000000000000000e+00,0.000000000000000000e+00,0.000000000000000000e+00,0.000000000000000000e+00,0.000000000000000000e+00,0.000000000000000000e+00,0.000000000000000000e+00,0.000000000000000000e+00,0.000000000000000000e+00,0.000000000000000000e+00,0.000000000000000000e+00,0.000000000000000000e+00,0.000000000000000000e+00,0.000000000000000000e+00,0.000000000000000000e+00,0.000000000000000000e+00,0.000000000000000000e+00,0.000000000000000000e+00,0.000000000000000000e+00,0.000000000000000000e+00,0.000000000000000000e+00,0.000000000000000000e+00,0.000000000000000000e+00,0.000000000000000000e+00,0.000000000000000000e+00,0.000000000000000000e+00,0.000000000000000000e+00,0.000000000000000000e+00,0.000000000000000000e+00,0.000000000000000000e+00,0.000000000000000000e+00,0.000000000000000000e+00,0.000000000000000000e+00,0.000000000000000000e+00,0.000000000000000000e+00,0.000000000000000000e+00,0.000000000000000000e+00,0.000000000000000000e+00,0.000000000000000000e+00,0.000000000000000000e+00,0.000000000000000000e+00,0.000000000000000000e+00,0.000000000000000000e+00,0.000000000000000000e+00,0.000000000000000000e+00,0.000000000000000000e+00,0.000000000000000000e+00,0.000000000000000000e+00,0.000000000000000000e+00,0.000000000000000000e+00,0.000000000000000000e+00,0.000000000000000000e+00,0.000000000000000000e+00,0.000000000000000000e+00,0.000000000000000000e+00,0.000000000000000000e+00,0.000000000000000000e+00,0.000000000000000000e+00,0.000000000000000000e+00,0.000000000000000000e+00,0.000000000000000000e+00,0.000000000000000000e+00,-1.047833570582779668e-04,-1.067167300584914702e-04,-9.898411279341493430e-05,-7.911474202522745147e-05,-5.483690199861136289e-05,-3.071555068886011299e-05,-8.778410141924256025e-06,9.061037639386533319e-06,2.191744755807471798e-05,2.961942966091125597e-05,3.260464809278894332e-05,3.167088820869051638e-05,2.783121421610113778e-05,2.209236391667195504e-05,1.535493671090081331e-05,8.339799947812161541e-06,1.568187880602321477e-06,-4.622513843380202308e-06,-1.005014781928734879e-05,-1.464643083561564918e-05,-1.842187806478281156e-05,-2.143405934793872207e-05,-2.376672648600887221e-05,-2.551507719342867368e-05,-2.677798971073811239e-05,-2.765303904986039560e-05,-2.823372361067542013e-05,-2.860692720666527098e-05,-2.885073999314859529e-05,-2.903234220275963126e-05,-2.920644000248436611e-05,-2.941438812771681157e-05,-2.968422124196774846e-05,-3.003153768437983950e-05,-3.046111129529895057e-05,-3.096900112568225119e-05,-3.154491065103281398e-05,-3.217457214279690573e-05,-3.284195954395275734e-05,-3.353120362898363068e-05,-3.422811584974485487e-05,-3.492129494913532613e-05,-3.560280897229321551e-05,-3.626849481171492973e-05,-3.691791954391921164e-05,-3.755407822137697352e-05,-3.818289175723181387e-05,-3.881258352397070705e-05,-3.945299399589121271e-05,-4.011489745440954352e-05,-4.080936220523992392e-05,-4.154719502404592425e-05,-4.233848857948034031e-05,-4.319228791291382233e-05,-4.411637287681584546e-05,-4.511715070229238296e-05,-4.619963722215745530e-05,-4.736750328180017552e-05,-4.862315087612737244e-05,-4.996778297896577284e-05,-5.140142332079191101e-05,-5.292284502269672622e-05,-5.452936604081385605e-05,-5.621647947146439527e-05,-5.797729793226441428e-05,-5.980181588115771084e-05,-6.167602470707424700e-05,-6.358096236752251631e-05,-6.549183556192333543e-05,-6.737742262303013418e-05,-6.920003937246439675e-05,-7.091642439212416868e-05,-7.247995677099120502e-05,-7.384464362478674714e-05,-7.497128013115894911e-05,-7.583606870707291917e-05,-7.644175897814009730e-05,-7.683102032494941609e-05,-7.710127768688645772e-05,-7.741964889281399166e-05,-7.803596646974549555e-05,-7.929123869945111172e-05,-8.161843251520659612e-05,-8.553231067170706287e-05,-9.160540776487197242e-05,-1.004282477380712086e-04,-1.125536834826509062e-04,-1.284277448144340277e-04,-1.483123973915602227e-04,-1.722087106421530626e-04,-1.997914761083151791e-04,-2.303675660857649457e-04,-2.628695815186505007e-04,-2.958931785429322640e-04,-3.277809322124100849e-04,-3.567483528620146662e-04,-3.810399747049826960e-04,-3.990969899082191319e-04,-4.097146221851790705e-04,-4.121692198254389293e-04,-4.063033905719240892e-04,-3.925723487869576438e-04,-3.720717381843402830e-04,-3.465737997852844175e-04,-3.185703951153176961e-04,-2.912258816504759238e-04,-2.679606440494249867e-04,-2.511529401029586250e-04,-2.393131571440542294e-04,-2.223675176525262930e-04,-1.758669722993393483e-04,-5.753365332843309423e-05,1.861343044981170864e-04,5.898555289687497935e-04,1.098026709326812775e-03,1.437001287993996089e-03,9.503534683749553834e-04
0.000000000000000000e+00,0.000000000000000000e+00,0.000000000000000000e+00,0.000000000000000000e+00,0.000000000000000000e+00,0.000000000000000000e+00,0.000000000000000000e+00,0.000000000000000000e+00,0.000000000000000000e+00,0.000000000000000000e+00,0.000000000000000000e+00,0.000000000000000000e+00,0.000000000000000000e+00,0.000000000000000000e+00,0.000000000000000000e+00,0.000000000000000000e+00,0.000000000000000000e+00,0.000000000000000000e+00,0.000000000000000000e+00,0.000000000000000000e+00,0.000000000000000000e+00,0.000000000000000000e+00,0.000000000000000000e+00,0.000000000000000000e+00,0.000000000000000000e+00,0.000000000000000000e+00,0.000000000000000000e+00,0.000000000000000000e+00,0.000000000000000000e+00,0.000000000000000000e+00,0.000000000000000000e+00,0.000000000000000000e+00,0.000000000000000000e+00,0.000000000000000000e+00,0.000000000000000000e+00,0.000000000000000000e+00,0.000000000000000000e+00,0.000000000000000000e+00,0.000000000000000000e+00,0.000000000000000000e+00,0.000000000000000000e+00,0.000000000000000000e+00,0.000000000000000000e+00,0.000000000000000000e+00,0.000000000000000000e+00,0.000000000000000000e+00,0.000000000000000000e+00,0.000000000000000000e+00,0.000000000000000000e+00,0.000000000000000000e+00,0.000000000000000000e+00,0.000000000000000000e+00,0.000000000000000000e+00,0.000000000000000000e+00,0.000000000000000000e+00,0.000000000000000000e+00,0.000000000000000000e+00,0.000000000000000000e+00,0.000000000000000000e+00,0.000000000000000000e+00,0.000000000000000000e+00,0.000000000000000000e+00,0.000000000000000000e+00,0.000000000000000000e+00,0.000000000000000000e+00,0.000000000000000000e+00,0.000000000000000000e+00,0.000000000000000000e+00,0.000000000000000000e+00,0.000000000000000000e+00,0.000000000000000000e+00,0.000000000000000000e+00,0.000000000000000000e+00,0.000000000000000000e+00,0.000000000000000000e+00,0.000000000000000000e+00,0.000000000000000000e+00,0.000000000000000000e+00,0.000000000000000000e+00,0.000000000000000000e+00,0.000000000000000000e+00,0.000000000000000000e+00,0.000000000000000000e+00,0.000000000000000000e+00,0.000000000000000000e+00,0.000000000000000000e+00,0.000000000000000000e+00,0.000000000000000000e+00,0.000000000000000000e+00,0.000000000000000000e+00,0.000000000000000000e+00,0.000000000000000000e+00,0.000000000000000000e+00,0.000000000000000000e+00,0.000000000000000000e+00,0.000000000000000000e+00,0.000000000000000000e+00,0.000000000000000000e+00,0.000000000000000000e+00,0.000000000000000000e+00,0.000000000000000000e+00,0.000000000000000000e+00,0.000000000000000000e+00,0.000000000000000000e+00,0.000000000000000000e+00,0.000000000000000000e+00,0.000000000000000000e+00,0.000000000000000000e+00,0.000000000000000000e+00,0.000000000000000000e+00,0.000000000000000000e+00,0.000000000000000000e+00,0.000000000000000000e+00,0.000000000000000000e+00,0.000000000000000000e+00,0.000000000000000000e+00,0.000000000000000000e+00,0.000000000000000000e+00,0.000000000000000000e+00,0.000000000000000000e+00,0.000000000000000000e+00,0.000000000000000000e+00,0.000000000000000000e+00,0.000000000000000000e+00,0.000000000000000000e+00,0.000000000000000000e+00,0.000000000000000000e+00,0.000000000000000000e+00,0.000000000000000000e+00,0.000000000000000000e+00,0.000000000000000000e+00,0.000000000000000000e+00,0.000000000000000000e+00,0.000000000000000000e+00,0.000000000000000000e+00,0.000000000000000000e+00,0.000000000000000000e+00,0.000000000000000000e+00,0.000000000000000000e+00,0.000000000000000000e+00,0.000000000000000000e+00,0.000000000000000000e+00,0.000000000000000000e+00,0.000000000000000000e+00,0.000000000000000000e+00,0.000000000000000000e+00,0.000000000000000000e+00,0.000000000000000000e+00,0.000000000000000000e+00,0.000000000000000000e+00,0.000000000000000000e+00,0.000000000000000000e+00,0.000000000000000000e+00,0.000000000000000000e+00,0.000000000000000000e+00,0.000000000000000000e+00,0.000000000000000000e+00,0.000000000000000000e+00,0.000000000000000000e+00,0.000000000000000000e+00,0.000000000000000000e+00,0.000000000000000000e+00,0.000000000000000000e+00,0.000000000000000000e+00,0.000000000000000000e+00,0.000000000000000000e+00,0.000000000000000000e+00,0.000000000000000000e+00,0.000000000000000000e+00,0.000000000000000000e+00,0.000000000000000000e+00,0.000000000000000000e+00,0.000000000000000000e+00,0.000000000000000000e+00,0.000000000000000000e+00,0.000000000000000000e+00,0.000000000000000000e+00,0.000000000000000000e+00,0.000000000000000000e+00,0.000000000000000000e+00,0.000000000000000000e+00,0.000000000000000000e+00,0.000000000000000000e+00,-9.247165571181437062e-05,-1.085571817547756020e-04,-1.055552113992953145e-04,-8.852574645415170137e-05,-6.695203621737730142e-05,-4.253515736298640280e-05,-1.918197990295800575e-05,8.500850191176753172e-07,1.621972677112256707e-05,2.641080390997853664e-05,3.154802422683857676e-05,3.235081419839232149e-05,2.977243703829557687e-05,2.485742261077817243e-05,1.857214745359044941e-05,1.171606063735552999e-05,4.893213884030320366e-06,-1.491944299582333174e-06,-7.200644458606520749e-06,-1.212523872587787527e-05,-1.624661678044758735e-05,-1.960267155721502906e-05,-2.226217899412913430e-05,-2.430978386214194395e-05,-2.583619590603321496e-05,-2.693366108913194479e-05,-2.769275456227993627e-05,-2.820019054819053903e-05,-2.853631353635431540e-05,-2.877274523653376037e-05,-2.897019874255461847e-05,-2.917700366202720952e-05,-2.942845732848085782e-05,-2.974714201084546753e-05,-3.014406111181007860e-05,-3.062042969747833177e-05,-3.116984872398728207e-05,-3.178063926721010789e-05,-3.243811107805161996e-05,-3.312661648398964486e-05,-3.383126765806246378e-05,-3.453926593324066810e-05,-3.524081405007389232e-05,-3.592963443799988528e-05,-3.660312534878212344e-05,-3.726221946784259113e-05,-3.791100507717172551e-05,-3.855618627092414238e-05,-3.920644440495434113e-05,-3.987176784088726554e-05,-4.056279768929444242e-05,-4.129023570144815206e-05,-4.206434031749295898e-05,-4.289453289115898116e-05,-4.378911793385849023e-05,-4.475511713793059541e-05,-4.579820189198795455e-05,-4.692270581518250016e-05,-4.813168710355448366e-05,-4.942700863353597691e-05,-5.080939555482884192e-05,-5.227843061816438012e-05,-5.383244431069122103e-05,-5.546826276034334151e-05,-5.718078244598126178e-05,-5.896235814576123265e-05,-6.080201327295289154e-05,-6.268451919578044216e-05,-6.458943748181757843e-05,-6.649028225718487816e-05,-6.835403199669621644e-05,-7.014130016065417644e-05,-7.180754832565531946e-05,-7.330578204212741689e-05,-7.459118465400103805e-05,-7.562809477793428175e-05,-7.639958856214999696e-05,-7.691966399198787096e-05,-7.724762152053607424e-05,-7.750369356927599247e-05,-7.788431927641837488e-05,-7.867475403601454850e-05,-8.025605172347917676e-05,-8.310301435667956219e-05,-8.776965676993016784e-05,-9.485928267728227850e-05,-1.049775795923324289e-04,-1.186692893843822730e-04,-1.363419133693863914e-04,-1.581832636178889112e-04,-1.840829293196276980e-04,-2.135701410960948806e-04,-2.457812562960843823e-04,-2.794684501638405589e-04,-3.130568478899076776e-04,-3.447505412609226422e-04,-3.726796820220108081e-04,-3.950727881291182298e-04,-4.104326747351185432e-04,-4.176933975869479162e-04,-4.163414287111310793e-04,-4.064978253311881794e-04,-3.889762416165608219e-04,-3.653424476879328403e-04,-3.379795048005884532e-04,-3.100728283527953689e-04,-2.852434277640561846e-04,-2.663020802603358115e-04,-2.524207575678881401e-04,-2.342555236381422320e-04,-1.877338860829088284e-04,-6.993062036137526920e-05,1.749445844183897779e-04,5.853119771720874213e-04,1.108176778707272055e-03,1.464696023375472271e-03,9.739629869976217449e-04
0.000000000000000000e+00,0.000000000000000000e+00,0.000000000000000000e+00,0.000000000000000000e+00,0.000000000000000000e+00,0.000000000000000000e+00,0.000000000000000000e+00,0.000000000000000000e+00,0.000000000000000000e+00,0.000000000000000000e+00,0.000000000000000000e+00,0.000000000000000000e+00,0.000000000000000000e+00,0.000000000000000000e+00,0.000000000000000000e+00,0.000000000000000000e+00,0.000000000000000000e+00,0.000000000000000000e+00,0.000000000000000000e+00,0.000000000000000000e+00,0.000000000000000000e+00,0.000000000000000000e+00,0.000000000000000000e+00,0.000000000000000000e+00,0.000000000000000000e+00,0.000000000000000000e+00,0.000000000000000000e+00,0.000000000000000000e+00,0.000000000000000000e+00,0.000000000000000000e+00,0.000000000000000000e+00,0.000000000000000000e+00,0.000000000000000000e+00,0.000000000000000000e+00,0.000000000000000000e+00,0.000000000000000000e+00,0.000000000000000000e+00,0.000000000000000000e+00,0.000000000000000000e+00,0.000000000000000000e+00,0.000000000000000000e+00,0.000000000000000000e+00,0.000000000000000000e+00,0.000000000000000000e+00,0.000000000000000000e+00,0.000000000000000000e+00,0.000000000000000000e+00,0.000000000000000000e+00,0.000000000000000000e+00,0.000000000000000000e+00,0.000000000000000000e+00,0.000000000000000000e+00,0.000000000000000000e+00,0.000000000000000000e+00,0.000000000000000000e+00,0.000000000000000000e+00,0.000000000000000000e+00,0.000000000000000000e+00,0.000000000000000000e+00,0.000000000000000000e+00,0.000000000000000000e+00,0.000000000000000000e+00,0.000000000000000000e+00,0.000000000000000000e+00,0.000000000000000000e+00,0.000000000000000000e+00,0.000000000000000000e+00,0.000000000000000000e+00,0.000000000000000000e+00,0.000000000000000000e+00,0.000000000000000000e+00,0.000000000000000000e+00,0.000000000000000000e+00,0.000000000000000000e+00,0.000000000000000000e+00,0.000000000000000000e+00,0.000000000000000000e+00,0.000000000000000000e+00,0.000000000000000000e+00,0.000000000000000000e+00,0.000000000000000000e+00,0.000000000000000000e+00,0.000000000000000000e+00,0.000000000000000000e+00,0.000000000000000000e+00,0.000000000000000000e+00,0.000000000000000000e+00,0.000000000000000000e+00,0.000000000000000000e+00,0.000000000000000000e+00,0.000000000000000000e+00,0.000000000000000000e+00,0.000000000000000000e+00,0.000000000000000000e+00,0.000000000000000000e+00,0.000000000000000000e+00,0.000000000000000000e+00,0.000000000000000000e+00,0.000000000000000000e+00,0.000000000000000000e+00,0.000000000000000000e+00,0.000000000000000000e+00,0.000000000000000000e+00,0.000000000000000000e+00,0.000000000000000000e+00,0.000000000000000000e+00,0.000000000000000000e+00,0.000000000000000000e+00,0.000000000000000000e+00,0.000000000000000000e+00,0.000000000000000000e+00,0.000000000000000000e+00,0.000000000000000000e+00,0.000000000000000000e+00,0.000000000000000000e+00,0.000000000000000000e+00,0.000000000000000000e+00,0.000000000000000000e+00,0.000000000000000000e+00,0.000000000000000000e+00,0.000000000000000000e+00,0.000000000000000000e+00,0.000000000000000000e+00,0.000000000000000000e+00,0.000000000000000000e+00,0.000000000000000000e+00,0.000000000000000000e+00,0.000000000000000000e+00,0.000000000000000000e+00,0.000000000000000000e+00,0.000000000000000000e+00,0.000000000000000000e+00,0.000000000000000000e+00,0.000000000000000000e+00,0.000000000000000000e+00,0.000000000000000000e+00,0.000000000000000000e+00,0.000000000000000000e+00,0.000000000000000000e+00,0.000000000000000000e+00,0.000000000000000000e+00,0.000000000000000000e+00,0.000000000000000000e+00,0.000000000000000000e+00,0.000000000000000000e+00,0.000000000000000000e+00,0.000000000000000000e+00,0.000000000000000000e+00,0.000000000000000000e+00,0.000000000000000000e+00,0.000000000000000000e+00,0.000000000000000000e+00,0.000000000000000000e+00,0.000000000000000000e+00,0.000000000000000000e+00,0.000000000000000000e+00,0.000000000000000000e+00,0.000000000000000000e+00,0.000000000000000000e+00,0.000000000000000000e+00,0.000000000000000000e+00,0.000000000000000000e+00,0.000000000000000000e+00,0.000000000000000000e+00,0.000000000000000000e+00,0.000000000000000000e+00,0.000000000000000000e+00,0.000000000000000000e+00,0.000000000000000000e+00,0.000000000000000000e+00,0.000000000000000000e+00,0.000000000000000000e+00,0.000000000000000000e+00,0.000000000000000000e+00,0.000000000000000000e+00,0.000000000000000000e+00,0.000000000000000000e+00,0.000000000000000000e+00,0.000000000000000000e+00,0.000000000000000000e+00,0.000000000000000000e+00,0.000000000000000000e+00,0.000000000000000000e+00,0.000000000000000000e+00,-1.057243289430405506e-04,-1.053194722766733209e-04,-9.774723293178719176e-05,-7.827273046787633002e-05,-5.450880972211962318e-05,-3.042501477600826820e-05,-8.493603386491531190e-06,9.380360982457360659e-06,2.206948135820387461e-05,2.953508697922083061e-05,3.225114284149578631e-05,3.112590371451700195e-05,2.721205583647734138e-05,2.152517307488254196e-05,1.495036054144377406e-05,8.168246117558415251e-06,1.660820760766788827e-06,-4.276429048635958861e-06,-9.490110255412868026e-06,-1.393129053915403084e-05,-1.761543371429411361e-05,-2.059625662302584249e-05,-2.294618197401743177e-05,-2.474680421360324659e-05,-2.608310848041689399e-05,-2.704100848461752664e-05,-2.770498238964230872e-05,-2.815585117046923145e-05,-2.846806418312995731e-05,-2.870715833089262833e-05,-2.892762701362151749e-05,-2.917164952277206651e-05,-2.946876419591305202e-05,-2.983648629516594356e-05,-3.028168845182079678e-05,-3.080251681813370678e-05,-3.139059387803788844e-05,-3.203327892763243874e-05,-3.271580543943484147e-05,-3.342315429251608216e-05,-3.414158103907925405e-05,-3.485974855868586832e-05,-3.556946469654019056e-05,-3.626604352333950197e-05,-3.694834081029143224e-05,-3.761851875371071449e-05,-3.828161125033377704e-05,-3.894495361695636131e-05,-3.961754489036700894e-05,-4.030939616568827039e-05,-4.103091552981103272e-05,-4.179236285422102394e-05,-4.260340195574724296e-05,-4.347276111114879656e-05,-4.440800705624065481e-05,-4.541542357830641367e-05,-4.649998110069965425e-05,-4.766537259653028108e-05,-4.891408796174148043e-05,-5.024749088603645863e-05,-5.166586100106869412e-05,-5.316835972189668240e-05,-5.475288075529361495e-05,-5.641574860454068297e-05,-5.815123958887679332e-05,-5.995091540102967666e-05,-6.180278730171802999e-05,-6.369036674793400530e-05,-6.559171190338483723e-05,-6.747864509286541715e-05,-6.931639506841240383e-05,-7.106400043005340901e-05,-7.267588818182660684e-05,-7.410509435617689347e-05,-7.530860064314895159e-05,-7.625519153275850599e-05,-7.693606151686759205e-05,-7.737809201492762260e-05,-7.765925667252779200e-05,-7.792500340445008558e-05,-7.840373777964664893e-05,-7.941877209172229361e-05,-8.139343660216960422e-05,-8.484565159753042673e-05,-9.036834543596966368e-05,-9.859289159328256890e-05,-1.101343940885224755e-04,-1.255202210534865008e-04,-1.451065184544675520e-04,-1.689911206801448954e-04,-1.969346344479297483e-04,-2.283036308641270371e-04,-2.620499283844863504e-04,-2.967372002627291310e-04,-3.306204155303096534e-04,-3.617754929396772476e-04,-3.882674240953706661e-04,-4.083371920092814574e-04,-4.205837990173370302e-04,-4.241204586967887752e-04,-4.186953325786678544e-04,-4.047852727673972731e-04,-3.836853194503848019e-04,-3.576021723719987775e-04,-3.296769616769550213e-04,-3.036752853797431611e-04,-2.828058086344459841e-04,-2.669066414191829267e-04,-2.474231878297050561e-04,-2.007695920906387268e-04,-8.348892608778510957e-05,1.624653388411419501e-04,5.793618598741130188e-04,1.117143021906692518e-03,1.492004561738887510e-03,9.979133108480608451e-04
0.000000000000000000e+00,0.000000000000000000e+00,0.000000000000000000e+00,0.000000000000000000e+00,0.000000000000000000e+00,0.000000000000000000e+00,0.000000000000000000e+00,0.000000000000000000e+00,0.000000000000000000e+00,0.000000000000000000e+00,0.000000000000000000e+00,0.000000000000000000e+00,0.000000000000000000e+00,0.000000000000000000e+00,0.000000000000000000e+00,0.000000000000000000e+00,0.000000000000000000e+00,0.000000000000000000e+00,0.000000000000000000e+00,0.000000000000000000e+00,0.000000000000000000e+00,0.000000000000000000e+00,0.000000000000000000e+00,0.000000000000000000e+00,0.000000000000000000e+00,0.000000000000000000e+00,0.000000000000000000e+00,0.000000000000000000e+00,0.000000000000000000e+00,0.000000000000000000e+00,0.000000000000000000e+00,0.000000000000000000e+00,0.000000000000000000e+00,0.000000000000000000e+00,0.000000000000000000e+00,0.000000000000000000e+00,0.000000000000000000e+00,0.000000000000000000e+00,0.000000000000000000e+00,0.000000000000000000e+00,0.000000000000000000e+00,0.000000000000000000e+00,0.000000000000000000e+00,0.000000000000000000e+00,0.000000000000000000e+00,0.000000000000000000e+00,0.000000000000000000e+00,0.000000000000000000e+00,0.000000000000000000e+00,0.000000000000000000e+00,0.000000000000000000e+00,0.000000000000000000e+00,0.000000000000000000e+00,0.000000000000000000e+00,0.000000000000000000e+00,0.000000000000000000e+00,0.000000000000000000e+00,0.000000000000000000e+00,0.000000000000000000e+00,0.000000000000000000e+00,0.000000000000000000e+00,0.000000000000000000e+00,0.000000000000000000e+00,0.000000000000000000e+00,0.000000000000000000e+00,0.000000000000000000e+00,0.000000000000000000e+00,0.000000000000000000e+00,0.000000000000000000e+00,0.000000000000000000e+00,0.000000000000000000e+00,0.000000000000000000e+00,0.000000000000000000e+00,0.000000000000000000e+00,0.000000000000000000e+00,0.000000000000000000e+00,0.000000000000000000e+00,0.000000000000000000e+00,0.000000000000000000e+00,0.000000000000000000e+00,0.000000000000000000e+00,0.000000000000000000e+00,0.000000000000000000e+00,0.000000000000000000e+00,0.000000000000000000e+00,0.000000000000000000e+00,0.000000000000000000e+00,0.000000000000000000e+00,0.000000000000000000e+00,0.000000000000000000e+00,0.000000000000000000e+00,0.000000000000000000e+00,0.000000000000000000e+00,0.000000000000000000e+00,0.000000000000000000e+00,0.000000000000000000e+00,0.000000000000000000e+00,0.000000000000000000e+00,0.000000000000000000e+00,0.000000000000000000e+00,0.000000000000000000e+00,0.000000000000000000e+00,0.000000000000000000e+00,0.000000000000000000e+00,0.000000000000000000e+00,0.000000000000000000e+00,0.000000000000000000e+00,0.000000000000000000e+00,0.000000000000000000e+00,0.000000000000000000e+00,0.000000000000000000e+00,0.000000000000000000e+00,0.000000000000000000e+00,0.000000000000000000e+00,0.000000000000000000e+00,0.000000000000000000e+00,0.000000000000000000e+00,0.000000000000000000e+00,0.000000000000000000e+00,0.000000000000000000e+00,0.000000000000000000e+00,0.000000000000000000e+00,0.000000000000000000e+00,0.000000000000000000e+00,0.000000000000000000e+00,0.000000000000000000e+00,0.000000000000000000e+00,0.000000000000000000e+00,0.000000000000000000e+00,0.000000000000000000e+00,0.000000000000000000e+00,0.000000000000000000e+00,0.000000000000000000e+00,0.000000000000000000e+00,0.000000000000000000e+00,0.000000000000000000e+00,0.000000000000000000e+00,0.000000000000000000e+00,0.000000000000000000e+00,0.000000000000000000e+00,0.000000000000000000e+00,0.000000000000000000e+00,0.000000000000000000e+00,0.000000000000000000e+00,0.000000000000000000e+00,0.000000000000000000e+00,0.000000000000000000e+00,0.000000000000000000e+00,0.000000000000000000e+00,0.000000000000000000e+00,0.000000000000000000e+00,0.000000000000000000e+00,0.000000000000000000e+00,0.000000000000000000e+00,0.000000000000000000e+00,0.000000000000000000e+00,0.000000000000000000e+00,0.000000000000000000e+00,0.000000000000000000e+00,0.000000000000000000e+00,0.000000000000000000e+00,0.000000000000000000e+00,0.000000000000000000e+00,0.000000000000000000e+00,0.000000000000000000e+00,0.000000000000000000e+00,0.000000000000000000e+00,0.000000000000000000e+00,0.000000000000000000e+00,0.000000000000000000e+00,0.000000000000000000e+00,0.000000000000000000e+00,0.000000000000000000e+00,0.000000000000000000e+00,0.000000000000000000e+00,0.000000000000000000e+00,0.000000000000000000e+00,0.000000000000000000e+00,0.000000000000000000e+00,0.000000000000000000e+00,0.000000000000000000e+00,0.000000000000000000e+00,0.000000000000000000e+00,0.000000000000000000e+00,-8.923653042083476113e-05,-1.081225219003760171e-04,-1.044960638115009207e-04,-8.805632090521449580e-05,-6.665439126757839792e-05,-4.239327815419050922e-05,-1.875760480491460230e-05,1.314325960948108754e-06,1.660378989359880553e-05,2.649615427376722480e-05,3.130138950559470628e-05,3.182538496916287199e-05,2.908515635302419991e-05,2.415767946966502751e-05,1.798764767305090158e-05,1.134792227026739889e-05,4.793223175593001849e-06,-1.313104771238394903e-06,-6.772259029044848567e-06,-1.150025463968675581e-05,-1.549071517599433226e-05,-1.878038031703139726e-05,-2.142958848959727072e-05,-2.350936196154018609e-05,-2.509638979980495057e-05,-2.627001459528866602e-05,-2.711070670033617939e-05,-2.769779428125945643e-05,-2.810688193911424612e-05,-2.840688928562570055e-05,-2.865745243737185573e-05,-2.890698733321606377e-05,-2.919173975617844546e-05,-2.953581349118029954e-05,-2.995208636558533482e-05,-3.044378426608148637e-05,-3.100648030219873029e-05,-3.163027375382765810e-05,-3.230195246953096802e-05,-3.300697411066210319e-05,-3.373115947609361221e-05,-3.446202634149589573e-05,-3.518974047504655879e-05,-3.590768578538053009e-05,-3.661268863621911472e-05,-3.730494314062369858e-05,-3.798770161610952437e-05,-3.866679347696151637e-05,-3.935004031437393761e-05,-4.004662505261685198e-05,-4.076646935316220022e-05,-4.151965927329346885e-05,-4.231595188044878195e-05,-4.316438088501852762e-05,-4.407297171150656814e-05,-4.504856357108202012e-05,-4.609672976337546172e-05,-4.722177718028353554e-05,-4.842680140974519985e-05,-4.971376620681578460e-05,-5.108357336900803264e-05,-5.253608425053144399e-05,-5.407005420545425516e-05,-5.568294110763539101e-05,-5.737055532004328739e-05,-5.912652810461550151e-05,-6.094159502668030363e-05,-6.280271916217559751e-05,-6.469212175367426427e-05,-6.658634405981608113e-05,-6.845553618877249405e-05,-7.026325133180005909e-05,-7.196711181919077192e-05,-7.352079187259905578e-05,-7.487781281332338333e-05,-7.599764189308963643e-05,-7.685449533088821038e-05,-7.744903476545543074e-05,-7.782278553626299159e-05,-7.807457775640447067e-05,-7.837762595779530707e-05,-7.899506566187557979e-05,-8.029095207697921777e-05,-8.273305016378245226e-05,-8.688341453036169809e-05,-9.337301367951307714e-05,-1.028577309253158050e-04,-1.159551341785014094e-04,-1.331644526552086321e-04,-1.547759901036734000e-04,-1.807802036402967780e-04,-2.107900534529274746e-04,-2.439919709850712798e-04,-2.791399257442963504e-04,-3.146029736728753255e-04,-3.484693962512017866e-04,-3.787010828472327684e-04,-4.033221692267396213e-04,-4.206190389053442299e-04,-4.293280275609394044e-04,-4.287954221537171925e-04,-4.191112616340665772e-04,-4.012351965886371366e-04,-3.771248741449772721e-04,-3.498026807163718568e-04,-3.231104109411108262e-04,-3.006055731439859517e-04,-2.827831291214966906e-04,-2.619286969588578988e-04,-2.150547375026399090e-04,-9.830125652703361678e-05,1.485848694472827777e-04,5.718606039525920290e-04,1.124753460344510595e-03,1.518779156590340570e-03,1.022157768040318944e-03
0.000000000000000000e+00,0.000000000000000000e+00,0.000000000000000000e+00,0.000000000000000000e+00,0.000000000000000000e+00,0.000000000000000000e+00,0.000000000000000000e+00,0.000000000000000000e+00,0.000000000000000000e+00,0.000000000000000000e+00,0.000000000000000000e+00,0.000000000000000000e+00,0.000000000000000000e+00,0.000000000000000000e+00,0.000000000000000000e+00,0.000000000000000000e+00,0.000000000000000000e+00,0.000000000000000000e+00,0.000000000000000000e+00,0.000000000000000000e+00,0.000000000000000000e+00,0.000000000000000000e+00,0.000000000000000000e+00,0.000000000000000000e+00,0.000000000000000000e+00,0.000000000000000000e+00,0.000000000000000000e+00,0.000000000000000000e+00,0.000000000000000000e+00,0.000000000000000000e+00,0.000000000000000000e+00,0.000000000000000000e+00,0.000000000000000000e+00,0.000000000000000000e+00,0.000000000000000000e+00,0.000000000000000000e+00,0.000000000000000000e+00,0.000000000000000000e+00,0.000000000000000000e+00,0.000000000000000000e+00,0.000000000000000000e+00,0.000000000000000000e+00,0.000000000000000000e+00,0.000000000000000000e+00,0.000000000000000000e+00,0.000000000000000000e+00,0.000000000000000000e+00,0.000000000000000000e+00,0.000000000000000000e+00,0.000000000000000000e+00,0.000000000000000000e+00,0.000000000000000000e+00,0.000000000000000000e+00,0.000000000000000000e+00,0.000000000000000000e+00,0.000000000000000000e+00,0.000000000000000000e+00,0.000000000000000000e+00,0.000000000000000000e+00,0.000000000000000000e+00,0.000000000000000000e+00,0.000000000000000000e+00,0.000000000000000000e+00,0.000000000000000000e+00,0.000000000000000000e+00,0.000000000000000000e+00,0.000000000000000000e+00,0.000000000000000000e+00,0.000000000000000000e+00,0.000000000000000000e+00,0.000000000000000000e+00,0.000000000000000000e+00,0.000000000000000000e+00,0.000000000000000000e+00,0.000000000000000000e+00,0.000000000000000000e+00,0.000000000000000000e+00,0.000000000000000000e+00,0.000000000000000000e+00,0.000000000000000000e+00,0.000000000000000000e+00,0.000000000000000000e+00,0.000000000000000000e+00,0.000000000000000000e+00,0.000000000000000000e+00,0.000000000000000000e+00,0.000000000000000000e+00,0.000000000000000000e+00,0.000000000000000000e+00,0.000000000000000000e+00,0.000000000000000000e+00,0.000000000000000000e+00,0.000000000000000000e+00,0.000000000000000000e+00,0.000000000000000000e+00,0.000000000000000000e+00,0.000000000000000000e+00,0.000000000000000000e+00,0.000000000000000000e+00,0.000000000000000000e+00,0.000000000000000000e+00,0.000000000000000000e+00,0.000000000000000000e+00,0.000000000000000000e+00,0.000000000000000000e+00,0.000000000000000000e+00,0.000000000000000000e+00,0.000000000000000000e+00,0.000000000000000000e+00,0.000000000000000000e+00,0.000000000000000000e+00,0.000000000000000000e+00,0.000000000000000000e+00,0.000000000000000000e+00,0.000000000000000000e+00,0.000000000000000000e+00,0.000000000000000000e+00,0.000000000000000000e+00,0.000000000000000000e+00,0.000000000000000000e+00,0.000000000000000000e+00,0.000000000000000000e+00,0.000000000000000000e+00,0.000000000000000000e+00,0.000000000000000000e+00,0.000000000000000000e+00,0.000000000000000000e+00,0.000000000000000000e+00,0.000000000000000000e+00,0.000000000000000000e+00,0.000000000000000000e+00,0.000000000000000000e+00,0.000000000000000000e+00,0.000000000000000000e+00,0.000000000000000000e+00,0.000000000000000000e+00,0.000000000000000000e+00,0.000000000000000000e+00,0.000000000000000000e+00,0.000000000000000000e+00,0.000000000000000000e+00,0.000000000000000000e+00,0.000000000000000000e+00,0.000000000000000000e+00,0.000000000000000000e+00,0.000000000000000000e+00,0.000000000000000000e+00,0.000000000000000000e+00,0.000000000000000000e+00,0.000000000000000000e+00,0.000000000000000000e+00,0.000000000000000000e+00,0.000000000000000000e+00,0.000000000000000000e+00,0.000000000000000000e+00,0.000000000000000000e+00,0.000000000000000000e+00,0.000000000000000000e+00,0.000000000000000000e+00,0.000000000000000000e+00,0.000000000000000000e+00,0.000000000000000000e+00,0.000000000000000000e+00,0.000000000000000000e+00,0.000000000000000000e+00,0.000000000000000000e+00,0.000000000000000000e+00,0.000000000000000000e+00,0.000000000000000000e+00,0.000000000000000000e+00,0.000000000000000000e+00,0.000000000000000000e+00,0.000000000000000000e+00,0.000000000000000000e+00,0.000000000000000000e+00,0.000000000000000000e+00,0.000000000000000000e+00,0.000000000000000000e+00,0.000000000000000000e+00,0.000000000000000000e+00,0.000000000000000000e+00,0.000000000000000000e+00,0.000000000000000000e+00,0.000000000000000000e+00,0.000000000000000000e+00,-1.031328299934747885e-04,-1.047241402074538239e-04,-9.687144131782118276e-05,-7.841386548976467794e-05,-5.441405540819238882e-05,-3.010411601866733807e-05,-7.822567952166613998e-06,9.969195161537559199e-06,2.237555594184569195e-05,2.944772538578976611e-05,3.178679293167989406e-05,3.041818925552999199e-05,2.640569138504634357e-05,2.077918558246801158e-05,1.438406677063379283e-05,7.865412719813147588e-06,1.651421060630393399e-06,-4.003469924575206982e-06,-8.981155430121858375e-06,-1.324966459332909957e-05,-1.682985474161668874e-05,-1.976871687777507269e-05,-2.212681517494408836e-05,-2.397117438072920469e-05,-2.537337447000766476e-05,-2.640798776367146421e-05,-2.715106638358766436e-05,-2.767752269029609102e-05,-2.805811264265867382e-05,-2.835635081817498366e-05,-2.862602788722064622e-05,-2.890960409205395448e-05,-2.923764055904811367e-05,-2.962918447435628939e-05,-3.009294004272634483e-05,-3.062898578598012019e-05,-3.123080258095925602e-05,-3.188739446672126537e-05,-3.258532535423204111e-05,-3.331053685707433730e-05,-3.404985694610475360e-05,-3.479214978584837869e-05,-3.552909241606899048e-05,-3.625559409194233226e-05,-3.696989558677884146e-05,-3.767340227655460689e-05,-3.837031210930313090e-05,-3.906710349675850347e-05,-3.977194434396513637e-05,-4.049407867350734053e-05,-4.124323708915445929e-05,-4.202910840630889330e-05,-4.286089750739027239e-05,-4.374698496153151629e-05,-4.469469249589168048e-05,-4.571015030597812094e-05,-4.679825287300153156e-05,-4.796268393125579902e-05,-4.920598425798313450e-05,-5.052963193212903112e-05,-5.193410000235007057e-05,-5.341885469727591479e-05,-5.498225575506366904e-05,-5.662132289270627801e-05,-5.833133765247942978e-05,-6.010526219352680608e-05,-6.193297639087668154e-05,-6.380036660281759398e-05,-6.568834461763111538e-05,-6.757193691443185465e-05,-6.941966089185348495e-05,-7.119349376607596693e-05,-7.284983181557000312e-05,-7.434191853157047763e-05,-7.562426682306720098e-05,-7.665958360280189369e-05,-7.742858885348744653e-05,-7.794286913086862726e-05,-7.826048594099011034e-05,-7.850345785827542633e-05,-7.887546653555802196e-05,-7.967726063621733703e-05,-8.131636619585614180e-05,-8.430703963857461296e-05,-8.925616217868150915e-05,-9.683124377088793769e-05,-1.077081315327397030e-04,-1.224985473664698767e-04,-1.416611575264435066e-04,-1.654041515020624321e-04,-1.935915849000248543e-04,-2.256690155450383846e-04,-2.606250841553055600e-04,-2.970036462054325365e-04,-3.329753647911219000e-04,-3.664687334978000439e-04,-3.953499123409982396e-04,-4.176313535583525303e-04,-4.316847962990582092e-04,-4.364386431107132136e-04,-4.315542944557947168e-04,-4.175939182150854119e-04,-3.961904525496769179e-04,-3.701651226337969881e-04,-3.433552268210877316e-04,-3.196024931036744229e-04,-3.000332476558249437e-04,-2.778124908843970981e-04,-2.306616815731407871e-04,-1.144586265810238087e-04,1.331879142424838259e-04,5.626540839224268391e-04,1.130819889052889823e-03,1.544853366178279000e-03,1.046640904824765184e-03
0.000000000000000000e+00,0.000000000000000000e+00,0.000000000000000000e+00,0.000000000000000000e+00,0.000000000000000000e+00,0.000000000000000000e+00,0.000000000000000000e+00,0.000000000000000000e+00,0.000000000000000000e+00,0.000000000000000000e+00,0.000000000000000000e+00,0.000000000000000000e+00,0.000000000000000000e+00,0.000000000000000000e+00,0.000000000000000000e+00,0.000000000000000000e+00,0.000000000000000000e+00,0.000000000000000000e+00,0.000000000000000000e+00,0.000000000000000000e+00,0.000000000000000000e+00,0.000000000000000000e+00,0.000000000000000000e+00,0.000000000000000000e+00,0.000000000000000000e+00,0.000000000000000000e+00,0.000000000000000000e+00,0.000000000000000000e+00,0.000000000000000000e+00,0.000000000000000000e+00,0.000000000000000000e+00,0.000000000000000000e+00,0.000000000000000000e+00,0.000000000000000000e+00,0.000000000000000000e+00,0.000000000000000000e+00,0.000000000000000000e+00,0.000000000000000000e+00,0.000000000000000000e+00,0.000000000000000000e+00,0.000000000000000000e+00,0.000000000000000000e+00,0.000000000000000000e+00,0.000000000000000000e+00,0.000000000000000000e+00,0.000000000000000000e+00,0.000000000000000000e+00,0.000000000000000000e+00,0.000000000000000000e+00,0.000000000000000000e+00,0.000000000000000000e+00,0.000000000000000000e+00,0.000000000000000000e+00,0.000000000000000000e+00,0.000000000000000000e+00,0.000000000000000000e+00,0.000000000000000000e+00,0.000000000000000000e+00,0.000000000000000000e+00,0.000000000000000000e+00,0.000000000000000000e+00,0.000000000000000000e+00,0.000000000000000000e+00,0.000000000000000000e+00,0.000000000000000000e+00,0.000000000000000000e+00,0.000000000000000000e+00,0.000000000000000000e+00,0.000000000000000000e+00,0.000000000000000000e+00,0.000000000000000000e+00,0.000000000000000000e+00,0.000000000000000000e+00,0.000000000000000000e+00,0.000000000000000000e+00,0.000000000000000000e+00,0.000000000000000000e+00,0.000000000000000000e+00,0.000000000000000000e+00,0.000000000000000000e+00,0.000000000000000000e+00,0.000000000000000000e+00,0.000000000000000000e+00,0.000000000000000000e+00,0.000000000000000000e+00,0.000000000000000000e+00,0.000000000000000000e+00,0.000000000000000000e+00,0.000000000000000000e+00,0.000000000000000000e+00,0.000000000000000000e+00,0.000000000000000000e+00,0.000000000000000000e+00,0.000000000000000000e+00,0.000000000000000000e+00,0.000000000000000000e+00,0.000000000000000000e+00,0.000000000000000000e+00,0.000000000000000000e+00,0.000000000000000000e+00,0.000000000000000000e+00,0.000000000000000000e+00,0.000000000000000000e+00,0.000000000000000000e+00,0.000000000000000000e+00,0.000000000000000000e+00,0.000000000000000000e+00,0.000000000000000000e+00,0.000000000000000000e+00,0.000000000000000000e+00,0.000000000000000000e+00,0.000000000000000000e+00,0.000000000000000000e+00,0.000000000000000000e+00,0.000000000000000000e+00,0.000000000000000000e+00,0.000000000000000000e+00,0.000000000000000000e+00,0.000000000000000000e+00,0.000000000000000000e+00,0.000000000000000000e+00,0.000000000000000000e+00,0.000000000000000000e+00,0.000000000000000000e+00,0.000000000000000000e+00,0.000000000000000000e+00,0.000000000000000000e+00,0.000000000000000000e+00,0.000000000000000000e+00,0.000000000000000000e+00,0.000000000000000000e+00,0.000000000000000000e+00,0.000000000000000000e+00,0.000000000000000000e+00,0.000000000000000000e+00,0.000000000000000000e+00,0.000000000000000000e+00,0.000000000000000000e+00,0.000000000000000000e+00,0.000000000000000000e+00,0.000000000000000000e+00,0.000000000000000000e+00,0.000000000000000000e+00,0.000000000000000000e+00,0.000000000000000000e+00,0.000000000000000000e+00,0.000000000000000000e+00,0.000000000000000000e+00,0.000000000000000000e+00,0.000000000000000000e+00,0.000000000000000000e+00,0.000000000000000000e+00,0.000000000000000000e+00,0.000000000000000000e+00,0.000000000000000000e+00,0.000000000000000000e+00,0.000000000000000000e+00,0.000000000000000000e+00,0.000000000000000000e+00,0.000000000000000000e+00,0.000000000000000000e+00,0.000000000000000000e+00,0.000000000000000000e+00,0.000000000000000000e+00,0.000000000000000000e+00,0.000000000000000000e+00,0.000000000000000000e+00,0.000000000000000000e+00,0.000000000000000000e+00,0.000000000000000000e+00,0.000000000000000000e+00,0.000000000000000000e+00,0.000000000000000000e+00,0.000000000000000000e+00,0.000000000000000000e+00,0.000000000000000000e+00,0.000000000000000000e+00,0.000000000000000000e+00,0.000000000000000000e+00,0.000000000000000000e+00,0.000000000000000000e+00,0.000000000000000000e+00,0.000000000000000000e+00,0.000000000000000000e+00,0.000000000000000000e+00,-8.652248874152729339e-05,-1.058018064275007035e-04,-1.033638899587615038e-04,-8.806059876741684060e-05,-6.711767113452509858e-05,-4.202633237319733822e-05,-1.801636331014447935e-05,2.154168529643870966e-06,1.717578560719141921e-05,2.658599029468200194e-05,3.095696840431511190e-05,3.113199062500597288e-05,2.821553720939054495e-05,2.326828854526176527e-05,1.723345596288205052e-05,1.083389653717412475e-05,4.580442411621939887e-06,-1.218916773165675468e-06,-6.403715711130272943e-06,-1.091788871674796677e-05,-1.476408944655790064e-05,-1.797725870781931808e-05,-2.060666152854365347e-05,-2.270956668109831592e-05,-2.434843466883721379e-05,-2.559057968278625328e-05,-2.650692490711012200e-05,-2.716993190404157853e-05,-2.765048717714434052e-05,-2.801457939205337751e-05,-2.832028347145888815e-05,-2.861556458780757948e-05,-2.893708522843730160e-05,-2.931003364741930199e-05,-2.974882839764346476e-05,-3.025849032343079059e-05,-3.083644629215376683e-05,-3.147454326248239412e-05,-3.216107994271030801e-05,-3.288270262718398209e-05,-3.362605286749929123e-05,-3.437909494769815212e-05,-3.513208862988160674e-05,-3.587820433274825605e-05,-3.661380460281596334e-05,-3.733843435540100576e-05,-3.805457553710658505e-05,-3.876722729127717249e-05,-3.948337391656561246e-05,-4.021139850344475271e-05,-4.096049349570969085e-05,-4.174010978418916902e-05,-4.255947588013411016e-05,-4.342720781725937563e-05,-4.435102025502829569e-05,-4.533753959963615583e-05,-4.639221144890196588e-05,-4.751928726957048042e-05,-4.872186886675002195e-05,-5.000198405367857468e-05,-5.136066256386180356e-05,-5.279797811535407451e-05,-5.431302034040919356e-05,-5.590376008049146970e-05,-5.756677372127136209e-05,-5.929679889900936127e-05,-6.108610665145352853e-05,-6.292369720453978182e-05,-6.479436064692249914e-05,-6.667769311997513693e-05,-6.854722527408765257e-05,-7.036990253962603300e-05,-7.210625165848405396e-05,-7.371166522825027859e-05,-7.513931843008554950e-05,-7.634527423347641016e-05,-7.729630155277626615e-05,-7.798078546155459841e-05,-7.842280925584269198e-05,-7.869900203790420126e-05,-7.895706018965009470e-05,-7.943398990624467228e-05,-8.047115750497982529e-05,-8.252231849766708993e-05,-8.615014289396821714e-05,-9.200664265623436711e-05,-1.007936425095451157e-04,-1.132012801697212335e-04,-1.298255960111748734e-04,-1.510704411570527579e-04,-1.770437039099033395e-04,-2.074623476501274359e-04,-2.415837656671385180e-04,-2.781812084279298753e-04,-3.155775183348706755e-04,-3.517438817119067297e-04,-3.844597258021911616e-04,-4.115187319322674390e-04,-4.309581137157033606e-04,-4.412884799337927610e-04,-4.417126442821803158e-04,-4.323393274980628031e-04,-4.144010082517027662e-04,-3.904292426692352095e-04,-3.641644899650436267e-04,-3.396517588106387313e-04,-3.186048060323340317e-04,-2.950921424898832819e-04,-2.476507138689004912e-04,-1.320478889940424072e-04,1.161571384450468824e-04,5.515792107772711375e-04,1.135137447059888930e-03,1.570040780812216943e-03,1.071297656422006946e-03
0.000000000000000000e+00,0.000000000000000000e+00,0.000000000000000000e+00,0.000000000000000000e+00,0.000000000000000000e+00,0.000000000000000000e+00,0.000000000000000000e+00,0.000000000000000000e+00,0.000000000000000000e+00,0.000000000000000000e+00,0.000000000000000000e+00,0.000000000000000000e+00,0.000000000000000000e+00,0.000000000000000000e+00,0.000000000000000000e+00,0.000000000000000000e+00,0.000000000000000000e+00,0.000000000000000000e+00,0.000000000000000000e+00,0.000000000000000000e+00,0.000000000000000000e+00,0.000000000000000000e+00,0.000000000000000000e+00,0.000000000000000000e+00,0.000000000000000000e+00,0.000000000000000000e+00,0.000000000000000000e+00,0.000000000000000000e+00,0.000000000000000000e+00,0.000000000000000000e+00,0.000000000000000000e+00,0.000000000000000000e+00,0.000000000000000000e+00,0.000000000000000000e+00,0.000000000000000000e+00,0.000000000000000000e+00,0.000000000000000000e+00,0.000000000000000000e+00,0.000000000000000000e+00,0.000000000000000000e+00,0.000000000000000000e+00,0.000000000000000000e+00,0.000000000000000000e+00,0.000000000000000000e+00,0.000000000000000000e+00,0.000000000000000000e+00,0.000000000000000000e+00,0.000000000000000000e+00,0.000000000000000000e+00,0.000000000000000000e+00,0.000000000000000000e+00,0.000000000000000000e+00,0.000000000000000000e+00,0.000000000000000000e+00,0.000000000000000000e+00,0.000000000000000000e+00,0.000000000000000000e+00,0.000000000000000000e+00,0.000000000000000000e+00,0.000000000000000000e+00,0.000000000000000000e+00,0.000000000000000000e+00,0.000000000000000000e+00,0.000000000000000000e+00,0.000000000000000000e+00,0.000000000000000000e+00,0.000000000000000000e+00,0.000000000000000000e+00,0.000000000000000000e+00,0.000000000000000000e+00,0.000000000000000000e+00,0.000000000000000000e+00,0.000000000000000000e+00,0.000000000000000000e+00,0.000000000000000000e+00,0.000000000000000000e+00,0.000000000000000000e+00,0.000000000000000000e+00,0.000000000000000000e+00,0.000000000000000000e+00,0.000000000000000000e+00,0.000000000000000000e+00,0.000000000000000000e+00,0.000000000000000000e+00,0.000000000000000000e+00,0.000000000000000000e+00,0.000000000000000000e+00,0.000000000000000000e+00,0.000000000000000000e+00,0.000000000000000000e+00,0.000000000000000000e+00,0.000000000000000000e+00,0.000000000000000000e+00,0.000000000000000000e+00,0.000000000000000000e+00,0.000000000000000000e+00,0.000000000000000000e+00,0.000000000000000000e+00,0.000000000000000000e+00,0.000000000000000000e+00,0.000000000000000000e+00,0.000000000000000000e+00,0.000000000000000000e+00,0.000000000000000000e+00,0.000000000000000000e+00,0.000000000000000000e+00,0.000000000000000000e+00,0.000000000000000000e+00,0.000000000000000000e+00,0.000000000000000000e+00,0.000000000000000000e+00,0.000000000000000000e+00,0.000000000000000000e+00,0.000000000000000000e+00,0.000000000000000000e+00,0.000000000000000000e+00,0.000000000000000000e+00,0.000000000000000000e+00,0.000000000000000000e+00,0.000000000000000000e+00,0.000000000000000000e+00,0.000000000000000000e+00,0.000000000000000000e+00,0.000000000000000000e+00,0.000000000000000000e+00,0.000000000000000000e+00,0.000000000000000000e+00,0.000000000000000000e+00,0.000000000000000000e+00,0.000000000000000000e+00,0.000000000000000000e+00,0.000000000000000000e+00,0.000000000000000000e+00,0.000000000000000000e+00,0.000000000000000000e+00,0.000000000000000000e+00,0.000000000000000000e+00,0.000000000000000000e+00,0.000000000000000000e+00,0.000000000000000000e+00,0.000000000000000000e+00,0.000000000000000000e+00,0.000000000000000000e+00,0.000000000000000000e+00,0.000000000000000000e+00,0.000000000000000000e+00,0.000000000000000000e+00,0.000000000000000000e+00,0.000000000000000000e+00,0.000000000000000000e+00,0.000000000000000000e+00,0.000000000000000000e+00,0.000000000000000000e+00,0.000000000000000000e+00,0.000000000000000000e+00,0.000000000000000000e+00,0.000000000000000000e+00,0.000000000000000000e+00,0.000000000000000000e+00,0.000000000000000000e+00,0.000000000000000000e+00,0.000000000000000000e+00,0.000000000000000000e+00,0.000000000000000000e+00,0.000000000000000000e+00,0.000000000000000000e+00,0.000000000000000000e+00,0.000000000000000000e+00,0.000000000000000000e+00,0.000000000000000000e+00,0.000000000000000000e+00,0.000000000000000000e+00,0.000000000000000000e+00,0.000000000000000000e+00,0.000000000000000000e+00,0.000000000000000000e+00,0.000000000000000000e+00,0.000000000000000000e+00,0.000000000000000000e+00,0.000000000000000000e+00,0.000000000000000000e+00,0.000000000000000000e+00,0.000000000000000000e+00,0.000000000000000000e+00,0.000000000000000000e+00,0.000000000000000000e+00,-1.005900375312965359e-04,-1.010527860024236095e-04,-9.769187373863237275e-05,-7.895998356866179286e-05,-5.433929869072086832e-05,-2.916262282085119387e-05,-6.638621484028582134e-06,1.076555258597979282e-05,2.270704857016406968e-05,2.924199180160823482e-05,3.117097432300119383e-05,2.951799021094155841e-05,2.540864046810027851e-05,1.984697069506127689e-05,1.366061345730206309e-05,7.435171547441525876e-06,1.547999688754271588e-06,-3.799769236870541313e-06,-8.522151739264278373e-06,-1.260554926139851007e-05,-1.607169557841229461e-05,-1.895975398266087488e-05,-2.131661814516583575e-05,-2.319522852522164512e-05,-2.465426211570960472e-05,-2.575801525565019740e-05,-2.657470750684254429e-05,-2.717366032347324042e-05,-2.762178334084425266e-05,-2.798018180249171115e-05,-2.830140009484450150e-05,-2.862763450709100528e-05,-2.898997907634297567e-05,-2.940862650812082753e-05,-2.989383322388541276e-05,-3.044743546016826177e-05,-3.106468762116595912e-05,-3.173622851192156602e-05,-3.245000056656947201e-05,-3.319299575358936874e-05,-3.395273037375944736e-05,-3.471839723922913614e-05,-3.548166999140546914e-05,-3.623717009784910769e-05,-3.698262412588056099e-05,-3.771876025017443970e-05,-3.844899833575794311e-05,-3.917899557167814703e-05,-3.991610517923389542e-05,-4.066880348797806703e-05,-4.144613038999744008e-05,-4.225718077869603450e-05,-4.311067246573994509e-05,-4.401460733484716348e-05,-4.497603137812203572e-05,-4.600089154014506086e-05,-4.709397854857748649e-05,-4.825893912199047083e-05,-4.949833472760681053e-05,-5.081372014434245671e-05,-5.220571095960865524e-05,-5.367400684537064628e-05,-5.521733546825238298e-05,-5.683328225314949203e-05,-5.851797369138339659e-05,-6.026558928160940956e-05,-6.206769091612326450e-05,-6.391238248044443207e-05,-6.578334923012072344e-05,-6.765888001499045258e-05,-6.951104689259837135e-05,-7.130530607954328477e-05,-7.300088578655028178e-05,-7.455242943297152357e-05,-7.591344671305412387e-05,-7.704216161951881923e-05,-7.791029713956884107e-05,-7.851515737237059044e-05,-7.889501413558484269e-05,-7.914724330466662216e-05,-7.944787600803198291e-05,-8.007026637670408488e-05,-8.139952669237523087e-05,-8.393841910644396183e-05,-8.829977738023382346e-05,-9.518058718368312566e-05,-1.053139171160460291e-04,-1.193972363911763638e-04,-1.379993555580160856e-04,-1.614530450800452340e-04,-1.897456518192601948e-04,-2.224246463084697523e-04,-2.585375734170857137e-04,-2.966249545630446544e-04,-3.347793842061268211e-04,-3.707745778254257834e-04,-4.022562395255995286e-04,-4.269760365505874530e-04,-4.430457652013655798e-04,-4.491954216838324899e-04,-4.450345225373563427e-04,-4.313228743601360939e-04,-4.102104352646046776e-04,-3.852382479347009683e-04,-3.605571802146403677e-04,-3.384040894529337699e-04,-3.137565699428992950e-04,-2.660655833835000447e-04,-1.511486655419456212e-04,9.737504878370791699e-05,5.384648143866810300e-04,1.137484325305614932e-03,1.594133733663180520e-03,1.096052457235952146e-03
0.000000000000000000e+00,0.000000000000000000e+00,0.000000000000000000e+00,0.000000000000000000e+00,0.000000000000000000e+00,0.000000000000000000e+00,0.000000000000000000e+00,0.000000000000000000e+00,0.000000000000000000e+00,0.000000000000000000e+00,0.000000000000000000e+00,0.000000000000000000e+00,0.000000000000000000e+00,0.000000000000000000e+00,0.000000000000000000e+00,0.000000000000000000e+00,0.000000000000000000e+00,0.000000000000000000e+00,0.000000000000000000e+00,0.000000000000000000e+00,0.000000000000000000e+00,0.000000000000000000e+00,0.000000000000000000e+00,0.000000000000000000e+00,0.000000000000000000e+00,0.000000000000000000e+00,0.000000000000000000e+00,0.000000000000000000e+00,0.000000000000000000e+00,0.000000000000000000e+00,0.000000000000000000e+00,0.000000000000000000e+00,0.000000000000000000e+00,0.000000000000000000e+00,0.000000000000000000e+00,0.000000000000000000e+00,0.000000000000000000e+00,0.000000000000000000e+00,0.000000000000000000e+00,0.000000000000000000e+00,0.000000000000000000e+00,0.000000000000000000e+00,0.000000000000000000e+00,0.000000000000000000e+00,0.000000000000000000e+00,0.000000000000000000e+00,0.000000000000000000e+00,0.000000000000000000e+00,0.000000000000000000e+00,0.000000000000000000e+00,0.000000000000000000e+00,0.000000000000000000e+00,0.000000000000000000e+00,0.000000000000000000e+00,0.000000000000000000e+00,0.000000000000000000e+00,0.000000000000000000e+00,0.000000000000000000e+00,0.000000000000000000e+00,0.000000000000000000e+00,0.000000000000000000e+00,0.000000000000000000e+00,0.000000000000000000e+00,0.000000000000000000e+00,0.000000000000000000e+00,0.000000000000000000e+00,0.000000000000000000e+00,0.000000000000000000e+00,0.000000000000000000e+00,0.000000000000000000e+00,0.000000000000000000e+00,0.000000000000000000e+00,0.000000000000000000e+00,0.000000000000000000e+00,0.000000000000000000e+00,0.000000000000000000e+00,0.000000000000000000e+00,0.000000000000000000e+00,0.000000000000000000e+00,0.000000000000000000e+00,0.000000000000000000e+00,0.000000000000000000e+00,0.000000000000000000e+00,0.000000000000000000e+00,0.000000000000000000e+00,0.000000000000000000e+00,0.000000000000000000e+00,0.000000000000000000e+00,0.000000000000000000e+00,0.000000000000000000e+00,0.000000000000000000e+00,0.000000000000000000e+00,0.000000000000000000e+00,0.000000000000000000e+00,0.000000000000000000e+00,0.000000000000000000e+00,0.000000000000000000e+00,0.000000000000000000e+00,0.000000000000000000e+00,0.000000000000000000e+00,0.000000000000000000e+00,0.000000000000000000e+00,0.000000000000000000e+00,0.000000000000000000e+00,0.000000000000000000e+00,0.000000000000000000e+00,0.000000000000000000e+00,0.000000000000000000e+00,0.000000000000000000e+00,0.000000000000000000e+00,0.000000000000000000e+00,0.000000000000000000e+00,0.000000000000000000e+00,0.000000000000000000e+00,0.000000000000000000e+00,0.000000000000000000e+00,0.000000000000000000e+00,0.000000000000000000e+00,0.000000000000000000e+00,0.000000000000000000e+00,0.000000000000000000e+00,0.000000000000000000e+00,0.000000000000000000e+00,0.000000000000000000e+00,0.000000000000000000e+00,0.000000000000000000e+00,0.000000000000000000e+00,0.000000000000000000e+00,0.000000000000000000e+00,0.000000000000000000e+00,0.000000000000000000e+00,0.000000000000000000e+00,0.000000000000000000e+00,0.000000000000000000e+00,0.000000000000000000e+00,0.000000000000000000e+00,0.000000000000000000e+00,0.000000000000000000e+00,0.000000000000000000e+00,0.000000000000000000e+00,0.000000000000000000e+00,0.000000000000000000e+00,0.000000000000000000e+00,0.000000000000000000e+00,0.000000000000000000e+00,0.000000000000000000e+00,0.000000000000000000e+00,0.000000000000000000e+00,0.000000000000000000e+00,0.000000000000000000e+00,0.000000000000000000e+00,0.000000000000000000e+00,0.000000000000000000e+00,0.000000000000000000e+00,0.000000000000000000e+00,0.000000000000000000e+00,0.000000000000000000e+00,0.000000000000000000e+00,0.000000000000000000e+00,0.000000000000000000e+00,0.000000000000000000e+00,0.000000000000000000e+00,0.000000000000000000e+00,0.000000000000000000e+00,0.000000000000000000e+00,0.000000000000000000e+00,0.000000000000000000e+00,0.000000000000000000e+00,0.000000000000000000e+00,0.000000000000000000e+00,0.000000000000000000e+00,0.000000000000000000e+00,0.000000000000000000e+00,0.000000000000000000e+00,0.000000000000000000e+00,0.000000000000000000e+00,0.000000000000000000e+00,0.000000000000000000e+00,0.000000000000000000e+00,0.000000000000000000e+00,0.000000000000000000e+00,0.000000000000000000e+00,0.000000000000000000e+00,0.000000000000000000e+00,0.000000000000000000e+00,0.000000000000000000e+00,-8.186930597738119341e-05,-9.972593778014258732e-05,-1.038331585089986717e-04,-8.974492901119821052e-05,-6.688165129149454353e-05,-4.050659592476399097e-05,-1.663285397173278814e-05,3.286896965778736820e-06,1.772530736671199829e-05,2.660276907980966082e-05,3.045380082565553282e-05,3.026437261760919919e-05,2.714044470476091825e-05,2.218443555606920467e-05,1.630246481479428040e-05,1.018049712650419820e-05,4.261164650876806422e-06,-1.201165606584045732e-06,-6.092496586375803754e-06,-1.037948469058196462e-05,-1.407276507551283251e-05,-1.720109918210139846e-05,-1.980185726299852592e-05,-2.191791283314682310e-05,-2.359858104496104353e-05,-2.490012421466190098e-05,-2.588494108983732298e-05,-2.661907993447290026e-05,-2.716877200283779065e-05,-2.759675500304270839e-05,-2.795905145135936884e-05,-2.830261822564761367e-05,-2.866401803948810466e-05,-2.906908739638975933e-05,-2.953345278709024137e-05,-3.006369730701747293e-05,-3.065896274327007808e-05,-3.131278484887468048e-05,-3.201498133273343285e-05,-3.275344647420850512e-05,-3.351573837147032303e-05,-3.429038488363751242e-05,-3.506786489077854486e-05,-3.584125710839303859e-05,-3.660657013019889198e-05,-3.736279175835608834e-05,-3.811170469511490541e-05,-3.885752711611843799e-05,-3.960643450244365465e-05,-4.036602006820608885e-05,-4.114474172357079852e-05,-4.195139819161350370e-05,-4.279466453741959640e-05,-4.368270973683416309e-05,-4.462290689337543341e-05,-4.562163949984550978e-05,-4.668419731637212634e-05,-4.781474995187636341e-05,-4.901637910811683347e-05,-5.029114684300818160e-05,-5.164017237429033134e-05,-5.306368779864482400e-05,-5.456104006852383141e-05,-5.613060599779143680e-05,-5.776958679040924705e-05,-5.947365222610834527e-05,-6.123641186008451081e-05,-6.304870602431775488e-05,-6.489773463016419480e-05,-6.676608212521941668e-05,-6.863075440500169655e-05,-7.046242143574694050e-05,-7.222515551433959953e-05,-7.387706468980449542e-05,-7.537232943592677618e-05,-7.666523672110133782e-05,-7.771683502066255907e-05,-7.850476455192176490e-05,-7.903659852540715377e-05,-7.936661569087705094e-05,-7.961527546668120637e-05,-7.998978033318585425e-05,-8.080303258024258640e-05,-8.248714618959226302e-05,-8.559667242881529149e-05,-9.079614522516630019e-05,-9.882682307314099353e-05,-1.104489717513554731e-04,-1.263589678258355859e-04,-1.470849206589849921e-04,-1.728700336068948718e-04,-2.035586601401360009e-04,-2.385046041255860965e-04,-2.765230135523165313e-04,-3.159047810621794954e-04,-3.545050133773199985e-04,-3.899058013832530666e-04,-4.196412011261493207e-04,-4.414642282834072332e-04,-4.536372723730908315e-04,-4.552395867636213297e-04,-4.464939907716844849e-04,-4.290770872425055224e-04,-4.062199893143328563e-04,-3.820661468766543638e-04,-3.592892867916315622e-04,-3.337595936380604623e-04,-2.859282580260535033e-04,-1.718296149313422265e-04,7.672642333367782894e-05,5.231328702367012140e-04,1.137621647076458940e-03,1.616901982731398660e-03,1.120818280728502932e-03
0.000000000000000000e+00,0.000000000000000000e+00,0.000000000000000000e+00,0.000000000000000000e+00,0.000000000000000000e+00,0.000000000000000000e+00,0.000000000000000000e+00,0.000000000000000000e+00,0.000000000000000000e+00,0.000000000000000000e+00,0.000000000000000000e+00,0.000000000000000000e+00,0.000000000000000000e+00,0.000000000000000000e+00,0.000000000000000000e+00,0.000000000000000000e+00,0.000000000000000000e+00,0.000000000000000000e+00,0.000000000000000000e+00,0.000000000000000000e+00,0.000000000000000000e+00,0.000000000000000000e+00,0.000000000000000000e+00,0.000000000000000000e+00,0.000000000000000000e+00,0.000000000000000000e+00,0.000000000000000000e+00,0.000000000000000000e+00,0.000000000000000000e+00,0.000000000000000000e+00,0.000000000000000000e+00,0.000000000000000000e+00,0.000000000000000000e+00,0.000000000000000000e+00,0.000000000000000000e+00,0.000000000000000000e+00,0.000000000000000000e+00,0.000000000000000000e+00,0.000000000000000000e+00,0.000000000000000000e+00,0.000000000000000000e+00,0.000000000000000000e+00,0.000000000000000000e+00,0.000000000000000000e+00,0.000000000000000000e+00,0.000000000000000000e+00,0.000000000000000000e+00,0.000000000000000000e+00,0.000000000000000000e+00,0.000000000000000000e+00,0.000000000000000000e+00,0.000000000000000000e+00,0.000000000000000000e+00,0.000000000000000000e+00,0.000000000000000000e+00,0.000000000000000000e+00,0.000000000000000000e+00,0.000000000000000000e+00,0.000000000000000000e+00,0.000000000000000000e+00,0.000000000000000000e+00,0.000000000000000000e+00,0.000000000000000000e+00,0.000000000000000000e+00,0.000000000000000000e+00,0.000000000000000000e+00,0.000000000000000000e+00,0.000000000000000000e+00,0.000000000000000000e+00,0.000000000000000000e+00,0.000000000000000000e+00,0.000000000000000000e+00,0.000000000000000000e+00,0.000000000000000000e+00,0.000000000000000000e+00,0.000000000000000000e+00,0.000000000000000000e+00,0.000000000000000000e+00,0.000000000000000000e+00,0.000000000000000000e+00,0.000000000000000000e+00,0.000000000000000000e+00,0.000000000000000000e+00,0.000000000000000000e+00,0.000000000000000000e+00,0.000000000000000000e+00,0.000000000000000000e+00,0.000000000000000000e+00,0.000000000000000000e+00,0.000000000000000000e+00,0.000000000000000000e+00,0.000000000000000000e+00,0.000000000000000000e+00,0.000000000000000000e+00,0.000000000000000000e+00,0.000000000000000000e+00,0.000000000000000000e+00,0.000000000000000000e+00,0.000000000000000000e+00,0.000000000000000000e+00,0.000000000000000000e+00,0.000000000000000000e+00,0.000000000000000000e+00,0.000000000000000000e+00,0.000000000000000000e+00,0.000000000000000000e+00,0.000000000000000000e+00,0.000000000000000000e+00,0.000000000000000000e+00,0.000000000000000000e+00,0.000000000000000000e+00,0.000000000000000000e+00,0.000000000000000000e+00,0.000000000000000000e+00,0.000000000000000000e+00,0.000000000000000000e+00,0.000000000000000000e+00,0.000000000000000000e+00,0.000000000000000000e+00,0.000000000000000000e+00,0.000000000000000000e+00,0.000000000000000000e+00,0.000000000000000000e+00,0.000000000000000000e+00,0.000000000000000000e+00,0.000000000000000000e+00,0.000000000000000000e+00,0.000000000000000000e+00,0.000000000000000000e+00,0.000000000000000000e+00,0.000000000000000000e+00,0.000000000000000000e+00,0.000000000000000000e+00,0.000000000000000000e+00,0.000000000000000000e+00,0.000000000000000000e+00,0.000000000000000000e+00,0.000000000000000000e+00,0.000000000000000000e+00,0.000000000000000000e+00,0.000000000000000000e+00,0.000000000000000000e+00,0.000000000000000000e+00,0.000000000000000000e+00,0.000000000000000000e+00,0.000000000000000000e+00,0.000000000000000000e+00,0.000000000000000000e+00,0.000000000000000000e+00,0.000000000000000000e+00,0.000000000000000000e+00,0.000000000000000000e+00,0.000000000000000000e+00,0.000000000000000000e+00,0.000000000000000000e+00,0.000000000000000000e+00,0.000000000000000000e+00,0.000000000000000000e+00,0.000000000000000000e+00,0.000000000000000000e+00,0.000000000000000000e+00,0.000000000000000000e+00,0.000000000000000000e+00,0.000000000000000000e+00,0.000000000000000000e+00,0.000000000000000000e+00,0.000000000000000000e+00,0.000000000000000000e+00,0.000000000000000000e+00,0.000000000000000000e+00,0.000000000000000000e+00,0.000000000000000000e+00,0.000000000000000000e+00,0.000000000000000000e+00,0.000000000000000000e+00,0.000000000000000000e+00,0.000000000000000000e+00,0.000000000000000000e+00,0.000000000000000000e+00,0.000000000000000000e+00,0.000000000000000000e+00,0.000000000000000000e+00,0.000000000000000000e+00,0.000000000000000000e+00,0.000000000000000000e+00,0.000000000000000000e+00,0.000000000000000000e+00,-8.565206046212071509e-05,-1.058106831327524245e-04,-9.936486684733872104e-05,-7.720456716759876276e-05,-5.264329204707252389e-05,-2.726618793566238982e-05,-5.250972449396672840e-06,1.166961278419292006e-05,2.297411311470099675e-05,2.894782285771287846e-05,3.038406588247506931e-05,2.842392593784230507e-05,2.419753260380603802e-05,1.872532585816778504e-05,1.277904527386358923e-05,6.888619823774834412e-06,1.359155495289295705e-06,-3.658359003625762564e-06,-8.113013752349629781e-06,-1.200296270154746557e-05,-1.534844127394075077e-05,-1.817753763875229356e-05,-2.052344786131849260e-05,-2.242554503077200608e-05,-2.393106293943414993e-05,-2.509515288409024084e-05,-2.597899183440235295e-05,-2.664652249273561299e-05,-2.716063453571558451e-05,-2.757958232467292957e-05,-2.795413128167178608e-05,-2.832567839814251616e-05,-2.872538410323941207e-05,-2.917420456088532958e-05,-2.968366551823831075e-05,-3.025716611758469963e-05,-3.089162610071593618e-05,-3.157928093264308526e-05,-3.230947584277542545e-05,-3.307032134313569468e-05,-3.385012316041254894e-05,-3.463851942787060493e-05,-3.542730268217339083e-05,-3.621092188184781740e-05,-3.698669193883716804e-05,-3.775474705842115134e-05,-3.851779195470858303e-05,-3.928070373623168622e-05,-4.005004272531831680e-05,-4.083352166922351863e-05,-4.163948025214743621e-05,-4.247639933598237042e-05,-4.335248313628536730e-05,-4.427532479995302485e-05,-4.525166420437713136e-05,-4.628723598981826222e-05,-4.738670057200293983e-05,-4.855364285236166236e-05,-4.979061996474721922e-05,-5.109923392112836443e-05,-5.248020313772396679e-05,-5.393340315312387441e-05,-5.545784602528754049e-05,-5.705156594798139064e-05,-5.871138000595980543e-05,-6.043249553892498458e-05,-6.220794450110769163e-05,-6.402784057386660380e-05,-6.587848296111938832e-05,-6.774137347484550581e-05,-6.959227675254261590e-05,-7.140053722115405116e-05,-7.312897144375686597e-05,-7.473477174058153487e-05,-7.617197294349065226e-05,-7.739612111957078254e-05,-7.837180504648773739e-05,-7.908361764377885622e-05,-7.955085150607850658e-05,-7.984574485111068645e-05,-8.011434662043969291e-05,-8.059806112224347308e-05,-8.165272930797846680e-05,-8.376085526426571082e-05,-8.753155363925856937e-05,-9.368233478831760816e-05,-1.029973922953172737e-04,-1.162590173750675029e-04,-1.341524008253085307e-04,-1.571493152836869983e-04,-1.853824463866600523e-04,-2.185282909511463735e-04,-2.557209259449406470e-04,-2.955196952254461693e-04,-3.359495883108223045e-04,-3.746236038571964318e-04,-4.089438066677432274e-04,-4.363666642728921069e-04,-4.547149292266921715e-04,-4.625258808951099830e-04,-4.594339963712779952e-04,-4.465554647635530108e-04,-4.266964117939270372e-04,-4.038653042179545351e-04,-3.810638414597636368e-04,-3.550128556913192154e-04,-3.072328621973622275e-04,-1.941439174699425218e-04,5.410134200932379116e-05,5.054001549473281134e-04,1.135293540432303835e-03,1.638091365457479106e-03,1.145495584895739761e-03
0.000000000000000000e+00,0.000000000000000000e+00,0.000000000000000000e+00,0.000000000000000000e+00,0.000000000000000000e+00,0.000000000000000000e+00,0.000000000000000000e+00,0.000000000000000000e+00,0.000000000000000000e+00,0.000000000000000000e+00,0.000000000000000000e+00,0.000000000000000000e+00,0.000000000000000000e+00,0.000000000000000000e+00,0.000000000000000000e+00,0.000000000000000000e+00,0.000000000000000000e+00,0.000000000000000000e+00,0.000000000000000000e+00,0.000000000000000000e+00,0.000000000000000000e+00,0.000000000000000000e+00,0.000000000000000000e+00,0.000000000000000000e+00,0.000000000000000000e+00,0.000000000000000000e+00,0.000000000000000000e+00,0.000000000000000000e+00,0.000000000000000000e+00,0.000000000000000000e+00,0.000000000000000000e+00,0.000000000000000000e+00,0.000000000000000000e+00,0.000000000000000000e+00,0.000000000000000000e+00,0.000000000000000000e+00,0.000000000000000000e+00,0.000000000000000000e+00,0.000000000000000000e+00,0.000000000000000000e+00,0.000000000000000000e+00,0.000000000000000000e+00,0.000000000000000000e+00,0.000000000000000000e+00,0.000000000000000000e+00,0.000000000000000000e+00,0.000000000000000000e+00,0.000000000000000000e+00,0.000000000000000000e+00,0.000000000000000000e+00,0.000000000000000000e+00,0.000000000000000000e+00,0.000000000000000000e+00,0.000000000000000000e+00,0.000000000000000000e+00,0.000000000000000000e+00,0.000000000000000000e+00,0.000000000000000000e+00,0.000000000000000000e+00,0.000000000000000000e+00,0.000000000000000000e+00,0.000000000000000000e+00,0.000000000000000000e+00,0.000000000000000000e+00,0.000000000000000000e+00,0.000000000000000000e+00,0.000000000000000000e+00,0.000000000000000000e+00,0.000000000000000000e+00,0.000000000000000000e+00,0.000000000000000000e+00,0.000000000000000000e+00,0.000000000000000000e+00,0.000000000000000000e+00,0.000000000000000000e+00,0.000000000000000000e+00,0.000000000000000000e+00,0.000000000000000000e+00,0.000000000000000000e+00,0.000000000000000000e+00,0.000000000000000000e+00,0.000000000000000000e+00,0.000000000000000000e+00,0.000000000000000000e+00,0.000000000000000000e+00,0.000000000000000000e+00,0.000000000000000000e+00,0.000000000000000000e+00,0.000000000000000000e+00,0.000000000000000000e+00,0.000000000000000000e+00,0.000000000000000000e+00,0.000000000000000000e+00,0.000000000000000000e+00,0.000000000000000000e+00,0.000000000000000000e+00,0.000000000000000000e+00,0.000000000000000000e+00,0.000000000000000000e+00,0.000000000000000000e+00,0.000000000000000000e+00,0.000000000000000000e+00,0.000000000000000000e+00,0.000000000000000000e+00,0.000000000000000000e+00,0.000000000000000000e+00,0.000000000000000000e+00,0.000000000000000000e+00,0.000000000000000000e+00,0.000000000000000000e+00,0.000000000000000000e+00,0.000000000000000000e+00,0.000000000000000000e+00,0.000000000000000000e+00,0.000000000000000000e+00,0.000000000000000000e+00,0.000000000000000000e+00,0.000000000000000000e+00,0.000000000000000000e+00,0.000000000000000000e+00,0.000000000000000000e+00,0.000000000000000000e+00,0.000000000000000000e+00,0.000000000000000000e+00,0.000000000000000000e+00,0.000000000000000000e+00,0.000000000000000000e+00,0.000000000000000000e+00,0.000000000000000000e+00,0.000000000000000000e+00,0.000000000000000000e+00,0.000000000000000000e+00,0.000000000000000000e+00,0.000000000000000000e+00,0.000000000000000000e+00,0.000000000000000000e+00,0.000000000000000000e+00,0.000000000000000000e+00,0.000000000000000000e+00,0.000000000000000000e+00,0.000000000000000000e+00,0.000000000000000000e+00,0.000000000000000000e+00,0.000000000000000000e+00,0.000000000000000000e+00,0.000000000000000000e+00,0.000000000000000000e+00,0.000000000000000000e+00,0.000000000000000000e+00,0.000000000000000000e+00,0.000000000000000000e+00,0.000000000000000000e+00,0.000000000000000000e+00,0.000000000000000000e+00,0.000000000000000000e+00,0.000000000000000000e+00,0.000000000000000000e+00,0.000000000000000000e+00,0.000000000000000000e+00,0.000000000000000000e+00,0.000000000000000000e+00,0.000000000000000000e+00,0.000000000000000000e+00,0.000000000000000000e+00,0.000000000000000000e+00,0.000000000000000000e+00,0.000000000000000000e+00,0.000000000000000000e+00,0.000000000000000000e+00,0.000000000000000000e+00,0.000000000000000000e+00,0.000000000000000000e+00,0.000000000000000000e+00,0.000000000000000000e+00,0.000000000000000000e+00,0.000000000000000000e+00,0.000000000000000000e+00,0.000000000000000000e+00,0.000000000000000000e+00,0.000000000000000000e+00,0.000000000000000000e+00,0.000000000000000000e+00,0.000000000000000000e+00,0.000000000000000000e+00,0.000000000000000000e+00,0.000000000000000000e+00,0.000000000000000000e+00,0.000000000000000000e+00,-1.030808273314094719e-04,-9.983588707701097702e-05,-8.748429593116658005e-05,-6.405812399995895767e-05,-3.825198767124274156e-05,-1.472693388903493586e-05,4.557248701352476370e-06,1.838324159072466285e-05,2.657835069017569919e-05,2.984688344396934856e-05,2.920319015034537115e-05,2.585323496509313272e-05,2.088926097296721118e-05,1.520055951690573137e-05,9.396284644509874791e-06,3.850378394259315526e-06,-1.251064379118786243e-06,-5.834581585528474461e-06,-9.887855001158221888e-06,-1.342289169363244826e-05,-1.645989514451105893e-05,-1.902285231857343755e-05,-2.114114126372508242e-05,-2.285228837103105138e-05,-2.420302118123992023e-05,-2.524821501513468066e-05,-2.604796005865675975e-05,-2.666379389466633760e-05,-2.715485440152574394e-05,-2.757461359598799161e-05,-2.796849305282676066e-05,-2.837246787059213485e-05,-2.881260855532091016e-05,-2.930541932412850171e-05,-2.985880203255531995e-05,-3.047345260336870818e-05,-3.114451084530443125e-05,-3.186329575249760240e-05,-3.261898575545060612e-05,-3.340013313256353874e-05,-3.419593246761767419e-05,-3.499719868151783601e-05,-3.579703583738071414e-05,-3.659120825760997828e-05,-3.737824044884290454e-05,-3.815929149080339648e-05,-3.893785270519480762e-05,-3.971932508784991309e-05,-4.051052690242832834e-05,-4.131918102510556570e-05,-4.215342035282878576e-05,-4.302134428423049905e-05,-4.393064663919834492e-05,-4.488832897710152254e-05,-4.590050195060152389e-05,-4.697227197319418644e-05,-4.810770178793308981e-05,-4.930983006733620771e-05,-5.058072920584253269e-05,-5.192157870455304820e-05,-5.333272756548457493e-05,-5.481371832275549685e-05,-5.636324261458234360e-05,-5.797899839948459332e-05,-5.965741855452902977e-05,-6.139324493509373218e-05,-6.317892978591745860e-05,-6.500386420592268566e-05,-6.685346230248789541e-05,-6.870817713122057320e-05,-7.054259201647096488e-05,-7.232482311526046100e-05,-7.401658209725055931e-05,-7.557437544832811265e-05,-7.695243938011587289e-05,-7.810809878612908928e-05,-7.901025017024423860e-05,-7.965154820432221515e-05,-8.006455941705618753e-05,-8.034157682178659260e-05,-8.065692731072582799e-05,-8.128945847453436578e-05,-8.264154710509032749e-05,-8.524961649419713272e-05,-8.978009734724361277e-05,-9.700444201278642044e-05,-1.077476998961178110e-04,-1.228077204754849956e-04,-1.428465100182368659e-04,-1.682614180527059855e-04,-1.990508943683556744e-04,-2.346960289733072914e-04,-2.740830301132901148e-04,-3.154911470122298014e-04,-3.566642294915822850e-04,-3.949728059291591825e-04,-4.276610422210137103e-04,-4.521652380302283183e-04,-4.664928940873202309e-04,-4.696572884902897147e-04,-4.621373881723968920e-04,-4.461992588129436122e-04,-4.255773618973956855e-04,-4.034699437551150141e-04,-3.773781974168644764e-04,-3.299387113787116861e-04,-2.181238835018510774e-04,2.939895868241443450e-05,4.850803962233507711e-04,1.130227460893478255e-03,1.657422392659246889e-03,1.169971147517488144e-03
0.000000000000000000e+00,0.000000000000000000e+00,0.000000000000000000e+00,0.000000000000000000e+00,0.000000000000000000e+00,0.000000000000000000e+00,0.000000000000000000e+00,0.000000000000000000e+00,0.000000000000000000e+00,0.000000000000000000e+00,0.000000000000000000e+00,0.000000000000000000e+00,0.000000000000000000e+00,0.000000000000000000e+00,0.000000000000000000e+00,0.000000000000000000e+00,0.000000000000000000e+00,0.000000000000000000e+00,0.000000000000000000e+00,0.000000000000000000e+00,0.000000000000000000e+00,0.000000000000000000e+00,0.000000000000000000e+00,0.000000000000000000e+00,0.000000000000000000e+00,0.000000000000000000e+00,0.000000000000000000e+00,0.000000000000000000e+00,0.000000000000000000e+00,0.000000000000000000e+00,0.000000000000000000e+00,0.000000000000000000e+00,0.000000000000000000e+00,0.000000000000000000e+00,0.000000000000000000e+00,0.000000000000000000e+00,0.000000000000000000e+00,0.000000000000000000e+00,0.000000000000000000e+00,0.000000000000000000e+00,0.000000000000000000e+00,0.000000000000000000e+00,0.000000000000000000e+00,0.000000000000000000e+00,0.000000000000000000e+00,0.000000000000000000e+00,0.000000000000000000e+00,0.000000000000000000e+00,0.000000000000000000e+00,0.000000000000000000e+00,0.000000000000000000e+00,0.000000000000000000e+00,0.000000000000000000e+00,0.000000000000000000e+00,0.000000000000000000e+00,0.000000000000000000e+00,0.000000000000000000e+00,0.000000000000000000e+00,0.000000000000000000e+00,0.000000000000000000e+00,0.000000000000000000e+00,0.000000000000000000e+00,0.000000000000000000e+00,0.000000000000000000e+00,0.000000000000000000e+00,0.000000000000000000e+00,0.000000000000000000e+00,0.000000000000000000e+00,0.000000000000000000e+00,0.000000000000000000e+00,0.000000000000000000e+00,0.000000000000000000e+00,0.000000000000000000e+00,0.000000000000000000e+00,0.000000000000000000e+00,0.000000000000000000e+00,0.000000000000000000e+00,0.000000000000000000e+00,0.000000000000000000e+00,0.000000000000000000e+00,0.000000000000000000e+00,0.000000000000000000e+00,0.000000000000000000e+00,0.000000000000000000e+00,0.000000000000000000e+00,0.000000000000000000e+00,0.000000000000000000e+00,0.000000000000000000e+00,0.000000000000000000e+00,0.000000000000000000e+00,0.000000000000000000e+00,0.000000000000000000e+00,0.000000000000000000e+00,0.000000000000000000e+00,0.000000000000000000e+00,0.000000000000000000e+00,0.000000000000000000e+00,0.000000000000000000e+00,0.000000000000000000e+00,0.000000000000000000e+00,0.000000000000000000e+00,0.000000000000000000e+00,0.000000000000000000e+00,0.000000000000000000e+00,0.000000000000000000e+00,0.000000000000000000e+00,0.000000000000000000e+00,0.000000000000000000e+00,0.000000000000000000e+00,0.000000000000000000e+00,0.000000000000000000e+00,0.000000000000000000e+00,0.000000000000000000e+00,0.000000000000000000e+00,0.000000000000000000e+00,0.000000000000000000e+00,0.000000000000000000e+00,0.000000000000000000e+00,0.000000000000000000e+00,0.000000000000000000e+00,0.000000000000000000e+00,0.000000000000000000e+00,0.000000000000000000e+00,0.000000000000000000e+00,0.000000000000000000e+00,0.000000000000000000e+00,0.000000000000000000e+00,0.000000000000000000e+00,0.000000000000000000e+00,0.000000000000000000e+00,0.000000000000000000e+00,0.000000000000000000e+00,0.000000000000000000e+00,0.000000000000000000e+00,0.000000000000000000e+00,0.000000000000000000e+00,0.000000000000000000e+00,0.000000000000000000e+00,0.000000000000000000e+00,0.000000000000000000e+00,0.000000000000000000e+00,0.000000000000000000e+00,0.000000000000000000e+00,0.000000000000000000e+00,0.000000000000000000e+00,0.000000000000000000e+00,0.000000000000000000e+00,0.000000000000000000e+00,0.000000000000000000e+00,0.000000000000000000e+00,0.000000000000000000e+00,0.000000000000000000e+00,0.000000000000000000e+00,0.000000000000000000e+00,0.000000000000000000e+00,0.000000000000000000e+00,0.000000000000000000e+00,0.000000000000000000e+00,0.000000000000000000e+00,0.000000000000000000e+00,0.000000000000000000e+00,0.000000000000000000e+00,0.000000000000000000e+00,0.000000000000000000e+00,0.000000000000000000e+00,0.000000000000000000e+00,0.000000000000000000e+00,0.000000000000000000e+00,0.000000000000000000e+00,0.000000000000000000e+00,0.000000000000000000e+00,0.000000000000000000e+00,0.000000000000000000e+00,0.000000000000000000e+00,0.000000000000000000e+00,0.000000000000000000e+00,0.000000000000000000e+00,0.000000000000000000e+00,0.000000000000000000e+00,0.000000000000000000e+00,0.000000000000000000e+00,0.000000000000000000e+00,0.000000000000000000e+00,0.000000000000000000e+00,0.000000000000000000e+00,0.000000000000000000e+00,0.000000000000000000e+00,0.000000000000000000e+00,-9.331728088736237505e-05,-1.045064878285174685e-04,-9.587090453380835739e-05,-7.426692975207777362e-05,-4.986122249093166643e-05,-2.500351634416460685e-05,-3.485015156625422882e-06,1.274484039656203001e-05,2.334497631267496725e-05,2.859001964190420117e-05,2.944869900864754102e-05,2.710731836808130774e-05,2.276845345952542516e-05,1.741197435348262830e-05,1.175690927155313231e-05,6.241972298267442825e-06,1.100322102344902284e-06,-3.572859777430785092e-06,-7.753583709088952711e-06,-1.144717849356012264e-05,-1.466728686983225462e-05,-1.742957722377601857e-05,-1.975386249843173015e-05,-2.166756349275568213e-05,-2.320818318857626912e-05,-2.442302485310011425e-05,-2.536690887288422803e-05,-2.609852863962470660e-05,-2.667651061970720895e-05,-2.715582149528980623e-05,-2.758494104551853713e-05,-2.800398183402529563e-05,-2.844373132628226315e-05,-2.892554796338693725e-05,-2.946193555156998524e-05,-3.005764952718277847e-05,-3.071113927880603586e-05,-3.141617656132421457e-05,-3.216350651206432998e-05,-3.294240798794914040e-05,-3.374205869875457331e-05,-3.455264884124256545e-05,-3.536620339864590088e-05,-3.617711229560391655e-05,-3.698238040141410310e-05,-3.778163496249828032e-05,-3.857693206308406025e-05,-3.937241600522727047e-05,-4.017388087322591343e-05,-4.098828569888899985e-05,-4.182326431626934759e-05,-4.268666723172326636e-05,-4.358616036105712819e-05,-4.452889960889422550e-05,-4.552128851263705317e-05,-4.656882079779684153e-05,-4.767600032286166021e-05,-4.884632730202285924e-05,-5.008233315191556594e-05,-5.138564460160521022e-05,-5.275705342977412421e-05,-5.419656763724254943e-05,-5.570341681459052465e-05,-5.727598435686446886e-05,-5.891163719613052782e-05,-6.060642535588303887e-05,-6.235462610055229633e-05,-6.414811736124127284e-05,-6.597558233673866284e-05,-6.782157984250713892e-05,-6.966556488841882876e-05,-7.148101883451229402e-05,-7.323494771529405630e-05,-7.488813167445063166e-05,-7.639664548774416592e-05,-7.771530207042676099e-05,-7.880376087103827757e-05,-7.963604431619121407e-05,-8.021405224834978604e-05,-8.058528865735463973e-05,-8.086434896809075606e-05,-8.125672465517308962e-05,-8.208217930530631139e-05,-8.379345037459078657e-05,-8.698456200068004887e-05,-9.238198062541421297e-05,-1.008117009622714163e-04,-1.131366895865437602e-04,-1.301623934312830678e-04,-1.525134460722301873e-04,-1.804918781607764541e-04,-2.139350153558085071e-04,-2.520979109287909575e-04,-2.935884061479447659e-04,-3.363806034976088216e-04,-3.779242882958122672e-04,-4.153556358829032548e-04,-4.458041041423848770e-04,-4.667874563454570570e-04,-4.766892699416296801e-04,-4.752911021545367016e-04,-4.642097903723366300e-04,-4.467594772464737003e-04,-4.261825235339327788e-04,-4.006595800016390973e-04,-3.539624425954552233e-04,-2.437745198065449897e-04,2.532118185726353700e-06,4.619870604400534275e-04,1.122134779559916511e-03,1.674588791302965719e-03,1.194116743249185129e-03
0.000000000000000000e+00,0.000000000000000000e+00,0.000000000000000000e+00,0.000000000000000000e+00,0.000000000000000000e+00,0.000000000000000000e+00,0.000000000000000000e+00,0.000000000000000000e+00,0.000000000000000000e+00,0.000000000000000000e+00,0.000000000000000000e+00,0.000000000000000000e+00,0.000000000000000000e+00,0.000000000000000000e+00,0.000000000000000000e+00,0.000000000000000000e+00,0.000000000000000000e+00,0.000000000000000000e+00,0.000000000000000000e+00,0.000000000000000000e+00,0.000000000000000000e+00,0.000000000000000000e+00,0.000000000000000000e+00,0.000000000000000000e+00,0.000000000000000000e+00,0.000000000000000000e+00,0.000000000000000000e+00,0.000000000000000000e+00,0.000000000000000000e+00,0.000000000000000000e+00,0.000000000000000000e+00,0.000000000000000000e+00,0.000000000000000000e+00,0.000000000000000000e+00,0.000000000000000000e+00,0.000000000000000000e+00,0.000000000000000000e+00,0.000000000000000000e+00,0.000000000000000000e+00,0.000000000000000000e+00,0.000000000000000000e+00,0.000000000000000000e+00,0.000000000000000000e+00,0.000000000000000000e+00,0.000000000000000000e+00,0.000000000000000000e+00,0.000000000000000000e+00,0.000000000000000000e+00,0.000000000000000000e+00,0.000000000000000000e+00,0.000000000000000000e+00,0.000000000000000000e+00,0.000000000000000000e+00,0.000000000000000000e+00,0.000000000000000000e+00,0.000000000000000000e+00,0.000000000000000000e+00,0.000000000000000000e+00,0.000000000000000000e+00,0.000000000000000000e+00,0.000000000000000000e+00,0.000000000000000000e+00,0.000000000000000000e+00,0.000000000000000000e+00,0.000000000000000000e+00,0.000000000000000000e+00,0.000000000000000000e+00,0.000000000000000000e+00,0.000000000000000000e+00,0.000000000000000000e+00,0.000000000000000000e+00,0.000000000000000000e+00,0.000000000000000000e+00,0.000000000000000000e+00,0.000000000000000000e+00,0.000000000000000000e+00,0.000000000000000000e+00,0.000000000000000000e+00,0.000000000000000000e+00,0.000000000000000000e+00,0.000000000000000000e+00,0.000000000000000000e+00,0.000000000000000000e+00,0.000000000000000000e+00,0.000000000000000000e+00,0.000000000000000000e+00,0.000000000000000000e+00,0.000000000000000000e+00,0.000000000000000000e+00,0.000000000000000000e+00,0.000000000000000000e+00,0.000000000000000000e+00,0.000000000000000000e+00,0.000000000000000000e+00,0.000000000000000000e+00,0.000000000000000000e+00,0.000000000000000000e+00,0.000000000000000000e+00,0.000000000000000000e+00,0.000000000000000000e+00,0.000000000000000000e+00,0.000000000000000000e+00,0.000000000000000000e+00,0.000000000000000000e+00,0.000000000000000000e+00,0.000000000000000000e+00,0.000000000000000000e+00,0.000000000000000000e+00,0.000000000000000000e+00,0.000000000000000000e+00,0.000000000000000000e+00,0.000000000000000000e+00,0.000000000000000000e+00,0.000000000000000000e+00,0.000000000000000000e+00,0.000000000000000000e+00,0.000000000000000000e+00,0.000000000000000000e+00,0.000000000000000000e+00,0.000000000000000000e+00,0.000000000000000000e+00,0.000000000000000000e+00,0.000000000000000000e+00,0.000000000000000000e+00,0.000000000000000000e+00,0.000000000000000000e+00,0.000000000000000000e+00,0.000000000000000000e+00,0.000000000000000000e+00,0.000000000000000000e+00,0.000000000000000000e+00,0.000000000000000000e+00,0.000000000000000000e+00,0.000000000000000000e+00,0.000000000000000000e+00,0.000000000000000000e+00,0.000000000000000000e+00,0.000000000000000000e+00,0.000000000000000000e+00,0.000000000000000000e+00,0.000000000000000000e+00,0.000000000000000000e+00,0.000000000000000000e+00,0.000000000000000000e+00,0.000000000000000000e+00,0.000000000000000000e+00,0.000000000000000000e+00,0.000000000000000000e+00,0.000000000000000000e+00,0.000000000000000000e+00,0.000000000000000000e+00,0.000000000000000000e+00,0.000000000000000000e+00,0.000000000000000000e+00,0.000000000000000000e+00,0.000000000000000000e+00,0.000000000000000000e+00,0.000000000000000000e+00,0.000000000000000000e+00,0.000000000000000000e+00,0.000000000000000000e+00,0.000000000000000000e+00,0.000000000000000000e+00,0.000000000000000000e+00,0.000000000000000000e+00,0.000000000000000000e+00,0.000000000000000000e+00,0.000000000000000000e+00,0.000000000000000000e+00,0.000000000000000000e+00,0.000000000000000000e+00,0.000000000000000000e+00,0.000000000000000000e+00,0.000000000000000000e+00,0.000000000000000000e+00,0.000000000000000000e+00,0.000000000000000000e+00,0.000000000000000000e+00,0.000000000000000000e+00,0.000000000000000000e+00,0.000000000000000000e+00,0.000000000000000000e+00,0.000000000000000000e+00,0.000000000000000000e+00,0.000000000000000000e+00,0.000000000000000000e+00,0.000000000000000000e+00,0.000000000000000000e+00,0.000000000000000000e+00,-1.045709693027090169e-04,-9.811948476646224250e-05,-8.492884102620314505e-05,-6.140871205657831100e-05,-3.569668087941148493e-05,-1.259484717131615272e-05,6.131949871203851041e-06,1.918139626111247639e-05,2.658729358709782732e-05,2.910473454980682181e-05,2.793734305064487440e-05,2.432650116334973570e-05,1.939045943164496901e-05,1.394191752472321528e-05,8.506945642291015956e-06,3.366872569163090927e-06,-1.356612214419335844e-06,-5.627654890529320181e-06,-9.446394754055904299e-06,-1.282106539769686893e-05,-1.576067652226615713e-05,-1.827595287682639389e-05,-2.038444446883543111e-05,-2.211380334661675095e-05,-2.350284342424104828e-05,-2.459982209308909169e-05,-2.545919908311739736e-05,-2.613769290312918507e-05,-2.669047955340728598e-05,-2.716802062738332745e-05,-2.761372652417271644e-05,-2.806254644264958613e-05,-2.854039515145350084e-05,-2.906433280818121267e-05,-2.964332551692346859e-05,-3.027944365154387667e-05,-3.096932227348257320e-05,-3.170573926117980769e-05,-3.247917171387038228e-05,-3.327922411561173410e-05,-3.409584739477923592e-05,-3.492029831831034619e-05,-3.574581860486198071e-05,-3.656803491094880583e-05,-3.738510432835722786e-05,-3.819764033783054386e-05,-3.900846720340409387e-05,-3.982225045627103756e-05,-4.064505458392129398e-05,-4.148387127436206081e-05,-4.234615867650640711e-05,-4.323942082243050205e-05,-4.417085069037795511e-05,-4.514704881566570908e-05,-4.617382371251455855e-05,-4.725607066459283927e-05,-4.839772143180865165e-05,-4.960175045428531125e-05,-5.087022118567971566e-05,-5.220435172150059475e-05,-5.360457841624867160e-05,-5.507059318086912218e-05,-5.660133009045492463e-05,-5.819487443450236525e-05,-5.984826759279515159e-05,-6.155718042897101959e-05,-6.331543227521559505e-05,-6.511434087681463624e-05,-6.694190869923928990e-05,-6.878188437717204420e-05,-7.061279383342757552e-05,-7.240711563022174662e-05,-7.413088503394165134e-05,-7.574414563049792083e-05,-7.720281759378276631e-05,-7.846269179347106835e-05,-7.948635183343218439e-05,-8.025381317778272497e-05,-8.077747937224025632e-05,-8.112156881111150491e-05,-8.142539019307162005e-05,-8.192870240499715458e-05,-8.299591395469588814e-05,-8.513420195956342737e-05,-8.899904386509335374e-05,-9.537962058063070283e-05,-1.051566466973043168e-04,-1.192270725929931287e-04,-1.383942499629137743e-04,-1.632287051827051067e-04,-1.939129723170873818e-04,-2.300926423165771696e-04,-2.707624945751553190e-04,-3.142189289111084124e-04,-3.581059070230568149e-04,-3.995721026999222991e-04,-4.355455080074118715e-04,-4.631249758044051943e-04,-4.800858129541138528e-04,-4.854758101891913668e-04,-4.801664214519223216e-04,-4.669038489077633781e-04,-4.488041013769998610e-04,-4.245948053345865959e-04,-3.791691636825107975e-04,-2.710659808075212675e-04,-2.656695302214759716e-05,4.359368558077316423e-04,1.110711750888029826e-03,1.689255921193084020e-03,1.217787643035380708e-03
0.000000000000000000e+00,0.000000000000000000e+00,0.000000000000000000e+00,0.000000000000000000e+00,0.000000000000000000e+00,0.000000000000000000e+00,0.000000000000000000e+00,0.000000000000000000e+00,0.000000000000000000e+00,0.000000000000000000e+00,0.000000000000000000e+00,0.000000000000000000e+00,0.000000000000000000e+00,0.000000000000000000e+00,0.000000000000000000e+00,0.000000000000000000e+00,0.000000000000000000e+00,0.000000000000000000e+00,0.000000000000000000e+00,0.000000000000000000e+00,0.000000000000000000e+00,0.000000000000000000e+00,0.000000000000000000e+00,0.000000000000000000e+00,0.000000000000000000e+00,0.000000000000000000e+00,0.000000000000000000e+00,0.000000000000000000e+00,0.000000000000000000e+00,0.000000000000000000e+00,0.000000000000000000e+00,0.000000000000000000e+00,0.000000000000000000e+00,0.000000000000000000e+00,0.000000000000000000e+00,0.000000000000000000e+00,0.000000000000000000e+00,0.000000000000000000e+00,0.000000000000000000e+00,0.000000000000000000e+00,0.000000000000000000e+00,0.000000000000000000e+00,0.000000000000000000e+00,0.000000000000000000e+00,0.000000000000000000e+00,0.000000000000000000e+00,0.000000000000000000e+00,0.000000000000000000e+00,0.000000000000000000e+00,0.000000000000000000e+00,0.000000000000000000e+00,0.000000000000000000e+00,0.000000000000000000e+00,0.000000000000000000e+00,0.000000000000000000e+00,0.000000000000000000e+00,0.000000000000000000e+00,0.000000000000000000e+00,0.000000000000000000e+00,0.000000000000000000e+00,0.000000000000000000e+00,0.000000000000000000e+00,0.000000000000000000e+00,0.000000000000000000e+00,0.000000000000000000e+00,0.000000000000000000e+00,0.000000000000000000e+00,0.000000000000000000e+00,0.000000000000000000e+00,0.000000000000000000e+00,0.000000000000000000e+00,0.000000000000000000e+00,0.000000000000000000e+00,0.000000000000000000e+00,0.000000000000000000e+00,0.000000000000000000e+00,0.000000000000000000e+00,0.000000000000000000e+00,0.000000000000000000e+00,0.000000000000000000e+00,0.000000000000000000e+00,0.000000000000000000e+00,0.000000000000000000e+00,0.000000000000000000e+00,0.000000000000000000e+00,0.000000000000000000e+00,0.000000000000000000e+00,0.000000000000000000e+00,0.000000000000000000e+00,0.000000000000000000e+00,0.000000000000000000e+00,0.000000000000000000e+00,0.000000000000000000e+00,0.000000000000000000e+00,0.000000000000000000e+00,0.000000000000000000e+00,0.000000000000000000e+00,0.000000000000000000e+00,0.000000000000000000e+00,0.000000000000000000e+00,0.000000000000000000e+00,0.000000000000000000e+00,0.000000000000000000e+00,0.000000000000000000e+00,0.000000000000000000e+00,0.000000000000000000e+00,0.000000000000000000e+00,0.000000000000000000e+00,0.000000000000000000e+00,0.000000000000000000e+00,0.000000000000000000e+00,0.000000000000000000e+00,0.000000000000000000e+00,0.000000000000000000e+00,0.000000000000000000e+00,0.000000000000000000e+00,0.000000000000000000e+00,0.000000000000000000e+00,0.000000000000000000e+00,0.000000000000000000e+00,0.000000000000000000e+00,0.000000000000000000e+00,0.000000000000000000e+00,0.000000000000000000e+00,0.000000000000000000e+00,0.000000000000000000e+00,0.000000000000000000e+00,0.000000000000000000e+00,0.000000000000000000e+00,0.000000000000000000e+00,0.000000000000000000e+00,0.000000000000000000e+00,0.000000000000000000e+00,0.000000000000000000e+00,0.000000000000000000e+00,0.000000000000000000e+00,0.000000000000000000e+00,0.000000000000000000e+00,0.000000000000000000e+00,0.000000000000000000e+00,0.000000000000000000e+00,0.000000000000000000e+00,0.000000000000000000e+00,0.000000000000000000e+00,0.000000000000000000e+00,0.000000000000000000e+00,0.000000000000000000e+00,0.000000000000000000e+00,0.000000000000000000e+00,0.000000000000000000e+00,0.000000000000000000e+00,0.000000000000000000e+00,0.000000000000000000e+00,0.000000000000000000e+00,0.000000000000000000e+00,0.000000000000000000e+00,0.000000000000000000e+00,0.000000000000000000e+00,0.000000000000000000e+00,0.000000000000000000e+00,0.000000000000000000e+00,0.000000000000000000e+00,0.000000000000000000e+00,0.000000000000000000e+00,0.000000000000000000e+00,0.000000000000000000e+00,0.000000000000000000e+00,0.000000000000000000e+00,0.000000000000000000e+00,0.000000000000000000e+00,0.000000000000000000e+00,0.000000000000000000e+00,0.000000000000000000e+00,0.000000000000000000e+00,0.000000000000000000e+00,0.000000000000000000e+00,0.000000000000000000e+00,0.000000000000000000e+00,0.000000000000000000e+00,0.000000000000000000e+00,0.000000000000000000e+00,0.000000000000000000e+00,0.000000000000000000e+00,0.000000000000000000e+00,0.000000000000000000e+00,0.000000000000000000e+00,0.000000000000000000e+00,0.000000000000000000e+00,0.000000000000000000e+00,-9.112013355734855226e-05,-1.040415462972472011e-04,-9.407623808031406103e-05,-7.192686071756878056e-05,-4.728269169215173535e-05,-2.252300399982415456e-05,-1.500936846195487726e-06,1.406121864993003491e-05,2.376391686911200456e-05,2.815290351180682851e-05,2.829313886750400817e-05,2.554462171269709982e-05,2.110881718511613012e-05,1.592935578674815607e-05,1.062077203395598055e-05,5.522332712876272229e-06,7.873891745261047431e-07,-3.537105553805539459e-06,-7.445670008135722812e-06,-1.094381786126754090e-05,-1.403480928495854068e-05,-1.672181011479268709e-05,-1.901268474925971866e-05,-2.092521204971747669e-05,-2.248896573410597119e-05,-2.374462532160737292e-05,-2.474114892291240565e-05,-2.553199771656750896e-05,-2.617126740072539981e-05,-2.671022476879086338e-05,-2.719463180512536566e-05,-2.766287762965004182e-05,-2.814498806366260623e-05,-2.866236919272018919e-05,-2.922821821489918917e-05,-2.984841882381789136e-05,-3.052279939169268261e-05,-3.124657954193769954e-05,-3.201188281107753876e-05,-3.280918258312918193e-05,-3.362859713549896305e-05,-3.446096036889240117e-05,-3.529863682671682774e-05,-3.613606462323301497e-05,-3.697004077797173154e-05,-3.779977305640696276e-05,-3.862674048344104269e-05,-3.945440581053939998e-05,-4.028783003399912947e-05,-4.113323288583827978e-05,-4.199754226231928740e-05,-4.288796516539698377e-05,-4.381160786937080351e-05,-4.477516161485992671e-05,-4.578466453118123619e-05,-4.684534041746670646e-05,-4.796151069191360015e-05,-4.913656830728772282e-05,-5.037300020779982858e-05,-5.167244006181115145e-05,-5.303573259955118938e-05,-5.446298785230017209e-05,-5.595360389930212455e-05,-5.750623417094430129e-05,-5.911867538071914998e-05,-6.078764983946307606e-05,-6.250845714005900727e-05,-6.427447226137146313e-05,-6.607647761768450641e-05,-6.790183578993727186e-05,-6.973354738740812414e-05,-7.154929720518670583e-05,-7.332068091609944744e-05,-7.501292323334649535e-05,-7.658554716489448806e-05,-7.799461630061701155e-05,-7.919732427921852974e-05,-8.015979907187879079e-05,-8.086896308321006360e-05,-8.134905690639343946e-05,-8.168290856122173568e-05,-8.203712588595187774e-05,-8.268907580169760848e-05,-8.405182722239884193e-05,-8.669136525303802060e-05,-9.132867111692126276e-05,-9.881827660480625415e-05,-1.100953088224040460e-04,-1.260856128126318940e-04,-1.475787189369223262e-04,-1.750712934524432040e-04,-2.085982709441632887e-04,-2.475784378953966268e-04,-2.907078871872290841e-04,-3.359362317662539787e-04,-3.805551640066784412e-04,-4.214195491745388773e-04,-4.553119942430048934e-04,-4.794559106329367290e-04,-4.921601495880851412e-04,-4.934762506441152342e-04,-4.854411083090387968e-04,-4.708611397326420596e-04,-4.488472186101251133e-04,-4.053627540286118872e-04,-2.999246591760710645e-04,-5.793978151094114816e-05,4.067542158246865210e-04,1.095640855889044689e-03,1.701059112575585780e-03,1.240820840830856014e-03
0.000000000000000000e+00,0.000000000000000000e+00,0.000000000000000000e+00,0.000000000000000000e+00,0.000000000000000000e+00,0.000000000000000000e+00,0.000000000000000000e+00,0.000000000000000000e+00,0.000000000000000000e+00,0.000000000000000000e+00,0.000000000000000000e+00,0.000000000000000000e+00,0.000000000000000000e+00,0.000000000000000000e+00,0.000000000000000000e+00,0.000000000000000000e+00,0.000000000000000000e+00,0.000000000000000000e+00,0.000000000000000000e+00,0.000000000000000000e+00,0.000000000000000000e+00,0.000000000000000000e+00,0.000000000000000000e+00,0.000000000000000000e+00,0.000000000000000000e+00,0.000000000000000000e+00,0.000000000000000000e+00,0.000000000000000000e+00,0.000000000000000000e+00,0.000000000000000000e+00,0.000000000000000000e+00,0.000000000000000000e+00,0.000000000000000000e+00,0.000000000000000000e+00,0.000000000000000000e+00,0.000000000000000000e+00,0.000000000000000000e+00,0.000000000000000000e+00,0.000000000000000000e+00,0.000000000000000000e+00,0.000000000000000000e+00,0.000000000000000000e+00,0.000000000000000000e+00,0.000000000000000000e+00,0.000000000000000000e+00,0.000000000000000000e+00,0.000000000000000000e+00,0.000000000000000000e+00,0.000000000000000000e+00,0.000000000000000000e+00,0.000000000000000000e+00,0.000000000000000000e+00,0.000000000000000000e+00,0.000000000000000000e+00,0.000000000000000000e+00,0.000000000000000000e+00,0.000000000000000000e+00,0.000000000000000000e+00,0.000000000000000000e+00,0.000000000000000000e+00,0.000000000000000000e+00,0.000000000000000000e+00,0.000000000000000000e+00,0.000000000000000000e+00,0.000000000000000000e+00,0.000000000000000000e+00,0.000000000000000000e+00,0.000000000000000000e+00,0.000000000000000000e+00,0.000000000000000000e+00,0.000000000000000000e+00,0.000000000000000000e+00,0.000000000000000000e+00,0.000000000000000000e+00,0.000000000000000000e+00,0.000000000000000000e+00,0.000000000000000000e+00,0.000000000000000000e+00,0.000000000000000000e+00,0.000000000000000000e+00,0.000000000000000000e+00,0.000000000000000000e+00,0.000000000000000000e+00,0.000000000000000000e+00,0.000000000000000000e+00,0.000000000000000000e+00,0.000000000000000000e+00,0.000000000000000000e+00,0.000000000000000000e+00,0.000000000000000000e+00,0.000000000000000000e+00,0.000000000000000000e+00,0.000000000000000000e+00,0.000000000000000000e+00,0.000000000000000000e+00,0.000000000000000000e+00,0.000000000000000000e+00,0.000000000000000000e+00,0.000000000000000000e+00,0.000000000000000000e+00,0.000000000000000000e+00,0.000000000000000000e+00,0.000000000000000000e+00,0.000000000000000000e+00,0.000000000000000000e+00,0.000000000000000000e+00,0.000000000000000000e+00,0.000000000000000000e+00,0.000000000000000000e+00,0.000000000000000000e+00,0.000000000000000000e+00,0.000000000000000000e+00,0.000000000000000000e+00,0.000000000000000000e+00,0.000000000000000000e+00,0.000000000000000000e+00,0.000000000000000000e+00,0.000000000000000000e+00,0.000000000000000000e+00,0.000000000000000000e+00,0.000000000000000000e+00,0.000000000000000000e+00,0.000000000000000000e+00,0.000000000000000000e+00,0.000000000000000000e+00,0.000000000000000000e+00,0.000000000000000000e+00,0.000000000000000000e+00,0.000000000000000000e+00,0.000000000000000000e+00,0.000000000000000000e+00,0.000000000000000000e+00,0.000000000000000000e+00,0.000000000000000000e+00,0.000000000000000000e+00,0.000000000000000000e+00,0.000000000000000000e+00,0.000000000000000000e+00,0.000000000000000000e+00,0.000000000000000000e+00,0.000000000000000000e+00,0.000000000000000000e+00,0.000000000000000000e+00,0.000000000000000000e+00,0.000000000000000000e+00,0.000000000000000000e+00,0.000000000000000000e+00,0.000000000000000000e+00,0.000000000000000000e+00,0.000000000000000000e+00,0.000000000000000000e+00,0.000000000000000000e+00,0.000000000000000000e+00,0.000000000000000000e+00,0.000000000000000000e+00,0.000000000000000000e+00,0.000000000000000000e+00,0.000000000000000000e+00,0.000000000000000000e+00,0.000000000000000000e+00,0.000000000000000000e+00,0.000000000000000000e+00,0.000000000000000000e+00,0.000000000000000000e+00,0.000000000000000000e+00,0.000000000000000000e+00,0.000000000000000000e+00,0.000000000000000000e+00,0.000000000000000000e+00,0.000000000000000000e+00,0.000000000000000000e+00,0.000000000000000000e+00,0.000000000000000000e+00,0.000000000000000000e+00,0.000000000000000000e+00,0.000000000000000000e+00,0.000000000000000000e+00,0.000000000000000000e+00,0.000000000000000000e+00,0.000000000000000000e+00,0.000000000000000000e+00,0.000000000000000000e+00,0.000000000000000000e+00,0.000000000000000000e+00,0.000000000000000000e+00,0.000000000000000000e+00,0.000000000000000000e+00,0.000000000000000000e+00,0.000000000000000000e+00,0.000000000000000000e+00,-1.028162933519827466e-04,-9.693857309132966735e-05,-8.289965062866057408e-05,-5.879976953365671755e-05,-3.308599018812481208e-05,-1.017327697282713739e-05,7.909680681361078671e-06,2.012298543050560599e-05,2.650738175204702597e-05,2.815650850204250521e-05,2.638762363901022144e-05,2.254587630009252945e-05,1.769832057843498226e-05,1.255999719189031855e-05,7.543195826467907717e-06,2.832492664356172752e-06,-1.508342405772444928e-06,-5.471518543002597927e-06,-9.059766158080728501e-06,-1.227344967067630928e-05,-1.510894345196319722e-05,-1.756558394671772067e-05,-1.965129021610986047e-05,-2.138611374636154055e-05,-2.280235615899943449e-05,-2.394238609347048015e-05,-2.485519292728637837e-05,-2.559249409662702794e-05,-2.620518296895782602e-05,-2.674030441898958367e-05,-2.723886408891263772e-05,-2.773438638965411402e-05,-2.825227621665687725e-05,-2.880982785550545569e-05,-2.941681346100266366e-05,-3.007647887163678334e-05,-3.078682626955466856e-05,-3.154202765417044111e-05,-3.233385232690829438e-05,-3.315299721346025568e-05,-3.399024340601422122e-05,-3.483738532797725431e-05,-3.568790659048694621e-05,-3.653740067114289000e-05,-3.738375203073410408e-05,-3.822711010754464199e-05,-3.906969514175272147e-05,-3.991548232211246578e-05,-4.076980816927673498e-05,-4.163894301679201790e-05,-4.252966515512029256e-05,-4.344886774005468475e-05,-4.440321906363369641e-05,-4.539889101277248302e-05,-4.644136057569605566e-05,-4.753528440018072436e-05,-4.868443861657030010e-05,-4.989171333318921653e-05,-5.115914610682004528e-05,-5.248797799420288897e-05,-5.387871282960556539e-05,-5.533116085307044935e-05,-5.684444563815151607e-05,-5.841695348688881364e-05,-6.004620186371395729e-05,-6.172860316385923385e-05,-6.345909866612079570e-05,-6.523064137028043664e-05,-6.703351497631001535e-05,-6.885449848722643355e-05,-7.067592450897925641e-05,-7.247474492743814561e-05,-7.422181324876205391e-05,-7.588172478080796213e-05,-7.741371746482002985e-05,-7.877431530251921641e-05,-7.992255949655276430e-05,-8.082876954921614562e-05,-8.148773171182305036e-05,-8.193693092064439996e-05,-8.227982230044608096e-05,-8.271308709361428161e-05,-8.355530376117981984e-05,-8.527254210061589496e-05,-8.849429915410105105e-05,-9.401134905227774151e-05,-1.027461754656376879e-04,-1.156874558279459374e-04,-1.337834801504834221e-04,-1.577957949999339560e-04,-1.881237894507662074e-04,-2.246219071453916171e-04,-2.664417357254113858e-04,-3.119378746384343019e-04,-3.586775126538023929e-04,-4.035880402317774626e-04,-4.432691965592139879e-04,-4.744870439997001497e-04,-4.948449840384847379e-04,-5.035309882177232271e-04,-5.017474668223945210e-04,-4.918024176636665154e-04,-4.729979702846029465e-04,-4.322752350814183385e-04,-3.302229420313034652e-04,-9.159320484591945818e-05,3.742768297370146569e-04,1.076592770101286040e-03,1.709601759510388222e-03,1.263032997123764937e-03
0.000000000000000000e+00,0.000000000000000000e+00,0.000000000000000000e+00,0.000000000000000000e+00,0.000000000000000000e+00,0.000000000000000000e+00,0.000000000000000000e+00,0.000000000000000000e+00,0.000000000000000000e+00,0.000000000000000000e+00,0.000000000000000000e+00,0.000000000000000000e+00,0.000000000000000000e+00,0.000000000000000000e+00,0.000000000000000000e+00,0.000000000000000000e+00,0.000000000000000000e+00,0.000000000000000000e+00,0.000000000000000000e+00,0.000000000000000000e+00,0.000000000000000000e+00,0.000000000000000000e+00,0.000000000000000000e+00,0.000000000000000000e+00,0.000000000000000000e+00,0.000000000000000000e+00,0.000000000000000000e+00,0.000000000000000000e+00,0.000000000000000000e+00,0.000000000000000000e+00,0.000000000000000000e+00,0.000000000000000000e+00,0.000000000000000000e+00,0.000000000000000000e+00,0.000000000000000000e+00,0.000000000000000000e+00,0.000000000000000000e+00,0.000000000000000000e+00,0.000000000000000000e+00,0.000000000000000000e+00,0.000000000000000000e+00,0.000000000000000000e+00,0.000000000000000000e+00,0.000000000000000000e+00,0.000000000000000000e+00,0.000000000000000000e+00,0.000000000000000000e+00,0.000000000000000000e+00,0.000000000000000000e+00,0.000000000000000000e+00,0.000000000000000000e+00,0.000000000000000000e+00,0.000000000000000000e+00,0.000000000000000000e+00,0.000000000000000000e+00,0.000000000000000000e+00,0.000000000000000000e+00,0.000000000000000000e+00,0.000000000000000000e+00,0.000000000000000000e+00,0.000000000000000000e+00,0.000000000000000000e+00,0.000000000000000000e+00,0.000000000000000000e+00,0.000000000000000000e+00,0.000000000000000000e+00,0.000000000000000000e+00,0.000000000000000000e+00,0.000000000000000000e+00,0.000000000000000000e+00,0.000000000000000000e+00,0.000000000000000000e+00,0.000000000000000000e+00,0.000000000000000000e+00,0.000000000000000000e+00,0.000000000000000000e+00,0.000000000000000000e+00,0.000000000000000000e+00,0.000000000000000000e+00,0.000000000000000000e+00,0.000000000000000000e+00,0.000000000000000000e+00,0.000000000000000000e+00,0.000000000000000000e+00,0.000000000000000000e+00,0.000000000000000000e+00,0.000000000000000000e+00,0.000000000000000000e+00,0.000000000000000000e+00,0.000000000000000000e+00,0.000000000000000000e+00,0.000000000000000000e+00,0.000000000000000000e+00,0.000000000000000000e+00,0.000000000000000000e+00,0.000000000000000000e+00,0.000000000000000000e+00,0.000000000000000000e+00,0.000000000000000000e+00,0.000000000000000000e+00,0.000000000000000000e+00,0.000000000000000000e+00,0.000000000000000000e+00,0.000000000000000000e+00,0.000000000000000000e+00,0.000000000000000000e+00,0.000000000000000000e+00,0.000000000000000000e+00,0.000000000000000000e+00,0.000000000000000000e+00,0.000000000000000000e+00,0.000000000000000000e+00,0.000000000000000000e+00,0.000000000000000000e+00,0.000000000000000000e+00,0.000000000000000000e+00,0.000000000000000000e+00,0.000000000000000000e+00,0.000000000000000000e+00,0.000000000000000000e+00,0.000000000000000000e+00,0.000000000000000000e+00,0.000000000000000000e+00,0.000000000000000000e+00,0.000000000000000000e+00,0.000000000000000000e+00,0.000000000000000000e+00,0.000000000000000000e+00,0.000000000000000000e+00,0.000000000000000000e+00,0.000000000000000000e+00,0.000000000000000000e+00,0.000000000000000000e+00,0.000000000000000000e+00,0.000000000000000000e+00,0.000000000000000000e+00,0.000000000000000000e+00,0.000000000000000000e+00,0.000000000000000000e+00,0.000000000000000000e+00,0.000000000000000000e+00,0.000000000000000000e+00,0.000000000000000000e+00,0.000000000000000000e+00,0.000000000000000000e+00,0.000000000000000000e+00,0.000000000000000000e+00,0.000000000000000000e+00,0.000000000000000000e+00,0.000000000000000000e+00,0.000000000000000000e+00,0.000000000000000000e+00,0.000000000000000000e+00,0.000000000000000000e+00,0.000000000000000000e+00,0.000000000000000000e+00,0.000000000000000000e+00,0.000000000000000000e+00,0.000000000000000000e+00,0.000000000000000000e+00,0.000000000000000000e+00,0.000000000000000000e+00,0.000000000000000000e+00,0.000000000000000000e+00,0.000000000000000000e+00,0.000000000000000000e+00,0.000000000000000000e+00,0.000000000000000000e+00,0.000000000000000000e+00,0.000000000000000000e+00,0.000000000000000000e+00,0.000000000000000000e+00,0.000000000000000000e+00,0.000000000000000000e+00,0.000000000000000000e+00,0.000000000000000000e+00,0.000000000000000000e+00,0.000000000000000000e+00,0.000000000000000000e+00,0.000000000000000000e+00,0.000000000000000000e+00,0.000000000000000000e+00,0.000000000000000000e+00,0.000000000000000000e+00,0.000000000000000000e+00,0.000000000000000000e+00,0.000000000000000000e+00,0.000000000000000000e+00,0.000000000000000000e+00,0.000000000000000000e+00,-8.888900521790695322e-05,-1.024987255484526781e-04,-9.206090702665365073e-05,-6.941407803453664681e-05,-4.446715371991506537e-05,-1.987277785254628907e-05,8.310551399972081572e-07,1.551008182154198586e-05,2.416365751938093459e-05,2.747214976218644787e-05,2.682751093170957152e-05,2.368175466313939914e-05,1.922519577120231909e-05,1.430710288272205309e-05,9.406275268498078785e-06,4.756075971104301366e-06,4.329990076363855649e-07,-3.548857475195407564e-06,-7.193419976979511508e-06,-1.049856478072657415e-05,-1.345630483065128890e-05,-1.605816701108687649e-05,-1.830291028658601293e-05,-2.020099631901931754e-05,-2.177583664469121393e-05,-2.306240476329342922e-05,-2.410408270840100543e-05,-2.494906187339553791e-05,-2.564662599803942079e-05,-2.624403365264559951e-05,-2.678394459842350176e-05,-2.730267180471793848e-05,-2.782910688622540634e-05,-2.838437993548488934e-05,-2.898208310328058231e-05,-2.962899861686285515e-05,-3.032615846844600771e-05,-3.107012759751247706e-05,-3.185436150361808683e-05,-3.267053876113280408e-05,-3.350976727327333916e-05,-3.436360549579000484e-05,-3.522485321639335043e-05,-3.608810012668349878e-05,-3.695003397994474326e-05,-3.780953268273099031e-05,-3.866757159703504507e-05,-3.952698870148846518e-05,-4.039214931272035923e-05,-4.126855447929732767e-05,-4.216243025631199039e-05,-4.308033191571676151e-05,-4.402878731681474946e-05,-4.501399830247921360e-05,-4.604160899879143414e-05,-4.711654488287530461e-05,-4.824291822569988524e-05,-4.942399233841206940e-05,-5.066219138326454600e-05,-5.195914158140870805e-05,-5.331572640933548827e-05,-5.473213907413421820e-05,-5.620791358316884500e-05,-5.774191656863394674e-05,-5.933227965490580724e-05,-6.097625183096702287e-05,-6.266994818551265575e-05,-6.440797161407234208e-05,-6.618288531302691949e-05,-6.798452453937651162e-05,-6.979915741975283841e-05,-7.160854803220389640e-05,-7.338904433005646953e-05,-7.511091998443759324e-05,-7.673834234257316327e-05,-7.823051838518640835e-05,-7.954476561330548325e-05,-8.064243392605327011e-05,-8.149870313298042651e-05,-8.211721853718953826e-05,-8.255018773415474711e-05,-8.292383641042292883e-05,-8.346789605548384622e-05,-8.454605370811004860e-05,-8.668209390631509143e-05,-9.057412771923548718e-05,-9.708730769972142953e-05,-1.072146511572398027e-04,-1.219968793877030804e-04,-1.423966378685597128e-04,-1.691303310090663500e-04,-2.024721137158910420e-04,-2.420572003885096901e-04,-2.867235845482462458e-04,-3.344383114384997711e-04,-3.823561098512222854e-04,-4.270533508262532398e-04,-4.649727588720619980e-04,-4.930903449156276994e-04,-5.097281583396807590e-04,-5.151562804240678766e-04,-5.110005690342982578e-04,-4.965391269661373081e-04,-4.595556721562501471e-04,-3.617672234248497823e-04,-1.274893316028197731e-04,3.383627499277644022e-04,1.053228883049232931e-03,1.714453334733838418e-03,1.284217904017415871e-03
0.000000000000000000e+00,0.000000000000000000e+00,0.000000000000000000e+00,0.000000000000000000e+00,0.000000000000000000e+00,0.000000000000000000e+00,0.000000000000000000e+00,0.000000000000000000e+00,0.000000000000000000e+00,0.000000000000000000e+00,0.000000000000000000e+00,0.000000000000000000e+00,0.000000000000000000e+00,0.000000000000000000e+00,0.000000000000000000e+00,0.000000000000000000e+00,0.000000000000000000e+00,0.000000000000000000e+00,0.000000000000000000e+00,0.000000000000000000e+00,0.000000000000000000e+00,0.000000000000000000e+00,0.000000000000000000e+00,0.000000000000000000e+00,0.000000000000000000e+00,0.000000000000000000e+00,0.000000000000000000e+00,0.000000000000000000e+00,0.000000000000000000e+00,0.000000000000000000e+00,0.000000000000000000e+00,0.000000000000000000e+00,0.000000000000000000e+00,0.000000000000000000e+00,0.000000000000000000e+00,0.000000000000000000e+00,0.000000000000000000e+00,0.000000000000000000e+00,0.000000000000000000e+00,0.000000000000000000e+00,0.000000000000000000e+00,0.000000000000000000e+00,0.000000000000000000e+00,0.000000000000000000e+00,0.000000000000000000e+00,0.000000000000000000e+00,0.000000000000000000e+00,0.000000000000000000e+00,0.000000000000000000e+00,0.000000000000000000e+00,0.000000000000000000e+00,0.000000000000000000e+00,0.000000000000000000e+00,0.000000000000000000e+00,0.000000000000000000e+00,0.000000000000000000e+00,0.000000000000000000e+00,0.000000000000000000e+00,0.000000000000000000e+00,0.000000000000000000e+00,0.000000000000000000e+00,0.000000000000000000e+00,0.000000000000000000e+00,0.000000000000000000e+00,0.000000000000000000e+00,0.000000000000000000e+00,0.000000000000000000e+00,0.000000000000000000e+00,0.000000000000000000e+00,0.000000000000000000e+00,0.000000000000000000e+00,0.000000000000000000e+00,0.000000000000000000e+00,0.000000000000000000e+00,0.000000000000000000e+00,0.000000000000000000e+00,0.000000000000000000e+00,0.000000000000000000e+00,0.000000000000000000e+00,0.000000000000000000e+00,0.000000000000000000e+00,0.000000000000000000e+00,0.000000000000000000e+00,0.000000000000000000e+00,0.000000000000000000e+00,0.000000000000000000e+00,0.000000000000000000e+00,0.000000000000000000e+00,0.000000000000000000e+00,0.000000000000000000e+00,0.000000000000000000e+00,0.000000000000000000e+00,0.000000000000000000e+00,0.000000000000000000e+00,0.000000000000000000e+00,0.000000000000000000e+00,0.000000000000000000e+00,0.000000000000000000e+00,0.000000000000000000e+00,0.000000000000000000e+00,0.000000000000000000e+00,0.000000000000000000e+00,0.000000000000000000e+00,0.000000000000000000e+00,0.000000000000000000e+00,0.000000000000000000e+00,0.000000000000000000e+00,0.000000000000000000e+00,0.000000000000000000e+00,0.000000000000000000e+00,0.000000000000000000e+00,0.000000000000000000e+00,0.000000000000000000e+00,0.000000000000000000e+00,0.000000000000000000e+00,0.000000000000000000e+00,0.000000000000000000e+00,0.000000000000000000e+00,0.000000000000000000e+00,0.000000000000000000e+00,0.000000000000000000e+00,0.000000000000000000e+00,0.000000000000000000e+00,0.000000000000000000e+00,0.000000000000000000e+00,0.000000000000000000e+00,0.000000000000000000e+00,0.000000000000000000e+00,0.000000000000000000e+00,0.000000000000000000e+00,0.000000000000000000e+00,0.000000000000000000e+00,0.000000000000000000e+00,0.000000000000000000e+00,0.000000000000000000e+00,0.000000000000000000e+00,0.000000000000000000e+00,0.000000000000000000e+00,0.000000000000000000e+00,0.000000000000000000e+00,0.000000000000000000e+00,0.000000000000000000e+00,0.000000000000000000e+00,0.000000000000000000e+00,0.000000000000000000e+00,0.000000000000000000e+00,0.000000000000000000e+00,0.000000000000000000e+00,0.000000000000000000e+00,0.000000000000000000e+00,0.000000000000000000e+00,0.000000000000000000e+00,0.000000000000000000e+00,0.000000000000000000e+00,0.000000000000000000e+00,0.000000000000000000e+00,0.000000000000000000e+00,0.000000000000000000e+00,0.000000000000000000e+00,0.000000000000000000e+00,0.000000000000000000e+00,0.000000000000000000e+00,0.000000000000000000e+00,0.000000000000000000e+00,0.000000000000000000e+00,0.000000000000000000e+00,0.000000000000000000e+00,0.000000000000000000e+00,0.000000000000000000e+00,0.000000000000000000e+00,0.000000000000000000e+00,0.000000000000000000e+00,0.000000000000000000e+00,0.000000000000000000e+00,0.000000000000000000e+00,0.000000000000000000e+00,0.000000000000000000e+00,0.000000000000000000e+00,0.000000000000000000e+00,0.000000000000000000e+00,0.000000000000000000e+00,0.000000000000000000e+00,0.000000000000000000e+00,0.000000000000000000e+00,0.000000000000000000e+00,0.000000000000000000e+00,0.000000000000000000e+00,0.000000000000000000e+00,0.000000000000000000e+00,0.000000000000000000e+00,0.000000000000000000e+00,-1.007020025127096033e-04,-9.500753552959758947e-05,-7.997982749118161597e-05,-5.609096969790972455e-05,-3.007750200789755231e-05,-7.455428834951273906e-06,1.001457299402007286e-05,2.104325074506409088e-05,2.619891033932485950e-05,2.684328730666567180e-05,2.447938537011747062e-05,2.049584373284561010e-05,1.583846336497503460e-05,1.109317918998086558e-05,6.534055103629457417e-06,2.263341710229320935e-06,-1.703540983879522999e-06,-5.369673064618215609e-06,-8.734017175365892699e-06,-1.178510915198760557e-05,-1.450839029212202507e-05,-1.689419900513866994e-05,-1.894366712783028146e-05,-2.067121816600191558e-05,-2.210373061971540828e-05,-2.327818781176010799e-05,-2.423809775775138459e-05,-2.503005807520982184e-05,-2.570037692240936548e-05,-2.629240411507009011e-05,-2.684438307957454089e-05,-2.738808556617570251e-05,-2.794805705082331853e-05,-2.854152282809222456e-05,-2.917878878809147494e-05,-2.986407002896293521e-05,-3.059658747089403726e-05,-3.137182536356568233e-05,-3.218281901844555009e-05,-3.302138054668047901e-05,-3.387918048306762416e-05,-3.474863450351204833e-05,-3.562356526191208744e-05,-3.649963236305904930e-05,-3.737454219844645091e-05,-3.824806231406714522e-05,-3.912187619481327151e-05,-3.999931758670748945e-05,-4.088502675561027925e-05,-4.178456694156382320e-05,-4.270403680669263203e-05,-4.364970639827293306e-05,-4.462769891942173903e-05,-4.564373122861779358e-05,-4.670292058179201109e-05,-4.780965687634093468e-05,-4.896753579078263856e-05,-5.017934228395024915e-05,-5.144707233694799966e-05,-5.277197743652546245e-05,-5.415461673358820031e-05,-5.559490016893067749e-05,-5.709210703037297612e-05,-5.864486279853213302e-05,-6.025105723659824936e-05,-6.190768359510653482e-05,-6.361057745061527433e-05,-6.535403100247695087e-05,-6.713026139731147310e-05,-6.892872017375021264e-05,-7.073525528864773096e-05,-7.253118182266068796e-05,-7.429239471647631403e-05,-7.598877172411126909e-05,-7.758427400731501453e-05,-7.903834850205525547e-05,-8.030945275027582088e-05,-8.136171765338459042e-05,-8.217586746959842372e-05,-8.276543263307243117e-05,-8.319888803201902559e-05,-8.362750108483960054e-05,-8.431724891835589732e-05,-8.568115439014234859e-05,-8.830586654099175563e-05,-9.296369330788104663e-05,-1.005991261696934167e-04,-1.122782985682502807e-04,-1.290916941097948565e-04,-1.520061844526960585e-04,-1.816721060572960476e-04,-2.182047830562918735e-04,-2.609746183649775753e-04,-3.084540094084243416e-04,-3.581776694004736874e-04,-4.068766544888029147e-04,-4.508409991453462520e-04,-4.865466161922898740e-04,-5.114977358740104615e-04,-5.249754825824015647e-04,-5.277574229957747009e-04,-5.188688737849151029e-04,-4.867584595992728688e-04,-3.942845201032768609e-04,-1.655331309917378989e-04,2.988990396691852940e-04,1.025204946052887985e-03,1.715146950637816154e-03,1.304143511596143282e-03
0.000000000000000000e+00,0.000000000000000000e+00,0.000000000000000000e+00,0.000000000000000000e+00,0.000000000000000000e+00,0.000000000000000000e+00,0.000000000000000000e+00,0.000000000000000000e+00,0.000000000000000000e+00,0.000000000000000000e+00,0.000000000000000000e+00,0.000000000000000000e+00,0.000000000000000000e+00,0.000000000000000000e+00,0.000000000000000000e+00,0.000000000000000000e+00,0.000000000000000000e+00,0.000000000000000000e+00,0.000000000000000000e+00,0.000000000000000000e+00,0.000000000000000000e+00,0.000000000000000000e+00,0.000000000000000000e+00,0.000000000000000000e+00,0.000000000000000000e+00,0.000000000000000000e+00,0.000000000000000000e+00,0.000000000000000000e+00,0.000000000000000000e+00,0.000000000000000000e+00,0.000000000000000000e+00,0.000000000000000000e+00,0.000000000000000000e+00,0.000000000000000000e+00,0.000000000000000000e+00,0.000000000000000000e+00,0.000000000000000000e+00,0.000000000000000000e+00,0.000000000000000000e+00,0.000000000000000000e+00,0.000000000000000000e+00,0.000000000000000000e+00,0.000000000000000000e+00,0.000000000000000000e+00,0.000000000000000000e+00,0.000000000000000000e+00,0.000000000000000000e+00,0.000000000000000000e+00,0.000000000000000000e+00,0.000000000000000000e+00,0.000000000000000000e+00,0.000000000000000000e+00,0.000000000000000000e+00,0.000000000000000000e+00,0.000000000000000000e+00,0.000000000000000000e+00,0.000000000000000000e+00,0.000000000000000000e+00,0.000000000000000000e+00,0.000000000000000000e+00,0.000000000000000000e+00,0.000000000000000000e+00,0.000000000000000000e+00,0.000000000000000000e+00,0.000000000000000000e+00,0.000000000000000000e+00,0.000000000000000000e+00,0.000000000000000000e+00,0.000000000000000000e+00,0.000000000000000000e+00,0.000000000000000000e+00,0.000000000000000000e+00,0.000000000000000000e+00,0.000000000000000000e+00,0.000000000000000000e+00,0.000000000000000000e+00,0.000000000000000000e+00,0.000000000000000000e+00,0.000000000000000000e+00,0.000000000000000000e+00,0.000000000000000000e+00,0.000000000000000000e+00,0.000000000000000000e+00,0.000000000000000000e+00,0.000000000000000000e+00,0.000000000000000000e+00,0.000000000000000000e+00,0.000000000000000000e+00,0.000000000000000000e+00,0.000000000000000000e+00,0.000000000000000000e+00,0.000000000000000000e+00,0.000000000000000000e+00,0.000000000000000000e+00,0.000000000000000000e+00,0.000000000000000000e+00,0.000000000000000000e+00,0.000000000000000000e+00,0.000000000000000000e+00,0.000000000000000000e+00,0.000000000000000000e+00,0.000000000000000000e+00,0.000000000000000000e+00,0.000000000000000000e+00,0.000000000000000000e+00,0.000000000000000000e+00,0.000000000000000000e+00,0.000000000000000000e+00,0.000000000000000000e+00,0.000000000000000000e+00,0.000000000000000000e+00,0.000000000000000000e+00,0.000000000000000000e+00,0.000000000000000000e+00,0.000000000000000000e+00,0.000000000000000000e+00,0.000000000000000000e+00,0.000000000000000000e+00,0.000000000000000000e+00,0.000000000000000000e+00,0.000000000000000000e+00,0.000000000000000000e+00,0.000000000000000000e+00,0.000000000000000000e+00,0.000000000000000000e+00,0.000000000000000000e+00,0.000000000000000000e+00,0.000000000000000000e+00,0.000000000000000000e+00,0.000000000000000000e+00,0.000000000000000000e+00,0.000000000000000000e+00,0.000000000000000000e+00,0.000000000000000000e+00,0.000000000000000000e+00,0.000000000000000000e+00,0.000000000000000000e+00,0.000000000000000000e+00,0.000000000000000000e+00,0.000000000000000000e+00,0.000000000000000000e+00,0.000000000000000000e+00,0.000000000000000000e+00,0.000000000000000000e+00,0.000000000000000000e+00,0.000000000000000000e+00,0.000000000000000000e+00,0.000000000000000000e+00,0.000000000000000000e+00,0.000000000000000000e+00,0.000000000000000000e+00,0.000000000000000000e+00,0.000000000000000000e+00,0.000000000000000000e+00,0.000000000000000000e+00,0.000000000000000000e+00,0.000000000000000000e+00,0.000000000000000000e+00,0.000000000000000000e+00,0.000000000000000000e+00,0.000000000000000000e+00,0.000000000000000000e+00,0.000000000000000000e+00,0.000000000000000000e+00,0.000000000000000000e+00,0.000000000000000000e+00,0.000000000000000000e+00,0.000000000000000000e+00,0.000000000000000000e+00,0.000000000000000000e+00,0.000000000000000000e+00,0.000000000000000000e+00,0.000000000000000000e+00,0.000000000000000000e+00,0.000000000000000000e+00,0.000000000000000000e+00,0.000000000000000000e+00,0.000000000000000000e+00,0.000000000000000000e+00,0.000000000000000000e+00,0.000000000000000000e+00,0.000000000000000000e+00,0.000000000000000000e+00,0.000000000000000000e+00,0.000000000000000000e+00,0.000000000000000000e+00,0.000000000000000000e+00,0.000000000000000000e+00,0.000000000000000000e+00,0.000000000000000000e+00,0.000000000000000000e+00,-8.688259511036872530e-05,-9.980512160020418714e-05,-8.881927606828531562e-05,-6.640652760393681811e-05,-4.157086241712671602e-05,-1.654819358850686647e-05,3.554658057364665717e-06,1.710639948500792818e-05,2.434118355400671723e-05,2.636530961859390537e-05,2.493056007999136433e-05,2.147970008638828079e-05,1.714031803204259751e-05,1.258157027225598067e-05,8.147476506669232719e-06,3.958999653568426056e-06,4.108031690232804824e-08,-3.613054334133625716e-06,-7.003262019863206098e-06,-1.011711939914996194e-05,-1.293530846355918018e-05,-1.544073854497479123e-05,-1.762599975266866331e-05,-1.949641180586088337e-05,-2.107064588316636745e-05,-2.237844442367428884e-05,-2.345785914469137321e-05,-2.435164792641127888e-05,-2.510416226822729627e-05,-2.575835841546981548e-05,-2.635354455998109596e-05,-2.692361493672173814e-05,-2.749601656849423928e-05,-2.809126972194951000e-05,-2.872308037637243391e-05,-2.939888014270008377e-05,-3.012072486126168803e-05,-3.088639960444678389e-05,-3.169063212744732704e-05,-3.252629569656054632e-05,-3.338552355545413073e-05,-3.426066409306316804e-05,-3.514503976244552305e-05,-3.603348723356942764e-05,-3.692268165505332219e-05,-3.781125928199230755e-05,-3.869976819554289980e-05,-3.959048111285334495e-05,-4.048711050842912241e-05,-4.139446362361758243e-05,-4.231807435114321337e-05,-4.326384174640265099e-05,-4.423770062563976994e-05,-4.524534068706916382e-05,-4.629198540194424759e-05,-4.738223342177750013e-05,-4.851996115148647204e-05,-4.970827861858045634e-05,-5.094952882285437882e-05,-5.224531676699103387e-05,-5.359655467928163834e-05,-5.500350807859458597e-05,-5.646582897675292667e-05,-5.798256131623782923e-05,-5.955210485353020449e-05,-6.117212113322275898e-05,-6.283936410929546145e-05,-6.454941357650552955e-05,-6.629628828751230117e-05,-6.807191545213817324e-05,-6.986544374700299240e-05,-7.166241035454950017e-05,-7.344382241014899601e-05,-7.518529515531763253e-05,-7.685651684860487327e-05,-7.842148403136206991e-05,-7.984017030950995176e-05,-8.107252963553176063e-05,-8.208595194322280064e-05,-8.286739669384083967e-05,-8.344132678259814939e-05,-8.389408681696176179e-05,-8.440438492977028263e-05,-8.527787458655620208e-05,-8.698151724151860433e-05,-9.017049124316177540e-05,-9.569747223556792628e-05,-1.045917238029761206e-04,-1.179950893586025599e-04,-1.370445508756661123e-04,-1.626984707623926299e-04,-1.955154402775782308e-04,-2.354116072604202391e-04,-2.814399711796706735e-04,-3.316530323262911165e-04,-3.831208218785289699e-04,-4.321819880381278368e-04,-4.749886858230464382e-04,-5.083352100126707239e-04,-5.305112973901968901e-04,-5.413152159093143024e-04,-5.392891179257868449e-04,-5.133322576469924155e-04,-4.274068986659251704e-04,-2.055579600897666239e-04,2.558130917612115021e-04,9.921755580096726281e-04,1.711176968358434688e-03,1.322548097594653058e-03
0.000000000000000000e+00,0.000000000000000000e+00,0.000000000000000000e+00,0.000000000000000000e+00,0.000000000000000000e+00,0.000000000000000000e+00,0.000000000000000000e+00,0.000000000000000000e+00,0.000000000000000000e+00,0.000000000000000000e+00,0.000000000000000000e+00,0.000000000000000000e+00,0.000000000000000000e+00,0.000000000000000000e+00,0.000000000000000000e+00,0.000000000000000000e+00,0.000000000000000000e+00,0.000000000000000000e+00,0.000000000000000000e+00,0.000000000000000000e+00,0.000000000000000000e+00,0.000000000000000000e+00,0.000000000000000000e+00,0.000000000000000000e+00,0.000000000000000000e+00,0.000000000000000000e+00,0.000000000000000000e+00,0.000000000000000000e+00,0.000000000000000000e+00,0.000000000000000000e+00,0.000000000000000000e+00,0.000000000000000000e+00,0.000000000000000000e+00,0.000000000000000000e+00,0.000000000000000000e+00,0.000000000000000000e+00,0.000000000000000000e+00,0.000000000000000000e+00,0.000000000000000000e+00,0.000000000000000000e+00,0.000000000000000000e+00,0.000000000000000000e+00,0.000000000000000000e+00,0.000000000000000000e+00,0.000000000000000000e+00,0.000000000000000000e+00,0.000000000000000000e+00,0.000000000000000000e+00,0.000000000000000000e+00,0.000000000000000000e+00,0.000000000000000000e+00,0.000000000000000000e+00,0.000000000000000000e+00,0.000000000000000000e+00,0.000000000000000000e+00,0.000000000000000000e+00,0.000000000000000000e+00,0.000000000000000000e+00,0.000000000000000000e+00,0.000000000000000000e+00,0.000000000000000000e+00,0.000000000000000000e+00,0.000000000000000000e+00,0.000000000000000000e+00,0.000000000000000000e+00,0.000000000000000000e+00,0.000000000000000000e+00,0.000000000000000000e+00,0.000000000000000000e+00,0.000000000000000000e+00,0.000000000000000000e+00,0.000000000000000000e+00,0.000000000000000000e+00,0.000000000000000000e+00,0.000000000000000000e+00,0.000000000000000000e+00,0.000000000000000000e+00,0.000000000000000000e+00,0.000000000000000000e+00,0.000000000000000000e+00,0.000000000000000000e+00,0.000000000000000000e+00,0.000000000000000000e+00,0.000000000000000000e+00,0.000000000000000000e+00,0.000000000000000000e+00,0.000000000000000000e+00,0.000000000000000000e+00,0.000000000000000000e+00,0.000000000000000000e+00,0.000000000000000000e+00,0.000000000000000000e+00,0.000000000000000000e+00,0.000000000000000000e+00,0.000000000000000000e+00,0.000000000000000000e+00,0.000000000000000000e+00,0.000000000000000000e+00,0.000000000000000000e+00,0.000000000000000000e+00,0.000000000000000000e+00,0.000000000000000000e+00,0.000000000000000000e+00,0.000000000000000000e+00,0.000000000000000000e+00,0.000000000000000000e+00,0.000000000000000000e+00,0.000000000000000000e+00,0.000000000000000000e+00,0.000000000000000000e+00,0.000000000000000000e+00,0.000000000000000000e+00,0.000000000000000000e+00,0.000000000000000000e+00,0.000000000000000000e+00,0.000000000000000000e+00,0.000000000000000000e+00,0.000000000000000000e+00,0.000000000000000000e+00,0.000000000000000000e+00,0.000000000000000000e+00,0.000000000000000000e+00,0.000000000000000000e+00,0.000000000000000000e+00,0.000000000000000000e+00,0.000000000000000000e+00,0.000000000000000000e+00,0.000000000000000000e+00,0.000000000000000000e+00,0.000000000000000000e+00,0.000000000000000000e+00,0.000000000000000000e+00,0.000000000000000000e+00,0.000000000000000000e+00,0.000000000000000000e+00,0.000000000000000000e+00,0.000000000000000000e+00,0.000000000000000000e+00,0.000000000000000000e+00,0.000000000000000000e+00,0.000000000000000000e+00,0.000000000000000000e+00,0.000000000000000000e+00,0.000000000000000000e+00,0.000000000000000000e+00,0.000000000000000000e+00,0.000000000000000000e+00,0.000000000000000000e+00,0.000000000000000000e+00,0.000000000000000000e+00,0.000000000000000000e+00,0.000000000000000000e+00,0.000000000000000000e+00,0.000000000000000000e+00,0.000000000000000000e+00,0.000000000000000000e+00,0.000000000000000000e+00,0.000000000000000000e+00,0.000000000000000000e+00,0.000000000000000000e+00,0.000000000000000000e+00,0.000000000000000000e+00,0.000000000000000000e+00,0.000000000000000000e+00,0.000000000000000000e+00,0.000000000000000000e+00,0.000000000000000000e+00,0.000000000000000000e+00,0.000000000000000000e+00,0.000000000000000000e+00,0.000000000000000000e+00,0.000000000000000000e+00,0.000000000000000000e+00,0.000000000000000000e+00,0.000000000000000000e+00,0.000000000000000000e+00,0.000000000000000000e+00,0.000000000000000000e+00,0.000000000000000000e+00,0.000000000000000000e+00,0.000000000000000000e+00,0.000000000000000000e+00,0.000000000000000000e+00,0.000000000000000000e+00,0.000000000000000000e+00,0.000000000000000000e+00,0.000000000000000000e+00,0.000000000000000000e+00,0.000000000000000000e+00,0.000000000000000000e+00,0.000000000000000000e+00,0.000000000000000000e+00,-9.836952655561698611e-05,-8.968196659279091228e-05,-7.776547091877189857e-05,-5.290802083876132867e-05,-2.643889949046901303e-05,-3.843515826063988411e-06,1.250148131901013662e-05,2.176557072949045457e-05,2.541515592438423700e-05,2.498975022498578697e-05,2.216707485038505181e-05,1.818772248483937088e-05,1.385646447003438138e-05,9.573642328172657010e-06,5.498896281268382755e-06,1.660715997625139480e-06,-1.947984595043677620e-06,-5.330807493661256420e-06,-8.475745233979870672e-06,-1.136006650525653899e-05,-1.396094219865734797e-05,-1.626277931220648703e-05,-1.826262232265185849e-05,-1.997052149161715221e-05,-2.140884320031481326e-05,-2.260924653821183905e-05,-2.360989206430246605e-05,-2.445204957717974590e-05,-2.517734257209627648e-05,-2.582514718419151196e-05,-2.643070556319867243e-05,-2.702370424012813941e-05,-2.762752734030139194e-05,-2.825901602247005148e-05,-2.892874830317774488e-05,-2.964168607653675143e-05,-3.039811260512179005e-05,-3.119472381003824551e-05,-3.202577940167933756e-05,-3.288421235107502995e-05,-3.376262743744807323e-05,-3.465413363142731847e-05,-3.555298074008254416e-05,-3.645498909509417215e-05,-3.735777872021545543e-05,-3.826081843856440077e-05,-3.916532398160504127e-05,-4.007404096207189243e-05,-4.099094906621926200e-05,-4.192092410698308632e-05,-4.286938942437132279e-05,-4.384198430201574436e-05,-4.484426917829474547e-05,-4.588148215445788281e-05,-4.695835319433118340e-05,-4.807897776871042833e-05,-4.924674509836323962e-05,-5.046431341755448606e-05,-5.173362046037603072e-05,-5.305591698089587104e-05,-5.443180925454496177e-05,-5.586129792926523521e-05,-5.734380003534178370e-05,-5.887814258986369138e-05,-6.046251490847162575e-05,-6.209436634987338950e-05,-6.377023226995894359e-05,-6.548546800810289424e-05,-6.723386627938753653e-05,-6.900713436355070671e-05,-7.079421557732439735e-05,-7.258046581232137275e-05,-7.434674733661969504e-05,-7.606859271089763262e-05,-7.771572991149669257e-05,-7.925245266296083199e-05,-8.063956212785944951e-05,-8.183887161975828732e-05,-8.282150656862301210e-05,-8.358134845821311510e-05,-8.415484721421979378e-05,-8.464786491403730013e-05,-8.526907338540984978e-05,-8.636748658105864319e-05,-8.846903674351813630e-05,-9.230370953705336603e-05,-9.881143762575942877e-05,-1.091122707122073793e-04,-1.244263442536043735e-04,-1.459325756327362587e-04,-1.745647510455617518e-04,-2.107582841222601061e-04,-2.541826253514257940e-04,-3.035161047409948342e-04,-3.563439417678413508e-04,-4.092724849569958604e-04,-4.583526521231397004e-04,-4.998400313278018826e-04,-5.311004806774443070e-04,-5.508740796623703669e-04,-5.570081800856918055e-04,-5.386091201204741205e-04,-4.606549904363800032e-04,-2.473074180548637800e-04,2.090861743888994088e-04,9.538008611709591781e-04,1.701995780898121107e-03,1.339135796015839160e-03
0.000000000000000000e+00,0.000000000000000000e+00,0.000000000000000000e+00,0.000000000000000000e+00,0.000000000000000000e+00,0.000000000000000000e+00,0.000000000000000000e+00,0.000000000000000000e+00,0.000000000000000000e+00,0.000000000000000000e+00,0.000000000000000000e+00,0.000000000000000000e+00,0.000000000000000000e+00,0.000000000000000000e+00,0.000000000000000000e+00,0.000000000000000000e+00,0.000000000000000000e+00,0.000000000000000000e+00,0.000000000000000000e+00,0.000000000000000000e+00,0.000000000000000000e+00,0.000000000000000000e+00,0.000000000000000000e+00,0.000000000000000000e+00,0.000000000000000000e+00,0.000000000000000000e+00,0.000000000000000000e+00,0.000000000000000000e+00,0.000000000000000000e+00,0.000000000000000000e+00,0.000000000000000000e+00,0.000000000000000000e+00,0.000000000000000000e+00,0.000000000000000000e+00,0.000000000000000000e+00,0.000000000000000000e+00,0.000000000000000000e+00,0.000000000000000000e+00,0.000000000000000000e+00,0.000000000000000000e+00,0.000000000000000000e+00,0.000000000000000000e+00,0.000000000000000000e+00,0.000000000000000000e+00,0.000000000000000000e+00,0.000000000000000000e+00,0.000000000000000000e+00,0.000000000000000000e+00,0.000000000000000000e+00,0.000000000000000000e+00,0.000000000000000000e+00,0.000000000000000000e+00,0.000000000000000000e+00,0.000000000000000000e+00,0.000000000000000000e+00,0.000000000000000000e+00,0.000000000000000000e+00,0.000000000000000000e+00,0.000000000000000000e+00,0.000000000000000000e+00,0.000000000000000000e+00,0.000000000000000000e+00,0.000000000000000000e+00,0.000000000000000000e+00,0.000000000000000000e+00,0.000000000000000000e+00,0.000000000000000000e+00,0.000000000000000000e+00,0.000000000000000000e+00,0.000000000000000000e+00,0.000000000000000000e+00,0.000000000000000000e+00,0.000000000000000000e+00,0.000000000000000000e+00,0.000000000000000000e+00,0.000000000000000000e+00,0.000000000000000000e+00,0.000000000000000000e+00,0.000000000000000000e+00,0.000000000000000000e+00,0.000000000000000000e+00,0.000000000000000000e+00,0.000000000000000000e+00,0.000000000000000000e+00,0.000000000000000000e+00,0.000000000000000000e+00,0.000000000000000000e+00,0.000000000000000000e+00,0.000000000000000000e+00,0.000000000000000000e+00,0.000000000000000000e+00,0.000000000000000000e+00,0.000000000000000000e+00,0.000000000000000000e+00,0.000000000000000000e+00,0.000000000000000000e+00,0.000000000000000000e+00,0.000000000000000000e+00,0.000000000000000000e+00,0.000000000000000000e+00,0.000000000000000000e+00,0.000000000000000000e+00,0.000000000000000000e+00,0.000000000000000000e+00,0.000000000000000000e+00,0.000000000000000000e+00,0.000000000000000000e+00,0.000000000000000000e+00,0.000000000000000000e+00,0.000000000000000000e+00,0.000000000000000000e+00,0.000000000000000000e+00,0.000000000000000000e+00,0.000000000000000000e+00,0.000000000000000000e+00,0.000000000000000000e+00,0.000000000000000000e+00,0.000000000000000000e+00,0.000000000000000000e+00,0.000000000000000000e+00,0.000000000000000000e+00,0.000000000000000000e+00,0.000000000000000000e+00,0.000000000000000000e+00,0.000000000000000000e+00,0.000000000000000000e+00,0.000000000000000000e+00,0.000000000000000000e+00,0.000000000000000000e+00,0.000000000000000000e+00,0.000000000000000000e+00,0.000000000000000000e+00,0.000000000000000000e+00,0.000000000000000000e+00,0.000000000000000000e+00,0.000000000000000000e+00,0.000000000000000000e+00,0.000000000000000000e+00,0.000000000000000000e+00,0.000000000000000000e+00,0.000000000000000000e+00,0.000000000000000000e+00,0.000000000000000000e+00,0.000000000000000000e+00,0.000000000000000000e+00,0.000000000000000000e+00,0.000000000000000000e+00,0.000000000000000000e+00,0.000000000000000000e+00,0.000000000000000000e+00,0.000000000000000000e+00,0.000000000000000000e+00,0.000000000000000000e+00,0.000000000000000000e+00,0.000000000000000000e+00,0.000000000000000000e+00,0.000000000000000000e+00,0.000000000000000000e+00,0.000000000000000000e+00,0.000000000000000000e+00,0.000000000000000000e+00,0.000000000000000000e+00,0.000000000000000000e+00,0.000000000000000000e+00,0.000000000000000000e+00,0.000000000000000000e+00,0.000000000000000000e+00,0.000000000000000000e+00,0.000000000000000000e+00,0.000000000000000000e+00,0.000000000000000000e+00,0.000000000000000000e+00,0.000000000000000000e+00,0.000000000000000000e+00,0.000000000000000000e+00,0.000000000000000000e+00,0.000000000000000000e+00,0.000000000000000000e+00,0.000000000000000000e+00,0.000000000000000000e+00,0.000000000000000000e+00,0.000000000000000000e+00,0.000000000000000000e+00,0.000000000000000000e+00,0.000000000000000000e+00,0.000000000000000000e+00,0.000000000000000000e+00,0.000000000000000000e+00,0.000000000000000000e+00,0.000000000000000000e+00,0.000000000000000000e+00,0.000000000000000000e+00,-8.333875072822625508e-05,-9.277988570739940477e-05,-8.655014759949602370e-05,-6.416101203196133539e-05,-3.705686850444358708e-05,-1.155950728533236142e-05,6.931602643922866327e-06,1.861031836934548057e-05,2.393948413098506280e-05,2.466327927668952001e-05,2.253319228867497564e-05,1.897454069889984314e-05,1.489711021515298808e-05,1.079687115058863165e-05,6.861836284792220605e-06,3.133659297734270212e-06,-3.977567146716029222e-07,-3.740513052158122769e-06,-6.883962625088652925e-06,-9.804500468510141161e-06,-1.247389224942496602e-05,-1.487033679717996499e-05,-1.698246579714958088e-05,-1.881253138004984428e-05,-2.037489651096672949e-05,-2.169464850729965196e-05,-2.280436768318295945e-05,-2.374149424413310309e-05,-2.454524279699375926e-05,-2.525418086882859730e-05,-2.590399078172093091e-05,-2.652590727631995752e-05,-2.714560509543714029e-05,-2.778270228592132421e-05,-2.845072218696368378e-05,-2.915750685585506274e-05,-2.990593850596644899e-05,-3.069489050024013774e-05,-3.152028348805706781e-05,-3.237616204570984113e-05,-3.325570302276496825e-05,-3.415209875241292524e-05,-3.505927001991298176e-05,-3.597238976569069749e-05,-3.688821202814180549e-05,-3.780521907920657315e-05,-3.872360824301253785e-05,-3.964514986844654154e-05,-4.057294962341817345e-05,-4.151115090639558421e-05,-4.246460916696879264e-05,-4.343856763730674674e-05,-4.443835667927517613e-05,-4.546913445439627378e-05,-4.653567849186963587e-05,-4.764223327347227768e-05,-4.879241184404911516e-05,-4.998914654526761864e-05,-5.123467898080454795e-05,-5.253057866978101800e-05,-5.387777728724008525e-05,-5.527660686618374728e-05,-5.672682958941746448e-05,-5.822764921465755473e-05,-5.977769348495195909e-05,-6.137495799444604510e-05,-6.301669889667991706e-05,-6.469925961436701696e-05,-6.641781056128020285e-05,-6.816597753464305736e-05,-6.993533224352400718e-05,-7.171472814135172280e-05,-7.348948984840860830e-05,-7.524052130576194971e-05,-7.694349383529612704e-05,-7.856842865184971683e-05,-8.008019892896415452e-05,-8.144074798830908764e-05,-8.261411399251610205e-05,-8.357562496988897647e-05,-8.432675323661692436e-05,-8.491697940445568733e-05,-8.547335695430614659e-05,-8.623715994165087389e-05,-8.760471692685084944e-05,-9.016645391419689628e-05,-9.473416717207635749e-05,-1.023427991413500352e-04,-1.142098790136427885e-04,-1.316363278255014164e-04,-1.558367305951200094e-04,-1.877002112614810825e-04,-2.275014428562999603e-04,-2.746102886272400569e-04,-3.272760957208364647e-04,-3.825945981473090709e-04,-4.367713893042472284e-04,-4.857605477346983204e-04,-5.261501803487542367e-04,-5.556197065906385733e-04,-5.711484203227199354e-04,-5.617970842524072986e-04,-4.934188200114651137e-04,-2.904149024304448394e-04,1.587717264711023654e-04,9.097545181778724952e-04,1.687011169499265297e-03,1.353570570420680862e-03
0.000000000000000000e+00,0.000000000000000000e+00,0.000000000000000000e+00,0.000000000000000000e+00,0.000000000000000000e+00,0.000000000000000000e+00,0.000000000000000000e+00,0.000000000000000000e+00,0.000000000000000000e+00,0.000000000000000000e+00,0.000000000000000000e+00,0.000000000000000000e+00,0.000000000000000000e+00,0.000000000000000000e+00,0.000000000000000000e+00,0.000000000000000000e+00,0.000000000000000000e+00,0.000000000000000000e+00,0.000000000000000000e+00,0.000000000000000000e+00,0.000000000000000000e+00,0.000000000000000000e+00,0.000000000000000000e+00,0.000000000000000000e+00,0.000000000000000000e+00,0.000000000000000000e+00,0.000000000000000000e+00,0.000000000000000000e+00,0.000000000000000000e+00,0.000000000000000000e+00,0.000000000000000000e+00,0.000000000000000000e+00,0.000000000000000000e+00,0.000000000000000000e+00,0.000000000000000000e+00,0.000000000000000000e+00,0.000000000000000000e+00,0.000000000000000000e+00,0.000000000000000000e+00,0.000000000000000000e+00,0.000000000000000000e+00,0.000000000000000000e+00,0.000000000000000000e+00,0.000000000000000000e+00,0.000000000000000000e+00,0.000000000000000000e+00,0.000000000000000000e+00,0.000000000000000000e+00,0.000000000000000000e+00,0.000000000000000000e+00,0.000000000000000000e+00,0.000000000000000000e+00,0.000000000000000000e+00,0.000000000000000000e+00,0.000000000000000000e+00,0.000000000000000000e+00,0.000000000000000000e+00,0.000000000000000000e+00,0.000000000000000000e+00,0.000000000000000000e+00,0.000000000000000000e+00,0.000000000000000000e+00,0.000000000000000000e+00,0.000000000000000000e+00,0.000000000000000000e+00,0.000000000000000000e+00,0.000000000000000000e+00,0.000000000000000000e+00,0.000000000000000000e+00,0.000000000000000000e+00,0.000000000000000000e+00,0.000000000000000000e+00,0.000000000000000000e+00,0.000000000000000000e+00,0.000000000000000000e+00,0.000000000000000000e+00,0.000000000000000000e+00,0.000000000000000000e+00,0.000000000000000000e+00,0.000000000000000000e+00,0.000000000000000000e+00,0.000000000000000000e+00,0.000000000000000000e+00,0.000000000000000000e+00,0.000000000000000000e+00,0.000000000000000000e+00,0.000000000000000000e+00,0.000000000000000000e+00,0.000000000000000000e+00,0.000000000000000000e+00,0.000000000000000000e+00,0.000000000000000000e+00,0.000000000000000000e+00,0.000000000000000000e+00,0.000000000000000000e+00,0.000000000000000000e+00,0.000000000000000000e+00,0.000000000000000000e+00,0.000000000000000000e+00,0.000000000000000000e+00,0.000000000000000000e+00,0.000000000000000000e+00,0.000000000000000000e+00,0.000000000000000000e+00,0.000000000000000000e+00,0.000000000000000000e+00,0.000000000000000000e+00,0.000000000000000000e+00,0.000000000000000000e+00,0.000000000000000000e+00,0.000000000000000000e+00,0.000000000000000000e+00,0.000000000000000000e+00,0.000000000000000000e+00,0.000000000000000000e+00,0.000000000000000000e+00,0.000000000000000000e+00,0.000000000000000000e+00,0.000000000000000000e+00,0.000000000000000000e+00,0.000000000000000000e+00,0.000000000000000000e+00,0.000000000000000000e+00,0.000000000000000000e+00,0.000000000000000000e+00,0.000000000000000000e+00,0.000000000000000000e+00,0.000000000000000000e+00,0.000000000000000000e+00,0.000000000000000000e+00,0.000000000000000000e+00,0.000000000000000000e+00,0.000000000000000000e+00,0.000000000000000000e+00,0.000000000000000000e+00,0.000000000000000000e+00,0.000000000000000000e+00,0.000000000000000000e+00,0.000000000000000000e+00,0.000000000000000000e+00,0.000000000000000000e+00,0.000000000000000000e+00,0.000000000000000000e+00,0.000000000000000000e+00,0.000000000000000000e+00,0.000000000000000000e+00,0.000000000000000000e+00,0.000000000000000000e+00,0.000000000000000000e+00,0.000000000000000000e+00,0.000000000000000000e+00,0.000000000000000000e+00,0.000000000000000000e+00,0.000000000000000000e+00,0.000000000000000000e+00,0.000000000000000000e+00,0.000000000000000000e+00,0.000000000000000000e+00,0.000000000000000000e+00,0.000000000000000000e+00,0.000000000000000000e+00,0.000000000000000000e+00,0.000000000000000000e+00,0.000000000000000000e+00,0.000000000000000000e+00,0.000000000000000000e+00,0.000000000000000000e+00,0.000000000000000000e+00,0.000000000000000000e+00,0.000000000000000000e+00,0.000000000000000000e+00,0.000000000000000000e+00,0.000000000000000000e+00,0.000000000000000000e+00,0.000000000000000000e+00,0.000000000000000000e+00,0.000000000000000000e+00,0.000000000000000000e+00,0.000000000000000000e+00,0.000000000000000000e+00,0.000000000000000000e+00,0.000000000000000000e+00,0.000000000000000000e+00,0.000000000000000000e+00,0.000000000000000000e+00,0.000000000000000000e+00,0.000000000000000000e+00,0.000000000000000000e+00,0.000000000000000000e+00,0.000000000000000000e+00,0.000000000000000000e+00,0.000000000000000000e+00,0.000000000000000000e+00,-8.329406843716216603e-05,-9.251258533063927523e-05,-7.518478321633316919e-05,-4.619254931802573271e-05,-2.039510689695117417e-05,8.947137164511344884e-07,1.486078553666898676e-05,2.198470161793895044e-05,2.394470053812943478e-05,2.259475500255967543e-05,1.948446553437868057e-05,1.569712856104278509e-05,1.180013713027105363e-05,8.029899593797836093e-06,4.438950535513429877e-06,1.014301703695707448e-06,-2.256025708372323239e-06,-5.366355338749621162e-06,-8.291510951402443735e-06,-1.100129306677714009e-05,-1.346725430421107303e-05,-1.567174251583318775e-05,-1.760873267038282733e-05,-1.928533230483139345e-05,-2.071930234468379362e-05,-2.193739888049714776e-05,-2.297224573823256110e-05,-2.385990679717262195e-05,-2.463712844356084585e-05,-2.533921558013363192e-05,-2.599813181877941363e-05,-2.664122740875840057e-05,-2.729040546755430861e-05,-2.796184039357375723e-05,-2.866610846323982019e-05,-2.940870126361623446e-05,-3.019079314712087465e-05,-3.101018171845299149e-05,-3.186229280912136492e-05,-3.274117192017019499e-05,-3.364038863920780747e-05,-3.455380558550794838e-05,-3.547617905177210401e-05,-3.640357831391503646e-05,-3.733362594206792248e-05,-3.826557407463655606e-05,-3.920024153312018226e-05,-4.013984153264442108e-05,-4.108773319192404548e-05,-4.204812845914805778e-05,-4.302578447309879421e-05,-4.402570570963893940e-05,-4.505287596003493023e-05,-4.611203295029874796e-05,-4.720749362084343651e-05,-4.834303129572335174e-05,-4.952180231775308320e-05,-5.074631469407381041e-05,-5.201842970439779891e-05,-5.333938474148315102e-05,-5.470982632598914787e-05,-5.612984168172104179e-05,-5.759897947846822854e-05,-5.911625062525073792e-05,-6.068010186418088334e-05,-6.228835361176675051e-05,-6.393809233815580856e-05,-6.562550264529468590e-05,-6.734561919760838854e-05,-6.909197198829440981e-05,-7.085609700418110972e-05,-7.262689147237293716e-05,-7.438982045333132718e-05,-7.612604012526725400e-05,-7.781160822366246571e-05,-7.941711828684208825e-05,-8.090832740783123920e-05,-8.224864892812309947e-05,-8.340471070046816509e-05,-8.435649149752605857e-05,-8.511368849338319189e-05,-8.573982098291716087e-05,-8.638480690466926665e-05,-8.732525859348159731e-05,-8.900905292807483363e-05,-9.209718141333106281e-05,-9.749108983281271654e-05,-1.063294829167691865e-04,-1.199348127276256574e-04,-1.396910943494393954e-04,-1.668403219140297431e-04,-2.022028523263567229e-04,-2.458506631670156453e-04,-2.968024708550750178e-04,-3.528432498193067170e-04,-4.106081433723283015e-04,-4.660410982041691269e-04,-5.151890961983845345e-04,-5.547599979985772716e-04,-5.807647571642660708e-04,-5.819745727906466956e-04,-5.249397789462988302e-04,-3.343772123040234423e-04,1.050166798598249434e-04,8.597362506577473215e-04,1.665582133743796723e-03,1.365469337237288673e-03
0.000000000000000000e+00,0.000000000000000000e+00,0.000000000000000000e+00,0.000000000000000000e+00,0.000000000000000000e+00,0.000000000000000000e+00,0.000000000000000000e+00,0.000000000000000000e+00,0.000000000000000000e+00,0.000000000000000000e+00,0.000000000000000000e+00,0.000000000000000000e+00,0.000000000000000000e+00,0.000000000000000000e+00,0.000000000000000000e+00,0.000000000000000000e+00,0.000000000000000000e+00,0.000000000000000000e+00,0.000000000000000000e+00,0.000000000000000000e+00,0.000000000000000000e+00,0.000000000000000000e+00,0.000000000000000000e+00,0.000000000000000000e+00,0.000000000000000000e+00,0.000000000000000000e+00,0.000000000000000000e+00,0.000000000000000000e+00,0.000000000000000000e+00,0.000000000000000000e+00,0.000000000000000000e+00,0.000000000000000000e+00,0.000000000000000000e+00,0.000000000000000000e+00,0.000000000000000000e+00,0.000000000000000000e+00,0.000000000000000000e+00,0.000000000000000000e+00,0.000000000000000000e+00,0.000000000000000000e+00,0.000000000000000000e+00,0.000000000000000000e+00,0.000000000000000000e+00,0.000000000000000000e+00,0.000000000000000000e+00,0.000000000000000000e+00,0.000000000000000000e+00,0.000000000000000000e+00,0.000000000000000000e+00,0.000000000000000000e+00,0.000000000000000000e+00,0.000000000000000000e+00,0.000000000000000000e+00,0.000000000000000000e+00,0.000000000000000000e+00,0.000000000000000000e+00,0.000000000000000000e+00,0.000000000000000000e+00,0.000000000000000000e+00,0.000000000000000000e+00,0.000000000000000000e+00,0.000000000000000000e+00,0.000000000000000000e+00,0.000000000000000000e+00,0.000000000000000000e+00,0.000000000000000000e+00,0.000000000000000000e+00,0.000000000000000000e+00,0.000000000000000000e+00,0.000000000000000000e+00,0.000000000000000000e+00,0.000000000000000000e+00,0.000000000000000000e+00,0.000000000000000000e+00,0.000000000000000000e+00,0.000000000000000000e+00,0.000000000000000000e+00,0.000000000000000000e+00,0.000000000000000000e+00,0.000000000000000000e+00,0.000000000000000000e+00,0.000000000000000000e+00,0.000000000000000000e+00,0.000000000000000000e+00,0.000000000000000000e+00,0.000000000000000000e+00,0.000000000000000000e+00,0.000000000000000000e+00,0.000000000000000000e+00,0.000000000000000000e+00,0.000000000000000000e+00,0.000000000000000000e+00,0.000000000000000000e+00,0.000000000000000000e+00,0.000000000000000000e+00,0.000000000000000000e+00,0.000000000000000000e+00,0.000000000000000000e+00,0.000000000000000000e+00,0.000000000000000000e+00,0.000000000000000000e+00,0.000000000000000000e+00,0.000000000000000000e+00,0.000000000000000000e+00,0.000000000000000000e+00,0.000000000000000000e+00,0.000000000000000000e+00,0.000000000000000000e+00,0.000000000000000000e+00,0.000000000000000000e+00,0.000000000000000000e+00,0.000000000000000000e+00,0.000000000000000000e+00,0.000000000000000000e+00,0.000000000000000000e+00,0.000000000000000000e+00,0.000000000000000000e+00,0.000000000000000000e+00,0.000000000000000000e+00,0.000000000000000000e+00,0.000000000000000000e+00,0.000000000000000000e+00,0.000000000000000000e+00,0.000000000000000000e+00,0.000000000000000000e+00,0.000000000000000000e+00,0.000000000000000000e+00,0.000000000000000000e+00,0.000000000000000000e+00,0.000000000000000000e+00,0.000000000000000000e+00,0.000000000000000000e+00,0.000000000000000000e+00,0.000000000000000000e+00,0.000000000000000000e+00,0.000000000000000000e+00,0.000000000000000000e+00,0.000000000000000000e+00,0.000000000000000000e+00,0.000000000000000000e+00,0.000000000000000000e+00,0.000000000000000000e+00,0.000000000000000000e+00,0.000000000000000000e+00,0.000000000000000000e+00,0.000000000000000000e+00,0.000000000000000000e+00,0.000000000000000000e+00,0.000000000000000000e+00,0.000000000000000000e+00,0.000000000000000000e+00,0.000000000000000000e+00,0.000000000000000000e+00,0.000000000000000000e+00,0.000000000000000000e+00,0.000000000000000000e+00,0.000000000000000000e+00,0.000000000000000000e+00,0.000000000000000000e+00,0.000000000000000000e+00,0.000000000000000000e+00,0.000000000000000000e+00,0.000000000000000000e+00,0.000000000000000000e+00,0.000000000000000000e+00,0.000000000000000000e+00,0.000000000000000000e+00,0.000000000000000000e+00,0.000000000000000000e+00,0.000000000000000000e+00,0.000000000000000000e+00,0.000000000000000000e+00,0.000000000000000000e+00,0.000000000000000000e+00,0.000000000000000000e+00,0.000000000000000000e+00,0.000000000000000000e+00,0.000000000000000000e+00,0.000000000000000000e+00,0.000000000000000000e+00,0.000000000000000000e+00,0.000000000000000000e+00,0.000000000000000000e+00,0.000000000000000000e+00,0.000000000000000000e+00,0.000000000000000000e+00,0.000000000000000000e+00,0.000000000000000000e+00,0.000000000000000000e+00,0.000000000000000000e+00,0.000000000000000000e+00,0.000000000000000000e+00,0.000000000000000000e+00,0.000000000000000000e+00,-9.481237389078172456e-05,-7.842282679970253017e-05,-5.650373545020868563e-05,-2.894535990807129024e-05,-5.466033628948262135e-06,1.057318608879469667e-05,1.960375590268353076e-05,2.290026082080190442e-05,2.234716830561651866e-05,1.973372477335949478e-05,1.625097566915847697e-05,1.257514267782279744e-05,8.989805470794929020e-06,5.558172719684086920e-06,2.268544438106038799e-06,-9.007427723693062074e-07,-3.945529715008822767e-06,-6.844845880530549755e-06,-9.564570742441037178e-06,-1.207363713919073409e-05,-1.434719380822955781e-05,-1.637304051896468286e-05,-1.815036674095744110e-05,-1.969021251772328095e-05,-2.101270482897090193e-05,-2.214532965696462777e-05,-2.312004095100640922e-05,-2.397102724916637821e-05,-2.473227437962992385e-05,-2.543571286774032843e-05,-2.610963333404972493e-05,-2.677767795286830442e-05,-2.745825317864002694e-05,-2.816443070804051536e-05,-2.890421192664090200e-05,-2.968111151266964872e-05,-3.049494391858666127e-05,-3.134273439190269034e-05,-3.221965871943184947e-05,-3.311994356834516081e-05,-3.403766530461893857e-05,-3.496740945365000067e-05,-3.590476596266812317e-05,-3.684665508670000652e-05,-3.779148982130332081e-05,-3.873919382487416306e-05,-3.969109918366758253e-05,-4.064975439172373485e-05,-4.161867232614617241e-05,-4.260204839162166587e-05,-4.360447404556942513e-05,-4.463066795288576276e-05,-4.568523993932630190e-05,-4.677249885832076009e-05,-4.789630831603209840e-05,-4.905999080419827480e-05,-5.026627496609033203e-05,-5.151727909174891963e-05,-5.281452025765290303e-05,-5.415893912708010996e-05,-5.555092901559392028e-05,-5.699036034622844375e-05,-5.847659169150949601e-05,-6.000846163567806057e-05,-6.158425522293445992e-05,-6.320163971872731171e-05,-6.485756052983522699e-05,-6.654808453984032508e-05,-6.826816981194592192e-05,-7.001133476679781030e-05,-7.176919499023128783e-05,-7.353084414964402107e-05,-7.528208133777687487e-05,-7.700455110862689727e-05,-7.867497291066578055e-05,-8.026482019664694446e-05,-8.174106291521560140e-05,-8.306892720984680940e-05,-8.421799182328690823e-05,-8.517330595512091773e-05,-8.595337003052338858e-05,-8.663668279048104414e-05,-8.739765847890813583e-05,-8.855104610074393599e-05,-9.060076957275801078e-05,-9.428503602362623022e-05,-1.006036871872586336e-04,-1.108090428126740084e-04,-1.263367432200672002e-04,-1.486561306684116321e-04,-1.790268599984940661e-04,-2.181745912525622790e-04,-2.659287210516277132e-04,-3.209212301302556713e-04,-3.804796804235938525e-04,-4.408729843734999522e-04,-4.979246060508567013e-04,-5.475784450079320418e-04,-5.848716091482489233e-04,-5.980949734638602716e-04,-5.542892225727742489e-04,-3.785265583581493357e-04,4.809180195514850569e-05,8.034862669848366482e-04,1.637016671501654013e-03,1.374392052250566609e-03
0.000000000000000000e+00,0.000000000000000000e+00,0.000000000000000000e+00,0.000000000000000000e+00,0.000000000000000000e+00,0.000000000000000000e+00,0.000000000000000000e+00,0.000000000000000000e+00,0.000000000000000000e+00,0.000000000000000000e+00,0.000000000000000000e+00,0.000000000000000000e+00,0.000000000000000000e+00,0.000000000000000000e+00,0.000000000000000000e+00,0.000000000000000000e+00,0.000000000000000000e+00,0.000000000000000000e+00,0.000000000000000000e+00,0.000000000000000000e+00,0.000000000000000000e+00,0.000000000000000000e+00,0.000000000000000000e+00,0.000000000000000000e+00,0.000000000000000000e+00,0.000000000000000000e+00,0.000000000000000000e+00,0.000000000000000000e+00,0.000000000000000000e+00,0.000000000000000000e+00,0.000000000000000000e+00,0.000000000000000000e+00,0.000000000000000000e+00,0.000000000000000000e+00,0.000000000000000000e+00,0.000000000000000000e+00,0.000000000000000000e+00,0.000000000000000000e+00,0.000000000000000000e+00,0.000000000000000000e+00,0.000000000000000000e+00,0.000000000000000000e+00,0.000000000000000000e+00,0.000000000000000000e+00,0.000000000000000000e+00,0.000000000000000000e+00,0.000000000000000000e+00,0.000000000000000000e+00,0.000000000000000000e+00,0.000000000000000000e+00,0.000000000000000000e+00,0.000000000000000000e+00,0.000000000000000000e+00,0.000000000000000000e+00,0.000000000000000000e+00,0.000000000000000000e+00,0.000000000000000000e+00,0.000000000000000000e+00,0.000000000000000000e+00,0.000000000000000000e+00,0.000000000000000000e+00,0.000000000000000000e+00,0.000000000000000000e+00,0.000000000000000000e+00,0.000000000000000000e+00,0.000000000000000000e+00,0.000000000000000000e+00,0.000000000000000000e+00,0.000000000000000000e+00,0.000000000000000000e+00,0.000000000000000000e+00,0.000000000000000000e+00,0.000000000000000000e+00,0.000000000000000000e+00,0.000000000000000000e+00,0.000000000000000000e+00,0.000000000000000000e+00,0.000000000000000000e+00,0.000000000000000000e+00,0.000000000000000000e+00,0.000000000000000000e+00,0.000000000000000000e+00,0.000000000000000000e+00,0.000000000000000000e+00,0.000000000000000000e+00,0.000000000000000000e+00,0.000000000000000000e+00,0.000000000000000000e+00,0.000000000000000000e+00,0.000000000000000000e+00,0.000000000000000000e+00,0.000000000000000000e+00,0.000000000000000000e+00,0.000000000000000000e+00,0.000000000000000000e+00,0.000000000000000000e+00,0.000000000000000000e+00,0.000000000000000000e+00,0.000000000000000000e+00,0.000000000000000000e+00,0.000000000000000000e+00,0.000000000000000000e+00,0.000000000000000000e+00,0.000000000000000000e+00,0.000000000000000000e+00,0.000000000000000000e+00,0.000000000000000000e+00,0.000000000000000000e+00,0.000000000000000000e+00,0.000000000000000000e+00,0.000000000000000000e+00,0.000000000000000000e+00,0.000000000000000000e+00,0.000000000000000000e+00,0.000000000000000000e+00,0.000000000000000000e+00,0.000000000000000000e+00,0.000000000000000000e+00,0.000000000000000000e+00,0.000000000000000000e+00,0.000000000000000000e+00,0.000000000000000000e+00,0.000000000000000000e+00,0.000000000000000000e+00,0.000000000000000000e+00,0.000000000000000000e+00,0.000000000000000000e+00,0.000000000000000000e+00,0.000000000000000000e+00,0.000000000000000000e+00,0.000000000000000000e+00,0.000000000000000000e+00,0.000000000000000000e+00,0.000000000000000000e+00,0.000000000000000000e+00,0.000000000000000000e+00,0.000000000000000000e+00,0.000000000000000000e+00,0.000000000000000000e+00,0.000000000000000000e+00,0.000000000000000000e+00,0.000000000000000000e+00,0.000000000000000000e+00,0.000000000000000000e+00,0.000000000000000000e+00,0.000000000000000000e+00,0.000000000000000000e+00,0.000000000000000000e+00,0.000000000000000000e+00,0.000000000000000000e+00,0.000000000000000000e+00,0.000000000000000000e+00,0.000000000000000000e+00,0.000000000000000000e+00,0.000000000000000000e+00,0.000000000000000000e+00,0.000000000000000000e+00,0.000000000000000000e+00,0.000000000000000000e+00,0.000000000000000000e+00,0.000000000000000000e+00,0.000000000000000000e+00,0.000000000000000000e+00,0.000000000000000000e+00,0.000000000000000000e+00,0.000000000000000000e+00,0.000000000000000000e+00,0.000000000000000000e+00,0.000000000000000000e+00,0.000000000000000000e+00,0.000000000000000000e+00,0.000000000000000000e+00,0.000000000000000000e+00,0.000000000000000000e+00,0.000000000000000000e+00,0.000000000000000000e+00,0.000000000000000000e+00,0.000000000000000000e+00,0.000000000000000000e+00,0.000000000000000000e+00,0.000000000000000000e+00,0.000000000000000000e+00,0.000000000000000000e+00,0.000000000000000000e+00,0.000000000000000000e+00,0.000000000000000000e+00,0.000000000000000000e+00,0.000000000000000000e+00,0.000000000000000000e+00,0.000000000000000000e+00,0.000000000000000000e+00,0.000000000000000000e+00,0.000000000000000000e+00,0.000000000000000000e+00,-9.060179746513439625e-05,-8.788956063853552657e-05,-6.589404378281252933e-05,-3.700387539908402324e-05,-1.263702518488319381e-05,5.863790895384907214e-06,1.690286092188447392e-05,2.150927792859468618e-05,2.183917239893664065e-05,1.973319443492141953e-05,1.656387970086882835e-05,1.312139537198992539e-05,9.731033369339127332e-06,6.479150077868533827e-06,3.344574127253575386e-06,3.053014992283204827e-07,-2.646324172072662710e-06,-5.487718979057257220e-06,-8.188093719621082023e-06,-1.071112027099445890e-05,-1.302893679757696863e-05,-1.512208233942513432e-05,-1.698372211950476302e-05,-1.861746762551737771e-05,-2.003723797524925256e-05,-2.126458403554372091e-05,-2.232695050532325931e-05,-2.325505602088584700e-05,-2.408083869403724052e-05,-2.483532723395158397e-05,-2.554704424229453170e-05,-2.624071428111431366e-05,-2.693649265865778693e-05,-2.764959188666107781e-05,-2.839033223161621861e-05,-2.916450769260435418e-05,-2.997401157537751563e-05,-3.081761952365604239e-05,-3.169185441706705780e-05,-3.259185148037570294e-05,-3.351216326364609235e-05,-3.444745496122332161e-05,-3.539305957452560183e-05,-3.634537727726400727e-05,-3.730211796805863058e-05,-3.826239798978861394e-05,-3.922671032616061650e-05,-4.019679401891494843e-05,-4.117543050629940329e-05,-4.216619563368271802e-05,-4.317319315597539412e-05,-4.420079292073704160e-05,-4.525339126613741811e-05,-4.633520694750931638e-05,-4.745011958796841524e-05,-4.860155361997297598e-05,-4.979240524857262806e-05,-5.102500735841831146e-05,-5.230112369182384564e-05,-5.362196308753365331e-05,-5.498820320502379431e-05,-5.640001472418184361e-05,-5.785707752127323977e-05,-5.935858311828560118e-05,-6.090321862096767259e-05,-6.248912924006361517e-05,-6.411385507077025302e-05,-6.577423568199832881e-05,-6.746626961758583343e-05,-6.918490852409506058e-05,-7.092375640157803549e-05,-7.267463978383757793e-05,-7.442702010257448253e-05,-7.616724680090747400e-05,-7.787771529304950916e-05,-7.953611244952747835e-05,-8.111513104287063135e-05,-8.258331207502960121e-05,-8.390805541592657806e-05,-8.506224794091105427e-05,-8.603639084593977442e-05,-8.685828698453424150e-05,-8.762224590543924948e-05,-8.852870762022237671e-05,-8.993334593538909337e-05,-9.240082191669961363e-05,-9.675373552204263189e-05,-1.040999594176225717e-04,-1.158164554816176907e-04,-1.334614250255347612e-04,-1.585927087022856474e-04,-1.924792209164725184e-04,-2.357312641355389178e-04,-2.879121559582938365e-04,-3.472697252011416359e-04,-4.107372337850893722e-04,-4.743129038263044976e-04,-5.334970358805348357e-04,-5.824920893940690710e-04,-6.089957749892651239e-04,-5.803545377042227749e-04,-4.219917578855625546e-04,-1.157376209465533581e-05,7.408095500603711003e-04,1.600566036090796682e-03,1.379830074981398987e-03
0.000000000000000000e+00,0.000000000000000000e+00,0.000000000000000000e+00,0.000000000000000000e+00,0.000000000000000000e+00,0.000000000000000000e+00,0.000000000000000000e+00,0.000000000000000000e+00,0.000000000000000000e+00,0.000000000000000000e+00,0.000000000000000000e+00,0.000000000000000000e+00,0.000000000000000000e+00,0.000000000000000000e+00,0.000000000000000000e+00,0.000000000000000000e+00,0.000000000000000000e+00,0.000000000000000000e+00,0.000000000000000000e+00,0.000000000000000000e+00,0.000000000000000000e+00,0.000000000000000000e+00,0.000000000000000000e+00,0.000000000000000000e+00,0.000000000000000000e+00,0.000000000000000000e+00,0.000000000000000000e+00,0.000000000000000000e+00,0.000000000000000000e+00,0.000000000000000000e+00,0.000000000000000000e+00,0.000000000000000000e+00,0.000000000000000000e+00,0.000000000000000000e+00,0.000000000000000000e+00,0.000000000000000000e+00,0.000000000000000000e+00,0.000000000000000000e+00,0.000000000000000000e+00,0.000000000000000000e+00,0.000000000000000000e+00,0.000000000000000000e+00,0.000000000000000000e+00,0.000000000000000000e+00,0.000000000000000000e+00,0.000000000000000000e+00,0.000000000000000000e+00,0.000000000000000000e+00,0.000000000000000000e+00,0.000000000000000000e+00,0.000000000000000000e+00,0.000000000000000000e+00,0.000000000000000000e+00,0.000000000000000000e+00,0.000000000000000000e+00,0.000000000000000000e+00,0.000000000000000000e+00,0.000000000000000000e+00,0.000000000000000000e+00,0.000000000000000000e+00,0.000000000000000000e+00,0.000000000000000000e+00,0.000000000000000000e+00,0.000000000000000000e+00,0.000000000000000000e+00,0.000000000000000000e+00,0.000000000000000000e+00,0.000000000000000000e+00,0.000000000000000000e+00,0.000000000000000000e+00,0.000000000000000000e+00,0.000000000000000000e+00,0.000000000000000000e+00,0.000000000000000000e+00,0.000000000000000000e+00,0.000000000000000000e+00,0.000000000000000000e+00,0.000000000000000000e+00,0.000000000000000000e+00,0.000000000000000000e+00,0.000000000000000000e+00,0.000000000000000000e+00,0.000000000000000000e+00,0.000000000000000000e+00,0.000000000000000000e+00,0.000000000000000000e+00,0.000000000000000000e+00,0.000000000000000000e+00,0.000000000000000000e+00,0.000000000000000000e+00,0.000000000000000000e+00,0.000000000000000000e+00,0.000000000000000000e+00,0.000000000000000000e+00,0.000000000000000000e+00,0.000000000000000000e+00,0.000000000000000000e+00,0.000000000000000000e+00,0.000000000000000000e+00,0.000000000000000000e+00,0.000000000000000000e+00,0.000000000000000000e+00,0.000000000000000000e+00,0.000000000000000000e+00,0.000000000000000000e+00,0.000000000000000000e+00,0.000000000000000000e+00,0.000000000000000000e+00,0.000000000000000000e+00,0.000000000000000000e+00,0.000000000000000000e+00,0.000000000000000000e+00,0.000000000000000000e+00,0.000000000000000000e+00,0.000000000000000000e+00,0.000000000000000000e+00,0.000000000000000000e+00,0.000000000000000000e+00,0.000000000000000000e+00,0.000000000000000000e+00,0.000000000000000000e+00,0.000000000000000000e+00,0.000000000000000000e+00,0.000000000000000000e+00,0.000000000000000000e+00,0.000000000000000000e+00,0.000000000000000000e+00,0.000000000000000000e+00,0.000000000000000000e+00,0.000000000000000000e+00,0.000000000000000000e+00,0.000000000000000000e+00,0.000000000000000000e+00,0.000000000000000000e+00,0.000000000000000000e+00,0.000000000000000000e+00,0.000000000000000000e+00,0.000000000000000000e+00,0.000000000000000000e+00,0.000000000000000000e+00,0.000000000000000000e+00,0.000000000000000000e+00,0.000000000000000000e+00,0.000000000000000000e+00,0.000000000000000000e+00,0.000000000000000000e+00,0.000000000000000000e+00,0.000000000000000000e+00,0.000000000000000000e+00,0.000000000000000000e+00,0.000000000000000000e+00,0.000000000000000000e+00,0.000000000000000000e+00,0.000000000000000000e+00,0.000000000000000000e+00,0.000000000000000000e+00,0.000000000000000000e+00,0.000000000000000000e+00,0.000000000000000000e+00,0.000000000000000000e+00,0.000000000000000000e+00,0.000000000000000000e+00,0.000000000000000000e+00,0.000000000000000000e+00,0.000000000000000000e+00,0.000000000000000000e+00,0.000000000000000000e+00,0.000000000000000000e+00,0.000000000000000000e+00,0.000000000000000000e+00,0.000000000000000000e+00,0.000000000000000000e+00,0.000000000000000000e+00,0.000000000000000000e+00,0.000000000000000000e+00,0.000000000000000000e+00,0.000000000000000000e+00,0.000000000000000000e+00,0.000000000000000000e+00,0.000000000000000000e+00,0.000000000000000000e+00,0.000000000000000000e+00,0.000000000000000000e+00,0.000000000000000000e+00,0.000000000000000000e+00,0.000000000000000000e+00,0.000000000000000000e+00,0.000000000000000000e+00,0.000000000000000000e+00,0.000000000000000000e+00,0.000000000000000000e+00,0.000000000000000000e+00,0.000000000000000000e+00,0.000000000000000000e+00,0.000000000000000000e+00,-9.367965050708341622e-05,-7.074325425470918873e-05,-4.677214273134668542e-05,-2.000780309908635799e-05,9.469545077735140177e-07,1.375054816517399075e-05,1.986677016821496880e-05,2.109822872183977406e-05,1.949940569691250387e-05,1.665585350807598518e-05,1.344179810540326392e-05,1.025715443128118550e-05,7.190507807812234362e-06,4.232544595532420995e-06,1.341435373137134711e-06,-1.487870021601236021e-06,-4.244605738041347325e-06,-6.894273349285299323e-06,-9.403075453477914220e-06,-1.173745553972226800e-05,-1.387460129597344101e-05,-1.580065387190394280e-05,-1.751336293765912676e-05,-1.901978389985136778e-05,-2.033576054794830029e-05,-2.148347274751004400e-05,-2.248970195168852512e-05,-2.338348225945832270e-05,-2.419422517256512915e-05,-2.494988713743257042e-05,-2.567561831051303685e-05,-2.639273728885056794e-05,-2.711817057467733161e-05,-2.786425830835010512e-05,-2.863892333225871676e-05,-2.944610777853173093e-05,-3.028641649108057405e-05,-3.115787663520306125e-05,-3.205674433029717869e-05,-3.297828778945243366e-05,-3.391749651285340872e-05,-3.486967611221911622e-05,-3.583090705163395812e-05,-3.679835716991413053e-05,-3.777045252991801045e-05,-3.874691903967844385e-05,-3.972871624844356077e-05,-4.071788716774656379e-05,-4.171735133959295815e-05,-4.273066596250949607e-05,-4.376177915451489057e-05,-4.481479392080289396e-05,-4.589375854867303468e-05,-4.700249248845863958e-05,-4.814445362529037837e-05,-4.932264662409731131e-05,-5.053956988340364240e-05,-5.179719392211041748e-05,-5.309696367561797710e-05,-5.443981454913229156e-05,-5.582619380509905494e-05,-5.725607830478970386e-05,-5.872898301659349720e-05,-6.024395530908398071e-05,-6.179955355618536894e-05,-6.339380811913799413e-05,-6.502416351664535286e-05,-6.668739577447437114e-05,-6.837949401010867592e-05,-7.009548458888202767e-05,-7.182916769359333855e-05,-7.357272750355305221e-05,-7.531618342204929989e-05,-7.704667408023618965e-05,-7.874763629923327052e-05,-8.039806312682491914e-05,-8.197224348194419503e-05,-8.344068354783916767e-05,-8.477334358024874773e-05,-8.594677486047110873e-05,-8.695726758972131050e-05,-8.784231974276594552e-05,-8.871271693350709546e-05,-8.979625128777635938e-05,-9.149215223733532499e-05,-9.443050042132021538e-05,-9.952578392176423345e-05,-1.080042860531784364e-04,-1.213800381784852959e-04,-1.413454544024394187e-04,-1.695545231970907777e-04,-2.072863727258938439e-04,-2.550360206307030809e-04,-3.121159324854520432e-04,-3.764451511444883553e-04,-4.446247023580453305e-04,-5.121657064271595804e-04,-5.727185683620530064e-04,-6.134345707860946540e-04,-6.018207963712116863e-04,-4.636610398362798146e-04,-7.333793007918145649e-05,6.716036900945540926e-04,1.555422741299153887e-03,1.381186234153877887e-03
0.000000000000000000e+00,0.000000000000000000e+00,0.000000000000000000e+00,0.000000000000000000e+00,0.000000000000000000e+00,0.000000000000000000e+00,0.000000000000000000e+00,0.000000000000000000e+00,0.000000000000000000e+00,0.000000000000000000e+00,0.000000000000000000e+00,0.000000000000000000e+00,0.000000000000000000e+00,0.000000000000000000e+00,0.000000000000000000e+00,0.000000000000000000e+00,0.000000000000000000e+00,0.000000000000000000e+00,0.000000000000000000e+00,0.000000000000000000e+00,0.000000000000000000e+00,0.000000000000000000e+00,0.000000000000000000e+00,0.000000000000000000e+00,0.000000000000000000e+00,0.000000000000000000e+00,0.000000000000000000e+00,0.000000000000000000e+00,0.000000000000000000e+00,0.000000000000000000e+00,0.000000000000000000e+00,0.000000000000000000e+00,0.000000000000000000e+00,0.000000000000000000e+00,0.000000000000000000e+00,0.000000000000000000e+00,0.000000000000000000e+00,0.000000000000000000e+00,0.000000000000000000e+00,0.000000000000000000e+00,0.000000000000000000e+00,0.000000000000000000e+00,0.000000000000000000e+00,0.000000000000000000e+00,0.000000000000000000e+00,0.000000000000000000e+00,0.000000000000000000e+00,0.000000000000000000e+00,0.000000000000000000e+00,0.000000000000000000e+00,0.000000000000000000e+00,0.000000000000000000e+00,0.000000000000000000e+00,0.000000000000000000e+00,0.000000000000000000e+00,0.000000000000000000e+00,0.000000000000000000e+00,0.000000000000000000e+00,0.000000000000000000e+00,0.000000000000000000e+00,0.000000000000000000e+00,0.000000000000000000e+00,0.000000000000000000e+00,0.000000000000000000e+00,0.000000000000000000e+00,0.000000000000000000e+00,0.000000000000000000e+00,0.000000000000000000e+00,0.000000000000000000e+00,0.000000000000000000e+00,0.000000000000000000e+00,0.000000000000000000e+00,0.000000000000000000e+00,0.000000000000000000e+00,0.000000000000000000e+00,0.000000000000000000e+00,0.000000000000000000e+00,0.000000000000000000e+00,0.000000000000000000e+00,0.000000000000000000e+00,0.000000000000000000e+00,0.000000000000000000e+00,0.000000000000000000e+00,0.000000000000000000e+00,0.000000000000000000e+00,0.000000000000000000e+00,0.000000000000000000e+00,0.000000000000000000e+00,0.000000000000000000e+00,0.000000000000000000e+00,0.000000000000000000e+00,0.000000000000000000e+00,0.000000000000000000e+00,0.000000000000000000e+00,0.000000000000000000e+00,0.000000000000000000e+00,0.000000000000000000e+00,0.000000000000000000e+00,0.000000000000000000e+00,0.000000000000000000e+00,0.000000000000000000e+00,0.000000000000000000e+00,0.000000000000000000e+00,0.000000000000000000e+00,0.000000000000000000e+00,0.000000000000000000e+00,0.000000000000000000e+00,0.000000000000000000e+00,0.000000000000000000e+00,0.000000000000000000e+00,0.000000000000000000e+00,0.000000000000000000e+00,0.000000000000000000e+00,0.000000000000000000e+00,0.000000000000000000e+00,0.000000000000000000e+00,0.000000000000000000e+00,0.000000000000000000e+00,0.000000000000000000e+00,0.000000000000000000e+00,0.000000000000000000e+00,0.000000000000000000e+00,0.000000000000000000e+00,0.000000000000000000e+00,0.000000000000000000e+00,0.000000000000000000e+00,0.000000000000000000e+00,0.000000000000000000e+00,0.000000000000000000e+00,0.000000000000000000e+00,0.000000000000000000e+00,0.000000000000000000e+00,0.000000000000000000e+00,0.000000000000000000e+00,0.000000000000000000e+00,0.000000000000000000e+00,0.000000000000000000e+00,0.000000000000000000e+00,0.000000000000000000e+00,0.000000000000000000e+00,0.000000000000000000e+00,0.000000000000000000e+00,0.000000000000000000e+00,0.000000000000000000e+00,0.000000000000000000e+00,0.000000000000000000e+00,0.000000000000000000e+00,0.000000000000000000e+00,0.000000000000000000e+00,0.000000000000000000e+00,0.000000000000000000e+00,0.000000000000000000e+00,0.000000000000000000e+00,0.000000000000000000e+00,0.000000000000000000e+00,0.000000000000000000e+00,0.000000000000000000e+00,0.000000000000000000e+00,0.000000000000000000e+00,0.000000000000000000e+00,0.000000000000000000e+00,0.000000000000000000e+00,0.000000000000000000e+00,0.000000000000000000e+00,0.000000000000000000e+00,0.000000000000000000e+00,0.000000000000000000e+00,0.000000000000000000e+00,0.000000000000000000e+00,0.000000000000000000e+00,0.000000000000000000e+00,0.000000000000000000e+00,0.000000000000000000e+00,0.000000000000000000e+00,0.000000000000000000e+00,0.000000000000000000e+00,0.000000000000000000e+00,0.000000000000000000e+00,0.000000000000000000e+00,0.000000000000000000e+00,0.000000000000000000e+00,0.000000000000000000e+00,0.000000000000000000e+00,0.000000000000000000e+00,0.000000000000000000e+00,0.000000000000000000e+00,0.000000000000000000e+00,0.000000000000000000e+00,0.000000000000000000e+00,0.000000000000000000e+00,0.000000000000000000e+00,0.000000000000000000e+00,0.000000000000000000e+00,0.000000000000000000e+00,0.000000000000000000e+00,-8.705497981919342902e-05,-8.178753826176433776e-05,-5.602809268124651351e-05,-2.700769653014118229e-05,-4.798027605675500019e-06,1.033240283353441338e-05,1.800694595732134489e-05,2.011848241675555287e-05,1.907304454570490874e-05,1.653952369077229495e-05,1.355969933190615941e-05,1.056836867305432242e-05,7.700383259574110825e-06,4.920240888165364558e-06,2.199166378560331202e-06,-4.911777237901118373e-07,-3.134673613383129653e-06,-5.707676157766255878e-06,-8.172115297906531060e-06,-1.049605945598277947e-05,-1.265112906266948855e-05,-1.461977606418374662e-05,-1.639313283926732362e-05,-1.797259533744891138e-05,-1.936774698443928595e-05,-2.059555747530270143e-05,-2.167817278799362120e-05,-2.264120589053551894e-05,-2.351165342465925183e-05,-2.431621111955164927e-05,-2.507972374457930736e-05,-2.582406698308802704e-05,-2.656735995343866295e-05,-2.732358669000654609e-05,-2.810254772989842720e-05,-2.891011763745616865e-05,-2.974872503905956269e-05,-3.061799220820983491e-05,-3.151545577381500963e-05,-3.243730523625647840e-05,-3.337908080304468207e-05,-3.433628765768762539e-05,-3.530489621695126414e-05,-3.628171229568671468e-05,-3.726461358410751467e-05,-3.825265919125446436e-05,-3.924608759490230936e-05,-4.024622330376930888e-05,-4.125531613140541340e-05,-4.227633694885220853e-05,-4.331275320141345851e-05,-4.436830395747743257e-05,-4.544679119376593093e-05,-4.655189886524035937e-05,-4.768704749722612896e-05,-4.885528685813124862e-05,-5.005922607731693146e-05,-5.130099650585905161e-05,-5.258224094475841357e-05,-5.390412059390990306e-05,-5.526733137002506571e-05,-5.667212100283465997e-05,-5.811830050710944592e-05,-5.960524498364315639e-05,-6.113188182335776446e-05,-6.269666578410109270e-05,-6.429754213933277325e-05,-6.593189756771446457e-05,-6.759649531699791515e-05,-6.928738358573525351e-05,-7.099975616658894156e-05,-7.272773267749775702e-05,-7.446401674358111460e-05,-7.619939362271666277e-05,-7.792205262910761865e-05,-7.961679126766248095e-05,-8.126428438833910393e-05,-8.284083775093950151e-05,-8.431936349236712313e-05,-8.567280704825995616e-05,-8.688174999785429147e-05,-8.794856272144355809e-05,-8.892069484015532519e-05,-8.992582491690067454e-05,-9.122004946232763656e-05,-9.324834083972363132e-05,-9.671045581076954099e-05,-1.026201472830244301e-04,-1.123330694389895892e-04,-1.275151426490219093e-04,-1.500105662137197723e-04,-1.815906826872715966e-04,-2.235721371563223036e-04,-2.763804270147163450e-04,-3.391480795415237033e-04,-4.095242608469615753e-04,-4.835520925210444769e-04,-5.548186335281322977e-04,-6.101340574609028129e-04,-6.171807692740697345e-04,-5.021237794764852463e-04,-1.362827458455862135e-04,5.959111414486945209e-04,1.500709307071424522e-03,1.377746404318498609e-03
0.000000000000000000e+00,0.000000000000000000e+00,0.000000000000000000e+00,0.000000000000000000e+00,0.000000000000000000e+00,0.000000000000000000e+00,0.000000000000000000e+00,0.000000000000000000e+00,0.000000000000000000e+00,0.000000000000000000e+00,0.000000000000000000e+00,0.000000000000000000e+00,0.000000000000000000e+00,0.000000000000000000e+00,0.000000000000000000e+00,0.000000000000000000e+00,0.000000000000000000e+00,0.000000000000000000e+00,0.000000000000000000e+00,0.000000000000000000e+00,0.000000000000000000e+00,0.000000000000000000e+00,0.000000000000000000e+00,0.000000000000000000e+00,0.000000000000000000e+00,0.000000000000000000e+00,0.000000000000000000e+00,0.000000000000000000e+00,0.000000000000000000e+00,0.000000000000000000e+00,0.000000000000000000e+00,0.000000000000000000e+00,0.000000000000000000e+00,0.000000000000000000e+00,0.000000000000000000e+00,0.000000000000000000e+00,0.000000000000000000e+00,0.000000000000000000e+00,0.000000000000000000e+00,0.000000000000000000e+00,0.000000000000000000e+00,0.000000000000000000e+00,0.000000000000000000e+00,0.000000000000000000e+00,0.000000000000000000e+00,0.000000000000000000e+00,0.000000000000000000e+00,0.000000000000000000e+00,0.000000000000000000e+00,0.000000000000000000e+00,0.000000000000000000e+00,0.000000000000000000e+00,0.000000000000000000e+00,0.000000000000000000e+00,0.000000000000000000e+00,0.000000000000000000e+00,0.000000000000000000e+00,0.000000000000000000e+00,0.000000000000000000e+00,0.000000000000000000e+00,0.000000000000000000e+00,0.000000000000000000e+00,0.000000000000000000e+00,0.000000000000000000e+00,0.000000000000000000e+00,0.000000000000000000e+00,0.000000000000000000e+00,0.000000000000000000e+00,0.000000000000000000e+00,0.000000000000000000e+00,0.000000000000000000e+00,0.000000000000000000e+00,0.000000000000000000e+00,0.000000000000000000e+00,0.000000000000000000e+00,0.000000000000000000e+00,0.000000000000000000e+00,0.000000000000000000e+00,0.000000000000000000e+00,0.000000000000000000e+00,0.000000000000000000e+00,0.000000000000000000e+00,0.000000000000000000e+00,0.000000000000000000e+00,0.000000000000000000e+00,0.000000000000000000e+00,0.000000000000000000e+00,0.000000000000000000e+00,0.000000000000000000e+00,0.000000000000000000e+00,0.000000000000000000e+00,0.000000000000000000e+00,0.000000000000000000e+00,0.000000000000000000e+00,0.000000000000000000e+00,0.000000000000000000e+00,0.000000000000000000e+00,0.000000000000000000e+00,0.000000000000000000e+00,0.000000000000000000e+00,0.000000000000000000e+00,0.000000000000000000e+00,0.000000000000000000e+00,0.000000000000000000e+00,0.000000000000000000e+00,0.000000000000000000e+00,0.000000000000000000e+00,0.000000000000000000e+00,0.000000000000000000e+00,0.000000000000000000e+00,0.000000000000000000e+00,0.000000000000000000e+00,0.000000000000000000e+00,0.000000000000000000e+00,0.000000000000000000e+00,0.000000000000000000e+00,0.000000000000000000e+00,0.000000000000000000e+00,0.000000000000000000e+00,0.000000000000000000e+00,0.000000000000000000e+00,0.000000000000000000e+00,0.000000000000000000e+00,0.000000000000000000e+00,0.000000000000000000e+00,0.000000000000000000e+00,0.000000000000000000e+00,0.000000000000000000e+00,0.000000000000000000e+00,0.000000000000000000e+00,0.000000000000000000e+00,0.000000000000000000e+00,0.000000000000000000e+00,0.000000000000000000e+00,0.000000000000000000e+00,0.000000000000000000e+00,0.000000000000000000e+00,0.000000000000000000e+00,0.000000000000000000e+00,0.000000000000000000e+00,0.000000000000000000e+00,0.000000000000000000e+00,0.000000000000000000e+00,0.000000000000000000e+00,0.000000000000000000e+00,0.000000000000000000e+00,0.000000000000000000e+00,0.000000000000000000e+00,0.000000000000000000e+00,0.000000000000000000e+00,0.000000000000000000e+00,0.000000000000000000e+00,0.000000000000000000e+00,0.000000000000000000e+00,0.000000000000000000e+00,0.000000000000000000e+00,0.000000000000000000e+00,0.000000000000000000e+00,0.000000000000000000e+00,0.000000000000000000e+00,0.000000000000000000e+00,0.000000000000000000e+00,0.000000000000000000e+00,0.000000000000000000e+00,0.000000000000000000e+00,0.000000000000000000e+00,0.000000000000000000e+00,0.000000000000000000e+00,0.000000000000000000e+00,0.000000000000000000e+00,0.000000000000000000e+00,0.000000000000000000e+00,0.000000000000000000e+00,0.000000000000000000e+00,0.000000000000000000e+00,0.000000000000000000e+00,0.000000000000000000e+00,0.000000000000000000e+00,0.000000000000000000e+00,0.000000000000000000e+00,0.000000000000000000e+00,0.000000000000000000e+00,0.000000000000000000e+00,0.000000000000000000e+00,0.000000000000000000e+00,0.000000000000000000e+00,0.000000000000000000e+00,0.000000000000000000e+00,0.000000000000000000e+00,0.000000000000000000e+00,0.000000000000000000e+00,0.000000000000000000e+00,0.000000000000000000e+00,0.000000000000000000e+00,0.000000000000000000e+00,0.000000000000000000e+00,-8.704773225659117328e-05,-6.098104785206405156e-05,-3.565306470362094589e-05,-1.064346044281266639e-05,6.796817328471360335e-06,1.582453148936710752e-05,1.897348091710445169e-05,1.846381606393364172e-05,1.625391717718457471e-05,1.348338362442606545e-05,1.070060539630991683e-05,8.010821432524117149e-06,5.423323471572750482e-06,2.870277592507880423e-06,3.397365640193725170e-07,-2.174767449091147411e-06,-4.644026490462567321e-06,-7.039118623098069876e-06,-9.324285048991693258e-06,-1.147175237632059185e-05,-1.345879117786392138e-05,-1.527257460932193500e-05,-1.690838347608702031e-05,-1.837041270996772811e-05,-1.966998319560245203e-05,-2.082452290349895917e-05,-2.185558604673189153e-05,-2.278720906540075106e-05,-2.364408787265090032e-05,-2.445009628489256307e-05,-2.522699952834074952e-05,-2.599355304295301302e-05,-2.676492129193210344e-05,-2.755245250725179223e-05,-2.836374362507141099e-05,-2.920295926443950782e-05,-3.007133058630925021e-05,-3.096777358320545862e-05,-3.188955798871514829e-05,-3.283297188992205013e-05,-3.379393261809330711e-05,-3.476851009929585461e-05,-3.575333885808126486e-05,-3.674590943054729562e-05,-3.774473869828576440e-05,-3.874942949476333339e-05,-3.976063446638279831e-05,-4.077994522004697132e-05,-4.180972776989777100e-05,-4.285292708855496850e-05,-4.391285990632827458e-05,-4.499301388442558593e-05,-4.609686561053798058e-05,-4.722772768400771668e-05,-4.838862903592093816e-05,-4.958223065533116632e-05,-5.081077352583907443e-05,-5.207605475315210664e-05,-5.337942403088994807e-05,-5.472179346792865667e-05,-5.610365189702255719e-05,-5.752507751102220018e-05,-5.898574260709964510e-05,-6.048490832809358674e-05,-6.202140810227698277e-05,-6.359362238905607722e-05,-6.519944669281474653e-05,-6.683625548221610690e-05,-6.850085891790889513e-05,-7.018944342293255640e-05,-7.189747398880235612e-05,-7.361952535191339437e-05,-7.534899574405789764e-05,-7.707766066797586027e-05,-7.879504259058907583e-05,-8.048764832374977836e-05,-8.213824990779944302e-05,-8.372564321905466784e-05,-8.522564823950185638e-05,-8.661468022265011958e-05,-8.787774877082379910e-05,-8.902356089361636087e-05,-9.010960577281759655e-05,-9.128050161032713443e-05,-9.282093819330895280e-05,-9.522286553415943095e-05,-9.925881526463781266e-05,-1.060484367830079268e-04,-1.170885774084026270e-04,-1.342174731319801877e-04,-1.594636485335205480e-04,-1.947694286949677267e-04,-2.415706472774936274e-04,-3.003383434727008392e-04,-3.701115987314679496e-04,-4.480715515748678922e-04,-5.283440148155172300e-04,-5.978963186996134622e-04,-6.247440264312821784e-04,-5.356345019644412602e-04,-1.991062415057373656e-04,5.139855735217269692e-04,1.435477460462648370e-03,1.368627725715674702e-03
0.000000000000000000e+00,0.000000000000000000e+00,0.000000000000000000e+00,0.000000000000000000e+00,0.000000000000000000e+00,0.000000000000000000e+00,0.000000000000000000e+00,0.000000000000000000e+00,0.000000000000000000e+00,0.000000000000000000e+00,0.000000000000000000e+00,0.000000000000000000e+00,0.000000000000000000e+00,0.000000000000000000e+00,0.000000000000000000e+00,0.000000000000000000e+00,0.000000000000000000e+00,0.000000000000000000e+00,0.000000000000000000e+00,0.000000000000000000e+00,0.000000000000000000e+00,0.000000000000000000e+00,0.000000000000000000e+00,0.000000000000000000e+00,0.000000000000000000e+00,0.000000000000000000e+00,0.000000000000000000e+00,0.000000000000000000e+00,0.000000000000000000e+00,0.000000000000000000e+00,0.000000000000000000e+00,0.000000000000000000e+00,0.000000000000000000e+00,0.000000000000000000e+00,0.000000000000000000e+00,0.000000000000000000e+00,0.000000000000000000e+00,0.000000000000000000e+00,0.000000000000000000e+00,0.000000000000000000e+00,0.000000000000000000e+00,0.000000000000000000e+00,0.000000000000000000e+00,0.000000000000000000e+00,0.000000000000000000e+00,0.000000000000000000e+00,0.000000000000000000e+00,0.000000000000000000e+00,0.000000000000000000e+00,0.000000000000000000e+00,0.000000000000000000e+00,0.000000000000000000e+00,0.000000000000000000e+00,0.000000000000000000e+00,0.000000000000000000e+00,0.000000000000000000e+00,0.000000000000000000e+00,0.000000000000000000e+00,0.000000000000000000e+00,0.000000000000000000e+00,0.000000000000000000e+00,0.000000000000000000e+00,0.000000000000000000e+00,0.000000000000000000e+00,0.000000000000000000e+00,0.000000000000000000e+00,0.000000000000000000e+00,0.000000000000000000e+00,0.000000000000000000e+00,0.000000000000000000e+00,0.000000000000000000e+00,0.000000000000000000e+00,0.000000000000000000e+00,0.000000000000000000e+00,0.000000000000000000e+00,0.000000000000000000e+00,0.000000000000000000e+00,0.000000000000000000e+00,0.000000000000000000e+00,0.000000000000000000e+00,0.000000000000000000e+00,0.000000000000000000e+00,0.000000000000000000e+00,0.000000000000000000e+00,0.000000000000000000e+00,0.000000000000000000e+00,0.000000000000000000e+00,0.000000000000000000e+00,0.000000000000000000e+00,0.000000000000000000e+00,0.000000000000000000e+00,0.000000000000000000e+00,0.000000000000000000e+00,0.000000000000000000e+00,0.000000000000000000e+00,0.000000000000000000e+00,0.000000000000000000e+00,0.000000000000000000e+00,0.000000000000000000e+00,0.000000000000000000e+00,0.000000000000000000e+00,0.000000000000000000e+00,0.000000000000000000e+00,0.000000000000000000e+00,0.000000000000000000e+00,0.000000000000000000e+00,0.000000000000000000e+00,0.000000000000000000e+00,0.000000000000000000e+00,0.000000000000000000e+00,0.000000000000000000e+00,0.000000000000000000e+00,0.000000000000000000e+00,0.000000000000000000e+00,0.000000000000000000e+00,0.000000000000000000e+00,0.000000000000000000e+00,0.000000000000000000e+00,0.000000000000000000e+00,0.000000000000000000e+00,0.000000000000000000e+00,0.000000000000000000e+00,0.000000000000000000e+00,0.000000000000000000e+00,0.000000000000000000e+00,0.000000000000000000e+00,0.000000000000000000e+00,0.000000000000000000e+00,0.000000000000000000e+00,0.000000000000000000e+00,0.000000000000000000e+00,0.000000000000000000e+00,0.000000000000000000e+00,0.000000000000000000e+00,0.000000000000000000e+00,0.000000000000000000e+00,0.000000000000000000e+00,0.000000000000000000e+00,0.000000000000000000e+00,0.000000000000000000e+00,0.000000000000000000e+00,0.000000000000000000e+00,0.000000000000000000e+00,0.000000000000000000e+00,0.000000000000000000e+00,0.000000000000000000e+00,0.000000000000000000e+00,0.000000000000000000e+00,0.000000000000000000e+00,0.000000000000000000e+00,0.000000000000000000e+00,0.000000000000000000e+00,0.000000000000000000e+00,0.000000000000000000e+00,0.000000000000000000e+00,0.000000000000000000e+00,0.000000000000000000e+00,0.000000000000000000e+00,0.000000000000000000e+00,0.000000000000000000e+00,0.000000000000000000e+00,0.000000000000000000e+00,0.000000000000000000e+00,0.000000000000000000e+00,0.000000000000000000e+00,0.000000000000000000e+00,0.000000000000000000e+00,0.000000000000000000e+00,0.000000000000000000e+00,0.000000000000000000e+00,0.000000000000000000e+00,0.000000000000000000e+00,0.000000000000000000e+00,0.000000000000000000e+00,0.000000000000000000e+00,0.000000000000000000e+00,0.000000000000000000e+00,0.000000000000000000e+00,0.000000000000000000e+00,0.000000000000000000e+00,0.000000000000000000e+00,0.000000000000000000e+00,0.000000000000000000e+00,0.000000000000000000e+00,0.000000000000000000e+00,0.000000000000000000e+00,0.000000000000000000e+00,0.000000000000000000e+00,0.000000000000000000e+00,0.000000000000000000e+00,0.000000000000000000e+00,0.000000000000000000e+00,0.000000000000000000e+00,0.000000000000000000e+00,0.000000000000000000e+00,0.000000000000000000e+00,-8.156365996380503225e-05,-7.151664404542118568e-05,-4.374882866606322668e-05,-1.606837432937606878e-05,2.595500998455218364e-06,1.347310758275339472e-05,1.764330888696920852e-05,1.768896167329293338e-05,1.578371402681715558e-05,1.326946230306168339e-05,1.065712185858754640e-05,8.168877816539972322e-06,5.748472803885281375e-06,3.377269788526756593e-06,1.003819488891109571e-06,-1.363093382065512120e-06,-3.713458330142706772e-06,-6.014448449696138533e-06,-8.237320809893760673e-06,-1.035122854433402605e-05,-1.233305370510302442e-05,-1.416525795421895492e-05,-1.583903213930242814e-05,-1.735300204230629063e-05,-1.871344092085124402e-05,-1.993272171714848199e-05,-2.102816068251522557e-05,-2.202025463541776150e-05,-2.293114784585398915e-05,-2.378306251076095740e-05,-2.459702561236161899e-05,-2.539182304533826111e-05,-2.618329445641051780e-05,-2.698392674295115354e-05,-2.780275290347508210e-05,-2.864550077287194530e-05,-2.951494836648937625e-05,-3.041142118068520823e-05,-3.133337423112529560e-05,-3.227800052173455676e-05,-3.324181790816040528e-05,-3.422119485613561783e-05,-3.521278764382340112e-05,-3.621387272259679970e-05,-3.722256866688689226e-05,-3.823795147579312598e-05,-3.926007402716010734e-05,-4.028990590456738469e-05,-4.132921245115720864e-05,-4.238039327906232878e-05,-4.344629937233299160e-05,-4.453004630557022033e-05,-4.563483769018995714e-05,-4.676380983675909391e-05,-4.791990437042136463e-05,-4.910577226575642127e-05,-5.032370887244275919e-05,-5.157561707460618883e-05,-5.286299300830766466e-05,-5.418692780386537175e-05,-5.554811775034639704e-05,-5.694687609569600316e-05,-5.838314040388401465e-05,-5.985647184478833631e-05,-6.136604481426847482e-05,-6.291062841420094450e-05,-6.448856311567742949e-05,-6.609773738984841521e-05,-6.773556765064574160e-05,-6.939898088604127028e-05,-7.108439124571425149e-05,-7.278764965588615425e-05,-7.450393208953534413e-05,-7.622751782666711210e-05,-7.795140982710514028e-05,-7.966676434795567560e-05,-8.136217348570548135e-05,-8.302296463912176060e-05,-8.463095995838274433e-05,-8.616547327593504307e-05,-8.760697094518761431e-05,-8.894536651708586977e-05,-9.019596000548996508e-05,-9.142617022549885967e-05,-9.279705054282097226e-05,-9.462104359168100633e-05,-9.743653435890980226e-05,-1.020896832918243984e-04,-1.098113847146064812e-04,-1.222541868096890002e-04,-1.414627461303943619e-04,-1.697160200084445669e-04,-2.092452102150872196e-04,-2.617719918896638264e-04,-3.279742185445669658e-04,-4.066650440499446919e-04,-4.933186918064477082e-04,-5.757136574132782703e-04,-6.227434719391894804e-04,-5.620602398794925401e-04,-2.600215701279332361e-04,4.264207409694697548e-04,1.358719193794210916e-03,1.352717055489443794e-03
0.000000000000000000e+00,0.000000000000000000e+00,0.000000000000000000e+00,0.000000000000000000e+00,0.000000000000000000e+00,0.000000000000000000e+00,0.000000000000000000e+00,0.000000000000000000e+00,0.000000000000000000e+00,0.000000000000000000e+00,0.000000000000000000e+00,0.000000000000000000e+00,0.000000000000000000e+00,0.000000000000000000e+00,0.000000000000000000e+00,0.000000000000000000e+00,0.000000000000000000e+00,0.000000000000000000e+00,0.000000000000000000e+00,0.000000000000000000e+00,0.000000000000000000e+00,0.000000000000000000e+00,0.000000000000000000e+00,0.000000000000000000e+00,0.000000000000000000e+00,0.000000000000000000e+00,0.000000000000000000e+00,0.000000000000000000e+00,0.000000000000000000e+00,0.000000000000000000e+00,0.000000000000000000e+00,0.000000000000000000e+00,0.000000000000000000e+00,0.000000000000000000e+00,0.000000000000000000e+00,0.000000000000000000e+00,0.000000000000000000e+00,0.000000000000000000e+00,0.000000000000000000e+00,0.000000000000000000e+00,0.000000000000000000e+00,0.000000000000000000e+00,0.000000000000000000e+00,0.000000000000000000e+00,0.000000000000000000e+00,0.000000000000000000e+00,0.000000000000000000e+00,0.000000000000000000e+00,0.000000000000000000e+00,0.000000000000000000e+00,0.000000000000000000e+00,0.000000000000000000e+00,0.000000000000000000e+00,0.000000000000000000e+00,0.000000000000000000e+00,0.000000000000000000e+00,0.000000000000000000e+00,0.000000000000000000e+00,0.000000000000000000e+00,0.000000000000000000e+00,0.000000000000000000e+00,0.000000000000000000e+00,0.000000000000000000e+00,0.000000000000000000e+00,0.000000000000000000e+00,0.000000000000000000e+00,0.000000000000000000e+00,0.000000000000000000e+00,0.000000000000000000e+00,0.000000000000000000e+00,0.000000000000000000e+00,0.000000000000000000e+00,0.000000000000000000e+00,0.000000000000000000e+00,0.000000000000000000e+00,0.000000000000000000e+00,0.000000000000000000e+00,0.000000000000000000e+00,0.000000000000000000e+00,0.000000000000000000e+00,0.000000000000000000e+00,0.000000000000000000e+00,0.000000000000000000e+00,0.000000000000000000e+00,0.000000000000000000e+00,0.000000000000000000e+00,0.000000000000000000e+00,0.000000000000000000e+00,0.000000000000000000e+00,0.000000000000000000e+00,0.000000000000000000e+00,0.000000000000000000e+00,0.000000000000000000e+00,0.000000000000000000e+00,0.000000000000000000e+00,0.000000000000000000e+00,0.000000000000000000e+00,0.000000000000000000e+00,0.000000000000000000e+00,0.000000000000000000e+00,0.000000000000000000e+00,0.000000000000000000e+00,0.000000000000000000e+00,0.000000000000000000e+00,0.000000000000000000e+00,0.000000000000000000e+00,0.000000000000000000e+00,0.000000000000000000e+00,0.000000000000000000e+00,0.000000000000000000e+00,0.000000000000000000e+00,0.000000000000000000e+00,0.000000000000000000e+00,0.000000000000000000e+00,0.000000000000000000e+00,0.000000000000000000e+00,0.000000000000000000e+00,0.000000000000000000e+00,0.000000000000000000e+00,0.000000000000000000e+00,0.000000000000000000e+00,0.000000000000000000e+00,0.000000000000000000e+00,0.000000000000000000e+00,0.000000000000000000e+00,0.000000000000000000e+00,0.000000000000000000e+00,0.000000000000000000e+00,0.000000000000000000e+00,0.000000000000000000e+00,0.000000000000000000e+00,0.000000000000000000e+00,0.000000000000000000e+00,0.000000000000000000e+00,0.000000000000000000e+00,0.000000000000000000e+00,0.000000000000000000e+00,0.000000000000000000e+00,0.000000000000000000e+00,0.000000000000000000e+00,0.000000000000000000e+00,0.000000000000000000e+00,0.000000000000000000e+00,0.000000000000000000e+00,0.000000000000000000e+00,0.000000000000000000e+00,0.000000000000000000e+00,0.000000000000000000e+00,0.000000000000000000e+00,0.000000000000000000e+00,0.000000000000000000e+00,0.000000000000000000e+00,0.000000000000000000e+00,0.000000000000000000e+00,0.000000000000000000e+00,0.000000000000000000e+00,0.000000000000000000e+00,0.000000000000000000e+00,0.000000000000000000e+00,0.000000000000000000e+00,0.000000000000000000e+00,0.000000000000000000e+00,0.000000000000000000e+00,0.000000000000000000e+00,0.000000000000000000e+00,0.000000000000000000e+00,0.000000000000000000e+00,0.000000000000000000e+00,0.000000000000000000e+00,0.000000000000000000e+00,0.000000000000000000e+00,0.000000000000000000e+00,0.000000000000000000e+00,0.000000000000000000e+00,0.000000000000000000e+00,0.000000000000000000e+00,0.000000000000000000e+00,0.000000000000000000e+00,0.000000000000000000e+00,0.000000000000000000e+00,0.000000000000000000e+00,0.000000000000000000e+00,0.000000000000000000e+00,0.000000000000000000e+00,0.000000000000000000e+00,0.000000000000000000e+00,0.000000000000000000e+00,0.000000000000000000e+00,0.000000000000000000e+00,0.000000000000000000e+00,0.000000000000000000e+00,0.000000000000000000e+00,0.000000000000000000e+00,0.000000000000000000e+00,0.000000000000000000e+00,0.000000000000000000e+00,0.000000000000000000e+00,-7.697748521941463382e-05,-4.789963505287017740e-05,-2.299939775262877106e-05,-1.663484002461801545e-06,1.097287469788006090e-05,1.603829156050021458e-05,1.664522091220137101e-05,1.516870684834213566e-05,1.286520082114874702e-05,1.050186589335477131e-05,8.172157627001949874e-06,5.945293200647018362e-06,3.733317147103250300e-06,1.528871827200093814e-06,-6.910524761278015148e-07,-2.906033901416182279e-06,-5.098048356248704767e-06,-7.236408675965113677e-06,-9.295035309231385704e-06,-1.124837139397789154e-05,-1.307766685459925421e-05,-1.476986139834112704e-05,-1.631950411025098017e-05,-1.772783513984940083e-05,-1.900256030164497394e-05,-2.015649058417784282e-05,-2.120633755916362826e-05,-2.217116298320515359e-05,-2.307099414226507895e-05,-2.392549509879121400e-05,-2.475289865389524848e-05,-2.556917442264894719e-05,-2.638749585772353035e-05,-2.721797653534752684e-05,-2.806766526790689542e-05,-2.894075088947948164e-05,-2.983893234674641571e-05,-3.076189661486042706e-05,-3.170785360980618464e-05,-3.267407780549496976e-05,-3.365741713756583543e-05,-3.465473663288373013e-05,-3.566327685525736162e-05,-3.668091513412003455e-05,-3.770632885750963866e-05,-3.873906561356448426e-05,-3.977953294900795706e-05,-4.082892222351331758e-05,-4.188908523477054052e-05,-4.296238038854490826e-05,-4.405150631652441463e-05,-4.515933643712907058e-05,-4.628876728885702503e-05,-4.744258790916074364e-05,-4.862337635186340912e-05,-4.983342392006434400e-05,-5.107468698856729665e-05,-5.234876167107100308e-05,-5.365687701639391098e-05,-5.499989923893685998e-05,-5.637834141546999343e-05,-5.779237160724916831e-05,-5.924181585773737041e-05,-6.072615261384776872e-05,-6.224449971035155775e-05,-6.379559580887810000e-05,-6.537778238309989692e-05,-6.698899146054584084e-05,-6.862674521126680305e-05,-7.028816714828039385e-05,-7.196999877168600381e-05,-7.366860041872160447e-05,-7.537990332312582509e-05,-7.709926084332767904e-05,-7.882114869564597534e-05,-8.053867041497969593e-05,-8.224290498232206183e-05,-8.392224092685859633e-05,-8.556214556265762214e-05,-8.714613844433864373e-05,-8.865948624384615098e-05,-9.009765381133361996e-05,-9.148287326604511783e-05,-9.289216594924827109e-05,-9.450169199328226468e-05,-9.664893642891909443e-05,-9.991512457518227704e-05,-1.052172040188732396e-04,-1.139014967946897427e-04,-1.277986363821021648e-04,-1.492240119253869675e-04,-1.808381696146425137e-04,-2.253827608998350469e-04,-2.851106781774341179e-04,-3.609219361928617275e-04,-4.503315103529103723e-04,-5.430047918927427119e-04,-6.094213701614644872e-04,-5.789694637977699709e-04,-3.166419222867904431e-04,3.343052685059230808e-04,1.269490441289322863e-03,1.328650530311788203e-03
0.000000000000000000e+00,0.000000000000000000e+00,0.000000000000000000e+00,0.000000000000000000e+00,0.000000000000000000e+00,0.000000000000000000e+00,0.000000000000000000e+00,0.000000000000000000e+00,0.000000000000000000e+00,0.000000000000000000e+00,0.000000000000000000e+00,0.000000000000000000e+00,0.000000000000000000e+00,0.000000000000000000e+00,0.000000000000000000e+00,0.000000000000000000e+00,0.000000000000000000e+00,0.000000000000000000e+00,0.000000000000000000e+00,0.000000000000000000e+00,0.000000000000000000e+00,0.000000000000000000e+00,0.000000000000000000e+00,0.000000000000000000e+00,0.000000000000000000e+00,0.000000000000000000e+00,0.000000000000000000e+00,0.000000000000000000e+00,0.000000000000000000e+00,0.000000000000000000e+00,0.000000000000000000e+00,0.000000000000000000e+00,0.000000000000000000e+00,0.000000000000000000e+00,0.000000000000000000e+00,0.000000000000000000e+00,0.000000000000000000e+00,0.000000000000000000e+00,0.000000000000000000e+00,0.000000000000000000e+00,0.000000000000000000e+00,0.000000000000000000e+00,0.000000000000000000e+00,0.000000000000000000e+00,0.000000000000000000e+00,0.000000000000000000e+00,0.000000000000000000e+00,0.000000000000000000e+00,0.000000000000000000e+00,0.000000000000000000e+00,0.000000000000000000e+00,0.000000000000000000e+00,0.000000000000000000e+00,0.000000000000000000e+00,0.000000000000000000e+00,0.000000000000000000e+00,0.000000000000000000e+00,0.000000000000000000e+00,0.000000000000000000e+00,0.000000000000000000e+00,0.000000000000000000e+00,0.000000000000000000e+00,0.000000000000000000e+00,0.000000000000000000e+00,0.000000000000000000e+00,0.000000000000000000e+00,0.000000000000000000e+00,0.000000000000000000e+00,0.000000000000000000e+00,0.000000000000000000e+00,0.000000000000000000e+00,0.000000000000000000e+00,0.000000000000000000e+00,0.000000000000000000e+00,0.000000000000000000e+00,0.000000000000000000e+00,0.000000000000000000e+00,0.000000000000000000e+00,0.000000000000000000e+00,0.000000000000000000e+00,0.000000000000000000e+00,0.000000000000000000e+00,0.000000000000000000e+00,0.000000000000000000e+00,0.000000000000000000e+00,0.000000000000000000e+00,0.000000000000000000e+00,0.000000000000000000e+00,0.000000000000000000e+00,0.000000000000000000e+00,0.000000000000000000e+00,0.000000000000000000e+00,0.000000000000000000e+00,0.000000000000000000e+00,0.000000000000000000e+00,0.000000000000000000e+00,0.000000000000000000e+00,0.000000000000000000e+00,0.000000000000000000e+00,0.000000000000000000e+00,0.000000000000000000e+00,0.000000000000000000e+00,0.000000000000000000e+00,0.000000000000000000e+00,0.000000000000000000e+00,0.000000000000000000e+00,0.000000000000000000e+00,0.000000000000000000e+00,0.000000000000000000e+00,0.000000000000000000e+00,0.000000000000000000e+00,0.000000000000000000e+00,0.000000000000000000e+00,0.000000000000000000e+00,0.000000000000000000e+00,0.000000000000000000e+00,0.000000000000000000e+00,0.000000000000000000e+00,0.000000000000000000e+00,0.000000000000000000e+00,0.000000000000000000e+00,0.000000000000000000e+00,0.000000000000000000e+00,0.000000000000000000e+00,0.000000000000000000e+00,0.000000000000000000e+00,0.000000000000000000e+00,0.000000000000000000e+00,0.000000000000000000e+00,0.000000000000000000e+00,0.000000000000000000e+00,0.000000000000000000e+00,0.000000000000000000e+00,0.000000000000000000e+00,0.000000000000000000e+00,0.000000000000000000e+00,0.000000000000000000e+00,0.000000000000000000e+00,0.000000000000000000e+00,0.000000000000000000e+00,0.000000000000000000e+00,0.000000000000000000e+00,0.000000000000000000e+00,0.000000000000000000e+00,0.000000000000000000e+00,0.000000000000000000e+00,0.000000000000000000e+00,0.000000000000000000e+00,0.000000000000000000e+00,0.000000000000000000e+00,0.000000000000000000e+00,0.000000000000000000e+00,0.000000000000000000e+00,0.000000000000000000e+00,0.000000000000000000e+00,0.000000000000000000e+00,0.000000000000000000e+00,0.000000000000000000e+00,0.000000000000000000e+00,0.000000000000000000e+00,0.000000000000000000e+00,0.000000000000000000e+00,0.000000000000000000e+00,0.000000000000000000e+00,0.000000000000000000e+00,0.000000000000000000e+00,0.000000000000000000e+00,0.000000000000000000e+00,0.000000000000000000e+00,0.000000000000000000e+00,0.000000000000000000e+00,0.000000000000000000e+00,0.000000000000000000e+00,0.000000000000000000e+00,0.000000000000000000e+00,0.000000000000000000e+00,0.000000000000000000e+00,0.000000000000000000e+00,0.000000000000000000e+00,0.000000000000000000e+00,0.000000000000000000e+00,0.000000000000000000e+00,0.000000000000000000e+00,0.000000000000000000e+00,0.000000000000000000e+00,0.000000000000000000e+00,0.000000000000000000e+00,0.000000000000000000e+00,0.000000000000000000e+00,0.000000000000000000e+00,0.000000000000000000e+00,0.000000000000000000e+00,0.000000000000000000e+00,0.000000000000000000e+00,0.000000000000000000e+00,0.000000000000000000e+00,0.000000000000000000e+00,-7.311586179144656159e-05,-5.747729318797863412e-05,-2.974145727709895346e-05,-5.681364529025856433e-06,7.825786969931980349e-06,1.387698634075476763e-05,1.528104084110690924e-05,1.416056140592893179e-05,1.228909171976721018e-05,1.012668964629751682e-05,8.050562385517957129e-06,5.989395000342875825e-06,3.964233656321130727e-06,1.917791811850576219e-06,-1.417324565234384106e-07,-2.216368491746863908e-06,-4.282816384297533905e-06,-6.320633942195246791e-06,-8.303067561904303097e-06,-1.020726956862270074e-05,-1.201241837177619580e-05,-1.370362263597222571e-05,-1.527154881018811760e-05,-1.671345007375792317e-05,-1.803246259815517537e-05,-1.923709615004039227e-05,-2.034003019679068400e-05,-2.135694061864529361e-05,-2.230515632080380575e-05,-2.320244542590089144e-05,-2.406590994123945771e-05,-2.491111031169816018e-05,-2.575141873231892085e-05,-2.659763114379143804e-05,-2.745781544874091248e-05,-2.833737517212412429e-05,-2.923928560021807541e-05,-3.016445881401493286e-05,-3.111218830064030815e-05,-3.208062798802724592e-05,-3.306726434682644519e-05,-3.406934858649606222e-05,-3.508426407824660011e-05,-3.610981376513152231e-05,-3.714442062476800300e-05,-3.818724228518579586e-05,-3.923820680964914431e-05,-4.029798152204945903e-05,-4.136788931615220563e-05,-4.244978837566014401e-05,-4.354593079930223546e-05,-4.465881450921882511e-05,-4.579104042375020585e-05,-4.694518433220235302e-05,-4.812368972810993274e-05,-4.932878500411433045e-05,-5.056242544582967009e-05,-5.182625813496190037e-05,-5.312160582658463349e-05,-5.444946461272288772e-05,-5.581050948731439382e-05,-5.720510206398088203e-05,-5.863329554176700917e-05,-6.009483359279372075e-05,-6.158914207221669870e-05,-6.311531504913242021e-05,-6.467209938780733077e-05,-6.625788434740272070e-05,-6.787070372119443468e-05,-6.950825715008938878e-05,-7.116795282911272079e-05,-7.284696638147848864e-05,-7.454229702092770194e-05,-7.625078878443189206e-05,-7.796906484215565037e-05,-7.969332278954494139e-05,-8.141893910193485938e-05,-8.313991241030325378e-05,-8.484826703234922009e-05,-8.653386395303272428e-05,-8.818535458394129362e-05,-8.979386046552784910e-05,-9.136139242572408601e-05,-9.291768389898319902e-05,-9.454877466250275462e-05,-9.644327937213985412e-05,-9.895786305978051113e-05,-1.027078797717639620e-04,-1.086726292960354668e-04,-1.183184936495595177e-04,-1.336953979358278710e-04,-1.575118147022317469e-04,-1.930459770559124467e-04,-2.438894192089881697e-04,-3.129978332081873667e-04,-4.007464631094883678e-04,-4.996545782677668792e-04,-5.832898580958765459e-04,-5.837158677648247905e-04,-3.660965332549280071e-04,2.393962025146285574e-04,1.167290208088832921e-03,1.295004892928864086e-03
0.000000000000000000e+00,0.000000000000000000e+00,0.000000000000000000e+00,0.000000000000000000e+00,0.000000000000000000e+00,0.000000000000000000e+00,0.000000000000000000e+00,0.000000000000000000e+00,0.000000000000000000e+00,0.000000000000000000e+00,0.000000000000000000e+00,0.000000000000000000e+00,0.000000000000000000e+00,0.000000000000000000e+00,0.000000000000000000e+00,0.000000000000000000e+00,0.000000000000000000e+00,0.000000000000000000e+00,0.000000000000000000e+00,0.000000000000000000e+00,0.000000000000000000e+00,0.000000000000000000e+00,0.000000000000000000e+00,0.000000000000000000e+00,0.000000000000000000e+00,0.000000000000000000e+00,0.000000000000000000e+00,0.000000000000000000e+00,0.000000000000000000e+00,0.000000000000000000e+00,0.000000000000000000e+00,0.000000000000000000e+00,0.000000000000000000e+00,0.000000000000000000e+00,0.000000000000000000e+00,0.000000000000000000e+00,0.000000000000000000e+00,0.000000000000000000e+00,0.000000000000000000e+00,0.000000000000000000e+00,0.000000000000000000e+00,0.000000000000000000e+00,0.000000000000000000e+00,0.000000000000000000e+00,0.000000000000000000e+00,0.000000000000000000e+00,0.000000000000000000e+00,0.000000000000000000e+00,0.000000000000000000e+00,0.000000000000000000e+00,0.000000000000000000e+00,0.000000000000000000e+00,0.000000000000000000e+00,0.000000000000000000e+00,0.000000000000000000e+00,0.000000000000000000e+00,0.000000000000000000e+00,0.000000000000000000e+00,0.000000000000000000e+00,0.000000000000000000e+00,0.000000000000000000e+00,0.000000000000000000e+00,0.000000000000000000e+00,0.000000000000000000e+00,0.000000000000000000e+00,0.000000000000000000e+00,0.000000000000000000e+00,0.000000000000000000e+00,0.000000000000000000e+00,0.000000000000000000e+00,0.000000000000000000e+00,0.000000000000000000e+00,0.000000000000000000e+00,0.000000000000000000e+00,0.000000000000000000e+00,0.000000000000000000e+00,0.000000000000000000e+00,0.000000000000000000e+00,0.000000000000000000e+00,0.000000000000000000e+00,0.000000000000000000e+00,0.000000000000000000e+00,0.000000000000000000e+00,0.000000000000000000e+00,0.000000000000000000e+00,0.000000000000000000e+00,0.000000000000000000e+00,0.000000000000000000e+00,0.000000000000000000e+00,0.000000000000000000e+00,0.000000000000000000e+00,0.000000000000000000e+00,0.000000000000000000e+00,0.000000000000000000e+00,0.000000000000000000e+00,0.000000000000000000e+00,0.000000000000000000e+00,0.000000000000000000e+00,0.000000000000000000e+00,0.000000000000000000e+00,0.000000000000000000e+00,0.000000000000000000e+00,0.000000000000000000e+00,0.000000000000000000e+00,0.000000000000000000e+00,0.000000000000000000e+00,0.000000000000000000e+00,0.000000000000000000e+00,0.000000000000000000e+00,0.000000000000000000e+00,0.000000000000000000e+00,0.000000000000000000e+00,0.000000000000000000e+00,0.000000000000000000e+00,0.000000000000000000e+00,0.000000000000000000e+00,0.000000000000000000e+00,0.000000000000000000e+00,0.000000000000000000e+00,0.000000000000000000e+00,0.000000000000000000e+00,0.000000000000000000e+00,0.000000000000000000e+00,0.000000000000000000e+00,0.000000000000000000e+00,0.000000000000000000e+00,0.000000000000000000e+00,0.000000000000000000e+00,0.000000000000000000e+00,0.000000000000000000e+00,0.000000000000000000e+00,0.000000000000000000e+00,0.000000000000000000e+00,0.000000000000000000e+00,0.000000000000000000e+00,0.000000000000000000e+00,0.000000000000000000e+00,0.000000000000000000e+00,0.000000000000000000e+00,0.000000000000000000e+00,0.000000000000000000e+00,0.000000000000000000e+00,0.000000000000000000e+00,0.000000000000000000e+00,0.000000000000000000e+00,0.000000000000000000e+00,0.000000000000000000e+00,0.000000000000000000e+00,0.000000000000000000e+00,0.000000000000000000e+00,0.000000000000000000e+00,0.000000000000000000e+00,0.000000000000000000e+00,0.000000000000000000e+00,0.000000000000000000e+00,0.000000000000000000e+00,0.000000000000000000e+00,0.000000000000000000e+00,0.000000000000000000e+00,0.000000000000000000e+00,0.000000000000000000e+00,0.000000000000000000e+00,0.000000000000000000e+00,0.000000000000000000e+00,0.000000000000000000e+00,0.000000000000000000e+00,0.000000000000000000e+00,0.000000000000000000e+00,0.000000000000000000e+00,0.000000000000000000e+00,0.000000000000000000e+00,0.000000000000000000e+00,0.000000000000000000e+00,0.000000000000000000e+00,0.000000000000000000e+00,0.000000000000000000e+00,0.000000000000000000e+00,0.000000000000000000e+00,0.000000000000000000e+00,0.000000000000000000e+00,0.000000000000000000e+00,0.000000000000000000e+00,0.000000000000000000e+00,0.000000000000000000e+00,0.000000000000000000e+00,0.000000000000000000e+00,0.000000000000000000e+00,0.000000000000000000e+00,0.000000000000000000e+00,0.000000000000000000e+00,0.000000000000000000e+00,0.000000000000000000e+00,0.000000000000000000e+00,0.000000000000000000e+00,0.000000000000000000e+00,0.000000000000000000e+00,0.000000000000000000e+00,0.000000000000000000e+00,-6.329929534800682561e-05,-3.314797841289818540e-05,-1.095875595571493944e-05,3.787940911685994242e-06,1.108536328506601383e-05,1.299092521027533756e-05,1.269263688563009860e-05,1.115732929564332487e-05,9.453092047655638037e-06,7.619483387924619092e-06,5.818249328662711637e-06,3.982215768440997739e-06,2.129597105313734960e-06,2.389816917176308566e-07,-1.673749343221387640e-06,-3.599161622289855208e-06,-5.514841816175319917e-06,-7.400209031192572240e-06,-9.232184709897876739e-06,-1.099094823572074779e-05,-1.265960778498023752e-05,-1.422650528863515082e-05,-1.568521447212039150e-05,-1.703495394028811376e-05,-1.827999309306883809e-05,-1.942899565049774528e-05,-2.049395990839059616e-05,-2.148913492487510262e-05,-2.242987584880130653e-05,-2.333160854997211678e-05,-2.420892567359397916e-05,-2.507488448612495355e-05,-2.594051445979493714e-05,-2.681454552338254438e-05,-2.770333740427859432e-05,-2.861098570905529166e-05,-2.953956622925024090e-05,-3.048947819456274279e-05,-3.145984361281061489e-05,-3.244892502844783398e-05,-3.345452696477045314e-05,-3.447435547701048031e-05,-3.550631585458977226e-05,-3.654873861649635103e-05,-3.760052905323681312e-05,-3.866124415253339715e-05,-3.973110341451738351e-05,-4.081094588921830744e-05,-4.190214541583849565e-05,-4.300649907934234824e-05,-4.412610097661419991e-05,-4.526321436445342411e-05,-4.642015074668794545e-05,-4.759916438901912368e-05,-4.880236568796698660e-05,-5.003165662802658552e-05,-5.128868680700538629e-05,-5.257482886837536548e-05,-5.389116832915451889e-05,-5.523850413269429843e-05,-5.661735367249348975e-05,-5.802795858900698498e-05,-5.947028649339297212e-05,-6.094402755080024857e-05,-6.244858500497509480e-05,-6.398306332737570604e-05,-6.554625832834306361e-05,-6.713665774291418642e-05,-6.875245997130347247e-05,-7.039161985027162589e-05,-7.205192440691695829e-05,-7.373109647021636659e-05,-7.542690895658563707e-05,-7.713728165478170870e-05,-7.886030967891131266e-05,-8.059417429522362048e-05,-8.233687887082174648e-05,-8.408583670391338056e-05,-8.583740759644625763e-05,-8.758682174166409215e-05,-8.932915853775907705e-05,-9.106297107690235107e-05,-9.279839909945545738e-05,-9.457359979369278473e-05,-9.648251168138336907e-05,-9.872109140692311973e-05,-1.016538097823128304e-04,-1.059130737255378822e-04,-1.125246353365677208e-04,-1.230850276249920475e-04,-1.399424503221437471e-04,-1.664133097371412568e-04,-2.067509255938730964e-04,-2.657450614366999226e-04,-3.466287275071945986e-04,-4.463256524207983959e-04,-5.429776697677680909e-04,-5.737107259957840598e-04,-4.052743141141969025e-04,1.440502649261400853e-04,1.052662996590149162e-03,1.250907684511045606e-03
0.000000000000000000e+00,0.000000000000000000e+00,0.000000000000000000e+00,0.000000000000000000e+00,0.000000000000000000e+00,0.000000000000000000e+00,0.000000000000000000e+00,0.000000000000000000e+00,0.000000000000000000e+00,0.000000000000000000e+00,0.000000000000000000e+00,0.000000000000000000e+00,0.000000000000000000e+00,0.000000000000000000e+00,0.000000000000000000e+00,0.000000000000000000e+00,0.000000000000000000e+00,0.000000000000000000e+00,0.000000000000000000e+00,0.000000000000000000e+00,0.000000000000000000e+00,0.000000000000000000e+00,0.000000000000000000e+00,0.000000000000000000e+00,0.000000000000000000e+00,0.000000000000000000e+00,0.000000000000000000e+00,0.000000000000000000e+00,0.000000000000000000e+00,0.000000000000000000e+00,0.000000000000000000e+00,0.000000000000000000e+00,0.000000000000000000e+00,0.000000000000000000e+00,0.000000000000000000e+00,0.000000000000000000e+00,0.000000000000000000e+00,0.000000000000000000e+00,0.000000000000000000e+00,0.000000000000000000e+00,0.000000000000000000e+00,0.000000000000000000e+00,0.000000000000000000e+00,0.000000000000000000e+00,0.000000000000000000e+00,0.000000000000000000e+00,0.000000000000000000e+00,0.000000000000000000e+00,0.000000000000000000e+00,0.000000000000000000e+00,0.000000000000000000e+00,0.000000000000000000e+00,0.000000000000000000e+00,0.000000000000000000e+00,0.000000000000000000e+00,0.000000000000000000e+00,0.000000000000000000e+00,0.000000000000000000e+00,0.000000000000000000e+00,0.000000000000000000e+00,0.000000000000000000e+00,0.000000000000000000e+00,0.000000000000000000e+00,0.000000000000000000e+00,0.000000000000000000e+00,0.000000000000000000e+00,0.000000000000000000e+00,0.000000000000000000e+00,0.000000000000000000e+00,0.000000000000000000e+00,0.000000000000000000e+00,0.000000000000000000e+00,0.000000000000000000e+00,0.000000000000000000e+00,0.000000000000000000e+00,0.000000000000000000e+00,0.000000000000000000e+00,0.000000000000000000e+00,0.000000000000000000e+00,0.000000000000000000e+00,0.000000000000000000e+00,0.000000000000000000e+00,0.000000000000000000e+00,0.000000000000000000e+00,0.000000000000000000e+00,0.000000000000000000e+00,0.000000000000000000e+00,0.000000000000000000e+00,0.000000000000000000e+00,0.000000000000000000e+00,0.000000000000000000e+00,0.000000000000000000e+00,0.000000000000000000e+00,0.000000000000000000e+00,0.000000000000000000e+00,0.000000000000000000e+00,0.000000000000000000e+00,0.000000000000000000e+00,0.000000000000000000e+00,0.000000000000000000e+00,0.000000000000000000e+00,0.000000000000000000e+00,0.000000000000000000e+00,0.000000000000000000e+00,0.000000000000000000e+00,0.000000000000000000e+00,0.000000000000000000e+00,0.000000000000000000e+00,0.000000000000000000e+00,0.000000000000000000e+00,0.000000000000000000e+00,0.000000000000000000e+00,0.000000000000000000e+00,0.000000000000000000e+00,0.000000000000000000e+00,0.000000000000000000e+00,0.000000000000000000e+00,0.000000000000000000e+00,0.000000000000000000e+00,0.000000000000000000e+00,0.000000000000000000e+00,0.000000000000000000e+00,0.000000000000000000e+00,0.000000000000000000e+00,0.000000000000000000e+00,0.000000000000000000e+00,0.000000000000000000e+00,0.000000000000000000e+00,0.000000000000000000e+00,0.000000000000000000e+00,0.000000000000000000e+00,0.000000000000000000e+00,0.000000000000000000e+00,0.000000000000000000e+00,0.000000000000000000e+00,0.000000000000000000e+00,0.000000000000000000e+00,0.000000000000000000e+00,0.000000000000000000e+00,0.000000000000000000e+00,0.000000000000000000e+00,0.000000000000000000e+00,0.000000000000000000e+00,0.000000000000000000e+00,0.000000000000000000e+00,0.000000000000000000e+00,0.000000000000000000e+00,0.000000000000000000e+00,0.000000000000000000e+00,0.000000000000000000e+00,0.000000000000000000e+00,0.000000000000000000e+00,0.000000000000000000e+00,0.000000000000000000e+00,0.000000000000000000e+00,0.000000000000000000e+00,0.000000000000000000e+00,0.000000000000000000e+00,0.000000000000000000e+00,0.000000000000000000e+00,0.000000000000000000e+00,0.000000000000000000e+00,0.000000000000000000e+00,0.000000000000000000e+00,0.000000000000000000e+00,0.000000000000000000e+00,0.000000000000000000e+00,0.000000000000000000e+00,0.000000000000000000e+00,0.000000000000000000e+00,0.000000000000000000e+00,0.000000000000000000e+00,0.000000000000000000e+00,0.000000000000000000e+00,0.000000000000000000e+00,0.000000000000000000e+00,0.000000000000000000e+00,0.000000000000000000e+00,0.000000000000000000e+00,0.000000000000000000e+00,0.000000000000000000e+00,0.000000000000000000e+00,0.000000000000000000e+00,0.000000000000000000e+00,0.000000000000000000e+00,0.000000000000000000e+00,0.000000000000000000e+00,0.000000000000000000e+00,0.000000000000000000e+00,0.000000000000000000e+00,0.000000000000000000e+00,0.000000000000000000e+00,0.000000000000000000e+00,0.000000000000000000e+00,0.000000000000000000e+00,0.000000000000000000e+00,0.000000000000000000e+00,0.000000000000000000e+00,-6.058587241092165156e-05,-4.079260300249562462e-05,-1.723783722300284728e-05,-7.820198821192985616e-07,6.659234754374891900e-06,9.881946928155295202e-06,9.986386734416974158e-06,9.300150638403285302e-06,8.019903617827694298e-06,6.639433293869305549e-06,5.132718841079040936e-06,3.580520471344152131e-06,1.958425846983771713e-06,2.874905271952787291e-07,-1.430961173204229613e-06,-3.178779948073189639e-06,-4.940826459802859053e-06,-6.696081877283985950e-06,-8.424565526522573034e-06,-1.010614094548427699e-05,-1.172362633951004154e-05,-1.326322181671157106e-05,-1.471576907182299408e-05,-1.607685298622292435e-05,-1.734683166490420700e-05,-1.853030308594727710e-05,-1.963541006933355572e-05,-2.067292161036578623e-05,-2.165527641951494109e-05,-2.259562737856552422e-05,-2.350698221445945995e-05,-2.440147819705983659e-05,-2.528983059996527306e-05,-2.618096477793776982e-05,-2.708183196362128983e-05,-2.799739141580722632e-05,-2.893073420637344204e-05,-2.988331542270235302e-05,-3.085526048227323802e-05,-3.184570985224862073e-05,-3.285317110385538032e-05,-3.387585043244310508e-05,-3.491194368658280750e-05,-3.595987185965993343e-05,-3.701845443955058935e-05,-3.808701817822088780e-05,-3.916544578606009290e-05,-4.025417103416042432e-05,-4.135413127022199157e-05,-4.246668781565874078e-05,-4.359352687639737021e-05,-4.473655102516290317e-05,-4.589777179137185110e-05,-4.707921014147584284e-05,-4.828281128381618482e-05,-4.951037618061547861e-05,-5.076351173883292419e-05,-5.204359800805868376e-05,-5.335177079468691856e-05,-5.468891534719439899e-05,-5.605566769012485315e-05,-5.745241861553678441e-05,-5.887931728273673520e-05,-6.033627112252896145e-05,-6.182294169880235709e-05,-6.333873710589378743e-05,-6.488280509374139571e-05,-6.645403253962801286e-05,-6.805106005440214145e-05,-6.967232072419631233e-05,-7.131611243256639652e-05,-7.298070900301367075e-05,-7.466451001078074784e-05,-7.636621665563182379e-05,-7.808500979541779514e-05,-7.982068634169549109e-05,-8.157370998349921067e-05,-8.334512421653301063e-05,-8.513635397391287711e-05,-8.694897839237281057e-05,-8.878488403249439347e-05,-9.064736250585846231e-05,-9.254461197091277448e-05,-9.449708979297226558e-05,-9.655231231195013884e-05,-9.880940436883589638e-05,-1.014618884252220174e-04,-1.048620482881199760e-04,-1.096314917859770346e-04,-1.168216944036897263e-04,-1.281879493797463243e-04,-1.465161180214828501e-04,-1.760425988003027785e-04,-2.223630558064070744e-04,-2.913861501429693243e-04,-3.844162706305480283e-04,-4.874676899583916352e-04,-5.456071005442357340e-04,-4.309314511956382631e-04,5.051584843500741038e-05,9.271654648224387629e-04,1.196039895486157752e-03
0.000000000000000000e+00,0.000000000000000000e+00,0.000000000000000000e+00,0.000000000000000000e+00,0.000000000000000000e+00,0.000000000000000000e+00,0.000000000000000000e+00,0.000000000000000000e+00,0.000000000000000000e+00,0.000000000000000000e+00,0.000000000000000000e+00,0.000000000000000000e+00,0.000000000000000000e+00,0.000000000000000000e+00,0.000000000000000000e+00,0.000000000000000000e+00,0.000000000000000000e+00,0.000000000000000000e+00,0.000000000000000000e+00,0.000000000000000000e+00,0.000000000000000000e+00,0.000000000000000000e+00,0.000000000000000000e+00,0.000000000000000000e+00,0.000000000000000000e+00,0.000000000000000000e+00,0.000000000000000000e+00,0.000000000000000000e+00,0.000000000000000000e+00,0.000000000000000000e+00,0.000000000000000000e+00,0.000000000000000000e+00,0.000000000000000000e+00,0.000000000000000000e+00,0.000000000000000000e+00,0.000000000000000000e+00,0.000000000000000000e+00,0.000000000000000000e+00,0.000000000000000000e+00,0.000000000000000000e+00,0.000000000000000000e+00,0.000000000000000000e+00,0.000000000000000000e+00,0.000000000000000000e+00,0.000000000000000000e+00,0.000000000000000000e+00,0.000000000000000000e+00,0.000000000000000000e+00,0.000000000000000000e+00,0.000000000000000000e+00,0.000000000000000000e+00,0.000000000000000000e+00,0.000000000000000000e+00,0.000000000000000000e+00,0.000000000000000000e+00,0.000000000000000000e+00,0.000000000000000000e+00,0.000000000000000000e+00,0.000000000000000000e+00,0.000000000000000000e+00,0.000000000000000000e+00,0.000000000000000000e+00,0.000000000000000000e+00,0.000000000000000000e+00,0.000000000000000000e+00,0.000000000000000000e+00,0.000000000000000000e+00,0.000000000000000000e+00,0.000000000000000000e+00,0.000000000000000000e+00,0.000000000000000000e+00,0.000000000000000000e+00,0.000000000000000000e+00,0.000000000000000000e+00,0.000000000000000000e+00,0.000000000000000000e+00,0.000000000000000000e+00,0.000000000000000000e+00,0.000000000000000000e+00,0.000000000000000000e+00,0.000000000000000000e+00,0.000000000000000000e+00,0.000000000000000000e+00,0.000000000000000000e+00,0.000000000000000000e+00,0.000000000000000000e+00,0.000000000000000000e+00,0.000000000000000000e+00,0.000000000000000000e+00,0.000000000000000000e+00,0.000000000000000000e+00,0.000000000000000000e+00,0.000000000000000000e+00,0.000000000000000000e+00,0.000000000000000000e+00,0.000000000000000000e+00,0.000000000000000000e+00,0.000000000000000000e+00,0.000000000000000000e+00,0.000000000000000000e+00,0.000000000000000000e+00,0.000000000000000000e+00,0.000000000000000000e+00,0.000000000000000000e+00,0.000000000000000000e+00,0.000000000000000000e+00,0.000000000000000000e+00,0.000000000000000000e+00,0.000000000000000000e+00,0.000000000000000000e+00,0.000000000000000000e+00,0.000000000000000000e+00,0.000000000000000000e+00,0.000000000000000000e+00,0.000000000000000000e+00,0.000000000000000000e+00,0.000000000000000000e+00,0.000000000000000000e+00,0.000000000000000000e+00,0.000000000000000000e+00,0.000000000000000000e+00,0.000000000000000000e+00,0.000000000000000000e+00,0.000000000000000000e+00,0.000000000000000000e+00,0.000000000000000000e+00,0.000000000000000000e+00,0.000000000000000000e+00,0.000000000000000000e+00,0.000000000000000000e+00,0.000000000000000000e+00,0.000000000000000000e+00,0.000000000000000000e+00,0.000000000000000000e+00,0.000000000000000000e+00,0.000000000000000000e+00,0.000000000000000000e+00,0.000000000000000000e+00,0.000000000000000000e+00,0.000000000000000000e+00,0.000000000000000000e+00,0.000000000000000000e+00,0.000000000000000000e+00,0.000000000000000000e+00,0.000000000000000000e+00,0.000000000000000000e+00,0.000000000000000000e+00,0.000000000000000000e+00,0.000000000000000000e+00,0.000000000000000000e+00,0.000000000000000000e+00,0.000000000000000000e+00,0.000000000000000000e+00,0.000000000000000000e+00,0.000000000000000000e+00,0.000000000000000000e+00,0.000000000000000000e+00,0.000000000000000000e+00,0.000000000000000000e+00,0.000000000000000000e+00,0.000000000000000000e+00,0.000000000000000000e+00,0.000000000000000000e+00,0.000000000000000000e+00,0.000000000000000000e+00,0.000000000000000000e+00,0.000000000000000000e+00,0.000000000000000000e+00,0.000000000000000000e+00,0.000000000000000000e+00,0.000000000000000000e+00,0.000000000000000000e+00,0.000000000000000000e+00,0.000000000000000000e+00,0.000000000000000000e+00,0.000000000000000000e+00,0.000000000000000000e+00,0.000000000000000000e+00,0.000000000000000000e+00,0.000000000000000000e+00,0.000000000000000000e+00,0.000000000000000000e+00,0.000000000000000000e+00,0.000000000000000000e+00,0.000000000000000000e+00,0.000000000000000000e+00,0.000000000000000000e+00,0.000000000000000000e+00,0.000000000000000000e+00,0.000000000000000000e+00,0.000000000000000000e+00,0.000000000000000000e+00,0.000000000000000000e+00,0.000000000000000000e+00,0.000000000000000000e+00,0.000000000000000000e+00,0.000000000000000000e+00,0.000000000000000000e+00,0.000000000000000000e+00,-4.541164115240675631e-05,-2.019569844337522373e-05,-6.397676803705777909e-06,2.262611623753740388e-06,5.060220609172100965e-06,6.351354450490279209e-06,6.187984445670801910e-06,5.607574927575833854e-06,4.675406349143147939e-06,3.601841393985343781e-06,2.387980924246689971e-06,1.080729868735532509e-06,-3.147969473177882621e-07,-1.778321764752881792e-06,-3.297469545693213607e-06,-4.854088632500455108e-06,-6.430619576901790839e-06,-8.007552739969696847e-06,-9.566165233694851172e-06,-1.108896237923475270e-05,-1.256121646339908911e-05,-1.397162360151825176e-05,-1.531289594795501205e-05,-1.658184622326791045e-05,-1.777920628049249447e-05,-1.890915028024737449e-05,-1.997863997697365483e-05,-2.099665711117172664e-05,-2.197340302791340861e-05,-2.291953101020399703e-05,-2.384546243295209203e-05,-2.476082540526113846e-05,-2.567403684687765593e-05,-2.659203629013618832e-05,-2.752016611806216086e-05,-2.846218309939096139e-05,-2.942037891676432839e-05,-3.039578234374690053e-05,-3.138841492336743872e-05,-3.239757174080250360e-05,-3.342210288616796179e-05,-3.446067415789056917e-05,-3.551199204274701484e-05,-3.657498204179895370e-05,-3.764891611316311564e-05,-3.873348826775280490e-05,-3.982884270972133958e-05,-4.093556035822935478e-05,-4.205461294303211242e-05,-4.318729330877392778e-05,-4.433513204020136543e-05,-4.549980838962156546e-05,-4.668306365900044797e-05,-4.788662219288566181e-05,-4.911212470590427416e-05,-5.036107550425247570e-05,-5.163480474669348528e-05,-5.293444411983925775e-05,-5.426091434328108031e-05,-5.561492093402416246e-05,-5.699695543191696712e-05,-5.840729831944791204e-05,-5.984602150937110980e-05,-6.131298842078692127e-05,-6.280785214157974874e-05,-6.433005334028774199e-05,-6.587882255976320418e-05,-6.745319320354306830e-05,-6.905203400754217303e-05,-7.067411070851038746e-05,-7.231818652187134747e-05,-7.398316888110368120e-05,-7.566830401815268805e-05,-7.737341327993214684e-05,-7.909915212479032688e-05,-8.084726244616783242e-05,-8.262078134006875432e-05,-8.442417847624878455e-05,-8.626344462308913031e-05,-8.814622849460273428e-05,-9.008234282897734698e-05,-9.208508170936485684e-05,-9.417437757757769366e-05,-9.638265266298435315e-05,-9.876599520366099723e-05,-1.014223639443793728e-04,-1.045267863224474980e-04,-1.083923744743058682e-04,-1.135994182841884353e-04,-1.212175527581630822e-04,-1.332252161989923018e-04,-1.530256353609736240e-04,-1.860263767652560083e-04,-2.390769789733270586e-04,-3.176989670440791931e-04,-4.155476835914387150e-04,-4.938028879498120938e-04,-4.366585499245352500e-04,-3.986336760864228520e-05,7.875972558076559972e-04,1.125443474110198643e-03
0.000000000000000000e+00,0.000000000000000000e+00,0.000000000000000000e+00,0.000000000000000000e+00,0.000000000000000000e+00,0.000000000000000000e+00,0.000000000000000000e+00,0.000000000000000000e+00,0.000000000000000000e+00,0.000000000000000000e+00,0.000000000000000000e+00,0.000000000000000000e+00,0.000000000000000000e+00,0.000000000000000000e+00,0.000000000000000000e+00,0.000000000000000000e+00,0.000000000000000000e+00,0.000000000000000000e+00,0.000000000000000000e+00,0.000000000000000000e+00,0.000000000000000000e+00,0.000000000000000000e+00,0.000000000000000000e+00,0.000000000000000000e+00,0.000000000000000000e+00,0.000000000000000000e+00,0.000000000000000000e+00,0.000000000000000000e+00,0.000000000000000000e+00,0.000000000000000000e+00,0.000000000000000000e+00,0.000000000000000000e+00,0.000000000000000000e+00,0.000000000000000000e+00,0.000000000000000000e+00,0.000000000000000000e+00,0.000000000000000000e+00,0.000000000000000000e+00,0.000000000000000000e+00,0.000000000000000000e+00,0.000000000000000000e+00,0.000000000000000000e+00,0.000000000000000000e+00,0.000000000000000000e+00,0.000000000000000000e+00,0.000000000000000000e+00,0.000000000000000000e+00,0.000000000000000000e+00,0.000000000000000000e+00,0.000000000000000000e+00,0.000000000000000000e+00,0.000000000000000000e+00,0.000000000000000000e+00,0.000000000000000000e+00,0.000000000000000000e+00,0.000000000000000000e+00,0.000000000000000000e+00,0.000000000000000000e+00,0.000000000000000000e+00,0.000000000000000000e+00,0.000000000000000000e+00,0.000000000000000000e+00,0.000000000000000000e+00,0.000000000000000000e+00,0.000000000000000000e+00,0.000000000000000000e+00,0.000000000000000000e+00,0.000000000000000000e+00,0.000000000000000000e+00,0.000000000000000000e+00,0.000000000000000000e+00,0.000000000000000000e+00,0.000000000000000000e+00,0.000000000000000000e+00,0.000000000000000000e+00,0.000000000000000000e+00,0.000000000000000000e+00,0.000000000000000000e+00,0.000000000000000000e+00,0.000000000000000000e+00,0.000000000000000000e+00,0.000000000000000000e+00,0.000000000000000000e+00,0.000000000000000000e+00,0.000000000000000000e+00,0.000000000000000000e+00,0.000000000000000000e+00,0.000000000000000000e+00,0.000000000000000000e+00,0.000000000000000000e+00,0.000000000000000000e+00,0.000000000000000000e+00,0.000000000000000000e+00,0.000000000000000000e+00,0.000000000000000000e+00,0.000000000000000000e+00,0.000000000000000000e+00,0.000000000000000000e+00,0.000000000000000000e+00,0.000000000000000000e+00,0.000000000000000000e+00,0.000000000000000000e+00,0.000000000000000000e+00,0.000000000000000000e+00,0.000000000000000000e+00,0.000000000000000000e+00,0.000000000000000000e+00,0.000000000000000000e+00,0.000000000000000000e+00,0.000000000000000000e+00,0.000000000000000000e+00,0.000000000000000000e+00,0.000000000000000000e+00,0.000000000000000000e+00,0.000000000000000000e+00,0.000000000000000000e+00,0.000000000000000000e+00,0.000000000000000000e+00,0.000000000000000000e+00,0.000000000000000000e+00,0.000000000000000000e+00,0.000000000000000000e+00,0.000000000000000000e+00,0.000000000000000000e+00,0.000000000000000000e+00,0.000000000000000000e+00,0.000000000000000000e+00,0.000000000000000000e+00,0.000000000000000000e+00,0.000000000000000000e+00,0.000000000000000000e+00,0.000000000000000000e+00,0.000000000000000000e+00,0.000000000000000000e+00,0.000000000000000000e+00,0.000000000000000000e+00,0.000000000000000000e+00,0.000000000000000000e+00,0.000000000000000000e+00,0.000000000000000000e+00,0.000000000000000000e+00,0.000000000000000000e+00,0.000000000000000000e+00,0.000000000000000000e+00,0.000000000000000000e+00,0.000000000000000000e+00,0.000000000000000000e+00,0.000000000000000000e+00,0.000000000000000000e+00,0.000000000000000000e+00,0.000000000000000000e+00,0.000000000000000000e+00,0.000000000000000000e+00,0.000000000000000000e+00,0.000000000000000000e+00,0.000000000000000000e+00,0.000000000000000000e+00,0.000000000000000000e+00,0.000000000000000000e+00,0.000000000000000000e+00,0.000000000000000000e+00,0.000000000000000000e+00,0.000000000000000000e+00,0.000000000000000000e+00,0.000000000000000000e+00,0.000000000000000000e+00,0.000000000000000000e+00,0.000000000000000000e+00,0.000000000000000000e+00,0.000000000000000000e+00,0.000000000000000000e+00,0.000000000000000000e+00,0.000000000000000000e+00,0.000000000000000000e+00,0.000000000000000000e+00,0.000000000000000000e+00,0.000000000000000000e+00,0.000000000000000000e+00,0.000000000000000000e+00,0.000000000000000000e+00,0.000000000000000000e+00,0.000000000000000000e+00,0.000000000000000000e+00,0.000000000000000000e+00,0.000000000000000000e+00,0.000000000000000000e+00,0.000000000000000000e+00,0.000000000000000000e+00,0.000000000000000000e+00,0.000000000000000000e+00,0.000000000000000000e+00,0.000000000000000000e+00,0.000000000000000000e+00,0.000000000000000000e+00,0.000000000000000000e+00,0.000000000000000000e+00,0.000000000000000000e+00,0.000000000000000000e+00,0.000000000000000000e+00,-4.466131896017915573e-05,-2.179513449933627697e-05,-7.847031560998966654e-06,-3.080633311452608261e-06,6.718356340912549397e-07,1.962913268246935662e-06,2.449881252710506701e-06,2.277088245792324999e-06,1.818789252347664074e-06,1.124200636001525241e-06,2.768129458420193502e-07,-7.029956044079787362e-07,-1.787297959438519258e-06,-2.961118683356395911e-06,-4.207722549344145168e-06,-5.512079744904612897e-06,-6.857911113837392009e-06,-8.228618249901328502e-06,-9.607547197142091389e-06,-1.097889839036411100e-05,-1.232860415599104458e-05,-1.364502164938693300e-05,-1.491947822570660266e-05,-1.614648369156887128e-05,-1.732374202994754753e-05,-1.845189822462157036e-05,-1.953413858207127726e-05,-2.057565394204810745e-05,-2.158305451317673145e-05,-2.256376901092860973e-05,-2.352548551913350594e-05,-2.447566143929834080e-05,-2.542113033187874208e-05,-2.636781679385482525e-05,-2.732056244105531063e-05,-2.828305796763620812e-05,-2.925786721761163386e-05,-3.024652782186268191e-05,-3.124970601796652061e-05,-3.226738732112703595e-05,-3.329908037633099864e-05,-3.434401922403780945e-05,-3.540134656451730008e-05,-3.647027051631663089e-05,-3.755018501310911289e-05,-3.864075420568892583e-05,-3.974195798875280355e-05,-4.085410515320012450e-05,-4.197781588982997557e-05,-4.311398342659653044e-05,-4.426371825870199230e-05,-4.542828521268604185e-05,-4.660903613185721125e-05,-4.780734683426436399e-05,-4.902455899311686054e-05,-5.026193299176971046e-05,-5.152060982454498208e-05,-5.280158544459183758e-05,-5.410569346697296388e-05,-5.543359766657199078e-05,-5.678578904115059284e-05,-5.816258809914158620e-05,-5.956414740721523957e-05,-6.099045572435242397e-05,-6.244134058685677988e-05,-6.391647279578505558e-05,-6.541537294767195453e-05,-6.693742665808211437e-05,-6.848191273517527909e-05,-7.004805403706276540e-05,-7.163509871490944384e-05,-7.324244187843163270e-05,-7.486979528840357733e-05,-7.651740809325077415e-05,-7.818633959843208458e-05,-7.987876940194118939e-05,-8.159833834299220058e-05,-8.335048899488996970e-05,-8.514282692812708052e-05,-8.698550325237741458e-05,-8.889177178566906492e-05,-9.087883674046002061e-05,-9.296933679974619751e-05,-9.519364189209555569e-05,-9.759334967813193507e-05,-1.002268953781080814e-04,-1.031799389927826266e-04,-1.065918827084614564e-04,-1.107190704889664517e-04,-1.160924547580375547e-04,-1.238202131378353605e-04,-1.361428062016935509e-04,-1.570513327203245020e-04,-1.927080314094018929e-04,-2.496576730784457062e-04,-3.289138196725265354e-04,-4.070838006087568943e-04,-4.043910602795715748e-04,-1.234003615102648296e-04,6.101908794372224104e-04,1.005032769605305153e-03
0.000000000000000000e+00,0.000000000000000000e+00,0.000000000000000000e+00,0.000000000000000000e+00,0.000000000000000000e+00,0.000000000000000000e+00,0.000000000000000000e+00,0.000000000000000000e+00,0.000000000000000000e+00,0.000000000000000000e+00,0.000000000000000000e+00,0.000000000000000000e+00,0.000000000000000000e+00,0.000000000000000000e+00,0.000000000000000000e+00,0.000000000000000000e+00,0.000000000000000000e+00,0.000000000000000000e+00,0.000000000000000000e+00,0.000000000000000000e+00,0.000000000000000000e+00,0.000000000000000000e+00,0.000000000000000000e+00,0.000000000000000000e+00,0.000000000000000000e+00,0.000000000000000000e+00,0.000000000000000000e+00,0.000000000000000000e+00,0.000000000000000000e+00,0.000000000000000000e+00,0.000000000000000000e+00,0.000000000000000000e+00,0.000000000000000000e+00,0.000000000000000000e+00,0.000000000000000000e+00,0.000000000000000000e+00,0.000000000000000000e+00,0.000000000000000000e+00,0.000000000000000000e+00,0.000000000000000000e+00,0.000000000000000000e+00,0.000000000000000000e+00,0.000000000000000000e+00,0.000000000000000000e+00,0.000000000000000000e+00,0.000000000000000000e+00,0.000000000000000000e+00,0.000000000000000000e+00,0.000000000000000000e+00,0.000000000000000000e+00,0.000000000000000000e+00,0.000000000000000000e+00,0.000000000000000000e+00,0.000000000000000000e+00,0.000000000000000000e+00,0.000000000000000000e+00,0.000000000000000000e+00,0.000000000000000000e+00,0.000000000000000000e+00,0.000000000000000000e+00,0.000000000000000000e+00,0.000000000000000000e+00,0.000000000000000000e+00,0.000000000000000000e+00,0.000000000000000000e+00,0.000000000000000000e+00,0.000000000000000000e+00,0.000000000000000000e+00,0.000000000000000000e+00,0.000000000000000000e+00,0.000000000000000000e+00,0.000000000000000000e+00,0.000000000000000000e+00,0.000000000000000000e+00,0.000000000000000000e+00,0.000000000000000000e+00,0.000000000000000000e+00,0.000000000000000000e+00,0.000000000000000000e+00,0.000000000000000000e+00,0.000000000000000000e+00,0.000000000000000000e+00,0.000000000000000000e+00,0.000000000000000000e+00,0.000000000000000000e+00,0.000000000000000000e+00,0.000000000000000000e+00,0.000000000000000000e+00,0.000000000000000000e+00,0.000000000000000000e+00,0.000000000000000000e+00,0.000000000000000000e+00,0.000000000000000000e+00,0.000000000000000000e+00,0.000000000000000000e+00,0.000000000000000000e+00,0.000000000000000000e+00,0.000000000000000000e+00,0.000000000000000000e+00,0.000000000000000000e+00,0.000000000000000000e+00,0.000000000000000000e+00,0.000000000000000000e+00,0.000000000000000000e+00,0.000000000000000000e+00,0.000000000000000000e+00,0.000000000000000000e+00,0.000000000000000000e+00,0.000000000000000000e+00,0.000000000000000000e+00,0.000000000000000000e+00,0.000000000000000000e+00,0.000000000000000000e+00,0.000000000000000000e+00,0.000000000000000000e+00,0.000000000000000000e+00,0.000000000000000000e+00,0.000000000000000000e+00,0.000000000000000000e+00,0.000000000000000000e+00,0.000000000000000000e+00,0.000000000000000000e+00,0.000000000000000000e+00,0.000000000000000000e+00,0.000000000000000000e+00,0.000000000000000000e+00,0.000000000000000000e+00,0.000000000000000000e+00,0.000000000000000000e+00,0.000000000000000000e+00,0.000000000000000000e+00,0.000000000000000000e+00,0.000000000000000000e+00,0.000000000000000000e+00,0.000000000000000000e+00,0.000000000000000000e+00,0.000000000000000000e+00,0.000000000000000000e+00,0.000000000000000000e+00,0.000000000000000000e+00,0.000000000000000000e+00,0.000000000000000000e+00,0.000000000000000000e+00,0.000000000000000000e+00,0.000000000000000000e+00,0.000000000000000000e+00,0.000000000000000000e+00,0.000000000000000000e+00,0.000000000000000000e+00,0.000000000000000000e+00,0.000000000000000000e+00,0.000000000000000000e+00,0.000000000000000000e+00,0.000000000000000000e+00,0.000000000000000000e+00,0.000000000000000000e+00,0.000000000000000000e+00,0.000000000000000000e+00,0.000000000000000000e+00,0.000000000000000000e+00,0.000000000000000000e+00,0.000000000000000000e+00,0.000000000000000000e+00,0.000000000000000000e+00,0.000000000000000000e+00,0.000000000000000000e+00,0.000000000000000000e+00,0.000000000000000000e+00,0.000000000000000000e+00,0.000000000000000000e+00,0.000000000000000000e+00,0.000000000000000000e+00,0.000000000000000000e+00,0.000000000000000000e+00,0.000000000000000000e+00,0.000000000000000000e+00,0.000000000000000000e+00,0.000000000000000000e+00,0.000000000000000000e+00,0.000000000000000000e+00,0.000000000000000000e+00,0.000000000000000000e+00,0.000000000000000000e+00,0.000000000000000000e+00,0.000000000000000000e+00,0.000000000000000000e+00,0.000000000000000000e+00,0.000000000000000000e+00,0.000000000000000000e+00,0.000000000000000000e+00,0.000000000000000000e+00,0.000000000000000000e+00,0.000000000000000000e+00,0.000000000000000000e+00,0.000000000000000000e+00,0.000000000000000000e+00,0.000000000000000000e+00,0.000000000000000000e+00,0.000000000000000000e+00,-2.610445674058332522e-05,-1.287133717250904866e-05,-9.664716379868047195e-06,-4.176993291027954102e-06,-1.855560324523100798e-06,-7.094525383050611775e-07,-3.822570319647850452e-07,-4.674878834128424914e-07,-8.141894676131947708e-07,-1.344537042768419089e-06,-2.008711213462091888e-06,-2.785304231476061350e-06,-3.652019865168924516e-06,-4.597733901727894468e-06,-5.608967346755456747e-06,-6.675890632125882445e-06,-7.786787853010911916e-06,-8.930908093666678393e-06,-1.009675684250629740e-05,-1.127369465256875703e-05,-1.245168700974259752e-05,-1.362220476345759283e-05,-1.477829057883150085e-05,-1.591493658733928723e-05,-1.702904011967103589e-05,-1.811939219008952751e-05,-1.918644906400246392e-05,-2.023208345277852357e-05,-2.125924500563003940e-05,-2.227162404115274439e-05,-2.327330730953385411e-05,-2.426847249370925699e-05,-2.526112309335868804e-05,-2.625488417811240886e-05,-2.725285755285457637e-05,-2.825754056245652582e-05,-2.927080066792585970e-05,-3.029390044885608234e-05,-3.132756064072500691e-05,-3.237205183605834852e-05,-3.342730146403361739e-05,-3.449300711003962472e-05,-3.556874497656764013e-05,-3.665406786465386346e-05,-3.774858544998953839e-05,-3.885202561438467068e-05,-3.996427375551234412e-05,-4.108539272673722930e-05,-4.221562344398551174e-05,-4.335537129682931560e-05,-4.450517994634334339e-05,-4.566569850426953201e-05,-4.683764373313541304e-05,-4.802176278607410458e-05,-4.921879714045084497e-05,-5.042945197818264467e-05,-5.165437021362459183e-05,-5.289411393373629128e-05,-5.414915106744491626e-05,-5.541984881967145085e-05,-5.670647078410471597e-05,-5.800917865884353095e-05,-5.932803532649775445e-05,-6.066301045323529452e-05,-6.201398608681920460e-05,-6.338076457935553623e-05,-6.476307783326033427e-05,-6.616060228129131738e-05,-6.757298053898691569e-05,-6.899985696051990161e-05,-7.044092940508113129e-05,-7.189602764654488831e-05,-7.336521922306622713e-05,-7.484895656939319331e-05,-7.634825728979838873e-05,-7.786493773917598155e-05,-7.940186907248073607e-05,-8.096330143216129926e-05,-8.255518362960319345e-05,-8.418561974502613936e-05,-8.586530498516222539e-05,-8.760832886765353340e-05,-8.943287394435439186e-05,-9.136262699224311510e-05,-9.342733430568489917e-05,-9.566447711479890632e-05,-9.811914231423153946e-05,-1.008516276489942478e-04,-1.039565672593481017e-04,-1.076355401026268024e-04,-1.123531234436198821e-04,-1.191623932361432145e-04,-1.301739367154155765e-04,-1.489902051152572663e-04,-1.803903610200650789e-04,-2.271454532973503880e-04,-2.810924268497547456e-04,-2.992888278426716767e-04,-1.695387135712831729e-04,3.375073023294877989e-04,7.262296367836045810e-04
0.000000000000000000e+00,0.000000000000000000e+00,0.000000000000000000e+00,0.000000000000000000e+00,0.000000000000000000e+00,0.000000000000000000e+00,0.000000000000000000e+00,0.000000000000000000e+00,0.000000000000000000e+00,0.000000000000000000e+00,0.000000000000000000e+00,0.000000000000000000e+00,0.000000000000000000e+00,0.000000000000000000e+00,0.000000000000000000e+00,0.000000000000000000e+00,0.000000000000000000e+00,0.000000000000000000e+00,0.000000000000000000e+00,0.000000000000000000e+00,0.000000000000000000e+00,0.000000000000000000e+00,0.000000000000000000e+00,0.000000000000000000e+00,0.000000000000000000e+00,0.000000000000000000e+00,0.000000000000000000e+00,0.000000000000000000e+00,0.000000000000000000e+00,0.000000000000000000e+00,0.000000000000000000e+00,0.000000000000000000e+00,0.000000000000000000e+00,0.000000000000000000e+00,0.000000000000000000e+00,0.000000000000000000e+00,0.000000000000000000e+00,0.000000000000000000e+00,0.000000000000000000e+00,0.000000000000000000e+00,0.000000000000000000e+00,0.000000000000000000e+00,0.000000000000000000e+00,0.000000000000000000e+00,0.000000000000000000e+00,0.000000000000000000e+00,0.000000000000000000e+00,0.000000000000000000e+00,0.000000000000000000e+00,0.000000000000000000e+00,0.000000000000000000e+00,0.000000000000000000e+00,0.000000000000000000e+00,0.000000000000000000e+00,0.000000000000000000e+00,0.000000000000000000e+00,0.000000000000000000e+00,0.000000000000000000e+00,0.000000000000000000e+00,0.000000000000000000e+00,0.000000000000000000e+00,0.000000000000000000e+00,0.000000000000000000e+00,0.000000000000000000e+00,0.000000000000000000e+00,0.000000000000000000e+00,0.000000000000000000e+00,0.000000000000000000e+00,0.000000000000000000e+00,0.000000000000000000e+00,0.000000000000000000e+00,0.000000000000000000e+00,0.000000000000000000e+00,0.000000000000000000e+00,0.000000000000000000e+00,0.000000000000000000e+00,0.000000000000000000e+00,0.000000000000000000e+00,0.000000000000000000e+00,0.000000000000000000e+00,0.000000000000000000e+00,0.000000000000000000e+00,0.000000000000000000e+00,0.000000000000000000e+00,0.000000000000000000e+00,0.000000000000000000e+00,0.000000000000000000e+00,0.000000000000000000e+00,0.000000000000000000e+00,0.000000000000000000e+00,0.000000000000000000e+00,0.000000000000000000e+00,0.000000000000000000e+00,0.000000000000000000e+00,0.000000000000000000e+00,0.000000000000000000e+00,0.000000000000000000e+00,0.000000000000000000e+00,0.000000000000000000e+00,0.000000000000000000e+00,0.000000000000000000e+00,0.000000000000000000e+00,0.000000000000000000e+00,0.000000000000000000e+00,0.000000000000000000e+00,0.000000000000000000e+00,0.000000000000000000e+00,0.000000000000000000e+00,0.000000000000000000e+00,0.000000000000000000e+00,0.000000000000000000e+00,0.000000000000000000e+00,0.000000000000000000e+00,0.000000000000000000e+00,0.000000000000000000e+00,0.000000000000000000e+00,0.000000000000000000e+00,0.000000000000000000e+00,0.000000000000000000e+00,0.000000000000000000e+00,0.000000000000000000e+00,0.000000000000000000e+00,0.000000000000000000e+00,0.000000000000000000e+00,0.000000000000000000e+00,0.000000000000000000e+00,0.000000000000000000e+00,0.000000000000000000e+00,0.000000000000000000e+00,0.000000000000000000e+00,0.000000000000000000e+00,0.000000000000000000e+00,0.000000000000000000e+00,0.000000000000000000e+00,0.000000000000000000e+00,0.000000000000000000e+00,0.000000000000000000e+00,0.000000000000000000e+00,0.000000000000000000e+00,0.000000000000000000e+00,0.000000000000000000e+00,0.000000000000000000e+00,0.000000000000000000e+00,0.000000000000000000e+00,0.000000000000000000e+00,0.000000000000000000e+00,0.000000000000000000e+00,0.000000000000000000e+00,0.000000000000000000e+00,0.000000000000000000e+00,0.000000000000000000e+00,0.000000000000000000e+00,0.000000000000000000e+00,0.000000000000000000e+00,0.000000000000000000e+00,0.000000000000000000e+00,0.000000000000000000e+00,0.000000000000000000e+00,0.000000000000000000e+00,0.000000000000000000e+00,0.000000000000000000e+00,0.000000000000000000e+00,0.000000000000000000e+00,0.000000000000000000e+00,0.000000000000000000e+00,0.000000000000000000e+00,0.000000000000000000e+00,0.000000000000000000e+00,0.000000000000000000e+00,0.000000000000000000e+00,0.000000000000000000e+00,0.000000000000000000e+00,0.000000000000000000e+00,0.000000000000000000e+00,0.000000000000000000e+00,0.000000000000000000e+00,0.000000000000000000e+00,0.000000000000000000e+00,0.000000000000000000e+00,0.000000000000000000e+00,0.000000000000000000e+00,0.000000000000000000e+00,0.000000000000000000e+00,0.000000000000000000e+00,0.000000000000000000e+00,0.000000000000000000e+00,0.000000000000000000e+00,0.000000000000000000e+00,0.000000000000000000e+00,0.000000000000000000e+00,0.000000000000000000e+00,0.000000000000000000e+00,0.000000000000000000e+00,0.000000000000000000e+00,0.000000000000000000e+00,0.000000000000000000e+00,0.000000000000000000e+00,0.000000000000000000e+00,0.000000000000000000e+00,0.000000000000000000e+00,-3.306471588264036135e-06,-1.713087457112955320e-06,2.859028385675293434e-07,5.475006897867086474e-07,5.675332108322960013e-07,1.447691725732057832e-07,-3.640317548227364106e-07,-1.018555108336744379e-06,-1.723803152022803519e-06,-2.498648689737160498e-06,-3.312884429184104122e-06,-4.170592497023044938e-06,-5.059962779145131072e-06,-5.980191631974062230e-06,-6.925113263469475133e-06,-7.892146429113825951e-06,-8.876863501342060843e-06,-9.876128347564028863e-06,-1.088633803599894775e-05,-1.190459857816243556e-05,-1.292818029672931214e-05,-1.395496821353679782e-05,-1.498328069299832322e-05,-1.601201259285771076e-05,-1.704053471144866824e-05,-1.806869241295958362e-05,-1.909670970662222776e-05,-2.012512385882528343e-05,-2.115468944681353123e-05,-2.218629685150802600e-05,-2.322089022128933871e-05,-2.425939842917000322e-05,-2.530267925425437790e-05,-2.635147654490409212e-05,-2.740639504490269244e-05,-2.846788585986185206e-05,-2.953624837948066542e-05,-3.061163811817401245e-05,-3.169408683650102129e-05,-3.278352281811770455e-05,-3.387979851064110517e-05,-3.498271308109557326e-05,-3.609203833214212696e-05,-3.720753595122752873e-05,-3.832897590606544153e-05,-3.945614467182618476e-05,-4.058885426705207441e-05,-4.172694145072007588e-05,-4.287026878364478362e-05,-4.401871734795195193e-05,-4.517218304905597524e-05,-4.633056648562044842e-05,-4.749376807852940201e-05,-4.866167847631727033e-05,-4.983417536607296543e-05,-5.101111669867745824e-05,-5.219234072162894805e-05,-5.337766290025444470e-05,-5.456687933859985214e-05,-5.575976703807666266e-05,-5.695608987338079981e-05,-5.815560113466683288e-05,-5.935805089377961139e-05,-6.056318984510178637e-05,-6.177077737141010885e-05,-6.298058661329093905e-05,-6.419241380811347851e-05,-6.540608621267196055e-05,-6.662147513971884087e-05,-6.783851061376547267e-05,-6.905720245056457234e-05,-7.027766788851876035e-05,-7.150016592338053422e-05,-7.272514593281221348e-05,-7.395329831810885110e-05,-7.518563373451415868e-05,-7.642354657272308594e-05,-7.766894342515929942e-05,-7.892430861247303863e-05,-8.019294117439165759e-05,-8.147899817114570889e-05,-8.278798824088698296e-05,-8.412662630044423267e-05,-8.550379190029869703e-05,-8.692941960037657372e-05,-8.841654045511379665e-05,-8.997821146234277864e-05,-9.163696886536583982e-05,-9.342629562702403688e-05,-9.544086638013036519e-05,-9.786940884339035698e-05,-1.011600272635938082e-04,-1.060274068682756632e-04,-1.136288090493973454e-04,-1.246177933969847646e-04,-1.379013542391958446e-04,-1.439690923603699523e-04,-1.186110525221416854e-04,-1.644684698168168733e-06,1.636618840641798579e-04
0.000000000000000000e+00,0.000000000000000000e+00,0.000000000000000000e+00,0.000000000000000000e+00,0.000000000000000000e+00,0.000000000000000000e+00,0.000000000000000000e+00,0.000000000000000000e+00,0.000000000000000000e+00,0.000000000000000000e+00,0.000000000000000000e+00,0.000000000000000000e+00,0.000000000000000000e+00,0.000000000000000000e+00,0.000000000000000000e+00,0.000000000000000000e+00,0.000000000000000000e+00,0.000000000000000000e+00,0.000000000000000000e+00,0.000000000000000000e+00,0.000000000000000000e+00,0.000000000000000000e+00,0.000000000000000000e+00,0.000000000000000000e+00,0.000000000000000000e+00,0.000000000000000000e+00,0.000000000000000000e+00,0.000000000000000000e+00,0.000000000000000000e+00,0.000000000000000000e+00,0.000000000000000000e+00,0.000000000000000000e+00,0.000000000000000000e+00,0.000000000000000000e+00,0.000000000000000000e+00,0.000000000000000000e+00,0.000000000000000000e+00,0.000000000000000000e+00,0.000000000000000000e+00,0.000000000000000000e+00,0.000000000000000000e+00,0.000000000000000000e+00,0.000000000000000000e+00,0.000000000000000000e+00,0.000000000000000000e+00,0.000000000000000000e+00,0.000000000000000000e+00,0.000000000000000000e+00,0.000000000000000000e+00,0.000000000000000000e+00,0.000000000000000000e+00,0.000000000000000000e+00,0.000000000000000000e+00,0.000000000000000000e+00,0.000000000000000000e+00,0.000000000000000000e+00,0.000000000000000000e+00,0.000000000000000000e+00,0.000000000000000000e+00,0.000000000000000000e+00,0.000000000000000000e+00,0.000000000000000000e+00,0.000000000000000000e+00,0.000000000000000000e+00,0.000000000000000000e+00,0.000000000000000000e+00,0.000000000000000000e+00,0.000000000000000000e+00,0.000000000000000000e+00,0.000000000000000000e+00,0.000000000000000000e+00,0.000000000000000000e+00,0.000000000000000000e+00,0.000000000000000000e+00,0.000000000000000000e+00,0.000000000000000000e+00,0.000000000000000000e+00,0.000000000000000000e+00,0.000000000000000000e+00,0.000000000000000000e+00,0.000000000000000000e+00,0.000000000000000000e+00,0.000000000000000000e+00,0.000000000000000000e+00,0.000000000000000000e+00,0.000000000000000000e+00,0.000000000000000000e+00,0.000000000000000000e+00,0.000000000000000000e+00,0.000000000000000000e+00,0.000000000000000000e+00,0.000000000000000000e+00,0.000000000000000000e+00,0.000000000000000000e+00,0.000000000000000000e+00,0.000000000000000000e+00,0.000000000000000000e+00,0.000000000000000000e+00,0.000000000000000000e+00,0.000000000000000000e+00,0.000000000000000000e+00,0.000000000000000000e+00,0.000000000000000000e+00,0.000000000000000000e+00,0.000000000000000000e+00,0.000000000000000000e+00,0.000000000000000000e+00,0.000000000000000000e+00,0.000000000000000000e+00,0.000000000000000000e+00,0.000000000000000000e+00,0.000000000000000000e+00,0.000000000000000000e+00,0.000000000000000000e+00,0.000000000000000000e+00,0.000000000000000000e+00,0.000000000000000000e+00,0.000000000000000000e+00,0.000000000000000000e+00,0.000000000000000000e+00,0.000000000000000000e+00,0.000000000000000000e+00,0.000000000000000000e+00,0.000000000000000000e+00,0.000000000000000000e+00,0.000000000000000000e+00,0.000000000000000000e+00,0.000000000000000000e+00,0.000000000000000000e+00,0.000000000000000000e+00,0.000000000000000000e+00,0.000000000000000000e+00,0.000000000000000000e+00,0.000000000000000000e+00,0.000000000000000000e+00,0.000000000000000000e+00,0.000000000000000000e+00,0.000000000000000000e+00,0.000000000000000000e+00,0.000000000000000000e+00,0.000000000000000000e+00,0.000000000000000000e+00,0.000000000000000000e+00,0.000000000000000000e+00,0.000000000000000000e+00,0.000000000000000000e+00,0.000000000000000000e+00,0.000000000000000000e+00,0.000000000000000000e+00,0.000000000000000000e+00,0.000000000000000000e+00,0.000000000000000000e+00,0.000000000000000000e+00,0.000000000000000000e+00,0.000000000000000000e+00,0.000000000000000000e+00,0.000000000000000000e+00,0.000000000000000000e+00,0.000000000000000000e+00,0.000000000000000000e+00,0.000000000000000000e+00,0.000000000000000000e+00,0.000000000000000000e+00,0.000000000000000000e+00,0.000000000000000000e+00,0.000000000000000000e+00,0.000000000000000000e+00,0.000000000000000000e+00,0.000000000000000000e+00,0.000000000000000000e+00,0.000000000000000000e+00,0.000000000000000000e+00,0.000000000000000000e+00,0.000000000000000000e+00,0.000000000000000000e+00,0.000000000000000000e+00,0.000000000000000000e+00,0.000000000000000000e+00,0.000000000000000000e+00,0.000000000000000000e+00,0.000000000000000000e+00,0.000000000000000000e+00,0.000000000000000000e+00,0.000000000000000000e+00,0.000000000000000000e+00,0.000000000000000000e+00,0.000000000000000000e+00,0.000000000000000000e+00,0.000000000000000000e+00,0.000000000000000000e+00,0.000000000000000000e+00,0.000000000000000000e+00,0.000000000000000000e+00,0.000000000000000000e+00,0.000000000000000000e+00,0.000000000000000000e+00,0.000000000000000000e+00,0.000000000000000000e+00,0.000000000000000000e+00,0.000000000000000000e+00,0.000000000000000000e+00,0.000000000000000000e+00,0.000000000000000000e+00,0.000000000000000000e+00,0.000000000000000000e+00,0.000000000000000000e+00,0.000000000000000000e+00,0.000000000000000000e+00,0.000000000000000000e+00,0.000000000000000000e+00,0.000000000000000000e+00,0.000000000000000000e+00,0.000000000000000000e+00,0.000000000000000000e+00,0.000000000000000000e+00,0.000000000000000000e+00,0.000000000000000000e+00,0.000000000000000000e+00,0.000000000000000000e+00,0.000000000000000000e+00,0.000000000000000000e+00,0.000000000000000000e+00,0.000000000000000000e+00,0.000000000000000000e+00,0.000000000000000000e+00,0.000000000000000000e+00,0.000000000000000000e+00,0.000000000000000000e+00,0.000000000000000000e+00,0.000000000000000000e+00,0.000000000000000000e+00,0.000000000000000000e+00,0.000000000000000000e+00,0.000000000000000000e+00,0.000000000000000000e+00,0.000000000000000000e+00,0.000000000000000000e+00,0.000000000000000000e+00,0.000000000000000000e+00,0.000000000000000000e+00,0.000000000000000000e+00,0.000000000000000000e+00,0.000000000000000000e+00,0.000000000000000000e+00,0.000000000000000000e+00,0.000000000000000000e+00,0.000000000000000000e+00,0.000000000000000000e+00,0.000000000000000000e+00,0.000000000000000000e+00,0.000000000000000000e+00,0.000000000000000000e+00,0.000000000000000000e+00,0.000000000000000000e+00,0.000000000000000000e+00,0.000000000000000000e+00,0.000000000000000000e+00,0.000000000000000000e+00,0.000000000000000000e+00,0.000000000000000000e+00,0.000000000000000000e+00,0.000000000000000000e+00,0.000000000000000000e+00,0.000000000000000000e+00,0.000000000000000000e+00,0.000000000000000000e+00,0.000000000000000000e+00,0.000000000000000000e+00,0.000000000000000000e+00,0.000000000000000000e+00,0.000000000000000000e+00,0.000000000000000000e+00,0.000000000000000000e+00,0.000000000000000000e+00,0.000000000000000000e+00,0.000000000000000000e+00,0.000000000000000000e+00,0.000000000000000000e+00,0.000000000000000000e+00,0.000000000000000000e+00,0.000000000000000000e+00,0.000000000000000000e+00,0.000000000000000000e+00,0.000000000000000000e+00,0.000000000000000000e+00,0.000000000000000000e+00,0.000000000000000000e+00,0.000000000000000000e+00,0.000000000000000000e+00,0.000000000000000000e+00,0.000000000000000000e+00,0.000000000000000000e+00,0.000000000000000000e+00,0.000000000000000000e+00,0.000000000000000000e+00,0.000000000000000000e+00,0.000000000000000000e+00,0.000000000000000000e+00,0.000000000000000000e+00,0.000000000000000000e+00
0.000000000000000000e+00,0.000000000000000000e+00,0.000000000000000000e+00,0.000000000000000000e+00,0.000000000000000000e+00,0.000000000000000000e+00,0.000000000000000000e+00,0.000000000000000000e+00,0.000000000000000000e+00,0.000000000000000000e+00,0.000000000000000000e+00,0.000000000000000000e+00,0.000000000000000000e+00,0.000000000000000000e+00,0.000000000000000000e+00,0.000000000000000000e+00,0.000000000000000000e+00,0.000000000000000000e+00,0.000000000000000000e+00,0.000000000000000000e+00,0.000000000000000000e+00,0.000000000000000000e+00,0.000000000000000000e+00,0.000000000000000000e+00,0.000000000000000000e+00,0.000000000000000000e+00,0.000000000000000000e+00,0.000000000000000000e+00,0.000000000000000000e+00,0.000000000000000000e+00,0.000000000000000000e+00,0.000000000000000000e+00,0.000000000000000000e+00,0.000000000000000000e+00,0.000000000000000000e+00,0.000000000000000000e+00,0.000000000000000000e+00,0.000000000000000000e+00,0.000000000000000000e+00,0.000000000000000000e+00,0.000000000000000000e+00,0.000000000000000000e+00,0.000000000000000000e+00,0.000000000000000000e+00,0.000000000000000000e+00,0.000000000000000000e+00,0.000000000000000000e+00,0.000000000000000000e+00,0.000000000000000000e+00,0.000000000000000000e+00,0.000000000000000000e+00,0.000000000000000000e+00,0.000000000000000000e+00,0.000000000000000000e+00,0.000000000000000000e+00,0.000000000000000000e+00,0.000000000000000000e+00,0.000000000000000000e+00,0.000000000000000000e+00,0.000000000000000000e+00,0.000000000000000000e+00,0.000000000000000000e+00,0.000000000000000000e+00,0.000000000000000000e+00,0.000000000000000000e+00,0.000000000000000000e+00,0.000000000000000000e+00,0.000000000000000000e+00,0.000000000000000000e+00,0.000000000000000000e+00,0.000000000000000000e+00,0.000000000000000000e+00,0.000000000000000000e+00,0.000000000000000000e+00,0.000000000000000000e+00,0.000000000000000000e+00,0.000000000000000000e+00,0.000000000000000000e+00,0.000000000000000000e+00,0.000000000000000000e+00,0.000000000000000000e+00,0.000000000000000000e+00,0.000000000000000000e+00,0.000000000000000000e+00,0.000000000000000000e+00,0.000000000000000000e+00,0.000000000000000000e+00,0.000000000000000000e+00,0.000000000000000000e+00,0.000000000000000000e+00,0.000000000000000000e+00,0.000000000000000000e+00,0.000000000000000000e+00,0.000000000000000000e+00,0.000000000000000000e+00,0.000000000000000000e+00,0.000000000000000000e+00,0.000000000000000000e+00,0.000000000000000000e+00,0.000000000000000000e+00,0.000000000000000000e+00,0.000000000000000000e+00,0.000000000000000000e+00,0.000000000000000000e+00,0.000000000000000000e+00,0.000000000000000000e+00,0.000000000000000000e+00,0.000000000000000000e+00,0.000000000000000000e+00,0.000000000000000000e+00,0.000000000000000000e+00,0.000000000000000000e+00,0.000000000000000000e+00,0.000000000000000000e+00,0.000000000000000000e+00,0.000000000000000000e+00,0.000000000000000000e+00,0.000000000000000000e+00,0.000000000000000000e+00,0.000000000000000000e+00,0.000000000000000000e+00,0.000000000000000000e+00,0.000000000000000000e+00,0.000000000000000000e+00,0.000000000000000000e+00,0.000000000000000000e+00,0.000000000000000000e+00,0.000000000000000000e+00,0.000000000000000000e+00,0.000000000000000000e+00,0.000000000000000000e+00,0.000000000000000000e+00,0.000000000000000000e+00,0.000000000000000000e+00,0.000000000000000000e+00,0.000000000000000000e+00,0.000000000000000000e+00,0.000000000000000000e+00,0.000000000000000000e+00,0.000000000000000000e+00,0.000000000000000000e+00,0.000000000000000000e+00,0.000000000000000000e+00,0.000000000000000000e+00,0.000000000000000000e+00,0.000000000000000000e+00,0.000000000000000000e+00,0.000000000000000000e+00,0.000000000000000000e+00,0.000000000000000000e+00,0.000000000000000000e+00,0.000000000000000000e+00,0.000000000000000000e+00,0.000000000000000000e+00,0.000000000000000000e+00,0.000000000000000000e+00,0.000000000000000000e+00,0.000000000000000000e+00,0.000000000000000000e+00,0.000000000000000000e+00,0.000000000000000000e+00,0.000000000000000000e+00,0.000000000000000000e+00,0.000000000000000000e+00,0.000000000000000000e+00,0.000000000000000000e+00,0.000000000000000000e+00,0.000000000000000000e+00,0.000000000000000000e+00,0.000000000000000000e+00,0.000000000000000000e+00,0.000000000000000000e+00,0.000000000000000000e+00,0.000000000000000000e+00,0.000000000000000000e+00,0.000000000000000000e+00,0.000000000000000000e+00,0.000000000000000000e+00,0.000000000000000000e+00,0.000000000000000000e+00,0.000000000000000000e+00,0.000000000000000000e+00,0.000000000000000000e+00,0.000000000000000000e+00,0.000000000000000000e+00,0.000000000000000000e+00,0.000000000000000000e+00,0.000000000000000000e+00,0.000000000000000000e+00,0.000000000000000000e+00,0.000000000000000000e+00,0.000000000000000000e+00,0.000000000000000000e+00,0.000000000000000000e+00,0.000000000000000000e+00,0.000000000000000000e+00,0.000000000000000000e+00,0.000000000000000000e+00,0.000000000000000000e+00,0.000000000000000000e+00,0.000000000000000000e+00,0.000000000000000000e+00,0.000000000000000000e+00,0.000000000000000000e+00,0.000000000000000000e+00,0.000000000000000000e+00,0.000000000000000000e+00,0.000000000000000000e+00,0.000000000000000000e+00,0.000000000000000000e+00,0.000000000000000000e+00,0.000000000000000000e+00,0.000000000000000000e+00,0.000000000000000000e+00,0.000000000000000000e+00,0.000000000000000000e+00,0.000000000000000000e+00,0.000000000000000000e+00,0.000000000000000000e+00,0.000000000000000000e+00,0.000000000000000000e+00,0.000000000000000000e+00,0.000000000000000000e+00,0.000000000000000000e+00,0.000000000000000000e+00,0.000000000000000000e+00,0.000000000000000000e+00,0.000000000000000000e+00,0.000000000000000000e+00,0.000000000000000000e+00,0.000000000000000000e+00,0.000000000000000000e+00,0.000000000000000000e+00,0.000000000000000000e+00,0.000000000000000000e+00,0.000000000000000000e+00,0.000000000000000000e+00,0.000000000000000000e+00,0.000000000000000000e+00,0.000000000000000000e+00,0.000000000000000000e+00,0.000000000000000000e+00,0.000000000000000000e+00,0.000000000000000000e+00,0.000000000000000000e+00,0.000000000000000000e+00,0.000000000000000000e+00,0.000000000000000000e+00,0.000000000000000000e+00,0.000000000000000000e+00,0.000000000000000000e+00,0.000000000000000000e+00,0.000000000000000000e+00,0.000000000000000000e+00,0.000000000000000000e+00,0.000000000000000000e+00,0.000000000000000000e+00,0.000000000000000000e+00,0.000000000000000000e+00,0.000000000000000000e+00,0.000000000000000000e+00,0.000000000000000000e+00,0.000000000000000000e+00,0.000000000000000000e+00,0.000000000000000000e+00,0.000000000000000000e+00,0.000000000000000000e+00,0.000000000000000000e+00,0.000000000000000000e+00,0.000000000000000000e+00,0.000000000000000000e+00,0.000000000000000000e+00,0.000000000000000000e+00,0.000000000000000000e+00,0.000000000000000000e+00,0.000000000000000000e+00,0.000000000000000000e+00,0.000000000000000000e+00,0.000000000000000000e+00,0.000000000000000000e+00,0.000000000000000000e+00,0.000000000000000000e+00,0.000000000000000000e+00,0.000000000000000000e+00,0.000000000000000000e+00,0.000000000000000000e+00,0.000000000000000000e+00,0.000000000000000000e+00,0.000000000000000000e+00,0.000000000000000000e+00,0.000000000000000000e+00,0.000000000000000000e+00,0.000000000000000000e+00,0.000000000000000000e+00,0.000000000000000000e+00,0.000000000000000000e+00,0.000000000000000000e+00,0.000000000000000000e+00,0.000000000000000000e+00,0.000000000000000000e+00
0.000000000000000000e+00,0.000000000000000000e+00,0.000000000000000000e+00,0.000000000000000000e+00,0.000000000000000000e+00,0.000000000000000000e+00,0.000000000000000000e+00,0.000000000000000000e+00,0.000000000000000000e+00,0.000000000000000000e+00,0.000000000000000000e+00,0.000000000000000000e+00,0.000000000000000000e+00,0.000000000000000000e+00,0.000000000000000000e+00,0.000000000000000000e+00,0.000000000000000000e+00,0.000000000000000000e+00,0.000000000000000000e+00,0.000000000000000000e+00,0.000000000000000000e+00,0.000000000000000000e+00,0.000000000000000000e+00,0.000000000000000000e+00,0.000000000000000000e+00,0.000000000000000000e+00,0.000000000000000000e+00,0.000000000000000000e+00,0.000000000000000000e+00,0.000000000000000000e+00,0.000000000000000000e+00,0.000000000000000000e+00,0.000000000000000000e+00,0.000000000000000000e+00,0.000000000000000000e+00,0.000000000000000000e+00,0.000000000000000000e+00,0.000000000000000000e+00,0.000000000000000000e+00,0.000000000000000000e+00,0.000000000000000000e+00,0.000000000000000000e+00,0.000000000000000000e+00,0.000000000000000000e+00,0.000000000000000000e+00,0.000000000000000000e+00,0.000000000000000000e+00,0.000000000000000000e+00,0.000000000000000000e+00,0.000000000000000000e+00,0.000000000000000000e+00,0.000000000000000000e+00,0.000000000000000000e+00,0.000000000000000000e+00,0.000000000000000000e+00,0.000000000000000000e+00,0.000000000000000000e+00,0.000000000000000000e+00,0.000000000000000000e+00,0.000000000000000000e+00,0.000000000000000000e+00,0.000000000000000000e+00,0.000000000000000000e+00,0.000000000000000000e+00,0.000000000000000000e+00,0.000000000000000000e+00,0.000000000000000000e+00,0.000000000000000000e+00,0.000000000000000000e+00,0.000000000000000000e+00,0.000000000000000000e+00,0.000000000000000000e+00,0.000000000000000000e+00,0.000000000000000000e+00,0.000000000000000000e+00,0.000000000000000000e+00,0.000000000000000000e+00,0.000000000000000000e+00,0.000000000000000000e+00,0.000000000000000000e+00,0.000000000000000000e+00,0.000000000000000000e+00,0.000000000000000000e+00,0.000000000000000000e+00,0.000000000000000000e+00,0.000000000000000000e+00,0.000000000000000000e+00,0.000000000000000000e+00,0.000000000000000000e+00,0.000000000000000000e+00,0.000000000000000000e+00,0.000000000000000000e+00,0.000000000000000000e+00,0.000000000000000000e+00,0.000000000000000000e+00,0.000000000000000000e+00,0.000000000000000000e+00,0.000000000000000000e+00,0.000000000000000000e+00,0.000000000000000000e+00,0.000000000000000000e+00,0.000000000000000000e+00,0.000000000000000000e+00,0.000000000000000000e+00,0.000000000000000000e+00,0.000000000000000000e+00,0.000000000000000000e+00,0.000000000000000000e+00,0.000000000000000000e+00,0.000000000000000000e+00,0.000000000000000000e+00,0.000000000000000000e+00,0.000000000000000000e+00,0.000000000000000000e+00,0.000000000000000000e+00,0.000000000000000000e+00,0.000000000000000000e+00,0.000000000000000000e+00,0.000000000000000000e+00,0.000000000000000000e+00,0.000000000000000000e+00,0.000000000000000000e+00,0.000000000000000000e+00,0.000000000000000000e+00,0.000000000000000000e+00,0.000000000000000000e+00,0.000000000000000000e+00,0.000000000000000000e+00,0.000000000000000000e+00,0.000000000000000000e+00,0.000000000000000000e+00,0.000000000000000000e+00,0.000000000000000000e+00,0.000000000000000000e+00,0.000000000000000000e+00,0.000000000000000000e+00,0.000000000000000000e+00,0.000000000000000000e+00,0.000000000000000000e+00,0.000000000000000000e+00,0.000000000000000000e+00,0.000000000000000000e+00,0.000000000000000000e+00,0.000000000000000000e+00,0.000000000000000000e+00,0.000000000000000000e+00,0.000000000000000000e+00,0.000000000000000000e+00,0.000000000000000000e+00,0.000000000000000000e+00,0.000000000000000000e+00,0.000000000000000000e+00,0.000000000000000000e+00,0.000000000000000000e+00,0.000000000000000000e+00,0.000000000000000000e+00,0.000000000000000000e+00,0.000000000000000000e+00,0.000000000000000000e+00,0.000000000000000000e+00,0.000000000000000000e+00,0.000000000000000000e+00,0.000000000000000000e+00,0.000000000000000000e+00,0.000000000000000000e+00,0.000000000000000000e+00,0.000000000000000000e+00,0.000000000000000000e+00,0.000000000000000000e+00,0.000000000000000000e+00,0.000000000000000000e+00,0.000000000000000000e+00,0.000000000000000000e+00,0.000000000000000000e+00,0.000000000000000000e+00,0.000000000000000000e+00,0.000000000000000000e+00,0.000000000000000000e+00,0.000000000000000000e+00,0.000000000000000000e+00,0.000000000000000000e+00,0.000000000000000000e+00,0.000000000000000000e+00,0.000000000000000000e+00,0.000000000000000000e+00,0.000000000000000000e+00,0.000000000000000000e+00,0.000000000000000000e+00,0.000000000000000000e+00,0.000000000000000000e+00,0.000000000000000000e+00,0.000000000000000000e+00,0.000000000000000000e+00,0.000000000000000000e+00,0.000000000000000000e+00,0.000000000000000000e+00,0.000000000000000000e+00,0.000000000000000000e+00,0.000000000000000000e+00,0.000000000000000000e+00,0.000000000000000000e+00,0.000000000000000000e+00,0.000000000000000000e+00,0.000000000000000000e+00,0.000000000000000000e+00,0.000000000000000000e+00,0.000000000000000000e+00,0.000000000000000000e+00,0.000000000000000000e+00,0.000000000000000000e+00,0.000000000000000000e+00,0.000000000000000000e+00,0.000000000000000000e+00,0.000000000000000000e+00,0.000000000000000000e+00,0.000000000000000000e+00,0.000000000000000000e+00,0.000000000000000000e+00,0.000000000000000000e+00,0.000000000000000000e+00,0.000000000000000000e+00,0.000000000000000000e+00,0.000000000000000000e+00,0.000000000000000000e+00,0.000000000000000000e+00,0.000000000000000000e+00,0.000000000000000000e+00,0.000000000000000000e+00,0.000000000000000000e+00,0.000000000000000000e+00,0.000000000000000000e+00,0.000000000000000000e+00,0.000000000000000000e+00,0.000000000000000000e+00,0.000000000000000000e+00,0.000000000000000000e+00,0.000000000000000000e+00,0.000000000000000000e+00,0.000000000000000000e+00,0.000000000000000000e+00,0.000000000000000000e+00,0.000000000000000000e+00,0.000000000000000000e+00,0.000000000000000000e+00,0.000000000000000000e+00,0.000000000000000000e+00,0.000000000000000000e+00,0.000000000000000000e+00,0.000000000000000000e+00,0.000000000000000000e+00,0.000000000000000000e+00,0.000000000000000000e+00,0.000000000000000000e+00,0.000000000000000000e+00,0.000000000000000000e+00,0.000000000000000000e+00,0.000000000000000000e+00,0.000000000000000000e+00,0.000000000000000000e+00,0.000000000000000000e+00,0.000000000000000000e+00,0.000000000000000000e+00,0.000000000000000000e+00,0.000000000000000000e+00,0.000000000000000000e+00,0.000000000000000000e+00,0.000000000000000000e+00,0.000000000000000000e+00,0.000000000000000000e+00,0.000000000000000000e+00,0.000000000000000000e+00,0.000000000000000000e+00,0.000000000000000000e+00,0.000000000000000000e+00,0.000000000000000000e+00,0.000000000000000000e+00,0.000000000000000000e+00,0.000000000000000000e+00,0.000000000000000000e+00,0.000000000000000000e+00,0.000000000000000000e+00,0.000000000000000000e+00,0.000000000000000000e+00,0.000000000000000000e+00,0.000000000000000000e+00,0.000000000000000000e+00,0.000000000000000000e+00,0.000000000000000000e+00,0.000000000000000000e+00,0.000000000000000000e+00,0.000000000000000000e+00,0.000000000000000000e+00,0.000000000000000000e+00,0.000000000000000000e+00,0.000000000000000000e+00,0.000000000000000000e+00,0.000000000000000000e+00,0.000000000000000000e+00,0.000000000000000000e+00,0.000000000000000000e+00
0.000000000000000000e+00,0.000000000000000000e+00,0.000000000000000000e+00,0.000000000000000000e+00,0.000000000000000000e+00,0.000000000000000000e+00,0.000000000000000000e+00,0.000000000000000000e+00,0.000000000000000000e+00,0.000000000000000000e+00,0.000000000000000000e+00,0.000000000000000000e+00,0.000000000000000000e+00,0.000000000000000000e+00,0.000000000000000000e+00,0.000000000000000000e+00,0.000000000000000000e+00,0.000000000000000000e+00,0.000000000000000000e+00,0.000000000000000000e+00,0.000000000000000000e+00,0.000000000000000000e+00,0.000000000000000000e+00,0.000000000000000000e+00,0.000000000000000000e+00,0.000000000000000000e+00,0.000000000000000000e+00,0.000000000000000000e+00,0.000000000000000000e+00,0.000000000000000000e+00,0.000000000000000000e+00,0.000000000000000000e+00,0.000000000000000000e+00,0.000000000000000000e+00,0.000000000000000000e+00,0.000000000000000000e+00,0.000000000000000000e+00,0.000000000000000000e+00,0.000000000000000000e+00,0.000000000000000000e+00,0.000000000000000000e+00,0.000000000000000000e+00,0.000000000000000000e+00,0.000000000000000000e+00,0.000000000000000000e+00,0.000000000000000000e+00,0.000000000000000000e+00,0.000000000000000000e+00,0.000000000000000000e+00,0.000000000000000000e+00,0.000000000000000000e+00,0.000000000000000000e+00,0.000000000000000000e+00,0.000000000000000000e+00,0.000000000000000000e+00,0.000000000000000000e+00,0.000000000000000000e+00,0.000000000000000000e+00,0.000000000000000000e+00,0.000000000000000000e+00,0.000000000000000000e+00,0.000000000000000000e+00,0.000000000000000000e+00,0.000000000000000000e+00,0.000000000000000000e+00,0.000000000000000000e+00,0.000000000000000000e+00,0.000000000000000000e+00,0.000000000000000000e+00,0.000000000000000000e+00,0.000000000000000000e+00,0.000000000000000000e+00,0.000000000000000000e+00,0.000000000000000000e+00,0.000000000000000000e+00,0.000000000000000000e+00,0.000000000000000000e+00,0.000000000000000000e+00,0.000000000000000000e+00,0.000000000000000000e+00,0.000000000000000000e+00,0.000000000000000000e+00,0.000000000000000000e+00,0.000000000000000000e+00,0.000000000000000000e+00,0.000000000000000000e+00,0.000000000000000000e+00,0.000000000000000000e+00,0.000000000000000000e+00,0.000000000000000000e+00,0.000000000000000000e+00,0.000000000000000000e+00,0.000000000000000000e+00,0.000000000000000000e+00,0.000000000000000000e+00,0.000000000000000000e+00,0.000000000000000000e+00,0.000000000000000000e+00,0.000000000000000000e+00,0.000000000000000000e+00,0.000000000000000000e+00,0.000000000000000000e+00,0.000000000000000000e+00,0.000000000000000000e+00,0.000000000000000000e+00,0.000000000000000000e+00,0.000000000000000000e+00,0.000000000000000000e+00,0.000000000000000000e+00,0.000000000000000000e+00,0.000000000000000000e+00,0.000000000000000000e+00,0.000000000000000000e+00,0.000000000000000000e+00,0.000000000000000000e+00,0.000000000000000000e+00,0.000000000000000000e+00,0.000000000000000000e+00,0.000000000000000000e+00,0.000000000000000000e+00,0.000000000000000000e+00,0.000000000000000000e+00,0.000000000000000000e+00,0.000000000000000000e+00,0.000000000000000000e+00,0.000000000000000000e+00,0.000000000000000000e+00,0.000000000000000000e+00,0.000000000000000000e+00,0.000000000000000000e+00,0.000000000000000000e+00,0.000000000000000000e+00,0.000000000000000000e+00,0.000000000000000000e+00,0.000000000000000000e+00,0.000000000000000000e+00,0.000000000000000000e+00,0.000000000000000000e+00,0.000000000000000000e+00,0.000000000000000000e+00,0.000000000000000000e+00,0.000000000000000000e+00,0.000000000000000000e+00,0.000000000000000000e+00,0.000000000000000000e+00,0.000000000000000000e+00,0.000000000000000000e+00,0.000000000000000000e+00,0.000000000000000000e+00,0.000000000000000000e+00,0.000000000000000000e+00,0.000000000000000000e+00,0.000000000000000000e+00,0.000000000000000000e+00,0.000000000000000000e+00,0.000000000000000000e+00,0.000000000000000000e+00,0.000000000000000000e+00,0.000000000000000000e+00,0.000000000000000000e+00,0.000000000000000000e+00,0.000000000000000000e+00,0.000000000000000000e+00,0.000000000000000000e+00,0.000000000000000000e+00,0.000000000000000000e+00,0.000000000000000000e+00,0.000000000000000000e+00,0.000000000000000000e+00,0.000000000000000000e+00,0.000000000000000000e+00,0.000000000000000000e+00,0.000000000000000000e+00,0.000000000000000000e+00,0.000000000000000000e+00,0.000000000000000000e+00,0.000000000000000000e+00,0.000000000000000000e+00,0.000000000000000000e+00,0.000000000000000000e+00,0.000000000000000000e+00,0.000000000000000000e+00,0.000000000000000000e+00,0.000000000000000000e+00,0.000000000000000000e+00,0.000000000000000000e+00,0.000000000000000000e+00,0.000000000000000000e+00,0.000000000000000000e+00,0.000000000000000000e+00,0.000000000000000000e+00,0.000000000000000000e+00,0.000000000000000000e+00,0.000000000000000000e+00,0.000000000000000000e+00,0.000000000000000000e+00,0.000000000000000000e+00,0.000000000000000000e+00,0.000000000000000000e+00,0.000000000000000000e+00,0.000000000000000000e+00,0.000000000000000000e+00,0.000000000000000000e+00,0.000000000000000000e+00,0.000000000000000000e+00,0.000000000000000000e+00,0.000000000000000000e+00,0.000000000000000000e+00,0.000000000000000000e+00,0.000000000000000000e+00,0.000000000000000000e+00,0.000000000000000000e+00,0.000000000000000000e+00,0.000000000000000000e+00,0.000000000000000000e+00,0.000000000000000000e+00,0.000000000000000000e+00,0.000000000000000000e+00,0.000000000000000000e+00,0.000000000000000000e+00,0.000000000000000000e+00,0.000000000000000000e+00,0.000000000000000000e+00,0.000000000000000000e+00,0.000000000000000000e+00,0.000000000000000000e+00,0.000000000000000000e+00,0.000000000000000000e+00,0.000000000000000000e+00,0.000000000000000000e+00,0.000000000000000000e+00,0.000000000000000000e+00,0.000000000000000000e+00,0.000000000000000000e+00,0.000000000000000000e+00,0.000000000000000000e+00,0.000000000000000000e+00,0.000000000000000000e+00,0.000000000000000000e+00,0.000000000000000000e+00,0.000000000000000000e+00,0.000000000000000000e+00,0.000000000000000000e+00,0.000000000000000000e+00,0.000000000000000000e+00,0.000000000000000000e+00,0.000000000000000000e+00,0.000000000000000000e+00,0.000000000000000000e+00,0.000000000000000000e+00,0.000000000000000000e+00,0.000000000000000000e+00,0.000000000000000000e+00,0.000000000000000000e+00,0.000000000000000000e+00,0.000000000000000000e+00,0.000000000000000000e+00,0.000000000000000000e+00,0.000000000000000000e+00,0.000000000000000000e+00,0.000000000000000000e+00,0.000000000000000000e+00,0.000000000000000000e+00,0.000000000000000000e+00,0.000000000000000000e+00,0.000000000000000000e+00,0.000000000000000000e+00,0.000000000000000000e+00,0.000000000000000000e+00,0.000000000000000000e+00,0.000000000000000000e+00,0.000000000000000000e+00,0.000000000000000000e+00,0.000000000000000000e+00,0.000000000000000000e+00,0.000000000000000000e+00,0.000000000000000000e+00,0.000000000000000000e+00,0.000000000000000000e+00,0.000000000000000000e+00,0.000000000000000000e+00,0.000000000000000000e+00,0.000000000000000000e+00,0.000000000000000000e+00,0.000000000000000000e+00,0.000000000000000000e+00,0.000000000000000000e+00,0.000000000000000000e+00,0.000000000000000000e+00,0.000000000000000000e+00,0.000000000000000000e+00,0.000000000000000000e+00,0.000000000000000000e+00,0.000000000000000000e+00,0.000000000000000000e+00,0.000000000000000000e+00,0.000000000000000000e+00,0.000000000000000000e+00,0.000000000000000000e+00,0.000000000000000000e+00
0.000000000000000000e+00,0.000000000000000000e+00,0.000000000000000000e+00,0.000000000000000000e+00,0.000000000000000000e+00,0.000000000000000000e+00,0.000000000000000000e+00,0.000000000000000000e+00,0.000000000000000000e+00,0.000000000000000000e+00,0.000000000000000000e+00,0.000000000000000000e+00,0.000000000000000000e+00,0.000000000000000000e+00,0.000000000000000000e+00,0.000000000000000000e+00,0.000000000000000000e+00,0.000000000000000000e+00,0.000000000000000000e+00,0.000000000000000000e+00,0.000000000000000000e+00,0.000000000000000000e+00,0.000000000000000000e+00,0.000000000000000000e+00,0.000000000000000000e+00,0.000000000000000000e+00,0.000000000000000000e+00,0.000000000000000000e+00,0.000000000000000000e+00,0.000000000000000000e+00,0.000000000000000000e+00,0.000000000000000000e+00,0.000000000000000000e+00,0.000000000000000000e+00,0.000000000000000000e+00,0.000000000000000000e+00,0.000000000000000000e+00,0.000000000000000000e+00,0.000000000000000000e+00,0.000000000000000000e+00,0.000000000000000000e+00,0.000000000000000000e+00,0.000000000000000000e+00,0.000000000000000000e+00,0.000000000000000000e+00,0.000000000000000000e+00,0.000000000000000000e+00,0.000000000000000000e+00,0.000000000000000000e+00,0.000000000000000000e+00,0.000000000000000000e+00,0.000000000000000000e+00,0.000000000000000000e+00,0.000000000000000000e+00,0.000000000000000000e+00,0.000000000000000000e+00,0.000000000000000000e+00,0.000000000000000000e+00,0.000000000000000000e+00,0.000000000000000000e+00,0.000000000000000000e+00,0.000000000000000000e+00,0.000000000000000000e+00,0.000000000000000000e+00,0.000000000000000000e+00,0.000000000000000000e+00,0.000000000000000000e+00,0.000000000000000000e+00,0.000000000000000000e+00,0.000000000000000000e+00,0.000000000000000000e+00,0.000000000000000000e+00,0.000000000000000000e+00,0.000000000000000000e+00,0.000000000000000000e+00,0.000000000000000000e+00,0.000000000000000000e+00,0.000000000000000000e+00,0.000000000000000000e+00,0.000000000000000000e+00,0.000000000000000000e+00,0.000000000000000000e+00,0.000000000000000000e+00,0.000000000000000000e+00,0.000000000000000000e+00,0.000000000000000000e+00,0.000000000000000000e+00,0.000000000000000000e+00,0.000000000000000000e+00,0.000000000000000000e+00,0.000000000000000000e+00,0.000000000000000000e+00,0.000000000000000000e+00,0.000000000000000000e+00,0.000000000000000000e+00,0.000000000000000000e+00,0.000000000000000000e+00,0.000000000000000000e+00,0.000000000000000000e+00,0.000000000000000000e+00,0.000000000000000000e+00,0.000000000000000000e+00,0.000000000000000000e+00,0.000000000000000000e+00,0.000000000000000000e+00,0.000000000000000000e+00,0.000000000000000000e+00,0.000000000000000000e+00,0.000000000000000000e+00,0.000000000000000000e+00,0.000000000000000000e+00,0.000000000000000000e+00,0.000000000000000000e+00,0.000000000000000000e+00,0.000000000000000000e+00,0.000000000000000000e+00,0.000000000000000000e+00,0.000000000000000000e+00,0.000000000000000000e+00,0.000000000000000000e+00,0.000000000000000000e+00,0.000000000000000000e+00,0.000000000000000000e+00,0.000000000000000000e+00,0.000000000000000000e+00,0.000000000000000000e+00,0.000000000000000000e+00,0.000000000000000000e+00,0.000000000000000000e+00,0.000000000000000000e+00,0.000000000000000000e+00,0.000000000000000000e+00,0.000000000000000000e+00,0.000000000000000000e+00,0.000000000000000000e+00,0.000000000000000000e+00,0.000000000000000000e+00,0.000000000000000000e+00,0.000000000000000000e+00,0.000000000000000000e+00,0.000000000000000000e+00,0.000000000000000000e+00,0.000000000000000000e+00,0.000000000000000000e+00,0.000000000000000000e+00,0.000000000000000000e+00,0.000000000000000000e+00,0.000000000000000000e+00,0.000000000000000000e+00,0.000000000000000000e+00,0.000000000000000000e+00,0.000000000000000000e+00,0.000000000000000000e+00,0.000000000000000000e+00,0.000000000000000000e+00,0.000000000000000000e+00,0.000000000000000000e+00,0.000000000000000000e+00,0.000000000000000000e+00,0.000000000000000000e+00,0.000000000000000000e+00,0.000000000000000000e+00,0.000000000000000000e+00,0.000000000000000000e+00,0.000000000000000000e+00,0.000000000000000000e+00,0.000000000000000000e+00,0.000000000000000000e+00,0.000000000000000000e+00,0.000000000000000000e+00,0.000000000000000000e+00,0.000000000000000000e+00,0.000000000000000000e+00,0.000000000000000000e+00,0.000000000000000000e+00,0.000000000000000000e+00,0.000000000000000000e+00,0.000000000000000000e+00,0.000000000000000000e+00,0.000000000000000000e+00,0.000000000000000000e+00,0.000000000000000000e+00,0.000000000000000000e+00,0.000000000000000000e+00,0.000000000000000000e+00,0.000000000000000000e+00,0.000000000000000000e+00,0.000000000000000000e+00,0.000000000000000000e+00,0.000000000000000000e+00,0.000000000000000000e+00,0.000000000000000000e+00,0.000000000000000000e+00,0.000000000000000000e+00,0.000000000000000000e+00,0.000000000000000000e+00,0.000000000000000000e+00,0.000000000000000000e+00,0.000000000000000000e+00,0.000000000000000000e+00,0.000000000000000000e+00,0.000000000000000000e+00,0.000000000000000000e+00,0.000000000000000000e+00,0.000000000000000000e+00,0.000000000000000000e+00,0.000000000000000000e+00,0.000000000000000000e+00,0.000000000000000000e+00,0.000000000000000000e+00,0.000000000000000000e+00,0.000000000000000000e+00,0.000000000000000000e+00,0.000000000000000000e+00,0.000000000000000000e+00,0.000000000000000000e+00,0.000000000000000000e+00,0.000000000000000000e+00,0.000000000000000000e+00,0.000000000000000000e+00,0.000000000000000000e+00,0.000000000000000000e+00,0.000000000000000000e+00,0.000000000000000000e+00,0.000000000000000000e+00,0.000000000000000000e+00,0.000000000000000000e+00,0.000000000000000000e+00,0.000000000000000000e+00,0.000000000000000000e+00,0.000000000000000000e+00,0.000000000000000000e+00,0.000000000000000000e+00,0.000000000000000000e+00,0.000000000000000000e+00,0.000000000000000000e+00,0.000000000000000000e+00,0.000000000000000000e+00,0.000000000000000000e+00,0.000000000000000000e+00,0.000000000000000000e+00,0.000000000000000000e+00,0.000000000000000000e+00,0.000000000000000000e+00,0.000000000000000000e+00,0.000000000000000000e+00,0.000000000000000000e+00,0.000000000000000000e+00,0.000000000000000000e+00,0.000000000000000000e+00,0.000000000000000000e+00,0.000000000000000000e+00,0.000000000000000000e+00,0.000000000000000000e+00,0.000000000000000000e+00,0.000000000000000000e+00,0.000000000000000000e+00,0.000000000000000000e+00,0.000000000000000000e+00,0.000000000000000000e+00,0.000000000000000000e+00,0.000000000000000000e+00,0.000000000000000000e+00,0.000000000000000000e+00,0.000000000000000000e+00,0.000000000000000000e+00,0.000000000000000000e+00,0.000000000000000000e+00,0.000000000000000000e+00,0.000000000000000000e+00,0.000000000000000000e+00,0.000000000000000000e+00,0.000000000000000000e+00,0.000000000000000000e+00,0.000000000000000000e+00,0.000000000000000000e+00,0.000000000000000000e+00,0.000000000000000000e+00,0.000000000000000000e+00,0.000000000000000000e+00,0.000000000000000000e+00,0.000000000000000000e+00,0.000000000000000000e+00,0.000000000000000000e+00,0.000000000000000000e+00,0.000000000000000000e+00,0.000000000000000000e+00,0.000000000000000000e+00,0.000000000000000000e+00,0.000000000000000000e+00,0.000000000000000000e+00,0.000000000000000000e+00,0.000000000000000000e+00,0.000000000000000000e+00,0.000000000000000000e+00,0.000000000000000000e+00,0.000000000000000000e+00,0.000000000000000000e+00,0.000000000000000000e+00,0.000000000000000000e+00
0.000000000000000000e+00,0.000000000000000000e+00,0.000000000000000000e+00,0.000000000000000000e+00,0.000000000000000000e+00,0.000000000000000000e+00,0.000000000000000000e+00,0.000000000000000000e+00,0.000000000000000000e+00,0.000000000000000000e+00,0.000000000000000000e+00,0.000000000000000000e+00,0.000000000000000000e+00,0.000000000000000000e+00,0.000000000000000000e+00,0.000000000000000000e+00,0.000000000000000000e+00,0.000000000000000000e+00,0.000000000000000000e+00,0.000000000000000000e+00,0.000000000000000000e+00,0.000000000000000000e+00,0.000000000000000000e+00,0.000000000000000000e+00,0.000000000000000000e+00,0.000000000000000000e+00,0.000000000000000000e+00,0.000000000000000000e+00,0.000000000000000000e+00,0.000000000000000000e+00,0.000000000000000000e+00,0.000000000000000000e+00,0.000000000000000000e+00,0.000000000000000000e+00,0.000000000000000000e+00,0.000000000000000000e+00,0.000000000000000000e+00,0.000000000000000000e+00,0.000000000000000000e+00,0.000000000000000000e+00,0.000000000000000000e+00,0.000000000000000000e+00,0.000000000000000000e+00,0.000000000000000000e+00,0.000000000000000000e+00,0.000000000000000000e+00,0.000000000000000000e+00,0.000000000000000000e+00,0.000000000000000000e+00,0.000000000000000000e+00,0.000000000000000000e+00,0.000000000000000000e+00,0.000000000000000000e+00,0.000000000000000000e+00,0.000000000000000000e+00,0.000000000000000000e+00,0.000000000000000000e+00,0.000000000000000000e+00,0.000000000000000000e+00,0.000000000000000000e+00,0.000000000000000000e+00,0.000000000000000000e+00,0.000000000000000000e+00,0.000000000000000000e+00,0.000000000000000000e+00,0.000000000000000000e+00,0.000000000000000000e+00,0.000000000000000000e+00,0.000000000000000000e+00,0.000000000000000000e+00,0.000000000000000000e+00,0.000000000000000000e+00,0.000000000000000000e+00,0.000000000000000000e+00,0.000000000000000000e+00,0.000000000000000000e+00,0.000000000000000000e+00,0.000000000000000000e+00,0.000000000000000000e+00,0.000000000000000000e+00,0.000000000000000000e+00,0.000000000000000000e+00,0.000000000000000000e+00,0.000000000000000000e+00,0.000000000000000000e+00,0.000000000000000000e+00,0.000000000000000000e+00,0.000000000000000000e+00,0.000000000000000000e+00,0.000000000000000000e+00,0.000000000000000000e+00,0.000000000000000000e+00,0.000000000000000000e+00,0.000000000000000000e+00,0.000000000000000000e+00,0.000000000000000000e+00,0.000000000000000000e+00,0.000000000000000000e+00,0.000000000000000000e+00,0.000000000000000000e+00,0.000000000000000000e+00,0.000000000000000000e+00,0.000000000000000000e+00,0.000000000000000000e+00,0.000000000000000000e+00,0.000000000000000000e+00,0.000000000000000000e+00,0.000000000000000000e+00,0.000000000000000000e+00,0.000000000000000000e+00,0.000000000000000000e+00,0.000000000000000000e+00,0.000000000000000000e+00,0.000000000000000000e+00,0.000000000000000000e+00,0.000000000000000000e+00,0.000000000000000000e+00,0.000000000000000000e+00,0.000000000000000000e+00,0.000000000000000000e+00,0.000000000000000000e+00,0.000000000000000000e+00,0.000000000000000000e+00,0.000000000000000000e+00,0.000000000000000000e+00,0.000000000000000000e+00,0.000000000000000000e+00,0.000000000000000000e+00,0.000000000000000000e+00,0.000000000000000000e+00,0.000000000000000000e+00,0.000000000000000000e+00,0.000000000000000000e+00,0.000000000000000000e+00,0.000000000000000000e+00,0.000000000000000000e+00,0.000000000000000000e+00,0.000000000000000000e+00,0.000000000000000000e+00,0.000000000000000000e+00,0.000000000000000000e+00,0.000000000000000000e+00,0.000000000000000000e+00,0.000000000000000000e+00,0.000000000000000000e+00,0.000000000000000000e+00,0.000000000000000000e+00,0.000000000000000000e+00,0.000000000000000000e+00,0.000000000000000000e+00,0.000000000000000000e+00,0.000000000000000000e+00,0.000000000000000000e+00,0.000000000000000000e+00,0.000000000000000000e+00,0.000000000000000000e+00,0.000000000000000000e+00,0.000000000000000000e+00,0.000000000000000000e+00,0.000000000000000000e+00,0.000000000000000000e+00,0.000000000000000000e+00,0.000000000000000000e+00,0.000000000000000000e+00,0.000000000000000000e+00,0.000000000000000000e+00,0.000000000000000000e+00,0.000000000000000000e+00,0.000000000000000000e+00,0.000000000000000000e+00,0.000000000000000000e+00,0.000000000000000000e+00,0.000000000000000000e+00,0.000000000000000000e+00,0.000000000000000000e+00,0.000000000000000000e+00,0.000000000000000000e+00,0.000000000000000000e+00,0.000000000000000000e+00,0.000000000000000000e+00,0.000000000000000000e+00,0.000000000000000000e+00,0.000000000000000000e+00,0.000000000000000000e+00,0.000000000000000000e+00,0.000000000000000000e+00,0.000000000000000000e+00,0.000000000000000000e+00,0.000000000000000000e+00,0.000000000000000000e+00,0.000000000000000000e+00,0.000000000000000000e+00,0.000000000000000000e+00,0.000000000000000000e+00,0.000000000000000000e+00,0.000000000000000000e+00,0.000000000000000000e+00,0.000000000000000000e+00,0.000000000000000000e+00,0.000000000000000000e+00,0.000000000000000000e+00,0.000000000000000000e+00,0.000000000000000000e+00,0.000000000000000000e+00,0.000000000000000000e+00,0.000000000000000000e+00,0.000000000000000000e+00,0.000000000000000000e+00,0.000000000000000000e+00,0.000000000000000000e+00,0.000000000000000000e+00,0.000000000000000000e+00,0.000000000000000000e+00,0.000000000000000000e+00,0.000000000000000000e+00,0.000000000000000000e+00,0.000000000000000000e+00,0.000000000000000000e+00,0.000000000000000000e+00,0.000000000000000000e+00,0.000000000000000000e+00,0.000000000000000000e+00,0.000000000000000000e+00,0.000000000000000000e+00,0.000000000000000000e+00,0.000000000000000000e+00,0.000000000000000000e+00,0.000000000000000000e+00,0.000000000000000000e+00,0.000000000000000000e+00,0.000000000000000000e+00,0.000000000000000000e+00,0.000000000000000000e+00,0.000000000000000000e+00,0.000000000000000000e+00,0.000000000000000000e+00,0.000000000000000000e+00,0.000000000000000000e+00,0.000000000000000000e+00,0.000000000000000000e+00,0.000000000000000000e+00,0.000000000000000000e+00,0.000000000000000000e+00,0.000000000000000000e+00,0.000000000000000000e+00,0.000000000000000000e+00,0.000000000000000000e+00,0.000000000000000000e+00,0.000000000000000000e+00,0.000000000000000000e+00,0.000000000000000000e+00,0.000000000000000000e+00,0.000000000000000000e+00,0.000000000000000000e+00,0.000000000000000000e+00,0.000000000000000000e+00,0.000000000000000000e+00,0.000000000000000000e+00,0.000000000000000000e+00,0.000000000000000000e+00,0.000000000000000000e+00,0.000000000000000000e+00,0.000000000000000000e+00,0.000000000000000000e+00,0.000000000000000000e+00,0.000000000000000000e+00,0.000000000000000000e+00,0.000000000000000000e+00,0.000000000000000000e+00,0.000000000000000000e+00,0.000000000000000000e+00,0.000000000000000000e+00,0.000000000000000000e+00,0.000000000000000000e+00,0.000000000000000000e+00,0.000000000000000000e+00,0.000000000000000000e+00,0.000000000000000000e+00,0.000000000000000000e+00,0.000000000000000000e+00,0.000000000000000000e+00,0.000000000000000000e+00,0.000000000000000000e+00,0.000000000000000000e+00,0.000000000000000000e+00,0.000000000000000000e+00,0.000000000000000000e+00,0.000000000000000000e+00,0.000000000000000000e+00,0.000000000000000000e+00,0.000000000000000000e+00,0.000000000000000000e+00,0.000000000000000000e+00,0.000000000000000000e+00,0.000000000000000000e+00,0.000000000000000000e+00,0.000000000000000000e+00,0.000000000000000000e+00,0.000000000000000000e+00,0.000000000000000000e+00
0.000000000000000000e+00,0.000000000000000000e+00,0.000000000000000000e+00,0.000000000000000000e+00,0.000000000000000000e+00,0.000000000000000000e+00,0.000000000000000000e+00,0.000000000000000000e+00,0.000000000000000000e+00,0.000000000000000000e+00,0.000000000000000000e+00,0.000000000000000000e+00,0.000000000000000000e+00,0.000000000000000000e+00,0.000000000000000000e+00,0.000000000000000000e+00,0.000000000000000000e+00,0.000000000000000000e+00,0.000000000000000000e+00,0.000000000000000000e+00,0.000000000000000000e+00,0.000000000000000000e+00,0.000000000000000000e+00,0.000000000000000000e+00,0.000000000000000000e+00,0.000000000000000000e+00,0.000000000000000000e+00,0.000000000000000000e+00,0.000000000000000000e+00,0.000000000000000000e+00,0.000000000000000000e+00,0.000000000000000000e+00,0.000000000000000000e+00,0.000000000000000000e+00,0.000000000000000000e+00,0.000000000000000000e+00,0.000000000000000000e+00,0.000000000000000000e+00,0.000000000000000000e+00,0.000000000000000000e+00,0.000000000000000000e+00,0.000000000000000000e+00,0.000000000000000000e+00,0.000000000000000000e+00,0.000000000000000000e+00,0.000000000000000000e+00,0.000000000000000000e+00,0.000000000000000000e+00,0.000000000000000000e+00,0.000000000000000000e+00,0.000000000000000000e+00,0.000000000000000000e+00,0.000000000000000000e+00,0.000000000000000000e+00,0.000000000000000000e+00,0.000000000000000000e+00,0.000000000000000000e+00,0.000000000000000000e+00,0.000000000000000000e+00,0.000000000000000000e+00,0.000000000000000000e+00,0.000000000000000000e+00,0.000000000000000000e+00,0.000000000000000000e+00,0.000000000000000000e+00,0.000000000000000000e+00,0.000000000000000000e+00,0.000000000000000000e+00,0.000000000000000000e+00,0.000000000000000000e+00,0.000000000000000000e+00,0.000000000000000000e+00,0.000000000000000000e+00,0.000000000000000000e+00,0.000000000000000000e+00,0.000000000000000000e+00,0.000000000000000000e+00,0.000000000000000000e+00,0.000000000000000000e+00,0.000000000000000000e+00,0.000000000000000000e+00,0.000000000000000000e+00,0.000000000000000000e+00,0.000000000000000000e+00,0.000000000000000000e+00,0.000000000000000000e+00,0.000000000000000000e+00,0.000000000000000000e+00,0.000000000000000000e+00,0.000000000000000000e+00,0.000000000000000000e+00,0.000000000000000000e+00,0.000000000000000000e+00,0.000000000000000000e+00,0.000000000000000000e+00,0.000000000000000000e+00,0.000000000000000000e+00,0.000000000000000000e+00,0.000000000000000000e+00,0.000000000000000000e+00,0.000000000000000000e+00,0.000000000000000000e+00,0.000000000000000000e+00,0.000000000000000000e+00,0.000000000000000000e+00,0.000000000000000000e+00,0.000000000000000000e+00,0.000000000000000000e+00,0.000000000000000000e+00,0.000000000000000000e+00,0.000000000000000000e+00,0.000000000000000000e+00,0.000000000000000000e+00,0.000000000000000000e+00,0.000000000000000000e+00,0.000000000000000000e+00,0.000000000000000000e+00,0.000000000000000000e+00,0.000000000000000000e+00,0.000000000000000000e+00,0.000000000000000000e+00,0.000000000000000000e+00,0.000000000000000000e+00,0.000000000000000000e+00,0.000000000000000000e+00,0.000000000000000000e+00,0.000000000000000000e+00,0.000000000000000000e+00,0.000000000000000000e+00,0.000000000000000000e+00,0.000000000000000000e+00,0.000000000000000000e+00,0.000000000000000000e+00,0.000000000000000000e+00,0.000000000000000000e+00,0.000000000000000000e+00,0.000000000000000000e+00,0.000000000000000000e+00,0.000000000000000000e+00,0.000000000000000000e+00,0.000000000000000000e+00,0.000000000000000000e+00,0.000000000000000000e+00,0.000000000000000000e+00,0.000000000000000000e+00,0.000000000000000000e+00,0.000000000000000000e+00,0.000000000000000000e+00,0.000000000000000000e+00,0.000000000000000000e+00,0.000000000000000000e+00,0.000000000000000000e+00,0.000000000000000000e+00,0.000000000000000000e+00,0.000000000000000000e+00,0.000000000000000000e+00,0.000000000000000000e+00,0.000000000000000000e+00,0.000000000000000000e+00,0.000000000000000000e+00,0.000000000000000000e+00,0.000000000000000000e+00,0.000000000000000000e+00,0.000000000000000000e+00,0.000000000000000000e+00,0.000000000000000000e+00,0.000000000000000000e+00,0.000000000000000000e+00,0.000000000000000000e+00,0.000000000000000000e+00,0.000000000000000000e+00,0.000000000000000000e+00,0.000000000000000000e+00,0.000000000000000000e+00,0.000000000000000000e+00,0.000000000000000000e+00,0.000000000000000000e+00,0.000000000000000000e+00,0.000000000000000000e+00,0.000000000000000000e+00,0.000000000000000000e+00,0.000000000000000000e+00,0.000000000000000000e+00,0.000000000000000000e+00,0.000000000000000000e+00,0.000000000000000000e+00,0.000000000000000000e+00,0.000000000000000000e+00,0.000000000000000000e+00,0.000000000000000000e+00,0.000000000000000000e+00,0.000000000000000000e+00,0.000000000000000000e+00,0.000000000000000000e+00,0.000000000000000000e+00,0.000000000000000000e+00,0.000000000000000000e+00,0.000000000000000000e+00,0.000000000000000000e+00,0.000000000000000000e+00,0.000000000000000000e+00,0.000000000000000000e+00,0.000000000000000000e+00,0.000000000000000000e+00,0.000000000000000000e+00,0.000000000000000000e+00,0.000000000000000000e+00,0.000000000000000000e+00,0.000000000000000000e+00,0.000000000000000000e+00,0.000000000000000000e+00,0.000000000000000000e+00,0.000000000000000000e+00,0.000000000000000000e+00,0.000000000000000000e+00,0.000000000000000000e+00,0.000000000000000000e+00,0.000000000000000000e+00,0.000000000000000000e+00,0.000000000000000000e+00,0.000000000000000000e+00,0.000000000000000000e+00,0.000000000000000000e+00,0.000000000000000000e+00,0.000000000000000000e+00,0.000000000000000000e+00,0.000000000000000000e+00,0.000000000000000000e+00,0.000000000000000000e+00,0.000000000000000000e+00,0.000000000000000000e+00,0.000000000000000000e+00,0.000000000000000000e+00,0.000000000000000000e+00,0.000000000000000000e+00,0.000000000000000000e+00,0.000000000000000000e+00,0.000000000000000000e+00,0.000000000000000000e+00,0.000000000000000000e+00,0.000000000000000000e+00,0.000000000000000000e+00,0.000000000000000000e+00,0.000000000000000000e+00,0.000000000000000000e+00,0.000000000000000000e+00,0.000000000000000000e+00,0.000000000000000000e+00,0.000000000000000000e+00,0.000000000000000000e+00,0.000000000000000000e+00,0.000000000000000000e+00,0.000000000000000000e+00,0.000000000000000000e+00,0.000000000000000000e+00,0.000000000000000000e+00,0.000000000000000000e+00,0.000000000000000000e+00,0.000000000000000000e+00,0.000000000000000000e+00,0.000000000000000000e+00,0.000000000000000000e+00,0.000000000000000000e+00,0.000000000000000000e+00,0.000000000000000000e+00,0.000000000000000000e+00,0.000000000000000000e+00,0.000000000000000000e+00,0.000000000000000000e+00,0.000000000000000000e+00,0.000000000000000000e+00,0.000000000000000000e+00,0.000000000000000000e+00,0.000000000000000000e+00,0.000000000000000000e+00,0.000000000000000000e+00,0.000000000000000000e+00,0.000000000000000000e+00,0.000000000000000000e+00,0.000000000000000000e+00,0.000000000000000000e+00,0.000000000000000000e+00,0.000000000000000000e+00,0.000000000000000000e+00,0.000000000000000000e+00,0.000000000000000000e+00,0.000000000000000000e+00,0.000000000000000000e+00,0.000000000000000000e+00,0.000000000000000000e+00,0.000000000000000000e+00,0.000000000000000000e+00,0.000000000000000000e+00,0.000000000000000000e+00,0.000000000000000000e+00,0.000000000000000000e+00,0.000000000000000000e+00,0.000000000000000000e+00,0.000000000000000000e+00,0.000000000000000000e+00
0.000000000000000000e+00,0.000000000000000000e+00,0.000000000000000000e+00,0.000000000000000000e+00,0.000000000000000000e+00,0.000000000000000000e+00,0.000000000000000000e+00,0.000000000000000000e+00,0.000000000000000000e+00,0.000000000000000000e+00,0.000000000000000000e+00,0.000000000000000000e+00,0.000000000000000000e+00,0.000000000000000000e+00,0.000000000000000000e+00,0.000000000000000000e+00,0.000000000000000000e+00,0.000000000000000000e+00,0.000000000000000000e+00,0.000000000000000000e+00,0.000000000000000000e+00,0.000000000000000000e+00,0.000000000000000000e+00,0.000000000000000000e+00,0.000000000000000000e+00,0.000000000000000000e+00,0.000000000000000000e+00,0.000000000000000000e+00,0.000000000000000000e+00,0.000000000000000000e+00,0.000000000000000000e+00,0.000000000000000000e+00,0.000000000000000000e+00,0.000000000000000000e+00,0.000000000000000000e+00,0.000000000000000000e+00,0.000000000000000000e+00,0.000000000000000000e+00,0.000000000000000000e+00,0.000000000000000000e+00,0.000000000000000000e+00,0.000000000000000000e+00,0.000000000000000000e+00,0.000000000000000000e+00,0.000000000000000000e+00,0.000000000000000000e+00,0.000000000000000000e+00,0.000000000000000000e+00,0.000000000000000000e+00,0.000000000000000000e+00,0.000000000000000000e+00,0.000000000000000000e+00,0.000000000000000000e+00,0.000000000000000000e+00,0.000000000000000000e+00,0.000000000000000000e+00,0.000000000000000000e+00,0.000000000000000000e+00,0.000000000000000000e+00,0.000000000000000000e+00,0.000000000000000000e+00,0.000000000000000000e+00,0.000000000000000000e+00,0.000000000000000000e+00,0.000000000000000000e+00,0.000000000000000000e+00,0.000000000000000000e+00,0.000000000000000000e+00,0.000000000000000000e+00,0.000000000000000000e+00,0.000000000000000000e+00,0.000000000000000000e+00,0.000000000000000000e+00,0.000000000000000000e+00,0.000000000000000000e+00,0.000000000000000000e+00,0.000000000000000000e+00,0.000000000000000000e+00,0.000000000000000000e+00,0.000000000000000000e+00,0.000000000000000000e+00,0.000000000000000000e+00,0.000000000000000000e+00,0.000000000000000000e+00,0.000000000000000000e+00,0.000000000000000000e+00,0.000000000000000000e+00,0.000000000000000000e+00,0.000000000000000000e+00,0.000000000000000000e+00,0.000000000000000000e+00,0.000000000000000000e+00,0.000000000000000000e+00,0.000000000000000000e+00,0.000000000000000000e+00,0.000000000000000000e+00,0.000000000000000000e+00,0.000000000000000000e+00,0.000000000000000000e+00,0.000000000000000000e+00,0.000000000000000000e+00,0.000000000000000000e+00,0.000000000000000000e+00,0.000000000000000000e+00,0.000000000000000000e+00,0.000000000000000000e+00,0.000000000000000000e+00,0.000000000000000000e+00,0.000000000000000000e+00,0.000000000000000000e+00,0.000000000000000000e+00,0.000000000000000000e+00,0.000000000000000000e+00,0.000000000000000000e+00,0.000000000000000000e+00,0.000000000000000000e+00,0.000000000000000000e+00,0.000000000000000000e+00,0.000000000000000000e+00,0.000000000000000000e+00,0.000000000000000000e+00,0.000000000000000000e+00,0.000000000000000000e+00,0.000000000000000000e+00,0.000000000000000000e+00,0.000000000000000000e+00,0.000000000000000000e+00,0.000000000000000000e+00,0.000000000000000000e+00,0.000000000000000000e+00,0.000000000000000000e+00,0.000000000000000000e+00,0.000000000000000000e+00,0.000000000000000000e+00,0.000000000000000000e+00,0.000000000000000000e+00,0.000000000000000000e+00,0.000000000000000000e+00,0.000000000000000000e+00,0.000000000000000000e+00,0.000000000000000000e+00,0.000000000000000000e+00,0.000000000000000000e+00,0.000000000000000000e+00,0.000000000000000000e+00,0.000000000000000000e+00,0.000000000000000000e+00,0.000000000000000000e+00,0.000000000000000000e+00,0.000000000000000000e+00,0.000000000000000000e+00,0.000000000000000000e+00,0.000000000000000000e+00,0.000000000000000000e+00,0.000000000000000000e+00,0.000000000000000000e+00,0.000000000000000000e+00,0.000000000000000000e+00,0.000000000000000000e+00,0.000000000000000000e+00,0.000000000000000000e+00,0.000000000000000000e+00,0.000000000000000000e+00,0.000000000000000000e+00,0.000000000000000000e+00,0.000000000000000000e+00,0.000000000000000000e+00,0.000000000000000000e+00,0.000000000000000000e+00,0.000000000000000000e+00,0.000000000000000000e+00,0.000000000000000000e+00,0.000000000000000000e+00,0.000000000000000000e+00,0.000000000000000000e+00,0.000000000000000000e+00,0.000000000000000000e+00,0.000000000000000000e+00,0.000000000000000000e+00,0.000000000000000000e+00,0.000000000000000000e+00,0.000000000000000000e+00,0.000000000000000000e+00,0.000000000000000000e+00,0.000000000000000000e+00,0.000000000000000000e+00,0.000000000000000000e+00,0.000000000000000000e+00,0.000000000000000000e+00,0.000000000000000000e+00,0.000000000000000000e+00,0.000000000000000000e+00,0.000000000000000000e+00,0.000000000000000000e+00,0.000000000000000000e+00,0.000000000000000000e+00,0.000000000000000000e+00,0.000000000000000000e+00,0.000000000000000000e+00,0.000000000000000000e+00,0.000000000000000000e+00,0.000000000000000000e+00,0.000000000000000000e+00,0.000000000000000000e+00,0.000000000000000000e+00,0.000000000000000000e+00,0.000000000000000000e+00,0.000000000000000000e+00,0.000000000000000000e+00,0.000000000000000000e+00,0.000000000000000000e+00,0.000000000000000000e+00,0.000000000000000000e+00,0.000000000000000000e+00,0.000000000000000000e+00,0.000000000000000000e+00,0.000000000000000000e+00,0.000000000000000000e+00,0.000000000000000000e+00,0.000000000000000000e+00,0.000000000000000000e+00,0.000000000000000000e+00,0.000000000000000000e+00,0.000000000000000000e+00,0.000000000000000000e+00,0.000000000000000000e+00,0.000000000000000000e+00,0.000000000000000000e+00,0.000000000000000000e+00,0.000000000000000000e+00,0.000000000000000000e+00,0.000000000000000000e+00,0.000000000000000000e+00,0.000000000000000000e+00,0.000000000000000000e+00,0.000000000000000000e+00,0.000000000000000000e+00,0.000000000000000000e+00,0.000000000000000000e+00,0.000000000000000000e+00,0.000000000000000000e+00,0.000000000000000000e+00,0.000000000000000000e+00,0.000000000000000000e+00,0.000000000000000000e+00,0.000000000000000000e+00,0.000000000000000000e+00,0.000000000000000000e+00,0.000000000000000000e+00,0.000000000000000000e+00,0.000000000000000000e+00,0.000000000000000000e+00,0.000000000000000000e+00,0.000000000000000000e+00,0.000000000000000000e+00,0.000000000000000000e+00,0.000000000000000000e+00,0.000000000000000000e+00,0.000000000000000000e+00,0.000000000000000000e+00,0.000000000000000000e+00,0.000000000000000000e+00,0.000000000000000000e+00,0.000000000000000000e+00,0.000000000000000000e+00,0.000000000000000000e+00,0.000000000000000000e+00,0.000000000000000000e+00,0.000000000000000000e+00,0.000000000000000000e+00,0.000000000000000000e+00,0.000000000000000000e+00,0.000000000000000000e+00,0.000000000000000000e+00,0.000000000000000000e+00,0.000000000000000000e+00,0.000000000000000000e+00,0.000000000000000000e+00,0.000000000000000000e+00,0.000000000000000000e+00,0.000000000000000000e+00,0.000000000000000000e+00,0.000000000000000000e+00,0.000000000000000000e+00,0.000000000000000000e+00,0.000000000000000000e+00,0.000000000000000000e+00,0.000000000000000000e+00,0.000000000000000000e+00,0.000000000000000000e+00,0.000000000000000000e+00,0.000000000000000000e+00,0.000000000000000000e+00,0.000000000000000000e+00,0.000000000000000000e+00,0.000000000000000000e+00,0.000000000000000000e+00,0.000000000000000000e+00,0.000000000000000000e+00,0.000000000000000000e+00
0.000000000000000000e+00,0.000000000000000000e+00,0.000000000000000000e+00,0.000000000000000000e+00,0.000000000000000000e+00,0.000000000000000000e+00,0.000000000000000000e+00,0.000000000000000000e+00,0.000000000000000000e+00,0.000000000000000000e+00,0.000000000000000000e+00,0.000000000000000000e+00,0.000000000000000000e+00,0.000000000000000000e+00,0.000000000000000000e+00,0.000000000000000000e+00,0.000000000000000000e+00,0.000000000000000000e+00,0.000000000000000000e+00,0.000000000000000000e+00,0.000000000000000000e+00,0.000000000000000000e+00,0.000000000000000000e+00,0.000000000000000000e+00,0.000000000000000000e+00,0.000000000000000000e+00,0.000000000000000000e+00,0.000000000000000000e+00,0.000000000000000000e+00,0.000000000000000000e+00,0.000000000000000000e+00,0.000000000000000000e+00,0.000000000000000000e+00,0.000000000000000000e+00,0.000000000000000000e+00,0.000000000000000000e+00,0.000000000000000000e+00,0.000000000000000000e+00,0.000000000000000000e+00,0.000000000000000000e+00,0.000000000000000000e+00,0.000000000000000000e+00,0.000000000000000000e+00,0.000000000000000000e+00,0.000000000000000000e+00,0.000000000000000000e+00,0.000000000000000000e+00,0.000000000000000000e+00,0.000000000000000000e+00,0.000000000000000000e+00,0.000000000000000000e+00,0.000000000000000000e+00,0.000000000000000000e+00,0.000000000000000000e+00,0.000000000000000000e+00,0.000000000000000000e+00,0.000000000000000000e+00,0.000000000000000000e+00,0.000000000000000000e+00,0.000000000000000000e+00,0.000000000000000000e+00,0.000000000000000000e+00,0.000000000000000000e+00,0.000000000000000000e+00,0.000000000000000000e+00,0.000000000000000000e+00,0.000000000000000000e+00,0.000000000000000000e+00,0.000000000000000000e+00,0.000000000000000000e+00,0.000000000000000000e+00,0.000000000000000000e+00,0.000000000000000000e+00,0.000000000000000000e+00,0.000000000000000000e+00,0.000000000000000000e+00,0.000000000000000000e+00,0.000000000000000000e+00,0.000000000000000000e+00,0.000000000000000000e+00,0.000000000000000000e+00,0.000000000000000000e+00,0.000000000000000000e+00,0.000000000000000000e+00,0.000000000000000000e+00,0.000000000000000000e+00,0.000000000000000000e+00,0.000000000000000000e+00,0.000000000000000000e+00,0.000000000000000000e+00,0.000000000000000000e+00,0.000000000000000000e+00,0.000000000000000000e+00,0.000000000000000000e+00,0.000000000000000000e+00,0.000000000000000000e+00,0.000000000000000000e+00,0.000000000000000000e+00,0.000000000000000000e+00,0.000000000000000000e+00,0.000000000000000000e+00,0.000000000000000000e+00,0.000000000000000000e+00,0.000000000000000000e+00,0.000000000000000000e+00,0.000000000000000000e+00,0.000000000000000000e+00,0.000000000000000000e+00,0.000000000000000000e+00,0.000000000000000000e+00,0.000000000000000000e+00,0.000000000000000000e+00,0.000000000000000000e+00,0.000000000000000000e+00,0.000000000000000000e+00,0.000000000000000000e+00,0.000000000000000000e+00,0.000000000000000000e+00,0.000000000000000000e+00,0.000000000000000000e+00,0.000000000000000000e+00,0.000000000000000000e+00,0.000000000000000000e+00,0.000000000000000000e+00,0.000000000000000000e+00,0.000000000000000000e+00,0.000000000000000000e+00,0.000000000000000000e+00,0.000000000000000000e+00,0.000000000000000000e+00,0.000000000000000000e+00,0.000000000000000000e+00,0.000000000000000000e+00,0.000000000000000000e+00,0.000000000000000000e+00,0.000000000000000000e+00,0.000000000000000000e+00,0.000000000000000000e+00,0.000000000000000000e+00,0.000000000000000000e+00,0.000000000000000000e+00,0.000000000000000000e+00,0.000000000000000000e+00,0.000000000000000000e+00,0.000000000000000000e+00,0.000000000000000000e+00,0.000000000000000000e+00,0.000000000000000000e+00,0.000000000000000000e+00,0.000000000000000000e+00,0.000000000000000000e+00,0.000000000000000000e+00,0.000000000000000000e+00,0.000000000000000000e+00,0.000000000000000000e+00,0.000000000000000000e+00,0.000000000000000000e+00,0.000000000000000000e+00,0.000000000000000000e+00,0.000000000000000000e+00,0.000000000000000000e+00,0.000000000000000000e+00,0.000000000000000000e+00,0.000000000000000000e+00,0.000000000000000000e+00,0.000000000000000000e+00,0.000000000000000000e+00,0.000000000000000000e+00,0.000000000000000000e+00,0.000000000000000000e+00,0.000000000000000000e+00,0.000000000000000000e+00,0.000000000000000000e+00,0.000000000000000000e+00,0.000000000000000000e+00,0.000000000000000000e+00,0.000000000000000000e+00,0.000000000000000000e+00,0.000000000000000000e+00,0.000000000000000000e+00,0.000000000000000000e+00,0.000000000000000000e+00,0.000000000000000000e+00,0.000000000000000000e+00,0.000000000000000000e+00,0.000000000000000000e+00,0.000000000000000000e+00,0.000000000000000000e+00,0.000000000000000000e+00,0.000000000000000000e+00,0.000000000000000000e+00,0.000000000000000000e+00,0.000000000000000000e+00,0.000000000000000000e+00,0.000000000000000000e+00,0.000000000000000000e+00,0.000000000000000000e+00,0.000000000000000000e+00,0.000000000000000000e+00,0.000000000000000000e+00,0.000000000000000000e+00,0.000000000000000000e+00,0.000000000000000000e+00,0.000000000000000000e+00,0.000000000000000000e+00,0.000000000000000000e+00,0.000000000000000000e+00,0.000000000000000000e+00,0.000000000000000000e+00,0.000000000000000000e+00,0.000000000000000000e+00,0.000000000000000000e+00,0.000000000000000000e+00,0.000000000000000000e+00,0.000000000000000000e+00,0.000000000000000000e+00,0.000000000000000000e+00,0.000000000000000000e+00,0.000000000000000000e+00,0.000000000000000000e+00,0.000000000000000000e+00,0.000000000000000000e+00,0.000000000000000000e+00,0.000000000000000000e+00,0.000000000000000000e+00,0.000000000000000000e+00,0.000000000000000000e+00,0.000000000000000000e+00,0.000000000000000000e+00,0.000000000000000000e+00,0.000000000000000000e+00,0.000000000000000000e+00,0.000000000000000000e+00,0.000000000000000000e+00,0.000000000000000000e+00,0.000000000000000000e+00,0.000000000000000000e+00,0.000000000000000000e+00,0.000000000000000000e+00,0.000000000000000000e+00,0.000000000000000000e+00,0.000000000000000000e+00,0.000000000000000000e+00,0.000000000000000000e+00,0.000000000000000000e+00,0.000000000000000000e+00,0.000000000000000000e+00,0.000000000000000000e+00,0.000000000000000000e+00,0.000000000000000000e+00,0.000000000000000000e+00,0.000000000000000000e+00,0.000000000000000000e+00,0.000000000000000000e+00,0.000000000000000000e+00,0.000000000000000000e+00,0.000000000000000000e+00,0.000000000000000000e+00,0.000000000000000000e+00,0.000000000000000000e+00,0.000000000000000000e+00,0.000000000000000000e+00,0.000000000000000000e+00,0.000000000000000000e+00,0.000000000000000000e+00,0.000000000000000000e+00,0.000000000000000000e+00,0.000000000000000000e+00,0.000000000000000000e+00,0.000000000000000000e+00,0.000000000000000000e+00,0.000000000000000000e+00,0.000000000000000000e+00,0.000000000000000000e+00,0.000000000000000000e+00,0.000000000000000000e+00,0.000000000000000000e+00,0.000000000000000000e+00,0.000000000000000000e+00,0.000000000000000000e+00,0.000000000000000000e+00,0.000000000000000000e+00,0.000000000000000000e+00,0.000000000000000000e+00,0.000000000000000000e+00,0.000000000000000000e+00,0.000000000000000000e+00,0.000000000000000000e+00,0.000000000000000000e+00,0.000000000000000000e+00,0.000000000000000000e+00,0.000000000000000000e+00,0.000000000000000000e+00,0.000000000000000000e+00,0.000000000000000000e+00,0.000000000000000000e+00,0.000000000000000000e+00,0.000000000000000000e+00,0.000000000000000000e+00,0.000000000000000000e+00
0.000000000000000000e+00,0.000000000000000000e+00,0.000000000000000000e+00,0.000000000000000000e+00,0.000000000000000000e+00,0.000000000000000000e+00,0.000000000000000000e+00,0.000000000000000000e+00,0.000000000000000000e+00,0.000000000000000000e+00,0.000000000000000000e+00,0.000000000000000000e+00,0.000000000000000000e+00,0.000000000000000000e+00,0.000000000000000000e+00,0.000000000000000000e+00,0.000000000000000000e+00,0.000000000000000000e+00,0.000000000000000000e+00,0.000000000000000000e+00,0.000000000000000000e+00,0.000000000000000000e+00,0.000000000000000000e+00,0.000000000000000000e+00,0.000000000000000000e+00,0.000000000000000000e+00,0.000000000000000000e+00,0.000000000000000000e+00,0.000000000000000000e+00,0.000000000000000000e+00,0.000000000000000000e+00,0.000000000000000000e+00,0.000000000000000000e+00,0.000000000000000000e+00,0.000000000000000000e+00,0.000000000000000000e+00,0.000000000000000000e+00,0.000000000000000000e+00,0.000000000000000000e+00,0.000000000000000000e+00,0.000000000000000000e+00,0.000000000000000000e+00,0.000000000000000000e+00,0.000000000000000000e+00,0.000000000000000000e+00,0.000000000000000000e+00,0.000000000000000000e+00,0.000000000000000000e+00,0.000000000000000000e+00,0.000000000000000000e+00,0.000000000000000000e+00,0.000000000000000000e+00,0.000000000000000000e+00,0.000000000000000000e+00,0.000000000000000000e+00,0.000000000000000000e+00,0.000000000000000000e+00,0.000000000000000000e+00,0.000000000000000000e+00,0.000000000000000000e+00,0.000000000000000000e+00,0.000000000000000000e+00,0.000000000000000000e+00,0.000000000000000000e+00,0.000000000000000000e+00,0.000000000000000000e+00,0.000000000000000000e+00,0.000000000000000000e+00,0.000000000000000000e+00,0.000000000000000000e+00,0.000000000000000000e+00,0.000000000000000000e+00,0.000000000000000000e+00,0.000000000000000000e+00,0.000000000000000000e+00,0.000000000000000000e+00,0.000000000000000000e+00,0.000000000000000000e+00,0.000000000000000000e+00,0.000000000000000000e+00,0.000000000000000000e+00,0.000000000000000000e+00,0.000000000000000000e+00,0.000000000000000000e+00,0.000000000000000000e+00,0.000000000000000000e+00,0.000000000000000000e+00,0.000000000000000000e+00,0.000000000000000000e+00,0.000000000000000000e+00,0.000000000000000000e+00,0.000000000000000000e+00,0.000000000000000000e+00,0.000000000000000000e+00,0.000000000000000000e+00,0.000000000000000000e+00,0.000000000000000000e+00,0.000000000000000000e+00,0.000000000000000000e+00,0.000000000000000000e+00,0.000000000000000000e+00,0.000000000000000000e+00,0.000000000000000000e+00,0.000000000000000000e+00,0.000000000000000000e+00,0.000000000000000000e+00,0.000000000000000000e+00,0.000000000000000000e+00,0.000000000000000000e+00,0.000000000000000000e+00,0.000000000000000000e+00,0.000000000000000000e+00,0.000000000000000000e+00,0.000000000000000000e+00,0.000000000000000000e+00,0.000000000000000000e+00,0.000000000000000000e+00,0.000000000000000000e+00,0.000000000000000000e+00,0.000000000000000000e+00,0.000000000000000000e+00,0.000000000000000000e+00,0.000000000000000000e+00,0.000000000000000000e+00,0.000000000000000000e+00,0.000000000000000000e+00,0.000000000000000000e+00,0.000000000000000000e+00,0.000000000000000000e+00,0.000000000000000000e+00,0.000000000000000000e+00,0.000000000000000000e+00,0.000000000000000000e+00,0.000000000000000000e+00,0.000000000000000000e+00,0.000000000000000000e+00,0.000000000000000000e+00,0.000000000000000000e+00,0.000000000000000000e+00,0.000000000000000000e+00,0.000000000000000000e+00,0.000000000000000000e+00,0.000000000000000000e+00,0.000000000000000000e+00,0.000000000000000000e+00,0.000000000000000000e+00,0.000000000000000000e+00,0.000000000000000000e+00,0.000000000000000000e+00,0.000000000000000000e+00,0.000000000000000000e+00,0.000000000000000000e+00,0.000000000000000000e+00,0.000000000000000000e+00,0.000000000000000000e+00,0.000000000000000000e+00,0.000000000000000000e+00,0.000000000000000000e+00,0.000000000000000000e+00,0.000000000000000000e+00,0.000000000000000000e+00,0.000000000000000000e+00,0.000000000000000000e+00,0.000000000000000000e+00,0.000000000000000000e+00,0.000000000000000000e+00,0.000000000000000000e+00,0.000000000000000000e+00,0.000000000000000000e+00,0.000000000000000000e+00,0.000000000000000000e+00,0.000000000000000000e+00,0.000000000000000000e+00,0.000000000000000000e+00,0.000000000000000000e+00,0.000000000000000000e+00,0.000000000000000000e+00,0.000000000000000000e+00,0.000000000000000000e+00,0.000000000000000000e+00,0.000000000000000000e+00,0.000000000000000000e+00,0.000000000000000000e+00,0.000000000000000000e+00,0.000000000000000000e+00,0.000000000000000000e+00,0.000000000000000000e+00,0.000000000000000000e+00,0.000000000000000000e+00,0.000000000000000000e+00,0.000000000000000000e+00,0.000000000000000000e+00,0.000000000000000000e+00,0.000000000000000000e+00,0.000000000000000000e+00,0.000000000000000000e+00,0.000000000000000000e+00,0.000000000000000000e+00,0.000000000000000000e+00,0.000000000000000000e+00,0.000000000000000000e+00,0.000000000000000000e+00,0.000000000000000000e+00,0.000000000000000000e+00,0.000000000000000000e+00,0.000000000000000000e+00,0.000000000000000000e+00,0.000000000000000000e+00,0.000000000000000000e+00,0.000000000000000000e+00,0.000000000000000000e+00,0.000000000000000000e+00,0.000000000000000000e+00,0.000000000000000000e+00,0.000000000000000000e+00,0.000000000000000000e+00,0.000000000000000000e+00,0.000000000000000000e+00,0.000000000000000000e+00,0.000000000000000000e+00,0.000000000000000000e+00,0.000000000000000000e+00,0.000000000000000000e+00,0.000000000000000000e+00,0.000000000000000000e+00,0.000000000000000000e+00,0.000000000000000000e+00,0.000000000000000000e+00,0.000000000000000000e+00,0.000000000000000000e+00,0.000000000000000000e+00,0.000000000000000000e+00,0.000000000000000000e+00,0.000000000000000000e+00,0.000000000000000000e+00,0.000000000000000000e+00,0.000000000000000000e+00,0.000000000000000000e+00,0.000000000000000000e+00,0.000000000000000000e+00,0.000000000000000000e+00,0.000000000000000000e+00,0.000000000000000000e+00,0.000000000000000000e+00,0.000000000000000000e+00,0.000000000000000000e+00,0.000000000000000000e+00,0.000000000000000000e+00,0.000000000000000000e+00,0.000000000000000000e+00,0.000000000000000000e+00,0.000000000000000000e+00,0.000000000000000000e+00,0.000000000000000000e+00,0.000000000000000000e+00,0.000000000000000000e+00,0.000000000000000000e+00,0.000000000000000000e+00,0.000000000000000000e+00,0.000000000000000000e+00,0.000000000000000000e+00,0.000000000000000000e+00,0.000000000000000000e+00,0.000000000000000000e+00,0.000000000000000000e+00,0.000000000000000000e+00,0.000000000000000000e+00,0.000000000000000000e+00,0.000000000000000000e+00,0.000000000000000000e+00,0.000000000000000000e+00,0.000000000000000000e+00,0.000000000000000000e+00,0.000000000000000000e+00,0.000000000000000000e+00,0.000000000000000000e+00,0.000000000000000000e+00,0.000000000000000000e+00,0.000000000000000000e+00,0.000000000000000000e+00,0.000000000000000000e+00,0.000000000000000000e+00,0.000000000000000000e+00,0.000000000000000000e+00,0.000000000000000000e+00,0.000000000000000000e+00,0.000000000000000000e+00,0.000000000000000000e+00,0.000000000000000000e+00,0.000000000000000000e+00,0.000000000000000000e+00,0.000000000000000000e+00,0.000000000000000000e+00,0.000000000000000000e+00,0.000000000000000000e+00,0.000000000000000000e+00,0.000000000000000000e+00,0.000000000000000000e+00,0.000000000000000000e+00,0.000000000000000000e+00
0.000000000000000000e+00,0.000000000000000000e+00,0.000000000000000000e+00,0.000000000000000000e+00,0.000000000000000000e+00,0.000000000000000000e+00,0.000000000000000000e+00,0.000000000000000000e+00,0.000000000000000000e+00,0.000000000000000000e+00,0.000000000000000000e+00,0.000000000000000000e+00,0.000000000000000000e+00,0.000000000000000000e+00,0.000000000000000000e+00,0.000000000000000000e+00,0.000000000000000000e+00,0.000000000000000000e+00,0.000000000000000000e+00,0.000000000000000000e+00,0.000000000000000000e+00,0.000000000000000000e+00,0.000000000000000000e+00,0.000000000000000000e+00,0.000000000000000000e+00,0.000000000000000000e+00,0.000000000000000000e+00,0.000000000000000000e+00,0.000000000000000000e+00,0.000000000000000000e+00,0.000000000000000000e+00,0.000000000000000000e+00,0.000000000000000000e+00,0.000000000000000000e+00,0.000000000000000000e+00,0.000000000000000000e+00,0.000000000000000000e+00,0.000000000000000000e+00,0.000000000000000000e+00,0.000000000000000000e+00,0.000000000000000000e+00,0.000000000000000000e+00,0.000000000000000000e+00,0.000000000000000000e+00,0.000000000000000000e+00,0.000000000000000000e+00,0.000000000000000000e+00,0.000000000000000000e+00,0.000000000000000000e+00,0.000000000000000000e+00,0.000000000000000000e+00,0.000000000000000000e+00,0.000000000000000000e+00,0.000000000000000000e+00,0.000000000000000000e+00,0.000000000000000000e+00,0.000000000000000000e+00,0.000000000000000000e+00,0.000000000000000000e+00,0.000000000000000000e+00,0.000000000000000000e+00,0.000000000000000000e+00,0.000000000000000000e+00,0.000000000000000000e+00,0.000000000000000000e+00,0.000000000000000000e+00,0.000000000000000000e+00,0.000000000000000000e+00,0.000000000000000000e+00,0.000000000000000000e+00,0.000000000000000000e+00,0.000000000000000000e+00,0.000000000000000000e+00,0.000000000000000000e+00,0.000000000000000000e+00,0.000000000000000000e+00,0.000000000000000000e+00,0.000000000000000000e+00,0.000000000000000000e+00,0.000000000000000000e+00,0.000000000000000000e+00,0.000000000000000000e+00,0.000000000000000000e+00,0.000000000000000000e+00,0.000000000000000000e+00,0.000000000000000000e+00,0.000000000000000000e+00,0.000000000000000000e+00,0.000000000000000000e+00,0.000000000000000000e+00,0.000000000000000000e+00,0.000000000000000000e+00,0.000000000000000000e+00,0.000000000000000000e+00,0.000000000000000000e+00,0.000000000000000000e+00,0.000000000000000000e+00,0.000000000000000000e+00,0.000000000000000000e+00,0.000000000000000000e+00,0.000000000000000000e+00,0.000000000000000000e+00,0.000000000000000000e+00,0.000000000000000000e+00,0.000000000000000000e+00,0.000000000000000000e+00,0.000000000000000000e+00,0.000000000000000000e+00,0.000000000000000000e+00,0.000000000000000000e+00,0.000000000000000000e+00,0.000000000000000000e+00,0.000000000000000000e+00,0.000000000000000000e+00,0.000000000000000000e+00,0.000000000000000000e+00,0.000000000000000000e+00,0.000000000000000000e+00,0.000000000000000000e+00,0.000000000000000000e+00,0.000000000000000000e+00,0.000000000000000000e+00,0.000000000000000000e+00,0.000000000000000000e+00,0.000000000000000000e+00,0.000000000000000000e+00,0.000000000000000000e+00,0.000000000000000000e+00,0.000000000000000000e+00,0.000000000000000000e+00,0.000000000000000000e+00,0.000000000000000000e+00,0.000000000000000000e+00,0.000000000000000000e+00,0.000000000000000000e+00,0.000000000000000000e+00,0.000000000000000000e+00,0.000000000000000000e+00,0.000000000000000000e+00,0.000000000000000000e+00,0.000000000000000000e+00,0.000000000000000000e+00,0.000000000000000000e+00,0.000000000000000000e+00,0.000000000000000000e+00,0.000000000000000000e+00,0.000000000000000000e+00,0.000000000000000000e+00,0.000000000000000000e+00,0.000000000000000000e+00,0.000000000000000000e+00,0.000000000000000000e+00,0.000000000000000000e+00,0.000000000000000000e+00,0.000000000000000000e+00,0.000000000000000000e+00,0.000000000000000000e+00,0.000000000000000000e+00,0.000000000000000000e+00,0.000000000000000000e+00,0.000000000000000000e+00,0.000000000000000000e+00,0.000000000000000000e+00,0.000000000000000000e+00,0.000000000000000000e+00,0.000000000000000000e+00,0.000000000000000000e+00,0.000000000000000000e+00,0.000000000000000000e+00,0.000000000000000000e+00,0.000000000000000000e+00,0.000000000000000000e+00,0.000000000000000000e+00,0.000000000000000000e+00,0.000000000000000000e+00,0.000000000000000000e+00,0.000000000000000000e+00,0.000000000000000000e+00,0.000000000000000000e+00,0.000000000000000000e+00,0.000000000000000000e+00,0.000000000000000000e+00,0.000000000000000000e+00,0.000000000000000000e+00,0.000000000000000000e+00,0.000000000000000000e+00,0.000000000000000000e+00,0.000000000000000000e+00,0.000000000000000000e+00,0.000000000000000000e+00,0.000000000000000000e+00,0.000000000000000000e+00,0.000000000000000000e+00,0.000000000000000000e+00,0.000000000000000000e+00,0.000000000000000000e+00,0.000000000000000000e+00,0.000000000000000000e+00,0.000000000000000000e+00,0.000000000000000000e+00,0.000000000000000000e+00,0.000000000000000000e+00,0.000000000000000000e+00,0.000000000000000000e+00,0.000000000000000000e+00,0.000000000000000000e+00,0.000000000000000000e+00,0.000000000000000000e+00,0.000000000000000000e+00,0.000000000000000000e+00,0.000000000000000000e+00,0.000000000000000000e+00,0.000000000000000000e+00,0.000000000000000000e+00,0.000000000000000000e+00,0.000000000000000000e+00,0.000000000000000000e+00,0.000000000000000000e+00,0.000000000000000000e+00,0.000000000000000000e+00,0.000000000000000000e+00,0.000000000000000000e+00,0.000000000000000000e+00,0.000000000000000000e+00,0.000000000000000000e+00,0.000000000000000000e+00,0.000000000000000000e+00,0.000000000000000000e+00,0.000000000000000000e+00,0.000000000000000000e+00,0.000000000000000000e+00,0.000000000000000000e+00,0.000000000000000000e+00,0.000000000000000000e+00,0.000000000000000000e+00,0.000000000000000000e+00,0.000000000000000000e+00,0.000000000000000000e+00,0.000000000000000000e+00,0.000000000000000000e+00,0.000000000000000000e+00,0.000000000000000000e+00,0.000000000000000000e+00,0.000000000000000000e+00,0.000000000000000000e+00,0.000000000000000000e+00,0.000000000000000000e+00,0.000000000000000000e+00,0.000000000000000000e+00,0.000000000000000000e+00,0.000000000000000000e+00,0.000000000000000000e+00,0.000000000000000000e+00,0.000000000000000000e+00,0.000000000000000000e+00,0.000000000000000000e+00,0.000000000000000000e+00,0.000000000000000000e+00,0.000000000000000000e+00,0.000000000000000000e+00,0.000000000000000000e+00,0.000000000000000000e+00,0.000000000000000000e+00,0.000000000000000000e+00,0.000000000000000000e+00,0.000000000000000000e+00,0.000000000000000000e+00,0.000000000000000000e+00,0.000000000000000000e+00,0.000000000000000000e+00,0.000000000000000000e+00,0.000000000000000000e+00,0.000000000000000000e+00,0.000000000000000000e+00,0.000000000000000000e+00,0.000000000000000000e+00,0.000000000000000000e+00,0.000000000000000000e+00,0.000000000000000000e+00,0.000000000000000000e+00,0.000000000000000000e+00,0.000000000000000000e+00,0.000000000000000000e+00,0.000000000000000000e+00,0.000000000000000000e+00,0.000000000000000000e+00,0.000000000000000000e+00,0.000000000000000000e+00,0.000000000000000000e+00,0.000000000000000000e+00,0.000000000000000000e+00,0.000000000000000000e+00,0.000000000000000000e+00,0.000000000000000000e+00,0.000000000000000000e+00,0.000000000000000000e+00,0.000000000000000000e+00,0.000000000000000000e+00,0.000000000000000000e+00,0.000000000000000000e+00
0.000000000000000000e+00,0.000000000000000000e+00,0.000000000000000000e+00,0.000000000000000000e+00,0.000000000000000000e+00,0.000000000000000000e+00,0.000000000000000000e+00,0.000000000000000000e+00,0.000000000000000000e+00,0.000000000000000000e+00,0.000000000000000000e+00,0.000000000000000000e+00,0.000000000000000000e+00,0.000000000000000000e+00,0.000000000000000000e+00,0.000000000000000000e+00,0.000000000000000000e+00,0.000000000000000000e+00,0.000000000000000000e+00,0.000000000000000000e+00,0.000000000000000000e+00,0.000000000000000000e+00,0.000000000000000000e+00,0.000000000000000000e+00,0.000000000000000000e+00,0.000000000000000000e+00,0.000000000000000000e+00,0.000000000000000000e+00,0.000000000000000000e+00,0.000000000000000000e+00,0.000000000000000000e+00,0.000000000000000000e+00,0.000000000000000000e+00,0.000000000000000000e+00,0.000000000000000000e+00,0.000000000000000000e+00,0.000000000000000000e+00,0.000000000000000000e+00,0.000000000000000000e+00,0.000000000000000000e+00,0.000000000000000000e+00,0.000000000000000000e+00,0.000000000000000000e+00,0.000000000000000000e+00,0.000000000000000000e+00,0.000000000000000000e+00,0.000000000000000000e+00,0.000000000000000000e+00,0.000000000000000000e+00,0.000000000000000000e+00,0.000000000000000000e+00,0.000000000000000000e+00,0.000000000000000000e+00,0.000000000000000000e+00,0.000000000000000000e+00,0.000000000000000000e+00,0.000000000000000000e+00,0.000000000000000000e+00,0.000000000000000000e+00,0.000000000000000000e+00,0.000000000000000000e+00,0.000000000000000000e+00,0.000000000000000000e+00,0.000000000000000000e+00,0.000000000000000000e+00,0.000000000000000000e+00,0.000000000000000000e+00,0.000000000000000000e+00,0.000000000000000000e+00,0.000000000000000000e+00,0.000000000000000000e+00,0.000000000000000000e+00,0.000000000000000000e+00,0.000000000000000000e+00,0.000000000000000000e+00,0.000000000000000000e+00,0.000000000000000000e+00,0.000000000000000000e+00,0.000000000000000000e+00,0.000000000000000000e+00,0.000000000000000000e+00,0.000000000000000000e+00,0.000000000000000000e+00,0.000000000000000000e+00,0.000000000000000000e+00,0.000000000000000000e+00,0.000000000000000000e+00,0.000000000000000000e+00,0.000000000000000000e+00,0.000000000000000000e+00,0.000000000000000000e+00,0.000000000000000000e+00,0.000000000000000000e+00,0.000000000000000000e+00,0.000000000000000000e+00,0.000000000000000000e+00,0.000000000000000000e+00,0.000000000000000000e+00,0.000000000000000000e+00,0.000000000000000000e+00,0.000000000000000000e+00,0.000000000000000000e+00,0.000000000000000000e+00,0.000000000000000000e+00,0.000000000000000000e+00,0.000000000000000000e+00,0.000000000000000000e+00,0.000000000000000000e+00,0.000000000000000000e+00,0.000000000000000000e+00,0.000000000000000000e+00,0.000000000000000000e+00,0.000000000000000000e+00,0.000000000000000000e+00,0.000000000000000000e+00,0.000000000000000000e+00,0.000000000000000000e+00,0.000000000000000000e+00,0.000000000000000000e+00,0.000000000000000000e+00,0.000000000000000000e+00,0.000000000000000000e+00,0.000000000000000000e+00,0.000000000000000000e+00,0.000000000000000000e+00,0.000000000000000000e+00,0.000000000000000000e+00,0.000000000000000000e+00,0.000000000000000000e+00,0.000000000000000000e+00,0.000000000000000000e+00,0.000000000000000000e+00,0.000000000000000000e+00,0.000000000000000000e+00,0.000000000000000000e+00,0.000000000000000000e+00,0.000000000000000000e+00,0.000000000000000000e+00,0.000000000000000000e+00,0.000000000000000000e+00,0.000000000000000000e+00,0.000000000000000000e+00,0.000000000000000000e+00,0.000000000000000000e+00,0.000000000000000000e+00,0.000000000000000000e+00,0.000000000000000000e+00,0.000000000000000000e+00,0.000000000000000000e+00,0.000000000000000000e+00,0.000000000000000000e+00,0.000000000000000000e+00,0.000000000000000000e+00,0.000000000000000000e+00,0.000000000000000000e+00,0.000000000000000000e+00,0.000000000000000000e+00,0.000000000000000000e+00,0.000000000000000000e+00,0.000000000000000000e+00,0.000000000000000000e+00,0.000000000000000000e+00,0.000000000000000000e+00,0.000000000000000000e+00,0.000000000000000000e+00,0.000000000000000000e+00,0.000000000000000000e+00,0.000000000000000000e+00,0.000000000000000000e+00,0.000000000000000000e+00,0.000000000000000000e+00,0.000000000000000000e+00,0.000000000000000000e+00,0.000000000000000000e+00,0.000000000000000000e+00,0.000000000000000000e+00,0.000000000000000000e+00,0.000000000000000000e+00,0.000000000000000000e+00,0.000000000000000000e+00,0.000000000000000000e+00,0.000000000000000000e+00,0.000000000000000000e+00,0.000000000000000000e+00,0.000000000000000000e+00,0.000000000000000000e+00,0.000000000000000000e+00,0.000000000000000000e+00,0.000000000000000000e+00,0.000000000000000000e+00,0.000000000000000000e+00,0.000000000000000000e+00,0.000000000000000000e+00,0.000000000000000000e+00,0.000000000000000000e+00,0.000000000000000000e+00,0.000000000000000000e+00,0.000000000000000000e+00,0.000000000000000000e+00,0.000000000000000000e+00,0.000000000000000000e+00,0.000000000000000000e+00,0.000000000000000000e+00,0.000000000000000000e+00,0.000000000000000000e+00,0.000000000000000000e+00,0.000000000000000000e+00,0.000000000000000000e+00,0.000000000000000000e+00,0.000000000000000000e+00,0.000000000000000000e+00,0.000000000000000000e+00,0.000000000000000000e+00,0.000000000000000000e+00,0.000000000000000000e+00,0.000000000000000000e+00,0.000000000000000000e+00,0.000000000000000000e+00,0.000000000000000000e+00,0.000000000000000000e+00,0.000000000000000000e+00,0.000000000000000000e+00,0.000000000000000000e+00,0.000000000000000000e+00,0.000000000000000000e+00,0.000000000000000000e+00,0.000000000000000000e+00,0.000000000000000000e+00,0.000000000000000000e+00,0.000000000000000000e+00,0.000000000000000000e+00,0.000000000000000000e+00,0.000000000000000000e+00,0.000000000000000000e+00,0.000000000000000000e+00,0.000000000000000000e+00,0.000000000000000000e+00,0.000000000000000000e+00,0.000000000000000000e+00,0.000000000000000000e+00,0.000000000000000000e+00,0.000000000000000000e+00,0.000000000000000000e+00,0.000000000000000000e+00,0.000000000000000000e+00,0.000000000000000000e+00,0.000000000000000000e+00,0.000000000000000000e+00,0.000000000000000000e+00,0.000000000000000000e+00,0.000000000000000000e+00,0.000000000000000000e+00,0.000000000000000000e+00,0.000000000000000000e+00,0.000000000000000000e+00,0.000000000000000000e+00,0.000000000000000000e+00,0.000000000000000000e+00,0.000000000000000000e+00,0.000000000000000000e+00,0.000000000000000000e+00,0.000000000000000000e+00,0.000000000000000000e+00,0.000000000000000000e+00,0.000000000000000000e+00,0.000000000000000000e+00,0.000000000000000000e+00,0.000000000000000000e+00,0.000000000000000000e+00,0.000000000000000000e+00,0.000000000000000000e+00,0.000000000000000000e+00,0.000000000000000000e+00,0.000000000000000000e+00,0.000000000000000000e+00,0.000000000000000000e+00,0.000000000000000000e+00,0.000000000000000000e+00,0.000000000000000000e+00,0.000000000000000000e+00,0.000000000000000000e+00,0.000000000000000000e+00,0.000000000000000000e+00,0.000000000000000000e+00,0.000000000000000000e+00,0.000000000000000000e+00,0.000000000000000000e+00,0.000000000000000000e+00,0.000000000000000000e+00,0.000000000000000000e+00,0.000000000000000000e+00,0.000000000000000000e+00,0.000000000000000000e+00,0.000000000000000000e+00,0.000000000000000000e+00,0.000000000000000000e+00,0.000000000000000000e+00,0.000000000000000000e+00,0.000000000000000000e+00,0.000000000000000000e+00
0.000000000000000000e+00,0.000000000000000000e+00,0.000000000000000000e+00,0.000000000000000000e+00,0.000000000000000000e+00,0.000000000000000000e+00,0.000000000000000000e+00,0.000000000000000000e+00,0.000000000000000000e+00,0.000000000000000000e+00,0.000000000000000000e+00,0.000000000000000000e+00,0.000000000000000000e+00,0.000000000000000000e+00,0.000000000000000000e+00,0.000000000000000000e+00,0.000000000000000000e+00,0.000000000000000000e+00,0.000000000000000000e+00,0.000000000000000000e+00,0.000000000000000000e+00,0.000000000000000000e+00,0.000000000000000000e+00,0.000000000000000000e+00,0.000000000000000000e+00,0.000000000000000000e+00,0.000000000000000000e+00,0.000000000000000000e+00,0.000000000000000000e+00,0.000000000000000000e+00,0.000000000000000000e+00,0.000000000000000000e+00,0.000000000000000000e+00,0.000000000000000000e+00,0.000000000000000000e+00,0.000000000000000000e+00,0.000000000000000000e+00,0.000000000000000000e+00,0.000000000000000000e+00,0.000000000000000000e+00,0.000000000000000000e+00,0.000000000000000000e+00,0.000000000000000000e+00,0.000000000000000000e+00,0.000000000000000000e+00,0.000000000000000000e+00,0.000000000000000000e+00,0.000000000000000000e+00,0.000000000000000000e+00,0.000000000000000000e+00,0.000000000000000000e+00,0.000000000000000000e+00,0.000000000000000000e+00,0.000000000000000000e+00,0.000000000000000000e+00,0.000000000000000000e+00,0.000000000000000000e+00,0.000000000000000000e+00,0.000000000000000000e+00,0.000000000000000000e+00,0.000000000000000000e+00,0.000000000000000000e+00,0.000000000000000000e+00,0.000000000000000000e+00,0.000000000000000000e+00,0.000000000000000000e+00,0.000000000000000000e+00,0.000000000000000000e+00,0.000000000000000000e+00,0.000000000000000000e+00,0.000000000000000000e+00,0.000000000000000000e+00,0.000000000000000000e+00,0.000000000000000000e+00,0.000000000000000000e+00,0.000000000000000000e+00,0.000000000000000000e+00,0.000000000000000000e+00,0.000000000000000000e+00,0.000000000000000000e+00,0.000000000000000000e+00,0.000000000000000000e+00,0.000000000000000000e+00,0.000000000000000000e+00,0.000000000000000000e+00,0.000000000000000000e+00,0.000000000000000000e+00,0.000000000000000000e+00,0.000000000000000000e+00,0.000000000000000000e+00,0.000000000000000000e+00,0.000000000000000000e+00,0.000000000000000000e+00,0.000000000000000000e+00,0.000000000000000000e+00,0.000000000000000000e+00,0.000000000000000000e+00,0.000000000000000000e+00,0.000000000000000000e+00,0.000000000000000000e+00,0.000000000000000000e+00,0.000000000000000000e+00,0.000000000000000000e+00,0.000000000000000000e+00,0.000000000000000000e+00,0.000000000000000000e+00,0.000000000000000000e+00,0.000000000000000000e+00,0.000000000000000000e+00,0.000000000000000000e+00,0.000000000000000000e+00,0.000000000000000000e+00,0.000000000000000000e+00,0.000000000000000000e+00,0.000000000000000000e+00,0.000000000000000000e+00,0.000000000000000000e+00,0.000000000000000000e+00,0.000000000000000000e+00,0.000000000000000000e+00,0.000000000000000000e+00,0.000000000000000000e+00,0.000000000000000000e+00,0.000000000000000000e+00,0.000000000000000000e+00,0.000000000000000000e+00,0.000000000000000000e+00,0.000000000000000000e+00,0.000000000000000000e+00,0.000000000000000000e+00,0.000000000000000000e+00,0.000000000000000000e+00,0.000000000000000000e+00,0.000000000000000000e+00,0.000000000000000000e+00,0.000000000000000000e+00,0.000000000000000000e+00,0.000000000000000000e+00,0.000000000000000000e+00,0.000000000000000000e+00,0.000000000000000000e+00,0.000000000000000000e+00,0.000000000000000000e+00,0.000000000000000000e+00,0.000000000000000000e+00,0.000000000000000000e+00,0.000000000000000000e+00,0.000000000000000000e+00,0.000000000000000000e+00,0.000000000000000000e+00,0.000000000000000000e+00,0.000000000000000000e+00,0.000000000000000000e+00,0.000000000000000000e+00,0.000000000000000000e+00,0.000000000000000000e+00,0.000000000000000000e+00,0.000000000000000000e+00,0.000000000000000000e+00,0.000000000000000000e+00,0.000000000000000000e+00,0.000000000000000000e+00,0.000000000000000000e+00,0.000000000000000000e+00,0.000000000000000000e+00,0.000000000000000000e+00,0.000000000000000000e+00,0.000000000000000000e+00,0.000000000000000000e+00,0.000000000000000000e+00,0.000000000000000000e+00,0.000000000000000000e+00,0.000000000000000000e+00,0.000000000000000000e+00,0.000000000000000000e+00,0.000000000000000000e+00,0.000000000000000000e+00,0.000000000000000000e+00,0.000000000000000000e+00,0.000000000000000000e+00,0.000000000000000000e+00,0.000000000000000000e+00,0.000000000000000000e+00,0.000000000000000000e+00,0.000000000000000000e+00,0.000000000000000000e+00,0.000000000000000000e+00,0.000000000000000000e+00,0.000000000000000000e+00,0.000000000000000000e+00,0.000000000000000000e+00,0.000000000000000000e+00,0.000000000000000000e+00,0.000000000000000000e+00,0.000000000000000000e+00,0.000000000000000000e+00,0.000000000000000000e+00,0.000000000000000000e+00,0.000000000000000000e+00,0.000000000000000000e+00,0.000000000000000000e+00,0.000000000000000000e+00,0.000000000000000000e+00,0.000000000000000000e+00,0.000000000000000000e+00,0.000000000000000000e+00,0.000000000000000000e+00,0.000000000000000000e+00,0.000000000000000000e+00,0.000000000000000000e+00,0.000000000000000000e+00,0.000000000000000000e+00,0.000000000000000000e+00,0.000000000000000000e+00,0.000000000000000000e+00,0.000000000000000000e+00,0.000000000000000000e+00,0.000000000000000000e+00,0.000000000000000000e+00,0.000000000000000000e+00,0.000000000000000000e+00,0.000000000000000000e+00,0.000000000000000000e+00,0.000000000000000000e+00,0.000000000000000000e+00,0.000000000000000000e+00,0.000000000000000000e+00,0.000000000000000000e+00,0.000000000000000000e+00,0.000000000000000000e+00,0.000000000000000000e+00,0.000000000000000000e+00,0.000000000000000000e+00,0.000000000000000000e+00,0.000000000000000000e+00,0.000000000000000000e+00,0.000000000000000000e+00,0.000000000000000000e+00,0.000000000000000000e+00,0.000000000000000000e+00,0.000000000000000000e+00,0.000000000000000000e+00,0.000000000000000000e+00,0.000000000000000000e+00,0.000000000000000000e+00,0.000000000000000000e+00,0.000000000000000000e+00,0.000000000000000000e+00,0.000000000000000000e+00,0.000000000000000000e+00,0.000000000000000000e+00,0.000000000000000000e+00,0.000000000000000000e+00,0.000000000000000000e+00,0.000000000000000000e+00,0.000000000000000000e+00,0.000000000000000000e+00,0.000000000000000000e+00,0.000000000000000000e+00,0.000000000000000000e+00,0.000000000000000000e+00,0.000000000000000000e+00,0.000000000000000000e+00,0.000000000000000000e+00,0.000000000000000000e+00,0.000000000000000000e+00,0.000000000000000000e+00,0.000000000000000000e+00,0.000000000000000000e+00,0.000000000000000000e+00,0.000000000000000000e+00,0.000000000000000000e+00,0.000000000000000000e+00,0.000000000000000000e+00,0.000000000000000000e+00,0.000000000000000000e+00,0.000000000000000000e+00,0.000000000000000000e+00,0.000000000000000000e+00,0.000000000000000000e+00,0.000000000000000000e+00,0.000000000000000000e+00,0.000000000000000000e+00,0.000000000000000000e+00,0.000000000000000000e+00,0.000000000000000000e+00,0.000000000000000000e+00,0.000000000000000000e+00,0.000000000000000000e+00,0.000000000000000000e+00,0.000000000000000000e+00,0.000000000000000000e+00,0.000000000000000000e+00,0.000000000000000000e+00,0.000000000000000000e+00,0.000000000000000000e+00,0.000000000000000000e+00,0.000000000000000000e+00,0.000000000000000000e+00,0.000000000000000000e+00
0.000000000000000000e+00,0.000000000000000000e+00,0.000000000000000000e+00,0.000000000000000000e+00,0.000000000000000000e+00,0.000000000000000000e+00,0.000000000000000000e+00,0.000000000000000000e+00,0.000000000000000000e+00,0.000000000000000000e+00,0.000000000000000000e+00,0.000000000000000000e+00,0.000000000000000000e+00,0.000000000000000000e+00,0.000000000000000000e+00,0.000000000000000000e+00,0.000000000000000000e+00,0.000000000000000000e+00,0.000000000000000000e+00,0.000000000000000000e+00,0.000000000000000000e+00,0.000000000000000000e+00,0.000000000000000000e+00,0.000000000000000000e+00,0.000000000000000000e+00,0.000000000000000000e+00,0.000000000000000000e+00,0.000000000000000000e+00,0.000000000000000000e+00,0.000000000000000000e+00,0.000000000000000000e+00,0.000000000000000000e+00,0.000000000000000000e+00,0.000000000000000000e+00,0.000000000000000000e+00,0.000000000000000000e+00,0.000000000000000000e+00,0.000000000000000000e+00,0.000000000000000000e+00,0.000000000000000000e+00,0.000000000000000000e+00,0.000000000000000000e+00,0.000000000000000000e+00,0.000000000000000000e+00,0.000000000000000000e+00,0.000000000000000000e+00,0.000000000000000000e+00,0.000000000000000000e+00,0.000000000000000000e+00,0.000000000000000000e+00,0.000000000000000000e+00,0.000000000000000000e+00,0.000000000000000000e+00,0.000000000000000000e+00,0.000000000000000000e+00,0.000000000000000000e+00,0.000000000000000000e+00,0.000000000000000000e+00,0.000000000000000000e+00,0.000000000000000000e+00,0.000000000000000000e+00,0.000000000000000000e+00,0.000000000000000000e+00,0.000000000000000000e+00,0.000000000000000000e+00,0.000000000000000000e+00,0.000000000000000000e+00,0.000000000000000000e+00,0.000000000000000000e+00,0.000000000000000000e+00,0.000000000000000000e+00,0.000000000000000000e+00,0.000000000000000000e+00,0.000000000000000000e+00,0.000000000000000000e+00,0.000000000000000000e+00,0.000000000000000000e+00,0.000000000000000000e+00,0.000000000000000000e+00,0.000000000000000000e+00,0.000000000000000000e+00,0.000000000000000000e+00,0.000000000000000000e+00,0.000000000000000000e+00,0.000000000000000000e+00,0.000000000000000000e+00,0.000000000000000000e+00,0.000000000000000000e+00,0.000000000000000000e+00,0.000000000000000000e+00,0.000000000000000000e+00,0.000000000000000000e+00,0.000000000000000000e+00,0.000000000000000000e+00,0.000000000000000000e+00,0.000000000000000000e+00,0.000000000000000000e+00,0.000000000000000000e+00,0.000000000000000000e+00,0.000000000000000000e+00,0.000000000000000000e+00,0.000000000000000000e+00,0.000000000000000000e+00,0.000000000000000000e+00,0.000000000000000000e+00,0.000000000000000000e+00,0.000000000000000000e+00,0.000000000000000000e+00,0.000000000000000000e+00,0.000000000000000000e+00,0.000000000000000000e+00,0.000000000000000000e+00,0.000000000000000000e+00,0.000000000000000000e+00,0.000000000000000000e+00,0.000000000000000000e+00,0.000000000000000000e+00,0.000000000000000000e+00,0.000000000000000000e+00,0.000000000000000000e+00,0.000000000000000000e+00,0.000000000000000000e+00,0.000000000000000000e+00,0.000000000000000000e+00,0.000000000000000000e+00,0.000000000000000000e+00,0.000000000000000000e+00,0.000000000000000000e+00,0.000000000000000000e+00,0.000000000000000000e+00,0.000000000000000000e+00,0.000000000000000000e+00,0.000000000000000000e+00,0.000000000000000000e+00,0.000000000000000000e+00,0.000000000000000000e+00,0.000000000000000000e+00,0.000000000000000000e+00,0.000000000000000000e+00,0.000000000000000000e+00,0.000000000000000000e+00,0.000000000000000000e+00,0.000000000000000000e+00,0.000000000000000000e+00,0.000000000000000000e+00,0.000000000000000000e+00,0.000000000000000000e+00,0.000000000000000000e+00,0.000000000000000000e+00,0.000000000000000000e+00,0.000000000000000000e+00,0.000000000000000000e+00,0.000000000000000000e+00,0.000000000000000000e+00,0.000000000000000000e+00,0.000000000000000000e+00,0.000000000000000000e+00,0.000000000000000000e+00,0.000000000000000000e+00,0.000000000000000000e+00,0.000000000000000000e+00,0.000000000000000000e+00,0.000000000000000000e+00,0.000000000000000000e+00,0.000000000000000000e+00,0.000000000000000000e+00,0.000000000000000000e+00,0.000000000000000000e+00,0.000000000000000000e+00,0.000000000000000000e+00,0.000000000000000000e+00,0.000000000000000000e+00,0.000000000000000000e+00,0.000000000000000000e+00,0.000000000000000000e+00,0.000000000000000000e+00,0.000000000000000000e+00,0.000000000000000000e+00,0.000000000000000000e+00,0.000000000000000000e+00,0.000000000000000000e+00,0.000000000000000000e+00,0.000000000000000000e+00,0.000000000000000000e+00,0.000000000000000000e+00,0.000000000000000000e+00,0.000000000000000000e+00,0.000000000000000000e+00,0.000000000000000000e+00,0.000000000000000000e+00,0.000000000000000000e+00,0.000000000000000000e+00,0.000000000000000000e+00,0.000000000000000000e+00,0.000000000000000000e+00,0.000000000000000000e+00,0.000000000000000000e+00,0.000000000000000000e+00,0.000000000000000000e+00,0.000000000000000000e+00,0.000000000000000000e+00,0.000000000000000000e+00,0.000000000000000000e+00,0.000000000000000000e+00,0.000000000000000000e+00,0.000000000000000000e+00,0.000000000000000000e+00,0.000000000000000000e+00,0.000000000000000000e+00,0.000000000000000000e+00,0.000000000000000000e+00,0.000000000000000000e+00,0.000000000000000000e+00,0.000000000000000000e+00,0.000000000000000000e+00,0.000000000000000000e+00,0.000000000000000000e+00,0.000000000000000000e+00,0.000000000000000000e+00,0.000000000000000000e+00,0.000000000000000000e+00,0.000000000000000000e+00,0.000000000000000000e+00,0.000000000000000000e+00,0.000000000000000000e+00,0.000000000000000000e+00,0.000000000000000000e+00,0.000000000000000000e+00,0.000000000000000000e+00,0.000000000000000000e+00,0.000000000000000000e+00,0.000000000000000000e+00,0.000000000000000000e+00,0.000000000000000000e+00,0.000000000000000000e+00,0.000000000000000000e+00,0.000000000000000000e+00,0.000000000000000000e+00,0.000000000000000000e+00,0.000000000000000000e+00,0.000000000000000000e+00,0.000000000000000000e+00,0.000000000000000000e+00,0.000000000000000000e+00,0.000000000000000000e+00,0.000000000000000000e+00,0.000000000000000000e+00,0.000000000000000000e+00,0.000000000000000000e+00,0.000000000000000000e+00,0.000000000000000000e+00,0.000000000000000000e+00,0.000000000000000000e+00,0.000000000000000000e+00,0.000000000000000000e+00,0.000000000000000000e+00,0.000000000000000000e+00,0.000000000000000000e+00,0.000000000000000000e+00,0.000000000000000000e+00,0.000000000000000000e+00,0.000000000000000000e+00,0.000000000000000000e+00,0.000000000000000000e+00,0.000000000000000000e+00,0.000000000000000000e+00,0.000000000000000000e+00,0.000000000000000000e+00,0.000000000000000000e+00,0.000000000000000000e+00,0.000000000000000000e+00,0.000000000000000000e+00,0.000000000000000000e+00,0.000000000000000000e+00,0.000000000000000000e+00,0.000000000000000000e+00,0.000000000000000000e+00,0.000000000000000000e+00,0.000000000000000000e+00,0.000000000000000000e+00,0.000000000000000000e+00,0.000000000000000000e+00,0.000000000000000000e+00,0.000000000000000000e+00,0.000000000000000000e+00,0.000000000000000000e+00,0.000000000000000000e+00,0.000000000000000000e+00,0.000000000000000000e+00,0.000000000000000000e+00,0.000000000000000000e+00,0.000000000000000000e+00,0.000000000000000000e+00,0.000000000000000000e+00,0.000000000000000000e+00,0.000000000000000000e+00,0.000000000000000000e+00,0.000000000000000000e+00,0.000000000000000000e+00,0.000000000000000000e+00
0.000000000000000000e+00,0.000000000000000000e+00,0.000000000000000000e+00,0.000000000000000000e+00,0.000000000000000000e+00,0.000000000000000000e+00,0.000000000000000000e+00,0.000000000000000000e+00,0.000000000000000000e+00,0.000000000000000000e+00,0.000000000000000000e+00,0.000000000000000000e+00,0.000000000000000000e+00,0.000000000000000000e+00,0.000000000000000000e+00,0.000000000000000000e+00,0.000000000000000000e+00,0.000000000000000000e+00,0.000000000000000000e+00,0.000000000000000000e+00,0.000000000000000000e+00,0.000000000000000000e+00,0.000000000000000000e+00,0.000000000000000000e+00,0.000000000000000000e+00,0.000000000000000000e+00,0.000000000000000000e+00,0.000000000000000000e+00,0.000000000000000000e+00,0.000000000000000000e+00,0.000000000000000000e+00,0.000000000000000000e+00,0.000000000000000000e+00,0.000000000000000000e+00,0.000000000000000000e+00,0.000000000000000000e+00,0.000000000000000000e+00,0.000000000000000000e+00,0.000000000000000000e+00,0.000000000000000000e+00,0.000000000000000000e+00,0.000000000000000000e+00,0.000000000000000000e+00,0.000000000000000000e+00,0.000000000000000000e+00,0.000000000000000000e+00,0.000000000000000000e+00,0.000000000000000000e+00,0.000000000000000000e+00,0.000000000000000000e+00,0.000000000000000000e+00,0.000000000000000000e+00,0.000000000000000000e+00,0.000000000000000000e+00,0.000000000000000000e+00,0.000000000000000000e+00,0.000000000000000000e+00,0.000000000000000000e+00,0.000000000000000000e+00,0.000000000000000000e+00,0.000000000000000000e+00,0.000000000000000000e+00,0.000000000000000000e+00,0.000000000000000000e+00,0.000000000000000000e+00,0.000000000000000000e+00,0.000000000000000000e+00,0.000000000000000000e+00,0.000000000000000000e+00,0.000000000000000000e+00,0.000000000000000000e+00,0.000000000000000000e+00,0.000000000000000000e+00,0.000000000000000000e+00,0.000000000000000000e+00,0.000000000000000000e+00,0.000000000000000000e+00,0.000000000000000000e+00,0.000000000000000000e+00,0.000000000000000000e+00,0.000000000000000000e+00,0.000000000000000000e+00,0.000000000000000000e+00,0.000000000000000000e+00,0.000000000000000000e+00,0.000000000000000000e+00,0.000000000000000000e+00,0.000000000000000000e+00,0.000000000000000000e+00,0.000000000000000000e+00,0.000000000000000000e+00,0.000000000000000000e+00,0.000000000000000000e+00,0.000000000000000000e+00,0.000000000000000000e+00,0.000000000000000000e+00,0.000000000000000000e+00,0.000000000000000000e+00,0.000000000000000000e+00,0.000000000000000000e+00,0.000000000000000000e+00,0.000000000000000000e+00,0.000000000000000000e+00,0.000000000000000000e+00,0.000000000000000000e+00,0.000000000000000000e+00,0.000000000000000000e+00,0.000000000000000000e+00,0.000000000000000000e+00,0.000000000000000000e+00,0.000000000000000000e+00,0.000000000000000000e+00,0.000000000000000000e+00,0.000000000000000000e+00,0.000000000000000000e+00,0.000000000000000000e+00,0.000000000000000000e+00,0.000000000000000000e+00,0.000000000000000000e+00,0.000000000000000000e+00,0.000000000000000000e+00,0.000000000000000000e+00,0.000000000000000000e+00,0.000000000000000000e+00,0.000000000000000000e+00,0.000000000000000000e+00,0.000000000000000000e+00,0.000000000000000000e+00,0.000000000000000000e+00,0.000000000000000000e+00,0.000000000000000000e+00,0.000000000000000000e+00,0.000000000000000000e+00,0.000000000000000000e+00,0.000000000000000000e+00,0.000000000000000000e+00,0.000000000000000000e+00,0.000000000000000000e+00,0.000000000000000000e+00,0.000000000000000000e+00,0.000000000000000000e+00,0.000000000000000000e+00,0.000000000000000000e+00,0.000000000000000000e+00,0.000000000000000000e+00,0.000000000000000000e+00,0.000000000000000000e+00,0.000000000000000000e+00,0.000000000000000000e+00,0.000000000000000000e+00,0.000000000000000000e+00,0.000000000000000000e+00,0.000000000000000000e+00,0.000000000000000000e+00,0.000000000000000000e+00,0.000000000000000000e+00,0.000000000000000000e+00,0.000000000000000000e+00,0.000000000000000000e+00,0.000000000000000000e+00,0.000000000000000000e+00,0.000000000000000000e+00,0.000000000000000000e+00,0.000000000000000000e+00,0.000000000000000000e+00,0.000000000000000000e+00,0.000000000000000000e+00,0.000000000000000000e+00,0.000000000000000000e+00,0.000000000000000000e+00,0.000000000000000000e+00,0.000000000000000000e+00,0.000000000000000000e+00,0.000000000000000000e+00,0.000000000000000000e+00,0.000000000000000000e+00,0.000000000000000000e+00,0.000000000000000000e+00,0.000000000000000000e+00,0.000000000000000000e+00,0.000000000000000000e+00,0.000000000000000000e+00,0.000000000000000000e+00,0.000000000000000000e+00,0.000000000000000000e+00,0.000000000000000000e+00,0.000000000000000000e+00,0.000000000000000000e+00,0.000000000000000000e+00,0.000000000000000000e+00,0.000000000000000000e+00,0.000000000000000000e+00,0.000000000000000000e+00,0.000000000000000000e+00,0.000000000000000000e+00,0.000000000000000000e+00,0.000000000000000000e+00,0.000000000000000000e+00,0.000000000000000000e+00,0.000000000000000000e+00,0.000000000000000000e+00,0.000000000000000000e+00,0.000000000000000000e+00,0.000000000000000000e+00,0.000000000000000000e+00,0.000000000000000000e+00,0.000000000000000000e+00,0.000000000000000000e+00,0.000000000000000000e+00,0.000000000000000000e+00,0.000000000000000000e+00,0.000000000000000000e+00,0.000000000000000000e+00,0.000000000000000000e+00,0.000000000000000000e+00,0.000000000000000000e+00,0.000000000000000000e+00,0.000000000000000000e+00,0.000000000000000000e+00,0.000000000000000000e+00,0.000000000000000000e+00,0.000000000000000000e+00,0.000000000000000000e+00,0.000000000000000000e+00,0.000000000000000000e+00,0.000000000000000000e+00,0.000000000000000000e+00,0.000000000000000000e+00,0.000000000000000000e+00,0.000000000000000000e+00,0.000000000000000000e+00,0.000000000000000000e+00,0.000000000000000000e+00,0.000000000000000000e+00,0.000000000000000000e+00,0.000000000000000000e+00,0.000000000000000000e+00,0.000000000000000000e+00,0.000000000000000000e+00,0.000000000000000000e+00,0.000000000000000000e+00,0.000000000000000000e+00,0.000000000000000000e+00,0.000000000000000000e+00,0.000000000000000000e+00,0.000000000000000000e+00,0.000000000000000000e+00,0.000000000000000000e+00,0.000000000000000000e+00,0.000000000000000000e+00,0.000000000000000000e+00,0.000000000000000000e+00,0.000000000000000000e+00,0.000000000000000000e+00,0.000000000000000000e+00,0.000000000000000000e+00,0.000000000000000000e+00,0.000000000000000000e+00,0.000000000000000000e+00,0.000000000000000000e+00,0.000000000000000000e+00,0.000000000000000000e+00,0.000000000000000000e+00,0.000000000000000000e+00,0.000000000000000000e+00,0.000000000000000000e+00,0.000000000000000000e+00,0.000000000000000000e+00,0.000000000000000000e+00,0.000000000000000000e+00,0.000000000000000000e+00,0.000000000000000000e+00,0.000000000000000000e+00,0.000000000000000000e+00,0.000000000000000000e+00,0.000000000000000000e+00,0.000000000000000000e+00,0.000000000000000000e+00,0.000000000000000000e+00,0.000000000000000000e+00,0.000000000000000000e+00,0.000000000000000000e+00,0.000000000000000000e+00,0.000000000000000000e+00,0.000000000000000000e+00,0.000000000000000000e+00,0.000000000000000000e+00,0.000000000000000000e+00,0.000000000000000000e+00,0.000000000000000000e+00,0.000000000000000000e+00,0.000000000000000000e+00,0.000000000000000000e+00,0.000000000000000000e+00,0.000000000000000000e+00,0.000000000000000000e+00,0.000000000000000000e+00,0.000000000000000000e+00,0.000000000000000000e+00,0.000000000000000000e+00
0.000000000000000000e+00,0.000000000000000000e+00,0.000000000000000000e+00,0.000000000000000000e+00,0.000000000000000000e+00,0.000000000000000000e+00,0.000000000000000000e+00,0.000000000000000000e+00,0.000000000000000000e+00,0.000000000000000000e+00,0.000000000000000000e+00,0.000000000000000000e+00,0.000000000000000000e+00,0.000000000000000000e+00,0.000000000000000000e+00,0.000000000000000000e+00,0.000000000000000000e+00,0.000000000000000000e+00,0.000000000000000000e+00,0.000000000000000000e+00,0.000000000000000000e+00,0.000000000000000000e+00,0.000000000000000000e+00,0.000000000000000000e+00,0.000000000000000000e+00,0.000000000000000000e+00,0.000000000000000000e+00,0.000000000000000000e+00,0.000000000000000000e+00,0.000000000000000000e+00,0.000000000000000000e+00,0.000000000000000000e+00,0.000000000000000000e+00,0.000000000000000000e+00,0.000000000000000000e+00,0.000000000000000000e+00,0.000000000000000000e+00,0.000000000000000000e+00,0.000000000000000000e+00,0.000000000000000000e+00,0.000000000000000000e+00,0.000000000000000000e+00,0.000000000000000000e+00,0.000000000000000000e+00,0.000000000000000000e+00,0.000000000000000000e+00,0.000000000000000000e+00,0.000000000000000000e+00,0.000000000000000000e+00,0.000000000000000000e+00,0.000000000000000000e+00,0.000000000000000000e+00,0.000000000000000000e+00,0.000000000000000000e+00,0.000000000000000000e+00,0.000000000000000000e+00,0.000000000000000000e+00,0.000000000000000000e+00,0.000000000000000000e+00,0.000000000000000000e+00,0.000000000000000000e+00,0.000000000000000000e+00,0.000000000000000000e+00,0.000000000000000000e+00,0.000000000000000000e+00,0.000000000000000000e+00,0.000000000000000000e+00,0.000000000000000000e+00,0.000000000000000000e+00,0.000000000000000000e+00,0.000000000000000000e+00,0.000000000000000000e+00,0.000000000000000000e+00,0.000000000000000000e+00,0.000000000000000000e+00,0.000000000000000000e+00,0.000000000000000000e+00,0.000000000000000000e+00,0.000000000000000000e+00,0.000000000000000000e+00,0.000000000000000000e+00,0.000000000000000000e+00,0.000000000000000000e+00,0.000000000000000000e+00,0.000000000000000000e+00,0.000000000000000000e+00,0.000000000000000000e+00,0.000000000000000000e+00,0.000000000000000000e+00,0.000000000000000000e+00,0.000000000000000000e+00,0.000000000000000000e+00,0.000000000000000000e+00,0.000000000000000000e+00,0.000000000000000000e+00,0.000000000000000000e+00,0.000000000000000000e+00,0.000000000000000000e+00,0.000000000000000000e+00,0.000000000000000000e+00,0.000000000000000000e+00,0.000000000000000000e+00,0.000000000000000000e+00,0.000000000000000000e+00,0.000000000000000000e+00,0.000000000000000000e+00,0.000000000000000000e+00,0.000000000000000000e+00,0.000000000000000000e+00,0.000000000000000000e+00,0.000000000000000000e+00,0.000000000000000000e+00,0.000000000000000000e+00,0.000000000000000000e+00,0.000000000000000000e+00,0.000000000000000000e+00,0.000000000000000000e+00,0.000000000000000000e+00,0.000000000000000000e+00,0.000000000000000000e+00,0.000000000000000000e+00,0.000000000000000000e+00,0.000000000000000000e+00,0.000000000000000000e+00,0.000000000000000000e+00,0.000000000000000000e+00,0.000000000000000000e+00,0.000000000000000000e+00,0.000000000000000000e+00,0.000000000000000000e+00,0.000000000000000000e+00,0.000000000000000000e+00,0.000000000000000000e+00,0.000000000000000000e+00,0.000000000000000000e+00,0.000000000000000000e+00,0.000000000000000000e+00,0.000000000000000000e+00,0.000000000000000000e+00,0.000000000000000000e+00,0.000000000000000000e+00,0.000000000000000000e+00,0.000000000000000000e+00,0.000000000000000000e+00,0.000000000000000000e+00,0.000000000000000000e+00,0.000000000000000000e+00,0.000000000000000000e+00,0.000000000000000000e+00,0.000000000000000000e+00,0.000000000000000000e+00,0.000000000000000000e+00,0.000000000000000000e+00,0.000000000000000000e+00,0.000000000000000000e+00,0.000000000000000000e+00,0.000000000000000000e+00,0.000000000000000000e+00,0.000000000000000000e+00,0.000000000000000000e+00,0.000000000000000000e+00,0.000000000000000000e+00,0.000000000000000000e+00,0.000000000000000000e+00,0.000000000000000000e+00,0.000000000000000000e+00,0.000000000000000000e+00,0.000000000000000000e+00,0.000000000000000000e+00,0.000000000000000000e+00,0.000000000000000000e+00,0.000000000000000000e+00,0.000000000000000000e+00,0.000000000000000000e+00,0.000000000000000000e+00,0.000000000000000000e+00,0.000000000000000000e+00,0.000000000000000000e+00,0.000000000000000000e+00,0.000000000000000000e+00,0.000000000000000000e+00,0.000000000000000000e+00,0.000000000000000000e+00,0.000000000000000000e+00,0.000000000000000000e+00,0.000000000000000000e+00,0.000000000000000000e+00,0.000000000000000000e+00,0.000000000000000000e+00,0.000000000000000000e+00,0.000000000000000000e+00,0.000000000000000000e+00,0.000000000000000000e+00,0.000000000000000000e+00,0.000000000000000000e+00,0.000000000000000000e+00,0.000000000000000000e+00,0.000000000000000000e+00,0.000000000000000000e+00,0.000000000000000000e+00,0.000000000000000000e+00,0.000000000000000000e+00,0.000000000000000000e+00,0.000000000000000000e+00,0.000000000000000000e+00,0.000000000000000000e+00,0.000000000000000000e+00,0.000000000000000000e+00,0.000000000000000000e+00,0.000000000000000000e+00,0.000000000000000000e+00,0.000000000000000000e+00,0.000000000000000000e+00,0.000000000000000000e+00,0.000000000000000000e+00,0.000000000000000000e+00,0.000000000000000000e+00,0.000000000000000000e+00,0.000000000000000000e+00,0.000000000000000000e+00,0.000000000000000000e+00,0.000000000000000000e+00,0.000000000000000000e+00,0.000000000000000000e+00,0.000000000000000000e+00,0.000000000000000000e+00,0.000000000000000000e+00,0.000000000000000000e+00,0.000000000000000000e+00,0.000000000000000000e+00,0.000000000000000000e+00,0.000000000000000000e+00,0.000000000000000000e+00,0.000000000000000000e+00,0.000000000000000000e+00,0.000000000000000000e+00,0.000000000000000000e+00,0.000000000000000000e+00,0.000000000000000000e+00,0.000000000000000000e+00,0.000000000000000000e+00,0.000000000000000000e+00,0.000000000000000000e+00,0.000000000000000000e+00,0.000000000000000000e+00,0.000000000000000000e+00,0.000000000000000000e+00,0.000000000000000000e+00,0.000000000000000000e+00,0.000000000000000000e+00,0.000000000000000000e+00,0.000000000000000000e+00,0.000000000000000000e+00,0.000000000000000000e+00,0.000000000000000000e+00,0.000000000000000000e+00,0.000000000000000000e+00,0.000000000000000000e+00,0.000000000000000000e+00,0.000000000000000000e+00,0.000000000000000000e+00,0.000000000000000000e+00,0.000000000000000000e+00,0.000000000000000000e+00,0.000000000000000000e+00,0.000000000000000000e+00,0.000000000000000000e+00,0.000000000000000000e+00,0.000000000000000000e+00,0.000000000000000000e+00,0.000000000000000000e+00,0.000000000000000000e+00,0.000000000000000000e+00,0.000000000000000000e+00,0.000000000000000000e+00,0.000000000000000000e+00,0.000000000000000000e+00,0.000000000000000000e+00,0.000000000000000000e+00,0.000000000000000000e+00,0.000000000000000000e+00,0.000000000000000000e+00,0.000000000000000000e+00,0.000000000000000000e+00,0.000000000000000000e+00,0.000000000000000000e+00,0.000000000000000000e+00,0.000000000000000000e+00,0.000000000000000000e+00,0.000000000000000000e+00,0.000000000000000000e+00,0.000000000000000000e+00,0.000000000000000000e+00,0.000000000000000000e+00,0.000000000000000000e+00,0.000000000000000000e+00,0.000000000000000000e+00,0.000000000000000000e+00,0.000000000000000000e+00,0.000000000000000000e+00
0.000000000000000000e+00,0.000000000000000000e+00,0.000000000000000000e+00,0.000000000000000000e+00,0.000000000000000000e+00,0.000000000000000000e+00,0.000000000000000000e+00,0.000000000000000000e+00,0.000000000000000000e+00,0.000000000000000000e+00,0.000000000000000000e+00,0.000000000000000000e+00,0.000000000000000000e+00,0.000000000000000000e+00,0.000000000000000000e+00,0.000000000000000000e+00,0.000000000000000000e+00,0.000000000000000000e+00,0.000000000000000000e+00,0.000000000000000000e+00,0.000000000000000000e+00,0.000000000000000000e+00,0.000000000000000000e+00,0.000000000000000000e+00,0.000000000000000000e+00,0.000000000000000000e+00,0.000000000000000000e+00,0.000000000000000000e+00,0.000000000000000000e+00,0.000000000000000000e+00,0.000000000000000000e+00,0.000000000000000000e+00,0.000000000000000000e+00,0.000000000000000000e+00,0.000000000000000000e+00,0.000000000000000000e+00,0.000000000000000000e+00,0.000000000000000000e+00,0.000000000000000000e+00,0.000000000000000000e+00,0.000000000000000000e+00,0.000000000000000000e+00,0.000000000000000000e+00,0.000000000000000000e+00,0.000000000000000000e+00,0.000000000000000000e+00,0.000000000000000000e+00,0.000000000000000000e+00,0.000000000000000000e+00,0.000000000000000000e+00,0.000000000000000000e+00,0.000000000000000000e+00,0.000000000000000000e+00,0.000000000000000000e+00,0.000000000000000000e+00,0.000000000000000000e+00,0.000000000000000000e+00,0.000000000000000000e+00,0.000000000000000000e+00,0.000000000000000000e+00,0.000000000000000000e+00,0.000000000000000000e+00,0.000000000000000000e+00,0.000000000000000000e+00,0.000000000000000000e+00,0.000000000000000000e+00,0.000000000000000000e+00,0.000000000000000000e+00,0.000000000000000000e+00,0.000000000000000000e+00,0.000000000000000000e+00,0.000000000000000000e+00,0.000000000000000000e+00,0.000000000000000000e+00,0.000000000000000000e+00,0.000000000000000000e+00,0.000000000000000000e+00,0.000000000000000000e+00,0.000000000000000000e+00,0.000000000000000000e+00,0.000000000000000000e+00,0.000000000000000000e+00,0.000000000000000000e+00,0.000000000000000000e+00,0.000000000000000000e+00,0.000000000000000000e+00,0.000000000000000000e+00,0.000000000000000000e+00,0.000000000000000000e+00,0.000000000000000000e+00,0.000000000000000000e+00,0.000000000000000000e+00,0.000000000000000000e+00,0.000000000000000000e+00,0.000000000000000000e+00,0.000000000000000000e+00,0.000000000000000000e+00,0.000000000000000000e+00,0.000000000000000000e+00,0.000000000000000000e+00,0.000000000000000000e+00,0.000000000000000000e+00,0.000000000000000000e+00,0.000000000000000000e+00,0.000000000000000000e+00,0.000000000000000000e+00,0.000000000000000000e+00,0.000000000000000000e+00,0.000000000000000000e+00,0.000000000000000000e+00,0.000000000000000000e+00,0.000000000000000000e+00,0.000000000000000000e+00,0.000000000000000000e+00,0.000000000000000000e+00,0.000000000000000000e+00,0.000000000000000000e+00,0.000000000000000000e+00,0.000000000000000000e+00,0.000000000000000000e+00,0.000000000000000000e+00,0.000000000000000000e+00,0.000000000000000000e+00,0.000000000000000000e+00,0.000000000000000000e+00,0.000000000000000000e+00,0.000000000000000000e+00,0.000000000000000000e+00,0.000000000000000000e+00,0.000000000000000000e+00,0.000000000000000000e+00,0.000000000000000000e+00,0.000000000000000000e+00,0.000000000000000000e+00,0.000000000000000000e+00,0.000000000000000000e+00,0.000000000000000000e+00,0.000000000000000000e+00,0.000000000000000000e+00,0.000000000000000000e+00,0.000000000000000000e+00,0.000000000000000000e+00,0.000000000000000000e+00,0.000000000000000000e+00,0.000000000000000000e+00,0.000000000000000000e+00,0.000000000000000000e+00,0.000000000000000000e+00,0.000000000000000000e+00,0.000000000000000000e+00,0.000000000000000000e+00,0.000000000000000000e+00,0.000000000000000000e+00,0.000000000000000000e+00,0.000000000000000000e+00,0.000000000000000000e+00,0.000000000000000000e+00,0.000000000000000000e+00,0.000000000000000000e+00,0.000000000000000000e+00,0.000000000000000000e+00,0.000000000000000000e+00,0.000000000000000000e+00,0.000000000000000000e+00,0.000000000000000000e+00,0.000000000000000000e+00,0.000000000000000000e+00,0.000000000000000000e+00,0.000000000000000000e+00,0.000000000000000000e+00,0.000000000000000000e+00,0.000000000000000000e+00,0.000000000000000000e+00,0.000000000000000000e+00,0.000000000000000000e+00,0.000000000000000000e+00,0.000000000000000000e+00,0.000000000000000000e+00,0.000000000000000000e+00,0.000000000000000000e+00,0.000000000000000000e+00,0.000000000000000000e+00,0.000000000000000000e+00,0.000000000000000000e+00,0.000000000000000000e+00,0.000000000000000000e+00,0.000000000000000000e+00,0.000000000000000000e+00,0.000000000000000000e+00,0.000000000000000000e+00,0.000000000000000000e+00,0.000000000000000000e+00,0.000000000000000000e+00,0.000000000000000000e+00,0.000000000000000000e+00,0.000000000000000000e+00,0.000000000000000000e+00,0.000000000000000000e+00,0.000000000000000000e+00,0.000000000000000000e+00,0.000000000000000000e+00,0.000000000000000000e+00,0.000000000000000000e+00,0.000000000000000000e+00,0.000000000000000000e+00,0.000000000000000000e+00,0.000000000000000000e+00,0.000000000000000000e+00,0.000000000000000000e+00,0.000000000000000000e+00,0.000000000000000000e+00,0.000000000000000000e+00,0.000000000000000000e+00,0.000000000000000000e+00,0.000000000000000000e+00,0.000000000000000000e+00,0.000000000000000000e+00,0.000000000000000000e+00,0.000000000000000000e+00,0.000000000000000000e+00,0.000000000000000000e+00,0.000000000000000000e+00,0.000000000000000000e+00,0.000000000000000000e+00,0.000000000000000000e+00,0.000000000000000000e+00,0.000000000000000000e+00,0.000000000000000000e+00,0.000000000000000000e+00,0.000000000000000000e+00,0.000000000000000000e+00,0.000000000000000000e+00,0.000000000000000000e+00,0.000000000000000000e+00,0.000000000000000000e+00,0.000000000000000000e+00,0.000000000000000000e+00,0.000000000000000000e+00,0.000000000000000000e+00,0.000000000000000000e+00,0.000000000000000000e+00,0.000000000000000000e+00,0.000000000000000000e+00,0.000000000000000000e+00,0.000000000000000000e+00,0.000000000000000000e+00,0.000000000000000000e+00,0.000000000000000000e+00,0.000000000000000000e+00,0.000000000000000000e+00,0.000000000000000000e+00,0.000000000000000000e+00,0.000000000000000000e+00,0.000000000000000000e+00,0.000000000000000000e+00,0.000000000000000000e+00,0.000000000000000000e+00,0.000000000000000000e+00,0.000000000000000000e+00,0.000000000000000000e+00,0.000000000000000000e+00,0.000000000000000000e+00,0.000000000000000000e+00,0.000000000000000000e+00,0.000000000000000000e+00,0.000000000000000000e+00,0.000000000000000000e+00,0.000000000000000000e+00,0.000000000000000000e+00,0.000000000000000000e+00,0.000000000000000000e+00,0.000000000000000000e+00,0.000000000000000000e+00,0.000000000000000000e+00,0.000000000000000000e+00,0.000000000000000000e+00,0.000000000000000000e+00,0.000000000000000000e+00,0.000000000000000000e+00,0.000000000000000000e+00,0.000000000000000000e+00,0.000000000000000000e+00,0.000000000000000000e+00,0.000000000000000000e+00,0.000000000000000000e+00,0.000000000000000000e+00,0.000000000000000000e+00,0.000000000000000000e+00,0.000000000000000000e+00,0.000000000000000000e+00,0.000000000000000000e+00,0.000000000000000000e+00,0.000000000000000000e+00,0.000000000000000000e+00,0.000000000000000000e+00,0.000000000000000000e+00,0.000000000000000000e+00,0.000000000000000000e+00,0.000000000000000000e+00,0.000000000000000000e+00
0.000000000000000000e+00,0.000000000000000000e+00,0.000000000000000000e+00,0.000000000000000000e+00,0.000000000000000000e+00,0.000000000000000000e+00,0.000000000000000000e+00,0.000000000000000000e+00,0.000000000000000000e+00,0.000000000000000000e+00,0.000000000000000000e+00,0.000000000000000000e+00,0.000000000000000000e+00,0.000000000000000000e+00,0.000000000000000000e+00,0.000000000000000000e+00,0.000000000000000000e+00,0.000000000000000000e+00,0.000000000000000000e+00,0.000000000000000000e+00,0.000000000000000000e+00,0.000000000000000000e+00,0.000000000000000000e+00,0.000000000000000000e+00,0.000000000000000000e+00,0.000000000000000000e+00,0.000000000000000000e+00,0.000000000000000000e+00,0.000000000000000000e+00,0.000000000000000000e+00,0.000000000000000000e+00,0.000000000000000000e+00,0.000000000000000000e+00,0.000000000000000000e+00,0.000000000000000000e+00,0.000000000000000000e+00,0.000000000000000000e+00,0.000000000000000000e+00,0.000000000000000000e+00,0.000000000000000000e+00,0.000000000000000000e+00,0.000000000000000000e+00,0.000000000000000000e+00,0.000000000000000000e+00,0.000000000000000000e+00,0.000000000000000000e+00,0.000000000000000000e+00,0.000000000000000000e+00,0.000000000000000000e+00,0.000000000000000000e+00,0.000000000000000000e+00,0.000000000000000000e+00,0.000000000000000000e+00,0.000000000000000000e+00,0.000000000000000000e+00,0.000000000000000000e+00,0.000000000000000000e+00,0.000000000000000000e+00,0.000000000000000000e+00,0.000000000000000000e+00,0.000000000000000000e+00,0.000000000000000000e+00,0.000000000000000000e+00,0.000000000000000000e+00,0.000000000000000000e+00,0.000000000000000000e+00,0.000000000000000000e+00,0.000000000000000000e+00,0.000000000000000000e+00,0.000000000000000000e+00,0.000000000000000000e+00,0.000000000000000000e+00,0.000000000000000000e+00,0.000000000000000000e+00,0.000000000000000000e+00,0.000000000000000000e+00,0.000000000000000000e+00,0.000000000000000000e+00,0.000000000000000000e+00,0.000000000000000000e+00,0.000000000000000000e+00,0.000000000000000000e+00,0.000000000000000000e+00,0.000000000000000000e+00,0.000000000000000000e+00,0.000000000000000000e+00,0.000000000000000000e+00,0.000000000000000000e+00,0.000000000000000000e+00,0.000000000000000000e+00,0.000000000000000000e+00,0.000000000000000000e+00,0.000000000000000000e+00,0.000000000000000000e+00,0.000000000000000000e+00,0.000000000000000000e+00,0.000000000000000000e+00,0.000000000000000000e+00,0.000000000000000000e+00,0.000000000000000000e+00,0.000000000000000000e+00,0.000000000000000000e+00,0.000000000000000000e+00,0.000000000000000000e+00,0.000000000000000000e+00,0.000000000000000000e+00,0.000000000000000000e+00,0.000000000000000000e+00,0.000000000000000000e+00,0.000000000000000000e+00,0.000000000000000000e+00,0.000000000000000000e+00,0.000000000000000000e+00,0.000000000000000000e+00,0.000000000000000000e+00,0.000000000000000000e+00,0.000000000000000000e+00,0.000000000000000000e+00,0.000000000000000000e+00,0.000000000000000000e+00,0.000000000000000000e+00,0.000000000000000000e+00,0.000000000000000000e+00,0.000000000000000000e+00,0.000000000000000000e+00,0.000000000000000000e+00,0.000000000000000000e+00,0.000000000000000000e+00,0.000000000000000000e+00,0.000000000000000000e+00,0.000000000000000000e+00,0.000000000000000000e+00,0.000000000000000000e+00,0.000000000000000000e+00,0.000000000000000000e+00,0.000000000000000000e+00,0.000000000000000000e+00,0.000000000000000000e+00,0.000000000000000000e+00,0.000000000000000000e+00,0.000000000000000000e+00,0.000000000000000000e+00,0.000000000000000000e+00,0.000000000000000000e+00,0.000000000000000000e+00,0.000000000000000000e+00,0.000000000000000000e+00,0.000000000000000000e+00,0.000000000000000000e+00,0.000000000000000000e+00,0.000000000000000000e+00,0.000000000000000000e+00,0.000000000000000000e+00,0.000000000000000000e+00,0.000000000000000000e+00,0.000000000000000000e+00,0.000000000000000000e+00,0.000000000000000000e+00,0.000000000000000000e+00,0.000000000000000000e+00,0.000000000000000000e+00,0.000000000000000000e+00,0.000000000000000000e+00,0.000000000000000000e+00,0.000000000000000000e+00,0.000000000000000000e+00,0.000000000000000000e+00,0.000000000000000000e+00,0.000000000000000000e+00,0.000000000000000000e+00,0.000000000000000000e+00,0.000000000000000000e+00,0.000000000000000000e+00,0.000000000000000000e+00,0.000000000000000000e+00,0.000000000000000000e+00,0.000000000000000000e+00,0.000000000000000000e+00,0.000000000000000000e+00,0.000000000000000000e+00,0.000000000000000000e+00,0.000000000000000000e+00,0.000000000000000000e+00,0.000000000000000000e+00,0.000000000000000000e+00,0.000000000000000000e+00,0.000000000000000000e+00,0.000000000000000000e+00,0.000000000000000000e+00,0.000000000000000000e+00,0.000000000000000000e+00,0.000000000000000000e+00,0.000000000000000000e+00,0.000000000000000000e+00,0.000000000000000000e+00,0.000000000000000000e+00,0.000000000000000000e+00,0.000000000000000000e+00,0.000000000000000000e+00,0.000000000000000000e+00,0.000000000000000000e+00,0.000000000000000000e+00,0.000000000000000000e+00,0.000000000000000000e+00,0.000000000000000000e+00,0.000000000000000000e+00,0.000000000000000000e+00,0.000000000000000000e+00,0.000000000000000000e+00,0.000000000000000000e+00,0.000000000000000000e+00,0.000000000000000000e+00,0.000000000000000000e+00,0.000000000000000000e+00,0.000000000000000000e+00,0.000000000000000000e+00,0.000000000000000000e+00,0.000000000000000000e+00,0.000000000000000000e+00,0.000000000000000000e+00,0.000000000000000000e+00,0.000000000000000000e+00,0.000000000000000000e+00,0.000000000000000000e+00,0.000000000000000000e+00,0.000000000000000000e+00,0.000000000000000000e+00,0.000000000000000000e+00,0.000000000000000000e+00,0.000000000000000000e+00,0.000000000000000000e+00,0.000000000000000000e+00,0.000000000000000000e+00,0.000000000000000000e+00,0.000000000000000000e+00,0.000000000000000000e+00,0.000000000000000000e+00,0.000000000000000000e+00,0.000000000000000000e+00,0.000000000000000000e+00,0.000000000000000000e+00,0.000000000000000000e+00,0.000000000000000000e+00,0.000000000000000000e+00,0.000000000000000000e+00,0.000000000000000000e+00,0.000000000000000000e+00,0.000000000000000000e+00,0.000000000000000000e+00,0.000000000000000000e+00,0.000000000000000000e+00,0.000000000000000000e+00,0.000000000000000000e+00,0.000000000000000000e+00,0.000000000000000000e+00,0.000000000000000000e+00,0.000000000000000000e+00,0.000000000000000000e+00,0.000000000000000000e+00,0.000000000000000000e+00,0.000000000000000000e+00,0.000000000000000000e+00,0.000000000000000000e+00,0.000000000000000000e+00,0.000000000000000000e+00,0.000000000000000000e+00,0.000000000000000000e+00,0.000000000000000000e+00,0.000000000000000000e+00,0.000000000000000000e+00,0.000000000000000000e+00,0.000000000000000000e+00,0.000000000000000000e+00,0.000000000000000000e+00,0.000000000000000000e+00,0.000000000000000000e+00,0.000000000000000000e+00,0.000000000000000000e+00,0.000000000000000000e+00,0.000000000000000000e+00,0.000000000000000000e+00,0.000000000000000000e+00,0.000000000000000000e+00,0.000000000000000000e+00,0.000000000000000000e+00,0.000000000000000000e+00,0.000000000000000000e+00,0.000000000000000000e+00,0.000000000000000000e+00,0.000000000000000000e+00,0.000000000000000000e+00,0.000000000000000000e+00,0.000000000000000000e+00,0.000000000000000000e+00,0.000000000000000000e+00,0.000000000000000000e+00,0.000000000000000000e+00,0.000000000000000000e+00,0.000000000000000000e+00,0.000000000000000000e+00
0.000000000000000000e+00,0.000000000000000000e+00,0.000000000000000000e+00,0.000000000000000000e+00,0.000000000000000000e+00,0.000000000000000000e+00,0.000000000000000000e+00,0.000000000000000000e+00,0.000000000000000000e+00,0.000000000000000000e+00,0.000000000000000000e+00,0.000000000000000000e+00,0.000000000000000000e+00,0.000000000000000000e+00,0.000000000000000000e+00,0.000000000000000000e+00,0.000000000000000000e+00,0.000000000000000000e+00,0.000000000000000000e+00,0.000000000000000000e+00,0.000000000000000000e+00,0.000000000000000000e+00,0.000000000000000000e+00,0.000000000000000000e+00,0.000000000000000000e+00,0.000000000000000000e+00,0.000000000000000000e+00,0.000000000000000000e+00,0.000000000000000000e+00,0.000000000000000000e+00,0.000000000000000000e+00,0.000000000000000000e+00,0.000000000000000000e+00,0.000000000000000000e+00,0.000000000000000000e+00,0.000000000000000000e+00,0.000000000000000000e+00,0.000000000000000000e+00,0.000000000000000000e+00,0.000000000000000000e+00,0.000000000000000000e+00,0.000000000000000000e+00,0.000000000000000000e+00,0.000000000000000000e+00,0.000000000000000000e+00,0.000000000000000000e+00,0.000000000000000000e+00,0.000000000000000000e+00,0.000000000000000000e+00,0.000000000000000000e+00,0.000000000000000000e+00,0.000000000000000000e+00,0.000000000000000000e+00,0.000000000000000000e+00,0.000000000000000000e+00,0.000000000000000000e+00,0.000000000000000000e+00,0.000000000000000000e+00,0.000000000000000000e+00,0.000000000000000000e+00,0.000000000000000000e+00,0.000000000000000000e+00,0.000000000000000000e+00,0.000000000000000000e+00,0.000000000000000000e+00,0.000000000000000000e+00,0.000000000000000000e+00,0.000000000000000000e+00,0.000000000000000000e+00,0.000000000000000000e+00,0.000000000000000000e+00,0.000000000000000000e+00,0.000000000000000000e+00,0.000000000000000000e+00,0.000000000000000000e+00,0.000000000000000000e+00,0.000000000000000000e+00,0.000000000000000000e+00,0.000000000000000000e+00,0.000000000000000000e+00,0.000000000000000000e+00,0.000000000000000000e+00,0.000000000000000000e+00,0.000000000000000000e+00,0.000000000000000000e+00,0.000000000000000000e+00,0.000000000000000000e+00,0.000000000000000000e+00,0.000000000000000000e+00,0.000000000000000000e+00,0.000000000000000000e+00,0.000000000000000000e+00,0.000000000000000000e+00,0.000000000000000000e+00,0.000000000000000000e+00,0.000000000000000000e+00,0.000000000000000000e+00,0.000000000000000000e+00,0.000000000000000000e+00,0.000000000000000000e+00,0.000000000000000000e+00,0.000000000000000000e+00,0.000000000000000000e+00,0.000000000000000000e+00,0.000000000000000000e+00,0.000000000000000000e+00,0.000000000000000000e+00,0.000000000000000000e+00,0.000000000000000000e+00,0.000000000000000000e+00,0.000000000000000000e+00,0.000000000000000000e+00,0.000000000000000000e+00,0.000000000000000000e+00,0.000000000000000000e+00,0.000000000000000000e+00,0.000000000000000000e+00,0.000000000000000000e+00,0.000000000000000000e+00,0.000000000000000000e+00,0.000000000000000000e+00,0.000000000000000000e+00,0.000000000000000000e+00,0.000000000000000000e+00,0.000000000000000000e+00,0.000000000000000000e+00,0.000000000000000000e+00,0.000000000000000000e+00,0.000000000000000000e+00,0.000000000000000000e+00,0.000000000000000000e+00,0.000000000000000000e+00,0.000000000000000000e+00,0.000000000000000000e+00,0.000000000000000000e+00,0.000000000000000000e+00,0.000000000000000000e+00,0.000000000000000000e+00,0.000000000000000000e+00,0.000000000000000000e+00,0.000000000000000000e+00,0.000000000000000000e+00,0.000000000000000000e+00,0.000000000000000000e+00,0.000000000000000000e+00,0.000000000000000000e+00,0.000000000000000000e+00,0.000000000000000000e+00,0.000000000000000000e+00,0.000000000000000000e+00,0.000000000000000000e+00,0.000000000000000000e+00,0.000000000000000000e+00,0.000000000000000000e+00,0.000000000000000000e+00,0.000000000000000000e+00,0.000000000000000000e+00,0.000000000000000000e+00,0.000000000000000000e+00,0.000000000000000000e+00,0.000000000000000000e+00,0.000000000000000000e+00,0.000000000000000000e+00,0.000000000000000000e+00,0.000000000000000000e+00,0.000000000000000000e+00,0.000000000000000000e+00,0.000000000000000000e+00,0.000000000000000000e+00,0.000000000000000000e+00,0.000000000000000000e+00,0.000000000000000000e+00,0.000000000000000000e+00,0.000000000000000000e+00,0.000000000000000000e+00,0.000000000000000000e+00,0.000000000000000000e+00,0.000000000000000000e+00,0.000000000000000000e+00,0.000000000000000000e+00,0.000000000000000000e+00,0.000000000000000000e+00,0.000000000000000000e+00,0.000000000000000000e+00,0.000000000000000000e+00,0.000000000000000000e+00,0.000000000000000000e+00,0.000000000000000000e+00,0.000000000000000000e+00,0.000000000000000000e+00,0.000000000000000000e+00,0.000000000000000000e+00,0.000000000000000000e+00,0.000000000000000000e+00,0.000000000000000000e+00,0.000000000000000000e+00,0.000000000000000000e+00,0.000000000000000000e+00,0.000000000000000000e+00,0.000000000000000000e+00,0.000000000000000000e+00,0.000000000000000000e+00,0.000000000000000000e+00,0.000000000000000000e+00,0.000000000000000000e+00,0.000000000000000000e+00,0.000000000000000000e+00,0.000000000000000000e+00,0.000000000000000000e+00,0.000000000000000000e+00,0.000000000000000000e+00,0.000000000000000000e+00,0.000000000000000000e+00,0.000000000000000000e+00,0.000000000000000000e+00,0.000000000000000000e+00,0.000000000000000000e+00,0.000000000000000000e+00,0.000000000000000000e+00,0.000000000000000000e+00,0.000000000000000000e+00,0.000000000000000000e+00,0.000000000000000000e+00,0.000000000000000000e+00,0.000000000000000000e+00,0.000000000000000000e+00,0.000000000000000000e+00,0.000000000000000000e+00,0.000000000000000000e+00,0.000000000000000000e+00,0.000000000000000000e+00,0.000000000000000000e+00,0.000000000000000000e+00,0.000000000000000000e+00,0.000000000000000000e+00,0.000000000000000000e+00,0.000000000000000000e+00,0.000000000000000000e+00,0.000000000000000000e+00,0.000000000000000000e+00,0.000000000000000000e+00,0.000000000000000000e+00,0.000000000000000000e+00,0.000000000000000000e+00,0.000000000000000000e+00,0.000000000000000000e+00,0.000000000000000000e+00,0.000000000000000000e+00,0.000000000000000000e+00,0.000000000000000000e+00,0.000000000000000000e+00,0.000000000000000000e+00,0.000000000000000000e+00,0.000000000000000000e+00,0.000000000000000000e+00,0.000000000000000000e+00,0.000000000000000000e+00,0.000000000000000000e+00,0.000000000000000000e+00,0.000000000000000000e+00,0.000000000000000000e+00,0.000000000000000000e+00,0.000000000000000000e+00,0.000000000000000000e+00,0.000000000000000000e+00,0.000000000000000000e+00,0.000000000000000000e+00,0.000000000000000000e+00,0.000000000000000000e+00,0.000000000000000000e+00,0.000000000000000000e+00,0.000000000000000000e+00,0.000000000000000000e+00,0.000000000000000000e+00,0.000000000000000000e+00,0.000000000000000000e+00,0.000000000000000000e+00,0.000000000000000000e+00,0.000000000000000000e+00,0.000000000000000000e+00,0.000000000000000000e+00,0.000000000000000000e+00,0.000000000000000000e+00,0.000000000000000000e+00,0.000000000000000000e+00,0.000000000000000000e+00,0.000000000000000000e+00,0.000000000000000000e+00,0.000000000000000000e+00,0.000000000000000000e+00,0.000000000000000000e+00,0.000000000000000000e+00,0.000000000000000000e+00,0.000000000000000000e+00,0.000000000000000000e+00,0.000000000000000000e+00,0.000000000000000000e+00,0.000000000000000000e+00,0.000000000000000000e+00,0.000000000000000000e+00
0.000000000000000000e+00,0.000000000000000000e+00,0.000000000000000000e+00,0.000000000000000000e+00,0.000000000000000000e+00,0.000000000000000000e+00,0.000000000000000000e+00,0.000000000000000000e+00,0.000000000000000000e+00,0.000000000000000000e+00,0.000000000000000000e+00,0.000000000000000000e+00,0.000000000000000000e+00,0.000000000000000000e+00,0.000000000000000000e+00,0.000000000000000000e+00,0.000000000000000000e+00,0.000000000000000000e+00,0.000000000000000000e+00,0.000000000000000000e+00,0.000000000000000000e+00,0.000000000000000000e+00,0.000000000000000000e+00,0.000000000000000000e+00,0.000000000000000000e+00,0.000000000000000000e+00,0.000000000000000000e+00,0.000000000000000000e+00,0.000000000000000000e+00,0.000000000000000000e+00,0.000000000000000000e+00,0.000000000000000000e+00,0.000000000000000000e+00,0.000000000000000000e+00,0.000000000000000000e+00,0.000000000000000000e+00,0.000000000000000000e+00,0.000000000000000000e+00,0.000000000000000000e+00,0.000000000000000000e+00,0.000000000000000000e+00,0.000000000000000000e+00,0.000000000000000000e+00,0.000000000000000000e+00,0.000000000000000000e+00,0.000000000000000000e+00,0.000000000000000000e+00,0.000000000000000000e+00,0.000000000000000000e+00,0.000000000000000000e+00,0.000000000000000000e+00,0.000000000000000000e+00,0.000000000000000000e+00,0.000000000000000000e+00,0.000000000000000000e+00,0.000000000000000000e+00,0.000000000000000000e+00,0.000000000000000000e+00,0.000000000000000000e+00,0.000000000000000000e+00,0.000000000000000000e+00,0.000000000000000000e+00,0.000000000000000000e+00,0.000000000000000000e+00,0.000000000000000000e+00,0.000000000000000000e+00,0.000000000000000000e+00,0.000000000000000000e+00,0.000000000000000000e+00,0.000000000000000000e+00,0.000000000000000000e+00,0.000000000000000000e+00,0.000000000000000000e+00,0.000000000000000000e+00,0.000000000000000000e+00,0.000000000000000000e+00,0.000000000000000000e+00,0.000000000000000000e+00,0.000000000000000000e+00,0.000000000000000000e+00,0.000000000000000000e+00,0.000000000000000000e+00,0.000000000000000000e+00,0.000000000000000000e+00,0.000000000000000000e+00,0.000000000000000000e+00,0.000000000000000000e+00,0.000000000000000000e+00,0.000000000000000000e+00,0.000000000000000000e+00,0.000000000000000000e+00,0.000000000000000000e+00,0.000000000000000000e+00,0.000000000000000000e+00,0.000000000000000000e+00,0.000000000000000000e+00,0.000000000000000000e+00,0.000000000000000000e+00,0.000000000000000000e+00,0.000000000000000000e+00,0.000000000000000000e+00,0.000000000000000000e+00,0.000000000000000000e+00,0.000000000000000000e+00,0.000000000000000000e+00,0.000000000000000000e+00,0.000000000000000000e+00,0.000000000000000000e+00,0.000000000000000000e+00,0.000000000000000000e+00,0.000000000000000000e+00,0.000000000000000000e+00,0.000000000000000000e+00,0.000000000000000000e+00,0.000000000000000000e+00,0.000000000000000000e+00,0.000000000000000000e+00,0.000000000000000000e+00,0.000000000000000000e+00,0.000000000000000000e+00,0.000000000000000000e+00,0.000000000000000000e+00,0.000000000000000000e+00,0.000000000000000000e+00,0.000000000000000000e+00,0.000000000000000000e+00,0.000000000000000000e+00,0.000000000000000000e+00,0.000000000000000000e+00,0.000000000000000000e+00,0.000000000000000000e+00,0.000000000000000000e+00,0.000000000000000000e+00,0.000000000000000000e+00,0.000000000000000000e+00,0.000000000000000000e+00,0.000000000000000000e+00,0.000000000000000000e+00,0.000000000000000000e+00,0.000000000000000000e+00,0.000000000000000000e+00,0.000000000000000000e+00,0.000000000000000000e+00,0.000000000000000000e+00,0.000000000000000000e+00,0.000000000000000000e+00,0.000000000000000000e+00,0.000000000000000000e+00,0.000000000000000000e+00,0.000000000000000000e+00,0.000000000000000000e+00,0.000000000000000000e+00,0.000000000000000000e+00,0.000000000000000000e+00,0.000000000000000000e+00,0.000000000000000000e+00,0.000000000000000000e+00,0.000000000000000000e+00,0.000000000000000000e+00,0.000000000000000000e+00,0.000000000000000000e+00,0.000000000000000000e+00,0.000000000000000000e+00,0.000000000000000000e+00,0.000000000000000000e+00,0.000000000000000000e+00,0.000000000000000000e+00,0.000000000000000000e+00,0.000000000000000000e+00,0.000000000000000000e+00,0.000000000000000000e+00,0.000000000000000000e+00,0.000000000000000000e+00,0.000000000000000000e+00,0.000000000000000000e+00,0.000000000000000000e+00,0.000000000000000000e+00,0.000000000000000000e+00,0.000000000000000000e+00,0.000000000000000000e+00,0.000000000000000000e+00,0.000000000000000000e+00,0.000000000000000000e+00,0.000000000000000000e+00,0.000000000000000000e+00,0.000000000000000000e+00,0.000000000000000000e+00,0.000000000000000000e+00,0.000000000000000000e+00,0.000000000000000000e+00,0.000000000000000000e+00,0.000000000000000000e+00,0.000000000000000000e+00,0.000000000000000000e+00,0.000000000000000000e+00,0.000000000000000000e+00,0.000000000000000000e+00,0.000000000000000000e+00,0.000000000000000000e+00,0.000000000000000000e+00,0.000000000000000000e+00,0.000000000000000000e+00,0.000000000000000000e+00,0.000000000000000000e+00,0.000000000000000000e+00,0.000000000000000000e+00,0.000000000000000000e+00,0.000000000000000000e+00,0.000000000000000000e+00,0.000000000000000000e+00,0.000000000000000000e+00,0.000000000000000000e+00,0.000000000000000000e+00,0.000000000000000000e+00,0.000000000000000000e+00,0.000000000000000000e+00,0.000000000000000000e+00,0.000000000000000000e+00,0.000000000000000000e+00,0.000000000000000000e+00,0.000000000000000000e+00,0.000000000000000000e+00,0.000000000000000000e+00,0.000000000000000000e+00,0.000000000000000000e+00,0.000000000000000000e+00,0.000000000000000000e+00,0.000000000000000000e+00,0.000000000000000000e+00,0.000000000000000000e+00,0.000000000000000000e+00,0.000000000000000000e+00,0.000000000000000000e+00,0.000000000000000000e+00,0.000000000000000000e+00,0.000000000000000000e+00,0.000000000000000000e+00,0.000000000000000000e+00,0.000000000000000000e+00,0.000000000000000000e+00,0.000000000000000000e+00,0.000000000000000000e+00,0.000000000000000000e+00,0.000000000000000000e+00,0.000000000000000000e+00,0.000000000000000000e+00,0.000000000000000000e+00,0.000000000000000000e+00,0.000000000000000000e+00,0.000000000000000000e+00,0.000000000000000000e+00,0.000000000000000000e+00,0.000000000000000000e+00,0.000000000000000000e+00,0.000000000000000000e+00,0.000000000000000000e+00,0.000000000000000000e+00,0.000000000000000000e+00,0.000000000000000000e+00,0.000000000000000000e+00,0.000000000000000000e+00,0.000000000000000000e+00,0.000000000000000000e+00,0.000000000000000000e+00,0.000000000000000000e+00,0.000000000000000000e+00,0.000000000000000000e+00,0.000000000000000000e+00,0.000000000000000000e+00,0.000000000000000000e+00,0.000000000000000000e+00,0.000000000000000000e+00,0.000000000000000000e+00,0.000000000000000000e+00,0.000000000000000000e+00,0.000000000000000000e+00,0.000000000000000000e+00,0.000000000000000000e+00,0.000000000000000000e+00,0.000000000000000000e+00,0.000000000000000000e+00,0.000000000000000000e+00,0.000000000000000000e+00,0.000000000000000000e+00,0.000000000000000000e+00,0.000000000000000000e+00,0.000000000000000000e+00,0.000000000000000000e+00,0.000000000000000000e+00,0.000000000000000000e+00,0.000000000000000000e+00,0.000000000000000000e+00,0.000000000000000000e+00,0.000000000000000000e+00,0.000000000000000000e+00,0.000000000000000000e+00,0.000000000000000000e+00,0.000000000000000000e+00,0.000000000000000000e+00,0.000000000000000000e+00
